Vértice_1,Vértice_2,Vértice_3,Vértice_4,Vértice_5,Vértice_6,Vértice_7,Vértice_8,Vértice_9,Vértice_10,Vértice_11,Vértice_12,Vértice_13,Vértice_14,Vértice_15,Vértice_16,Vértice_17,Vértice_18,Vértice_19,Vértice_20,Vértice_21,Vértice_22,Vértice_23,Vértice_24,Vértice_25,Vértice_26,Vértice_27,Vértice_28,Vértice_29,Vértice_30,Vértice_31,Vértice_32,Vértice_33,Vértice_34,Vértice_35,Vértice_36,Vértice_37,Vértice_38,Vértice_39,Vértice_40,Vértice_41,Vértice_42,Vértice_43,Vértice_44,Vértice_45,Vértice_46,Vértice_47,Vértice_48,Vértice_49,Vértice_50,Vértice_51,Vértice_52,Vértice_53,Vértice_54,Vértice_55,Vértice_56,Vértice_57,Vértice_58,Vértice_59,Vértice_60,Vértice_61,Vértice_62,Vértice_63,Vértice_64,Vértice_65,Vértice_66,Vértice_67,Vértice_68,Vértice_69,Vértice_70,Vértice_71,Vértice_72,Vértice_73,Vértice_74,Vértice_75,Vértice_76,Vértice_77,Vértice_78,Vértice_79,Vértice_80,Vértice_81,Vértice_82,Vértice_83,Vértice_84,Vértice_85,Vértice_86,Vértice_87,Vértice_88,Vértice_89,Vértice_90,Vértice_91,Vértice_92,Vértice_93,Vértice_94,Vértice_95,Vértice_96,Vértice_97,Vértice_98,Vértice_99,Vértice_100,Vértice_101,Vértice_102,Vértice_103,Vértice_104,Vértice_105,Vértice_106,Vértice_107,Vértice_108,Vértice_109,Vértice_110,Vértice_111,Vértice_112,Vértice_113,Vértice_114,Vértice_115,Vértice_116,Vértice_117,Vértice_118,Vértice_119,Vértice_120,Vértice_121,Vértice_122,Vértice_123,Vértice_124,Vértice_125,Vértice_126,Vértice_127,Vértice_128,Vértice_129,Vértice_130,Vértice_131,Vértice_132,Vértice_133,Vértice_134,Vértice_135,Vértice_136,Vértice_137,Vértice_138,Vértice_139,Vértice_140,Vértice_141,Vértice_142,Vértice_143,Vértice_144,Vértice_145,Vértice_146,Vértice_147,Vértice_148,Vértice_149,Vértice_150,Vértice_151,Vértice_152,Vértice_153,Vértice_154,Vértice_155,Vértice_156,Vértice_157,Vértice_158,Vértice_159,Vértice_160,Vértice_161,Vértice_162,Vértice_163,Vértice_164,Vértice_165,Vértice_166,Vértice_167,Vértice_168,Vértice_169,Vértice_170,Vértice_171,Vértice_172,Vértice_173,Vértice_174,Vértice_175,Vértice_176,Vértice_177,Vértice_178,Vértice_179,Vértice_180,Vértice_181,Vértice_182,Vértice_183,Vértice_184,Vértice_185,Vértice_186,Vértice_187,Vértice_188,Vértice_189,Vértice_190,Vértice_191,Vértice_192,Vértice_193,Vértice_194,Vértice_195,Vértice_196,Vértice_197,Vértice_198,Vértice_199,Vértice_200,Conjuntos
0.0,159.97214,163.41445,139.22384,196.15223,225.53033,171.39349,131.92358,188.46306,149.42116,155.38445,186.93434,192.00805,141.53199,162.88975,178.00295,193.82202,144.70459,178.99537,184.39053,162.91044,200.41525,175.23281,188.18345,150.80811,184.0318,158.47028,211.17565,199.09748,181.73426,183.4992,176.1153,163.78802,176.79438,179.20958,176.04795,170.27739,138.15091,177.93829,164.24775,155.51957,197.3881,132.58286,193.48441,172.51338,137.2607,177.73057,133.76768,137.51416,143.69137,174.68591,202.16517,218.85526,165.93046,212.76578,202.21317,141.06128,188.98137,165.74775,201.26666,133.3604,184.23118,194.81527,164.22684,162.23728,148.55418,216.80857,160.03148,186.31698,200.1765,176.80088,210.82802,167.07427,171.41685,230.05943,174.77157,214.17723,162.76071,140.74562,179.75326,164.73371,153.26348,184.41785,206.47808,196.20936,154.77467,130.46164,149.47544,149.16022,203.16408,139.39768,217.37522,187.28632,137.05773,151.91094,187.90452,175.46932,161.49997,144.30667,187.79987,184.33884,143.41425,145.16707,157.88552,164.62288,141.1208,197.44589,160.92613,183.27996,126.6091,131.67869,109.66746,146.38406,141.71004,177.73847,140.81524,137.28002,187.55224,160.33143,188.93883,166.86163,190.00847,147.39745,195.21153,216.29318,165.20826,128.7096,139.54544,167.51333,150.99338,182.37071,218.56869,176.0003,173.41425,169.49692,159.0597,162.70051,137.70486,164.75287,184.91703,130.82611,157.65938,163.44033,201.73258,123.79293,164.22153,171.53074,179.25822,131.26714,136.21067,141.10962,178.27335,164.95821,177.51257,126.5053,155.28824,215.25156,181.72465,179.02606,192.26478,218.07556,166.58589,169.26203,143.2067,165.69423,127.70921,142.04269,150.43697,185.66816,184.65812,184.68821,174.55206,197.72663,193.98534,120.52197,178.8231,181.56009,165.88013,121.5207,195.54418,214.39482,154.34997,191.37358,101.78376,181.44818,195.75534,188.92899,153.28627,154.81269,162.12405,209.93324,169.89902,149.22208,124.90719,173.24694,179.77262,143.07258,187.03232,121.28969,140.55525,2
159.97214,0.0,118.82561,137.65197,178.23214,181.83797,141.24435,148.4045,129.926,162.39267,120.67292,169.4485,132.46849,166.63419,105.95428,121.57299,166.06066,130.12824,143.29891,177.40199,180.27718,144.0606,142.42769,132.6886,114.72519,128.17065,144.41647,164.6027,147.58732,128.3046,153.92637,122.69454,116.40179,141.67212,121.67854,147.54458,178.30365,129.06588,186.12244,141.50024,157.38976,138.27077,127.90114,140.48669,152.72022,148.72795,119.59764,158.88354,124.24679,125.11544,153.41469,171.83079,172.9435,114.73736,170.84952,159.36977,139.97233,146.59108,106.28415,157.22094,134.89584,147.57349,149.37698,148.76625,113.62754,115.54926,177.99157,109.60313,186.57427,143.31627,162.60661,163.33693,183.22864,128.32741,185.98963,175.07342,163.47622,136.58325,158.29052,122.72614,156.61858,115.13214,139.99647,157.99115,153.05176,166.93615,135.05063,161.26779,112.27909,161.11468,150.7178,169.42924,157.52188,126.92117,112.89589,129.08118,120.23849,109.71242,157.36757,147.22526,178.83084,143.90174,115.38855,137.38554,161.19062,151.891,146.82165,109.06421,167.41292,162.13596,147.85515,150.45398,129.14652,162.34449,186.76433,125.7625,127.93705,145.42962,117.17947,178.84604,119.95803,130.05161,143.28809,150.095,168.16467,105.62204,156.79766,165.59634,148.4083,110.47796,146.81354,171.87562,147.62335,113.7471,111.79469,176.8022,162.55125,122.28836,118.78973,127.35664,158.85449,105.67655,117.18231,142.54116,157.44555,157.69869,137.94443,130.96237,135.20849,150.97517,130.54991,125.57975,181.65219,118.35651,133.54885,112.27449,172.74813,191.33793,128.59154,153.11894,173.2895,167.49528,119.16764,164.17984,148.1453,132.28034,122.87049,168.30517,169.58367,125.32676,176.93103,123.07194,167.14752,152.55815,149.79872,119.4932,149.82721,132.93515,146.71529,137.19897,171.43488,133.67483,147.86892,158.4836,122.77441,146.41151,137.35213,126.15753,111.0638,103.18184,162.27794,169.73242,158.52339,147.96411,136.6818,160.66086,158.02774,132.04583,161.7995,159.09953,1
163.41445,118.82561,0.0,130.02284,159.48865,166.63204,122.50765,142.17409,128.27928,150.6253,108.56549,150.85679,133.54457,157.60142,124.21875,136.14487,147.3096,121.67207,124.70162,159.67706,167.20534,137.48756,123.60926,146.27301,113.64601,142.08493,128.61804,150.24191,135.91984,143.8372,135.12527,139.04545,102.73678,122.96148,135.12659,128.74926,163.2281,142.34395,170.52132,123.91482,143.42821,137.29083,131.90572,130.07105,134.52516,140.44121,119.07466,151.69978,135.21721,120.10945,134.99431,153.35165,158.46989,106.13048,154.75866,143.25605,131.00395,129.76147,122.01687,141.49835,147.13156,129.286,133.95955,131.77418,105.213,131.08634,161.15505,128.42291,169.52643,137.49959,144.599,149.41038,169.59084,110.33916,171.00565,158.67009,151.47899,119.01796,148.84916,136.50856,140.23397,132.72038,123.60604,144.48251,136.8138,154.15762,133.56163,149.38104,126.76236,144.77852,141.58078,155.88122,138.76961,139.00357,113.42232,139.19388,114.16142,128.49958,146.75227,129.83215,161.25174,133.51503,121.72042,121.42755,145.29842,142.14293,134.44897,127.87819,149.01127,157.35524,141.78197,154.93237,119.9713,152.86831,171.2926,122.73455,126.22627,128.4417,135.96756,160.68946,103.45888,134.32371,131.3501,134.55745,154.68891,117.30877,151.24191,157.0574,130.69015,125.73328,128.32692,157.74372,128.83161,120.19483,114.192,164.19116,147.25442,129.12694,137.52416,139.7007,152.61944,114.08884,101.74916,141.45748,153.50507,141.53804,119.12224,116.26539,146.58538,142.97108,124.26857,115.11944,168.2843,130.04103,139.72227,110.19087,156.90742,175.71857,115.62652,135.60379,158.33497,151.86656,106.43078,154.40878,130.77322,138.22806,136.65172,156.87791,151.10015,126.72627,159.1222,111.36684,148.61185,135.6842,147.81839,130.43817,131.06506,114.41001,145.08761,147.04375,155.72411,119.17497,131.531,161.69916,122.72705,133.11343,125.57416,113.35555,111.53104,116.50158,148.41237,153.65886,146.48046,144.58146,117.93796,142.16935,147.83773,124.07826,158.6834,149.76145,1
139.22384,137.65197,130.02284,0.0,159.61052,186.52376,132.25524,112.15768,158.22702,125.62899,121.58269,150.03042,163.25128,129.02677,143.18018,159.22249,155.04818,108.41614,140.06374,151.27776,143.94094,166.89131,136.16336,170.32778,123.06288,165.81364,119.9373,172.84556,162.82641,165.7963,144.33506,160.02783,131.63102,137.89541,159.20375,136.83397,144.68126,139.25522,153.02223,125.0406,123.93026,167.28635,120.17112,158.32507,134.08938,111.11949,148.42412,121.92972,131.7736,112.53652,136.12863,163.26611,180.23573,134.88276,173.71968,163.44801,103.21512,150.59465,143.74449,162.71833,140.37442,145.21684,156.80094,126.0326,131.51537,137.39386,177.58784,143.92292,157.05437,167.09808,140.20069,172.71577,147.35857,135.01887,191.05191,144.64098,176.90322,123.70038,120.64433,160.31942,129.12844,142.17916,146.79142,168.77089,157.66598,130.85184,111.44774,124.6596,134.32861,164.2738,113.08601,179.20338,148.17045,135.29744,124.88745,165.73414,144.09998,144.96256,120.06872,149.14935,151.92058,107.80992,124.7571,118.6755,131.27728,114.38957,160.90906,144.17535,146.63335,127.39092,111.78647,133.39337,110.05856,124.6928,153.3841,112.44663,112.09056,149.18608,149.10059,154.78503,133.24608,163.28284,110.11243,157.10325,178.19184,140.59694,121.22828,128.09172,128.85655,135.10184,143.31042,180.09879,136.78873,147.2077,141.54403,140.17578,130.9521,124.21759,152.78614,164.74101,122.62614,132.53784,130.86525,171.47451,123.83928,129.26574,132.74355,143.50408,138.47974,113.48127,107.10789,144.7783,145.55432,155.25111,125.99611,126.71061,176.23171,158.02021,144.24411,153.28579,179.29023,135.97094,136.45179,126.53852,127.17985,124.97836,137.01363,131.11811,149.11088,156.13587,151.24792,141.11637,158.72543,155.23924,119.86135,156.13964,142.33762,127.56703,117.92427,173.92219,175.43139,115.46386,153.09341,137.44672,152.24173,158.84132,153.4686,116.98013,127.32295,137.88388,171.88744,139.01662,122.24146,115.80506,134.81514,141.98658,120.5321,153.69659,129.20801,121.44788,1
196.15223,178.23214,159.48865,159.61052,0.0,150.51406,136.9919,164.23286,174.1629,149.83258,159.19884,109.62507,180.01762,161.3095,183.70634,193.92103,116.5787,158.91884,136.79479,116.99359,149.41605,169.61894,136.28338,202.47704,167.87885,198.91923,140.02473,149.60955,157.33932,201.71091,125.57569,197.64275,162.07477,137.72906,192.33129,130.77192,137.57418,195.46559,137.33139,138.31124,141.14803,179.21768,177.9091,160.06817,126.7907,158.89161,171.88593,164.71726,187.46703,163.97807,125.4351,119.52596,151.23005,164.62683,141.36439,140.74093,156.83991,141.37546,181.30126,142.86208,198.18851,134.73543,145.44625,133.87726,164.69726,187.98827,137.74005,187.76933,126.58802,171.1153,119.49909,151.34715,147.76956,151.35541,153.88648,128.07738,159.37661,142.72932,157.26927,193.77493,131.42642,190.92572,146.09262,152.23381,141.30262,146.52614,170.98727,149.19787,183.70244,139.39592,156.82366,154.66799,123.13585,191.47617,168.986,193.32797,166.10255,187.94114,153.17287,138.90208,118.73905,153.39171,175.30426,144.43702,132.08828,155.19807,155.30912,187.29477,113.00351,173.62651,164.49668,192.25945,158.16524,158.24246,138.50834,166.53669,168.75458,141.4059,195.20149,111.96916,159.10282,184.11974,149.80274,144.84115,154.60128,176.54589,168.8864,162.68917,132.02826,183.27566,134.32105,152.63841,130.6823,176.91992,171.85127,150.26122,134.73845,179.50953,196.99653,195.59541,167.65848,173.06841,161.1945,181.27257,173.89926,131.95392,140.4572,153.92988,196.65738,160.05151,162.05335,161.10926,148.48965,186.91406,185.00391,167.31736,143.34895,139.97362,157.27137,135.21181,148.72981,132.60814,161.24253,157.75114,133.22691,183.79175,191.25863,152.60357,110.54666,176.83458,116.03936,160.48817,120.02943,138.611,175.66641,186.80637,129.83401,145.33422,175.14057,199.58224,143.83863,149.11182,142.60018,194.49353,173.65979,152.67205,157.23606,155.49198,168.84054,175.98853,151.41632,129.9381,148.31621,171.33761,142.28425,118.3243,154.71753,164.28113,178.54709,157.81189,2
225.53033,181.83797,166.63204,186.52376,150.51406,0.0,154.2895,196.35564,159.59808,190.33079,172.51189,152.75174,162.96912,201.85052,184.90974,186.35133,138.602,180.97364,146.53499,166.4436,196.44295,146.14843,150.36044,190.04449,180.09607,188.36368,169.12504,117.525,135.96815,192.80994,144.01038,191.4412,167.77736,148.73677,183.95425,150.4937,185.48336,208.8591,187.0696,162.01091,179.88948,158.40069,197.26505,143.16646,157.18527,191.87144,165.07709,201.5082,201.84925,183.11924,154.92869,131.63014,109.62004,167.81691,112.82455,123.61463,185.17992,137.24736,181.04276,125.14197,213.76214,141.31667,132.74649,164.72854,170.4543,196.69182,112.7744,190.31359,177.02958,147.85894,159.43724,119.22295,195.79543,156.55353,104.52954,175.91856,123.33373,162.83121,194.98927,185.17954,169.14005,196.9688,143.03669,124.64742,129.97213,189.34783,195.38791,189.2688,192.59871,122.43562,191.02554,114.87655,141.04361,205.61647,180.04316,179.8648,162.02953,189.66088,190.99958,137.96665,168.46479,184.10995,188.3264,167.92472,173.06449,190.15445,135.93563,189.36646,155.6197,210.00865,196.31527,218.52659,179.37222,197.56386,188.25657,186.19179,189.58851,138.65782,197.48034,162.11192,163.83457,168.59444,180.03862,132.10764,116.02381,177.23341,204.01101,202.58671,160.8051,191.2348,143.21337,111.35904,150.57503,172.35306,170.63126,196.13257,176.49678,195.494,196.98356,184.14655,203.89723,179.18509,167.52986,157.6003,208.26807,170.5708,154.01429,151.15849,213.19649,193.99717,184.63349,156.34281,196.01678,179.33907,205.29948,176.80196,110.29266,190.22837,153.26255,133.26665,108.59162,176.97555,163.26786,197.90359,162.76281,203.81524,202.99201,195.15874,154.72822,164.81029,165.40206,158.80252,133.56035,131.73716,206.274,178.43353,144.73335,159.83015,204.44716,182.41971,111.15999,171.19542,135.19624,223.74657,164.06119,135.69479,144.96574,172.91998,178.07062,178.68539,120.27593,175.50635,187.19733,202.01959,152.50719,153.73216,192.6612,151.87359,213.67527,195.81139,2
171.39349,141.24435,122.50765,132.25524,136.9919,154.2895,0.0,142.2996,142.13024,140.69579,123.01725,128.40557,148.19562,150.95095,146.72534,157.72403,125.97404,127.3805,108.2423,138.37946,153.35773,143.77738,104.03825,167.05308,131.84217,163.1759,116.26754,141.38478,135.36722,165.5193,113.75352,161.10513,125.12312,106.37993,156.36324,106.41797,146.33767,160.82034,152.40347,108.30806,130.78861,149.45231,145.43684,133.57583,113.13475,138.14424,136.96406,148.58183,152.95814,130.74925,112.97566,133.18377,148.34147,127.83924,141.47534,131.49517,130.91218,119.68284,144.42318,131.09178,164.48434,113.0648,126.35894,114.64729,127.71106,151.77426,145.52182,150.79642,149.11342,144.68425,123.16544,141.57079,154.68371,115.44699,158.81528,139.70567,146.90928,108.66788,142.94431,157.79479,122.94063,154.29947,118.34853,138.36733,126.14982,142.02358,141.68331,139.4499,147.41791,132.16435,137.71617,147.86936,117.72547,156.9979,132.69365,158.69229,130.98347,150.95115,139.40066,117.6804,140.16118,130.19442,139.84823,113.63867,128.40201,137.19176,133.13218,150.30819,126.79254,156.58446,142.21291,164.85253,125.9662,146.23146,153.35348,133.7498,136.81194,118.41759,158.26256,138.71814,122.37206,151.06822,126.23551,126.45192,146.96737,139.67627,150.40292,151.20096,111.43274,146.79744,111.10366,148.37761,106.47507,140.89381,135.41781,151.31301,131.3434,145.38699,160.00464,160.22897,150.6476,136.14254,124.22389,152.717,154.36149,124.56669,104.02379,121.17902,163.3426,140.44306,131.04855,127.19095,153.89031,151.01671,153.31847,130.64309,143.99713,157.38795,124.02321,121.12804,147.22881,134.8068,124.8862,147.09277,112.7048,151.90844,155.933,146.64245,128.76017,143.24753,137.69864,125.39373,128.38428,123.4138,151.98583,151.10858,110.57941,108.47957,150.17769,165.79998,143.23004,117.11594,122.28506,169.61119,139.53568,130.51898,128.99539,120.7406,132.17444,139.0089,140.85888,135.60247,136.79079,147.74521,107.00771,119.87832,140.9578,133.4368,159.82019,143.84936,1
131.92358,148.4045,142.17409,112.15768,164.23286,196.35564,142.2996,0.0,170.34592,120.40356,133.70459,155.01806,175.30327,119.10856,153.59358,169.88043,162.51154,120.52197,150.43173,153.03697,137.79877,178.98337,146.3248,181.00551,134.2771,176.4868,127.50654,183.55638,174.52772,176.0405,152.98202,170.18124,143.73516,148.35175,170.08298,145.93651,141.68115,143.77387,149.94745,134.35103,123.98445,179.41858,125.56911,170.27207,141.12726,105.35227,160.44087,110.51536,137.42822,123.74564,143.36671,170.94267,190.64042,146.93347,183.53617,173.794,111.87496,161.44048,154.63856,173.30822,143.19529,155.35769,167.85146,132.8431,143.49584,145.3588,186.64945,153.56396,156.40353,179.21696,144.88312,183.58718,141.69997,146.91389,200.86191,144.27023,188.19607,134.19451,112.47696,171.117,132.81072,150.47547,158.14987,179.90713,168.30316,126.19532,115.17257,119.94953,143.05697,174.44006,107.7595,189.99681,156.5684,140.19217,136.04653,177.06073,156.22643,154.74738,114.37473,159.76445,153.19391,112.27101,134.14709,128.79361,132.94775,109.65885,172.55,153.97576,151.35777,115.26258,100.62322,128.82216,122.20313,115.79793,150.04452,122.64795,120.72946,160.06408,157.80945,157.35245,145.40375,175.16349,116.3696,168.09084,189.03939,151.88141,109.07061,117.70578,136.40229,144.17854,153.37695,190.6497,145.86521,158.86867,153.35032,133.77202,131.35446,131.18772,161.82449,175.73853,110.6156,143.65944,142.98845,183.6173,112.1353,132.32423,143.45375,155.44476,140.96711,104.98516,118.48466,156.92335,139.67781,166.44536,128.26578,138.26588,186.08971,154.50192,156.30925,163.40047,189.50733,135.69737,148.60423,117.80593,134.49774,127.82426,143.14869,124.15704,153.74459,168.13663,153.24723,153.26925,166.67816,165.68038,111.44606,167.41617,151.6618,138.83725,111.40901,185.25386,185.40192,126.60257,163.99707,130.26067,164.27439,170.37869,165.39342,129.10988,138.69805,149.02417,182.80781,139.00806,118.71597,107.22393,145.84455,148.02133,113.80785,165.82932,117.60687,112.91436,1
188.46306,129.926,128.27928,158.22702,174.1629,159.59808,142.13024,170.34592,0.0,178.13287,136.64545,167.71244,106.07284,185.75185,129.98674,126.87829,158.40732,149.82663,138.25687,179.83148,193.69053,115.21847,140.41307,131.0474,138.06757,128.88373,154.43416,142.26991,123.76014,133.2255,148.92007,132.05159,126.61369,138.10029,124.42917,146.20656,188.04147,158.79749,194.46003,147.70157,169.94679,109.12541,155.88095,116.99634,155.14765,168.71965,110.73844,179.97633,154.13139,147.37983,154.57208,160.92873,150.01484,123.53448,151.3597,141.39748,159.28321,133.39581,125.9694,138.68598,164.73172,139.44049,131.84914,155.71366,127.14849,145.09351,159.77378,135.21071,190.98571,114.05738,164.86826,140.40608,195.61115,127.52818,163.10222,181.82481,137.76501,143.64266,176.99935,125.61235,164.43248,143.17843,128.07358,135.06391,136.5827,181.10309,160.31924,176.86467,142.18784,143.42668,169.81603,145.3066,151.02706,156.83568,136.74066,120.88503,114.13132,134.09581,174.69547,135.56665,181.75024,161.68556,143.38981,147.77909,169.86441,170.30656,124.27595,134.10939,167.22473,185.43635,169.93116,179.23844,148.1706,180.98177,195.38215,149.50744,152.72104,133.05573,141.05972,179.24619,125.28568,110.17343,159.24784,132.65045,144.04136,124.30427,179.39541,185.27134,153.25169,140.3529,140.03205,148.46273,146.3429,116.44756,119.01847,191.02504,172.42889,151.12161,139.37684,124.73029,180.8504,130.9205,127.36181,113.43085,181.39915,165.96834,138.15855,121.11069,165.12248,171.25028,152.11945,115.20954,194.53852,120.1893,162.59743,133.55008,152.50285,199.48635,118.10882,140.41089,151.1922,176.44391,121.91636,182.45533,154.10742,161.21602,152.62944,184.41209,168.67267,105.52644,179.04476,118.08569,157.17036,137.92539,175.10405,119.11406,144.85587,137.55119,172.20458,125.71014,151.02605,146.70828,132.9629,186.85999,107.16661,125.54197,117.60211,141.61815,133.79673,127.1235,139.37037,177.55451,173.96159,172.23148,135.13837,160.51825,175.86458,109.95919,186.43315,177.91958,1
149.42116,162.39267,150.6253,125.62899,149.83258,190.33079,140.69579,120.40356,178.13287,0.0,143.49445,141.79319,183.79172,111.75362,168.1485,183.76815,152.87201,132.28422,148.59661,135.75442,118.32299,183.37897,144.42683,194.74799,147.67723,190.27818,124.7508,180.56726,176.00602,190.69719,146.61838,185.04146,152.92778,147.01351,183.46936,141.48872,121.39875,163.44189,129.58455,132.66174,110.47746,186.70536,144.56279,173.53312,133.27155,116.29166,169.6803,115.79494,156.52531,137.67539,135.47747,161.16601,186.42239,156.47424,177.91781,170.10401,122.77986,160.08397,168.21252,170.3898,163.35988,152.3761,166.79679,126.65755,153.74799,162.97943,179.05037,169.33782,136.91957,184.02913,132.31763,181.14341,121.87051,151.31801,194.65042,125.44818,187.19857,135.35046,108.72064,184.68231,121.22691,167.8041,158.93187,178.5846,165.81303,105.79194,134.29043,101.27804,159.95663,170.19541,113.52606,187.05211,149.30301,159.67387,149.50076,189.1328,164.41038,170.30874,106.08778,157.78851,135.39754,118.52958,150.3588,130.53671,118.1609,111.71166,173.79107,169.52002,138.07528,124.29476,120.96089,148.34708,133.26209,108.45741,129.65165,138.03782,137.56681,158.91777,174.71417,140.72154,153.12795,184.94066,119.44997,166.79432,186.31393,164.54089,120.72045,112.9189,130.57126,160.70298,150.38858,186.88518,141.3687,170.0983,164.11406,114.55651,115.14735,149.43902,178.34317,188.76665,118.81319,156.95346,151.97522,190.54624,125.72013,119.88265,143.51318,159.4743,161.18292,115.46042,132.47854,163.23107,119.99033,179.06887,148.39003,150.59841,180.48116,134.09837,161.3806,159.68157,184.77157,117.76185,156.55831,107.97061,128.74864,147.80503,162.0475,106.27935,140.09981,177.26629,136.21492,160.0618,157.69934,162.74763,130.46959,179.78609,146.9853,141.41262,131.37903,197.20735,180.12352,131.52562,162.65996,147.98591,173.25225,171.20639,168.71653,137.74998,151.52576,162.13265,180.56726,120.95871,104.17131,127.02914,146.59458,137.24632,106.67753,171.40359,129.55225,108.86678,1
155.38445,120.67292,108.56549,121.58269,159.19884,172.51189,123.01725,133.70459,136.64545,143.49445,0.0,150.00909,141.7065,149.68767,126.6148,140.92715,148.96637,113.18277,127.76609,156.95655,160.73864,145.99616,125.42112,151.65746,108.82555,147.2681,123.7509,156.79615,143.7132,148.28329,136.68684,142.97389,110.05549,125.68119,140.34676,129.40389,157.90115,138.04445,165.59215,121.31181,137.29447,145.71408,124.81735,138.24963,132.84479,132.2294,126.94918,143.40207,130.33847,111.75372,133.85262,155.8866,164.84855,113.39548,160.20777,148.90804,122.79016,135.26555,125.63316,147.46245,142.12212,132.91127,140.32594,128.19216,110.30429,128.85742,165.89954,129.55648,165.92074,146.04233,142.42346,156.17943,163.41738,116.30271,176.97082,154.40639,158.92867,116.55886,140.96809,141.63264,135.94569,131.764,129.78223,151.51285,142.54504,147.48344,125.22371,142.28684,124.53392,150.22802,133.55466,162.71868,140.6029,134.33649,109.79019,145.64079,122.52202,130.05296,139.1813,134.76739,158.31707,125.69886,116.93669,116.7226,140.55634,134.27254,142.08159,129.31786,147.63202,148.84189,133.29687,147.19953,111.53094,145.02878,166.26751,114.56941,118.10598,133.85964,136.59786,158.6933,111.94956,142.008,124.0448,140.83243,161.57197,121.45992,142.76181,149.03164,128.16868,124.07916,131.52902,164.29833,129.44803,126.61118,120.65758,157.49829,142.03558,123.22774,139.05536,145.44302,144.20824,115.01404,109.28432,149.91958,144.94873,137.03267,120.75192,123.874,141.22655,134.73528,115.70371,123.64265,161.96717,135.70361,132.82949,108.52561,162.50207,170.81139,123.79416,140.1735,164.45963,146.92041,114.97043,146.65741,127.71278,131.33866,132.96289,149.66536,149.91882,134.66911,156.53142,119.90125,151.07381,140.92415,139.29358,136.35431,133.08091,114.66619,136.59783,153.71506,161.42424,113.09604,137.36782,153.64663,130.73281,140.48102,133.59827,105.80113,109.95659,119.49641,155.22467,149.08973,139.42356,136.01887,120.89034,141.11069,140.14866,132.61136,150.1185,141.86281,1
186.93434,169.4485,150.85679,150.03042,109.62507,152.75174,128.40557,155.01806,167.71244,141.79319,150.00909,0.0,173.69654,153.47461,175.0394,185.96508,114.6058,149.30997,129.56615,114.47572,144.06568,164.83517,128.30491,194.93617,158.60564,191.2157,130.40061,148.53871,153.16508,193.76731,118.88556,189.4705,153.50395,130.11678,184.49978,122.51552,132.78549,185.92223,134.62015,128.9114,132.48638,173.5106,168.29117,154.85506,117.31738,149.70046,164.44337,156.12897,177.92427,154.41186,116.15785,121.25078,151.68943,156.23999,141.95988,138.65482,147.29344,136.20115,172.82192,140.31767,188.58756,128.59737,141.27699,124.2522,156.03565,178.69654,140.27469,178.91876,126.09296,166.20648,110.13539,149.97565,143.12649,143.36345,156.59776,123.17879,157.71607,133.46594,148.74071,185.93952,122.25843,181.77257,139.94325,149.85188,137.72039,139.13152,161.38869,141.03556,174.4403,137.7141,147.74322,154.26773,117.6996,181.92509,159.77344,186.1048,158.54369,179.1582,144.59444,133.54509,116.61956,143.94023,165.89487,134.9052,123.68168,146.18999,150.99356,178.49126,103.74648,165.07409,155.25568,182.81393,148.57767,150.06384,135.79858,156.94394,159.13639,135.93551,186.27627,111.91123,150.75557,177.4322,140.28414,140.79229,153.97678,168.07811,160.08581,154.71192,122.48003,174.07768,127.739,152.80678,122.40617,169.02376,163.72038,144.24588,126.67102,169.95336,188.23809,188.06552,159.01464,164.16615,152.58727,175.94442,165.04704,122.96911,132.11294,146.92103,187.04492,150.98468,152.43085,153.90455,143.47224,179.10828,175.37942,158.25247,144.26139,138.29572,150.20141,131.06756,149.41809,125.50174,153.12562,149.76363,123.62485,174.16668,181.79291,145.22887,101.98118,169.90798,113.44867,152.88802,119.47103,134.69395,166.41908,179.09858,122.85765,136.52263,165.78681,192.71727,144.4343,139.57513,137.87705,185.25657,166.52138,148.23195,151.48554,146.09577,159.76566,167.335,149.84411,123.39386,139.85719,162.06086,134.28081,108.90381,146.18919,158.02636,169.84693,149.34609,2
192.00805,132.46849,133.54457,163.25128,180.01762,162.96912,148.19562,175.30327,106.07284,183.79172,141.7065,173.69654,0.0,191.14244,131.42946,124.96186,164.13064,154.83514,144.28652,185.89014,199.55341,117.06524,146.48258,127.07541,142.26579,125.63049,160.30033,145.9677,127.76622,130.31231,154.87274,130.17824,131.65597,144.16012,122.43452,152.26994,194.04526,160.65224,200.50602,153.67676,175.77502,106.27747,159.48643,121.65256,161.21974,173.91435,114.89877,185.10855,156.64792,152.00759,160.64338,166.33941,153.34911,128.37246,155.57116,146.13706,164.46885,139.01597,127.63117,143.39194,166.69221,145.3335,136.95341,161.711,131.83803,146.95662,164.11328,136.28763,197.05629,115.49403,170.93831,143.97616,201.5296,133.50059,166.22781,187.88419,140.37562,149.54631,182.38901,123.38878,170.43771,144.42316,133.93501,138.81017,141.70569,186.88371,164.63426,182.52833,144.49123,148.16901,175.1191,148.34651,156.88943,159.04211,140.80457,116.90869,119.43883,135.02517,180.20476,141.27874,187.81325,167.05597,146.84502,153.55936,175.86047,175.68426,128.64925,135.17458,173.25508,190.27593,174.86643,182.63045,153.22634,186.39965,201.42358,153.95151,157.03826,138.76123,141.30258,185.26537,130.73386,105.65089,164.76117,137.74057,147.11244,126.96424,184.31495,190.59955,159.29219,142.61006,145.98528,151.67453,152.40661,118.73289,122.70138,196.83467,178.39171,154.38536,139.02001,121.3787,185.86551,134.37113,132.47745,110.22864,186.10864,171.96495,144.21888,127.18081,167.28444,176.4301,156.93039,121.19199,200.43064,119.27221,165.81585,137.80592,156.51933,205.5397,124.17758,145.92444,154.75091,182.44845,127.31566,187.91609,160.12543,164.48546,154.57565,190.06982,174.68011,107.38672,185.09974,123.88133,162.71217,143.27012,179.52133,117.95977,150.83964,143.48291,176.56612,120.42729,155.03152,152.29641,138.40529,190.45037,111.04446,130.27244,123.06415,146.89335,137.8638,129.98623,142.97869,183.58997,179.6225,176.83232,141.20691,166.56532,181.33356,115.73795,191.04049,183.3029,2
141.53199,166.63419,157.60142,129.02677,161.3095,201.85052,150.95095,119.10856,185.75185,111.75362,149.68767,153.47461,191.14244,0.0,172.0635,188.20576,164.5969,137.07179,159.06514,146.54919,121.43428,192.3684,154.83812,199.32238,152.08942,194.80483,134.69328,191.57409,185.88497,194.64188,157.97557,188.82435,159.61325,157.32923,188.22484,152.4328,129.3674,162.38064,136.59721,142.6964,121.99777,194.59964,144.62213,182.83418,144.6818,117.91383,176.5693,109.38657,156.38566,141.53951,146.92613,172.90853,197.67559,163.05726,189.35141,181.18944,127.05847,170.58287,172.76009,181.32581,161.16998,163.16575,177.28508,137.58986,159.94504,164.46045,190.70182,172.39203,145.9554,192.87378,144.06798,192.04262,125.59843,159.93243,206.20036,135.6004,197.80537,144.62846,108.75423,189.33092,132.8822,169.56344,168.84602,189.2215,176.62625,115.05115,134.26824,112.67861,162.07618,181.38174,116.16633,198.07896,160.8074,158.95624,153.91295,194.69916,171.72105,173.52622,111.59415,168.41169,145.9383,124.08665,152.96915,139.39431,129.89703,115.4585,183.72193,172.74662,149.77065,114.97729,119.7267,142.48554,138.45075,104.83186,136.3204,141.02736,139.55588,169.35194,176.86451,151.69864,160.46939,191.6934,126.66447,177.34163,197.29453,169.60352,114.19365,101.99292,141.55771,163.13466,161.15451,198.06292,152.32075,176.001,170.19894,117.53422,126.80363,150.29595,180.83156,193.76765,111.52591,161.56453,158.7373,198.61342,118.19775,131.58813,153.37298,168.35688,158.85232,115.68307,136.09999,171.31218,123.47747,184.26208,146.53931,155.66513,191.92201,140.2106,169.9128,170.69871,196.10137,128.83381,163.85997,103.95259,139.66048,146.3086,162.14011,109.43919,151.75042,184.27409,147.11051,167.90507,169.4005,173.63079,125.44859,185.13106,158.05634,150.42778,127.3964,202.87717,191.51757,139.27749,173.17996,140.33291,180.29676,181.23428,177.95151,144.27307,156.33216,166.90977,191.42068,131.82497,114.66679,123.41767,156.31854,148.97878,110.13825,179.86125,120.40835,107.84005,2
162.88975,105.95428,124.21875,143.18018,183.70634,184.90974,146.72534,153.59358,129.98674,168.1485,126.6148,175.0394,131.42946,172.0635,0.0,116.34337,171.12886,135.86431,148.27562,183.24546,186.10428,144.84916,147.68399,127.44093,120.48584,122.93154,150.36316,167.49575,149.86281,122.61807,159.10813,116.89518,121.64756,146.75956,116.87062,152.95454,184.24597,129.24076,192.07434,147.31995,163.30724,137.55266,131.69051,142.60359,158.44821,154.1928,120.664,164.10375,125.91616,130.67024,159.07426,176.60194,175.79407,119.44096,174.36488,162.9954,145.60849,150.65932,104.07155,160.71625,135.30382,152.31188,152.87077,154.66283,119.01537,115.59955,181.79461,105.45702,192.49422,143.89742,168.38872,166.08613,189.09451,133.17819,188.94501,181.01997,165.54425,142.39011,163.82,117.73198,162.5579,113.19266,144.01606,160.66677,156.79955,172.76413,139.73177,167.03798,113.78745,164.81416,156.26573,171.96916,162.60866,127.85574,118.67576,125.09507,122.8812,104.78,163.03309,151.51948,184.69566,149.63099,119.78505,143.31712,167.1434,157.49807,149.3442,104.4607,173.08952,166.92742,153.02811,153.25588,134.95079,167.85429,192.71397,131.05298,132.93163,149.57756,112.68092,184.60438,124.90329,128.0942,149.13727,153.62044,170.69244,107.85588,161.77991,170.96422,154.22398,111.9197,151.68665,174.60654,153.03923,113.64698,114.31297,182.59658,168.50343,125.69747,113.38605,122.66382,163.92748,111.63077,122.51302,141.65704,162.13366,163.64552,143.29636,134.75262,136.00561,156.38216,136.07373,128.64515,187.50037,114.62722,136.39962,118.22806,176.14445,197.28943,132.05426,157.40941,176.32353,173.44939,123.56224,169.71608,154.00536,135.26528,123.21937,174.00913,175.22843,124.83462,182.76079,126.71038,171.97884,156.56974,154.21718,115.95706,154.94787,138.52265,151.12081,132.97656,174.78741,139.62863,151.72734,161.49019,123.12395,149.2446,140.01016,132.11165,116.99897,107.71785,165.01874,175.68456,164.316,152.68676,141.83072,166.29756,163.64468,133.88151,166.27574,164.61145,1
178.00295,121.57299,136.14487,159.22249,193.92103,186.35133,157.72403,169.88043,126.87829,183.76815,140.92715,185.96508,124.96186,188.20576,116.34337,0.0,179.75337,151.59345,157.24113,195.69819,201.4639,141.63961,157.7224,111.12744,136.22957,106.60728,164.31624,168.91538,150.39269,107.80224,168.48081,105.22618,133.41182,156.19384,102.52767,163.452,198.77369,141.78465,206.33404,160.05871,178.20677,131.01553,147.75776,143.29084,170.39659,170.30082,122.87859,180.38117,140.50269,146.68635,170.62483,183.95485,176.8043,130.18144,177.47673,166.84233,161.50453,156.47099,115.5585,164.2498,147.80514,160.26158,156.78291,167.88766,131.49111,129.48139,185.64196,117.99406,205.67089,140.20848,180.53121,167.12978,204.27057,142.62236,189.93511,194.72717,164.6173,155.16048,179.85673,101.96883,176.23658,125.11545,150.07996,161.72801,161.2956,188.14092,156.06644,182.61889,129.13196,168.82541,172.28122,172.17353,171.50815,141.51424,134.39548,111.14795,128.12788,116.53692,178.86282,158.01151,197.32255,165.34456,136.11613,157.10819,181.15043,173.4309,150.61786,117.15764,184.51586,183.26524,169.32078,168.3363,150.51615,183.91382,207.05131,147.27753,149.25834,155.70003,119.29899,196.41495,135.44684,119.6835,164.48975,157.58808,170.90546,119.46908,178.11853,187.15704,166.80362,127.42792,160.1381,175.29308,163.55998,117.00398,122.31973,198.08159,182.84771,141.64155,115.7261,107.0333,180.25221,126.82981,134.4206,134.19616,178.4578,177.4735,153.88603,140.94431,149.03906,172.54218,152.12221,133.72185,202.76658,107.32157,151.76022,133.19587,178.82828,211.54964,137.66621,163.62649,177.87658,187.63614,132.85356,185.74338,166.91804,150.75751,136.51048,189.75086,186.44576,121.5466,195.10612,133.58115,179.6605,161.9126,170.47406,107.97381,164.20304,150.29067,167.37776,117.72537,177.373,153.97083,156.8234,176.70586,122.658,151.42186,142.47001,146.69241,132.24327,121.64914,166.08067,189.60773,179.83322,169.02018,151.71783,177.59822,179.55879,134.86078,182.53945,180.66891,2
193.82202,166.06066,147.3096,155.04818,116.5787,138.602,125.97404,162.51154,158.40732,152.87201,148.96637,114.6058,164.13064,164.5969,171.12886,179.75337,0.0,152.08791,122.87297,128.98963,157.84095,153.10483,123.80974,187.64671,157.7833,184.32978,135.35571,134.09356,140.76605,187.46692,112.30405,183.82433,149.65896,124.39104,177.97775,119.68685,146.97748,186.77118,149.21627,130.52976,142.68929,162.97834,170.82431,143.70395,121.38508,157.46006,157.17853,165.66588,178.88132,156.20941,119.16184,108.46598,137.09291,151.69939,127.40302,124.55528,152.85229,125.16948,168.29143,126.49835,190.30573,119.51794,128.89029,129.67886,152.45516,177.594,126.50399,175.65936,140.42086,154.62466,121.00641,135.62945,157.25231,137.9873,142.63527,137.50028,143.50859,133.73913,158.61429,179.41625,131.7698,179.84901,130.45232,135.97813,124.72591,151.24775,165.74066,151.91893,173.22465,123.41814,156.01671,139.70276,108.54059,182.9253,158.56663,178.16956,151.6389,175.62865,154.47717,122.85294,131.11798,150.48599,165.82226,137.20758,135.00951,154.7795,138.74957,175.05018,117.09819,174.519,162.62107,188.43917,150.9249,160.65108,150.39267,159.10157,161.89908,125.36987,183.23836,125.63435,146.2274,168.49356,146.44847,128.27418,139.44665,163.57846,168.95443,165.56542,126.31192,172.5034,119.65912,138.20102,119.66404,162.82354,158.24694,157.58761,138.3732,171.22171,184.51421,180.79134,168.34405,161.35723,148.8988,164.87664,173.65755,133.011,128.46556,138.97795,189.07789,159.20465,155.6195,146.25425,157.42861,172.56653,178.51534,156.31451,129.74977,152.88349,142.32249,118.70655,134.8475,138.45154,147.82207,160.71024,128.13142,177.16041,181.9051,157.20802,116.51706,161.47963,127.94891,146.18911,105.04222,122.04732,173.48989,172.31294,116.2446,134.32248,172.30647,184.03483,129.86724,141.62904,126.18578,192.07457,158.55912,136.13439,141.14522,146.5261,157.83882,163.49204,135.57174,136.90569,150.18596,169.07991,129.38314,115.63023,156.13986,148.45667,178.82023,159.34877,1
144.70459,130.12824,121.67207,108.41614,158.91884,180.97364,127.3805,120.52197,149.82663,132.28422,113.18277,149.30997,154.83514,137.07179,135.86431,151.59345,152.08791,0.0,134.51343,152.91464,150.31224,158.79151,130.98282,162.6399,115.40353,158.14504,119.15846,166.48572,155.34627,158.42677,140.53938,152.75777,123.22151,132.2975,151.4202,132.8397,149.46071,136.92806,157.62088,121.57781,128.26846,158.89661,119.02526,150.49934,132.32416,119.30433,140.01142,130.31902,128.99194,105.88354,134.0537,159.95384,174.15331,126.46714,168.27315,157.55007,110.02516,144.27709,136.04091,156.56396,139.28446,139.80799,150.17432,125.15759,123.11767,132.31025,172.83346,137.23005,160.11922,158.93762,140.11733,166.18252,153.4297,127.40553,185.49778,147.89702,169.8774,118.76734,128.48215,152.58756,130.56835,136.65038,139.87479,161.96213,151.50798,136.99006,114.4189,131.1777,128.69472,158.5573,120.92441,172.72065,144.5089,132.89773,117.23252,157.64084,135.70477,138.13413,127.27053,143.12381,153.86948,113.774,119.01976,114.92156,133.94887,121.91425,153.51788,137.34672,146.24003,135.68325,120.11751,137.59711,101.78285,132.56437,158.12228,107.74978,109.90235,142.84822,143.07389,155.75168,124.94886,154.90508,113.61134,150.54842,171.65601,132.61877,129.58167,136.2612,126.98799,129.12271,138.02993,173.86655,132.82472,138.95094,133.21592,146.75129,134.45182,120.98521,146.4382,156.85837,131.03781,124.76818,122.46692,163.09773,131.90192,131.14985,126.98688,135.74463,137.74006,121.75667,103.67866,136.55972,151.76732,147.26854,126.46857,118.63233,170.72437,162.76412,136.24131,147.75922,173.40383,139.55958,128.10232,134.31614,125.69297,125.15056,133.50117,138.178,148.70168,147.72509,152.7193,132.86403,155.24424,149.32773,126.8667,148.10014,137.9025,121.18979,124.43329,165.81257,169.81844,110.47759,146.67754,142.92516,143.8267,151.59679,145.69347,109.00444,119.40159,130.03812,165.30496,142.28711,128.47853,123.24818,128.55492,140.70188,128.00443,145.51046,137.16,129.33774,1
178.99537,143.29891,124.70162,140.06374,136.79479,146.53499,108.2423,150.43173,138.25687,148.59661,127.76609,129.56615,144.28652,159.06514,148.27562,157.24113,122.87297,134.51343,0.0,141.69596,160.33351,137.48448,104.23939,165.68564,136.32731,162.13275,124.43857,133.16642,127.93637,165.01028,111.24785,161.14216,126.92394,102.21733,155.58681,108.46311,152.4337,165.75429,157.80819,116.53495,138.48093,144.61028,151.69326,127.17473,118.15645,146.35606,135.09776,156.82394,158.10147,137.14876,117.00062,128.6563,140.24436,128.83745,133.78322,123.41265,138.91445,111.51915,145.41947,122.88761,169.88081,105.31411,118.2283,122.10089,129.75684,155.53683,138.52099,152.88015,153.05927,138.58316,127.04369,133.32956,161.3364,115.11485,151.06417,144.94243,138.74269,116.37865,151.14129,157.0304,129.72485,157.41327,111.49881,130.1735,117.91932,149.56643,148.92978,147.36754,151.17102,124.21212,145.95685,139.64212,114.39904,162.09037,136.83058,156.63279,129.31102,152.80743,147.5472,109.43849,143.66636,138.38809,144.62702,121.65959,135.05716,145.43139,125.66061,152.2431,128.9689,164.80967,150.32639,172.10984,132.95999,154.37416,158.83155,140.21617,143.48186,110.32164,160.47422,140.99272,123.38969,147.87924,134.45551,118.27714,138.73148,140.70556,158.61618,159.36187,118.41578,150.28735,103.76332,140.2184,108.60809,140.24354,135.448,158.55541,138.22513,150.90492,161.65775,158.80388,158.88503,138.78952,126.2171,147.46076,162.52222,131.38089,107.537,117.35488,168.93605,148.67002,138.18732,124.39239,160.70792,150.16573,159.69389,134.21741,136.25808,162.59285,120.6425,113.27047,139.23149,141.14839,124.96293,155.18402,120.0378,158.24291,160.47443,154.42709,130.44231,140.3438,140.87616,123.71187,123.91023,115.25194,159.89022,150.02675,106.97071,113.63225,157.96883,163.15353,135.40522,124.67106,114.11487,177.21161,136.99857,122.9414,123.02066,126.89378,135.7095,140.66519,132.61669,141.46891,144.77284,155.70417,106.93771,122.31381,149.12008,128.77138,167.9872,152.0418,1
