Vértice_1,Vértice_2,Vértice_3,Vértice_4,Vértice_5,Vértice_6,Vértice_7,Vértice_8,Vértice_9,Vértice_10,Vértice_11,Vértice_12,Vértice_13,Vértice_14,Vértice_15,Vértice_16,Vértice_17,Vértice_18,Vértice_19,Vértice_20,Vértice_21,Vértice_22,Vértice_23,Vértice_24,Vértice_25,Vértice_26,Vértice_27,Vértice_28,Vértice_29,Vértice_30,Vértice_31,Vértice_32,Vértice_33,Vértice_34,Vértice_35,Vértice_36,Vértice_37,Vértice_38,Vértice_39,Vértice_40,Vértice_41,Vértice_42,Vértice_43,Vértice_44,Vértice_45,Vértice_46,Vértice_47,Vértice_48,Vértice_49,Vértice_50,Vértice_51,Vértice_52,Vértice_53,Vértice_54,Vértice_55,Vértice_56,Vértice_57,Vértice_58,Vértice_59,Vértice_60,Vértice_61,Vértice_62,Vértice_63,Vértice_64,Vértice_65,Vértice_66,Vértice_67,Vértice_68,Vértice_69,Vértice_70,Vértice_71,Vértice_72,Vértice_73,Vértice_74,Vértice_75,Vértice_76,Vértice_77,Vértice_78,Vértice_79,Vértice_80,Vértice_81,Vértice_82,Vértice_83,Vértice_84,Vértice_85,Vértice_86,Vértice_87,Vértice_88,Vértice_89,Vértice_90,Vértice_91,Vértice_92,Vértice_93,Vértice_94,Vértice_95,Vértice_96,Vértice_97,Vértice_98,Vértice_99,Vértice_100,Vértice_101,Vértice_102,Vértice_103,Vértice_104,Vértice_105,Vértice_106,Vértice_107,Vértice_108,Vértice_109,Vértice_110,Vértice_111,Vértice_112,Vértice_113,Vértice_114,Vértice_115,Vértice_116,Vértice_117,Vértice_118,Vértice_119,Vértice_120,Vértice_121,Vértice_122,Vértice_123,Vértice_124,Vértice_125,Vértice_126,Vértice_127,Vértice_128,Vértice_129,Vértice_130,Vértice_131,Vértice_132,Vértice_133,Vértice_134,Vértice_135,Vértice_136,Vértice_137,Vértice_138,Vértice_139,Vértice_140,Vértice_141,Vértice_142,Vértice_143,Vértice_144,Vértice_145,Vértice_146,Vértice_147,Vértice_148,Vértice_149,Vértice_150,Conjuntos
0.0,150.10016,146.16965,143.52802,105.19673,135.92212,142.36106,114.0314,166.02081,155.68528,124.72399,131.95591,127.60796,148.39763,120.5526,153.81256,160.30504,185.20146,187.9415,146.71518,167.62555,192.37476,147.15256,142.85677,155.09639,142.46085,159.84666,181.0164,184.93012,121.81904,155.72058,165.54981,175.48708,147.77429,181.76524,187.27772,159.34157,171.42191,130.11099,146.0637,164.18046,117.53495,104.80106,144.89268,177.649,176.1646,150.07471,141.44961,128.68735,132.10763,151.41721,143.34415,135.95531,151.89972,145.83964,185.57037,161.1406,191.77504,192.4923,165.28213,125.75175,179.02465,145.40495,145.29145,163.55937,135.84081,176.99401,151.94926,160.23011,148.1633,158.9563,170.90763,147.82046,171.05585,187.25435,178.24744,139.27845,156.9141,168.41107,171.21838,128.24187,136.76188,153.77661,137.42085,155.95156,113.88781,116.8931,175.34028,153.54022,147.07582,154.7711,174.11956,170.00377,137.56155,110.18022,164.8731,129.93775,181.44271,110.41473,126.31501,139.85275,133.09792,113.49469,169.46294,187.7994,129.32279,182.58109,159.23987,183.63048,150.52766,172.00368,173.31856,177.53275,116.25872,190.32547,198.78574,164.14217,141.90417,168.19725,117.50733,157.80417,131.5152,111.02989,159.2383,159.74036,185.5184,146.17423,103.13171,192.56392,109.47426,150.41783,107.36002,130.0172,172.8996,151.64139,120.80261,191.60018,119.71162,104.35287,137.60728,175.2728,180.22623,156.83779,175.77316,150.46045,160.19217,115.37395,162.17607,167.38239,176.48051,1
150.10016,0.0,154.02548,107.83132,154.7311,114.20682,166.79145,159.10413,115.92674,128.40295,140.42511,155.07455,131.20896,148.03915,143.17763,140.21727,127.56026,135.63518,138.87958,139.25444,117.66621,142.81193,119.78438,169.53369,112.55024,107.73439,130.58187,158.08854,141.96002,150.70645,136.0623,130.38842,125.38845,151.1234,140.7531,138.39597,131.37374,131.60159,120.01774,115.32332,120.19541,152.07393,145.37516,152.22277,147.84481,138.81748,170.24192,142.89316,123.83096,158.24013,167.80197,168.28904,145.6334,124.9621,139.05456,148.19925,112.00012,144.47963,165.41551,158.9061,125.90053,136.20405,138.78616,124.62329,160.4286,150.17579,139.88514,156.65555,113.35169,148.77379,131.40123,147.722,150.53932,139.4697,146.89438,140.94954,148.6665,112.74345,126.82523,130.42785,122.06152,165.07689,143.29609,115.10995,136.35026,142.37915,138.52388,134.2058,122.09287,121.68763,108.30765,153.58181,119.90386,116.24448,159.75128,127.5852,154.78486,134.31019,160.17433,133.79707,111.40896,123.32319,148.24413,130.65868,138.58186,121.48412,152.00588,144.01163,135.28482,177.79725,126.49868,149.50789,141.87361,148.32931,151.66802,168.48181,122.23029,114.22637,132.7255,142.21873,114.04292,121.23651,139.72347,140.20073,123.75541,147.56126,118.87464,150.63375,143.37434,140.64938,161.41871,152.22833,147.20102,144.01307,107.43866,141.15581,152.8997,138.17547,150.7287,124.63118,126.46465,133.42093,118.45694,139.90766,104.95394,158.98182,144.88202,125.29922,128.90564,135.40608,1
146.16965,154.02548,0.0,146.85965,150.27071,146.05855,187.22142,159.95973,165.29452,134.00959,123.19409,175.41282,128.07537,108.36452,160.77271,183.71855,139.73123,176.07798,176.53371,116.50001,167.84213,181.96272,166.76826,188.23131,165.92743,148.77998,181.00447,208.08884,163.58867,165.58296,182.38099,183.10562,172.14357,185.50839,158.98829,175.47657,135.10452,151.21041,143.95663,139.29609,152.18076,130.04726,145.40233,184.0015,199.89356,192.48405,117.88262,177.04615,136.52141,119.04809,194.68269,188.38342,174.4393,133.87161,116.25491,202.06089,164.95828,175.4324,217.28712,200.44709,137.38308,190.16537,177.55209,130.36682,200.13442,110.355,151.67045,190.85636,167.29555,184.65087,181.13222,197.15209,105.21982,191.63875,200.91823,152.65795,107.35893,166.57329,180.78612,152.14365,142.05956,182.13041,185.42094,153.61166,126.88726,133.32532,153.68791,188.21972,172.18293,133.87215,162.27703,202.24744,168.07996,139.07037,147.5452,180.74212,173.69547,167.19136,153.2181,159.36664,144.44396,157.15638,157.46482,149.11673,188.16573,148.48421,204.48728,189.02423,186.62182,196.28502,158.27552,199.34728,195.30157,159.89405,205.67047,221.38573,176.11608,158.28322,145.18194,129.51798,167.87296,152.62937,146.65555,186.799,176.1527,201.47867,136.08525,149.21645,180.71978,142.95096,191.72841,140.33538,170.65137,195.51753,149.08361,159.6907,206.90942,156.39696,150.36783,162.7342,178.02584,165.74121,144.28226,149.68202,158.09811,197.34309,130.94375,178.15858,182.4352,189.42409,2
143.52802,107.83132,146.85965,0.0,148.35184,108.09263,164.50102,153.51828,123.10852,124.78597,132.5957,152.30057,123.379,141.33601,139.14471,142.61965,125.56841,141.67381,144.49431,132.8088,125.09915,148.84951,122.55645,167.01849,119.06902,102.99132,135.45785,163.12467,144.50723,146.70801,139.33433,136.50026,132.34288,151.27693,142.50248,143.87616,128.29276,132.52698,113.61372,110.05423,122.41006,144.405,138.90897,151.77464,153.6938,145.63092,162.71183,142.60695,116.2209,150.42116,166.79968,165.98563,144.15327,120.74361,132.50587,155.205,119.81485,149.03375,171.26104,161.20949,118.51928,143.73132,139.60343,118.65278,162.2559,142.52914,140.21349,156.95933,121.01463,149.22353,135.9677,152.43216,143.65794,145.32847,154.26093,141.38564,141.214,119.76585,133.99333,131.68757,115.29173,162.12379,145.35519,112.85936,131.70657,134.91935,133.61885,141.48438,126.58188,116.36013,115.6179,158.07224,126.96757,108.43007,152.89516,133.97724,151.72893,138.66885,153.79072,130.57549,103.77864,121.02914,143.17834,131.13215,146.21659,116.47184,158.09204,147.04284,143.0712,175.47663,129.81051,154.40135,148.49989,143.63136,158.88638,174.83278,129.2915,114.78026,132.11171,134.55889,121.05772,117.63989,133.63088,143.69592,129.60747,154.6356,113.44108,144.3521,149.09735,134.05844,160.96092,145.09425,144.62002,149.57435,108.47912,137.13357,160.13722,133.81109,144.56924,124.08291,134.23346,137.58571,117.60484,139.82673,111.25722,160.41488,137.28861,131.46972,135.59144,142.69898,1
105.19673,154.7311,150.27071,148.35184,0.0,140.61801,139.98188,109.73393,170.62148,160.8783,129.52184,130.62851,132.78442,152.95995,121.45621,155.49839,165.5004,190.01092,192.82415,151.64632,172.15165,197.19275,150.54987,140.11602,159.12323,147.15757,162.68162,182.62485,190.08338,120.86632,157.89221,168.6839,180.11092,147.94518,186.94201,192.17873,164.52881,176.59368,134.83102,151.18064,169.24157,120.74604,109.45348,144.76375,179.99565,179.24319,152.80955,142.38013,133.78054,135.06523,149.6958,140.83463,136.34872,157.09645,150.76837,188.49592,165.55208,196.80092,194.29257,165.67034,130.81644,182.57737,146.94125,150.48738,163.65983,139.9158,182.19018,151.69049,164.4366,148.64231,161.68247,172.80417,152.21939,173.72633,190.45636,183.44367,143.57261,160.99322,172.01883,176.37721,133.06476,134.11892,155.14289,141.57821,161.05596,118.83108,119.48072,178.78384,156.84477,152.26714,159.06311,175.66687,174.61602,142.61001,107.79165,168.20359,128.53194,186.45565,105.44609,128.75258,144.71743,136.59738,113.35574,174.64084,192.0848,133.64346,184.8991,160.80515,187.78169,147.3867,177.05548,175.20518,180.42905,115.94518,193.31659,200.81987,167.86811,145.84861,173.39269,122.30796,161.82977,135.48435,115.11633,161.17623,163.12713,188.50241,151.34386,104.18563,197.43761,114.36142,149.45182,110.07973,130.00149,175.2752,156.54985,122.17532,194.58044,121.92607,104.53397,140.69912,179.53926,185.2521,161.96538,180.96977,154.84876,160.21754,119.92177,165.55228,170.74753,179.90035,1
135.92212,114.20682,146.05855,108.09263,140.61801,0.0,157.11326,145.4841,130.13172,130.06784,128.37921,144.7539,119.5348,141.78022,131.2094,139.10403,131.99276,149.44351,152.40696,134.06988,131.83898,156.63165,120.72943,159.51676,121.95303,106.54153,134.96366,162.10302,152.43829,138.75314,136.83245,137.60778,139.5746,145.56352,150.25492,151.82173,133.84955,140.1196,105.81473,115.45324,130.41304,138.66827,131.22152,145.60418,153.94523,147.60928,160.50888,136.72002,110.91959,146.5337,160.1111,158.58508,137.3936,125.74612,133.57817,157.38494,125.70532,157.11629,171.25587,157.1971,112.25343,147.33081,134.70719,121.73878,157.7864,140.1035,147.49475,151.28011,125.70298,143.78059,135.07438,151.1886,143.64532,145.78221,157.26861,148.69863,139.641,123.28519,136.96895,139.39138,107.90029,154.45721,141.42414,107.88034,135.63901,128.58388,125.53666,144.49316,126.19987,120.60846,120.02458,156.4513,134.10114,108.13462,145.54472,135.6086,144.06603,146.75509,146.0641,123.04629,105.22451,114.51599,135.08575,138.59011,152.5123,108.47493,158.62293,144.03606,148.84314,168.03308,137.88581,153.34573,150.08427,135.55658,161.47884,175.5871,132.24636,112.22881,139.09454,128.8784,124.44942,110.39212,125.72529,141.28014,130.68814,156.96561,117.9878,136.55754,156.98664,126.45927,154.67772,138.09017,137.22314,149.5034,116.57166,129.21169,162.76011,125.81587,136.7127,118.80897,140.15992,145.67721,124.94793,146.93406,115.40345,155.61958,131.32617,132.88943,137.62975,145.71468,1
142.36106,166.79145,187.22142,164.50102,139.98188,157.11326,0.0,131.33773,179.47811,186.27269,164.23611,112.59243,162.68445,187.77431,127.61281,139.57783,188.94879,199.98328,203.92033,183.66323,179.74954,206.72986,150.78665,103.31848,163.10422,161.84091,154.31682,160.42768,208.59798,121.67388,145.16018,161.70524,188.07778,123.30842,206.92771,203.68841,190.16363,197.028,153.5293,172.38273,186.50812,159.89262,141.99662,119.54447,164.0602,169.9107,192.43107,126.75766,158.02924,174.46788,111.30618,101.4979,121.59367,181.92345,182.86437,176.51126,172.68881,210.75195,172.30025,137.25535,155.38655,177.40316,133.35554,176.48303,133.65917,177.16858,204.59156,122.23759,169.30486,126.03609,152.60966,154.32516,187.91536,161.59042,180.83236,205.7876,179.9709,165.12426,169.02398,196.16627,153.57082,106.15326,136.8048,152.06727,189.88804,153.92055,134.87612,173.04315,154.28028,176.56525,166.0092,153.97057,183.08938,163.80564,146.55776,163.18078,113.85262,200.86431,140.33144,134.07039,162.32675,143.68184,129.79509,195.60438,194.11519,148.90732,168.0572,142.31039,188.5922,111.00975,193.26912,156.23807,169.23873,127.32748,181.39444,180.061,166.84417,152.76454,196.19968,157.7109,165.19819,146.89007,140.83301,145.58056,159.7333,177.05389,174.38346,139.24747,208.00337,144.32395,115.71532,149.50889,119.89694,160.32318,172.42236,129.25944,182.42644,132.96695,138.01847,142.45481,182.75207,200.07546,181.9926,204.04665,163.86225,130.40157,156.55923,161.51816,165.5698,173.7597,2
114.0314,159.10413,159.95973,153.51828,109.73393,145.4841,131.33773,0.0,174.70022,168.62304,138.74407,123.70114,140.94578,162.4198,119.43818,152.87096,172.88969,194.73029,197.84129,160.6332,175.96475,201.91213,151.65211,131.09041,161.62288,151.88398,162.2539,179.4437,196.71891,115.47946,156.16724,168.82864,184.19027,142.79033,193.85991,197.2813,172.37915,183.48186,139.94102,157.73517,175.2904,130.46466,116.59411,139.20037,178.29198,179.12926,162.3069,138.73263,140.43951,144.69032,141.69794,132.03586,132.00441,164.65014,159.76103,187.94673,169.06913,202.51059,191.37396,160.53855,137.39245,183.55453,144.2593,158.17593,158.08697,149.60585,189.56986,145.74843,167.35682,143.99255,161.03684,170.28589,161.79033,172.77652,190.52058,190.82449,153.19157,163.60532,173.24748,183.11983,138.58135,125.27917,151.92002,144.82752,169.52603,127.87204,120.95662,179.5316,157.58638,159.59837,162.30832,172.44625,178.69862,148.85869,115.26199,168.81134,121.59921,192.13657,108.99931,128.81087,150.1061,138.41783,111.56791,181.61825,194.97896,137.62013,183.08645,157.83889,190.30873,137.97637,183.00275,172.63728,179.89289,112.87207,192.87431,198.30864,169.448,148.41503,180.75488,131.53344,164.28297,138.47374,120.15483,158.92087,163.94613,188.08408,158.35194,111.29913,202.3943,121.19014,142.48196,119.80827,125.32322,173.68583,161.94701,120.9249,194.10389,122.30807,110.39885,141.42519,182.47152,191.00967,168.5092,188.47811,158.44785,154.57502,129.36983,166.30754,171.40234,180.57907,1
166.02081,115.92674,165.29452,123.10852,170.62148,130.13172,179.47811,174.70022,0.0,134.02398,155.04904,168.49649,145.91326,158.22055,157.92991,147.15623,130.40085,120.64188,124.44897,149.22641,102.59848,127.64792,129.01266,182.43613,116.79527,123.62812,133.387,157.91148,133.31194,165.31734,141.74471,129.55239,109.50532,161.04928,133.88109,124.21375,135.5119,127.82049,135.94407,126.46826,117.21247,167.4129,161.2874,162.9522,145.88174,134.03909,182.5029,153.80896,139.31915,172.28917,178.84963,180.96687,157.90115,132.2689,149.27235,141.76333,106.92401,131.67322,162.5151,164.90403,141.60318,127.69324,148.42093,134.94033,167.24753,163.20177,136.05246,166.14331,111.12834,158.36881,134.84775,149.05549,161.09929,138.22476,138.63526,136.76919,160.97422,114.98053,122.12576,126.18408,137.9656,178.52022,150.61001,129.99932,142.82225,158.02766,153.90133,127.59242,127.59087,131.42254,113.48018,155.08807,104.00363,130.97761,175.67328,126.27672,168.49413,122.64465,176.06092,148.16359,126.88096,137.51081,163.61774,128.00739,123.50323,137.17525,148.9721,149.44827,121.33583,190.36244,118.63064,150.23027,137.59239,163.47624,143.97662,163.76611,119.38206,127.37307,131.87417,157.59226,115.38544,136.35553,155.57428,145.00679,125.24556,140.83599,129.33928,166.50808,128.63598,156.57447,171.86819,168.08642,160.60384,143.26239,116.85839,155.93597,145.0465,153.24031,166.57221,137.19196,112.79461,122.28021,122.17871,136.90999,116.41584,166.55489,160.36735,125.33247,126.13285,128.55864,1
155.68528,128.40295,134.00959,124.78597,160.8783,130.06784,186.27269,168.62304,134.02398,0.0,134.18966,173.71212,128.16527,125.96879,159.13027,167.3808,105.90464,142.10476,142.54114,117.62824,136.61422,147.96244,147.13833,188.41111,140.74074,127.75832,158.97755,186.47542,131.56363,166.28144,163.87626,158.46324,139.25966,175.54887,127.51352,141.49381,103.89772,118.07493,132.7766,114.88099,118.59277,148.12125,152.11535,175.67162,175.94768,165.9089,151.88832,166.73952,128.87261,146.60956,190.04003,187.70747,167.35432,104.36182,118.04753,174.67622,135.93505,142.07752,193.4354,185.99321,131.83348,161.21532,164.23838,110.44717,187.02212,135.57988,121.6081,181.26229,139.5459,173.65604,159.7536,176.11911,129.11728,167.62065,172.24135,122.8413,131.95196,140.50072,153.55303,118.67219,132.73991,182.95361,170.14086,137.12144,108.8,142.76901,152.31037,160.31269,150.38195,109.70828,136.05338,181.95675,135.99078,122.56235,162.60683,155.47837,172.73129,133.29563,165.82241,152.45852,125.27202,144.57834,160.58098,115.90421,155.398,137.59916,179.893,171.68915,154.70164,196.99232,124.26661,177.9103,169.2207,161.90583,177.44646,195.94636,149.39984,139.56617,113.09557,140.20808,141.72867,140.38362,149.01563,168.16513,152.04336,173.87206,112.08942,157.69187,146.78094,147.43347,184.73933,153.89886,166.57943,172.28762,121.18977,157.28611,178.58356,153.60622,158.37456,148.48021,146.67497,131.84533,111.85622,120.19804,133.35111,185.11959,143.24902,153.4065,156.43688,161.41933,1
124.72399,140.42511,123.19409,132.5957,129.52184,128.37921,164.23611,138.74407,155.04904,134.18966,0.0,152.28137,109.21709,123.88402,137.57931,162.44369,139.64639,170.96585,172.74377,122.22551,157.27922,177.80311,147.78739,165.39501,150.25273,133.32059,162.23862,188.13711,165.42415,142.56331,161.94136,165.70911,163.68203,162.69406,161.60314,171.87312,137.37437,151.70382,124.32557,129.60894,147.37834,113.97123,122.93246,161.00278,181.35048,175.89968,133.37544,154.43317,117.46721,118.15508,171.49577,165.43768,151.41763,131.24291,121.34579,185.68905,152.40637,174.53059,198.22105,178.25364,116.87154,175.60507,155.59198,124.75018,177.65824,113.88382,155.75035,167.93248,153.38096,162.01455,162.03084,177.23817,123.71616,173.44815,185.64508,156.96902,115.84829,151.44979,165.32783,151.92427,122.01328,159.32729,163.76512,134.64805,132.42873,110.90493,130.50663,172.86075,153.86905,127.63664,147.77913,181.87232,158.63922,124.2418,129.29908,163.88435,150.60369,164.69046,133.63272,136.64587,129.11014,136.0979,134.63062,149.57497,178.50211,127.82986,186.16891,167.9122,175.61832,173.60119,154.98019,179.54906,178.25072,136.94496,189.84161,203.13937,160.59525,139.75721,147.27255,107.22206,152.66334,131.936,123.5021,166.23592,158.86885,185.29912,128.03245,127.50878,177.33504,119.91568,168.57856,120.73861,147.46834,176.73506,138.33397,136.50605,191.1248,133.2556,128.54182,141.8098,166.76675,163.31503,139.08712,154.22746,143.16041,174.7372,109.78836,161.13758,165.96935,174.08306,1
131.95591,155.07455,175.41282,152.30057,130.62851,144.7539,112.59243,123.70114,168.49649,173.71212,152.28137,0.0,150.25467,175.57904,115.10748,133.51978,176.47228,189.12182,192.91653,171.21531,168.98861,196.01841,140.49795,114.76931,152.57975,149.72373,146.50194,158.11317,196.62627,110.17843,138.27607,153.80051,177.39986,120.04405,194.79672,192.6157,177.60538,184.79856,140.99976,159.92547,174.49299,149.22604,130.75788,116.13058,159.25383,163.00462,181.73953,119.01001,145.43971,163.73547,119.55792,114.00445,112.19961,169.36713,170.42597,170.64564,161.8558,199.37349,170.1823,137.38265,142.81121,169.47766,125.71668,163.89387,134.64507,165.52832,192.24697,122.21044,158.80017,121.87022,144.92865,150.18109,175.85205,155.32442,174.30328,193.45227,168.10366,154.63723,160.27873,183.98754,140.99328,110.03534,131.56909,140.12259,177.30032,142.29776,122.40672,165.15978,144.83791,164.00695,155.03427,151.22125,172.23869,151.28195,137.98619,154.77564,102.11792,189.3349,132.34775,121.73572,149.97746,131.77375,118.61993,183.32301,184.7313,136.45819,163.71709,137.55618,179.39062,123.32058,181.43762,152.3733,162.91089,115.91981,175.62072,177.56469,157.53668,141.32846,183.79106,146.02109,154.86469,134.66099,128.77977,139.81792,150.75414,171.02317,161.85665,128.97547,197.12881,132.47867,118.89239,139.30229,107.90634,155.01844,160.37556,116.68982,176.75226,120.39129,127.76959,131.3125,172.90326,188.48287,169.68824,191.65347,152.49382,131.1219,145.15492,152.78056,157.2942,166.00979,1
127.60796,131.20896,128.07537,123.379,132.78442,119.5348,162.68445,140.94578,145.91326,128.16527,109.21709,150.25467,0.0,125.95015,135.15175,155.68188,133.06242,162.32451,164.30932,120.98089,148.11435,169.25992,139.61214,164.27263,141.22969,124.1619,154.05653,180.55825,158.38584,141.31187,154.57835,157.10624,154.65554,157.91753,154.877,163.48138,131.76211,144.68319,116.20663,120.99082,139.16235,121.98446,124.35295,156.73607,173.15258,167.14334,141.1424,149.28566,108.8524,127.18795,168.71702,164.00054,147.31007,124.56768,120.17993,176.91643,143.18931,166.65728,190.25836,172.41739,109.30846,166.53442,149.49936,117.8957,172.21176,120.80027,149.6525,163.40302,144.20128,156.87697,153.9824,169.61712,126.89905,165.1066,176.68554,150.89978,121.04449,142.36328,156.33908,144.69794,114.12362,158.38333,157.34644,126.34684,128.62009,114.70245,127.84847,163.88162,145.48114,120.15053,138.6196,174.51477,149.54891,115.03256,134.57,155.14329,148.83382,156.60967,137.66356,131.87769,119.91353,129.10575,134.30359,142.626,169.33509,120.46352,177.90641,161.02691,166.4071,172.73987,146.90777,171.8748,169.60603,136.15174,180.97826,194.88919,151.59793,131.33682,140.91861,112.67515,143.59213,124.62572,122.44304,158.9618,150.20561,176.48832,119.93972,129.78964,168.93021,119.99431,164.94016,125.89809,144.38162,168.61164,129.28941,133.68975,182.25664,130.08621,130.57067,134.72364,157.5568,155.27254,131.07202,148.33742,134.01594,169.50719,115.73886,152.42153,157.15413,165.10484,1
148.39763,148.03915,108.36452,141.33601,152.95995,141.78022,187.77431,162.4198,158.22055,125.96879,123.88402,175.57904,125.95015,0.0,160.59081,180.45585,131.58408,168.07165,168.39387,109.00036,160.79815,173.83272,162.42355,189.0785,160.29608,143.56253,176.33924,203.78241,155.2243,166.13067,178.57821,177.8342,164.64111,183.81821,150.62491,167.32529,126.83919,142.90604,140.64421,132.88367,144.37119,133.96947,146.81647,182.68581,194.94155,186.81322,126.11293,175.12707,133.43299,125.59071,194.4238,189.02051,173.25398,126.25381,109.04071,196.23837,158.4296,167.11194,212.46584,197.84707,134.91878,183.86424,174.91594,123.63699,197.86014,114.81058,143.3211,189.33217,161.09496,182.69527,176.62389,192.90331,103.19487,186.60264,194.74483,144.31778,110.30498,160.75019,174.85671,143.87267,139.05587,183.0461,182.43801,149.58741,118.55401,134.74995,153.32193,182.17859,167.44036,126.98818,156.34643,198.22665,160.80349,134.17426,151.37576,175.29459,174.01104,158.99032,156.54557,157.82489,139.38505,154.1708,158.39837,140.82613,180.74141,145.51518,199.40198,185.59209,179.47039,197.36554,150.20662,195.01773,189.7763,160.61819,199.64089,216.16867,170.26684,153.92322,136.84145,130.97369,162.05338,149.54093,146.94667,183.02452,170.92723,195.59448,129.47341,151.28276,172.52984,143.61634,190.85436,143.45202,170.12605,190.71041,142.49585,159.28177,200.8575,155.77609,152.35081,159.53519,171.00821,157.54189,136.70571,141.34092,152.40377,195.256,133.06054,172.80514,176.82564,183.3658,2
120.5526,143.17763,160.77271,139.14471,121.45621,131.2094,127.61281,119.43818,157.92991,159.13027,137.57931,115.10748,135.15175,160.59081,0.0,134.15225,162.23225,178.45115,181.93159,156.10808,158.85607,185.54583,132.68884,129.43798,143.47215,136.87139,142.81576,161.2036,183.63407,107.57094,136.96293,149.429,167.25606,127.31692,181.44447,181.50209,163.02777,171.24959,126.76729,145.8356,161.55473,136.36621,117.77918,124.67781,159.13324,159.69502,168.34973,120.98926,130.5376,150.48548,133.93037,128.97109,115.45662,154.81791,155.31958,168.5226,151.76276,187.60354,172.93454,144.73346,127.82017,164.31814,125.55107,149.12018,143.08723,151.11299,178.35953,131.78204,149.47698,127.61356,141.60394,151.53627,160.96899,153.39201,171.09216,179.58627,153.42665,145.51465,154.14829,170.57292,126.43049,123.83326,133.69128,128.12111,162.35057,128.15141,107.30478,160.23706,138.38973,149.46238,144.86322,154.23423,161.85734,136.97587,129.22058,149.51096,113.78477,177.34427,125.34681,109.968,136.37732,120.47614,108.38113,169.64402,176.7632,122.7347,163.98106,139.39267,171.84738,138.00588,168.86677,153.92465,160.46383,106.56721,173.44409,179.59478,150.54676,130.70874,169.74721,131.71579,146.04469,121.95838,114.24599,139.98228,144.73614,168.65095,147.4749,118.23706,186.34298,118.21233,131.27275,127.6334,110.09081,154.475,147.52384,102.0246,174.67649,105.53355,117.28085,122.45167,164.39502,176.36821,156.02514,177.63015,141.52107,139.76456,131.27986,147.06284,152.10615,161.26341,1
153.81256,140.21727,183.71855,142.61965,155.49839,139.10403,139.57783,152.87096,147.15623,167.3808,162.44369,133.51978,155.68188,180.45585,134.15225,0.0,167.52074,165.9851,170.30885,173.11134,146.48779,171.97665,120.46171,142.89512,130.75991,139.67773,115.6947,127.20388,179.97118,137.65727,106.00875,122.82276,153.96572,116.61537,179.71373,170.35964,170.78892,171.4052,139.87372,152.64977,159.70498,166.81247,149.98967,120.06691,125.82374,130.33756,195.78447,114.64405,147.24893,179.18699,134.70855,140.85197,121.69936,163.36147,172.58363,137.25516,140.37264,178.49707,138.79568,118.70353,146.38724,138.2122,108.62763,160.52673,120.34605,176.04064,179.83247,120.31069,136.02906,113.72629,113.91676,117.42496,182.01638,122.08298,141.30079,180.83581,176.72159,132.31627,131.0364,170.079,141.66824,141.5717,103.51477,131.23995,174.15337,156.66543,137.06053,133.87695,119.60208,158.78036,135.22419,120.33215,149.93876,147.19004,163.18304,124.9202,134.85222,169.80077,159.49049,127.85222,142.79655,126.57708,142.51487,170.6711,156.4444,135.23464,130.43933,105.55112,150.73275,148.99346,164.51502,119.79508,129.73695,140.37218,142.20981,145.48169,130.13113,127.87972,172.93851,159.20282,131.78227,131.09177,144.35618,106.30015,122.87953,137.70423,155.90786,151.97385,173.76929,148.13075,127.14164,160.19178,128.11445,121.50309,147.561,133.32408,143.31289,134.12438,151.15304,120.9918,146.42434,169.40323,158.60615,180.00003,135.57448,119.40098,160.13119,123.96637,127.00937,134.48492,1
160.30504,127.56026,139.73123,125.56841,165.5004,131.99276,188.94879,172.88969,130.40085,105.90464,139.64639,176.47228,133.06242,131.58408,162.23225,167.52074,0.0,136.57413,136.81319,123.45355,132.93748,142.24977,147.07683,191.23294,139.31627,128.54242,157.91305,185.06428,125.8389,169.55435,163.59133,156.6739,134.63287,176.84335,121.96254,135.74972,105.28902,112.22849,135.51838,116.57697,113.84575,153.61353,156.52574,177.26877,174.06099,163.40546,157.61266,168.15024,132.62077,152.49274,192.06312,190.40662,169.34786,108.5046,123.90468,171.81398,133.284,136.17301,191.38536,186.22003,135.65448,158.00403,165.10579,115.17676,187.51173,141.48293,116.69955,182.52762,137.26267,174.78634,158.84334,174.98793,134.75912,165.83745,168.99449,117.95434,137.84894,138.7861,151.05784,112.77117,135.84197,185.94759,170.45696,138.36684,113.54244,147.75869,155.66373,157.46937,149.61969,113.29182,134.48767,180.92552,131.87987,125.25969,167.62886,153.56888,175.62415,127.47566,170.56229,154.9131,126.88243,146.28105,164.32281,110.0605,150.68626,140.0425,177.78072,171.51639,150.40338,199.79283,118.6635,176.65184,166.81919,165.46563,174.29566,193.45372,147.17539,140.10223,107.89235,145.39688,139.94087,142.37875,153.00296,167.75758,150.56865,170.94984,114.80679,162.15357,140.99201,151.73934,186.42859,158.94375,169.10694,170.64597,120.12166,160.32416,175.39046,156.70092,162.76852,149.64898,142.73317,126.0248,109.2531,115.60973,132.4626,185.81519,148.4615,151.70263,154.27938,158.52659,1
185.20146,135.63518,176.07798,141.67381,190.01092,149.44351,199.98328,194.73029,120.64188,142.10476,170.96585,189.12182,162.32451,168.07165,178.45115,165.9851,136.57413,0.0,104.44699,159.60626,120.24049,107.18892,149.284,202.97702,136.93768,142.9351,150.98775,171.39283,122.61068,185.88237,160.21415,145.40409,112.0799,180.83186,125.95513,104.87451,141.63083,126.97255,155.19352,141.37897,124.18544,184.30538,180.576,182.99994,158.70844,145.74107,193.9344,174.00471,157.22934,186.7433,198.8885,201.46711,178.39028,142.47586,159.93344,150.29052,127.3046,113.67088,173.03363,182.66154,159.87594,136.49174,168.29785,147.52612,185.42984,176.45576,132.03627,185.68328,130.81004,178.06234,152.6559,164.3712,171.22188,152.53496,145.23547,132.04663,173.36134,134.96055,136.68414,125.50729,156.96413,199.13978,169.49699,150.38612,150.05823,175.81583,174.13168,138.75038,146.92797,144.10076,134.08759,170.14591,116.90089,148.33545,194.47674,142.38461,189.13428,111.05301,195.4534,168.74932,145.36112,158.0949,183.85749,128.59716,118.98671,157.11278,160.44997,167.41899,122.27989,210.81854,117.91646,164.9879,149.20625,183.85493,150.50928,172.13469,136.10094,148.00064,133.22683,174.75645,135.04693,156.69328,175.16741,162.84582,143.16746,149.13991,143.08736,185.98339,108.02029,175.73222,191.73557,186.4613,181.23433,157.41843,133.71769,176.44635,151.19579,173.64457,186.15558,157.81021,120.69324,112.18536,132.52772,133.81939,136.95399,185.1692,177.71577,142.45429,141.21698,139.19753,1
187.9415,138.87958,176.53371,144.49431,192.82415,152.40696,203.92033,197.84129,124.44897,142.54114,172.74377,192.91653,164.30932,168.39387,181.93159,170.30885,136.81319,104.44699,0.0,160.16026,124.28764,105.44763,153.32085,206.88445,140.98922,145.95955,155.37986,175.79454,119.73022,189.40617,164.56378,149.84298,116.346,185.02881,123.56528,101.14733,141.6612,126.2351,158.09196,143.31987,125.45073,186.27946,183.37312,187.13324,163.10455,150.12926,194.4163,178.08746,159.6825,188.02628,203.03051,205.40798,182.33678,143.35813,160.54646,154.48705,131.24767,109.36882,177.27672,187.07346,162.41721,140.80874,172.46533,148.79928,189.82013,177.50239,130.23779,189.92907,134.9226,182.2756,157.03962,168.81706,171.57154,156.97579,149.32577,130.08572,174.2224,139.04285,141.12865,124.93576,159.76276,202.9458,173.81822,153.81601,150.09476,178.10587,177.39623,143.14804,151.16025,145.47586,137.92868,174.5877,120.87721,150.73355,197.04526,146.81447,192.874,109.65485,198.2557,172.31854,148.10679,161.6771,187.11008,128.06894,122.63919,160.27547,164.78326,171.81046,126.36905,214.79067,118.35148,169.42756,153.57938,187.20384,154.54725,176.21391,140.49423,151.67359,132.58134,176.86187,139.18859,160.06983,178.10861,167.24048,147.52392,153.3282,144.72543,188.84322,104.64138,178.4941,195.91914,188.89949,185.01726,161.85285,136.30476,179.91812,155.19386,177.02846,189.06238,161.62749,125.13824,111.04778,133.84061,132.147,140.55092,189.52753,179.86003,146.85126,145.66125,143.57513,1
146.71518,139.25444,116.50001,132.8088,151.64632,134.06988,183.66323,160.6332,149.22641,117.62824,122.22551,171.21531,120.98089,109.00036,156.10808,173.11134,123.45355,159.60626,160.16026,0.0,151.80212,165.5745,154.445,185.24662,151.61854,135.1905,168.09935,195.67441,148.23167,162.27215,170.8663,169.27414,155.75569,177.68939,143.81341,159.1175,119.18282,135.28904,133.74005,124.00601,135.68138,134.84518,144.31314,176.88695,186.50183,178.06858,134.32883,168.87521,126.97939,130.06559,189.48672,184.98122,167.65715,117.40036,100.87976,187.43039,149.46724,159.49714,204.06442,190.90911,128.99115,174.93114,168.08124,114.70933,191.17345,118.73602,136.89642,183.30583,152.20729,176.35271,168.47394,184.85541,111.90938,178.13721,185.83575,138.00015,114.67225,151.99195,166.03493,136.08427,132.4683,179.33968,175.28793,141.94814,111.70962,132.83555,148.81033,173.31379,159.19109,118.00672,147.5579,190.30316,151.84178,126.15398,151.40195,166.65992,169.81159,150.91655,155.85713,152.11489,131.16033,147.27504,155.07477,133.14768,171.82949,138.78814,190.89027,178.10149,170.48972,193.70036,141.85303,186.91641,181.08478,157.03518,190.76701,207.57723,161.47971,146.00015,129.54734,129.37106,153.29343,142.63463,143.27,175.31133,162.40684,186.76688,120.54774,149.33478,164.40907,140.44545,185.38341,142.9348,165.17004,182.35329,133.53973,154.6036,191.97676,150.96326,150.28214,152.4014,162.01178,149.46584,127.84024,135.05479,143.72578,188.73048,132.00979,164.21866,168.1195,174.49496,1
167.62555,117.66621,167.84213,125.09915,172.15165,131.83898,179.74954,175.96475,102.59848,136.61422,157.27922,168.98861,148.11435,160.79815,158.85607,146.48779,132.93748,120.24049,124.28764,151.80212,0.0,127.03241,129.04994,182.75394,116.70771,125.40058,132.27665,156.13412,134.66055,166.1725,140.93711,127.99475,108.43472,160.80118,135.52157,124.17369,138.06846,129.94256,137.63174,128.9246,119.6209,169.48739,162.86895,162.85188,143.96526,131.90823,185.01116,153.80109,141.31746,174.6257,178.75131,181.23221,158.15589,134.86564,151.8417,139.41321,107.14745,132.03586,160.41192,163.95245,143.51616,125.25762,148.20998,137.48025,166.41651,165.63997,138.06569,165.7854,110.65479,158.07404,133.80518,147.5301,163.66868,136.46913,136.15906,138.73568,163.46383,114.7555,120.22229,128.2843,139.71774,178.98955,149.97071,131.15388,145.41327,159.97758,155.0874,125.33868,127.056,133.971,114.0445,153.5421,103.46185,133.12631,177.36508,124.73455,169.06458,123.52131,177.58124,149.00854,128.84957,138.38528,164.77876,130.23516,121.22291,138.58394,146.91449,148.51591,118.81825,190.5783,120.44597,148.61459,135.48127,164.53621,141.52081,161.48706,117.87211,128.17022,134.20295,159.64922,114.9426,137.51933,157.06467,144.0221,124.16041,138.46598,131.84987,168.0166,128.25813,158.20815,171.67157,169.89399,161.12041,141.51601,119.23914,156.87873,142.57664,154.29666,168.04184,137.68815,110.21029,123.30675,124.77242,139.00364,117.51987,165.85327,162.38759,124.01976,124.38594,126.26869,1
192.37476,142.81193,181.96272,148.84951,197.19275,156.63165,206.72986,201.91213,127.64792,147.96244,177.80311,196.01841,169.25992,173.83272,185.54583,171.97665,142.24977,107.18892,105.44763,165.5745,127.03241,0.0,155.95742,209.75609,143.62599,150.12401,156.69759,175.48605,124.24408,192.9556,166.11402,150.69695,118.65334,187.16763,128.38642,106.54945,147.10834,131.64492,162.37911,148.27829,130.65903,191.24388,187.75561,189.46539,162.79504,149.82933,199.84488,180.56886,164.33678,193.28658,205.32337,208.20837,185.14013,148.70504,165.9527,153.25334,134.16311,112.00556,176.11618,188.15047,167.0073,140.17644,174.71426,154.04426,191.06893,182.82774,135.32634,191.89204,137.43516,184.36333,158.40938,169.16383,177.00889,157.21088,147.79023,135.09656,179.5895,141.6123,141.90417,130.36653,164.14102,206.02169,175.49099,157.51248,155.54228,182.87879,181.29283,142.97361,153.24695,150.68319,141.01305,174.78164,123.80171,155.42223,201.62119,147.8242,196.0755,115.0617,202.63452,175.80775,152.52782,165.15347,191.01939,133.49943,120.57693,164.29304,164.07187,173.08405,125.17371,217.51634,123.7359,169.58922,153.15489,190.99355,152.8281,174.51259,141.88083,155.01873,137.99287,181.74939,141.60174,163.83245,182.3559,168.50183,149.09718,152.07329,149.82924,193.16865,102.82498,182.90735,198.09,193.57248,188.14531,161.94853,140.84532,183.54523,153.36522,180.77539,193.3433,164.71178,125.82207,116.4718,139.05355,137.28104,144.02812,190.98183,184.72537,148.1721,146.41119,143.25333,2
147.15256,119.78438,166.76826,122.55645,150.54987,120.72943,150.78665,151.65211,129.01266,147.13833,147.78739,140.49795,139.61214,162.42355,132.68884,120.46171,147.07683,149.284,153.32085,154.445,129.04994,155.95742,0.0,153.84382,112.34672,119.7239,114.46098,141.38088,160.53034,139.2938,116.77908,118.65338,137.31363,132.24221,159.88134,153.16103,150.45679,151.19371,123.49992,132.60103,139.57046,155.5889,142.49907,133.96188,133.57562,129.2699,180.7476,124.79664,130.76077,165.71091,149.85007,152.26122,129.21495,143.23023,154.01697,138.92313,122.11092,160.64976,150.66283,139.16467,130.91623,132.06458,119.625,140.98445,140.64539,160.40676,159.565,137.54609,118.52285,129.67455,114.39413,130.48177,164.35666,125.69243,140.15081,160.59913,160.24307,114.34531,121.61492,149.92934,125.77641,150.37905,123.5118,113.26993,154.26258,144.98314,131.26287,128.23452,106.46065,138.90272,115.83565,135.8582,132.44366,128.30784,157.32208,117.72391,140.82222,151.22749,155.59921,122.87443,123.35715,114.06094,140.08635,150.36355,144.47497,120.31442,138.38163,124.5513,139.34464,161.55983,144.94045,132.62031,131.07263,139.06539,143.49957,155.35511,117.8582,108.50867,152.50816,146.48944,114.42752,116.61702,136.19295,121.14421,112.59153,138.73955,135.98961,146.43149,157.29574,138.93594,142.95303,151.82547,132.78657,129.00276,127.10113,130.92878,144.78754,129.39758,146.04053,110.25085,132.43536,150.63815,138.14477,159.65661,115.2773,139.25598,148.26577,115.0253,120.23097,129.35616,1
142.85677,169.53369,188.23131,167.01849,140.11602,159.51676,103.31848,131.09041,182.43613,188.41111,165.39501,114.76931,164.27263,189.0785,129.43798,142.89512,191.23294,202.97702,206.88445,185.24662,182.75394,209.75609,153.84382,0.0,166.13902,164.40516,157.60282,163.57475,211.24974,122.99652,148.46866,164.99244,191.1028,126.61683,209.49575,206.63646,192.30701,199.53356,155.74276,174.69174,189.13392,160.37379,142.85884,122.86267,167.34975,173.2269,192.82224,129.98731,159.96788,174.92246,113.4767,102.23666,124.62889,184.07365,184.43543,179.82382,175.67397,213.62223,175.41024,140.25542,157.25645,180.69646,136.61822,178.51178,136.58819,178.0904,207.01134,125.39925,172.34886,129.35196,155.89976,157.59711,189.10856,164.90879,184.15077,208.21521,181.03311,168.16751,172.26902,198.70425,155.67327,106.11457,140.12202,154.70801,191.78782,154.90693,136.6051,176.33654,157.45097,178.71219,168.95876,157.16353,186.07762,166.02532,146.35115,166.44375,115.69231,203.68581,140.0153,136.48314,164.73931,146.3281,130.78417,198.07339,197.32021,151.22709,171.32477,145.61632,191.81167,108.5825,195.97915,159.49452,172.55695,128.46548,184.70431,183.19416,170.04134,155.58372,198.56036,158.72032,168.26667,149.38164,142.16087,148.89858,162.9532,180.36882,176.59517,139.72624,210.99715,145.49431,118.69975,149.86088,122.42019,163.62947,175.02781,131.18718,185.73395,134.89427,138.50424,145.33208,185.90118,202.876,184.44303,206.42255,166.71246,133.39394,157.41267,164.75821,168.84159,177.05818,2
155.09639,112.55024,165.92743,119.06902,159.12323,121.95303,163.10422,161.62288,116.79527,140.74074,150.25273,152.57975,141.22969,160.29608,143.47215,130.75991,139.31627,136.93768,140.98922,151.61854,116.70771,143.62599,112.34672,166.13902,0.0,117.32841,118.69457,145.79639,149.21139,150.51872,125.70745,117.83916,124.97571,144.25437,149.03658,140.84793,143.50649,141.17039,126.92675,127.82329,129.45091,160.41208,150.3019,146.18781,135.30654,126.5636,181.57863,137.09972,132.84682,168.38398,162.08886,164.5824,141.51662,137.45185,151.3756,136.14979,109.87195,148.46774,152.86985,148.99826,134.11393,125.37821,131.62578,137.08096,151.05204,161.26638,149.65617,149.37233,106.2231,141.58069,119.78322,135.68374,162.68701,126.93922,135.48031,150.58683,160.18756,102.06666,115.12286,139.74459,129.31312,162.53155,134.14367,117.72612,148.85062,150.07891,140.70801,122.66725,111.22192,134.22244,104.86137,141.64748,120.1151,127.10055,165.1982,115.06259,152.77605,139.28484,164.42496,133.50524,121.7255,123.2308,150.14436,140.67732,133.37404,125.958,139.45777,133.63193,128.73211,173.89988,133.77678,137.33699,129.48038,149.53108,139.93053,155.98713,110.37885,113.29835,143.50277,150.71103,102.70832,123.63929,144.1184,129.41701,111.30706,135.60292,131.38595,154.93779,144.94902,146.07497,155.07625,158.63129,144.77058,131.54888,119.5519,141.57015,141.19412,139.41803,154.75686,121.47097,120.93023,138.79556,130.06428,150.03646,107.89465,150.12546,153.01873,112.75042,116.53636,123.89029,1
