Vértice_1,Vértice_2,Vértice_3,Vértice_4,Vértice_5,Vértice_6,Vértice_7,Vértice_8,Vértice_9,Vértice_10,Vértice_11,Vértice_12,Vértice_13,Vértice_14,Vértice_15,Vértice_16,Vértice_17,Vértice_18,Vértice_19,Vértice_20,Vértice_21,Vértice_22,Vértice_23,Vértice_24,Vértice_25,Conjuntos
0.0,155.65619,146.19615,156.90749,139.0898,115.53103,155.08182,152.63935,148.78939,129.51254,166.74546,138.08865,151.44871,158.33868,177.70027,157.98076,128.06798,131.23919,129.9234,103.4204,178.68328,153.78461,170.15485,183.62509,144.92511,1
155.65619,0.0,115.73282,106.55303,140.1413,153.49866,102.5907,121.96483,126.72606,162.55423,169.32057,146.23604,117.42454,106.9897,161.56486,116.28012,161.94473,141.87477,185.15853,159.02873,136.21411,131.35247,172.03698,180.15936,112.41477,1
146.19615,115.73282,0.0,121.38223,124.41905,148.28134,117.25093,110.03453,134.84947,147.8505,176.08144,130.54989,106.23075,114.02306,172.52578,111.9314,147.38327,126.73167,176.10472,149.60735,151.43587,140.84573,179.15284,189.02616,105.77039,1
156.90749,106.55303,121.38223,0.0,145.5045,152.92954,104.25842,128.41435,121.80755,166.60513,164.01063,151.4535,123.81103,113.16902,155.256,122.79113,165.89177,146.47471,185.81389,160.19587,130.07264,125.72572,166.60521,174.23011,117.0077,1
139.0898,140.1413,124.41905,145.5045,0.0,148.77481,141.51613,122.57657,153.95869,126.61308,190.23723,106.26827,124.95156,137.68453,191.70123,130.95193,126.64626,107.94466,166.01289,141.89649,175.29406,160.38687,193.59117,205.22271,128.57488,1
115.53103,153.49866,148.28134,152.92954,148.77481,0.0,152.23882,156.71441,139.44016,144.59796,151.31423,149.41659,154.30296,157.83696,163.58693,160.1034,143.16545,141.63368,134.68102,116.25548,169.63151,143.22562,154.70714,168.24352,145.21956,1
155.08182,102.5907,117.25093,104.25842,141.51613,152.23882,0.0,124.16888,124.22843,163.23241,166.7929,147.52868,119.55587,109.57271,158.99421,118.80297,162.57089,142.81535,184.38192,158.42583,134.28074,128.77614,169.49299,177.57093,113.22749,1
152.63935,121.96483,110.03453,128.41435,122.57657,156.71441,124.16888,0.0,144.5082,148.68613,186.071,128.75805,104.69998,117.0696,181.81677,108.51484,148.51133,127.66173,182.19452,155.97351,158.07957,150.32281,189.12218,198.81343,115.6022,1
148.78939,126.72606,134.84947,121.80755,153.95869,139.44016,124.22843,144.5082,0.0,167.75945,142.62717,158.70045,139.94766,133.64,138.02022,141.7368,166.67928,151.60153,174.10806,151.50729,130.25572,106.43582,145.41166,154.3445,129.08074,1
129.51254,162.55423,147.8505,166.60513,126.61308,144.59796,163.23241,148.68613,167.75945,0.0,194.66367,121.23537,150.21712,161.86397,202.30172,156.71331,101.44517,121.27811,146.4818,130.3432,194.37988,173.88307,198.11305,211.21084,150.14373,2
166.74546,169.32057,176.08144,164.01063,190.23723,151.31423,166.7929,186.071,142.62717,194.66367,0.0,193.39686,181.73262,176.25936,123.35346,184.19684,193.28562,185.37101,177.64404,167.52887,155.49471,138.35052,103.45221,116.99059,170.4787,1
138.08865,146.23604,130.54989,151.4535,106.26827,149.41659,147.52868,128.75805,158.70045,121.23537,193.39686,0.0,131.2191,143.93339,196.1074,137.17608,121.47257,108.10416,163.25914,140.56093,181.07686,165.13495,196.79244,208.78814,134.46142,1
151.44871,117.42454,106.23075,123.81103,124.95156,154.30296,119.55587,104.69998,139.94766,150.21712,181.73262,131.2191,0.0,113.11219,177.14675,106.77189,149.91332,128.95178,181.25939,154.83555,153.61853,145.69996,184.74973,194.28201,111.30703,1
158.33868,106.9897,114.02306,113.16902,137.68453,157.83696,109.57271,117.0696,133.64,161.86397,176.25936,143.93339,113.11219,0.0,168.41372,109.95572,161.40537,140.69421,188.17321,161.75342,141.41302,138.34183,178.997,187.14132,113.42669,1
177.70027,161.56486,172.52578,155.256,191.70123,163.58693,158.99421,181.81677,138.02022,202.30172,123.35346,196.1074,177.14675,168.41372,0.0,177.74458,201.05627,188.62719,194.80935,179.37804,137.11566,131.75313,122.99664,121.83289,166.77523,1
157.98076,116.28012,111.9314,122.79113,130.95193,160.1034,118.80297,108.51484,141.7368,156.71331,184.19684,137.17608,106.77189,109.95572,177.74458,0.0,156.45814,135.50087,187.84646,161.3809,151.32669,146.98667,187.07968,195.88063,115.38607,1
128.06798,161.94473,147.38327,165.89177,126.64626,143.16545,162.57089,148.51133,166.67928,101.44517,193.28562,121.47257,149.91332,161.40537,201.05627,156.45814,0.0,120.96426,145.33969,128.90318,193.48789,172.77571,196.73433,209.85007,149.53,1
131.23919,141.87477,126.73167,146.47471,107.94466,141.63368,142.81535,127.66173,151.60153,121.27811,185.37101,108.10416,128.95178,140.69421,188.62719,135.50087,120.96426,0.0,158.13342,133.99083,175.44133,158.01295,188.77419,200.86606,129.58968,1
129.9234,185.15853,176.10472,185.81389,166.01289,134.68102,184.38192,182.19452,174.10806,146.4818,177.64404,163.25914,181.25939,188.17321,194.80935,187.84646,145.33969,158.13342,0.0,126.50544,204.31253,177.83141,180.60513,194.15946,174.78633,1
103.4204,159.02873,149.60735,160.19587,141.89649,116.25548,158.42583,155.97351,151.50729,130.3432,167.52887,140.56093,154.83555,161.75342,179.37804,161.3809,128.90318,133.99083,126.50544,0.0,181.53266,156.32962,170.90801,184.47769,148.34191,1
178.68328,136.21411,151.43587,130.07264,175.29406,169.63151,134.28074,158.07957,130.25572,194.37988,155.49471,181.07686,153.61853,141.41302,137.11566,151.32669,193.48789,175.44133,204.31253,181.53266,0.0,126.84824,156.75232,158.91281,146.73379,1
153.78461,131.35247,140.84573,125.72572,160.38687,143.22562,128.77614,150.32281,106.43582,173.88307,138.35052,165.13495,145.69996,138.34183,131.75313,146.98667,172.77571,158.01295,177.83141,156.32962,126.84824,0.0,140.8882,148.89887,135.08072,1
170.15485,172.03698,179.15284,166.60521,193.59117,154.70714,169.49299,189.12218,145.41166,198.11305,103.45221,196.79244,184.74973,178.997,122.99664,187.07968,196.73433,188.77419,180.60513,170.90801,156.75232,140.8882,0.0,113.71779,173.52177,1
183.62509,180.15936,189.02616,174.23011,205.22271,168.24352,177.57093,198.81343,154.3445,211.21084,116.99059,208.78814,194.28201,187.14132,121.83289,195.88063,209.85007,200.86606,194.15946,184.47769,158.91281,148.89887,113.71779,0.0,183.28571,2
144.92511,112.41477,105.77039,117.0077,128.57488,145.21956,113.22749,115.6022,129.08074,150.14373,170.4787,134.46142,111.30703,113.42669,166.77523,115.38607,149.53,129.58968,174.78633,148.34191,146.73379,135.08072,173.52177,183.28571,0.0,1
