Vértice_1,Vértice_2,Vértice_3,Vértice_4,Vértice_5,Vértice_6,Vértice_7,Vértice_8,Vértice_9,Vértice_10,Vértice_11,Vértice_12,Vértice_13,Vértice_14,Vértice_15,Vértice_16,Vértice_17,Vértice_18,Vértice_19,Vértice_20,Vértice_21,Vértice_22,Vértice_23,Vértice_24,Vértice_25,Vértice_26,Vértice_27,Vértice_28,Vértice_29,Vértice_30,Vértice_31,Vértice_32,Vértice_33,Vértice_34,Vértice_35,Vértice_36,Vértice_37,Vértice_38,Vértice_39,Vértice_40,Vértice_41,Vértice_42,Vértice_43,Vértice_44,Vértice_45,Vértice_46,Vértice_47,Vértice_48,Vértice_49,Vértice_50,Vértice_51,Vértice_52,Vértice_53,Vértice_54,Vértice_55,Vértice_56,Vértice_57,Vértice_58,Vértice_59,Vértice_60,Vértice_61,Vértice_62,Vértice_63,Vértice_64,Vértice_65,Vértice_66,Vértice_67,Vértice_68,Vértice_69,Vértice_70,Vértice_71,Vértice_72,Vértice_73,Vértice_74,Vértice_75,Vértice_76,Vértice_77,Vértice_78,Vértice_79,Vértice_80,Vértice_81,Vértice_82,Vértice_83,Vértice_84,Vértice_85,Vértice_86,Vértice_87,Vértice_88,Vértice_89,Vértice_90,Vértice_91,Vértice_92,Vértice_93,Vértice_94,Vértice_95,Vértice_96,Vértice_97,Vértice_98,Vértice_99,Vértice_100,Conjuntos
0.0,186.11969,190.67816,145.33284,188.11674,194.84432,151.65275,170.86973,170.39176,102.7368,139.79728,168.36255,124.07701,125.75777,198.24979,177.50528,177.22193,133.47626,181.45395,160.22615,149.92848,111.51618,117.60532,194.65341,158.75854,161.67559,118.50301,177.03529,203.19225,160.90819,177.34574,117.80169,136.83701,194.12479,138.24573,130.33443,121.43492,148.15354,152.70901,191.13689,117.92206,158.22085,180.57702,134.962,172.19463,135.58475,137.24419,160.75468,189.86698,198.61374,153.59455,129.24193,183.70509,127.22754,175.718,115.66896,179.30143,173.88908,162.04651,178.96221,114.66441,136.9667,121.89876,181.44007,137.12609,164.50099,160.48279,158.60766,155.70815,132.30535,149.01845,188.00006,160.7034,154.02364,159.21017,142.77975,172.27956,160.7686,137.88783,174.55763,121.03622,154.01535,134.15668,142.19366,133.48822,169.67062,179.41021,200.05502,129.36173,174.61206,192.21329,117.68637,177.8513,191.9883,202.17019,175.91313,111.54069,154.26826,164.86139,140.62413,1
186.11969,0.0,123.17099,207.46447,137.06779,137.77756,156.68008,181.70337,178.13207,185.066,164.94826,117.75802,184.27336,174.78284,144.99783,122.47327,150.3692,156.52126,139.38823,133.99973,151.87016,193.74076,181.78804,158.6917,134.04132,216.81597,174.20576,129.83303,167.95614,125.26143,174.56612,168.50405,150.25693,120.54001,159.10527,169.00878,176.38803,150.66966,191.58064,122.49164,185.96886,191.17679,111.48168,174.37679,131.16158,151.80981,176.48835,131.9697,158.80099,162.12384,136.88123,179.74247,108.37043,187.74662,166.7055,191.03528,110.88249,126.96639,152.37138,112.88571,171.75699,154.12239,174.26727,105.27058,174.71259,147.59026,152.33365,168.46612,133.5932,187.76628,200.14246,122.33263,133.51885,180.35232,142.96463,144.42891,189.65447,212.41399,185.34163,164.64921,169.9008,159.41931,188.97414,165.3401,152.63504,183.41912,141.03748,160.52531,185.84266,152.73099,121.21587,195.75971,131.54092,160.92962,163.81879,137.49761,184.25687,203.44115,141.62724,180.50959,1
190.67816,123.17099,0.0,201.84148,115.42453,114.66483,148.7558,166.99512,163.3303,189.00948,179.0935,130.00713,194.75627,173.2609,121.86531,113.17534,132.83912,157.63292,120.50781,151.23001,145.94517,195.91512,190.78162,136.75422,131.98444,208.25686,175.27514,115.69519,145.38851,134.527,157.72598,173.05986,154.05293,143.00652,172.24858,166.93556,186.19696,166.05619,182.2914,100.9923,185.83052,180.41456,115.45906,187.55691,120.09912,160.98416,171.23293,129.93683,137.84526,139.77886,137.0837,176.67693,115.83472,198.74188,149.89685,191.65112,117.38107,117.182,140.78703,115.937,176.05976,165.58413,174.11471,121.68825,188.39564,135.71351,141.42865,156.88371,135.16029,199.87443,192.5877,145.50064,130.16504,170.15383,161.11913,154.45644,175.20127,203.39674,179.75113,148.10658,178.70255,150.09722,184.50516,159.59804,158.77161,169.13603,122.99646,137.89277,182.60115,136.11029,144.06146,196.34016,116.11198,139.66125,141.12832,121.717,191.74251,194.89259,131.0649,174.13103,1
145.33284,207.46447,201.84148,0.0,192.49494,199.2364,153.08625,149.24042,151.19571,143.23753,182.46481,191.45175,169.38868,134.68156,199.41504,190.35455,175.01724,153.13592,184.89732,193.04966,156.45604,135.04245,162.89771,188.24375,173.62106,116.47156,139.60796,186.14748,193.21509,184.36091,160.57391,150.96725,161.04182,221.8739,178.71828,139.27001,166.04099,186.57217,123.91585,202.64276,129.46925,129.4128,198.12399,179.56107,181.8766,169.27897,131.08157,175.78174,182.92863,190.92444,170.63039,128.52639,201.88973,172.31092,163.84798,129.67889,197.65147,185.39521,161.86426,196.35101,148.80236,174.24335,137.19346,202.19951,181.78481,166.67075,160.91025,147.92189,173.99788,177.47213,112.07195,217.4817,174.51194,134.99766,195.8717,174.18742,145.32541,116.72542,122.27067,164.01399,162.96655,152.01339,118.68404,142.60016,162.85475,146.82646,182.17232,193.44176,122.80853,171.31525,220.62477,128.35743,185.89795,184.08359,194.18845,181.11875,156.86596,114.58855,170.79061,127.71361,2
188.11674,137.06779,115.42453,192.49494,0.0,106.93924,140.44181,153.39387,149.76788,186.10176,183.56635,138.29189,196.08396,167.46787,111.05049,117.8174,119.03811,154.68939,107.60009,159.33239,139.40094,191.60402,191.21127,121.66295,131.09402,197.12073,171.08071,112.78828,130.96266,140.17366,143.29244,171.29938,153.25819,157.49384,176.32353,161.14393,187.35708,171.99861,171.27725,116.39345,180.37129,168.60933,126.87797,191.02859,116.94597,163.09961,163.11466,129.70832,122.42558,125.0677,136.47428,169.71202,128.86787,200.30897,135.6652,186.46848,128.48634,117.47036,130.68705,126.41358,173.96706,168.89168,169.17611,134.25069,192.20062,126.13543,131.76651,145.45109,135.92704,202.20133,182.31848,159.10512,128.8903,158.9876,169.26215,157.68466,161.56494,192.08828,171.05395,134.07437,179.49577,140.66244,176.33666,151.8539,159.07129,155.70336,110.32801,123.62165,175.27579,122.69178,158.28239,190.98311,111.20569,124.28981,126.94099,112.33408,191.10884,184.00184,123.62944,165.16397,1
194.84432,137.77756,114.66483,199.2364,106.93924,0.0,147.36328,158.9623,155.38734,192.86308,188.89253,141.97459,202.21327,174.39687,107.22215,121.82784,125.03489,161.38293,114.4487,163.31781,146.32522,198.48468,197.5044,123.1784,137.25044,203.50864,177.93318,118.5065,131.02307,144.82055,148.32138,177.8951,159.63291,157.65468,181.73465,168.06888,193.50025,176.82957,177.75443,115.44482,187.29714,174.8795,128.92126,196.64962,123.08845,168.94497,170.01243,135.69871,125.39055,125.67996,142.66345,176.64763,130.09902,206.39734,140.97345,193.38801,130.73025,122.79181,137.51499,128.87233,180.61335,174.47483,176.07281,135.84866,197.73724,133.0371,138.63178,151.93859,141.82076,208.12716,188.92718,160.10702,135.07748,165.47087,173.28875,163.22318,167.0595,198.43974,177.89794,139.56267,185.69022,147.50859,183.21683,158.78084,165.27977,161.35459,117.10655,123.53148,182.2001,128.78369,158.72627,197.91001,117.26692,126.7519,126.68847,119.24025,197.58323,190.47615,130.5394,171.99152,1
151.65275,156.68008,148.7558,153.08625,140.44181,147.36328,0.0,130.35664,127.67746,149.23186,162.50629,143.3138,166.15071,127.92301,148.98779,137.53154,125.9531,122.07901,132.94141,153.93571,106.01884,152.76278,159.85659,143.06386,123.14111,160.46424,133.28698,133.06314,151.57075,137.83099,130.25882,137.76262,126.63678,173.97833,155.5009,121.92238,157.9125,157.05599,134.92459,149.55686,140.74269,134.68051,146.2691,166.45191,128.82751,140.42764,122.75302,124.97981,138.2182,146.97348,122.61128,129.36152,150.07164,170.53217,125.87877,146.93773,146.13938,132.48484,110.64509,144.5381,139.44249,147.71282,130.49968,151.4777,168.29257,114.36432,109.18057,114.21563,125.9125,173.89602,144.18792,171.29663,123.24606,123.82774,161.15708,139.74129,136.79173,155.89401,131.04411,124.24378,150.22056,104.05652,136.04376,111.43021,133.0509,131.02005,130.39196,148.4985,134.83744,123.05962,173.31504,151.24172,132.86629,140.33857,150.53279,128.45749,157.70555,147.02795,117.72573,125.37536,1
170.86973,181.70337,166.99512,149.24042,153.39387,158.9623,130.35664,0.0,103.66562,168.14246,191.16249,171.42143,190.51085,145.32791,156.65274,159.74519,134.41708,149.94156,146.68117,184.15935,136.33456,167.17198,183.64448,141.89263,151.31344,147.60711,153.4245,152.99576,144.88959,167.00852,112.04841,162.2246,156.12638,200.88978,184.52147,142.30234,183.1906,187.07946,125.3876,167.96605,154.62401,119.9381,170.34707,193.69895,150.65547,169.78855,133.63253,152.64131,136.89566,143.66138,152.20852,141.88674,173.93109,194.71709,118.09568,160.05451,170.82547,154.87935,129.73197,168.83515,162.73328,177.01389,149.54544,176.89083,195.7237,134.19815,130.15509,116.22589,155.22959,198.84674,137.20093,199.28231,150.63946,117.2745,191.51364,169.8913,108.20766,142.39695,135.40316,119.39966,176.23778,126.33133,141.10857,131.83071,162.08984,102.62328,144.05874,146.50578,143.84535,130.93516,200.62324,162.83264,151.77052,137.33969,146.56826,145.65832,179.90642,136.37349,140.22968,130.85024,1
170.39176,178.13207,163.3303,151.19571,149.76788,155.38734,127.67746,103.66562,0.0,167.68022,189.18864,168.07845,189.38839,144.6889,153.20371,156.12561,130.77467,147.96968,143.02548,181.23531,133.58331,167.27845,182.58606,138.77964,148.05585,150.46783,152.61339,149.34934,142.30797,163.81738,109.4066,160.92077,153.8429,197.39732,182.4387,141.21419,181.88311,184.64556,127.28196,164.30102,154.61968,122.2493,166.75843,192.05426,147.05429,167.58002,133.31318,149.3261,133.69798,140.74567,149.14742,141.73503,170.32931,193.63926,114.64264,160.23047,167.25841,151.27779,126.32347,165.2572,161.60896,174.83738,148.8021,173.34416,194.0447,130.68758,126.82404,113.85846,152.10241,197.65141,139.2478,195.88127,147.31333,117.79453,188.76798,167.38029,111.87118,145.25387,135.99189,115.83743,174.77018,123.62296,141.83278,130.26144,159.94681,105.97119,140.39831,143.52849,144.17999,127.27759,197.1604,163.23195,148.11434,134.27494,143.75642,141.99826,179.0726,138.8207,136.72588,131.04185,1
102.7368,185.066,189.00948,143.23753,186.10176,192.86308,149.23186,168.14246,167.68022,0.0,140.91309,167.31276,126.34181,123.07335,196.14653,175.84781,174.89237,131.57975,179.36152,160.00717,147.67286,110.5179,119.68118,192.2692,157.04336,159.50335,115.98786,175.17482,200.73267,159.81437,174.67678,116.56464,135.39939,193.62102,138.89165,127.77283,123.03835,148.54979,150.03527,189.48935,115.32624,155.52012,179.22697,136.6173,170.32633,135.13479,134.51432,159.07265,187.44963,196.20482,151.94696,126.50577,182.41738,129.64883,173.12556,113.57964,177.99564,172.12999,159.6776,177.59075,113.32419,137.05239,119.27752,180.31535,138.81089,162.23617,158.12038,155.95786,154.17224,134.67277,146.55045,187.62309,158.94892,151.28742,159.44669,142.18962,169.54415,158.46247,135.19211,171.98767,121.74217,151.51725,131.54929,139.61937,132.46513,166.9372,177.27726,197.68279,126.70365,172.23222,191.75908,116.13409,175.94386,189.55123,199.76356,173.86072,113.83469,151.8128,162.75214,137.88879,1
139.79728,164.94826,179.0935,182.46481,183.56635,188.89253,162.50629,191.16249,189.18864,140.91309,0.0,149.7006,123.11987,151.58981,194.61239,167.37792,181.25153,141.23111,179.3583,131.38227,157.41599,151.27057,124.81908,198.29167,153.38608,197.94792,144.11842,170.78116,208.37466,144.59142,192.76434,132.4184,135.94987,164.88869,107.3772,151.1194,119.15005,114.49998,182.00456,179.12183,152.9964,185.93909,164.71734,109.831,166.8589,122.35402,162.48376,154.28591,194.88117,202.62379,148.51174,158.00691,166.43103,125.14258,187.91316,153.85293,162.89446,166.19367,169.42555,163.67899,133.94866,115.29505,147.58726,161.88996,109.79114,168.90504,167.99317,175.35373,148.06726,123.6272,182.75536,157.69469,155.55235,177.79589,124.97834,126.03026,195.67554,195.9026,167.90199,186.05004,119.54946,166.39987,166.86346,159.53181,129.45539,191.03746,178.47365,202.91034,161.64143,180.30105,162.51726,157.00629,172.40063,197.38487,205.83829,173.71599,130.50861,187.92369,165.74007,167.47878,1
168.36255,117.75802,130.00713,191.45175,138.29189,141.97459,143.3138,171.42143,168.07845,167.31276,149.7006,0.0,167.45848,157.92679,148.67862,120.48084,144.89438,139.35903,137.06768,121.38599,137.77959,176.06604,164.53846,157.87662,120.31359,201.90074,156.7772,126.60618,168.01714,107.56105,166.43458,150.75325,132.69299,130.88621,143.21747,152.43213,159.31631,136.19216,177.46181,129.88701,168.65457,177.8866,115.04734,158.64158,124.97376,134.35509,160.87551,118.79877,156.37504,161.93122,121.30318,163.25809,116.85008,171.12933,159.0136,173.55625,113.19971,121.95754,141.77696,114.15249,154.00874,137.3857,157.07855,113.22783,159.25724,137.82443,141.26785,156.57529,117.83837,171.59609,185.01052,128.03208,120.78536,167.06422,131.34994,127.06531,178.88412,197.77442,169.65583,156.85857,152.53345,146.67695,172.80141,150.3232,134.87705,172.74039,137.56718,161.14967,169.31292,146.11821,130.055,178.26125,128.57507,158.81529,164.43226,132.86464,166.72709,188.71321,131.93075,165.26691,1
124.07701,184.27336,194.75627,169.38868,196.08396,202.21327,166.15071,190.51085,189.38839,126.34181,123.11987,167.45848,0.0,145.78251,206.96127,182.01401,189.39917,144.38755,190.55334,152.48354,162.55521,134.78551,107.01648,207.09712,165.00329,185.75114,137.43994,183.70904,216.57823,160.99129,195.02674,128.65155,143.14702,186.94021,126.12015,148.21471,108.73061,136.431,175.35078,194.97682,141.44079,180.44073,181.84261,114.36989,179.18451,133.77727,157.82226,166.51552,202.89527,211.32771,159.61072,150.9061,184.21405,104.3894,191.87318,139.74468,180.19637,179.63436,175.33556,180.51769,127.78609,130.15968,141.40588,180.48416,115.96847,176.37176,173.76285,176.32385,160.44571,108.53139,172.79634,179.94172,167.19963,174.65551,147.63253,140.60031,193.18976,184.80228,160.41416,190.34662,116.66085,169.42274,157.46218,159.33973,137.03232,189.72732,189.06324,212.21323,152.39331,187.54757,184.66387,141.37794,185.00005,205.25659,214.78055,184.76686,112.53773,178.07191,174.88906,162.04191,1
125.75777,174.78284,173.2609,134.68156,167.46787,174.39687,127.92301,145.32791,144.6889,123.07335,151.58981,157.92679,145.78251,0.0,176.64669,160.58787,153.85679,118.73779,160.20208,158.38799,128.0764,124.89855,138.79585,170.67752,142.20477,148.09153,108.35043,158.13183,178.60433,150.57073,151.61009,119.30759,126.43805,187.76669,146.50035,106.36088,139.27539,153.0421,130.58138,173.91087,112.91583,135.06516,166.56923,151.40258,153.37508,135.14643,112.04226,144.41097,165.65542,174.42295,138.18582,106.62501,170.18738,149.83729,150.31458,119.07002,165.77904,156.0971,138.56558,164.80877,118.62693,140.84724,104.38573,169.59842,153.59286,141.97275,137.09909,132.9369,141.29044,154.27035,131.79738,183.06793,143.6053,128.92899,161.63395,139.58352,147.44696,145.25579,116.34369,149.29553,133.47095,129.47218,116.45366,117.16089,128.30856,144.29238,157.81607,176.14466,111.87422,150.8361,186.3918,123.51825,158.46341,167.61191,177.98119,155.16564,134.64894,136.76873,143.87932,116.43187,1
198.24979,144.99783,121.86531,199.41504,111.05049,107.22215,148.98779,156.65274,153.20371,196.14653,194.61239,148.67862,206.96127,176.64669,0.0,128.28524,124.3979,164.97857,116.80009,169.92495,148.81574,201.15335,201.97634,117.6332,142.03627,202.54311,180.82825,123.83123,124.33411,151.03755,145.3717,181.73074,163.99888,164.81768,187.37325,170.40821,198.23101,182.95127,177.14138,122.62188,189.55464,173.76202,136.03185,202.06989,127.94842,174.10887,171.20657,140.71322,120.93583,119.40524,147.38572,178.3226,137.30523,211.2073,138.56742,195.71577,137.81232,128.46855,138.60748,135.90265,184.30358,179.93879,178.67632,143.03544,203.24864,134.69742,139.91197,151.58166,146.94581,213.17133,188.65363,167.32824,139.8252,164.96043,179.88532,168.7347,164.55263,197.40007,178.6685,137.46354,190.34303,148.53473,184.20394,160.37724,169.93008,159.1538,118.91451,116.94346,183.63044,128.11357,165.91871,200.12455,122.24966,121.76921,119.9411,122.44501,201.68782,189.79105,133.39454,172.6999,1
177.50528,122.47327,113.17534,190.35455,117.8174,121.82784,137.53154,159.74519,156.12561,175.84781,167.37792,120.48084,182.01401,160.58787,128.28524,0.0,127.92748,144.52974,117.62216,141.64169,133.9535,182.86451,177.84518,138.11182,118.86256,197.866,162.26051,107.42367,148.04445,123.02652,152.14785,159.88596,140.89045,142.74278,160.32662,154.3123,173.39467,155.03991,172.06295,113.64301,173.00867,170.87007,111.01614,175.45406,109.21156,148.31443,159.41876,116.78258,137.33472,141.98881,123.91105,164.33913,114.3118,186.06753,144.26758,178.75121,112.04533,105.10825,131.16675,109.85901,162.88454,153.32241,161.23575,118.32831,176.42683,126.13752,131.43604,147.54593,122.02749,187.41482,181.71752,143.04882,117.1299,160.24394,151.60027,142.08816,167.81682,193.17619,168.11422,142.22919,165.80303,139.49828,172.57595,147.79463,145.72133,161.59891,118.86699,140.96989,170.34627,130.26375,143.05134,183.46074,109.25674,139.63886,144.27987,115.04026,178.65703,184.42953,120.54068,162.70006,1
177.22193,150.3692,132.83912,175.01724,119.03811,125.03489,125.9531,134.41708,130.77467,174.89237,181.25153,144.89438,189.39917,153.85679,124.3979,127.92748,0.0,145.30301,112.34766,163.17794,127.4248,178.71517,183.63457,117.71738,128.92325,178.54277,159.06112,120.5363,127.31953,143.43854,124.92986,162.06997,146.68266,170.65928,173.88339,147.86949,180.79943,172.17537,152.91134,133.82458,166.61616,149.8618,138.94144,187.13953,120.16544,159.14316,147.26678,128.86536,113.67005,121.92854,133.04512,154.77573,142.09472,193.77237,117.06497,172.8175,139.91399,123.94987,115.31508,137.74573,164.20254,165.96435,156.42028,146.21159,188.68046,113.0443,116.82945,127.21765,134.35769,196.51988,164.30828,170.60715,127.05881,140.66949,172.4519,155.60058,142.61038,173.45122,154.42643,115.27528,172.85682,124.74026,160.05683,136.97879,153.24007,136.69027,109.88096,122.96493,159.8062,103.76903,170.90242,177.03922,118.86744,116.1488,125.39325,112.88947,182.29518,165.6092,115.58146,148.44754,1
133.47626,156.52126,157.63292,153.13592,154.68939,161.38293,122.07901,149.94156,147.96968,131.57975,141.23111,139.35903,144.38755,118.73779,164.97857,144.52974,145.30301,0.0,148.18604,140.55845,118.17076,138.37536,138.38713,163.01521,125.66723,165.46877,117.94792,143.59508,172.29647,131.92487,152.00854,116.8738,108.10811,169.02891,134.61222,114.00944,135.98315,138.31023,144.12605,158.15759,129.46865,146.82293,149.0562,144.47511,138.74675,120.25485,124.72972,127.7727,158.64245,167.18405,120.84536,124.60969,152.52413,148.77687,147.95733,134.75033,148.07276,140.6237,130.95109,147.33557,119.32676,127.29234,117.75045,151.41588,146.36845,132.26855,129.37658,134.15742,123.53662,151.93666,148.62983,164.38602,127.47788,137.49245,145.13487,122.45451,154.73606,162.04722,132.63461,146.29841,128.19835,125.69252,134.53417,118.58022,112.45502,149.88331,146.2762,168.24984,130.46016,143.24846,167.66177,139.49558,144.37903,160.9648,170.67967,142.56106,137.07556,153.12251,131.71527,129.82142,1
181.45395,139.38823,120.50781,184.89732,107.60009,114.4487,132.94141,146.68117,143.02548,179.36152,179.3583,137.06768,190.55334,160.20208,116.80009,117.62216,112.34766,148.18604,0.0,157.24038,132.20465,184.52919,185.40673,120.80924,126.06827,189.67108,164.11477,110.5241,130.98468,137.51475,137.2195,164.96099,147.45634,159.90526,172.02575,153.90839,181.82651,168.59327,163.7863,121.49587,173.11703,161.2543,128.26726,186.33732,112.83165,158.19131,155.56529,125.07323,119.71257,124.89953,131.25009,162.2649,131.01852,194.83737,129.39163,179.24456,129.53904,115.11596,123.09015,127.35229,167.51252,164.37204,162.06242,135.73635,187.63524,118.59602,124.18584,137.97528,131.29658,196.99281,174.75926,160.60981,123.86823,151.50064,166.9992,153.33039,154.88568,184.66286,163.46445,127.62293,173.90111,133.07236,168.7687,144.36777,153.54987,148.90062,102.77089,124.35364,167.77709,115.74928,160.39071,183.71806,108.55041,122.02908,127.56606,105.78805,184.96878,176.50718,116.6164,157.56907,1
160.22615,133.99973,151.23001,193.04966,159.33239,163.31781,153.93571,184.15935,181.23531,160.00717,131.38227,121.38599,152.48354,158.38799,169.92495,141.64169,163.17794,140.55845,157.24038,0.0,147.91725,170.0914,151.41214,177.88365,134.78337,205.99398,154.26571,147.10505,188.1442,119.85292,181.61958,144.72726,132.4504,134.67064,126.41396,154.50039,145.55934,116.89818,184.15159,151.03723,166.0722,186.07409,135.90807,141.08135,144.5332,125.076,165.19032,134.42465,175.75469,182.07756,132.29721,164.7484,136.78877,155.46229,174.93419,169.60353,133.98403,142.30532,156.19773,135.29308,147.80908,123.70601,156.02238,131.60609,141.16726,153.48979,155.22401,168.14354,129.76552,154.7761,189.1854,128.01931,136.34904,175.81975,109.97108,118.95088,190.71362,202.60439,173.18616,172.80813,140.62015,157.89053,174.73456,157.02849,130.29641,184.94417,157.28055,181.58166,170.2477,163.59982,132.519,173.94454,149.01744,178.26425,184.80616,152.38821,155.23286,193.66387,148.366,170.20735,1
149.92848,151.87016,145.94517,156.45604,139.40094,146.32522,106.01884,136.33456,133.58331,147.67286,157.41599,137.77959,162.55521,128.0764,148.81574,133.9535,127.4248,118.17076,132.20465,147.91725,0.0,152.3429,156.53086,145.06379,117.918,164.95106,132.0728,130.44226,154.17822,132.02878,135.58775,134.72323,121.47092,168.58362,150.29333,121.74366,154.11422,151.35924,139.85241,146.67628,140.97196,140.11184,141.87525,161.87328,125.84878,135.15795,125.46587,119.91588,140.55871,149.17245,116.7804,130.80672,145.67069,166.94427,130.51064,147.06938,141.57019,129.07873,112.78061,140.11466,136.78483,142.42044,129.86767,146.6216,163.63529,114.57309,111.20814,120.22963,120.1526,170.03364,148.35471,165.66598,118.37262,129.30733,155.19492,134.00281,142.80897,160.55297,134.19151,128.68907,146.27107,110.00376,138.64399,113.85768,128.04696,137.0338,129.90819,150.37795,136.67211,125.14992,167.83146,151.5852,130.58785,142.84774,152.69377,127.09005,154.9248,151.57109,115.80418,128.92232,1
111.51618,193.74076,195.91512,135.04245,191.60402,198.48468,152.76278,167.17198,167.27845,110.5179,151.27057,176.06604,134.78551,124.89855,201.15335,182.86451,178.71517,138.37536,184.52919,170.0914,152.3429,0.0,128.75478,195.5718,164.01353,151.51253,120.6749,181.43071,203.38978,168.51167,175.1261,125.73197,143.53886,203.29234,149.40822,130.87156,132.92185,159.039,146.17662,196.46725,112.7415,152.11159,187.18119,146.4028,176.58768,145.06677,134.22441,166.13736,190.53362,199.2967,159.20699,125.70222,190.52719,137.4143,174.67942,107.18763,186.07643,178.80525,163.40628,185.49293,122.50077,147.42807,122.47703,188.84266,148.54652,166.61306,161.91798,156.98056,161.76151,142.60728,140.44976,197.47772,165.75735,149.91266,169.87045,151.89765,167.32529,151.14834,132.20691,173.81154,132.24391,154.36185,127.28172,142.02561,141.57672,165.61871,182.25061,201.04024,123.47206,175.72917,201.50412,106.69072,181.99797,192.46378,202.85254,179.27111,122.48739,145.53599,167.98925,136.32393,1
117.60532,181.78804,190.78162,162.89771,191.21127,197.5044,159.85659,183.64448,182.58606,119.68118,124.81908,164.53846,107.01648,138.79585,201.97634,177.84518,183.63457,138.38713,185.40673,151.41214,156.53086,128.75478,0.0,201.35177,160.26069,179.18438,130.46126,179.04805,210.6836,157.71045,188.39308,122.13489,137.97753,186.08183,125.83507,141.37834,105.97447,136.41349,168.34326,191.06216,134.58451,173.42428,178.48815,118.00316,174.41785,130.25068,150.83785,161.90051,197.02691,205.54421,154.84581,143.88963,181.07983,111.07592,185.44635,133.21919,176.92523,175.15402,169.29657,177.07597,120.99406,128.03645,134.42461,177.71715,120.03889,170.59028,167.71555,169.63783,155.98514,115.54665,165.94492,179.31266,162.42721,167.69074,147.8312,137.47317,186.22303,178.09406,153.40912,183.97044,112.11313,163.01441,150.52558,152.64791,132.2603,182.82219,183.79285,206.53852,145.43205,181.63556,183.90609,135.20097,180.24161,199.35189,209.02651,179.63699,106.30272,171.2252,169.44837,155.03186,1
194.65341,158.6917,136.75422,188.24375,121.66295,123.1784,143.06386,141.89263,138.77964,192.2692,198.29167,157.87662,207.09712,170.67752,117.6332,138.11182,117.71738,163.01521,120.80924,177.88365,145.06379,195.5718,201.35177,0.0,145.14014,189.19111,176.34741,131.29899,110.28085,158.06721,129.96773,179.75886,164.26435,179.15028,190.91468,164.90483,198.48224,188.44238,164.85782,137.67628,183.21512,160.61514,148.18604,204.52606,133.35127,176.40748,162.92969,144.61855,105.32381,104.33246,149.79395,170.90971,150.4311,211.46689,124.59553,189.40156,149.66125,135.92427,132.61166,147.51417,181.84558,183.05926,173.52041,155.64671,206.006,130.76161,134.1819,140.86358,150.58939,214.15964,176.77836,180.58284,143.06769,153.24646,187.54988,172.39459,149.27928,183.98147,169.18946,124.23727,190.53322,141.21082,175.04761,153.55751,170.7718,144.4996,120.61208,105.47411,175.48831,120.04163,179.906,193.44113,129.32377,104.62449,107.68396,125.52236,199.97761,177.11696,132.66687,163.27626,1
158.75854,134.04132,131.98444,173.62106,131.09402,137.25044,123.14111,151.31344,148.05585,157.04336,153.38608,120.31359,165.00329,142.20477,142.03627,118.86256,128.92325,125.66723,126.06827,134.78337,117.918,164.01353,160.26069,145.14014,0.0,182.79905,143.43829,118.79234,155.34874,115.8795,147.24633,141.26871,122.5169,150.83898,146.03014,136.05571,156.28052,143.37277,157.76429,132.49481,154.37591,157.81524,124.58644,160.27234,114.1827,132.15265,142.56099,102.209,142.17196,149.46495,105.41494,146.47142,128.31388,169.21819,140.27746,160.02197,124.03373,115.17075,121.97671,122.81156,144.19251,138.32045,142.55819,128.77683,161.56806,118.76017,121.26953,136.26656,105.46547,171.13611,166.10143,148.34508,102.21403,146.96522,143.7116,127.36966,158.64745,178.4499,151.41066,138.13489,148.44654,126.38606,155.30635,131.30519,128.03005,152.53845,125.08767,149.58923,152.56047,128.94704,150.20602,164.74787,120.00296,144.70476,152.58278,120.35945,160.52308,169.44865,113.63818,146.48002,1
161.67559,216.81597,208.25686,116.47156,197.12073,203.50864,160.46424,147.60711,150.46783,159.50335,197.94792,201.90074,185.75114,148.09153,202.54311,197.866,178.54277,165.46877,189.67108,205.99398,164.95106,151.51253,179.18438,189.19111,182.79905,0.0,154.24558,192.72439,192.45402,195.22804,159.6456,165.90208,173.56606,232.73112,193.76506,151.49396,182.11061,201.01479,125.97165,209.13379,145.20164,128.78926,206.69329,195.55584,188.91111,183.23529,141.27151,184.84791,184.03081,191.20618,180.63808,141.5105,210.49685,188.73757,164.69676,146.00676,206.48069,192.77461,167.47333,204.94988,164.03528,188.7345,151.31043,211.56134,197.78808,172.54372,166.84908,151.69859,184.09482,193.88763,116.95686,228.93677,183.32092,138.20107,209.70927,187.45296,141.42156,105.21422,132.85275,165.40108,178.5912,158.39156,131.68707,151.62782,176.30575,144.9875,186.90019,193.99598,136.68976,174.77507,231.70295,144.82869,192.1462,184.72388,194.16593,186.75307,173.21627,113.43975,177.50231,136.65274,2
118.50301,174.20576,175.27514,139.60796,171.08071,177.93318,133.28698,153.4245,152.61339,115.98786,144.11842,156.7772,137.43994,108.35043,180.82825,162.26051,159.06112,117.94792,164.11477,154.26571,132.0728,120.6749,130.46126,176.34741,143.43829,154.24558,0.0,160.75978,184.74947,149.23966,159.13672,111.73011,124.13739,185.49372,139.54402,111.85492,130.97595,146.97708,138.65005,175.83979,112.02638,143.32576,166.99783,143.32356,155.91512,129.81482,120.38314,145.58455,171.49413,180.25557,138.76507,114.09988,170.44658,141.51463,157.25149,116.84612,165.99298,158.14598,143.79465,165.28038,110.47437,134.64994,103.96694,169.16604,145.53182,146.55945,142.24977,140.3256,141.48206,145.92231,138.6529,180.2745,145.13637,137.23377,156.36218,135.32529,155.76357,151.8969,124.0171,156.066,125.46003,135.52984,122.78896,123.71679,124.04144,152.48078,161.915,181.77443,117.61231,156.32374,183.92522,121.58558,161.34527,173.58015,183.81593,158.76094,126.48381,143.80664,147.51777,124.73572,1
177.03529,129.83303,115.69519,186.14748,112.78828,118.5065,133.06314,152.99576,149.34934,175.17482,170.78116,126.60618,183.70904,158.13183,123.83123,107.42367,120.5363,143.59508,110.5241,147.10505,130.44226,181.43071,179.04805,131.29899,118.79234,192.72439,160.75978,0.0,141.41205,127.61587,144.96169,159.79768,141.26969,150.16029,163.54621,151.77585,174.99829,159.27682,166.78385,116.51152,170.86218,165.15375,118.41597,178.30545,104.85356,150.47731,155.59391,117.19351,130.15024,135.32675,124.20627,161.24431,121.57671,187.89087,137.05882,176.80174,119.46568,104.81049,125.35327,117.2813,162.61768,156.14999,159.28849,125.75176,179.45169,120.25174,125.88125,141.64926,123.32432,189.6426,176.93689,150.42013,116.64872,154.73153,156.95837,144.92616,161.1344,187.9123,164.07374,135.05563,167.1999,134.4469,168.88187,143.97426,146.80212,154.95027,111.49466,134.5806,167.10887,123.00197,150.47432,181.44057,101.97583,132.51044,137.84868,107.67827,179.27188,179.33089,115.37271,158.43843,1
203.19225,167.95614,145.38851,193.21509,130.96266,131.02307,151.57075,144.88959,142.30797,200.73267,208.37466,168.01714,216.57823,178.60433,124.33411,148.04445,127.31953,172.29647,130.98468,188.1442,154.17822,203.38978,210.6836,110.28085,155.34874,192.45402,184.74947,141.41205,0.0,168.33759,132.93387,188.88215,173.99811,188.25748,200.99807,173.09233,208.02059,198.68404,169.40487,146.25218,190.83929,164.5572,157.80128,214.43795,143.61166,186.38537,169.97471,154.87023,113.69159,106.08668,159.92156,178.22366,159.81705,220.95978,129.7011,196.974,159.35523,146.09113,141.47517,157.24002,190.82169,193.11578,181.71718,165.20542,215.95789,140.24671,143.06127,147.24251,160.80607,223.794,181.41073,190.06501,153.29489,158.51268,197.82435,182.53736,151.34927,187.2521,175.48912,130.03887,200.09352,149.25802,181.4298,161.45192,180.5596,147.49727,130.887,107.50114,182.38997,129.04826,189.14629,200.81771,139.4421,111.33203,104.40497,135.80009,209.04269,181.1262,142.65255,169.71953,2
160.90819,125.26143,134.527,184.36091,140.17366,144.82055,137.83099,167.00852,163.81738,159.81437,144.59142,107.56105,160.99129,150.57073,151.03755,123.02652,143.43854,131.92487,137.51475,119.85292,132.02878,168.51167,157.71045,158.06721,115.8795,195.22804,149.23966,127.61587,168.33759,0.0,163.10697,143.25018,125.13841,137.57135,137.72362,145.20407,152.66741,132.01458,171.21695,134.5916,161.13912,172.01466,120.85163,153.05834,124.737,127.46043,154.04134,115.04374,155.90345,162.28152,115.24841,156.03702,123.3772,164.80216,156.04178,166.00582,119.2301,122.81041,137.85192,119.54746,146.50007,131.24075,149.60629,120.53786,153.87045,134.52288,137.10699,151.5985,111.92393,165.6004,178.29196,133.85657,117.06004,161.2758,129.49455,120.39146,174.16288,191.22592,162.75163,153.89048,145.63204,141.4536,165.68362,143.85331,127.42408,168.1256,137.45601,161.8676,162.06074,144.06019,136.476,170.70761,129.47047,158.41192,165.06608,132.55375,159.61894,182.1544,129.02957,158.57852,1
177.34574,174.56612,157.72598,160.57391,143.29244,148.32138,130.25882,112.04841,109.4066,174.67678,192.76434,166.43458,195.02674,151.61009,145.3717,152.14785,124.92986,152.00854,137.2195,181.61958,135.58775,175.1261,188.39308,129.96773,147.24633,159.6456,159.13672,144.96169,132.93387,163.10697,0.0,166.37803,156.8778,194.4627,185.75061,147.39509,187.16293,186.85105,136.66831,158.71471,162.39137,131.63962,163.08553,196.48138,143.49203,170.65443,140.9074,148.14349,125.09719,131.61975,149.34185,149.428,166.45741,199.35113,107.91241,168.20436,163.82936,147.63394,125.42399,161.72608,167.43614,177.9356,155.49135,170.07236,198.37508,128.66856,126.42205,118.83089,151.91098,203.09628,148.64636,193.64075,146.10693,126.62841,189.82419,169.48443,119.3464,154.43363,144.59631,109.91892,179.73533,126.39008,150.51666,135.77048,163.30914,114.67165,134.81076,134.4813,152.45122,121.98557,194.46392,171.46492,143.47309,125.38099,134.52223,137.32318,185.34252,148.19735,134.5039,139.305,1
117.80169,168.50405,173.05986,150.96725,171.29938,177.8951,137.76262,162.2246,160.92077,116.56464,132.4184,150.75325,128.65155,119.30759,181.73074,159.88596,162.06997,116.8738,164.96099,144.72726,134.72323,125.73197,122.13489,179.75886,141.26871,165.90208,111.73011,159.79768,188.88215,143.25018,166.37803,0.0,119.07191,177.56559,127.86363,120.07563,120.97036,135.73784,149.88057,173.49194,122.03193,154.19716,162.77609,132.24024,154.99296,119.67073,130.7777,143.2018,175.28042,183.88963,136.00924,125.6131,165.91687,132.98956,163.31193,124.91619,161.50766,156.43833,147.41354,161.16054,103.26641,123.45203,115.18877,163.75207,134.403,149.06441,145.8278,147.70458,137.9848,136.76703,150.38082,171.81558,143.28233,147.06952,145.66981,126.22183,165.49956,163.62087,135.53036,161.83806,114.31882,140.88031,134.5182,130.74252,115.94658,161.61164,163.10712,185.03349,129.33069,159.87182,175.79344,129.2174,160.73468,177.55653,187.40423,159.28807,120.22831,155.52506,148.56236,135.55928,1
136.83701,150.25693,154.05293,161.04182,153.25819,159.63291,126.63678,156.12638,153.8429,135.39939,135.94987,132.69299,143.14702,126.43805,163.99888,140.89045,146.68266,108.10811,147.45634,132.4504,121.47092,143.53886,137.97753,164.26435,122.5169,173.56606,124.13739,141.26969,173.99811,125.13841,156.8778,119.07191,0.0,161.57064,128.87398,122.08233,134.438,131.10321,152.06662,154.46454,136.10302,154.5245,143.83984,140.68057,136.55719,113.79534,132.80114,124.33403,160.32114,168.54563,117.14488,132.54613,147.08135,147.46472,151.97904,140.86897,142.64418,137.64243,133.70895,142.19515,122.17386,121.08058,124.81666,145.31403,142.35429,133.81802,132.22612,140.00023,118.92443,149.92289,156.73664,156.67116,124.62481,144.85182,137.23151,114.556,161.48771,170.15516,140.73962,150.13855,126.48662,130.59681,142.51215,125.7642,106.64683,156.32002,145.91949,169.26642,138.27882,145.21364,160.10321,145.56921,142.36966,162.75559,171.93956,141.678,138.00796,161.22623,131.79569,137.86844,1
194.12479,120.54001,143.00652,221.8739,157.49384,157.65468,173.97833,200.88978,197.39732,193.62102,164.88869,130.88621,186.94021,187.76669,164.81768,142.74278,170.65928,169.02891,159.90526,134.67064,168.58362,203.29234,186.08183,179.15028,150.83898,232.73112,185.49372,150.16029,188.25748,137.57135,194.4627,177.56559,161.57064,0.0,160.82313,182.63916,180.21833,150.63683,208.33786,142.20986,197.51957,208.63948,131.75294,174.71927,150.98647,158.54046,191.59962,149.06888,179.33975,182.4966,152.18819,193.45613,128.90394,189.69393,186.67329,201.84725,130.75403,146.89807,171.21128,132.9149,180.79166,158.28619,186.38725,124.46005,174.43895,166.71046,170.95543,186.78566,148.7235,188.51472,215.81533,107.41035,150.92067,197.79501,140.02765,151.44002,208.65275,228.64482,200.32239,184.57879,175.17593,177.16417,203.18996,181.19643,161.89797,202.43636,161.48899,180.78875,199.42454,172.83828,102.5461,206.41852,151.93214,181.45979,184.05764,157.77033,189.82749,219.5798,160.67152,196.08078,2
138.24573,159.10527,172.24858,178.71828,176.32353,181.73465,155.5009,184.52147,182.4387,138.89165,107.3772,143.21747,126.12015,146.50035,187.37325,160.32662,173.88339,134.61222,172.02575,126.41396,150.29333,149.40822,125.83507,190.91468,146.03014,193.76506,139.54402,163.54621,200.99807,137.72362,185.75061,127.86363,128.87398,160.82313,0.0,145.38047,119.86091,110.57847,176.54731,172.31356,149.41867,180.19258,158.14141,115.42411,159.56827,115.14159,156.86558,146.95841,187.50895,195.24676,141.13708,153.05345,160.04428,129.05488,180.75405,151.05504,156.35666,158.99411,162.17706,157.0272,129.92177,107.95906,142.73221,155.74908,116.14706,161.57205,160.75979,168.5832,140.7296,128.66758,178.10052,153.85584,148.20161,171.66393,121.99739,118.69831,189.29445,191.42165,162.83538,178.86868,117.21012,159.43592,162.305,153.10134,122.51252,184.49539,171.1173,195.53837,157.15401,172.9585,158.5566,154.63465,165.14233,190.01384,198.46288,166.37049,130.61493,183.18168,158.36592,161.94345,1
130.33443,169.00878,166.93556,139.27001,161.14393,168.06888,121.92238,142.30234,141.21419,127.77283,151.1194,152.43213,148.21471,106.36088,170.40821,154.3123,147.86949,114.00944,153.90839,154.50039,121.74366,130.87156,141.37834,164.90483,136.05571,151.49396,111.85492,151.77585,173.09233,145.20407,147.39509,120.07563,122.08233,182.63916,145.38047,0.0,140.96532,150.82804,131.26022,167.59301,119.22849,134.83942,160.52361,152.14354,147.02487,132.61961,111.51803,138.26461,159.96184,168.73361,132.23211,110.8331,164.17649,152.44069,145.3971,125.33633,159.79137,149.78227,132.55469,158.75683,120.43167,138.97939,108.6287,163.792,154.26398,135.77733,131.05532,128.56496,135.42918,156.54606,134.71419,178.21831,137.39077,127.04021,158.59461,136.07712,145.42768,148.17675,118.71622,144.22323,134.32647,123.83457,120.60403,111.86299,125.19585,141.59077,151.5481,170.35766,116.88345,144.95673,181.36278,129.84237,152.10258,161.98965,172.29548,148.83264,137.9756,139.33308,137.54053,116.64836,1
121.43492,176.38803,186.19696,166.04099,187.35708,193.50025,157.9125,183.1906,181.88311,123.03835,119.15005,159.31631,108.73061,139.27539,198.23101,173.39467,180.79943,135.98315,181.82651,145.55934,154.11422,132.92185,105.97447,198.48224,156.28052,182.11061,130.97595,174.99829,208.02059,152.66741,187.16293,120.97036,134.438,180.21833,119.86091,140.96532,0.0,130.43938,169.5285,186.43637,137.00099,174.30122,173.507,113.57963,170.46267,125.28766,151.19926,157.80543,194.33153,202.72538,150.88519,144.91906,175.98085,113.02687,183.72973,136.54494,171.89649,170.94812,166.8842,172.14387,120.72204,122.38549,134.90396,172.43588,115.78004,167.78773,165.31872,168.58773,151.75418,115.98619,168.12948,173.41049,158.47523,167.81307,141.85675,132.30379,186.31096,180.68516,154.7072,182.15016,107.96002,161.29548,152.40916,151.66902,128.30174,182.54919,180.34673,203.57322,147.20377,179.01358,178.02506,139.07923,176.27979,196.70848,206.16619,176.03965,111.36229,173.40616,166.20329,155.70147,1
148.15354,150.66966,166.05619,186.57217,171.99861,176.82957,157.05599,187.07946,184.64556,148.54979,114.49998,136.19216,136.431,153.0421,182.95127,155.03991,172.17537,138.31023,168.59327,116.89818,151.35924,159.039,136.41349,188.44238,143.37277,201.01479,146.97708,159.27682,198.68404,132.01458,186.85105,135.73784,131.10321,150.63683,110.57847,150.82804,130.43938,0.0,182.01226,165.99862,157.74966,185.06431,151.22537,124.26198,155.80866,118.2328,162.29491,143.82724,185.5398,192.75365,139.18623,159.66681,152.64758,139.06012,181.12118,160.04128,149.35194,154.53226,162.15281,150.33005,138.27519,112.32884,149.70864,147.85263,124.27471,160.69138,160.87857,170.8784,137.90732,138.0237,184.8342,143.55083,145.39402,175.77746,111.42234,117.36767,192.58805,198.29776,169.12261,179.1139,127.24042,161.10379,169.33549,156.74935,125.91543,187.3654,168.0702,192.71117,164.34768,171.78545,148.31451,163.89622,161.03478,188.07188,195.78709,163.18378,141.10505,189.74926,156.63273,167.4451,1
152.70901,191.58064,182.2914,123.91585,171.27725,177.75443,134.92459,125.3876,127.28196,150.03527,182.00456,177.46181,175.35078,130.58138,177.14138,172.06295,152.91134,144.12605,163.7863,184.15159,139.85241,146.17662,168.34326,164.85782,157.76429,125.97165,138.65005,166.78385,169.40487,171.21695,136.66831,149.88057,152.06662,208.33786,176.54731,131.26022,169.5285,182.01226,0.0,183.1714,134.89133,106.18793,181.17132,181.95014,163.04144,163.78014,119.74446,159.72436,159.57683,167.33603,156.18721,124.60997,184.97121,179.13924,140.29753,139.05515,181.06364,166.96001,141.50514,179.448,149.10906,170.23836,134.82619,186.36125,184.14916,146.58088,140.90269,125.82769,159.64604,183.88017,112.00615,205.07201,158.08184,112.28978,189.2576,166.56937,122.4442,121.1336,114.94135,140.65966,164.03607,132.56772,118.91475,127.46056,156.18981,123.04216,161.01642,169.94265,123.36001,149.14542,207.49116,140.70236,166.1826,160.57691,170.53005,160.78422,163.38544,112.72502,151.61786,114.61761,1
