Vértice_1,Vértice_2,Vértice_3,Vértice_4,Vértice_5,Vértice_6,Vértice_7,Vértice_8,Vértice_9,Vértice_10,Vértice_11,Vértice_12,Vértice_13,Vértice_14,Vértice_15,Vértice_16,Vértice_17,Vértice_18,Vértice_19,Vértice_20,Vértice_21,Vértice_22,Vértice_23,Vértice_24,Vértice_25,Vértice_26,Vértice_27,Vértice_28,Vértice_29,Vértice_30,Vértice_31,Vértice_32,Vértice_33,Vértice_34,Vértice_35,Vértice_36,Vértice_37,Vértice_38,Vértice_39,Vértice_40,Vértice_41,Vértice_42,Vértice_43,Vértice_44,Vértice_45,Vértice_46,Vértice_47,Vértice_48,Vértice_49,Vértice_50,Vértice_51,Vértice_52,Vértice_53,Vértice_54,Vértice_55,Vértice_56,Vértice_57,Vértice_58,Vértice_59,Vértice_60,Vértice_61,Vértice_62,Vértice_63,Vértice_64,Vértice_65,Vértice_66,Vértice_67,Vértice_68,Vértice_69,Vértice_70,Vértice_71,Vértice_72,Vértice_73,Vértice_74,Vértice_75,Vértice_76,Vértice_77,Vértice_78,Vértice_79,Vértice_80,Vértice_81,Vértice_82,Vértice_83,Vértice_84,Vértice_85,Vértice_86,Vértice_87,Vértice_88,Vértice_89,Vértice_90,Vértice_91,Vértice_92,Vértice_93,Vértice_94,Vértice_95,Vértice_96,Vértice_97,Vértice_98,Vértice_99,Vértice_100,Conjuntos
0.0,190.93926,161.27169,150.8844,127.12388,123.40995,144.41446,146.85899,161.12287,135.14648,157.77492,115.76274,146.33634,125.75862,172.90196,157.32527,116.00637,168.57655,147.36597,124.76191,118.31678,139.51505,130.89293,151.66406,151.92818,149.20403,133.91632,192.42632,119.76639,123.25176,156.08299,168.58464,129.13531,180.50654,151.93528,110.20889,115.76467,157.77402,149.79396,143.57634,156.87697,162.49437,116.04898,154.23859,151.10327,126.25836,116.28042,147.09401,143.4921,134.93832,161.79724,175.10834,162.09325,172.49597,153.54164,155.23835,148.46544,166.72519,125.30691,126.54684,127.66613,138.49767,184.82765,162.08356,148.58497,126.18391,181.2172,181.86391,130.3907,142.14923,156.90612,117.31479,130.01353,135.97613,127.75344,153.16092,134.44117,126.73124,152.08821,180.35676,119.22011,181.05531,172.59879,144.22131,143.72826,152.95794,123.55217,163.6217,169.21746,138.83059,111.80226,116.16897,132.60165,147.62234,139.1858,177.47521,116.65122,165.52519,113.82692,128.67504,1
190.93926,0.0,190.83112,164.07211,217.95438,196.92302,191.0688,144.16313,190.53199,198.45834,165.89298,206.37861,162.36109,216.62319,134.9267,152.01426,189.46651,161.35132,143.58412,196.25622,177.67499,172.12714,196.71349,177.93407,190.38138,151.0732,170.57686,101.56674,190.65716,214.08671,193.38864,133.24511,219.22962,123.93157,184.3513,197.4536,194.40209,149.71455,161.69563,232.93622,166.68086,157.15231,175.92327,177.91295,196.04116,211.85942,190.68238,205.16999,152.85023,169.74708,155.29554,144.79271,133.52111,193.39237,145.29432,137.09936,192.47016,172.29058,216.16608,216.02776,191.27618,156.80929,115.18358,193.55342,167.44486,192.76653,116.62478,109.08217,172.35211,157.65802,136.1341,187.27082,165.81024,214.30298,190.16805,168.31277,171.11254,164.63287,141.51808,118.45988,198.00304,122.11377,164.76283,148.61518,194.52393,175.67101,178.48961,130.48762,148.15363,225.74966,198.78964,178.77923,218.63567,163.19217,163.95468,118.40129,200.40624,131.43118,186.1614,204.26565,2
161.27169,190.83112,0.0,128.12756,172.73961,184.30956,117.67315,161.50863,100.30363,131.33465,124.93848,170.97315,132.13785,172.29639,196.34738,192.27547,175.54484,208.11474,162.86107,140.12168,146.48214,188.00396,134.30698,114.73019,207.38321,143.53712,181.28362,192.29655,179.40986,174.42085,106.92345,157.58601,181.76293,196.53206,205.07277,156.36738,176.76593,191.09423,131.03335,194.78147,200.8605,200.50752,163.06964,113.62406,208.56078,185.30851,145.62239,207.33452,146.26429,134.0219,135.64971,204.53006,159.01831,225.29345,148.22255,173.76188,114.10751,212.0109,175.51675,181.31477,134.64673,173.19953,194.95661,102.72724,125.74722,185.8539,174.54248,184.24474,178.86754,179.58257,159.67525,143.97418,171.77354,196.7045,134.19403,198.44482,182.24201,153.9514,155.53704,192.5304,180.46021,195.85837,213.16044,153.29763,120.05453,116.12836,139.67994,180.64653,201.27086,194.68072,156.0681,148.41194,190.31124,130.52935,181.76235,172.43086,177.69737,160.07912,147.50144,189.94667,2
150.8844,164.07211,128.12756,0.0,171.67028,170.61391,127.6952,134.2462,127.82515,138.17403,107.49668,164.95568,105.62281,170.74058,168.45711,166.10288,161.057,182.15693,135.58883,140.51867,132.62629,166.05707,138.04541,114.01324,187.14488,115.49515,159.71085,165.59093,164.53169,170.8411,129.51163,131.27207,177.93591,168.40759,183.74329,150.85632,163.91277,164.66891,103.00301,192.35042,176.38627,174.54554,145.58941,114.5218,189.56869,177.13895,140.00663,191.16126,119.26662,115.94647,112.67942,177.02106,131.25549,202.86351,120.12267,146.10152,128.55926,187.35812,172.52425,176.20945,134.07555,148.7737,167.04396,130.72644,103.72479,170.34788,148.41309,156.87069,158.06912,155.05203,131.55158,136.76246,149.79622,186.18466,132.99284,174.51492,160.70434,132.59657,127.47434,164.47672,168.10347,167.74876,187.24352,126.1822,131.41946,112.05673,127.79996,152.64354,174.19564,189.24501,151.39494,134.81973,183.36864,103.77425,158.47957,145.81074,167.02131,132.73451,138.47634,177.54635,1
127.12388,217.95438,172.73961,171.67028,0.0,135.22766,155.21271,173.80612,172.69663,141.48243,177.45247,113.15131,168.2478,101.42754,199.32097,182.55574,135.12538,191.79544,174.37213,133.15277,142.07169,161.94916,138.48449,167.85443,167.35327,173.74396,157.73501,219.45224,136.95889,106.49925,166.19167,194.04486,110.78531,207.40136,169.55586,121.48899,130.88435,183.31931,171.40395,122.04299,179.34017,186.59778,142.91539,170.33628,164.16373,121.63194,131.68226,155.16566,168.74671,156.53837,183.85089,200.56269,188.19398,188.25959,178.68626,182.34736,158.63324,187.76217,105.3417,112.76692,139.47924,165.04566,211.91889,172.54751,168.5995,140.85888,207.66003,208.89003,154.32419,167.96149,183.35672,135.03191,156.11827,134.04696,140.31215,175.42483,157.98869,153.42733,178.32855,207.42344,130.34497,208.01054,195.19914,170.51559,152.71887,169.88391,144.48513,190.69045,194.41177,123.7542,120.58355,140.40234,122.35787,169.08721,164.0032,203.96448,125.2408,191.52991,134.13308,134.33733,2
123.40995,196.92302,184.30956,170.61391,135.22766,0.0,167.73509,155.95001,184.14552,158.36467,177.94349,123.23092,165.43617,133.94008,171.2199,152.31482,109.58706,158.53136,155.8937,147.87915,138.89922,129.4702,154.13523,173.73627,132.26772,165.04221,127.57712,198.25013,106.64332,128.77318,179.35012,181.51374,129.14735,181.1824,134.34622,131.46859,107.64537,153.66701,168.93791,139.17204,145.82626,154.43862,125.72679,176.26453,129.74326,117.31519,139.68598,123.79388,158.56745,155.14553,179.92488,169.96513,173.73671,153.28287,168.01013,159.84826,171.79473,153.17094,130.38622,125.34073,151.07594,140.11688,187.48499,185.25514,168.95994,105.86853,190.78446,188.05021,125.01209,140.23349,167.71748,140.57778,131.19952,117.61907,151.15022,141.90673,127.3868,140.19417,163.99071,182.76073,105.18389,182.20243,161.36112,156.65675,167.1346,174.71274,145.28906,166.85239,163.55267,130.16746,132.64859,136.73778,123.18684,167.01457,134.59174,187.01331,110.28899,177.2514,136.87344,107.6086,1
144.41446,191.0688,117.67315,127.6952,155.21271,167.73509,0.0,154.75105,117.59867,114.20234,129.26533,153.35688,128.70916,154.72499,189.99699,182.63143,159.37015,197.86394,156.04184,122.44861,131.64685,174.79496,116.72822,116.07201,192.81722,140.2528,168.04377,192.61333,163.26376,156.75596,111.72771,158.80673,164.10394,192.28309,191.12546,138.83773,160.11368,181.81754,129.62801,177.23801,189.21966,190.40928,148.4823,117.83879,193.40005,167.77463,128.37809,191.15168,140.39924,124.1515,139.44798,196.88401,157.64811,211.72416,145.90289,167.29183,104.06346,200.32456,157.873,163.64298,117.13505,162.3698,192.33985,117.94383,124.04089,169.7716,175.85752,183.35811,165.25417,168.58444,156.424,127.15759,159.1597,179.36962,116.80453,186.39334,168.94975,142.14171,151.429,189.19314,163.62584,191.92786,202.77469,146.88085,103.85917,118.71375,124.97019,175.17021,192.78553,177.00763,138.47185,133.26746,172.67593,127.93236,169.66228,173.06072,160.56643,159.65361,130.91559,172.9945,1
146.85899,144.16313,161.50863,134.2462,173.80612,155.95001,154.75105,0.0,161.21631,158.24008,140.38471,162.43451,129.46503,172.48213,135.30999,132.29422,147.37501,148.34294,101.35287,153.94358,134.08673,138.61744,155.6487,146.78159,160.36918,119.33008,133.94162,145.67131,149.34653,170.07818,161.19038,126.59571,175.49588,138.15067,155.62274,153.35364,152.03238,130.67077,131.25054,189.51005,144.25045,140.80687,132.41648,148.07274,164.41332,169.15645,147.30227,169.93525,115.24561,130.68983,134.96116,143.02278,118.24228,172.39095,117.61635,112.55033,157.42018,154.70209,172.14654,172.44973,149.924,119.31024,139.99795,163.90708,135.89457,152.93918,135.09042,135.11816,134.11136,124.29415,112.01139,144.05221,125.66644,173.55551,148.90407,143.19558,134.81776,120.49225,109.95624,136.07366,155.98042,138.07064,153.41874,108.21207,157.42945,145.56129,136.15729,120.59644,139.9551,182.99996,154.72252,134.95247,175.99839,131.19613,129.66012,131.30132,157.60735,121.66338,142.47352,163.5499,1
161.12287,190.53199,100.30363,127.82515,172.69663,184.14552,117.59867,161.21631,0.0,131.30852,124.63916,170.87657,131.84163,172.24779,196.04973,191.99631,175.36859,207.83894,162.5688,140.04648,146.28313,187.76382,134.25271,114.43961,207.16352,143.23629,181.04507,191.99775,179.23208,174.35238,106.98152,157.2869,181.697,196.22932,204.84207,156.2606,176.6059,190.81247,130.73173,194.73754,200.59878,200.23113,162.85829,113.3229,208.35349,185.19974,145.4968,207.15461,145.9717,133.76713,135.35447,204.23738,158.71479,225.0548,147.91947,173.46649,114.07057,211.7486,175.45533,181.23514,134.54349,172.93362,194.65301,103.02346,125.44945,185.67321,174.24571,183.94265,178.63517,179.3171,159.37252,143.82956,171.52827,196.57737,134.0822,198.18803,182.00406,153.70202,155.23626,192.22689,180.30712,195.55527,212.88539,153.00552,120.02811,115.82795,139.48374,180.34704,200.98296,194.60493,155.96947,148.21816,190.21767,130.23115,181.50854,172.13161,177.55903,159.77657,147.34668,189.79789,2
135.14648,198.45834,131.33465,138.17403,141.48243,158.36467,114.20234,158.24008,131.30852,0.0,141.51681,141.14807,137.38757,141.10397,192.41571,182.16764,151.02805,196.39973,159.3961,110.51242,127.96779,170.52213,104.25903,129.23113,186.30522,147.58564,163.96046,200.02374,154.85735,143.60093,124.71251,167.7604,150.85328,196.38967,185.48917,127.48546,150.75926,181.74763,139.3393,163.51958,186.44238,189.2711,143.44945,131.35869,186.01636,155.83054,119.14006,182.14684,145.81873,128.73565,150.7206,197.98297,165.04983,206.25194,153.39771,170.36484,117.24938,197.26273,144.5324,150.76283,109.16307,161.42716,197.69944,131.06542,134.47629,161.31587,184.29335,190.16876,160.78075,167.17358,162.5909,119.65953,156.27393,168.00815,109.89145,183.21359,164.76445,141.51712,157.27173,194.08401,153.77376,196.2941,201.07316,151.23799,111.28049,131.72218,122.90228,178.77433,193.19279,163.9625,126.72965,128.77011,160.16192,137.23017,166.94008,181.15158,150.03743,167.57126,123.52219,162.69883,1
157.77492,165.89298,124.93848,107.49668,177.45247,177.94349,129.26533,140.38471,124.63916,141.51681,0.0,171.43052,113.07718,176.59379,173.60754,172.56277,168.40568,188.63459,141.69964,145.38135,139.64592,173.4096,142.08328,113.42666,194.58084,121.0964,167.11121,167.35996,171.91636,177.01696,128.0108,132.648,184.20982,172.5859,191.11173,157.0691,171.15286,171.02475,109.92533,198.51224,183.32362,181.05069,153.04196,112.53768,197.04993,183.98189,145.98507,198.63963,125.92215,122.95508,110.8952,182.60913,134.49949,210.08666,124.58685,151.72212,129.08012,194.21914,178.62573,182.65363,138.8253,155.85423,170.41229,127.66044,109.19301,177.77901,149.64174,159.38577,165.52028,162.07175,135.99118,142.91116,157.19663,193.31263,137.81186,181.57126,168.10468,140.08551,132.61587,168.24491,175.32185,171.77818,193.71982,132.57664,133.12347,110.79272,134.39175,157.65588,180.14156,195.81484,157.48443,141.85198,190.09922,111.26385,165.70354,147.49246,174.07813,135.289,144.96669,184.80448,1
115.76274,206.37861,170.97315,164.95568,113.15131,123.23092,153.35688,162.43451,170.87657,141.14807,171.43052,0.0,160.83742,111.73178,186.45236,169.45287,122.0174,178.68443,162.88083,131.08826,133.15198,148.83966,137.32528,163.59537,155.47537,164.66775,144.58633,207.84887,124.06577,107.79769,164.97002,184.29178,113.4291,194.81654,157.19772,114.78385,117.97699,170.25501,164.2035,127.9578,166.27114,173.44724,130.62563,166.16693,152.86722,114.70899,126.02843,145.23888,159.12023,149.1557,176.47147,187.46736,177.85558,176.50402,169.17006,170.20103,157.19182,174.88867,109.88916,111.25781,136.3481,152.32904,199.64701,171.27658,162.28916,128.52799,196.95406,197.29653,141.18277,154.98138,172.65299,128.68713,143.27382,127.23394,136.8809,162.36502,144.83739,142.47003,167.85069,195.08977,118.10178,195.49166,182.14497,159.98374,151.65605,165.27152,137.15573,178.39131,181.29437,124.42876,114.91295,131.16504,119.35761,161.94994,150.89182,193.20575,112.94437,181.28527,126.48906,124.17772,1
146.33634,162.36109,132.13785,105.62281,168.2478,165.43617,128.70916,129.46503,131.84163,137.38757,113.07718,160.83742,0.0,167.25086,164.22091,160.95843,155.85878,176.98078,130.81722,138.27515,128.0198,160.44045,136.63696,117.47607,181.52471,111.83112,154.08823,163.90677,159.27102,167.02128,132.53968,130.48525,173.99198,164.8886,178.12337,147.09601,158.87303,159.59552,103.50944,188.48749,170.94389,169.36037,140.21467,118.6178,183.97322,172.5761,136.60863,185.70307,114.25362,111.74775,115.66485,172.44725,128.96054,197.28221,117.26916,141.6286,130.30568,181.95179,168.77551,172.0904,132.07876,143.27343,164.14027,134.60996,106.42991,165.00021,147.33098,154.69685,152.45266,149.57923,128.24199,133.21634,144.17371,181.2679,130.95478,169.01169,155.08171,127.01624,123.66306,161.28769,163.08824,164.3444,182.06348,121.28311,132.18265,116.10253,123.86071,148.5899,169.38042,184.96414,147.76477,130.17564,178.9222,101.89173,152.90517,144.42223,162.21961,130.95773,134.50473,172.4661,1
125.75862,216.62319,172.29639,170.74058,101.42754,133.94008,154.72499,172.48213,172.24779,141.10397,176.59379,111.73178,167.25086,0.0,197.89977,181.12853,133.71787,190.38943,173.03937,132.54664,140.90423,160.5429,138.00417,167.15258,166.10389,172.60599,156.31245,218.11904,135.58111,105.32905,165.79407,192.8597,110.46112,205.99622,168.25205,120.36466,129.50207,181.89179,170.42951,122.52415,177.94227,185.17902,141.51869,169.64701,162.97657,120.69381,130.73513,154.11351,167.55862,155.5274,182.87153,199.1353,186.9571,187.03115,177.51402,180.96923,158.19684,186.39523,104.51665,112.0534,138.80698,163.63055,210.53487,172.15559,167.70339,139.5446,206.39801,207.55634,152.89987,166.53544,182.08816,134.04615,154.6966,133.23795,139.615,174.02845,156.56833,152.12349,177.07625,206.03483,129.02656,206.60961,193.80434,169.25515,152.3062,169.15074,143.45246,189.30287,192.98504,123.61635,119.52071,139.20671,121.79934,168.11588,162.57635,202.69725,123.90725,190.30205,133.03799,133.21695,1
172.90196,134.9267,196.34738,168.45711,199.32097,171.2199,189.99699,135.30999,196.04973,192.41571,173.60754,186.45236,164.22091,197.89977,0.0,119.72645,165.96753,126.42462,133.99432,186.67449,165.88082,142.71103,189.39584,181.69189,157.52052,152.96745,143.66449,135.55782,165.89601,194.17694,196.40503,147.51044,197.74547,111.75297,151.33938,181.77089,170.95854,117.8888,165.47446,209.92638,132.92226,122.73507,156.87048,182.76467,163.55934,187.95814,178.73418,174.07472,150.30685,165.86502,165.71727,110.8131,141.03174,158.5237,149.03538,122.7709,192.72457,137.42153,196.24154,194.12109,183.64211,134.40444,120.40936,198.83083,170.60031,166.0601,140.90091,129.46346,146.49999,131.611,137.81111,175.96327,143.20371,187.32736,182.71579,135.27069,143.83354,151.44103,141.05914,116.47531,173.70994,113.40319,129.97315,143.40192,192.56369,180.24747,169.63351,115.97509,113.22944,201.35345,183.34492,166.02286,194.29557,165.82029,136.67588,138.83836,177.35027,142.13317,173.44054,177.76815,1
157.32527,152.01426,192.27547,166.10288,182.55574,152.31482,182.63143,132.29422,191.99631,182.16764,172.56277,169.45287,160.95843,181.12853,119.72645,0.0,148.05011,116.07186,131.02931,174.82677,154.32173,123.21115,178.62165,177.65565,138.46989,151.59773,125.17711,152.94736,147.45115,176.9918,190.92901,154.02124,179.87083,131.01778,132.3789,166.96299,152.90385,102.3597,163.1497,191.3755,114.97583,108.51391,141.85285,179.25961,144.31051,169.38039,166.07258,154.43354,146.83628,159.01783,167.0948,118.01934,145.87053,143.3586,149.5939,123.24905,185.92753,123.38988,179.0055,176.15036,173.04111,120.74348,138.96763,194.48191,167.29362,146.92578,153.34084,144.72502,128.39168,115.4186,140.55835,163.84188,127.4933,167.91128,172.2765,116.29881,125.1489,140.8757,141.37957,134.45046,155.25041,132.44354,121.15769,139.99747,184.54653,176.79758,159.43948,123.59113,111.90396,182.47005,168.58573,153.88213,175.4983,162.78894,118.56469,150.32059,159.28221,148.27081,160.70919,158.54005,1
116.00637,189.46651,175.54484,161.057,135.12538,109.58706,159.37015,147.37501,175.36859,151.02805,168.40568,122.0174,155.85878,133.71787,165.96753,148.05011,0.0,156.67199,147.4343,140.72415,129.61728,126.82552,146.76902,164.52806,136.08917,155.56504,122.90774,190.84461,103.8943,129.18793,170.85253,172.45936,131.85654,175.21285,136.58499,125.53244,105.03352,149.06043,159.3589,144.15649,144.26027,151.5595,116.2378,167.03472,135.09692,122.47704,131.95793,131.81612,149.12765,145.6653,170.34691,166.04309,164.85462,156.8683,158.67986,152.40844,163.43199,153.09709,131.13976,128.18011,143.15267,133.05248,180.93054,176.61732,159.45503,110.40911,182.41488,180.48342,119.66996,134.38738,158.94056,132.33624,123.81355,126.52803,143.09868,140.36026,123.05194,130.74172,154.99275,176.24589,108.6189,176.08596,160.13967,147.51152,159.069,165.41473,136.16224,159.91164,159.76292,136.32212,126.96422,127.49608,129.19184,157.44584,129.56478,178.62916,111.38999,168.37662,128.48417,116.90194,1
168.57655,161.35132,208.11474,182.15693,191.79544,158.53136,197.86394,148.34294,207.83894,196.39973,188.63459,178.68443,176.98078,190.38943,126.42462,116.07186,156.67199,0.0,147.06658,188.37971,168.43322,129.84655,192.66063,193.5503,135.40732,167.65936,134.68521,161.96943,155.0709,185.77133,206.54552,168.92986,187.47535,137.82042,129.47485,178.64012,161.03869,117.71669,179.20913,197.36882,112.71168,107.62309,154.25288,195.20538,141.71271,175.81134,179.32139,153.78621,162.8919,174.59007,183.04401,117.56109,161.07131,132.22927,165.5315,138.62068,201.28326,111.28541,187.66487,183.66701,187.23666,135.49621,146.67243,210.27503,183.29343,152.70634,165.96424,155.53301,138.21419,129.36582,156.08905,177.44766,140.30871,171.6567,186.55419,116.62463,134.22868,155.77561,157.27002,142.89699,162.45593,139.58084,105.08719,156.06828,199.57616,192.75611,174.02915,136.97016,113.20259,187.77894,180.26516,167.71488,181.20772,178.81932,129.84332,163.36706,167.12789,163.19221,174.03737,163.42002,1
147.36597,143.58412,162.86107,135.58883,174.37213,155.8937,156.04184,101.35287,162.5688,159.3961,141.69964,162.88083,130.81722,173.03937,133.99432,131.02931,147.4343,147.06658,0.0,154.96476,134.97437,137.90188,156.76165,148.13382,159.60349,120.63053,133.39107,145.08013,149.31111,170.55264,162.53061,127.14216,175.88157,136.99867,154.78266,154.0484,152.14183,129.38132,132.59214,189.83173,143.13612,139.54316,132.70024,149.42544,163.73623,169.3402,148.20326,169.46679,116.59835,131.96011,136.15833,141.67081,118.70117,171.35977,118.75493,111.25009,158.7309,153.52871,172.62629,172.79563,151.02835,118.63167,139.0337,165.25854,137.24685,152.75893,134.98073,134.51796,133.69244,123.40255,112.44841,144.98438,125.36287,173.50986,150.01632,142.15302,134.24973,121.18888,110.90987,135.04607,156.04939,136.95432,152.13918,109.56398,158.69875,146.9139,137.21513,119.39465,138.60933,183.20298,155.43571,135.77889,176.17909,132.54686,128.90313,131.19487,157.79212,122.06177,143.32222,163.48338,1
124.76191,196.25622,140.12168,140.51867,133.15277,147.87915,122.44861,153.94358,140.04648,110.51242,145.38135,131.08826,138.27515,132.54664,186.67449,174.82677,140.72415,188.37971,154.96476,0.0,120.82406,161.42556,106.36597,134.83857,176.30029,146.67537,155.02828,197.81983,144.52025,134.32526,133.93403,167.45083,141.68469,191.72825,175.75885,117.03684,140.28832,174.63498,140.93125,155.05734,177.86501,181.48361,134.49387,137.2772,175.79098,145.6769,109.30104,171.66882,143.5234,127.54501,153.15532,191.36293,163.4916,196.49509,152.33153,165.43136,126.1735,188.47565,135.49462,141.2,106.56284,154.17804,193.9214,140.27036,137.07912,150.94499,183.1838,187.60902,151.71853,159.53907,160.12438,110.98606,148.07103,157.67425,107.57398,174.47836,155.7752,135.23358,154.74134,190.00893,143.26445,191.81575,192.89903,147.8557,120.56832,136.98578,117.86938,174.03037,186.21713,154.55904,116.38569,120.97229,150.32334,138.63883,158.61709,179.79859,139.53975,166.37071,114.37925,152.19583,1
118.31678,177.67499,146.48214,132.62629,142.07169,138.89922,131.64685,134.08673,146.28313,127.96779,139.64592,133.15198,128.0198,140.90423,165.88082,154.32173,129.61728,168.43322,134.97437,120.82406,0.0,143.36887,124.30816,134.9143,161.2515,131.74667,136.65798,179.21892,133.37984,139.8428,142.45587,151.98326,146.50339,171.27432,159.47967,120.61743,131.76099,154.01,131.47822,161.05729,158.65927,161.31236,116.8471,137.41754,162.12913,144.56514,113.23402,161.1266,126.70011,116.70692,143.51445,170.59142,146.40947,180.10061,136.61463,144.97691,135.57939,169.59721,141.73423,144.34096,118.80519,133.58821,173.98412,147.812,130.48956,139.68211,166.08426,168.77227,133.72405,139.22393,142.00509,110.13972,128.40642,153.68281,118.1293,155.55366,137.52954,114.47078,136.77341,169.8948,135.84849,171.45455,173.12096,129.17734,132.37573,135.81758,106.8209,153.61782,165.54698,157.02088,121.70548,102.20838,150.90674,129.31524,139.0813,162.46869,134.43257,149.6599,108.49187,145.40935,1
139.51505,172.12714,188.00396,166.05707,161.94916,129.4702,174.79496,138.61744,187.76382,170.52213,173.4096,148.83966,160.44045,160.5429,142.71103,123.21115,126.82552,129.84655,137.90188,161.42556,143.36887,0.0,166.47605,174.43741,121.83149,154.74851,106.75812,173.27556,125.34902,155.94675,184.9875,164.95929,157.92126,153.47166,117.7164,149.71368,131.2411,124.83867,163.48633,168.64203,117.53021,125.04848,127.07296,176.56849,125.86908,146.73989,152.13441,133.15114,148.44812,154.18048,171.25037,140.54578,156.43896,137.29957,155.234,136.81342,178.61085,127.26619,157.85681,154.13079,161.52956,119.3123,160.69827,189.74394,165.95994,123.88443,169.58782,163.8427,109.74143,115.22193,150.22834,150.91142,116.38539,144.70049,161.05197,113.70439,105.84644,134.24077,148.46877,156.00109,132.92776,154.71254,133.40699,143.36298,175.73196,174.37536,149.85508,141.71506,134.11923,159.49072,151.31556,142.0779,152.61101,162.3177,109.06202,166.04624,137.41896,159.64499,147.15676,135.3849,1
130.89293,196.71349,134.30698,138.04541,138.48449,154.13523,116.72822,155.6487,134.25271,104.25903,142.08328,137.32528,136.63696,138.00417,189.39584,178.62165,146.76902,192.66063,156.76165,106.36597,124.30816,166.47605,0.0,130.5186,182.07545,146.19245,159.9502,198.28023,150.59876,140.17931,127.9192,166.68615,147.49561,193.74541,181.30728,123.40178,146.5231,178.27162,138.89946,160.51186,182.53974,185.59618,139.40882,132.8185,181.76114,151.96098,114.89339,177.91151,143.889,127.04785,150.71023,194.67834,163.48197,202.06797,151.9746,167.58573,120.23111,193.3084,141.22442,147.21202,105.75949,157.8812,195.37132,134.28118,134.42575,157.05873,182.94431,188.27784,156.73617,163.52212,160.67294,115.56611,152.44521,164.02114,106.74534,179.26671,160.74073,138.20215,155.31119,191.64466,149.57126,193.71417,197.29156,148.94156,114.44394,132.86574,119.76465,176.0766,189.77045,160.50443,122.72366,124.95001,156.47477,136.69482,163.09229,179.70244,145.89606,166.1483,119.381,158.54686,1
151.66406,177.93407,114.73019,114.01324,167.85443,173.73627,116.07201,146.78159,114.43961,129.23113,113.42666,163.59537,117.47607,167.15258,181.69189,177.65565,164.52806,193.5503,148.13382,134.83857,134.9143,174.43741,130.5186,0.0,194.48325,129.07504,167.7896,179.44097,168.2931,168.29817,115.50563,144.89735,175.64407,182.19991,191.78894,148.83728,166.43634,176.43518,116.73331,189.53216,186.62167,185.93395,150.70707,102.5831,196.11528,177.16806,137.56819,195.96492,131.53921,120.28834,124.07422,189.80413,145.2683,211.71383,134.05031,159.06301,115.65349,197.74924,169.70717,174.56361,128.38853,158.87886,181.03244,117.14519,111.1734,174.56674,162.05262,170.85592,165.59849,165.26536,145.39019,135.06752,158.08185,187.63582,127.54261,184.34339,168.76573,140.20057,141.0448,178.39891,170.39529,181.59407,198.60893,138.56996,119.9185,102.66011,128.45792,166.05947,186.54929,187.94935,148.9341,137.03448,182.80891,115.94873,167.77168,159.60079,168.31422,146.68907,137.97059,179.98475,1
151.92818,190.38138,207.38321,187.14488,167.35327,132.26772,192.81722,160.36918,207.16352,186.30522,194.58084,155.47537,181.52471,166.10389,157.52052,138.46989,136.08917,135.40732,159.60349,176.30029,161.2515,121.83149,182.07545,194.48325,0.0,176.45774,127.56696,191.35881,132.65934,160.86097,203.69109,186.5259,160.13974,169.17646,106.19254,161.62113,138.24373,140.71849,184.69357,166.87489,124.76152,135.29119,144.42505,196.74935,106.30594,147.39764,167.19249,118.71503,170.0792,174.23495,192.93467,151.67314,177.9854,121.03859,177.06242,157.33744,196.79342,125.99325,162.34454,156.47065,177.84741,141.10166,177.38115,208.89396,186.7453,127.06744,189.91791,182.74449,129.09687,136.41547,171.8222,166.87273,137.43836,139.59926,177.59372,122.2841,126.57968,154.72433,170.25946,172.9073,137.37367,170.70245,136.04486,165.17088,193.17547,194.68521,168.04502,160.82173,145.72066,156.78627,163.04248,159.55345,151.18208,183.37719,130.70918,186.52906,142.53481,181.10574,162.942,133.85143,1
149.20403,151.0732,143.53712,115.49515,173.74396,165.04221,140.2528,119.33008,143.23629,147.58564,121.0964,164.66775,111.83112,172.60599,152.96745,151.59773,155.56504,167.65936,120.63053,146.67537,131.74667,154.74851,146.19245,129.07504,176.45774,0.0,148.95904,152.63182,158.51943,171.55918,144.32529,120.81637,178.08561,153.13256,172.38302,152.25498,159.3419,150.00002,112.52718,192.62555,162.95482,160.10451,139.33032,129.91391,179.66759,174.75351,143.00916,183.09023,106.59831,119.21418,116.50863,161.65251,117.55334,190.4526,105.81364,130.72393,142.05876,173.66798,173.46882,175.71343,141.04997,136.12224,152.31823,146.09139,117.90304,163.5519,136.75524,143.13914,148.02269,142.05698,116.41191,139.46779,139.2849,181.91552,139.9167,161.50357,149.9335,124.85029,112.00008,149.4611,163.58109,152.55413,172.73869,111.8603,143.57904,127.40974,129.91206,137.15065,159.05512,187.92088,153.22098,133.58575,181.41251,113.15,146.39773,133.56681,163.67522,119.98792,139.66317,172.46698,1
133.91632,170.57686,181.28362,159.71085,157.73501,127.57712,168.04377,133.94162,181.04507,163.96046,167.11121,144.58633,154.08823,156.31245,143.66449,125.17711,122.90774,134.68521,133.39107,155.02828,136.65798,106.75812,159.9502,167.7896,127.56696,148.95904,0.0,171.81796,122.32672,151.9956,178.23259,160.5224,154.69631,153.65948,124.08788,144.03258,127.72905,126.30297,157.20276,166.34684,123.07531,128.92819,120.55788,169.9463,130.7995,144.35104,145.76301,136.17709,142.53731,147.5146,165.40592,143.14427,152.08976,144.00983,149.86545,134.10318,171.85504,133.45326,153.98168,150.97327,154.92749,114.94281,160.22268,183.00805,159.48711,122.62909,166.55208,161.96906,103.52919,112.97496,145.8377,144.40081,109.91513,144.18929,154.42537,119.51201,100.99352,127.62396,143.55774,155.49135,130.14499,154.72511,138.69151,137.88083,169.00585,167.77775,143.11263,140.12942,136.85518,157.68926,145.65235,135.41088,150.63373,155.95481,107.0176,162.90297,134.10511,155.4181,140.6982,134.35841,1
192.42632,101.56674,192.29655,165.59093,219.45224,198.25013,192.61333,145.67131,191.99775,200.02374,167.35996,207.84887,163.90677,218.11904,135.55782,152.94736,190.84461,161.96943,145.08013,197.81983,179.21892,173.27556,198.28023,179.44097,191.35881,152.63182,171.81796,0.0,192.00361,215.56256,194.8889,134.71319,220.68024,124.36715,185.30955,198.97633,195.78791,150.66125,163.22494,234.3627,167.54507,157.92157,177.37396,179.40496,197.05403,213.25105,192.23329,206.28277,154.4167,171.31324,156.73898,145.25404,135.07906,194.07009,146.85078,138.45467,194.00254,172.96534,217.64296,217.46784,192.84267,158.13329,115.52425,195.01978,168.97234,194.05645,117.98152,110.56302,173.63241,158.88249,137.69858,188.82402,167.16238,215.60628,191.73461,169.24434,172.34232,166.14776,143.08259,119.08713,199.37136,122.55625,165.29316,150.16912,196.07302,177.16997,180.05071,131.70014,148.78573,227.13848,200.31577,180.31625,220.02122,164.73045,165.16301,119.8777,201.80803,132.96938,187.70429,205.57584,2
119.76639,190.65716,179.40986,164.53169,136.95889,106.64332,163.26376,149.34653,179.23208,154.85735,171.91636,124.06577,159.27102,135.58111,165.89601,147.45115,103.8943,155.0709,149.31111,144.52025,133.37984,125.34902,150.59876,168.2931,132.65934,158.51943,122.32672,192.00361,0.0,130.77408,174.74101,174.87054,132.60391,175.52777,133.53522,129.04993,106.09053,148.62855,162.76123,144.03868,142.49504,150.35496,119.27428,170.79014,131.38748,122.06265,135.81359,127.93503,152.02006,149.27029,173.56315,165.3351,167.09917,153.5654,161.40787,153.55861,167.32546,150.83267,132.62567,128.82955,147.03255,133.91776,181.57419,180.49565,163.0205,106.51633,184.23522,181.74033,119.40138,134.53525,161.08912,136.22781,124.85063,124.20967,146.98576,138.56515,122.30288,133.67124,157.34747,176.86279,107.82094,176.48129,158.30611,150.02025,162.95952,169.13966,139.97278,160.75927,158.98077,135.61678,130.43115,131.27921,128.50006,160.88988,129.24101,180.45965,112.07141,170.61476,132.37816,114.24715,1
123.25176,214.08671,174.42085,170.8411,106.49925,128.77318,156.75596,170.07818,174.35238,143.60093,177.01696,107.79769,167.02128,105.32905,194.17694,176.9918,129.18793,185.77133,170.55264,134.32526,139.8428,155.94675,140.17931,168.29817,160.86097,171.55918,151.9956,215.56256,130.77408,0.0,168.09847,191.46608,107.37359,202.60455,163.11575,119.98512,124.74317,177.85037,170.30556,121.511,173.2485,180.74672,138.40891,170.83606,157.66992,115.50245,131.06013,148.79818,166.20832,155.27664,182.68602,195.01113,185.22009,181.76097,176.23766,177.98522,160.39475,181.48736,102.09241,107.49195,140.24988,160.10619,207.44246,174.46029,167.97847,134.44589,204.44554,205.00567,148.6436,162.66094,180.12532,134.12046,151.0248,128.19662,140.9484,169.32317,152.19646,149.97095,175.24806,202.88695,123.95028,203.28516,189.07725,167.38699,154.61468,170.15722,143.16893,186.18684,188.79748,120.36298,119.5419,137.97418,117.36413,168.01608,158.42841,200.71013,118.89697,188.62299,132.52139,127.8879,1
156.08299,193.38864,106.92345,129.51163,166.19167,179.35012,111.72771,161.19038,106.98152,124.71251,128.0108,164.97002,132.53968,165.79407,196.40503,190.92901,170.85253,206.54552,162.53061,133.93403,142.45587,184.9875,127.9192,115.50563,203.69109,144.32529,178.23259,194.8889,174.74101,168.09847,0.0,160.27043,175.41008,197.42828,201.71198,150.52627,171.74427,189.90366,132.17356,188.23108,198.63495,198.98654,159.2661,115.55516,204.53132,179.44618,140.10105,202.66381,146.10044,131.95582,138.90513,204.08059,160.76565,222.15798,149.46697,173.65773,107.78105,209.78832,169.12544,175.10262,128.85249,171.2452,196.47505,106.36541,126.49645,181.23377,177.40046,186.36059,175.622,177.58331,160.71722,138.78859,168.99082,191.09259,128.53192,196.01901,179.16785,151.42194,156.2007,193.76339,175.30198,196.87601,211.54196,153.02358,113.49681,117.72003,135.64884,180.98341,200.45597,188.41859,150.11852,144.2392,184.25089,131.18587,179.26355,175.02919,172.28815,162.18865,142.48383,184.69602,2
168.58464,133.24511,157.58601,131.27207,194.04486,181.51374,158.80673,126.59571,157.2869,167.7604,132.648,184.29178,130.48525,192.8597,147.51044,154.02124,172.45936,168.92986,127.14216,167.45083,151.98326,164.95929,166.68615,144.89735,186.5259,120.81637,160.5224,134.71319,174.87054,191.46608,160.27043,0.0,197.70691,143.12501,181.4798,172.59963,176.77134,151.87145,129.17882,212.15794,168.03787,162.08774,156.54233,144.74543,190.82303,193.18636,163.73172,196.52231,125.30165,139.92248,122.11674,157.94561,108.54292,196.76235,115.41342,130.82409,159.83101,177.40999,193.43314,195.09109,161.70554,145.75678,139.14373,160.30842,134.81762,178.99867,117.16029,127.12197,160.68114,150.12284,114.7322,160.18919,152.13314,198.96185,160.56965,167.76883,161.38779,142.42766,117.53951,137.89055,180.90593,141.94312,173.70758,124.98213,162.43162,142.55756,150.67825,132.4939,157.53532,206.74167,173.65199,153.65501,199.97803,130.96095,155.91621,114.84578,181.78086,105.75303,160.15732,189.11077,1
129.13531,219.22962,181.76293,177.93591,110.78531,129.14735,164.10394,175.49588,181.697,150.85328,184.20982,113.4291,173.99198,110.46112,197.74547,179.87083,131.85654,187.47535,175.88157,141.68469,146.50339,157.92126,147.49561,175.64407,160.13974,178.08561,154.69631,220.68024,132.60391,107.37359,175.41008,197.70691,0.0,206.67178,163.06467,127.141,126.96732,180.9141,177.3148,114.55407,174.80717,182.95229,143.30652,178.18591,156.29852,112.79536,138.3157,146.2711,172.54843,162.26537,189.65099,197.8335,191.20435,180.67448,182.59859,182.70227,167.72145,182.30764,106.35712,103.81242,147.62329,164.17845,211.91988,181.7741,175.13605,135.01382,210.19805,210.15191,151.51911,166.13486,185.92876,141.29899,154.95232,124.07781,148.31923,170.87451,154.77028,155.75427,181.18525,207.30121,125.02638,207.44946,190.45428,173.3199,161.91883,177.48381,150.18524,190.69803,191.5139,113.24218,126.80271,144.5495,111.76754,175.039,161.41944,206.43834,120.60261,194.64671,139.50357,126.32735,2
180.50654,123.93157,196.53206,168.40759,207.40136,181.1824,192.28309,138.15067,196.22932,196.38967,172.5859,194.81654,164.8886,205.99622,111.75297,131.01778,175.21285,137.82042,136.99867,191.72825,171.27432,153.47166,193.74541,182.19991,169.17646,153.13256,153.65948,124.36715,175.52777,202.60455,197.42828,143.12501,206.67178,0.0,163.00634,188.74179,180.24398,128.97845,165.53195,219.36421,144.65033,134.48587,164.51509,182.9276,175.1673,197.52504,184.43994,185.44591,151.89002,168.55332,163.54057,120.88709,138.33238,170.03364,148.32211,126.30859,194.61298,148.96608,204.69012,203.14713,188.00366,142.52684,108.88424,199.13286,171.03268,176.26927,132.88668,120.15223,156.20122,140.9973,136.85683,181.40753,151.72164,197.74794,187.00085,146.89863,153.94972,156.88484,141.2314,106.05018,183.27905,101.81843,140.96341,145.52124,195.18741,180.44807,174.12066,117.69948,124.75071,211.13873,190.2602,171.74611,204.02757,166.28124,146.64987,131.67716,186.58231,138.45202,179.30751,188.00506,1
151.93528,184.3513,205.07277,183.74329,169.55586,134.34622,191.12546,155.62274,204.84207,185.48917,191.11173,157.19772,178.12337,168.25205,151.33938,132.3789,136.58499,129.47485,154.78266,175.75885,159.47967,117.7164,181.30728,191.78894,106.19254,172.38302,124.08788,185.30955,133.53522,163.11575,201.71198,181.4798,163.06467,163.00634,0.0,161.92006,139.45105,134.64939,181.19065,170.79845,118.57257,129.1075,142.66965,193.97801,112.40083,150.49927,166.5222,124.33333,166.13036,171.50083,188.89144,145.52288,172.93882,120.76334,172.6379,151.8508,195.04066,120.66383,164.72799,159.3161,176.79061,136.53719,171.24349,206.7037,183.57222,128.71897,184.26489,176.8094,126.21746,131.40913,166.83635,165.87913,133.97483,143.86749,176.45033,116.135,123.09845,151.68781,165.5659,166.789,139.23641,164.54074,130.4541,160.87845,191.73247,191.83301,166.18708,154.98317,139.54074,160.8109,163.41302,157.93116,154.84386,179.99663,126.10344,180.92895,144.38762,175.98087,161.9795,137.11388,1
110.20889,197.4536,156.36738,150.85632,121.48899,131.46859,138.83773,153.35364,156.2606,127.48546,157.0691,114.78385,147.09601,120.36466,181.77089,166.96299,125.53244,178.64012,154.0484,117.03684,120.61743,149.71368,123.40178,148.83728,161.62113,152.25498,144.03258,198.97633,129.04993,119.98512,150.52627,172.59963,127.141,188.74179,161.92006,0.0,124.08217,167.27886,150.35107,141.49568,167.04138,172.42726,125.16978,151.40498,160.38148,128.94429,111.27796,155.20137,147.31641,135.3486,162.75499,184.57398,166.92433,182.36385,157.22208,162.91484,142.74927,176.93291,121.68807,125.75808,121.72595,147.50197,192.47693,156.78156,148.00555,135.18767,186.51298,188.44377,140.51507,151.63978,162.28688,114.15802,139.4889,140.68154,122.18973,163.34384,144.58454,132.86545,157.15732,188.13921,126.61695,189.16409,182.72393,149.41596,137.40134,150.55469,123.23625,171.47414,178.81316,139.11743,101.62858,119.04147,134.10925,148.05477,149.07615,182.85524,122.59975,170.21618,112.68993,135.26987,1
115.76467,194.40209,176.76593,163.91277,130.88435,107.64537,160.11368,152.03238,176.6059,150.75926,171.15286,117.97699,158.87303,129.50207,170.95854,152.90385,105.03352,161.03869,152.14183,140.28832,131.76099,131.2411,146.5231,166.43634,138.24373,159.3419,127.72905,195.78791,106.09053,124.74317,171.74427,176.77134,126.96732,180.24398,139.45105,124.08217,0.0,153.96544,162.38243,139.12342,148.50549,156.1592,120.25432,168.98036,136.45607,117.48005,132.04096,131.38842,153.0037,148.24219,173.69569,170.86891,169.30734,159.24399,162.71581,157.36978,164.17157,156.92268,126.62619,123.25293,143.43075,138.07205,185.95681,177.6759,162.08434,111.26473,187.11183,185.40392,124.57323,139.39644,163.46905,132.96026,128.8244,122.59053,143.50852,144.58087,127.81308,134.6743,159.37982,181.27422,104.24887,181.11921,164.34067,151.79028,159.49064,167.49644,137.98141,164.9216,164.55847,131.35251,125.3431,129.57046,124.23362,160.38435,134.47875,183.32351,106.3981,172.82913,129.28749,113.66158,1
157.77402,149.71455,191.09423,164.66891,183.31931,153.66701,181.81754,130.67077,190.81247,181.74763,171.02475,170.25501,159.59552,181.89179,117.8888,102.3597,149.06043,117.71669,129.38132,174.63498,154.01,124.83867,178.27162,176.43518,140.71849,150.00002,126.30297,150.66125,148.62855,177.85037,189.90366,151.87145,180.9141,128.97845,134.64939,167.27886,153.96544,0.0,161.70106,192.62904,117.33542,110.34488,142.11678,177.98649,146.51439,170.62897,165.99107,156.48082,145.41282,158.05597,165.32862,117.33639,143.77674,145.67835,147.8166,121.16794,185.05007,125.57637,179.87919,177.21734,172.64982,120.45695,136.79947,193.33559,165.96136,148.3697,150.9923,142.37995,129.39556,115.64271,138.55835,163.66191,127.80051,169.50621,171.85865,118.60522,126.35396,140.31598,139.56292,132.24846,156.44467,130.36096,122.77213,138.5077,183.82178,175.51168,158.93837,121.24333,111.61943,183.83446,168.8959,153.66482,176.8276,161.41014,119.49574,147.98486,160.35808,146.11875,160.62156,160.03553,1
149.79396,161.69563,131.03335,103.00301,171.40395,168.93791,129.62801,131.25054,130.73173,139.3393,109.92533,164.2035,103.50944,170.42951,165.47446,163.1497,159.3589,179.20913,132.59214,140.93125,131.47822,163.48633,138.89946,116.73331,184.69357,112.52718,157.20276,163.22494,162.76123,170.30556,132.17356,129.17882,177.3148,165.53195,181.19065,150.35107,162.38243,161.70106,0.0,191.79059,173.55337,171.60115,143.67919,117.41092,187.23811,176.04204,139.72916,189.12004,116.31928,115.05274,112.45008,174.01888,128.64132,200.17878,117.31706,143.1007,130.78411,184.50021,172.03876,175.46009,134.60727,145.99768,164.30804,133.60993,105.75884,168.46828,146.24745,154.33583,155.65494,152.2486,128.68792,136.38371,147.2898,184.77491,133.49861,171.73189,158.19609,130.33696,124.52084,161.66997,166.59766,164.89612,184.29613,123.20305,133.26376,114.91968,127.13884,149.67709,171.19712,188.37565,150.97834,133.64257,182.36781,102.32452,155.79267,143.52685,165.71697,130.28597,137.81212,175.97443,1
