Vértice_1,Vértice_2,Vértice_3,Vértice_4,Vértice_5,Vértice_6,Vértice_7,Vértice_8,Vértice_9,Vértice_10,Vértice_11,Vértice_12,Vértice_13,Vértice_14,Vértice_15,Vértice_16,Vértice_17,Vértice_18,Vértice_19,Vértice_20,Vértice_21,Vértice_22,Vértice_23,Vértice_24,Vértice_25,Vértice_26,Vértice_27,Vértice_28,Vértice_29,Vértice_30,Vértice_31,Vértice_32,Vértice_33,Vértice_34,Vértice_35,Vértice_36,Vértice_37,Vértice_38,Vértice_39,Vértice_40,Vértice_41,Vértice_42,Vértice_43,Vértice_44,Vértice_45,Vértice_46,Vértice_47,Vértice_48,Vértice_49,Vértice_50,Vértice_51,Vértice_52,Vértice_53,Vértice_54,Vértice_55,Vértice_56,Vértice_57,Vértice_58,Vértice_59,Vértice_60,Vértice_61,Vértice_62,Vértice_63,Vértice_64,Vértice_65,Vértice_66,Vértice_67,Vértice_68,Vértice_69,Vértice_70,Vértice_71,Vértice_72,Vértice_73,Vértice_74,Vértice_75,Vértice_76,Vértice_77,Vértice_78,Vértice_79,Vértice_80,Vértice_81,Vértice_82,Vértice_83,Vértice_84,Vértice_85,Vértice_86,Vértice_87,Vértice_88,Vértice_89,Vértice_90,Vértice_91,Vértice_92,Vértice_93,Vértice_94,Vértice_95,Vértice_96,Vértice_97,Vértice_98,Vértice_99,Vértice_100,Conjuntos
0.0,138.05153,156.24301,165.46397,165.12022,126.16261,138.61548,172.96969,190.09364,178.22859,184.71603,181.37488,148.15081,117.76292,182.69937,194.17973,155.80321,144.72994,132.86338,173.05216,164.43627,143.50309,165.42056,185.67931,157.9846,155.26871,137.24863,181.18163,169.42342,185.86683,148.9408,113.83096,197.04915,157.32058,174.97009,134.92418,146.67278,121.80583,146.90521,164.32584,177.1165,192.72991,152.85548,164.37569,177.67715,195.39478,148.92482,112.08355,203.17967,132.42455,117.37782,153.57035,182.56969,182.68875,172.95258,121.90968,139.99332,193.00882,124.01721,135.42936,138.48635,187.73423,112.8557,168.55665,149.65005,133.28342,132.15608,178.99671,149.66662,133.95815,179.4082,174.33645,169.2103,171.43102,185.50309,152.0638,128.50419,164.37383,122.13752,176.31857,188.50383,164.35841,186.00597,170.25877,160.90383,145.24396,156.57272,119.31345,183.36879,143.75296,173.98041,194.4375,140.76597,142.77822,179.20756,193.5069,128.94852,119.35729,185.71541,121.10612,2
138.05153,0.0,163.64292,137.50777,140.22661,115.05565,143.25913,157.1648,190.13339,156.01472,175.15243,184.61238,162.60342,128.58067,156.41296,169.77295,171.28763,179.73023,158.84627,145.22242,198.27598,140.19218,151.98743,194.49636,171.88553,123.59865,102.29223,170.14599,195.41521,165.93352,171.28282,129.03247,192.56121,130.64827,171.6912,134.93034,139.74884,116.48139,154.34552,143.86253,185.33131,180.72836,119.11766,178.52953,156.00803,205.84047,135.08311,145.08616,211.92906,119.62715,127.40461,180.90806,162.3172,194.01412,193.95121,141.31264,125.56515,200.89813,114.11143,169.00969,107.54841,190.02021,127.04113,163.09152,159.18828,118.69212,166.10718,151.27399,177.60874,167.10013,150.50615,165.73524,154.50323,184.4514,160.49393,127.44682,163.90804,135.26729,130.3246,149.61266,178.23979,176.13667,189.5006,168.60738,171.31169,150.95177,138.11112,152.42285,166.28365,161.68265,184.93132,169.09867,125.37378,168.84335,153.91951,186.04238,163.04606,118.70724,162.36015,116.9903,2
156.24301,163.64292,0.0,154.69572,149.72996,151.32024,120.87309,138.69235,134.32982,150.9618,137.19854,125.15567,112.10044,143.37433,160.16223,164.46585,114.20652,155.98894,132.01937,157.65157,163.77575,124.10405,132.60316,131.28959,112.23541,157.60766,161.3669,136.528,144.72929,151.86915,125.51291,146.81613,143.03108,150.59748,123.28335,128.91881,126.28889,155.54028,109.90682,142.79148,122.13846,146.08791,160.258,117.01249,149.81751,142.37089,134.07897,147.01147,149.03838,144.04814,167.39352,138.23629,150.33063,130.37121,136.42981,134.33338,139.30389,138.18968,159.30478,147.60982,156.98451,131.54112,161.46764,122.11964,106.70142,175.27976,147.769,160.5434,137.96661,146.04178,162.89962,129.21634,135.59559,121.40853,159.69353,147.39344,151.06853,156.19495,138.59457,157.34214,140.8402,113.21831,129.76398,118.30905,108.22667,112.87385,138.9571,145.21857,146.12177,118.09398,121.30907,166.20347,139.86259,131.836,156.47676,142.10759,147.49105,157.51741,157.10471,156.52882,1
165.46397,137.50777,154.69572,0.0,105.77541,140.38406,142.96663,126.45187,167.32204,119.8524,146.22706,165.74373,160.90535,148.61711,118.91843,132.28726,167.68648,195.5113,169.16577,107.89111,210.24002,134.50336,125.94024,179.22388,166.55997,114.21911,136.14863,140.84405,197.67969,130.1947,174.39377,151.96106,165.4423,108.14508,149.44047,137.96415,130.4997,146.44161,149.61229,113.45717,171.12096,148.97449,119.26125,171.68407,120.21845,190.53168,122.67709,166.31667,194.3024,133.05669,161.92224,187.02213,126.73162,181.2588,191.00652,155.00392,126.55525,183.7948,147.01802,184.45539,131.4,169.29212,159.11228,141.22294,154.17147,156.19764,182.5406,114.0378,185.01009,182.38057,113.98606,139.82661,125.88828,175.1466,123.01945,113.44093,182.5908,102.81166,145.92718,112.10859,148.21213,167.54811,169.9887,148.8414,162.72638,146.41741,115.82562,171.21214,132.48302,163.60913,173.48247,131.5981,125.63871,176.27499,116.50284,157.26208,180.25112,149.92229,125.21064,147.68403,1
165.12022,140.22661,149.72996,105.77541,0.0,141.0305,139.47257,120.82586,161.54846,115.83489,140.62302,160.02103,156.56465,147.78579,117.62728,130.09409,163.01423,192.74705,166.10771,108.85295,206.81485,130.81816,120.20008,173.58793,161.73595,118.07569,138.63066,135.23481,193.25115,125.98667,170.33355,151.3872,159.7969,109.57851,143.68043,135.3494,126.61547,147.31155,145.23455,107.71741,165.57246,143.73044,123.16262,166.6549,115.93775,184.86219,119.31326,164.91938,188.55954,132.83234,163.12484,183.12511,122.40709,175.73723,186.13576,152.8802,125.30427,178.08084,148.35622,181.79836,133.53251,163.52462,159.83005,135.51014,149.62569,158.83831,180.05634,114.12033,181.2921,179.73448,115.22972,134.0559,120.12401,169.88653,120.92169,113.68469,180.4372,108.33171,144.59852,111.23236,142.72616,162.41873,164.24025,143.16148,157.659,142.18218,111.51532,169.308,127.52759,159.6247,168.08494,129.85882,124.46423,172.6975,114.35783,151.70472,177.9196,150.81654,122.24137,148.60294,1
126.16261,115.05565,151.32024,140.38406,141.0305,0.0,130.45972,153.33774,180.7367,155.64975,169.01827,174.07697,148.72868,113.59758,158.57705,171.00013,157.45803,165.16781,143.79358,148.20191,183.42088,129.64953,146.75644,182.583,158.36175,129.19521,113.31473,164.50584,180.51857,164.53655,156.52448,114.65127,184.80881,132.31967,162.97992,122.533,130.62798,106.41341,141.59656,142.0183,173.40565,175.78683,126.70688,165.101,155.32428,193.67712,128.83425,130.95751,200.27494,109.54794,122.39849,165.88606,161.00455,181.47294,179.58203,126.26506,118.28418,189.32892,108.8101,154.29785,112.69876,179.89425,118.80579,154.89208,146.17333,124.25014,151.48934,154.30283,162.563,152.34863,154.35156,158.90418,150.01696,171.36852,161.92431,127.40072,149.63226,138.95596,115.39831,151.91324,172.48293,163.15235,178.99108,159.21187,158.51211,138.4464,134.74631,137.95531,163.39922,147.25327,172.32133,170.88024,118.67245,153.82388,155.38682,179.30609,148.49991,109.87795,162.82378,107.74416,1
138.61548,143.25913,120.87309,142.96663,139.47257,130.45972,0.0,138.08952,152.33555,147.08614,146.51299,144.56179,120.10946,123.34974,154.47532,162.84902,128.49352,153.77263,126.88323,148.29762,167.3555,108.71385,130.28145,152.15852,128.75193,141.3921,141.01632,143.46434,156.05672,152.07014,131.9637,127.16715,158.53168,136.64347,136.38356,108.34299,113.04078,134.73504,111.16615,134.74175,142.99466,154.87163,142.88634,135.31633,146.18409,163.21755,120.30476,132.16987,169.88937,123.65775,147.3742,144.213,149.34713,151.04818,151.92252,118.08559,120.75575,158.99278,138.45843,143.12699,137.02297,150.68469,141.6126,130.08227,115.93047,154.42286,141.82794,152.87612,142.06309,141.11566,154.51367,136.25899,134.21388,141.20507,155.67732,132.1091,143.19383,143.56538,118.35305,149.65234,150.34981,132.90552,149.42236,131.76238,128.14685,108.01193,128.03139,133.58262,148.08604,121.17528,141.90567,163.8676,121.53812,133.31032,150.60015,154.92253,140.17912,136.85992,154.4499,135.76064,1
172.96969,157.1648,138.69235,126.45187,120.82586,153.33774,138.08952,0.0,141.55098,112.91013,119.79741,141.62441,148.80386,155.30758,122.57709,125.9606,152.89876,190.62735,163.91847,124.54392,201.45524,130.42972,107.82743,156.02483,150.76199,137.90087,155.19519,114.40904,183.34722,114.07117,163.18992,159.39894,138.99046,128.57325,124.9699,138.42707,126.60351,159.69324,138.41445,114.06248,149.05037,123.69762,142.75517,154.10257,111.71726,166.79222,124.69265,169.27891,169.52353,143.86538,175.54426,176.24299,111.81525,159.22131,173.92579,155.48453,135.08362,159.54826,161.84186,180.5155,149.75932,144.17007,171.07994,118.49168,141.30735,174.92001,179.55011,124.72687,175.34324,178.58267,127.57538,114.39887,103.88536,155.59791,121.23996,130.01253,181.22407,129.13431,150.85038,122.05365,122.03313,149.37393,145.32946,126.05434,145.31175,136.59973,119.13076,171.57752,110.3991,153.52892,152.79989,127.55912,134.6653,167.79438,119.3936,130.89791,178.11674,163.03399,118.41725,161.02378,1
190.09364,190.13339,134.32982,167.32204,161.54846,180.7367,152.33555,141.55098,0.0,153.15942,123.97446,110.30405,145.12533,175.68001,162.40701,159.14947,141.62963,186.42459,165.5167,166.09396,188.97003,151.08763,141.692,120.92119,138.41405,176.38998,187.87605,128.45278,163.48124,147.31075,154.74258,179.48989,112.01391,167.32193,118.66246,158.79166,150.56295,186.02681,143.20076,153.96299,120.60945,128.53124,180.5822,135.84209,152.0569,128.38448,155.37638,181.30514,128.81231,171.90439,199.64037,164.75107,148.26398,126.81784,150.25051,168.27338,164.60803,120.60362,189.39532,179.79607,182.70714,105.43457,193.93386,127.43593,141.02606,204.91489,180.54123,165.75011,166.1126,178.51351,168.6826,127.50399,141.45359,131.58084,159.44374,166.66444,184.36909,169.80558,170.66537,163.36911,124.66521,132.15991,108.43567,121.59424,132.59774,144.97425,155.22223,179.44367,141.03148,151.10779,126.83792,161.6595,164.76165,162.76994,159.99098,117.82356,180.74952,188.58034,155.42374,187.1897,1
178.22859,156.01472,150.9618,119.8524,115.83489,155.64975,147.08614,112.91013,153.15942,0.0,129.80342,154.18069,160.36071,160.51193,109.68066,116.09037,165.11814,200.69524,173.78392,114.65098,212.69003,138.62974,118.46304,168.72051,163.14936,133.72067,154.36703,124.79766,195.69069,110.34285,174.72901,164.40061,148.80056,125.39159,137.61439,145.42623,134.35429,162.03919,149.48013,113.90898,161.9207,130.42966,138.82322,166.78978,101.19292,179.31034,129.55479,176.33551,181.6195,146.78672,178.00017,187.80439,106.94414,172.07054,186.63505,163.17838,138.41263,171.93521,163.45124,190.19094,149.18201,156.26402,174.27904,131.39921,152.90536,174.57367,188.90599,112.66404,186.62158,188.19054,115.61518,126.92287,115.40995,168.47406,108.83472,128.96378,190.05123,122.62888,156.64435,110.74336,130.81622,162.10666,157.65214,138.95113,157.9137,147.18712,121.6566,179.65455,113.60134,164.64007,165.70956,116.82147,137.73098,178.6769,106.83156,140.07212,187.16868,165.52517,107.55194,163.35823,1
184.71603,175.15243,137.19854,146.22706,140.62302,169.01827,146.51299,119.79741,123.97446,129.80342,0.0,127.6726,149.21447,167.92211,138.71001,135.36683,150.01815,193.13063,168.09549,143.61622,200.32053,141.41987,123.19387,142.29253,147.12271,157.42678,173.04696,105.38854,178.16576,123.33631,162.51197,172.04302,119.26658,148.07662,114.51564,150.0646,138.96401,175.09137,141.81218,133.67777,137.67611,108.90634,162.15202,147.99632,128.77646,151.68019,140.54876,178.60027,152.78272,159.51071,190.35267,174.80245,124.41305,146.94545,166.55359,164.54255,151.02391,143.98032,177.79977,184.32929,167.6169,127.91521,185.27429,116.6298,142.45933,192.05281,184.12902,142.46629,174.93866,182.6315,145.41779,110.3995,121.20724,146.94135,135.53881,148.85214,186.86097,148.92557,163.00494,140.37199,103.85528,143.21671,129.9264,119.04521,140.74446,141.66417,137.34944,179.06213,117.09744,155.03377,142.97545,137.82586,150.85289,169.02401,136.58293,111.16458,183.41012,178.18175,131.47751,176.38424,1
181.37488,184.61238,125.15567,165.74373,160.02103,174.07697,144.56179,141.62441,110.30405,154.18069,127.6726,0.0,135.26724,167.81098,163.78685,162.69193,131.36425,176.1229,155.57921,165.73426,178.91032,144.66062,139.82496,114.7487,128.15504,173.1682,182.32639,130.81507,153.89606,150.12732,144.45087,171.46174,121.69284,164.50891,116.66495,151.68386,144.8945,178.99329,134.59838,152.30375,111.00832,134.41641,176.95904,125.5951,153.01116,125.16791,150.7858,172.08615,128.63328,165.69817,191.8868,154.50506,150.35173,119.32645,141.01654,159.46834,159.09755,118.07214,182.54108,169.5892,177.3684,106.40541,186.05567,124.52395,131.82101,198.32535,170.4041,166.35001,155.81854,168.34065,169.19744,127.27767,140.56924,121.77537,161.47097,163.06181,174.32041,168.00195,162.87149,163.64523,129.64153,121.85598,104.91579,117.06832,122.48058,136.8157,152.10769,169.81445,143.63059,141.16319,117.13194,165.05009,159.3816,152.51527,160.90247,125.28665,170.70006,181.32389,157.73036,180.0926,1
148.15081,162.60342,112.10044,160.90535,156.56465,148.72868,120.10946,148.80386,145.12533,160.36071,149.21447,135.26724,0.0,138.25967,169.08381,174.76442,108.72938,143.92086,120.40581,165.04569,152.68779,127.0062,141.9343,137.55074,110.05147,161.14742,160.42314,148.26992,136.78361,162.49402,114.39448,141.00684,154.62881,155.52422,135.38372,128.2186,130.56419,151.7598,111.33061,150.41571,129.2034,158.1161,162.90832,116.76564,159.27382,147.35826,138.6464,137.67796,155.03723,143.2692,161.39224,127.46702,160.60957,134.66146,131.8151,126.84655,140.8378,144.90331,155.7155,135.55892,156.79387,141.62317,155.36865,133.65398,107.49677,171.52472,135.84368,168.70354,126.60444,134.03564,170.79255,140.82791,145.36332,123.59503,169.19241,151.45522,139.36895,161.95334,134.13933,165.44391,152.89054,116.20763,139.39277,130.40278,113.12373,114.51228,145.16949,134.65152,157.08294,106.08285,125.83682,176.31229,141.59699,119.83494,165.27106,154.1427,135.76118,153.0918,167.00207,152.53759,1
117.76292,128.58067,143.37433,148.61711,147.78579,113.59758,123.34974,155.30758,175.68001,160.51193,167.92211,167.81098,138.25967,0.0,165.26277,176.50162,146.84921,151.7428,130.46443,155.98586,169.8332,126.50343,147.84057,174.36352,148.25728,139.93487,126.90766,164.10361,167.65257,168.10915,144.09957,104.13804,181.50755,140.54106,159.29656,117.86592,129.28187,114.06504,133.4916,146.62184,165.3445,175.65742,138.52164,155.01068,159.94289,184.97004,131.16192,118.32091,192.14447,115.8643,124.07995,152.68757,164.80695,172.42068,167.75944,113.13298,122.49597,181.45034,118.03526,140.78945,125.81857,173.98948,118.26528,152.2057,137.34811,133.41815,138.05219,161.80587,149.25461,138.8185,162.41742,157.52467,151.58273,161.69935,167.91425,135.18476,136.50728,147.81213,105.04291,159.01716,171.64716,153.79891,172.63766,154.8778,149.56648,131.00029,138.85761,124.72964,165.70254,135.70229,163.3276,176.82098,123.3223,140.66635,161.69914,177.23813,135.13034,114.8814,168.01638,114.59912,1
182.69937,156.41296,160.16223,118.91843,117.62728,158.57705,154.47532,122.57709,162.40701,109.68066,138.71001,163.78685,169.08381,165.26277,0.0,113.57905,174.24053,208.24675,181.35349,111.26104,221.01781,145.80989,127.56048,178.36353,172.38775,132.95673,155.06695,133.95486,204.8451,116.45542,183.37436,168.93261,157.29321,126.45969,147.26058,151.70615,141.46768,164.80599,157.99728,119.79241,171.60136,138.04529,137.86111,176.2324,110.87158,188.88628,135.43908,182.0451,191.01351,150.45755,180.51216,196.42149,114.38179,181.74986,196.0793,169.48597,142.77069,181.46412,165.65886,197.52689,150.27734,165.69854,177.38277,141.05263,161.69902,175.09679,196.0351,105.73366,195.05023,195.49282,108.07863,136.5624,124.85523,178.07662,104.74275,131.17645,196.81751,121.19178,161.87007,106.81495,139.25302,171.58846,167.17222,148.62752,167.30719,155.4643,127.17757,186.00512,121.77642,173.06239,175.36454,112.68642,141.96321,186.87509,103.87945,148.42109,194.1057,168.30841,108.52321,166.0833,2
194.17973,169.77295,164.46585,132.28726,130.09409,171.00013,162.84902,125.9606,159.14947,116.09037,135.36683,162.69193,174.76442,176.50162,113.57905,0.0,178.65298,216.18558,189.33077,124.80927,227.40901,154.52671,133.16277,177.42862,176.37761,146.44131,168.34964,131.9064,208.90993,112.89815,189.1494,180.34904,151.75148,139.43195,147.20356,161.49735,150.29784,177.33059,164.29395,129.88951,171.90219,131.65515,151.38988,179.20662,116.8225,187.04561,145.63617,192.4252,187.91037,162.42374,193.19597,202.19872,114.16507,181.67477,198.85314,179.22516,154.24572,179.34574,178.44941,205.8383,163.43017,163.27919,189.7562,143.14313,167.26795,188.46493,204.66381,119.20049,201.29597,203.86087,121.02773,137.0222,129.48917,179.85982,109.28062,143.76857,205.95436,134.6801,172.70348,120.23887,134.55633,174.39051,165.26432,149.87587,170.66311,162.30359,137.65969,195.67791,119.3015,179.44315,176.50994,102.62791,153.52217,193.66587,115.88073,142.90356,203.01311,180.83355,108.53877,178.63233,2
155.80321,171.28763,114.20652,167.68648,163.01423,157.45803,128.49352,152.89876,141.62963,165.11814,150.01815,131.36425,108.72938,146.84921,174.24053,178.65298,0.0,144.91671,125.4926,171.21743,150.30496,134.68983,146.70833,130.68358,103.22143,168.96606,169.09753,150.01238,130.60559,166.01344,113.19669,149.4617,152.24501,162.8341,135.57544,136.73165,137.8702,160.44415,118.50944,156.39597,123.25916,158.75694,170.98585,108.57808,163.98088,139.66265,145.96337,144.77704,147.65191,151.88935,169.69129,124.7929,164.52756,126.98875,123.68579,135.04783,149.06582,138.05728,164.40695,138.28893,165.3877,137.40701,163.67092,135.99551,113.62299,180.18069,139.28378,174.40753,125.22284,137.12401,176.67549,142.93707,149.77876,115.65856,173.8714,159.05691,143.46954,168.94665,142.82028,171.17916,153.44529,109.8212,134.81476,131.01529,109.5329,122.0154,151.86123,140.75069,160.1754,112.06149,118.73775,180.40555,149.78594,121.15306,170.51901,153.18723,139.87158,161.71085,171.31018,161.20319,1
144.72994,179.73023,155.98894,195.5113,192.74705,165.16781,153.77263,190.62735,186.42459,200.69524,193.13063,176.1229,143.92086,151.7428,208.24675,216.18558,144.91671,0.0,126.91884,201.59563,119.88474,162.4443,183.08303,172.23376,148.13463,190.15376,178.30538,191.99942,135.33482,204.67472,131.72503,150.70777,197.15917,188.2149,179.23295,157.55255,166.7865,163.54105,152.52872,188.49351,166.90905,202.03425,189.61236,150.94456,199.74395,177.63191,173.44696,134.81879,186.14434,166.31462,161.93099,123.38552,202.31364,166.72958,145.89854,141.14961,169.68422,179.02575,166.82377,111.16284,177.56113,181.94431,157.53682,177.31746,150.8193,178.00294,113.69061,206.48144,120.82118,113.23269,207.94947,184.48673,186.88081,156.71734,209.37522,183.02773,116.25143,195.56429,151.90057,203.29065,196.81131,154.2713,179.18196,174.2947,154.32157,154.0354,181.53769,127.31011,199.83267,138.13735,161.19853,217.37313,170.63282,124.20154,204.37232,197.69565,116.68594,162.27,207.92937,163.36471,2
132.86338,158.84627,132.01937,169.16577,166.10771,143.79358,126.88323,163.91847,165.5167,173.78392,168.09549,155.57921,120.40581,130.46443,181.35349,189.33077,125.4926,126.91884,0.0,174.9596,141.4326,135.57955,156.29399,156.15707,128.34824,165.12545,157.02425,166.36744,137.59421,177.98768,116.17513,131.25761,174.95609,162.18106,154.97335,131.3282,139.9175,144.28067,126.45013,161.624,148.61422,176.96368,165.29928,133.78378,172.83896,164.63158,146.79818,120.90421,172.83909,142.36016,148.97738,122.26246,175.53212,152.12966,140.08959,117.53924,144.1207,163.51892,148.14127,116.61671,155.03402,161.89245,143.23466,151.75107,125.85655,162.42441,116.04413,179.70382,118.79159,114.7385,181.257,158.82012,160.1312,140.80505,182.45675,157.16112,119.04917,169.42508,128.7024,176.49416,171.88922,135.14752,159.55042,149.90924,133.16842,127.47243,154.78591,115.49553,173.35842,114.41791,144.21391,190.4828,145.0559,110.38508,177.4769,174.02162,115.4776,144.27741,181.0407,144.58196,1
173.05216,145.22242,157.65157,107.89111,108.85295,148.20191,148.29762,124.54392,166.09396,114.65098,143.61622,165.73426,165.04569,155.98586,111.26104,124.80927,171.21743,201.59563,174.9596,0.0,215.6198,139.62407,126.40423,179.78602,169.78452,121.70946,143.93165,138.36074,201.6146,124.65052,178.94944,159.44617,162.84097,115.88488,149.11011,144.16213,135.38852,154.29873,153.72267,114.86011,172.17632,145.01179,126.60007,174.4238,115.3869,190.83741,128.16621,173.41556,193.94237,140.62954,169.81097,191.80138,121.50946,182.3949,194.07381,161.6124,133.64378,183.77592,154.90827,190.63793,139.25726,168.63497,166.95808,141.55336,157.9786,163.8913,188.87519,106.14673,190.03303,188.57268,106.47647,138.81417,125.16554,177.24667,115.65987,121.00461,189.19347,109.95843,153.0385,104.66572,145.04693,170.04541,169.66227,149.32383,165.40256,150.76363,120.28411,177.99165,128.18116,168.28823,175.13768,123.92408,132.762,181.4814,109.52752,154.28179,186.71251,157.78466,118.43271,155.54764,1
164.43627,198.27598,163.77575,210.24002,206.81485,183.42088,167.3555,201.45524,188.97003,212.69003,200.32053,178.91032,152.68779,169.8332,221.01781,227.40901,150.30496,119.88474,141.4326,215.6198,0.0,175.99828,194.4044,171.40571,153.21913,206.54062,196.70576,200.20782,127.55589,215.1814,138.37797,169.31793,200.598,203.48316,185.8556,172.67196,180.23811,182.40386,163.22198,201.65103,168.41063,209.03317,206.56336,153.53248,211.64181,173.90703,187.63997,153.98927,182.07645,183.40322,181.71782,125.56493,213.26896,165.23122,141.10317,158.06064,185.55286,177.19886,185.85985,129.44302,195.46,183.9021,177.17407,185.89472,160.17225,197.64492,132.55885,219.98197,126.11318,131.25331,221.76261,192.98084,197.948,157.45596,221.51592,198.53456,135.94672,210.6519,169.23504,216.72834,203.71979,157.89888,180.91561,181.31717,159.63577,165.56691,195.33585,146.27643,209.71164,148.05199,162.21412,228.89787,186.48743,134.18256,217.15225,202.85431,135.75583,181.40328,219.533,182.33989,2
143.50309,140.19218,124.10405,134.50336,130.81816,129.64953,108.71385,130.42972,151.08763,138.62974,141.41987,144.66062,127.0062,126.50343,145.80989,154.52671,134.68983,162.4443,135.57955,139.62407,175.99828,0.0,122.62088,154.36915,134.28849,134.27625,137.9,137.6956,163.65777,144.1889,139.96854,130.62317,155.61062,128.59313,133.53197,108.64733,104.34251,135.04444,116.19086,126.04997,145.23393,149.25097,136.44401,140.39097,137.76926,165.77921,111.8535,138.87607,171.73933,121.03763,149.44943,152.52021,141.29356,154.24633,158.3755,125.06177,115.22419,160.70693,138.32407,151.72892,133.20727,150.33651,144.1093,125.89094,121.16956,153.85325,150.32195,144.16245,150.53763,149.70235,145.81366,131.02166,126.55111,145.46713,147.13011,124.45329,151.43355,135.26855,121.59431,140.93858,145.15359,137.18342,149.57329,129.58807,132.1975,112.67578,119.34339,141.29183,140.68543,129.15575,145.31215,155.44556,115.76079,141.88565,141.93902,150.85586,148.54012,137.77429,146.066,136.24668,1
165.42056,151.98743,132.60316,125.94024,120.20008,146.75644,130.28145,107.82743,141.692,118.46304,123.19387,139.82496,141.9343,147.84057,127.56048,133.16277,146.70833,183.08303,156.29399,126.40423,194.4044,122.62088,0.0,153.53603,144.82727,134.97145,149.9021,118.16659,177.30508,121.80258,156.3184,151.9555,141.38372,125.74327,123.52304,130.71822,118.87174,153.02472,131.19574,112.48558,145.781,129.10327,139.45128,148.79324,117.3554,164.73242,117.92408,161.4879,168.36269,137.21363,168.71607,169.39543,119.23847,155.99641,168.62083,147.66634,128.49437,157.88995,155.41823,172.86528,144.46314,143.39837,164.04714,115.33639,134.46341,169.15115,171.83798,128.29876,168.30395,170.91658,130.86164,114.54555,103.94214,151.08318,127.27841,125.82917,173.44286,128.27703,143.2833,125.20767,126.26279,144.22486,144.04895,123.0503,139.82154,129.14117,114.23132,163.75101,118.08503,146.36786,148.79219,134.52146,128.19662,160.53284,123.90182,134.21298,170.359,156.28358,125.13032,154.34593,1
185.67931,194.49636,131.28959,179.22388,173.58793,182.583,152.15852,156.02483,120.92119,168.72051,142.29253,114.7487,137.55074,174.36352,178.36353,177.42862,130.68358,172.23376,156.15707,179.78602,171.40571,154.36915,153.53603,0.0,128.01036,185.48133,192.20703,145.56284,144.5946,164.87573,142.05155,177.5979,132.72235,177.23639,131.10613,160.1079,155.52525,186.81547,141.14173,165.89925,109.18578,148.52629,188.89786,122.46423,167.54226,111.52771,162.33299,175.14259,117.78551,175.03243,198.19678,149.16485,165.06484,106.34228,130.89125,164.11996,169.464,107.38381,190.59208,167.65925,187.5763,115.56739,192.20814,138.24426,137.01583,206.5687,169.12958,180.72738,151.41261,166.79476,183.5368,141.80155,154.67974,115.7439,176.15602,175.21201,173.62733,181.33374,169.70861,177.93756,144.00649,121.37607,112.82029,130.48951,124.91983,144.15049,164.8274,171.42561,158.37833,142.48001,111.94602,179.79451,169.89066,150.50955,175.38685,138.48734,170.08796,188.72648,172.4497,187.78915,2
157.9846,171.88553,112.23541,166.55997,161.73595,158.36175,128.75193,150.76199,138.41405,163.14936,147.12271,128.15504,110.05147,148.25728,172.38775,176.37761,103.22143,148.13463,128.34824,169.78452,153.21913,134.28849,144.82727,128.01036,0.0,168.48833,169.66724,147.29108,132.58524,163.66311,116.41151,151.05242,149.03035,162.02344,132.63928,137.07991,137.19569,161.63466,118.1652,154.92952,120.275,155.81419,170.72082,106.76902,161.9986,137.41637,145.23333,147.18728,145.23898,152.3581,171.44168,127.78021,162.29456,124.70886,124.45422,136.87053,149.01181,135.39414,165.57132,141.46816,165.77325,134.22234,165.41793,133.48884,113.14562,181.43769,142.41267,172.76573,128.35572,140.27755,175.10266,140.32707,147.75905,113.55122,171.85233,158.44976,146.53839,167.93152,144.04061,169.55845,150.50079,106.80087,131.65618,128.18363,106.43714,121.72173,150.75006,143.45856,157.72899,114.47251,116.10924,178.18707,149.69014,124.36038,168.70943,150.0572,142.93211,163.05669,169.17722,162.44601,1
155.26871,123.59865,157.60766,114.21911,118.07569,129.19521,141.3921,137.90087,176.38998,133.72067,157.42678,173.1682,161.14742,139.93487,132.95673,146.44131,168.96606,190.15376,165.12545,121.70946,206.54062,134.27625,134.97145,185.48133,168.48833,0.0,122.46466,152.08662,197.44864,143.99233,173.27519,142.59761,176.21756,109.35063,157.83803,134.35759,131.36832,134.62831,150.46281,123.83881,176.77555,161.39445,105.10276,174.38943,133.93353,196.99424,123.56469,158.24019,201.72079,124.18911,149.31254,185.10488,140.4394,186.5549,192.65175,149.00674,121.13381,190.85924,134.47925,178.99181,118.26622,177.55131,147.23642,149.12705,155.41956,142.21783,176.66879,127.70464,182.55699,176.92662,126.91583,149.51648,136.24993,178.93024,137.19726,110.30759,175.9024,111.7668,138.49393,126.20506,159.91374,170.82492,177.76822,156.13342,165.83362,146.95158,121.18902,164.16511,145.52193,162.54018,178.08227,145.63242,120.231,173.56742,130.71609,168.59136,174.04016,137.97151,139.41705,135.75525,1
137.24863,102.29223,161.3669,136.14863,138.63066,113.31473,141.01632,155.19519,187.87605,154.36703,173.04696,182.32639,160.42314,126.90766,155.06695,168.34964,169.09753,178.30538,157.02425,143.93165,196.70576,137.9,149.9021,192.20703,169.66724,122.46466,0.0,168.06702,193.43717,164.20664,169.25797,127.60591,190.37486,129.06621,169.45001,132.68222,137.46914,115.4836,152.08983,142.01493,183.04284,178.71278,118.24807,176.30129,154.32627,203.55401,132.88573,143.7864,209.63711,117.36996,127.59688,179.02266,160.58965,191.7379,191.82554,139.4851,123.29263,198.60606,113.60405,167.51311,105.44666,187.74275,126.72842,160.86404,156.94282,120.20977,164.65281,150.02158,175.76117,165.58317,149.36508,163.57694,152.47624,182.19958,159.06943,125.63398,162.58479,134.00059,128.41375,148.25509,176.16272,173.88213,187.21566,166.342,169.0501,148.68823,136.1046,151.01977,164.41533,159.58262,182.65885,167.74295,123.11441,166.95858,152.47564,183.90918,161.62046,118.02864,160.82575,116.14694,2
181.18163,170.14599,136.528,140.84405,135.23481,164.50584,143.46434,114.40904,128.45278,124.79766,105.38854,130.81507,148.26992,164.10361,133.95486,131.9064,150.01238,191.99942,166.36744,138.36074,200.20782,137.6956,118.16659,145.56284,147.29108,152.08662,168.06702,0.0,179.08481,119.32947,162.03868,168.23912,124.61984,142.73608,115.63211,146.32489,134.90265,170.66219,139.92048,128.31008,140.09775,111.5571,156.83871,148.91047,123.72925,155.47754,135.82805,175.63391,157.12549,154.96744,186.10078,174.64293,119.87424,149.77941,168.03626,161.5497,146.37251,147.88555,173.25077,182.80607,162.62661,131.92339,181.15468,114.68535,141.18179,187.26077,182.40342,137.44801,174.49365,181.03691,140.39509,107.548,115.92273,148.62263,131.0762,143.63077,184.87341,143.53907,159.26308,135.23958,108.0962,144.06917,133.64214,119.22867,141.06689,139.34112,132.19502,176.55904,112.85317,153.87713,144.97108,134.24002,146.15033,168.08802,131.61842,116.52369,181.49406,173.81912,127.14925,171.96753,1
169.42342,195.41521,144.72929,197.67969,193.25115,180.51857,156.05672,183.34722,163.48124,195.69069,178.16576,153.89606,136.78361,167.65257,204.8451,208.90993,130.60559,135.33482,137.59421,201.6146,127.55589,163.65777,177.30508,144.5946,132.58524,197.44864,193.43717,179.08481,0.0,196.14237,124.39659,168.78561,175.40832,192.24266,163.75383,163.45148,167.33196,181.65208,148.06925,186.85232,142.96529,186.42838,198.76888,130.1999,194.54679,146.36857,175.39501,157.37495,154.52074,177.34773,186.2214,115.86873,194.85716,138.29485,113.76443,154.52102,176.6198,149.95815,185.56706,137.13041,190.72302,158.18818,180.62621,165.8612,143.6404,200.01838,140.09979,204.96388,119.81132,137.6332,207.18772,172.47642,180.32031,132.13828,204.4184,188.02112,145.14311,198.73467,165.12668,201.72609,181.18658,135.02609,155.1517,159.86771,138.28698,151.29334,181.91597,150.28919,190.10121,134.93946,136.77062,210.75063,177.45485,127.20917,201.12429,178.84578,142.73043,181.82338,201.76219,182.03218,2
185.86683,165.93352,151.86915,130.1947,125.98667,164.53655,152.07014,114.07117,147.31075,110.34285,123.33631,150.12732,162.49402,168.10915,116.45542,112.89815,166.01344,204.67472,177.98768,124.65052,215.1814,144.1889,121.80258,164.87573,163.66311,143.99233,164.20664,119.32947,196.14237,0.0,176.83253,172.1248,141.17354,135.44803,134.37754,151.86601,140.18375,170.94994,152.35385,122.57658,159.10514,121.62214,149.09403,166.35179,110.05959,174.77427,136.97201,182.87237,176.11792,155.36239,186.93408,189.83439,103.61703,168.95452,185.96879,169.23182,146.71804,167.14515,172.63608,194.58635,158.9325,151.12173,182.89966,130.30723,155.01609,184.3737,193.61505,121.35205,189.09112,192.6538,124.16888,124.12537,117.89582,166.96312,112.54024,138.61362,195.24436,132.9715,163.89323,120.32109,123.25682,161.52819,152.94057,136.97773,157.86687,150.63964,129.85196,185.45627,106.50289,167.40024,163.63698,115.04729,146.13894,181.70728,115.58235,132.25116,192.1597,174.39713,108.33685,172.28002,1
148.9408,171.28282,125.51291,174.39377,170.33355,156.52448,131.9637,163.18992,154.74258,174.72901,162.51197,144.45087,114.39448,144.09957,183.37436,189.1494,113.19669,131.72503,116.17513,178.94944,138.37797,139.96854,156.3184,142.05155,116.41151,173.27519,169.25797,162.03868,124.39659,176.83253,0.0,145.73863,165.4413,168.49889,148.2388,139.11289,143.89423,158.16403,125.3963,164.47866,135.67867,171.3476,174.44498,119.79609,173.64821,149.44826,151.8158,137.05807,157.83725,152.97672,164.61922,113.07711,174.99084,137.31225,124.13429,131.0661,152.32604,149.24722,162.13361,125.66372,166.39389,150.3764,158.74717,147.59207,121.88884,177.17252,127.08502,182.82301,112.45566,124.74397,184.82872,154.71828,159.7578,126.31678,183.56283,164.06633,131.67456,175.23518,141.14263,179.55898,166.05519,122.64521,147.68871,143.47434,122.66103,128.18949,158.84514,131.43869,171.33367,110.82098,130.3813,190.70597,153.17693,108.45806,179.54538,166.24868,128.19799,158.69794,181.39589,158.66796,1
113.83096,129.03247,146.81613,151.96106,151.3872,114.65127,127.16715,159.39894,179.48989,164.40061,172.04302,171.46174,141.00684,104.13804,168.93261,180.34904,149.4617,150.70777,131.25761,159.44617,169.31793,130.62317,151.9555,177.5979,151.05242,142.59761,127.60591,168.23912,168.78561,172.1248,145.73863,0.0,185.49467,143.8399,163.28595,121.97975,133.41928,113.21281,136.98833,150.49636,168.64656,179.79343,140.78673,157.7678,163.85503,188.04973,135.15697,116.30629,195.35806,118.9415,120.60612,153.50146,168.80051,175.43813,169.66522,114.7538,126.1858,184.74739,116.94873,139.98828,127.31764,177.68247,114.65215,156.27824,140.63137,131.43423,137.07484,165.33463,149.92202,138.0956,165.84443,161.64454,155.68582,164.56745,171.68701,138.5231,135.01666,151.02057,109.07257,162.60517,175.77284,156.80707,176.26107,158.81832,152.71866,134.65679,142.746,123.41392,169.7904,137.98517,166.39539,180.61563,126.97358,141.6139,165.41429,181.31358,134.02184,113.03937,171.88483,113.37372,1
197.04915,192.56121,143.03108,165.4423,159.7969,184.80881,158.53168,138.99046,112.01391,148.80056,119.26658,121.69284,154.62881,181.50755,157.29321,151.75148,152.24501,197.15917,174.95609,162.84097,200.598,155.61062,141.38372,132.72235,149.03035,176.21756,190.37486,124.61984,175.40832,141.17354,165.4413,185.49467,0.0,166.89568,122.211,163.92429,154.18084,190.52846,150.79998,152.67409,132.45697,120.09738,180.80475,147.18587,147.8261,138.902,157.49195,189.18622,137.49919,175.54323,205.01579,176.04428,142.916,138.75319,162.2446,175.61282,167.54036,131.29283,193.6051,189.94234,185.0206,117.43412,199.54915,129.91696,149.53881,208.58447,190.43496,161.4139,177.172,188.53675,164.3604,126.97438,140.0214,143.38759,153.70048,167.20137,193.98034,168.11812,176.46731,159.4737,118.04654,143.17445,120.44889,126.79121,142.87223,151.92142,155.58584,188.11056,135.52931,160.70597,138.67725,154.35634,167.5269,173.19737,155.486,108.93001,190.37963,193.35888,149.50937,191.76367,2
157.32058,130.64827,150.59748,108.14508,109.57851,132.31967,136.64347,128.57325,167.32193,125.39159,148.07662,164.50891,155.52422,140.54106,126.45969,139.43195,162.8341,188.2149,162.18106,115.88488,203.48316,128.59313,125.74327,177.23639,162.02344,109.35063,129.06621,142.73608,192.24266,135.44803,168.49889,143.8399,166.89568,0.0,148.86534,130.85308,124.99745,138.44638,144.41967,114.51341,168.72075,152.13016,114.1977,167.57616,125.43943,188.70532,116.89372,158.36055,193.12847,124.92105,154.06552,180.85562,131.84535,178.66838,186.42694,147.40703,118.74771,182.35711,139.20033,177.10465,124.02125,168.6741,151.08901,140.22774,149.21243,149.26935,175.07746,121.98528,178.6333,175.027,122.11988,140.27188,126.90659,171.64369,130.17719,105.37618,174.93225,107.40669,137.99737,119.69688,150.57247,163.72907,169.02016,147.44074,158.78838,141.04125,112.42636,163.44976,136.48377,157.67796,170.44536,139.00757,117.81057,169.77306,123.56401,159.24119,172.69796,141.93966,131.76507,139.70594,1
174.97009,171.6912,123.28335,149.44047,143.68043,162.97992,136.38356,124.9699,118.66246,137.61439,114.51564,116.66495,135.38372,159.29656,147.26058,147.20356,135.57544,179.23295,154.97335,149.11011,185.8556,133.53197,123.52304,131.10613,132.63928,157.83803,169.45001,115.63211,163.75383,134.37754,148.2388,163.28595,122.211,148.86534,0.0,141.74744,132.44371,168.55283,129.42094,135.98551,124.73588,123.18184,161.96,133.55719,136.43643,141.83,136.78175,167.53036,144.92317,153.88704,182.85107,160.3683,134.18752,134.68832,152.44605,153.74766,146.26199,134.66822,171.73898,170.8506,164.2217,119.88101,177.35333,108.77411,129.11686,186.98199,170.89258,149.69657,160.61984,169.24327,152.53718,110.69934,123.96144,132.99188,145.16232,148.03038,173.96015,151.80001,154.25633,146.98046,117.86985,128.75157,120.59679,105.06943,126.2431,130.09562,136.64997,167.05584,127.90758,141.35529,129.37435,149.42358,146.35952,155.04454,144.2927,119.15663,170.42966,171.3057,141.57635,169.76717,1
134.92418,134.93034,128.91881,137.96415,135.3494,122.533,108.34299,138.42707,158.79166,145.42623,150.0646,151.68386,128.2186,117.86592,151.70615,161.49735,136.73165,157.55255,131.3282,144.16213,172.67196,108.64733,130.71822,160.1079,137.07991,134.35759,132.68222,146.32489,163.45148,151.86601,139.11289,121.97975,163.92429,130.85308,141.74744,0.0,111.8485,127.3227,119.42611,132.03439,150.92377,157.8818,135.33213,143.65843,144.67753,171.28277,116.27591,131.0321,177.76651,115.3176,141.10432,150.7488,148.78849,159.23233,160.0029,117.8048,113.25519,166.80626,130.86313,146.52279,128.6956,157.61703,135.63819,134.39703,124.26098,146.71641,144.71323,149.31059,148.22418,144.4515,150.57868,139.66563,134.59103,149.52165,153.57298,125.86331,145.16407,138.11639,112.94758,146.20298,153.80084,141.21032,156.58943,137.54369,136.40998,116.09002,124.5372,134.32669,148.78826,128.54558,150.10896,162.19036,114.13617,139.25482,147.90509,159.41213,142.57884,129.78959,152.96498,128.4466,1
146.67278,139.74884,126.28889,130.4997,126.61547,130.62798,113.04078,126.60351,150.56295,134.35429,138.96401,144.8945,130.56419,129.28187,141.46768,150.29784,137.8702,166.7865,139.9175,135.38852,180.23811,104.34251,118.87174,155.52525,137.19569,131.36832,137.46914,134.90265,167.33196,140.18375,143.89423,133.41928,154.18084,124.99745,132.44371,111.8485,0.0,136.41999,119.42287,121.70866,146.50144,146.43729,133.98836,143.02172,133.51261,167.02151,108.10424,142.71118,172.6002,121.44357,151.41442,156.56942,137.20666,155.87654,161.51231,129.07178,114.20376,161.57031,139.42599,156.06779,132.47393,150.27536,146.31351,124.2643,124.24937,154.53911,154.64402,139.84948,154.67973,154.03953,141.53644,128.63924,122.75489,147.6764,142.81619,121.25602,155.69705,131.41543,124.56129,136.61973,142.60327,139.50289,149.7703,128.97221,134.50452,116.05826,115.10827,145.42252,136.94853,133.11639,147.12791,151.17517,114.50147,146.09295,137.59723,148.86385,152.83461,139.37459,141.81617,137.67957,1
121.80583,116.48139,155.54028,146.44161,147.31155,106.41341,134.73504,159.69324,186.02681,162.03919,175.09137,178.99329,151.7598,114.06504,164.80599,177.33059,160.44415,163.54105,144.28067,154.29873,182.40386,135.04444,153.02472,186.81547,161.63466,134.62831,115.4836,170.66219,181.65208,170.94994,158.16403,113.21281,190.52846,138.44638,168.55283,127.3227,136.41999,0.0,145.6746,148.42846,177.67828,181.99853,131.60584,168.40353,161.72335,197.72278,135.12083,128.76133,204.57766,115.8354,115.98592,166.54282,167.41727,185.33805,181.7691,127.16872,124.61305,193.71353,103.98884,153.00209,116.93392,184.93943,112.69106,160.6409,149.99577,119.83621,150.00636,160.42271,163.02203,151.15252,160.36451,164.90414,156.33705,174.90938,168.22484,133.64529,147.57599,144.8861,117.62387,158.10548,178.60049,166.8239,183.89398,164.61349,162.35407,142.73609,141.15592,136.25538,169.78517,149.59929,176.19075,177.17029,125.03778,154.57625,161.66852,185.24872,146.89099,103.50499,169.18713,101.33307,1
146.90521,154.34552,109.90682,149.61229,145.23455,141.59656,111.16615,138.41445,143.20076,149.48013,141.81218,134.59838,111.33061,133.4916,157.99728,164.29395,118.50944,152.52872,126.45013,153.72267,163.22198,116.19086,131.19574,141.14173,118.1652,150.46281,152.08983,139.92048,148.06925,152.35385,125.3963,136.98833,150.79998,144.41967,129.42094,119.42611,119.42287,145.6746,0.0,139.13041,132.01737,150.63151,152.57564,124.48273,148.42435,152.10456,127.5271,138.39581,158.91076,134.72003,157.53677,138.42557,150.21361,139.88621,142.19339,125.07635,130.86459,148.08869,149.46421,142.94933,147.94169,140.90635,151.63177,125.33649,105.02156,165.44555,142.48297,157.45077,137.14152,141.14591,159.50221,132.37445,134.80492,130.11427,158.3115,140.5542,145.0556,150.71577,128.69098,154.18808,145.63844,121.79255,139.33829,124.40037,116.98845,103.55668,133.85183,137.6376,147.327,115.17356,130.74102,165.71282,131.53178,129.38099,154.16054,148.565,141.62598,147.61651,156.32526,146.64869,1
