Vértice_1,Vértice_2,Vértice_3,Vértice_4,Vértice_5,Vértice_6,Vértice_7,Vértice_8,Vértice_9,Vértice_10,Vértice_11,Vértice_12,Vértice_13,Vértice_14,Vértice_15,Vértice_16,Vértice_17,Vértice_18,Vértice_19,Vértice_20,Vértice_21,Vértice_22,Vértice_23,Vértice_24,Vértice_25,Vértice_26,Vértice_27,Vértice_28,Vértice_29,Vértice_30,Vértice_31,Vértice_32,Vértice_33,Vértice_34,Vértice_35,Vértice_36,Vértice_37,Vértice_38,Vértice_39,Vértice_40,Vértice_41,Vértice_42,Vértice_43,Vértice_44,Vértice_45,Vértice_46,Vértice_47,Vértice_48,Vértice_49,Vértice_50,Vértice_51,Vértice_52,Vértice_53,Vértice_54,Vértice_55,Vértice_56,Vértice_57,Vértice_58,Vértice_59,Vértice_60,Vértice_61,Vértice_62,Vértice_63,Vértice_64,Vértice_65,Vértice_66,Vértice_67,Vértice_68,Vértice_69,Vértice_70,Vértice_71,Vértice_72,Vértice_73,Vértice_74,Vértice_75,Vértice_76,Vértice_77,Vértice_78,Vértice_79,Vértice_80,Vértice_81,Vértice_82,Vértice_83,Vértice_84,Vértice_85,Vértice_86,Vértice_87,Vértice_88,Vértice_89,Vértice_90,Vértice_91,Vértice_92,Vértice_93,Vértice_94,Vértice_95,Vértice_96,Vértice_97,Vértice_98,Vértice_99,Vértice_100,Conjuntos
0.0,164.13479,168.94349,157.73718,171.527,148.6607,146.85028,113.32687,169.68932,182.65341,132.24497,162.94686,125.25737,196.30853,173.86067,166.85675,116.56595,182.14322,168.63807,168.10213,172.54129,159.21085,105.34187,158.68286,186.56963,142.43351,112.00862,173.26006,113.15693,125.37352,170.32154,204.65436,173.73209,125.27144,120.33579,138.84335,166.75239,170.90668,148.14718,193.42052,154.06454,164.34739,150.11883,105.98756,116.44025,160.39661,122.99569,197.10976,120.06831,110.43178,115.02831,186.13718,182.63489,152.93265,165.36267,114.79084,190.75082,161.06506,155.45258,178.80402,153.86741,152.92189,124.95953,126.20786,141.06514,184.6758,112.38247,184.53183,172.4727,169.25826,104.45536,176.05354,147.05878,170.24201,171.05935,187.90883,183.15445,105.35645,166.90681,109.95782,180.81659,141.03235,195.13312,175.41265,149.12825,173.2616,174.96291,129.85688,118.18244,125.22642,147.79724,110.78468,123.9627,168.77566,180.73803,135.55497,118.1777,139.90408,187.76384,163.27924,1
164.13479,0.0,111.57091,125.16164,158.90088,190.99464,127.63666,174.2116,211.69599,161.25544,191.43914,102.00636,182.91261,178.82788,187.33489,138.30063,164.44858,155.41369,177.13378,149.83064,204.07431,159.05315,167.27081,106.35829,222.9275,170.36274,152.68828,133.32926,165.87558,189.15378,144.4255,187.0884,190.73329,189.35953,184.26739,165.7394,129.85648,130.79239,180.47097,181.33137,125.72515,108.79312,197.22737,169.92078,179.27378,105.53774,186.0383,188.52522,183.90273,161.54003,169.42925,158.78628,166.34605,111.24633,167.2288,172.37382,178.32306,146.39187,121.0126,184.01397,196.64249,150.85414,142.40921,167.35777,140.17348,208.8727,163.76771,150.6691,202.06288,115.38533,161.92435,190.87601,117.1888,196.05343,169.20809,153.18172,209.55949,167.35974,116.19103,154.95064,200.11183,184.35118,186.51727,172.87278,133.29301,161.24355,172.42111,134.64269,149.00789,188.55185,118.61364,174.89551,185.52713,159.87734,157.90541,176.63617,171.14323,127.8468,172.39395,115.90784,2
168.94349,111.57091,0.0,119.0194,150.43543,189.53722,125.87512,177.57858,209.25653,151.27068,193.57153,110.61133,185.02959,168.60621,181.08727,129.28233,166.49025,145.03501,170.72008,141.29796,200.01125,152.84134,172.69931,116.91304,219.07768,167.99286,157.03768,122.61098,168.53255,193.14649,135.08365,176.64013,184.87061,194.14553,189.27916,163.76407,120.40162,120.35341,177.91537,171.66041,121.12849,104.81388,196.37363,174.89558,184.82972,116.77151,189.64417,179.04258,188.9994,164.69724,171.92617,148.16903,156.78636,119.1964,160.49837,178.84386,168.72227,139.1043,116.86342,176.64817,194.96918,145.52871,149.73551,167.76736,138.13153,203.386,166.53347,139.66297,197.74914,104.13433,167.371,184.65534,124.51416,191.37498,161.6792,142.00648,204.41148,171.45828,106.16408,159.23407,194.17554,183.49808,177.09715,164.9693,129.48502,152.67798,164.54753,139.13706,152.20164,193.98641,127.94859,179.48115,188.57716,151.96511,147.91423,175.99083,173.19807,129.64443,162.66213,108.28446,2
157.73718,125.16164,119.0194,0.0,134.05642,171.29609,110.89236,163.9932,190.51905,138.21426,178.16416,123.19582,169.76408,155.84836,162.53089,114.8747,151.66386,133.56086,152.23307,125.17304,180.99369,134.19513,162.29032,126.32775,200.06478,149.46669,145.84697,116.1657,154.36694,179.97032,121.00826,164.48202,166.14754,182.04992,177.63966,145.48328,109.66091,113.50264,159.24446,157.38222,103.67461,117.44648,178.43044,163.67848,174.16431,127.52917,176.04108,164.27728,177.49541,151.34016,157.44253,137.46943,142.46093,123.52854,142.18641,169.93352,154.31464,121.23469,105.0875,158.86388,176.58759,126.55122,144.41055,151.18983,120.61785,184.55618,152.58559,131.52204,178.73092,116.38553,157.25471,166.09119,125.05833,172.3761,144.04677,134.73116,185.49544,159.08923,113.45043,147.78759,175.49526,165.66341,162.21563,147.74475,111.15268,136.43854,147.28859,130.31958,139.69117,182.87021,130.87513,167.50971,174.30568,134.78427,134.99764,158.38757,158.15939,118.89995,148.65238,110.75394,1
171.527,158.90088,150.43543,134.05642,0.0,159.62534,137.64034,171.43493,172.73032,112.25662,178.33236,156.99583,171.53039,125.26134,134.09633,121.18999,158.25197,115.83051,124.303,109.14228,158.48063,114.03648,176.85108,160.37561,176.91969,139.9016,162.10296,130.23161,162.14672,186.25397,115.94547,133.98267,138.7351,190.66653,187.73809,139.23264,130.10067,131.28666,145.87208,124.41954,134.71495,150.53228,167.79727,176.47902,186.6605,161.58285,181.7047,130.64732,187.89932,161.82175,163.70708,118.32767,111.15853,157.14405,114.94962,186.11754,121.3583,113.71852,138.87999,127.12588,163.22415,118.62116,169.1879,152.05331,133.10352,157.18184,161.33071,123.42369,155.55714,146.59733,173.14374,137.47908,157.39672,148.53548,112.70754,125.5189,159.1054,170.2414,144.28411,163.11598,147.21516,157.44137,128.53896,114.89227,130.70654,102.40579,114.53334,154.43655,155.1262,193.51954,163.38926,178.17955,178.39223,103.93937,111.9705,152.83774,162.66803,145.41255,116.81212,143.25076,1
148.6607,190.99464,189.53722,171.29609,159.62534,0.0,163.96202,137.50894,121.99354,171.50791,128.45072,189.1398,127.63523,176.84938,138.86636,170.12008,134.04503,175.26263,140.76503,162.89632,125.19405,146.33993,152.20195,188.01547,137.95451,122.06707,150.29371,180.37886,136.10848,143.00703,169.32576,182.81603,135.88924,149.68327,150.24715,125.81881,175.82193,179.48363,113.76759,170.83728,168.56093,186.47406,108.1784,148.90636,153.7215,189.86263,139.21737,170.72426,150.86613,140.64992,133.64978,177.95095,167.57368,182.08851,145.61124,159.99686,169.3635,158.56733,172.67387,148.3906,105.82015,148.11839,167.51213,126.02625,151.44168,139.15338,137.68618,181.87928,126.07168,187.54757,152.98162,139.03285,177.83564,126.79471,150.62868,184.5199,136.7749,143.61023,184.60673,148.9497,138.95344,107.82686,169.37269,153.02649,160.23923,159.80458,152.82357,161.42431,148.23374,154.96963,181.79804,145.93584,134.76592,155.68909,171.59569,115.15993,130.49153,163.55187,169.77911,181.44253,1
146.85028,127.63666,125.87512,110.89236,137.64034,163.96202,0.0,153.42318,184.24777,144.54533,168.27363,125.6786,159.7867,161.65365,161.06679,122.80932,141.43107,141.14839,151.22349,129.89993,176.47852,133.47382,151.40011,126.18767,195.29739,142.86152,134.95474,126.78268,143.91627,169.35105,128.14413,170.46067,164.06866,171.2614,166.79957,138.36803,120.2073,124.25114,152.94119,161.97889,107.22778,122.52362,170.61239,152.79704,163.27413,127.85495,165.50906,168.25904,166.64465,140.67058,147.1087,145.23983,147.59625,121.31134,142.01848,159.10985,158.89734,123.92207,109.38699,159.23726,169.49911,124.6023,134.592,141.95488,112.61937,181.81059,142.06352,140.69596,174.52021,124.58697,146.37819,164.53547,120.11756,168.6395,145.20842,144.03628,182.30549,148.28852,121.78108,136.89828,173.42557,157.71744,166.14286,149.41455,107.08044,140.02302,148.9243,119.96909,128.84094,172.00031,126.04737,156.68428,163.95713,137.22033,141.61898,150.15736,148.04325,108.76954,153.77209,118.2478,1
113.32687,174.2116,177.57858,163.9932,171.43493,137.50894,153.42318,0.0,157.57895,183.28092,119.02223,172.82504,112.01406,195.10939,167.57458,170.71827,113.35403,183.91282,164.02388,169.67177,162.31288,158.0018,115.24183,169.21965,174.93696,136.58609,121.8924,178.47609,109.82808,116.00719,173.18021,203.00138,166.64511,119.28961,116.49355,134.30087,172.21847,176.42172,139.84547,191.27389,160.36975,173.23105,137.79541,111.58355,117.32436,171.01178,112.10326,193.997,116.76986,112.88427,107.73186,187.69836,182.19177,163.24773,162.73321,122.4892,188.85569,162.94524,162.62099,173.98598,142.25676,153.43062,137.69337,120.34947,144.90077,175.36498,111.42485,187.53343,162.65818,177.30611,117.68447,169.28343,157.58198,161.40031,168.60163,190.82464,173.46727,108.11174,174.71769,119.65926,172.73457,130.37209,192.14544,172.64841,154.06233,172.83395,172.24422,139.59391,125.4108,122.2741,159.16701,108.68019,111.42073,168.19906,181.83598,126.58227,109.40582,147.9391,186.70834,171.07499,1
169.68932,211.69599,209.25653,190.51905,172.73032,121.99354,184.24777,157.57895,0.0,183.47686,143.81463,209.78898,146.30089,184.48724,143.25065,187.03936,155.85519,188.50445,149.75242,178.0028,117.67365,161.26872,172.72683,209.10956,118.04258,141.38878,172.18337,197.57005,157.62824,159.17446,185.09366,188.63943,138.64356,165.95196,167.78188,145.95807,193.78868,197.09981,131.35506,177.48217,188.12859,206.56331,119.81427,169.16187,172.31591,210.93716,156.30406,175.18167,168.49002,162.33735,154.87774,190.46058,178.32582,203.28494,157.79577,179.72101,176.82805,175.03417,192.4952,153.81743,116.24177,165.37982,189.46359,148.01831,171.62849,130.69742,159.33295,196.05674,120.70568,206.90404,174.0998,141.55759,199.28726,126.65104,161.45096,198.24903,127.18466,164.46034,203.96606,170.76501,136.19794,129.75492,174.37067,162.39569,179.77228,172.25633,162.36051,183.25644,170.22432,171.61956,203.4613,165.46229,152.12184,168.90104,184.34499,137.12145,151.73473,184.70638,178.91546,201.02224,2
182.65341,161.25544,151.27068,138.21426,112.25662,171.50791,144.54533,183.28092,183.47686,0.0,190.57908,159.51685,183.72084,117.67801,142.54356,123.42085,170.01241,107.14174,133.91708,115.11785,168.30439,126.29221,187.93778,163.90119,186.09698,152.13622,172.67091,128.90679,173.8523,198.28859,117.21875,126.26831,147.4259,202.55351,199.47309,151.47402,131.40303,130.93061,157.80336,120.5323,139.94452,152.50169,179.68626,187.80423,198.12446,164.82117,193.75516,128.09443,199.60508,173.22599,175.57068,107.165,106.66636,161.70808,126.07849,197.06025,117.73642,122.11434,143.3003,133.60968,174.86896,129.94762,178.04528,164.15119,142.78645,165.04314,172.92471,115.50031,165.25331,147.17101,183.97539,145.58146,163.05866,158.25097,122.04244,116.23988,167.3987,181.69419,145.42122,173.86085,154.97064,169.59448,126.28329,121.92872,138.2298,111.70957,121.81065,163.10147,165.65113,205.23746,168.97386,189.77719,190.51395,116.05304,103.35862,165.08999,174.65462,153.01835,111.56707,145.37073,1
132.24497,191.43914,193.57153,178.16416,178.33236,128.45072,168.27363,119.02223,143.81463,190.57908,0.0,189.91393,108.55289,199.60827,165.6471,182.25572,127.11561,192.59508,165.04855,178.68451,153.08337,164.30199,133.1493,186.84457,161.83848,138.9345,140.34551,191.18519,125.62843,115.37111,183.52291,206.64355,163.38664,122.16551,124.14949,139.10734,185.36378,189.49378,137.16093,194.58312,174.71238,189.50624,124.83447,129.19861,129.3014,188.67578,112.7375,195.823,124.8862,130.27548,122.03534,196.00413,188.15712,180.78248,166.77393,137.8708,192.60365,172.65963,177.65883,174.07671,131.14556,162.19832,156.67632,127.67088,157.82426,167.42065,127.76998,197.55849,154.32363,192.78347,136.47795,166.41791,175.33416,155.18408,172.50311,200.65882,164.83441,127.1281,190.03073,138.19891,167.3058,124.33892,194.21742,175.88695,167.41938,179.2328,175.56962,157.2348,142.53456,127.80848,177.43751,124.21524,109.11972,174.64895,189.77297,125.92174,120.39178,164.1729,191.68694,186.4504,2
162.94686,102.00636,110.61133,123.19582,156.99583,189.1398,125.6786,172.82504,209.78898,159.51685,189.91393,0.0,181.37828,177.11613,185.33116,136.47638,162.8834,153.75223,175.13318,147.94028,202.09579,157.05266,166.19178,106.41079,220.95887,168.44199,151.40491,131.79387,164.38555,187.87122,142.62291,185.41673,188.72705,188.19894,183.13879,163.83641,128.11476,129.20488,178.54648,179.53253,123.72155,107.22926,195.41873,168.76893,178.23277,106.16749,184.69748,186.69922,182.78786,160.10659,167.92476,157.17304,164.54247,110.31088,165.23637,171.49524,176.51668,144.42981,119.01094,182.03649,194.7761,148.84782,141.64983,165.63052,138.23538,206.8676,162.28788,149.17566,200.07693,114.18252,160.83959,188.8718,116.23376,194.05825,167.2418,151.74852,207.55781,166.0673,114.70628,153.66263,198.10564,182.53526,184.68477,170.92314,131.29208,159.34427,170.47006,133.31501,147.55152,187.49888,118.27836,173.68779,184.11058,157.93521,156.17142,174.83033,169.58885,126.13448,170.60865,114.14613,2
125.25737,182.91261,185.02959,169.76408,171.53039,127.63523,159.7867,112.01406,146.30089,183.72084,108.55289,181.37828,0.0,193.6689,161.93662,174.30328,118.56293,185.35727,160.13229,171.30135,152.82787,157.5743,127.13596,178.36462,163.98232,133.07018,132.23346,183.03158,117.19222,116.37079,175.83563,201.0254,160.23791,122.61054,122.63761,132.43058,177.12391,181.27424,133.28301,189.03244,166.2862,180.95525,126.50794,123.32825,126.25374,180.20039,112.04687,190.81777,123.2426,121.96846,113.57714,188.88086,181.69048,172.29451,160.78747,133.4471,186.89002,165.07178,169.16802,169.60776,131.68905,154.77337,148.96638,119.89546,149.53253,166.59271,119.34657,189.99243,153.58685,184.27025,129.66117,163.12402,166.88549,153.34998,166.61289,193.14843,164.35468,119.93591,181.52813,130.15188,165.20724,121.5808,189.11293,170.25193,159.1019,172.58497,169.90179,148.79581,134.06615,127.5723,169.11737,119.19633,107.71708,167.95702,182.72866,120.63125,111.83974,155.62002,185.55344,177.94059,1
196.30853,178.82788,168.60621,155.84836,125.26134,176.84938,161.65365,195.10939,184.48724,117.67801,199.60827,177.11613,193.6689,0.0,141.25512,141.09327,182.24275,123.58417,136.14801,131.76293,167.62378,137.24928,201.64874,181.57227,183.33372,160.72442,187.24519,146.04155,186.21405,209.18492,134.88272,108.8242,145.98299,214.09661,211.57618,161.40392,149.00904,148.26606,163.89588,107.53301,157.44923,170.05248,184.83051,201.03756,210.99435,182.47674,204.60089,113.9161,211.80019,186.35941,187.40214,120.8481,114.25659,179.36223,132.88853,211.0042,107.66919,138.22872,160.92945,130.71938,179.06086,143.6867,194.29732,175.07301,158.32775,160.69217,185.6032,130.26655,164.44866,164.48141,198.13555,143.29351,180.5777,157.91048,127.10769,129.31462,163.69155,194.66757,162.87415,188.181,151.13469,176.67997,113.03087,123.93254,155.04746,123.24465,124.1924,179.45469,180.29773,217.36719,186.51948,202.33886,200.95132,127.57556,120.98381,173.68705,186.00004,169.90159,108.55263,162.97482,2
173.86067,187.33489,181.08727,162.53089,134.09633,138.86636,161.06679,167.57458,143.25065,142.54356,165.6471,185.33116,161.93662,141.25512,0.0,153.39936,157.39293,148.65831,110.39191,141.90287,126.49303,128.33669,178.83186,187.04986,143.57755,131.46767,169.09706,163.49124,161.15298,178.30733,149.35156,145.59251,104.91872,184.37471,183.37599,135.15336,161.86432,164.01407,128.68261,134.24082,161.60974,179.97735,146.11851,176.80088,184.87423,188.61096,173.92026,132.53479,183.81862,163.52311,160.75151,149.70856,136.58027,182.3779,120.72276,188.1303,133.60909,142.11733,166.32518,110.57,139.63924,136.60342,182.58177,147.98416,150.49253,123.10308,161.52569,156.94467,123.33196,177.7086,177.16309,103.56825,180.5597,116.65885,121.40817,158.46694,125.05087,170.31355,175.02359,168.98042,113.26399,141.30936,131.47555,120.61545,154.43973,132.78258,120.73938,170.39314,163.51524,188.86694,186.14904,176.0594,169.65367,130.98367,144.18634,141.54747,158.28566,165.83088,136.13923,173.07699,1
166.85675,138.30063,129.28233,114.8747,121.18999,170.12008,122.80932,170.71827,187.03936,123.42085,182.25572,136.47638,174.30328,141.09327,153.39936,0.0,157.56003,118.75078,143.04925,112.092,175.13461,126.35041,171.83626,140.5583,194.15439,148.17723,155.56174,110.55754,160.89083,186.6169,106.21988,149.66661,157.60789,189.669,185.76315,145.34045,108.91092,110.62768,156.86445,143.0751,117.03038,129.6988,177.9068,172.56467,183.16003,141.54904,182.35284,150.22519,185.73643,158.87519,163.45179,122.73485,128.08216,138.29959,132.71366,180.26188,140.04843,112.05414,119.95619,147.85934,174.81543,122.0118,157.3759,154.58498,125.98462,176.30964,159.44168,118.05184,172.51439,125.41075,167.19353,156.93721,139.8982,165.7137,132.92814,121.43515,177.77711,167.18362,123.15183,157.19676,166.65832,165.79925,148.21711,135.89858,118.01863,123.4037,135.4981,142.60676,148.77063,191.30146,145.74384,175.64203,179.93056,123.03861,120.16256,159.375,163.45549,131.57851,134.19146,122.42623,1
116.56595,164.44858,166.49025,151.66386,158.25197,134.04503,141.43107,113.35403,155.85519,170.01241,127.11561,162.8834,118.56293,182.24275,157.39293,157.56003,0.0,170.56155,152.60644,156.32022,156.73376,145.01951,121.43937,160.06041,171.85599,125.92931,116.37561,165.62309,104.00052,129.06908,159.8722,190.29192,157.17533,132.63074,129.4863,122.61522,159.48792,163.67967,131.755,178.71544,148.11352,162.39457,137.21072,119.60347,128.86608,161.90888,124.79892,181.85273,129.65179,106.78295,105.89607,174.35556,169.10431,153.97153,150.26695,130.77219,176.19953,149.59347,150.78498,162.73489,139.64636,140.11725,133.77211,109.66502,131.94891,168.38192,104.18979,174.21912,156.43936,165.80922,120.27067,159.52371,148.71095,153.8594,156.09208,177.50048,167.00763,113.04279,163.09874,114.91328,164.27702,126.21933,179.93907,160.28353,141.32614,159.71988,159.85812,130.74302,116.05288,135.26803,151.37657,120.11046,122.66946,155.10315,168.5178,119.71782,106.72482,137.05836,173.78279,159.49266,1
182.14322,155.41369,145.03501,133.56086,115.83051,175.26263,141.14839,183.91282,188.50445,107.14174,192.59508,153.75223,185.35727,123.58417,148.65831,118.75078,170.56155,0.0,139.49595,114.24142,173.91149,129.0694,187.34361,158.47653,192.04624,154.92144,171.58916,122.45741,174.27202,199.30904,113.00434,131.67686,153.47914,203.1908,199.81079,153.63809,125.77569,124.7181,161.49513,127.37853,135.76378,146.62209,183.41788,187.53183,198.00661,159.27363,194.83757,135.00485,199.88772,173.16555,176.2848,104.12493,113.7652,156.75357,130.71197,196.23774,124.69834,121.12098,138.61336,140.19832,178.98965,130.65792,175.40689,165.53689,141.3827,171.43865,173.16003,108.49356,170.92194,140.90679,183.09617,151.82963,158.61717,163.89434,127.55448,109.85112,173.6608,181.64564,139.36102,172.96069,161.36738,172.69913,133.25735,128.1768,135.43294,116.29779,127.99107,160.48455,164.59704,205.52167,164.42609,189.91375,191.8377,119.74014,104.51583,167.6115,175.65632,149.84896,118.53472,139.65796,1
168.63807,177.13378,170.72008,152.23307,124.303,140.76503,151.22349,164.02388,149.75242,133.91708,165.04855,175.13318,160.13229,136.14801,110.39191,143.04925,152.60644,139.49595,0.0,131.68651,134.43561,118.08066,173.81128,177.03296,152.64095,127.50111,162.53701,153.21027,156.5385,176.31431,139.15467,142.12584,114.61826,181.94444,180.31628,130.00429,151.47884,153.67181,128.24453,130.09811,151.42013,169.67503,148.69652,172.20977,181.05244,178.55991,171.78752,130.77743,180.67869,158.2063,156.71895,141.01328,128.57432,172.51278,110.34271,183.2631,128.61032,131.72597,156.12254,110.16965,142.93514,126.63333,174.7995,143.77243,141.23263,133.29701,156.57474,147.55981,131.42815,167.32379,171.55201,113.95624,170.96564,124.40256,111.94994,149.34667,134.96393,165.64783,164.64688,162.70196,123.61982,141.24521,129.17778,112.73685,144.46012,123.27513,112.65557,161.88623,156.46711,185.98589,176.66077,172.17279,167.74999,120.93712,135.13179,139.52941,154.61808,156.47227,129.53948,162.73616,1
168.10213,149.83064,141.29796,125.17304,109.14228,162.89632,129.89993,169.67177,178.0028,115.11785,178.68451,147.94028,171.30135,131.76293,141.90287,112.092,156.32022,114.24142,131.68651,0.0,164.90316,116.80466,173.33903,151.49059,183.71713,141.74596,157.80393,121.62995,160.03336,185.0923,107.4713,140.57852,146.30449,188.94939,185.58367,139.98284,120.99211,122.40864,149.21583,132.38959,126.15617,141.41429,170.95515,173.41667,183.85628,152.64563,180.63145,139.12979,185.66642,158.98677,162.04773,118.0972,117.72351,148.50879,121.50293,182.33951,129.30533,107.08565,130.10377,135.84747,167.07168,116.52836,162.95894,151.43604,127.74868,164.96358,158.93478,119.14704,162.1287,137.47624,169.21523,145.39594,149.15192,155.18952,120.99284,122.06834,166.63403,167.47037,135.14436,159.07982,155.15501,159.64355,137.05805,123.81394,123.31179,111.43223,123.41852,148.02571,150.78705,191.30159,155.13455,175.70884,177.68082,111.07668,112.73039,154.0989,161.44978,138.16248,123.9256,134.12862,1
172.54129,204.07431,200.01125,180.99369,158.48063,125.19405,176.47852,162.31288,117.67365,168.30439,153.08337,202.09579,152.82787,167.62378,126.49303,175.13461,156.73376,173.91149,134.43561,164.90316,0.0,148.78824,176.5323,202.39388,119.10717,135.33631,172.09203,185.6578,159.51079,168.02517,172.27972,171.32511,121.66252,174.75561,175.43949,140.349,182.72123,185.6022,125.95144,160.44339,179.13595,197.93442,128.70601,173.46857,178.84372,204.14393,164.35467,157.73683,176.05997,163.5167,157.5988,175.42675,162.68735,196.92904,143.67628,184.75195,160.01542,163.12414,183.75372,136.92152,121.9902,154.64925,188.46996,147.45201,164.16436,114.64271,160.75212,181.8784,103.17542,197.19332,176.67687,124.35619,193.73181,110.05554,146.38452,183.75822,111.77058,167.7733,194.31466,171.15011,118.54473,131.94123,157.01958,146.60745,170.99661,157.64284,146.64661,179.60899,168.525,180.11102,198.57773,170.87375,159.91258,154.85913,169.56529,137.06728,154.51262,178.67884,162.61034,191.73344,2
159.21085,159.05315,152.84134,134.19513,114.03648,146.33993,133.47382,158.0018,161.26872,126.29221,164.30199,157.05266,157.5743,137.24928,128.33669,126.35041,145.01951,129.0694,118.08066,116.80466,148.78824,0.0,164.55184,159.03523,167.80503,125.94316,150.78589,136.87007,148.98054,172.50968,123.82975,145.46078,132.03003,177.12724,174.42402,125.21422,134.19813,136.8668,132.59322,134.27715,133.34204,151.64156,154.46086,163.82133,173.74509,160.53689,167.94277,138.63941,174.62728,149.1533,150.27473,132.07263,124.24921,154.66243,108.5728,173.96622,131.55239,114.39018,138.04221,125.79929,150.34799,109.04003,160.32645,138.26933,124.75542,150.59789,148.35408,135.55754,146.16613,149.57097,161.26469,131.89611,153.45936,139.39168,112.80429,138.1826,151.79382,157.42749,146.82798,151.49941,141.34022,143.64064,136.56849,117.34128,126.56481,115.0168,116.84549,146.33641,144.02419,180.21612,159.27635,165.10058,164.53047,110.38275,125.72896,138.82158,149.03994,139.45105,128.76593,144.77219,1
105.34187,167.27081,172.69931,162.29032,176.85108,152.20195,151.40011,115.24183,172.72683,187.93778,133.1493,166.19178,127.13596,201.64874,178.83186,171.83626,121.43937,187.34361,173.81128,173.33903,176.5323,164.55184,0.0,161.60332,189.92631,147.3685,116.46009,177.97879,117.76458,123.82562,175.42746,209.99621,178.56692,122.36937,117.11628,143.93102,171.44214,175.57033,152.63902,198.75663,158.62766,168.03025,152.98158,103.95666,112.13113,163.25841,122.36865,202.4163,116.69108,115.65164,118.99416,191.35136,187.96418,156.02594,170.67198,109.48763,196.09027,166.2895,159.77929,183.9708,157.19203,158.24086,126.46962,130.96709,146.15995,188.9975,117.31896,189.59257,176.61137,173.22771,105.35419,180.94953,150.09402,174.67168,176.37941,192.97527,187.3545,108.80772,170.96828,114.65705,185.45789,144.74833,200.44436,180.72358,154.00751,178.59402,180.27545,133.57964,123.0674,121.32779,150.27233,109.34822,124.29684,174.11264,185.9941,139.78047,122.03055,144.10987,193.10351,167.3652,1
158.68286,106.35829,116.91304,126.32775,160.37561,188.01547,126.18767,169.21965,209.10956,163.90119,186.84457,106.41079,178.36462,181.57227,187.04986,140.5583,160.06041,158.47653,177.03296,151.49059,202.39388,159.03523,161.60332,0.0,221.05034,168.01288,147.48584,137.04088,161.21836,183.87214,146.77435,190.02335,190.18572,183.8161,178.66806,163.2371,132.70099,134.32714,178.1244,183.55829,125.99187,112.97672,193.92076,164.38485,173.52646,101.86412,180.90385,190.55255,178.27844,156.71726,164.81005,162.05727,168.58247,106.09462,167.42905,166.39936,180.50719,147.28943,121.54352,184.48193,193.7386,150.44986,136.33752,163.66836,138.2304,207.99797,159.0836,154.44393,200.53386,120.2351,156.27631,190.55062,111.66062,194.76619,169.91205,157.15885,208.47869,162.13717,120.30985,149.75149,199.55524,181.11914,188.50202,173.79913,132.61031,162.76174,173.33066,129.66922,144.31012,182.81562,112.29388,169.46595,180.59986,160.95126,160.58897,173.36129,166.69432,124.46364,174.72953,118.97876,2
186.56963,222.9275,219.07768,200.06478,176.91969,137.95451,195.29739,174.93696,118.04258,186.09698,161.83848,220.95887,163.98232,183.33372,143.57755,194.15439,171.85599,192.04624,152.64095,183.71713,119.10717,167.80503,189.92631,221.05034,0.0,153.32327,187.91463,204.65673,174.05536,177.20451,191.13653,185.77154,138.67708,183.98666,185.74066,158.2783,201.81064,204.65397,143.3993,175.88741,198.15351,216.93564,137.51016,186.48311,190.1376,222.82255,174.27204,171.92654,186.44123,178.53354,171.58415,193.2601,180.14991,215.48182,162.32127,197.2747,175.95595,182.16891,202.74851,153.30843,132.73719,173.75396,204.87409,163.24999,182.87017,122.99734,175.59616,200.1909,121.64106,216.28733,190.91473,140.72882,212.04717,128.52787,164.51953,201.88981,119.72144,181.45476,213.40426,186.69802,132.19905,145.71642,171.61274,164.18077,189.96963,175.90475,164.28704,197.18497,185.15626,189.64676,216.69204,183.03863,170.04612,173.42115,187.61905,152.34928,168.42411,197.07917,179.32619,210.79645,2
142.43351,170.36274,167.99286,149.46669,139.9016,122.06707,142.86152,136.58609,141.38878,152.13622,138.9345,168.44199,133.07018,160.72442,131.46767,148.17723,125.92931,154.92144,127.50111,141.74596,135.33631,125.94316,147.3685,168.01288,153.32327,0.0,138.68637,158.35727,129.69019,149.009,147.75856,167.96513,131.37116,154.48959,152.82017,105.01293,153.75542,157.42302,110.11801,155.96296,146.89379,165.19457,129.73216,145.35851,153.7408,169.81742,144.45003,157.90403,153.18959,132.16331,129.44926,158.01211,149.31262,162.31696,127.85242,156.66498,153.84454,136.85301,151.17526,137.40272,127.15346,126.25177,153.93037,116.56133,130.24325,144.4324,130.07414,160.88833,134.07734,165.80509,145.85699,133.62396,158.73374,129.82392,133.62144,163.72594,143.73543,138.85436,162.86117,138.24587,138.99733,117.90064,156.14879,137.18443,138.53309,140.58147,136.83808,144.28769,134.03716,158.48481,163.3869,144.87272,140.54211,136.08909,151.67201,113.05863,127.18865,143.81829,152.75369,159.80485,1
112.00862,152.68828,157.03768,145.84697,162.10296,150.29371,134.95474,121.8924,172.18337,172.67091,140.34551,151.40491,132.23346,187.24519,169.09706,155.56174,116.37561,171.58916,162.53701,157.80393,172.09203,150.78589,116.46009,147.48584,187.91463,138.68637,0.0,161.5218,115.50414,136.46828,159.38994,195.80095,169.73579,137.10807,132.29436,134.2366,154.98268,159.11034,146.40644,185.00181,142.18063,152.48411,153.56538,117.99611,128.34816,149.25402,133.4188,189.32493,132.05344,110.47881,118.99971,175.64812,173.26109,141.58768,157.78194,124.7308,182.19475,150.7189,143.45932,172.63377,155.95373,143.55852,117.41966,124.73451,130.21233,182.82831,113.44072,173.43147,171.49875,157.27524,111.63186,171.69353,135.82621,168.17888,163.21379,176.82177,181.79076,114.67228,154.90633,102.26592,177.67077,142.47225,187.28105,167.69996,137.64344,164.01276,167.22578,118.11203,107.0204,137.23307,137.27671,122.4471,133.31284,159.7002,170.52818,135.56814,121.69203,127.89572,178.70209,151.27622,1
173.26006,133.32926,122.61098,116.1657,130.23161,180.37886,126.78268,178.47609,197.57005,128.90679,191.18519,131.79387,183.03158,146.04155,163.49124,110.55754,165.62309,122.45741,153.21027,121.62995,185.6578,136.87007,177.97879,137.04088,204.65673,158.35727,161.5218,0.0,168.68905,194.4761,114.30518,154.02922,167.8171,197.03515,192.83545,155.26974,106.57544,102.87105,167.25002,149.42231,119.65651,124.57223,188.07666,179.13713,189.69639,137.60485,190.35796,156.92713,192.74045,166.15241,171.50561,125.56593,134.7786,136.36735,142.92208,185.8677,146.56217,122.61149,120.20047,157.33046,185.17303,132.38003,160.51687,163.60517,133.67645,186.50721,167.06903,117.41063,183.01573,118.4771,173.05012,166.99983,139.4536,176.18694,142.58989,120.15095,188.07582,174.20324,117.1419,163.36737,176.75245,175.79768,155.04968,145.1233,124.43348,132.19368,144.76412,146.47835,155.09009,198.20735,144.7929,182.67613,188.23744,132.6894,125.57614,169.14329,171.8199,135.0582,140.42706,118.08885,1
113.15693,165.87558,168.53255,154.36694,162.14672,136.10848,143.91627,109.82808,157.62824,173.8523,125.62843,164.38555,117.19222,186.21405,161.15298,160.89083,104.00052,174.27202,156.5385,160.03336,159.51079,148.98054,117.76458,161.21836,174.05536,129.69019,115.50414,168.68905,0.0,125.79262,163.39813,194.27961,160.809,128.95701,125.62091,126.53531,162.46206,166.66353,134.99564,182.71275,150.7676,164.3082,138.5089,115.69941,124.86652,163.04826,121.70173,185.84923,125.75939,105.02727,103.61989,178.09703,173.03145,155.16052,154.26745,126.97794,180.19223,153.24578,153.19619,166.65426,141.54047,143.92612,132.80313,113.20928,135.08356,171.52229,102.15796,177.75434,159.36948,168.05715,117.17006,163.21402,149.70853,157.08618,160.09195,181.05539,170.02567,109.16639,165.40768,113.65069,167.72551,128.3451,183.93732,164.28381,144.29492,163.64118,163.85855,131.61201,116.90897,131.38787,151.94882,116.12658,120.08135,159.03193,172.30705,122.46042,106.20726,138.92649,177.7462,161.77776,1
125.37352,189.15378,193.14649,179.97032,186.25397,143.00703,169.35105,116.00719,159.17446,198.28859,115.37111,187.87122,116.37079,209.18492,178.30733,186.6169,129.06908,199.30904,176.31431,185.0923,168.02517,172.50968,123.82562,183.87214,177.20451,149.009,136.46828,194.4761,125.79262,0.0,188.90266,216.75993,176.57525,106.80194,109.56582,147.78603,188.22542,192.42859,149.65039,204.83865,176.3381,188.70623,140.12767,120.21641,115.73732,185.61467,104.58433,206.90178,110.34215,128.68913,123.1942,203.01058,196.75484,178.02698,176.40625,125.31054,202.59522,178.4982,178.49255,185.89201,146.24139,168.68213,150.05265,134.24041,160.87317,182.15976,127.43086,203.23577,169.07155,193.0367,128.5887,179.47835,172.2166,169.34418,182.27073,206.49807,179.71899,121.80564,190.49723,134.20885,181.31906,137.68725,205.15692,186.06478,170.06757,187.49449,185.69551,154.56307,140.97681,112.44735,173.15982,114.73573,108.65371,182.84602,197.0254,136.92627,123.66437,163.57558,200.93133,186.8502,2
170.32154,144.4255,135.08365,121.00826,115.94547,169.32576,128.14413,173.18021,185.09366,117.21875,183.52291,142.62291,175.83563,134.88272,149.35156,106.21988,159.8722,113.00434,139.15467,107.4713,172.27972,123.82975,175.42746,146.77435,191.13653,147.75856,159.38994,114.30518,163.39813,188.90266,0.0,143.47995,153.77194,192.33643,188.66589,145.49637,114.72098,115.3872,155.76944,136.90963,122.91299,135.76761,177.29491,175.88211,186.44148,147.75324,184.53427,144.12135,188.68802,161.81112,165.71681,117.10006,121.92089,144.48939,128.97044,184.11506,133.89756,110.98476,126.09574,143.02595,173.71045,121.6687,162.46464,155.95578,129.26752,172.42375,162.10221,114.3569,169.53095,131.10981,170.98331,152.83443,145.9468,162.60956,128.30652,117.6778,174.10506,170.23511,129.0183,160.88563,162.59593,165.62029,142.13272,130.83572,122.55787,117.97499,130.47057,147.56778,152.46414,194.29715,151.82938,178.62629,181.85102,118.43071,113.98963,159.6612,165.43437,136.8511,127.99862,128.52441,1
204.65436,187.0884,176.64013,164.48202,133.98267,182.81603,170.46067,203.00138,188.63943,126.26831,206.64355,185.41673,201.0254,108.8242,145.59251,149.66661,190.29192,131.67686,142.12584,140.57852,171.32511,145.46078,209.99621,190.02335,185.77154,167.96513,195.80095,154.02922,194.27961,216.75993,143.47995,0.0,150.02159,221.84643,219.49155,169.00839,157.36653,156.37667,170.31081,112.07618,166.16879,178.29773,190.63224,209.27347,219.11655,190.87784,212.17759,113.84656,219.74035,194.61153,195.32605,128.50056,123.06328,187.96526,140.36629,219.38878,114.16855,147.04895,169.56837,135.10253,184.57373,152.26629,203.09338,182.82205,167.08047,162.81296,193.74949,137.55936,168.16689,172.50633,206.58896,147.08266,189.29565,162.00354,134.49417,136.09903,166.05628,202.85655,171.02965,196.6858,153.83585,183.25443,114.31178,130.78696,163.86965,131.89761,131.12732,188.26329,188.87968,225.27542,195.22414,210.40238,208.42072,136.10327,129.50459,180.77758,193.80009,178.72401,117.17624,171.3016,2
173.73209,190.73329,184.87061,166.14754,138.7351,135.88924,164.06866,166.64511,138.64356,147.4259,163.38664,188.72705,160.23791,145.98299,104.91872,157.60789,157.17533,153.47914,114.61826,146.30449,121.66252,132.03003,178.56692,190.18572,138.67708,131.37116,169.73579,167.8171,160.809,176.57525,153.77194,150.02159,0.0,182.8096,182.10977,135.51677,165.94054,168.23527,127.03757,138.86961,165.03641,183.57679,142.76179,176.32553,183.96847,191.78841,172.27812,136.71776,182.58823,163.52163,160.11902,154.59036,141.49292,185.34331,124.90425,187.738,138.36095,146.11011,169.76114,115.26606,136.09521,139.88059,183.89241,147.60077,153.02995,118.70181,161.35094,161.72796,118.49185,181.58484,177.22229,103.18302,183.25245,111.99254,126.10192,163.3018,120.37949,169.91934,178.85473,169.46,109.38021,139.11867,135.79484,125.50416,157.61655,137.50732,125.61553,172.24917,164.47859,187.49003,188.72899,175.23468,167.93684,135.50208,149.02016,140.23319,157.49903,168.3617,141.02796,176.78138,1
125.27144,189.35953,194.14553,182.04992,190.66653,149.68327,171.2614,119.28961,165.95196,202.55351,122.16551,188.19894,122.61054,214.09661,184.37471,189.669,132.63074,203.1908,181.94444,188.94939,174.75561,177.12724,122.36937,183.8161,183.98666,154.48959,137.10807,197.03515,128.95701,106.80194,192.33643,221.84643,182.8096,0.0,105.34505,152.86279,190.65962,194.85778,155.80307,210.01051,178.38434,189.58032,146.92813,119.43994,111.66489,185.49987,110.57716,212.36011,105.93221,130.88954,126.98314,206.98499,201.35719,178.13654,181.48953,121.3132,207.67993,182.19501,180.18049,191.66407,153.01454,172.71945,148.78767,139.03334,163.72159,188.83219,130.25252,206.69328,175.75493,194.33166,127.60504,185.66636,172.23512,175.87362,187.36567,210.00181,186.43011,122.97452,191.90613,134.92176,187.78929,144.13876,210.57093,191.28248,172.61351,192.02356,190.89699,155.11575,142.46971,105.73601,172.6204,114.67978,115.01031,187.38118,201.12482,142.84998,128.10453,164.8654,205.75191,188.2642,2
120.33579,184.26739,189.27916,177.63966,187.73809,150.24715,166.79957,116.49355,167.78188,199.47309,124.14949,183.13879,122.63761,211.57618,183.37599,185.76315,129.4863,199.81079,180.31628,185.58367,175.43949,174.42402,117.11628,178.66806,185.74066,152.82017,132.29436,192.83545,125.62091,109.56582,188.66589,219.49155,182.10977,105.34505,0.0,150.75153,186.40654,190.59426,155.08473,207.767,173.96686,184.6782,148.33593,114.3991,106.50041,180.33781,111.48045,210.43973,100.77634,126.89422,124.17516,203.6671,198.56942,173.03225,179.22563,116.23026,205.34799,178.73235,175.59822,190.1968,154.0481,169.54483,143.48045,136.80267,159.77876,189.22418,126.65099,203.00988,176.22445,189.5696,122.40147,184.87229,167.11628,175.84883,185.0947,206.34366,186.99004,118.63633,187.19043,130.15562,187.57732,144.11142,208.60077,189.1324,168.46517,189.19291,188.73017,150.17893,137.95879,105.79228,167.38858,110.15953,115.72716,184.569,197.91473,141.89158,125.8052,160.15872,203.15825,183.55589,2
138.84335,165.7394,163.76407,145.48328,139.23264,125.81881,138.36803,134.30087,145.95807,151.47402,139.10734,163.83641,132.43058,161.40392,135.15336,145.34045,122.61522,153.63809,130.00429,139.98284,140.349,125.21422,143.93102,163.2371,158.2783,105.01293,134.2366,155.26974,126.53531,147.78603,145.49637,169.00839,135.51677,152.86279,150.75153,0.0,150.34962,154.1509,114.94252,157.148,142.74874,160.81205,133.05037,142.21632,151.12226,165.05198,143.2017,159.69632,151.05976,128.44354,126.82161,156.95515,149.26108,157.49275,128.6421,153.34206,154.83986,134.51226,146.90675,140.12135,131.20564,123.82829,149.10709,113.95241,125.76661,149.26939,126.6322,159.07947,139.07844,161.73032,142.02853,137.56834,153.81488,134.70389,134.51545,162.05105,148.6589,135.65765,158.78901,133.94707,143.49643,120.53602,157.8498,138.42881,134.42099,140.19444,138.03882,139.27707,129.29032,156.4977,158.41556,142.24912,139.56978,135.58427,150.69285,114.16692,124.94701,138.95559,153.19242,155.64021,1
166.75239,129.85648,120.40162,109.66091,130.10067,175.82193,120.2073,172.21847,193.78868,131.40303,185.36378,128.11476,177.12391,149.00904,161.86432,108.91092,159.48792,125.77569,151.47884,120.99211,182.72123,134.19813,171.44214,132.70099,201.81064,153.75542,154.98268,106.57544,162.46206,188.22542,114.72098,157.36653,165.94054,190.65962,186.40654,150.34962,0.0,104.20382,163.00775,151.53189,113.09282,121.12485,183.35004,172.6445,183.19189,133.51351,184.15613,158.81252,186.29991,159.79791,165.35235,129.39172,136.57367,131.23206,141.1416,179.29783,148.5472,119.8581,114.01243,156.66874,180.80538,128.42546,154.06933,157.90666,127.61319,184.62085,160.79778,122.42959,180.21155,116.50149,166.49569,165.41997,133.76373,173.53013,141.70825,125.50014,185.9492,167.7841,114.30391,156.84505,175.09406,170.86752,156.83649,144.77843,118.171,132.31099,144.3722,139.93356,148.5959,191.74728,139.32336,176.2497,182.14218,131.86071,128.05668,163.9837,165.77919,128.51614,142.56861,113.96899,1
170.90668,130.79239,120.35341,113.50264,131.28666,179.48363,124.25114,176.42172,197.09981,130.93061,189.49378,129.20488,181.27424,148.26606,164.01407,110.62768,163.67967,124.7181,153.67181,122.40864,185.6022,136.8668,175.57033,134.32714,204.65397,157.42302,159.11034,102.87105,166.66353,192.42859,115.3872,156.37667,168.23527,194.85778,190.59426,154.1509,104.20382,0.0,166.52016,151.3726,117.06539,122.00716,187.08786,176.80769,187.34692,134.94049,188.35633,158.81216,190.48427,163.99928,169.54687,127.99801,136.58338,133.53338,143.33893,183.36098,148.46466,122.48581,117.38139,158.25276,184.38516,131.74171,157.75886,161.99706,131.7852,186.93706,165.00131,120.12703,183.02163,116.24302,170.59961,167.54739,136.58317,176.25738,143.38951,122.94463,188.39891,171.97518,114.65716,160.98928,177.27545,174.68514,156.89799,146.1497,122.37022,133.35792,145.77059,143.81605,152.76112,195.92462,141.93289,180.43852,186.32971,133.47327,127.57734,167.88936,169.95627,132.39875,142.36952,115.35085,1
148.14718,180.47097,177.91537,159.24446,145.87208,113.76759,152.94119,139.84547,131.35506,157.80336,137.16093,178.54648,133.28301,163.89588,128.68261,156.86445,131.755,161.49513,128.24453,149.21583,125.95144,132.59322,152.63902,178.1244,143.3993,110.11801,146.40644,167.25002,134.99564,149.65039,155.76944,170.31081,127.03757,155.80307,155.08473,114.94252,163.00775,166.52016,0.0,158.2475,156.79088,175.21136,121.92855,150.04902,157.12965,179.93101,145.29897,158.88411,155.5717,138.46235,133.76604,164.19958,154.03614,172.4126,132.03568,161.50963,156.55212,145.12911,161.14121,136.93658,117.96645,134.87316,162.54851,122.14832,140.32906,136.6432,135.91291,168.14625,125.12039,175.62,152.01392,129.86374,168.75452,122.10721,137.2494,170.76483,135.41223,143.85081,172.67842,145.61672,132.93721,113.02209,157.36394,139.96653,148.43072,146.09444,139.7218,153.86205,142.59074,160.45246,173.30914,148.50037,140.99802,141.9382,157.84114,113.27676,130.94239,153.89128,156.53438,169.69315,1
