Vértice_1,Vértice_2,Vértice_3,Vértice_4,Vértice_5,Vértice_6,Vértice_7,Vértice_8,Vértice_9,Vértice_10,Vértice_11,Vértice_12,Vértice_13,Vértice_14,Vértice_15,Vértice_16,Vértice_17,Vértice_18,Vértice_19,Vértice_20,Vértice_21,Vértice_22,Vértice_23,Vértice_24,Vértice_25,Vértice_26,Vértice_27,Vértice_28,Vértice_29,Vértice_30,Vértice_31,Vértice_32,Vértice_33,Vértice_34,Vértice_35,Vértice_36,Vértice_37,Vértice_38,Vértice_39,Vértice_40,Vértice_41,Vértice_42,Vértice_43,Vértice_44,Vértice_45,Vértice_46,Vértice_47,Vértice_48,Vértice_49,Vértice_50,Vértice_51,Vértice_52,Vértice_53,Vértice_54,Vértice_55,Vértice_56,Vértice_57,Vértice_58,Vértice_59,Vértice_60,Vértice_61,Vértice_62,Vértice_63,Vértice_64,Vértice_65,Vértice_66,Vértice_67,Vértice_68,Vértice_69,Vértice_70,Vértice_71,Vértice_72,Vértice_73,Vértice_74,Vértice_75,Vértice_76,Vértice_77,Vértice_78,Vértice_79,Vértice_80,Vértice_81,Vértice_82,Vértice_83,Vértice_84,Vértice_85,Vértice_86,Vértice_87,Vértice_88,Vértice_89,Vértice_90,Vértice_91,Vértice_92,Vértice_93,Vértice_94,Vértice_95,Vértice_96,Vértice_97,Vértice_98,Vértice_99,Vértice_100,Vértice_101,Vértice_102,Vértice_103,Vértice_104,Vértice_105,Vértice_106,Vértice_107,Vértice_108,Vértice_109,Vértice_110,Vértice_111,Vértice_112,Vértice_113,Vértice_114,Vértice_115,Vértice_116,Vértice_117,Vértice_118,Vértice_119,Vértice_120,Vértice_121,Vértice_122,Vértice_123,Vértice_124,Vértice_125,Vértice_126,Vértice_127,Vértice_128,Vértice_129,Vértice_130,Vértice_131,Vértice_132,Vértice_133,Vértice_134,Vértice_135,Vértice_136,Vértice_137,Vértice_138,Vértice_139,Vértice_140,Vértice_141,Vértice_142,Vértice_143,Vértice_144,Vértice_145,Vértice_146,Vértice_147,Vértice_148,Vértice_149,Vértice_150,Vértice_151,Vértice_152,Vértice_153,Vértice_154,Vértice_155,Vértice_156,Vértice_157,Vértice_158,Vértice_159,Vértice_160,Vértice_161,Vértice_162,Vértice_163,Vértice_164,Vértice_165,Vértice_166,Vértice_167,Vértice_168,Vértice_169,Vértice_170,Vértice_171,Vértice_172,Vértice_173,Vértice_174,Vértice_175,Vértice_176,Vértice_177,Vértice_178,Vértice_179,Vértice_180,Vértice_181,Vértice_182,Vértice_183,Vértice_184,Vértice_185,Vértice_186,Vértice_187,Vértice_188,Vértice_189,Vértice_190,Vértice_191,Vértice_192,Vértice_193,Vértice_194,Vértice_195,Vértice_196,Vértice_197,Vértice_198,Vértice_199,Vértice_200,Conjuntos
0.0,110.94021,158.41601,145.99432,116.12902,142.92433,141.59759,109.11977,163.98304,170.68504,139.66066,162.6271,168.69957,158.6313,149.80192,108.54946,129.83819,111.14768,137.54905,108.69235,127.99757,160.18828,171.4822,128.75192,130.0822,167.77139,181.31468,123.07627,155.45381,156.91048,118.83846,118.27165,152.53773,124.86815,121.73824,141.68616,110.90513,172.24077,122.72025,161.7407,172.31587,128.7192,159.40965,136.03261,158.66569,170.47662,134.36867,139.1705,141.91853,160.6716,139.22688,119.66206,171.03232,120.47607,145.39971,187.75107,151.45367,167.41557,173.71155,175.72737,192.81885,179.71302,160.7438,115.17461,130.79284,178.29772,174.44271,105.90782,124.5843,162.42396,168.5222,174.43245,174.86566,126.09685,142.76088,176.48035,142.26673,158.37878,136.62618,117.13405,132.83083,119.58302,150.95465,136.02665,148.97775,164.18122,133.68965,152.86923,132.50871,167.32726,170.84617,149.62851,174.64943,151.86372,176.10884,112.64657,146.54305,147.78346,129.95088,160.16973,161.14763,122.10477,146.85061,125.09858,152.83672,172.0671,150.6304,157.46144,130.82066,146.25782,143.32171,168.85843,105.54634,163.40904,162.33746,164.37742,163.78808,160.53901,171.9148,131.72545,171.9237,181.82243,163.1537,183.29163,127.38809,163.63065,173.79445,153.55036,116.16961,117.927,128.07558,179.89915,167.16202,168.65328,126.46665,148.22055,165.13577,118.38492,148.66991,169.90057,167.66277,175.27822,172.22281,151.74827,164.85883,135.18187,178.87714,175.24361,131.3202,164.63514,191.39585,155.60746,181.67916,115.99935,161.25349,160.7287,129.05932,118.86528,158.59204,190.84219,127.1393,147.70112,132.67867,126.737,161.46868,124.52187,118.2932,116.42592,101.91613,116.94619,124.73977,187.23136,127.46043,163.79052,165.51162,130.5168,182.81045,163.6329,125.51197,177.18016,115.09641,141.57278,148.48752,148.02156,129.06246,165.34422,154.53874,119.82053,138.3277,164.67915,137.23592,112.08703,163.63611,113.41595,122.39559,130.08666,171.79513,140.63171,165.45592,161.55837,1
110.94021,0.0,163.95336,155.32126,124.30403,144.71994,152.18577,101.99928,173.41721,180.79789,134.51953,173.27285,179.56435,159.97808,160.72532,119.48588,139.79891,112.08229,140.02917,119.52613,135.02858,170.67102,180.95801,138.71796,135.13461,170.54405,180.66265,128.69876,166.36164,155.63921,128.32024,114.50442,159.60662,135.09197,132.17749,151.99003,118.07771,182.70898,133.2488,172.3747,182.33014,138.93623,158.64842,138.57588,166.32568,176.87243,130.10425,150.05787,149.27905,169.58631,149.52823,111.64349,181.92019,110.92284,155.04837,195.69012,151.75008,177.56656,179.93949,178.06403,201.33208,185.33886,169.23137,121.36578,139.93822,178.48406,183.27672,108.06431,134.38571,170.85844,178.10283,184.75027,185.41019,117.49968,151.40891,177.57906,150.22741,163.32592,147.55222,108.86467,142.88905,116.59855,151.62016,135.99874,159.50637,173.77458,126.60122,162.98463,138.53008,175.06891,169.08716,153.66775,177.83032,162.68929,182.12052,123.58259,147.2381,158.40868,119.75177,161.66498,159.16207,130.7877,151.91582,121.33191,163.28759,179.98214,149.80473,157.58932,136.03184,142.07026,143.70656,169.23847,114.94093,173.22595,166.32835,175.26839,170.75779,171.40455,181.76367,140.62837,172.501,188.63249,173.37541,192.39012,121.98317,168.12537,184.57559,156.89491,126.91509,116.98009,138.16582,187.26693,176.41244,177.94221,117.43422,159.14549,170.63155,127.66286,158.05918,179.87904,178.50578,182.34899,174.25211,149.99084,165.66845,142.87344,186.00876,184.01629,128.71761,172.56243,200.96244,165.05841,186.95136,116.58292,171.61475,171.30647,138.92046,122.65635,156.2293,198.76201,130.139,157.25097,140.57181,137.62706,171.27521,130.44922,108.04365,123.86294,111.83798,124.43694,132.88261,196.65552,135.21973,165.51334,173.34771,138.1284,192.5466,171.72706,134.41936,176.8171,106.19421,152.50084,147.28392,158.52221,119.41606,166.42815,163.71721,111.34767,147.91145,174.82237,138.1442,104.10923,169.55,123.53014,127.89375,132.44242,182.27143,149.81554,175.91726,169.62207,1
158.41601,163.95336,0.0,179.82045,167.38447,125.66621,165.87267,163.54793,133.455,190.25857,152.43507,150.99968,161.20142,124.42768,155.11208,154.90154,166.78269,151.88412,126.85929,156.96176,177.08261,177.96148,137.9537,138.82628,128.8311,119.50404,145.50897,135.55048,164.49645,137.63315,164.85974,152.80629,111.26984,163.11756,144.96778,169.44627,166.26396,152.62387,145.27996,150.28735,145.24633,164.49595,135.59794,127.83739,115.14276,114.00682,149.37763,150.04659,119.0678,126.67695,168.24894,160.11921,163.81402,174.58941,131.93801,137.08994,129.59733,144.41383,116.49431,126.68577,145.3409,121.39868,122.69682,143.40117,171.7467,139.1801,133.28253,156.64146,165.58659,122.84227,137.44814,151.26964,155.8351,162.24385,124.7173,133.32344,121.22731,103.76231,151.63397,172.78469,138.01503,177.91277,127.89777,135.39021,143.43741,135.37962,158.72716,177.87315,125.90783,119.56135,145.25085,112.84164,122.03499,166.00201,118.31723,153.64346,128.6423,168.31856,181.8036,123.86642,142.36514,169.023,112.15229,150.02379,173.8339,124.03493,134.86945,130.65892,127.95723,149.37126,130.90662,132.85921,161.15619,137.76843,110.34537,159.98106,111.92152,169.43357,142.75336,131.81071,133.34466,126.15157,143.3339,142.26302,153.51153,108.27483,161.21071,114.08819,157.31679,148.5196,165.18253,126.90583,133.00885,134.23395,163.68111,159.82695,106.72304,142.28395,129.33668,191.17513,159.63859,121.30999,125.90645,139.22896,128.88733,125.32453,124.80234,133.2767,144.97776,119.50979,153.46954,130.73002,123.26769,147.87828,180.42828,148.56874,138.03105,141.3,143.48838,139.75591,134.43474,179.41812,177.76632,155.60046,136.79101,176.89644,164.92221,168.97447,159.67898,141.56054,134.98722,148.59863,132.01899,123.54594,119.23875,177.22175,148.73021,120.40718,169.97224,141.34842,161.66886,152.84185,136.61832,170.37706,182.44323,127.57947,127.71999,161.06868,132.64626,185.53103,131.81244,160.90258,106.00356,160.88871,136.30705,133.06831,186.08797,129.01766,181.83264,119.29342,1
145.99432,155.32126,179.82045,0.0,131.1094,178.01259,114.76746,153.33433,163.07444,126.94173,184.38372,147.79218,146.37251,192.19623,131.72351,139.5225,116.68447,155.81196,172.41349,138.13693,123.07578,120.95807,168.24997,141.94634,161.62886,196.48731,217.26307,156.56594,127.87046,195.85807,127.18592,163.64894,169.26393,121.92658,138.41773,110.72886,137.37514,157.76507,137.48796,147.43127,163.66597,118.47822,197.23245,171.14564,170.77386,185.93035,178.72347,130.69265,161.10803,164.70096,111.57859,165.61544,147.16624,160.03335,149.86704,192.32438,188.14984,158.4655,189.3258,204.73081,193.00382,196.94785,167.56946,152.29779,115.38478,212.57943,175.56039,151.8017,121.49953,169.1087,165.1042,161.60932,158.55037,172.03011,155.28893,208.71204,158.60362,181.89118,128.46882,156.18227,141.90538,149.09706,186.99874,175.5436,141.96491,161.84358,179.53149,111.2494,160.43832,176.81845,209.63678,177.88011,201.28581,122.56534,192.26423,136.70532,183.16476,116.09409,168.63762,193.19064,200.95571,124.59118,172.72212,169.82929,115.35875,179.55167,189.43104,193.77464,161.67128,189.85821,180.99767,203.4895,140.76361,159.21793,188.23681,142.14804,178.00553,129.09948,165.10319,149.07074,205.8257,193.40926,154.60717,180.73226,172.80118,187.67137,152.85668,182.92543,131.42302,161.90895,118.63922,188.94681,166.87218,167.67261,172.29885,125.70832,185.31344,144.91214,153.63147,125.48398,146.39562,186.66523,202.45755,191.9257,198.91792,156.05995,189.32917,176.62742,174.54555,173.73661,183.60243,157.28806,200.07807,159.37374,120.37175,147.80327,142.73445,157.70894,199.16685,195.08289,163.99624,102.75698,116.80952,125.82222,157.9848,128.53475,163.35547,131.88056,144.37185,150.12212,150.1702,181.34361,152.44697,195.80391,174.90795,119.40952,174.83735,172.03613,120.92863,212.77741,160.73639,128.77506,188.12368,113.93813,166.32156,198.71741,158.7127,165.707,147.26161,121.48346,175.06649,157.74765,182.47188,132.64534,156.51044,167.14154,130.86403,150.98601,125.06171,170.68323,2
116.12902,124.30403,167.38447,131.1094,0.0,156.38171,130.3005,122.3378,164.91953,157.15848,155.78614,158.45596,162.37372,171.96109,143.14128,113.31831,116.64438,127.10709,150.7298,111.1818,112.00229,147.92995,172.01226,130.90575,141.4467,179.66076,195.69299,134.68632,146.36441,171.89843,105.53426,134.39989,159.4074,113.13924,123.37971,129.1324,106.26663,168.82143,123.57191,157.68371,170.95298,116.5151,174.10071,149.24597,164.13795,177.74517,150.4553,134.00921,148.96738,163.22094,126.74665,135.09076,164.31993,129.38633,146.70896,191.71983,165.67272,165.66115,181.15268,187.87459,195.39203,187.91276,164.34735,127.71897,115.7468,192.15696,176.68405,122.00305,111.30929,166.07788,168.82254,171.7074,170.94337,141.40436,147.09202,189.68389,148.14875,168.1292,130.85168,125.47167,133.96731,120.37259,164.94985,150.85279,146.23421,164.60676,149.60961,139.49978,142.46841,172.28403,185.92095,160.79202,185.98226,141.83464,183.82116,113.74365,160.63527,136.46235,138.50033,173.34975,176.41264,106.51821,156.96648,141.20059,140.57232,176.50657,165.49536,171.66324,141.93598,162.27717,157.69592,182.70577,110.58271,163.10522,173.09629,157.80148,170.3234,150.68905,171.1849,136.63719,185.58702,188.09002,161.254,184.58363,143.4984,173.76354,168.22328,165.2781,110.8622,133.81105,115.44391,185.20212,168.52008,169.84447,141.54034,139.80745,173.92158,125.17565,150.56092,156.06309,161.63215,181.25626,184.71289,167.02384,178.46532,142.25331,184.64651,177.6166,147.17789,169.31293,191.11991,156.88693,190.33809,131.64146,148.53011,157.07671,131.54886,132.69206,174.03369,194.78481,140.62121,133.15835,116.59906,119.61063,161.28479,109.70842,132.34713,101.90992,114.26935,127.49379,132.44995,187.48824,135.41153,176.70835,170.34394,114.38868,182.16843,167.99717,110.18472,191.41788,129.96223,135.28828,163.57082,136.07682,136.52346,178.73813,156.68092,135.06898,140.49902,151.27005,151.50796,127.04033,171.8725,106.51336,134.24086,143.80192,159.37786,143.77077,153.04601,166.07482,1
142.92433,144.71994,125.66621,178.01259,156.38171,0.0,166.63791,144.96278,152.69467,195.33422,126.77079,164.9375,174.72577,115.71333,162.37041,143.09332,162.14788,133.26391,105.7168,145.21061,167.93385,182.87586,159.02839,137.47335,116.38835,125.94742,139.63662,122.04808,171.60506,118.73088,155.92213,131.15349,129.03942,157.2991,139.59709,169.19647,153.07286,169.98943,140.55941,164.04554,164.67825,160.00952,119.37838,107.15438,136.5983,139.58261,124.00536,153.57138,125.2967,146.18006,167.29161,137.83696,177.49494,154.24928,141.84841,162.67891,110.20673,162.14631,141.71109,133.3445,170.67394,144.848,143.27348,128.69066,165.97408,135.78135,156.59459,139.06484,158.98144,144.18925,157.51258,169.84537,173.29649,138.49692,133.23536,133.56141,128.80655,123.18992,153.62739,153.3952,139.43602,160.70348,108.98649,110.30919,153.12763,154.19377,133.56565,179.72647,118.3666,143.79699,131.83993,112.82458,133.41193,171.1485,142.98503,143.79353,105.53323,171.03681,159.92104,117.24943,124.17949,160.23186,115.6834,126.49179,176.99574,148.73632,112.96304,115.78094,116.40998,124.21659,105.66739,126.34004,147.35512,155.61132,123.38589,172.11443,136.73316,177.19052,162.70856,131.36318,129.21123,151.61028,159.57872,166.11519,129.29461,126.12898,176.72586,113.52124,148.84299,127.77645,160.22642,152.56085,153.71041,155.2077,139.94225,165.14479,131.11168,133.39919,141.65605,195.59743,173.20214,146.97109,129.57481,116.89528,122.09262,125.44342,150.46575,156.84528,120.19129,142.72479,176.99936,146.6676,145.48542,128.28226,184.96841,162.36061,136.79768,124.10342,123.46307,165.39397,115.86898,178.50532,170.6345,152.21132,154.03273,165.98026,143.34955,157.47763,144.656,129.1913,127.91125,172.10602,125.93772,120.94092,142.88015,169.26828,170.89893,142.95326,162.41379,135.24673,140.7889,156.91199,113.21261,172.57257,161.11584,122.45573,143.78002,138.78022,137.82544,189.76021,107.02248,140.95455,131.58075,150.59096,122.34522,112.83784,193.06336,135.90104,187.64673,141.17208,1
141.59759,152.18577,165.87267,114.76746,130.3005,166.63791,0.0,150.2131,148.41955,129.98463,176.7481,134.30503,134.82754,179.97119,117.72036,133.60782,113.90862,149.5111,161.25048,132.93683,127.87325,118.64953,153.82724,129.36686,150.37982,183.21021,205.14226,146.3275,116.88909,185.039,124.94838,157.36952,155.07603,117.40926,127.77146,104.11516,135.91705,144.65863,126.61186,133.82094,149.74443,113.79293,186.01517,160.11899,156.19168,171.36433,170.97162,116.09546,147.5417,149.93366,104.7548,160.85438,136.21783,159.26667,135.26814,177.65688,176.84445,144.43522,174.73891,191.36104,178.60696,182.39421,152.81865,143.68978,117.48865,200.11757,160.9369,146.8171,119.00199,154.34992,150.64253,148.31138,145.88687,167.24065,141.1797,195.86697,144.78298,168.15763,114.24124,155.35325,128.49087,150.55318,175.54695,165.62414,127.24895,147.25046,173.41932,113.11041,148.47732,162.07903,198.47724,165.01136,187.60912,111.81946,177.68385,129.87823,172.00535,106.24442,168.61409,180.81741,190.32326,124.72252,159.63611,162.70131,111.42576,164.7842,178.73779,182.20234,150.25445,181.27195,170.23357,191.26506,137.30381,144.70633,174.68907,130.29055,163.4517,120.54203,150.98042,136.20177,193.38707,178.65831,140.40383,166.43795,166.19049,173.87961,141.20834,170.09493,125.45031,154.73559,114.86291,174.17936,152.23139,153.07955,167.78841,112.11757,171.12521,134.98773,138.96668,129.7121,134.50092,171.92942,189.33512,181.65274,186.64999,143.11088,174.57008,161.99995,166.25678,159.00312,169.989,142.52113,185.574,152.08429,119.95971,133.9604,130.10504,148.87684,188.86864,180.44456,153.94764,113.7499,123.19135,115.92556,143.39953,132.38803,159.87187,131.78737,140.39385,140.79386,138.85927,167.42776,140.70157,183.15382,160.17554,124.93256,161.08442,157.29521,121.66551,200.63248,156.6639,114.01191,177.76124,106.55546,166.75802,186.2967,143.96075,161.15289,133.23006,124.03079,164.61228,153.66817,168.20327,128.74158,146.44501,156.91543,130.23594,136.86854,123.92784,155.96988,1
109.11977,101.99928,163.54793,153.33433,122.3378,144.96278,150.2131,0.0,172.1576,178.7991,135.89868,171.63322,177.81164,160.35265,158.9199,117.66514,137.8001,111.8929,140.12367,117.62208,133.16451,168.68641,179.69159,137.27894,134.71897,170.68139,181.42302,128.1215,164.46458,156.45851,126.32187,115.39112,158.87904,133.1,130.59045,149.9976,116.12696,181.14086,131.63435,170.73987,180.9117,136.94289,159.38857,138.65026,165.48141,176.31178,131.31543,148.28728,148.46705,168.4557,147.53606,113.2982,180.15006,111.9584,153.71694,194.80949,152.28746,176.10433,179.41727,178.29368,200.31935,184.94584,168.20279,120.582,137.95263,179.0977,182.1761,107.07793,132.38643,169.84393,176.80663,183.23565,183.81365,119.31563,150.31871,178.03126,149.28904,163.03585,145.7437,109.33101,141.431,115.8906,152.09205,136.51937,157.90976,172.47255,128.24444,160.98631,137.94856,174.21682,170.01607,153.52869,177.90329,160.75674,181.64531,121.76099,147.68888,156.43908,121.12924,162.01698,160.10953,128.8124,151.57439,122.3681,161.30151,179.09568,150.53064,158.17323,135.592,143.32783,144.19717,169.80368,112.95,171.86152,166.22898,173.49561,170.0687,169.48481,180.39392,139.45527,173.03732,187.99638,171.88922,191.22798,123.31789,167.93253,182.87355,156.89592,124.97802,117.39415,136.16913,186.50878,175.20266,176.72341,119.31043,157.26384,170.24593,126.35402,156.79861,177.8798,176.7676,181.65124,174.53204,150.87592,166.15132,141.97256,185.30116,182.93119,129.63306,171.66609,199.67918,163.78838,186.63125,116.69196,169.62296,169.69427,137.50984,122.33241,157.23229,197.88757,130.06301,155.25739,138.65411,135.72573,169.9127,128.66368,110.02219,121.93228,109.90616,123.45993,131.84458,195.40968,134.27326,165.83284,172.4727,136.22677,191.2131,170.79201,132.43893,177.52304,107.88616,150.68922,148.06578,156.54034,120.56879,166.86394,162.51581,113.08154,146.58826,172.82408,138.51195,105.35315,169.07841,121.54108,127.33126,132.50612,180.28551,148.59552,173.93075,168.69168,1
163.98304,173.41721,133.455,163.07444,164.91953,152.69467,148.41955,172.1576,0.0,164.40054,176.70683,120.26931,129.71757,157.18876,131.88693,156.78593,156.11909,163.17991,150.52308,158.14245,170.26235,153.44322,107.54524,135.37691,144.61119,152.58521,178.86441,147.734,139.36577,169.03885,160.2716,167.94901,124.33616,154.90905,142.9024,152.53369,166.94753,119.2617,142.24664,119.88025,112.09051,154.19501,167.72908,150.58533,118.31226,129.71861,172.01254,133.76599,128.58868,106.83855,152.49118,174.90423,132.02414,184.10147,118.64376,129.25014,160.1844,111.12949,132.29461,158.77125,130.85391,139.68218,110.77598,152.95038,161.48742,172.43446,112.54252,165.37185,157.77717,110.9543,104.99781,117.85382,122.41773,179.37518,122.83395,166.31647,125.78712,137.17708,136.82001,181.04222,131.53721,182.13924,158.42146,159.34182,121.21411,102.04346,179.69773,156.92586,140.05533,117.83999,178.33766,142.24165,153.15058,142.98348,135.01834,153.49287,157.48823,147.87567,193.16111,156.91301,174.22859,163.28501,137.43462,168.57615,151.90657,118.17419,164.81668,162.77447,143.69163,176.36887,158.33,166.2957,163.83294,105.05644,143.6491,129.89568,123.61655,142.80566,110.01671,132.88118,166.77437,132.48535,111.36703,119.67123,172.74891,140.85801,128.36875,145.88893,154.21668,163.41029,155.32236,127.14081,103.8295,104.94708,180.62141,137.91614,134.64155,145.80795,115.35967,165.9225,128.2502,126.64825,158.82513,169.11637,162.22285,132.60782,128.24733,113.59682,166.6552,115.68323,127.56565,108.37722,143.25668,161.4977,156.04779,118.45958,134.98813,154.41965,174.69171,132.0255,151.95504,161.61945,168.17035,146.49888,105.35803,172.47046,177.80153,166.82274,164.31806,149.36621,140.96146,123.25797,139.20511,156.96206,116.61715,168.79734,119.50185,114.09869,162.413,174.76857,173.98291,134.71004,165.7317,150.20367,192.72432,160.9834,109.99049,175.71518,125.65628,160.97089,156.16883,171.97174,131.43433,159.09186,148.50981,152.71299,158.63998,123.63224,155.92368,114.45628,1
170.68504,180.79789,190.25857,126.94173,157.15848,195.33422,129.98463,178.7991,164.40054,0.0,206.73243,144.5971,137.65883,207.58927,135.15041,163.13708,140.999,179.29118,190.18352,162.21051,150.01556,112.52361,166.93434,157.9109,179.4161,208.98083,232.61497,175.95174,125.8791,213.98138,152.53472,187.18227,178.99824,145.82155,157.52934,129.06289,163.33204,151.43916,156.32089,144.78227,159.87828,141.96766,214.63707,189.16286,177.83059,192.44025,200.95548,141.90533,173.68747,168.56458,131.50404,190.25024,136.78044,186.47594,158.32765,191.87872,205.47927,155.84353,195.50724,216.77291,189.86207,203.19421,172.38099,173.66466,141.58352,227.15063,175.49213,176.19176,146.42293,173.5194,164.37902,155.44939,150.64478,196.67944,166.1617,222.30844,170.43136,193.13491,141.71599,182.57993,156.00476,175.9397,204.06696,195.20438,146.98894,162.60093,203.24876,117.82347,176.97154,181.38075,227.05083,191.9507,212.28179,124.5294,198.40676,159.60321,200.81167,124.57442,195.31369,208.2233,219.35802,150.73835,186.33317,192.65586,118.68474,182.54249,207.81546,210.53463,179.17234,211.16651,199.33929,218.74026,165.89344,159.51659,199.99512,135.41926,184.95832,121.62254,162.19422,164.08265,220.53237,196.87982,153.43645,177.56113,196.08961,198.52614,142.99521,196.98709,154.83641,184.67936,142.6596,191.50811,167.67925,167.88075,197.12725,130.74169,194.42095,164.83112,161.07006,102.48296,138.58868,190.84001,215.3318,210.9612,214.12208,170.58459,192.6402,176.53311,196.21698,178.61251,176.70774,161.7341,206.66829,182.03359,110.37247,146.03021,158.56115,178.81958,218.11981,194.12285,183.56783,124.43802,143.74946,145.90552,159.0853,155.46719,188.7193,158.18116,169.28095,170.70443,168.08257,175.99072,169.57822,210.10987,179.74117,146.35073,169.19479,176.83544,147.09561,228.11521,185.75859,138.63386,207.04628,123.47578,193.08051,213.55842,164.18779,190.47334,159.02917,106.01675,193.9523,182.74298,191.23292,157.36057,176.12995,186.43651,107.66278,162.12064,108.54669,176.13999,2
139.66066,134.51953,152.43507,184.38372,155.78614,126.77079,176.7481,135.89868,176.70683,206.73243,0.0,185.21793,194.08823,136.04355,178.31002,144.89233,167.71766,128.82708,126.69933,146.42313,167.62938,194.99849,183.63605,151.64563,132.71844,148.98028,149.89637,132.53546,186.492,125.67185,157.91615,121.41383,154.62274,162.47778,149.61569,178.05794,150.32625,192.09856,150.88343,184.2776,188.21836,166.08408,129.43812,126.33657,162.36594,166.34487,105.78173,167.88759,148.12116,170.69483,175.73203,123.183,196.80496,139.72745,162.35564,189.39433,126.68524,184.86492,168.40076,154.37378,197.23768,171.0387,168.3756,133.09766,169.76039,149.50147,182.31111,133.83055,163.0098,169.5186,181.68347,192.68635,195.31473,119.33436,154.77714,150.74501,151.08915,149.89985,166.72023,140.81685,155.13703,150.5403,127.66285,117.63309,171.85008,177.9186,110.02376,189.40502,137.10724,170.10321,136.98347,139.5942,156.55234,184.50554,169.53777,147.7569,124.80282,182.35475,141.55017,137.8387,127.31673,161.57747,141.80006,114.6451,188.09952,175.13344,122.10479,130.76789,133.52329,108.12197,121.80115,141.45757,145.20514,178.76691,149.17302,190.68153,163.30172,192.11344,186.60953,148.28347,144.86886,178.33388,181.61678,191.93976,112.59184,152.29306,197.32807,139.68447,152.97582,122.47798,165.78224,179.31862,178.34647,179.9076,120.39898,179.28153,157.77461,142.27525,163.43725,206.39599,192.68436,173.73388,150.12977,119.83004,139.3707,145.13528,177.23614,182.6708,110.93782,168.73642,202.52137,169.58193,171.27646,125.01642,196.60465,182.7417,151.27577,128.12767,123.95347,192.13739,125.84156,185.7018,172.2812,160.83502,176.98466,163.8123,128.6492,156.03831,141.53894,136.28447,141.14819,197.67449,141.05676,141.68897,169.02036,170.1686,195.75491,168.74384,164.79604,146.80655,128.45747,171.13409,119.23462,183.26652,143.69946,140.74232,167.03699,123.76263,156.44034,200.77218,121.10737,130.55233,158.34893,152.15551,132.07215,124.27317,206.25074,155.96572,200.1908,166.82279,2
162.6271,173.27285,150.99968,147.79218,158.45596,164.9375,134.30503,171.63322,120.26931,144.5971,185.21793,0.0,110.21894,172.85879,116.65826,154.29915,145.54691,165.35227,161.33052,154.98094,160.45723,134.43611,122.38829,135.43981,152.66742,170.50372,196.25691,153.1676,120.97647,182.95299,153.09244,171.77278,140.26857,146.18546,141.12711,138.21458,162.19685,110.53859,140.02812,100.94498,116.13339,144.16942,182.35987,160.92414,136.49587,149.67188,179.86154,124.46804,139.69882,125.58928,138.96913,177.79778,112.89553,183.01661,123.22034,147.38888,173.90831,111.40594,152.41503,177.38898,146.23465,159.89585,129.73551,155.79552,150.46143,190.07512,130.89565,165.73099,148.86275,130.49255,119.78258,114.01545,112.49423,183.29021,131.70516,184.3219,136.14996,154.48371,127.60427,179.44915,131.32552,178.01085,172.21299,169.16377,113.95175,118.33232,185.93642,139.61896,148.54312,137.9665,193.91695,156.97073,172.09795,125.64294,155.19387,150.34085,170.28355,131.72504,192.55718,172.93836,188.37476,154.95073,151.47104,174.32336,134.39467,138.38477,177.81416,177.57894,151.9533,186.67298,170.21434,182.99922,160.72864,115.231,161.33407,109.62695,142.92501,123.28383,118.02212,137.04437,183.97569,152.60581,108.95593,133.79329,178.49738,159.01728,112.11161,161.41874,149.01736,167.63782,145.41497,147.08411,123.24939,123.33262,184.32125,122.27525,153.53044,146.74671,123.41815,146.28152,108.65117,146.91262,176.9008,181.83265,178.62548,140.46331,148.38352,131.93849,174.4175,135.53573,135.8169,120.26973,163.45901,165.25273,136.99943,102.57952,135.5002,159.0126,188.20913,149.749,159.37833,145.81949,156.84213,138.85073,115.23163,163.93246,179.28488,160.31796,162.35083,151.9645,144.79733,133.65265,144.32154,173.71623,136.57042,158.13814,127.06257,133.8252,153.01916,191.95777,175.48927,123.36558,178.10102,133.96418,191.49097,177.61573,123.29586,178.4501,128.78894,141.68763,166.57762,172.94216,150.25603,153.8888,153.77772,161.12209,138.51285,129.49716,136.26013,133.64432,1
168.69957,179.56435,161.20142,146.37251,162.37372,174.72577,134.82754,177.81164,129.71757,137.65883,194.08823,110.21894,0.0,183.01794,119.27915,160.18683,147.76106,172.64493,170.91046,160.56184,162.45592,129.4278,130.29879,143.18786,161.83314,180.7046,206.47575,161.70975,118.54521,192.90361,156.85919,179.47859,150.48688,149.46455,147.90357,138.22523,166.81914,113.79782,146.70493,110.98756,122.56743,146.80717,192.40266,170.42333,146.60693,159.3994,188.61161,129.53974,149.60152,135.50435,139.56627,185.10353,102.76981,188.75448,132.87862,154.78511,183.86335,119.364,162.01205,187.53551,152.24157,169.36079,139.68262,163.53822,152.11757,200.29197,139.02799,172.37802,151.88632,140.32255,128.24719,117.79188,113.14873,190.85638,141.52246,194.52486,146.03143,164.69688,132.2568,185.04053,139.28488,182.51626,182.18317,178.47723,122.24296,127.69841,194.1862,136.61786,157.87496,147.55635,204.04037,167.09521,182.19013,123.93096,164.72436,156.11385,180.12384,130.62445,198.34686,183.12049,198.34232,158.01516,161.5611,182.56779,131.51607,147.48288,187.64953,187.65191,161.17488,195.95492,179.9096,193.2062,166.13577,124.68333,171.53974,104.60378,152.88407,118.23255,125.09992,145.81215,194.19397,161.44289,118.43216,140.0199,186.68819,169.19192,106.48713,171.58842,153.94926,175.53998,148.04789,155.74983,132.25132,132.03945,191.80382,123.07524,163.60618,154.18885,133.45461,139.64645,101.56878,156.11748,187.0964,191.60603,188.82235,149.86717,157.27476,140.00973,183.20219,145.28756,139.33926,130.47581,172.94227,173.05573,131.77584,112.72421,143.38121,167.19306,198.08674,156.84662,168.28496,144.02718,158.01796,143.20071,125.02441,166.55242,186.07449,164.14816,168.18522,159.74311,153.16893,138.35574,153.03326,183.92886,146.27654,159.69513,131.55275,143.61933,155.562,202.17501,182.35156,127.40973,187.83354,132.55338,197.03636,187.82277,133.51018,185.69209,137.79052,135.85639,176.03339,179.65793,160.33562,158.60027,162.26221,170.22656,130.80538,138.97245,129.90293,143.58386,2
158.6313,159.97808,124.42768,192.19623,171.96109,115.71333,179.97119,160.35265,157.18876,207.58927,136.04355,172.85879,183.01794,0.0,173.33946,158.6485,176.80325,148.80334,121.25352,160.77962,183.39157,195.06569,162.22807,150.62005,131.07395,113.03804,125.17146,137.38225,182.80709,114.15567,171.26529,145.95968,133.06505,172.13279,153.94932,182.86268,168.7708,175.98115,154.78315,172.04588,169.19807,174.60372,111.40794,122.75404,139.10793,135.78477,135.43851,165.72684,134.30885,150.35092,181.12614,152.12383,185.73866,169.048,150.97547,159.42137,109.39584,167.79967,136.69855,118.7041,168.27735,137.13624,146.62586,144.33479,180.90188,120.47405,157.68116,154.66441,173.98581,146.99574,161.48888,175.02544,179.26144,151.69078,142.34035,117.84936,137.8012,120.72175,166.30536,168.49903,151.77717,176.18168,108.76379,124.16643,162.82332,159.00415,144.91737,192.90519,131.75827,143.90126,121.18986,116.02288,120.52768,183.09558,136.91011,159.12056,112.87342,183.82595,173.94238,101.81625,118.22083,175.59309,121.68514,140.42508,189.72108,148.11023,114.17411,106.76266,130.83806,130.23384,116.50207,111.3052,163.05865,161.08288,116.20353,181.0831,136.22433,188.21283,166.82104,143.82309,113.75207,146.43933,166.10583,166.49694,142.41945,119.80457,183.9316,111.45761,164.03416,143.00311,174.92428,149.08407,157.15782,158.45725,153.09126,176.92338,126.8007,148.32357,149.65302,208.08671,181.45289,143.65965,114.58595,117.74314,106.72342,137.06975,146.59509,157.63884,133.2355,143.9319,177.73736,153.02643,136.60103,143.75452,197.31507,170.31066,149.87197,139.81652,119.89773,161.69224,131.57303,192.46443,185.83633,166.41328,159.84566,181.59635,157.84923,173.10182,160.36811,144.59063,142.15493,172.89427,139.75703,105.78219,143.66254,184.58193,173.15663,144.7687,177.61498,120.66129,155.63364,168.96345,116.91446,185.55306,175.4066,106.77714,149.95439,153.03512,148.68936,202.26442,121.8425,156.09328,128.83038,166.05631,137.7637,128.5482,204.5795,145.93849,199.55764,143.50677,1
149.80192,160.72532,155.11208,131.72351,143.14128,162.37041,117.72036,158.9199,131.88693,135.15041,178.31002,116.65826,119.27915,173.33946,0.0,141.25485,129.14469,154.65759,157.72169,141.492,144.03841,122.96899,136.59058,126.68031,147.51899,173.94605,198.10379,145.84304,109.49985,181.07952,137.64296,161.89129,143.84905,130.34902,129.85167,121.7122,147.5415,127.12723,128.58932,116.12977,132.05836,127.9437,181.26815,156.93404,142.94803,157.84165,172.63723,110.85793,139.07801,134.63588,122.33678,167.01054,121.39017,169.64162,123.19664,161.01788,172.24884,126.78883,161.03661,181.66493,161.30546,168.76559,138.10996,146.24735,133.91183,192.44056,144.18428,153.81529,132.87416,139.43529,133.48802,130.67139,128.63753,172.99695,131.26779,187.39702,135.67852,158.02551,113.17647,165.89042,123.48635,163.24007,170.71074,164.14159,111.99096,130.47082,177.2219,125.06694,144.25735,147.35437,193.49863,157.44853,177.1319,111.3789,163.9737,137.15999,167.90327,116.04132,179.2329,173.82667,186.54136,139.01142,151.77651,165.72301,120.14408,149.29976,175.23881,176.87652,147.05653,181.22601,166.97521,184.30761,146.98247,127.69471,164.90837,114.76291,150.17124,114.89303,133.39601,131.2575,185.9067,163.55251,122.88369,149.01072,169.70692,163.38216,125.09924,162.40518,134.72476,158.26638,129.19406,158.61708,135.59928,136.26002,173.84533,106.07478,159.32852,136.72387,125.95207,136.13829,118.49179,157.10567,180.32554,178.80404,179.71979,136.96551,159.35085,145.25729,167.3812,144.41623,152.26864,127.38875,172.15688,155.67978,125.50308,116.24248,127.09369,150.4997,185.72991,163.68265,153.05778,130.01074,140.22138,123.92961,126.62677,147.7797,167.52543,144.93464,149.17696,142.59206,137.26973,149.75109,137.89065,175.45423,145.57856,141.58869,143.37004,142.64303,136.79172,193.63215,163.88094,108.23773,174.90415,118.36861,177.85494,179.03607,129.52146,167.53181,124.73907,130.61052,162.23314,161.09282,156.16463,139.33402,146.25982,155.46836,131.30258,127.42433,126.72772,141.68885,1
108.54946,119.48588,154.90154,139.5225,113.31831,143.09332,133.60782,117.66514,156.78593,163.13708,144.89233,154.29915,160.18683,158.6485,141.25485,0.0,122.9107,116.3382,137.42782,102.14963,124.91063,152.25614,164.20678,121.42071,128.19279,166.44367,182.5004,121.37789,146.98179,158.98557,113.41838,124.22749,147.73707,117.70371,113.93716,134.07645,111.4031,164.05816,114.74992,153.42434,164.54271,121.4405,161.04435,135.9494,153.2016,166.00857,139.27565,130.64894,137.10541,153.99359,131.64551,127.24679,162.50362,128.72139,138.14325,181.77299,152.49104,159.53074,169.35368,174.63035,186.31287,175.81349,154.47195,114.50548,124.95334,178.87438,167.74061,113.23003,118.12061,156.18508,161.16337,166.38012,166.61289,133.63637,136.60159,176.36558,136.83312,155.38752,128.07858,125.16447,125.29233,125.40931,151.72093,137.97191,140.7864,156.83225,140.24824,145.40415,129.48654,161.68181,173.01491,147.65841,172.87621,143.51609,171.91351,104.09716,147.43779,139.71531,138.28051,160.03231,163.65616,117.52847,144.06072,130.30952,144.96928,166.21879,152.54462,158.46359,128.71827,150.67211,144.58552,169.42862,107.07375,155.85212,160.09171,155.84746,158.89081,152.12742,164.2943,125.61143,172.28853,176.87544,155.2154,176.3075,133.32888,160.92892,165.34384,152.05977,108.31613,122.41708,121.01064,174.47697,160.11873,161.56539,134.18367,139.72118,161.53741,112.76343,141.64503,162.50118,159.16619,170.15923,171.42719,154.31528,165.16636,130.27956,173.6721,168.59267,135.35601,158.84713,183.97128,148.453,178.06244,119.93181,153.46014,152.46475,121.85583,119.66664,161.42899,184.86434,127.39649,140.94642,128.2844,118.33455,153.931,122.99615,126.62956,114.56206,108.05334,114.20527,119.98483,179.94372,122.93644,163.39264,159.79851,126.57745,175.25864,157.70054,120.30235,178.19752,123.21307,133.02426,150.74926,140.1138,137.20089,165.42564,147.66257,127.55625,131.24392,157.12036,138.39745,120.26742,159.69209,107.70185,120.92364,130.59937,163.84193,133.94557,157.53423,155.67762,1
129.83819,139.79891,166.78269,116.68447,116.64438,162.14788,113.90862,137.8001,156.11909,140.999,167.71766,145.54691,147.76106,176.80325,129.14469,122.9107,0.0,139.24121,156.4775,121.64199,114.91226,131.30833,162.48422,127.96994,145.86043,182.14375,201.67001,140.36337,130.55952,179.63287,111.6031,147.11384,156.99294,105.24289,122.91138,112.4926,122.57371,156.0853,122.19751,144.90302,159.80759,102.28836,181.1785,155.14975,159.89656,174.69972,162.04707,122.49423,147.72403,156.07247,110.10321,149.49283,149.41598,145.95431,139.79886,184.71976,172.18253,154.40756,178.15511,190.4519,186.95415,185.52064,158.17383,135.69207,105.39577,197.27111,168.54398,135.51228,105.45514,159.84782,159.23152,159.41699,157.75858,155.93003,143.21873,193.7819,145.76324,168.40502,119.33713,142.03275,129.12416,136.7128,171.1178,159.09688,135.41994,155.34804,163.08115,123.19026,145.1876,167.03539,193.51356,163.22519,187.50054,125.68319,181.02268,120.02162,167.15039,119.93369,155.13916,177.91252,184.64438,110.81878,158.39606,153.18868,123.93696,170.52879,173.18017,177.92617,146.00631,173.18112,164.81389,188.03131,124.90661,153.26175,174.36132,143.16013,166.84155,134.44936,160.57331,135.07765,190.52937,183.55982,150.09387,175.2789,156.23605,174.22022,153.95219,168.17175,114.74399,145.25006,101.97053,179.76027,159.92157,161.02391,156.29993,124.69596,172.76681,128.7753,143.79795,140.11125,147.23521,176.66958,187.87461,175.5227,183.51799,141.91863,179.71042,169.56342,157.86464,163.93471,180.2697,148.94869,188.39684,142.70273,131.99934,144.65704,128.76874,141.11087,182.75215,187.67159,147.65296,118.03699,112.06942,111.1934,151.65761,118.79984,147.73154,118.00726,128.35163,133.68796,134.66491,177.18364,137.20217,180.75779,165.06831,112.78784,171.24924,162.37252,107.85244,197.21852,144.8399,122.43392,171.7606,119.44116,153.16326,183.44471,149.60412,149.65782,135.37453,135.0275,158.79321,141.82599,170.18858,116.43203,140.24172,150.83608,142.8041,139.12113,136.45766,160.71945,1
111.14768,112.08229,151.88412,155.81196,127.10709,133.26391,149.5111,111.8929,163.17991,179.29118,128.82708,165.35227,172.64493,148.80334,154.65759,116.3382,139.24121,0.0,128.28977,117.68946,139.06392,168.11983,170.71375,129.94668,123.08507,158.85199,170.69119,116.84538,161.55872,146.04032,129.0998,107.90394,147.85761,134.0415,124.83905,150.27212,122.04948,174.15821,126.08477,164.42316,172.83325,137.77164,148.69156,126.80498,154.78392,164.89158,123.37979,143.80055,137.72763,158.85163,147.86465,112.46703,175.16867,122.76395,145.30597,184.17491,141.08549,168.35294,167.92645,166.53639,190.13465,173.26365,158.1582,110.23233,140.98493,167.98052,172.38619,105.96103,134.33714,159.73697,168.00633,175.82013,177.05084,118.34335,140.64813,166.58037,138.98685,151.24564,141.83133,120.94039,134.11724,127.44642,140.7472,125.40905,151.40249,163.72871,123.96472,161.6329,126.62532,163.52427,159.90045,141.64775,166.03629,158.65822,170.07716,119.68804,136.32191,155.473,130.72336,150.4292,150.13704,132.76072,139.83485,114.18269,160.93239,168.50352,139.85552,147.05308,123.99569,135.17154,132.93782,158.59796,116.59637,163.49261,154.33999,168.61154,158.93038,166.95976,172.00831,130.34958,161.76008,176.72173,164.34045,181.68868,116.99549,156.07547,177.10845,145.00957,124.61996,106.78195,137.34761,175.52774,165.94951,167.50919,119.19814,154.20508,158.55596,118.60597,147.93661,178.72947,171.4445,170.5217,162.8315,140.75268,154.78144,131.58643,174.19239,173.07253,120.17252,161.12243,190.72243,154.92087,174.86928,105.11616,169.45991,163.18234,129.95805,110.58479,147.51789,187.22995,118.17055,157.2782,143.49508,133.74858,161.5451,135.66817,114.62581,127.5327,113.06381,113.87016,122.21871,186.26792,124.17127,154.19223,161.8568,141.44092,182.56384,160.38408,135.97082,166.64746,110.82698,146.68421,137.59954,156.06132,130.91839,155.40408,153.29041,113.09818,138.22831,173.27894,127.03803,109.223,157.50821,123.35691,116.02487,120.66456,179.63962,139.59939,173.39044,158.2733,1
137.54905,140.02917,126.85929,172.41349,150.7298,105.7168,161.25048,140.12367,150.52308,190.18352,126.69933,161.33052,170.91046,121.25352,157.72169,137.42782,156.4775,128.28977,0.0,139.55183,162.24252,177.76783,157.22735,132.27267,110.8752,130.56301,145.35196,116.33131,166.83268,123.81851,150.2117,127.0693,127.92345,151.60693,134.01744,163.72015,147.53983,167.02669,135.00912,160.41874,162.30938,154.35008,124.84309,101.5165,135.66733,140.84223,122.85949,148.58383,122.23176,144.27794,161.77824,134.10023,173.67849,149.93108,138.11439,163.18164,115.73655,159.39386,143.31567,138.29712,170.75334,147.28186,141.76823,123.08133,160.26935,141.46305,155.61813,133.96116,153.27198,142.8651,155.44824,167.17702,170.3128,135.5674,129.74492,139.05939,125.54932,125.05862,148.47226,148.81302,134.50288,155.70968,114.64257,109.06714,149.00301,151.8752,131.96854,174.35493,113.46491,143.5012,137.28806,114.56851,137.80123,166.14552,144.91376,138.08007,110.77757,165.78727,156.15508,122.70504,129.17471,154.52383,115.33606,123.34208,171.75006,148.56579,117.64865,121.45541,111.02273,125.88246,109.25745,132.03298,141.83988,153.02067,126.67943,168.08295,136.93674,172.45252,160.51524,126.50385,134.86082,153.00307,156.5381,165.24267,126.68128,128.94782,173.2753,116.97029,143.12631,123.29277,154.55088,153.32995,151.91217,153.45477,137.01362,160.21783,132.95247,127.71307,138.37423,190.38251,169.41163,147.81899,134.69623,121.08238,127.73863,121.12071,151.42343,155.9721,118.17071,142.05304,175.86747,143.91043,148.3008,123.45727,179.81134,158.76863,131.62876,118.68392,128.0649,166.01706,110.40978,172.95127,164.9179,146.63807,151.34042,160.35034,139.36504,151.85277,139.24107,123.48093,122.42048,171.00898,120.62333,126.25133,142.36234,163.55659,169.28079,142.04454,156.69705,140.9635,136.5333,151.93885,117.18657,167.26663,157.15116,128.02569,141.16386,135.05456,133.48409,184.55061,105.66935,136.41401,132.86168,144.89862,116.63387,107.62538,188.12805,131.93815,182.60825,140.12654,1
