Vértice_1,Vértice_2,Vértice_3,Vértice_4,Vértice_5,Vértice_6,Vértice_7,Vértice_8,Vértice_9,Vértice_10,Vértice_11,Vértice_12,Vértice_13,Vértice_14,Vértice_15,Vértice_16,Vértice_17,Vértice_18,Vértice_19,Vértice_20,Vértice_21,Vértice_22,Vértice_23,Vértice_24,Vértice_25,Vértice_26,Vértice_27,Vértice_28,Vértice_29,Vértice_30,Vértice_31,Vértice_32,Vértice_33,Vértice_34,Vértice_35,Vértice_36,Vértice_37,Vértice_38,Vértice_39,Vértice_40,Vértice_41,Vértice_42,Vértice_43,Vértice_44,Vértice_45,Vértice_46,Vértice_47,Vértice_48,Vértice_49,Vértice_50,Vértice_51,Vértice_52,Vértice_53,Vértice_54,Vértice_55,Vértice_56,Vértice_57,Vértice_58,Vértice_59,Vértice_60,Vértice_61,Vértice_62,Vértice_63,Vértice_64,Vértice_65,Vértice_66,Vértice_67,Vértice_68,Vértice_69,Vértice_70,Vértice_71,Vértice_72,Vértice_73,Vértice_74,Vértice_75,Vértice_76,Vértice_77,Vértice_78,Vértice_79,Vértice_80,Vértice_81,Vértice_82,Vértice_83,Vértice_84,Vértice_85,Vértice_86,Vértice_87,Vértice_88,Vértice_89,Vértice_90,Vértice_91,Vértice_92,Vértice_93,Vértice_94,Vértice_95,Vértice_96,Vértice_97,Vértice_98,Vértice_99,Vértice_100,Conjuntos
0.0,134.69913,139.09244,156.99638,129.65871,124.8145,170.91632,147.84048,163.05069,121.81899,133.91045,109.24015,108.92402,155.0279,147.37097,115.74403,109.77789,156.50418,128.91101,131.1823,163.14454,160.47386,118.02171,137.71537,169.7557,162.66346,154.56716,147.3596,177.19351,136.93406,120.39306,144.22573,159.08006,158.45477,133.82348,163.44041,144.75005,162.00972,144.27297,168.71751,166.37091,157.6079,179.449,158.27122,155.75845,137.32295,115.66596,158.46185,181.403,162.27751,118.37799,131.1122,169.13065,112.72764,166.13579,135.05844,122.35897,158.99981,190.65549,150.39842,120.92384,133.60374,108.38149,138.56537,164.29408,115.66134,179.68081,136.81072,159.52778,179.74531,138.91624,163.71834,140.3482,166.52492,124.0411,161.3222,110.16964,125.36386,144.10747,153.13313,184.75395,138.60674,149.04581,184.07063,121.68171,157.83878,122.71257,157.7997,167.41551,113.37878,123.7085,156.25756,160.82616,140.25233,162.58271,166.10097,167.48652,117.76296,173.93623,114.85935,1
134.69913,0.0,171.32284,135.1182,105.80551,115.72097,192.3421,114.88773,144.72634,114.3763,132.06454,129.67719,143.39439,136.72525,180.08575,138.70555,141.5745,148.09737,106.21336,105.63927,150.86733,145.69945,125.84837,132.6055,191.18853,131.57962,163.61182,147.63724,170.15949,140.58987,145.39558,173.4233,162.27856,160.5926,164.59997,191.60662,148.7616,179.7886,140.83055,193.29045,144.2019,134.22302,181.14947,172.77339,176.49524,102.66739,120.79967,160.60188,187.16344,133.29421,117.97922,110.63741,175.51639,139.40714,175.94514,122.34706,115.56474,157.66974,187.7916,135.64748,155.48451,113.9075,134.91265,132.85947,167.81872,150.23874,180.74013,156.82355,156.69734,177.46058,159.39591,133.14688,130.78939,177.23086,154.99938,189.17187,144.09817,154.09872,109.42061,119.86197,189.09725,113.49198,175.23233,176.34036,138.71741,140.14921,157.22588,135.29226,145.20037,140.80738,112.94795,188.02566,168.33687,161.75887,169.82191,166.68969,164.22155,151.77187,171.48286,120.23545,1
139.09244,171.32284,0.0,181.47944,167.19901,157.35108,143.33529,181.8396,183.2454,160.33542,153.72762,147.85096,130.57094,177.29616,108.86351,133.46783,130.17049,169.99545,165.12271,168.98916,178.03428,178.31834,156.58924,157.48751,142.41135,193.49178,150.20359,156.61981,183.39774,149.53868,127.57776,111.09964,159.73448,160.55471,107.85333,127.32034,151.63988,142.34692,158.74384,136.95386,189.10402,183.09357,175.56383,144.87614,133.8551,173.71846,154.61893,160.55648,172.27904,191.3347,157.16838,169.80924,162.46271,144.61487,156.13162,161.82252,161.22749,164.63117,189.6483,171.43501,126.06011,165.04668,136.45059,158.27321,162.62424,128.52574,176.47835,129.13519,166.51566,180.28461,128.45283,193.97179,161.96293,155.22487,116.37239,125.9163,128.96173,143.52199,180.546,186.88784,176.60925,170.3908,120.21408,189.56388,136.51471,178.83663,119.47088,182.57558,189.99356,130.59928,158.61078,117.1665,155.66398,160.35009,157.08455,167.1581,172.28146,130.67377,176.06602,151.39144,2
156.99638,135.1182,181.47944,0.0,139.54545,133.04877,184.7879,124.94182,110.22601,145.69422,127.75707,157.0895,163.09453,105.67735,190.02042,150.16413,158.4427,122.03634,135.67149,140.37343,119.77454,113.86528,157.34763,124.03344,183.80628,118.965,149.33321,131.44389,139.59948,133.15115,154.50128,178.58541,142.58689,140.40009,173.64702,192.62455,135.8704,170.31761,125.43051,189.34902,109.6067,102.55824,155.94405,161.42838,170.89355,133.85489,150.01827,140.40843,164.62756,113.88545,148.13225,145.65964,155.51646,166.96508,159.15778,121.98499,147.86785,135.02035,158.28669,111.04148,176.21222,125.14474,151.88643,123.28352,146.85765,171.31476,155.05376,156.09322,132.88788,149.513,158.19035,117.9808,119.51652,161.05443,166.52854,190.0546,162.56431,181.62019,133.7348,124.72659,165.07443,122.18406,176.17359,144.64353,145.36922,107.49848,174.81126,101.17749,110.66329,154.41249,136.07798,195.21611,151.12045,193.19418,151.94867,143.22908,137.81062,174.24269,144.31389,144.04588,1
129.65871,105.80551,167.19901,139.54545,0.0,114.50594,190.52848,120.66977,148.77831,108.63897,132.4034,124.06716,138.49012,140.56004,175.87542,135.3632,137.15651,150.53214,104.77314,102.03354,154.04207,149.17237,120.0539,133.64764,189.36369,137.29832,163.5007,148.53156,172.83024,140.53964,142.11797,169.97447,163.11604,161.56845,160.74979,188.49758,149.05146,178.48638,142.08421,190.90116,148.86582,138.88871,182.55886,171.92669,174.63633,108.39716,115.16385,161.57758,187.98015,138.79875,112.29587,106.71261,176.07394,133.68305,175.93864,123.99523,109.76259,159.15801,190.01184,138.77839,150.2427,116.07237,130.77555,134.04175,168.71816,145.02513,182.24878,154.71682,158.41489,179.46861,157.27724,138.82726,132.59741,177.09375,151.00045,186.11284,139.35438,148.32355,114.71829,125.66749,190.16848,117.39566,172.38035,179.20296,136.26665,143.97869,152.33533,139.83337,149.88714,136.96896,110.52875,184.09186,168.58195,156.05603,170.14053,168.05524,166.17813,146.3843,173.43218,115.80776,1
124.8145,115.72097,157.35108,133.04877,114.50594,0.0,176.6433,124.54974,140.48358,115.20811,118.25549,124.04658,132.27175,132.1115,166.20607,123.9942,128.95095,138.4688,110.14671,116.48801,143.30666,139.29464,125.35502,120.13776,175.48765,138.06911,149.01338,134.57558,160.77366,126.10755,130.45768,158.43402,149.01588,147.5748,150.21546,176.24817,134.71133,164.24364,128.57217,177.59973,142.62661,133.32479,168.82125,157.49198,160.7857,117.52954,117.58519,147.58377,173.79218,137.46808,116.35431,120.7044,161.77484,133.93177,161.45987,112.31796,117.68684,145.64674,177.13808,128.63392,145.31296,108.79479,121.93434,120.68647,154.63542,140.12796,168.60435,141.10848,145.16994,166.38697,143.68077,139.02513,120.24151,162.59694,141.00173,173.78202,132.35581,148.67372,123.9435,129.70069,176.13729,113.93814,159.73809,167.40735,123.15247,135.29348,145.5174,133.72127,143.68394,126.8573,104.5088,173.60828,154.17252,160.3626,155.75367,154.35079,153.14194,142.5473,160.32171,110.99839,1
170.91632,192.3421,143.33529,184.7879,190.52848,176.6433,0.0,196.98874,181.21715,186.83264,162.66067,179.98324,165.23906,179.22305,143.39551,157.08873,161.36218,164.8048,186.67631,192.5612,171.57865,175.0396,188.40004,164.38277,101.17434,202.22535,135.95145,153.34437,165.75414,154.26662,150.92517,132.38345,145.07151,147.10885,142.01886,122.43479,149.08782,114.55704,159.69707,109.78505,188.59368,187.17409,149.00666,123.63094,115.89292,193.95096,183.30006,147.10357,140.88377,198.08787,184.90357,195.57387,137.62028,181.08036,130.504,173.69173,188.67354,153.1149,162.74074,173.84814,166.92935,180.74844,164.07163,164.71437,143.69908,167.41585,150.40807,135.89613,155.64702,157.2564,133.37202,201.84771,168.60206,128.45649,149.09823,121.52413,163.06265,184.60793,199.79105,200.83996,145.11985,185.03245,123.85325,169.61276,154.44071,178.90679,159.97327,185.95245,189.10873,157.7918,180.05615,137.94918,136.48038,202.12577,136.5931,149.29548,156.60251,170.63451,156.07459,176.7556,2
147.84048,114.88773,181.8396,124.94182,120.66977,124.54974,196.98874,0.0,135.16519,129.07965,134.33701,143.99442,156.08777,128.45024,190.70121,148.3929,153.31744,143.21762,119.29529,120.39939,143.67599,137.89841,140.72347,133.05068,195.88115,116.78697,164.73053,146.99089,163.68869,142.8722,154.64635,182.32918,161.01743,159.03849,174.5907,199.43702,149.59172,183.40587,139.77957,199.34065,132.6709,123.25125,177.81006,175.43616,181.5481,112.46719,135.2653,159.04776,185.24812,119.18777,132.55846,124.7663,174.54682,153.92788,176.41103,123.29702,130.42869,154.88457,182.15588,129.76039,168.75931,117.10286,146.33732,132.90638,166.19272,163.49904,177.14733,163.02524,153.33841,172.61091,165.53525,118.45038,129.47591,177.99516,165.51752,196.91199,156.44577,168.74704,109.23805,105.29271,186.47987,112.11511,182.6958,169.18794,146.56673,131.60124,169.68382,124.69136,133.55583,151.40456,124.23813,197.89453,168.38572,176.61436,169.63459,163.87292,159.90118,165.41335,166.94887,132.98127,2
163.05069,144.72634,183.2454,110.22601,148.77831,140.48358,181.21715,135.16519,0.0,154.24165,130.77991,164.32927,168.20446,108.40353,191.45173,154.04885,163.09062,116.42791,144.61745,149.77844,111.15396,106.21025,165.55126,126.70144,180.31702,127.53469,145.26963,128.85191,130.01224,133.72534,157.3944,179.0249,137.03905,134.84903,175.40423,191.38955,133.86413,166.66241,124.68103,186.73414,107.46777,112.17423,147.67774,157.58921,168.42691,143.65994,157.95584,134.85619,156.97965,122.05272,156.34488,155.11327,149.03484,173.90529,153.60968,128.42729,156.53175,128.97597,148.7022,112.74889,181.07439,133.49823,157.00498,125.83086,140.49814,176.43597,146.65569,156.00616,126.55935,140.52814,157.80355,126.13727,123.01703,155.62414,169.31486,188.8524,167.38796,188.20253,143.89985,134.82711,156.95147,131.42079,175.46849,134.67063,148.46022,105.23271,178.87635,110.59492,107.89664,158.50245,144.05114,195.71379,145.86857,200.81639,146.40854,136.13853,129.8734,179.63304,135.75641,151.29186,1
121.81899,114.3763,160.33542,145.69422,108.63897,115.20811,186.83264,129.07965,154.24165,0.0,133.1148,115.48435,130.74153,145.85682,168.84987,130.17371,130.17081,153.6242,110.39839,109.70907,158.14663,153.78934,111.9456,135.30187,185.65919,145.49176,162.606,149.42874,175.95617,140.29434,136.83236,164.05154,163.63755,162.31951,154.32105,182.94597,149.04363,175.63692,143.69344,186.36711,155.23414,145.3872,183.7038,169.82207,171.00057,117.01137,106.59944,162.32828,188.19356,146.57511,103.6943,109.48771,176.0118,125.04572,175.03859,127.12918,102.47945,160.70608,192.31722,143.14165,141.9808,120.74546,124.42043,135.8749,169.25201,136.81432,183.54497,150.97349,160.31319,181.53785,153.47194,146.93201,135.37697,175.98715,144.45088,180.6449,131.83323,139.72714,123.30887,134.17879,190.74516,123.75105,167.30476,182.56156,132.49084,149.19966,144.50583,146.13905,156.2796,130.91853,110.79875,177.40921,168.1446,148.20124,169.7923,169.29014,168.31455,137.96952,175.47272,110.08532,1
133.91045,132.06454,153.72762,127.75707,132.4034,118.25549,162.66067,134.33701,130.77991,133.1148,0.0,137.54041,137.86569,123.84834,162.30123,123.27731,132.51122,122.65594,127.72088,134.28045,129.28631,127.1426,141.63548,104.08618,161.55754,141.34976,131.58234,116.33832,144.11612,108.70219,126.88262,151.30675,130.77201,129.31988,145.90193,166.65912,116.72054,149.11527,110.92772,165.35013,135.77268,129.38531,150.61243,141.38249,147.32007,133.00117,133.8552,129.32884,155.5937,138.32288,133.4793,138.85209,143.67602,145.95476,143.88216,111.05309,135.57403,127.64153,159.47022,118.20529,150.48712,118.77271,126.8731,104.96445,136.38903,146.02409,150.43384,129.72021,127.42364,148.60169,132.08771,141.44958,108.24959,145.18995,138.90467,164.09095,136.86687,159.24677,137.95503,138.2381,157.88579,122.49018,149.90678,150.93759,117.80354,125.87006,148.0972,128.84862,136.72368,127.75076,122.74105,167.80285,136.30261,173.64979,137.81813,136.1774,135.50779,149.39218,142.55073,125.81163,1
109.24015,129.67719,147.85096,157.0895,124.06716,124.04658,179.98324,143.99442,164.32927,115.48435,137.54041,0.0,117.28315,156.01736,155.89083,123.77203,119.01793,160.05196,124.71712,125.18691,165.98496,162.59718,108.82522,140.90574,178.81866,159.89897,161.7788,152.51781,181.62434,142.23918,129.1898,153.40828,165.28331,164.4246,142.91911,172.6313,150.61069,170.67395,148.39437,177.93803,166.67254,157.29343,185.75972,166.45713,164.6845,132.34094,108.90382,164.43233,188.49048,160.31645,111.79192,123.8846,176.1555,110.0966,173.70587,135.90674,115.17837,164.25153,196.2022,152.08761,126.90259,132.27529,116.28033,141.68511,170.68798,121.90086,185.86988,145.38693,164.46689,185.25734,147.60199,161.18101,142.64623,174.24748,133.20672,170.5319,118.95279,125.03083,138.77742,149.21219,191.62908,136.61157,158.27827,188.46249,128.85197,159.10627,130.30059,157.74428,167.72994,122.22119,121.35875,164.99982,167.89993,136.57301,169.64285,171.94585,172.54778,122.64387,179.31013,113.07019,1
108.92402,143.39439,130.57094,163.09453,138.49012,132.27175,165.23906,156.08777,168.20446,130.74153,137.86569,117.28315,0.0,160.52653,138.64826,115.66526,105.87304,159.80029,137.47509,140.05629,166.98516,164.98549,126.02595,141.89813,164.10278,170.34082,153.34853,149.16538,179.25547,138.96398,117.28565,136.659,159.27291,158.97328,125.95947,155.84714,145.77056,157.72373,147.31608,162.12673,172.2034,163.96535,179.19593,155.17397,150.75463,145.98997,124.55713,158.97935,179.99372,169.55163,127.29578,140.02694,167.9609,115.8413,164.1073,141.16509,131.25831,160.40797,191.28771,155.45558,113.17063,141.0063,111.23485,142.77688,164.12906,108.24304,179.59088,133.29376,161.29153,180.52747,135.01411,171.27741,145.19504,164.21824,116.62041,153.85571,102.19651,123.32901,152.81486,161.36833,183.63781,146.20962,142.41495,186.09996,122.28571,163.0808,113.84744,163.98539,173.22709,111.45283,131.84965,147.71669,159.7082,140.27968,161.45629,166.64517,168.97037,111.53546,174.95701,123.27069,1
155.0279,136.72525,177.29616,105.67735,140.56004,132.1115,179.22305,128.45024,108.40353,145.85682,123.84834,156.01736,160.52653,0.0,185.72136,146.86339,155.59008,116.48753,136.31711,141.63456,115.24984,109.45097,157.14778,119.89475,178.2506,124.50244,143.68825,125.88941,135.2749,128.32812,150.72896,173.9171,136.92628,134.7427,169.44476,187.49713,130.43068,164.73144,120.14302,183.92819,111.92664,108.20654,150.74096,155.815,165.4773,135.83335,149.55867,134.75109,159.21411,119.53309,147.94155,146.98002,149.91343,165.66207,153.48583,120.15998,148.15861,129.41855,153.84035,105.9257,173.52112,125.12074,149.29427,119.07438,141.25603,168.76954,149.90405,151.20334,127.33351,144.66988,153.22092,123.60245,115.69066,155.3792,162.74547,184.93226,159.82424,180.0599,136.71199,129.04555,159.79613,123.29449,171.15921,140.75226,141.64796,103.42668,171.6742,106.7981,112.89004,151.23698,135.64833,190.59252,145.44452,192.46501,146.27968,137.7525,132.58819,171.86774,139.28384,142.96265,1
147.37097,180.08575,108.86351,190.02042,175.87542,166.20607,143.39551,190.70121,191.45173,168.84987,162.30123,155.89083,138.64826,185.72136,0.0,142.33123,138.75209,177.75408,173.89393,177.64,185.80056,186.37159,164.52361,165.9947,142.64004,202.30046,156.20283,164.26362,189.97667,157.73074,136.39733,114.51535,166.12403,167.13533,116.45636,123.85856,159.19821,145.32054,166.83747,135.52929,197.46813,191.68615,180.6316,149.34941,136.97006,182.50038,162.99502,167.13625,176.37108,200.07985,165.6072,178.29882,167.43237,151.81062,160.68806,170.60358,169.64796,171.58091,194.91616,179.83286,132.19649,173.9082,145.1818,166.76359,168.52027,135.5197,181.65012,136.35811,173.59238,186.03088,135.26939,202.75956,170.5129,159.53691,125.21158,123.23865,137.20134,148.75602,189.3373,195.75132,180.78085,179.25067,122.89013,195.92291,145.27053,187.15242,126.32028,191.12788,198.33916,139.42571,167.41722,109.76123,161.23069,164.6829,162.51978,173.35107,178.90139,137.07291,182.17998,160.07641,2
115.74403,138.70555,133.46783,150.16413,135.3632,123.9942,157.08873,148.3929,154.04885,130.17371,123.27731,123.77203,115.66526,146.86339,142.33123,0.0,109.8409,144.43667,132.51612,137.31678,151.83879,150.29919,131.63122,127.36267,155.91506,160.34357,138.89035,133.50237,163.59095,123.35083,106.75634,134.72033,143.96025,143.53347,126.22474,153.13742,130.15943,147.01687,131.94345,156.20652,158.75947,151.40818,164.14291,142.71096,141.4464,140.92574,126.21521,143.53991,165.72705,158.58712,127.92378,139.37253,153.48996,128.24224,150.39176,129.06432,131.81045,144.76679,175.86316,141.4037,127.4532,131.58894,107.53023,128.23902,148.99977,123.37265,164.45328,121.73726,145.62707,165.04286,124.05798,160.95013,131.19234,150.79036,117.24687,150.76321,114.19556,138.74041,147.63542,153.42197,169.14586,136.94273,137.18091,170.4347,106.62276,149.08653,124.83576,151.16468,159.74319,104.52444,125.76651,149.61642,145.18342,155.0753,146.9413,151.2142,153.32882,127.00437,159.40197,120.16181,1
109.77789,141.5745,130.17049,158.4427,137.15651,128.95095,161.36218,153.31744,163.09062,130.17081,132.51122,119.01793,105.87304,155.59008,138.75209,109.8409,0.0,154.1645,135.44834,138.89755,161.45498,159.65214,127.78181,136.5785,160.20789,166.80753,147.6522,143.33709,173.42123,133.18482,111.8015,134.55326,153.42105,153.10648,124.33661,153.7422,139.90154,153.02403,141.6688,158.96184,167.37613,159.45633,173.39381,149.97148,146.4244,144.07093,124.61966,153.11259,174.36951,165.65589,127.06642,139.65145,162.27837,120.31885,158.60246,136.69564,131.13739,154.5445,185.42518,150.35798,117.98959,137.46161,107.01878,137.45934,158.30771,113.60363,173.7727,128.15955,155.44671,174.65821,130.05391,167.62514,140.08325,158.78688,114.46315,151.59572,104.39258,129.16186,150.93442,158.5442,177.96131,142.78164,139.27652,180.26002,116.44682,158.02204,116.67877,159.37746,168.38606,105.58254,129.2779,147.24202,154.00551,145.93563,155.75762,160.78006,163.10655,117.17731,169.08401,121.39787,1
156.50418,148.09737,169.99545,122.03634,150.53214,138.4688,164.8048,143.21762,116.42791,153.6242,122.65594,160.05196,159.80029,116.48753,177.75408,144.43667,154.1645,0.0,145.82384,152.04633,108.04691,110.23549,163.44067,119.14805,163.9131,140.97678,128.85341,113.55327,122.36352,121.45437,146.20337,164.58474,120.837,118.63489,162.28532,175.69169,118.68852,150.25408,112.49661,170.49092,123.85584,124.59457,134.67432,141.17409,152.29356,147.93031,155.58078,118.64264,142.78779,135.90513,154.73379,157.24233,133.49706,168.61014,137.47589,126.68043,156.09264,113.01911,139.70882,113.46255,171.86346,134.51929,149.15554,118.38279,124.8408,167.76564,133.95775,141.54999,110.85269,129.59365,143.04535,140.01448,118.24783,139.44512,157.53809,173.18507,158.5562,181.78065,150.4181,144.72278,143.55439,135.01175,160.20104,128.93973,138.07441,114.92839,168.53875,123.06222,124.32455,148.94512,142.82551,181.14721,129.59213,196.29655,130.24722,121.2871,116.68401,171.30913,123.78671,147.81783,1
128.91101,106.21336,165.12271,135.67149,104.77314,110.14671,186.67631,119.29529,144.61745,110.39839,127.72088,124.71712,137.47509,136.31711,173.89393,132.51612,135.44834,145.82384,0.0,106.56355,149.49571,144.73855,122.34364,128.88532,185.51692,135.31426,158.9606,143.79304,168.14444,135.95561,139.22033,167.23643,158.39202,156.82827,158.38663,185.48324,144.40483,174.3791,137.31604,187.38172,145.1295,135.21004,177.79181,167.62813,170.79957,108.62492,116.09548,156.83742,183.2672,136.2042,113.53807,111.46274,171.39653,134.70498,171.3799,119.24005,112.32574,154.38608,185.2609,134.25635,149.8013,111.47387,128.73462,129.27286,163.989,144.54072,177.47813,151.00164,153.64275,174.70435,153.57185,136.68811,127.83961,172.56975,148.79225,183.05905,138.08941,149.58568,115.48694,124.54381,185.42646,113.52841,169.16648,174.55137,132.73649,139.71805,151.26998,136.04467,146.16603,134.59555,106.80734,181.81281,163.96053,158.59941,165.50473,163.28836,161.4133,146.2677,168.66578,114.21667,1
131.1823,105.63927,168.98916,140.37343,102.03354,116.48801,192.5612,120.39939,149.77844,109.70907,134.28045,125.18691,140.05629,141.63456,177.64,137.31678,138.89755,152.04633,106.56355,0.0,155.35556,150.38555,120.53244,135.42225,191.39631,137.15166,165.45462,150.35065,174.30036,142.47381,144.07294,171.89179,164.95399,163.38444,162.60291,190.45418,150.95427,180.5153,143.83668,192.91616,149.58676,139.59995,184.3115,173.93741,176.66894,107.93526,116.30829,163.3936,189.8305,138.93339,113.40289,105.34699,177.95646,134.59832,177.88617,125.62645,110.3893,160.88463,191.60072,140.08549,151.61683,117.52929,132.60117,135.79321,170.54957,146.42305,183.98317,156.74638,160.09661,181.1013,159.30621,138.745,134.22515,179.0541,152.82966,188.07545,140.98404,149.08964,113.69121,125.22548,191.98076,118.35946,174.36606,180.62373,138.28943,145.05988,153.88877,140.60782,150.59682,138.84527,112.55828,185.91805,170.50025,156.2162,172.05082,169.80958,167.8154,147.66292,175.07487,117.62181,1
163.14454,150.86733,178.03428,119.77454,154.04207,143.30666,171.57865,143.67599,111.15396,158.14663,129.28631,165.98496,166.98516,115.24984,185.80056,151.83879,161.45498,108.04691,149.49571,155.35556,0.0,105.91642,168.62648,125.42988,170.73734,138.29697,135.76844,121.57578,120.02509,129.23301,153.95711,172.59804,126.72604,124.59084,170.31481,183.36422,126.69841,157.0951,120.03506,177.70047,118.38139,122.17526,136.58357,148.01162,159.68947,150.2915,160.79781,124.59703,145.82575,132.89289,159.65454,160.67129,138.11795,174.93259,143.05895,131.05209,160.57094,118.58191,138.61779,115.27021,179.29109,138.02185,156.12564,124.58407,129.69411,175.05072,135.59607,149.58057,116.06907,129.76193,151.0442,137.022,123.36773,145.11511,165.42238,180.87674,165.84456,188.50326,151.75162,144.23097,145.83665,137.40441,168.0673,125.65297,145.61342,112.34549,176.19945,120.5289,118.57593,156.36218,147.43732,189.136,135.56688,202.47562,135.93712,125.10299,118.71953,178.5192,124.73328,153.3524,1
160.47386,145.69945,178.31834,113.86528,149.17237,139.29464,175.0396,137.89841,106.21025,153.78934,127.1426,162.59718,164.98549,109.45097,186.37159,150.29919,159.65214,110.23549,144.73855,150.38555,105.91642,0.0,164.63788,123.08937,174.14599,132.50537,139.08844,123.01395,125.8835,128.83776,153.11447,173.65035,130.84422,128.65144,170.50842,185.54086,128.10081,160.48787,119.5767,180.65056,113.6709,116.28686,142.27881,151.40914,162.38904,144.97561,156.87803,128.65867,151.29055,127.14962,155.53847,155.72588,142.98245,171.85884,147.43331,126.98011,156.17157,122.80473,144.51528,110.67216,177.62046,133.30942,153.90773,122.20982,134.4046,173.16114,141.33554,150.57859,120.41399,135.65165,152.27395,131.28939,120.14182,149.44013,164.88521,183.01496,164.00945,185.80378,146.12549,138.33757,151.48588,132.20759,169.77857,131.30243,144.38933,106.43233,175.00272,114.64321,114.10039,154.80703,143.22761,190.3101,139.66701,199.16941,140.22444,130.20204,124.24436,176.49865,130.52465,149.7304,1
118.02171,125.84837,156.58924,157.34763,120.0539,125.35502,188.40004,140.72347,165.55126,111.9456,141.63548,108.82522,126.02595,157.14778,164.52361,131.63122,127.78181,163.44067,122.34364,120.53244,168.62648,164.63788,0.0,144.4916,187.23124,157.3004,168.41164,157.47249,185.5366,147.55302,137.48329,162.22818,170.97719,169.91835,151.74315,181.44938,156.20416,178.64178,152.54435,186.60457,166.92901,157.15702,191.38964,173.96166,172.94942,128.37491,107.86025,169.92658,194.84165,158.50747,109.2247,117.65794,182.51302,115.10851,180.589,137.67141,110.29826,169.10421,201.05037,153.96946,134.59249,132.22674,124.36036,145.18043,176.50359,129.88038,191.38499,153.36848,169.03626,190.14384,155.6729,158.78293,145.38698,181.27248,142.02857,179.34135,127.75408,128.80795,134.08995,145.69427,197.76258,135.60761,166.98422,192.27933,135.99242,160.42414,138.64858,157.84499,167.97996,130.62616,121.50509,173.71711,174.35885,136.25577,176.07647,177.2495,177.13067,129.98013,184.11543,115.82917,2
137.71537,132.6055,157.48751,124.03344,133.64764,120.13776,164.38277,133.05068,126.70144,135.30187,104.08618,140.90574,141.89813,119.89475,165.9947,127.36267,136.5785,119.14805,128.88532,135.42225,125.42988,123.08937,144.4916,0.0,163.30519,138.57039,131.83158,115.03182,141.04616,110.1782,130.85779,154.67579,129.67401,128.01545,149.64499,169.50565,116.6689,150.51008,108.46822,167.58527,131.80234,125.79217,148.91628,142.39744,149.34709,133.22498,136.64895,128.02469,154.56361,135.21198,136.01961,140.2585,142.94703,149.58154,143.84012,110.43953,137.78017,125.57544,157.01538,114.17506,154.55973,118.82104,130.85436,100.88086,135.22565,150.07214,148.62848,132.60908,125.03283,146.24951,134.87524,138.52574,104.63781,145.29429,142.8618,166.93217,140.92724,163.07621,137.59789,136.54644,156.58472,121.69445,152.82756,147.80533,121.81996,121.81955,152.179,125.15133,132.74029,131.83689,124.63592,171.25603,136.0037,177.21703,137.4118,134.41321,133.01297,153.41641,140.18416,128.75802,1
169.7557,191.18853,142.41135,183.80628,189.36369,175.48765,101.17434,195.88115,180.31702,185.65919,161.55754,178.81866,164.10278,178.2506,142.64004,155.91506,160.20789,163.9131,185.51692,191.39631,170.73734,174.14599,187.23124,163.30519,0.0,201.1947,135.06438,152.3657,165.17429,153.1806,149.75514,131.42715,144.28439,146.30556,140.97813,122.06879,148.0741,113.66126,158.68026,109.68799,187.68295,186.18551,148.65748,122.75022,114.72738,192.80275,182.12615,146.30042,140.70792,197.07855,183.72923,194.40326,137.10412,179.94388,129.9306,172.58431,187.49944,152.30381,162.47684,172.85479,165.87442,179.61924,162.90111,163.64283,143.02603,166.32362,150.0473,134.72507,154.83501,156.81595,132.19981,200.82799,167.53846,127.90257,147.98608,121.03825,161.92502,183.54106,198.65284,199.74749,144.97891,183.91677,122.82319,169.1207,153.26979,177.96385,158.9223,184.97212,188.20578,156.62486,178.89341,137.39069,135.74276,201.07044,135.9006,148.63277,155.92091,169.55593,155.52216,175.58194,2
162.66346,131.57962,193.49178,118.965,137.29832,138.06911,202.22535,116.78697,127.53469,145.49176,141.34976,159.89897,170.34082,124.50244,202.30046,160.34357,166.80753,140.97678,135.31426,137.15166,138.29697,132.50537,157.3004,138.57039,201.1947,0.0,167.44385,149.25778,157.52472,148.66465,165.91409,192.35527,161.33509,159.16624,185.87927,207.99238,153.16942,187.94076,142.56263,206.01889,122.01757,116.41438,174.77532,179.2609,187.65936,129.2351,151.40671,159.1748,183.5813,105.51176,148.82801,141.54049,174.411,169.95674,177.80074,131.74859,147.00871,153.91907,176.18733,128.8713,183.36019,129.37053,159.80781,138.06135,165.75511,178.15298,173.84079,171.05074,151.82859,167.998,173.38004,101.97275,134.03435,179.64607,177.54766,205.42192,170.38194,184.87023,125.28757,112.6211,183.95479,124.13199,191.25335,161.85875,157.07588,126.36117,183.46657,118.00227,122.53821,163.98268,139.06704,208.60848,169.713,193.33764,170.63013,162.19394,156.68606,180.42124,163.01835,147.99531,2
154.56716,163.61182,150.20359,149.33321,163.5007,149.01338,135.95145,164.73053,145.26963,162.606,131.58234,161.7788,153.34853,143.68825,156.20283,138.89035,147.6522,128.85341,158.9606,165.45462,135.76844,139.08844,168.41164,131.83158,135.06438,167.44385,0.0,118.22401,134.10682,123.03532,136.12049,141.78852,110.37046,111.95795,143.63789,148.65116,115.16668,121.40341,125.23776,141.98363,152.66077,151.79522,126.39678,112.3207,124.35067,164.58264,161.40544,111.95536,126.83841,162.95224,161.95817,169.65735,114.63051,167.13242,112.45952,142.16236,164.91392,117.67392,139.83599,138.62952,161.86539,150.29549,146.20329,131.87974,112.42286,159.4882,127.04646,122.2693,120.15629,130.09867,122.09436,166.86521,135.27519,113.62136,143.31475,146.28255,151.37983,176.59441,169.35687,167.8418,130.31345,153.5232,135.04926,139.77977,133.003,143.11535,156.34545,150.47731,153.1635,142.21722,153.26601,157.09727,106.36158,193.58747,108.10778,117.17379,123.29,163.3277,125.97757,153.46293,1
147.3596,147.63724,156.61981,131.44389,148.53156,134.57558,153.34437,146.99089,128.85191,149.42874,116.33832,152.51781,149.16538,125.88941,164.26362,133.50237,143.33709,113.55327,143.79304,150.35065,121.57578,123.01395,157.47249,115.03182,152.3657,149.25778,118.22401,0.0,130.09188,110.42562,134.07011,151.03149,114.643,113.03715,148.97601,162.54791,105.14189,138.88167,107.21143,158.16332,135.90716,133.8413,134.27819,130.05158,139.7502,148.22142,149.81333,113.04627,139.53584,144.86705,149.64532,155.07076,127.96596,159.96956,129.43213,125.39461,151.88005,111.73444,143.69852,120.54669,160.43164,133.8272,139.34829,114.80968,120.20944,156.7544,134.12288,128.00501,112.18995,132.75747,129.49635,148.72783,117.60629,131.06512,144.83919,160.01594,147.65844,172.0131,152.33995,149.83287,141.63748,136.31857,146.78981,136.94486,126.89075,125.80688,156.48117,132.60808,136.55827,137.85283,139.07074,167.60021,121.39533,187.61174,122.67407,119.87825,120.13495,160.45576,126.79255,141.6849,1
177.19351,170.15949,183.39774,139.59948,172.83024,160.77366,165.75414,163.68869,130.01224,175.95617,144.11612,181.62434,179.25547,135.2749,189.97667,163.59095,173.42123,122.36352,168.14444,174.30036,120.02509,125.8835,185.5366,141.04616,165.17429,157.52472,134.10682,130.09188,0.0,140.40471,163.77574,175.70629,123.89008,122.86045,176.27726,182.08619,133.79759,152.44659,133.22999,173.69154,136.05245,141.89036,120.57126,144.18922,157.65889,169.80177,177.68979,122.8591,131.02546,152.02546,176.96672,179.53295,128.26675,189.66149,135.25037,149.0414,178.42835,119.24767,118.70476,134.6456,190.32932,156.77688,169.33621,140.35868,122.66141,186.7913,119.20271,154.36507,118.00497,111.66007,154.95227,156.06876,140.59521,137.30308,173.78493,179.83481,177.73006,202.0596,171.64153,164.21485,129.5549,156.84536,169.15256,106.87738,156.97481,132.3005,186.02052,140.24878,135.84566,167.9191,165.16036,191.20378,130.39916,217.38237,129.74365,117.15945,111.11735,190.51474,109.79949,169.79188,2
136.93406,140.58987,149.53868,133.15115,140.53964,126.10755,154.26662,142.8722,133.72534,140.29434,108.70219,142.23918,138.96398,128.32812,157.73074,123.35083,133.18482,121.45437,135.95561,142.47381,129.23301,128.83776,147.55302,110.1782,153.1806,148.66465,123.03532,110.42562,140.40471,0.0,124.75104,145.59855,123.47765,122.36533,141.70847,159.63147,108.75741,140.5345,109.30374,157.41613,139.84718,135.1614,143.83911,132.69182,139.16953,141.62516,140.03788,122.37356,147.90018,145.11764,140.12658,146.80892,135.75387,149.5493,135.42809,119.67694,142.69082,122.10724,153.98026,122.40368,150.60249,127.46399,128.94847,110.61454,129.05702,146.71032,143.83615,122.94224,122.60168,143.03635,125.0697,148.55015,114.63097,136.65647,136.2169,157.05743,137.54632,161.65507,146.65626,146.58281,150.4967,131.14077,143.06574,147.27488,116.81436,129.47925,147.09437,134.31287,140.68577,127.79088,130.46034,162.28364,128.06538,177.18613,129.6541,129.75708,130.55738,150.35516,137.12733,131.90294,1
120.39306,145.39558,127.57776,154.50128,142.11797,130.45768,150.92517,154.64635,157.3944,136.83236,126.88262,129.1898,117.28565,150.72896,136.39733,106.75634,111.8015,146.20337,139.22033,144.07294,153.95711,153.11447,137.48329,130.85779,149.75514,165.91409,136.12049,134.07011,163.77574,124.75104,0.0,128.04037,142.56442,142.47451,120.03588,146.38125,129.97905,141.61716,133.9352,149.64309,162.65018,155.95421,162.1568,138.20016,135.50144,147.57861,132.59349,142.47983,162.71162,163.8207,134.45335,146.08678,150.71038,132.02759,146.84089,134.26936,138.39535,144.59498,174.61795,145.02853,126.61577,137.67037,113.14923,131.69983,147.19434,123.56435,162.61412,116.47807,145.80072,164.00434,118.52648,166.40378,135.09863,146.99588,112.03074,144.00748,115.27045,140.47398,154.24657,159.58783,166.37836,142.97302,130.47525,170.51629,109.13355,152.6426,122.4241,155.55763,163.59474,107.0155,132.44817,143.24821,142.48197,157.56498,144.22435,150.07815,153.08726,127.39783,158.63822,126.86928,1
144.22573,173.4233,111.09964,178.58541,169.97447,158.43402,132.38345,182.32918,179.0249,164.05154,151.30675,153.40828,136.659,173.9171,114.51535,134.72033,134.55326,164.58474,167.23643,171.89179,172.59804,173.65035,162.22818,154.67579,131.42715,192.35527,141.78852,151.03149,175.70629,145.59855,128.04037,0.0,151.82058,152.92037,110.81909,119.22563,145.90039,131.54468,154.35543,126.67996,185.40878,180.44845,166.13578,134.92281,123.06179,175.61874,158.99314,152.92082,162.11168,189.60593,161.25563,173.4891,152.94084,151.96486,146.2635,160.69783,165.31345,157.5815,180.40703,167.99141,135.31526,165.2392,139.63184,155.37196,154.05763,136.71469,167.14475,123.07826,159.68334,171.53227,121.57105,192.60565,159.29854,145.17611,120.20337,117.1973,134.69002,153.06887,182.28029,187.12566,166.49785,170.42551,109.15494,181.55485,135.77962,175.02241,128.37461,179.72895,186.22391,133.15463,160.47927,116.69606,146.72717,170.32364,148.00683,158.95786,164.67297,139.4868,167.75184,154.40365,1
159.08006,162.27856,159.73448,142.58689,163.11604,149.01588,145.07151,161.01743,137.03905,163.63755,130.77201,165.28331,159.27291,136.92628,166.12403,143.96025,153.42105,120.837,158.39202,164.95399,126.72604,130.84422,170.97719,129.67401,144.28439,161.33509,110.37046,114.643,123.89008,123.47765,142.56442,151.82058,0.0,102.20213,152.81931,158.96507,114.77315,130.75449,121.5953,151.81136,144.50682,145.13052,120.47703,121.79682,134.58762,162.83559,163.509,102.19436,124.89466,156.45928,163.59063,169.61405,113.53014,171.80683,116.63954,140.00834,166.06067,108.1447,132.05853,132.65041,169.04194,148.45283,150.7523,129.43367,105.62104,166.11572,120.61778,130.96787,110.66082,121.49196,131.30307,160.51735,131.99498,118.61281,151.30725,156.61575,157.47571,182.58075,166.79575,163.45952,127.12835,150.76519,145.35841,129.84083,137.51806,135.72223,164.0483,143.66767,144.88449,147.845,153.48328,167.3699,108.85152,199.01881,109.41037,107.62582,112.94563,169.94046,116.50222,155.37745,1
158.45477,160.5926,160.55471,140.40009,161.56845,147.5748,147.10885,159.03849,134.84903,162.31951,129.31988,164.4246,158.97328,134.7427,167.13533,143.53347,153.10648,118.63489,156.82827,163.38444,124.59084,128.65144,169.91835,128.01545,146.30556,159.16624,111.95795,113.03715,122.86045,122.36533,142.47451,152.92037,102.20213,0.0,153.50801,160.60677,113.81412,132.73377,119.80721,153.70613,142.31665,142.94537,121.47908,123.72399,136.29668,161.09112,162.38285,100.00935,126.5892,154.27568,162.3783,168.1053,115.53607,171.17964,118.84161,138.27884,164.75619,106.01948,132.33109,130.51824,169.04025,146.73261,150.17015,127.73337,107.24635,165.973,121.47879,131.59979,108.54988,121.56354,132.10281,158.33804,130.15536,120.81374,151.59627,158.23158,157.22471,182.23876,164.93945,161.41213,128.60033,148.91608,146.7043,129.05726,137.01857,133.52176,164.21016,141.4781,142.70008,147.524,152.05995,168.65087,111.02504,198.51804,111.61249,107.68073,111.76613,169.78421,116.20456,154.24346,1
133.82348,164.59997,107.85333,173.64702,160.74979,150.21546,142.01886,174.5907,175.40423,154.32105,145.90193,142.91911,125.95947,169.44476,116.45636,126.22474,124.33661,162.28532,158.38663,162.60291,170.31481,170.50842,151.74315,149.64499,140.97813,185.87927,143.63789,148.97601,176.27726,141.70847,120.03588,110.81909,152.81931,153.50801,0.0,129.90341,144.04839,138.4681,150.93176,137.21517,181.25069,175.27813,169.5023,139.62292,130.1763,166.92367,148.94863,153.51034,166.98666,183.62448,151.34362,163.80513,156.56697,141.15252,150.62849,154.1632,155.41635,157.33835,183.37856,163.58206,124.94338,157.67782,130.02221,150.42784,156.0364,125.9723,170.33529,121.91482,159.14395,173.71537,121.57996,186.31982,154.13109,149.93225,109.88668,127.97253,124.05232,142.68072,173.70435,179.57747,171.22271,162.99515,118.17088,182.56449,128.82308,170.98473,117.97475,174.74642,182.14036,123.81025,151.75569,123.43733,149.37232,160.12675,150.87978,160.33894,165.16524,128.88166,169.26326,144.98842,1
163.44041,191.60662,127.32034,192.62455,188.49758,176.24817,122.43479,199.43702,191.38955,182.94597,166.65912,172.6313,155.84714,187.49713,123.85856,153.13742,153.7422,175.69169,185.48324,190.45418,183.36422,185.54086,181.44938,169.50565,122.06879,207.99238,148.65116,162.54791,182.08619,159.63147,146.38125,119.22563,158.96507,160.60677,129.90341,0.0,157.5312,130.49288,167.37145,112.98837,198.32132,194.72986,168.17936,137.9407,124.44325,193.67855,178.0709,160.60433,161.47339,204.70205,180.26182,192.32627,155.50839,170.9862,148.14082,176.91576,184.30185,166.17543,182.45013,181.66025,153.32409,182.37442,158.57752,170.08143,159.43204,155.36529,169.45316,136.94227,168.58052,175.40475,134.63064,208.01951,174.11483,146.41581,139.42864,102.57429,153.9003,170.84216,200.19165,203.99424,165.87377,187.36161,116.78883,186.97996,153.14333,188.03108,146.57978,193.7975,199.02225,152.0392,178.6805,116.26307,151.68869,187.55973,152.43368,164.94195,171.71926,157.82067,172.97448,173.14433,2
144.75005,148.7616,151.63988,135.8704,149.05146,134.71133,149.08782,149.59172,133.86413,149.04363,116.72054,150.61069,145.77056,130.43068,159.19821,130.15943,139.90154,118.68852,144.40483,150.95427,126.69841,128.10081,156.20416,116.6689,148.0741,153.16942,115.16668,105.14189,133.79759,108.75741,129.97905,145.90039,114.77315,113.81412,144.04839,157.5312,0.0,134.77343,110.61158,153.49796,140.81979,138.1919,135.21245,126.20735,135.04667,149.60962,148.74626,113.82183,139.16009,149.00534,148.87694,155.40937,127.06584,157.46161,127.24436,127.03502,151.44447,114.67415,145.907,124.85098,156.54142,135.25478,136.52541,116.7148,120.3229,153.10328,135.27267,122.89603,115.82966,135.00861,124.35715,152.76222,120.18537,128.64591,140.31239,154.9909,144.13837,168.88826,154.23287,152.81007,141.74073,138.36319,141.67959,140.55486,123.55804,130.608,152.2749,137.04465,141.50206,134.34157,139.11379,162.46026,119.58257,184.91262,121.10261,121.3851,123.22456,156.86305,129.27183,140.61978,1
162.00972,179.7886,142.34692,170.31761,178.48638,164.24364,114.55704,183.40587,166.66241,175.63692,149.11527,170.67395,157.72373,164.73144,145.32054,147.01687,153.02403,150.25408,174.3791,180.5153,157.0951,160.48787,178.64178,150.51008,113.66126,187.94076,121.40341,138.88167,152.44659,140.5345,141.61716,131.54468,130.75449,132.73377,138.4681,130.49288,134.77343,0.0,145.37819,121.27536,174.03669,172.7229,137.69218,109.0904,108.49495,181.21488,172.81041,132.72894,131.56108,183.70557,174.09532,183.9387,125.08669,173.30548,117.70569,160.16491,177.65598,138.71072,151.99443,159.41775,162.09624,167.58216,154.41184,150.77927,129.9381,161.4781,138.96057,125.29343,141.23858,145.02683,123.0958,187.50889,154.58316,115.92885,143.01014,128.54964,155.53288,179.14471,186.76753,187.05543,136.00483,171.6012,122.51993,156.89048,143.22629,164.3659,155.4191,171.47841,174.55311,148.63098,167.95763,142.85006,122.4124,196.78967,122.77765,135.55996,142.73125,165.05298,143.00561,165.68738,1
144.27297,140.83055,158.74384,125.43051,142.08421,128.57217,159.69707,139.77957,124.68103,143.69344,110.92772,148.39437,147.31608,120.14302,166.83747,131.94345,141.6688,112.49661,137.31604,143.83668,120.03506,119.5767,152.54435,108.46822,158.68026,142.56263,125.23776,107.21143,133.22999,109.30374,133.9352,154.35543,121.5953,119.80721,150.93176,167.37145,110.61158,145.37819,0.0,163.94358,131.14816,127.68988,140.47624,136.74306,145.4909,141.28615,144.74503,119.81653,146.39574,138.4068,144.2715,148.7119,135.04955,156.56993,136.63859,118.49022,146.16861,117.10725,148.66098,114.39007,159.37958,126.94507,136.7527,108.04377,127.05207,155.26934,140.17032,131.38086,116.62306,137.84749,133.26914,142.15125,110.42968,138.25506,145.50432,164.80929,146.06024,169.4527,145.21862,142.66132,148.26762,129.18756,151.11848,140.07148,125.61639,120.76935,156.16773,126.60791,131.92522,136.45503,133.07711,171.04874,128.60673,184.29858,129.8763,125.97332,124.66241,158.8183,131.7834,136.72836,1
