Vértice_1,Vértice_2,Vértice_3,Vértice_4,Vértice_5,Vértice_6,Vértice_7,Vértice_8,Vértice_9,Vértice_10,Vértice_11,Vértice_12,Vértice_13,Vértice_14,Vértice_15,Vértice_16,Vértice_17,Vértice_18,Vértice_19,Vértice_20,Vértice_21,Vértice_22,Vértice_23,Vértice_24,Vértice_25,Vértice_26,Vértice_27,Vértice_28,Vértice_29,Vértice_30,Vértice_31,Vértice_32,Vértice_33,Vértice_34,Vértice_35,Vértice_36,Vértice_37,Vértice_38,Vértice_39,Vértice_40,Vértice_41,Vértice_42,Vértice_43,Vértice_44,Vértice_45,Vértice_46,Vértice_47,Vértice_48,Vértice_49,Vértice_50,Vértice_51,Vértice_52,Vértice_53,Vértice_54,Vértice_55,Vértice_56,Vértice_57,Vértice_58,Vértice_59,Vértice_60,Vértice_61,Vértice_62,Vértice_63,Vértice_64,Vértice_65,Vértice_66,Vértice_67,Vértice_68,Vértice_69,Vértice_70,Vértice_71,Vértice_72,Vértice_73,Vértice_74,Vértice_75,Vértice_76,Vértice_77,Vértice_78,Vértice_79,Vértice_80,Vértice_81,Vértice_82,Vértice_83,Vértice_84,Vértice_85,Vértice_86,Vértice_87,Vértice_88,Vértice_89,Vértice_90,Vértice_91,Vértice_92,Vértice_93,Vértice_94,Vértice_95,Vértice_96,Vértice_97,Vértice_98,Vértice_99,Vértice_100,Conjuntos
0.0,151.02409,146.15629,135.32708,121.83351,143.73866,137.97891,131.47814,131.33626,150.12326,156.98617,121.31405,147.46326,112.41664,139.9348,146.9095,133.13388,120.47284,149.12429,131.53322,129.73397,167.98625,126.55233,147.33033,112.69911,136.20775,150.14308,171.59135,133.37316,145.39585,157.09811,152.87645,108.41841,157.0983,153.84639,140.78617,161.99177,120.73889,141.99156,123.39733,111.12228,158.99515,149.40349,104.50542,137.06642,119.71449,144.94395,125.70623,144.45941,137.4259,143.51745,160.84663,149.4131,144.08784,118.90478,140.69399,116.06728,143.69625,172.40151,178.24855,157.64444,161.07609,146.55653,163.82704,115.56768,112.05786,124.61304,154.5454,135.372,166.18842,132.21874,156.3885,157.79051,130.20693,135.7738,164.18859,148.61478,143.30982,104.02904,114.81786,170.40162,169.91362,100.93531,148.22891,143.42942,172.86182,160.56127,161.37613,167.26075,148.09609,140.87254,116.8952,142.66182,164.98244,158.76173,155.64147,125.70237,122.48225,130.86352,130.6451,1
151.02409,0.0,113.36103,134.31965,172.85739,127.2694,117.58245,158.0829,177.22579,157.10313,164.65236,141.77637,175.01098,151.09544,134.24097,138.84504,155.26168,139.40786,155.42894,180.78779,162.36675,150.35465,167.12147,153.68985,160.26766,138.62014,179.95136,195.27212,182.37405,196.4062,188.51827,194.43085,142.90161,188.14772,116.6352,132.16068,148.54855,159.59686,177.06265,128.10199,140.73953,145.87873,155.87699,148.31636,187.93693,139.25962,121.76574,157.63375,194.81877,134.09822,128.77254,170.68384,154.36068,182.83111,165.04026,115.96624,140.41403,171.27446,200.32896,138.60956,154.00363,139.68804,177.96112,179.84463,135.7401,151.55863,173.6014,116.0117,151.82574,146.38333,171.61209,136.29681,171.22814,181.06726,145.05511,155.45245,198.40288,107.90106,155.01772,159.65753,199.47965,188.85998,150.22368,106.23442,163.38689,144.21632,192.31693,191.3021,154.23566,198.65897,124.37823,167.91521,125.43075,192.40802,178.62115,174.8719,172.60487,172.89322,158.15112,167.95628,2
146.15629,113.36103,0.0,121.97917,167.52097,135.93414,108.19152,160.54203,168.56718,164.15842,172.09172,142.84167,178.46733,143.20387,141.30331,125.48427,158.52512,140.06739,162.49371,173.35192,163.70281,161.84997,157.648,140.49233,157.20176,144.30946,183.06397,200.43244,174.75638,190.98227,191.52534,194.57847,138.97994,191.2411,129.1224,139.60847,159.21046,150.41716,178.65028,123.03389,137.53608,156.29345,162.94265,144.49511,181.7683,130.48293,108.40479,147.30906,187.86873,121.40529,137.27408,177.99469,161.63711,183.58194,162.70963,123.14943,132.6208,174.52099,204.57498,151.96156,163.10744,151.21957,180.57299,186.23541,130.69991,149.78795,170.30833,128.70955,156.07741,158.0388,171.71977,147.30741,177.78774,176.21904,132.63949,165.64929,194.73078,113.37896,149.8993,151.86542,203.40948,194.92555,145.25864,107.12946,167.95226,157.01706,195.34958,194.7891,165.14223,194.20413,132.14703,162.71991,133.82895,196.56812,184.09303,180.31424,164.48955,168.63434,146.97841,168.45354,2
135.32708,134.31965,121.97917,0.0,153.61241,148.28466,117.14645,160.11609,149.58267,170.86405,178.89502,142.8242,178.21294,127.24385,150.56678,111.9917,159.62164,140.02747,169.34608,155.9212,161.11777,176.39642,137.92766,120.7653,147.9775,151.09298,181.96578,201.98204,157.01593,175.88743,189.81764,188.03718,131.4145,189.69029,147.45856,149.69168,172.33829,131.48322,175.29874,120.45306,131.66615,169.16378,169.76052,135.85708,165.8834,115.63272,115.16475,126.8367,170.67679,102.10273,149.1875,184.24295,168.90426,178.56127,154.14709,136.8571,119.26167,174.18089,204.41746,172.27898,173.2987,166.36521,178.79114,190.49081,123.8267,143.78166,159.52857,147.40602,159.03587,173.06708,166.41876,161.80748,182.76598,162.58778,110.74108,177.59684,182.14563,130.5025,138.04104,135.09969,202.75896,198.24453,134.41021,128.3979,170.27512,174.59518,193.51344,193.73529,178.4158,180.44896,144.05908,149.38365,146.20091,196.56952,186.8879,183.26281,146.42536,156.39638,125.50356,164.05625,1
121.83351,172.85739,167.52097,153.61241,0.0,163.23553,159.33293,139.4293,121.11504,161.41566,166.53088,138.58271,148.8757,126.39343,157.96527,163.993,142.94178,139.00364,160.92015,114.86071,134.37851,184.22566,125.98439,159.71683,116.26574,153.08565,149.33903,170.77255,116.76158,123.57938,153.67104,141.92817,130.06446,153.93116,174.89004,159.30817,177.83638,126.26327,139.47452,145.11424,132.50056,175.16247,161.06646,124.89915,115.64188,138.59218,165.39711,133.45103,123.84382,155.66969,162.72844,168.74199,161.66165,137.70306,116.95855,161.99777,135.53798,146.18667,168.93758,198.42716,171.24573,178.95549,145.54656,168.30066,137.29311,125.65211,111.61877,175.66751,147.11847,183.15534,129.52678,174.55804,164.61611,108.97663,150.56369,178.3943,128.60906,165.13072,117.85495,119.6053,166.46646,171.9382,122.64377,169.97635,150.5425,191.23837,156.28364,158.21532,182.33718,126.95601,160.96981,104.9532,162.51277,162.86265,162.14869,159.9977,116.79937,106.11447,138.87313,130.80417,1
143.73866,127.2694,135.93414,148.28466,163.23553,0.0,133.45063,135.72411,174.81613,129.96673,137.39682,124.93866,150.33783,150.37112,108.06418,157.58901,131.96501,124.23222,128.30384,175.10099,141.36411,128.1996,167.81395,168.94895,147.55981,113.81046,155.50692,168.74901,176.98713,185.18747,163.95894,173.3754,135.84679,163.50372,115.75351,105.78052,124.12784,160.48554,154.67625,130.2,132.96411,121.00019,128.74745,139.49783,178.83524,143.46106,142.67186,161.77927,187.02195,149.23123,101.52781,143.43366,127.17469,161.36863,150.24809,112.79811,142.17404,146.98593,174.4069,135.29893,127.2044,118.75311,154.18039,152.80099,133.6836,137.82578,159.75167,116.88937,127.4439,125.11707,151.81991,113.95507,144.17023,169.67696,157.36338,129.96341,183.59981,122.69156,147.43701,157.19221,173.82862,161.90116,143.3247,130.79304,137.93486,129.45245,167.64522,166.18585,130.20738,185.3535,104.2257,158.54405,102.14958,166.65501,152.06326,148.38261,169.2924,161.03153,164.64948,147.81729,1
137.97891,117.58245,108.19152,117.14645,159.33293,133.45063,0.0,153.925,160.90134,159.70817,167.75644,136.01939,172.05982,135.24991,137.483,124.33751,152.26038,133.16919,158.07758,165.38603,156.64903,160.89876,150.26045,137.46135,149.1566,139.5679,176.4868,194.6226,166.82919,182.80557,184.85706,187.01189,130.91589,184.60683,130.44029,136.10928,157.48038,142.88451,171.56256,115.01002,129.60142,154.40343,158.51921,136.40989,173.6361,122.68447,109.92549,140.32784,179.83769,117.31576,134.5973,173.51083,157.36391,176.21543,154.75141,121.01803,124.58694,168.06236,198.33542,155.13468,160.02958,150.52525,173.82484,181.14582,122.56716,142.01428,162.20307,130.33223,150.29365,157.33253,164.23928,146.19697,172.87076,168.02758,127.76501,163.39328,186.5703,113.42309,141.7102,143.92293,197.04355,189.59789,137.07843,112.23365,162.13275,157.92206,188.67121,188.28767,163.53642,186.01452,129.32821,154.52873,131.30197,190.33226,178.54427,174.78385,156.65815,160.46013,140.60263,161.10141,1
131.47814,158.0829,160.54203,160.11609,139.4293,135.72411,153.925,0.0,158.21729,122.15386,127.18904,117.94535,118.25364,143.74267,127.87891,172.03432,104.32847,120.82741,121.85842,154.12703,106.40104,147.61932,156.9458,176.58046,124.42045,121.96036,122.56327,141.88152,156.07439,156.13798,130.98464,137.65163,129.98365,130.70924,151.22533,130.06277,141.10802,152.01774,119.16403,140.70001,128.84316,139.01253,121.94352,127.91003,152.9323,146.6462,163.53891,157.16882,161.71916,161.9823,134.48994,130.03351,122.79386,125.64943,122.53777,142.4311,143.19066,114.21695,144.60751,168.76182,132.79505,145.18924,120.06245,132.3644,136.36153,119.42052,130.87515,152.31951,109.5162,147.56899,116.94352,141.80492,126.52853,142.24059,164.2487,140.1025,151.05802,150.7995,132.54429,145.32806,143.18434,138.88333,131.91283,158.73115,112.033,157.52176,134.80825,134.36688,144.60382,154.11652,136.01098,136.36617,136.30424,136.65178,127.55414,124.26213,152.68376,134.62167,162.22154,112.97066,1
131.33626,177.22579,168.56718,149.58267,121.11504,174.81613,160.90134,158.21729,0.0,179.36312,185.3188,152.41937,169.61234,126.20235,171.27102,157.11392,161.13885,151.78793,178.61391,109.55346,154.01012,199.22296,111.93049,148.01912,133.79685,167.41593,170.3464,191.86534,109.35291,131.4996,174.78206,162.0542,138.96983,175.04522,183.45925,172.09966,193.13628,118.24774,160.5291,149.62198,141.8522,190.19228,178.82853,135.79248,121.33337,138.22481,163.99596,123.2358,122.52173,151.31202,174.69076,188.17128,179.13394,158.76067,136.82268,170.13226,136.8146,166.69281,190.01441,208.61147,188.05996,192.40301,166.54042,188.68439,142.86123,140.89609,132.72334,184.00816,164.56788,197.50654,150.44536,187.69988,184.34183,125.77464,142.62686,194.87903,142.69543,170.2929,128.08881,117.97414,187.52252,192.78574,131.62499,172.9061,169.94705,204.10815,177.35678,179.32527,198.24019,138.49152,171.69058,122.31701,173.59442,183.97681,182.69848,180.32051,105.71069,127.22707,126.89279,151.33561,2
150.12326,157.10313,164.15842,170.86405,161.41566,129.96673,159.70817,122.15386,179.36312,0.0,108.07625,130.18644,125.72808,161.37057,123.02202,181.963,118.47664,132.38046,101.67778,175.96298,128.04244,127.98654,176.61089,189.97052,145.83967,120.15811,130.72242,139.30083,177.92458,177.96892,138.15167,153.06408,145.78968,137.56415,144.67548,124.98151,121.90382,170.74989,134.44108,150.43048,143.61915,120.95596,101.22769,145.85229,175.08325,160.49872,169.58588,174.79665,183.87034,172.3671,128.4408,113.84093,102.8875,141.80985,144.63216,141.6543,157.6818,123.9744,145.76245,154.4546,111.66244,129.36624,131.0467,122.851,149.26544,138.75642,152.99549,145.81815,114.85392,129.18534,137.35609,127.90591,114.22585,164.37203,177.53218,118.77382,171.74252,151.64861,152.20508,164.83354,145.62393,131.99241,150.288,160.01145,114.0075,140.31868,141.38917,139.18476,123.77422,175.36191,132.7741,158.06764,131.69191,138.47926,122.83302,119.43053,173.71268,156.75766,179.25678,133.85736,1
156.98617,164.65236,172.09172,178.89502,166.53088,137.39682,167.75644,127.18904,185.3188,108.07625,0.0,137.75057,125.13983,168.56236,130.8364,190.02922,124.23503,140.08026,109.68187,181.28692,132.29907,129.92235,183.28904,197.87804,151.54757,128.22581,129.48385,133.52863,183.22788,181.40259,135.70694,152.87007,153.19137,135.06063,151.51546,132.69479,124.79433,177.7103,135.36458,158.45087,151.14624,124.85664,109.24344,152.84513,179.43211,168.27522,177.62317,182.05014,188.19035,180.4131,135.88526,106.04165,110.45461,142.49753,149.57923,149.41752,165.37023,124.64582,140.78676,158.60944,114.06169,133.83283,130.79041,116.25095,157.0664,145.28813,157.2783,152.641,121.68238,132.08934,140.31824,133.34338,108.26284,168.61841,185.42309,119.42197,174.01272,159.44776,158.77729,171.52797,141.05903,125.40295,157.22255,167.78288,116.3731,143.4144,138.47815,135.82631,124.67839,178.09543,140.4515,163.55519,139.22843,134.1583,118.08435,115.49234,179.73789,161.48608,186.64913,137.28701,1
121.31405,141.77637,142.84167,142.8242,138.58271,124.93866,136.01939,117.94535,152.41937,130.18644,137.75057,0.0,136.17169,131.47482,119.41749,154.59799,116.83679,102.88938,128.9525,151.29227,120.92647,146.81062,147.65245,160.58422,122.66085,115.01084,140.48552,159.39363,153.23318,160.24882,148.83767,152.66876,115.686,148.58938,138.35301,120.72814,140.72702,141.21315,135.85952,122.906,113.43275,137.77298,129.29178,116.81169,154.08531,130.6843,145.59543,144.75684,162.42633,144.59631,124.28797,142.48172,128.99166,141.18219,125.45062,127.10397,127.65169,132.14574,162.51903,160.23444,136.53662,140.54987,137.8117,147.79855,119.63169,112.96489,134.89635,139.30659,116.53046,145.22409,129.83757,136.04791,140.39594,144.74938,148.11037,142.92632,159.10853,134.10628,124.33087,136.04696,161.12723,155.42115,121.23288,141.61058,127.4521,152.72026,152.65208,152.30527,145.94772,160.56367,123.30596,134.05349,124.51496,154.54236,144.06451,140.44159,146.72498,136.10742,149.09571,126.19797,1
147.46326,175.01098,178.46733,178.21294,148.8757,150.33783,172.05982,118.25364,169.61234,125.72808,125.13983,136.17169,0.0,159.87056,142.28704,190.16579,119.96587,139.05919,126.64916,163.54412,117.75796,153.60634,170.80428,194.00386,137.43664,136.88333,105.22458,124.17503,165.34414,159.03047,113.63092,127.7591,147.50712,113.20114,166.07991,144.57436,147.62564,167.0121,111.06525,158.95122,146.69227,146.61311,126.40981,144.5834,159.0389,164.31246,181.73528,172.89471,167.48226,180.10972,148.91038,123.97258,128.09412,117.62398,132.98748,159.0889,160.74631,104.04217,126.35425,179.65105,137.14096,154.68565,105.6611,119.90139,154.39753,135.84102,137.84418,167.2207,123.24749,154.91268,119.43468,152.53879,119.08956,148.39525,181.82452,143.7816,150.04873,168.07776,147.54581,159.80414,124.98375,123.22027,148.07024,176.21923,112.71479,166.00666,117.36705,116.35543,148.99498,154.66532,151.61657,147.36111,151.40867,118.40383,113.46807,112.19395,164.54997,142.99344,178.22503,118.32845,1
112.41664,151.09544,143.20387,127.24385,126.39343,150.37112,135.24991,143.74267,126.20235,161.37057,168.56236,131.47482,159.87056,0.0,148.2021,137.7145,145.12111,129.84585,160.24423,130.149,142.14939,176.67946,117.47493,135.66683,123.92947,145.50926,162.4684,183.98252,131.57943,148.82047,169.2479,163.54765,115.86024,169.27507,157.58882,148.58172,171.05225,110.14515,154.08662,123.43676,118.46616,167.92922,160.55756,115.89611,139.05021,112.84597,139.81104,113.51619,144.6999,129.28951,150.48805,172.70913,160.38263,155.64005,129.9752,144.30546,110.73118,156.11227,184.62907,183.00176,167.92471,168.72515,158.84389,176.10645,117.06587,124.36435,133.34202,158.07917,146.88138,174.42615,144.07912,163.91433,169.8516,135.362,124.92834,174.06971,154.9784,144.09218,112.97086,108.67317,182.5748,182.31164,111.86993,146.99798,155.60685,179.81488,172.63957,173.58033,176.64794,153.20664,146.85728,122.33381,148.89876,177.28945,171.13179,167.96884,121.52612,129.58733,118.48518,142.81842,1
139.9348,134.24097,141.30331,150.56678,157.96527,108.06418,137.483,127.87891,171.27102,123.02202,130.8364,119.41749,142.28704,148.2021,0.0,160.83671,124.00962,119.529,121.34488,170.63965,133.70047,128.47951,165.34386,170.77815,141.89735,105.93648,147.44971,161.14666,172.57018,179.14495,155.91245,165.49644,132.75101,155.46207,123.81747,102.28752,123.03907,158.32526,146.70654,130.92,129.93245,119.85601,121.79545,135.49118,173.40145,143.25631,147.19596,160.53062,181.8059,151.79042,106.69212,136.79524,120.39535,153.48033,143.91109,118.63414,141.33501,138.92194,166.57727,141.73844,122.77622,121.20004,146.11961,145.62744,132.52819,132.31381,153.43999,124.95237,119.39755,126.33159,144.26472,116.63498,137.02694,163.80711,158.70786,127.24982,176.75904,128.63074,143.32777,154.17192,165.93141,154.62032,139.67048,136.98961,129.94047,133.30288,159.60849,158.19085,128.88514,178.82499,109.87005,153.46892,109.20539,158.77323,144.46458,140.7408,165.62769,155.21,163.98981,140.24059,1
146.9095,138.84504,125.48427,111.9917,163.993,157.58901,124.33751,172.03432,157.11392,181.963,190.02922,154.59799,190.16579,137.7145,160.83671,0.0,171.4275,151.76834,180.40438,164.49298,173.10803,185.23093,145.18457,115.99975,159.60528,161.95669,193.94866,213.87482,165.34714,185.41466,201.80933,199.75606,143.37936,201.6816,154.0814,159.72253,181.69766,139.87595,187.27605,131.8942,143.65718,178.58749,180.82895,147.70804,175.16588,127.23138,117.08058,133.89042,179.1117,110.05607,158.65537,195.50903,179.87476,190.45285,165.80293,145.33935,130.93576,186.1306,216.39265,177.44091,183.60186,174.85923,190.78171,202.08989,135.80366,155.74029,170.72542,153.80201,170.63792,181.66924,178.32696,170.53007,194.23308,172.91237,114.48766,187.40568,192.60055,137.25993,149.36382,144.77587,214.74426,209.97709,146.00942,132.61169,182.01834,181.89531,205.50465,205.72333,187.76857,190.49908,153.40566,160.04814,155.45037,208.53412,198.64449,194.99202,154.82323,167.26663,130.74754,176.01708,2
133.13388,155.26168,158.52512,159.62164,142.94178,131.96501,152.26038,104.32847,161.13885,118.47664,124.23503,116.83679,119.96587,145.12111,124.00962,171.4275,0.0,119.6928,118.00741,157.49732,110.72683,143.33904,159.1702,176.85997,127.44739,118.15456,124.73949,142.59498,159.45707,160.28669,133.29573,141.51347,130.54724,132.95059,147.59754,126.23762,136.82417,153.85369,122.71127,139.72048,129.03407,134.6978,118.13691,129.23043,156.80219,146.84501,162.02287,158.6291,165.58204,161.41475,130.67638,127.72703,118.83572,129.49644,126.21385,139.43479,143.53756,116.08623,146.09261,164.56166,128.72563,140.8769,122.72895,131.42025,136.1403,121.20969,134.85683,148.70754,105.1949,143.24802,121.25374,137.53913,124.73392,146.183,164.43478,136.01473,155.37822,148.18779,134.6515,147.44315,144.88455,138.67982,133.46295,156.28131,110.80026,153.19853,137.10942,136.31765,140.42676,158.39303,132.54528,139.62051,132.68077,138.0853,127.29838,123.74176,155.53413,138.37197,163.50626,117.29386,1
120.47284,139.40786,140.06739,140.02747,139.00364,124.23222,133.16919,120.82741,151.78793,132.38046,140.08026,102.88938,139.05919,129.84585,119.529,151.76834,119.6928,0.0,131.07774,151.18851,123.64337,147.53443,146.42454,158.00531,123.46642,115.8342,143.35721,162.26707,153.10739,161.17187,151.6933,155.14583,113.98764,151.45036,136.87037,120.55657,141.61011,139.75789,138.59024,120.0321,111.4698,138.57527,131.43544,115.99607,154.60561,128.21006,142.71959,142.94283,162.80141,141.78094,123.74614,144.95397,131.01902,143.7668,126.84214,125.1259,125.30521,135.03205,165.40756,159.46868,138.0935,140.72356,140.65566,150.51926,117.05342,113.74788,136.14708,137.78014,119.14364,145.71995,132.25697,136.10303,143.01076,145.59532,145.52822,144.25015,160.61965,131.66212,123.79965,134.97353,164.01117,158.22266,120.26978,139.01601,130.25536,152.70385,155.50509,155.18117,147.01454,161.83285,122.16007,134.33067,123.57162,157.43152,146.87823,143.23868,146.12766,136.95363,147.10932,128.71142,1
149.12429,155.42894,162.49371,169.34608,160.92015,128.30384,158.07758,121.85842,178.61391,101.67778,109.68187,128.9525,126.64916,160.24423,121.34488,180.40438,118.00741,131.07774,0.0,175.39251,127.90194,127.33439,175.64643,188.53291,145.21079,118.54587,131.71166,140.86565,177.35772,177.87019,139.29453,153.77514,144.59893,138.71825,143.0674,123.30418,121.11802,169.69724,135.01213,148.92507,142.37937,119.96441,100.4506,144.81468,174.76667,159.13518,167.94928,173.63955,183.55141,170.83456,126.77736,115.50147,101.4615,142.3893,144.21999,139.97681,156.36056,124.68722,147.23197,153.26263,111.27361,128.18885,131.86421,124.50341,147.89537,137.89191,152.73352,144.21156,114.04609,128.32314,137.47139,126.5496,115.87439,164.09627,176.10564,118.53156,171.91575,149.97227,151.29933,163.87325,147.04346,133.63309,149.26417,158.33443,114.58201,139.35972,142.59123,140.45822,123.38708,175.42724,131.09705,157.47586,130.02097,139.88278,124.34281,120.88313,172.94829,156.37293,178.04651,133.88231,1
131.53322,180.78779,173.35192,155.9212,114.86071,175.10099,165.38603,154.12703,109.55346,175.96298,181.28692,151.29227,163.54412,130.149,170.63965,164.49298,157.49732,151.18851,175.39251,0.0,149.21592,197.79231,120.09636,156.63599,130.23449,166.19933,163.72157,184.84997,101.97129,122.157,167.44613,153.46891,139.83958,167.76251,185.25261,171.74502,191.50521,124.65096,153.79534,152.71758,142.62897,188.71025,175.55956,135.62084,111.84204,142.92178,169.63061,130.84647,114.75639,157.79331,174.78271,183.58854,176.06816,151.22814,131.77419,172.00243,140.80922,160.96608,182.40908,209.78072,185.4641,191.8245,159.96648,183.08906,145.32442,138.7919,125.78258,185.91007,161.45882,196.44513,144.12222,187.26359,179.47637,117.06533,150.11388,192.51741,133.14892,173.45471,127.69545,121.48891,179.84801,186.47566,132.07419,177.00656,165.3747,203.88981,169.77845,171.95895,196.25714,128.96898,172.37027,117.92962,174.11574,176.76854,176.88795,174.8086,109.67747,120.55336,135.21383,145.60965,1
129.73397,162.36675,163.70281,161.11777,134.37851,141.36411,156.64903,106.40104,154.01012,128.04244,132.29907,120.92647,117.75796,142.14939,133.70047,173.10803,110.72683,123.64337,127.90194,149.21592,0.0,153.9939,153.85978,176.3231,120.54989,127.76515,120.91783,141.92788,151.1336,149.96898,128.72377,132.32754,129.99687,128.57922,156.62682,135.81763,147.48645,149.59241,114.94774,142.64618,129.45228,145.41116,127.94804,126.83905,147.21023,146.7958,165.97554,155.27517,155.98846,163.07341,140.20403,134.37571,128.92265,120.50592,117.44628,147.05542,143.17931,113.96361,143.4087,174.93128,138.98858,151.54459,117.67404,134.97409,137.32859,118.10212,125.05558,157.69602,115.9024,153.96972,110.65512,148.08737,130.36242,136.4321,164.21598,146.30128,144.65827,154.84664,130.02531,142.54207,141.66451,140.32924,130.32502,162.50284,116.16463,163.89794,132.45793,132.62518,150.88561,147.76389,141.28537,131.80011,141.77239,135.69687,129.40288,126.60918,148.62929,129.19409,160.55205,106.63574,1
167.98625,150.35465,161.84997,176.39642,184.22566,128.1996,160.89876,147.61932,199.22296,127.98654,129.92235,146.81062,153.60634,176.67946,128.47951,185.23093,143.33904,147.53443,127.33439,197.79231,153.9939,0.0,193.76603,197.1077,167.9664,131.80703,158.46738,162.54158,199.75334,203.43765,165.38206,181.0505,161.14556,164.75446,133.87502,128.27901,106.5176,186.79721,162.34651,158.23235,158.35766,109.08222,127.48395,163.49004,199.10601,171.22174,169.44328,188.93668,207.77766,177.26053,127.47226,134.42794,125.98928,169.72369,168.53085,139.89404,169.57249,151.95845,170.32056,130.18754,116.47325,110.67626,159.00805,145.1149,160.82497,159.00044,177.72331,134.68538,138.30541,104.10717,164.18742,114.70194,138.09547,188.829,185.56208,110.69717,198.60224,148.59984,171.13823,182.47192,170.79706,153.67154,167.80359,155.54338,141.91122,114.01549,168.31092,165.73052,105.88832,201.7314,132.40446,180.10716,130.23333,164.01342,147.96877,145.37993,193.53291,180.55616,192.22404,160.38755,2
126.55233,167.12147,157.648,137.92766,125.98439,167.81395,150.26045,156.9458,111.93049,176.61089,183.28904,147.65245,170.80428,117.47493,165.34386,145.18457,159.1702,146.42454,175.64643,120.09636,153.85978,193.76603,0.0,136.53975,133.41256,162.25222,172.38891,194.19572,120.57987,142.12812,177.92217,167.84285,132.62158,178.088,174.82115,165.84515,187.98525,107.61669,162.99358,140.36837,135.4143,184.90793,175.91779,130.9622,131.70132,127.8645,152.6003,111.32242,134.22294,139.59,167.89736,186.84527,175.95761,162.597,138.06442,161.60209,127.17415,167.44595,193.41656,200.33888,184.13911,186.07176,168.59068,188.80351,134.49628,138.00208,136.91067,175.26291,161.80059,191.65018,152.63503,181.27396,183.47416,133.22121,130.69714,190.57411,151.98993,160.58805,124.52106,111.77775,191.08398,193.94415,126.49257,162.42946,168.97063,197.2648,180.88483,182.4423,193.43889,148.48536,164.32912,124.7932,166.364,186.7463,183.23634,180.45578,110.77413,131.62997,115.14874,152.61128,1
147.33033,153.68985,140.49233,120.7653,159.71683,168.94895,137.46135,176.58046,148.01912,189.97052,197.87804,160.58422,194.00386,135.66683,170.77815,115.99975,176.85997,158.00531,188.53291,156.63599,176.3231,197.1077,136.53975,0.0,159.53383,170.73482,197.13661,218.15248,157.06665,178.59692,204.35976,199.14359,146.60966,204.33564,167.89921,170.06182,192.92231,133.55568,189.3018,139.97134,147.84171,189.73259,188.92731,149.54232,168.16001,130.01498,132.27015,126.44492,170.54077,120.18297,169.80304,202.92984,188.23153,191.24811,165.62874,157.62007,133.39164,190.06937,219.5497,192.20189,193.34815,187.12338,193.65891,208.23959,140.96023,158.2384,168.50243,167.76847,177.11214,193.81284,179.52399,182.54937,200.98008,168.16131,112.47711,197.96822,187.66123,150.87787,148.59933,140.21376,217.6252,215.40713,146.5688,147.50099,187.65992,195.27431,207.86442,208.57588,198.98954,184.65194,164.72735,156.67238,166.88453,211.97634,204.03056,200.56647,147.17763,164.14484,121.47528,177.93366,2
112.69911,160.26766,157.20176,147.9775,116.26574,147.55981,149.1566,124.42045,133.79685,145.83967,151.54757,122.66085,137.43664,123.92947,141.89735,159.60528,127.44739,123.46642,145.21079,130.23449,120.54989,167.9664,133.41256,159.53383,0.0,136.8799,139.33129,161.10943,132.20472,137.706,145.59769,140.18186,118.24213,145.6706,160.14571,143.34255,161.58814,129.73952,130.42341,134.17078,119.78604,158.90009,145.3913,112.79397,131.5118,132.39354,156.86599,136.02011,139.99797,150.07213,146.94498,154.40102,145.85422,131.71887,106.21015,147.76099,128.7208,134.03427,161.07653,182.8554,155.23667,162.76996,135.58743,155.51988,126.67609,109.73887,113.33516,161.00644,131.23586,166.8945,120.23355,158.42842,150.66947,122.13409,148.284,162.3172,138.13608,152.3751,110.95879,122.41568,158.92564,160.53669,113.59587,158.34495,136.20986,175.09915,148.88423,150.01243,166.15776,138.70221,145.62626,112.30833,147.01163,153.9821,149.84855,147.14969,128.27703,113.48896,141.52533,119.44863,1
136.20775,138.62014,144.30946,151.09298,153.08565,113.81046,139.5679,121.96036,167.41593,120.15811,128.22581,115.01084,136.88333,145.50926,105.93648,161.95669,118.15456,115.8342,118.54587,166.19933,127.76515,131.80703,162.25222,170.73482,136.8799,0.0,141.99184,156.71622,168.14944,173.77187,150.50991,159.59691,129.71539,150.08401,129.48065,108.10339,125.79056,155.51194,140.86579,130.81725,127.04315,122.78962,118.98255,131.70542,168.36919,142.08653,149.46229,158.34034,176.87631,152.50434,112.53626,133.94309,117.93189,147.5839,138.48079,122.68224,139.74248,133.38782,161.7322,147.51129,122.92409,125.89318,140.49123,141.93404,130.9643,127.51019,147.98629,130.60003,113.73453,130.24939,138.33818,121.64167,133.4818,158.55858,158.42481,128.61531,171.0244,132.33367,139.33197,150.801,160.94888,150.70566,136.0556,140.70639,124.83405,138.26237,154.24703,152.97762,131.1905,173.21948,114.73616,148.73482,114.60816,153.83973,140.12624,136.3562,161.72638,150.01833,162.18653,134.31226,1
150.14308,179.95136,183.06397,181.96578,149.33903,155.50692,176.4868,122.56327,170.3464,130.72242,129.48385,140.48552,105.22458,162.4684,147.44971,193.94866,124.73949,143.35721,131.71166,163.72157,120.91783,158.46738,172.38891,197.13661,139.33129,141.99184,0.0,121.81106,165.45068,157.38274,108.56703,123.55809,150.91452,108.21147,171.25517,149.73721,152.57773,169.06921,109.93588,163.0651,150.32075,151.65865,131.45511,147.59533,158.29855,167.70996,186.07629,175.21463,166.51345,183.90116,154.08725,127.57367,133.16468,114.81039,134.32718,164.0622,164.08471,108.67714,122.49095,184.81407,141.99496,159.81864,103.81608,121.67005,158.14561,138.90925,137.94792,172.39426,128.30344,159.89318,119.93555,157.73168,122.70171,147.89963,185.09552,148.47566,147.524,172.92674,149.84614,161.73311,120.80185,122.88422,150.81222,181.01087,117.93656,171.03861,112.37149,111.84073,153.71769,152.46102,156.71361,148.33582,156.54795,114.84944,115.18712,115.15651,165.50068,143.30584,180.63891,119.88289,1
171.59135,195.27212,200.43244,201.98204,170.77255,168.74901,194.6226,141.88152,191.86534,139.30083,133.52863,159.39363,124.17503,183.98252,161.14666,213.87482,142.59498,162.26707,140.86565,184.84997,141.92788,162.54158,194.19572,218.15248,161.10943,156.71622,121.81106,0.0,186.50357,175.96984,117.7207,136.98928,171.60054,117.29452,183.88629,163.32748,158.06114,190.83436,131.37462,182.29867,170.66439,158.35759,140.45138,168.75843,178.41889,188.38324,204.46675,196.89118,186.18147,203.83082,167.22779,128.22522,142.18833,133.89939,156.13157,179.38373,184.84821,128.08318,108.64897,191.99792,147.51642,167.35574,125.60504,117.4671,178.24288,160.01604,159.23055,185.03398,144.37908,165.19628,141.64801,166.75751,125.42896,168.48082,205.9348,151.84851,164.38433,189.01188,171.51228,183.52195,110.39931,109.26044,172.21469,197.35856,132.50665,176.42463,116.53143,113.51717,156.84822,169.94785,170.99581,170.03094,170.26263,108.38667,116.68894,120.40813,187.14472,164.68192,202.27229,141.67188,2
133.37316,182.37405,174.75638,157.01593,116.76158,176.98713,166.82919,156.07439,109.35291,177.92458,183.22788,153.23318,165.34414,131.57943,172.57018,165.34714,159.45707,153.10739,177.35772,101.97129,151.1336,199.75334,120.57987,157.06665,132.20472,168.14944,165.45068,186.50357,0.0,122.15342,169.05324,154.75535,141.64975,169.37957,187.03233,173.66372,193.46954,125.6137,155.51871,154.33138,144.45194,190.67142,177.5239,137.49623,112.10553,144.29128,170.88387,131.56481,113.76468,158.85976,176.67979,185.50205,178.0357,152.81369,133.69729,173.76725,142.27819,162.8037,183.94959,211.61998,187.43513,193.75863,161.70616,184.92671,146.99662,140.75344,127.53931,187.68037,163.42737,198.39669,145.91382,189.1908,181.37372,118.44151,150.91979,194.48868,133.68811,175.08482,129.56325,122.90629,181.37463,188.23291,133.89699,178.51741,167.29528,205.81086,171.33381,173.55643,198.22652,129.25592,174.23,119.899,175.98682,178.39275,178.7073,176.65771,110.59777,122.37295,135.72827,147.46232,2
145.39585,196.4062,190.98227,175.88743,123.57938,185.18747,182.80557,156.13798,131.4996,177.96892,181.40259,160.24882,159.03047,148.82047,179.14495,185.41466,160.28669,161.17187,177.87019,122.157,149.96898,203.43765,142.12812,178.59692,137.706,173.77187,157.38274,175.96984,122.15342,0.0,158.33235,140.06988,153.5426,158.8236,197.75564,180.74551,196.9269,145.73656,148.02503,168.69068,155.87527,194.5693,177.91139,148.24478,110.43692,161.49323,188.48361,152.43559,112.15249,177.87726,184.51052,182.12732,178.88455,142.79039,135.29503,185.11448,158.68415,157.7294,171.52835,220.4814,188.92683,199.50493,154.11753,178.78821,160.87186,147.43176,125.83241,198.5872,165.17982,202.94218,141.09207,195.40463,177.44919,115.61252,171.29576,196.23717,113.57297,188.65112,141.43173,140.81257,168.81338,179.84033,146.21655,193.5526,165.06688,211.95005,159.61077,162.4587,200.71344,107.90934,183.33193,128.50163,184.69885,167.58323,172.26528,171.19811,131.42046,124.22588,157.12354,144.21814,2
157.09811,188.51827,191.52534,189.81764,153.67104,163.95894,184.85706,130.98464,174.78206,138.15167,135.70694,148.83767,113.63092,169.2479,155.91245,201.80933,133.29573,151.6933,139.29453,167.44613,128.72377,165.38206,177.92217,204.35976,145.59769,150.50991,108.56703,117.7207,169.05324,158.33235,0.0,120.38145,158.55658,100.68056,179.69485,158.19945,159.74373,175.19823,115.17955,171.24064,158.15462,159.07599,138.99733,154.89758,160.72307,175.27246,194.38523,181.61475,168.46091,191.78366,162.5259,132.6652,140.75603,116.26748,140.08879,172.62821,171.6045,117.24417,115.51771,192.55495,148.99847,167.48283,111.0856,124.43659,166.04862,146.34301,142.05886,180.83698,136.84688,167.10151,125.44086,165.64663,128.0559,150.89237,192.48673,155.07844,147.08374,181.48307,156.40634,167.76439,113.3331,122.22893,157.82456,189.55197,126.16437,178.35647,103.82531,104.54661,160.34349,152.51189,165.24041,153.35677,165.03939,109.3961,118.78197,120.32948,170.27281,147.55685,187.12219,126.45414,1
152.87645,194.43085,194.57847,188.03718,141.92817,173.3754,187.01189,137.65163,162.0542,153.06408,152.87007,152.66876,127.7591,163.54765,165.49644,199.75606,141.51347,155.14583,153.77514,153.46891,132.32754,181.0505,167.84285,199.14359,140.18186,159.59691,123.55809,136.98928,154.75535,140.06988,120.38145,0.0,157.16168,121.01168,188.83849,167.69984,174.89315,166.99496,119.09633,172.23047,157.77277,173.58239,153.59659,152.25755,144.57956,172.52574,195.67859,174.01922,151.272,190.12042,172.1325,151.12195,155.16856,112.01754,133.97262,179.33081,168.82879,129.09529,131.62725,205.60778,164.65903,181.10562,122.16132,144.28549,165.54659,145.14641,131.13038,189.92277,146.40061,182.06183,122.91568,178.36355,146.25734,136.41901,188.31369,171.45865,127.63275,186.77264,150.80738,159.63423,128.90038,142.58021,153.76461,194.12671,139.21588,192.91474,120.49135,123.70441,176.63856,133.38748,173.54821,143.38891,173.93148,128.76167,138.12377,138.65077,158.53956,136.23046,179.60829,126.47477,2
108.41841,142.90161,138.97994,131.4145,130.06446,135.84679,130.91589,129.98365,138.96983,145.78968,153.19137,115.686,147.50712,115.86024,132.75101,143.37936,130.54724,113.98764,144.59893,139.83958,129.99687,161.14556,132.62158,146.60966,118.24213,129.71539,150.91452,171.60054,141.64975,153.5426,158.55658,157.16168,0.0,158.45929,145.45294,133.35459,155.38189,125.79759,143.90232,115.94704,102.88305,152.29299,144.92836,105.53542,145.4324,116.81117,138.7813,129.07085,152.87766,133.43656,135.74405,157.63874,144.6704,147.24134,123.95374,132.27881,113.24794,143.53457,173.40509,170.00586,152.06609,153.6579,147.60362,161.94959,108.49139,112.36865,131.34685,146.14143,131.60935,159.07897,135.07753,148.89988,155.13157,138.16576,134.335,158.22847,155.93124,135.11373,112.43228,121.4662,171.63332,168.85101,107.78298,140.44389,141.30732,165.18384,162.21142,162.58008,160.89635,155.83899,132.77413,125.11126,134.64179,165.67542,157.49355,154.09422,133.46678,130.06774,133.47369,132.64176,1
157.0983,188.14772,191.2411,189.69029,153.93116,163.50372,184.60683,130.70924,175.04522,137.56415,135.06063,148.58938,113.20114,169.27507,155.46207,201.6816,132.95059,151.45036,138.71825,167.76251,128.57922,164.75446,178.088,204.33564,145.6706,150.08401,108.21147,117.29452,169.37957,158.8236,100.68056,121.01168,158.45929,0.0,179.23397,157.74855,159.13088,175.30224,115.24796,171.04315,158.0245,158.47974,138.41792,154.85016,161.12732,175.19248,194.15457,181.69064,168.89929,191.65077,162.06649,131.9938,140.17964,116.63163,140.2075,172.24701,171.53043,116.87805,115.40916,191.98063,148.37938,166.90459,110.91136,123.75845,165.90779,146.27208,142.32514,180.377,136.43959,166.48977,125.5525,165.09391,127.39169,151.25129,192.43636,154.43897,147.63798,181.13723,156.45414,167.87605,113.30398,121.62392,157.81771,189.22175,125.6727,177.75005,104.17133,104.35837,159.70384,153.04635,164.81766,153.5579,164.59895,109.02187,118.10309,119.67006,170.50556,147.81817,187.18986,126.46363,1
153.84639,116.6352,129.1224,147.45856,174.89004,115.75351,130.44029,151.22533,183.45925,144.67548,151.51546,138.35301,166.07991,157.58882,123.81747,154.0814,147.59754,136.87037,143.0674,185.25261,156.62682,133.87502,174.82115,167.89921,160.14571,129.48065,171.25517,183.88629,187.03233,197.75564,179.69485,188.83849,145.45294,179.23397,0.0,121.5323,132.62385,167.22068,170.29107,134.53379,142.7316,130.22,143.49316,150.12861,190.49824,147.81539,137.29884,166.87926,198.23294,147.75068,117.16956,157.52053,141.80072,176.86108,163.69694,113.32812,147.73686,162.73939,189.84854,125.66722,139.41536,123.26562,169.92601,167.4455,140.61841,150.5359,173.01322,101.15153,143.17624,129.85391,166.88613,120.34264,158.86121,182.14312,157.83132,139.79923,197.44119,117.02175,157.81733,165.48549,189.36431,176.62511,153.23592,122.28737,153.62382,127.90194,183.36892,181.85714,138.06111,198.69306,115.3771,170.00418,114.92526,182.17711,167.25508,163.64422,178.26372,173.55529,168.57174,162.93394,1
140.78617,132.16068,139.60847,149.69168,159.30817,105.78052,136.10928,130.06277,172.09966,124.98151,132.69479,120.72814,144.57436,148.58172,102.28752,159.72253,126.23762,120.55657,123.30418,171.74502,135.81763,128.27901,165.84515,170.06182,143.34255,108.10339,149.73721,163.32748,173.66372,180.74551,158.19945,167.69984,133.35459,157.74855,121.5323,0.0,123.18051,158.72407,148.9438,130.39077,130.50052,119.96931,123.75385,136.39065,174.80852,143.04925,145.72463,160.66688,183.15073,150.84354,104.43882,138.68709,122.29357,155.68622,145.57982,116.72449,141.30307,141.2076,168.81771,139.91919,123.93547,120.31614,148.40004,147.68396,132.54612,133.68685,155.11033,122.66641,121.66824,125.84778,146.3474,115.6024,139.06853,165.34424,158.10649,127.91679,178.61307,126.76398,144.28346,154.81894,168.18828,156.7113,140.47467,135.08837,132.21756,132.14935,161.89436,160.46933,129.15119,180.57937,107.79459,154.74514,106.95792,161.02597,146.64056,142.92749,166.48604,156.72434,163.96212,142.32924,1
161.99177,148.54855,159.21046,172.33829,177.83638,124.12784,157.48038,141.10802,193.13628,121.90382,124.79433,140.72702,147.62564,171.05225,123.03907,181.69766,136.82417,141.61011,121.11802,191.50521,147.48645,106.5176,187.98525,192.92231,161.58814,125.79056,152.57773,158.06114,193.46954,196.9269,159.74373,174.89315,155.38189,159.13088,132.62385,123.18051,0.0,181.13055,156.08509,153.52289,152.63798,103.21256,121.30251,157.48756,192.6549,166.21312,166.44205,183.54614,201.33994,173.33227,123.15425,129.84031,119.73106,163.46065,162.05396,136.53229,164.36775,145.80357,165.54905,133.94249,110.81094,110.23083,152.94216,140.59945,155.56576,152.72311,171.22408,133.57452,131.7879,107.36214,157.7098,112.30036,133.05608,182.34784,181.13418,107.4022,192.10767,145.83669,165.0494,176.58362,165.85333,149.45631,161.84604,153.28835,135.68987,118.67219,162.79822,160.34231,106.08133,195.21712,128.33934,173.76735,126.25626,158.9301,142.85605,140.03402,187.43594,174.09983,187.02625,153.89537,1
120.73889,159.59686,150.41716,131.48322,126.26327,160.48554,142.88451,152.01774,118.24774,170.74989,177.7103,141.21315,167.0121,110.14515,158.32526,139.87595,153.85369,139.75789,169.69724,124.65096,149.59241,186.79721,107.61669,133.55568,129.73952,155.51194,169.06921,190.83436,125.6137,145.73656,175.19823,166.99496,125.79759,175.30224,167.22068,158.72407,181.13055,0.0,160.06598,132.75334,128.49657,178.01911,169.99159,124.90016,135.38847,120.34442,145.75226,107.18821,139.35127,133.2853,160.62037,181.57611,169.91561,160.53193,135.12337,154.0182,119.55751,163.45063,190.70897,192.75841,177.74495,178.86854,165.32665,184.2503,127.00083,132.68179,135.88934,167.65586,156.06658,184.5665,149.7575,174.05651,178.45409,134.60615,125.58967,184.00729,154.13527,152.99711,119.58429,107.47443,188.49451,189.91545,120.48957,155.00307,164.02935,189.91804,178.36991,179.65585,186.68555,151.33317,156.92801,123.69008,158.98655,183.7072,178.95067,175.97839,115.02195,131.0897,112.67868,149.18752,1
141.99156,177.06265,178.65028,175.29874,139.47452,154.67625,171.56256,119.16403,160.5291,134.44108,135.36458,135.85952,111.06525,154.08662,146.70654,187.27605,122.71127,138.59024,135.01213,153.79534,114.94774,162.34651,162.99358,189.3018,130.42341,140.86579,109.93588,131.37462,155.51871,148.02503,115.17955,119.09633,143.90232,115.24796,170.29107,148.9438,156.08509,160.06598,0.0,157.40248,143.7485,154.64398,134.86899,139.96661,148.46742,160.47328,180.81779,166.44315,156.77126,177.30212,153.38249,134.84262,136.36686,107.37734,125.00482,161.53371,156.77848,110.73398,130.65619,186.51321,146.10178,162.03566,106.25969,130.77426,151.69595,131.56757,128.03188,171.39589,127.43342,163.17172,110.36161,159.26741,129.99798,137.99925,177.52782,153.10387,139.04575,169.63826,141.22887,152.64967,128.51229,132.79576,142.73644,177.3845,120.44472,173.9194,118.57022,119.59464,158.19232,143.60355,155.14711,138.66493,155.36728,123.75272,124.26005,123.25784,155.77054,133.41726,171.94539,111.38051,1
