Vértice_1,Vértice_2,Vértice_3,Vértice_4,Vértice_5,Vértice_6,Vértice_7,Vértice_8,Vértice_9,Vértice_10,Vértice_11,Vértice_12,Vértice_13,Vértice_14,Vértice_15,Vértice_16,Vértice_17,Vértice_18,Vértice_19,Vértice_20,Vértice_21,Vértice_22,Vértice_23,Vértice_24,Vértice_25,Vértice_26,Vértice_27,Vértice_28,Vértice_29,Vértice_30,Vértice_31,Vértice_32,Vértice_33,Vértice_34,Vértice_35,Vértice_36,Vértice_37,Vértice_38,Vértice_39,Vértice_40,Vértice_41,Vértice_42,Vértice_43,Vértice_44,Vértice_45,Vértice_46,Vértice_47,Vértice_48,Vértice_49,Vértice_50,Vértice_51,Vértice_52,Vértice_53,Vértice_54,Vértice_55,Vértice_56,Vértice_57,Vértice_58,Vértice_59,Vértice_60,Vértice_61,Vértice_62,Vértice_63,Vértice_64,Vértice_65,Vértice_66,Vértice_67,Vértice_68,Vértice_69,Vértice_70,Vértice_71,Vértice_72,Vértice_73,Vértice_74,Vértice_75,Vértice_76,Vértice_77,Vértice_78,Vértice_79,Vértice_80,Vértice_81,Vértice_82,Vértice_83,Vértice_84,Vértice_85,Vértice_86,Vértice_87,Vértice_88,Vértice_89,Vértice_90,Vértice_91,Vértice_92,Vértice_93,Vértice_94,Vértice_95,Vértice_96,Vértice_97,Vértice_98,Vértice_99,Vértice_100,Conjuntos
0.0,164.34735,149.30978,131.07214,152.12434,105.8115,133.20416,173.0661,118.13782,153.5652,161.40557,164.37255,147.59341,144.5249,178.71694,110.46207,189.2818,147.58304,177.14725,125.56513,209.47221,168.88597,128.84019,145.65228,127.24867,128.44953,132.71596,161.35654,166.34438,134.54632,135.33051,108.99143,132.64946,194.01606,186.65548,155.66474,146.44183,176.57934,151.39384,196.83863,127.82297,110.24818,177.4884,111.02629,118.53719,165.08673,161.19207,188.47287,137.26478,125.06417,165.11191,145.30705,205.58348,117.30812,131.0472,121.00239,174.99945,148.95725,185.77045,134.34478,124.0797,196.16488,120.06384,136.8041,145.56959,139.33301,172.94705,161.1641,176.92191,198.30344,158.68897,150.82621,127.1733,196.73391,190.02744,180.4651,115.90514,178.63391,132.64627,165.48139,172.69754,172.77313,138.66093,103.6563,131.97881,144.50913,126.7921,129.3759,168.89302,188.48221,139.48492,168.93338,128.29717,159.62937,101.92781,133.66771,148.11138,158.37564,134.92223,169.33476,1
164.34735,0.0,127.38438,133.48687,112.66912,168.50376,195.54137,183.78232,166.18188,191.71982,134.85155,136.48064,186.27173,192.35634,180.98954,157.51045,175.50506,154.71728,202.54794,138.79247,175.1252,137.89213,161.51176,166.05594,137.10985,190.9966,187.46421,141.01564,191.05903,186.69044,134.11131,173.32834,132.23672,166.70787,199.9989,141.93441,141.9532,120.03459,191.00555,166.66436,172.0845,154.20239,201.12273,168.60871,146.93741,116.32972,104.15798,167.0609,163.38689,141.40788,110.72112,159.86636,167.83945,179.187,151.65328,144.40342,187.75937,195.94357,210.72316,131.20081,155.55777,180.14283,184.15518,164.92658,119.85736,129.32139,163.21151,150.685,201.82423,210.65637,142.78412,123.70613,137.18493,166.37501,211.44778,188.8703,158.01409,168.76474,134.68642,111.6983,179.5407,115.01006,191.3184,167.43095,193.31259,145.95085,180.46316,181.25563,111.02185,150.11864,129.5462,110.01945,181.16698,192.18658,166.20325,138.63472,145.7483,160.56642,146.96998,108.30591,2
149.30978,127.38438,0.0,126.41704,123.61419,151.62709,175.64988,157.21858,144.56925,165.03317,114.65771,117.71128,159.87864,167.23557,155.73478,139.81357,154.66835,127.33488,175.21399,127.39361,164.62836,121.77267,136.8189,138.83488,127.06133,171.54459,164.57831,118.41772,163.68048,163.06647,114.03815,157.81785,120.09615,151.55169,173.60881,116.44525,114.57026,129.4825,164.52631,153.15324,148.11718,140.85737,173.84231,149.54913,130.95811,140.05422,123.25633,148.85769,137.01405,135.05312,135.78688,132.55862,159.22589,160.25752,126.77703,128.69519,161.08191,170.45424,183.46905,117.6248,132.55608,160.52694,166.90088,138.67918,114.19127,110.97475,139.7861,125.82097,174.50111,184.68409,118.40446,103.67989,126.24594,152.95383,184.42654,162.84433,137.71105,145.93848,117.14654,136.72582,153.35356,127.11517,167.48166,152.91511,172.85551,118.60738,157.93792,158.08789,124.67209,140.96175,110.61487,125.31904,158.30748,164.99558,151.22166,116.17254,118.42969,133.91368,121.38993,126.94869,1
131.07214,133.48687,126.41704,0.0,121.07929,135.64494,163.32108,174.0855,136.6877,169.16216,141.03744,144.11423,163.04341,165.70294,175.66621,125.69784,178.98571,142.36431,186.73763,106.26561,191.04019,148.17542,136.98511,148.78526,104.23195,158.6435,157.86732,143.9651,174.78443,158.01375,115.77225,139.99956,106.92909,177.77073,190.15576,140.17457,133.11869,147.9441,167.74869,179.5199,144.94232,120.84027,186.10022,136.82157,115.48653,134.84794,130.62609,174.47566,142.56194,109.05594,134.23556,144.43141,185.50899,146.87522,129.75718,113.38632,177.32898,169.83882,195.58009,109.27689,129.42778,185.30236,151.07625,143.46539,116.38814,115.84902,162.97724,148.84448,186.21617,201.92126,142.8879,125.93914,104.96062,179.3271,198.10468,180.85732,128.20698,169.27091,112.5192,134.67774,171.53593,143.56457,162.69408,134.02121,161.46764,134.39247,150.83674,152.31387,139.34634,167.08901,116.32532,139.17673,151.86839,172.22633,132.88203,119.11131,136.86905,152.60372,128.23633,139.19723,1
152.12434,112.66912,123.61419,121.07929,0.0,156.52502,183.92994,180.55571,155.5176,183.87498,135.60209,138.04194,178.11549,182.99373,179.34889,145.923,177.12319,149.59591,197.33201,126.71735,181.63172,140.75788,152.45243,159.62751,124.91224,179.31279,176.93936,140.9331,185.5198,176.51692,125.02932,161.07025,120.92324,171.11813,196.98265,139.9776,137.22443,130.29829,182.89472,171.79374,162.32979,141.90988,196.18376,157.10668,135.33254,117.23009,110.70251,170.02127,155.63656,128.75558,114.42626,153.87424,174.92529,167.49764,143.10507,132.86395,184.33358,186.81666,205.84503,120.46226,145.80658,182.51231,172.07408,157.00075,110.82079,120.74956,163.03412,149.3176,196.67527,208.18691,141.66023,120.47762,125.12771,171.53677,207.25303,186.36927,147.12858,169.05186,124.59098,115.13943,176.858,125.34959,181.19597,155.10049,181.87265,140.56513,169.88188,170.94066,120.89799,156.50605,121.13504,120.34151,170.71602,185.30452,153.94836,129.84841,141.33382,157.32888,139.17972,119.62463,2
105.8115,168.50376,151.62709,135.64494,156.52502,0.0,127.879,170.25378,114.71443,148.74241,162.85285,165.72477,142.90701,139.07756,176.51604,111.81724,188.23604,146.69425,172.89174,129.80863,209.82341,170.23264,126.66549,143.26269,131.63387,123.14405,126.98158,162.22169,162.4135,128.95649,137.91019,106.79333,136.40999,194.06449,183.23606,156.34818,147.13179,179.72,146.49564,197.07439,123.61982,115.22556,173.37579,106.30705,121.78826,170.10077,165.18171,188.14514,134.93938,130.3435,169.861,143.70817,206.32151,111.6674,130.72578,124.34204,171.93112,143.49721,181.39877,137.85823,123.3336,195.13971,115.70944,134.22795,149.28921,142.23808,172.11363,161.06791,172.71306,194.75055,159.32906,153.47852,131.40279,196.98893,185.8697,177.64027,115.35793,177.57842,135.597,170.27552,170.27108,176.13223,132.97401,106.27603,126.42649,144.71703,121.26379,123.95017,172.40131,189.67779,142.32665,172.51828,122.80282,155.1579,105.19495,135.58529,148.32734,157.14539,135.24696,173.06999,1
133.20416,195.54137,175.64988,163.32108,183.92994,127.879,0.0,175.13263,131.1813,143.16655,184.33966,186.8383,139.79874,128.95649,183.97184,138.04709,200.16161,162.2408,168.73046,157.3036,226.41481,191.16131,141.66971,153.50162,159.21295,104.75474,117.06192,182.11033,161.54389,120.98063,163.02447,125.57334,163.31045,209.99628,183.75998,176.03279,167.46896,204.86543,140.69217,213.58545,131.26556,143.10296,170.18726,126.94039,148.64366,197.94765,192.0059,202.90063,147.14017,158.19402,197.55055,157.08694,224.33951,116.44996,150.28913,151.15801,175.29643,131.95671,175.73055,164.41264,143.39308,206.86338,114.59179,145.57915,175.90011,167.73241,185.72119,178.02475,168.90279,193.80744,178.7106,178.1348,158.86414,213.57086,181.46133,181.88228,138.17551,189.99363,161.41957,197.99875,177.09929,201.76447,120.76566,131.41865,103.59545,163.9219,120.19206,121.89031,198.35892,209.57165,167.70909,198.61354,120.80177,151.39929,131.76379,159.6284,167.22814,170.343,155.80085,199.42274,2
173.0661,183.78232,157.21858,174.0855,180.55571,170.25378,175.13263,0.0,155.54007,135.03646,150.21544,149.81654,136.00007,148.33992,110.54517,164.1439,130.90795,131.87133,123.34537,170.25615,162.38286,151.03705,144.3154,127.61556,171.57743,173.96165,158.07082,143.90659,117.6751,154.16773,159.08531,176.34109,167.66337,147.32134,116.43233,141.87356,143.40642,176.9722,136.95498,151.5628,147.79398,172.4089,120.93309,164.15347,165.10915,197.2704,179.83599,139.11879,135.92008,178.72012,192.92602,130.02728,164.14257,169.21574,145.91522,165.07404,104.122,147.66865,129.2096,165.94217,150.47016,136.14011,177.33137,136.26494,170.1461,161.51722,125.91354,133.70542,122.44716,127.92276,141.37897,160.71615,170.39972,151.7292,128.27071,107.39928,157.84778,124.87195,161.78852,193.88055,105.32658,177.73687,155.30802,175.8445,171.56123,140.56984,156.55328,154.05619,177.58951,158.3797,161.01273,178.62199,155.39635,127.71795,174.08008,155.05224,139.26895,123.31197,145.96082,180.85446,1
118.13782,166.18188,144.56925,136.6877,155.5176,114.71443,131.1813,155.54007,0.0,136.22589,153.34199,155.93946,130.08361,129.54211,161.94275,112.54757,174.46556,133.52209,159.08724,130.44049,197.71418,160.33463,112.55075,128.6947,132.48144,127.31202,121.4248,151.54848,148.20758,121.32616,132.53392,120.95416,134.62191,181.60096,168.65651,145.48523,136.61962,173.93326,134.23593,184.86719,110.03536,121.63641,159.37613,108.7086,121.24158,171.18682,162.39148,175.20319,120.4775,134.87745,169.7696,129.74555,194.85449,117.05342,119.35434,123.32394,157.23469,133.86618,167.76526,135.15268,112.22463,181.36345,125.0314,119.6263,146.32453,137.35457,158.66319,148.7504,158.84176,180.24628,148.30341,147.19658,131.75515,184.8115,171.92208,162.92592,108.50107,163.84913,131.50097,170.36477,155.62328,171.05244,126.00861,120.48153,128.29544,133.38602,114.36448,115.62988,167.85971,179.18068,137.25977,168.20756,115.25235,141.75705,118.82696,128.73718,136.86338,143.39073,124.75114,169.21489,1
153.5652,191.71982,165.03317,169.16216,183.87498,148.74241,143.16655,135.03646,136.22589,0.0,165.98762,167.23573,106.22449,114.34383,145.21554,148.5258,164.45779,139.57259,125.78009,163.41144,194.63394,170.42812,132.19668,126.96061,165.32772,143.29936,127.0059,161.04401,118.90544,123.14597,158.85779,152.94169,164.83427,178.47968,140.84974,156.00226,151.22424,192.50074,102.50693,182.59272,126.19876,157.75311,127.0662,142.62903,155.04497,200.9277,187.57552,170.42198,128.36183,169.71696,198.14915,133.37868,194.79934,142.71115,140.80254,156.39068,134.04454,112.73252,133.49257,164.27719,139.74422,170.42252,149.58403,126.90238,173.23304,163.19943,153.81267,152.69051,125.87084,150.64174,157.4557,168.6119,164.33146,182.68166,138.76461,140.7427,143.05414,155.92698,159.78129,198.9369,138.52636,191.35374,122.40147,155.01785,139.82928,146.86116,128.82455,125.8704,189.51856,184.44919,162.85519,190.25155,127.27181,108.2954,153.7404,154.03057,148.39129,141.12194,144.87227,191.96873,1
161.40557,134.85155,114.65771,141.03744,135.60209,162.85285,184.33966,150.21544,153.34199,165.98762,0.0,103.1125,161.77181,171.16427,146.36204,151.29058,141.54842,126.45194,170.98588,141.56513,150.0904,107.52879,143.12342,139.0646,141.43282,180.63814,171.23496,106.34215,160.377,169.02872,127.40582,169.39836,134.56312,136.93286,166.00826,109.98909,116.94525,127.34156,166.03834,138.49735,154.43992,153.89815,169.19316,159.74389,143.76913,150.09872,131.31549,134.68628,140.38562,149.54621,145.00642,132.73034,144.99445,170.0518,134.05501,141.77574,154.30641,173.70648,178.51242,132.07795,141.17131,146.93037,177.38306,142.18645,128.01403,125.35271,128.36228,116.51041,170.18066,176.23609,109.10217,116.09649,140.54216,138.29959,178.40474,154.63336,147.91138,134.01122,130.87219,146.00299,145.57216,127.56852,173.04432,165.06099,181.23465,120.89063,165.20625,164.73638,127.44469,127.17249,124.9292,128.51095,165.24771,164.09302,163.25965,127.82985,118.20271,127.94947,128.5909,130.80546,1
164.37255,136.48064,117.71128,144.11423,138.04194,165.72477,186.8383,149.81654,155.93946,167.23573,103.1125,0.0,163.22289,172.93327,145.34998,154.21237,139.32823,127.89868,171.1145,144.67757,146.98582,104.51512,145.44735,140.43138,144.54093,183.20217,173.45711,106.32027,160.77929,171.14832,130.5094,172.30062,137.66362,133.97241,165.34394,111.47692,119.3694,127.21405,167.39268,135.44961,156.68484,156.95586,169.23419,162.5006,146.82109,152.04913,133.12232,132.02619,142.2895,152.64725,146.83451,134.20539,141.88871,172.73334,136.60349,144.84792,153.93026,175.34468,178.43757,135.17873,143.81612,144.49638,180.14151,144.09034,130.84429,128.4548,126.92176,116.29118,170.29232,175.30538,109.79495,118.96406,143.65277,135.24732,178.07734,153.87851,150.70607,132.30235,133.98137,147.83325,145.01439,128.0098,175.08383,168.02874,183.69345,123.09534,167.54378,166.98124,128.37116,124.1398,128.03407,129.48389,167.53537,164.98312,166.21853,130.85212,120.1523,128.20024,131.20815,131.83949,1
147.59341,186.27173,159.87864,163.04341,178.11549,142.90701,139.79874,136.00007,130.08361,106.22449,161.77181,163.22289,0.0,112.46926,145.63546,142.32954,163.94041,135.34185,130.54477,157.25308,193.26875,166.63841,126.1281,122.80847,159.17992,139.35337,122.98459,157.14792,121.83624,119.01002,153.08634,147.37747,158.83544,176.92182,144.05733,151.8386,146.41485,187.85665,104.78074,180.94498,120.04837,151.56394,131.46957,136.72543,148.83911,195.09971,182.14166,169.02787,122.91956,163.49966,192.44187,129.04533,192.91595,137.55272,135.01062,150.20994,135.71202,112.92578,138.71822,158.34865,133.61578,170.20094,144.79995,121.34595,167.54252,157.51397,152.03163,149.37157,130.5047,154.51804,153.51691,163.40612,158.19408,181.00998,143.62819,142.37871,136.83108,154.79464,153.87685,193.21352,138.77068,186.4896,119.40583,149.17256,136.31554,142.03403,123.6698,120.75152,184.48214,181.5833,157.18692,185.17615,122.17929,112.53026,147.83937,148.27328,143.85431,138.33156,139.316,186.82404,1
144.5249,192.35634,167.23557,165.70294,182.99373,139.07756,128.95649,148.33992,129.54211,114.34383,171.16427,172.93327,112.46926,0.0,158.08621,141.97749,176.34765,145.21177,139.77484,159.55286,205.35927,176.6512,130.84962,133.28949,161.57688,129.47619,113.74253,167.10645,133.1287,110.45227,158.34298,142.00991,162.62887,188.94728,155.18304,161.45635,154.90874,196.1661,111.94515,192.9133,120.8142,150.74582,141.24845,133.59439,150.50136,199.45361,188.31806,181.15107,130.85869,164.41934,197.41869,138.97591,204.71696,130.87096,140.81484,152.35422,147.81483,104.43584,146.93057,162.62374,137.19537,182.64743,136.76892,129.07213,172.88917,163.06573,164.02702,160.16732,139.94751,164.92605,163.4599,170.55764,160.74286,192.9649,152.55281,154.51491,137.71778,167.05784,158.40283,198.10868,151.23021,194.29813,108.2817,145.21223,125.71658,150.60125,117.83176,115.14946,191.86317,192.6164,162.82037,192.44411,116.27736,122.6379,144.26745,153.72758,152.96937,149.77989,145.91351,193.88104,2
178.71694,180.98954,155.73478,175.66621,179.34889,176.51604,183.97184,110.54517,161.94275,145.21554,146.36204,145.34998,145.63546,158.08621,0.0,169.17026,120.48776,133.64119,132.89525,172.57641,152.08711,145.7044,149.94839,133.25814,173.66189,182.45321,166.96132,140.06263,128.22027,163.1459,160.08875,182.8969,168.93351,137.46843,120.82468,139.47692,143.21512,171.88538,147.01163,141.69123,155.20068,176.80719,130.30903,170.65035,168.60439,195.44898,177.24061,129.37558,141.58584,181.29641,190.7281,133.76535,154.24959,176.74737,149.54071,168.18717,113.31902,157.71705,137.43595,166.955,155.15366,125.59564,184.9912,142.31779,169.45652,161.75948,118.99308,130.34915,131.99882,129.96803,138.24605,158.9719,172.48782,141.8805,135.09408,109.43943,163.01774,116.00005,163.15506,191.70949,106.89804,173.27078,164.68052,181.74811,180.37948,141.29674,164.76092,162.4517,173.69362,150.12655,161.23701,174.7906,163.72956,138.14537,179.91364,156.60315,139.16152,123.06539,148.4037,177.1199,1
110.46207,157.51045,139.81357,125.69784,145.923,111.81724,138.04709,164.1439,112.54757,148.5258,151.29058,154.21237,142.32954,141.97749,169.17026,0.0,179.01865,137.34851,170.41134,119.49962,199.03341,158.72709,119.94243,136.53427,121.48817,133.48615,132.54175,151.00439,159.09044,133.18725,126.11068,118.13129,125.27374,183.55427,178.42398,145.26149,136.03025,167.99833,146.62235,186.38597,122.38714,109.24811,170.46528,111.19137,110.59939,160.54578,154.02729,178.03201,128.24319,122.5942,159.73631,135.49368,195.21866,121.6796,120.69776,113.11185,166.36857,146.33833,179.21075,126.47981,114.05723,185.88749,127.32076,128.08715,137.97642,130.50223,162.62935,150.7096,170.09306,190.21057,148.27923,141.67251,121.00377,186.28287,183.00207,171.51691,106.31836,168.38786,123.90671,160.23525,163.37811,164.50095,137.77522,114.05705,135.95253,134.04706,125.64319,127.50762,160.85406,178.26729,130.57199,161.01706,126.84256,153.57567,112.17503,123.81126,137.64958,148.25614,124.4602,161.67056,1
189.2818,175.50506,154.66835,178.98571,177.12319,188.23604,200.16161,130.90795,174.46556,164.45779,141.54842,139.32823,163.94041,176.34765,120.48776,179.01865,0.0,141.69883,153.1909,177.42823,131.64026,137.63205,161.92078,146.88143,178.02193,198.01778,183.53471,136.35346,148.49598,179.95247,163.36027,194.94846,172.06119,118.05618,138.7719,138.92379,146.21646,162.06826,166.00348,122.08616,169.66373,185.2128,150.55567,182.98062,175.79369,191.32843,172.34436,111.02521,154.30612,186.19653,186.02888,144.72009,134.38765,190.69883,158.33161,174.71919,133.78789,176.55672,156.90711,169.73242,165.22419,106.90467,198.98486,155.53459,168.81972,163.47485,116.50844,130.19186,152.30215,144.4018,136.43832,157.07287,176.91831,122.32626,153.59486,128.91889,173.41852,110.65998,166.85545,187.02698,126.31641,164.70593,182.15703,192.66517,196.5835,146.24062,180.20468,178.27778,166.30735,134.29827,162.961,167.47977,179.41515,157.96555,190.76369,161.16993,143.00499,131.10945,155.33977,169.88998,2
147.58304,154.71728,127.33488,142.36431,149.59591,146.69425,162.2408,131.87133,133.52209,139.57259,126.45194,127.89868,135.34185,145.21177,133.64119,137.34851,141.69883,0.0,147.94139,138.9684,164.41679,131.46238,121.14044,112.61945,140.11827,159.2545,147.23693,121.92149,136.34701,144.45982,127.21398,153.45554,135.83237,148.16444,148.16675,116.49783,112.76462,153.04504,139.58658,151.55615,131.0149,143.9978,146.66399,141.73088,135.2034,166.68198,150.59116,141.68487,115.33216,147.66224,162.824,106.30676,162.09873,150.37923,116.72369,134.62432,135.33168,147.47873,156.3188,134.07378,123.53393,148.58419,158.51239,117.05531,138.90608,129.80646,125.42867,115.80858,147.24707,159.79133,118.27382,131.01151,138.94032,151.51974,157.67503,138.50532,131.72773,131.05231,129.96628,163.7301,129.17591,152.2155,148.03444,150.97367,158.8347,109.03079,142.15284,141.00878,150.80751,147.99028,129.31481,151.64967,141.81271,138.24916,149.07076,123.262,109.14271,111.08536,114.77565,153.57489,1
177.14725,202.54794,175.21399,186.73763,197.33201,172.89174,168.73046,123.34537,159.08724,125.78009,170.98588,171.1145,130.54477,139.77484,132.89525,170.41134,153.1909,147.94139,0.0,181.77383,184.82421,172.95536,151.30896,138.1591,183.45614,169.05613,152.78592,164.90413,111.96857,148.91855,173.51378,177.74748,181.16515,170.34393,118.27693,161.68383,160.66955,198.26662,128.28696,174.57363,149.35246,179.55439,102.69662,166.60703,174.66847,214.50755,198.44709,162.20488,144.33858,189.32575,210.75574,143.49814,187.14002,168.09692,156.98281,175.39855,119.7017,137.08031,108.88719,179.95792,158.82952,157.46706,175.24103,143.6946,186.54452,176.96461,149.09586,154.83905,100.90042,125.62727,161.89234,178.87679,182.33421,174.75791,113.08374,124.41388,164.31968,148.17668,175.46463,211.65633,128.65603,198.44288,148.01107,179.08828,165.4742,156.90923,154.20662,151.27739,197.72162,181.66075,176.51407,198.66759,152.70201,118.01566,177.61935,168.88429,156.8023,143.03719,159.13977,200.75669,2
125.56513,138.79247,127.39361,106.26561,126.71735,129.80863,157.3036,170.25615,130.44049,163.41144,141.56513,144.67757,157.25308,159.55286,172.57641,119.49962,177.42823,138.9684,181.77383,0.0,191.61024,148.9663,131.34464,144.15546,102.04114,152.65472,151.60172,143.63459,169.86513,151.76449,114.45231,134.55367,107.71909,177.65068,186.08733,139.17794,131.21195,151.80794,161.92315,179.70188,138.83703,115.51364,181.25886,130.66167,109.22208,141.07017,135.63677,173.74631,137.44557,108.81605,140.27689,140.30289,186.50734,140.85475,124.94147,107.19955,173.32384,163.71951,190.64661,109.98158,123.69548,183.93585,145.39281,138.20989,120.27831,116.42277,161.13103,147.26185,181.28652,197.91889,142.06584,127.75217,101.60822,179.53126,193.41769,177.21144,121.97257,167.38506,110.86869,140.75677,168.04812,147.7074,156.44215,128.72802,155.36819,131.71846,144.57168,146.06194,143.66412,168.34188,116.78065,143.62151,145.60738,166.79203,127.43445,116.32815,134.59984,149.63815,124.33939,143.89098,1
209.47221,175.1252,164.62836,191.04019,181.63172,209.82341,226.41481,162.38286,197.71418,194.63394,150.0904,146.98582,193.26875,205.35927,152.08711,199.03341,131.64026,164.41679,184.82421,191.61024,0.0,142.86626,185.52293,173.32958,191.52098,223.61017,210.63367,148.44432,179.78827,207.39584,177.2998,216.59865,184.6483,116.48681,169.75726,153.86607,163.05185,156.36987,195.91984,112.86089,195.16491,203.09663,182.18226,205.53231,192.98738,191.30796,173.38001,124.24654,179.28199,199.63193,185.62404,169.32807,108.09894,214.70552,179.14658,191.23221,165.40418,206.1522,188.24216,182.16369,186.61722,128.04158,222.74227,180.8367,176.79428,175.44051,141.35423,148.96973,183.93686,173.49242,150.83028,165.37355,190.62042,112.90496,184.50046,160.49314,194.46586,138.72311,180.83078,186.54144,157.54281,160.80475,210.23844,213.08904,222.93767,165.1137,206.22781,204.76721,164.19435,125.16592,175.01938,165.28776,205.71866,188.76072,211.20808,176.98681,161.50078,156.28087,174.6455,167.42795,2
168.88597,137.89213,121.77267,148.17542,140.75788,170.23264,191.16131,151.03705,160.33463,170.42812,107.52879,104.51512,166.63841,176.6512,145.7044,158.72709,137.63205,131.46238,172.95536,148.9663,142.86626,0.0,149.67353,143.83366,148.7641,187.56864,177.57902,109.54489,163.00322,175.18684,134.89592,176.81331,141.83994,130.51783,166.10785,115.37535,123.72264,126.18398,170.69868,131.66475,160.83878,161.42694,170.9655,166.97261,151.2976,153.85818,134.84912,129.42737,146.18774,156.81469,148.47376,137.74808,137.54278,177.16899,140.98463,149.30214,155.15827,178.93106,179.98837,139.35949,148.24263,142.31817,184.61201,147.98361,134.32597,132.65296,126.83759,118.34628,172.1134,175.63823,113.1923,122.61974,147.90266,131.44341,179.28213,154.56302,155.19417,131.65463,138.33656,149.4698,146.04478,127.78558,179.04971,172.54211,187.99,127.30028,171.75963,171.12596,128.84895,119.64563,132.24992,130.00807,171.71321,167.77977,170.73282,135.34797,124.20404,130.48847,135.63118,132.41272,1
128.84019,161.51176,136.8189,136.98511,152.45243,126.66549,141.66971,144.3154,112.55075,132.19668,143.12342,145.44735,126.1281,130.84962,149.94839,119.94243,161.92078,121.14044,151.30896,131.34464,185.52293,149.67353,0.0,116.8126,133.21732,138.38448,128.19611,140.4892,139.67024,126.33214,127.57491,133.22254,132.73522,169.30303,158.4905,134.42266,126.18259,166.16583,130.87549,172.66291,111.43085,128.66767,151.12516,121.09729,123.48169,169.23348,157.46878,162.75892,108.42644,138.238,166.86372,117.20453,182.95954,129.24254,110.0686,124.49424,146.44423,134.46716,160.18514,132.35702,107.68229,168.82032,137.4051,108.14496,142.14389,132.24771,146.12801,136.66212,150.9135,170.29167,137.05436,139.98481,132.19277,172.6197,163.58511,151.70705,113.62445,151.29995,127.95543,167.59176,143.86056,163.92715,130.67801,131.80279,138.40264,122.37336,122.09652,121.67189,161.26808,167.90194,131.98965,161.79734,122.13026,135.52607,129.9771,122.89952,125.58691,130.84003,115.4653,163.1535,1
145.65228,166.05594,138.83488,148.78526,159.62751,143.26269,153.50162,127.61556,128.6947,126.96061,139.0646,140.43138,122.80847,133.28949,133.25814,136.53427,146.88143,112.61945,138.1591,144.15546,173.32958,143.83366,116.8126,0.0,145.7155,151.17192,137.3265,134.33951,126.19887,134.07166,135.38965,149.64633,143.03614,156.84539,142.43291,129.0945,124.56089,165.57846,126.97845,160.61168,122.79175,144.83901,137.36785,137.40327,138.01329,176.85702,161.89956,149.50222,108.38781,152.19287,173.44628,106.44439,171.98906,144.05655,119.22036,138.28688,130.00554,135.2083,146.92527,141.79896,122.90749,153.68855,152.35469,109.07137,148.80678,139.01687,132.26117,126.88046,137.58541,154.30393,130.70977,142.49266,144.56533,160.62781,149.32358,134.9829,130.24787,136.54541,137.30994,174.30578,127.05948,164.57846,137.09378,148.57965,149.95457,120.28483,133.39912,131.64193,162.95274,159.32897,138.58804,163.74241,132.69997,126.16074,146.76846,130.72967,121.48391,117.05167,120.98223,165.57007,1
127.24867,137.10985,127.06133,104.23195,124.91224,131.63387,159.21295,171.57743,132.48144,165.32772,141.43282,144.54093,159.17992,161.57688,173.66189,121.48817,178.02193,140.11827,183.45614,102.04114,191.52098,148.7641,133.21732,145.7155,0.0,154.55129,153.63794,143.78713,171.53056,153.80559,114.74412,136.22199,107.00836,177.77773,187.49093,139.53762,131.84658,150.61092,163.86083,179.73203,140.84893,117.0969,182.9032,132.63231,111.2615,139.06324,134.04666,174.0686,139.15619,108.25381,138.3429,141.6957,186.27553,142.76307,126.53436,109.22358,174.7026,165.73647,192.32136,109.44598,125.59096,184.47169,147.16219,139.96566,118.98234,116.11278,161.80503,147.83127,182.95819,199.30499,142.37555,127.15292,101.1792,179.55407,195.01686,178.47751,124.012,168.07773,111.18928,138.80873,169.25879,146.41475,158.48329,130.32902,157.31314,132.61067,146.60973,148.10308,142.30952,168.01396,116.5152,142.22558,147.64767,168.61486,129.09608,117.16255,135.36636,150.66342,125.61755,142.41423,1
128.44953,190.9966,171.54459,158.6435,179.31279,123.14405,104.75474,173.96165,127.31202,143.29936,180.63814,183.20217,139.35337,129.47619,182.45321,133.48615,198.01778,159.2545,169.05613,152.65472,223.61017,187.56864,138.38448,151.17192,154.55129,0.0,116.3845,178.63784,161.18936,120.34849,158.72296,120.89009,158.75989,207.25031,183.40481,172.55878,163.84721,200.64545,140.79532,210.75841,128.54242,138.36395,170.35476,122.46125,144.06918,193.2311,187.49633,200.31571,144.38359,153.44588,192.87811,154.34871,221.29896,111.81841,146.59963,146.59531,174.38081,132.93833,176.39876,159.9146,139.52968,204.78286,110.22258,142.90644,171.41074,163.39304,183.22937,174.96804,169.16727,193.77711,175.29618,173.94401,154.22207,210.73242,181.95209,180.87948,133.92104,187.71645,157.01677,193.31825,175.62519,197.46176,121.20219,126.6877,104.73867,160.43145,117.82924,120.0017,193.99944,206.19474,163.38545,194.23164,118.74176,151.3877,127.01207,155.4542,163.80804,167.79337,152.05093,194.99862,2
132.71596,187.46421,164.57831,157.86732,176.93936,126.98158,117.06192,158.07082,121.4248,127.0059,171.23496,173.45711,122.98459,113.74253,166.96132,132.54175,183.53471,147.23693,152.78592,151.60172,210.63367,177.57902,128.19611,137.3265,153.63794,116.3845,0.0,168.21598,144.81905,103.97738,153.54409,128.90449,156.04657,194.15561,167.04192,162.21964,154.32602,194.05327,124.49899,197.87954,116.79931,140.39227,154.02157,122.41496,142.38324,192.53856,183.61403,186.81785,131.90478,155.02831,191.19228,141.6009,209.02971,117.45715,137.94037,144.59877,158.27142,117.77385,160.32196,156.5494,132.24984,190.16709,123.02741,130.19683,167.62091,158.38591,169.5593,163.00024,152.87023,177.3963,164.66983,167.52038,152.98408,197.88623,165.74717,164.83915,129.87462,173.53286,152.78943,191.78334,160.07938,191.52924,106.14165,132.79041,113.49389,150.37302,107.06457,106.52818,188.5761,195.1676,158.24493,189.0001,106.32002,135.02664,132.12477,149.40647,153.37552,154.35787,143.49651,190.14162,2
161.35654,141.01564,118.41772,143.9651,140.9331,162.22169,182.11033,143.90659,151.54848,161.04401,106.34215,106.32027,157.14792,167.10645,140.06263,151.00439,136.35346,121.92149,164.90413,143.63459,148.44432,109.54489,140.4892,134.33951,143.78713,178.63784,168.21598,0.0,154.48537,165.75124,129.18769,168.91145,137.20025,134.01636,159.66712,106.07975,115.11261,133.36458,161.25508,136.1853,151.52736,154.65843,163.06061,158.56369,144.54353,155.99892,137.38174,130.57412,136.68927,152.02679,151.02016,128.21297,144.22746,168.51756,132.23197,142.80302,148.00417,169.39657,172.32354,134.74536,139.63763,142.11599,176.15221,138.48157,132.49283,128.12079,122.32564,110.21002,164.08855,169.90995,103.64803,120.72138,142.79709,136.03291,172.1208,148.29231,146.97019,128.17741,132.76733,152.01307,139.23629,133.83749,169.5669,165.00159,178.88221,118.2064,162.5214,161.79281,133.78673,127.64545,127.6402,134.85277,162.42066,158.68075,163.14731,128.54809,114.90502,121.9254,127.10775,137.14416,1
166.34438,191.05903,163.68048,174.78443,185.5198,162.4135,161.54389,117.6751,148.20758,118.90544,160.377,160.77929,121.83624,133.1287,128.22027,159.09044,148.49598,136.34701,111.96857,169.86513,179.78827,163.00322,139.67024,126.19887,171.53056,161.18936,144.81905,154.48537,0.0,140.84568,161.57148,167.66598,169.1966,164.3335,122.22795,150.79425,149.11072,187.7182,121.20013,168.56347,138.79973,168.14438,111.46262,156.10655,162.89958,202.71941,186.9366,156.10709,132.46374,177.50347,199.06096,131.6472,181.09745,158.72278,145.03503,163.55943,115.71094,131.56863,120.79653,167.99526,147.09731,153.81457,166.3055,131.89923,174.71631,165.07522,141.12975,144.67676,111.43199,132.85204,151.28519,167.35557,170.40406,168.70548,123.93081,122.26632,152.90776,141.539,163.49898,199.95094,122.24978,187.60187,140.90913,168.50948,158.09626,145.2335,145.04639,142.21766,186.65291,173.54529,164.63015,187.56349,143.64225,110.77369,166.95282,156.928,145.34347,132.58879,147.1811,189.59414,1
134.54632,186.69044,163.06647,158.01375,176.51692,128.95649,120.98063,154.16773,121.32616,123.14597,169.02872,171.14832,119.01002,110.45227,163.1459,133.18725,179.95247,144.45982,148.91855,151.76449,207.39584,175.18684,126.33214,134.07166,153.80559,120.34849,103.97738,165.75124,140.84568,0.0,152.61968,131.58712,155.73054,190.90979,163.06701,159.81149,152.20554,192.47649,120.64155,194.68278,114.94993,141.50998,150.11497,123.82132,142.55732,192.44346,182.77248,183.48077,129.17101,155.78106,190.85945,138.65334,205.97029,120.42281,136.29914,144.64732,154.32277,114.74207,156.54755,156.06054,131.17194,186.54545,126.59579,127.41565,166.91115,157.44962,166.2108,160.13803,148.98707,173.44656,162.1683,166.1291,153.08051,194.69772,161.90878,160.90213,129.81755,170.04092,152.12575,191.48491,156.25658,190.13038,104.6923,134.99116,117.43116,148.13824,107.79148,105.71021,187.31955,192.44924,157.27516,187.79032,106.3958,131.10393,134.14937,148.30548,151.00596,151.12317,141.78388,189.0215,1
135.33051,134.11131,114.03815,115.77225,125.02932,137.91019,163.02447,159.08531,132.53392,158.85779,127.40582,130.5094,153.08634,158.34298,160.08875,126.11068,163.36027,127.21398,173.51378,114.45231,177.2998,134.89592,127.57491,135.38965,114.74412,158.72296,153.54409,129.18769,161.57148,152.61968,0.0,143.94066,108.89034,163.20378,175.35602,124.79462,117.34834,141.99682,157.86545,165.29514,137.97336,126.84776,172.60396,136.38097,116.92139,142.08733,130.15764,159.33934,130.70251,122.99119,139.37684,130.1999,172.39801,147.16245,118.07578,114.66886,162.51215,162.03645,182.22146,106.88578,121.45699,169.76522,153.3937,132.01436,114.56921,104.84182,147.24944,133.17506,172.91667,187.00467,127.64623,115.5715,113.69338,165.12926,184.21903,165.64841,124.8542,153.539,103.58514,140.13556,156.22831,138.74271,157.23042,138.91804,160.45475,118.80522,146.61285,147.24601,135.38061,154.45624,104.72596,135.69363,147.22711,160.54105,137.24912,104.83205,121.11786,137.03362,114.46313,136.68227,1
108.99143,173.32834,157.81785,139.99956,161.07025,106.79333,125.57334,176.34109,120.95416,152.94169,169.39836,172.30062,147.37747,142.00991,182.8969,118.13129,194.94846,153.45554,177.74748,134.55367,216.59865,176.81331,133.22254,149.64633,136.22199,120.89009,128.90449,168.91145,167.66598,131.58712,143.94066,0.0,141.62015,200.85542,188.87919,163.06636,153.84068,185.44767,150.58773,203.85674,129.00569,119.16057,178.39433,112.24777,127.34617,173.71459,170.18323,194.93456,141.3898,133.58285,173.9181,150.35041,213.04982,111.58034,137.51704,129.85323,177.85566,146.32909,186.08212,143.27513,130.12612,201.853,111.5098,140.57988,154.54371,148.08938,178.86536,167.8601,177.62454,200.26072,166.05616,159.4962,136.1617,203.77,190.7997,183.70462,122.13551,184.2943,141.40563,174.26243,176.56129,181.69665,135.04585,106.12495,124.97924,151.48693,124.39361,127.29966,177.84509,196.3085,148.21693,177.89781,125.98287,159.82813,107.12606,141.91958,155.09882,163.84535,141.99453,178.317,2
132.64946,132.23672,120.09615,106.92909,120.92324,136.40999,163.31045,167.66337,134.62191,164.83427,134.56312,137.66362,158.83544,162.62887,168.93351,125.27374,172.06119,135.83237,181.16515,107.71909,184.6483,141.83994,132.73522,143.03614,107.00836,158.75989,156.04657,137.20025,169.1966,155.73054,108.89034,141.62015,0.0,171.10679,183.84325,133.2773,126.21506,144.20422,163.59663,172.96146,141.83659,122.89193,180.40211,136.38865,114.71062,136.83412,128.79411,167.65145,137.40288,114.98367,135.15219,138.30815,179.32201,146.95093,124.46377,112.16922,170.99978,166.59741,189.95692,102.48529,125.55227,178.39104,152.11287,138.48201,112.92459,109.21161,156.05012,141.91556,180.60839,195.55525,136.0183,120.15218,106.32981,172.77684,192.23817,174.33216,126.20884,162.34416,105.87633,135.76071,164.9547,140.20874,160.41923,135.9708,161.12643,127.63677,148.98463,150.11439,136.2597,161.02785,109.64747,136.28494,149.84796,167.30859,134.55686,112.62509,130.0082,145.86967,122.1532,136.71064,1
194.01606,166.70787,151.55169,177.77073,171.11813,194.06449,209.99628,147.32134,181.60096,178.47968,136.93286,133.97241,176.92182,188.94728,137.46843,183.55427,118.05618,148.16444,170.34393,177.65068,116.48681,130.51783,169.30303,156.84539,177.77773,207.25031,194.15561,134.01636,164.3335,190.90979,163.20378,200.85542,171.10679,0.0,156.74089,138.88462,147.86426,150.17996,179.68811,104.24166,178.76595,188.17405,167.7729,189.56928,178.16192,183.01952,164.24601,108.22762,162.88551,186.00363,177.4276,152.9222,116.82145,198.53238,163.33871,176.57581,150.67163,189.82697,174.63193,168.63389,170.76248,117.65752,206.62818,164.4192,164.76505,161.94201,124.92026,133.00244,169.44559,162.34347,135.87155,152.92748,176.80043,104.41423,171.55156,146.4762,178.73357,122.8305,166.78368,178.39978,142.24303,153.78544,193.7579,197.59788,206.5081,149.50892,189.80498,188.3118,156.34984,118.83752,161.48139,157.51641,189.2754,172.88532,195.7028,162.33531,145.90469,139.79904,159.09439,159.85557,2
186.65548,199.9989,173.60881,190.15576,196.98265,183.23606,183.75998,116.43233,168.65651,140.84974,166.00826,165.34394,144.05733,155.18304,120.82468,178.42398,138.7719,148.16675,118.27693,186.08733,169.75726,166.10785,158.4905,142.43291,187.49093,183.40481,167.04192,159.66712,122.22795,163.06701,175.35602,188.87919,183.84325,156.74089,0.0,158.06515,159.8379,192.26154,143.24182,160.8385,159.87632,187.07391,115.75954,176.97272,180.42386,213.66283,196.09116,149.03458,150.34737,194.39709,209.26782,145.79544,173.14276,180.51651,161.39961,180.58944,112.8458,153.24875,118.74595,182.18746,165.24037,141.76735,188.26937,150.34864,186.5776,177.89799,139.69912,149.5568,117.60226,111.873,157.37045,177.08302,186.31791,161.0698,114.82336,111.56217,172.10983,136.70244,177.9678,210.22715,120.47952,193.35343,163.08565,189.1377,180.32065,156.95326,167.02411,164.25016,193.45191,170.76367,177.39635,194.51125,165.66581,132.55687,187.47061,171.2183,155.701,139.69594,161.93558,196.784,2
155.66474,141.93441,116.44525,140.17457,139.9776,156.34818,176.03279,141.87356,145.48523,156.00226,109.98909,111.47692,151.8386,161.45635,139.47692,145.26149,138.92379,116.49783,161.68383,139.17794,153.86607,115.37535,134.42266,129.0945,139.53762,172.55878,162.21964,106.07975,150.79425,159.81149,124.79462,163.06636,133.2773,138.88462,158.06515,0.0,109.23451,137.06857,156.07269,141.37543,145.50207,149.33131,160.0109,152.57395,139.28612,155.98375,138.03556,134.57022,130.84652,147.78577,151.34796,122.79478,149.98639,162.46962,126.18879,137.6958,145.88096,163.88469,169.46459,130.89895,133.6185,145.14088,170.13964,132.64563,130.53704,124.55447,123.46033,109.37722,160.90234,168.82041,103.03719,119.52453,138.48584,141.24785,169.75538,146.99181,141.05077,129.68824,128.36482,152.32129,137.61593,136.81225,163.68627,159.29746,172.8093,112.12746,156.47155,155.77932,136.06928,133.69637,124.04231,137.04178,156.38906,154.16196,157.42911,123.47516,108.85485,118.83262,121.14571,139.19129,1
146.44183,141.9532,114.57026,133.11869,137.22443,147.13179,167.46896,143.40642,136.61962,151.22424,116.94525,119.3694,146.41485,154.90874,143.21512,136.03025,146.21646,112.76462,160.66955,131.21195,163.05185,123.72264,126.18259,124.56089,131.84658,163.84721,154.32602,115.11261,149.11072,152.20554,117.34834,153.84068,126.21506,147.86426,159.8379,109.23451,0.0,141.46689,150.93008,150.493,137.52675,140.32195,159.33697,143.46533,130.37252,154.16124,137.82657,143.06298,124.06762,139.98852,150.1591,118.1737,159.21829,153.50732,117.26573,128.94611,147.13275,157.74002,168.97837,124.04454,124.58557,152.74825,161.07109,125.84317,126.73971,118.54582,129.95941,116.07458,159.96433,171.19047,112.2491,118.24714,130.7288,150.37522,170.11003,149.48044,131.85987,136.23669,120.74024,151.07698,139.96015,140.13044,156.31013,150.07108,164.33053,104.38088,148.26111,147.81759,138.39408,142.71584,118.0228,139.18173,148.3111,150.66207,148.20025,114.99165,104.14245,120.40789,112.00738,141.02412,1
176.57934,120.03459,129.4825,147.9441,130.29829,179.72,204.86543,176.9722,173.93326,192.50074,127.34156,127.21405,187.85665,196.1661,171.88538,167.99833,162.06826,153.04504,198.26662,151.80794,156.36987,126.18398,166.16583,165.57846,150.61092,200.64545,194.05327,133.36458,187.7182,192.47649,141.99682,185.44767,144.20422,150.17996,192.26154,137.06857,141.46689,0.0,192.32352,149.35205,177.52976,167.07223,196.42204,178.3702,158.1031,135.42856,119.84635,152.26297,165.45127,156.81577,129.79312,159.13904,148.74725,189.14842,156.18165,155.59611,181.0915,199.14339,205.65019,142.29507,162.0142,165.57589,195.31898,167.20147,131.64894,137.4961,152.97763,143.49677,197.45246,201.80393,136.43884,126.74344,150.28032,149.03748,205.24272,180.72804,166.72475,157.49026,144.1232,130.64243,172.08488,105.06367,196.84163,180.01672,202.16555,145.84417,187.41898,187.55571,109.44428,132.09895,137.43402,110.18598,187.78793,191.16147,178.50466,145.24635,144.10992,155.25451,150.70078,111.75,2
151.39384,191.00555,164.52631,167.74869,182.89472,146.49564,140.69217,136.95498,134.23593,102.50693,166.03834,167.39268,104.78074,111.94515,147.01163,146.62235,166.00348,139.58658,128.28696,161.92315,195.91984,170.69868,130.87549,126.97845,163.86083,140.79532,124.49899,161.25508,121.20013,120.64155,157.86545,150.58773,163.59663,179.68811,143.24182,156.07269,150.93008,192.32352,0.0,183.77146,124.24342,155.82591,129.56531,140.42455,153.43046,199.88031,186.87181,171.68224,127.6281,168.04359,197.21783,133.32552,195.89789,140.27353,139.78967,154.85244,136.13313,110.71645,135.97061,163.1233,138.32386,172.0645,147.09856,126.08188,172.31586,162.286,154.91508,153.16573,128.37691,153.11616,157.64226,168.07104,162.88515,183.85176,141.26758,142.83881,141.27455,157.26181,158.65441,197.99081,140.25789,191.0429,119.93128,152.77145,137.34299,146.55257,126.40225,123.44801,189.09696,185.15006,161.95686,189.80427,124.84196,110.72116,151.52467,153.05123,148.25261,141.80525,144.0639,191.47499,1
