Vértice_1,Vértice_2,Vértice_3,Vértice_4,Vértice_5,Vértice_6,Vértice_7,Vértice_8,Vértice_9,Vértice_10,Vértice_11,Vértice_12,Vértice_13,Vértice_14,Vértice_15,Vértice_16,Vértice_17,Vértice_18,Vértice_19,Vértice_20,Vértice_21,Vértice_22,Vértice_23,Vértice_24,Vértice_25,Conjuntos
0.0,124.145,120.07396,186.06751,162.65901,163.14758,159.50159,114.66469,148.19095,168.28149,114.20067,111.4589,167.96819,125.50244,112.05427,134.54878,121.67802,180.91581,158.10406,174.18629,126.43465,122.85568,141.70801,112.43331,138.11672,1
124.145,0.0,134.19804,162.31432,139.99459,139.00274,138.78361,121.21139,136.60783,156.43485,123.31023,113.1551,148.43126,137.05092,114.40646,135.64646,111.27241,159.55457,148.32085,150.0983,144.92055,117.06526,150.58821,136.5358,140.54419,1
120.07396,134.19804,0.0,189.1038,173.92731,169.74072,172.93932,134.29658,139.57144,186.55175,110.88985,122.92274,182.40911,145.05854,129.0278,154.53498,124.89683,193.73347,146.55047,181.45362,142.86336,121.09905,161.1398,120.33981,121.19964,1
186.06751,162.31432,189.1038,0.0,139.1865,125.45744,148.61466,182.0474,157.26423,178.81356,180.06333,174.62969,153.30102,195.9933,176.55017,187.6567,165.95585,146.66528,161.78551,120.51318,206.14537,168.23883,205.20821,198.14891,180.62976,2
162.65901,139.99459,173.92731,139.1865,0.0,117.61475,109.42829,153.22785,159.74489,140.16176,163.11112,152.81014,116.29031,163.66129,150.85937,152.19886,149.33273,120.52803,169.85121,118.98049,175.62287,154.29349,169.50786,174.93137,175.37844,1
163.14758,139.00274,169.74072,125.45744,117.61475,0.0,126.19874,157.41694,146.94631,157.2698,159.61225,151.98643,133.86414,170.79169,152.65827,162.20582,145.08445,134.26255,155.67243,111.75923,181.35763,148.73763,179.75282,175.52414,166.34898,1
159.50159,138.78361,172.93932,148.61466,109.42829,126.19874,0.0,148.46303,163.9647,131.07958,162.0521,150.72086,110.25148,157.1338,147.45917,144.57312,149.24921,121.43536,174.74032,128.3605,169.54214,154.67124,161.52288,171.40469,177.03754,1
114.66469,121.21139,134.29658,182.0474,153.22785,157.41694,148.46303,0.0,154.59811,153.85806,126.15697,115.67444,155.92187,116.12075,108.20347,120.41466,125.82543,169.77627,165.69904,167.40819,124.12452,129.80792,131.10255,124.08818,150.02096,1
148.19095,136.60783,139.57144,157.26423,159.74489,146.94631,163.9647,154.59811,0.0,189.55944,135.38429,139.45878,174.11307,170.47793,146.39868,172.0065,128.77276,179.74594,111.78153,157.64574,174.49629,125.51795,185.63737,156.46825,124.34583,1
168.28149,156.43485,186.55175,178.81356,140.16176,157.2698,131.07958,153.85806,189.55944,0.0,176.51714,163.96497,125.81306,153.45652,157.55947,138.1037,167.63692,137.9239,201.09299,158.30046,166.02506,173.4256,149.03171,177.506,196.91796,2
114.20067,123.31023,110.88985,180.06333,163.11112,159.61225,162.0521,126.15697,135.38429,176.51714,0.0,112.55223,171.5508,139.42736,119.5556,146.53844,114.52783,182.85483,144.52005,171.24897,140.33534,112.05438,155.5997,121.12475,124.15208,1
111.4589,113.1551,122.92274,174.62969,152.81014,151.98643,150.72086,115.67444,139.45878,163.96497,112.55223,0.0,159.86934,131.10093,107.78366,135.31462,111.10008,171.8961,150.27376,163.20271,135.70444,114.21818,146.67211,123.60354,134.99366,1
167.96819,148.43126,182.40911,153.30102,116.29031,133.86414,110.25148,155.92187,174.11307,125.81306,171.5508,159.86934,0.0,162.58036,155.93322,148.69084,159.14216,115.09314,184.77071,132.84422,175.34663,164.64999,164.55817,179.5136,187.19948,1
125.50244,137.05092,145.05854,195.9933,163.66129,170.79169,157.1338,116.12075,170.47793,153.45652,139.42736,131.10093,162.58036,0.0,124.18575,115.36564,141.75751,177.4065,181.37408,179.80925,112.90994,145.30062,116.20617,128.24132,163.54097,1
112.05427,114.40646,129.0278,176.55017,150.85937,152.65827,147.45917,108.20347,146.39868,157.55947,119.5556,107.78366,155.93322,124.18575,0.0,127.53667,117.62765,168.88166,157.50198,163.29589,130.662,121.68731,139.29758,124.08877,142.71233,1
134.54878,135.64646,154.53498,187.6567,152.19886,162.20582,144.57312,120.41466,172.0065,138.1037,146.53844,135.31462,148.69084,115.36564,127.53667,0.0,143.90812,163.73667,183.57416,169.78244,128.10267,148.77322,117.56862,141.11659,170.20369,1
121.67802,111.27241,124.89683,165.95585,149.33273,145.08445,149.24921,125.82543,128.77276,167.63692,114.52783,111.10008,159.14216,141.75751,117.62765,143.90812,0.0,169.45689,139.9711,156.72802,146.79961,105.79697,156.88081,132.76052,129.29163,1
180.91581,159.55457,193.73347,146.66528,120.52803,134.26255,121.43536,169.77627,179.74594,137.9239,182.85483,171.8961,115.09314,177.4065,168.88166,163.73667,169.45689,0.0,189.37476,128.06698,190.08543,174.58499,179.63948,192.83996,195.90439,1
158.10406,148.32085,146.55047,161.78551,169.85121,155.67243,174.74032,165.69904,111.78153,201.09299,144.52005,150.27376,184.77071,181.37408,157.50198,183.57416,139.9711,189.37476,0.0,165.52889,184.53865,136.08403,196.79951,165.13802,127.45541,2
174.18629,150.0983,181.45362,120.51318,118.98049,111.75923,128.3605,167.40819,157.64574,158.30046,171.24897,163.20271,132.84422,179.80925,163.29589,169.78244,156.72802,128.06698,165.52889,0.0,190.99242,160.47894,187.3057,186.60866,177.88242,1
126.43465,144.92055,142.86336,206.14537,175.62287,181.35763,169.54214,124.12452,174.49629,166.02506,140.33534,135.70444,175.34663,112.90994,130.662,128.10267,146.79961,190.08543,184.53865,190.99242,0.0,149.00736,122.35803,123.04071,163.3074,1
122.85568,117.06526,121.09905,168.23883,154.29349,148.73763,154.67124,129.80792,125.51795,173.4256,112.05438,114.21818,164.64999,145.30062,121.68731,148.77322,105.79697,174.58499,136.08403,160.47894,149.00736,0.0,160.87297,132.48136,123.49667,1
141.70801,150.58821,161.1398,205.20821,169.50786,179.75282,161.52288,131.10255,185.63737,149.03171,155.5997,146.67211,164.55817,116.20617,139.29758,117.56862,156.88081,179.63948,196.79951,187.3057,122.35803,160.87297,0.0,143.33117,179.7313,2
112.43331,136.5358,120.33981,198.14891,174.93137,175.52414,171.40469,124.08818,156.46825,177.506,121.12475,123.60354,179.5136,128.24132,124.08877,141.11659,132.76052,192.83996,165.13802,186.60866,123.04071,132.48136,143.33117,0.0,141.4028,1
138.11672,140.54419,121.19964,180.62976,175.37844,166.34898,177.03754,150.02096,124.34583,196.91796,124.15208,134.99366,187.19948,163.54097,142.71233,170.20369,129.29163,195.90439,127.45541,177.88242,163.3074,123.49667,179.7313,141.4028,0.0,2
