Vértice_1,Vértice_2,Vértice_3,Vértice_4,Vértice_5,Vértice_6,Vértice_7,Vértice_8,Vértice_9,Vértice_10,Vértice_11,Vértice_12,Vértice_13,Vértice_14,Vértice_15,Vértice_16,Vértice_17,Vértice_18,Vértice_19,Vértice_20,Vértice_21,Vértice_22,Vértice_23,Vértice_24,Vértice_25,Vértice_26,Vértice_27,Vértice_28,Vértice_29,Vértice_30,Vértice_31,Vértice_32,Vértice_33,Vértice_34,Vértice_35,Vértice_36,Vértice_37,Vértice_38,Vértice_39,Vértice_40,Vértice_41,Vértice_42,Vértice_43,Vértice_44,Vértice_45,Vértice_46,Vértice_47,Vértice_48,Vértice_49,Vértice_50,Vértice_51,Vértice_52,Vértice_53,Vértice_54,Vértice_55,Vértice_56,Vértice_57,Vértice_58,Vértice_59,Vértice_60,Vértice_61,Vértice_62,Vértice_63,Vértice_64,Vértice_65,Vértice_66,Vértice_67,Vértice_68,Vértice_69,Vértice_70,Vértice_71,Vértice_72,Vértice_73,Vértice_74,Vértice_75,Vértice_76,Vértice_77,Vértice_78,Vértice_79,Vértice_80,Vértice_81,Vértice_82,Vértice_83,Vértice_84,Vértice_85,Vértice_86,Vértice_87,Vértice_88,Vértice_89,Vértice_90,Vértice_91,Vértice_92,Vértice_93,Vértice_94,Vértice_95,Vértice_96,Vértice_97,Vértice_98,Vértice_99,Vértice_100,Conjuntos
0.0,135.93095,183.06577,163.06863,141.4703,109.50778,144.85625,136.68272,142.42563,117.86845,143.60544,143.97702,170.07356,110.9206,191.78328,122.05919,180.22221,133.42942,115.0887,185.93333,144.7288,174.85324,153.69569,179.98021,110.30228,150.59792,124.62681,189.81152,146.19574,207.16745,158.22885,175.31493,173.05602,164.72912,144.76326,162.07875,189.70125,186.37672,160.01234,179.03038,127.08521,120.98558,123.50897,165.40779,179.27636,141.79246,139.14568,155.70467,169.21738,110.61373,146.22053,170.54546,184.02288,101.19756,186.16141,193.0822,170.43374,164.13313,151.29699,192.61593,194.43179,156.73436,177.64261,204.86416,164.40384,159.46539,142.82013,123.18051,101.69778,119.85676,200.0519,144.63343,177.65206,167.76643,167.00969,161.3578,169.23087,153.68781,167.29419,184.0965,154.90226,177.26025,142.74232,174.32361,186.4432,177.85879,190.01609,131.37631,203.535,189.47783,196.00386,128.02655,140.11415,173.40786,162.80794,169.22486,144.6028,181.67518,164.91397,184.46535,2
135.93095,0.0,148.94247,130.74846,123.48493,133.02829,124.03259,132.82403,106.6447,140.81772,148.7328,151.34728,150.17603,144.606,160.39336,146.08807,145.69469,122.72739,123.70871,150.85084,108.8514,139.21144,139.6238,144.87883,126.12095,116.4154,118.01329,160.42824,139.24526,173.0163,131.79821,145.58565,151.92563,157.31826,133.76356,149.0406,160.64731,160.53003,150.46707,152.72898,151.73989,116.41145,115.26163,130.13863,153.43657,115.51181,142.46455,123.97957,133.30955,140.15682,118.51607,145.94957,157.57308,135.88214,150.27296,157.91636,141.84904,128.20276,115.38692,157.91992,161.3846,124.11735,148.03868,172.64547,157.59855,130.58174,144.72266,128.69511,134.88612,116.17319,167.27756,116.31757,147.59246,149.76739,147.88982,143.15894,142.23074,141.37424,162.03844,155.96719,120.53864,151.5659,111.48698,139.14734,150.72074,141.95795,154.13375,134.9718,171.34478,155.35562,161.32382,108.35571,118.54363,146.69411,146.46872,148.91512,135.21835,154.40797,141.69016,148.74838,1
183.06577,148.94247,0.0,120.51135,146.56083,181.73415,161.21381,176.95726,143.83831,189.74725,172.74337,176.11918,140.51255,192.80466,116.52748,194.97659,103.86753,167.75091,172.54705,106.96514,141.60761,127.43364,148.59585,132.7086,174.21652,142.04079,159.38641,161.88415,179.4736,124.15577,130.65258,117.81324,173.058,162.38298,173.4119,151.5267,123.13397,170.0615,156.86091,164.71056,200.56348,162.08065,159.62483,132.44912,128.70343,154.53411,187.14216,145.77233,121.47772,188.81175,152.8673,164.45414,128.49133,182.72065,117.55952,112.20806,121.83824,125.66967,134.93636,110.03729,113.33497,143.65823,155.10824,125.12072,163.31855,126.89821,167.9989,176.92223,181.71786,164.43085,119.25512,138.95599,116.56074,175.97774,173.48092,171.97841,158.52225,176.8229,167.52913,162.5017,139.78705,128.66004,149.22549,111.42503,113.90559,117.77806,125.29046,166.46914,123.95025,142.30907,113.24245,157.23939,145.09666,160.94229,175.94464,139.52137,175.3576,163.59674,133.69911,127.11099,1
163.06863,130.74846,120.51135,0.0,126.3237,162.50902,148.30215,161.90737,127.09217,171.17755,154.00286,157.36138,130.18654,173.11572,129.66462,176.5468,118.44037,152.03153,153.59715,125.02323,125.28224,129.52328,131.62776,136.85676,154.66553,129.50998,139.02715,163.87734,166.2996,144.26025,112.80588,115.58833,167.56055,148.27842,160.26607,137.27016,130.3709,169.23,141.77375,162.4069,182.27865,142.13469,139.55969,127.78885,126.04696,140.21745,171.99462,136.31149,119.43774,169.47343,139.98341,159.3686,129.15861,162.65418,130.33937,131.93354,113.52235,119.10866,120.04467,130.48645,131.38654,134.56279,153.91647,142.19018,149.05533,108.22512,149.18609,159.43354,161.65958,145.14846,137.09639,118.56639,117.26368,168.55606,166.16215,163.23168,153.74082,165.60364,153.66209,162.33953,129.26792,124.61301,134.4145,115.54234,128.54775,124.2347,137.36356,146.36026,140.87226,148.78424,133.74854,138.64937,124.59063,157.30499,167.16747,128.86397,162.07916,162.38875,120.85111,135.33638,1
141.4703,123.48493,146.56083,126.3237,0.0,144.00626,147.51689,154.45999,126.25362,154.11517,129.50523,132.69848,129.72271,152.3062,151.76129,159.538,144.75047,144.72406,137.00195,151.34518,126.65931,150.41885,116.32498,157.5417,135.64499,135.73259,117.30456,179.48729,161.96755,169.48874,117.45478,134.93706,174.69765,133.84224,156.81683,125.86507,148.6219,181.56148,126.9834,173.87976,165.34654,122.95074,120.15533,144.21424,137.8076,138.92812,163.16217,144.35631,141.15916,150.09575,141.49039,168.04345,142.56289,140.74933,155.68181,158.23946,129.73939,137.84224,128.21208,156.5974,155.75953,143.69011,167.62742,165.09272,134.14335,119.9683,124.80224,146.54009,139.84583,128.63944,160.89592,111.33951,137.3457,173.04874,171.07998,166.52415,163.61832,164.76295,138.63257,176.04409,138.58957,135.79169,134.23435,141.2128,154.42627,148.43135,161.94039,120.04862,163.77257,169.41868,159.76469,126.57016,105.0658,167.95737,169.90884,128.6772,158.11753,175.02619,123.4978,158.48277,1
109.50778,133.02829,181.73415,162.50902,144.00626,0.0,137.19667,127.4138,139.00279,110.42704,151.22793,151.97863,173.54201,112.16937,191.92906,115.66928,178.60588,125.30793,109.38904,183.8749,141.36175,170.51727,157.98698,175.02615,108.3653,145.79846,126.72188,182.41334,136.84933,205.87627,159.57465,175.96625,164.43585,170.81884,135.77236,166.92544,190.76899,178.27697,165.53347,171.11786,121.40644,121.32505,124.16175,160.81561,181.28872,135.50073,129.66702,149.7626,165.96601,107.13253,139.80647,162.48356,185.91403,110.57605,182.90342,190.94465,171.41072,160.73696,148.20278,190.89578,193.78245,151.04608,170.48029,204.69104,170.60221,160.09316,149.83376,114.01704,110.3595,117.36737,199.57288,144.7644,178.21063,158.87191,158.24999,152.60827,161.64667,144.5454,173.85629,176.47987,150.00893,179.28389,137.535,172.17187,183.59841,174.58761,186.04351,137.86811,203.3704,183.76768,194.30075,124.67652,141.60482,165.67554,153.83402,172.56786,135.47071,173.91108,167.37477,180.14861,1
144.85625,124.03259,161.21381,148.30215,147.51689,137.19667,0.0,117.17804,122.8654,139.18115,171.18157,173.44731,172.9551,148.88903,175.85884,142.81759,157.4074,112.07315,129.82804,160.42601,123.85122,140.40624,163.59453,142.52105,135.14673,119.33973,138.71167,145.21899,118.30388,183.3854,153.54835,163.87727,129.66625,181.34987,112.21956,172.94121,178.36963,141.62195,174.49705,134.18556,147.03198,133.99172,134.69809,131.06945,173.7581,108.78533,126.83662,116.85703,140.45662,143.08455,108.44112,125.82141,177.30456,145.44856,155.29791,166.55472,161.36725,135.66334,128.2642,167.99837,174.54227,118.88862,133.40118,186.32395,181.62432,151.14914,167.58601,124.55826,144.68746,128.98136,180.46747,139.31324,165.41629,126.24771,124.65107,119.4821,124.45893,117.77444,186.04543,139.31222,121.51708,172.07998,114.39533,149.85537,157.36421,147.77852,155.84342,156.69842,185.13289,148.84899,171.17749,123.76684,142.55489,128.56292,122.54242,171.63889,114.14995,136.82675,163.90579,149.25982,1
136.68272,132.82403,176.95726,161.90737,154.45999,127.4138,117.17804,0.0,134.86307,125.34897,172.41188,174.02842,182.81114,137.13561,190.7409,127.71441,173.23985,110.10224,123.98705,176.78567,136.62886,157.52026,170.7115,159.67095,129.35262,135.03307,140.86169,159.01656,109.58813,199.79081,164.60367,177.3654,138.01025,187.09407,109.05919,180.2682,192.2769,152.98401,180.68271,146.5254,131.0424,134.74591,136.67242,148.05168,186.05556,122.42332,110.19432,133.98261,156.88365,131.31393,124.59829,137.72322,190.03392,137.61381,172.26529,183.15147,174.12921,151.86385,142.5204,184.34175,190.18931,135.96769,148.2578,201.90645,187.1697,163.12014,169.69924,113.50903,137.1493,128.31291,196.15533,149.11596,179.16095,131.87638,131.56966,126.06023,138.50332,117.20558,191.20999,152.60933,137.96852,184.22641,127.87052,165.79283,174.16692,164.56624,173.01166,157.75803,200.67292,165.48163,187.59528,127.89119,150.0782,141.8379,126.72207,181.57899,108.24908,149.67805,174.49803,166.43587,1
142.42563,106.6447,143.83831,127.09217,126.25362,139.00279,122.8654,134.86307,0.0,146.15803,153.52618,156.31468,150.09251,150.79775,156.33707,151.28061,140.40978,124.9408,129.61673,145.18959,102.359,132.57926,141.60639,138.24678,132.47093,110.34894,124.17998,154.82198,139.92261,167.70563,130.73544,142.50332,148.47445,159.7763,134.05345,150.69714,157.44046,155.73183,152.79468,147.97269,156.79337,123.03824,121.76038,123.5058,151.47978,114.12949,144.91347,118.59023,126.99382,146.12945,115.62858,141.82028,155.30365,142.41683,143.95849,152.16323,139.3509,121.80613,109.2301,152.43197,156.64408,118.36212,142.5493,168.13136,160.1607,128.61028,149.27699,133.09119,141.42617,122.58673,162.59297,116.68469,144.3193,147.16788,145.09541,140.83839,137.5778,140.6392,164.7335,150.70724,114.21936,149.71613,108.53453,133.52734,144.59726,135.63562,147.59123,140.33789,166.85317,148.82827,155.82291,114.49958,121.19471,141.9819,144.433,148.77463,135.73625,149.38109,141.05854,142.13327,1
117.86845,140.81772,189.74725,171.17755,154.11517,110.42704,139.18115,125.34897,146.15803,0.0,161.1662,161.71409,183.75523,112.76913,200.7922,105.46481,186.44596,127.24363,117.71922,191.34737,148.4833,176.11376,168.36236,179.89129,118.57954,151.43569,136.91344,183.72457,133.70977,213.77462,169.191,185.17327,163.34857,181.2033,134.39397,177.3394,200.1059,178.25411,175.95674,171.59643,111.30073,131.22249,134.0559,166.30384,191.05328,139.78543,123.90025,153.93243,172.65822,107.93506,143.70477,162.79828,195.61783,119.06591,189.3922,198.30348,180.79612,167.3831,155.35757,198.56971,202.16733,155.50273,172.37045,213.31772,180.97299,169.39893,160.00177,114.77436,119.25862,126.39942,208.03583,154.01517,187.35946,157.06274,156.8805,151.40354,162.94704,142.17646,184.16891,177.46526,155.42101,189.05946,143.04666,179.68132,190.4413,181.15163,191.82701,148.13723,212.00731,187.6101,201.96551,132.60018,151.43525,166.61092,151.86308,182.75513,133.53384,174.64752,177.34089,185.6434,2
143.60544,148.7328,172.74337,154.00286,129.50523,151.22793,171.18157,172.41188,153.52618,161.1662,0.0,103.37687,140.28641,153.14383,173.31603,165.6507,171.73348,164.45252,149.23728,178.46972,154.5522,179.90834,124.98467,187.04669,144.7972,163.72769,132.55543,208.14461,181.48723,193.37472,142.14166,157.42656,200.34522,124.32642,177.59529,127.62382,167.38003,209.16316,122.81278,201.37424,170.64007,138.02584,136.70615,173.59199,154.35697,163.5911,178.62641,172.11639,170.51948,154.2184,167.11591,194.67094,158.8588,142.43404,184.24153,184.90189,152.19273,167.34191,157.31644,182.56569,179.2106,171.80066,196.00017,186.24929,123.6329,146.23687,104.82081,160.63811,142.05927,144.23429,183.34824,140.77352,159.69578,197.42769,195.79672,190.65036,190.90176,186.51488,125.14409,204.22557,167.09521,152.66279,160.21848,169.49146,182.548,177.43173,190.90281,114.71437,185.02274,198.916,185.41234,147.46328,133.76763,195.3503,193.49442,140.21053,178.36533,202.89175,141.21573,187.80039,2
143.97702,151.34728,176.11918,157.36138,132.69848,151.97863,173.44731,174.02842,156.31468,161.71409,103.37687,0.0,143.31364,153.12053,176.59064,166.02819,175.10926,166.33552,150.57218,181.84543,157.41105,183.117,128.27848,190.23052,145.92089,166.56556,134.73998,211.02929,183.21417,196.69996,145.51847,160.75933,202.75377,126.30832,179.49053,130.49091,170.56338,211.85138,125.47581,204.05501,170.86233,139.95997,138.82061,176.68584,157.50899,166.01844,179.91477,174.89557,173.77626,154.55604,169.63437,197.2308,161.97275,142.78982,187.58474,188.27854,155.53603,170.53993,160.35416,185.93813,182.53547,174.63408,198.83941,189.48677,125.53217,149.60928,108.17636,161.96645,142.49015,146.0272,186.63782,143.92034,163.02068,199.6732,198.09113,192.88454,193.56676,188.47485,126.51175,207.02055,170.00332,155.83862,162.81767,172.84174,185.9081,180.74189,194.22029,116.75377,188.26589,202.07306,188.78019,149.68588,136.85597,198.02426,195.65051,143.28487,180.19512,205.6323,144.5005,191.07005,2
170.07356,150.17603,140.51255,130.18654,129.72271,173.54201,172.9551,182.81114,150.09251,183.75523,140.28641,143.31364,0.0,180.99369,135.2121,189.15199,141.302,172.77987,166.72385,147.37793,149.2979,159.38278,117.0922,166.5824,165.21193,156.51,146.84461,194.06343,189.38074,156.14618,119.8185,122.70604,196.24775,122.69671,183.7599,113.19065,127.91191,199.19601,118.7989,192.17682,194.93689,152.66369,149.87661,157.85438,114.81813,164.19446,192.04956,164.49965,149.4238,179.34966,165.45525,188.41307,118.875,169.21306,156.57743,152.14351,119.26187,149.24799,146.81927,148.77949,142.38179,163.0596,183.9623,147.21476,123.7122,123.40079,136.48273,176.02901,168.39254,158.31163,145.32922,133.91666,124.22759,196.28106,194.01749,190.34815,183.02969,190.7253,127.48085,192.43389,157.53315,113.54907,158.60456,143.007,153.57433,152.63236,164.33444,141.73486,146.0862,178.25735,150.86335,155.32932,133.17992,186.84249,194.11336,101.36019,185.30165,192.35458,109.55504,163.89617,1
110.9206,144.606,192.80466,173.11572,152.3062,112.16937,148.88903,137.13561,150.79775,112.76913,153.14383,153.12053,180.99369,0.0,202.152,114.52652,189.81173,136.84961,121.37595,195.29069,153.15079,182.60316,164.57978,187.18422,118.61019,157.92013,135.28374,194.05982,146.00085,216.95669,168.88667,185.82168,175.00418,175.11605,146.01011,172.86657,200.34016,189.4042,170.63241,182.4394,118.1813,131.04011,133.73123,172.92966,190.09479,147.63706,136.64916,161.91363,177.79131,105.8875,151.91512,173.71275,194.82618,111.80739,194.75558,202.40376,181.02362,172.59499,159.93154,202.16922,204.49952,163.21178,182.27702,215.13294,174.74185,169.93183,152.84237,124.69349,112.60211,128.52152,210.1967,154.87823,188.13473,169.01137,168.64129,163.06534,173.24221,154.26801,177.42911,188.00498,162.1467,188.07862,149.68532,183.60776,195.31929,186.43293,198.07679,141.81711,213.80565,195.91901,205.57047,136.32944,150.7459,177.15639,163.85499,180.14533,145.38376,185.3396,175.77874,192.23916,2
191.78328,160.39336,116.52748,129.66462,151.76129,191.92906,175.85884,190.7409,156.33707,200.7922,173.31603,176.59064,135.2121,202.152,0.0,206.17873,120.18313,181.10311,183.15668,121.72476,154.32789,143.96089,148.33597,149.05949,183.9236,156.51929,167.24643,178.12169,194.15452,120.97364,134.31072,116.83683,189.46886,157.86471,188.0665,148.10479,108.99392,186.53448,153.75666,181.23781,211.92454,171.12417,168.42131,148.55762,120.55023,168.5056,200.91678,161.26859,137.4943,198.80404,167.42111,180.86974,117.71049,191.25769,132.82098,122.2027,122.12941,141.10338,148.22206,118.08004,108.09811,159.20188,171.6292,113.34856,158.89069,132.36209,168.89913,189.05126,190.28584,174.62019,110.15201,147.28775,114.42307,192.17268,189.67964,187.91965,174.93725,192.17683,162.44527,178.95683,154.85916,121.66302,162.88779,127.29045,128.90956,134.28354,139.98902,170.27533,112.03857,158.00177,118.53803,168.30751,151.88344,177.43865,191.90258,134.69172,189.97089,180.10315,132.10401,142.96881,2
122.05919,146.08807,194.97659,176.5468,159.538,115.66928,142.81759,127.71441,151.28061,105.46481,165.6507,166.02819,189.15199,114.52652,206.17873,0.0,191.63931,131.16372,123.16871,196.44705,153.58876,180.70516,173.65527,184.23092,123.94408,156.14404,142.30773,186.66595,135.163,218.9612,174.65533,190.60919,165.32459,186.18484,136.7237,182.56624,205.55214,180.62441,181.06108,174.23977,105.83628,136.6683,139.50398,170.89511,196.5175,144.19565,124.19343,158.16618,177.58236,111.47872,147.94483,165.43749,201.08263,123.24171,194.22531,203.36672,186.24879,172.30795,160.4464,203.71255,207.46734,159.82052,175.61918,218.66003,185.92676,174.84754,164.70734,119.04987,123.5916,131.85579,213.34878,159.4641,192.7885,158.74634,158.78677,153.46216,166.0154,143.81236,189.02357,180.29712,160.0402,194.52338,147.77967,184.80441,195.37434,186.02169,196.43926,152.98038,217.35191,191.55923,207.10329,137.92695,156.89422,169.49315,153.53277,188.16086,135.61918,177.38614,182.79135,190.17636,2
180.22221,145.69469,103.86753,118.44037,144.75047,178.60588,157.4074,173.23985,140.40978,186.44596,171.73348,175.10926,141.302,189.81173,120.18313,191.63931,0.0,164.10448,169.36538,106.73651,138.14817,123.87777,148.04657,129.47694,171.20482,138.27793,156.83378,158.68711,175.65425,127.3292,129.61184,118.89142,169.30475,162.65025,169.5975,151.67173,126.24936,166.61655,156.85858,161.12786,197.19127,159.25699,156.86794,128.60012,130.49333,150.81845,183.41809,141.90898,117.61354,185.70501,149.07839,160.70283,130.81324,179.91445,115.51018,113.49317,122.17866,121.82434,131.40678,112.39661,117.17402,139.79367,151.56939,128.95643,163.5552,125.54467,166.95016,173.45603,178.90867,161.36032,123.06678,136.51545,118.08477,172.15428,169.6579,168.12173,154.77003,172.96012,167.88185,159.08707,135.95701,130.2124,145.56746,107.57387,112.28107,114.37468,123.34563,164.76833,127.79685,139.55173,115.78171,154.02549,142.93174,157.25847,172.08968,140.22777,171.54622,160.09529,133.83376,124.36753,1
133.42942,122.72739,167.75091,152.03153,144.72406,125.30793,112.07315,110.10224,124.9408,127.24363,164.45252,166.33552,172.77987,136.84961,181.10311,131.16372,164.10448,0.0,118.74991,168.02265,126.81239,150.13162,161.03189,153.20372,124.27873,126.34562,132.19047,157.21296,117.42824,190.98292,154.50154,167.42103,139.73886,177.77929,113.15513,170.58363,182.37934,153.02678,171.23908,145.81378,135.7469,126.42742,127.96233,140.39817,175.97414,113.69411,119.98533,127.098,148.33063,131.02721,116.95001,137.20954,179.97891,134.1262,164.33704,174.59904,164.09603,143.16773,132.97986,175.52973,180.88036,128.84575,145.47075,192.53342,177.90517,153.04248,161.3941,112.52345,133.44239,120.34363,186.85137,139.02991,169.25764,134.90763,133.89142,128.27181,136.40297,122.20376,182.05906,151.2025,129.78223,174.13873,118.53942,156.76929,165.93091,156.37295,165.83878,149.73912,191.28156,160.4239,178.83864,118.27874,140.21623,140.3797,130.24367,171.53919,113.95512,148.60677,164.41108,159.42652,1
115.0887,123.70871,172.54705,153.59715,137.00195,109.38904,129.82804,123.98705,129.61673,117.71922,149.23728,150.57218,166.72385,121.37595,183.15668,123.16871,169.36538,118.74991,0.0,174.55627,131.97573,161.22773,152.04867,165.88635,105.55833,136.56556,120.29031,174.72295,133.51269,196.66638,151.53329,167.45871,158.48367,166.44505,130.9981,161.33909,182.38669,171.41864,160.62746,164.01355,128.98951,114.12269,116.86078,151.56489,173.44584,126.86598,129.38991,140.97074,156.57703,116.51272,131.26743,155.59323,177.97609,115.62884,173.51604,181.61065,163.0801,151.34907,138.82268,181.62112,184.74565,142.1345,162.56548,195.77959,166.35454,151.68009,147.02088,111.40263,114.85945,108.69651,190.57516,136.29637,169.65184,153.57095,152.62448,146.99223,154.15508,140.13363,169.99419,169.0186,140.81084,171.46015,128.39004,162.85303,174.21372,165.19952,176.70998,134.87808,194.46411,174.91642,185.02562,115.3543,133.95853,158.35219,148.78271,165.66642,131.18453,166.62028,159.917,170.86414,1
185.93333,150.85084,106.96514,125.02323,151.34518,183.8749,160.42601,176.78567,145.18959,191.34737,178.46972,181.84543,147.37793,195.29069,121.72476,196.44705,106.73651,168.02265,174.55627,0.0,142.86595,123.44608,154.7361,127.64236,176.68811,141.78224,162.92312,156.48979,178.46871,123.00521,136.34737,124.71207,169.48765,169.05991,172.48339,158.13456,129.31005,165.23758,163.38867,160.36121,201.90362,165.03845,162.73836,130.18674,135.65071,154.48282,186.89642,144.23188,119.96992,190.9994,152.29642,160.91137,135.28444,185.67516,111.13939,107.15894,128.49541,124.9238,136.00074,107.57256,116.25018,142.09411,150.65505,127.39794,169.98074,132.27204,173.68568,177.96662,184.66713,166.7741,121.46971,142.76989,123.52145,172.96119,170.46971,169.46099,155.02011,175.09995,174.24869,157.62354,138.93566,135.62493,149.5446,111.7035,107.27358,113.77982,118.6263,171.3834,126.42489,136.2884,110.81894,159.20643,149.35628,157.04448,173.37402,146.36034,174.4529,158.97157,140.28235,121.25295,1
144.7288,108.8514,141.60761,125.28224,126.65931,141.36175,123.85122,136.62886,102.359,148.4833,154.5522,157.41105,149.2979,153.15079,154.32789,153.58876,138.14817,126.81239,131.97573,142.86595,0.0,130.37599,141.58038,136.17825,134.80442,109.1926,125.96149,153.62085,141.3098,165.42508,129.73235,140.78722,148.3692,159.85003,135.36509,150.50773,155.65312,154.97469,152.8425,147.25884,159.08292,125.15269,123.75092,121.44983,150.07318,115.27715,146.73663,117.74062,124.64068,148.48845,116.16029,141.43914,153.79164,144.7051,141.60751,149.82686,137.82245,119.46221,106.88238,150.12941,154.47629,117.26076,141.44899,166.00423,160.2724,127.32422,150.21244,135.31626,143.712,124.9045,160.43267,116.46718,142.54259,147.41856,145.278,141.22935,136.96128,141.59272,164.88354,149.71621,112.68822,148.34818,109.47696,131.21591,142.23833,133.28456,145.29878,141.65973,164.73185,146.92856,153.51724,116.8419,121.65012,141.31336,144.91224,147.96614,137.10198,148.52121,140.12269,139.89937,1
174.85324,139.21144,127.43364,129.52328,150.41885,170.51727,140.40624,157.52026,132.57926,176.11376,179.90834,183.117,159.38278,182.60316,143.96089,180.70516,123.87777,150.13162,161.22773,123.44608,130.37599,0.0,160.22352,107.38496,164.7258,124.76727,155.68558,135.46118,157.49457,144.94798,141.98042,139.81259,146.04177,177.59152,151.77896,166.66714,149.97847,142.78511,170.91413,137.27693,185.67497,155.50467,153.95596,109.81199,151.99844,136.58628,167.22352,123.55013,110.1036,177.51825,133.24888,137.46629,153.39017,174.90383,115.32228,127.92448,140.85496,112.59419,124.52773,130.45901,139.59491,121.55396,127.69214,150.83575,178.32497,137.44215,175.16753,161.66166,173.92216,155.00478,144.91522,139.29715,139.93695,149.64552,147.16353,146.51547,131.58168,153.03008,182.97856,135.30454,120.69356,151.18341,133.13854,117.85482,118.1674,109.76169,115.73774,169.16967,149.87094,119.4302,133.12566,146.82758,146.51019,133.65185,150.35548,158.09946,153.74643,136.22334,150.27397,109.63778,1
153.69569,139.6238,148.59585,131.62776,116.32498,157.98698,163.59453,170.7115,141.60639,168.36236,124.98467,128.27848,117.0922,164.57978,148.33597,173.65527,148.04657,161.03189,152.04867,154.7361,141.58038,160.22352,0.0,167.60074,149.80651,150.21537,131.76479,192.31226,178.29234,168.44831,118.87333,132.55075,189.94948,118.34649,173.12645,109.557,142.64242,195.5672,111.32418,188.05561,179.35381,137.96717,135.34991,155.95277,129.82942,154.90885,179.23135,158.80031,150.2255,163.36786,157.15988,182.87772,134.50501,152.77249,161.74877,160.80337,127.40604,148.25949,141.49038,158.18523,154.28575,157.82691,181.00175,161.32202,118.85609,123.41145,120.59273,162.22527,152.00098,144.122,158.3639,125.13342,134.77873,188.75453,186.70023,182.3444,178.08397,180.98718,123.54236,189.53783,152.42646,128.02269,149.92392,147.00988,159.56064,155.85091,168.95535,124.64281,160.08434,179.6529,160.88917,142.82779,121.09297,182.28404,185.83109,116.57328,174.43905,188.86131,116.23249,166.86241,1
179.98021,144.87883,132.7086,136.85676,157.5417,175.02615,142.52105,159.67095,138.24678,179.89129,187.04669,190.23052,166.5824,187.18422,149.05949,184.23092,129.47694,153.20372,165.88635,127.64236,136.17825,107.38496,167.60074,0.0,169.74021,129.39342,161.92765,129.21019,158.46033,147.16306,149.35823,146.50187,143.09744,184.9716,153.07174,174.03893,155.72104,137.59567,178.29884,132.97998,188.94964,161.28484,159.92561,114.741,158.679,140.10612,168.96044,126.10598,117.47366,181.90058,136.29493,134.76532,159.7858,180.11216,117.49983,130.67195,147.87009,119.72377,130.88564,133.85486,143.84741,124.41081,123.25593,154.51913,185.7072,144.81401,182.32711,165.21978,179.14844,160.23869,148.73697,146.33396,146.44027,147.60847,145.19561,145.43334,129.16675,153.04798,190.35889,129.98129,125.10328,157.96717,137.50323,124.36134,121.15465,115.1547,114.29589,176.00986,153.67287,112.05381,136.04587,152.07481,153.50189,130.32681,149.06486,165.31122,154.99565,131.39081,157.54878,107.7926,1
110.30228,126.12095,174.21652,154.66553,135.64499,108.3653,135.14673,129.35262,132.47093,118.57954,144.7972,145.92089,165.21193,118.61019,183.9236,123.94408,171.20482,124.27873,105.55833,176.68811,134.80442,164.7258,149.80651,169.74021,0.0,140.34794,118.3732,179.7976,138.91738,198.37159,151.28693,167.82063,163.99471,163.19765,136.54055,158.85484,182.55774,176.76769,157.68952,169.30847,129.72569,113.01129,115.83762,155.21411,172.95115,131.57222,134.06742,145.41316,159.41144,114.89696,136.00866,160.95607,177.58891,110.61181,176.3808,183.8066,163.19583,154.26353,141.49994,183.5595,186.02266,146.43248,167.55822,196.78837,163.0351,151.92635,142.91813,116.31493,109.73658,109.95675,191.76181,136.66372,170.08806,159.12528,158.16535,152.537,159.34556,145.66706,166.47045,174.19202,144.64648,170.94451,132.44481,165.01094,176.82919,168.06114,180.00075,130.78824,195.464,179.17685,186.961,117.97898,133.27004,163.59094,154.34104,164.22804,136.69307,171.85546,159.01091,174.35292,1
150.59792,116.4154,142.04079,129.50998,135.73259,145.79846,119.33973,135.03307,110.34894,151.43569,163.72769,166.56556,156.51,157.92013,156.51929,156.14404,138.27793,126.34562,136.56556,141.78224,109.1926,124.76727,150.21537,129.39342,140.34794,0.0,134.36967,144.49749,137.63948,164.78156,136.69533,144.95369,139.99163,168.55064,131.55209,158.88397,159.20155,145.83402,161.52841,138.14801,161.26905,132.58881,131.65376,115.01933,155.41467,112.71036,145.18303,108.63625,121.98925,152.76956,110.90554,132.66959,158.66785,150.7501,138.16781,148.27211,142.89267,116.86547,109.78046,149.32614,155.33969,108.0732,132.27535,167.10549,169.01585,133.55032,159.40245,137.1647,149.79334,130.92477,161.28742,125.13011,146.36404,139.78635,137.50854,134.03007,127.94415,136.15728,173.66174,140.52402,104.31029,153.85636,108.39162,130.78541,139.61072,130.08642,140.42241,150.67886,165.89854,139.20632,152.59965,122.81165,130.76474,132.24206,137.89886,155.15596,133.46607,139.34453,147.07784,134.37735,1
124.62681,118.01329,159.38641,139.02715,117.30456,126.72188,138.71167,140.86169,124.17998,136.91344,132.55543,134.73998,146.84461,135.28374,167.24643,142.30773,156.83378,132.19047,120.29031,162.92312,125.96149,155.68558,131.76479,161.92765,118.3732,134.36967,0.0,178.38399,149.50148,183.28724,133.61525,150.70572,168.12285,146.59386,145.24972,141.05485,165.08367,178.00127,140.52786,170.20743,148.09793,106.3327,104.2286,147.28668,154.89866,131.50537,148.38005,141.9482,148.2629,132.81393,135.3638,162.9489,159.60011,124.04004,164.71912,170.06882,145.80694,143.66253,131.15914,169.1882,170.20518,142.13054,165.96818,180.39884,146.58584,134.89163,129.24874,130.80228,123.08197,112.78112,175.72011,120.4618,153.05261,164.93325,163.36037,158.14513,159.70746,154.05706,150.47318,173.77231,138.38665,152.8843,128.98883,151.62056,164.39456,156.64462,169.66809,117.98774,179.0693,172.87973,172.53053,114.94645,115.48799,164.17851,160.94395,145.85546,146.14512,172.07449,140.75989,164.91108,1
189.81152,160.42824,161.88415,163.87734,179.48729,182.41334,145.21899,159.01656,154.82198,183.72457,208.14461,211.02929,194.06343,194.05982,178.12169,186.66595,158.68711,157.21296,174.72295,156.48979,153.62085,135.46118,192.31226,129.21019,179.7976,144.49749,178.38399,0.0,153.31373,173.51751,175.45521,175.2664,125.50454,210.43456,150.17872,199.89521,184.92996,111.40201,203.50255,113.26167,189.99289,175.54773,175.19665,136.53978,187.44766,148.52032,165.43144,136.44877,144.87687,188.22285,144.12576,121.617,188.82047,190.31617,145.67502,158.37791,176.07807,144.89527,151.31985,162.00746,172.46187,136.46108,112.44636,182.47889,211.05177,171.16204,203.73747,169.50269,189.49757,172.13107,176.92483,168.29458,175.38824,132.63554,131.14753,134.96378,120.82615,145.14643,215.75573,106.60627,141.05641,186.59411,149.53585,153.27827,149.56226,144.34724,139.77436,195.15614,181.76545,121.30704,163.68355,164.93621,174.72103,117.17876,136.80008,192.74115,151.56695,109.82488,184.68475,135.31574,2
146.19574,139.24526,179.4736,166.2996,161.96755,136.84933,118.30388,109.58813,139.92261,133.70977,181.48723,183.21417,189.38074,146.00085,194.15452,135.163,175.65425,117.42824,133.51269,178.46871,141.3098,157.49457,178.29234,158.46033,138.91738,137.63948,149.50148,153.31373,0.0,201.34819,170.50975,181.88709,130.31878,195.1907,106.08802,187.82814,196.51676,146.02092,188.61908,140.29123,137.4578,143.56834,145.27601,148.64816,191.37149,126.10075,112.1319,134.34307,158.53321,140.28429,126.73458,131.69674,195.09287,147.14663,172.69395,184.40641,179.12371,153.86188,146.34388,186.03175,192.80705,136.46863,143.68579,204.59179,195.32455,168.53253,178.60135,123.05983,146.70203,137.25651,198.72064,155.46532,183.50219,123.59054,123.75722,118.70246,133.76859,108.68207,199.48687,146.74113,139.70531,189.62661,131.92651,168.09042,175.02455,165.50892,172.40591,166.78775,203.40763,162.5999,189.15677,135.67719,157.3338,136.38373,118.38064,188.10552,104.22045,143.62653,180.68718,165.7353,2
207.16745,173.0163,124.15577,144.26025,169.48874,205.87627,183.3854,199.79081,167.70563,213.77462,193.37472,196.69996,156.14618,216.95669,120.97364,218.9612,127.3292,190.98292,196.66638,123.00521,165.42508,144.94798,168.44831,147.16306,198.37159,164.78156,183.28724,173.51751,201.34819,0.0,152.52008,135.95848,190.23505,178.82188,195.39391,168.92428,129.28529,183.61389,174.56421,179.91799,224.49846,186.18356,183.69218,152.812,141.52385,177.47595,209.90005,167.03187,142.95026,212.96013,175.29253,181.82221,138.47977,206.80094,129.89336,117.06587,141.2449,147.92798,158.62887,115.45751,114.16449,164.89828,170.26114,112.58215,179.8451,149.52046,188.81931,200.69422,205.80052,188.58386,111.10717,162.82578,133.67938,194.41035,191.94876,191.46344,176.0856,197.66731,183.4189,176.07086,161.92126,142.60468,172.47396,134.29805,126.78198,135.9755,133.93723,188.94941,112.84802,152.21446,112.20893,181.33809,168.60201,177.48643,195.29809,155.58112,197.36683,177.97887,152.31548,139.52883,2
158.22885,131.79821,130.65258,112.80588,117.45478,159.57465,153.54835,164.60367,130.73544,169.191,142.14166,145.51847,119.8185,168.88667,134.31072,174.65533,129.61184,154.50154,151.53329,136.34737,129.73235,141.98042,118.87333,149.35823,151.28693,136.69533,133.61525,175.45521,170.50975,152.52008,0.0,117.4824,176.4547,135.61541,164.72799,124.69984,131.47261,179.90739,129.01213,172.72962,180.48937,138.27583,135.45608,138.93659,121.98295,144.85804,174.24759,144.7023,131.88536,166.11355,145.83553,168.68399,126.44653,157.60344,142.89237,142.77364,112.31449,130.63915,127.00243,140.57123,138.58555,143.29883,164.83026,147.64834,136.36141,104.59068,137.37433,159.43994,156.66111,142.83927,143.55558,115.70643,119.8918,176.47439,174.20387,170.58551,163.37648,171.31214,141.00308,173.36098,137.76475,120.02966,139.15342,128.13839,140.79636,137.03725,150.08384,136.43197,146.33009,161.36188,143.54118,138.17256,118.14146,167.27601,174.37638,118.46277,166.35951,173.08403,110.41932,148.13428,1
175.31493,145.58565,117.81324,115.58833,134.93706,175.96625,163.87727,177.3654,142.50332,185.17327,157.42656,160.75933,122.70604,185.82168,116.83683,190.60919,118.89142,167.42103,167.45871,124.71207,140.78722,139.81259,132.55075,146.50187,167.82063,144.95369,150.70572,175.2664,181.88709,135.95848,117.4824,0.0,181.90617,144.81773,175.85439,134.14857,115.06327,181.9393,139.63624,175.62002,196.40879,154.89135,152.13304,140.99167,112.18855,155.8005,187.40493,151.3036,130.71763,182.71639,155.53591,173.51026,114.09218,174.74568,134.37866,129.52121,105.35689,132.40439,135.61323,126.33827,121.80156,149.43471,166.56547,130.18305,145.77858,115.9018,152.86089,174.20785,173.78552,158.81263,126.31999,131.20835,102.41475,183.42057,180.98612,178.35103,167.71447,181.10176,149.88041,174.68523,144.35291,111.5233,149.99166,122.14472,131.14378,131.64576,142.20827,153.54003,128.86892,157.53573,128.71608,153.06668,135.25488,170.93986,182.31491,121.73929,177.66665,175.17155,116.63736,142.60269,1
173.05602,151.92563,173.058,167.56055,174.69765,164.43585,129.66625,138.01025,148.47445,163.34857,200.34522,202.75377,196.24775,175.00418,189.46886,165.32459,169.30475,139.73886,158.48367,169.48765,148.3692,146.04177,189.94948,143.09744,163.99471,139.99163,168.12285,125.50454,130.31878,190.23505,176.4547,181.90617,0.0,208.20664,129.01357,198.80293,194.4654,116.12369,201.20541,112.60804,167.7759,163.63143,164.21209,141.21964,193.44111,136.75429,142.23813,131.75249,152.18048,169.13474,133.41376,108.60422,195.99731,173.80277,160.40359,173.53124,181.02329,149.55275,149.48531,176.38561,185.60526,133.21802,120.73033,196.87019,208.6124,172.96715,196.52679,150.54019,173.14809,158.60779,190.95587,164.82582,182.76392,107.31146,106.56173,111.9525,114.5358,121.64746,213.2003,119.14067,138.72566,192.11995,140.5851,162.28393,163.8087,155.76165,156.97519,186.05513,195.9122,141.52103,178.85978,153.24902,169.63202,112.81131,112.15359,194.88831,129.82055,115.92893,186.73136,150.82809,2
164.72912,157.31826,162.38298,148.27842,133.84224,170.81884,181.34987,187.09407,159.7763,181.2033,124.32642,126.30832,122.69671,175.11605,157.86471,186.18484,162.65025,177.77929,166.44505,169.05991,159.85003,177.59152,118.34649,184.9716,163.19765,168.55064,146.59386,210.43456,195.1907,178.82188,135.61541,144.81773,208.20664,0.0,190.30301,111.07067,150.22505,213.89053,107.02332,206.39439,191.60033,152.91677,150.63548,173.96024,137.35189,172.76898,194.96507,177.14292,167.49996,175.13429,175.23455,201.20427,140.9565,163.64464,177.37765,174.31975,140.56912,166.00534,159.81694,171.13702,165.07623,176.17283,199.25581,169.52974,101.04751,140.17606,122.76398,177.34735,163.06275,159.37216,167.94882,143.44192,146.58316,206.82976,204.82076,200.34323,196.42997,198.47518,105.38773,207.79991,170.76631,136.21856,167.97902,163.00757,174.73722,172.31582,184.9186,133.35387,168.45351,196.9769,173.37086,159.51363,138.85092,200.62961,203.74868,123.36822,191.49225,207.1709,128.81882,183.53752,2
144.76326,133.76356,173.4119,160.26607,156.81683,135.77236,112.21956,109.05919,134.05345,134.39397,177.59529,179.49053,183.7599,146.01011,188.0665,136.7237,169.5975,113.15513,130.9981,172.48339,135.36509,151.77896,173.12645,153.07174,136.54055,131.55209,145.24972,150.17872,106.08802,195.39391,164.72799,175.85439,129.01357,190.30301,0.0,182.62939,190.45472,143.92998,183.63776,137.54559,139.81856,139.57007,141.02826,142.78038,185.4382,120.11016,116.11894,128.45897,152.53126,140.15197,120.64691,128.75685,189.11645,145.61288,166.90775,178.48484,173.15039,147.81976,140.28651,180.05106,186.7437,130.57124,139.76525,198.52737,190.4777,162.64391,174.48746,121.76137,145.05677,133.49089,192.66229,149.85497,177.45249,123.1121,122.63243,117.0634,129.90011,109.15995,194.72305,143.71712,133.66163,183.70969,125.93958,162.0376,169.15923,159.6162,166.86885,162.88391,197.34013,157.8574,183.19473,130.91441,152.0767,133.02034,118.06451,182.47235,101.97625,140.73911,174.96285,160.21192,1
162.07875,149.0406,151.5267,137.27016,125.86507,166.92544,172.94121,180.2682,150.69714,177.3394,127.62382,130.49091,113.19065,172.86657,148.10479,182.56624,151.67173,170.58363,161.33909,158.13456,150.50773,166.66714,109.557,174.03893,158.85484,158.88397,141.05485,199.89521,187.82814,168.92428,124.69984,134.14857,198.80293,111.07067,182.62939,0.0,141.07267,203.74708,105.65407,196.35183,188.20426,147.31714,144.75212,163.36348,127.94171,164.21703,188.75886,167.38158,156.56607,172.02967,166.31032,191.53037,132.06458,161.09679,166.32143,163.55205,129.68846,155.25363,149.80444,160.48114,154.96973,166.27844,188.92731,160.34742,111.92191,129.2252,124.26292,171.66694,160.38133,153.54805,158.25389,134.05632,136.03859,197.85913,195.76007,191.52207,186.56794,190.41463,116.42578,197.47804,160.80025,126.5323,159.10862,151.93698,163.7139,161.25616,173.85075,131.66381,159.20164,186.02079,162.83568,152.38474,130.55816,190.68042,195.06344,113.4758,183.95935,196.97944,117.85228,172.48722,2
189.70125,160.64731,123.13397,130.3709,148.6219,190.76899,178.36963,192.2769,157.44046,200.1059,167.38003,170.56338,127.91191,200.34016,108.99392,205.55214,126.24936,182.37934,182.38669,129.31005,155.65312,149.97847,142.64242,155.72104,182.55774,159.20155,165.08367,184.92996,196.51676,129.28529,131.47261,115.06327,194.4654,150.22505,190.45472,141.07267,0.0,192.76348,146.7035,187.04172,211.3628,169.57364,166.78121,153.24849,113.14493,170.49756,202.35341,164.90767,142.31828,197.43511,169.96293,185.92273,109.3139,189.07429,140.42131,130.82011,119.36193,145.13945,150.17364,126.74035,117.09181,162.93117,177.59886,119.32314,151.26557,130.70947,163.17953,189.26902,188.13324,173.71647,118.18104,146.092,113.12187,196.602,194.12989,191.90771,180.02118,195.31219,154.56129,185.27043,158.14843,114.72717,164.72365,132.40239,136.58326,140.61877,147.90249,165.88305,118.2293,165.41403,127.46453,168.10962,149.59994,182.85514,195.89357,127.61656,192.29952,186.17303,126.74305,150.23037,2
186.37672,160.53003,170.0615,169.23,181.56148,178.27697,141.62195,152.98401,155.73183,178.25411,209.16316,211.85138,199.19601,189.4042,186.53448,180.62441,166.61655,153.02678,171.41864,165.23758,154.97469,142.78511,195.5672,137.59567,176.76769,145.83402,178.00127,111.40201,146.02092,183.61389,179.90739,181.9393,116.12369,213.89053,143.92998,203.74708,192.76348,0.0,206.88037,107.80263,183.39679,174.35735,174.43667,141.44676,194.00043,146.79515,158.07956,137.23408,151.22231,183.51726,142.69138,115.83127,195.82828,187.01116,154.8515,167.87508,182.11006,150.16134,154.07687,171.29034,181.43558,137.89363,115.38524,191.92806,214.42305,175.87937,204.98891,164.71992,186.2716,170.1306,186.22358,170.76444,182.34016,123.4233,122.50695,127.32487,118.30939,137.4436,219.10779,107.62416,143.17316,192.96149,149.11764,160.50739,158.63849,152.28756,149.68012,195.48377,191.1333,131.78014,173.24092,163.68358,176.59827,113.83931,128.21226,197.84736,145.01323,106.84315,189.6723,144.54035,2
160.01234,150.46707,156.86091,141.77375,126.9834,165.53347,174.49705,180.68271,152.79468,175.95674,122.81278,125.47581,118.7989,170.63241,153.75666,181.06108,156.85858,171.23908,160.62746,163.38867,152.8425,170.91413,111.32418,178.29884,157.68952,161.52841,140.52786,203.50255,188.61908,174.56421,129.01213,139.63624,201.20541,107.02332,183.63776,105.65407,146.7035,206.88037,0.0,199.37698,186.59057,146.85921,144.46353,167.06277,133.58117,165.88053,188.77746,170.11969,160.84355,170.22837,168.28351,194.18411,137.65569,158.97465,171.28955,168.94376,135.04409,159.19189,152.80441,165.94139,160.59105,169.15109,192.27329,165.98909,107.55568,133.5984,119.97536,171.32944,158.32448,153.25521,163.90636,136.42393,141.57516,199.8837,197.86046,193.42013,189.40683,191.71413,112.25784,200.81465,163.74817,132.18481,161.03163,156.75986,168.79624,165.93565,178.73012,128.89755,164.84703,190.32777,168.34755,152.96036,131.95434,193.60818,196.85173,119.12439,184.8676,200.16654,123.16786,177.1026,2
