Vértice_1,Vértice_2,Vértice_3,Vértice_4,Vértice_5,Vértice_6,Vértice_7,Vértice_8,Vértice_9,Vértice_10,Vértice_11,Vértice_12,Vértice_13,Vértice_14,Vértice_15,Vértice_16,Vértice_17,Vértice_18,Vértice_19,Vértice_20,Vértice_21,Vértice_22,Vértice_23,Vértice_24,Vértice_25,Vértice_26,Vértice_27,Vértice_28,Vértice_29,Vértice_30,Vértice_31,Vértice_32,Vértice_33,Vértice_34,Vértice_35,Vértice_36,Vértice_37,Vértice_38,Vértice_39,Vértice_40,Vértice_41,Vértice_42,Vértice_43,Vértice_44,Vértice_45,Vértice_46,Vértice_47,Vértice_48,Vértice_49,Vértice_50,Vértice_51,Vértice_52,Vértice_53,Vértice_54,Vértice_55,Vértice_56,Vértice_57,Vértice_58,Vértice_59,Vértice_60,Vértice_61,Vértice_62,Vértice_63,Vértice_64,Vértice_65,Vértice_66,Vértice_67,Vértice_68,Vértice_69,Vértice_70,Vértice_71,Vértice_72,Vértice_73,Vértice_74,Vértice_75,Vértice_76,Vértice_77,Vértice_78,Vértice_79,Vértice_80,Vértice_81,Vértice_82,Vértice_83,Vértice_84,Vértice_85,Vértice_86,Vértice_87,Vértice_88,Vértice_89,Vértice_90,Vértice_91,Vértice_92,Vértice_93,Vértice_94,Vértice_95,Vértice_96,Vértice_97,Vértice_98,Vértice_99,Vértice_100,Vértice_101,Vértice_102,Vértice_103,Vértice_104,Vértice_105,Vértice_106,Vértice_107,Vértice_108,Vértice_109,Vértice_110,Vértice_111,Vértice_112,Vértice_113,Vértice_114,Vértice_115,Vértice_116,Vértice_117,Vértice_118,Vértice_119,Vértice_120,Vértice_121,Vértice_122,Vértice_123,Vértice_124,Vértice_125,Vértice_126,Vértice_127,Vértice_128,Vértice_129,Vértice_130,Vértice_131,Vértice_132,Vértice_133,Vértice_134,Vértice_135,Vértice_136,Vértice_137,Vértice_138,Vértice_139,Vértice_140,Vértice_141,Vértice_142,Vértice_143,Vértice_144,Vértice_145,Vértice_146,Vértice_147,Vértice_148,Vértice_149,Vértice_150,Vértice_151,Vértice_152,Vértice_153,Vértice_154,Vértice_155,Vértice_156,Vértice_157,Vértice_158,Vértice_159,Vértice_160,Vértice_161,Vértice_162,Vértice_163,Vértice_164,Vértice_165,Vértice_166,Vértice_167,Vértice_168,Vértice_169,Vértice_170,Vértice_171,Vértice_172,Vértice_173,Vértice_174,Vértice_175,Vértice_176,Vértice_177,Vértice_178,Vértice_179,Vértice_180,Vértice_181,Vértice_182,Vértice_183,Vértice_184,Vértice_185,Vértice_186,Vértice_187,Vértice_188,Vértice_189,Vértice_190,Vértice_191,Vértice_192,Vértice_193,Vértice_194,Vértice_195,Vértice_196,Vértice_197,Vértice_198,Vértice_199,Vértice_200,Conjuntos
0.0,171.14987,114.04999,129.45785,137.33205,196.13798,187.10284,159.79496,185.19431,125.67442,120.73104,159.22237,144.0471,166.4347,178.82109,137.41258,181.408,163.10211,122.25001,182.54011,141.16345,209.36608,175.36099,156.79245,189.56878,122.29999,143.42823,162.9923,191.50335,169.77083,191.96259,148.18016,186.24479,122.60993,189.09366,153.1475,155.95925,138.92387,177.07205,132.91208,171.73857,142.19356,172.71425,166.11367,145.68756,118.38985,169.8813,164.45409,116.3535,140.9551,183.9004,167.64215,123.33368,161.057,172.93026,130.51401,165.07146,170.81493,187.51267,122.67465,185.8343,146.51674,208.35747,171.61032,168.14886,162.96958,162.53111,137.89394,110.69795,116.98457,142.96086,192.86426,136.62777,184.54851,124.86179,143.59787,129.77322,137.33016,124.78963,156.45372,167.4096,172.63096,185.35795,131.30528,161.99115,154.96297,203.4802,129.20077,119.47036,171.60328,185.82539,135.153,182.15242,193.78858,194.93737,142.04274,120.48269,143.56893,209.7327,157.94358,181.73741,157.37768,176.72669,177.34747,179.08227,135.31654,145.81054,196.46478,147.20065,152.85838,157.30087,129.36721,199.50443,151.28364,147.14718,212.1183,122.22922,154.46201,191.86029,170.76662,171.23038,129.03334,162.79409,164.00556,146.57605,199.38832,193.91647,166.23183,186.30449,140.7951,180.37689,150.51029,178.54906,172.44886,148.45533,150.54907,165.98829,169.33543,204.53248,119.59334,120.70794,108.35822,145.10252,191.11861,142.80311,191.05114,111.64182,184.68795,192.58818,176.61431,175.01638,169.23355,183.85497,160.94602,131.6893,128.00022,175.73749,148.16354,190.97205,145.91681,208.65099,162.53749,179.44633,167.63582,136.55958,188.27934,135.06504,120.99123,184.18713,166.20651,194.48604,173.26047,161.55187,196.22652,137.51406,179.15825,187.75952,119.42248,131.50758,143.3796,141.27978,119.58976,154.40274,195.94669,183.57762,179.30784,111.09123,120.6275,116.09014,173.58803,190.30799,161.15496,135.14277,163.43515,112.93357,159.41524,185.14035,144.37246,144.84049,143.84856,2
171.14987,0.0,175.9977,146.37098,172.29029,149.69541,122.77468,124.53217,141.34902,161.8573,173.26702,114.03975,135.14085,130.55091,139.12133,174.01392,156.85839,136.65811,151.98934,148.42084,140.71,157.41547,114.0266,138.04998,124.34282,151.04662,148.33783,157.8352,138.30593,131.58947,137.11306,166.70382,143.3351,148.62858,126.69539,135.5642,120.96769,161.19606,130.2156,162.80406,101.73459,175.03334,184.44545,182.54745,152.82619,154.27364,164.94879,120.63027,159.90018,171.56801,128.56774,181.2959,151.05979,164.08759,148.57321,145.1584,107.23403,190.51288,117.03105,150.36989,159.80407,132.14531,147.31284,140.24245,115.72668,186.34065,137.23167,139.98216,167.52394,155.42952,140.22328,140.85677,174.49308,118.51622,172.03319,138.80395,143.30472,151.38347,146.80243,132.30665,137.82289,104.50078,124.46211,142.81193,138.78806,120.80948,149.80351,173.30753,161.6285,102.46422,123.53953,136.24371,145.96856,134.80978,135.62343,157.41895,170.03144,138.02361,152.34483,122.46345,130.23657,121.09389,177.77977,118.55835,114.65985,143.57958,154.38166,161.34807,169.36604,118.85023,114.101,156.76298,129.91459,138.08074,140.14999,154.02403,154.20375,132.80344,131.03148,136.60652,149.64534,161.10569,136.59955,120.6033,138.06947,131.61046,123.16882,152.7482,165.30521,134.77688,131.51795,121.17954,114.88354,162.36001,131.19444,161.07855,173.934,128.37859,151.33816,152.76185,170.62894,166.06618,162.4644,120.07997,138.10599,131.42716,162.28643,120.25021,132.69546,130.46866,182.12866,115.82453,124.59137,179.09905,150.8708,143.55304,121.13057,139.64576,123.49067,126.93371,150.00937,114.38418,146.72767,154.71712,141.45872,134.13498,136.26005,158.85825,128.22049,106.3891,140.67629,110.63541,134.32972,128.78085,133.72019,117.90822,126.32273,160.68443,161.07734,142.78075,177.68515,168.82329,165.52113,133.50154,150.89493,156.49639,161.49721,151.19181,162.16201,112.71465,119.42398,136.16724,147.05947,112.24988,165.8088,121.72567,135.88893,127.42334,160.07971,129.69232,1
114.04999,175.9977,0.0,140.04434,151.37823,206.54625,188.97666,168.67302,195.47198,139.35809,108.43716,162.83479,153.84811,176.28122,189.25436,151.43376,193.62725,160.74933,133.15536,193.8381,151.97647,219.40228,182.37901,167.76822,196.63827,132.65639,155.70664,176.00845,190.56191,179.67084,191.33526,162.05173,196.69288,128.76185,190.36276,151.60037,163.79395,152.58237,186.4403,146.70595,176.86597,156.22604,186.74625,180.16108,158.54162,128.87251,183.20785,165.58023,129.121,155.00295,184.07444,181.67184,124.96213,174.56676,184.74183,140.89377,169.28917,184.83378,192.90586,125.68571,198.08896,155.88182,216.818,182.54535,170.11463,176.9785,160.05766,138.12428,124.67362,121.16849,141.56986,191.56823,150.6307,191.25546,138.84544,142.58328,138.90571,132.86759,129.78321,166.55224,178.19998,176.69352,193.10971,133.37395,173.02945,157.4269,213.10401,143.17009,132.95162,176.87211,187.31291,140.08279,193.19843,202.23263,195.09163,155.37279,110.06592,154.0107,218.90808,159.30853,190.77467,159.21317,190.52924,178.95332,185.84166,146.14166,158.82846,208.19525,161.17666,157.15883,161.89755,124.27923,205.45647,149.2371,145.01209,221.2202,122.05386,164.5841,192.56938,168.50306,183.22265,121.91849,173.53273,165.16705,157.26563,206.01916,197.79455,178.70693,199.00704,142.40603,179.63826,156.76643,181.00286,185.51083,149.00909,164.07334,179.86476,178.8043,214.25905,123.64396,134.72435,121.90265,158.79132,195.37129,142.25021,199.27856,114.44625,191.73849,200.82626,175.82935,188.98476,171.14871,191.81122,174.98949,128.83507,135.8214,176.74037,159.21756,193.48335,149.28974,217.57831,165.29112,190.73841,180.24473,146.96761,187.8017,140.15938,118.03902,192.69749,170.38473,203.79878,176.18269,159.75746,202.90225,142.77227,186.48947,195.5239,132.72921,145.16652,140.99033,155.23263,110.14869,168.12777,196.79621,195.08092,191.59835,123.01508,129.81485,113.91394,180.50799,195.42128,171.8552,146.8125,170.14352,110.20169,167.75308,183.95769,148.57595,158.36927,146.73,2
129.45785,146.37098,140.04434,0.0,129.61623,166.81016,166.19406,130.69965,155.81151,116.13393,142.17633,137.69885,114.67837,136.97738,149.48138,131.04124,154.04343,152.93098,107.20784,153.79394,111.93798,179.94647,147.55076,127.73305,161.43283,107.39842,117.19628,138.37642,175.43852,140.31353,175.27006,131.37627,156.9209,114.9386,169.11779,143.29077,127.92905,121.75703,147.66088,119.72884,146.50134,133.80439,156.5084,151.4145,121.54835,111.27924,146.45236,146.99266,114.44678,130.6421,166.26651,151.73992,123.39266,139.20964,144.86876,101.23173,141.79021,158.36936,161.25443,121.00364,158.5136,117.35428,179.15588,142.53735,148.61185,151.63996,152.70855,129.6241,122.42032,121.21431,135.87426,177.39113,131.14341,156.85007,125.98435,135.48743,104.99659,138.70945,116.64194,126.9995,138.22957,148.99607,156.7112,123.17804,132.99166,136.38451,174.02243,127.94631,115.29896,146.16504,165.66666,117.83841,153.17636,164.64902,176.61542,121.26372,139.7886,114.1453,180.31388,141.03389,152.40391,139.61965,156.38278,157.59287,151.45239,106.10179,122.47603,168.22063,132.44827,131.00636,134.21051,135.94094,172.3185,142.94298,140.17181,182.71079,126.49681,125.00774,172.71452,159.28647,143.49349,139.1057,133.57271,146.53719,117.27905,171.51946,169.50865,139.66169,160.07185,128.20577,164.7832,125.34254,157.19653,147.70051,135.42432,129.80675,147.14327,139.92082,175.07633,120.14716,124.27281,122.10131,126.69999,166.27395,134.02427,162.04079,126.28237,156.64749,163.5623,161.47079,156.98222,149.6728,155.07594,146.43181,132.9685,109.11276,157.23597,119.17461,168.79031,127.60466,179.28802,142.19107,150.69444,141.42096,107.10352,171.55251,117.40311,130.62875,155.06663,142.88834,165.05895,151.49979,150.48147,168.35874,118.12069,150.95518,159.07741,114.39354,117.50372,138.20031,135.43216,138.33077,134.94121,176.32822,155.05842,152.11131,118.37364,110.5041,129.98064,145.93158,164.32469,131.90711,107.85168,136.43263,131.41646,130.74023,170.0093,124.72535,125.02298,127.27744,1
137.33205,172.29029,151.37823,129.61623,0.0,175.4708,193.84062,150.64619,166.10208,115.1084,157.55741,166.13416,137.15561,151.98526,159.89635,101.78756,154.33502,182.44785,129.02922,159.53717,131.58176,189.12748,169.25186,139.88673,181.28874,130.66288,124.89268,133.66922,204.55118,154.44335,204.24419,113.98748,166.3618,140.43668,197.1215,172.65248,151.55724,111.6196,162.55658,109.96874,171.98024,105.00818,135.64304,128.88212,122.12131,131.15968,137.83969,176.25535,125.72436,104.07285,195.13376,130.61945,147.9625,128.58589,148.75472,130.47248,169.1171,133.56471,184.62564,145.73288,158.22758,140.14791,193.71396,151.64331,177.32617,125.78727,182.19396,158.16933,126.88556,142.62678,164.50264,206.59979,102.64475,178.04974,112.7964,164.32388,134.50582,164.88564,143.11616,143.50153,148.82179,175.67822,175.37147,151.05254,143.44013,165.69191,185.15027,108.81461,120.84491,171.46341,193.67518,147.32048,160.27096,180.48207,205.10291,116.35846,156.58033,134.29112,192.53916,170.48828,167.76729,168.9847,141.29188,185.97547,173.19862,129.58589,120.93625,170.43784,111.57603,159.67709,162.13065,159.62104,193.63701,172.07574,168.95913,195.01842,149.75556,142.03799,200.97712,188.89762,146.40926,161.37513,145.40815,175.80762,134.74385,191.44801,194.61027,139.621,156.52248,157.52717,194.1,152.76233,184.89858,141.78229,164.96852,119.67818,130.33039,155.77488,185.75205,143.3206,116.71394,130.10795,114.08749,191.07671,162.93289,178.77871,143.37266,177.08025,180.11186,190.88591,138.45445,178.34788,173.38027,123.7934,158.65047,137.80175,186.03806,133.94141,195.64629,157.15504,192.39402,170.8601,156.81885,140.07863,131.65378,200.5666,146.90391,151.97127,171.76551,170.12718,178.05171,179.20651,180.04225,188.45944,147.73685,171.42936,177.42942,121.64342,112.12677,166.47459,105.81595,155.38322,120.91356,204.32961,159.57237,152.08422,131.26683,133.91136,148.75501,168.09694,187.90393,144.32992,125.66363,160.67137,147.66078,152.30392,199.3449,154.20909,115.75169,156.89322,1
196.13798,149.69541,206.54625,166.81016,175.4708,0.0,166.1401,139.09845,111.10045,174.62905,207.35375,160.111,152.70291,130.4304,117.32879,177.11125,124.8738,185.75168,173.97586,116.19531,154.97888,113.69955,135.67893,139.43673,130.7991,174.16909,154.31123,143.2196,184.27422,127.04807,182.54621,162.72516,109.8935,178.50007,170.23809,182.47354,145.62669,164.96744,121.78737,170.36377,147.96817,174.96715,164.05337,166.54244,154.45531,178.08175,143.83669,169.94991,180.17504,172.34919,175.69645,163.91806,185.11978,150.36343,126.86922,165.84446,155.06625,173.11325,143.18616,183.29457,123.62647,150.82276,122.98344,124.82382,165.4023,173.42159,186.23427,180.47959,187.70586,186.10648,183.55184,186.86135,178.10561,134.33633,183.13566,182.2416,167.65993,193.16961,178.39605,139.99414,128.79867,153.58427,126.59437,179.3084,134.3645,166.50652,110.85946,181.67416,178.6694,147.23872,168.29355,170.26861,115.19994,119.13078,178.74605,160.06786,204.51426,152.67199,118.50724,170.09335,119.70335,168.27648,152.81609,166.80882,135.64114,160.8395,155.23259,115.64511,165.89668,160.38741,156.85294,195.4239,140.15672,184.48507,185.21114,120.81239,188.76196,141.96313,174.37198,186.29443,129.30783,199.64604,133.36217,169.84566,149.57182,134.7938,154.20607,136.34896,129.72956,175.37477,180.13609,155.06737,162.00907,138.96619,175.76622,156.14443,156.6192,128.51861,110.8897,184.11452,184.35603,188.31462,161.3984,151.22344,181.03248,121.34749,192.28793,131.8672,121.02346,179.72219,159.46772,165.51913,125.69043,166.23533,190.13847,171.08311,170.06927,148.02903,162.7861,167.40873,119.53102,162.79956,118.68753,136.49518,159.73729,180.53902,169.9643,193.69988,121.61947,154.84939,111.19329,159.73083,183.22175,133.91844,167.69943,131.95453,125.78375,178.23077,170.14019,186.54166,178.36845,203.07286,156.96853,174.70501,116.8908,126.64685,185.06256,176.74893,194.84249,137.14383,145.16799,134.98817,161.22006,144.22853,197.19881,141.04772,183.7433,165.73709,159.77212,170.06863,1
187.10284,122.77468,188.97666,166.19406,193.84062,166.1401,0.0,147.30285,160.0531,182.22369,184.42198,128.66358,156.86589,152.75918,159.33623,195.51505,177.92611,134.37374,170.75565,168.6061,162.4195,170.3224,133.50732,160.82293,135.74709,169.54612,170.58088,180.53193,118.19749,153.31466,116.41071,189.16563,161.99398,164.76465,104.2056,139.48435,143.39959,183.09681,150.19553,184.09612,123.75364,196.91627,207.19284,205.31622,175.26127,172.19251,187.47559,123.47318,178.45743,193.45436,111.19519,204.07014,164.64879,186.85567,170.3565,165.05038,124.72436,213.28103,123.22065,164.70875,180.39041,154.02508,156.12232,161.90048,118.9907,209.02074,135.19414,150.85608,185.50813,170.30549,148.20897,120.75984,195.90171,131.82552,192.17808,146.98171,162.33543,158.98918,162.36344,155.07851,159.97241,118.63351,139.61033,156.18695,161.39861,132.14041,162.97683,193.95318,180.9809,124.49603,102.83217,152.38878,166.01013,147.98433,113.22452,179.59534,181.21784,159.91685,162.91806,129.66932,148.58508,129.88658,200.28269,110.0517,131.67798,164.46471,176.82322,179.86691,191.73141,135.40396,132.00271,166.40663,132.17006,142.28009,145.95903,163.86306,167.06473,155.53534,108.59088,129.54924,171.65861,170.31816,159.1576,123.86648,160.35407,136.88229,115.51352,175.24021,186.27724,146.76494,117.57543,141.19159,109.00103,184.66696,140.01327,183.70647,196.69458,150.13721,164.51379,167.6225,190.24101,183.46104,184.81109,116.5636,147.01949,145.11725,176.75141,134.30798,145.82305,119.52841,204.79508,117.92055,140.78216,201.82481,160.84274,161.41194,112.89737,162.12201,105.89696,141.27101,160.13136,124.69247,167.39706,177.1582,162.34905,114.75299,152.57336,170.96555,145.08681,123.71693,155.49911,114.71038,133.47874,135.56791,150.43051,135.57292,140.37931,179.97186,182.20923,149.72336,199.39827,180.26785,188.22962,110.73962,171.09335,177.84383,178.80354,168.8126,175.20641,133.08762,122.06702,158.82217,168.2374,134.99732,179.20573,144.49236,119.09844,143.19325,182.43372,143.25457,1
159.79496,124.53217,168.67302,130.69965,150.64619,139.09845,147.30285,0.0,128.13952,143.2146,168.70994,126.50806,116.12205,109.49241,122.79289,152.42818,136.1019,152.16884,137.76823,130.45284,120.64455,151.14203,118.60635,113.52157,131.37373,137.52216,125.78011,133.41227,162.18231,112.5045,161.18642,143.08114,129.73898,140.06038,151.2194,146.40358,107.20097,139.08205,117.88078,142.0656,123.60431,152.61857,159.92798,158.06195,129.50298,141.40978,140.83136,138.40372,145.10105,149.21409,152.28525,156.77004,146.17776,139.55551,126.61439,129.53766,124.89872,166.02757,134.0846,144.4583,139.89218,113.34875,148.56254,119.44329,136.08596,162.09027,152.43209,141.76805,153.0614,147.73271,145.48482,164.65459,153.08683,127.54074,153.24871,144.27089,130.11601,154.42057,139.64008,107.88408,115.63079,128.81975,126.17432,140.21362,114.76984,131.20544,144.53623,153.48394,145.09942,122.90171,148.02104,131.17059,128.69929,134.0016,160.10442,134.71394,165.77186,117.71898,150.24143,135.90007,122.10774,133.9036,153.64718,142.15537,122.5612,125.62352,131.00274,145.34541,145.95068,123.8781,122.0515,156.33197,143.21798,147.91054,147.80119,152.5684,149.8164,108.79845,155.53623,155.14336,127.02108,160.5477,112.87304,138.11426,116.13843,141.60142,144.6904,128.81479,144.32494,136.8732,153.96963,116.8096,139.2122,138.71465,138.69002,137.06032,149.40556,110.57984,145.75158,145.5511,152.9445,152.77457,139.19394,141.0392,142.93615,131.34304,154.23902,126.8267,132.86724,151.98632,157.72037,136.74802,124.45112,154.74564,151.10125,132.85174,143.85843,116.71249,147.55406,129.40506,148.98216,130.84741,127.8175,130.87823,123.86982,157.96859,130.86885,154.78274,124.40279,125.44762,135.13665,134.19395,149.41378,138.49371,128.60631,121.07812,128.49844,144.37076,140.79172,148.51244,155.57681,164.34988,141.24503,158.01941,132.59016,135.13818,148.83721,139.39009,156.26522,117.48966,137.38431,112.04724,127.78803,112.42588,158.93261,103.17042,158.85667,127.27635,136.83286,131.81483,1
185.19431,141.34902,195.47198,155.81151,166.10208,111.10045,160.0531,128.13952,0.0,164.20352,196.25443,150.46704,141.62407,119.33463,106.46391,167.79629,120.91235,176.45295,162.99391,110.34733,144.0345,124.21065,127.49939,128.67546,126.91177,163.15179,143.91416,135.41321,177.84365,115.95766,176.26922,153.99588,101.98765,167.39976,164.24407,172.51463,134.8391,155.20862,111.58726,160.33441,139.67162,166.04403,158.96456,160.42146,144.53668,167.07131,137.82932,160.94311,169.32782,163.22493,168.74967,158.03286,174.05019,142.89129,118.8844,154.82802,145.97111,167.56185,138.17734,172.2107,121.76753,139.72275,128.35747,114.54622,156.80245,166.8272,176.88398,169.73682,176.93941,175.00639,173.03644,180.44928,168.74681,128.71665,173.01939,171.75301,156.57644,182.42201,167.30671,128.92416,118.11612,145.54661,121.14958,168.34356,123.76293,156.60075,119.12549,171.81698,167.99282,138.89433,161.92108,159.28325,107.92826,118.20156,173.0853,150.26753,193.41883,141.66634,126.43728,160.4839,111.48221,158.60243,148.57226,159.32274,128.46394,149.87849,145.44929,120.04777,157.20946,150.14378,146.90166,184.46331,138.56873,174.40233,174.89791,128.91634,177.69185,130.89998,168.54705,177.61157,121.33632,188.66295,122.54396,160.79474,138.61996,133.86642,149.98771,128.27839,128.17195,164.70108,172.59929,144.39225,154.79809,133.24862,165.50644,147.26893,150.38475,117.58404,119.87597,173.01531,174.0165,177.44287,152.15648,146.62182,170.50201,118.66076,181.19839,126.27779,119.17507,171.79132,154.83263,157.04476,119.5631,159.37415,179.23673,159.98297,162.30431,137.19304,157.48798,156.86193,126.41439,153.56029,111.18752,128.93543,148.72429,173.91118,158.97032,182.62347,115.26115,145.89956,112.64802,151.79879,173.84441,132.05532,156.74031,124.56788,121.34769,167.51569,159.95154,176.04481,169.42637,191.97661,148.79112,169.44716,112.46564,121.92827,174.10869,165.68625,183.74265,128.6393,140.73492,124.1264,150.41673,134.3253,186.10223,130.24256,176.59164,155.05397,150.35171,159.46046,1
125.67442,161.8573,139.35809,116.13393,115.1084,174.62905,182.22369,143.2146,164.20352,0.0,144.44129,153.80911,127.61694,147.16468,157.74507,116.14238,157.10527,168.00463,114.04676,159.75209,122.58157,188.25166,161.34063,135.72584,174.58787,115.67892,120.31927,137.74972,191.51198,150.18006,191.37404,122.79577,164.9059,125.34438,185.20759,158.06238,142.19225,113.25223,158.1746,107.41892,161.83318,119.95897,148.06521,141.8601,121.03623,116.06887,144.30171,163.04607,111.15676,117.5047,182.38879,143.00051,132.88417,135.39522,149.44864,117.22289,157.68623,147.61562,175.90081,130.63659,161.42938,130.702,190.07193,149.82478,164.74578,140.10599,167.705,143.274,115.12544,127.74906,149.59714,193.43218,115.95586,170.54533,110.21827,149.48474,120.58609,149.78651,128.05254,137.43986,146.09882,164.74286,169.25408,136.06914,140.44496,152.43984,183.20747,111.81477,106.51908,161.42814,181.75421,133.04687,159.82575,175.98018,192.74832,116.61224,143.03486,125.51832,190.12371,156.98864,163.27469,155.63972,151.1755,173.71537,165.31867,118.37438,120.82844,172.73641,122.29939,147.13156,150.22099,144.71031,186.21328,157.33246,154.0833,192.58951,134.79553,135.60187,188.83436,174.70831,147.4676,146.69067,141.84434,162.58827,127.32901,184.81285,184.84159,141.74548,161.28959,142.9862,180.78798,141.15418,173.22267,147.09441,150.64142,124.89161,140.57229,150.67311,184.05351,128.28632,109.90684,117.46598,119.44574,181.48876,148.12789,173.76264,129.28289,170.00031,175.21808,177.41745,149.88115,165.80653,167.42514,136.63041,143.55977,123.2682,173.36627,127.74686,184.64926,143.49872,189.51138,158.32329,156.74125,142.91586,120.46518,187.65117,132.66139,137.306,166.64854,158.76561,175.01668,167.51574,165.68951,181.69757,133.82739,164.24404,171.51303,107.02453,105.83316,151.48123,120.69332,141.73515,128.77279,192.42285,160.41005,154.92213,117.22592,118.81658,134.49918,159.90306,179.07466,140.3934,115.46194,151.157,133.96605,144.08087,185.998,140.71338,119.19025,142.88977,1
120.73104,173.26702,108.43716,142.17633,157.55741,207.35375,184.42198,168.70994,196.25443,144.44129,0.0,159.6243,154.89657,176.92533,190.222,157.79755,196.21974,154.52245,135.89801,195.52112,153.85877,219.82233,180.9192,169.4581,195.05466,135.04918,158.79477,179.65923,184.63257,180.31231,185.54139,167.22364,197.60702,128.86502,185.48564,145.93344,163.19579,157.40916,186.59062,151.85988,174.29029,162.5067,192.41479,186.01868,162.19255,131.65079,187.2325,160.95136,133.54339,160.96882,178.71884,187.33789,122.86991,178.93556,186.98919,142.83397,166.29864,191.12207,190.29343,124.31728,200.68993,156.55311,216.0427,184.00803,165.84942,183.32901,153.78841,133.91484,130.68814,121.34345,136.31292,185.47503,157.07611,189.48743,145.40682,137.4794,140.06766,126.46996,129.07081,167.54595,179.58762,173.49041,192.0214,130.55908,174.69629,153.69784,213.22996,149.75131,137.92251,174.38217,182.57583,138.4916,194.6584,201.54909,189.63097,159.66253,103.24922,155.5444,218.65122,154.93447,190.62995,155.09424,195.37907,174.371,184.16885,148.21178,162.66869,210.19466,166.668,154.49179,159.28514,118.19971,203.07714,143.39141,139.24967,220.89421,119.36933,165.63232,187.39523,162.20651,185.66312,114.92966,174.93682,160.56422,158.917,204.06772,194.24482,181.69568,202.11107,138.73927,173.89805,155.30845,176.84306,189.14966,144.49088,168.55172,184.94551,179.12329,214.45917,123.23927,141.20315,127.47289,163.60306,192.05791,137.4039,198.46501,116.03363,190.19085,200.00704,170.10919,194.32148,166.83966,190.87766,180.80286,123.58094,136.31469,171.87695,161.1273,189.22118,146.33348,217.14195,161.54313,192.44151,183.36937,148.68738,182.10503,138.66381,114.48702,192.14742,167.35128,203.74763,172.34274,153.80014,201.00493,141.23186,185.1872,194.42069,137.50439,150.10099,135.24854,161.81881,104.47761,172.92968,191.65669,196.94596,194.28147,127.30946,131.67225,112.51676,179.00866,192.61458,173.25074,149.55258,168.67015,110.88567,167.42213,177.97501,146.13541,162.91352,143.59077,2
159.22237,114.03975,162.83479,137.69885,166.13416,160.111,128.66358,126.50806,150.46704,153.80911,159.6243,0.0,130.17674,135.22212,146.7804,167.74497,162.38573,126.1434,142.09207,155.58539,135.4688,169.3707,125.52612,138.53014,137.93625,140.8884,144.38066,158.57336,138.69205,137.41141,138.22151,163.16374,152.38287,136.64311,131.43151,122.57124,119.9579,155.95889,138.87995,156.23341,115.37084,169.58708,184.05584,181.0497,149.46991,143.60487,166.52229,111.99909,149.80717,166.16453,129.06457,180.27699,137.89743,163.69058,153.07379,136.5877,106.81992,188.89453,130.93396,137.48838,165.96538,127.77852,160.695,145.50006,111.25674,183.71523,126.51647,126.03838,156.9493,142.83957,126.22722,140.89785,168.04108,132.07759,163.64758,124.80721,133.69953,137.35169,134.46485,132.74772,142.02492,113.88559,136.99493,129.46369,141.05342,106.90755,161.85859,165.59887,152.33485,115.68805,127.98534,124.10747,153.43503,147.42916,139.01781,153.01961,156.37775,133.37272,165.20261,110.01724,140.4439,108.16565,179.16858,119.92078,127.49234,136.54906,151.01172,169.78627,165.40206,106.74326,104.64368,142.80826,143.89075,124.83865,126.4428,167.04248,140.83982,132.38622,135.02911,128.63532,153.52892,147.13182,139.32475,111.67502,134.67049,145.63468,134.99649,154.88797,170.70827,120.92787,128.93181,113.69257,119.73837,164.883,117.25594,158.49851,173.50203,134.47342,163.34698,140.13792,161.60934,155.03348,158.54415,132.54342,124.07461,144.03916,149.57405,133.49547,145.43232,126.33671,182.54212,112.2433,136.654,176.97101,136.91588,132.79135,119.9673,136.97182,131.90388,113.56688,163.03861,104.87659,153.32094,156.99876,134.48391,134.60231,124.23613,145.33306,139.606,107.79163,152.35878,114.17974,123.46686,142.76992,121.94358,129.95451,139.11877,151.32166,154.23284,128.85105,171.82706,155.21597,163.45503,138.63482,157.92793,161.54773,150.38076,140.26621,148.92654,123.71604,133.06189,138.3324,140.49588,116.1999,152.7167,123.35533,134.11725,114.85676,156.2318,116.1209,1
144.0471,135.14085,153.84811,114.67837,137.15561,152.70291,156.86589,116.12205,141.62407,127.61694,154.89657,130.17674,0.0,122.49391,135.43602,138.87468,142.79149,151.52594,121.84293,140.74383,105.57698,165.6063,133.75716,115.02958,147.26037,121.76505,114.21306,131.46109,168.83854,125.86961,168.28882,132.98712,142.86473,126.08583,160.29222,143.33366,114.67096,126.23091,133.02497,127.70414,134.87536,140.05556,154.86856,151.27424,119.37183,125.69442,139.88312,141.47841,129.00605,136.59186,159.11689,150.75282,133.47959,135.02348,133.0676,113.56095,132.21301,159.00968,148.33984,131.39209,147.16856,103.09778,164.48099,129.15208,141.39738,153.58481,151.53469,133.62565,136.95526,133.55928,138.92168,171.06923,139.35364,143.0011,137.80282,138.04293,114.95989,145.34169,126.43703,112.71349,124.71506,138.54992,142.26858,129.58928,120.09155,131.5803,159.50363,138.55016,129.02522,134.38606,156.87019,120.94597,139.78008,149.98781,168.56086,122.91237,152.18398,103.20182,165.68562,136.72254,137.72964,134.89364,151.68385,149.51551,137.72785,109.5427,120.89409,155.60756,135.2577,124.42301,125.78243,145.11617,158.64095,143.93729,142.41787,168.07225,137.05197,110.76255,164.28516,156.49145,132.22048,148.96989,120.08858,141.07068,105.51885,157.44126,157.69017,130.23986,149.85375,129.98653,159.03416,116.48761,147.99966,139.69652,134.92911,128.53415,144.49149,125.28917,160.59598,131.74959,137.13332,136.77779,128.3785,154.23445,136.53526,147.4192,139.59683,142.57239,148.93387,156.22828,154.00359,142.34164,140.56945,146.98635,140.72033,118.61852,150.05906,108.30604,158.49999,125.23878,164.62472,135.04845,137.69321,132.28895,107.7484,164.71725,120.50905,141.81613,140.416,133.17432,150.44092,142.35954,148.80722,154.30051,119.21982,136.82678,144.6073,128.2742,126.06628,141.79347,142.602,150.72639,133.63472,167.46215,142.30987,141.13287,132.99525,124.08261,142.39174,132.29206,151.54151,118.40706,112.22648,123.75813,144.54977,116.54971,164.24987,122.20366,126.05752,126.46394,1
166.4347,130.55091,176.28122,136.97738,151.98526,130.4304,152.75918,109.49241,119.33463,147.16468,176.92533,135.22212,122.49391,0.0,113.53402,153.76366,127.18777,161.20185,144.18508,120.96762,125.54842,143.12598,120.38084,112.09861,129.74321,144.21353,127.6267,128.51236,168.8504,103.39329,167.66079,142.20135,120.7571,148.07814,156.8593,155.78404,116.67046,140.43679,111.01208,144.56734,129.25412,153.09339,155.247,154.41258,129.89814,148.14523,134.83362,146.8674,150.93345,149.86752,159.06795,152.72052,154.74032,135.54366,118.18667,135.92854,132.58087,162.28316,135.85721,152.8826,130.75458,120.42891,142.91605,110.27878,143.94632,159.36024,161.50453,151.147,158.74229,155.69825,154.96592,171.393,154.56822,127.53994,156.70679,153.75788,137.37947,163.76442,147.97397,110.02488,107.27229,135.04291,123.54993,149.24358,109.60519,140.37692,137.04608,156.23223,150.13965,128.46625,153.88209,140.15625,119.21544,128.88223,165.89314,135.62714,174.08446,122.93009,143.42964,144.9065,116.127,142.92259,147.58442,148.97486,123.74225,131.24179,131.18904,135.85672,145.31579,133.19679,130.96234,165.34817,142.47199,157.34763,157.29011,145.85391,158.38056,112.00675,161.2571,163.74027,119.10705,169.49972,107.24251,146.61581,120.21525,139.70906,147.48123,122.60344,135.56193,146.31464,161.45259,126.3016,145.41691,131.90932,148.15171,135.61689,145.0313,103.82099,138.11451,153.68615,157.07015,158.928,139.06416,143.7701,152.41726,126.89121,161.95265,126.0455,128.28075,159.80107,152.39872,144.4851,121.50781,151.79586,160.25181,140.67683,151.13247,119.42022,152.05581,138.89737,142.56595,139.2484,118.38133,124.45145,129.87864,164.67009,139.82389,163.30311,119.81695,132.92136,128.1763,140.94914,158.46784,136.83343,137.68405,120.88043,125.50498,149.5492,143.7222,157.99387,156.29821,172.64264,138.90574,163.26693,123.13334,126.46453,155.35053,146.56725,164.41607,120.13301,139.11178,107.82269,132.38625,119.6893,166.81949,112.27739,166.12439,136.74319,136.8607,141.29554,1
178.82109,139.12133,189.25436,149.48138,159.89635,117.32879,159.33623,122.79289,106.46391,157.74507,190.222,146.7804,135.43602,113.53402,0.0,161.60626,118.91317,172.91815,156.64823,109.33245,137.6582,130.65055,125.93492,122.22138,128.72101,156.84187,137.46376,130.12001,176.68788,110.29837,175.23909,148.0717,107.44313,161.35711,163.54094,168.32064,129.78569,148.89426,109.14249,153.94203,137.53196,160.00175,154.84351,155.73197,138.19301,160.75346,133.53301,157.79864,162.90675,157.11233,167.2853,153.49034,168.19925,137.6686,114.10696,148.5175,142.92374,163.11474,138.70807,166.30161,121.05607,133.67285,134.05299,108.25346,154.08276,161.84734,173.29683,164.56094,170.4965,168.92643,168.17431,179.28697,162.54032,129.23988,166.60186,166.93048,150.39519,177.20975,161.37307,122.72354,111.65261,143.50885,122.38927,162.77731,117.30153,152.56367,125.52174,165.45796,161.53502,136.73016,160.96875,153.69025,106.84848,122.32185,172.52539,143.94876,187.4284,135.34413,132.7066,156.73927,111.94771,154.80428,145.07429,157.53526,127.76513,143.51499,139.14579,123.03163,151.29026,145.75616,142.90639,178.88205,141.16637,170.06171,170.28548,135.18859,171.83573,124.67799,167.91655,174.64183,116.39808,183.02993,116.09879,157.60926,132.24818,136.97289,150.73011,122.98939,127.06017,159.64545,170.63503,139.44204,153.29626,129.26351,160.99816,141.3131,145.738,112.58986,126.31671,166.99499,167.5648,171.03202,146.02862,147.18697,165.62814,121.88736,175.03283,126.979,122.76978,169.51074,151.01296,154.43665,120.46466,154.30957,173.77597,153.91292,160.25152,130.76153,157.37076,152.02351,132.49888,150.26322,108.21546,123.94446,142.41008,172.64158,153.3577,176.73913,116.60602,142.99926,118.26306,149.74235,170.24716,134.75241,151.21287,123.9377,123.25752,161.06265,153.52628,171.1978,163.36923,185.98002,143.14946,169.20403,111.82206,119.29125,167.74171,159.44638,177.70526,126.69026,141.57043,117.69763,143.97904,130.59979,179.97508,125.21835,174.9,150.02422,144.16179,154.52173,1
137.41258,174.01392,151.43376,131.04124,101.78756,177.11125,195.51505,152.42818,167.79629,116.14238,157.79755,167.74497,138.87468,153.76366,161.60626,0.0,155.80121,183.78625,130.15689,161.14679,133.30395,190.75799,171.03416,141.66538,183.07577,131.79155,126.67837,135.12793,206.11515,156.21224,205.82525,115.28931,168.03852,141.48069,198.77813,173.94957,153.30303,113.40714,164.32272,111.52082,173.71447,104.83111,135.9502,129.09721,123.89146,132.10744,139.05922,177.78941,126.46381,105.14552,196.72385,130.97323,148.87092,129.84425,150.36238,131.92746,170.7907,133.40255,186.40035,146.67193,159.65252,141.87637,195.44836,153.35281,178.92316,125.56112,183.52101,159.35549,127.11174,143.40003,165.68583,208.1504,101.10897,179.83612,112.63056,165.53586,135.89331,165.8205,144.1949,145.28902,150.56269,177.38165,177.15602,152.19154,145.19502,167.21416,186.83054,108.41289,121.59526,173.20129,195.33017,148.67343,161.91167,182.24269,206.72975,118.13657,156.91648,136.02826,194.23343,171.98392,169.53289,170.4985,142.05193,187.60296,174.9819,131.19796,122.69335,171.90353,112.6786,161.264,163.76875,160.38695,195.42434,173.32556,170.1569,196.71194,150.56219,143.82411,202.61891,190.29311,148.00408,162.03207,147.17222,177.3403,136.51333,193.23424,196.36411,141.17925,157.82431,158.82997,195.63008,154.41026,186.56598,143.09114,166.32557,121.19948,131.11345,157.5548,187.42192,144.18898,116.70949,130.42057,115.71287,192.83464,164.15766,180.54945,143.88179,178.86777,181.88011,192.39552,138.95954,179.94881,175.16387,124.10098,159.57051,139.0855,187.63126,135.72503,197.35454,158.61922,194.1051,172.4569,158.44785,141.58982,133.27726,202.14208,148.26232,152.63481,173.53994,171.80537,179.77538,180.87034,181.4007,190.24634,149.15316,173.21649,179.21202,122.44237,113.61298,167.61004,104.55102,155.74623,122.16053,205.9889,161.14852,153.55191,131.83051,134.95321,149.29179,169.87575,189.6775,146.10148,127.30591,162.4197,148.05822,154.07623,200.87254,155.69122,117.44701,158.30488,1
181.408,156.85839,193.62725,154.04343,154.33502,124.8738,177.92611,136.1019,120.91235,157.10527,196.21974,162.38573,142.79149,127.18777,118.91317,155.80121,0.0,188.2563,160.55475,110.56708,142.52757,137.26121,144.41885,127.81508,147.31073,161.24204,138.00677,120.6734,194.94865,125.39993,193.59027,140.64895,119.65959,168.13427,182.12122,182.32386,143.18705,145.32598,127.89186,151.37463,155.38005,152.88112,139.19708,141.76892,136.08117,164.85505,119.23793,174.05321,165.06218,150.74695,185.36228,139.09516,176.02311,126.85087,109.85245,153.41027,159.64391,148.24026,157.62055,173.82319,104.47094,142.31401,147.38849,116.92327,171.00304,148.79185,188.52896,175.70625,171.67966,175.12274,180.31393,197.53285,156.87194,148.14538,163.99293,179.22823,156.57258,187.88547,168.92097,131.91342,120.47612,161.33916,141.13311,172.3271,123.12457,167.30713,135.72692,161.69633,162.36537,154.57352,179.42835,163.47978,113.09588,139.06975,191.14566,140.847,193.80036,141.27925,143.37908,171.97132,130.725,169.97827,128.14329,175.41569,146.55442,148.02844,136.31307,116.10314,143.62789,159.93839,158.05916,187.88984,159.37058,183.66328,183.13926,145.66141,179.51225,133.29557,186.51698,190.92801,110.62648,191.67916,124.02455,173.80318,137.86758,154.76491,169.63954,115.36378,108.45048,171.38193,188.23696,152.42824,171.44651,114.33353,174.3701,134.68421,131.94762,128.575,135.72389,173.72058,166.07366,173.11344,140.50009,166.10013,177.79584,139.53526,180.28883,145.86215,140.08688,186.77764,134.68937,171.49192,139.27683,141.80512,183.48435,160.83206,177.85493,135.37517,176.18632,164.74005,144.32225,166.43359,110.69791,114.39734,147.72982,190.8384,163.06833,184.09697,135.24347,159.91159,132.68872,167.46468,185.50611,152.86856,161.42529,142.77593,141.76074,162.19853,151.77266,183.31327,156.23864,192.33926,134.16447,187.95827,108.60389,102.25154,170.8055,164.54749,183.96541,144.93499,160.46615,125.46548,146.83968,146.79649,185.43835,139.16617,192.7369,162.21451,139.4268,166.82971,1
163.10211,136.65811,160.74933,152.93098,182.44785,185.75168,134.37374,152.16884,176.45295,168.00463,154.52245,126.1434,151.52594,161.20185,172.91815,183.78625,188.2563,0.0,154.13773,181.71807,155.79187,194.06557,150.31253,162.99833,160.47162,152.55088,165.09239,182.38525,130.2034,163.51002,131.26769,183.05648,178.39014,144.10548,133.90548,110.17294,145.19381,174.2577,164.88331,172.64206,138.37447,186.7329,206.33698,202.38692,170.38758,153.53993,190.65222,116.03112,160.23878,183.56513,125.70122,202.0879,139.94266,186.526,178.76212,152.19329,130.69127,209.90648,150.25939,141.11254,191.94963,150.02163,183.3921,171.45424,121.37882,203.80394,100.83191,125.77027,165.28161,146.57872,120.157,130.95522,183.77977,154.8216,176.31766,119.64418,147.97519,128.06001,141.22611,157.52281,167.79774,133.63882,161.12018,133.0955,166.22811,121.03098,186.45727,179.38905,164.25546,139.00836,131.83904,135.13031,179.57806,171.44474,135.95128,172.56066,151.56451,154.57313,188.84236,116.29554,166.05415,118.28275,202.92555,125.50205,151.31788,154.53343,171.80865,195.91041,184.69118,128.56957,130.24102,136.53316,162.56056,111.82093,116.0034,190.41504,140.92549,156.76732,134.6041,107.76393,179.01517,139.62189,164.72363,116.05748,156.84254,165.90108,148.28471,179.6082,196.49209,125.0239,119.90935,136.65321,129.99898,189.58373,117.50992,179.6369,196.01036,160.60483,187.98933,144.30802,173.16415,162.31053,178.2673,147.65804,120.66608,168.07079,151.54694,156.76645,169.31237,116.30999,205.51973,121.68565,161.19911,197.80293,132.11422,144.74831,121.83876,159.50551,140.13118,126.43309,186.41266,122.95488,179.41679,181.7395,152.8725,128.03969,135.55167,143.31292,164.64191,130.96641,177.25381,128.59993,102.77478,163.57088,134.94433,154.46552,162.95031,163.21527,170.39624,119.92513,188.25314,150.95315,184.8555,138.8222,184.04909,187.30267,158.02524,150.13434,148.23737,148.70374,151.0452,163.56191,158.55912,142.3219,152.27698,149.09013,123.52646,129.53282,176.17905,125.90247,1
122.25001,151.98934,133.15536,107.20784,129.02922,173.97586,170.75565,137.76823,162.99391,114.04676,135.89801,142.09207,121.84293,144.18508,156.64823,130.15689,160.55475,154.13773,0.0,160.76285,119.02172,187.14215,154.19759,134.78007,168.21663,101.63473,122.89699,143.84655,178.66299,147.52112,178.67204,133.92251,164.08382,111.55162,173.4239,144.12445,134.57155,123.82331,154.85315,119.95892,152.27427,133.732,159.53508,153.89831,126.47296,104.30033,151.61227,150.24697,107.91428,130.96393,169.85491,154.59318,119.65823,143.73239,151.5887,108.28294,146.85371,160.32519,167.43929,117.28826,165.02319,124.42568,186.28601,149.6077,152.55041,153.13421,153.81069,129.2281,115.72253,115.82161,135.55039,180.4655,130.00037,163.48404,122.37249,135.44669,108.68662,136.23426,114.12064,134.20574,145.33507,154.26009,163.65414,122.03475,140.02402,139.73944,181.23026,125.25446,110.44182,152.00292,169.99858,119.56043,160.22162,171.75618,180.49625,124.76559,133.73946,121.33562,187.51016,143.9718,159.57076,142.7945,160.66727,161.72166,158.04998,113.14921,127.09974,175.04297,134.34429,135.35299,139.08222,132.04318,178.82288,143.32069,140.03803,189.90375,122.16124,132.21397,176.8046,160.99774,150.09616,134.66111,140.6901,149.7843,124.41086,178.23365,175.15166,145.83428,166.23667,129.12342,167.75894,130.81006,161.81412,153.31084,136.912,133.69704,150.82447,147.11355,182.28355,115.50331,119.73072,115.02047,129.58775,172.03679,134.1002,169.1056,119.86685,163.39239,170.63282,164.2715,160.56636,153.63563,162.06064,148.74617,130.1123,109.71166,160.97809,126.16955,173.75388,130.52004,186.46734,146.27799,157.6619,147.48138,114.31015,174.9302,119.22252,125.61885,162.16383,147.9789,172.25733,156.18508,151.88682,175.06807,120.79079,157.74275,166.03426,109.39599,117.711,137.45461,134.70291,132.3043,138.54188,180.58267,161.95338,158.56082,111.16729,105.21038,124.12715,152.52084,170.43397,139.03336,113.72177,142.74444,125.02492,137.64697,172.91325,127.99108,128.35814,129.5379,1
