Vértice_1,Vértice_2,Vértice_3,Vértice_4,Vértice_5,Vértice_6,Vértice_7,Vértice_8,Vértice_9,Vértice_10,Vértice_11,Vértice_12,Vértice_13,Vértice_14,Vértice_15,Vértice_16,Vértice_17,Vértice_18,Vértice_19,Vértice_20,Vértice_21,Vértice_22,Vértice_23,Vértice_24,Vértice_25,Vértice_26,Vértice_27,Vértice_28,Vértice_29,Vértice_30,Vértice_31,Vértice_32,Vértice_33,Vértice_34,Vértice_35,Vértice_36,Vértice_37,Vértice_38,Vértice_39,Vértice_40,Vértice_41,Vértice_42,Vértice_43,Vértice_44,Vértice_45,Vértice_46,Vértice_47,Vértice_48,Vértice_49,Vértice_50,Vértice_51,Vértice_52,Vértice_53,Vértice_54,Vértice_55,Vértice_56,Vértice_57,Vértice_58,Vértice_59,Vértice_60,Vértice_61,Vértice_62,Vértice_63,Vértice_64,Vértice_65,Vértice_66,Vértice_67,Vértice_68,Vértice_69,Vértice_70,Vértice_71,Vértice_72,Vértice_73,Vértice_74,Vértice_75,Vértice_76,Vértice_77,Vértice_78,Vértice_79,Vértice_80,Vértice_81,Vértice_82,Vértice_83,Vértice_84,Vértice_85,Vértice_86,Vértice_87,Vértice_88,Vértice_89,Vértice_90,Vértice_91,Vértice_92,Vértice_93,Vértice_94,Vértice_95,Vértice_96,Vértice_97,Vértice_98,Vértice_99,Vértice_100,Vértice_101,Vértice_102,Vértice_103,Vértice_104,Vértice_105,Vértice_106,Vértice_107,Vértice_108,Vértice_109,Vértice_110,Vértice_111,Vértice_112,Vértice_113,Vértice_114,Vértice_115,Vértice_116,Vértice_117,Vértice_118,Vértice_119,Vértice_120,Vértice_121,Vértice_122,Vértice_123,Vértice_124,Vértice_125,Vértice_126,Vértice_127,Vértice_128,Vértice_129,Vértice_130,Vértice_131,Vértice_132,Vértice_133,Vértice_134,Vértice_135,Vértice_136,Vértice_137,Vértice_138,Vértice_139,Vértice_140,Vértice_141,Vértice_142,Vértice_143,Vértice_144,Vértice_145,Vértice_146,Vértice_147,Vértice_148,Vértice_149,Vértice_150,Vértice_151,Vértice_152,Vértice_153,Vértice_154,Vértice_155,Vértice_156,Vértice_157,Vértice_158,Vértice_159,Vértice_160,Vértice_161,Vértice_162,Vértice_163,Vértice_164,Vértice_165,Vértice_166,Vértice_167,Vértice_168,Vértice_169,Vértice_170,Vértice_171,Vértice_172,Vértice_173,Vértice_174,Vértice_175,Vértice_176,Vértice_177,Vértice_178,Vértice_179,Vértice_180,Vértice_181,Vértice_182,Vértice_183,Vértice_184,Vértice_185,Vértice_186,Vértice_187,Vértice_188,Vértice_189,Vértice_190,Vértice_191,Vértice_192,Vértice_193,Vértice_194,Vértice_195,Vértice_196,Vértice_197,Vértice_198,Vértice_199,Vértice_200,Conjuntos
0.0,218.61396,200.80957,137.82053,197.52604,167.40416,188.80391,163.49721,154.78991,157.71679,131.66908,149.35081,144.93463,167.17699,149.78252,153.62621,159.35696,126.81881,170.55209,108.81418,166.43252,143.35034,140.30819,180.01816,168.56596,152.62362,105.09918,186.58065,167.87934,168.92398,199.14607,126.91672,190.51836,175.26922,182.13344,195.83293,177.97592,169.08764,111.51462,166.61679,128.00705,198.6109,123.8634,180.76949,134.20999,146.5264,115.81647,219.85281,180.02326,160.06377,179.38718,175.7613,187.87357,156.03593,163.30079,144.21469,175.62133,186.16543,184.09853,160.76518,158.03244,184.53148,148.35529,173.4647,206.67782,181.91462,145.68814,128.7463,142.11812,208.17021,183.57372,197.97971,195.95603,138.7681,195.09968,167.05089,140.99368,174.58303,162.8738,173.13272,188.40007,117.9618,183.59062,170.88577,174.08072,132.4347,153.42482,174.02504,111.22922,188.65297,185.68654,134.34096,195.08827,164.35188,100.93261,165.49173,162.61447,125.89362,184.40121,145.97552,141.13386,195.267,133.82718,168.95135,148.59862,137.3527,187.47788,145.43472,128.22722,154.92888,144.36329,192.76998,147.357,122.7927,168.22781,167.88033,170.98601,119.54173,123.73421,186.82308,172.57069,151.08712,154.72525,181.84653,182.95358,170.66252,176.18002,118.99001,213.91291,190.49769,171.95708,157.08597,194.81683,125.27542,190.21739,120.75315,185.78327,148.80674,139.83359,169.47588,177.35977,119.23307,197.37824,113.49627,190.26292,160.97544,156.84579,155.91456,119.57679,137.06404,159.44654,126.88964,157.05399,115.47273,156.18709,139.75204,181.32064,129.48821,163.48932,164.8759,185.33818,186.14697,170.89585,122.73586,160.87466,153.34212,198.75306,164.32785,189.6082,154.80262,151.85762,124.97875,157.75,140.63425,153.41785,145.44621,134.69742,136.45888,172.64733,143.33132,185.08478,135.14347,164.74093,158.5405,170.92602,190.02128,169.96359,170.79002,153.7967,115.71502,160.51597,161.34808,155.17819,192.79536,135.46835,175.89153,200.21162,148.15291,198.92852,150.63188,1
218.61396,0.0,120.61327,194.62246,145.76814,171.60326,135.91962,170.14969,197.31052,201.89633,194.75599,178.02074,187.37333,187.83474,168.9758,165.11888,190.07484,212.80982,192.36876,222.63164,165.16247,182.60059,192.44594,155.88751,170.39522,182.05689,222.89062,191.07363,169.89378,159.45036,121.78173,211.0753,160.10231,156.65756,143.05005,127.97133,163.3599,174.91631,218.8788,153.46193,198.74251,197.89395,200.86778,149.28304,185.40685,209.37272,212.17541,102.02684,151.3096,159.34902,172.72359,162.48444,132.98989,188.22192,155.69208,209.03691,171.88195,142.75538,174.71511,160.07473,191.95545,134.10229,170.25877,190.55642,113.58254,136.77813,180.12825,196.67873,177.41333,112.15476,135.21281,195.51774,156.45511,180.51107,169.15927,171.01716,182.49776,163.32747,196.03643,146.31472,147.87396,223.62285,152.64791,182.52116,192.89033,190.6199,167.02549,145.39834,208.41384,145.07677,137.45888,185.30669,131.35631,155.26476,219.15863,186.87179,159.17227,194.22175,140.67534,186.97471,187.16326,172.5454,200.0561,181.58277,193.23156,205.56643,131.2025,173.30222,201.17154,163.97031,209.89754,149.68925,194.5425,232.75371,174.94091,191.03706,195.01622,200.8405,196.32308,188.69557,199.23907,177.17938,194.56567,139.44291,193.72836,151.66029,142.74665,203.92046,107.45616,187.23046,172.15245,197.2581,147.05594,207.00572,174.24524,205.47829,147.69968,175.05698,178.79913,174.70497,187.34869,207.43651,191.41343,205.35372,197.50455,161.94325,163.55511,174.18765,215.31061,188.05182,171.97271,196.24331,165.35541,207.24819,206.1243,212.81397,153.08468,193.73111,169.2319,159.32555,158.04033,148.36434,185.01986,198.16902,190.64306,178.36862,195.72783,194.56725,143.69834,191.96387,202.97068,195.87653,163.68378,202.67621,172.82684,178.2064,185.22668,187.18712,165.03082,202.85549,145.50812,198.98709,186.03598,195.806,193.50754,161.10743,194.11037,147.96223,188.34351,212.92324,161.25636,184.4315,202.36811,126.68511,196.00999,142.98999,121.12268,181.14943,133.57701,181.13806,2
200.80957,120.61327,0.0,174.56283,128.34653,151.02299,129.91381,160.26082,187.08104,181.29136,179.77733,157.9083,174.51481,167.38731,151.09426,148.40052,180.65809,193.01325,185.40543,204.12512,155.46274,162.758,172.30223,135.5812,149.82998,170.52206,204.81574,171.87764,149.30695,138.89075,118.55882,191.28941,141.45267,136.07693,135.02885,107.51837,157.62945,154.42583,200.07983,139.21998,179.28395,179.7833,185.0622,142.54591,168.87735,188.83966,195.97985,121.0478,144.67213,143.89136,152.86165,142.08255,123.77822,177.99609,137.54338,188.55233,151.69814,122.33788,155.3517,145.84499,182.29898,118.00695,152.85889,184.26377,107.03416,121.78743,160.23726,181.32624,158.88533,117.28777,120.95882,177.42073,138.85596,163.93202,151.35538,162.40059,162.99244,156.37737,187.41919,132.07072,128.24883,204.4162,147.9453,162.19278,186.6843,175.11293,151.94654,126.78668,191.15165,125.27062,129.42412,168.79816,128.91815,140.34889,201.2806,178.76652,139.50844,175.66631,133.2922,174.32138,173.33857,154.72091,180.07874,161.1599,181.64506,185.31521,115.07947,155.43207,181.55767,145.90545,189.40904,131.1395,182.76613,213.52874,154.42038,183.50202,188.09661,182.3294,179.59966,169.55571,179.01655,156.96518,173.95504,128.86007,174.1863,139.59754,124.88684,185.06769,113.97125,168.49838,165.14326,187.47933,128.89457,187.40184,155.64144,186.30923,143.26161,161.03246,161.13712,167.13579,167.42652,191.46638,173.38688,187.36483,178.53103,148.84871,144.45925,153.77465,195.94288,168.45706,161.02468,177.14136,145.66606,190.65478,185.51249,192.45049,147.41909,174.54992,159.19263,147.29381,138.4766,128.37873,164.70975,179.4945,170.05675,166.54857,177.71525,186.25758,140.58794,181.62155,182.3701,179.43601,144.21809,182.32299,159.94644,158.57081,168.86847,172.09056,157.59174,182.41255,125.1597,178.95846,165.5063,186.30968,173.22367,142.39167,186.99243,130.38093,177.61774,193.87709,141.64122,163.83231,181.75485,108.5476,181.96505,125.22089,119.09542,168.26807,115.74922,160.77115,1
137.82053,194.62246,174.56283,0.0,163.81368,131.03051,173.49511,163.13632,170.44604,123.77916,144.42869,116.65808,153.83673,129.55233,131.88162,138.65412,170.84408,118.90719,182.46876,136.09832,163.28953,112.35965,102.69452,146.01412,132.33491,158.71151,139.29916,149.20377,131.89058,136.86509,179.19763,117.27163,154.44645,142.1462,168.86364,168.07505,175.69338,131.87874,130.84386,152.04032,109.99434,161.61729,141.47568,171.1211,133.36039,119.55021,144.74314,195.38161,171.40426,145.84427,142.00876,140.55822,169.77083,166.49283,141.33672,117.9292,138.48277,155.3536,146.47983,149.26828,170.59609,162.13103,133.10822,184.29655,181.33255,161.02731,114.63939,142.78111,123.40325,186.47174,162.90104,160.77275,160.25106,133.51303,157.81186,167.87564,114.05552,171.90426,177.21653,155.81493,155.28305,132.4292,176.40206,133.06531,185.88826,140.16611,143.94228,149.9324,134.93711,156.34939,169.99905,133.49217,179.24524,149.43794,137.70863,175.08082,135.58539,118.35381,170.44558,154.74114,148.87388,157.72905,105.66616,131.14944,162.08956,111.5585,164.54053,129.24977,109.75555,134.8179,118.73787,158.60412,161.69107,140.98944,131.07436,179.39685,184.05769,120.70887,133.58083,149.25787,136.84173,117.72373,118.09356,165.35712,145.92049,158.07628,153.12035,119.10003,188.51128,152.82164,173.88086,172.53811,161.06049,114.619,152.58985,117.15735,176.37426,146.85809,127.7102,172.64636,139.74183,143.53279,159.86523,127.50894,153.51038,152.31522,132.29532,121.69756,123.7473,109.24803,159.4088,113.17334,129.47021,139.14997,124.50887,119.3829,173.99494,111.95187,162.47972,156.19056,150.01965,153.30132,133.12354,118.1219,123.49458,156.71903,161.54449,177.82867,178.82866,167.47162,119.10673,135.42534,131.43105,110.19828,151.80416,117.22075,134.41772,141.97631,170.6758,112.15314,153.49908,104.4169,126.96843,173.12539,134.0601,153.8091,182.73099,148.91235,164.27783,123.99014,133.58261,123.53123,121.70494,167.98661,150.28536,152.99765,180.37158,152.41524,168.22568,114.885,1
197.52604,145.76814,128.34653,163.81368,0.0,133.72419,153.53879,175.51866,199.61739,162.44117,184.86145,148.61315,183.99322,146.60192,152.7087,153.73136,194.72017,182.58578,202.13156,198.4532,171.52144,154.55821,161.16608,117.82627,132.33516,182.46068,200.50699,145.75756,132.45329,128.63598,145.82793,181.01284,114.77857,122.26913,156.08159,122.01903,177.65254,135.10564,193.58417,151.69316,171.42494,152.13723,187.93938,163.44448,171.5484,172.87582,197.21196,145.2886,165.35575,153.00592,129.28746,123.54322,146.57545,191.1705,141.73199,173.27549,129.93221,114.80969,129.92074,156.85192,195.93212,135.70451,155.54429,201.7884,133.99,139.14431,152.07881,185.49603,157.03791,145.57381,139.72285,149.76107,110.7133,167.07572,123.41481,178.97403,156.55195,175.35971,202.06835,146.55214,109.23563,196.14268,169.83594,140.67255,204.16951,179.49914,160.2192,133.91815,189.98686,110.01847,151.66677,171.52963,154.71,151.35129,197.75241,194.59016,137.0181,171.73542,155.22876,184.15795,181.23815,126.80471,169.42652,140.50996,192.57288,172.44675,134.56315,156.29693,172.783,148.05814,174.0427,105.4247,193.31837,204.80202,135.52458,199.68904,204.72301,177.98641,180.7283,143.34384,156.1499,147.02487,156.71231,148.94801,148.85161,155.26305,135.16563,179.28723,138.32196,141.58482,183.23459,200.61094,102.7552,178.27855,128.6121,179.19771,165.89977,169.9408,161.74718,184.45663,143.47861,193.51193,145.6635,184.35258,151.95153,161.18414,143.24739,142.42363,187.40866,160.93607,174.79625,171.00915,141.32994,191.26425,166.92821,178.26807,168.58738,168.32024,174.38078,161.49573,115.07134,111.58028,142.91741,174.80255,151.15899,178.45458,149.98482,201.35682,164.45092,194.36782,165.20973,181.28177,141.39788,168.76961,170.95943,152.07993,171.95707,177.64412,175.95003,167.9487,114.08294,168.06774,145.81848,199.89304,150.89546,115.82382,203.45509,138.81134,190.12305,186.78563,138.76588,145.76766,163.63169,130.27582,188.70533,135.55648,146.60518,178.31558,112.66019,148.94152,1
167.40416,171.60326,151.02299,131.03051,133.72419,0.0,161.44563,166.97324,184.38767,130.35346,162.99009,118.84007,167.03148,116.99062,134.08827,139.13397,181.87324,149.35931,191.96601,166.86378,164.79002,124.52039,128.33602,116.70919,101.38925,168.61374,169.62121,129.87565,101.74905,113.98481,161.5886,147.86406,123.42542,114.94681,159.751,143.63823,175.1871,104.68596,161.71457,146.41495,139.78467,142.22441,163.53007,164.99306,149.10019,139.41079,170.54875,171.87511,166.16913,143.20546,113.17122,110.24057,155.57362,177.63971,132.10398,139.66175,108.98108,128.98921,118.60086,147.84486,182.4182,144.80884,137.12995,192.74374,158.05179,145.69267,122.59238,162.61649,132.94359,166.29061,147.36709,140.4518,129.22764,146.0025,128.04448,171.53162,127.77526,171.80505,189.2003,145.94219,126.16454,163.4071,171.49066,113.19914,194.84784,157.60153,146.83735,133.96963,161.84104,128.04607,158.23781,149.14844,165.71395,144.4848,167.4602,184.01087,122.81097,142.94058,160.32508,167.58448,162.88834,128.79394,136.45072,111.31891,176.19421,138.80312,146.10307,135.5029,140.54479,132.18211,140.45002,128.33631,176.42151,171.76898,104.12361,189.04374,194.18282,148.2773,155.42682,128.48022,129.60359,117.01857,123.52065,153.77254,129.51349,152.42572,137.40126,148.47233,164.60438,130.33365,177.17582,186.00201,131.02935,145.64809,124.33481,147.56238,169.44836,154.78232,139.12134,177.16659,121.19528,167.8341,137.82019,155.16608,136.5714,152.37736,125.91931,112.38638,154.764,130.49319,164.50826,140.56041,121.21164,164.49856,134.67207,144.55494,169.41441,138.04981,165.96086,154.87855,119.19104,124.6637,115.59067,145.09591,119.04114,165.21345,141.11498,189.13018,170.20572,179.94205,132.09484,156.6006,123.2337,135.07326,158.07577,124.31253,149.87851,157.26207,171.42885,134.22793,126.40952,135.04396,114.63394,185.90675,123.69297,122.81512,192.81193,136.1793,175.90653,154.83788,122.53826,112.88564,131.02796,146.84011,168.11753,137.52493,162.71757,162.88739,140.64578,116.78779,1
188.80391,135.91962,129.91381,173.49511,153.53879,161.44563,0.0,134.31301,161.41142,188.1703,161.4379,158.72054,152.4572,178.19102,142.49129,136.5477,154.15707,189.25417,156.98302,194.30673,129.3371,161.26357,172.01109,151.66073,160.75068,146.55777,193.53668,188.97532,159.78506,147.49171,114.30972,187.5466,162.69716,148.99,107.36416,132.70101,128.29378,165.95822,191.45937,122.59587,174.44001,199.38656,168.34082,113.51311,154.59651,191.62092,179.85834,137.78029,115.61201,129.33539,168.93608,156.24094,106.9704,152.34322,132.54245,190.59011,166.17679,140.97684,173.13243,128.04062,156.03601,118.42014,142.45381,155.452,130.39023,116.12574,159.29668,163.72309,151.66614,123.76562,114.77666,197.16636,162.42586,150.0997,173.35945,135.11105,159.61269,127.70457,160.20617,117.68022,148.99319,197.30945,118.12402,174.56492,157.84251,158.06258,135.37911,127.47685,177.87188,146.09144,103.49775,154.46715,106.28437,125.10978,189.48556,151.1061,140.52929,167.2202,104.89639,151.94219,152.96109,176.4175,178.09416,172.76452,157.62945,185.05356,119.00719,146.24463,177.36984,138.75367,191.45844,154.04759,158.99504,206.23306,165.54193,155.4432,159.66253,173.3576,165.29769,186.97944,190.96713,158.67786,179.93775,108.18222,189.90717,118.17907,124.0736,177.25667,135.16259,187.1783,136.60206,161.33876,152.88611,182.85342,175.57507,179.75138,113.35484,141.51039,150.69037,139.00018,181.92325,174.93933,193.4903,176.38818,195.95155,128.32833,141.64503,157.76987,189.85995,165.05846,136.40625,170.78806,145.55916,175.6323,191.63756,192.86801,117.88931,168.70781,133.43395,124.92431,157.57094,147.75028,177.01233,171.2769,178.40037,143.05688,197.63385,158.78907,110.97669,156.08798,187.20256,164.41778,143.19946,183.17097,138.34898,156.33265,154.14545,154.26437,129.27988,184.24447,143.42858,177.38475,175.38673,159.88936,185.08989,163.36854,158.67529,125.90206,152.5446,186.46593,141.92155,172.27031,187.74868,123.86019,161.77105,123.93058,114.8258,146.39369,142.79492,163.45396,1
163.49721,170.14969,160.26082,163.13632,175.51866,166.97324,134.31301,0.0,127.21436,184.39881,132.27485,154.51914,120.20487,180.47071,134.13722,128.03739,120.40523,173.10925,126.63428,170.83358,104.98774,153.53059,162.88764,165.6154,166.98839,112.96319,168.58048,196.82359,165.8309,155.92171,148.38369,171.64923,179.04324,160.91472,127.09967,159.87322,114.48409,171.52154,169.56706,123.84158,159.39956,209.16103,140.10037,121.60352,132.43446,182.66496,151.05641,171.96591,119.9343,124.19872,178.69078,167.01606,137.73458,118.09199,136.27398,180.92116,174.80763,160.74497,183.98033,119.63153,122.10433,142.95849,131.64575,126.56496,162.89401,138.98031,152.85047,135.09583,140.32013,158.01845,139.44483,207.31955,181.26308,130.24882,188.87386,104.79189,150.12651,111.14468,127.23971,129.46043,167.88204,176.49642,121.57797,179.2401,128.87689,131.14433,120.57865,141.64472,152.32839,165.85924,132.74925,132.2761,139.66292,124.49676,164.34029,119.1065,144.88517,149.31873,129.48837,119.3999,122.68348,191.17763,165.74928,176.94145,123.53656,173.5436,145.53301,134.89216,162.55817,134.85428,181.68447,173.71092,124.97938,184.45558,170.76588,124.17664,129.20784,153.55457,140.44638,195.45003,192.6161,155.5273,176.47006,131.68957,196.04037,120.95536,140.45963,158.16634,168.66239,197.09265,110.80699,127.35531,173.81369,166.70357,188.43601,161.73501,125.23739,116.65113,135.42621,110.21828,187.73631,146.16684,204.43398,153.69584,203.4047,114.97623,141.06021,157.49323,170.98913,153.93163,104.12168,154.67353,145.83084,148.41062,186.51531,181.03701,119.74539,153.68106,101.13791,114.02422,172.80715,165.81135,181.16853,152.78646,177.88307,110.51516,207.9577,126.22232,129.66866,121.82609,181.23067,138.83566,143.7401,173.24586,111.4916,149.36504,131.50239,127.18075,109.1555,175.28222,161.99773,165.6544,177.15051,126.08824,187.45569,179.31606,127.93643,136.82523,118.23574,166.5058,144.64603,173.05586,183.02609,152.14919,130.47579,140.05825,149.02994,115.45748,168.46766,159.94436,1
154.78991,197.31052,187.08104,170.44604,199.61739,184.38767,161.41142,127.21436,0.0,194.03361,126.68622,168.00445,117.44687,194.58444,150.51551,146.89004,107.93193,173.61397,116.12328,163.4755,132.19453,164.74803,171.24277,187.20419,184.78161,117.16865,159.59165,213.07677,183.65359,176.14481,175.56702,172.60387,200.71977,182.08515,154.27585,186.07048,136.51922,188.46167,164.33369,148.84862,163.25696,225.89497,132.57435,148.30388,137.49831,188.46367,139.20186,199.14325,146.41877,146.61319,197.23645,187.06866,164.93268,109.13482,158.17396,186.32146,193.08782,184.8681,202.71106,142.95175,105.83262,169.40848,147.40881,119.32198,190.01497,165.46718,165.14143,129.05036,152.36288,185.16473,166.13521,224.35871,203.88805,139.06148,209.64258,126.57151,160.8013,135.09428,108.09231,155.4453,191.24606,171.59914,146.62787,194.92469,119.51602,130.30934,139.65806,165.99819,145.49052,189.65957,159.9568,137.38879,166.51142,148.61751,155.72252,113.77649,165.07828,152.6925,156.63565,116.8206,122.03716,211.46582,170.9228,192.54638,108.43951,178.28621,172.14129,148.91457,166.03195,153.60349,186.91163,197.03756,108.76591,177.57594,187.59621,113.89729,116.23088,153.77878,138.29285,212.14689,205.29877,169.50822,187.164,158.81221,211.31976,147.48564,165.55693,158.14766,195.86713,214.51576,127.37106,102.31093,197.6066,168.1664,207.92314,162.16311,151.08375,130.25239,146.09894,124.33691,203.39598,135.61578,222.05962,150.42858,219.04863,138.96368,159.72997,172.91731,168.97955,162.41434,126.05734,158.50452,163.80874,139.95952,194.94238,184.56935,145.39116,158.78681,128.18856,139.85569,194.39216,189.00356,196.37143,154.63724,190.44918,121.20233,225.0658,109.67845,155.53545,105.45952,189.54875,136.25354,162.33402,179.37637,128.65831,162.07312,136.48543,128.67322,133.09481,181.9396,185.63386,171.38003,191.2654,103.87848,201.01094,200.80087,115.28739,161.07153,109.57936,163.98484,164.12544,186.99479,192.09739,178.79104,121.01748,165.14749,176.18845,121.79298,194.01581,172.90717,1
157.71679,201.89633,181.29136,123.77916,162.44117,130.35346,188.1703,184.39881,194.03361,0.0,168.19503,130.60391,177.16653,116.23229,150.82205,157.56498,194.02726,131.95946,205.48536,153.30115,183.77522,130.87893,122.79091,146.78003,131.61798,181.50433,157.69034,131.10992,132.03536,142.94268,190.57349,131.31294,149.2613,145.26313,184.97499,173.95426,195.7459,127.61977,148.0155,169.18973,132.64012,141.79875,165.1281,188.731,156.66607,113.35409,167.36622,202.20472,189.42512,163.96995,134.05783,140.09058,183.12373,189.64799,155.98504,115.07677,132.5603,159.34267,136.13823,168.10411,193.90741,173.33951,152.92797,207.11871,188.3254,173.44714,131.63283,166.5586,144.14898,196.07435,175.25916,141.57705,155.28156,156.13108,148.0477,189.19056,134.43481,192.0272,200.60692,171.07692,155.9884,146.20573,194.68322,122.23079,208.83004,163.83457,164.16171,161.49736,157.3869,158.15183,184.74708,156.7875,193.19555,166.75477,157.34956,197.90715,147.64754,142.1045,186.08276,178.02806,172.25361,146.61636,125.0033,121.98673,185.63566,120.40811,175.0728,149.51445,130.85547,151.97086,115.41584,157.05097,185.30159,152.32399,127.38762,202.41362,207.20329,143.6262,157.32921,132.12059,115.14332,130.1152,108.29318,180.06997,126.75116,175.48681,164.99507,140.88967,194.94334,136.19989,195.20161,196.08654,159.93094,132.47094,141.37479,137.71592,193.73885,168.84596,149.63079,194.31705,123.95396,166.72082,141.88218,149.92531,133.29501,171.88927,147.25181,130.4012,139.32966,131.71497,180.96569,136.69284,142.84531,162.12204,104.49512,120.8901,192.36659,135.71884,183.61195,175.38456,147.37182,154.73732,120.45352,141.44836,111.4099,179.1432,142.33354,201.12112,195.42456,190.8515,105.90983,159.19251,145.27025,117.13991,173.48693,135.12635,157.70812,165.42245,191.08005,114.39649,156.74699,124.03059,116.62458,196.59475,115.43511,148.32324,205.85797,162.281,187.49019,142.12063,146.27674,117.47615,102.56576,176.63163,174.04667,165.01454,191.73418,175.20381,170.75907,125.29414,1
131.66908,194.75599,179.77733,144.42869,184.86145,162.99009,161.4379,132.27485,126.68622,168.19503,0.0,144.90838,113.31409,170.58876,132.17283,132.00965,129.10796,147.0689,140.8642,139.61149,135.74374,140.57664,145.51684,169.65706,163.66635,120.95485,136.7652,189.85224,162.62586,157.87866,173.68565,146.00082,182.58178,164.39323,154.24598,176.54841,146.65046,166.49698,139.33046,141.32395,136.69454,202.72232,107.87325,151.38698,113.94257,161.90327,118.9118,196.28487,150.29793,135.91549,176.15932,167.86484,162.13129,125.25541,144.0739,159.73102,171.96339,170.98929,181.58525,134.68222,128.21877,161.9883,129.32115,143.40164,184.49565,158.58285,141.54151,102.92587,130.08562,183.27785,159.90377,201.41197,186.78539,117.86776,190.174,135.52904,136.64565,143.41939,134.20061,148.54586,175.7815,146.57465,153.21811,171.83973,144.43992,105.46763,127.92099,154.26859,120.8314,174.9509,158.75448,113.91049,167.59042,139.70515,132.55409,134.76059,147.93065,126.28004,156.67487,114.36818,109.6036,191.45778,144.43919,169.49431,118.82262,151.68011,165.01524,128.88477,139.40105,136.85355,160.30177,181.21065,118.03117,153.65178,165.59068,137.93932,141.86089,127.10615,111.61054,189.22914,180.36435,146.61498,161.81277,155.70439,187.55225,143.58231,155.24229,131.52667,191.34765,192.03865,140.29917,128.92097,182.45522,141.50179,187.27908,135.53571,156.03579,119.94655,124.10078,137.80766,180.03998,113.96541,199.55995,124.29487,195.33812,133.20624,141.77049,150.75247,142.87551,137.11077,128.35921,132.01937,144.61268,116.2825,168.77546,157.88365,151.08948,132.55212,132.40965,136.52682,176.44122,173.42199,172.94179,127.98195,165.79655,121.87697,202.1518,135.22727,160.17751,124.90086,163.42382,109.56928,143.9161,152.93919,123.45926,138.99746,113.26879,107.68689,141.40727,155.56318,170.92579,144.98168,167.37317,129.8651,176.56218,182.43919,140.65795,149.84485,122.92752,137.94127,146.34968,163.15363,166.12878,171.25686,105.86433,154.86847,174.61733,116.81944,182.34595,149.16988,1
149.35081,178.02074,157.9083,116.65808,148.61315,118.84007,158.72054,154.51914,168.00445,130.60391,144.90838,0.0,150.5696,126.68431,120.46511,127.07011,166.53008,135.33487,177.41053,149.84168,153.49235,106.00557,114.42548,130.86788,119.80138,153.43398,152.02847,145.1922,118.9485,120.61259,163.20538,133.64106,141.27587,126.43359,154.88322,151.43058,165.26602,121.77125,144.98741,138.7064,122.86494,158.05836,144.86619,158.24365,131.27756,132.96391,151.7147,178.75395,158.8748,133.36619,131.82389,126.41843,154.36905,162.17112,126.17826,132.08532,127.70609,138.99684,137.10702,137.52512,166.77627,145.9697,122.8812,178.65185,164.69359,145.20356,103.77107,144.27351,115.6465,170.12602,147.07567,156.64344,146.61778,128.95211,146.86489,159.29327,108.93563,161.57818,173.60223,141.20881,139.70867,147.925,164.11213,127.05874,180.56221,139.65308,134.00232,133.72572,143.12474,140.43652,155.23683,131.34877,164.16395,136.22832,149.49571,169.57118,119.247,124.23306,156.18033,151.25918,146.04197,147.6153,122.22104,124.6903,159.61991,127.61328,148.24701,119.9454,124.48759,121.38,132.96016,143.65124,159.64418,156.82391,120.85769,174.38204,179.39517,129.91442,136.70183,144.42616,138.23926,101.82222,122.37728,150.54006,143.31558,144.98711,137.0387,130.75164,171.86125,147.14049,165.25322,169.81042,145.86851,130.20842,143.02713,130.59971,163.31804,139.95131,121.90802,164.62812,135.44157,149.01326,154.67196,136.66118,151.04746,141.411,117.10573,106.6319,139.20255,112.36459,151.35325,122.5295,113.36711,145.66185,133.48764,135.09353,161.78395,119.88017,153.65737,144.82123,135.98802,137.58209,128.38427,126.70378,123.3933,150.52539,157.37221,173.79621,165.22116,164.0133,128.69933,137.96224,115.60204,125.02001,144.13184,105.97104,132.1596,139.86054,160.72031,125.7204,137.32054,121.063,123.34052,169.96087,133.38184,140.83493,178.02392,133.28263,160.21693,138.22044,117.37302,119.08389,129.6918,151.42772,150.29975,136.9555,164.38272,147.3121,151.9395,105.43876,1
144.93463,187.37333,174.51481,153.83673,183.99322,167.03148,152.4572,120.20487,117.44687,177.16653,113.31409,150.5696,0.0,177.17788,133.3649,130.42688,117.07979,159.22356,128.85979,152.92539,124.39959,147.44029,154.4236,170.62053,167.45937,107.80316,150.0234,195.63022,166.33926,159.3008,165.74658,158.01485,184.05231,165.42759,145.09691,172.44235,134.11983,171.05938,152.54381,135.30683,147.45221,208.45059,121.0726,140.96417,120.51008,172.4481,131.30738,189.05201,139.56544,131.5689,179.94966,170.08264,154.3835,112.8152,142.26222,170.39778,175.78515,169.43703,185.42868,128.7655,116.76122,156.51344,130.24546,131.03484,178.38815,152.75321,147.75105,116.23592,134.92447,175.47651,153.76426,206.92108,187.52482,121.64813,192.68424,122.78995,143.5137,131.16604,123.44283,142.4544,175.31929,159.75648,141.73757,177.47787,132.37187,114.62562,123.84789,151.1194,134.14483,173.97691,150.22098,120.38541,158.32135,134.42092,145.82765,122.03193,148.39569,136.7681,147.56788,101.06313,104.98922,194.39774,154.86509,175.09956,109.16345,162.46172,159.44196,131.53075,150.40698,136.83423,171.0448,181.03251,109.52035,166.95535,170.1895,125.8165,130.28046,139.03907,123.91508,194.70669,188.03332,152.06474,170.07769,147.93745,193.88468,135.76609,151.2548,143.63979,184.832,197.10001,127.17153,119.24978,181.83119,153.2974,190.72767,147.57316,145.12711,114.09637,128.67226,124.57994,185.95008,126.55807,204.64687,137.20047,201.60845,125.75342,142.78836,155.48165,155.61404,145.45476,116.74737,142.59894,146.67122,129.48628,178.32485,169.2105,139.80599,142.51715,120.59303,128.0488,177.74318,173.02084,178.92873,139.29192,173.14772,109.79357,207.62976,123.99236,149.47213,113.68986,172.91489,121.95365,145.32883,163.17134,114.64709,144.64825,119.46258,111.9153,129.07576,165.62649,169.91568,155.17628,173.85288,119.51922,183.6537,184.07585,128.97556,146.28818,110.52261,150.76211,147.27959,169.5828,175.32582,166.00083,110.32442,150.85198,166.55841,106.27021,179.53677,155.50938,1
167.17699,187.83474,167.38731,129.55233,146.60192,116.99062,178.19102,180.47071,194.58444,116.23229,170.58876,126.68431,177.17788,0.0,146.4107,152.48685,193.21311,144.07128,204.03698,164.43026,178.91816,130.05908,127.30935,132.00078,117.94282,180.09911,168.18966,119.74402,118.72772,130.90692,178.56801,142.97768,133.0872,131.52487,176.1066,159.90828,190.05085,113.00146,159.05277,161.80653,139.5463,132.41989,169.28208,180.91976,157.44318,128.49288,173.96174,187.97385,181.94254,157.71859,117.84268,125.35466,172.458,188.8553,147.65793,129.62369,116.69289,145.08501,120.0877,162.23964,193.45687,161.78896,149.12896,205.20089,174.37594,162.58341,129.44887,169.55794,142.29739,183.0756,164.2836,131.38548,139.08306,155.53072,132.08514,185.18653,134.02011,186.5088,200.28192,162.1666,140.77627,158.76418,187.2788,106.01835,207.15065,165.56722,159.90674,150.76165,164.31894,143.19218,174.92381,157.53113,182.60823,159.64703,166.99801,196.16856,138.48943,146.46424,176.83243,177.8909,172.56838,130.94561,133.41884,106.27659,186.17274,132.16567,163.09143,146.51209,138.95399,145.91638,130.20391,141.26948,186.1328,165.95812,113.1257,201.01897,206.05126,150.05268,161.06908,119.70556,112.81634,125.33283,113.24538,170.38736,116.97404,168.00418,154.22838,148.64525,180.67385,123.32075,191.04569,196.42755,144.17844,142.52265,125.63497,146.42418,185.57898,166.53293,148.51025,190.66943,110.19425,172.27955,130.31539,156.96366,124.75763,166.5393,140.1097,122.99229,150.85537,133.92034,177.54742,142.22307,135.27494,168.17828,120.69863,135.35732,185.10697,140.34169,179.54132,169.49629,131.60171,139.78939,104.35712,147.22398,106.53452,177.12113,132.15165,200.48026,186.61195,190.67602,120.30772,162.64872,137.62687,128.21306,170.52847,132.54326,158.38863,166.19365,185.90321,126.18761,142.32953,132.06449,103.35074,196.61511,107.09856,132.13461,204.67891,152.60468,186.89852,152.47588,137.71401,107.60242,117.91008,163.66843,176.21012,154.33089,179.6938,173.99415,155.6767,121.67988,1
149.78252,168.9758,151.09426,131.88162,152.7087,134.08827,142.49129,134.13722,150.51551,150.82205,132.17283,120.46511,133.3649,146.4107,0.0,106.85243,147.78532,146.76352,158.02845,153.69815,133.03328,120.4569,130.87875,137.74323,134.3812,134.52561,153.94285,163.50012,133.23897,126.13291,150.44725,145.0578,150.97277,132.48484,137.2614,146.50867,144.92586,138.37397,150.15168,120.3215,131.94884,176.13094,135.52396,139.24071,118.97021,151.04318,145.62934,170.15491,139.56043,113.96665,146.75848,136.74574,139.81413,143.5551,113.55117,149.65779,142.63445,139.07899,152.22495,117.53498,148.343,134.87931,103.11961,158.98146,156.89531,132.5605,119.24425,132.80614,109.17676,158.9725,134.31943,174.44657,154.84284,114.37098,159.34409,138.89223,117.84273,141.20535,155.11604,125.08361,143.60995,155.43159,144.62398,145.56734,161.01108,126.79168,113.56741,124.32544,140.09014,142.83825,139.04423,118.9362,148.53183,117.70829,150.28603,150.0909,115.76487,125.45439,139.01207,133.81921,129.6623,161.03285,135.97282,143.22197,142.49263,143.30102,137.779,104.34781,134.88812,105.22012,150.49534,149.04902,142.87013,164.50106,137.5483,155.06893,160.18507,131.97907,128.99176,162.33512,158.47923,121.40024,142.70442,134.57746,162.33479,126.22688,126.39851,135.39542,164.13341,164.40287,144.82582,152.04273,150.28606,140.36741,157.40941,137.52175,144.49296,120.69497,110.05709,144.30194,154.11404,141.47772,171.90505,136.41551,169.86289,121.07901,109.67778,123.52313,147.62003,122.93906,131.13676,128.40864,113.30893,139.99251,153.34952,151.1437,142.23273,126.24156,133.24705,124.69131,144.71718,141.24988,147.3503,129.48531,143.76446,131.1689,175.12644,155.04482,147.01826,145.92352,148.25981,129.17248,112.05263,141.97486,124.22056,115.78014,119.29833,125.13632,140.28758,143.51343,138.83876,135.41156,143.07615,151.87602,153.3547,150.93082,158.81174,121.03567,141.84876,144.57928,114.27301,138.94589,149.68165,143.01494,136.29595,126.11316,151.57469,128.85333,150.98597,125.90386,1
153.62621,165.11888,148.40052,138.65412,153.73136,139.13397,136.5477,128.03739,146.89004,157.56498,132.00965,127.07011,130.42688,152.48685,106.85243,0.0,143.30692,152.95936,152.92533,158.31185,126.51568,127.30864,137.70911,140.32414,139.24945,130.18178,158.06938,168.89861,138.09147,129.33909,145.60553,151.27704,153.83048,135.19512,130.91063,144.66431,138.20051,143.61188,155.14355,114.0174,138.15062,181.35696,136.71598,132.48976,120.49609,157.87984,147.58379,166.4328,132.75192,107.37026,151.30442,140.37898,134.54159,139.24871,112.16483,156.47401,147.29011,139.39125,156.7054,110.68279,144.09392,131.19862,105.92862,153.61937,153.6927,128.34657,126.05335,133.22682,115.5381,154.54451,129.96868,179.57881,157.12613,115.55024,162.86066,132.71801,124.6468,134.50807,150.73512,119.68429,144.94041,160.81192,137.78757,151.2151,155.74316,126.99928,107.7173,122.29452,143.29508,143.71757,133.16986,120.41227,142.71113,111.44971,154.21194,144.96963,118.20512,130.70039,132.79225,130.68937,127.50763,164.81675,142.59359,148.90976,139.28635,150.01503,134.20659,109.81584,141.17235,106.98738,157.30805,150.62494,139.88533,169.78702,142.83342,150.04758,155.20696,136.95577,131.31758,167.5964,164.76865,127.8686,149.40503,128.88819,168.01743,119.62857,123.55032,140.73923,160.80689,169.41525,138.55886,148.20539,151.49928,146.49196,161.56356,143.20744,137.7632,116.6437,114.24198,138.25474,159.72449,143.07387,176.84301,140.59476,175.42005,114.34143,113.30194,129.49484,153.31397,129.61949,125.3851,134.30268,117.92241,142.33985,160.15882,157.84767,135.39213,132.32636,127.0807,117.85958,147.50353,142.6277,153.13138,134.76189,150.19019,126.4903,180.23579,150.46902,140.42451,141.96912,155.09155,131.05608,116.00078,148.77866,119.1013,122.60641,120.46796,124.43513,133.67478,150.34971,139.65296,142.08867,149.1812,147.82363,159.50532,153.91252,153.84253,118.0657,137.77071,149.9553,117.40328,145.13551,156.47094,140.01528,135.21322,123.20084,146.69364,125.12464,150.37306,132.4962,1
159.35696,190.07484,180.65809,170.84408,194.72017,181.87324,154.15707,120.40523,107.93193,194.02726,129.10796,166.53008,117.07979,193.21311,147.78532,143.30692,0.0,175.99288,111.83223,167.83205,125.28463,163.89769,171.34874,183.26405,182.1457,113.25993,164.31599,211.12995,180.99841,172.61399,168.4015,174.84345,196.81103,178.26635,147.14784,180.09008,128.64241,186.13634,168.13858,143.28654,164.5184,223.84253,136.06471,140.87796,137.48385,189.52723,144.24542,191.93651,138.93394,141.92116,194.43465,183.68118,158.03218,104.38749,153.86414,187.47733,190.35054,179.91369,199.87568,137.87708,102.10034,163.24616,144.76119,114.30223,183.25743,159.27454,163.97804,131.83377,150.97362,177.9201,159.80438,222.1975,199.62099,138.04137,206.10924,119.07956,160.03165,127.37124,107.44634,149.50486,186.6347,175.41823,138.87327,193.05599,115.38641,131.5387,135.7238,160.85256,149.32268,184.86054,152.8954,137.35268,159.06904,143.38577,160.28319,106.43524,161.43945,153.83552,149.454,116.13056,122.06889,208.11615,171.94482,190.68559,110.75923,179.53661,165.87581,146.83189,167.4557,150.23224,188.1232,192.46232,112.05924,181.98237,185.29976,108.84513,113.21532,155.85321,140.47839,210.0484,204.45006,167.90639,186.77707,152.07178,209.68278,141.21561,160.08869,160.39819,188.91042,212.18424,119.45907,107.25618,192.8368,170.19518,204.84748,164.37305,143.41588,127.091,144.89017,116.43805,201.59123,140.1604,219.6901,153.39927,217.3301,133.56354,156.5064,170.91756,171.9832,162.32294,120.0595,159.66997,160.87306,144.06571,195.30164,186.23733,137.73025,159.59298,121.46575,133.8436,190.49045,184.45323,194.66783,156.2714,189.52454,116.81826,222.8839,107.28005,147.84756,104.62487,189.8911,138.45572,159.17838,180.24277,124.30783,160.72585,136.42712,128.99355,125.42214,182.68496,180.88787,172.25079,189.86706,105.73519,199.86165,196.9651,111.89918,155.93327,106.56985,167.04742,160.71002,185.61386,192.24137,172.50702,124.12938,159.68072,168.97584,119.21978,188.41372,171.66547,1
126.81881,212.80982,193.01325,118.90719,182.58578,149.35931,189.25417,173.10925,173.61397,131.95946,147.0689,135.33487,159.22356,144.07128,146.76352,152.95936,175.99288,0.0,187.81427,121.39484,174.39659,130.25673,121.48234,164.82783,150.70973,165.6937,125.99292,162.36766,150.37938,155.7468,196.35864,101.74008,172.59072,161.04448,183.86861,186.70678,186.90117,149.53245,116.2066,166.94395,114.82105,173.66901,141.30392,184.94775,140.75477,119.85018,139.41604,213.65873,184.87199,160.3262,159.19352,159.18601,186.28785,171.92517,158.21008,117.58696,156.06041,174.22751,163.09109,162.92875,175.23583,179.65735,147.04236,190.19246,199.67842,178.14597,132.77782,144.57348,137.59193,204.1307,179.99874,173.3167,178.51597,143.06588,174.87717,177.56143,130.45426,183.14922,181.261,171.76165,174.14897,114.6934,189.48671,148.8607,191.37773,144.59908,156.48337,167.64166,129.90194,175.25228,185.80253,140.91215,195.27042,164.34648,126.28777,181.25533,153.64215,123.82103,185.71246,160.25767,154.37074,174.35332,113.24124,147.3654,165.89108,111.95927,182.23258,143.14656,111.91497,150.75216,117.64904,177.32649,165.07218,122.45015,148.81269,184.83559,188.90857,120.18592,135.53177,162.99594,147.09204,136.53849,130.86191,181.303,158.31277,172.52204,170.64121,115.59651,206.90855,166.92256,183.33246,175.88621,179.83726,106.52902,169.07003,111.65393,190.25096,156.49044,139.53471,181.53366,153.89002,140.38403,173.2554,123.45627,165.18485,165.05983,149.54986,140.60475,107.46241,124.84878,169.06594,118.88725,147.45729,135.48171,129.82302,112.94255,187.06588,120.64082,172.68905,169.13638,168.52029,172.18903,148.23427,120.36626,137.5368,164.7685,174.08226,182.29221,193.23234,171.9279,126.05869,137.56602,149.15946,115.86675,161.6681,134.61739,141.73554,147.72551,181.5998,118.11919,172.40074,114.55097,142.3268,176.91112,146.41417,171.88355,187.68776,166.01444,169.59153,111.30297,151.55346,139.86519,129.39512,186.12474,152.60167,170.47371,197.51964,159.7819,187.11858,133.75077,1
170.55209,192.36876,185.40543,182.46876,202.13156,191.96601,156.98302,126.63428,116.12328,205.48536,140.8642,177.41053,128.85979,204.03698,158.02845,152.92533,111.83223,187.81427,0.0,179.14361,130.70651,175.10606,182.89008,191.99404,192.13977,124.05377,175.43291,221.52807,190.98367,181.86984,171.23585,186.67147,205.48402,187.17173,150.6331,185.79921,129.01796,196.35197,179.67321,150.47421,176.31189,234.13082,147.62292,143.48829,149.12813,201.2709,155.13351,194.31635,141.37455,150.38881,204.22379,192.99147,161.91686,116.04906,162.51861,199.23766,200.21527,187.37014,209.61038,145.97983,112.68007,168.83208,155.11112,103.37189,187.1277,164.87457,175.03779,143.54238,162.00998,180.32511,165.09415,232.4084,207.84977,149.36977,215.1438,123.32262,171.29458,129.29585,108.32467,155.84213,194.50988,186.95616,139.76018,203.5676,103.5778,143.36771,145.21093,168.277,160.81499,192.49277,156.41969,148.99274,161.01342,151.08107,171.48311,107.95712,170.70636,165.62777,152.6794,127.88489,133.84191,217.33048,183.69813,201.21173,122.20232,191.31631,171.19428,157.52578,179.26319,159.91271,199.89146,200.34048,123.29174,193.28491,195.54128,103.07346,102.6926,167.68237,152.29069,220.34008,215.52838,178.70575,198.10542,156.55416,220.2951,147.17094,167.01976,172.22149,192.14425,222.29199,120.3982,113.98134,200.44494,182.02729,214.34224,176.19974,144.68323,137.51552,156.06817,118.27164,212.11619,151.31998,229.74544,165.12977,227.86936,141.38516,166.22725,181.44977,183.72813,173.82874,127.9398,171.45748,170.78957,155.43905,206.87561,198.05565,139.30842,171.32788,127.7706,140.64259,199.21138,192.42811,205.28261,168.09872,200.60175,126.92827,233.07729,106.48275,148.82236,115.99705,201.46763,150.26368,168.92597,191.95906,133.89028,171.71092,148.06815,140.75384,127.87477,194.37344,188.6309,183.97768,200.68626,112.24644,210.7923,205.71958,101.82057,163.45862,118.34037,178.77713,170.20302,196.45835,203.75327,177.67928,135.71106,166.62173,171.63414,130.31736,194.7454,182.6455,2
