Vértice_1,Vértice_2,Vértice_3,Vértice_4,Vértice_5,Vértice_6,Vértice_7,Vértice_8,Vértice_9,Vértice_10,Vértice_11,Vértice_12,Vértice_13,Vértice_14,Vértice_15,Vértice_16,Vértice_17,Vértice_18,Vértice_19,Vértice_20,Vértice_21,Vértice_22,Vértice_23,Vértice_24,Vértice_25,Vértice_26,Vértice_27,Vértice_28,Vértice_29,Vértice_30,Vértice_31,Vértice_32,Vértice_33,Vértice_34,Vértice_35,Vértice_36,Vértice_37,Vértice_38,Vértice_39,Vértice_40,Vértice_41,Vértice_42,Vértice_43,Vértice_44,Vértice_45,Vértice_46,Vértice_47,Vértice_48,Vértice_49,Vértice_50,Vértice_51,Vértice_52,Vértice_53,Vértice_54,Vértice_55,Vértice_56,Vértice_57,Vértice_58,Vértice_59,Vértice_60,Vértice_61,Vértice_62,Vértice_63,Vértice_64,Vértice_65,Vértice_66,Vértice_67,Vértice_68,Vértice_69,Vértice_70,Vértice_71,Vértice_72,Vértice_73,Vértice_74,Vértice_75,Vértice_76,Vértice_77,Vértice_78,Vértice_79,Vértice_80,Vértice_81,Vértice_82,Vértice_83,Vértice_84,Vértice_85,Vértice_86,Vértice_87,Vértice_88,Vértice_89,Vértice_90,Vértice_91,Vértice_92,Vértice_93,Vértice_94,Vértice_95,Vértice_96,Vértice_97,Vértice_98,Vértice_99,Vértice_100,Conjuntos
0.0,139.03886,152.7229,162.36912,178.32894,131.5864,121.22662,130.63081,136.52284,149.20302,135.22584,129.55886,140.82695,161.95614,133.19526,118.54874,132.84795,165.25273,165.03383,170.8719,113.11821,145.86055,139.45417,135.18695,131.2314,135.33569,143.30167,131.15036,123.25598,140.71509,150.20636,172.34011,136.4636,105.38407,162.62455,164.51649,114.33037,166.30084,160.70849,140.90762,126.61354,140.29856,109.01559,141.2462,113.87911,121.35695,133.90721,142.04516,133.88247,106.10166,137.44207,157.60323,131.31645,121.0703,130.9966,124.88778,135.7566,153.69076,135.73248,151.64261,159.1497,154.97659,174.09773,171.69652,145.40372,148.64772,130.10028,153.77648,149.37425,119.15533,134.97057,137.77364,148.54366,165.67387,157.03037,133.62869,141.35656,162.73882,120.51798,125.13379,111.24648,132.72094,122.36111,149.10894,124.29556,138.38216,142.8019,177.42346,127.60317,135.60029,139.0572,153.10635,118.93998,167.12189,170.83348,136.31669,178.71822,149.88553,123.12969,134.13382,1
139.03886,0.0,141.19748,133.22753,154.65576,165.77495,160.05189,168.70669,128.73202,115.74805,158.93626,164.91506,167.33291,143.16661,132.76227,150.81392,163.08192,143.55688,140.99408,143.05244,148.29755,159.14728,109.48853,170.68238,168.92286,116.83482,160.2814,108.29027,156.17434,106.80577,156.96501,133.46714,171.99362,137.09391,128.42362,130.45355,146.73213,140.85959,127.01619,156.61274,156.08254,115.96987,130.86024,165.38594,143.40897,138.77544,120.96818,148.64913,159.71258,143.88849,113.48822,138.42954,163.24964,157.73379,155.08098,143.4289,132.01973,120.15748,165.96932,129.38104,120.61351,173.61975,136.53668,140.41641,176.07847,132.02712,140.3845,124.46089,162.0083,147.75224,124.45099,132.05112,111.89973,130.48551,136.96249,119.42592,157.73176,125.42692,131.04084,133.32706,149.26025,122.1485,128.56718,116.56779,115.0484,164.55168,133.04132,158.2889,150.52059,165.8405,166.37536,120.15548,150.6871,130.76915,132.18584,166.49536,145.55377,143.34852,159.20094,106.69735,1
152.7229,141.19748,0.0,173.16822,195.1041,184.12884,165.73918,180.44841,166.83187,155.95491,142.99538,181.82317,150.72338,184.36396,119.61173,149.16493,152.66362,184.62427,181.82784,182.78374,151.54931,132.12868,131.73121,187.17678,181.61035,125.61398,191.54801,138.6011,175.96511,134.76081,124.59915,159.68175,188.38675,155.27948,133.42142,167.81217,148.01033,121.26078,165.22146,133.48014,178.86613,156.77198,145.03058,146.86728,165.07549,134.02828,123.11237,183.95754,185.40856,152.999,127.94918,179.61698,154.93302,158.57941,181.69366,172.05793,116.9674,159.59278,188.35699,170.57646,143.5043,146.43242,147.56152,178.63844,198.12377,109.46387,172.88753,165.07063,133.01213,170.63296,162.65255,114.99036,135.90982,166.70062,178.15859,124.44075,134.64983,140.62853,132.21648,165.22256,163.23986,123.16117,130.48094,157.01905,139.51877,148.67297,172.41978,199.36512,139.16449,154.32034,151.08643,159.90866,148.54123,165.37637,150.39608,154.64887,140.10934,182.76541,175.3805,145.0658,2
162.36912,133.22753,173.16822,0.0,122.00481,178.67145,182.84779,186.23205,129.36812,117.51394,190.05022,179.20035,198.0077,117.22589,165.8779,178.61648,192.32757,114.26545,110.26221,109.82582,174.55729,192.04416,142.03774,184.24525,185.73572,150.03591,159.90543,139.52987,169.95234,138.78171,190.18744,129.82304,185.41684,158.18069,149.04348,109.75996,174.15032,166.88403,109.4452,189.15886,167.08851,122.43249,156.95155,196.6435,159.35856,169.71704,154.19471,144.80214,166.70526,168.34392,146.49425,115.18704,191.78268,183.34801,162.24314,152.08664,165.24205,113.57579,175.06895,112.57949,134.79169,206.17324,146.56943,109.54403,183.66406,163.72047,144.9703,109.16028,195.01662,161.10157,128.6627,165.26432,137.70544,112.59854,113.8234,152.64964,190.22135,141.16747,162.16675,142.52888,169.34097,155.34397,160.16105,116.66302,144.14467,195.23081,126.31312,127.71973,181.35705,195.17849,196.769,113.29241,178.69761,116.07831,138.90456,195.87867,162.53793,130.63258,175.26152,132.69496,1
178.32894,154.65576,195.1041,122.00481,0.0,187.88098,197.28007,197.55112,142.00346,139.20886,209.10105,189.16001,216.63434,116.91088,186.85807,195.9437,210.11768,113.07722,113.99859,113.00247,191.22554,212.5787,163.75068,193.41917,196.67978,171.47532,163.27521,160.14725,180.42778,160.54434,211.34932,147.64485,194.42786,173.48052,170.3744,129.41563,191.43932,188.55458,130.80016,209.34142,176.33097,141.51087,174.54032,215.70538,172.1041,189.04924,175.49608,149.06433,173.68425,184.43057,168.09253,120.78827,209.14725,199.29992,169.90209,162.18283,186.46982,135.55113,182.3864,127.45257,156.11369,226.24461,165.92365,119.64655,189.31082,185.67003,154.36084,130.20793,215.6844,172.3156,143.40081,186.64917,159.70816,131.65851,121.29949,173.93641,210.3424,162.19496,181.79956,154.90734,183.18393,176.52912,180.09883,138.21474,163.8126,213.9021,136.25585,109.33421,200.37194,212.96732,215.22108,135.19914,196.13596,134.58272,158.25991,213.68242,182.6088,133.68653,186.51814,153.07598,2
131.5864,165.77495,184.12884,178.67145,187.88098,0.0,125.34933,112.83763,149.31364,170.9329,157.31123,103.29406,158.85425,171.17634,164.52377,140.1736,149.55092,175.74813,177.24181,184.75094,135.14889,171.76718,168.79145,105.59611,111.10224,166.15254,129.55957,159.17897,109.60353,169.28787,178.15462,196.81556,106.74581,130.35228,192.30006,184.06585,138.70146,197.67045,180.50531,166.54361,111.66538,160.43324,140.132,161.28767,122.37528,151.15875,165.21822,139.70139,115.60579,131.4285,167.67748,168.28526,146.47073,133.75821,118.26374,126.59526,167.19966,174.55094,108.79346,166.17564,186.36003,176.29326,202.26512,188.10731,114.94476,180.22328,134.03013,172.01309,175.03093,118.37886,150.63845,169.25534,176.87927,186.00628,168.48566,164.78799,166.55523,191.0186,151.94239,136.4986,120.932,164.13406,153.92642,170.34833,152.99023,157.445,153.05519,183.62281,152.7385,151.24454,156.80214,173.71433,140.89442,188.3614,197.79803,151.77708,208.97991,154.33563,108.94022,159.54103,2
121.22662,160.05189,165.73918,182.84779,197.28007,125.34933,0.0,115.9691,155.34641,170.35699,132.53688,122.08849,133.50876,180.50369,146.75096,117.09556,124.21582,184.27569,184.55419,190.91383,114.33127,147.76415,159.47803,125.40576,117.62095,154.02028,150.21571,151.98475,123.36731,161.12847,155.0754,193.46071,126.25495,124.71242,181.89887,185.54485,117.75154,182.7026,181.74239,142.60667,129.12376,161.16497,129.26257,136.04659,125.60381,131.77123,151.5818,154.8998,136.84801,116.22467,156.79062,176.51631,121.12154,108.72814,136.63664,137.30209,149.75081,174.79435,133.44034,171.52649,179.8062,151.03538,194.21395,192.29387,139.97593,164.13175,144.66746,174.51686,150.82711,127.32815,154.63123,151.90269,168.91473,186.78958,176.16845,151.7303,142.43036,182.92708,135.7237,142.42774,114.17098,150.09361,138.43152,170.21931,145.09677,132.16302,161.06622,195.25065,129.42676,125.90759,131.45715,174.18012,117.80217,188.3091,191.45985,126.45253,197.14615,166.27223,117.7446,155.3432,1
130.63081,168.70669,180.44841,186.23205,197.55112,112.83763,115.9691,0.0,157.10898,176.34511,148.37773,109.92932,148.54652,180.66514,161.04461,132.84387,139.45123,184.98904,186.03621,193.17407,129.0852,163.72591,170.01001,110.40611,101.93187,165.86644,142.05149,161.2508,117.20735,171.09421,171.01036,201.27475,110.91968,131.62214,193.25357,190.55482,132.72461,196.15752,186.84885,158.57417,122.09232,166.22789,139.63857,151.4561,127.02153,146.47752,164.10934,150.77429,127.95,128.00318,168.07052,177.3256,136.19751,124.65318,129.7239,135.36847,163.94998,180.3821,121.60921,174.04559,189.19442,166.32409,204.50447,195.77126,125.50664,177.9199,143.1927,178.78604,166.76611,125.37328,157.60683,166.08821,178.90094,192.21603,177.31754,163.98419,158.38743,193.14129,149.12636,143.76403,119.58684,162.78588,151.56349,175.95006,154.54485,147.51138,161.75071,194.0404,145.33365,140.73041,146.52166,179.63107,133.56564,194.23081,200.84843,141.17959,209.29339,164.54455,111.07232,163.06131,2
136.52284,128.73202,166.83187,129.36812,142.00346,149.31364,155.34641,157.10898,0.0,124.5841,169.21857,149.84176,176.11407,125.44371,152.55937,154.59773,168.92597,128.95472,129.28629,136.10629,149.56837,175.4948,137.16354,154.8821,156.52246,141.27305,133.94395,128.34564,140.61225,135.28348,176.41799,150.75673,156.05945,131.53794,156.38496,135.20626,150.1326,169.53291,131.8719,171.47287,137.76223,114.73047,133.94659,175.71775,130.59065,150.20813,143.88745,120.44243,137.99628,142.60808,139.59568,121.2152,167.68543,157.36354,133.37766,122.75432,153.29375,126.96123,146.07814,116.96433,145.29757,187.73058,161.3194,138.84305,155.14542,158.53897,116.02249,123.09144,178.88274,131.82457,104.31521,154.26985,140.06272,137.41127,120.82205,142.4675,172.30502,151.53697,143.947,113.37177,141.33105,144.18621,143.0778,123.59803,128.0554,173.4688,106.5704,140.9654,160.63772,171.74602,174.5391,126.0123,154.86253,140.14822,155.0018,172.46502,173.21664,116.16915,146.07299,122.75501,1
149.20302,115.74805,155.95491,117.51394,139.20886,170.9329,170.35699,176.34511,124.5841,0.0,173.70086,170.77854,181.89687,129.51053,148.48539,163.73927,176.88146,128.94178,125.91074,127.32893,160.33255,174.79295,124.563,176.29212,176.1914,132.52737,158.52425,122.58591,161.54055,121.33813,172.7089,126.37675,177.55691,145.87515,135.32635,115.6657,159.39595,151.71144,111.92853,172.09648,159.97434,110.58937,142.43053,180.24286,149.49855,153.35255,136.71054,144.58092,161.64042,154.8245,128.98526,125.19825,176.6721,169.53608,156.92182,145.4778,147.76506,104.71624,169.17,116.47856,122.17705,189.12196,137.41775,124.8641,178.75207,146.5537,140.00499,109.14241,177.70044,152.58583,121.45117,147.75649,121.34008,116.50484,123.58144,135.17166,173.1897,128.80416,145.66531,134.8711,157.86119,137.89444,143.44818,101.29544,128.01795,179.10894,125.77629,143.60922,165.10562,179.70284,180.79101,104.48025,163.72616,117.99666,130.67336,180.38464,151.01715,134.71659,165.86826,116.27762,1
135.22584,158.93626,142.99538,190.05022,209.10105,157.31123,132.53688,148.37773,169.21857,173.70086,0.0,154.16546,108.65652,193.83468,129.90518,117.89875,110.63334,196.31097,195.18815,199.55114,123.77729,115.94165,153.37376,157.91397,150.10619,145.06525,177.47186,151.18761,152.85679,156.30712,124.52763,189.95924,158.78747,140.53917,169.93542,189.15817,121.19323,163.62678,185.54789,111.30616,158.00311,167.94151,135.27996,106.60915,148.2486,120.36153,140.88374,177.26497,165.97047,130.43442,149.00598,189.12184,113.69147,123.81404,164.25743,159.99468,132.48784,178.39645,164.64458,181.64908,173.68657,119.90206,184.21056,198.4433,172.19623,145.81629,165.26556,180.89646,118.60928,152.69057,166.57174,134.1428,162.64892,189.38753,188.2178,141.97825,110.69317,174.19326,128.03784,159.69642,139.30821,139.20931,130.37537,174.14011,145.91619,106.04735,175.77711,209.76949,108.73144,111.57537,108.34803,178.15487,117.26312,189.67483,184.14201,111.79676,181.43313,184.06255,148.81894,157.53612,1
129.55886,164.91506,181.82317,179.20035,189.16001,103.29406,122.08849,109.92932,149.84176,170.77854,154.16546,0.0,155.59717,172.36677,162.21184,137.16203,146.2997,176.85336,178.18831,185.57855,132.27087,168.74163,167.50856,105.80105,108.35306,164.50867,132.14342,158.07258,109.2991,168.15116,175.25777,196.43923,107.11609,128.81143,191.00801,184.26375,135.85969,195.82601,180.65207,163.52023,112.88326,160.36138,138.30042,158.06536,121.59364,148.58355,163.38933,141.48793,118.05705,128.92359,166.19452,169.30518,143.20672,130.54621,120.15399,127.3252,164.9392,174.52991,111.95509,166.78194,185.52753,173.06921,201.30621,188.68477,118.03189,178.18236,134.97733,172.27569,171.98129,118.27705,150.89617,167.0164,175.81757,186.12205,169.43074,163.0242,163.50741,190.01226,149.70961,136.7717,118.59714,162.25006,151.79211,170.24851,151.7256,154.21191,153.91357,185.18973,149.76029,147.9719,153.54546,173.71709,137.88613,188.37862,197.04185,148.50094,207.56071,155.778,106.45571,158.81521,2
140.82695,167.33291,150.72338,198.0077,216.63434,158.85425,133.50876,148.54652,176.11407,181.89687,108.65652,155.59717,0.0,201.06906,138.52762,122.38852,109.31986,203.74334,202.79389,207.41321,128.23845,120.80327,161.97144,158.63191,150.39913,153.69995,181.47029,159.47504,155.71429,164.87492,129.99978,198.5836,159.35164,146.21102,178.50743,197.42658,126.4996,171.6407,193.78306,117.53695,161.18316,175.75487,142.26561,104.23364,152.92483,128.58895,149.53296,182.64177,169.15862,135.3954,157.6308,196.42378,112.40979,125.27218,167.98027,165.0112,141.06491,186.6049,166.78174,189.21573,182.33561,117.84247,192.81626,206.54576,173.43573,154.13127,170.86034,188.87363,122.39168,156.84977,173.71572,142.66979,171.28315,197.73003,195.58943,150.61612,116.50903,182.8416,136.32263,165.8358,142.9081,147.85585,138.77409,182.29124,153.97131,102.78812,182.62943,216.92583,116.82093,107.85362,102.05243,186.33105,121.92741,198.09714,192.79658,107.49578,189.69904,190.47705,150.90523,165.66645,2
161.95614,143.16661,184.36396,117.22589,116.91088,171.17634,180.50369,180.66514,125.44371,129.51053,193.83468,172.36677,201.06906,0.0,173.70331,179.89354,194.1753,104.96917,108.33831,116.16503,174.97128,198.56458,152.64265,176.73805,179.81501,159.44033,147.82623,147.10556,163.56712,149.7101,198.21559,147.04,177.77451,156.97802,164.28485,126.98498,175.40584,181.19699,126.14925,194.97652,159.57763,128.02928,158.80794,200.40564,155.23176,174.15192,163.08728,133.05901,157.30526,168.04644,156.52568,104.87558,193.0374,182.79904,153.35663,145.29856,173.72863,127.48967,165.99229,113.79225,150.34714,211.66409,163.36909,122.65799,173.3793,175.15958,137.4879,120.79447,201.80668,155.40826,127.36364,174.20798,150.82776,129.82428,106.21326,161.53332,195.91004,156.94927,167.23233,138.08499,166.37602,163.88568,165.82632,128.26604,149.64662,198.37657,119.43773,115.99095,185.14578,197.01032,199.56862,126.75269,180.12865,133.3031,155.78044,197.72844,178.8453,117.52302,169.6234,140.04836,2
133.19526,132.76227,119.61173,165.8779,186.85807,164.52377,146.75096,161.04461,152.55937,148.48539,129.90518,162.21184,138.52762,173.70331,0.0,130.85043,137.52987,175.00264,172.94674,175.69606,132.43298,126.51633,125.14608,167.57801,162.14823,116.50953,173.43651,126.75313,156.45121,128.38444,124.54397,160.86365,168.79309,136.05987,140.08898,162.96385,129.02878,136.34253,159.66908,124.58746,159.54956,145.76765,125.91474,135.56968,145.92271,115.07627,112.10497,167.40221,166.33577,133.41463,120.48455,168.82827,139.08438,140.20286,162.82692,153.86668,103.04508,152.9157,168.90378,160.20036,144.3046,141.32564,154.30934,173.15128,178.59143,117.64194,155.7286,156.91553,129.26934,151.4816,148.75314,105.17644,133.62932,162.66319,167.57736,113.53471,125.78742,144.36336,112.68515,148.29303,143.62841,110.68907,111.33036,149.23629,124.58253,135.94942,158.77093,189.49096,123.31084,139.77003,138.19067,152.91436,130.30646,162.35481,154.37951,140.26491,152.6165,168.72004,155.76878,133.85787,1
118.54874,150.81392,149.16493,178.61648,195.9437,140.1736,117.09556,132.84387,154.59773,163.73927,117.89875,137.16203,122.38852,179.89354,130.85043,0.0,114.35435,182.91296,182.34651,187.62403,105.94407,131.59394,147.91523,141.47343,134.34946,141.03566,159.65177,142.53371,135.06468,150.19492,138.28398,183.92679,142.48086,123.9192,168.64558,179.39605,104.5061,167.18541,175.6259,126.3702,140.12643,156.18816,121.66985,123.25583,130.65906,115.85098,137.81354,160.25445,148.08435,113.0081,144.40609,175.39147,113.22227,109.42145,146.37444,142.66083,133.89529,168.42346,147.07623,168.78753,168.84881,137.74369,181.91212,187.62225,155.11807,148.48488,148.48609,169.66177,134.87631,134.88175,152.59862,136.0182,157.61521,180.13009,174.69203,138.31927,126.40315,170.94015,121.71508,143.67119,121.41487,136.17458,124.61566,163.90766,136.05356,120.06728,161.01212,195.56161,112.62955,117.15502,120.56114,167.99475,100.72886,181.04339,180.21068,117.87409,182.81626,168.40644,131.42869,147.60169,1
132.84795,163.08192,152.66362,192.32757,210.11768,149.55092,124.21582,139.45123,168.92597,176.88146,110.63334,146.2997,109.31986,194.1753,137.52987,114.35435,0.0,197.11524,196.43816,201.49984,119.84777,126.45201,158.8352,149.43613,141.27784,151.05762,172.40613,154.94027,146.45486,161.48431,135.15816,195.43814,150.1882,138.19195,177.43204,192.53407,118.79396,172.77299,188.80958,121.93873,151.96489,169.91177,135.61469,112.02405,144.22701,124.81501,147.21159,174.16746,159.92861,127.09258,154.80907,189.63866,103.31806,115.96118,158.86706,156.41011,140.39094,181.59442,157.46207,182.85608,179.65774,126.8917,191.38934,201.16296,164.17405,154.48426,162.57027,183.281,128.87463,147.91027,166.84386,142.27441,168.42979,193.07458,188.90514,148.06976,121.29118,180.89621,132.31411,157.98156,133.86377,145.508,135.0636,177.15279,148.88769,108.06658,175.35566,209.88301,114.21965,102.85603,107.26927,181.23372,114.06383,193.73546,190.60424,103.56665,189.99723,182.73174,141.58767,160.61366,1
165.25273,143.55688,184.62427,114.26545,113.07722,175.74813,184.27569,184.98904,128.95472,128.94178,196.31097,176.85336,203.74334,104.96917,175.00264,182.91296,197.11524,0.0,104.15305,111.36269,178.16037,200.33299,152.93168,181.32376,184.18986,160.17152,152.77099,148.25921,167.96252,149.86352,199.5463,143.86603,182.37918,160.40633,162.79405,123.86057,178.41054,180.20194,123.63861,196.92797,164.11779,129.27197,161.57412,202.90667,159.21543,176.38494,164.00333,137.95303,162.0643,171.3543,157.03499,107.76454,196.108,186.22375,158.04776,149.66279,174.83044,126.21167,170.73741,114.87813,148.6461,213.74711,160.83472,118.2114,178.24498,175.30073,141.89662,119.84941,203.50801,159.66058,130.33922,175.17193,150.20975,126.63532,108.22855,162.44122,197.89923,155.14286,169.26214,141.96991,170.2081,164.91399,167.68749,127.77772,151.40731,201.0231,123.36781,114.74174,187.59092,199.96211,202.30157,125.60475,183.11428,130.06559,153.16913,200.67813,176.7272,122.4347,173.92664,141.15277,2
165.03383,140.99408,181.82784,110.26221,113.99859,177.24181,184.55419,186.03621,129.28629,125.91074,195.18815,178.18831,202.79389,108.33831,172.94674,182.34651,196.43816,104.15305,0.0,108.05081,177.78366,198.59113,150.24568,182.83415,185.3207,157.75247,155.34402,146.20923,169.16277,147.10498,197.46331,139.72839,183.9251,160.35318,159.11101,119.75031,177.84067,176.71653,119.69608,195.34284,165.57935,127.51229,160.82567,201.79549,159.8419,175.08844,161.70029,140.34468,163.98709,171.12604,154.47676,109.08383,195.56666,186.08579,159.82583,150.8808,172.62799,122.80642,172.60805,113.58944,144.90495,212.24835,156.80055,114.32626,180.43873,172.44829,143.2314,116.77039,201.70711,160.66307,130.0864,172.86877,146.98785,122.50925,108.75895,160.13815,196.34415,151.34596,167.81178,142.57163,170.59859,162.68871,166.10062,124.81422,149.81545,200.05155,124.30425,117.82116,186.45694,199.29208,201.41092,122.2804,182.51278,125.92935,149.1226,200.00478,172.79778,125.00824,174.96426,139.1226,2
170.8719,143.05244,182.78374,109.82582,113.00247,184.75094,190.91383,193.17407,136.10629,127.32893,199.55114,185.57855,207.41321,116.16503,175.69606,187.62403,201.49984,111.36269,108.05081,0.0,183.34695,201.82781,151.81558,190.34703,192.5326,159.8556,163.37096,149.28587,176.4657,148.5462,200.01324,135.15769,191.46155,166.42681,157.37776,116.41651,183.13392,175.60315,117.91193,198.89103,173.08712,131.66178,165.96644,206.15392,166.66385,179.25757,164.02005,148.34395,171.77827,176.91866,156.29575,117.02207,200.83062,191.93298,167.54545,158.25536,175.06783,123.25472,180.36097,119.39462,143.12331,215.89526,153.17125,107.47868,188.3409,173.32421,150.72389,118.85458,204.81587,167.82703,136.28976,175.08458,147.11325,118.7173,116.45648,162.47529,199.94394,149.19305,171.76456,149.47791,177.1308,165.16916,169.82185,126.48883,153.70841,204.6444,131.6959,120.46248,190.83841,204.35504,206.12819,123.0486,187.73896,121.76013,145.47984,205.06053,169.7377,133.05286,182.11691,142.38829,2
113.11821,148.29755,151.54931,174.55729,191.22554,135.14889,114.33127,129.0852,149.56837,160.33255,123.77729,132.27087,128.23845,174.97128,132.43298,105.94407,119.84777,178.16037,177.78366,183.34695,0.0,136.88012,146.46302,136.94229,130.40246,140.34015,153.72145,140.02755,129.45051,148.4417,143.00578,181.70346,138.02777,118.3963,168.22659,175.91431,103.65702,168.39269,172.11753,131.67189,134.36749,152.21026,117.90258,129.19908,124.72944,117.52339,137.60834,154.42674,142.29684,107.24483,143.37734,170.55839,118.19996,109.44917,140.48108,136.77347,135.42584,164.96203,141.65895,164.2915,167.20562,143.6547,180.98574,183.72187,150.0495,149.80395,142.74149,165.73735,140.24793,128.94598,147.82478,137.57792,156.08768,176.81894,169.93187,137.87704,131.81505,169.8178,121.5574,138.20079,115.64176,136.0653,124.34168,160.40045,133.28329,125.9741,155.89276,190.50628,117.75878,122.55155,126.36835,164.47042,106.52993,177.94332,178.74533,123.26429,183.11393,162.96082,126.26889,144.46227,1
145.86055,159.14728,132.12868,192.04416,212.5787,171.76718,147.76415,163.72591,175.4948,174.79295,115.94165,168.74163,120.80327,198.56458,126.51633,131.59394,126.45201,200.33299,198.59113,201.82781,136.88012,0.0,151.63632,172.89197,165.38117,143.01043,189.14972,152.55858,166.29027,154.8913,109.21139,186.67816,173.84289,150.7178,163.3349,189.45887,133.57777,153.38755,186.12819,105.22394,171.00313,171.11508,142.99039,116.57515,159.66379,125.75306,138.61213,186.77346,178.8174,142.38311,146.96194,193.71159,129.60349,139.07916,176.51337,170.51861,127.9116,179.29586,178.53657,185.45486,169.98312,115.12288,177.85001,199.5634,186.71182,137.69529,174.63294,182.98081,103.52406,164.66724,172.19766,128.70831,159.76884,189.17945,192.5893,140.05102,105.35475,169.06696,131.56401,168.12258,152.39083,137.20037,132.74585,175.48065,148.94826,119.6647,182.00589,214.52392,119.12137,126.87045,121.89614,179.25074,130.8742,188.84518,179.18882,126.9002,172.17063,191.25336,163.00607,159.55367,2
139.45417,109.48853,131.73121,142.03774,163.75068,168.79145,159.47803,170.01001,137.16354,124.563,153.37376,167.50856,161.97144,152.64265,125.14608,147.91523,158.8352,152.93168,150.24568,151.81558,146.46302,151.63632,0.0,173.30789,170.48261,108.63828,166.92764,110.1967,159.3244,103.31428,148.60818,136.66796,174.6218,138.78509,123.50957,138.07632,144.27386,132.65161,134.96107,149.63358,160.10802,125.33671,130.55385,159.58529,146.61767,134.02792,113.04432,156.39168,164.68953,143.3326,104.68043,147.91501,159.46616,155.83569,160.2273,148.89013,123.86709,128.59954,170.1232,138.86242,120.94987,166.46515,134.75135,148.53595,180.32543,122.53872,147.05449,133.56239,154.278,151.53119,132.84904,123.54527,109.70099,137.60916,146.44223,111.6748,150.80944,123.4492,126.60481,139.56608,150.43912,114.54947,123.79042,125.53599,115.80127,159.23589,141.98315,167.67266,145.40555,161.46814,161.24436,128.76702,147.65971,137.21117,132.32498,162.07835,140.31529,152.35967,161.41947,114.41517,1
135.18695,170.68238,187.17678,184.24525,193.41917,105.59611,125.40576,110.40611,154.8821,176.29212,157.91397,105.80105,158.63191,176.73805,167.57801,141.47343,149.43613,181.32376,182.83415,190.34703,136.94229,172.89197,173.30789,0.0,108.47466,170.25133,134.22673,163.87015,114.76283,173.95085,179.7395,202.06356,101.31533,134.5952,196.80587,189.56499,140.5812,201.48559,185.98756,167.68942,117.26092,165.82653,143.99893,161.37738,127.31553,153.68383,169.06804,145.06954,120.61136,134.18445,171.97271,173.8724,146.23312,134.10568,123.66001,132.18016,170.34791,179.96982,112.70556,171.75824,191.29246,176.32505,207.09288,193.68854,115.10057,183.74267,139.62586,177.5289,176.048,123.70778,156.14651,172.44118,181.61326,191.47903,174.07861,168.72874,167.59946,195.80377,155.16097,142.00268,124.08917,167.90505,157.31337,175.73243,157.52624,157.46063,158.65129,189.0616,154.10151,150.86391,156.59293,179.14263,142.20219,193.79832,202.79149,151.34081,213.34444,159.83738,112.07246,164.551,2
131.2314,168.92286,181.61035,185.73572,196.67978,111.10224,117.62095,101.93187,156.52246,176.1914,150.10619,108.35306,150.39913,179.81501,162.14823,134.34946,141.27784,184.18986,185.3207,192.5326,130.40246,165.38117,170.48261,108.47466,0.0,166.54546,140.48889,161.57683,116.25248,171.48309,172.57657,201.30431,109.0084,131.90358,193.8011,190.245,134.05425,197.05233,186.55881,160.21604,120.86099,165.99326,140.2465,153.27202,126.7359,147.69838,164.89948,149.57071,126.40937,128.93707,168.658,176.55558,138.03483,126.33667,128.3813,134.52911,165.02961,180.16725,119.8308,173.47981,189.46005,168.1607,204.87603,195.26666,123.57523,178.89848,142.32712,178.41382,168.44732,124.70889,157.15976,167.16124,179.27255,191.95433,176.58563,164.73153,160.05005,193.51807,150.10738,143.21817,120.05932,163.60603,152.49112,175.76527,154.92611,149.33252,161.01903,193.01688,146.88973,142.59252,148.37056,179.40119,135.07438,194.0272,201.09484,143.0484,209.94809,163.53667,110.4772,163.17465,2
135.33569,116.83482,125.61398,150.03591,171.47532,166.15254,154.02028,165.86644,141.27305,132.52737,145.06525,164.50867,153.69995,159.44033,116.50953,141.03566,151.05762,160.17152,157.75247,159.8556,140.34015,143.01043,108.63828,170.25133,166.54546,0.0,168.05746,112.98719,156.98065,111.88123,140.22861,144.90132,171.55025,135.80245,127.90106,146.57248,137.76344,131.93661,143.36383,141.00657,158.575,131.51058,126.34411,151.17712,144.67716,126.30198,104.40605,159.07898,164.01749,138.26671,104.00595,154.61674,151.92201,149.48918,159.81482,149.08777,115.34109,136.78874,168.53677,145.6798,128.68662,157.82688,140.8768,156.90868,178.69547,117.38268,148.62767,141.29273,145.68404,149.97113,137.06504,115.22912,117.58375,146.19101,153.23131,103.09601,142.18657,129.989,119.33562,140.92895,146.57499,105.94574,116.43518,133.39012,114.99192,150.99143,146.80586,174.85982,137.32712,153.61242,153.06163,136.87004,140.70214,145.84534,139.55679,154.19797,143.43228,157.15538,158.19513,119.59421,1
143.30167,160.2814,191.54801,159.90543,163.27521,129.55957,150.21571,142.05149,133.94395,158.52425,177.47186,132.14342,181.47029,147.82623,173.43651,159.65177,172.40613,152.77099,155.34402,163.37096,153.72145,189.14972,166.92764,134.22673,140.48889,168.05746,0.0,156.82291,126.93567,165.98667,193.29326,184.56425,134.84375,138.67535,188.6981,167.65293,156.36224,199.33775,164.74131,184.15499,121.15507,148.5062,147.93299,182.84984,129.49771,164.31181,169.05475,115.12735,114.10709,147.14883,167.85266,146.37785,169.8628,156.82933,113.61751,119.57142,175.3178,160.65793,121.59586,147.7378,178.79396,197.36778,194.98252,168.45899,126.32735,184.98137,119.92703,155.91836,192.6582,124.78134,137.41571,176.96622,172.15916,170.15838,147.13894,168.02171,184.55243,184.77259,161.42161,127.37405,138.56336,168.63722,162.15241,157.51859,153.06556,179.44246,134.08507,157.38388,170.58984,174.70849,179.48776,159.68724,160.25137,173.20055,188.87094,175.35664,205.80672,130.36757,133.18402,153.62983,2
131.15036,108.29027,138.6011,139.52987,160.14725,159.17897,151.98475,161.2508,128.34564,122.58591,151.18761,158.07258,159.47504,147.10556,126.75313,142.53371,154.94027,148.25921,146.20923,149.28587,140.02755,152.55858,110.1967,163.87015,161.57683,112.98719,156.82291,0.0,149.63652,110.11585,151.29228,141.69012,165.18543,129.67583,133.33202,137.97079,138.44204,142.56129,134.36937,149.63438,150.13944,119.08461,122.73042,157.70381,136.86226,130.88713,116.10479,146.7502,154.53996,135.77903,111.39258,142.24085,155.033,149.46932,150.05511,138.69396,126.6268,127.25015,160.13918,133.49365,128.01393,166.65449,143.32209,147.4366,170.33109,130.1939,137.00344,130.43202,155.59277,141.60861,124.10811,127.13032,117.75347,138.26814,140.93694,114.58056,150.70485,131.98238,123.16145,129.4489,141.69371,116.79468,120.87044,123.12644,106.88869,156.68799,133.81869,162.79513,142.65642,157.71763,158.44513,127.06242,142.41421,138.79956,139.69663,158.38029,150.325,144.17063,152.14341,107.10667,1
123.25598,156.17434,175.96511,169.95234,180.42778,109.60353,123.36731,117.20735,140.61225,161.54055,152.85679,109.2991,155.71429,163.56712,156.45121,135.06468,146.45486,167.96252,169.16277,176.4657,129.45051,166.29027,159.3244,114.76283,116.25248,156.98065,126.93567,149.63652,0.0,159.75066,171.94019,187.30777,116.04195,121.25089,182.82323,174.96472,132.71868,188.68435,171.35473,161.0964,105.78136,151.09554,131.321,157.58751,112.7897,143.91534,156.27137,133.75686,113.53577,124.35853,158.35107,160.35023,143.67558,130.55303,113.51164,118.30321,158.99783,165.25505,112.57612,157.5686,176.75688,172.47299,192.67244,179.44986,122.16387,171.55661,126.08088,162.97857,169.68251,108.98346,141.60132,160.99811,167.31347,176.82734,160.41498,155.75771,161.26265,181.43581,143.77273,127.4849,113.92677,155.26769,145.53537,160.99293,143.53135,153.94028,144.86058,176.83306,147.18103,148.54736,153.68312,164.4372,135.74593,179.09786,188.19613,149.15941,199.57281,147.33747,106.56316,149.93903,1
140.71509,106.80577,134.76081,138.78171,160.54434,169.28787,161.12847,171.09421,135.28348,121.33813,156.30712,168.15116,164.87492,149.7101,128.38444,150.19492,161.48431,149.86352,147.10498,148.5462,148.4417,154.8913,103.31428,173.95085,171.48309,111.88123,165.98667,110.11585,159.75066,0.0,151.92173,133.95521,175.26618,139.6249,123.28945,134.76543,146.41973,134.25226,131.64732,152.81731,160.21704,122.77174,131.97041,162.57463,146.97799,136.7257,116.28049,154.91395,164.44433,144.91865,107.97377,145.02365,162.00374,157.86325,159.9054,148.41059,127.16208,125.31432,170.20592,135.95947,118.76495,169.68427,133.41294,145.22281,180.38927,125.46477,146.06237,130.38379,157.55656,151.70533,130.9766,126.85861,107.82869,134.31993,143.52594,114.86989,153.98574,122.04868,129.17812,138.73045,151.50876,117.74165,126.42687,122.34059,116.55699,162.12631,139.78903,164.60432,148.22742,164.15134,164.09809,125.4996,149.97304,133.97674,130.35506,164.77294,140.36314,150.11973,162.17696,112.64458,1
150.20636,156.96501,124.59915,190.18744,211.34932,178.15462,155.0754,171.01036,176.41799,172.7089,124.52763,175.25777,129.99978,198.21559,124.54397,138.28398,135.15816,199.5463,197.46331,200.01324,143.00578,109.21139,148.60818,179.7395,172.57657,140.22861,193.29326,151.29228,171.94019,151.92173,0.0,181.97525,180.75985,154.61898,157.23919,186.6795,139.47213,145.61741,183.55425,113.22268,176.27972,170.30866,145.82124,125.77705,164.07182,128.98147,135.99836,189.50613,183.89322,147.62454,143.96839,193.34001,138.19154,146.55201,181.1977,174.14512,124.94565,177.01548,184.40421,184.74197,165.3163,121.933,171.65463,197.11745,193.04509,131.55623,177.45713,181.31228,108.74846,169.33845,172.80236,125.06325,155.8036,186.11974,192.10393,137.53921,113.90696,163.64795,133.01645,170.49397,158.03475,134.85722,133.41729,173.52442,148.8071,128.75795,182.78336,214.02771,125.68813,135.81449,131.03495,177.08283,137.55537,185.44531,173.70151,135.89274,164.62905,192.47799,169.26386,158.39842,2
172.34011,133.46714,159.68175,129.82304,147.64485,196.81556,193.46071,201.27475,150.75673,126.37675,189.95924,196.43923,198.5836,147.04,160.86365,183.92679,195.43814,143.86603,139.72839,135.15769,181.70346,186.67816,136.66796,202.06356,201.30431,144.90132,184.56425,141.69012,187.30777,133.95521,181.97525,0.0,203.34849,169.93137,127.51535,120.06719,179.98496,145.94694,121.31262,185.387,186.10016,136.9231,164.3218,196.0698,174.91087,170.66192,149.15161,170.17608,188.00452,177.33534,140.95362,144.51187,195.93971,191.14999,183.28247,171.78519,158.94422,123.91901,195.44384,138.49197,116.70358,201.7756,118.6424,128.00988,205.09752,150.89834,166.36878,129.35965,188.89215,178.438,147.81321,157.98059,127.32965,117.24835,142.97112,147.99397,186.60312,119.29194,163.13308,161.1509,182.14105,150.79806,160.37646,127.23242,148.51284,195.86213,150.91567,155.61861,182.07135,198.09817,197.89537,124.89547,183.74496,113.80056,111.38517,198.71596,135.64881,158.29225,191.19365,138.33173,2
136.4636,171.99362,188.38675,185.41684,194.42786,106.74581,126.25495,110.91968,156.05945,177.55691,158.78747,107.11609,159.35164,177.77451,168.79309,142.48086,150.1882,182.37918,183.9251,191.46155,138.02777,173.84289,174.6218,101.31533,109.0084,171.55025,134.84375,165.18543,116.04195,175.26618,180.75985,203.34849,0.0,135.90494,198.11919,190.78724,141.67286,202.76414,187.21691,168.64681,118.3797,167.083,145.28901,162.1544,128.62134,154.84555,170.35209,145.96745,121.39258,135.38884,173.28041,174.94972,146.96649,134.97343,124.59777,133.33788,171.57189,181.22014,113.25606,172.91838,192.60318,177.07976,208.40691,194.85052,114.70526,184.99911,140.73771,178.74292,176.97945,124.9711,157.36372,173.66843,182.92839,192.71218,175.17222,170.01874,168.5403,197.11844,156.39652,143.22089,125.3449,169.18376,158.56357,176.99158,158.84079,158.22755,159.76818,189.99051,155.10354,151.5619,157.31747,180.39022,143.20972,195.04372,204.09957,152.02699,214.65341,160.81793,113.36248,165.85712,2
105.38407,137.09391,155.27948,158.18069,173.48052,130.35228,124.71242,131.62214,131.53794,145.87515,140.53917,128.81143,146.21102,156.97802,136.05987,123.9192,138.19195,160.40633,160.35318,166.42681,118.3963,150.7178,138.78509,134.5952,131.90358,135.80245,138.67535,129.67583,121.25089,139.6249,154.61898,169.93137,135.90494,0.0,162.2501,160.89645,119.7139,167.43527,157.10086,145.85168,123.5969,136.47127,110.25818,146.6052,109.87129,125.63784,135.02266,136.72954,130.28951,111.21264,137.38473,152.71068,136.58608,125.82775,126.96007,119.81207,138.38729,150.22519,133.25407,147.09388,157.57534,160.23154,172.98836,167.60229,143.25452,150.40947,124.74146,149.80453,154.24024,115.42407,130.27243,140.29561,147.39189,162.21834,152.20359,134.51072,146.35507,161.63656,123.48052,119.80468,112.21318,134.03913,124.82968,145.66751,123.0824,143.76353,137.70963,172.32408,132.77059,140.92899,144.43966,149.57992,124.31923,163.86933,169.22643,141.64399,178.74983,144.56469,122.64036,131.60594,1
162.62455,128.42362,133.42142,149.04348,170.3744,192.30006,181.89887,193.25357,156.38496,135.32635,169.93542,191.00801,178.50743,164.28485,140.08898,168.64558,177.43204,162.79405,159.11101,157.37776,168.22659,163.3349,123.50957,196.80587,193.8011,127.90106,188.6981,133.33202,182.82323,123.28945,157.23919,127.51535,198.11919,162.2501,0.0,141.00772,165.56991,118.6881,139.72349,163.12133,183.47119,142.09869,153.6283,175.3284,170.09587,153.30129,130.83205,176.69405,187.71722,166.02119,125.22415,160.28972,178.71462,177.30977,183.15903,171.61009,137.44814,136.7963,193.47082,151.78659,114.2767,178.34818,114.51696,151.51772,203.66099,125.73646,168.80795,143.50562,164.99665,174.93115,152.25095,135.86198,116.54004,139.01185,158.64789,130.38985,164.36372,108.50748,146.97052,161.7018,173.74191,132.47759,144.08488,136.62168,139.31054,175.98235,159.64024,176.76319,163.26684,179.77269,178.25255,137.53894,168.26186,136.63755,117.17667,180.28968,117.14537,169.42139,184.89045,135.10204,2
164.51649,130.45355,167.81217,109.75996,129.41563,184.06585,185.54485,190.55482,135.20626,115.6657,189.15817,184.26375,197.42658,126.98498,162.96385,179.39605,192.53407,123.86057,119.75031,116.41651,175.91431,189.45887,138.07632,189.56499,190.245,146.57248,167.65293,137.97079,174.96472,134.76543,186.6795,120.06719,190.78724,160.89645,141.00772,0.0,175.0414,159.35359,103.80853,187.05053,172.69705,124.4806,158.02266,195.66751,163.53617,168.84745,150.9261,152.72145,173.18899,170.25157,142.73433,124.69541,192.33777,185.05949,168.58306,157.7631,161.9054,110.97278,181.26951,120.00625,126.79063,204.04377,137.17355,110.86621,190.32004,158.36904,151.21939,112.12054,192.22347,165.9916,133.42922,161.61928,131.90268,102.85,123.22361,149.44697,188.17606,132.78142,161.12966,147.56744,172.64962,152.27563,158.81529,115.51478,143.65311,194.63864,133.58019,136.42731,180.61475,195.35184,196.35812,111.44667,179.38753,106.33173,129.47325,196.03167,153.48718,139.4286,179.80203,131.92045,2
114.33037,146.73213,148.01033,174.15032,191.43932,138.70146,117.75154,132.72461,150.1326,159.39595,121.19323,135.85969,126.4996,175.40584,129.02878,104.5061,118.79396,178.41054,177.84067,183.13392,103.65702,133.57777,144.27386,140.5812,134.05425,137.76344,156.36224,138.44204,132.71868,146.41973,139.47213,179.98496,141.67286,119.7139,165.56991,175.0414,0.0,165.14394,171.26349,128.39574,137.46511,151.72721,117.19888,126.99719,127.05729,114.01971,134.80983,156.28158,145.33611,109.24404,140.96612,170.89509,117.72688,111.7405,143.30002,138.84837,132.04274,164.0692,145.0415,164.28266,165.1455,141.08352,178.57026,183.18257,153.57458,146.50403,144.40594,165.21374,136.98779,131.6008,148.10077,134.19277,153.95343,175.8192,170.19053,135.18007,128.60806,167.48933,118.65477,139.3705,118.81314,133.22264,121.50983,159.54023,131.8578,124.05522,156.56353,191.09204,114.49838,121.61469,124.74733,163.62539,104.73013,176.79252,176.59879,122.33356,180.17908,164.07108,129.79549,143.31544,1
166.30084,140.85959,121.26078,166.88403,188.55458,197.67045,182.7026,196.15752,169.53291,151.71144,163.62678,195.82601,171.6407,181.19699,136.34253,167.18541,172.77299,180.20194,176.71653,175.60315,168.39269,153.38755,132.65161,201.48559,197.05233,131.93661,199.33775,142.56129,188.68435,134.25226,145.61741,145.94694,202.76414,167.43527,118.6881,159.35359,165.14394,0.0,157.76302,154.61947,190.48071,156.43717,157.54692,167.89544,176.55167,151.36298,132.45243,189.03488,195.93634,168.15441,131.52568,176.90108,174.74676,176.50822,191.69154,180.76872,133.29796,153.99034,200.4177,168.04275,132.58929,167.54105,129.97862,170.00543,210.55078,118.7013,179.56198,160.4888,154.17655,181.88751,165.22806,131.19195,130.59941,157.49496,175.29,132.92766,155.8087,127.19557,147.12425,171.97589,177.4774,133.58055,144.60176,152.97539,146.62376,169.46367,173.84575,194.50802,158.78591,174.66279,171.86402,154.61613,166.64731,155.24693,135.02296,175.05068,119.09252,184.07437,189.42,146.85889,2
160.70849,127.01619,165.22146,109.4452,130.80016,180.50531,181.74239,186.84885,131.8719,111.92853,185.54789,180.65207,193.78306,126.14925,159.66908,175.6259,188.80958,123.63861,119.69608,117.91193,172.11753,186.12819,134.96107,185.98756,186.55881,143.36383,164.74131,134.36937,171.35473,131.64732,183.55425,121.31262,187.21691,157.10086,139.72349,103.80853,171.26349,157.76302,0.0,183.6262,169.18689,120.71121,154.2292,192.07222,159.83693,165.21737,147.68425,149.92888,169.86583,166.44347,139.58621,123.26498,188.58669,181.25536,165.23309,154.29338,158.70455,107.21569,177.86757,117.45122,125.4493,200.63571,137.26399,113.57934,187.01731,155.75968,147.89338,108.85364,188.93842,162.37542,129.89925,158.49378,129.37259,105.54227,121.69827,146.18575,184.74138,131.75667,157.51121,144.01323,168.87487,148.99184,155.23479,111.72503,139.94401,190.99494,130.6681,137.09105,176.97979,191.63132,192.69484,107.64716,175.62262,108.47026,129.64329,192.31317,153.10385,137.17976,176.12653,128.20448,1
