Vértice_1,Vértice_2,Vértice_3,Vértice_4,Vértice_5,Vértice_6,Vértice_7,Vértice_8,Vértice_9,Vértice_10,Vértice_11,Vértice_12,Vértice_13,Vértice_14,Vértice_15,Vértice_16,Vértice_17,Vértice_18,Vértice_19,Vértice_20,Vértice_21,Vértice_22,Vértice_23,Vértice_24,Vértice_25,Vértice_26,Vértice_27,Vértice_28,Vértice_29,Vértice_30,Vértice_31,Vértice_32,Vértice_33,Vértice_34,Vértice_35,Vértice_36,Vértice_37,Vértice_38,Vértice_39,Vértice_40,Vértice_41,Vértice_42,Vértice_43,Vértice_44,Vértice_45,Vértice_46,Vértice_47,Vértice_48,Vértice_49,Vértice_50,Vértice_51,Vértice_52,Vértice_53,Vértice_54,Vértice_55,Vértice_56,Vértice_57,Vértice_58,Vértice_59,Vértice_60,Vértice_61,Vértice_62,Vértice_63,Vértice_64,Vértice_65,Vértice_66,Vértice_67,Vértice_68,Vértice_69,Vértice_70,Vértice_71,Vértice_72,Vértice_73,Vértice_74,Vértice_75,Vértice_76,Vértice_77,Vértice_78,Vértice_79,Vértice_80,Vértice_81,Vértice_82,Vértice_83,Vértice_84,Vértice_85,Vértice_86,Vértice_87,Vértice_88,Vértice_89,Vértice_90,Vértice_91,Vértice_92,Vértice_93,Vértice_94,Vértice_95,Vértice_96,Vértice_97,Vértice_98,Vértice_99,Vértice_100,Vértice_101,Vértice_102,Vértice_103,Vértice_104,Vértice_105,Vértice_106,Vértice_107,Vértice_108,Vértice_109,Vértice_110,Vértice_111,Vértice_112,Vértice_113,Vértice_114,Vértice_115,Vértice_116,Vértice_117,Vértice_118,Vértice_119,Vértice_120,Vértice_121,Vértice_122,Vértice_123,Vértice_124,Vértice_125,Vértice_126,Vértice_127,Vértice_128,Vértice_129,Vértice_130,Vértice_131,Vértice_132,Vértice_133,Vértice_134,Vértice_135,Vértice_136,Vértice_137,Vértice_138,Vértice_139,Vértice_140,Vértice_141,Vértice_142,Vértice_143,Vértice_144,Vértice_145,Vértice_146,Vértice_147,Vértice_148,Vértice_149,Vértice_150,Vértice_151,Vértice_152,Vértice_153,Vértice_154,Vértice_155,Vértice_156,Vértice_157,Vértice_158,Vértice_159,Vértice_160,Vértice_161,Vértice_162,Vértice_163,Vértice_164,Vértice_165,Vértice_166,Vértice_167,Vértice_168,Vértice_169,Vértice_170,Vértice_171,Vértice_172,Vértice_173,Vértice_174,Vértice_175,Vértice_176,Vértice_177,Vértice_178,Vértice_179,Vértice_180,Vértice_181,Vértice_182,Vértice_183,Vértice_184,Vértice_185,Vértice_186,Vértice_187,Vértice_188,Vértice_189,Vértice_190,Vértice_191,Vértice_192,Vértice_193,Vértice_194,Vértice_195,Vértice_196,Vértice_197,Vértice_198,Vértice_199,Vértice_200,Conjuntos
0.0,112.76563,155.40022,155.48696,180.79223,174.32879,168.89983,184.68422,131.33703,202.04557,141.77581,143.79448,136.18409,169.91356,188.61516,159.7086,177.06792,137.95232,169.08248,174.90672,150.03879,194.98218,216.16314,191.55273,129.94388,114.32711,158.22405,127.92112,154.12744,188.21524,131.73727,111.82832,152.44436,201.51742,148.76873,139.66534,201.85664,113.43742,159.23885,146.61993,155.09264,185.61015,158.3137,160.59438,169.99672,136.19251,170.95742,168.1444,147.10395,158.43362,177.77128,123.45851,105.80703,163.22726,113.49701,175.37903,184.62443,168.2372,178.16787,123.77361,176.52851,128.06412,126.76006,173.2317,185.51116,217.31659,178.9265,172.16421,121.128,210.41404,167.86094,144.76713,134.35655,106.9074,141.86123,142.1877,183.78509,179.68053,164.15942,141.32657,179.15289,178.09723,135.87857,184.61902,117.7094,144.83685,172.35041,110.4698,118.47467,196.98679,193.60772,118.31108,157.63353,157.84107,177.20717,183.37854,110.62363,183.47754,117.73061,111.15617,130.69613,170.96486,156.6218,119.87907,171.89573,110.75465,150.4286,171.5035,193.3698,148.68638,197.87566,157.35123,164.85736,174.7014,156.38714,123.39213,116.7134,188.5647,144.40588,124.23856,177.57046,167.6143,140.26968,173.12017,158.28689,149.99502,123.86151,141.89559,172.35649,172.84189,182.95361,109.47278,142.28647,139.62569,153.91864,145.51468,170.4198,128.24496,149.07325,214.47613,167.85362,194.76678,185.3955,175.386,136.84792,184.56815,137.35611,180.48296,116.35201,131.69433,148.80095,126.2162,141.59266,153.69911,170.56595,173.78913,172.99259,182.30835,111.1256,147.9228,184.30762,168.2718,162.82105,160.39997,139.69222,191.09639,155.01633,147.0091,104.96606,163.38279,141.02196,166.82265,202.32881,102.71427,116.0798,194.09041,191.16783,184.735,164.54781,185.82801,189.53419,170.06166,108.7707,158.36597,165.94064,164.11176,114.26742,176.82762,177.91402,169.56416,185.38676,132.26431,107.56395,199.88043,197.06012,187.47748,162.89065,170.19532,177.77976,144.74895,2
112.76563,0.0,143.88776,146.89209,172.46156,164.06672,158.46233,193.17698,132.01402,199.64796,129.46937,133.67945,132.70956,171.05304,191.35023,166.75169,174.72283,141.34072,164.20828,180.91923,141.91786,189.65855,213.61281,186.92477,141.08803,112.29348,158.75262,116.63059,161.40947,179.1868,121.57111,123.25855,141.41396,201.60039,141.51133,131.98801,201.6546,103.451,155.82542,135.64696,145.28211,191.12454,159.78245,149.62919,163.15275,126.18983,170.13126,176.95475,137.96903,159.71603,177.10295,125.22794,111.93769,159.31921,118.43505,170.87593,183.99853,176.65056,168.11654,116.15334,167.74002,119.18066,114.01606,165.69473,181.09783,215.08089,181.40399,164.00807,120.29885,209.08283,176.6202,140.48815,140.7327,108.71675,146.92388,147.59835,180.36001,180.24988,162.72681,141.42227,170.59346,183.72433,126.47621,175.0327,104.94844,138.9533,175.17261,106.81614,105.91705,195.21228,193.8663,128.51962,161.70252,164.11956,176.4948,171.78703,104.66072,183.36261,126.96709,109.792,118.3443,163.02109,144.81063,107.43672,170.29743,111.62545,156.41545,159.74281,192.90192,136.9945,193.83696,163.99457,168.37023,182.43493,148.81766,125.19204,105.78862,188.18388,149.24813,131.26536,166.98835,164.6008,149.35314,173.82818,161.67541,139.78127,129.21517,142.38692,169.93657,166.173,190.73925,120.29002,132.06877,133.99568,161.62237,155.16727,173.29983,123.80377,156.92884,212.58592,175.94384,189.92582,174.07238,168.03974,139.98538,186.44646,142.45927,175.05395,128.65385,135.36804,152.1726,133.63897,133.86688,153.26658,163.62683,162.07973,164.72058,171.78691,117.77354,151.59919,180.35891,159.23898,170.99449,167.14527,129.51805,186.59117,143.15259,149.50857,116.22066,168.3788,139.02913,166.66265,202.83838,113.03148,109.12815,193.80314,187.89738,185.42276,153.53982,191.70161,187.82454,160.25521,104.43241,154.50115,171.90805,163.18403,117.48021,180.50307,169.45753,173.8028,173.9695,122.73084,116.89361,195.50825,197.96849,185.56518,152.30856,159.62345,177.42337,140.3096,2
155.40022,143.88776,0.0,119.26847,136.95969,122.50211,116.86726,213.23865,147.45431,181.76788,115.86659,114.2232,137.15484,170.52144,192.25617,185.5461,161.37171,157.68994,144.45946,194.16577,120.80818,162.75016,193.70111,162.92009,175.89333,143.74852,159.85464,127.50339,181.92082,140.39325,124.2056,162.07715,104.7278,192.07226,124.59779,124.2255,191.13763,142.12373,144.80568,109.42705,112.26198,201.33447,163.48873,107.2287,135.83588,120.46032,163.25603,199.78696,116.46442,162.86352,169.07196,148.18593,151.5349,145.01757,161.67949,150.58645,174.71359,198.22489,126.89743,133.4145,131.22546,128.75925,131.65513,134.75809,158.87299,196.1117,183.07892,130.90009,143.45494,193.81172,199.32485,135.62368,164.43143,152.60104,165.22192,166.56039,161.88475,175.77698,155.99707,149.15937,134.50434,195.3097,121.81634,134.75983,139.77401,129.79461,179.18351,145.11271,138.08693,180.10017,185.99341,163.96627,172.74066,181.13942,168.44796,127.98029,144.78546,175.95577,161.28529,145.55034,126.01517,131.08396,103.06705,136.53176,160.70918,154.77281,174.35992,116.22061,182.67027,106.98752,170.94432,182.11961,176.06508,201.07084,124.81666,148.23434,138.81404,179.00486,166.17483,160.06006,124.29542,151.68197,177.29202,171.20597,170.68255,110.36227,155.9401,150.66019,157.54805,138.68194,208.60994,159.09578,115.02884,130.67877,183.32029,183.6168,177.8913,135.79586,179.97897,195.03554,196.5667,164.71076,130.19282,137.30778,156.37044,185.24572,162.5102,150.25535,168.24155,155.3776,164.0848,162.22323,123.46486,153.44635,135.766,118.43511,130.94654,129.05431,161.48692,164.56207,159.97827,123.55477,192.56746,184.96964,117.20583,163.08288,103.41098,159.97481,156.80296,180.64847,142.41754,163.00421,194.62455,154.39701,139.80863,184.06053,168.61791,180.37975,110.44783,203.03719,174.08327,120.92076,146.86307,142.44069,186.48392,158.0185,149.29515,186.26292,133.96043,182.61401,130.0831,124.48441,160.75063,171.22097,191.74627,171.50452,111.15042,117.42745,170.39275,135.0469,1
155.48696,146.89209,119.26847,0.0,125.5705,121.43793,117.635,197.92019,136.73728,163.23524,128.23855,114.73577,125.57896,152.04094,173.48643,170.93574,142.12355,144.98869,125.41339,177.5987,105.75047,146.33121,175.72485,145.45059,168.60788,141.51318,142.21783,131.29548,168.09896,132.73695,125.59183,158.60077,115.40315,172.8322,108.83781,115.96941,171.93065,144.04091,125.91913,116.81192,107.02609,183.87348,146.18668,116.01385,118.42691,121.11548,144.20136,185.81198,109.11468,145.47556,149.8618,140.4471,150.33077,125.79415,165.25088,131.81586,155.44662,183.89288,124.2698,131.76751,121.04479,127.84317,139.06466,119.41071,140.77989,177.96493,164.57586,117.16424,137.64232,175.03057,185.32557,120.29118,153.50124,155.04915,152.14426,153.56048,143.1058,156.71763,137.16495,134.93368,123.7545,178.31053,120.45233,129.56325,144.32614,115.17743,161.16779,145.2272,142.16902,161.16032,166.72602,158.36495,156.6514,166.23621,149.24235,136.35063,145.82018,156.72471,155.51905,144.38709,133.35093,116.33382,122.27499,140.77006,141.50546,158.51569,160.23976,128.6932,163.42231,121.09466,153.3382,167.50079,158.93657,185.71319,105.55747,140.51608,141.11072,159.73643,152.50262,151.95498,125.5958,132.43262,166.65766,152.4188,154.19129,110.99603,147.74545,136.31579,138.28115,121.54399,192.79327,156.04591,116.29292,118.90801,169.8147,172.69344,160.02937,128.9643,167.19465,176.61045,181.99582,147.69413,136.26915,121.94355,143.91467,166.35058,150.43903,132.62391,164.52478,144.52453,148.99337,153.66238,114.08869,136.1521,118.61757,129.80331,117.83709,129.63678,164.24234,149.75156,141.49352,112.89358,178.4924,170.08807,118.35155,145.46534,122.53763,144.89938,155.18453,164.41367,128.25516,144.3262,175.36176,153.67201,139.63019,164.80493,150.11466,161.22984,118.21805,185.76979,154.95598,116.08474,148.2903,123.54634,170.57685,139.32003,145.06466,168.34255,122.58184,165.44229,136.85291,124.18109,162.2851,154.04551,172.49226,152.37647,114.38951,119.33689,151.22164,119.76372,1
180.79223,172.46156,136.95969,125.5705,0.0,117.78854,121.4789,209.4896,158.25618,151.43471,151.00913,139.58193,147.85641,157.5731,175.4263,185.06228,139.65043,163.78975,124.80054,187.35235,130.77959,128.29396,160.87961,130.68269,190.71291,166.62838,152.4279,156.68147,183.64659,109.26225,151.08559,182.9275,135.73014,166.77537,132.21287,141.12982,165.19429,169.60331,134.73214,139.88192,128.41181,190.79189,156.80119,129.94897,114.44151,146.54069,147.06196,200.231,134.55669,155.94307,149.80457,163.60979,175.47377,131.24791,190.81801,126.31207,152.78159,197.81657,115.00008,157.20712,105.75723,153.39635,164.01465,109.22066,129.20306,163.69515,168.70341,108.65717,161.86058,164.02143,199.72674,140.06442,173.44194,180.59839,169.8468,171.24439,134.96673,157.82695,143.16059,153.10419,102.52076,186.89627,146.00501,111.27095,169.80898,137.2567,167.7348,170.65436,167.67315,152.14588,162.96286,181.78827,169.04372,180.15705,149.35841,132.65765,171.32894,155.37815,178.9603,169.64399,158.15706,110.05842,138.89295,166.24937,142.93166,184.08573,175.86346,134.1006,158.2706,142.2493,138.31185,181.82608,168.58968,197.704,124.57873,163.68536,166.68105,156.2013,169.39452,174.21983,120.19016,134.9331,186.1326,156.18266,165.92802,134.2399,170.18583,154.12019,138.35185,113.74315,203.53506,180.5815,141.22014,142.21044,185.72352,191.59978,167.2734,153.35822,184.23014,163.59368,195.6032,131.21722,129.61357,108.75459,163.09397,167.95867,169.45261,120.92106,188.62041,165.20914,164.057,175.52903,139.20129,148.4309,113.65226,133.28125,107.80008,119.72025,189.78088,165.20379,131.78304,113.92289,193.08592,183.79778,143.53708,131.23303,140.13214,160.45459,180.14842,175.82963,147.6371,149.91069,170.01504,178.85695,165.09392,159.82106,139.28006,160.83796,128.15121,193.18619,148.3886,116.34456,173.8109,133.21558,182.27293,145.68853,169.52648,174.66902,103.10629,174.4145,130.83153,149.74197,187.73,137.56964,169.13198,146.10791,125.9398,121.97608,151.64154,139.74984,1
174.32879,164.06672,122.50211,121.43793,117.78854,0.0,105.7398,217.53324,158.17272,168.51948,138.15627,130.56195,147.00961,168.34385,188.26535,191.23796,153.38816,166.23039,136.3891,196.33656,127.01863,146.03086,178.53534,147.99375,189.87898,161.07652,160.51678,147.46653,188.79524,118.3694,142.72038,178.89741,123.15901,182.54193,130.25996,136.4109,181.14977,161.74319,142.64594,128.62869,119.34781,201.39539,164.78159,115.37758,124.92177,138.17309,158.78389,206.30167,127.73364,163.9866,162.94356,161.60393,169.65827,140.61251,182.38595,140.35842,167.07698,204.22277,104.39836,150.7597,112.62831,146.29582,153.22315,120.83148,145.66598,181.29968,180.41593,116.48231,158.3178,181.0785,205.80742,141.35791,174.91375,172.68887,173.23517,174.65818,150.60985,170.69327,153.15594,155.93714,115.35395,196.54706,138.47935,112.34267,160.52318,136.5641,178.20483,163.8618,158.59581,168.55509,177.89291,179.2593,176.18735,186.43084,162.40757,117.13069,164.02141,169.21935,176.42763,163.577,147.35981,117.89383,123.55989,157.06212,155.13598,175.4659,180.89351,116.31392,173.59976,129.04336,155.81231,187.83616,177.38206,205.40298,124.45889,161.67008,158.52797,170.91154,173.41488,173.26008,104.34833,146.13787,188.0617,167.78497,173.43038,124.36975,169.03713,157.25242,150.92441,126.42672,212.05997,176.169,132.11335,140.28749,190.61711,194.059,177.37754,149.69241,188.24349,181.02274,202.21417,148.82395,115.69274,122.58468,165.20811,180.82259,171.74596,136.86807,184.95615,165.958,169.34889,175.02561,134.71118,155.15556,124.37844,115.55529,115.73011,108.26293,181.8369,170.23859,147.79435,111.19433,198.99049,190.24908,134.70474,148.44842,125.09716,165.34509,174.76009,183.68015,149.41715,160.41217,185.5974,172.85048,158.25258,175.12238,155.89695,174.4172,112.20594,203.54589,163.97022,105.59806,166.3472,140.50472,190.02492,155.61436,165.41607,185.38251,115.57844,183.6899,116.55972,142.06448,180.51299,155.24899,184.01776,161.52621,111.9351,105.13061,164.6343,140.86675,2
168.89983,158.46233,116.86726,117.635,121.4789,105.7398,0.0,215.13943,154.02751,170.62464,132.43656,125.10598,142.87001,167.25735,187.81173,188.41011,153.7296,162.60305,136.40515,194.36209,122.85767,149.13881,181.30962,150.4839,185.31601,155.83132,158.61753,141.84348,185.6885,123.62345,137.21501,173.79943,117.4253,183.60074,126.40614,131.63305,182.33494,156.19716,141.13647,122.93853,114.26935,199.96479,162.77956,109.6832,125.43255,132.70882,158.20014,203.35568,122.76532,162.01691,162.87003,156.99465,164.331,139.66382,176.74505,141.16025,167.4743,201.3858,110.08527,145.45228,115.81698,140.9302,147.49326,122.28288,147.54092,183.97063,179.55982,117.8556,153.43673,183.09235,202.86678,137.91641,170.95822,167.10808,169.77887,171.19473,151.92135,170.40678,152.04751,152.56175,118.95859,194.80121,133.13438,117.89289,154.85671,132.7593,176.897,158.43016,152.94869,170.12762,178.50895,174.42042,173.77911,183.66688,162.30332,118.82924,158.52758,169.37956,171.6035,158.24277,141.63605,118.84011,118.13548,151.41043,154.80747,169.82083,177.81458,113.89788,174.46663,123.32074,158.44521,184.98377,175.49445,202.95559,121.60506,157.0582,152.96313,171.47371,170.12624,168.76918,108.71588,145.64493,184.12117,167.02089,171.16426,118.90651,164.53942,153.9351,150.83032,127.49953,209.84684,171.02171,126.6213,136.04895,187.42664,190.21218,175.94522,144.88497,184.8296,183.43709,199.44884,151.65859,118.65813,124.44966,161.50953,180.43695,168.02165,138.65595,179.89322,161.91541,166.46192,170.61894,130.03118,152.92272,125.03374,114.00134,117.41252,113.40893,176.23585,167.26724,149.36021,110.86305,196.03499,187.50993,129.21677,150.84279,119.60339,162.39395,169.47209,181.42519,145.88975,159.34381,186.5269,167.48478,152.84103,175.96146,157.73225,174.40463,106.85447,202.01342,165.06879,105.42273,160.82808,138.87642,187.68871,154.42908,160.37674,184.10093,118.79566,181.90792,119.2185,136.65596,174.98306,158.16634,184.56652,162.56098,106.2103,101.7097,164.47534,137.39338,1
184.68422,193.17698,213.23865,197.92019,209.4896,217.53324,215.13943,0.0,167.42696,184.64676,209.46138,199.57982,176.35507,153.00117,145.28622,127.90536,173.55538,156.37406,184.75312,122.58259,193.72109,199.21708,194.2082,193.03291,156.67334,182.14056,157.32237,196.87896,132.41188,218.58137,194.97456,173.23372,208.51953,168.24226,189.79709,189.23331,170.29201,190.9229,175.37379,204.88428,203.60178,124.83215,152.96447,213.14443,195.41224,196.03456,163.84773,116.63205,196.88315,153.79677,164.14153,170.41281,181.93407,178.35341,195.72276,184.98208,165.7381,116.52955,218.6823,187.51218,209.73584,190.58027,202.76505,200.71395,188.74068,192.88257,145.27177,203.62583,176.34917,182.53758,116.87191,178.09173,152.92203,191.46902,148.96588,147.80849,182.15647,157.19126,166.37631,164.07945,209.90649,124.29656,193.92877,219.8919,196.89079,183.82687,143.20125,186.46615,195.9453,178.00696,163.42977,166.42512,141.37003,132.11104,164.27399,233.95415,188.55912,162.26617,167.04061,183.63133,202.46982,201.82219,216.08792,196.37427,168.18469,195.36661,139.23055,226.39538,168.00855,210.02352,192.78538,131.26187,140.90818,112.21313,193.53438,170.40936,192.2287,165.55959,147.50803,161.9169,221.87597,174.80455,144.42093,155.51454,144.11355,202.98445,164.36208,162.5797,172.72821,195.74695,106.6511,175.22197,199.33101,182.58174,131.75453,139.62949,143.09483,180.41088,136.29612,188.75225,117.38189,196.0849,233.20112,200.73581,157.81623,149.98176,152.66904,192.32109,171.13401,160.4618,149.20853,159.53869,189.80412,162.37873,196.17448,227.67216,204.72317,224.75704,192.95379,148.67932,185.45534,206.44962,122.21245,128.30455,198.03744,192.04414,215.35847,153.33522,179.72143,133.89507,170.84017,160.00095,165.83582,182.59179,187.29825,167.15874,184.52641,157.62795,215.97213,122.11469,174.20212,211.97827,189.15732,177.31363,127.51141,163.86313,175.92107,137.57497,208.55918,135.38046,233.98979,193.26335,188.89284,196.03453,160.64873,174.6082,212.24985,216.84068,162.32417,178.66031,2
131.33703,132.01402,147.45431,136.73728,158.25618,158.17272,154.02751,167.42696,0.0,170.93472,142.03535,133.27066,111.16929,139.20357,159.35862,139.54981,146.08589,111.12142,140.69158,151.3193,131.2063,166.29115,185.06056,162.12356,132.47006,119.81898,127.11719,129.98581,135.20888,167.01571,127.56312,127.54557,142.90461,170.38126,127.94676,123.39636,170.63707,128.75781,129.53973,138.42032,140.25874,160.70115,127.80448,149.10758,144.93937,128.75003,139.6209,152.87755,132.1585,127.77757,146.441,107.90116,125.70655,133.8885,144.70422,146.23327,153.30428,151.61823,160.8865,120.84976,155.51897,123.29939,137.10552,149.39468,155.98101,186.11364,149.39882,149.89245,111.71558,179.07992,152.43802,118.19739,117.10641,135.44551,118.46578,119.66741,153.39037,148.6852,132.93759,109.99019,157.31877,153.57644,126.7247,165.2885,133.83431,121.76591,143.23399,125.73571,132.16625,165.71803,162.51853,124.39749,130.62943,135.74547,145.87393,172.14065,127.76685,152.24663,121.73342,122.89683,135.6452,148.28178,150.03804,132.00975,140.67077,140.16229,128.24842,162.38723,162.08164,143.23808,167.78128,136.27114,136.75345,155.58248,134.68232,107.97114,128.52627,157.28498,120.03083,115.9996,162.29229,137.21487,130.20657,142.16971,130.10116,137.8431,112.12528,110.64225,141.46597,147.21604,163.62667,126.22976,132.70729,117.98174,136.33447,136.42445,141.38381,112.99705,132.66601,183.20051,150.2201,165.50742,172.62935,150.96246,109.65299,154.46081,115.16651,152.36166,132.18991,107.98832,120.87714,117.28978,124.5527,122.36233,145.65742,164.12106,150.93644,166.37025,142.45325,120.6152,154.34416,148.79702,145.83946,139.35747,131.06668,161.54681,149.05424,117.72074,128.05788,137.98561,111.29631,135.53861,171.36199,128.6532,123.47637,162.83848,160.57042,153.81219,152.60922,161.65842,158.2693,152.79538,129.65776,129.26583,142.59027,132.78944,117.07363,148.83497,155.91001,142.56582,173.08339,125.83823,138.7867,170.05762,166.28537,156.26796,149.43794,155.6802,146.48576,118.50682,1
202.04557,199.64796,181.76788,163.23524,151.43471,168.51948,170.62464,184.64676,170.93472,0.0,190.8531,176.45387,166.96776,138.39518,139.82188,171.05658,125.01845,167.8582,138.10018,163.37895,164.55037,124.7374,114.12613,120.79967,195.85319,188.92786,146.02271,188.89782,173.24984,156.64586,183.23321,197.91284,178.48377,119.75991,162.45381,170.73595,117.5377,196.20377,143.90282,179.79521,169.81854,160.30642,148.01935,176.30522,146.06768,180.07322,132.13986,183.24716,170.42214,147.46246,126.38616,178.81379,196.28526,140.83993,215.12226,131.44435,120.99552,180.21534,166.35351,183.97201,155.93232,182.55805,197.7371,148.35733,123.12283,115.44108,140.11074,152.7708,181.12088,112.58729,182.80389,159.32738,176.70191,205.23948,168.99823,169.82978,120.26504,129.59884,138.01558,161.08814,153.57404,160.67667,178.31525,161.85313,199.39884,162.10854,144.51449,194.71221,197.23335,106.80806,121.51607,193.27063,157.07531,167.19377,126.75595,184.08461,196.37122,124.01603,191.10655,192.33269,192.99766,151.9008,184.5309,196.31794,130.31197,209.80559,168.12079,184.37425,116.64578,184.32679,113.98598,169.22473,151.20175,175.91607,158.11509,178.88613,194.52031,119.52892,166.89794,183.6259,171.49207,135.07338,184.64697,134.5515,154.0869,174.16852,181.23909,160.81133,129.7823,143.45793,177.99777,196.99043,177.655,166.37181,175.57317,187.34333,145.64954,175.84722,177.13948,113.41865,177.77911,121.06491,180.89819,146.19267,168.30851,134.70254,171.79439,131.99628,201.56867,173.14689,159.97517,183.4003,169.36013,148.8826,146.24304,183.98256,153.23674,171.07589,213.06153,161.39194,121.79403,160.03387,178.04692,169.24002,178.78632,120.20456,185.17068,159.19633,198.98917,159.0211,161.1562,137.13418,123.29252,199.41348,190.54706,117.59638,113.15122,127.44581,176.16648,163.11778,113.24257,165.23605,198.69124,145.45142,163.83939,138.45752,187.83473,147.9022,153.06782,153.09886,182.14484,181.08168,209.57862,116.23482,125.94177,114.8031,172.77887,171.67128,127.30506,159.57513,2
141.77581,129.46937,115.86659,128.23855,151.00913,138.15627,132.43656,209.46138,142.03535,190.8531,0.0,114.46078,134.11999,172.96007,194.94671,181.57424,168.14894,153.10363,152.75297,192.4611,126.31375,174.50959,203.7101,173.66659,165.80108,132.2969,161.07714,114.65352,177.20474,155.55685,114.56519,150.09095,115.3956,198.47131,128.78667,122.78254,197.86309,128.35004,149.54979,111.49503,122.92904,200.90879,163.97499,122.78526,146.64384,113.82868,167.6929,194.72524,120.43723,163.51839,174.21402,140.21247,138.79961,151.13126,146.49698,159.46747,180.53318,193.59114,142.52182,123.17745,145.45673,119.22913,116.20826,146.98751,168.84614,205.84369,185.21421,143.79987,134.58063,202.24676,194.30004,136.41264,157.75766,138.03044,160.50038,161.68537,170.59217,179.88286,159.94448,146.8714,148.68756,194.23686,116.05444,150.2433,124.92606,131.2797,180.33017,132.0852,123.55232,188.17424,191.65403,153.23305,171.05222,177.65285,173.56908,142.84983,131.27675,181.13662,150.80679,133.23876,111.1277,143.51285,115.93292,122.04506,166.03415,139.67391,170.25848,130.67197,189.08047,109.11662,181.5146,178.27089,175.74435,197.57882,132.88029,140.23934,125.12297,184.92888,162.00218,151.3515,140.15264,157.74765,169.73827,174.44619,169.62912,117.40953,147.59779,148.34483,163.76619,149.74204,205.55538,147.00173,113.44584,129.44653,178.22491,176.0818,178.7759,129.06942,174.27866,204.27105,192.24235,175.93221,145.5375,149.58669,151.65285,188.49041,156.9866,160.84571,156.13901,149.27975,161.58773,153.729,123.32377,154.52188,146.79588,133.06069,144.11725,144.91948,146.56388,161.71466,169.31491,137.10735,187.7943,181.32921,113.10571,173.65767,114.21299,157.71369,144.00406,178.85789,140.89149,166.21812,200.61864,141.23584,127.47831,190.33487,177.84891,184.85527,126.28969,202.24378,181.49484,135.82919,133.01544,147.3789,184.06812,161.49993,138.62952,187.02692,147.91398,182.14856,145.27925,116.19816,146.29394,182.27916,196.96874,178.94696,126.36574,133.16603,175.22171,135.89909,2
143.79448,133.67945,114.2232,114.73577,139.58193,130.56195,125.10598,199.57982,133.27066,176.45387,114.46078,0.0,123.24399,159.49743,181.4857,171.76926,153.71019,143.66598,138.365,181.1395,111.91108,160.90257,189.42536,159.66955,162.01604,130.90548,148.02437,117.29253,167.96856,145.67767,112.17594,149.09353,109.85676,184.10998,114.36401,110.35698,183.46507,131.22233,135.28156,105.31173,111.61907,188.87521,151.28924,117.3017,133.01167,107.61145,153.59912,185.80965,106.07328,150.74734,159.99784,134.06802,139.27273,136.70064,152.09516,145.12368,166.21986,184.32925,134.50233,120.46241,134.48813,115.87017,124.47353,134.11607,154.66236,191.50815,171.92615,131.55417,129.57385,187.79313,185.35354,123.19708,150.2137,142.21756,151.21041,152.52789,156.18887,165.92399,145.92601,135.63616,137.51061,182.54395,108.17754,141.35727,130.50091,117.61203,167.4358,133.32469,128.44712,173.71534,177.38972,150.37762,159.62604,167.47369,159.35468,140.77756,133.46009,166.93456,147.63305,133.18426,118.67798,130.91588,116.76998,126.9597,151.7555,145.21481,160.51257,129.8368,174.70518,110.61658,167.42344,168.36211,163.55096,187.46469,118.74241,134.11906,128.04572,170.60963,152.27555,145.97606,133.78789,143.3417,163.07086,160.71617,157.81106,106.20073,141.82355,137.14534,149.36252,136.14893,195.15203,146.22445,101.64546,117.15325,169.30229,169.39401,165.99371,121.64261,165.86352,189.87237,182.7357,162.08682,142.211,136.66528,142.31735,174.81762,148.37172,146.89969,155.23941,141.17176,150.62843,148.09802,110.06943,141.4718,133.2599,131.82738,132.08893,138.51488,151.40354,150.99847,155.0002,125.90089,178.63094,171.276,104.16483,159.60753,115.8496,146.56635,144.45067,167.53563,129.06396,152.45053,186.3159,142.39478,127.73655,175.97771,163.49146,170.81936,121.2136,190.41698,167.03925,126.57645,135.79563,133.06205,173.16983,147.62006,135.89894,174.3396,136.49807,170.06585,142.36839,111.56172,149.96483,168.33721,182.79671,164.48946,119.14895,126.42252,161.07224,122.64111,1
136.18409,132.70956,137.15484,125.57896,147.85641,147.00961,142.87001,176.35507,111.16929,166.96776,134.11999,123.24399,0.0,140.4947,162.10502,148.5265,142.01601,120.55556,132.92866,158.42391,120.03779,158.84856,180.97202,155.3743,143.26431,122.25719,128.11204,124.85952,144.77126,156.39761,120.658,135.62428,132.49488,169.5119,116.8173,112.94396,169.40592,129.25997,123.31023,128.53847,129.20278,166.79812,130.39726,138.23407,135.19357,120.29736,137.84232,162.63363,121.30398,130.05192,144.81251,115.78576,130.39731,127.11652,148.62197,139.19812,151.66268,161.10377,149.7702,117.58122,144.77401,117.70844,133.30688,139.2634,149.34921,182.39195,152.16392,139.3408,115.20247,176.42098,162.1725,108.66404,128.1332,138.48631,128.07385,129.42224,147.94881,148.80565,130.23439,112.75927,146.7496,160.1242,118.0822,154.3707,132.88331,110.77456,146.7756,127.85713,130.81566,162.51106,161.96226,133.94692,136.95936,144.26167,144.18757,161.07167,129.43464,151.32956,131.12894,125.67885,130.21789,137.80843,139.89611,130.13042,137.68292,142.95579,137.27064,151.58257,160.57622,133.67526,161.81697,145.12235,141.70769,164.26375,123.78289,115.8625,127.78048,155.93934,129.04497,126.61181,151.12332,131.9794,141.28552,142.68599,135.51599,127.19124,122.46964,114.24374,137.23016,137.74804,172.02324,133.61945,122.98096,106.85899,146.1691,147.44058,145.11606,108.92473,142.92397,179.87639,159.49391,158.58276,161.48712,141.04922,119.26933,156.23229,125.57483,144.42406,141.03038,119.05409,127.62636,128.18154,113.78215,121.8487,135.86094,153.23691,140.34886,155.21554,146.79751,127.88717,148.24991,137.77895,155.42473,148.05103,121.82033,154.92884,139.07289,123.66231,134.16442,144.80222,107.17406,134.91933,171.02007,133.7522,123.591,161.56336,155.43644,153.97975,141.63626,168.12452,155.13694,141.6499,131.79756,122.24628,150.19489,130.95388,122.83099,153.22583,145.36391,148.06321,161.95692,118.52381,143.71284,163.74235,166.51789,152.86131,138.37558,144.52762,145.31329,108.73196,1
169.91356,171.05304,170.52144,152.04094,157.5731,168.34385,167.25735,153.00117,139.20357,138.39518,172.96007,159.49743,140.4947,0.0,122.00071,133.4966,120.71212,132.46473,132.88285,130.43779,149.7286,146.86788,151.57653,140.78476,158.36303,158.9855,112.44146,165.34677,135.05309,166.39154,160.84067,163.34102,166.01012,131.94281,146.04404,150.17805,132.60115,167.7094,126.25643,164.42173,158.83253,133.28773,111.61211,168.04766,144.24833,159.49575,110.85865,147.19077,154.70245,111.48714,112.57837,146.73986,164.53997,127.73229,183.40901,132.13491,117.49935,144.30638,168.59767,157.68679,158.71561,158.20209,173.76715,149.35625,135.99732,151.70832,112.55964,152.86753,150.82665,142.89075,146.70682,136.54944,139.85905,174.55273,131.67422,132.28386,129.68094,110.09209,115.21759,129.6452,158.34219,129.47908,157.30236,168.47578,172.34424,141.89827,110.16783,164.92411,170.45998,131.83185,123.99232,157.74156,118.68665,129.23113,112.44487,185.42117,166.92795,115.01298,156.00723,162.10024,170.63025,151.144,173.58707,170.01377,115.19677,179.2762,129.73544,180.22983,124.90935,169.80032,142.12152,131.26468,113.5266,142.00106,146.70798,146.79698,167.03822,120.26353,129.32687,148.20992,172.54139,122.6975,146.43852,103.86823,115.70997,160.43848,146.77979,128.67208,119.78129,143.97401,146.69275,163.09244,159.99565,143.63982,137.39791,148.94937,109.92235,148.73885,138.75282,148.09958,141.87137,144.06384,183.87195,148.93029,133.34194,115.73868,135.15786,139.36579,165.97097,138.53458,122.72898,147.44469,149.73185,118.69138,144.95084,180.95408,153.89737,174.63149,180.98972,124.0385,132.78722,157.19983,141.07772,131.75586,159.87324,139.827,173.4355,123.22017,165.99393,121.71576,133.33326,107.93303,132.46413,167.19934,162.20495,125.23362,133.52092,114.90059,169.91265,135.62701,125.39189,163.09759,168.85949,128.59817,127.52686,112.83732,155.8945,117.15596,157.08866,117.69691,184.8351,158.62424,177.07847,145.27722,127.15275,124.65297,166.00178,168.86056,111.23485,137.06865,1
188.61516,191.35023,192.25617,173.48643,175.4263,188.26535,187.81173,145.28622,159.35862,139.82188,194.94671,181.4857,162.10502,122.00071,0.0,138.50955,135.79663,150.70759,151.91509,125.90293,171.52253,157.91495,148.93748,151.846,171.59742,179.09087,134.04844,186.94127,142.76022,183.54933,182.62924,180.47463,187.80637,123.1068,167.90804,172.16439,125.07523,188.11568,147.56832,186.38049,180.38913,120.58898,131.90393,189.41553,163.47273,181.43335,129.61507,146.89875,176.61718,132.141,125.62966,166.3417,183.62585,148.23281,202.01218,149.11453,123.70388,143.8845,187.95876,178.92309,177.57022,179.78037,195.18822,168.18421,149.05447,147.70571,109.99853,172.13456,171.06643,137.38131,146.53356,158.54251,155.62181,193.90551,147.37247,147.42432,142.23658,117.65051,136.32308,150.49232,176.63324,122.39995,179.23036,186.66212,193.09875,163.89414,116.2788,184.92122,191.32585,133.44052,118.33155,174.14733,131.44157,136.47686,126.09592,205.3887,187.00936,120.52925,172.95361,181.99261,192.32054,170.53383,195.32304,191.00738,133.12973,198.59564,141.23338,201.17122,123.27689,191.74869,149.69952,138.18344,123.9432,138.0197,168.03746,166.38815,187.77545,121.91966,144.77439,165.2465,192.29786,142.19214,157.89622,121.07062,130.35689,182.27758,164.80163,149.3168,137.43132,162.54054,138.69285,180.80915,181.99497,165.58252,144.69354,158.11403,118.20156,170.00786,148.08475,143.58084,141.62538,154.35261,203.43418,167.24543,151.89197,107.48027,151.66956,155.20769,181.94339,156.96598,139.81474,163.91129,171.73231,140.52294,164.0885,201.7151,173.07396,193.83792,199.43574,140.71443,145.76736,177.34428,143.45246,136.74746,181.86664,150.85673,195.23674,141.93128,184.26999,128.09441,154.93426,129.25376,121.08644,185.93376,182.79205,122.22786,142.23806,114.98962,191.02284,123.39052,131.15547,183.29184,188.73639,149.94181,129.94393,134.23848,175.17564,113.02927,175.52781,120.82077,204.48336,180.43006,195.35376,152.88423,115.50456,132.32622,187.11963,189.34594,123.81814,159.0645,2
159.7086,166.75169,185.5461,170.93574,185.06228,191.23796,188.41011,127.90536,139.54981,171.05658,181.57424,171.76926,148.5265,133.4966,138.50955,0.0,153.5031,128.47446,160.97734,116.13457,166.43624,179.75927,183.28884,173.82706,135.63721,155.18284,132.94709,169.18564,105.64994,194.30941,167.11097,149.09071,180.84053,159.679,162.55146,161.44172,161.15904,164.22412,150.33787,177.06482,176.29309,127.22203,128.69357,185.77884,170.66324,168.12921,143.21568,115.18636,169.28478,129.55922,146.06004,142.96152,156.1479,153.92969,171.93876,162.67926,150.14867,112.98582,192.78333,159.8419,184.547,162.76742,175.41296,175.97169,168.59048,182.85994,132.33661,178.38734,148.8741,173.0659,114.68358,150.802,126.0191,166.19241,121.11682,120.01887,162.71366,141.45825,143.23933,136.46564,185.13713,119.94852,166.02496,194.83056,170.10514,156.42847,126.71717,159.94732,168.9792,164.28752,152.64895,142.16007,116.30718,104.9053,145.94127,207.22867,162.09183,147.04056,142.07354,157.01584,174.80846,176.57423,188.3566,169.27965,147.26145,170.45086,111.32525,199.11007,155.65987,182.16817,175.6092,103.44282,120.03289,116.07327,166.89341,142.96529,165.22457,151.74897,119.60295,135.77191,195.5832,151.77815,121.51172,137.07243,119.62105,175.35914,137.55111,134.98592,151.30878,171.49773,124.25842,150.50571,171.4814,154.86751,106.68317,120.04228,125.43116,152.54385,111.22489,178.92332,111.07508,177.20811,206.77989,176.38624,129.92164,138.90308,125.01951,170.2216,148.53224,132.79276,121.94937,133.58753,162.08297,136.7026,171.44822,200.49559,179.50433,198.79758,169.17416,121.2041,165.5555,180.36222,108.05988,101.83989,170.15059,172.90197,187.58264,126.03658,154.79557,112.03551,143.27306,138.35482,158.5814,157.34818,160.18541,155.4047,167.0065,144.25195,188.76298,126.81052,158.52139,185.64276,162.98786,151.98002,108.62443,140.93249,149.28275,125.71717,183.7361,118.55594,207.49073,165.37657,164.99065,178.75104,152.62587,158.03551,185.12518,190.11945,144.60918,151.3592,1
177.06792,174.72283,161.37171,142.12355,139.65043,153.38816,153.7296,173.55538,146.08589,125.01845,168.14894,153.71019,142.01601,120.71212,135.79663,153.5031,0.0,144.03555,117.37943,150.9743,142.09,126.28449,139.11058,120.32598,172.82404,163.91146,123.06194,164.63765,154.20416,147.7835,159.13813,173.32536,157.46718,130.71023,139.36239,146.79587,129.86768,171.27427,119.29836,157.69574,149.10986,152.36822,126.20787,157.09596,128.4891,156.35652,110.28746,167.70183,147.89378,125.4585,110.25757,153.93036,171.29692,117.021,190.10945,113.36513,113.74487,164.86929,152.63799,159.19836,142.06953,158.05978,173.49305,132.79457,115.28738,140.40207,129.77729,136.96296,156.10796,134.7158,167.21115,134.6324,153.45235,180.2225,146.38938,147.42613,109.23942,118.29078,113.47216,136.37036,140.93371,149.64568,154.45033,150.90432,174.63852,137.97456,130.36714,169.7056,172.49717,120.6252,124.86104,169.03164,137.60774,148.9285,109.88511,170.37407,171.38111,115.87523,166.7351,167.31506,169.05697,135.49444,164.34628,171.64207,106.48951,184.79409,147.71435,167.51817,121.29923,162.66573,123.17573,150.91577,133.96684,162.70555,136.61291,154.0039,169.68009,117.81266,144.63376,159.46464,157.22236,110.53259,162.96243,118.06094,134.28364,152.50482,156.7891,136.22889,104.78636,127.11314,167.15148,172.25669,154.71924,141.86539,156.54565,166.63651,130.50457,150.92122,156.98928,137.87128,162.45027,123.73106,168.12399,131.62764,144.29428,128.34651,148.53136,119.58524,177.27847,148.88364,137.70816,159.48023,145.61186,124.48519,129.01113,167.72523,137.82011,158.38179,188.06289,139.14976,112.11096,142.92678,161.32984,151.85047,155.49892,119.40828,164.66063,136.04963,174.10186,142.11997,136.13907,115.30667,133.27625,174.44781,165.60698,122.69283,114.98509,121.23394,157.9445,154.94975,113.4724,148.80078,173.68904,121.13454,148.14345,114.55302,162.88572,136.59898,139.87831,138.38574,169.22414,156.93501,184.61114,126.04817,130.85731,111.01626,154.16518,155.12923,112.14431,134.9266,1
137.95232,141.34072,157.68994,144.98869,163.78975,166.23039,162.60305,156.37406,111.12142,167.8582,153.10363,143.66598,120.55556,132.46473,150.70759,128.47446,144.03555,0.0,143.01395,140.39816,139.85728,167.21408,181.8326,162.32154,129.10918,129.08674,121.91583,141.04341,124.33216,172.89461,138.66946,130.88768,153.04373,164.39014,136.19884,133.46445,164.96004,138.32317,131.19083,148.91507,149.44321,150.08631,120.9216,158.66911,149.67527,139.67695,135.72482,142.14659,141.80425,121.20852,141.9559,116.1317,132.92143,135.62327,151.40537,147.38843,148.50995,140.73379,168.49241,131.81308,161.87985,134.41777,147.88407,154.62167,156.24369,182.49911,140.97606,155.91614,121.61252,174.54978,141.69262,124.8911,109.99543,143.22268,107.54523,108.87046,152.42281,142.47852,130.59608,110.6886,163.23112,142.82989,137.59293,172.00982,143.81485,129.84851,134.43,134.67034,142.34296,162.0136,156.43738,125.55136,120.36236,124.62427,141.47541,181.14606,136.81413,146.824,123.62615,131.68533,146.69944,154.18171,160.39509,142.36651,137.88537,147.90039,117.15496,172.04281,156.86309,153.902,166.91961,125.16935,127.16758,144.48048,141.93737,116.16343,138.60917,152.06891,108.91146,115.90431,170.48559,137.01164,122.34728,135.94117,120.49883,147.74005,114.35401,109.71769,139.88555,151.44769,152.50747,130.65862,143.25771,127.25645,125.63859,128.00018,132.50629,124.11024,122.40747,179.2399,139.24586,165.81915,181.25395,155.77178,101.47647,146.6603,105.66549,154.3312,133.85505,106.26152,110.94467,115.54264,134.3323,119.68792,150.4462,173.63155,157.01462,174.24959,148.88466,110.2655,154.05722,156.08707,134.99709,128.24342,141.799,161.60828,159.51528,109.24587,133.75656,127.28186,116.8223,130.8718,164.89663,135.25792,133.47921,157.38892,159.00386,147.36403,161.95675,150.89652,154.72145,160.696,138.32949,131.76762,131.57646,129.60353,124.54375,139.27863,161.79691,132.46208,181.81507,136.90778,144.87337,169.54023,159.44093,153.06561,158.54952,164.29619,141.56708,125.37013,1
169.08248,164.20828,144.45946,125.41339,124.80054,136.3891,136.40515,184.75312,140.69158,138.10018,152.75297,138.365,132.92866,132.88285,151.91509,160.97734,117.37943,143.01395,0.0,162.55717,126.45604,125.92222,151.14601,122.71695,171.74094,154.97604,128.0543,151.67429,160.09131,133.82955,145.85581,167.92403,140.80752,147.80179,124.55137,133.37602,146.76098,160.85896,111.82904,141.74123,132.25236,166.16448,132.37979,139.83781,111.56924,142.3555,122.65779,176.05386,132.32435,131.51318,126.56798,147.73158,163.31021,107.4579,181.2175,106.86146,131.10485,173.52969,136.08314,148.08003,125.903,145.87268,160.40141,116.50367,116.95988,153.16205,144.41923,120.24815,148.11981,149.66698,175.54931,124.31544,153.0072,170.92971,147.89376,149.21075,117.84298,134.31193,118.38095,132.87861,125.46502,162.10974,140.74702,135.59506,163.16491,125.32194,143.01828,160.27845,160.94702,135.74929,142.23503,165.07442,144.75501,156.08776,126.02471,153.49333,161.61172,132.98031,162.42499,158.36736,155.36066,118.62188,147.37251,159.85568,118.80573,175.19817,152.53229,150.15439,138.47503,146.40372,129.81989,157.8558,143.84521,173.05068,120.1067,147.81046,158.69164,135.18646,146.95966,156.22314,140.38552,110.18546,164.776,131.78181,141.54336,136.20582,152.69145,133.47173,114.53602,111.1044,178.75495,166.20582,139.59275,130.2146,162.27705,169.66834,142.50074,141.0726,161.35793,151.5181,171.25856,125.77501,151.53461,116.08511,142.6847,144.45685,148.46842,111.67147,172.85015,146.03304,140.90519,156.95711,131.81762,125.0307,112.21178,150.4065,121.21935,142.02625,179.53584,142.18709,116.74686,125.6633,169.03618,159.61023,140.82638,122.39275,147.8079,137.7515,167.05216,151.23932,129.41349,125.13681,150.52635,166.67575,155.40669,139.92141,125.13697,138.07263,140.57735,168.50705,129.62986,131.58296,164.07661,111.48453,157.66964,120.90288,155.66927,150.02904,124.20581,149.61656,152.57345,143.80161,176.58498,131.31918,148.23455,127.05267,136.817,137.83813,128.24587,124.34602,1
