Vértice_1,Vértice_2,Vértice_3,Vértice_4,Vértice_5,Vértice_6,Vértice_7,Vértice_8,Vértice_9,Vértice_10,Vértice_11,Vértice_12,Vértice_13,Vértice_14,Vértice_15,Vértice_16,Vértice_17,Vértice_18,Vértice_19,Vértice_20,Vértice_21,Vértice_22,Vértice_23,Vértice_24,Vértice_25,Vértice_26,Vértice_27,Vértice_28,Vértice_29,Vértice_30,Vértice_31,Vértice_32,Vértice_33,Vértice_34,Vértice_35,Vértice_36,Vértice_37,Vértice_38,Vértice_39,Vértice_40,Vértice_41,Vértice_42,Vértice_43,Vértice_44,Vértice_45,Vértice_46,Vértice_47,Vértice_48,Vértice_49,Vértice_50,Vértice_51,Vértice_52,Vértice_53,Vértice_54,Vértice_55,Vértice_56,Vértice_57,Vértice_58,Vértice_59,Vértice_60,Vértice_61,Vértice_62,Vértice_63,Vértice_64,Vértice_65,Vértice_66,Vértice_67,Vértice_68,Vértice_69,Vértice_70,Vértice_71,Vértice_72,Vértice_73,Vértice_74,Vértice_75,Vértice_76,Vértice_77,Vértice_78,Vértice_79,Vértice_80,Vértice_81,Vértice_82,Vértice_83,Vértice_84,Vértice_85,Vértice_86,Vértice_87,Vértice_88,Vértice_89,Vértice_90,Vértice_91,Vértice_92,Vértice_93,Vértice_94,Vértice_95,Vértice_96,Vértice_97,Vértice_98,Vértice_99,Vértice_100,Vértice_101,Vértice_102,Vértice_103,Vértice_104,Vértice_105,Vértice_106,Vértice_107,Vértice_108,Vértice_109,Vértice_110,Vértice_111,Vértice_112,Vértice_113,Vértice_114,Vértice_115,Vértice_116,Vértice_117,Vértice_118,Vértice_119,Vértice_120,Vértice_121,Vértice_122,Vértice_123,Vértice_124,Vértice_125,Vértice_126,Vértice_127,Vértice_128,Vértice_129,Vértice_130,Vértice_131,Vértice_132,Vértice_133,Vértice_134,Vértice_135,Vértice_136,Vértice_137,Vértice_138,Vértice_139,Vértice_140,Vértice_141,Vértice_142,Vértice_143,Vértice_144,Vértice_145,Vértice_146,Vértice_147,Vértice_148,Vértice_149,Vértice_150,Vértice_151,Vértice_152,Vértice_153,Vértice_154,Vértice_155,Vértice_156,Vértice_157,Vértice_158,Vértice_159,Vértice_160,Vértice_161,Vértice_162,Vértice_163,Vértice_164,Vértice_165,Vértice_166,Vértice_167,Vértice_168,Vértice_169,Vértice_170,Vértice_171,Vértice_172,Vértice_173,Vértice_174,Vértice_175,Vértice_176,Vértice_177,Vértice_178,Vértice_179,Vértice_180,Vértice_181,Vértice_182,Vértice_183,Vértice_184,Vértice_185,Vértice_186,Vértice_187,Vértice_188,Vértice_189,Vértice_190,Vértice_191,Vértice_192,Vértice_193,Vértice_194,Vértice_195,Vértice_196,Vértice_197,Vértice_198,Vértice_199,Vértice_200,Conjuntos
0.0,119.98287,120.76981,185.79462,186.1146,153.97778,113.51774,156.42945,153.05688,161.97846,142.25782,166.8605,125.72124,179.94932,159.588,118.87753,162.02119,169.3796,154.39005,128.42286,161.37323,176.48815,114.07435,154.99107,120.90946,192.00466,187.20124,182.85118,166.44717,125.78119,136.13403,177.90755,152.94818,127.21742,116.61102,182.67312,137.94299,187.70253,115.55994,126.50033,164.31822,163.05842,184.95509,178.04274,159.0393,167.05071,122.42189,162.98649,178.35375,169.16772,154.77195,174.28484,138.37872,140.7473,162.87066,138.863,144.71805,154.45265,123.5322,122.64023,180.46515,128.99141,180.00292,163.43382,105.86912,140.12582,127.27451,146.47354,176.96098,118.59853,153.82923,136.48152,144.13724,130.505,119.34777,157.7873,182.59469,174.82251,152.76749,177.56234,135.9738,161.98461,171.74037,148.81485,173.02127,166.2833,141.95772,123.1942,140.23378,109.7542,172.11315,192.19843,151.16934,112.34073,169.80202,166.20151,170.18323,133.61785,170.17985,169.65188,177.1805,138.74475,154.19185,133.55805,159.47825,129.6934,114.98503,125.32028,116.05359,146.57213,137.23793,131.77963,131.22961,110.76028,133.61213,157.22054,130.27882,103.08503,198.31015,139.22543,128.94238,141.24807,168.42893,134.35914,115.00266,176.86666,124.76147,125.35088,155.83784,132.6862,160.14542,157.61129,180.8865,156.49628,153.79729,180.19356,113.33893,154.67336,125.73058,172.62165,190.74328,181.85631,111.33871,120.93065,179.35389,181.22867,118.31815,151.07663,164.44132,136.623,148.84206,116.13128,140.4388,131.84436,175.04193,134.10551,162.23954,131.20299,147.74869,130.23837,156.04235,152.67845,125.4067,140.016,179.61023,106.20554,143.9993,163.72032,142.16695,151.14937,163.02706,130.31409,177.59986,121.83105,161.63658,170.55714,162.55809,166.52505,162.89941,111.78256,167.64186,144.79844,129.13995,120.54506,161.38632,129.55096,135.71755,170.58882,118.58186,150.70019,169.29647,158.52872,122.95739,129.5851,145.8281,170.16048,157.11806,111.5573,180.87856,157.61451,1
119.98287,0.0,100.79203,203.59851,206.00197,173.94444,114.44702,176.37158,165.98314,180.73306,153.73242,186.6742,143.76221,199.7744,179.1701,133.45896,181.20561,188.56815,172.17858,146.13048,171.42746,194.81987,109.52428,170.11557,131.68678,211.7754,206.76924,194.05673,183.8027,145.5575,153.79461,189.61103,165.0101,124.304,133.49866,202.55791,146.6601,206.17641,122.19305,141.96398,177.88683,179.99036,204.34322,190.47275,178.94176,186.81787,103.57282,182.16876,191.4559,186.53218,173.09717,193.93526,140.3615,145.47946,171.14881,158.14361,157.13341,172.96496,114.71583,137.2756,194.83062,143.59145,198.5361,173.51861,124.51951,148.85387,139.66674,163.10903,196.41677,113.57744,172.32862,149.61732,151.91202,119.66328,137.09342,173.73188,201.81046,193.79003,171.74482,189.5865,143.2985,172.5378,185.37464,167.5135,185.43463,185.38782,147.04777,141.50086,157.97568,129.2355,189.0637,212.10231,169.49771,121.43913,186.44731,183.81943,189.84184,140.12921,186.0568,185.83736,196.98163,143.59364,174.0238,145.78454,178.83275,146.2785,119.48601,144.70233,107.2909,164.95652,147.66314,151.50926,146.10915,125.31276,147.87861,175.77591,147.31326,122.28344,217.9786,151.65176,138.81611,156.02983,185.09146,154.05535,130.4345,196.00526,141.65934,134.31901,174.17362,114.2759,173.06089,172.08922,198.41431,167.67673,169.8927,200.17585,129.44889,173.42096,141.42989,191.61203,210.64392,197.11132,128.27081,140.90428,193.66894,198.54001,135.28313,166.95719,174.67786,137.76554,167.77854,131.84689,157.99921,151.82237,189.16197,150.65924,174.39692,131.41626,166.93417,133.95357,171.08317,168.28981,137.17017,142.93665,199.53505,123.74478,163.82783,181.93566,160.73531,171.10374,182.54458,117.248,195.51885,131.93456,181.13993,185.23663,180.37839,185.46255,181.37828,129.83148,187.15363,159.83263,142.87081,117.61165,177.91856,148.0383,155.37899,185.58085,136.58483,170.45893,188.98286,174.96532,142.84784,140.68889,163.0792,182.19236,171.75857,131.48873,198.87183,175.33655,2
120.76981,100.79203,0.0,204.27818,206.7937,174.73389,114.97671,177.16216,166.62494,181.45608,154.22049,187.46623,144.53592,200.54607,179.96081,134.18945,181.99089,189.35316,172.93794,146.83271,171.83613,195.5228,110.1956,170.70828,132.23311,212.54339,207.52619,194.48683,184.46988,146.3495,154.55718,190.06305,165.62887,124.43009,134.19913,203.34966,147.07216,206.88346,122.83639,142.69423,178.53738,180.72819,205.09132,190.95142,179.71919,187.5865,103.21364,182.90956,191.95917,187.27883,173.80513,194.69716,140.55391,145.75311,171.49236,158.93169,157.7712,173.73894,114.72934,137.99813,195.37963,144.30168,199.24677,173.92578,125.31047,149.25948,140.33657,163.7606,197.20564,113.86015,173.04353,150.16958,152.27521,119.44341,137.80854,174.35146,202.55063,194.51993,172.47882,190.05057,143.67432,172.96333,185.90171,168.29168,185.91628,186.17156,147.32877,142.27947,158.73816,130.02747,189.71351,212.87923,170.20698,122.04244,187.08642,184.57256,190.63312,140.49042,186.66709,186.45934,197.75188,143.87928,174.81579,146.43615,179.58161,147.02544,120.11623,145.45973,107.77566,165.72939,148.13042,152.30125,146.7242,125.99752,148.47088,176.55035,148.0678,123.07534,218.7405,152.29778,139.42745,156.72881,185.73178,154.823,131.11019,196.74246,142.34321,134.79395,174.94396,113.58677,173.57167,172.65715,199.08399,168.13122,170.52026,200.96199,130.21208,174.1993,142.07933,192.34321,211.42062,197.69312,129.04569,141.68898,194.21664,199.20105,136.0479,167.57927,175.08924,137.93933,168.51183,132.52379,158.68654,152.61063,189.70479,151.31992,174.87888,131.59798,167.72033,134.25062,171.77742,169.00003,137.71698,143.15279,200.31384,124.53205,164.61979,182.63677,161.51229,171.89383,183.33453,116.92308,196.20487,132.58047,181.92974,185.80262,181.06457,186.19234,182.09,130.61484,187.94342,160.53435,143.56349,117.86542,178.64731,148.76371,156.14487,186.15828,137.36228,171.25091,189.77437,175.69276,143.63907,141.32524,163.82978,182.66246,172.44202,132.271,199.56014,176.09374,2
185.79462,203.59851,204.27818,0.0,153.2857,149.71016,189.98561,150.31972,198.79955,125.30457,156.97537,153.28646,177.88693,131.92026,158.77117,188.18823,164.52433,165.1893,176.54928,157.6,152.84175,110.62001,199.83715,137.10357,173.63732,132.48998,125.51215,145.92872,119.99941,168.41339,177.43032,143.06436,201.57733,190.20865,170.16179,152.45315,166.16977,107.97342,197.20613,185.91932,201.10205,183.81326,121.31711,139.22805,139.84797,132.64626,206.81569,126.97429,135.50524,182.676,131.16907,127.64,180.61123,174.18823,159.26813,166.80034,197.39758,171.12234,196.97658,187.97866,127.78554,188.20624,109.71767,152.23518,184.40029,165.04732,192.98592,140.85199,162.40761,193.54419,132.30696,157.18054,165.68755,200.74318,166.75011,132.10074,118.12374,116.98184,134.5006,141.40527,170.19935,150.73999,133.89131,169.7275,139.88012,165.88104,173.0395,177.66277,176.62951,180.21018,116.0164,137.94282,134.72685,182.57401,119.29483,179.9504,157.28349,172.93848,122.71138,121.54053,131.17927,174.48914,154.62173,194.65431,131.0596,182.38394,198.307,161.14015,196.96574,172.2695,162.6817,165.49211,158.36544,178.28652,157.30653,170.87028,180.74788,185.02433,132.4109,195.66136,197.98679,189.08196,120.37857,154.07541,173.16854,118.13753,161.94118,173.13966,172.63422,211.47605,141.99594,137.41185,105.73453,150.27818,135.17958,142.47492,186.11881,169.06747,162.35606,118.50959,137.24835,121.75546,185.18141,167.91124,128.23725,106.7636,183.1969,138.20376,151.41007,182.54068,137.99555,171.75453,145.61994,160.96007,130.27867,153.05035,144.16666,185.04976,165.48136,179.4399,191.67979,188.18977,168.57686,178.36363,136.31865,185.94993,158.19672,122.24802,171.47134,151.5608,159.72386,203.35728,108.2291,195.61962,159.98068,128.81336,123.26451,122.42276,123.5434,182.82557,159.97621,188.83643,190.36096,191.16384,185.75889,156.25213,152.69883,127.1345,180.31084,157.18455,156.59715,185.52976,168.99064,195.98478,179.14938,142.30857,193.76454,175.3008,105.20878,177.41651,2
186.1146,206.00197,206.7937,153.2857,0.0,132.40829,196.85099,129.78092,167.19026,144.23218,183.12953,119.48966,164.42638,121.51761,127.95255,176.84324,128.83346,123.4064,143.6815,167.74309,190.72711,146.4226,198.33857,169.2619,186.70302,124.6216,128.89071,194.10591,155.30642,160.46026,156.96895,189.74693,170.49753,204.63522,177.49964,103.44516,189.98171,146.47321,189.52009,170.04424,163.50443,144.99583,132.34074,186.4042,131.00749,128.29501,208.05898,139.25532,183.19861,140.18905,150.57355,127.68246,203.13819,198.98952,197.21855,148.90164,170.56051,139.29729,206.7606,174.32067,177.08584,170.58749,144.38778,191.23897,181.58519,190.20557,176.47814,163.50922,115.22632,201.94192,149.64922,178.74569,193.18097,212.9058,173.73121,164.90757,135.17183,138.92588,146.33652,188.13967,192.72986,189.10954,178.47816,142.58658,184.74102,126.36512,198.63279,166.03352,153.55179,176.79829,158.41782,119.36075,152.07928,190.4889,160.46959,139.13424,117.58566,193.94404,165.59349,163.56005,122.94292,198.18371,132.01365,174.36456,138.90432,165.02901,191.8204,164.0753,201.79226,145.93748,185.89479,154.56038,175.07982,184.76598,176.10292,137.05567,163.36525,183.71976,130.3582,171.96884,181.07284,163.79629,160.28239,154.60931,181.17543,136.35478,172.43386,189.1363,139.43624,218.54494,179.4417,172.28339,154.80474,185.54664,164.54875,111.38509,178.37389,137.66995,175.1102,138.88738,118.99458,172.12752,178.81845,165.49806,177.01433,156.78779,172.94584,166.05848,191.00112,203.78296,148.92248,180.04841,161.52525,154.43328,176.81601,168.6205,182.97275,202.93887,141.05773,197.86849,157.48605,155.82395,184.05662,202.14089,117.29167,182.55152,142.19225,148.72151,148.69093,135.09567,125.26569,214.0716,150.68066,182.91008,126.62372,172.69906,152.20251,140.86546,146.56611,176.8205,121.29412,161.34441,172.59962,201.62666,148.02046,164.18732,153.63892,170.9523,170.77248,135.70145,118.1142,149.51492,163.1655,178.33429,151.70884,185.56157,159.13771,174.89924,150.36593,142.25348,2
153.97778,173.94444,174.73389,149.71016,132.40829,0.0,164.44646,102.87386,149.26071,127.10504,154.77516,114.24469,134.60497,128.74199,111.86097,146.94852,117.96666,122.70777,127.01053,136.35221,166.6604,139.2473,166.69147,145.98768,154.7994,140.7444,138.12114,176.65982,139.47119,128.70639,130.11807,171.50896,152.15168,172.50049,145.23415,129.00506,160.24068,146.96385,158.99674,141.60774,151.56288,135.22463,137.70357,169.01545,109.90391,118.35723,176.16947,123.40734,166.71594,135.85911,128.22386,125.83158,172.35645,168.97587,172.50549,119.7826,148.78282,121.7051,174.35786,145.16381,163.07881,143.02374,140.40008,167.71843,149.75279,160.86064,148.67404,137.2013,126.69281,169.53372,126.66881,149.30356,164.37646,180.54492,141.52845,143.26096,137.14578,133.07805,122.30995,170.15088,162.44977,165.49778,160.39475,120.05077,165.79629,121.30879,168.86509,135.6461,128.21091,144.91932,145.11284,139.56777,127.61328,158.101,145.43025,132.61465,118.86983,163.21573,149.62352,147.7697,126.49588,167.91183,105.2322,148.42758,119.80827,137.00005,161.052,131.80782,169.48585,122.76558,156.28969,123.11922,144.5888,152.37114,146.0935,121.96536,135.23963,151.72433,147.6904,148.02175,153.66894,140.61589,144.55495,122.57928,148.88892,133.13679,140.76489,157.59868,123.38498,186.22227,156.76313,149.67972,147.6604,160.78872,141.20051,126.47041,147.4566,119.72794,143.69297,131.28351,138.18227,160.14278,147.57938,133.18413,162.5305,149.18531,142.49877,141.49478,167.83757,172.69731,122.61056,147.80491,132.85086,122.14744,160.49534,138.5426,160.46102,171.27098,115.93535,166.44062,141.98091,138.48554,152.65215,171.70196,127.05993,150.84261,111.16431,132.30178,122.7746,102.9485,114.78615,181.66905,142.85112,153.78085,114.08326,155.36475,134.56356,127.79913,129.86705,145.42498,118.24031,139.76765,145.21539,169.25979,136.71959,132.65454,121.78153,154.00891,139.99754,107.53553,117.80556,136.1298,131.16232,151.17048,129.74087,165.37718,144.06918,142.62139,144.75735,128.25947,1
113.51774,114.44702,114.97671,189.98561,196.85099,164.44646,0.0,167.08357,166.36882,167.9114,139.31444,177.9845,139.02876,188.51363,171.30444,132.13003,174.26275,181.57023,167.5513,133.10319,157.25631,181.56476,116.22937,155.82058,117.26078,200.28115,194.82763,179.78097,170.06481,137.63242,149.44697,175.26548,166.10832,114.40966,120.67695,193.43845,132.52201,192.97193,125.50421,139.98113,177.74835,176.41783,192.10692,176.06418,168.16068,175.4667,117.99174,169.79478,177.01522,182.40584,159.99404,182.23796,128.3102,132.41732,157.34873,151.2293,157.89238,167.28121,110.30683,135.977,180.40533,142.3964,185.41121,159.35202,119.38476,134.74282,140.21778,149.24161,188.76846,105.28625,159.36693,135.19945,138.04754,117.16586,124.52502,159.58273,189.34688,181.0843,159.23609,175.20909,129.39774,158.29238,170.92894,161.56871,171.0214,178.57998,133.89371,136.45146,153.49423,122.78401,175.13923,201.09907,156.43542,107.42285,172.43182,179.37129,181.6741,126.36157,171.84341,171.69564,185.65927,130.4419,165.37019,146.57382,166.7262,143.20022,123.6757,133.34704,107.22359,159.52867,133.29632,143.58381,131.96893,112.49565,133.59746,170.00513,143.74616,116.60174,206.1967,152.35418,141.18822,154.73217,171.08715,142.99575,117.19314,183.47825,128.34579,119.9487,168.75556,122.33442,158.61606,157.70493,184.68595,153.33268,155.80327,189.9917,126.73843,167.348,127.62968,178.94417,199.63143,182.76662,124.8114,131.52966,179.24172,184.71696,131.83566,152.8316,160.49083,126.03949,155.2759,118.58798,144.6089,142.5322,174.72838,136.9368,159.98481,119.90249,160.10926,120.88657,169.5576,166.1934,122.74396,130.53508,188.71268,119.61092,155.31626,168.67985,155.06169,161.77058,174.82583,117.4765,182.00151,133.87287,173.46854,170.84585,166.89212,172.7819,168.31769,125.27982,179.41741,158.30423,142.40913,107.18832,174.81713,135.52182,144.2034,171.22306,131.9947,162.12924,180.73376,171.97795,134.55161,142.23055,159.18174,167.80252,170.62034,122.44975,185.38185,170.78349,1
156.42945,176.37158,177.16216,150.31972,129.78092,102.87386,167.08357,0.0,149.14952,128.58622,157.57369,111.37926,136.33699,127.58007,109.64693,148.75978,115.85214,120.10229,126.23306,139.22222,169.21481,139.9916,168.97865,148.39824,157.63102,139.38755,137.254,178.74204,141.10693,130.97293,131.14636,173.63443,152.12742,175.29343,148.00576,126.35938,163.09915,147.13905,160.98461,143.07997,150.78279,133.8994,137.1705,171.06033,110.59346,118.24706,178.53807,124.57029,168.67333,134.04586,130.34766,125.40173,175.22992,171.84323,175.11671,121.15536,149.18986,120.80374,177.0375,146.8065,164.80008,144.33344,140.85351,170.23692,152.08409,163.70707,150.06627,139.81238,123.83077,172.19362,128.83315,152.1453,167.20481,183.26457,144.31964,145.50825,136.91338,133.49005,124.50042,172.25028,165.32034,168.0167,162.45193,119.9204,167.95404,118.91162,171.72718,137.52563,128.90282,147.26189,146.58575,137.86398,129.95901,160.80428,147.07612,130.89319,116.00186,166.08958,151.40685,149.51604,125.52506,170.78306,104.44787,149.48394,121.22657,138.3526,163.1013,134.5886,172.02785,122.88069,159.14219,125.24687,147.4587,155.06796,148.95255,120.71155,136.59578,154.11663,146.40285,148.7488,155.0145,141.13932,146.25589,125.42045,151.65161,133.27195,143.6218,160.45637,122.34971,188.77595,159.1809,152.05598,148.57558,163.37611,143.58431,124.40851,149.51544,118.75494,146.55983,131.81537,136.51078,161.66122,149.7252,135.72484,164.28976,150.16902,144.42342,143.98638,170.33067,175.56703,125.0804,150.58176,135.62093,124.66288,162.40118,141.39813,162.8809,174.11751,116.13426,169.30114,141.4571,138.12712,155.51683,174.57514,125.52433,153.13384,112.98845,133.85273,123.44739,105.31497,112.2681,184.34813,143.74375,155.45466,111.71047,157.32301,136.29732,128.81611,131.38448,147.61149,115.48705,140.03019,146.50691,171.97774,135.59652,135.52186,124.64067,155.92166,141.99695,107.93292,114.93618,135.22628,133.5354,152.45943,129.86386,167.63351,143.52915,145.14079,145.47041,127.1776,1
153.05688,165.98314,166.62494,198.79955,167.19026,149.26071,166.36882,149.14952,0.0,174.76632,183.89531,151.28731,131.26301,175.46853,142.83057,134.23945,139.18095,143.7857,124.14408,161.63173,201.60376,188.23236,156.47196,185.56184,169.61651,186.14056,185.57758,218.03844,185.92008,139.9638,124.26513,212.64749,103.31153,180.26145,159.60346,164.41423,184.15637,196.20776,143.79029,126.84525,111.98722,123.22533,186.0553,211.12752,159.15941,167.39027,165.87509,171.98741,209.7588,129.87205,172.76812,174.46088,189.58833,190.0524,205.60143,133.32334,108.86766,129.39983,175.69149,130.41915,208.09005,124.11445,189.62655,203.30493,147.35779,185.88912,126.50316,174.93203,152.31476,171.08713,171.13406,176.98059,190.22177,182.5892,158.44669,185.07852,186.03472,182.3279,167.2339,211.64253,183.92912,201.27271,202.82545,129.25096,206.87593,140.88377,190.83932,133.60286,123.19139,145.41648,192.07127,183.01692,170.49222,164.68052,191.55932,129.27276,150.47263,182.66121,194.76872,193.23145,173.91252,188.22488,144.70474,120.22865,168.02038,125.28401,146.51241,153.10704,166.48042,126.53775,181.59995,138.41921,170.3541,160.60127,173.01449,130.89119,125.72694,150.05381,193.18255,114.33943,127.37096,112.96201,190.42861,152.26072,161.39617,182.35679,162.52611,174.24392,128.56841,180.16296,195.10187,189.3146,196.29337,195.60855,181.70385,168.81025,139.7185,131.43283,165.70807,180.49281,181.93751,206.44371,141.75839,146.26383,207.30197,197.65208,135.31104,180.49112,203.90578,188.35005,165.27919,161.43862,167.91256,143.97607,204.25234,167.90188,198.43065,183.6339,133.35173,181.49156,109.94686,111.53063,171.58893,190.57688,172.36461,146.8555,141.01372,179.46259,127.70491,147.2482,143.80922,181.55702,191.57654,134.04944,142.81873,198.94951,180.80628,176.52335,177.27083,141.84479,146.5656,110.95073,123.96014,173.52062,120.05,159.03264,153.06149,198.02716,136.25633,141.72679,150.35276,117.91659,142.12894,125.30456,119.66554,205.29873,108.82435,149.15848,193.74768,125.00278,2
161.97846,180.73306,181.45608,125.30457,144.23218,127.10504,167.9114,128.58622,174.76632,0.0,141.83768,135.47118,152.58414,125.8067,138.08305,162.9836,144.26928,147.09775,153.91772,134.8102,146.6082,114.98109,176.04131,125.30125,152.93065,135.18845,128.41596,151.40422,112.63474,143.14356,152.51294,146.59859,177.37548,170.73135,147.3687,141.91417,150.12589,125.80704,172.42155,160.62129,178.33115,162.32684,124.91351,143.62047,118.3537,116.06043,183.752,105.03031,140.86689,162.59894,108.37659,118.24139,164.49319,159.07036,153.17554,142.01868,172.68128,148.7318,176.0356,162.6908,136.35708,162.93426,118.09774,147.04268,159.99005,149.73246,167.68176,122.04353,147.36051,172.04984,108.61467,139.3297,151.84625,180.73803,143.66351,120.71146,121.70678,113.19857,109.38068,145.08377,153.6445,144.93393,135.2136,146.32863,141.22201,146.75951,158.33589,152.36891,152.05203,155.59716,118.01479,138.01706,111.65166,160.53501,118.58032,159.47632,140.3772,155.71429,123.18196,121.20924,123.14623,158.7608,132.32972,169.43512,107.36304,157.14925,173.68508,136.78167,174.5412,148.48924,146.10813,140.21552,138.17994,155.65,138.02123,149.0691,155.53313,160.88081,139.83543,170.65278,172.68243,164.37114,117.87067,128.9916,150.72877,115.81716,139.59982,153.58521,150.45918,190.05852,135.22727,128.11574,121.78368,141.66398,120.81258,133.17617,161.14178,146.79481,140.84254,111.11177,136.65864,133.07695,160.32496,143.04644,135.918,122.97981,157.9965,122.84589,146.77923,165.83429,113.17952,149.32693,123.75806,135.65992,134.45987,131.88767,138.74187,166.84473,141.90949,161.25735,168.44347,164.70337,148.55284,162.83289,128.44753,161.49236,133.7647,105.30717,147.11209,128.23778,140.06915,182.91216,117.32622,170.41205,139.8724,129.67417,108.28915,105.06004,102.81588,157.95852,141.84924,164.43268,165.08117,170.26379,163.79764,132.69702,127.59361,128.09502,155.11419,134.05413,139.42581,163.0857,143.83737,170.68488,155.14379,141.64881,170.53867,150.99449,120.10001,155.33698,1
142.25782,153.73242,154.22049,156.97537,183.12953,154.77516,139.31444,157.57369,183.89531,141.83768,0.0,168.50002,152.87816,167.34415,165.95647,155.61815,171.3659,177.24371,172.82861,122.46684,119.20944,151.22124,153.84288,119.8785,122.38423,176.98643,170.00519,140.80231,137.71863,144.02914,160.19021,136.07663,185.15627,134.69787,126.91799,180.21041,109.22067,162.08192,157.6192,159.18007,192.4644,182.91455,166.14805,136.75095,152.3244,155.67158,157.29289,145.91,137.77114,186.49151,133.77843,159.85617,123.65954,117.50376,121.87584,154.41914,177.66843,169.6354,143.15328,157.93567,141.77199,162.26281,155.48345,121.23706,144.59687,108.14746,163.85632,119.99049,181.2671,141.06835,134.24017,106.91686,110.10871,145.3863,126.41687,124.92171,162.52986,153.83738,136.93701,135.93961,113.31747,119.72799,131.96113,164.50391,131.707,175.3465,116.59804,150.80935,162.64213,143.01878,140.98721,179.8009,131.44059,132.96877,137.77799,183.02002,173.42691,116.29147,135.5661,136.05485,164.55201,117.57282,158.60959,168.87869,144.85864,159.00921,157.24242,130.93538,146.44888,164.46507,106.30585,146.85284,113.5539,131.62342,110.88148,171.53346,158.29249,143.41383,181.23491,173.14973,167.45075,170.96572,136.62125,135.03799,127.36842,156.90791,121.53306,119.44139,171.56619,157.70781,119.47935,120.25335,151.26136,114.28922,122.36848,173.11933,150.68555,168.54078,118.63532,152.14188,178.4199,144.96629,148.72103,137.69173,140.59099,150.68678,151.79756,119.59257,122.20689,125.5724,134.21396,126.43274,122.00951,141.83489,136.01789,117.11653,120.67098,128.60083,160.79584,123.19198,182.29947,178.19072,117.11076,121.54265,169.39242,146.09036,151.94389,139.80435,160.56919,153.43968,169.284,148.44634,150.06089,161.57004,168.3434,132.7942,136.73807,146.72807,140.73125,147.08893,173.00853,173.21879,163.62695,137.70342,182.8048,125.59761,135.03801,133.54814,149.66449,157.34577,172.35294,180.73578,141.76797,166.92401,168.27774,128.5147,184.08761,137.56314,153.36854,175.62255,1
166.8605,186.6742,187.46623,153.28646,119.48966,114.24469,177.9845,111.37926,151.28731,135.47118,168.50002,0.0,144.97015,124.78741,108.9733,157.40956,112.38923,111.98793,127.14457,150.59579,179.12853,143.81229,178.89435,157.89625,168.97866,134.86707,134.95837,186.80167,148.03423,141.11859,137.89975,181.88968,154.50648,186.56518,159.24631,116.06207,174.31024,148.55603,170.04671,150.80029,150.2192,131.77404,136.25736,179.02991,117.63085,121.06121,188.66394,130.71151,176.33453,129.56277,139.18381,125.90638,186.58523,183.10958,185.23621,129.43284,153.23088,121.9764,188.03747,154.9768,171.62182,151.52309,143.56912,180.0074,162.20479,174.85133,157.40363,150.09047,112.80537,183.14733,137.83875,163.27545,178.25599,194.36193,155.60138,154.46244,137.21387,136.43753,133.7249,180.41637,176.61445,177.79758,170.53866,124.02403,176.36926,112.68579,182.9572,146.5479,134.74627,157.44276,152.80546,131.85213,139.49687,171.87919,153.89798,127.10501,105.07478,177.43472,158.63717,156.64684,123.80572,182.08245,112.67159,155.7448,128.41715,145.82378,172.3352,145.86008,182.66527,127.39875,170.32176,135.17209,158.75228,166.13447,160.17515,120.42768,144.12851,164.39502,141.89753,153.91927,162.12214,145.84367,153.28913,136.78718,162.87064,135.21228,154.99939,171.8341,122.72212,199.42061,168.62408,161.39914,152.7279,173.43925,153.03637,117.59246,158.88452,120.03236,157.93759,135.303,130.71478,167.77199,159.34171,146.4799,171.25794,154.53086,153.46375,153.81078,180.00268,186.94086,135.10061,161.83106,146.49106,135.45238,169.93101,152.60832,172.30991,185.48464,121.87708,180.68004,142.28781,139.76758,166.8958,185.89766,121.25439,163.13686,122.86136,140.72604,129.63523,116.48482,107.51415,195.34077,147.96185,163.6012,108.47668,165.10132,143.69434,134.17649,138.25023,157.3608,106.70616,143.86954,153.5922,183.07815,134.25806,146.89921,136.01958,163.55216,151.28292,116.24572,104.03784,134.85099,143.90805,159.42438,133.77598,176.42019,144.20463,155.79577,148.97234,126.72227,1
125.72124,143.76221,144.53592,177.88693,164.42638,134.60497,139.02876,136.33699,131.26301,152.58414,152.87816,144.97015,0.0,163.16643,136.62739,112.47155,137.79414,145.10704,128.70593,130.99572,171.06772,167.4469,135.02488,156.95347,138.80468,175.27182,172.05883,188.96664,161.40687,110.18829,110.42125,183.6072,132.3135,151.59709,128.47763,161.01714,152.89597,177.46778,125.11245,108.06872,141.02131,137.38969,170.94099,182.54384,142.56807,151.48853,145.12806,151.51876,181.67018,143.44693,147.98885,159.2057,158.98311,158.97988,174.70304,115.54199,124.82166,129.20306,149.21294,110.63219,181.25233,110.67804,169.99395,172.86189,119.98272,154.62711,115.10476,146.39775,153.30477,144.23427,146.51723,145.96618,158.96063,156.16159,127.18378,157.49947,169.57123,163.40481,143.54849,182.77291,152.75385,170.91302,174.66076,123.8038,177.97066,141.85738,159.70458,102.62577,114.51468,116.2707,167.66572,174.14962,144.94189,135.48531,166.37753,140.50098,147.34866,151.62865,168.60712,167.39552,160.7447,157.19748,132.91448,117.55577,147.43676,106.13679,127.49054,122.62376,141.47786,121.19554,150.35751,112.54486,139.32759,130.61814,142.02928,132.0151,105.55861,122.69876,182.14509,120.64097,120.13326,118.31414,165.09457,124.79035,130.57333,164.53617,131.38643,143.33464,130.42946,157.60484,165.60389,160.5233,174.1223,165.18399,153.74465,160.69741,114.45777,129.70819,134.50478,161.25792,172.77444,180.70068,115.49287,115.20491,180.32578,175.06633,108.69119,151.98941,173.55237,157.98802,140.46125,130.46135,139.15632,117.00773,176.7473,137.5664,168.70642,153.82492,123.7341,151.045,131.64763,127.89521,140.40691,159.75303,161.66472,120.30685,123.44476,156.21339,117.00741,131.67793,139.74221,156.03224,169.86671,119.18533,138.32491,171.55965,156.51544,155.89058,154.51118,114.14186,144.26517,121.09416,112.69012,145.72291,135.85444,128.89381,125.99658,170.93944,107.23695,129.03808,146.60741,133.06516,111.38141,118.10722,120.15498,175.99939,133.06247,118.53867,172.68005,131.92137,1
179.94932,199.7744,200.54607,131.92026,121.51761,128.74199,188.51363,127.58007,175.46853,125.8067,167.34415,124.78741,163.16643,0.0,132.66546,175.34874,137.14824,135.64897,151.4852,156.38323,171.97419,125.0063,193.45646,150.97059,175.54176,112.18038,110.18174,173.1781,135.10234,156.21003,158.71453,169.04203,178.60685,193.71749,167.98695,120.53295,175.2552,125.562,186.96126,170.33174,174.99711,156.54817,111.89722,165.56818,121.06189,113.04854,202.36864,121.43726,162.23587,153.88384,133.57162,107.56667,189.32731,184.2907,178.61673,148.52025,176.42406,146.10118,197.65013,173.77908,155.82817,171.7627,122.87299,172.22357,176.51854,175.05794,177.41321,147.36448,131.2111,193.20015,133.14276,164.16771,177.42262,203.08263,164.09801,146.13356,113.96058,117.68336,131.08837,167.4042,178.53836,170.19098,157.95162,146.82418,164.29725,137.17971,183.66664,164.00227,156.4407,171.71748,137.4514,112.77988,136.05258,181.4674,139.7838,151.69091,127.50134,180.31165,144.92782,142.92576,102.89681,183.81765,131.8041,177.05346,122.92382,165.74171,188.82673,155.27701,194.44758,150.01864,171.17331,151.16401,161.90148,176.0227,162.27705,144.92817,163.98127,178.11838,118.9793,176.26577,182.41091,168.5302,139.77025,145.74856,171.62949,114.91947,161.33496,177.03115,147.11837,210.82446,160.41783,153.52311,133.28905,167.2918,146.59462,110.56571,175.31101,144.04786,163.36144,118.00648,111.32713,150.71713,175.15928,159.15468,155.82021,135.27323,170.72039,148.64377,171.83748,190.42716,134.64047,170.32265,147.39243,148.85036,155.93281,155.3313,163.76129,190.71839,143.48898,185.27621,166.82611,164.04553,171.87663,187.88186,104.42369,177.78838,139.83902,129.31174,150.99398,131.59549,132.20924,204.8274,129.22669,182.34529,132.96244,152.13643,132.85643,121.41504,127.55764,172.88798,130.90993,167.13372,173.95209,192.08217,159.04352,153.34714,144.45652,150.34534,168.07807,135.50601,127.09105,159.56488,158.16483,179.90789,156.89039,165.45167,168.79135,168.39529,128.84974,151.37693,1
159.588,179.1701,179.96081,158.77117,127.95255,111.86097,171.30444,109.64693,142.83057,138.08305,165.95647,108.9733,136.62739,132.66546,0.0,148.9761,106.21116,111.33999,118.82815,146.27522,178.44374,148.7063,171.0785,157.84721,163.73558,143.41322,142.81111,188.38409,150.66041,133.84317,129.06306,183.2678,145.99701,180.80127,153.53185,124.60158,170.85876,154.88203,161.73823,142.09292,142.80596,125.04455,143.57565,180.70607,119.81199,126.15067,180.98722,133.86698,178.3177,124.52814,139.97413,132.39098,182.25758,179.37678,184.21775,121.22334,144.37008,113.43886,181.50159,146.37968,174.37695,142.69376,149.13641,179.53166,154.65108,171.64408,148.58247,148.94268,117.46529,176.54022,138.44615,160.17937,175.32905,188.02074,150.09112,155.08956,143.99451,141.79597,134.10058,181.88917,172.76697,177.31127,172.09632,115.05111,177.5778,109.50254,179.38964,138.3771,125.80888,149.98329,156.0318,140.68744,139.46905,165.58735,156.62791,121.48119,110.7413,173.24171,161.01498,159.11152,131.24284,178.18068,107.34926,146.79123,130.72292,137.08228,164.10546,140.43863,175.56099,118.42545,167.0117,127.83577,155.02151,159.86199,156.76344,112.40461,135.41374,156.97667,150.48375,144.95525,153.24944,136.89553,155.83476,132.17043,157.04733,141.12741,150.27848,166.98229,114.49522,192.26818,168.62095,161.54063,157.4611,172.53888,153.06147,126.43818,150.80108,111.39805,153.42603,140.32154,139.50734,171.11988,151.41264,139.8442,173.88345,159.1321,145.23773,153.3323,179.66709,182.35862,134.46477,156.12585,144.24194,129.12124,172.03893,149.31229,172.31822,180.35166,113.10531,175.84124,134.20785,131.38237,162.24585,181.83777,129.55315,155.47361,116.14042,143.374,120.7816,112.55866,103.5811,188.76377,152.62536,154.95909,102.40325,166.9681,145.89841,137.94258,140.89324,149.54069,108.11591,135.00698,144.7374,176.78872,127.09965,142.53407,131.69143,165.56145,143.21095,109.38293,109.98007,127.20515,136.81711,150.53628,124.85766,177.21256,136.20103,148.89328,154.10372,118.97236,1
118.87753,133.45896,134.18945,188.18823,176.84324,146.94852,132.13003,148.75978,134.23945,162.9836,155.61815,157.40956,112.47155,175.34874,148.9761,0.0,149.76713,156.98963,139.1052,135.98846,174.65266,177.96154,124.14817,163.52254,137.34683,187.49342,184.02366,194.37348,170.6129,119.94519,121.02315,189.13,134.07069,146.09111,128.89555,173.44255,153.52876,188.39737,112.90849,108.50502,145.68109,146.55307,182.6892,188.55145,154.54542,163.38908,134.24813,162.47691,188.14549,153.17025,157.47751,171.07998,156.51012,157.96918,177.33209,128.00055,125.84059,140.56127,141.58921,103.91784,188.70011,110.3981,180.79903,176.59813,113.36356,155.53793,108.68315,153.43039,165.38144,136.89785,156.1386,148.96569,159.81147,148.53734,129.28595,164.94714,181.10357,174.50548,153.69199,188.49041,152.42327,174.84516,181.19843,135.52168,183.73432,153.69029,158.98621,111.34651,125.13125,112.81083,176.77677,186.51593,154.15824,130.84742,175.12489,150.56181,159.66346,150.59218,176.74293,175.7543,172.86321,156.02703,145.38416,114.76754,158.47677,113.03118,115.47819,128.83073,132.68873,132.58885,151.82559,124.23645,142.5916,127.48232,145.31279,143.37198,114.30817,115.94403,194.31054,120.35437,111.84355,122.91629,173.79006,134.14505,129.54087,175.86975,134.63034,142.04842,141.5393,147.6846,170.95005,166.80291,184.04929,169.11923,161.00675,173.1437,105.65505,141.3421,137.09494,172.32135,185.13033,188.85232,107.80714,121.05084,187.69289,184.82005,104.99164,158.82943,177.4441,154.98948,150.24505,130.00885,146.33367,127.59068,183.78873,142.72356,173.68394,149.87165,135.96617,148.32417,137.96079,134.9477,140.51143,157.84734,173.98779,112.67606,135.81658,166.11339,128.79195,144.00801,152.00698,147.75325,180.03427,107.43139,150.59326,178.79334,165.9579,166.69312,164.64842,108.70973,156.47822,126.63949,110.28267,139.28235,144.45988,135.05261,135.50533,178.40892,107.87826,141.50943,158.95033,141.508,119.2205,111.4777,129.81663,181.36294,138.83505,118.06093,183.01349,142.19005,1
162.02119,181.20561,181.99089,164.52433,128.83346,117.96666,174.26275,115.85214,139.18095,144.26928,171.3659,112.38923,137.79414,137.14824,106.21116,149.76713,0.0,107.36585,115.11864,151.06113,184.3379,154.59651,172.74674,163.89538,167.85463,147.15325,147.32707,194.57371,156.8583,136.63372,129.02082,189.44652,142.44009,184.47098,157.40982,125.75271,175.89402,160.32708,162.66546,142.271,137.84978,119.54662,148.48297,186.90276,125.96269,131.88246,182.79381,139.99966,184.52543,118.39495,146.15106,137.69515,186.82542,184.25295,190.02683,123.15824,141.82267,110.46386,184.53982,146.81497,180.579,142.42319,154.84457,185.467,156.79406,176.77969,148.27792,154.81595,115.6516,179.53751,144.61301,165.41009,180.56384,191.2025,154.14398,161.22744,149.20593,147.54489,140.2606,188.07458,177.614,183.24792,178.29029,114.3304,183.74689,104.34671,184.34182,139.83234,125.25687,152.29246,162.19575,143.84542,145.57002,168.92447,162.82459,115.46046,111.42926,177.91558,167.22421,165.31854,136.0399,182.98048,113.121,145.70686,136.91288,137.22973,165.16182,144.66784,178.0725,117.52671,172.12353,130.72542,160.01599,163.25673,161.88514,108.3561,135.68106,159.26345,154.14443,143.13935,152.66992,134.9652,162.03836,137.00132,160.81572,146.69569,154.81407,171.32344,110.73705,194.65474,174.65682,167.60956,163.40491,178.39689,159.1308,129.6771,152.22617,108.90379,158.04913,146.15658,142.78602,177.28434,153.07379,143.15619,180.08958,165.10612,146.4848,159.32159,185.62927,186.78602,140.50544,159.98754,149.85924,132.92783,178.2494,154.5309,178.35042,184.45608,114.28588,180.14613,129.97867,127.65372,166.73109,186.54626,133.63933,157.46743,120.22088,149.56487,120.97684,118.32725,104.96248,191.73461,158.57546,155.18559,104.54758,173.17514,152.10701,144.0132,147.08153,151.38247,107.56789,132.5492,144.32792,180.06344,121.91163,147.33776,136.67251,171.7714,144.75284,114.05804,111.20227,122.46482,139.74267,149.89961,122.8945,183.34352,131.86519,151.8243,159.94698,114.37566,1
169.3796,188.56815,189.35316,165.1893,123.4064,122.70777,181.57023,120.10229,143.7857,147.09775,177.24371,111.98793,145.10704,135.64897,111.33999,156.98963,107.36585,0.0,120.58717,157.57669,189.31708,155.79522,180.08656,168.43712,174.79729,144.31108,145.62969,198.20567,159.7187,143.93802,136.12131,193.20343,147.09389,191.60788,164.45206,120.71905,182.19828,160.22444,169.89653,149.35723,140.59664,121.90596,147.4382,190.46038,128.87717,133.04689,190.14295,142.46157,187.87443,118.27506,150.09676,137.67078,193.51488,190.70387,195.20497,130.51821,147.4457,116.91284,191.83751,153.95817,183.38885,149.35785,155.47737,190.33318,164.15989,182.9822,155.1706,159.89849,108.85067,186.84055,148.64983,171.5101,186.65637,198.47484,161.10717,165.36393,148.73855,148.3938,144.38126,191.76754,184.08875,188.11328,181.90829,121.47257,187.60105,103.33712,190.72505,147.17388,132.23779,159.65431,164.65067,140.32487,149.97062,176.15199,165.62736,116.39342,108.15012,184.52699,170.27533,168.30699,135.10085,189.4953,118.65247,152.25779,139.88794,144.33055,172.41654,151.53293,185.42945,124.53384,178.35112,138.00126,166.35766,170.46567,168.10302,114.31304,142.82309,166.6273,151.0804,149.28244,159.42707,141.13107,164.96507,143.47066,167.90357,147.07579,161.51089,178.14997,116.5977,202.01873,179.21832,172.05949,164.71296,183.47381,163.60477,126.72947,159.55176,115.74671,164.68892,147.28667,139.43737,179.66159,160.42197,150.36597,182.99047,166.51843,153.79409,164.07747,190.41678,193.56714,145.17297,167.03863,155.45021,139.95758,181.50378,160.64682,182.91811,191.41417,121.65151,186.99734,134.09199,132.45275,173.46779,193.13378,131.65928,164.83153,127.07253,152.38998,128.20953,123.80436,107.96585,199.04538,159.94949,162.24344,108.93705,176.57982,155.22932,146.0727,149.90121,158.74258,105.30701,138.38611,151.19843,187.31147,124.81208,153.83715,143.01842,175.07886,152.09701,120.5293,108.6607,126.14521,147.02985,156.64399,129.28135,187.45715,135.7743,159.12379,160.93335,118.89828,2
154.39005,172.17858,172.93794,176.54928,143.6815,127.01053,167.5513,126.23306,124.14408,153.91772,172.82861,127.14457,128.70593,151.4852,118.82815,139.1052,115.11864,120.58717,0.0,150.77571,188.23085,166.17978,163.11468,169.41239,164.60164,162.00493,161.63786,201.46324,165.98002,131.58318,118.40539,196.15206,127.37441,179.44063,153.82501,140.72196,175.62891,173.2295,151.82167,130.83005,124.56833,110.09011,162.35253,194.05959,136.73589,144.30347,173.25478,150.40993,192.13437,114.92691,153.70182,150.99187,184.57457,183.17764,193.26335,118.62462,126.89674,105.4822,177.80361,135.6136,189.2491,130.17968,167.08018,189.63926,148.68636,176.90233,135.74151,159.29539,129.4214,172.8003,152.06035,166.25035,181.02186,184.71628,151.25211,167.75837,162.61378,159.71404,147.79879,194.93543,176.57584,187.46552,185.47889,108.47798,190.3425,117.39796,183.55828,131.1978,114.23162,144.78522,171.83318,158.89382,152.1857,163.35795,171.87557,111.82032,126.51862,176.2339,175.73337,173.98546,150.06088,181.64389,121.94799,132.11829,146.72444,126.07433,154.49733,142.92944,170.18034,108.59608,172.26682,126.79528,160.08861,158.04008,162.39256,106.77111,124.89746,151.38985,169.04167,128.76482,139.59629,120.66496,170.89784,137.94847,156.75723,159.37856,153.45238,168.67631,104.42475,186.18781,179.83091,173.23423,174.66321,182.14849,164.96923,144.67263,142.73574,107.56853,156.83787,158.04783,157.80251,186.73911,144.05046,138.84292,188.60696,176.19573,136.91501,164.46973,190.00354,184.05453,146.82879,156.23986,153.10697,131.16008,186.15056,155.74071,183.42519,180.72473,112.7435,177.14982,115.40933,112.62379,164.71037,184.80137,148.27065,148.99223,122.0813,158.996,113.00383,125.68499,119.6668,184.70103,169.84742,143.30228,118.68137,180.89126,160.94074,154.80871,156.62084,142.84009,122.62273,117.80098,131.77047,174.03685,110.33186,147.34086,138.18749,179.70411,135.93047,119.86876,126.3209,109.17479,134.70414,136.8135,109.43814,189.38015,117.43437,145.89103,171.67362,103.23311,1
