Vértice_1,Vértice_2,Vértice_3,Vértice_4,Vértice_5,Vértice_6,Vértice_7,Vértice_8,Vértice_9,Vértice_10,Vértice_11,Vértice_12,Vértice_13,Vértice_14,Vértice_15,Vértice_16,Vértice_17,Vértice_18,Vértice_19,Vértice_20,Vértice_21,Vértice_22,Vértice_23,Vértice_24,Vértice_25,Vértice_26,Vértice_27,Vértice_28,Vértice_29,Vértice_30,Vértice_31,Vértice_32,Vértice_33,Vértice_34,Vértice_35,Vértice_36,Vértice_37,Vértice_38,Vértice_39,Vértice_40,Vértice_41,Vértice_42,Vértice_43,Vértice_44,Vértice_45,Vértice_46,Vértice_47,Vértice_48,Vértice_49,Vértice_50,Vértice_51,Vértice_52,Vértice_53,Vértice_54,Vértice_55,Vértice_56,Vértice_57,Vértice_58,Vértice_59,Vértice_60,Vértice_61,Vértice_62,Vértice_63,Vértice_64,Vértice_65,Vértice_66,Vértice_67,Vértice_68,Vértice_69,Vértice_70,Vértice_71,Vértice_72,Vértice_73,Vértice_74,Vértice_75,Vértice_76,Vértice_77,Vértice_78,Vértice_79,Vértice_80,Vértice_81,Vértice_82,Vértice_83,Vértice_84,Vértice_85,Vértice_86,Vértice_87,Vértice_88,Vértice_89,Vértice_90,Vértice_91,Vértice_92,Vértice_93,Vértice_94,Vértice_95,Vértice_96,Vértice_97,Vértice_98,Vértice_99,Vértice_100,Conjuntos
0.0,146.17786,152.50098,148.10883,140.96333,128.37822,121.12081,164.28225,148.6049,170.86474,153.88846,123.035,150.90255,103.37534,153.23535,130.79197,106.60068,162.52506,144.55434,123.85527,157.90285,137.32823,151.66944,152.86649,140.44542,128.44275,141.73844,123.59457,139.25755,109.88658,135.92236,146.08141,163.423,157.79196,123.12643,148.00013,173.00671,156.26069,136.70601,162.75055,115.73739,177.97305,137.86789,120.76304,136.23146,153.61496,117.97283,163.93063,127.26745,136.24483,128.85891,153.4935,125.56548,108.51528,159.90719,157.09982,142.47501,160.53035,135.52519,148.91277,170.29496,150.80227,145.83745,176.11502,137.20179,148.93662,147.22944,129.52481,144.5446,169.13404,169.28175,136.35881,180.23579,110.25807,164.99632,161.18007,110.27427,159.65694,179.84782,123.53128,124.21377,148.6548,143.87227,104.11409,138.91992,132.2667,133.24115,135.38282,107.11683,116.80058,123.67521,138.14059,130.40624,137.55376,120.27369,130.63667,110.02021,132.68857,150.13013,118.05853,1
146.17786,0.0,140.74326,118.39296,107.74135,121.92911,134.52121,207.58625,168.60829,187.04241,111.45924,168.90185,189.93062,147.06082,115.16472,124.58189,139.88702,187.77954,106.81996,157.18279,132.85708,170.93221,143.09967,125.17797,155.61106,137.94391,186.1042,148.60759,147.83372,146.1085,110.72271,103.52083,151.2091,170.3198,169.18972,152.26076,189.26427,159.66667,168.04665,203.90202,154.28647,180.47189,179.08366,125.7304,169.53731,199.48648,146.21597,192.35999,127.60652,160.83094,125.24313,110.48673,162.67717,149.62653,122.52791,202.88792,122.84567,205.28321,181.59874,153.68466,127.98219,104.67372,144.89623,184.69237,122.17192,187.44362,185.27418,158.99945,154.16354,190.5346,168.39753,170.96123,184.05871,137.63579,151.72123,155.77184,136.11259,192.01599,185.2364,165.03476,140.5115,155.90297,147.68285,150.23911,184.91331,148.59629,155.41828,152.22637,149.38353,130.99391,169.8521,118.03446,172.19791,174.36226,165.98882,167.81039,152.41042,176.82849,150.62609,150.02271,1
152.50098,140.74326,0.0,122.92638,144.90246,130.45517,157.58585,193.0427,138.42123,150.57684,135.10115,172.28987,171.476,155.48805,129.76551,125.37138,150.02511,156.87447,133.92799,144.16177,114.23531,151.56549,103.41953,118.12902,183.64682,165.24306,176.69963,169.953,120.16634,144.78641,141.9364,144.07329,111.88717,134.52358,168.37937,117.27795,152.59467,121.27469,147.64496,186.17408,147.9384,139.91992,165.78221,144.25516,150.39814,193.14473,138.15604,163.12148,127.1756,184.22398,154.10604,135.89877,150.22124,160.45061,128.7671,195.76228,118.37014,194.26656,178.77934,118.32412,139.67788,141.59161,110.94685,145.29246,156.85569,168.836,166.57261,141.37404,122.4254,156.59856,127.75607,152.56059,143.59728,151.38729,113.11809,115.04924,147.93454,166.1786,145.00627,156.39833,129.4072,121.31321,115.65,155.77291,185.85169,174.93228,179.59715,178.90705,159.28046,138.4501,170.65965,124.77264,161.53226,157.09478,170.29586,153.2057,162.43911,168.75669,113.61861,167.30349,1
148.10883,118.39296,122.92638,0.0,124.00742,119.7726,144.36959,202.51537,155.70439,171.78169,112.60334,170.86515,182.72782,150.14561,107.90621,117.95663,143.15657,175.05443,111.83295,150.86135,114.85886,162.67566,125.65432,107.14683,168.96728,150.31557,182.82933,158.40581,134.52558,144.18248,122.78794,121.87712,132.87367,155.1335,169.19934,136.77984,173.92526,143.1699,159.20756,197.33437,150.76929,162.84528,173.82658,131.81579,161.31387,197.94397,141.03232,180.45373,121.87941,172.08996,137.67315,113.25079,157.00084,154.13019,112.09169,201.06437,107.94907,201.75408,181.16907,138.14829,123.64724,118.70183,129.13432,167.89995,137.82566,180.10606,177.833,150.8006,139.95407,176.49131,150.67314,163.12445,166.52217,142.61445,133.34131,137.94023,139.83917,181.60659,167.89586,161.22266,132.94722,140.75249,132.83402,152.12888,186.31177,160.91487,166.89676,164.83321,153.40025,131.32315,170.64662,109.96934,167.83655,167.16818,168.25455,161.47895,156.70353,173.83329,134.37029,157.82724,1
140.96333,107.74135,144.90246,124.00742,0.0,120.71373,127.29131,203.87076,168.91468,188.49629,119.14641,163.18346,187.23422,141.42967,122.36827,124.72522,134.45507,187.71633,112.36335,154.72466,138.85193,168.96771,146.85687,131.1136,147.87353,130.25652,181.9176,141.19194,148.89689,142.30584,105.46107,105.65448,156.0185,171.92053,164.08907,154.39607,190.75051,162.33361,166.39656,200.80667,150.79453,183.93185,175.73788,120.20036,167.58542,194.57072,143.70036,191.8149,126.87076,153.16638,117.67642,118.20149,159.80691,143.48306,129.9581,198.04095,126.53648,201.01234,176.48013,155.81915,135.69437,111.86851,147.41972,187.31028,114.56785,184.83318,182.73459,157.28579,155.50469,191.1893,172.0624,168.81404,187.39457,131.71855,156.71673,159.69377,130.70401,190.73052,188.35816,161.37711,139.30538,157.74673,149.57822,144.91116,179.18958,140.88073,147.74787,144.49309,143.3934,127.28819,164.48566,120.47107,168.61308,171.87992,160.21943,165.09245,146.26932,172.65867,153.30337,142.9936,1
128.37822,121.92911,130.45517,119.7726,120.71373,0.0,127.31501,186.18843,148.27454,168.35644,126.51938,151.26173,168.05546,130.37338,125.07126,105.26248,123.42216,167.00416,117.80383,135.30294,131.16759,149.01354,131.22709,125.08598,153.27441,134.79249,165.26564,140.43618,128.83216,125.47425,115.64352,123.53072,142.34232,152.00691,150.05807,135.37329,170.62379,143.83662,146.18511,182.14179,133.0634,166.25039,157.5225,113.93511,147.61922,179.56972,124.4069,171.13976,106.17978,154.58784,123.97455,126.34327,140.92467,134.42956,131.53461,182.8316,115.13685,184.42568,162.25883,136.75363,142.18293,125.87571,129.27585,168.33166,128.20545,165.55187,163.37115,137.11002,135.56463,170.61417,155.00146,149.03216,169.45258,123.20799,143.52245,143.60014,120.22254,170.31817,170.06717,143.82602,118.74914,138.27796,130.3981,132.42875,166.8887,144.63582,149.70529,148.62109,133.65789,111.57765,151.2892,109.81689,150.85735,152.45897,148.5938,145.97808,136.96681,156.05266,135.12518,138.90312,1
121.12081,134.52121,157.58585,144.36959,127.29131,127.31501,0.0,184.6104,165.72537,187.78356,145.01278,138.95742,172.02303,119.568,146.52034,132.23068,115.62928,181.70102,136.05828,143.41267,157.80411,157.67682,158.01916,150.91958,126.08719,108.57449,161.88912,114.2705,151.13156,128.31518,124.06114,132.94498,169.44654,172.95823,141.87911,159.26073,190.01777,167.98136,156.50884,183.66265,136.17432,190.60473,158.93888,113.38084,156.47928,171.83486,134.48405,183.8588,130.70125,127.72849,110.22304,144.26149,146.21485,119.06518,154.17732,175.43279,141.96468,180.07918,153.63626,160.48064,162.11263,139.02001,154.64311,190.78997,117.95407,170.05117,168.32321,148.33656,157.55912,187.49323,180.24506,156.87757,193.42714,111.50329,170.69925,169.82146,113.923,180.24013,193.57203,144.65208,136.22605,161.1761,154.41668,123.7586,154.4707,117.34761,122.60502,121.32647,119.62433,120.7306,141.34872,135.60721,151.48279,158.4539,135.96106,151.45342,121.58996,153.16471,160.10028,115.81629,1
164.28225,207.58625,193.0427,202.51537,203.87076,186.18843,184.6104,0.0,158.64448,167.5487,212.33438,148.29266,122.14597,165.14782,209.7395,185.40008,170.78784,150.2809,203.98612,151.65788,205.27813,141.478,190.17054,204.04536,194.3194,190.29168,122.73159,180.22762,172.88918,161.60322,198.48817,208.35758,198.20684,169.44521,143.19284,177.53853,168.17,180.07943,145.40829,109.87563,153.29979,189.57525,128.75108,184.17478,142.65161,120.85285,161.96057,144.27021,181.58164,184.89363,193.12105,212.30025,145.57481,165.92488,214.28165,118.85765,194.7939,109.11951,133.50237,177.14087,226.12566,211.86445,182.1589,180.70148,201.47303,124.64293,126.79121,152.33532,171.67009,158.47209,189.5052,140.5143,189.02996,174.52518,199.9492,190.83213,174.1977,135.67219,186.77881,142.56517,169.57271,174.48415,177.54323,161.00872,138.79918,189.27005,185.74576,190.52369,165.12613,176.73183,144.55935,193.91789,135.38923,136.03935,150.83239,141.06706,163.80882,131.59372,181.63403,173.76755,2
148.6049,168.60829,138.42123,155.70439,168.91468,148.27454,165.72537,158.64448,0.0,122.28284,168.00403,156.8903,136.51654,151.85991,163.6056,144.31296,151.1413,119.36851,162.61031,125.79272,152.41588,120.49901,135.07993,154.09589,188.85051,174.24438,148.19661,172.11516,121.21083,138.87971,163.91722,170.98084,140.59853,112.0168,150.18498,121.19119,124.45783,121.58029,117.3173,150.37499,134.27569,134.36288,136.19539,156.11778,120.14689,164.64215,131.44542,124.94014,142.09479,184.69183,168.37795,168.44036,128.04765,156.59712,165.30015,166.33356,148.02332,162.10634,155.77606,120.30707,177.00709,171.46917,127.97674,129.07062,174.90154,134.10688,132.1053,119.69012,116.21331,122.41197,131.28153,122.16069,135.30347,154.82046,142.25592,132.59188,151.87929,127.91485,134.02297,135.08165,130.69401,117.32533,123.46981,149.26748,164.79197,180.36531,181.84559,183.74172,155.1088,146.34245,153.28921,150.80737,135.88042,126.1745,156.41677,126.84678,156.97643,143.35914,125.13173,166.62782,1
170.86474,187.04241,150.57684,171.78169,188.49629,168.35644,187.78356,167.5487,122.28284,0.0,184.38502,177.4433,147.44369,174.10161,179.40489,163.82516,173.38886,117.2686,180.57367,147.69575,164.56426,138.94553,147.24742,168.41723,211.133,196.33341,163.83635,194.39417,139.61233,161.16117,183.84461,189.79015,147.31381,116.73837,170.34784,135.04425,102.27184,129.32535,137.03966,157.91377,156.24832,123.89258,152.56518,177.59732,139.18924,178.89979,153.68446,123.65345,162.27599,206.87268,189.84679,185.00797,148.96858,178.78167,179.31773,179.7727,164.85923,173.38998,173.82015,133.65447,190.16065,189.25603,142.66489,113.65786,195.9204,145.81624,144.57156,141.65146,133.00093,109.8072,129.56819,140.6278,122.28689,177.01866,148.48014,138.63023,174.01084,131.89566,119.71877,155.49494,152.09498,131.20201,139.38971,171.40458,183.12302,202.63668,204.10467,206.02361,177.29444,167.96009,173.50642,169.01436,154.55939,143.38346,177.33794,146.4928,179.05553,161.3163,137.53053,188.86397,2
153.88846,111.45924,135.10115,112.60334,119.14641,126.51938,145.01278,212.33438,168.00403,184.38502,0.0,176.91563,193.3555,155.28943,105.4684,126.9775,148.048,187.37227,109.40776,160.87843,124.30668,173.59468,138.01455,117.36454,166.99728,149.10956,191.7341,159.25354,146.79323,151.9874,120.98349,114.52654,144.04984,167.73326,176.32632,149.37826,186.52789,155.70681,170.31772,207.76709,159.49177,174.8711,183.58941,134.60093,172.21029,206.06684,150.37532,192.60274,130.75519,171.90039,136.27272,101.08496,166.80733,158.47974,111.42374,209.34309,119.98284,210.86853,188.62252,150.74942,117.12157,108.7263,141.73478,180.31375,133.63116,190.77432,188.53048,161.59222,152.43202,189.02317,162.67483,173.88567,178.59952,146.45537,144.23939,149.9332,144.3707,193.35294,180.08716,170.21737,143.17168,153.33881,145.37169,158.00254,192.79212,159.81495,166.50962,163.5066,158.03735,137.50849,177.35591,118.55719,177.14982,177.70419,174.10716,171.61325,161.21803,182.54436,146.95629,160.08199,2
123.035,168.90185,172.28987,170.86515,163.18346,151.26173,138.95742,148.29266,156.8903,177.4433,176.91563,0.0,142.48514,121.8417,176.23067,153.18386,129.03438,164.64108,167.56627,132.15848,179.61741,138.69691,170.80989,175.20496,146.15479,143.11129,126.36414,132.12423,155.52567,127.74401,158.41531,168.52588,182.13184,168.24979,107.42931,163.845,179.27161,170.94725,140.41779,149.93151,125.19216,190.3114,129.56413,143.20074,138.3061,133.04779,134.2381,163.48374,149.43463,137.24388,148.70174,176.50839,128.84289,120.07431,182.77938,136.66428,164.77847,142.31618,115.18811,164.38714,193.30962,173.55952,163.838,185.9608,156.83703,141.55795,140.78949,137.9083,159.04218,172.8426,183.84243,137.08414,191.8004,131.46541,183.83027,178.20769,132.79946,156.63611,190.76727,121.96757,142.88362,163.21713,160.74502,118.92378,116.01903,141.0198,137.56421,142.24074,119.89722,139.71853,104.47996,160.92788,124.10565,135.40073,103.00844,130.98899,117.40745,120.32366,166.8869,125.86597,1
150.90255,189.93062,171.476,182.72782,187.23422,168.05546,172.02303,122.14597,136.51654,147.44369,193.3555,142.48514,0.0,152.72805,190.25362,166.45123,156.81664,130.50249,185.59128,132.75332,184.17132,120.21973,168.49792,183.55916,187.11274,179.01991,119.11759,171.16325,151.43161,145.5245,181.77354,191.16831,176.17226,147.51131,135.40568,155.58161,148.42485,157.93379,123.98848,114.76248,136.89216,168.25866,113.48924,168.65271,121.52862,131.79748,143.72525,125.91759,162.83246,179.20991,179.1169,193.44329,127.43065,155.06568,194.16388,132.38779,174.84456,126.22569,131.95994,155.12861,206.10943,193.92555,160.53906,159.97437,187.26815,102.65505,104.94395,131.92796,149.74356,139.26119,167.5133,119.61617,168.03221,160.89201,177.9051,168.70763,159.68966,117.20069,165.95466,127.37257,150.18422,152.42535,155.8682,148.59248,140.74412,180.50129,178.6611,182.61913,153.90987,160.02684,138.02251,174.79833,120.72262,115.6563,144.03796,122.15694,153.65184,122.16164,159.68859,164.54786,1
103.37534,147.06082,155.48805,150.14561,141.42967,130.37338,119.568,165.14782,151.85991,174.10161,155.28943,121.8417,152.72805,0.0,154.93666,133.17008,107.24464,165.4729,145.90041,126.87972,160.44141,140.00615,154.74833,155.16488,137.37614,126.30493,142.46538,120.49815,142.5919,113.24522,136.58808,146.71587,166.52211,161.14015,123.01002,151.33247,176.23337,159.61628,139.57971,164.10317,118.57107,181.34807,139.49592,121.3647,138.95673,153.47699,121.34634,166.68443,129.79084,132.91323,128.11728,154.83781,128.16132,105.17038,161.79619,157.01478,144.83032,160.96222,135.25496,152.25603,171.91383,151.72002,149.05109,179.46624,136.46488,150.86355,149.24427,132.6538,147.91389,172.21294,172.62973,138.9604,183.61011,109.83105,168.07793,164.42914,110.97741,162.15258,183.21729,125.46262,127.47903,152.0197,147.16767,104.19294,137.8572,129.35904,130.01563,132.34831,103.83293,118.8782,123.10433,140.18704,132.06531,139.88684,118.93343,133.07768,106.96245,133.62878,153.41702,114.76844,1
153.23535,115.16472,129.76551,107.90621,122.36827,125.07126,146.52034,209.7395,163.6056,179.40489,105.4684,176.23067,190.25362,154.93666,0.0,124.48747,147.75896,182.9513,110.61133,158.10458,118.88566,170.28868,132.74736,111.90649,169.68118,151.3979,189.63698,160.78174,142.43136,150.35459,123.01241,118.57557,138.58149,162.81568,175.11934,144.4848,181.52664,150.55065,166.88182,204.79722,157.42388,169.45683,181.00114,135.07351,168.91765,204.4046,147.94288,188.35971,128.40233,173.90685,138.50517,106.41737,164.16721,158.50343,107.74567,207.60229,115.77339,208.67579,187.27925,145.83411,117.11182,113.57752,136.83752,175.03291,136.91316,187.64474,185.38056,158.3532,147.81314,184.29843,157.26116,170.68193,173.19462,146.61914,138.77512,144.52672,144.2098,189.46391,174.71099,168.03459,140.22058,148.49598,140.65741,157.32875,191.93707,162.1291,168.57349,165.92736,157.9297,136.52332,176.35605,115.96665,174.80641,174.6465,173.50738,168.7912,161.18216,180.53819,141.90092,161.02669,1
130.79197,124.58189,125.37138,117.95663,124.72522,105.26248,132.23068,185.40008,144.31296,163.82516,126.9775,153.18386,166.45123,133.17008,124.48747,0.0,126.61358,163.32684,119.31324,133.90176,127.36767,146.89204,126.0179,122.08608,158.27723,139.89889,165.15121,144.96391,124.21322,126.22959,120.03702,126.72308,137.24977,147.33224,151.27089,130.3375,166.08504,138.71622,143.79528,180.80605,132.9576,161.05909,156.6491,118.88422,145.49909,180.05116,123.48585,167.7903,103.93782,159.1936,129.23631,127.01346,139.84427,137.60308,130.04418,183.2054,111.68306,184.19143,163.21266,131.73312,141.3625,127.99147,124.06624,163.34623,133.31876,163.88786,161.65912,134.87742,130.88045,166.50455,149.75755,147.08348,164.29148,127.04609,138.47573,138.34166,123.80516,167.51414,164.95272,143.54717,116.31887,133.38572,125.38611,134.68953,168.46249,149.57796,154.42197,153.557,136.68501,114.44172,152.78393,108.53844,150.34057,150.79497,150.661,144.6379,139.9917,156.06802,129.93747,142.96885,1
106.60068,139.88702,150.02511,143.15657,134.45507,123.42216,115.62928,170.78784,151.1413,173.38886,148.048,129.03438,156.81664,107.24464,147.75896,126.61358,0.0,166.35882,138.65687,127.86047,153.98063,142.04993,149.60253,148.40487,137.93407,123.66243,148.29666,121.65322,139.10773,112.78695,129.49595,139.6478,161.39539,159.36932,129.6588,147.73083,175.58634,156.2798,140.95067,169.02396,120.56258,178.52526,144.00239,114.2784,140.85816,160.16756,119.7045,168.30928,123.49862,135.46718,122.46982,147.59358,130.60982,111.02618,154.6968,163.66449,138.17038,167.12499,142.03259,148.78429,164.70378,144.53726,144.55823,177.55527,130.7752,154.75158,152.95164,132.99471,144.98865,172.46237,169.10242,141.24972,181.03574,104.14244,162.87857,160.04557,103.77736,164.61139,180.87689,129.50458,123.6828,148.93213,143.24358,110.45648,145.03354,129.29226,131.66189,132.81314,110.24408,112.17221,130.0501,133.23142,136.55355,142.90368,126.15167,135.88099,113.5477,139.20295,149.36842,117.56811,1
162.52506,187.77954,156.87447,175.05443,187.71633,167.00416,181.70102,150.2809,119.36851,117.2686,187.37227,164.64108,130.50249,165.4729,182.9513,163.32684,166.35882,0.0,181.88582,138.68864,171.06421,126.34975,153.4662,173.23959,202.82104,189.99273,147.86453,185.94739,140.57906,153.58699,182.58586,190.04862,157.02113,123.84007,157.27452,139.6584,118.00653,137.4574,125.9487,140.66789,146.91119,140.05993,137.33272,173.51225,127.08061,162.21988,147.38186,107.08689,160.84825,197.21943,185.63233,187.80832,137.92299,169.6033,184.44596,162.88952,167.39098,156.21507,158.86766,138.55386,196.04268,190.74735,146.90456,130.5674,192.66097,129.09957,128.12171,133.37689,135.30005,108.8535,142.70829,127.81295,139.06162,170.33859,158.50397,148.39024,167.8045,114.64821,136.67255,143.32767,148.73586,135.57692,142.5732,162.14721,168.18132,194.78894,195.1522,197.81667,168.15724,163.69084,160.40429,170.08687,140.73684,129.30535,165.03873,134.11606,169.33287,146.6611,143.2796,179.87598,1
144.55434,106.81996,133.92799,111.83295,112.36335,117.80383,136.05828,203.98612,162.61031,180.57367,109.40776,167.56627,185.59128,145.90041,110.61133,119.31324,138.65687,181.88582,0.0,152.89253,126.58069,166.18037,136.2823,118.84148,159.09514,140.78664,183.01323,150.32875,141.62815,143.08073,112.40193,110.17526,144.48621,163.83714,167.13456,145.67666,182.78286,152.94949,163.10828,199.81047,150.85162,173.65632,175.30165,125.22,164.78612,197.05189,142.12172,186.6864,122.77109,163.32905,127.89388,108.9427,158.6416,149.07309,118.35644,200.36802,116.07611,202.18697,179.47199,147.09635,126.38434,108.86153,138.24188,177.9588,126.65975,183.05254,180.84194,154.17276,147.81687,184.33236,161.57804,166.33287,177.2483,137.05211,145.04308,148.95305,134.9701,186.74494,178.44087,161.62039,135.6017,149.3875,141.18434,148.66758,183.47224,151.51806,157.98454,155.31696,148.63019,128.34233,168.08869,111.80298,168.66116,169.94767,164.74316,163.61467,151.81042,173.77811,143.92339,150.86513,1
123.85527,157.18279,144.16177,150.86135,154.72466,135.30294,143.41267,151.65788,125.79272,147.69575,160.87843,132.15848,132.75332,126.87972,158.10458,133.90176,127.86047,138.68864,152.89253,0.0,154.73616,114.62565,141.91675,152.6844,164.2538,151.51636,132.82235,147.37732,124.9525,115.09792,149.27006,158.48145,152.25247,136.44689,126.29934,132.52703,149.75799,139.01097,113.09643,146.93034,108.55703,158.24228,122.97907,137.11485,113.31822,149.04024,111.03207,140.45225,130.18453,159.28538,148.57867,160.9086,106.25194,131.27338,162.67933,151.7649,143.17973,151.21917,135.06355,132.86651,174.48566,161.17573,134.14661,154.53973,156.29836,130.2612,128.10114,106.10329,127.2831,145.34075,151.77476,114.20399,159.88204,131.93055,154.01864,147.12918,129.7172,137.18361,159.01204,112.38779,117.91528,131.37359,130.26047,123.82581,142.95842,156.12042,156.79977,159.21363,129.79696,127.83524,129.1607,142.36523,117.55057,117.19697,131.23864,110.73827,131.38533,124.59896,135.99744,141.49072,1
157.90285,132.85708,114.23531,114.85886,138.85193,131.16759,157.80411,205.27813,152.41588,164.56426,124.30668,179.61741,184.17132,160.44141,118.88566,127.36767,153.98063,171.06421,126.58069,154.73616,0.0,164.00847,117.65467,107.74159,183.0772,164.36191,187.5543,171.43966,132.88249,151.9437,137.51362,136.37733,120.12777,148.71055,176.76474,131.41323,166.52996,135.2502,160.18468,198.93139,156.87583,151.68534,177.28451,144.67779,162.75608,203.57781,146.77585,177.23421,130.65559,185.44882,151.9914,125.29419,160.97376,164.95932,115.48372,206.42287,116.03255,205.78726,188.02896,132.51477,125.60028,132.26033,124.49185,158.31458,152.63405,181.51691,179.23171,152.99783,136.25492,170.80861,139.5959,164.82632,155.49125,154.27258,120.10307,127.15122,151.12036,179.97517,157.25433,166.43287,137.8572,135.48729,129.14124,161.65778,194.26015,174.7871,180.40466,178.74974,164.01478,141.80929,178.67106,122.19843,172.28266,169.24741,177.28095,164.62219,167.31354,179.08561,127.8489,170.06481,1
137.32823,170.93221,151.56549,162.67566,168.96771,149.01354,157.67682,141.478,120.49901,138.94553,173.59468,138.69691,120.21973,140.00615,170.28868,146.89204,142.04993,126.34975,166.18037,114.62565,164.00847,0.0,148.70198,163.34889,177.06677,165.57323,127.84868,160.26674,131.41969,129.4661,163.53643,172.4632,157.14175,132.51389,131.4776,136.38283,140.68744,140.13829,103.95833,134.97325,121.6265,154.80888,115.85385,151.73301,101.39551,144.472,125.39125,126.71348,143.4478,171.02461,163.18058,173.73985,111.87657,143.76226,174.00283,146.40648,154.76051,143.26845,135.50173,136.13478,185.95862,174.71792,140.68417,148.68507,170.92392,117.56763,115.2778,112.01766,130.49457,134.22375,151.32652,101.71245,155.54955,146.17466,158.907,150.29042,144.17058,122.61481,154.05453,117.01885,130.57954,133.68797,136.08473,136.38826,144.66348,169.32705,169.18284,172.14596,142.35687,142.36873,134.63762,155.06921,115.75237,105.91808,138.86588,107.79345,143.26566,122.98786,140.43007,154.00428,1
151.66944,143.09967,103.41953,125.65432,146.85687,131.22709,158.01916,190.17054,135.07993,147.24742,138.01455,170.80989,168.49792,154.74833,132.74736,126.0179,149.60253,153.4662,136.2823,141.91675,117.65467,148.70198,0.0,121.28459,184.10616,165.87649,174.23636,169.98669,117.44042,143.55275,143.59693,146.35821,111.79685,131.12647,166.62923,113.9058,149.28202,117.98929,144.76333,183.16307,146.15694,137.37601,163.1609,144.79533,147.56468,190.76558,136.5779,159.73462,127.35938,184.24911,155.11703,138.77496,147.88199,159.78684,132.07099,193.31731,120.39626,191.58942,176.75468,114.92346,143.07073,144.20115,108.03326,142.29929,158.31072,165.86566,163.61196,138.81626,119.17919,153.18993,125.30952,149.74889,140.98768,151.22511,113.32965,112.84318,147.73639,162.88328,142.27277,154.23916,128.04769,117.91784,112.63489,154.78207,184.03428,175.33217,179.74439,179.28968,158.5668,138.35605,169.00185,126.4853,159.14241,154.3044,168.91695,150.65099,161.66538,166.46289,110.20077,167.03782,1
152.86649,125.17797,118.12902,107.14683,131.1136,125.08598,150.91958,204.04536,154.09589,168.41723,117.36454,175.20496,183.55916,155.16488,111.90649,122.08608,148.40487,173.23959,118.84148,152.6844,107.74159,163.34889,121.28459,0.0,175.85158,157.15976,185.25007,164.78903,133.38532,147.88743,129.90389,128.69442,126.71724,152.0395,172.95338,133.93075,170.486,139.25803,159.68257,198.28869,153.69962,157.58747,175.5961,138.04151,162.03071,200.84715,143.68296,179.03192,125.7711,178.64036,144.62761,118.2684,158.92357,159.431,111.208,203.84196,110.42775,203.89453,184.62049,135.20355,122.99268,124.84265,126.40761,163.40135,144.96947,180.91094,178.62216,151.79639,137.94798,173.87636,145.39563,163.98013,161.33799,148.28063,126.9835,132.67922,145.3003,180.95148,162.8999,163.78216,135.04412,138.02595,130.66991,156.77558,190.30449,167.68949,173.51091,171.63043,158.59212,136.30532,174.63042,115.52073,170.05843,168.23271,172.71968,163.02648,161.9056,176.47639,130.93732,163.82796,1
140.44542,155.61106,183.64682,168.96728,147.87353,153.27441,126.08719,194.3194,188.85051,211.133,166.99728,146.15479,187.11274,137.37614,169.68118,158.27723,137.93407,202.82104,159.09514,164.2538,183.0772,177.06677,184.10616,175.85158,0.0,118.71636,172.48472,116.87897,176.44388,149.98487,146.71938,152.98641,195.5174,197.30065,152.25296,184.82106,213.30374,193.50972,176.89148,195.9793,155.91195,216.02051,173.64166,139.3934,176.09648,177.15507,157.5444,203.77586,156.77697,110.70643,131.33656,166.06947,165.19494,133.30479,177.41893,180.67793,167.54591,187.7446,160.84879,185.98214,183.44257,159.41364,180.57139,215.45833,133.71779,185.68643,184.42334,169.96992,182.62451,209.57399,206.00546,175.89556,218.68307,134.69833,196.75267,195.84127,138.05844,198.6629,218.64305,161.25383,161.15093,186.43282,180.07541,140.71325,157.50592,108.85619,108.59084,105.12151,134.71878,146.41438,150.21694,160.98585,166.72517,176.22087,143.86908,169.7724,133.98233,165.52054,185.91246,123.08019,2
128.44275,137.94391,165.24306,150.31557,130.25652,134.79249,108.57449,190.29168,174.24438,196.33341,149.10956,143.11129,179.01991,126.30493,151.3979,139.89889,123.66243,189.99273,140.78664,151.51636,164.36191,165.57323,165.87649,157.15976,118.71636,0.0,167.59469,112.72519,159.62861,136.44862,128.3888,135.69817,177.12969,181.53152,147.13393,167.68003,198.5646,176.40167,164.59863,190.03322,143.96165,199.04201,165.72805,121.09784,164.41617,176.13995,142.92666,191.95467,138.73005,122.92185,112.89524,148.24156,153.93618,124.43019,159.14233,179.75823,148.85421,185.1532,158.2152,168.91781,165.92566,142.08499,162.86105,199.34531,117.44688,177.16845,175.54135,156.61637,166.09073,195.92507,188.55302,164.69002,201.90227,119.65466,178.31434,177.9023,122.37568,188.0372,202.08132,151.76268,144.7908,169.67334,162.80484,130.42748,157.7831,110.73294,117.49905,114.55742,125.37043,129.20614,146.1198,142.27553,158.32754,165.99649,140.21931,159.06856,126.48581,159.24255,168.39988,117.54797,2
141.73844,186.1042,176.69963,182.82933,181.9176,165.26564,161.88912,122.73159,148.19661,163.83635,191.7341,126.36414,119.11759,142.46538,189.63698,165.15121,148.29666,147.86453,183.01323,132.82235,187.5543,127.84868,174.23636,185.25007,172.48472,167.59469,0.0,157.8023,156.86351,140.01851,176.60938,186.62295,183.80528,160.15013,120.6024,163.21532,165.15359,167.7944,131.5083,123.59353,132.24991,182.22357,112.00899,161.9689,128.48118,116.74238,141.79801,144.33958,161.23541,163.55934,170.50994,191.5987,126.60287,143.20408,194.84215,119.08474,175.42322,119.18665,113.25849,163.17651,206.4419,190.51516,166.27726,175.22057,178.86605,119.42036,119.87232,135.45149,157.42188,156.71096,179.17506,126.28995,182.64604,151.94227,185.58463,177.55913,151.79711,135.96402,180.91105,121.61251,150.20999,160.9784,162.00321,138.35057,121.66555,166.96043,163.89515,168.44886,142.39512,155.11049,122.28878,173.67336,115.27216,122.03332,128.63845,123.67224,141.12667,109.27741,167.10315,151.27216,1
123.59457,148.60759,169.953,158.40581,141.19194,140.43618,114.2705,180.22762,172.11516,194.39417,159.25354,132.12423,171.16325,120.49815,160.78174,144.96391,121.65322,185.94739,150.32875,147.37732,171.43966,160.26674,169.98669,164.78903,116.87897,112.72519,157.8023,0.0,160.69963,133.23767,138.27823,146.81357,181.66555,180.86678,137.21651,169.26347,196.55077,177.86407,160.02512,180.93718,139.03651,200.17096,157.67821,126.77423,159.27434,164.7855,140.96519,186.98013,142.77809,114.27154,123.57492,158.48669,148.3902,116.54157,168.42461,168.39479,155.45302,174.43899,147.29931,170.35117,176.33572,153.02507,165.64827,199.11309,129.76493,169.58812,168.20595,153.11514,166.64029,192.70462,190.60563,159.12899,202.6886,118.98416,183.03341,181.10157,122.48896,182.05175,202.51542,144.73794,145.28231,170.56951,164.67575,123.88129,145.87817,109.33805,110.01542,111.88359,117.91725,131.64326,135.66859,149.331,150.55152,159.62496,129.43318,153.06122,117.54141,150.12623,170.70589,106.62582,1
139.25755,147.83372,120.16634,134.52558,148.89689,128.83216,151.13156,172.88918,121.21083,139.61233,146.79323,155.52567,151.43161,142.5919,142.43136,124.21322,139.10773,140.57906,141.62815,124.9525,132.88249,131.41969,117.44042,133.38532,176.44388,159.62861,156.86351,160.69963,0.0,129.87329,144.23987,150.40828,127.30028,123.17477,150.60181,108.74338,141.87184,117.17208,127.51597,166.16903,130.35812,139.5769,145.7215,139.36484,130.23868,173.45431,121.92544,145.93957,122.85991,174.5631,151.35382,147.23347,130.70086,147.76106,144.51554,175.94824,126.81275,174.15434,160.01011,109.69453,156.37764,150.46197,109.42681,139.98937,156.76875,148.78303,146.50842,121.41421,106.7514,142.71359,130.07079,132.39542,142.30649,141.84251,129.06753,122.68689,138.41344,147.56769,142.45561,137.34,115.42533,110.04509,105.31781,141.58767,167.71762,167.60996,170.71396,171.37656,146.37422,130.42281,153.20804,129.85795,141.85708,136.92865,153.97972,133.2363,149.12338,149.28428,111.36258,156.49154,1
109.88658,146.1085,144.78641,144.18248,142.30584,125.47425,128.31518,161.60322,138.87971,161.16117,151.9874,127.74401,145.5245,113.24522,150.35459,126.22959,112.78695,153.58699,143.08073,115.09792,151.9437,129.4661,143.55275,147.88743,149.98487,136.44862,140.01851,133.23767,129.87329,0.0,136.89967,146.76141,155.1374,147.90678,125.08131,138.5972,163.32426,146.67989,128.19434,158.62761,108.63704,168.18081,133.48774,123.13487,128.23161,154.10048,108.15516,155.54836,122.32675,146.12572,133.90808,151.78445,118.43169,118.29147,156.2625,157.35751,137.52,159.20489,136.9928,139.43384,167.41106,150.49851,137.11707,166.22871,141.88628,143.2786,141.32803,120.24971,134.85676,159.81908,159.74052,128.77873,170.39495,116.83492,156.77968,152.20265,114.70734,152.07817,169.97832,119.07151,115.52216,139.00643,134.71479,111.71693,142.42986,141.58037,143.01972,144.88355,116.83537,115.14249,126.77373,134.49566,126.30786,130.85317,125.57446,123.81207,119.34888,130.75217,140.99263,127.92034,1
135.92236,110.72271,141.9364,122.78794,105.46107,115.64352,124.06114,198.48817,163.91722,183.84461,120.98349,158.41531,181.77354,136.58808,123.01241,120.03702,129.49595,182.58586,112.40193,149.27006,137.51362,163.53643,143.59693,129.90389,146.71938,128.3888,176.60938,138.27823,144.23987,136.89967,0.0,110.15907,153.40616,167.36915,159.03449,150.16312,186.1069,158.31474,160.99771,195.36117,145.36287,180.25567,170.30526,115.22813,162.15589,189.46798,138.2486,186.57091,121.82281,151.00905,115.49411,120.20849,154.34675,138.96864,130.75796,192.91652,123.69629,195.73031,171.44195,151.57641,138.05844,115.37756,143.43722,183.17102,115.19739,179.37212,177.27398,151.88818,150.91734,186.25542,168.55546,163.36988,183.63604,127.02779,154.24519,156.42124,125.72199,185.36127,184.47761,155.97003,134.03042,153.35932,145.26875,139.92669,174.43434,139.12138,145.64347,142.91509,138.77114,121.84649,159.5423,117.16483,163.20138,166.42102,155.47766,159.63137,141.75581,167.34184,149.3494,139.38086,1
146.08141,103.52083,144.07329,121.87712,105.65448,123.53072,132.94498,208.35758,170.98084,189.79015,114.52654,168.52588,191.16831,146.71587,118.57557,126.72308,139.6478,190.04862,110.17526,158.48145,136.37733,172.4632,146.35821,128.69442,152.98641,135.69817,186.62295,146.81357,150.40828,146.76141,110.15907,0.0,154.64975,173.09377,169.19179,155.15548,192.02296,162.70924,169.70156,204.96845,155.10998,183.70908,180.01338,125.37242,171.07153,199.61533,147.46091,194.46326,129.46047,158.61991,123.26388,113.49516,163.80465,148.94978,125.79749,203.05759,126.01908,205.76942,181.60001,156.58182,130.45619,106.43122,147.87681,187.74626,119.33443,188.71724,186.57694,160.61284,156.83725,193.04321,171.66715,172.41606,187.27267,137.09053,155.18402,159.07881,135.87584,193.84183,188.40576,165.79756,142.26995,158.72473,150.50208,150.08374,184.54308,146.24509,153.19669,149.7838,148.81075,131.62579,169.69682,120.82789,173.00552,175.67825,165.57769,169.01407,151.73819,177.34811,153.65724,148.64472,2
163.423,151.2091,111.88717,132.87367,156.0185,142.34232,169.44654,198.20684,140.59853,147.31381,144.04984,182.13184,176.17226,166.52211,138.58149,137.24977,161.39539,157.02113,144.48621,152.25247,120.12777,157.14175,111.79685,126.71724,195.5174,177.12969,183.80528,181.66555,127.30028,155.1374,153.40616,154.64975,0.0,133.2652,177.64392,120.75937,149.04204,119.58655,153.19127,190.54717,157.21487,131.73678,172.32815,156.13043,156.14452,200.49207,147.91992,163.80423,138.92898,195.93529,165.94537,144.97504,157.95273,171.57202,135.55686,202.85701,129.7101,200.40185,187.30514,121.06967,144.67111,151.43547,118.33008,139.17861,168.45696,173.60451,171.42216,148.45372,126.64718,154.89872,119.86505,158.38276,135.56389,162.96956,101.77948,108.75873,159.48926,168.30867,137.48393,164.64015,139.6159,123.75249,122.00055,166.47623,194.90853,186.78952,191.3691,190.76088,170.34412,150.06984,180.12905,136.31157,168.99753,162.96251,180.33781,160.13767,173.42845,176.50334,116.74443,178.81261,1
157.79196,170.3198,134.52358,155.1335,171.92053,152.00691,172.95823,169.44521,112.0168,116.73837,167.73326,168.24979,147.51131,161.14015,162.81568,147.33224,159.36932,123.84007,163.83714,136.44689,148.71055,132.51389,131.12647,152.0395,197.30065,181.53152,160.15013,180.86678,123.17477,147.90678,167.36915,173.09377,133.2652,0.0,161.75183,118.35562,118.947,113.84987,129.29684,160.69505,144.62063,122.38916,148.16305,162.00849,132.15644,176.51104,139.93587,130.76043,146.01375,194.03094,174.16874,168.33732,139.51483,166.10272,163.0721,178.10512,148.13366,173.48598,167.74784,116.98666,174.19719,172.51827,125.9992,118.33144,179.87006,145.24649,143.38325,130.44713,116.45507,122.11833,120.08217,134.17745,123.56344,162.7056,134.70851,124.58019,159.49475,136.25988,122.5676,146.68046,136.77703,114.46612,122.65281,159.00867,176.71628,188.60862,190.78582,192.18062,164.62407,152.61019,164.81632,152.29856,147.84964,138.15417,167.5768,138.74304,166.79996,155.35977,121.11142,175.8141,1
123.12643,169.18972,168.37937,169.19934,164.08907,150.05807,141.87911,143.19284,150.18498,170.34784,176.32632,107.42931,135.40568,123.01002,175.11934,151.27089,129.6588,157.27452,167.13456,126.29934,176.76474,131.4776,166.62923,172.95338,152.25296,147.13393,120.6024,137.21651,150.60181,125.08131,159.03449,169.19179,177.64392,161.75183,0.0,158.62725,172.13684,165.3103,133.40504,143.80622,120.47241,183.97596,122.27911,143.88913,131.16041,130.51374,130.28901,156.05517,147.38864,143.88028,151.02921,176.01836,122.24006,122.90019,181.25636,134.02757,162.59919,138.20416,112.41204,159.05511,192.22549,173.78191,159.31804,179.22631,159.34381,134.34829,133.48898,131.71637,153.54424,165.53382,178.04108,129.83816,185.31274,132.81837,179.37677,173.15724,133.38939,149.23463,184.17472,115.10337,139.2092,157.66031,155.89713,119.21931,117.52909,146.41433,143.69447,148.04471,122.2548,138.8185,103.16041,159.41338,116.67845,128.00269,108.63247,123.85619,120.65417,113.35284,161.89552,130.67208,1
148.00013,152.26076,117.27795,136.77984,154.39607,135.37329,159.26073,177.53853,121.19119,135.04425,149.37826,163.845,155.58161,151.33247,144.4848,130.3375,147.73083,139.6584,145.67666,132.52703,131.41323,136.38283,113.9058,133.93075,184.82106,167.68003,163.21532,169.26347,108.74338,138.5972,150.16312,155.15548,120.75937,118.35562,158.62725,0.0,137.2158,108.72186,132.43191,170.08697,138.65609,131.36707,151.63125,147.04318,135.38751,179.93917,130.60107,145.84613,129.81547,183.19796,158.74665,149.98218,137.83892,156.50207,145.07423,182.22453,129.83353,179.64294,167.45899,101.42689,156.48646,154.27839,107.64877,133.02059,163.57754,152.98899,150.78187,128.11373,105.88922,139.95237,121.37614,137.62709,134.32714,150.34119,122.52642,114.61216,146.8797,149.05223,134.76116,144.79762,124.0689,104.10884,104.98609,150.31388,175.48537,175.97114,179.27074,179.77971,155.11689,138.53863,161.33599,134.33084,148.61639,142.20558,162.41038,139.59641,157.86446,156.21475,104.11076,165.17138,1
173.00671,189.26427,152.59467,173.92526,190.75051,170.62379,190.01777,168.17,124.45783,102.27184,186.52789,179.27161,148.42485,176.23337,181.52664,166.08504,175.58634,118.00653,182.78286,149.75799,166.52996,140.68744,149.28202,170.486,213.30374,198.5646,165.15359,196.55077,141.87184,163.32426,186.1069,192.02296,149.04204,118.947,172.13684,137.2158,0.0,131.32417,138.90577,158.46527,158.31415,124.44707,154.01507,179.86221,140.98012,180.01589,155.8833,124.02462,164.54541,208.97514,192.11292,187.15852,150.89654,180.89002,181.3515,180.80048,167.04212,174.22154,175.35626,135.82009,192.13014,191.45363,144.82396,113.93032,198.19213,146.88907,145.7287,143.73229,135.25045,109.84556,130.92523,142.35707,122.51451,179.23039,150.1665,140.40127,176.23428,132.50133,119.83226,157.34607,154.35749,133.40062,141.59901,173.50034,184.67098,204.82251,206.24287,208.19659,179.40349,170.21959,175.2969,171.23939,156.22668,144.97864,179.21668,148.29427,181.13323,162.88182,139.63464,190.99096,2
156.26069,159.66667,121.27469,143.1699,162.33361,143.83662,167.98136,180.07943,121.58029,129.32535,155.70681,170.94725,157.93379,159.61628,150.55065,138.71622,156.2798,137.4574,152.94949,139.01097,135.2502,140.13829,117.98929,139.25803,193.50972,176.40167,167.7944,177.86407,117.17208,146.67989,158.31474,162.70924,119.58655,113.84987,165.3103,108.72186,131.32417,0.0,136.33193,171.94526,145.90508,122.65041,155.90291,155.73827,139.36567,184.51218,138.57271,144.21805,138.41689,191.73326,167.37719,156.40835,143.72337,164.7758,150.03982,186.53563,136.89138,183.07959,173.30549,107.52832,160.83996,161.31439,114.9139,125.03755,172.02751,155.45704,153.37276,133.89057,111.97329,135.87254,113.07522,141.59283,125.66784,158.97822,121.1196,111.12881,155.53062,148.88961,126.23654,150.90218,132.59726,107.76715,113.63741,158.37405,181.70508,184.66306,187.87706,188.46019,163.36668,147.25718,168.15077,142.00207,153.8654,146.05595,169.71158,144.62272,166.02024,161.54323,109.05465,173.64468,1
136.70601,168.04665,147.64496,159.20756,166.39656,146.18511,156.50884,145.40829,117.3173,137.03966,170.31772,140.41779,123.98848,139.57971,166.88182,143.79528,140.95067,125.9487,163.10828,113.09643,160.18468,103.95833,144.76333,159.68257,176.89148,164.59863,131.5083,160.02512,127.51597,128.19434,160.99771,169.70156,153.19127,129.29684,133.40504,132.43191,138.90577,136.33193,0.0,138.75057,121.00937,151.67346,119.57352,149.77015,103.03389,148.19601,123.20917,127.35862,140.46788,171.33038,161.46999,170.49632,112.15376,143.65507,170.41623,150.20885,151.27239,147.21312,138.45938,132.19713,182.37922,171.72783,136.75081,146.02399,169.03468,121.33361,119.04737,109.1108,126.54468,133.22502,147.72805,105.26664,152.59022,145.02635,154.95754,146.38874,142.78669,124.47061,151.21882,118.45726,127.55335,129.77758,132.14051,136.20111,147.48724,168.93022,169.20413,171.90227,142.21058,140.21093,136.55375,151.84402,118.56312,109.8015,140.31095,109.64148,143.40983,126.06956,136.47508,153.9279,1
