Vértice_1,Vértice_2,Vértice_3,Vértice_4,Vértice_5,Vértice_6,Vértice_7,Vértice_8,Vértice_9,Vértice_10,Vértice_11,Vértice_12,Vértice_13,Vértice_14,Vértice_15,Vértice_16,Vértice_17,Vértice_18,Vértice_19,Vértice_20,Vértice_21,Vértice_22,Vértice_23,Vértice_24,Vértice_25,Vértice_26,Vértice_27,Vértice_28,Vértice_29,Vértice_30,Vértice_31,Vértice_32,Vértice_33,Vértice_34,Vértice_35,Vértice_36,Vértice_37,Vértice_38,Vértice_39,Vértice_40,Vértice_41,Vértice_42,Vértice_43,Vértice_44,Vértice_45,Vértice_46,Vértice_47,Vértice_48,Vértice_49,Vértice_50,Vértice_51,Vértice_52,Vértice_53,Vértice_54,Vértice_55,Vértice_56,Vértice_57,Vértice_58,Vértice_59,Vértice_60,Vértice_61,Vértice_62,Vértice_63,Vértice_64,Vértice_65,Vértice_66,Vértice_67,Vértice_68,Vértice_69,Vértice_70,Vértice_71,Vértice_72,Vértice_73,Vértice_74,Vértice_75,Vértice_76,Vértice_77,Vértice_78,Vértice_79,Vértice_80,Vértice_81,Vértice_82,Vértice_83,Vértice_84,Vértice_85,Vértice_86,Vértice_87,Vértice_88,Vértice_89,Vértice_90,Vértice_91,Vértice_92,Vértice_93,Vértice_94,Vértice_95,Vértice_96,Vértice_97,Vértice_98,Vértice_99,Vértice_100,Conjuntos
0.0,141.2134,163.25454,163.12561,111.24157,190.20117,162.16617,196.61807,187.58375,168.21734,117.7124,156.08178,104.29843,185.51434,129.27284,146.05324,141.37313,157.04436,185.9662,109.63968,196.01394,159.02115,106.28068,130.28591,192.39208,135.87464,145.0673,129.32202,130.96506,117.12394,126.87928,126.33298,119.4619,182.6825,179.8806,188.09918,127.90916,109.29413,186.44552,167.02162,165.98609,152.31579,152.65527,186.37256,157.73878,159.10961,143.94437,156.59107,176.65575,180.30197,154.73284,160.41794,149.43668,134.27196,182.02731,152.84278,161.33908,129.79546,108.05264,166.80377,122.99119,158.06103,126.2748,118.26105,138.79796,187.72896,132.57505,162.90084,135.50624,160.74328,178.74417,156.8039,118.39441,169.02461,136.94644,186.08332,133.55711,190.3631,151.32105,119.86392,119.19091,143.98646,126.08626,164.76131,122.85593,131.95984,172.03246,120.17755,170.52089,148.85981,155.58284,185.52937,139.24341,141.55075,170.92856,182.51576,121.35837,186.29669,135.5811,156.48621,1
141.2134,0.0,200.41612,199.67132,141.84007,197.05385,198.17123,196.65654,156.71289,178.68327,155.33764,115.99555,137.34453,160.64178,112.98363,150.57316,154.36071,170.39233,175.37836,147.09438,202.88747,151.50673,140.96769,166.50901,197.61616,171.6924,168.75841,159.99165,156.10626,146.55248,114.58918,155.60123,123.0204,187.37122,150.487,182.46349,113.82972,138.60976,160.01754,190.78307,153.16907,185.67631,188.35651,162.3179,120.49524,149.39369,170.93198,165.51032,143.07429,144.94881,180.38632,150.96309,171.30417,123.88022,155.73176,131.00169,188.35927,164.41694,148.50799,185.06029,163.22501,137.5776,153.66395,151.07801,129.58621,164.40257,169.22352,180.24057,127.69321,191.09841,178.46308,178.02985,141.73515,168.54111,104.28097,177.14105,107.76502,187.28795,180.10706,149.51983,139.00803,104.5992,117.1101,154.83153,128.13997,161.38522,137.92389,134.91678,154.11436,117.43009,162.63466,185.97538,108.00721,117.36768,152.55746,149.30932,119.9137,189.45829,145.2508,190.4102,1
163.25454,200.41612,0.0,102.69191,170.64606,180.6549,105.10066,195.14239,228.35443,164.74869,146.01125,212.23315,167.51101,219.86622,187.4335,169.10509,159.09327,157.8367,203.07777,154.65085,184.12674,185.4115,160.74743,133.98728,184.54452,128.72416,142.08426,141.29716,147.38921,153.8921,186.15717,145.65717,182.02601,179.92098,220.62324,197.87925,189.12207,162.28519,222.34225,139.80026,194.22955,118.47673,112.72612,219.56648,210.95753,187.7897,136.71819,164.40147,222.58024,227.56845,135.59252,188.05282,143.9959,197.50331,218.86909,196.06276,131.85187,136.02444,159.65191,150.8973,141.02787,197.60894,148.01371,149.34497,181.79078,219.72629,131.33177,151.84651,198.49808,123.44856,185.17969,144.24997,177.17509,180.92611,196.53147,201.03096,193.67181,195.72012,129.77094,151.03906,161.96089,204.19512,188.35295,190.4885,173.12764,140.76519,219.42327,181.98478,200.54776,200.5919,166.8454,187.80025,200.76656,192.68525,202.87363,226.92859,182.47061,184.19897,164.3088,114.53463,2
163.12561,199.67132,102.69191,0.0,170.85203,178.00092,102.50456,192.53309,226.5722,162.25445,145.70197,211.22545,167.35381,217.90684,186.69818,167.24975,157.28034,155.52279,200.74928,154.33222,181.45058,183.44155,160.37144,133.45678,181.89633,128.05231,140.08123,140.1951,146.01638,153.11884,185.50456,144.58776,181.69248,177.34515,218.87206,195.42776,188.60309,161.76272,220.42048,137.14063,192.237,116.48608,111.43063,217.57335,209.78908,185.86483,134.81207,162.17221,221.01893,226.04326,133.20167,186.09433,141.81664,197.39746,216.99284,194.55302,129.24912,135.2619,159.84186,148.3066,141.24023,195.95185,146.88066,148.6663,180.42215,217.69724,130.86968,149.33683,198.49569,120.83342,182.72812,141.8311,177.49848,178.61729,195.83559,198.66606,193.03304,193.20199,127.54653,150.19074,161.02323,203.51585,187.95267,188.45375,172.18911,139.49634,217.93764,182.12325,198.56234,199.40934,164.67403,185.26496,200.2302,191.53512,200.93022,225.28841,181.98265,181.61522,162.75101,112.27159,2
111.24157,141.84007,170.64606,170.85203,0.0,201.35014,170.17848,207.42588,193.21617,179.40166,127.18243,157.66336,109.89187,192.60259,132.04826,156.50722,152.41233,168.25606,195.55784,120.27099,207.18046,168.44307,117.44512,139.38605,203.48372,144.84681,156.14376,140.02517,142.15391,128.35886,129.14911,137.33305,118.87429,193.70033,185.77722,198.3199,128.03112,119.96576,193.19758,177.83175,174.83719,161.59023,161.04821,193.65393,160.64905,168.21354,154.73797,167.62366,181.28696,184.39143,165.49238,169.60641,160.57127,128.38483,188.72772,159.45868,171.81821,139.53922,111.01135,177.98065,129.62444,165.24254,137.42978,129.16243,146.65524,195.18796,141.34125,174.1181,128.49486,170.62188,189.38007,167.90876,107.34315,179.51552,137.6489,195.89148,134.14367,200.86467,161.69771,131.03434,129.77354,143.55776,124.89437,174.01478,130.84254,142.75327,176.40023,111.46769,178.90974,152.98344,166.48424,196.28865,137.7893,146.54613,178.98129,187.36897,122.79146,197.2488,146.14921,165.46825,2
190.20117,197.05385,180.6549,178.00092,201.35014,0.0,175.55535,116.07837,182.48548,122.08743,179.75963,197.38338,191.8497,168.75469,189.0472,147.74323,149.05978,133.40282,139.14998,182.56039,105.95714,147.21298,183.93246,174.24447,104.02096,172.52716,149.70214,166.00329,160.67611,173.41964,190.52073,166.52192,196.17935,110.02089,177.6734,128.40396,195.88786,181.49216,172.21911,140.86412,150.26422,165.30091,172.44958,167.11172,191.33218,150.08924,154.2229,134.036,186.27899,191.43732,147.72705,148.78169,145.07643,212.27062,171.40374,170.1465,148.97883,171.24546,194.54747,130.47374,186.04169,165.69335,165.40021,174.17743,167.57672,165.71279,174.9069,131.44728,215.61005,157.26608,121.47535,139.93146,208.11286,129.41952,195.85403,135.71525,195.57601,122.53535,154.60332,171.30175,172.06254,201.54578,198.48278,146.5237,176.16676,163.28118,186.63416,207.28503,154.16704,183.88317,135.89365,116.15271,203.17905,180.06419,157.4256,186.73425,192.6038,110.08794,156.59096,167.21497,2
162.16617,198.17123,105.10066,102.50456,170.17848,175.55535,0.0,190.05125,224.34469,159.74999,144.62169,209.51987,166.3641,215.58323,185.21255,164.99236,155.05227,153.05329,198.27257,153.22438,179.043,181.11704,159.2048,132.2319,179.44403,126.73792,137.75596,138.48174,144.09001,151.63738,184.08541,142.88966,180.53785,174.84997,216.66359,192.92601,187.28985,160.47197,218.1163,134.70334,189.89941,114.22071,109.81864,215.2326,207.96642,183.56375,132.54787,159.73176,218.92659,223.97325,130.71374,183.77533,139.40231,196.4255,214.71354,192.49996,126.76275,133.83494,159.16995,145.81586,140.63574,193.80435,145.12967,147.26959,178.4695,215.33875,129.71704,146.8323,197.61294,118.3531,180.22648,139.33578,176.92394,176.14738,194.37593,196.17986,191.62034,190.69787,125.12103,148.65457,159.40144,202.06565,186.73758,186.09561,170.55583,137.65814,215.89478,181.3772,196.22751,197.57994,162.25677,182.76215,198.89613,189.73226,198.61684,223.14592,180.69952,179.12253,160.68035,109.86,2
196.61807,196.65654,195.14239,192.53309,207.42588,116.07837,190.05125,0.0,172.75269,132.12972,188.58632,194.33752,197.61973,158.61789,190.5235,151.24543,155.47644,142.64619,128.20735,190.024,116.56549,145.15521,190.36995,184.89995,112.19481,183.9881,160.54665,175.60147,169.28182,180.66677,192.43613,175.29662,199.56337,115.71754,169.11942,117.11155,197.78408,187.49028,162.07489,155.65088,145.29011,178.84946,186.06451,156.71472,187.65991,147.42589,165.66919,140.49382,178.81156,183.63061,160.84407,145.89704,156.26264,214.50562,162.11508,167.26152,163.29063,181.61894,201.9395,144.27384,195.89224,161.76363,173.73929,182.28535,168.25949,154.96092,185.9513,144.05083,218.09322,171.69974,118.57255,152.45066,213.72556,128.80962,196.1562,124.84012,196.46562,110.64182,167.63392,179.04947,177.65418,200.92957,200.84218,142.48475,179.58512,173.08622,180.05483,211.91351,147.51018,181.66163,141.07308,111.21125,203.52875,179.29467,150.52661,178.21047,195.51735,111.38414,161.34052,181.25024,2
187.58375,156.71289,228.35443,226.5722,193.21617,182.48548,224.34469,172.75269,0.0,176.0623,193.58916,143.32424,185.25679,114.16813,161.74042,159.38864,169.29376,175.51993,144.54726,188.26659,186.60607,144.20748,183.84958,199.74329,180.625,202.99727,186.79156,189.3927,182.06232,182.00665,164.75292,185.71799,175.61251,173.25576,107.94388,155.71641,167.77244,180.23836,110.77091,200.87927,136.26109,210.12403,215.75495,116.19063,136.6897,141.35926,191.80704,168.0388,114.23331,115.41631,196.20298,141.5166,186.10515,180.57894,111.17841,135.11923,203.46687,196.35748,195.61658,189.86732,203.21887,131.40999,183.10182,186.62666,150.22097,118.23926,202.28609,185.73206,184.35443,210.02049,161.36465,189.24099,195.53955,156.80235,159.58306,147.94327,162.42618,162.26192,199.94807,183.30881,173.49289,158.39473,171.77026,140.57309,165.11824,188.90777,119.20291,189.64626,130.34763,140.85795,164.7538,166.50203,164.43349,146.67164,127.25659,108.77533,171.01585,172.41877,164.6507,214.64562,2
168.21734,178.68327,164.74869,162.25445,179.40166,122.08743,159.74999,132.12972,176.0623,0.0,157.78151,181.51469,169.99916,163.94649,169.37478,128.12689,127.41956,111.32027,140.02812,160.47688,127.81723,133.78052,161.9627,152.99018,124.7056,151.87737,128.492,144.1986,138.61933,151.36052,170.51591,144.5035,175.2269,116.43646,169.71767,133.30224,175.81051,159.6298,167.14504,127.49205,140.11505,147.4908,154.68245,162.87541,176.33423,136.95486,133.54136,113.25151,176.25454,181.64694,129.42109,136.13454,124.13849,191.79387,165.02166,155.28396,133.42674,149.81441,172.46173,115.21946,164.39712,152.38906,143.32661,152.09825,149.20913,162.19897,153.92193,112.9404,194.96433,141.72361,120.66209,120.77461,186.24735,119.62829,176.93461,137.43286,176.20972,131.01734,136.00259,149.21534,150.39029,183.26823,178.07812,135.78929,155.47196,141.54483,175.37977,185.71466,145.7331,167.61179,116.06322,123.24899,184.09004,162.5066,148.89731,178.21135,171.94667,120.74614,135.59332,150.40303,1
117.7124,155.33764,146.01125,145.70197,127.18243,179.75963,144.62169,188.58632,193.58916,157.78151,0.0,168.61403,121.81123,188.87617,142.46036,141.89901,134.01331,146.50726,183.0755,108.63978,185.28544,157.77464,114.76637,112.57459,182.48548,118.16544,131.10934,114.15807,119.31267,111.59881,140.80189,113.3178,136.01549,173.56213,185.65663,182.94273,143.30869,116.72788,190.44702,151.37997,166.00915,134.65727,135.01581,189.31262,168.72125,158.80512,128.53447,148.20439,184.59037,188.92465,139.03285,159.7915,135.8153,151.8523,186.26208,158.6092,144.87333,112.35681,116.95124,153.21457,109.65283,162.39899,114.91524,107.32939,143.40624,190.25576,114.92312,149.97611,153.20717,143.44303,172.0137,142.73745,134.45855,163.31287,151.26472,182.47893,148.19719,183.97783,134.69944,110.96748,120.177,158.80665,142.36103,163.70883,130.18687,117.01401,180.51327,137.61761,171.52607,158.79306,148.23879,177.9846,154.95898,150.85244,172.72103,189.93218,136.61127,177.57299,132.11313,138.77871,1
156.08178,115.99555,212.23315,211.22545,157.66336,197.38338,209.51987,194.33752,143.32424,181.51469,168.61403,0.0,152.46624,149.86551,126.82682,154.45556,160.65465,174.9605,169.9931,160.84614,202.95007,150.2052,154.93977,178.8468,197.28602,183.69,176.99336,171.04165,165.94777,158.6673,129.24614,166.64038,138.79015,187.40023,138.23092,178.66761,129.65003,152.11855,148.53809,197.73654,149.12388,196.303,199.80017,151.811,107.37641,147.45089,180.07967,168.9491,129.15035,130.03389,188.52448,148.86396,178.74259,138.50091,144.63642,127.29865,196.59278,176.34451,163.6955,190.32393,177.14813,132.59359,164.39745,163.45208,133.77134,154.09192,181.59929,185.47395,142.04926,200.4338,177.13874,184.77836,157.73063,168.00401,120.05022,172.32972,123.53714,184.23493,189.33744,161.30679,150.29619,115.92554,133.08774,151.89612,139.15353,171.96845,124.12225,150.88762,148.1854,113.9317,165.70284,184.41923,122.39504,120.47674,145.85569,135.19831,135.24193,188.76335,152.0447,201.10479,2
104.29843,137.34453,167.51101,167.35381,109.89187,191.8497,166.3641,197.61973,185.25679,169.99916,121.81123,152.46624,0.0,183.81086,125.77058,146.63116,142.81569,158.95871,185.75576,113.44865,197.71225,158.66586,108.63159,134.37637,193.89211,139.96909,147.94809,132.73177,133.64813,119.72109,123.22094,129.44756,115.23435,184.0328,177.64686,188.42936,123.86129,110.36951,184.58707,170.19179,165.23721,156.29344,156.81312,184.76329,154.45425,158.52378,147.19182,157.99306,173.94554,177.41956,157.97799,159.89305,152.18532,130.06199,180.13971,150.85473,164.78688,133.71246,111.22941,169.40262,127.28252,156.35531,129.09746,121.60617,137.38418,186.20931,136.72029,165.35298,131.42052,164.50316,179.52441,159.59637,116.26361,169.63681,133.06557,186.04588,129.6317,190.98392,154.8578,122.72051,119.98114,139.96201,121.87373,164.28695,121.40872,135.26916,169.22425,116.75154,169.48908,145.89862,156.74883,186.46694,135.07663,138.84951,169.70341,179.89288,117.43202,187.52584,136.30364,160.52792,1
185.51434,160.64178,219.86622,217.90684,192.60259,168.75469,215.58323,158.61789,114.16813,163.94649,188.87617,149.86551,183.81086,0.0,162.79154,150.95124,161.03454,164.74986,130.42621,184.6504,172.69935,134.46626,180.99965,193.44928,166.74407,196.09595,177.82839,182.74935,175.12711,177.34003,165.74976,179.48133,176.39297,159.75433,112.78183,141.61968,169.63414,177.31529,103.47687,189.81704,125.72522,201.42855,207.50003,102.21515,142.57658,132.11572,183.15064,157.31581,123.78511,127.26228,186.33435,131.8143,176.53432,184.20795,105.29841,133.18527,193.18869,189.9194,193.36372,178.33159,198.50521,127.4655,176.89307,181.64703,146.78111,104.58182,195.83423,174.47977,188.09751,200.23115,147.9166,178.82943,195.94321,144.37254,162.71349,133.84345,165.03144,148.16491,190.70212,178.12933,169.35923,163.24058,173.64376,129.73017,162.65854,181.86272,127.33067,190.75674,119.3939,143.40713,154.233,152.67568,168.63874,147.21297,117.01163,120.86468,171.63281,158.66798,157.96689,205.75833,1
129.27284,112.98363,187.4335,186.69818,132.04826,189.0472,185.21255,190.5235,161.74042,169.37478,142.46036,126.82682,125.77058,162.79154,0.0,141.46021,143.55877,160.19772,172.1616,134.34695,194.97637,146.16549,128.30137,153.52769,190.04835,158.71022,156.72024,147.128,143.58826,133.58134,103.01384,142.75708,113.87253,179.73474,154.59313,177.76189,107.48835,125.74895,162.88452,179.09852,149.89195,172.82531,175.39571,164.13633,128.77429,144.70657,158.52829,156.12769,149.34826,152.34629,168.28633,146.2844,159.58462,124.15727,158.42054,130.06301,176.1726,151.43987,136.98281,174.24722,150.58639,136.56729,140.90044,138.09438,122.32025,165.94744,156.2444,169.50521,127.90745,178.53719,171.9925,166.55398,133.80195,161.79564,109.22407,173.39988,107.12138,181.89391,167.62238,136.57418,126.22415,116.91615,111.20886,150.55843,115.73341,148.61567,144.40463,128.06224,152.32111,121.04564,153.58001,179.49258,115.20191,115.57884,151.51521,155.48683,109.33663,182.28584,134.48161,177.53978,1
146.05324,150.57316,169.10509,167.24975,156.50722,147.74323,164.99236,151.24543,159.38864,128.12689,141.89901,154.45556,146.63116,150.95124,141.46021,0.0,110.08335,120.50576,141.20221,140.81202,153.69501,116.88678,139.95286,143.53269,149.02577,145.53311,127.41724,132.68427,124.94344,131.6741,142.8113,130.14443,148.69143,138.76946,151.78803,142.10895,148.16803,136.77692,153.30011,144.3703,125.72317,150.77547,156.62271,150.82369,150.04676,118.85902,132.44457,114.93958,155.15556,160.44233,137.4003,119.35523,127.13725,164.53277,149.76585,130.2111,145.11036,139.91275,152.21088,135.92792,150.93295,129.67602,127.75875,134.69161,121.23804,151.22936,145.68818,131.09728,167.90151,150.97306,132.93897,131.62247,162.586,123.00926,148.81898,140.76455,148.18395,144.36003,140.61861,131.06939,126.86512,155.16329,150.7437,122.59009,128.6136,131.37777,152.91793,160.67798,131.89031,140.55397,112.14429,140.03942,156.00581,134.73258,133.94563,158.74992,144.93911,141.76588,110.50619,155.26367,1
141.37313,154.36071,159.09327,157.28034,152.41233,149.05978,155.05227,155.47644,169.29376,127.41956,134.01331,160.65465,142.81569,161.03454,143.55877,110.08335,0.0,116.9752,149.63837,134.56538,154.94735,126.86469,135.0937,134.03377,151.08203,135.66655,117.79503,123.25302,115.63081,125.20078,144.25627,121.32269,148.0014,141.30944,161.61835,148.93076,149.38364,132.48028,163.37469,137.08347,135.73267,140.83214,146.56986,160.89768,157.09549,128.93621,122.53286,115.21856,164.41601,169.61772,128.5444,129.38907,118.37309,164.85033,159.80822,138.62942,136.509,130.40473,146.46315,130.74565,142.4803,139.01357,119.21657,127.19147,126.90918,161.2761,136.04516,125.96605,167.87932,141.69357,138.19034,124.12799,159.07755,129.29989,151.9192,148.7581,150.62817,150.10685,131.03027,123.77247,123.01384,158.93293,151.28764,132.42487,128.65875,121.65913,161.83929,158.3105,141.9409,147.06521,114.46155,144.5413,158.69051,140.27046,144.02816,168.3039,144.97192,144.95359,109.12675,145.38348,1
157.04436,170.39233,157.8367,155.52279,168.25606,133.40282,153.05329,142.64619,175.51993,111.32027,146.50726,174.9605,158.95871,164.74986,160.19772,120.50576,116.9752,0.0,145.24291,149.18008,139.09576,131.41951,150.81108,142.2724,135.99111,141.66248,118.21532,133.07204,127.30624,140.10797,161.05836,133.2111,164.95861,127.21782,168.50925,140.80224,166.24661,148.59643,167.6683,125.38954,139.36015,139.72121,146.70003,164.03635,170.47559,134.43499,123.68947,107.48345,173.59947,178.98846,122.43608,134.07529,114.48742,181.82292,164.90408,150.16794,128.5645,138.97296,161.15835,115.51877,153.3397,148.53672,132.00676,140.77807,141.55598,163.77571,143.41356,110.77681,184.85244,136.095,128.32033,114.22906,175.17378,123.0945,168.25475,143.26654,167.197,139.88923,128.13614,137.91173,139.59091,174.99043,168.23762,135.13753,145.58912,130.48809,171.99058,174.89726,145.54975,161.05918,110.80686,132.77758,175.20916,155.11716,148.41213,176.39765,161.94297,131.37587,125.78435,143.30225,1
185.9662,175.37836,203.07777,200.74928,195.55784,139.14998,198.27257,128.20735,144.54726,140.02812,183.0755,169.9931,185.75576,130.42621,172.1616,141.20221,149.63837,145.24291,0.0,181.75881,142.59682,127.13616,180.18276,183.49466,136.73952,184.45591,162.27262,172.8279,165.26717,172.78555,174.61735,170.90201,183.61247,131.10178,141.10675,111.21089,179.6497,176.73207,133.89105,167.50847,122.35803,184.92102,191.81254,128.56082,162.86505,127.76518,167.95771,139.02774,151.17031,155.78692,167.58066,126.25268,159.39274,196.16575,133.9532,144.44347,172.90077,179.88263,192.75676,155.24747,191.96183,138.05552,168.66495,175.89175,150.50746,126.90598,185.32132,152.52263,199.99176,180.91831,120.19442,159.06488,200.76048,122.1804,175.83299,103.4672,176.94237,117.74838,173.36606,172.27157,167.05093,179.20454,183.24792,121.83246,165.07057,171.01024,152.9255,197.37581,121.81276,158.76198,137.19481,123.03421,182.96417,158.4323,124.24993,150.15113,179.04981,129.16132,151.39512,188.54315,1
109.63968,147.09438,154.65085,154.33222,120.27099,182.56039,153.22438,190.024,188.26659,160.47688,108.63978,160.84614,113.44865,184.6504,134.34695,140.81202,134.56538,149.18008,181.75881,0.0,188.27584,155.44071,106.19382,121.05851,184.9781,126.6406,135.95148,119.78765,122.26745,109.36637,132.51069,117.11775,127.37572,175.55915,180.39195,182.79288,134.77482,108.75405,185.95125,157.57598,163.1483,142.85147,143.57488,185.2744,161.43301,156.02677,134.48043,149.59086,178.46563,182.55839,145.24961,157.17892,140.45045,143.35288,181.64566,153.14793,151.73961,120.264,111.99624,157.92214,116.30371,157.5671,117.47449,108.92129,138.18175,186.40565,123.50787,154.21789,144.84925,151.12023,172.65231,147.73334,127.60133,163.33556,142.95981,181.52083,139.81199,184.48983,141.69689,111.27597,115.38132,150.42573,133.73426,161.34286,123.50364,122.48984,174.16301,129.81717,168.25196,151.78562,149.02022,179.10592,146.41191,143.97864,169.09547,184.03089,128.06557,179.35914,130.40098,147.11746,1
196.01394,202.88747,184.12674,181.45058,207.18046,105.95714,179.043,116.56549,186.60607,127.81723,185.28544,202.95007,197.71225,172.69935,194.97637,153.69501,154.94735,139.09576,142.59682,188.27584,0.0,152.74596,189.75144,179.40276,106.01118,177.46544,154.94068,171.43162,166.29612,179.17751,196.46385,172.09493,202.1342,115.58985,182.11828,131.50604,201.83236,187.34949,176.17529,144.39701,155.36219,169.43323,176.50805,170.96403,196.80311,155.55962,159.26417,139.96649,191.02383,196.11355,152.2062,154.21199,150.26349,218.22457,175.61967,175.67536,152.77827,176.48493,200.25211,134.86251,191.3538,171.05546,171.04276,179.82773,173.44654,169.43821,179.95826,136.36057,221.56648,160.90735,126.38682,144.74703,213.97328,134.94659,201.73263,139.12989,201.48512,125.18557,159.06113,177.00642,177.9579,207.36711,204.43637,151.75592,182.12364,168.67921,191.57905,213.20256,158.95493,189.52737,141.84984,120.15797,209.0655,185.84739,162.18174,191.21462,198.56086,114.57997,162.53703,171.05746,2
159.02115,151.50673,185.4115,183.44155,168.44307,147.21298,181.11704,145.15521,144.20748,133.78052,157.77464,150.2052,158.66586,134.46626,146.16549,116.88678,126.86469,131.41951,127.13616,155.44071,152.74596,0.0,153.38005,160.33475,147.09309,162.41989,143.36219,149.49154,141.75279,146.83931,148.38403,146.73369,156.81465,137.21108,137.09338,131.59794,153.60238,149.8549,137.04931,156.80872,108.87562,166.96543,173.09298,134.16851,144.13361,103.17444,148.70463,123.97295,142.61455,148.01838,152.12906,102.70053,142.17218,170.32258,133.87177,122.9356,159.27804,156.72557,166.03172,146.24753,167.10092,118.86156,144.25849,150.45533,123.94822,134.44345,162.5359,141.87343,174.05349,166.00211,127.16426,145.03356,173.63118,117.80356,151.13142,127.73827,151.66589,135.90852,156.2709,146.80972,140.36454,155.77579,156.98607,105.9371,137.94967,148.25571,141.59929,170.37169,115.14917,136.90197,120.6151,134.61186,158.48325,134.14145,117.52692,145.0499,152.36012,138.61169,125.66741,171.29424,1
106.28068,140.96769,160.74743,160.37144,117.44512,183.93246,159.2048,190.36995,183.84958,161.9627,114.76637,154.93977,108.63159,180.99965,128.30137,139.95286,135.0937,150.81108,180.18276,106.19382,189.75144,153.38005,0.0,126.9776,186.11313,132.52105,139.32395,124.23384,125.0544,111.12396,126.37856,120.8353,121.33308,176.40283,176.04197,182.04469,128.58223,103.68594,182.10767,161.56992,160.614,148.4247,149.5,181.75151,155.80846,153.63312,138.59478,150.31125,173.54298,177.46632,149.37443,154.89184,143.58679,137.69974,177.73692,148.82139,156.25973,125.84411,112.68002,160.85634,122.28734,153.6572,120.47228,113.13732,134.23462,183.00893,129.50602,156.86713,139.4354,156.24572,172.54672,150.99021,124.44898,162.88148,136.81186,180.20271,133.63885,184.20468,146.39711,114.08916,113.16739,144.25035,127.60599,159.18631,118.73286,126.70992,169.10479,125.37796,165.37383,146.37665,149.32177,179.29478,140.2221,138.70874,165.95881,179.23961,121.87409,180.02315,129.45587,152.80427,1
130.28591,166.50901,133.98728,133.45678,139.38605,174.24447,132.2319,184.89995,199.74329,152.99018,112.57459,178.8468,134.37637,193.44928,153.52769,143.53269,134.03377,142.2724,183.49466,121.05851,179.40276,160.33475,126.9776,0.0,177.37001,105.59272,124.5709,110.84857,118.5903,120.18276,152.18436,114.03799,148.30985,169.35031,191.81619,181.66673,155.15711,128.31406,195.3991,141.44873,169.05407,122.2084,122.52802,193.60272,178.16971,161.95622,120.24161,145.82893,192.06246,196.72622,129.47276,162.67436,129.1683,164.39286,191.44925,165.53272,134.07906,103.62968,128.6844,145.51233,112.68932,168.33992,116.6529,115.46301,150.50317,194.25523,102.75385,143.12004,165.781,131.51898,169.83187,135.01827,146.54395,162.2867,162.58129,182.38816,159.69154,181.7183,124.00509,117.63857,128.68921,170.23093,154.51269,166.11441,139.72304,112.4911,188.37575,150.09281,175.02378,167.93743,146.76217,174.95675,166.79363,159.9464,176.69809,197.00578,148.52729,173.58197,135.48634,126.22345,1
192.39208,197.61616,184.54452,181.89633,203.48372,104.02096,179.44403,112.19481,180.625,124.7056,182.48548,197.28602,193.89211,166.74407,190.04835,149.02577,151.08203,135.99111,136.73952,184.9781,106.01118,147.09309,186.11313,177.37001,0.0,175.82514,152.79978,168.8704,163.29341,175.76125,191.63343,169.19991,197.66274,110.31367,176.10825,125.73392,197.01016,183.56231,170.21887,144.77349,149.44809,169.01585,176.18412,165.02647,191.06051,149.84844,157.47464,135.90745,185.02272,190.10664,151.32592,148.47213,148.23322,213.51007,169.62499,169.9921,152.81581,174.30201,196.97427,134.16324,189.01068,165.2531,167.97234,176.7232,168.298,163.52866,178.11896,134.86389,216.91528,161.13301,120.4639,143.3735,210.14982,129.33875,196.58583,133.27635,196.45145,119.56014,158.19937,173.75459,174.00499,202.06497,199.72395,145.90103,177.59881,166.18761,185.6082,209.08863,152.96444,183.95219,137.46054,114.15132,203.94027,180.48114,156.18614,185.20394,193.96473,108.63696,158.2531,171.0213,2
135.87464,171.6924,128.72416,128.05231,144.84681,172.52716,126.73792,183.9881,202.99727,151.87737,118.16544,183.69,139.96909,196.09595,158.71022,145.53311,135.66655,141.66248,184.45591,126.6406,177.46544,162.41989,132.52105,105.59272,175.82514,0.0,123.48412,113.64162,121.00474,125.17732,157.46387,117.6524,153.84542,168.31362,195.10285,181.89025,160.56566,133.73679,198.19009,137.67671,171.24269,116.77618,116.98492,196.13367,182.73956,164.26122,118.3747,146.02669,195.85652,200.63119,126.20436,164.86286,127.74418,169.98244,194.35241,169.25392,129.85026,107.34561,134.05377,142.99237,117.01869,171.67373,120.20536,120.63023,154.42209,196.6643,103.60297,141.11686,171.37256,126.4902,169.74703,132.73451,151.95441,162.81354,167.81807,183.13411,164.98837,181.49383,120.09884,122.38991,133.40049,175.48915,160.00673,168.07017,144.53814,114.23375,192.33084,155.63629,177.34578,172.43808,147.35138,174.43063,172.18463,164.46918,179.20148,200.6296,153.96425,172.61204,138.38404,120.66517,1
145.0673,168.75841,142.08426,140.08123,156.14376,149.70214,137.75596,160.54665,186.79156,128.492,131.10934,176.99336,147.94809,177.82839,156.72024,127.41724,117.79503,118.21532,162.27262,135.95148,154.94068,143.36219,139.32395,124.5709,152.79978,123.48412,0.0,116.95322,114.40482,128.24154,156.67521,118.83374,157.53394,144.90861,179.20521,158.79427,161.24595,138.19487,180.36581,122.74697,152.15731,123.61548,129.98058,177.49459,174.05297,145.82015,105.68519,123.27162,182.21089,187.41064,111.6374,146.01937,104.73785,174.87079,177.00049,156.32575,119.66905,121.54941,147.36772,122.12994,136.42884,156.79658,118.85167,127.03105,143.7212,177.64204,125.42993,118.9482,177.31795,123.96958,146.45655,111.78423,163.42383,140.21207,165.72135,160.63534,163.80256,158.0998,113.24176,125.24938,131.55122,173.18457,162.23081,148.40565,140.99177,114.10206,179.60415,164.65974,158.48146,163.80907,125.21297,150.95555,171.82104,156.52587,160.86173,186.05571,155.67093,149.18361,125.14324,127.94647,1
129.32202,159.99165,141.29716,140.1951,140.02517,166.00329,138.48174,175.60147,189.3927,144.1986,114.15807,171.04165,132.73177,182.74935,147.128,132.68427,123.25302,133.07204,172.8279,119.78765,171.43162,149.49154,124.23384,110.84857,168.8704,113.64162,116.95322,0.0,107.7419,114.14047,146.28973,104.41487,144.54529,160.28561,181.48962,171.39373,150.03279,124.1264,184.76219,137.80864,158.22438,125.69749,128.76527,182.8612,169.6626,151.14278,114.7226,135.7686,182.23924,187.04143,125.46782,151.84246,121.66687,161.56677,180.86794,155.63078,132.05643,107.23405,130.65475,139.05824,120.29081,158.04666,106.7267,111.12561,140.87472,183.47779,113.09508,135.84984,163.53799,132.27759,159.82862,128.59647,147.36579,151.88177,156.34767,171.81538,153.8008,171.78091,122.16685,110.88868,121.01358,164.0438,150.13543,155.26615,132.11983,102.85783,178.76176,149.41775,164.21945,159.30279,136.4022,165.31764,161.41078,151.3884,165.94159,186.98961,143.73494,164.41059,124.85578,130.41884,1
130.96506,156.10626,147.38921,146.01638,142.15391,160.67611,144.09001,169.28182,182.06232,138.61933,119.31267,165.94777,133.64813,175.12711,143.58826,124.94344,115.63081,127.30624,165.26717,122.26745,166.29612,141.75279,125.0544,118.5903,163.29341,121.00474,114.40482,107.7419,0.0,113.93154,143.2087,106.01986,143.27848,154.26244,174.18799,164.20413,147.50199,123.7941,177.1925,137.04643,150.49633,130.43828,134.67542,175.20393,163.97881,143.4301,114.99568,128.97451,175.36898,180.27836,125.27511,144.11305,118.53722,160.59981,173.34768,148.77794,132.86832,114.97439,134.10673,135.83896,127.07521,150.81682,104.7969,113.5621,134.40995,175.79051,120.79888,131.98874,162.97344,134.99224,152.92574,125.95196,149.35943,144.61018,152.7591,164.34454,150.54778,164.89969,124.03444,111.12241,117.63465,160.37715,148.2109,147.52426,127.97234,106.84882,172.08019,150.3146,156.51248,153.58765,129.25465,158.73403,158.44137,145.8285,158.27607,179.94568,141.66171,158.26138,117.41234,135.24492,1
117.12394,146.55248,153.8921,153.11884,128.35886,173.41964,151.63738,180.66677,182.00665,151.36052,111.59881,158.6673,119.72109,177.34003,133.58134,131.6741,125.20078,140.10797,172.78555,109.36637,179.17751,146.83931,111.12396,120.18276,175.76125,125.17732,128.24154,114.14047,113.93154,0.0,132.4844,110.17006,130.43548,166.26507,174.07134,173.52694,135.99442,110.15774,178.87409,150.64075,154.84953,139.57677,141.81915,177.8118,158.14847,147.66451,127.83855,140.25692,173.19346,177.62077,138.55424,148.72689,132.46688,147.5524,174.67644,147.07128,145.69666,117.87102,121.29073,149.73902,121.25024,150.80019,109.41325,104.87372,131.85841,178.798,122.93388,145.78556,149.66312,146.40194,163.2943,139.87552,135.49581,154.02629,142.7388,172.43615,140.0213,175.14399,136.08239,103.26744,108.80166,150.43012,135.99953,152.77188,119.57779,116.25266,169.21669,136.4182,160.2185,148.01122,139.65406,169.74027,147.46897,140.02019,161.30553,178.45735,129.62299,170.03473,121.40215,144.20349,1
126.87928,114.58918,186.15717,185.50456,129.14911,190.52073,184.08541,192.43613,164.75292,170.51591,140.80189,129.24614,123.22094,165.74976,103.01384,142.8113,144.25627,161.05836,174.61735,132.51069,196.46385,148.38403,126.37856,152.18436,191.63343,157.46387,156.67521,146.28973,143.2087,132.4844,0.0,141.96863,110.8596,181.32555,157.60574,179.97316,105.3781,124.08353,165.86956,179.21428,152.41142,171.96007,174.26801,167.07778,131.55579,147.04575,158.19903,157.29688,152.32698,155.27433,168.16544,148.6154,159.73122,122.07173,161.40325,132.93461,175.97365,150.25609,134.45035,174.80742,148.63987,139.39475,140.24665,136.83838,124.44652,168.87264,154.87534,170.11244,125.71428,178.02297,173.87716,166.81512,130.7917,163.6548,110.46306,175.77644,107.53728,183.97087,167.1993,135.57445,125.64024,118.05215,108.63279,152.93108,115.83256,147.92434,147.36851,125.06424,155.00835,124.03663,154.86793,181.35449,115.23454,118.54628,154.27942,158.47438,106.37482,183.98433,135.27523,176.63483,1
126.33298,155.60123,145.65717,144.58776,137.33305,166.52192,142.88966,175.29662,185.71799,144.5035,113.3178,166.64038,129.44756,179.48133,142.75708,130.14443,121.32269,133.2111,170.90201,117.11775,172.09493,146.73369,120.8353,114.03799,169.19991,117.6524,118.83374,104.41487,106.01986,110.17006,141.96863,0.0,140.58026,160.2444,177.79485,170.11105,145.80176,120.3115,181.39237,140.7478,155.34501,130.07594,133.16035,179.67519,165.32307,148.19424,117.768,134.98957,178.24792,182.99413,128.54023,148.98704,123.35596,157.72213,177.4239,151.66341,135.55109,110.65788,128.65671,140.84628,121.17449,154.32164,102.61631,108.19766,136.77351,180.37893,116.57236,137.26446,159.81862,136.32752,158.91714,130.61613,144.63269,150.49542,151.97964,170.07757,149.46694,170.89092,125.91563,106.91624,116.6082,159.67298,146.02489,152.58903,127.70539,106.09837,174.68457,146.19808,161.21828,154.97522,135.20895,164.75312,157.12241,147.0441,162.7987,183.09416,139.5784,164.26027,121.52323,134.81174,1
119.4619,123.0204,182.02601,181.69248,118.87429,196.17935,180.53785,199.56337,175.61251,175.2269,136.01549,138.79015,115.23435,176.39297,113.87253,148.69143,148.0014,164.95861,183.61247,127.37572,202.1342,156.81465,121.33308,148.30985,197.66274,153.84542,157.53394,144.54529,143.27848,130.43548,110.8596,140.58026,0.0,187.44198,168.45127,188.1496,109.19071,120.47529,176.60557,180.27369,161.71762,169.54038,170.82821,177.66354,141.92651,155.85305,158.00315,162.28745,163.12123,165.94389,168.53213,157.38245,161.20082,117.33746,172.13273,143.37241,175.94632,147.0587,125.96583,177.48158,142.40243,149.68175,139.43956,133.88506,133.11297,179.40269,150.83461,173.01055,119.98398,176.8228,181.02079,168.55873,119.93665,170.80172,118.79702,184.51043,115.2873,191.68609,166.48831,133.70287,126.14713,125.08662,106.64369,161.78615,120.07784,146.67626,158.13056,114.38126,164.81333,134.86762,160.28815,188.37284,119.88589,129.28411,164.32354,169.28734,104.77652,190.44221,139.67514,174.00458,1
182.6825,187.37122,179.92098,177.34515,193.70033,110.02089,174.84997,115.71754,173.25576,116.43646,173.56213,187.40023,184.0328,159.75433,179.73474,138.76946,141.30944,127.21782,131.10178,175.55915,115.58985,137.21108,176.40283,169.35031,110.31367,168.31362,144.90861,160.28561,154.26244,166.26507,181.32555,160.2444,187.44198,0.0,168.15332,121.33496,186.70271,173.74364,163.19152,140.89017,140.32827,163.29681,170.51363,158.22145,181.3192,140.07293,149.97494,126.09166,176.5136,181.71488,145.24387,138.7613,140.5745,203.21699,162.11169,160.14666,148.11743,166.12186,187.54296,129.0576,180.55751,155.67347,158.84145,167.51533,158.00661,156.97553,170.3343,128.44134,206.63505,156.54121,111.89479,136.78119,200.26914,119.40993,186.29764,127.81071,186.14301,116.83458,151.99627,164.41704,164.08713,191.83506,189.43314,136.53518,167.36847,157.70439,176.74625,199.02892,144.42124,173.94448,127.37654,108.83814,193.64754,170.28513,147.69574,177.1686,183.70384,104.35414,148.15934,165.85316,1
179.8806,150.487,220.62324,218.87206,185.77722,177.6734,216.66359,169.11942,107.94388,169.71767,185.65663,138.23092,177.64686,112.78183,154.59313,151.78803,161.61835,168.50925,141.10675,180.39195,182.11828,137.09338,176.04197,191.81619,176.10825,195.10285,179.20521,181.48962,174.18799,174.07134,157.60574,177.79485,168.45127,168.15332,0.0,152.01138,160.88373,172.41782,110.58523,193.89861,129.62256,202.44594,207.9983,114.97881,131.16872,134.13339,184.14892,161.04976,111.00469,114.83425,188.81913,134.43445,178.66504,174.34599,107.69305,127.25107,196.19122,188.43841,187.89919,183.13683,195.28944,123.47705,175.17893,178.68567,142.30553,117.36045,194.36505,178.88201,178.1774,202.58796,156.28747,182.04567,188.33513,150.82222,153.07197,144.3474,155.74852,158.49751,192.39746,175.3652,165.57267,152.56727,164.90188,133.95882,157.31998,181.03566,114.77098,182.61299,124.13546,133.98737,157.70759,161.9628,158.36409,139.30079,120.8893,109.11267,163.79703,167.69845,156.78091,206.99819,1
188.09918,182.46349,197.87925,195.42776,198.3199,128.40396,192.92601,117.11155,155.71641,133.30224,182.94273,178.66761,188.42936,141.61968,177.76189,142.10895,148.93076,140.80224,111.21089,182.79288,131.50604,131.59794,182.04469,181.66673,125.73392,181.89025,158.79427,171.39373,164.20413,173.52694,179.97316,170.11105,188.1496,121.33496,152.01138,0.0,185.20009,178.80696,145.08863,160.4676,129.65439,180.21081,187.30796,139.76926,171.7612,133.22486,164.39347,135.88912,161.78493,166.55532,162.3307,131.63864,155.2893,201.91916,145.01485,152.0975,166.72898,178.13747,194.30921,148.19428,191.27244,146.14829,168.12097,176.03531,155.52802,138.11135,183.20534,146.22792,205.65116,175.01132,112.69985,153.64646,204.05266,119.6318,182.43741,107.77628,183.15483,106.546,168.60075,172.52394,168.91482,186.53886,188.56415,127.63371,168.72538,169.25511,163.19098,201.35869,130.95594,166.59076,134.99395,112.65242,189.73243,165.17279,133.82541,161.09981,183.79317,118.67897,152.61503,183.42957,1
127.90916,113.82972,189.12207,188.60309,128.03112,195.88786,187.28985,197.78408,167.77244,175.81051,143.30869,129.65003,123.86129,169.63414,107.48835,148.16803,149.38364,166.24661,179.6497,134.77482,201.83236,153.60238,128.58223,155.15711,197.01016,160.56566,161.24595,150.03279,147.50199,135.99442,105.3781,145.80176,109.19071,186.70271,160.88373,185.20009,0.0,126.84305,169.55779,183.88892,157.37466,175.56965,177.49487,171.05541,133.12153,152.18164,162.48831,162.60537,154.84719,157.38316,172.64114,153.75782,164.46047,116.74888,165.11881,137.25416,180.35926,153.49133,134.8947,179.81852,150.49559,143.8276,144.25447,140.06654,129.70153,172.92828,157.79121,175.15677,120.45112,182.06203,179.23003,171.62401,128.4031,169.01178,109.61778,180.88383,106.1146,189.26528,171.36441,139.18443,129.86767,116.10151,104.02407,158.04054,120.78394,151.84303,149.77957,121.98902,159.7297,126.92854,160.208,186.71246,111.65356,122.56478,158.84931,161.06391,106.71205,189.36117,140.46693,180.17876,1
109.29413,138.60976,162.28519,161.76272,119.96576,181.49216,160.47197,187.49028,180.23836,159.6298,116.72788,152.11855,110.36951,177.31529,125.74895,136.77692,132.48028,148.59643,176.73207,108.75405,187.34949,149.8549,103.68594,128.31406,183.56231,133.73679,138.19487,124.1264,123.7941,110.15774,124.08353,120.3115,120.47529,173.74364,172.41782,178.80696,126.84305,0.0,178.43092,160.72779,157.00297,149.10531,150.69214,178.06559,152.69091,150.04866,137.99258,147.67818,170.0566,174.04402,148.69198,151.32363,142.26614,137.44584,174.06374,145.18492,155.85291,126.74191,116.30202,159.30949,125.04896,149.98042,119.49488,113.42915,130.55425,179.32389,130.95349,155.16878,139.5083,156.39092,169.52875,149.69394,126.6241,159.76375,134.54425,176.81263,131.5135,181.10907,146.19915,113.39536,109.91288,142.1111,126.35422,155.63654,115.14595,126.36966,165.66665,126.64108,161.72052,143.10337,146.52012,176.37166,138.48204,135.35196,162.2854,175.71368,120.22763,177.28303,126.32344,153.61422,1
186.44552,160.01754,222.34225,220.42048,193.19758,172.21911,218.1163,162.07489,110.77091,167.14504,190.44702,148.53809,184.58707,103.47687,162.88452,153.30011,163.37469,167.6683,133.89105,185.95125,176.17529,137.04931,182.10767,195.3991,170.21887,198.19009,180.36581,184.76219,177.1925,178.87409,165.86956,181.39237,176.60557,163.19152,110.58523,145.08863,169.55779,178.43092,0.0,192.82298,128.44247,203.93507,209.9142,105.41972,141.34817,134.55597,185.62681,160.21147,121.41607,124.47943,189.0837,134.36878,179.20599,183.74246,104.47814,133.75629,196.03275,191.89709,194.35632,181.4258,200.0931,128.45054,178.79182,183.26595,147.88164,107.53424,197.82424,177.51243,187.61333,202.97616,151.34263,181.68831,196.29767,147.61164,162.29564,137.3127,164.75331,151.63326,193.31952,179.78747,170.74223,162.40294,173.57922,132.5572,163.60987,183.96739,125.35464,190.92735,122.15168,142.99717,157.07715,156.14645,167.98161,147.33181,119.52242,117.92664,171.86913,162.13319,159.92268,208.31124,2
