Vértice_1,Vértice_2,Vértice_3,Vértice_4,Vértice_5,Vértice_6,Vértice_7,Vértice_8,Vértice_9,Vértice_10,Vértice_11,Vértice_12,Vértice_13,Vértice_14,Vértice_15,Vértice_16,Vértice_17,Vértice_18,Vértice_19,Vértice_20,Vértice_21,Vértice_22,Vértice_23,Vértice_24,Vértice_25,Vértice_26,Vértice_27,Vértice_28,Vértice_29,Vértice_30,Vértice_31,Vértice_32,Vértice_33,Vértice_34,Vértice_35,Vértice_36,Vértice_37,Vértice_38,Vértice_39,Vértice_40,Vértice_41,Vértice_42,Vértice_43,Vértice_44,Vértice_45,Vértice_46,Vértice_47,Vértice_48,Vértice_49,Vértice_50,Vértice_51,Vértice_52,Vértice_53,Vértice_54,Vértice_55,Vértice_56,Vértice_57,Vértice_58,Vértice_59,Vértice_60,Vértice_61,Vértice_62,Vértice_63,Vértice_64,Vértice_65,Vértice_66,Vértice_67,Vértice_68,Vértice_69,Vértice_70,Vértice_71,Vértice_72,Vértice_73,Vértice_74,Vértice_75,Vértice_76,Vértice_77,Vértice_78,Vértice_79,Vértice_80,Vértice_81,Vértice_82,Vértice_83,Vértice_84,Vértice_85,Vértice_86,Vértice_87,Vértice_88,Vértice_89,Vértice_90,Vértice_91,Vértice_92,Vértice_93,Vértice_94,Vértice_95,Vértice_96,Vértice_97,Vértice_98,Vértice_99,Vértice_100,Vértice_101,Vértice_102,Vértice_103,Vértice_104,Vértice_105,Vértice_106,Vértice_107,Vértice_108,Vértice_109,Vértice_110,Vértice_111,Vértice_112,Vértice_113,Vértice_114,Vértice_115,Vértice_116,Vértice_117,Vértice_118,Vértice_119,Vértice_120,Vértice_121,Vértice_122,Vértice_123,Vértice_124,Vértice_125,Vértice_126,Vértice_127,Vértice_128,Vértice_129,Vértice_130,Vértice_131,Vértice_132,Vértice_133,Vértice_134,Vértice_135,Vértice_136,Vértice_137,Vértice_138,Vértice_139,Vértice_140,Vértice_141,Vértice_142,Vértice_143,Vértice_144,Vértice_145,Vértice_146,Vértice_147,Vértice_148,Vértice_149,Vértice_150,Conjuntos
0.0,139.1418,182.11582,158.62522,148.47965,146.68569,120.0755,152.93333,182.7561,116.05243,140.50324,143.66753,128.31719,169.57482,174.08907,107.84433,156.24662,112.40357,154.23149,166.57429,112.77464,127.82056,121.42892,160.65368,177.23336,182.16898,145.88207,147.25582,169.75276,160.50381,177.61294,172.08451,137.45679,148.23298,179.28286,176.57047,115.71285,152.44465,123.03041,134.48616,176.63107,162.24849,166.11568,158.13453,166.03828,182.02849,136.00557,146.48516,179.60063,189.52441,124.95838,160.40445,186.99243,144.82461,150.78584,191.70995,145.39023,187.71031,107.94835,129.11686,181.59145,170.12468,129.75871,164.84871,148.94021,179.84595,144.82279,141.62641,191.24745,140.6756,111.7203,150.66867,151.05947,163.78874,115.04793,151.0572,146.46593,156.38818,120.88326,172.64635,118.3998,146.96358,138.55962,140.04832,117.12483,144.71694,126.06008,183.69422,124.08059,131.7229,128.83856,127.32087,177.37091,146.16517,166.82675,172.06538,145.40354,168.08148,158.52835,158.36727,160.32374,150.15776,132.26522,185.71534,132.17718,174.48214,149.76439,183.60585,171.81545,175.65373,130.54516,141.5018,150.18629,136.69746,191.50526,128.88926,109.00274,181.73829,117.62988,185.51946,155.30881,129.51789,133.13461,124.10586,135.53673,176.20981,114.41315,152.51931,190.36901,150.30545,136.74588,122.46027,169.89946,170.42429,139.79971,146.18195,159.97089,179.44555,120.86565,184.46958,137.10382,105.1909,173.90192,177.63253,145.37455,160.47561,137.78946,181.41638,139.11495,131.11584,1
139.1418,0.0,177.9852,190.82029,116.62661,180.64505,135.1972,150.13866,180.51405,151.9453,176.61462,172.82503,154.15344,184.59285,191.52481,144.9335,139.30096,149.10252,167.35274,167.02524,134.74397,125.69102,127.20363,159.66947,195.68773,181.16144,128.38249,113.11695,193.87522,160.6567,196.08226,185.25695,162.24469,109.6308,177.96455,198.39882,125.65219,113.31694,162.07686,104.82937,165.25436,123.11803,132.54607,130.57605,151.20925,166.55521,133.60258,163.29872,159.06783,185.52747,163.91934,166.28719,176.91775,108.18105,117.56324,179.19399,166.14065,177.87489,134.64117,112.34436,186.22553,161.30417,160.86608,131.88441,157.70958,168.21565,157.87296,127.89505,178.2495,118.24795,137.46328,182.04845,113.52795,140.05918,148.79882,130.5792,173.84997,119.20713,131.50012,184.56607,123.54282,154.69532,174.42346,112.82336,141.52786,178.86578,115.74843,176.84112,161.41222,110.26536,160.9302,160.69454,203.8096,157.04739,154.16545,182.04035,159.52173,137.26163,169.25368,149.22547,171.88562,151.55363,107.92683,181.97409,155.8636,188.6608,142.88234,182.7819,153.30012,168.02469,108.6258,172.364,130.83789,141.35418,176.82869,140.38615,131.97904,190.40212,146.83232,173.23002,136.50086,168.56084,145.09686,163.16443,137.90104,203.31756,131.95379,133.85302,185.21715,135.33086,105.3654,118.19639,190.21119,153.4618,171.45586,161.22193,129.31978,162.87304,159.98053,182.51168,108.44783,133.9903,152.16622,163.1028,108.87071,172.23359,126.47927,205.52869,103.65491,151.08067,1
182.11582,177.9852,0.0,178.71366,164.63935,179.18623,162.20298,130.01533,104.23969,177.06528,183.82745,165.83614,161.35418,138.92648,145.62575,189.34419,139.82845,193.21688,136.85439,116.20111,190.98351,159.38371,164.0553,121.46752,149.29816,106.67508,149.63542,168.32638,160.65855,121.67242,149.49491,135.34322,157.79873,176.35112,105.89969,157.59348,172.03257,181.63499,190.26943,176.2561,117.05195,183.60103,163.65444,153.96592,129.45887,123.80508,148.87109,144.48633,134.67573,107.69166,196.64017,125.1696,112.64989,185.05906,165.67527,118.94624,150.27894,112.3747,186.43461,183.36608,118.77705,117.28213,168.70637,162.34893,135.32682,116.27451,141.29817,150.42518,119.70388,159.73753,170.41553,173.10168,173.43322,145.24054,196.88698,148.41309,162.36248,172.48314,195.22038,132.72077,185.39558,136.26764,182.19759,165.18156,165.78717,179.02453,170.16275,105.63233,182.14203,183.59871,170.4982,172.9107,170.65802,138.73646,125.56777,128.54734,141.94864,157.4778,131.98717,128.75974,132.6641,131.9701,180.86366,103.99111,157.69205,138.14577,135.8571,107.62817,132.61922,110.91105,177.8547,169.338,147.77743,145.58395,123.14801,153.23292,184.61758,127.87256,199.68494,116.98934,142.98338,193.62535,149.35476,190.96688,147.39178,171.98686,190.28494,145.0201,108.25849,142.74397,173.03418,182.88721,151.15051,130.41656,170.8771,142.5195,158.57575,126.48271,192.45422,105.7672,185.52019,179.93221,138.12582,122.81346,185.63829,132.9359,152.79452,166.23266,174.34549,154.68525,1
158.62522,190.82029,178.71366,0.0,191.68552,112.54196,155.75652,165.46835,176.332,142.57442,121.07549,118.60358,136.90008,142.32789,139.57766,159.22173,182.16216,159.08783,143.1545,164.85087,170.97236,166.91947,163.75279,164.93994,139.16994,174.18242,179.10275,192.69998,124.2103,163.36189,139.34043,146.57192,130.39889,197.48996,173.08536,132.3494,165.97533,203.14524,142.82846,186.10983,185.58331,211.5867,205.27273,193.56285,184.28181,194.15901,164.77411,138.25089,199.07053,182.93888,148.03962,155.15352,190.01921,198.38626,194.18529,196.497,132.06454,190.14203,166.53302,184.70715,165.2349,178.87531,130.17305,203.6259,150.05379,187.76607,144.49912,174.99531,196.85318,181.63898,154.21065,108.82901,198.38584,192.98108,163.5967,183.4776,119.37758,202.15333,179.32066,148.99344,176.13796,151.66075,122.03487,184.697,149.36905,114.49266,175.0719,183.4981,136.10722,186.99666,130.46538,131.46374,124.21145,147.36317,182.09048,152.09165,142.76378,203.5065,147.30199,174.42624,146.16734,159.93832,186.35812,180.23827,136.12755,145.76131,169.60672,174.71323,191.75606,180.07512,183.5454,118.45809,182.12032,157.30985,199.34283,153.0844,167.47637,158.7961,169.07608,192.12656,183.64535,139.84664,150.27712,142.43997,160.08165,122.19244,172.97423,182.36946,185.1594,178.06012,186.37317,178.83414,132.23353,189.10998,119.47403,141.15094,197.75002,193.95908,147.27774,176.89099,192.202,162.02501,196.86666,190.24215,199.04815,145.86244,172.67115,131.2272,189.05232,141.69787,2
148.47965,116.62661,164.63935,191.68552,0.0,183.09378,137.27947,139.65412,167.62187,157.80861,180.75296,173.10749,155.06588,177.6584,185.18531,155.52907,124.85552,160.05729,161.04274,155.85123,147.70904,125.22671,130.09059,148.65462,189.56609,168.62165,116.42114,103.87884,190.36694,149.96361,189.94807,177.54344,161.52895,111.7704,165.48292,193.62104,132.90014,117.06334,170.0621,118.11269,150.47068,121.53067,117.80169,113.97586,136.2768,150.79371,127.89847,158.9925,142.66988,171.92098,173.21921,157.20277,162.01998,121.46614,102.53361,163.70105,163.18495,163.00441,146.19458,127.63192,175.29896,147.46129,163.24888,116.70516,150.80733,153.24457,152.72875,118.52743,162.6824,110.04706,142.84289,182.88325,109.01431,123.66207,160.79337,116.24262,173.17573,110.664,146.30848,176.40354,136.95368,147.82703,178.49015,108.43758,144.81766,181.53033,122.46856,162.76944,167.36222,126.18295,163.7958,164.24771,200.98801,151.12166,139.65637,173.28547,154.58377,121.21951,161.78305,136.37777,164.50721,142.56589,123.35123,168.57365,155.56632,181.14981,131.99648,170.22547,137.36056,154.13868,122.10996,173.55888,116.99453,136.16796,160.98061,138.64175,143.41735,180.69799,159.90827,157.93761,121.75469,176.34382,142.08891,171.15382,132.81518,200.85391,145.25578,119.62622,171.30326,122.47145,114.21646,131.82778,185.17053,137.84851,173.14339,156.43635,112.9815,147.00326,168.87481,169.61816,125.05682,143.40713,135.74171,147.64541,121.92761,164.90294,119.54994,201.50688,113.49769,150.06818,1
146.68569,180.64505,179.18623,112.54196,183.09378,0.0,146.18015,161.43924,177.39715,130.67911,108.91476,113.50083,128.16352,146.45596,145.75245,146.84356,176.46924,146.58008,142.37703,164.06936,158.81572,157.92887,154.02653,162.73555,146.45482,175.51001,171.86223,183.72139,132.78972,161.36028,146.70519,150.5967,124.26504,187.89078,173.92384,141.15969,155.29911,193.34473,130.31782,175.8595,183.59143,202.17219,197.78363,186.48511,180.24655,191.82993,157.38973,135.55496,195.36365,184.34767,135.69439,154.37311,189.52322,187.93808,185.62279,195.84712,129.31456,189.78369,154.52284,173.68282,168.13611,176.59518,119.94729,196.17419,146.96594,186.09581,140.82749,167.50741,196.03544,173.12137,143.39812,108.03711,189.174,187.09427,151.06947,176.59209,116.83951,193.31299,167.18897,152.69191,164.557,147.89782,109.55146,175.64168,139.18883,101.9888,164.96546,183.45589,123.64436,176.06388,119.72007,120.11451,135.59929,143.81442,178.5727,155.01158,139.39428,196.70901,147.20305,170.30512,146.76648,155.99677,175.65235,181.26865,128.62529,150.67792,164.36379,176.2864,187.69072,178.82247,172.99735,110.70732,175.26507,150.70707,198.12008,145.14942,155.63056,163.03198,156.55563,190.91956,177.54916,127.66388,143.33367,129.95998,153.02543,133.78751,160.92311,175.92178,186.34041,171.79564,176.48664,167.58122,138.73197,185.19795,110.25887,138.14006,190.34483,191.11437,134.76405,178.25859,181.36193,150.38341,192.36572,187.65891,188.58327,146.55519,164.77489,141.93878,179.16783,134.28664,1
120.0755,135.1972,162.20298,155.75652,137.27947,146.18015,0.0,132.85812,163.02509,121.63265,143.47352,137.63135,118.96042,154.25211,160.06002,127.65603,137.90216,131.91514,137.50436,146.92428,129.2683,112.13445,108.00813,140.73988,163.80955,162.58004,129.13275,137.61642,159.7106,140.69564,164.20499,156.02876,127.24417,141.79525,159.61619,165.10081,112.74041,147.39373,135.29197,130.5922,156.67329,156.01676,153.24827,143.14566,146.69066,162.38237,116.71165,131.11537,160.87537,169.68359,140.03173,141.58074,166.92675,142.99917,139.81086,171.71208,132.36167,167.63969,124.44097,131.0969,163.02694,150.08928,126.23318,151.74187,130.37151,159.8755,127.52269,124.54341,171.27901,127.55799,108.72885,146.94977,142.99606,146.76722,135.08206,134.3951,138.72409,147.24477,134.93485,156.10683,126.6709,127.99583,141.21069,129.53082,107.66238,144.52399,119.51841,163.64611,130.80256,132.94323,126.62174,126.9711,169.15096,128.11164,147.14761,154.80487,128.61504,153.54588,141.06613,138.52628,143.24117,130.23954,131.65952,165.8652,120.83673,158.91716,129.97895,164.06055,152.93025,155.57825,128.55411,137.31133,133.27804,116.65746,171.65966,109.33401,122.95257,164.28663,137.51347,165.5458,137.56029,141.00449,114.30668,136.31842,115.52152,168.51218,129.10937,135.05457,170.4419,132.05592,130.62321,126.77068,157.36956,151.28816,136.56237,129.88001,146.165,159.99616,135.44061,164.79052,137.69127,117.79975,155.67797,157.94744,143.67766,143.47347,120.96367,171.52728,133.29994,116.64536,1
152.93333,150.13866,130.01533,165.46835,139.65412,161.43924,132.85812,0.0,131.58636,150.44387,163.39905,148.32616,136.96344,139.4908,147.38191,160.44999,118.90696,164.58383,124.96651,116.90655,161.11936,129.42063,134.0645,109.5663,151.85485,131.74475,123.24862,142.79547,156.14289,110.53291,152.21158,138.66423,137.25878,150.55818,128.57073,157.37741,142.04328,156.40279,164.38591,147.68638,124.4946,160.7923,145.61866,133.63008,118.87434,131.52699,118.89081,127.28698,133.92752,137.67891,170.25685,117.84521,134.12679,157.83481,141.39298,139.19491,133.40392,134.81414,156.69374,153.98213,136.12964,117.54623,145.74791,143.98727,115.64647,127.5801,120.98671,122.3381,138.88431,132.32381,141.40646,157.69225,148.63627,129.31513,167.91996,124.54233,146.28513,149.40381,165.20549,137.22609,155.39834,113.80924,161.37271,137.76663,137.56656,160.61387,140.50815,130.88359,157.28114,154.47403,147.2788,149.23783,167.23311,118.10577,117.20998,133.82977,122.705,141.61013,123.84354,108.96166,126.4875,105.53087,151.88261,133.88008,134.35721,142.35012,107.65807,133.34336,126.35234,122.72265,148.72785,150.73667,123.38218,116.31244,139.75025,124.52331,154.76944,141.05075,170.30415,133.17347,121.48951,168.80459,121.87927,165.23776,117.5617,167.6779,160.32725,121.7776,138.10838,117.72773,144.89613,153.03855,148.97562,123.78767,151.52885,124.35358,138.58979,130.12768,165.80576,133.51284,156.99067,150.32413,131.40633,127.10919,158.4725,126.9162,123.82263,165.95812,146.62473,129.63904,1
182.7561,180.51405,104.23969,176.332,167.62187,177.39715,163.02509,131.58636,0.0,176.90335,182.40291,164.17592,160.88201,135.75906,142.16237,189.82687,142.93443,193.57898,135.32288,116.20257,192.05313,160.99217,165.37533,122.47668,145.69872,102.57747,152.27594,171.25128,157.53285,122.33971,145.87912,132.01148,156.73028,179.27333,103.63652,154.11164,173.32945,184.66491,189.84065,178.5867,121.1379,186.9521,167.33524,157.37255,133.02253,128.04382,150.46227,143.30128,138.86693,107.14871,196.29998,124.17037,116.56793,187.74807,168.75947,122.65013,148.85368,116.17686,187.39774,185.40507,114.73267,120.66064,167.86786,165.99604,134.98329,120.49282,140.69715,152.76066,123.5052,162.28325,171.03587,171.05608,176.49161,148.87963,197.3761,151.37974,160.55889,175.75415,196.59922,129.36716,186.91226,136.25874,180.85156,167.75749,166.15959,177.33358,172.04234,109.7003,181.53974,185.75175,169.68523,172.15509,167.31696,138.31231,129.06439,125.31639,141.16205,161.26159,130.29487,131.40681,130.64664,132.8622,183.0676,103.90733,157.08807,134.63438,137.95111,103.39149,136.5743,114.67297,179.99815,167.78627,150.67066,146.54278,127.07724,153.8924,185.68332,123.87063,200.37396,121.14155,146.1098,192.93841,149.73952,190.49789,148.60388,168.71404,191.48345,148.00318,108.9435,145.47012,175.47542,184.62475,147.95006,134.28878,169.41743,141.55283,162.05947,130.68796,192.20272,102.00192,187.88293,180.81656,142.16417,126.97431,188.34116,130.87714,154.91809,162.66389,176.89244,154.45322,1
116.05243,151.9453,177.06528,142.57442,157.80861,130.67911,121.63265,150.44387,176.90335,0.0,125.02328,128.28257,116.65265,157.78412,161.21431,117.84799,159.02875,119.48035,144.46663,160.9077,128.51137,133.40179,127.77243,156.25441,163.90222,175.8588,150.75833,157.50511,154.94995,155.63801,164.26412,160.84523,124.39632,160.18701,173.28849,162.23126,126.33326,165.12347,114.09087,147.11957,174.93847,174.54568,174.49031,164.72661,166.74019,181.62258,137.69382,136.03237,181.46449,183.97494,119.82674,153.09047,184.04529,158.62131,160.29841,189.49224,133.22612,184.62231,123.96262,143.6228,173.08582,167.95271,114.54242,173.03317,141.92337,178.01209,136.48281,146.16377,189.25358,148.55917,115.0037,134.69585,162.2579,168.28839,124.14021,156.01256,131.50567,167.08826,136.80706,161.85031,133.94441,140.79853,122.94547,149.59261,114.21531,128.72135,136.90167,179.64285,109.59853,146.1128,113.28519,111.42909,161.89712,138.63674,166.563,162.05806,136.43177,175.10729,149.33387,157.70317,150.59363,146.31666,146.06874,180.28142,120.80261,162.7422,149.60623,177.13315,173.45205,172.50354,143.7428,125.74936,154.87766,134.74683,190.1918,126.54212,124.9564,171.6799,129.03132,183.57116,158.9519,119.41683,128.58578,115.03235,135.14973,160.624,130.41318,156.54893,185.23517,153.31423,148.48798,137.26963,156.23033,171.55342,123.92549,136.62974,167.57557,179.67557,115.45224,178.39685,151.49469,119.77699,176.68574,177.15601,159.23051,150.64866,142.59517,166.38608,151.09484,122.45269,1
140.50324,176.61462,183.82745,121.07549,180.75296,108.91476,143.47352,163.39905,182.40291,125.02328,0.0,118.63925,127.46415,153.47486,153.55992,139.60438,176.84383,138.82497,147.08062,168.17941,152.04037,155.56609,150.92395,165.9564,154.60985,180.68642,170.96585,180.97947,141.42351,164.74523,154.88139,157.49064,126.56293,184.44848,178.84317,149.76001,150.97613,189.63645,121.95662,171.7875,186.62382,198.82062,196.354,185.53901,181.86982,194.54115,156.65156,139.40673,197.05678,189.47355,126.96485,158.69571,193.46297,183.52017,183.2842,199.63061,133.56512,193.8069,148.09402,168.64473,174.23828,179.52455,118.35291,194.79283,150.02238,189.3141,143.73198,166.45672,199.71023,170.98056,139.16979,116.62745,186.13592,187.16871,143.15891,175.94368,122.73844,190.62261,160.40845,159.40453,158.7869,150.44205,102.26551,172.91265,135.98956,107.35153,161.20397,187.73975,116.52674,171.12776,117.32256,116.51745,144.51045,146.67177,180.60177,161.32191,142.58216,195.90758,152.12782,172.01828,152.09157,158.15684,171.01723,186.21083,129.18884,157.94126,165.31955,181.59011,189.19805,182.40278,168.58982,114.7576,174.66308,150.87431,201.51452,144.26321,149.50387,169.83232,148.67359,194.39113,177.57119,118.80743,143.47354,121.48277,152.71088,142.68483,154.3516,175.66722,191.31747,171.76392,172.83472,162.28079,146.75972,186.84953,112.98977,141.63839,189.06136,193.4734,126.3962,183.4253,176.50342,144.69303,193.49046,190.23882,184.14036,151.93709,163.38673,150.82986,175.48951,134.48177,1
143.66753,172.82503,165.83614,118.60358,173.10749,113.50083,137.63135,148.32616,164.17592,128.28257,118.63925,0.0,118.67171,135.08525,136.02886,146.08286,164.12777,147.15184,128.98467,150.59387,156.42,148.46601,145.63581,149.26538,137.76008,162.36371,160.57151,174.18523,126.8954,147.87383,138.07814,139.01039,111.87176,179.16212,160.66384,134.60096,148.60283,184.89515,133.9771,168.18897,170.12622,193.16576,186.72499,175.08189,167.191,178.4094,146.20142,122.06235,182.23599,171.18611,140.43955,140.91871,176.04199,180.56146,175.60251,182.35468,115.8139,176.31191,151.57421,167.54436,155.60922,163.15151,113.91212,185.08288,133.56309,172.60937,127.50597,156.42292,182.53747,163.06046,137.21497,109.89632,179.92158,174.88564,151.85835,165.02806,104.25024,183.60207,164.52293,140.844,159.9433,134.64419,117.50307,166.21352,131.80323,113.18995,157.11252,170.0218,125.31257,169.70568,114.9985,117.04587,133.7074,130.48444,165.36214,142.68457,126.0,185.10698,133.89881,157.25179,133.64869,142.83431,168.82634,168.02523,117.54129,139.70147,151.75034,163.20532,174.66074,165.32167,165.8819,104.00797,163.67611,138.8678,184.621,134.48738,152.02866,151.27997,157.03237,177.41932,165.44671,133.86059,131.73445,134.05836,141.54837,132.55565,158.01063,164.04342,173.11562,159.78659,168.21805,162.04104,129.81357,172.11383,106.18515,124.68465,179.21015,177.77512,138.02948,165.1105,174.77308,146.2158,179.50081,174.27019,181.23415,133.46923,154.06855,138.13798,170.88602,123.0943,1
128.31719,154.15344,161.35418,136.90008,155.06588,128.16352,118.96042,136.96344,160.88201,116.65265,127.46415,118.67171,0.0,141.65343,145.80419,132.99652,149.38596,135.55093,127.81435,145.1556,140.84612,130.06741,126.96651,141.25523,148.91663,159.69143,143.82981,155.89201,142.23841,140.39788,149.29656,144.49424,109.29893,160.59482,157.24862,148.56497,130.24806,166.27961,128.9587,149.52361,161.08198,174.69218,169.64003,158.45582,154.89256,168.47857,129.39112,119.39148,170.04123,168.00636,135.44676,136.82837,169.2675,161.90707,157.58691,175.04729,117.17252,169.76012,135.73527,149.21057,156.46564,153.96598,109.13088,168.03709,126.02837,163.99642,120.19652,139.41421,174.94289,145.05205,119.48116,128.07373,161.51591,159.71556,140.03912,148.68258,120.00349,165.41296,148.39666,145.36868,142.48433,125.4079,125.27389,147.85401,113.55121,126.7267,138.4461,164.35458,120.84712,151.28432,110.43742,112.27459,150.94051,122.62182,153.96896,145.43732,119.94108,168.75149,132.70207,145.20124,133.9417,132.1136,150.28182,164.3853,104.16678,146.60408,138.05799,160.90674,162.10157,157.80904,147.28721,118.5436,147.37851,123.42677,176.28184,117.04426,135.58494,155.08041,144.4307,169.37837,150.11826,132.40707,116.05638,129.6262,125.27936,150.12293,141.90309,148.26273,169.4131,144.31296,149.56298,144.01714,141.63327,159.85942,118.08611,120.01818,162.22179,167.03575,131.46834,162.28808,156.26405,129.58448,166.18708,164.07097,162.5816,133.99924,136.61573,154.06512,152.23468,107.32933,1
169.57482,184.59285,138.92648,142.32789,177.6584,146.45596,154.25211,139.4908,135.75906,157.78412,153.47486,135.08525,141.65343,0.0,107.97457,174.64894,158.31027,177.10443,117.27738,129.2347,181.63296,159.38687,160.44989,133.31701,112.43065,133.34369,161.50363,180.27487,121.77381,131.51981,112.77156,104.24633,133.4283,187.43042,133.03021,119.30842,166.95611,193.47721,167.45579,180.95486,150.32483,199.17302,185.10865,173.10549,154.73031,159.02168,151.14442,123.32374,167.06997,141.70935,174.14573,122.10215,151.3057,192.75276,179.69956,157.76524,124.57502,151.17951,176.48656,184.31138,123.10561,145.05289,144.51432,183.47806,127.04425,151.57715,127.12505,159.19897,158.40467,168.84181,159.17229,138.93657,186.34101,168.29496,181.6503,163.73947,130.85608,187.96962,188.50588,106.72361,180.89669,130.0741,152.53667,173.79547,152.99245,146.99755,171.03319,144.31948,158.50918,185.69697,146.29259,148.90631,131.82182,127.57016,151.29203,110.44603,125.7588,180.90816,115.90537,146.7002,113.1802,135.38652,183.75889,139.55211,137.57533,104.9592,146.69223,133.54294,161.42572,143.59052,180.44215,139.09244,162.4949,143.23994,161.53842,145.84168,175.82506,116.63691,186.08178,154.65746,160.97603,168.44729,140.62508,167.76465,146.69372,133.07766,182.23153,161.18084,144.129,156.96814,179.2531,180.83029,112.22452,158.61346,141.21676,124.38068,178.05001,160.09846,170.99251,135.89298,189.64028,169.92049,167.32174,156.02867,193.43695,112.77372,159.04354,128.18194,181.53121,138.73669,1
174.08907,191.52481,145.62575,139.57766,185.18531,145.75245,160.06002,147.38191,142.16237,161.21431,153.55992,136.02886,145.80419,107.97457,0.0,178.59762,166.23366,180.68921,124.28488,137.03002,186.45623,166.08108,166.67449,141.2856,104.47382,139.65176,169.13959,187.70444,116.52259,139.49007,104.83028,110.4151,136.93892,194.72853,139.74328,111.96801,172.79971,200.78582,169.62401,187.74096,157.9058,206.71489,192.99686,180.96684,162.68183,166.5451,158.29809,128.96326,174.86041,147.58537,176.22288,130.07518,158.18455,199.70237,187.27225,164.56704,128.71022,157.98387,181.31212,190.62194,128.40992,152.83542,147.24027,191.36141,134.40066,159.01006,133.68978,166.67917,165.28207,176.19528,164.25031,137.83427,193.78568,176.25923,185.32502,171.52035,131.81912,195.57157,193.65279,112.95753,186.52319,137.40795,152.9408,181.04295,158.02381,146.61264,177.56142,151.14776,160.73819,192.12721,148.91103,151.4458,125.24069,134.53677,159.2165,117.25013,132.12922,188.85469,123.64402,154.67067,120.9423,143.14529,190.30901,145.81692,141.91782,107.5494,154.50332,139.62803,169.33224,151.06484,187.00564,139.96311,170.26135,150.2286,168.55378,152.08978,180.86762,120.30205,190.01004,161.81592,168.8714,169.88677,146.95582,169.81327,153.71205,126.78152,187.26736,169.01689,150.10486,164.77187,186.21476,186.80678,107.34538,166.52275,142.19701,130.54915,185.89919,167.76545,173.43259,142.04287,196.25191,174.89338,175.2411,163.68647,200.3901,120.52144,166.34109,120.69502,188.5553,143.93943,1
107.84433,144.9335,189.34419,159.22173,155.52907,146.84356,127.65603,160.44999,189.82687,117.84799,139.60438,146.08286,132.99652,174.64894,178.59762,0.0,164.08737,104.62354,160.06106,173.62466,112.89745,135.63925,129.25643,167.91912,181.46467,189.13803,153.65811,154.04343,172.79779,167.68339,181.83334,177.42421,141.66057,154.31995,186.31265,180.04889,123.17875,158.08519,119.31578,140.48503,184.31413,167.99411,173.27216,165.67406,173.86002,189.81603,143.80496,151.98875,187.44426,196.67559,119.31504,167.03261,194.55835,149.82026,157.76065,199.36618,150.14147,195.25979,110.49411,133.89224,187.97798,177.74426,132.3896,172.05642,155.55629,187.52147,151.02584,149.43587,198.92527,148.12919,119.04562,151.88623,157.44868,171.541,107.54929,158.80953,149.35366,162.91603,121.06126,178.17943,122.32325,153.76799,137.93047,147.14247,123.70637,144.85563,133.06658,191.09807,123.24353,136.52071,131.10634,129.08405,179.5828,152.61653,174.60279,177.90772,151.41707,175.50587,164.58584,166.09699,166.20796,157.45497,137.55857,192.87988,137.08452,179.59777,157.5056,190.5421,179.65933,183.16834,136.32302,143.36836,157.96048,144.15632,199.24243,136.15715,112.99808,187.59637,111.43538,193.19336,163.12727,125.49597,140.08831,120.26962,143.17254,178.24025,115.59993,160.32575,197.60266,158.14655,143.13331,127.22019,173.88807,178.26125,141.42224,152.0108,167.32807,187.26135,115.99201,191.49811,141.74164,112.29853,181.73104,185.41104,150.31222,166.32595,145.59895,184.21204,145.34385,136.96355,1
156.24662,139.30096,139.82845,182.16216,124.85552,176.46924,137.90216,118.90696,142.93443,159.02875,176.84383,164.12777,149.38596,158.31027,166.23366,164.08737,0.0,168.6396,143.6952,132.62409,160.83504,128.52263,134.85162,126.01458,170.70743,144.08125,111.78772,128.60529,174.81577,127.62762,171.05988,157.25407,152.39059,136.61081,141.00001,176.2752,141.82635,141.80931,172.99939,138.51793,125.96078,144.22593,126.90018,115.25272,111.95393,127.92981,121.34135,144.81613,123.38599,147.06763,177.93013,136.37851,137.61969,145.75423,125.84873,140.08237,150.49323,138.58009,157.46926,146.96861,151.76107,122.61007,158.51405,125.30413,133.86347,128.91715,138.19625,115.01311,139.20957,121.57418,146.3272,173.89501,133.60479,110.84565,170.95201,108.7839,162.78464,132.9106,162.54999,155.6345,152.30075,131.44544,174.65967,126.61577,144.85091,175.34711,135.59552,137.94117,167.47345,146.55285,159.71063,161.13231,185.88329,135.64359,114.92186,151.96305,140.07473,122.71079,142.74746,112.44997,145.38042,123.75312,143.63457,143.74473,147.97528,160.95222,112.70395,145.66508,115.813,129.28338,141.07661,165.88442,108.4762,125.97266,138.18418,133.09594,154.98781,158.14555,171.93489,134.0142,103.1816,178.3998,133.3872,173.99274,124.34932,186.22987,159.2044,105.44841,146.45951,105.94165,134.85108,148.41103,167.85917,115.00294,166.24049,141.88697,120.22851,124.5823,173.33904,144.92028,147.39078,152.23734,117.78473,124.09834,146.29253,145.81033,118.74754,184.82599,135.6597,142.44518,1
112.40357,149.10252,193.21688,159.08783,160.05729,146.58008,131.91514,164.58383,193.57898,119.48035,138.82497,147.15184,135.55093,177.10443,180.68921,104.62354,168.6396,0.0,163.04412,177.3818,115.76728,140.22333,133.83248,171.84418,183.37585,192.81561,158.26505,158.5043,174.02644,171.54446,183.73654,180.037,143.81759,158.56278,190.03809,181.50657,127.79847,162.16174,117.43231,144.73823,188.58428,172.0892,177.81819,170.29169,178.31131,194.2085,148.232,154.81362,191.98228,200.48242,116.02113,170.50827,198.7099,153.68106,162.26857,203.60314,152.53091,199.39596,114.46649,137.77381,191.24823,181.95474,133.82454,176.61491,159.05762,191.7825,154.28381,154.02701,203.18472,152.7392,123.22097,152.18683,161.78545,176.15519,104.70878,163.42328,150.65956,167.28986,123.33456,180.9124,126.08987,157.39932,137.34431,151.68732,127.43515,144.6082,137.6096,195.11026,123.01019,140.38718,132.37093,130.12475,180.28176,156.02314,178.98348,180.83941,154.55583,180.10717,167.69542,170.42573,169.20164,161.42099,141.59299,196.70016,139.70123,182.0631,161.85225,194.19414,184.17695,187.28013,140.52502,144.15564,162.56823,148.27206,203.56783,140.165,117.13311,190.51596,110.0206,197.45059,167.71198,123.11303,143.87345,118.24259,147.43232,178.83708,118.66509,164.91909,201.47287,162.698,147.4972,131.1728,175.68028,182.74732,142.09799,155.03304,171.91887,191.69912,113.48336,195.21705,145.50916,116.91564,186.30467,189.79196,154.14846,169.29772,150.18995,185.24179,149.65389,140.11363,1
154.23149,167.35274,136.85439,143.1545,161.04274,142.37703,137.50436,124.96651,135.32288,144.46663,147.08062,128.98467,127.81435,117.27738,124.28488,160.06106,143.6952,163.04412,0.0,121.85026,165.75331,142.1111,143.33736,122.05102,128.58814,133.64649,145.20469,163.47504,131.17638,120.38038,128.97558,118.55752,121.82924,170.44728,131.76463,132.87896,150.09399,176.50557,156.11253,163.68198,142.45403,182.56838,169.90633,157.76917,142.70033,151.0831,134.01732,108.53602,156.80078,142.40491,162.76594,112.0992,147.26828,175.52055,163.18414,153.66703,113.53988,147.48532,160.64775,167.11736,128.75866,135.85641,133.31565,168.24531,110.28129,144.61207,110.01491,142.51579,153.93608,151.93341,143.21344,136.65629,169.56255,154.26307,167.37854,147.99312,125.60563,171.51435,172.21004,118.63253,164.16286,113.21998,145.5366,156.75824,137.20815,142.17444,153.77867,141.08692,147.41098,168.46026,135.16825,137.74766,142.26702,110.30593,139.94782,117.85533,108.94584,166.37419,105.14309,133.39958,106.15757,119.95491,166.49489,139.13285,123.67659,121.62554,131.30241,134.61423,150.00598,136.96242,163.17681,132.50013,146.687,126.00333,156.27446,128.77745,159.7271,127.54319,171.37207,149.04997,146.02216,158.46879,123.53751,156.63679,129.47362,142.73889,166.09493,145.76607,144.23808,141.39781,162.02238,163.82296,124.39405,147.23941,134.09731,108.05983,162.60347,151.09942,159.03394,136.37583,172.36685,153.96132,155.55622,147.27703,176.20618,106.26498,142.06579,141.23001,164.32863,123.14814,1
166.57429,167.02524,116.20111,164.85087,155.85123,164.06936,146.92428,116.90655,116.20257,160.9077,168.17941,150.59387,145.1556,129.2347,137.03002,173.62466,132.62409,177.3818,121.85026,0.0,176.059,145.70128,149.67094,107.35598,141.32558,115.66046,139.64568,159.18895,149.6682,106.55452,141.61901,126.88886,141.88256,167.07722,112.70962,148.51336,157.56902,172.80949,174.0687,164.58772,121.43393,176.48517,159.1798,147.86585,126.26654,130.2022,135.2583,128.78118,137.83889,123.1347,180.44706,109.75106,125.45646,174.66546,157.38124,131.82347,134.8245,125.7184,171.34117,170.70339,119.45041,115.81823,152.60804,157.65157,119.12728,123.17059,125.14888,139.16977,132.08627,149.0981,154.85442,158.5064,164.86519,141.18402,181.17385,140.01085,147.39442,165.07608,180.86669,124.73046,171.36157,120.13871,166.46699,154.56882,149.95847,163.7517,157.12341,119.5708,165.95493,171.2845,154.38535,156.77127,160.43572,122.54335,122.53261,120.57208,125.89428,154.0502,117.5784,120.17465,119.08795,116.98713,168.73097,119.39414,141.51748,130.44912,124.23153,117.16307,132.47158,115.28599,165.54975,153.91105,139.0309,130.58652,134.49214,137.73666,169.69463,125.56634,184.19806,127.27855,135.69997,177.45306,133.537,174.76587,132.88436,161.40014,175.58906,136.85176,124.32811,133.41491,161.79634,169.39311,140.84935,129.68651,155.31906,126.60298,152.82538,130.95559,176.27632,117.89556,173.88865,164.72403,138.4268,126.91318,175.29632,119.46046,140.72509,157.39122,163.49451,138.5002,1
112.77464,134.74397,190.98351,170.97236,147.70904,158.81572,129.2683,161.11936,192.05313,128.51137,152.04037,156.42,140.84612,181.63296,186.45623,112.89745,160.83504,115.76728,165.75331,176.059,0.0,132.88135,127.22766,169.62259,189.71397,191.71726,149.46402,145.54784,182.51293,169.72248,190.09712,183.93743,150.07067,144.36603,188.70715,189.2684,119.38536,147.36944,132.21317,130.81468,183.60158,157.29061,165.43746,159.49461,171.71894,188.03123,142.77198,158.36746,184.05098,198.56302,131.753,170.8148,194.54417,138.45604,149.66808,198.72463,157.75294,195.33677,105.14926,122.76831,192.2326,177.55524,142.50795,164.40742,159.50843,186.83527,156.03315,145.82249,198.12568,142.01877,122.54599,163.20617,147.98589,166.69684,114.28369,154.22523,159.24049,153.6317,108.38081,184.33359,111.20168,157.23083,150.24789,139.72931,128.6563,156.83095,126.22222,191.96548,135.52687,125.30294,141.53801,139.90925,190.12709,157.02722,173.13507,183.45305,156.82379,168.62375,169.76627,165.23558,171.74084,159.19101,126.91904,194.74169,144.5724,186.49344,156.70727,193.21966,176.64788,183.54514,126.48389,154.17209,153.62493,145.51136,197.9336,138.59745,106.37014,193.06183,112.22989,192.46895,159.28876,138.36221,143.4188,133.1649,143.60251,188.94663,102.94655,156.34814,199.16357,155.04641,134.09382,116.55654,182.47918,175.6638,152.41292,157.78207,160.30041,185.07111,128.79269,193.86041,130.18145,111.79377,177.81576,183.78375,138.87689,171.92721,142.13633,194.1878,135.90107,142.91739,1
127.82056,125.69102,159.38371,166.91947,125.22671,157.92887,112.13445,129.42063,160.99217,133.40179,155.56609,148.46601,130.06741,159.38687,166.08108,135.63925,128.52263,140.22333,142.1111,145.70128,132.88135,0.0,106.40213,138.65416,170.17315,161.04541,118.15421,125.83183,168.24534,139.15084,170.56897,160.38396,137.26636,130.80609,157.90084,172.71149,113.52732,136.67404,146.58845,121.67992,150.78349,144.70059,141.16583,131.42359,138.91947,155.19163,110.5308,137.63056,151.90849,167.06534,150.73082,142.77737,161.88424,133.84839,127.76031,165.88695,140.51255,162.70745,129.12906,125.49999,163.82758,144.93168,138.04181,139.6792,132.97237,154.01365,132.3935,113.81114,165.2668,115.4264,118.96825,158.09128,131.4669,136.09198,142.43065,123.39912,148.97991,135.39055,136.0035,159.94223,126.02977,130.05473,153.30144,117.78678,119.77218,156.33817,111.84488,159.76834,142.76829,126.54905,138.56923,139.05067,178.32033,131.84885,140.25372,157.83159,133.97252,141.75719,144.51554,132.46671,147.04467,128.87771,124.42863,163.27891,131.02983,163.65452,124.06322,162.6247,144.23421,151.14198,121.10805,148.61098,122.45094,116.47697,165.05455,114.7674,126.77521,166.74764,143.52361,159.62847,127.48888,152.56396,119.408,147.65014,113.31157,177.91477,131.62905,124.70442,167.38331,122.59926,120.54774,123.69401,164.5465,143.03422,148.0739,135.62755,134.17609,152.31961,146.18304,162.90447,130.25863,123.715,146.09651,150.91767,134.53997,147.36176,109.9765,179.86135,123.09247,125.84875,1
121.42892,127.20363,164.0553,163.75279,130.09059,154.02653,108.00813,134.0645,165.37533,127.77243,150.92395,145.63581,126.96651,160.44989,166.67449,129.25643,134.85162,133.83248,143.33736,149.67094,127.22766,106.40213,0.0,142.90223,170.58003,165.23445,124.54132,130.06869,167.26767,143.18831,170.97677,161.86898,135.11202,133.8708,162.14605,172.35854,107.97885,139.41487,140.56754,122.63538,156.42867,148.14918,146.77229,137.52328,144.99712,161.18986,115.54492,137.76433,158.22904,171.69314,144.49564,145.67607,167.31734,135.05745,132.59844,171.56089,139.68552,168.10911,123.15643,123.9528,167.04807,150.32815,134.09146,145.34326,135.07997,159.66307,133.35114,120.21269,170.99099,120.81386,112.95194,154.95067,135.25081,142.47869,136.119,129.77102,146.66634,139.71093,131.22592,161.69458,121.7589,132.36291,148.67271,122.02628,114.96104,152.33352,111.59128,164.81631,137.29116,125.56212,134.37207,134.51892,176.90238,133.37738,146.12585,159.97901,134.69839,147.77405,146.3577,138.04935,148.73074,132.6841,124.02522,167.88076,128.71211,164.95137,129.49267,166.78162,150.50415,156.33918,120.82903,145.30173,128.84193,119.27958,170.93379,114.61339,120.96275,169.21288,137.41486,165.31162,133.88172,146.66259,119.82593,141.64155,116.79443,176.32015,126.27901,131.10545,172.17247,128.91548,122.62078,120.57304,164.44574,149.22481,144.5141,136.16605,140.0011,158.41853,139.97128,167.23921,130.06299,117.44477,152.47484,156.86594,135.73927,149.00727,116.37859,179.0416,125.29953,124.1769,1
160.65368,159.66947,121.46752,164.93994,148.65462,162.73555,140.73988,109.5663,122.47668,156.25441,165.9564,149.26538,141.25523,133.31701,141.2856,167.91912,126.01458,171.84418,122.05102,107.35598,169.62259,138.65416,142.90223,0.0,145.71642,122.39563,132.37553,151.94023,152.24404,101.80889,146.04316,131.69845,139.39433,159.79817,119.26792,152.18742,150.85324,165.56425,169.81552,157.25237,120.86173,169.46484,152.84133,141.247,121.47566,129.26099,128.15228,127.22317,134.85908,128.96054,176.00963,111.35665,128.01238,167.31426,150.24717,133.87749,133.53118,128.51114,165.0184,163.47776,126.72462,113.95783,149.35894,151.27102,115.93428,123.39485,122.22519,131.81595,133.85657,141.75392,148.96034,157.90774,157.66744,135.28129,175.45596,132.98084,146.52112,158.04952,174.12779,129.87389,164.4824,115.87318,164.09707,147.22078,144.44698,162.19622,149.94455,123.4133,162.07508,164.01145,151.05473,153.28882,163.2566,119.30306,118.25769,126.04113,123.43574,148.07407,119.08859,113.73006,121.32043,110.50273,161.43545,125.13921,137.97015,135.37989,116.89534,123.97108,128.44083,116.59331,158.2696,152.23617,131.94755,124.14519,135.55847,131.77993,163.2527,132.267,178.21754,128.4466,128.99156,173.65,128.06605,170.58075,126.12722,163.99203,169.01551,129.91135,129.71638,126.2925,154.44314,162.33992,144.08799,125.63034,153.39741,124.59739,146.23164,129.06834,171.70442,124.33768,166.55696,158.48686,134.22241,125.30346,167.94622,121.7459,133.38865,160.99966,156.13875,134.20672,1
177.23336,195.68773,149.29816,139.16994,189.56609,146.45482,163.80955,151.85485,145.69872,163.90222,154.60985,137.76008,148.91663,112.43065,104.47382,181.46467,170.70743,183.37585,128.58814,141.32558,189.71397,170.17315,170.58003,145.71642,0.0,143.15561,173.55697,192.05242,115.17725,143.92421,100.39682,114.50855,139.86066,199.02834,143.4509,108.7507,176.53606,205.0877,171.6527,191.84869,162.04332,211.09676,197.46881,185.43558,167.0864,170.6384,162.56684,132.8161,179.1264,150.81839,178.17649,134.53163,161.91438,203.86815,191.66711,168.23954,132.0153,161.67276,184.58141,194.53238,131.56051,157.10715,149.69147,195.83286,138.7631,163.05631,137.81623,171.05064,168.99601,180.52118,167.67709,138.43555,198.13727,180.72462,188.04242,175.97437,133.64874,199.97419,197.04689,116.91742,190.14326,141.75917,154.16779,185.32963,161.4519,147.48056,181.57469,154.86893,162.84543,196.08649,151.29585,153.77116,122.3392,138.78641,163.59393,121.24226,136.2008,193.32643,128.10334,159.13071,125.40673,147.59906,194.31941,149.26174,145.14415,111.22501,158.96513,143.02027,173.69116,155.14713,191.02422,141.59013,174.71225,154.45056,172.34124,156.0366,184.2366,122.96114,192.83859,165.69704,173.34426,171.54117,150.94898,171.78055,157.93923,124.09733,190.62109,173.48202,153.37647,169.23129,190.39222,190.579,107.95061,170.88474,143.84729,134.56511,190.36589,171.94974,175.58111,145.45088,200.28327,178.2442,179.61066,167.86757,204.55696,124.98456,170.65287,116.96992,192.75544,147.50737,1
