Vértice_1,Vértice_2,Vértice_3,Vértice_4,Vértice_5,Vértice_6,Vértice_7,Vértice_8,Vértice_9,Vértice_10,Vértice_11,Vértice_12,Vértice_13,Vértice_14,Vértice_15,Vértice_16,Vértice_17,Vértice_18,Vértice_19,Vértice_20,Vértice_21,Vértice_22,Vértice_23,Vértice_24,Vértice_25,Vértice_26,Vértice_27,Vértice_28,Vértice_29,Vértice_30,Vértice_31,Vértice_32,Vértice_33,Vértice_34,Vértice_35,Vértice_36,Vértice_37,Vértice_38,Vértice_39,Vértice_40,Vértice_41,Vértice_42,Vértice_43,Vértice_44,Vértice_45,Vértice_46,Vértice_47,Vértice_48,Vértice_49,Vértice_50,Vértice_51,Vértice_52,Vértice_53,Vértice_54,Vértice_55,Vértice_56,Vértice_57,Vértice_58,Vértice_59,Vértice_60,Vértice_61,Vértice_62,Vértice_63,Vértice_64,Vértice_65,Vértice_66,Vértice_67,Vértice_68,Vértice_69,Vértice_70,Vértice_71,Vértice_72,Vértice_73,Vértice_74,Vértice_75,Vértice_76,Vértice_77,Vértice_78,Vértice_79,Vértice_80,Vértice_81,Vértice_82,Vértice_83,Vértice_84,Vértice_85,Vértice_86,Vértice_87,Vértice_88,Vértice_89,Vértice_90,Vértice_91,Vértice_92,Vértice_93,Vértice_94,Vértice_95,Vértice_96,Vértice_97,Vértice_98,Vértice_99,Vértice_100,Vértice_101,Vértice_102,Vértice_103,Vértice_104,Vértice_105,Vértice_106,Vértice_107,Vértice_108,Vértice_109,Vértice_110,Vértice_111,Vértice_112,Vértice_113,Vértice_114,Vértice_115,Vértice_116,Vértice_117,Vértice_118,Vértice_119,Vértice_120,Vértice_121,Vértice_122,Vértice_123,Vértice_124,Vértice_125,Vértice_126,Vértice_127,Vértice_128,Vértice_129,Vértice_130,Vértice_131,Vértice_132,Vértice_133,Vértice_134,Vértice_135,Vértice_136,Vértice_137,Vértice_138,Vértice_139,Vértice_140,Vértice_141,Vértice_142,Vértice_143,Vértice_144,Vértice_145,Vértice_146,Vértice_147,Vértice_148,Vértice_149,Vértice_150,Conjuntos
0.0,127.50431,117.55192,107.86695,185.05786,142.45244,142.3485,173.87573,165.66343,140.22202,118.72303,153.5508,109.96813,189.11759,129.56521,174.82777,172.61373,127.62456,153.92104,131.44413,136.29253,163.95365,151.70706,113.32375,159.08033,163.72439,184.42207,137.95766,120.10419,117.21452,148.34692,182.80054,135.74883,136.21079,144.28415,157.69761,148.56377,126.96133,132.29744,133.44478,178.05253,143.33961,120.69652,173.64281,162.70622,178.92868,149.11069,107.17022,139.49257,111.27117,171.26943,101.60511,148.96205,175.05789,116.5483,180.93197,174.31251,124.10429,184.43181,133.85128,111.91665,139.72807,176.94991,143.13384,134.38831,137.90248,140.14337,124.04565,191.37884,130.51268,119.89113,121.4098,152.4464,147.60063,114.45024,140.06654,184.8003,148.00652,184.32778,147.22437,130.9127,129.94703,176.31951,141.64967,161.30248,174.9523,131.94841,146.2884,144.18513,118.55354,175.56751,125.52906,177.79875,127.75066,159.50626,139.18555,137.88468,126.67315,146.78289,150.3095,159.28233,177.98739,188.28245,122.5222,138.15325,153.95373,136.10652,139.41264,164.97013,120.21933,111.40614,145.53141,169.501,155.92702,117.49937,135.21606,118.45978,171.85572,166.93895,143.7416,166.6547,156.82843,169.3434,186.35295,153.2108,152.53772,138.03003,165.2957,187.85404,164.15414,182.57801,180.67249,175.13662,174.01034,130.60858,183.31309,167.12687,127.26298,149.4103,115.43702,193.66401,120.28108,160.53211,106.30298,112.9694,151.08448,163.59721,171.83623,165.71527,142.99348,1
127.50431,0.0,137.62024,131.43768,164.27087,127.78286,130.46361,151.23839,155.50486,149.8376,133.77788,154.15841,137.21263,161.61944,143.73212,151.38233,154.80124,138.49944,144.83372,124.36808,150.51935,149.38211,141.51094,127.64934,141.26521,139.61146,162.11164,154.64411,109.48297,121.4379,121.88444,155.68049,151.70011,125.22139,121.94002,140.01043,142.72954,149.5782,148.3632,137.79996,151.10535,161.10661,119.48888,147.57734,135.64533,155.14486,139.69326,128.91923,135.85943,132.6064,157.70956,129.08632,151.89422,149.43393,131.7964,153.44543,154.56012,131.91693,165.00534,126.81502,137.71111,112.63247,155.2496,132.81866,106.9397,140.79853,144.24345,131.48903,174.76762,140.37984,113.11146,109.21716,157.26238,150.00863,135.89595,133.94104,157.92645,120.58835,159.25315,121.70844,118.98354,121.49594,151.40782,115.17305,133.80696,155.87438,153.35326,138.84539,122.10612,127.88149,148.85251,132.25193,153.10851,148.75635,138.75209,157.79239,139.68287,141.98172,124.77174,136.98788,137.45391,152.59723,161.77028,122.99184,121.10087,145.06153,128.65378,120.34306,138.63273,139.24313,124.38131,127.32357,146.28545,143.61385,116.98837,137.2229,113.26486,155.60902,142.7976,116.61951,145.66637,141.09658,148.0771,159.83098,146.39991,147.0889,136.95388,141.06935,171.77405,136.66787,161.36847,155.15944,150.62889,149.33754,126.85611,156.07977,144.6863,126.68134,122.44491,134.84431,177.43978,122.07085,140.87087,122.58558,137.24971,135.54906,144.28317,145.52273,138.22099,115.70597,1
117.55192,137.62024,0.0,109.69219,182.86201,158.46744,138.51228,173.91865,157.33381,124.22013,106.22418,140.4153,114.10181,197.14688,145.48781,175.60028,168.7903,113.29071,171.15388,128.21833,119.0239,158.57836,168.77591,110.04696,174.77059,165.86559,183.61749,120.40971,133.54027,134.36228,159.49599,192.62646,118.22602,152.67465,157.98268,173.39754,139.67602,112.01606,114.82228,150.90423,183.48158,125.95721,137.43897,177.60728,168.96596,192.35853,166.23061,110.90847,156.9536,106.3753,164.61697,116.77391,166.25635,178.32668,133.57828,189.25773,171.85487,114.06295,181.14639,129.55439,109.70709,150.15749,175.9639,138.10949,143.55304,155.37448,157.48703,114.36278,185.66026,147.43071,125.33552,128.82505,169.43713,134.1925,129.55883,133.14374,195.13791,156.06041,186.49957,159.22137,131.04161,146.4495,178.62055,148.44266,169.35406,171.92517,115.86447,163.5713,157.99333,136.09447,186.23433,115.47093,179.76906,111.28439,159.03302,121.92499,126.51127,109.83056,148.88188,145.81183,173.55291,190.20347,199.20419,139.7323,153.35481,171.20725,131.24259,140.93644,176.20901,102.71955,113.25696,160.75298,170.36101,149.96499,133.67399,124.43243,124.66797,166.966,168.89093,151.28637,165.74047,173.01158,168.46146,197.26712,144.21822,170.03086,155.57237,178.35692,181.9186,172.79445,180.86538,183.55967,177.02287,176.14119,125.55253,189.39556,181.21481,144.63944,156.21502,131.35723,187.57782,137.45295,159.10686,123.03397,106.79625,147.92133,161.61602,183.08296,174.22031,153.0042,1
107.86695,131.43768,109.69219,0.0,183.87502,149.60157,139.96993,173.62803,161.67193,132.95618,111.74141,147.47584,107.98796,192.61264,136.40947,174.91664,170.63086,120.72693,161.66704,128.99013,128.55601,161.2192,159.37788,108.41961,166.10665,164.34975,183.85819,130.09202,125.67328,124.88006,153.10849,187.11041,127.90869,143.56879,150.28238,164.7261,144.15493,119.62804,124.47746,141.23171,180.29434,135.5001,128.15006,175.1825,165.23586,184.92117,156.80347,102.57419,147.33266,103.55712,168.04017,107.11763,156.64764,176.2867,124.02712,184.53372,172.94707,118.44359,182.76113,131.02462,106.42992,144.04447,176.26006,140.25634,137.98224,145.69884,147.85636,118.50946,188.66865,137.95485,120.97058,123.66042,159.95542,141.36794,120.62562,136.31133,189.3561,151.2523,185.1086,152.39557,129.96544,137.30725,177.11339,144.19433,164.66802,173.33832,124.4052,154.0538,150.23766,126.40228,180.24642,119.96181,178.45102,120.07508,158.89894,131.37185,132.29303,119.03059,147.17891,147.7925,165.6253,183.40519,193.12133,130.23305,144.87721,161.70888,133.1127,139.39089,169.87668,112.3755,108.87366,152.29541,169.59061,152.85335,124.60854,129.78518,119.84474,169.39846,167.50551,146.6852,165.91901,164.0869,168.64488,191.18299,148.81987,160.39122,145.89677,171.07598,185.03281,167.8183,181.59718,181.75987,175.73369,174.71147,127.31939,185.8831,173.40369,135.06174,152.06999,122.16626,190.80216,127.96752,159.50765,113.61145,105.94074,149.16508,162.3554,176.7753,169.32498,147.14067,1
185.05786,164.27087,182.86201,183.87502,0.0,184.29002,144.3631,114.27729,134.72013,172.60108,176.63787,157.75766,191.82175,153.10955,207.82787,116.0729,115.18494,172.44492,201.11469,155.048,179.91659,126.44588,197.61264,175.7228,188.12935,126.54534,106.68204,185.49969,173.41836,185.48119,161.20754,160.53029,183.01857,185.51645,171.95867,187.60301,147.07154,192.17,181.83287,201.65298,136.07529,190.67333,183.75956,129.23152,140.42149,181.02319,196.92742,181.67876,197.50595,182.36174,125.54616,186.21174,214.42432,126.04216,195.12899,151.54642,111.00723,168.94631,105.36974,153.37753,189.57654,160.25355,109.36603,144.85548,159.14579,204.14713,207.65652,168.59685,118.34171,204.64911,165.42017,165.03622,220.11798,160.71844,197.65882,150.34136,164.35271,150.70847,121.12339,164.65739,154.20959,184.1435,121.66963,150.52996,147.7402,111.23406,192.4526,197.76332,172.46131,191.89877,162.61449,167.67255,119.99485,189.22221,125.83268,190.29521,160.14779,178.65342,139.6338,137.21323,178.3737,172.69839,169.52763,187.2283,178.49142,201.46173,151.61965,145.96883,162.82116,182.28047,175.16189,180.14206,119.43285,134.55442,181.02794,160.85873,166.92289,118.90626,124.07023,151.10331,118.70187,191.14728,116.19958,168.52675,144.12786,205.78291,199.47184,173.0112,118.51403,150.1789,103.21418,124.12237,120.20841,121.51567,157.35156,140.49236,180.12179,190.53923,146.62,197.29418,120.99269,186.33473,124.52598,182.98623,187.38125,134.95872,121.52783,164.66064,149.61316,158.12173,2
142.45244,127.78286,158.46744,149.60157,184.29002,0.0,157.81032,170.117,182.24487,175.7986,156.70777,181.85064,151.6712,162.20805,137.64948,169.09206,178.05314,163.48891,117.5939,152.09485,174.90448,174.81521,114.10257,149.88124,116.68665,157.76323,180.47165,178.07518,125.82469,125.7767,123.87099,152.07153,175.38288,106.8077,112.73482,115.30788,170.45193,169.21768,171.86513,124.90139,159.84467,184.149,121.90428,160.25429,146.46808,139.63883,112.82789,147.72986,115.63486,152.26029,183.18235,143.84892,131.90945,163.09643,133.89398,154.47466,176.28673,157.32147,186.3203,154.58394,154.3555,124.54459,174.92459,160.31543,128.37748,124.70362,127.79679,156.96204,197.8217,131.60508,139.03056,135.44397,137.75353,177.47418,140.87852,161.72168,152.48936,133.58752,173.15064,120.41464,146.76285,112.70519,166.4881,135.1393,140.51341,178.08509,173.97164,113.52974,112.22554,128.32962,143.6453,158.01814,168.4528,169.54533,161.10141,180.29501,166.9847,165.49766,148.16687,163.62128,119.67616,141.63713,154.14048,121.21895,106.75322,117.88064,156.43643,146.48993,133.47572,160.78049,146.2506,105.76219,164.90873,170.19487,125.01208,164.40106,138.46168,179.82085,160.43421,133.65555,167.01727,114.55163,168.89828,152.4156,173.98851,121.5059,118.82954,128.27474,195.30277,140.691,181.12442,168.42793,166.60928,165.15072,154.38042,162.36763,127.17938,118.62474,137.67381,138.52654,200.65123,123.0484,163.90558,136.18588,155.28624,161.49729,167.25094,138.91705,142.17124,126.22896,1
142.3485,130.46361,138.51228,139.96993,144.3631,157.81032,0.0,136.00911,125.31906,132.95651,132.28899,127.48382,147.95785,167.64961,168.84768,138.10369,130.6691,128.93789,175.16196,111.01007,138.4884,121.62166,171.77681,131.64014,169.22204,130.25918,145.23566,144.07775,136.81797,147.64004,143.16491,167.08044,141.23119,155.68472,149.24664,168.1293,113.55995,148.26434,139.29087,166.38009,150.74972,150.11823,147.41914,143.27951,139.34673,176.14066,170.06796,137.95354,166.04981,138.17252,129.22709,143.2691,181.42295,143.07377,155.24866,160.96563,133.35711,124.70112,142.87579,109.03947,145.39671,135.6733,137.59473,102.83771,129.82192,169.94658,173.23228,124.32861,149.03119,167.21157,124.51361,125.95044,186.47629,125.77145,156.13669,108.10316,170.48595,133.46545,149.73816,145.21571,112.63674,151.68048,142.29866,126.36479,143.2112,133.52706,149.18341,169.30852,149.59048,153.48773,163.30245,123.51026,143.08169,145.54449,121.3475,148.68648,119.16178,135.09825,116.69316,107.9628,162.83769,170.72736,175.53338,151.13565,151.05711,175.40488,107.29141,112.33647,156.15753,138.03233,131.56919,156.30902,133.13536,113.99927,143.61426,118.62048,125.973,129.54464,132.80339,129.48748,127.54423,170.02899,130.22437,173.75124,116.3363,177.54966,166.79223,162.9486,145.51126,147.26905,142.35796,147.59265,140.38071,139.77815,112.99047,157.20596,168.58365,155.70003,130.81056,156.33398,151.32381,149.51764,120.84787,141.74794,143.10108,109.40926,123.14784,161.98417,148.16639,136.21359,1
173.87573,151.23839,173.91865,173.62803,114.27729,170.117,136.00911,0.0,135.41531,167.45543,167.7596,155.47486,181.42108,143.38295,194.96807,103.37151,116.33541,164.943,186.86208,145.70078,173.94166,124.57393,183.36469,165.83649,173.90443,112.36474,110.87359,179.5789,160.58622,172.64267,146.93631,148.93453,176.85032,171.54414,157.72425,173.36051,142.53982,184.1868,175.14573,188.13096,124.97974,185.30655,170.64721,116.90198,126.40096,167.92375,182.71181,171.27891,183.56949,172.54624,128.17925,175.14719,200.52942,114.1797,182.6593,140.20021,110.52633,160.50172,117.37626,144.55064,179.65367,146.2775,105.10613,137.29058,145.68411,190.45531,193.96697,160.1006,130.66436,191.4741,153.99522,153.07804,206.26143,157.03384,185.72216,143.2621,152.8184,136.53143,115.08236,150.39095,143.66681,170.44722,110.39778,136.91422,133.74222,112.94013,185.18991,183.61398,158.22843,179.08748,149.89903,159.40111,109.7278,181.53451,114.88565,184.29153,154.04452,171.10726,127.25979,130.38744,164.22424,159.85036,158.15224,174.01333,164.41716,187.21079,143.19676,134.47673,149.09067,173.72607,164.76887,165.89768,105.21296,130.31121,168.18173,154.14442,155.45227,120.81926,109.79306,137.20177,108.64794,176.88115,106.28296,156.93733,140.86957,191.5919,185.63986,159.16702,129.51985,136.43484,111.0707,115.1283,108.18679,108.95627,148.54033,130.606,166.25458,177.07296,132.48736,185.14702,133.53803,173.2687,115.25326,171.17251,177.71425,127.03138,113.83238,151.47584,136.01869,144.01814,1
165.66343,155.50486,157.33381,161.67193,134.72013,182.24487,125.31906,135.41531,0.0,140.84008,151.52371,123.72889,169.40899,177.37691,193.53704,138.71779,120.29239,144.69055,199.77556,134.85347,148.92454,111.21575,196.32665,153.33899,192.14988,138.45108,139.18509,154.16983,162.13628,172.80222,164.65402,180.50034,152.15716,180.64416,172.5362,191.17993,117.67233,163.9544,151.85284,191.66365,158.76029,158.45098,172.71507,150.24522,153.17981,194.72416,194.76935,160.13468,191.27368,159.09076,109.41747,166.31649,206.7419,148.39643,179.84018,172.63251,126.31885,143.68244,130.53022,132.20213,165.9952,158.75633,133.3878,123.47026,153.87823,195.26092,198.53639,143.50346,129.70105,192.26051,149.50265,151.22182,211.78546,127.87748,179.95487,125.59701,184.29433,153.66248,150.24692,167.31666,137.88063,176.89012,145.4353,148.35473,159.28478,124.61016,162.90336,194.23943,172.93745,178.49197,179.02406,142.16965,145.08734,160.59806,128.03985,158.89519,131.11641,150.44332,135.58008,118.62943,184.57233,187.95433,189.65999,176.42896,175.5269,200.03894,129.88756,135.75509,174.38577,155.90222,154.32388,180.13181,136.20151,112.0594,168.86015,132.93132,150.90174,115.95278,139.08862,150.90604,128.37467,193.54599,129.61574,188.13151,113.12668,202.52507,192.08803,182.84917,125.88363,163.13626,134.55863,150.49047,143.13399,143.40873,135.08582,164.98765,189.24135,181.0182,149.97211,180.45807,131.10138,174.77297,124.91978,166.07591,163.28949,121.03898,123.52572,179.01128,163.49244,158.4699,1
140.22202,149.8376,124.22013,132.95618,172.60108,175.7986,132.95651,167.45543,140.84008,0.0,121.5038,118.78847,138.31092,200.20196,169.36125,169.99047,157.45721,112.83732,190.78148,128.3649,108.33098,146.21726,187.96656,127.67899,190.80767,163.15659,175.19811,113.33167,150.03563,155.09199,169.65778,198.53162,111.52891,171.1025,171.77696,189.50434,125.53467,125.32495,112.22422,173.31821,183.67434,118.07363,157.27357,176.22716,171.54583,203.82973,185.62696,133.05403,177.75326,129.41276,149.74094,139.8958,189.01867,175.92487,156.76563,193.16521,162.12425,118.49442,169.52837,127.37463,133.85169,160.50591,167.8953,130.87462,153.46378,177.70758,180.1756,118.84169,170.54072,170.7326,137.07124,140.89982,192.65841,113.1709,153.51563,124.89713,201.68064,162.5591,181.9624,170.55426,134.12154,165.28997,174.85799,154.54539,174.34585,161.39892,122.89371,183.52794,171.94248,158.30392,193.71749,117.79672,175.4557,121.7928,153.61352,118.06176,113.79548,114.43972,148.82558,137.09245,187.21519,199.831,206.4495,160.2897,169.68239,190.90233,127.27585,142.10258,185.13248,121.67842,130.95185,176.6353,165.38035,138.11257,153.06387,114.73883,137.43706,154.32504,165.57585,157.84252,158.80959,190.05822,161.26642,204.58326,128.75344,190.78844,176.97323,189.87101,166.72218,178.2941,171.40556,180.21932,172.82408,172.35758,124.84116,190.10884,194.22072,165.43645,161.06412,155.1221,171.88958,158.04684,152.3366,144.3204,130.97656,140.69637,153.70637,191.59969,179.4144,162.43365,1
118.72303,133.77788,106.22418,111.74141,176.63787,156.70777,132.28899,167.7596,151.52371,121.5038,0.0,135.85351,118.43085,191.98381,148.04254,169.4828,162.58764,108.99718,170.50028,122.06573,118.39299,152.43674,167.89984,106.83694,172.6215,159.89572,177.41274,121.40823,131.0959,134.09328,155.46394,187.92415,118.67536,151.34355,154.94641,171.26591,133.8521,117.1764,115.162,151.89825,177.87681,127.65715,136.66963,171.80802,163.5862,188.89299,165.44206,111.56173,156.87322,108.35638,158.60432,118.45905,167.55434,172.43639,135.27073,184.19461,165.63071,107.94085,174.93679,123.34065,114.57816,146.05235,169.75936,131.89772,139.22709,156.31326,158.715,108.2045,179.59667,149.23571,120.91392,124.66292,171.15469,129.70269,132.34501,127.01073,190.5675,151.19847,180.47165,155.48527,125.18906,145.25728,172.62374,143.40447,164.35078,165.70564,119.96073,163.05344,155.00628,136.88689,181.8078,109.40651,173.73787,115.46524,152.87592,124.10417,121.10292,108.80133,143.01427,139.60069,170.60516,186.26866,194.79005,139.40521,151.1508,170.58748,125.01841,135.08605,172.03082,106.20404,110.45995,158.45124,164.26143,143.84107,132.61002,118.80771,120.52878,160.81011,162.89008,146.3733,159.54944,171.23273,162.26802,192.85926,138.44942,169.97297,155.8566,174.82704,175.86949,167.90505,174.64366,177.6102,170.99095,170.13467,119.33632,183.87827,178.11774,144.4935,151.0647,133.7946,181.55258,137.12829,152.90689,123.0204,111.7902,141.69785,155.3988,178.85784,169.28724,148.71798,1
153.5508,154.15841,140.4153,147.47584,157.75766,181.85064,127.48382,155.47486,123.72889,118.78847,135.85351,0.0,154.17562,193.4567,183.07871,158.45747,142.70316,127.17576,198.38647,129.79125,127.11216,131.68094,195.22537,140.22715,194.9921,154.31895,161.43531,131.77428,157.50165,165.49822,170.1985,194.01929,130.28139,178.39891,175.07374,193.8056,114.45198,143.86205,130.87572,184.61979,175.55894,135.27163,166.72355,167.38363,166.02664,203.56737,193.17654,146.77083,187.04425,144.2001,133.09892,153.67427,200.38404,166.34771,169.67935,187.35702,148.17661,129.44731,153.96398,127.42113,150.02488,162.05521,154.748,124.66554,155.53783,188.76988,191.64214,129.51945,153.04112,183.35238,143.53661,146.70447,204.67743,106.22619,167.8129,120.8238,197.53672,160.90218,170.52895,171.95334,135.40026,173.30751,164.35459,153.56087,170.46909,146.94641,141.68026,191.72233,175.35473,169.97424,190.6469,128.04137,164.52009,140.33833,143.69688,136.28679,115.92725,131.51456,143.92597,127.36333,189.49506,198.20796,202.67799,170.19012,175.23289,198.57302,125.83689,139.56025,183.63905,138.28354,142.58409,181.37317,154.63705,125.24076,162.47623,118.69516,144.49092,138.87991,156.06408,156.77213,147.164,195.18987,149.21036,200.93456,114.66679,199.60068,186.94905,190.22791,149.26807,174.53216,157.13088,169.71806,162.13016,161.99592,127.54298,182.05634,195.62544,175.27476,158.29095,168.98423,154.11417,168.12536,141.50616,156.10181,147.11421,131.43353,141.82039,189.4471,175.3421,163.06575,2
109.96813,137.21263,114.10181,107.98796,191.82175,151.6712,147.95785,181.42108,169.40899,138.31092,118.43085,154.17562,0.0,198.80833,132.06196,182.63308,178.61848,127.02568,161.80879,136.97678,132.61891,169.18207,159.89275,116.37108,168.35579,171.90124,191.72018,132.8584,130.07167,125.95437,158.28617,192.6937,131.24758,145.20412,154.17145,166.9755,151.81585,119.46108,128.14534,139.29966,187.2144,137.29945,129.76692,182.41754,171.98579,188.77817,157.24131,110.16102,146.92509,110.33884,175.93702,108.37112,153.9565,183.64658,121.60863,190.65039,180.9062,125.86208,190.74226,139.00739,104.54161,149.5807,184.13806,148.22611,144.02053,143.74327,145.40594,125.98923,196.62052,134.79377,128.1291,130.3482,156.6089,147.98201,116.26564,144.17685,194.73223,157.55773,192.63598,157.19165,137.80104,139.00476,184.62818,150.88311,170.92245,181.31471,124.75768,154.14631,154.05896,125.47825,185.51108,127.39077,186.01274,121.23603,166.74616,132.99252,139.4981,123.88518,154.76289,155.77564,169.02702,187.94297,198.24246,130.96614,147.75949,161.79977,141.08416,147.06462,174.9301,116.64678,116.68929,155.07799,177.30091,160.7891,127.03504,137.11487,126.85891,177.3763,175.08002,153.16037,173.79594,165.83679,176.51825,196.3121,156.46774,159.66993,144.96136,175.2068,192.9743,173.87571,189.5201,189.17844,183.30947,182.25348,135.28071,192.63755,176.8878,135.21375,158.7215,118.42222,198.73625,128.86377,167.42085,116.05701,107.34024,157.14711,170.2969,181.79942,175.42191,152.81397,1
189.11759,161.61944,197.14688,192.61264,153.10955,162.20805,167.64961,143.38295,177.37691,200.20196,191.98381,193.4567,198.80833,0.0,198.17342,140.06432,159.66575,193.11557,173.15071,172.62296,204.49866,166.16126,170.39873,187.24061,155.45297,139.43156,146.46694,209.76366,169.72485,179.21061,142.19205,112.03721,206.74384,167.35273,151.02414,155.75822,179.10448,209.04092,204.06241,186.67882,118.64646,216.19766,175.60715,127.15558,128.76707,135.87674,171.19944,190.04367,177.81351,193.19236,171.24974,190.70328,193.2484,129.32129,190.00729,108.24488,153.89168,186.96836,158.12234,173.04928,199.00915,149.61184,147.3636,170.1178,154.78881,186.89773,189.99942,186.49494,171.44947,192.69708,172.03973,168.98382,198.94219,193.08469,195.68949,175.71607,114.47657,141.36066,132.08954,144.56698,167.65592,170.10521,133.02385,148.71422,127.94472,156.28244,211.83271,173.88784,151.43413,184.75542,119.70433,186.47916,134.07879,207.42402,150.22726,213.92917,186.55517,198.43516,151.3764,166.09387,145.56676,127.47874,118.31573,177.5297,160.07423,173.54392,172.93693,158.41996,128.76524,198.10404,184.6007,156.4585,141.32657,169.15537,175.54948,185.48174,172.95478,164.05486,138.33341,145.98769,149.06326,160.07512,148.20311,118.11328,179.18424,179.65949,181.03567,136.47554,171.37237,124.97442,150.60305,129.15947,135.19634,134.53643,176.20949,112.81505,142.07432,177.84655,140.93859,194.04282,174.05853,178.0878,152.9479,183.92633,198.18634,162.02373,153.87157,124.39676,123.40346,146.26383,2
129.56521,143.73212,145.48781,136.40947,207.82787,137.64948,168.84768,194.96807,193.53704,169.36125,148.04254,183.07871,132.06196,198.17342,0.0,195.08339,197.31872,157.03002,138.51117,158.68443,164.45123,190.15574,138.1721,142.87286,151.94048,183.27865,205.84052,164.92025,134.42236,122.3517,156.44286,188.95209,163.26292,131.39781,147.21223,150.74876,177.13492,151.01884,160.07326,113.64845,192.14989,169.18978,124.49848,190.13511,177.03739,176.94133,135.67546,136.56079,124.51407,139.94857,198.04356,129.60957,123.40833,192.34638,113.71385,190.08658,197.78968,153.63825,208.22368,161.33998,136.55163,151.33131,198.91531,170.23216,149.66001,116.55386,116.28079,153.5593,216.97019,106.31276,144.35213,143.52776,124.95127,177.15954,115.9337,168.22895,189.73681,161.76423,202.38788,153.7202,156.33655,128.07657,194.72027,158.4991,172.98869,198.89705,156.32041,131.89526,146.82738,115.93017,180.65028,155.03761,196.49883,153.17562,182.08789,164.87281,167.31737,155.2484,168.19461,176.63794,157.27084,179.28277,191.68906,121.50742,138.20926,138.33051,163.65494,162.40082,170.04582,148.1845,140.57686,143.16271,190.0135,182.83772,126.81103,164.60834,142.8789,197.40831,186.43877,159.10449,189.14323,147.82103,191.63369,189.92775,181.69275,133.81601,121.13665,165.89587,213.69328,174.46398,204.98772,198.05982,194.11075,192.77339,158.71553,196.02416,164.52877,120.32844,164.7937,114.24994,219.4821,121.82869,183.89277,127.56451,139.12571,176.48133,187.23772,176.05251,176.07335,154.52278,2
174.82777,151.38233,175.60028,174.91664,116.0729,169.09206,138.10369,103.37151,138.71779,169.99047,169.4828,158.45747,182.63308,140.06432,195.08339,0.0,119.69881,167.02182,185.60213,147.42468,176.30485,127.8042,182.12586,167.27252,172.17561,111.83732,111.38052,181.93545,160.80934,172.82022,145.62987,145.85175,179.16713,170.82556,156.56692,171.68293,145.30426,186.08527,177.36334,187.81561,121.74041,187.75048,170.66199,113.84775,124.36549,165.28712,181.57287,172.52468,182.87337,173.97748,131.55009,176.14021,199.8586,110.97478,183.01264,137.05459,113.82758,162.37342,119.81513,146.43028,181.0274,145.62945,107.70012,139.55469,145.55178,189.99454,193.50329,161.96104,133.29397,191.40157,154.93992,153.79468,205.62515,159.83537,186.32489,145.56959,149.73068,135.59946,112.09964,149.11164,145.02634,170.01971,107.04879,136.71338,131.67343,116.22103,187.25407,182.61676,157.07504,179.26353,147.10101,161.32252,106.37767,183.51123,116.7674,186.61965,156.4689,173.15107,128.04862,132.90053,162.34683,157.11047,155.04402,173.95083,163.57469,185.95721,145.19444,135.57207,146.78202,175.51283,166.04367,164.69229,105.33434,133.23689,168.36855,156.44835,156.36943,124.18982,108.79155,136.70015,111.33811,175.30004,109.29958,153.86587,143.81612,190.50319,185.05347,156.94961,132.37811,134.12878,112.89162,111.78391,104.89193,105.83686,150.39089,127.27328,164.05758,176.82208,131.67626,185.65386,136.13635,173.30591,117.65415,171.87211,179.17343,129.37456,116.66169,148.86121,133.60592,143.19187,1
172.61373,154.80124,168.7903,170.63086,115.18494,178.05314,130.6691,116.33541,120.29239,157.45721,162.58764,142.70316,178.61848,159.66575,197.31872,119.69881,0.0,157.82013,195.47468,141.64351,164.86138,111.26301,191.94126,162.30913,184.61434,123.7854,118.93294,170.42268,163.34146,175.19641,156.7013,164.61969,167.98801,178.15022,166.53025,183.87737,131.94821,177.60423,166.9144,192.59934,141.14555,175.52421,174.01579,132.82148,139.60039,182.06945,190.8799,168.57895,189.82098,168.82211,112.0258,173.63957,206.40239,130.36313,184.12083,156.09253,106.16957,154.75547,112.39746,139.6761,176.04266,153.50857,113.32427,130.70065,150.79758,195.53958,199.00671,154.43596,119.9962,194.76618,153.57258,153.84055,211.90729,145.53761,185.904,135.8269,168.50141,145.46608,130.41862,159.91972,141.79539,175.81467,126.73206,142.9784,146.67148,104.32459,177.6462,191.16626,167.00332,181.47685,164.73109,153.41276,125.97791,174.56333,116.97228,175.22095,145.20661,164.00178,130.34494,123.00354,175.66485,174.409,173.87627,177.64207,171.73766,195.79166,137.72434,134.95711,162.35194,168.01744,162.14218,174.67474,118.84591,119.53302,170.82885,146.07355,155.09056,104.57992,123.00613,144.44762,112.31112,186.95961,111.94114,172.55725,128.94325,199.41243,191.36981,171.93817,117.25431,149.99317,114.44646,131.32486,124.50101,125.13373,143.54557,146.91746,178.85053,181.48184,141.303,185.81058,122.73372,176.45845,114.18818,171.25834,173.69597,121.54692,110.80624,165.70876,149.91055,152.08187,1
127.62456,138.49944,113.29071,120.72693,172.44492,163.48891,128.93789,164.943,144.69055,112.83732,108.99718,127.17576,127.02568,193.11557,157.03002,167.02182,157.82013,0.0,178.11493,120.67284,112.08369,147.10056,175.35918,114.84929,178.87424,158.48393,173.93344,116.79949,137.66451,142.25968,159.35005,190.17683,113.75997,158.56271,160.3245,177.54711,127.20967,119.78999,110.95024,160.52043,177.79901,123.33404,144.49591,171.05547,164.37649,193.35612,172.98284,120.49957,164.94378,117.28493,152.46764,127.43046,176.24589,171.27955,144.16199,185.63685,161.51653,106.63117,170.21291,120.88471,122.84976,149.99003,166.33797,127.80522,142.95051,164.89765,167.40199,107.0847,173.61891,158.11238,125.42396,129.3266,179.97357,120.96689,141.34095,122.1082,193.08099,153.52864,178.53237,159.85584,125.4828,152.65904,170.92591,145.49809,166.1377,161.28816,120.24699,170.805,160.44715,145.51183,184.67433,106.70855,171.83149,116.77797,150.25485,120.81383,113.58184,106.21418,142.42942,135.2841,175.92663,189.99956,197.59172,147.47114,157.55287,178.2266,121.85453,134.84079,175.45228,111.38964,118.1235,164.66169,161.99026,138.46518,140.30771,111.93462,125.54107,155.5252,161.27009,148.69053,156.43861,177.87671,159.0932,195.68498,131.58257,177.99477,164.13787,179.29482,169.8308,169.91911,170.73741,176.12172,169.10443,168.40508,117.19383,184.04286,183.18031,152.61349,152.69513,142.78469,175.38422,145.22305,149.74363,131.50265,119.94099,138.0608,151.83155,182.13155,171.18338,152.27546,1
153.92104,144.83372,171.15388,161.66704,201.11469,117.5939,175.16196,186.86208,199.77556,190.78148,170.50028,198.38647,161.80879,173.15071,138.51117,185.60213,195.47468,178.11493,0.0,168.83418,188.89311,192.40776,103.53369,163.7189,118.05268,174.58042,196.9613,191.41498,141.1211,136.79887,139.97229,161.79873,188.93974,119.99519,129.18373,117.50979,187.54729,180.74084,185.41112,125.17243,174.15695,197.10921,133.84806,175.74031,162.12168,143.29599,105.21348,160.25095,115.11167,164.78135,200.77336,155.04621,121.96749,178.75294,140.97703,166.19121,193.49794,172.34998,203.39254,171.41158,165.2967,142.01696,191.7714,177.60312,145.94398,122.0013,123.22077,172.03813,215.14843,132.34605,154.98017,151.6843,126.98839,193.69731,147.83088,178.66643,161.1899,150.51398,188.59017,136.49344,163.7534,125.50241,182.4209,152.66221,155.52387,195.36171,185.83007,107.66445,128.68695,136.37141,153.53175,173.22844,184.40519,181.6717,178.50475,193.02695,183.11238,179.24706,165.72984,181.14649,127.58698,148.38683,161.38525,131.43579,124.25789,100.39351,173.36697,164.02619,145.05977,173.68959,160.18208,120.9823,181.68265,187.73536,137.89902,180.44382,154.18552,197.34053,177.09618,151.02736,184.24181,113.24049,186.02119,159.97473,191.22557,106.80054,117.84981,136.73935,212.70753,154.86071,197.92244,183.81237,182.76493,181.30022,170.84464,175.68615,132.23028,126.69861,154.67297,145.28252,217.99477,133.708,181.3647,148.122,166.82198,179.07774,184.68611,148.77316,156.16018,143.44121,1
131.44413,124.36808,128.21833,128.99013,155.048,152.09485,111.01007,145.70078,134.85347,128.3649,122.06573,129.79125,136.97678,172.62296,158.68443,147.42468,141.64351,120.67284,168.83418,0.0,131.88329,132.52959,165.60774,120.71034,165.3319,138.12085,155.47085,137.15336,128.53205,138.25291,141.82665,170.29448,134.14337,148.9088,145.52239,164.12192,119.23397,138.77627,131.59393,157.36208,157.12717,143.57471,138.61674,150.47208,143.8562,175.91079,163.63949,126.94724,158.27567,127.31721,139.85996,132.31697,172.7961,150.8304,144.99232,165.2919,144.0714,115.13604,153.78263,102.73434,134.53703,133.03343,147.82089,111.71802,126.19598,161.186,164.33436,114.69598,159.98622,157.51108,114.95389,117.43086,177.58439,125.85679,145.4211,110.08178,173.38051,134.20143,158.5273,143.10785,105.95257,144.15578,150.75115,126.20721,146.11771,144.37961,140.41598,162.39717,145.77613,143.73506,165.35386,114.28925,151.79406,136.39697,130.81534,141.40972,116.00663,126.42045,121.76242,118.92592,160.36911,171.57857,178.10603,142.27691,145.45333,169.03662,105.01342,114.2178,156.85977,128.09459,120.56166,151.60517,142.22001,124.51163,134.55406,113.98341,116.24978,140.54311,141.0282,129.5127,137.55388,165.41439,140.28014,176.23394,123.48577,170.44473,158.59604,162.10458,156.43175,150.02224,152.89463,155.83662,149.04886,148.24528,103.59924,163.37281,166.93218,147.12836,132.7565,145.75838,162.23719,140.44913,130.95765,131.26997,132.34197,120.1906,133.60419,163.26549,151.18901,134.56817,1
136.29253,150.51935,119.0239,128.55601,179.91659,174.90448,138.4884,173.94166,148.92454,108.33098,118.39299,127.11216,132.61891,204.49866,164.45123,176.30485,164.86138,112.08369,188.89311,131.88329,0.0,153.69623,186.28639,125.19613,190.56995,168.68117,182.16947,105.63868,149.13683,152.40859,171.43145,201.96505,103.23541,169.68108,172.27241,189.22953,132.9536,117.42603,104.59632,169.73723,188.6516,111.7341,155.05845,181.55574,175.73199,205.43677,183.83368,129.25076,175.18526,125.04336,157.67232,135.67292,185.2033,181.51399,152.56406,197.16641,169.25996,118.71474,177.06975,131.55198,128.07743,162.07371,174.73833,136.77428,155.03338,174.19312,176.40698,119.16801,178.60065,166.44655,137.41699,141.3208,188.45445,121.46478,148.51826,130.74268,204.9346,165.42826,188.12466,171.93277,137.12956,163.62714,180.7767,157.38101,177.84913,168.68442,114.59438,181.43916,172.3811,154.8065,196.61863,118.68614,181.51318,113.94128,159.67784,110.39843,119.93916,109.69942,153.36324,143.60479,187.9024,202.06145,209.50775,157.74473,169.15664,188.97972,132.00454,146.07896,187.49226,116.30671,128.78054,176.35929,171.49855,145.36393,151.00213,119.89242,137.44712,161.93721,171.28605,160.60596,165.30774,189.38377,167.85356,207.60822,136.52679,188.29123,174.05549,191.37313,174.77882,181.6855,178.55985,186.08019,178.83021,178.25802,128.29134,194.99486,195.20533,162.80399,164.42009,150.36847,180.0164,155.46274,158.70607,141.21001,125.3664,146.938,160.35977,194.14733,182.91114,164.34662,1
163.95365,149.38211,158.57836,161.2192,126.44588,174.81521,121.62166,124.57393,111.21575,146.21726,152.43674,131.68094,169.18207,166.16126,190.15574,127.8042,111.26301,147.10056,192.40776,132.52959,153.69623,0.0,188.90389,152.81139,183.42321,127.33337,129.75719,159.23512,157.08864,168.5086,155.56115,169.4182,156.84317,173.96413,164.26506,182.53659,120.7466,166.8805,155.87556,186.74141,147.54722,164.27771,167.83731,139.03305,142.36647,184.34176,187.55482,159.32819,185.16017,159.13616,108.38138,164.84605,201.25427,137.22379,176.65469,161.46569,116.49567,144.51855,123.37611,130.25495,166.30961,150.62825,123.18009,120.96922,146.60168,190.02427,193.41496,144.23431,127.47166,188.17068,145.84171,146.76605,206.55006,134.29499,177.74544,125.43463,173.23072,144.33645,139.58852,158.45563,133.8436,170.85094,134.37669,139.98184,148.73114,115.36095,166.69762,187.38738,164.69893,174.56996,168.20619,143.1125,134.13582,163.75845,117.18698,164.03379,134.19027,153.23181,126.85602,113.66274,175.3032,177.32813,178.60632,171.53944,168.2174,192.69584,128.11227,129.04225,164.08286,157.6198,153.04642,172.14932,125.0264,108.6468,164.29781,135.2338,147.3357,108.42679,127.87984,142.16251,117.18822,185.19449,118.57621,177.10668,117.69055,195.69956,186.33589,172.9149,123.90266,152.48909,125.53205,139.51961,132.07688,132.28715,133.90163,153.789,179.50093,175.77998,140.42265,177.89805,129.71061,170.11738,113.96192,163.29649,163.83246,113.88844,112.32007,168.41006,152.75209,149.88223,1
151.70706,141.51094,168.77591,159.37788,197.61264,114.10257,171.77681,183.36469,196.32665,187.96656,167.89984,195.22537,159.89275,170.39873,138.1721,182.12586,191.94126,175.35918,103.53369,165.60774,186.28639,188.90389,0.0,161.09142,115.89931,171.07462,193.48978,188.94679,138.12795,134.50691,136.4984,159.19363,186.42284,116.93945,125.66809,115.15615,184.23935,178.62071,182.89078,124.59175,170.92908,194.72801,131.35463,172.36935,158.71966,141.55007,102.67897,157.86786,113.95644,162.41567,197.26696,152.89024,123.67592,175.36449,139.45972,163.30458,189.9688,169.5011,199.87174,168.16566,163.24094,138.48788,188.26628,174.23799,142.47381,121.93062,123.64605,169.17883,211.61563,131.9022,151.90857,148.54623,129.01706,190.60841,146.42226,175.39512,158.74267,146.9941,185.23344,133.01423,160.46257,122.70217,179.00344,149.13658,152.18242,191.83005,183.65438,106.31065,125.16979,134.60251,150.86104,170.34297,180.98652,179.4327,174.9712,190.68668,180.03838,176.67398,162.21056,177.6993,124.86856,146.1683,159.1757,129.18628,120.79976,103.86002,170.09673,160.57275,142.09743,171.2741,157.5252,117.47179,178.18182,184.28124,135.29953,177.38676,151.15789,193.81247,173.60375,147.49385,180.71171,111.09029,182.49613,157.70558,187.87835,109.26856,117.09878,134.12372,209.17387,151.6149,194.42226,180.4593,179.32351,177.85883,167.68382,172.59383,130.05776,124.67911,151.15041,143.88319,214.46162,131.42861,177.83255,145.78257,164.65633,175.59931,181.15308,146.07667,152.93959,139.90852,1
113.32375,127.64934,110.04696,108.41961,175.7228,149.88124,131.64014,165.83649,153.33899,127.67899,106.83694,140.22715,116.37108,187.24061,142.87286,167.27252,162.30913,114.84929,163.7189,120.71034,125.19613,152.81139,161.09142,0.0,165.84819,157.03737,175.91081,128.20521,124.33342,127.48167,149.50061,182.58898,125.50398,144.50927,148.40869,164.48907,135.89984,122.06286,121.98401,145.68637,173.94192,134.38001,129.91785,168.36309,159.22599,182.58019,158.6453,106.83484,150.23082,106.70985,159.62389,113.51322,161.43128,169.26105,129.63309,179.31064,164.76264,110.78186,174.48743,122.65489,113.86894,140.14113,168.28443,131.8556,133.50786,150.05411,152.58889,110.73446,180.25447,143.50568,115.30401,118.78173,165.25332,134.28691,127.655,127.91152,185.09145,146.06775,177.78096,149.31216,122.25806,138.43342,169.82576,138.52722,159.39615,165.0899,125.70542,156.30076,148.44915,130.68791,176.18983,112.21935,171.07913,121.1076,151.01843,130.70357,124.60722,115.63825,139.89345,139.41984,164.04654,180.24651,189.1613,132.74752,144.37345,163.81118,124.71465,131.98285,166.19124,111.60986,103.63244,151.69792,161.96918,144.43432,125.82,121.97422,114.62213,161.0097,160.14091,141.31522,157.95814,164.41205,160.68852,187.22453,140.56825,163.3148,149.33089,168.54294,176.61518,162.79763,173.51006,174.62165,168.34373,167.38321,118.9098,179.75239,171.62345,137.86706,146.34147,128.758,182.38325,130.48203,151.46652,116.65814,111.90465,140.90031,154.23287,173.05915,164.2353,142.96466,1
159.08033,141.26521,174.77059,166.10665,188.12935,116.68665,169.22204,173.90443,192.14988,190.80767,172.6215,194.9921,168.35579,155.45297,151.94048,172.17561,184.61434,178.87424,118.05268,165.3319,190.56995,183.42321,115.89931,165.84819,0.0,162.05386,183.32125,194.02945,141.5256,142.45874,127.98256,143.90851,191.258,123.30755,119.99689,101.38272,182.51384,185.73467,187.76758,138.38195,158.19846,200.22349,138.58941,160.94145,147.9151,125.75407,117.5371,164.15215,127.59322,168.64954,191.58115,160.4962,139.57523,164.10899,150.15407,148.8225,181.73802,172.49573,191.0384,167.58838,170.9936,133.61123,178.97058,171.93162,139.56694,136.64147,138.88036,172.10473,203.57833,145.64647,153.73686,149.92814,144.87253,191.15435,157.20302,174.32204,143.17,139.28281,173.51501,124.96894,159.59942,129.38292,168.08781,143.79766,140.7875,183.82223,190.40714,121.0758,119.67991,144.68952,135.75721,173.03918,170.06567,185.93678,167.86613,196.46681,180.92418,181.3534,156.69842,173.88199,110.38111,130.34537,143.35033,137.79806,121.4749,118.43757,169.17497,157.10467,128.15957,177.00061,162.22141,114.21444,168.89002,180.18682,141.59625,178.48578,153.4115,187.1276,164.15392,141.31551,172.6942,104.83382,174.08877,141.92509,185.55019,124.80851,131.08971,118.98774,201.53873,139.30723,184.9157,168.74433,168.76576,167.31884,168.04522,158.98749,114.1952,134.68929,143.38558,154.78276,206.47256,139.69602,170.98618,152.79529,171.8515,171.1124,174.09139,131.06826,140.39846,133.6824,1
