Vértice_1,Vértice_2,Vértice_3,Vértice_4,Vértice_5,Vértice_6,Vértice_7,Vértice_8,Vértice_9,Vértice_10,Vértice_11,Vértice_12,Vértice_13,Vértice_14,Vértice_15,Vértice_16,Vértice_17,Vértice_18,Vértice_19,Vértice_20,Vértice_21,Vértice_22,Vértice_23,Vértice_24,Vértice_25,Vértice_26,Vértice_27,Vértice_28,Vértice_29,Vértice_30,Vértice_31,Vértice_32,Vértice_33,Vértice_34,Vértice_35,Vértice_36,Vértice_37,Vértice_38,Vértice_39,Vértice_40,Vértice_41,Vértice_42,Vértice_43,Vértice_44,Vértice_45,Vértice_46,Vértice_47,Vértice_48,Vértice_49,Vértice_50,Vértice_51,Vértice_52,Vértice_53,Vértice_54,Vértice_55,Vértice_56,Vértice_57,Vértice_58,Vértice_59,Vértice_60,Vértice_61,Vértice_62,Vértice_63,Vértice_64,Vértice_65,Vértice_66,Vértice_67,Vértice_68,Vértice_69,Vértice_70,Vértice_71,Vértice_72,Vértice_73,Vértice_74,Vértice_75,Vértice_76,Vértice_77,Vértice_78,Vértice_79,Vértice_80,Vértice_81,Vértice_82,Vértice_83,Vértice_84,Vértice_85,Vértice_86,Vértice_87,Vértice_88,Vértice_89,Vértice_90,Vértice_91,Vértice_92,Vértice_93,Vértice_94,Vértice_95,Vértice_96,Vértice_97,Vértice_98,Vértice_99,Vértice_100,Conjuntos
0.0,144.55663,175.53496,133.75738,112.45307,179.56553,176.00288,145.34668,112.86228,139.9824,145.37971,142.06696,115.01307,138.55752,127.55755,162.86587,158.53755,111.20132,135.73069,137.53149,113.33467,166.8598,119.78699,111.02338,127.03111,120.93396,153.05966,174.85517,149.18171,169.47564,150.53159,144.73403,123.3889,114.90109,114.04578,128.51959,134.25574,128.51867,114.6908,142.31331,148.93319,142.18774,148.18784,169.59929,131.50236,147.44294,150.33816,148.97907,120.01881,135.67697,126.55246,147.02415,144.11627,156.18985,112.65708,169.20391,127.61189,166.90452,121.14937,147.84522,117.07276,151.69511,158.9448,145.36129,127.16019,174.94961,107.12426,177.09553,115.20555,138.69668,179.76657,155.05043,111.20872,168.0509,132.13551,112.86789,121.82361,177.80691,153.30997,144.72732,119.69489,125.34085,137.87911,138.11928,114.62186,167.31244,124.54519,120.35522,158.86925,115.08315,135.04885,157.54575,133.7599,145.14067,114.82214,169.95331,147.82234,127.0584,138.43238,137.85016,1
144.55663,0.0,180.30577,113.4196,142.28277,136.77327,173.88119,110.32724,154.0927,112.35434,153.6819,109.41041,159.10744,167.01489,117.18406,150.93008,163.31606,137.31789,168.97798,174.9711,157.10358,138.14511,124.94128,134.13449,117.57354,163.03131,153.4711,130.34759,133.7759,124.93328,148.11538,102.60527,163.47005,139.06558,157.06539,161.39151,112.4444,148.04444,143.76688,145.39097,183.96272,150.34419,137.94121,127.1311,138.62446,139.41283,173.07772,159.37835,161.72001,180.17166,170.01679,177.91434,135.38423,134.82997,131.92673,126.27418,120.23621,144.75205,147.05523,159.94178,143.9352,160.38028,147.22913,163.60611,167.66285,131.8585,139.18901,132.92107,138.4148,110.35978,182.56841,110.53335,149.76969,123.54002,163.81567,151.53684,136.33047,176.21305,164.32168,153.13502,130.34611,156.40529,140.52765,136.26594,130.0083,122.79126,165.87326,134.36234,118.92425,129.47856,120.4695,122.02943,114.7912,162.35822,129.73598,152.94066,123.49704,166.16548,139.38464,158.53278,1
175.53496,180.30577,0.0,183.3559,186.62311,187.38076,112.22856,189.7964,186.71816,168.05764,130.78814,187.35297,175.50103,145.20592,177.4101,133.50426,117.94926,166.71781,152.60143,160.43714,183.57541,156.69565,172.52294,177.4513,174.38585,191.42948,127.02354,194.29547,147.21484,193.55553,132.23884,182.75599,195.59446,187.25632,185.49857,153.93125,170.95156,147.01798,189.22304,136.94134,156.48696,134.37489,211.6065,181.94747,201.00358,140.90258,133.88961,222.33644,191.34178,191.58626,192.20676,147.51916,144.95122,149.62756,173.54809,183.14649,183.74671,146.82509,195.93518,127.7306,191.41637,123.94523,135.59933,132.07729,166.58611,186.19518,179.06383,192.37118,161.76291,185.57537,104.88551,185.74713,166.31167,193.3257,207.25739,165.68038,156.5821,111.11249,122.36798,217.02447,163.22405,153.60488,206.60912,145.56842,173.03949,192.69759,195.07195,159.1639,198.36557,174.56584,161.1262,202.3123,168.12379,131.66336,174.4156,138.28459,158.01118,199.34905,206.39566,138.99822,2
133.75738,113.4196,183.3559,0.0,129.50072,150.12152,178.70014,111.62668,141.82469,118.49192,154.18491,108.31111,148.73587,162.3695,107.42396,157.51335,165.60044,128.9784,162.9352,167.7196,145.39873,149.01713,116.01571,122.79033,109.94687,150.65658,156.41282,142.76313,139.88803,136.88837,151.4781,112.38146,150.71047,126.07559,145.0971,155.10114,113.01213,144.44358,130.75405,146.66458,177.76819,150.56317,128.98192,140.54331,125.71546,143.66417,170.46379,147.32217,149.28921,168.73186,157.92312,172.94472,139.2924,143.16266,121.77653,139.65369,107.01628,154.05231,133.69127,159.79016,130.73689,161.29581,153.48324,161.8468,159.10849,145.18313,127.54606,145.79553,131.5751,104.93932,186.26563,122.76919,140.99474,135.3491,150.41955,142.88538,131.82516,180.96469,164.78734,141.08235,124.55422,150.31452,128.49234,137.79537,120.17028,134.66224,153.27505,129.28978,125.16468,119.13208,122.60896,124.6585,115.62845,160.82679,119.42547,161.15687,131.45322,153.22121,127.5544,155.68102,1
112.45307,142.28277,186.62311,129.50072,0.0,178.87347,186.10989,140.22833,112.86963,141.27191,156.01401,137.31063,124.39003,151.00828,125.50189,170.72171,169.19995,120.0129,148.05692,149.22131,117.60003,170.9917,120.89783,110.90149,126.38014,121.34373,162.77405,172.24376,155.31268,166.38855,159.57172,141.72997,121.2224,103.81701,116.65262,140.95237,134.7251,139.82083,102.63833,151.79837,160.82968,152.60272,137.08772,169.02807,119.60471,155.07866,162.6946,136.65669,119.92975,140.53109,128.87702,159.38029,151.24247,161.53016,115.22704,168.34504,122.51229,172.69336,109.32127,159.15342,104.81666,162.67881,166.63914,157.30815,138.33266,174.02136,107.60457,175.1416,124.92368,134.14373,190.67238,152.21299,123.65383,164.84561,123.99588,125.26508,130.7769,188.03814,164.66366,132.28069,125.9842,137.7702,125.91557,146.06919,116.7916,164.16168,123.78783,128.58683,153.24364,115.99192,138.79338,150.68818,135.25369,156.97603,115.92003,177.04916,151.60109,123.90178,126.63235,149.82272,1
179.56553,136.77327,187.38076,150.12152,178.87347,0.0,176.98988,142.36476,190.21914,139.86185,171.05726,143.96287,193.16016,192.20605,153.41748,153.9302,174.8899,170.45358,196.36706,203.95245,192.66379,130.69994,159.88711,169.96229,153.00361,199.17357,165.51625,113.16235,145.20188,118.22252,160.56844,137.8178,199.94608,175.76924,192.88382,189.75758,145.313,173.79796,180.46701,163.12179,210.67696,168.98309,168.53488,109.96692,174.27975,152.71153,193.93042,193.06971,197.92358,215.09294,205.81811,202.80744,151.09749,139.41553,167.04288,110.52895,157.00697,140.70752,183.809,177.52749,180.6987,175.6193,152.43746,183.87482,198.99462,104.96892,175.0692,108.50277,169.86712,146.31834,187.61748,128.0941,182.37783,119.59778,200.53512,183.88288,165.38857,179.16011,179.8951,187.02544,161.97077,184.90616,174.91358,156.29512,165.04606,119.77526,202.20184,164.46676,135.88132,164.89158,146.78783,142.42289,145.95782,182.35117,165.10869,149.90689,137.34496,202.7736,173.55789,181.51248,2
176.00288,173.88119,112.22856,178.70014,186.10989,176.98988,0.0,183.81678,188.01031,162.00816,130.795,181.68709,178.34441,150.89769,173.46751,124.05363,118.16162,166.13032,158.41414,166.88607,185.5627,146.36318,169.8006,176.16107,170.47149,193.70163,123.44662,184.80797,140.11631,184.63309,127.54668,176.4274,197.56593,186.20737,187.33897,158.17792,165.84605,148.01338,188.74692,134.42965,164.72605,133.82382,207.52608,172.31299,198.62846,135.06469,141.38419,220.59023,193.42369,196.38806,195.45793,155.34099,139.41749,140.93812,171.99333,173.62231,180.07347,136.29265,195.39336,130.31417,190.79255,125.54808,127.05679,136.76279,171.39386,176.20779,178.51111,182.52092,161.30203,180.29864,110.79201,178.14474,167.99778,184.55728,208.12816,167.70352,155.36199,102.34291,126.04824,214.97053,161.16451,156.81902,203.8416,141.76564,171.16991,183.97576,197.45009,157.69581,191.14311,172.59447,156.09579,195.61542,163.11151,135.8758,172.48825,127.19692,150.70197,201.37315,203.45828,142.46528,1
145.34668,110.32724,189.7964,111.62668,140.22833,142.36476,183.81678,0.0,152.86369,121.83421,162.13084,103.38937,160.34093,172.88942,118.64155,161.12254,172.4995,140.3815,173.93614,179.05496,156.71513,148.17898,127.36726,134.34883,120.55046,161.55855,162.81824,133.13547,143.80297,126.95379,157.55833,107.73249,161.23695,136.59603,156.29327,166.14586,119.46011,154.41722,141.14886,154.07831,188.85545,158.64601,128.2143,133.6135,132.00887,149.04339,180.15853,151.12128,160.15427,180.07448,168.98526,183.6237,144.87074,145.14645,133.3906,132.39249,118.00065,155.0497,143.0537,168.15382,140.75945,169.04175,157.35948,171.08412,170.65855,137.4152,138.99701,136.76824,142.61626,106.72229,192.24962,114.3201,152.53574,125.34038,159.30735,154.41472,142.02158,186.1391,172.82236,144.96439,135.11668,161.27507,132.63236,144.93812,131.74869,124.7395,163.96224,139.67201,113.53859,130.74889,128.94959,113.73512,122.27017,169.94226,131.04124,163.26674,133.73412,163.47477,131.3227,165.40817,1
112.86228,154.0927,186.71816,141.82469,112.86963,190.21914,188.01031,152.86369,0.0,151.36222,157.23033,149.84779,114.86386,146.37707,136.95512,175.67119,170.24441,124.05278,141.80471,140.86377,105.67113,179.37771,130.60116,120.28129,137.21948,108.95762,165.39511,184.33856,161.996,178.61996,163.1317,153.79874,110.57423,116.67768,104.04053,135.8997,145.17702,140.05855,112.8598,154.81554,152.64579,154.22934,148.66117,180.28298,130.68457,160.28968,158.96338,142.68636,107.72107,127.6775,116.12264,152.98756,156.9783,168.91926,123.63963,179.72952,134.94955,179.71076,116.04242,159.01299,114.47722,163.17399,171.77265,155.51577,129.51828,185.45824,115.19104,187.00739,127.97369,146.60362,191.12009,164.3001,120.4251,177.10828,120.64326,121.24282,134.63196,189.72602,164.35425,139.77881,132.3485,134.13003,136.56841,150.95953,125.60404,176.40512,112.1387,133.21736,166.01345,125.48121,147.28689,163.55533,145.14368,155.53531,125.2936,182.81064,160.17316,114.19954,137.5687,148.10017,1
139.9824,112.35434,168.05764,118.49192,141.27191,139.86185,162.00816,121.83421,151.36222,0.0,141.43397,119.71702,153.30159,156.32663,116.84846,139.6835,150.9737,130.59224,159.06466,165.78966,153.24483,131.05668,120.78068,131.20893,115.077,160.22388,141.15844,137.30681,122.14016,133.14379,135.83175,114.72153,161.55729,138.8262,153.65928,151.79406,106.69568,137.22098,143.31811,133.09015,173.9392,138.16139,147.06341,129.95438,143.39025,127.22542,161.45013,165.49909,159.07024,175.30607,166.46996,167.25618,123.10676,124.69765,127.75733,129.77463,122.927,135.56604,148.05895,147.7651,144.14476,148.06424,135.79211,151.7836,159.6979,135.45642,136.21484,138.5396,130.25502,118.70024,170.43291,120.30576,142.61399,132.0921,164.70007,144.1802,126.60273,164.32599,152.03977,159.29674,122.20912,146.80191,146.80685,123.99872,125.77405,131.31988,163.49301,125.19724,131.10425,125.9168,108.65001,134.36478,106.23642,150.48055,126.08892,142.7735,112.96974,164.71693,145.94585,147.14828,1
145.37971,153.6819,130.78814,154.18491,156.01401,171.05726,130.795,162.13084,157.23033,141.43397,0.0,159.3082,147.86009,125.36883,147.67775,125.44645,113.19564,136.03042,132.13031,141.05875,154.79512,143.64755,142.04667,146.6687,144.68929,162.96624,110.02598,174.26688,125.85793,171.86583,111.91331,155.86796,166.78355,156.51292,156.55373,129.41976,142.69617,117.22184,158.63244,108.47753,143.27529,103.67857,181.60399,163.16477,170.28457,118.35956,123.06448,191.54915,162.65768,167.12193,165.05113,134.10851,120.36327,132.22469,142.76324,163.90562,153.7073,136.99774,165.33528,106.58613,160.78157,107.17248,123.38447,113.2177,142.71047,168.36849,148.42358,173.6675,131.09393,157.0666,134.67894,161.16768,137.22423,171.22092,177.4466,136.99577,125.79665,132.49722,110.69164,186.24569,132.56688,126.98741,175.97788,117.43559,142.28876,170.49638,166.72877,128.3949,172.53509,143.82872,133.30108,175.44554,139.868,111.65851,143.67089,134.03323,135.05607,170.5927,175.82124,114.28942,1
142.06696,109.41041,187.35297,108.31111,137.31063,143.96287,181.68709,103.38937,149.84779,119.71702,159.3082,0.0,157.04693,169.59223,115.25243,159.32171,169.92565,136.99233,170.5753,175.66731,153.58627,147.54033,123.9781,131.0899,117.18515,158.60115,160.33885,135.43131,141.84466,129.35717,155.14036,107.09779,158.41704,133.73891,153.21621,162.77917,116.62228,151.19526,138.34453,151.35158,185.48707,155.78812,128.54032,134.85819,130.35215,146.75851,177.0047,150.33536,157.20994,176.93875,165.96867,180.30603,142.51898,143.69611,130.03741,133.75059,114.90516,153.92304,140.58115,165.25273,138.07385,166.27341,155.47725,168.01056,167.27821,138.99448,135.79825,138.83152,139.24401,103.37394,189.91845,115.91585,149.155,127.76944,157.02605,151.03216,138.75016,183.99855,169.9968,144.11783,131.78752,157.91628,131.59529,142.23875,128.37968,127.12665,161.08659,136.37155,116.87911,127.39879,126.30442,117.00464,119.46316,166.89132,127.69014,161.86781,132.1034,160.75248,130.37399,162.23855,1
115.01307,159.10744,175.50103,148.73587,124.39003,193.16016,178.34441,160.34093,114.86386,153.30159,147.86009,157.04693,0.0,132.70222,142.34505,169.48837,160.21282,122.73112,127.39085,126.00312,109.58969,177.47292,134.16693,126.03645,141.53652,116.19188,157.06431,189.2421,158.47488,184.03293,155.8875,159.45259,120.67797,127.86406,111.70814,122.38126,148.14137,130.96791,125.6027,147.42804,137.78711,145.42665,161.4765,183.2335,143.87899,155.05497,145.52854,157.53614,116.39934,122.31854,117.20135,138.38184,152.56168,166.00021,127.26758,182.97179,142.62077,175.92347,130.36493,148.29923,127.75426,152.87308,165.93695,143.54429,114.66762,188.69308,121.79739,191.24172,124.24098,153.67405,180.1232,169.63815,111.99931,182.64725,134.22897,111.37685,130.33499,179.83228,153.30505,154.45774,131.43959,121.8962,150.08647,145.94879,129.13032,181.8986,119.67251,130.08792,173.87019,129.82996,147.15601,172.53301,147.22243,143.84713,129.55207,177.36614,159.29524,124.24869,150.9058,136.51413,1
138.55752,167.01489,145.20592,162.3695,151.00828,192.20605,150.89769,172.88942,146.37707,156.32663,125.36883,169.59223,132.70222,0.0,154.95699,150.81421,133.48458,134.97858,107.51938,116.16959,141.93862,167.55046,146.74788,145.61888,152.54216,148.84525,135.17461,192.93305,148.22062,189.32988,137.07776,168.56296,153.37616,153.15585,144.04263,110.47768,154.60751,119.10565,153.21327,130.69642,118.62028,125.42655,184.77122,183.29445,169.48968,141.5404,112.858,187.42189,149.1014,146.40789,148.14857,110.93116,141.75117,155.56616,143.40769,183.69431,159.01275,161.93702,159.47348,121.73561,155.60016,126.54475,148.64247,114.24604,121.53326,188.80106,144.59664,193.29034,131.15065,166.58538,150.05479,176.48976,127.3922,188.35665,166.70171,125.92043,130.90013,151.84244,124.9257,183.28457,137.85341,113.32084,175.82341,135.96159,144.10505,187.58817,152.17627,133.22069,185.43787,145.63473,147.74806,186.59687,152.24663,115.37218,145.3652,159.39997,154.86687,156.90079,176.17685,111.38996,1
127.55755,117.18406,177.4101,107.42396,125.50189,153.41748,173.46751,118.64155,136.95512,116.84846,147.67775,115.25243,142.34505,154.95699,0.0,153.36959,159.52652,121.73996,155.53047,160.43499,139.92764,147.83918,108.72573,116.95971,103.02479,145.90635,150.67844,147.52219,135.98485,141.99123,145.98688,117.18307,146.52992,122.59795,139.88296,147.70239,110.19343,137.15982,127.24705,140.50405,170.38385,144.01895,134.2138,143.54242,127.01052,138.73263,163.20998,149.38604,144.61501,163.05769,152.83719,165.52127,134.35558,140.37725,115.08854,142.89558,106.73986,151.58119,131.44768,153.05554,127.77507,154.83531,149.25045,154.75478,152.06294,148.59754,122.0051,150.06363,124.16517,111.97055,180.53503,127.57132,133.94281,140.54048,148.21306,135.80916,124.52021,175.68602,158.17402,143.28643,117.17874,142.90105,131.15066,131.94304,113.29948,139.8099,148.82904,121.94167,132.05457,112.51706,118.04603,132.00114,111.86591,153.78193,112.79333,157.85853,129.04599,149.37935,130.51908,148.44267,1
162.86587,150.93008,133.50426,157.51335,170.72171,153.9302,124.05363,161.12254,175.67119,139.6835,125.44645,159.32171,169.48837,150.81421,153.36959,0.0,122.57126,151.84591,157.50245,166.41323,174.62874,123.32885,151.67074,159.97859,150.53514,182.89283,115.86807,160.95303,117.63446,160.59978,114.14897,153.52306,186.03371,169.93502,176.03694,154.06744,144.50729,139.10922,173.30641,122.2856,168.49781,125.96364,186.47299,148.52671,179.93582,115.64305,146.74429,202.33689,182.27346,190.43297,186.43429,159.14739,119.62896,116.94261,155.61649,149.77436,160.10943,113.88998,179.59117,130.04531,175.02628,126.16489,104.15421,137.8936,167.02597,152.69431,163.4359,158.89412,147.69774,158.36211,134.17134,154.35653,157.74035,160.50771,194.27037,158.11796,141.04473,126.37193,129.86644,196.3836,144.73751,150.81892,184.49017,124.80793,154.32467,159.92364,186.6757,142.65277,167.48576,155.49933,135.3337,172.25059,142.00416,136.40337,155.47049,108.58759,127.44068,189.78807,183.88768,139.6634,1
158.53755,163.31606,117.94926,165.60044,169.19995,174.8899,118.16162,172.4995,170.24441,150.9737,113.19564,169.92565,160.21282,133.48458,159.52652,122.57126,0.0,149.20457,140.9303,149.64219,167.58809,145.06479,154.57919,159.74491,156.50442,175.67683,110.02543,180.13661,131.4709,178.64357,115.47746,165.68953,179.61506,169.64401,169.40471,140.13146,153.39541,130.18815,171.82071,119.02493,149.01082,116.62978,193.70003,168.21303,183.11378,124.38912,125.89296,204.58161,175.43996,178.34015,177.30663,139.46463,128.03423,135.61376,155.76538,169.21853,165.82213,136.31815,178.5209,112.21862,173.96118,107.39198,122.75446,119.24299,153.41448,172.96703,161.60546,178.80607,144.27668,168.00272,121.56269,169.55819,150.05682,178.23,190.55921,149.68021,138.82401,119.62669,108.78888,199.19994,145.32542,138.65867,188.68125,127.82373,155.19129,177.55456,179.40916,141.35714,181.76552,156.70308,143.62305,185.33825,150.55289,118.1537,156.55999,130.19399,142.05427,183.41456,188.45631,124.37518,1
111.20132,137.31789,166.71781,128.9784,120.0129,170.45358,166.13032,140.3815,124.05278,130.59224,136.03042,136.99233,122.73112,134.97858,121.73996,151.84591,149.20457,0.0,134.37942,138.74391,124.10967,155.90761,113.01424,111.20385,120.1259,132.0209,142.85866,166.99292,137.99027,162.04093,139.9127,138.04385,134.5902,120.57492,125.0849,126.53629,125.70501,120.364,122.64333,131.92685,148.99855,132.59507,149.86906,160.54234,135.56704,136.33931,145.14306,155.82448,131.16782,144.89311,137.1115,144.95841,132.93609,145.0574,108.43008,160.31866,124.4703,155.71496,129.32795,139.45243,124.75789,142.77987,147.88037,138.4423,130.45172,166.02519,112.40942,168.76668,104.95855,133.6992,170.70593,147.79823,112.45189,160.73043,142.58832,114.23637,110.97049,168.04136,144.96594,150.80786,108.86688,122.03638,141.71124,127.0471,109.25747,159.96767,135.68589,109.20824,153.75651,110.71829,124.59541,153.63286,124.5724,137.9058,110.43847,158.80632,137.10278,138.25226,141.8698,131.15511,1
135.73069,168.97798,152.60143,162.9352,148.05692,196.36706,158.41414,173.93614,141.80471,159.06466,132.13031,170.5753,127.39085,107.51938,155.53047,157.50245,140.9303,134.37942,0.0,108.93101,136.91945,173.05976,146.97542,144.17051,153.39022,143.20402,142.08925,196.18269,153.42297,192.20813,143.54322,170.29535,147.82559,150.61885,139.04531,107.85225,156.54408,122.57219,150.04515,136.5561,114.98775,131.70808,183.31752,187.16144,167.1936,147.17186,119.4786,183.8359,143.61758,139.15614,141.7491,111.34152,146.86175,160.97126,142.62537,187.43575,158.8434,168.05112,155.95925,129.0375,152.41564,133.89522,155.09144,121.71991,114.66457,192.72211,142.33938,196.87519,131.36617,167.41982,157.46411,178.86176,124.62745,191.13703,161.61866,122.87367,132.6891,159.36135,132.42381,180.08783,138.91203,112.66369,173.57034,140.65204,143.63418,190.3635,146.33214,134.63039,186.9033,145.06204,150.70392,187.5028,154.41493,122.78149,144.77546,166.08368,159.10728,151.19561,174.06503,117.84803,1
137.53149,174.9711,160.43714,167.7196,149.22131,203.95245,166.88607,179.05496,140.86377,165.78966,141.05875,175.66731,126.00312,116.16959,160.43499,166.41323,149.64219,138.74391,108.93101,0.0,135.45161,181.53025,151.72362,147.26582,158.58863,140.38398,151.02019,203.08253,161.79668,198.82389,152.42222,176.07488,145.04053,152.24056,137.52028,114.19562,162.65112,130.49042,150.86815,145.28346,111.78505,140.5692,185.71925,194.56421,168.78421,155.77007,126.65254,183.5381,141.07408,132.58657,137.43131,114.60218,155.22238,169.4193,146.4875,194.74541,162.96007,176.79686,156.1688,137.8773,153.15521,142.70687,163.95508,130.39923,111.35461,200.14553,144.55999,204.03403,136.63593,172.40554,165.32122,185.12735,127.29194,197.67686,159.35763,125.37506,139.1871,167.7311,141.02929,180.35699,144.62744,119.0822,175.12564,148.84477,147.78469,196.90272,143.03738,140.76986,192.31182,149.06717,157.68792,192.37626,160.74152,131.54157,148.77128,174.99094,166.89797,148.04688,175.78697,126.77275,1
113.33467,157.10358,183.57541,145.39873,117.60003,192.66379,185.5627,156.71513,105.67113,153.24483,154.79512,153.58627,109.58969,141.93862,139.92764,174.62874,167.58809,124.10967,136.91945,135.45161,0.0,180.01092,132.77675,122.96936,139.80328,108.28384,163.43492,187.44869,161.92035,181.88623,161.60172,157.03135,112.03858,121.39048,102.12589,131.49843,147.37091,137.58292,118.05988,153.17237,147.21485,152.00912,154.09639,182.69871,136.16651,159.53831,154.68226,148.20414,107.86257,123.35966,113.22986,147.96381,156.52018,169.11689,125.62278,182.24647,138.71466,179.6261,121.70124,156.01546,119.88204,160.37397,170.85095,151.9419,124.09791,187.99207,117.94648,189.89495,127.27374,150.27457,188.0862,167.48349,117.5712,180.4124,124.77595,117.93645,133.9138,187.18281,161.23068,145.41798,132.86556,130.29319,142.13333,150.21715,127.62057,179.69137,112.07896,132.91013,170.05053,127.81315,148.35996,167.94279,147.01188,152.0905,127.58427,182.08954,161.08617,115.8285,143.09897,144.66267,1
166.8598,138.14511,156.69565,149.01713,170.9917,130.69994,146.36318,148.17898,179.37771,131.05668,143.64755,147.54033,177.47292,167.55046,147.83918,123.32885,145.06479,155.90761,173.05976,181.53025,180.01092,0.0,150.10493,160.28369,145.78096,187.79176,136.37364,138.90961,119.8094,139.71735,132.0714,140.60491,189.91873,169.02402,180.89833,167.74271,137.64722,151.29863,173.2719,136.88836,186.10714,142.45026,176.08064,126.38614,174.39514,126.01063,166.63565,196.33017,186.83843,199.69655,192.98623,177.35487,126.3614,112.11493,156.22389,127.84305,153.97397,110.09803,178.54795,149.67254,174.39102,146.921,122.31306,156.86332,179.22317,129.89298,164.88345,136.26741,153.3181,147.88033,156.93986,137.38124,165.5645,139.98109,194.88479,166.57432,147.16159,148.56562,151.07329,190.09567,147.17126,163.43622,177.50809,132.95522,154.41727,139.52799,191.36425,147.47145,150.48916,155.03212,132.26931,156.29809,136.27041,155.30395,155.12792,119.5538,119.39174,193.38102,176.54434,156.22524,1
119.78699,124.94128,172.52294,116.01571,120.89783,159.88711,169.8006,127.36726,130.60116,120.78068,142.04667,123.9781,134.16693,146.74788,108.72573,151.67074,154.57919,113.01424,146.97542,151.72362,132.77675,150.10493,0.0,110.44513,107.38019,139.49478,146.48353,155.13132,135.22103,149.86657,142.32482,125.37775,140.78082,119.03287,133.03718,139.13037,114.61983,129.65348,123.17087,135.73977,161.76983,138.37302,139.82036,149.92235,128.83066,136.25141,155.6409,150.96889,138.31739,155.46158,145.94336,157.16181,132.06356,140.94901,107.16222,149.47662,112.41132,152.19709,128.70523,146.86022,124.38298,149.19965,147.51983,147.68668,143.37396,155.223,115.43531,157.31081,115.67916,120.68905,175.99319,135.47339,125.26655,148.4813,144.79285,127.11902,117.16253,171.92432,152.18675,145.21802,109.72569,134.39531,134.14624,128.11754,105.17242,147.73201,142.72265,114.44236,140.75985,105.13675,118.0002,140.6701,114.59281,146.84405,105.31,157.25228,130.71988,143.97477,133.88153,140.99494,1
111.02338,134.13449,177.4513,122.79033,110.90149,169.96229,176.16107,134.34883,120.28129,131.20893,146.6687,131.0899,126.03645,145.61888,116.95971,159.97859,159.74491,111.20385,144.17051,147.26582,122.96936,160.28369,110.44513,0.0,116.96107,129.22316,152.72767,164.47937,144.41385,158.93779,149.22928,134.09561,130.34987,110.084,122.9819,136.47603,124.91734,131.53179,113.4009,141.73407,158.24177,143.1254,139.22053,160.01741,124.36611,144.3437,156.2221,144.89247,128.00059,146.13343,135.94365,155.14829,140.43527,150.65183,104.36398,159.48781,116.59564,161.79973,119.62423,150.45436,115.04793,153.57798,155.87585,149.64533,137.53273,165.2239,105.10746,166.9562,116.03074,127.72593,181.3043,144.52505,119.98639,157.47523,134.88075,121.89608,120.92779,178.15996,155.95565,139.72045,115.31089,132.3935,130.53803,135.46723,105.90691,156.74944,132.35813,118.47841,147.86051,105.32209,128.02532,146.55063,125.03602,149.09792,105.18714,166.18662,140.89891,133.52977,130.74181,142.35273,1
127.03111,117.57354,174.38585,109.94687,126.38014,153.00361,170.47149,120.55046,137.21948,115.077,144.68929,117.18515,141.53652,152.54216,103.02479,150.53514,156.50442,120.1259,153.39022,158.58863,139.80328,145.78096,107.38019,116.96107,0.0,146.17157,147.65688,147.82527,133.23802,142.50561,142.97904,118.01238,147.09203,123.78244,139.91979,145.59561,108.40939,134.49849,128.32604,137.48292,168.30499,141.03483,137.23804,143.06363,129.60308,135.79055,160.51733,152.02214,144.93009,162.69473,152.87536,163.19061,131.42007,137.8859,114.37791,142.52678,109.64174,149.13232,132.98567,150.11209,129.08144,151.84233,146.40564,151.94515,150.57516,148.26347,122.06853,150.11225,122.06888,114.06451,177.51157,128.10194,132.51415,141.11165,149.62907,134.33891,121.88837,172.68584,155.20589,145.96704,114.68886,140.73189,133.95503,128.92129,112.44125,140.3642,149.24153,119.38059,133.72509,112.00627,115.27023,134.13936,109.53285,150.94741,112.24831,155.19097,126.74249,150.09125,133.37018,145.73538,1
120.93396,163.03131,191.42948,150.65658,121.34373,199.17357,193.70163,161.55855,108.95762,160.22388,162.96624,158.60115,116.19188,148.84525,145.90635,182.89283,175.67683,132.0209,143.20402,140.38398,108.28384,187.79176,139.49478,129.22316,146.17157,0.0,171.68854,193.24975,169.9714,187.49989,169.88529,162.70263,104.66426,125.05711,106.9438,138.56939,154.09307,145.77509,120.76521,161.45434,151.89287,160.23063,155.16434,189.23503,137.24553,167.75631,161.68979,145.30386,101.47338,120.21389,107.76307,153.84126,164.67456,177.07762,132.46935,188.68595,143.7328,187.69262,121.93023,163.98883,121.84692,168.42085,179.10022,159.60258,129.30219,194.4153,124.1232,195.94995,135.43146,155.39111,195.99188,173.20626,125.77154,185.97944,119.04712,126.00072,142.09459,195.29114,169.13224,143.52979,140.62869,137.90736,142.61347,158.42636,134.44987,185.28126,103.79555,140.98411,174.57719,134.39026,155.87577,171.85523,153.99531,159.83575,134.1952,190.31263,168.70844,108.05932,143.78879,152.44258,1
153.05966,153.4711,127.02354,156.41282,162.77405,165.51625,123.44662,162.81824,165.39511,141.15844,110.02598,160.33885,157.06431,135.17461,150.67844,115.86807,110.02543,142.85866,142.08925,151.02019,163.43492,136.37364,146.48353,152.72767,147.65688,171.68854,0.0,170.30031,121.49061,168.68159,105.45336,155.87906,175.29663,162.78486,165.08362,139.40233,143.93135,126.10053,165.41238,110.99596,152.64812,111.66947,184.88588,158.50827,175.28241,114.36623,131.02068,197.16596,171.27264,176.8802,174.25722,143.28087,118.10387,126.10327,148.54862,159.46178,157.15383,128.52523,172.03116,114.18626,167.4238,110.63117,114.57356,122.02577,152.65413,163.38009,155.18962,169.10843,138.10981,158.55431,129.8734,159.54542,145.94424,168.24614,185.17397,145.93629,131.9976,125.49693,114.70634,191.58135,137.72357,136.76106,180.60253,118.7356,147.72721,167.56615,175.4771,134.2784,171.81669,149.15883,134.10344,175.50046,141.10676,120.53917,149.04954,124.38132,132.0314,179.10693,180.27303,124.28043,1
174.85517,130.34759,194.29547,142.76313,172.24376,113.16235,184.80797,133.13547,184.33856,137.30681,174.26688,135.43131,189.2421,192.93305,147.52219,160.95303,180.13661,166.99292,196.18269,203.08253,187.44869,138.90961,155.13132,164.47937,147.82527,193.24975,170.30031,0.0,148.94313,106.28319,165.00954,130.54918,193.46382,168.8374,187.38509,189.04005,141.29421,173.94667,173.5096,165.9145,210.94314,171.68311,157.18309,112.53708,164.96214,156.43744,196.40993,182.31265,191.91357,210.50288,200.32457,203.79591,153.90434,144.79217,162.20308,111.18626,149.77673,148.92411,176.01161,180.85175,173.39812,179.69308,158.71391,186.3878,196.84265,110.14992,169.52397,104.77385,167.33193,138.3143,195.11964,120.04573,179.3541,107.90945,192.41349,181.02804,163.90187,187.07369,183.96919,176.4393,159.18597,184.06018,164.78419,157.9486,160.25825,108.43083,195.98303,162.47775,124.08363,159.79657,145.4833,130.39839,142.70487,184.93263,160.04891,158.44179,139.22882,195.97621,163.35256,182.94831,1
149.18171,133.7759,147.21484,139.88803,155.31268,145.20188,140.11631,143.80297,161.996,122.14016,125.85793,141.84466,158.47488,148.22062,135.98485,117.63446,131.4709,137.99027,153.42297,161.79668,161.92035,119.8094,135.22103,144.41385,133.23802,169.9714,121.49061,148.94313,0.0,147.19147,116.11091,136.33379,172.5584,154.04499,163.02771,147.9465,126.89038,131.4928,157.80423,118.0353,166.83885,123.87074,168.8398,137.4455,162.80952,107.56115,148.76743,185.23741,169.15057,180.50805,174.57123,158.38434,106.57441,107.73734,140.09223,138.27956,142.71065,117.72505,163.76491,132.35423,159.30525,130.79205,113.66576,138.73433,159.46496,142.55996,148.4401,148.01101,134.71626,140.76895,149.08198,138.53237,146.48231,146.76027,179.24608,147.34032,128.22689,142.45163,135.07835,179.20274,129.78289,143.62777,167.13427,113.15868,138.55457,146.08375,173.66255,129.01023,151.24808,139.53255,117.96806,155.52413,124.43583,137.19869,139.55156,122.0698,110.79652,176.18379,166.47672,137.05311,1
169.47564,124.93328,193.55553,136.88837,166.38855,118.22252,184.63309,126.95379,178.61996,133.14379,171.86583,129.35717,184.03293,189.32988,141.99123,160.59978,178.64357,162.04093,192.20813,198.82389,181.88623,139.71735,149.86657,158.93779,142.50561,187.49989,168.68159,106.28319,147.19147,0.0,163.2928,124.85784,187.59102,162.92772,181.75102,184.90262,136.467,170.24687,167.58151,163.42097,207.07723,169.08011,151.01193,114.08395,158.70624,154.51846,193.51587,176.06765,186.14682,205.04798,194.66143,200.24249,151.60933,143.94452,156.85713,112.41549,143.88288,149.44704,169.92446,178.44143,167.40297,177.63896,158.00569,183.57268,192.16198,114.12068,163.94076,110.58948,162.68895,132.32766,194.69681,114.42662,174.46632,101.62903,186.25909,176.18646,159.66901,186.93636,181.87897,170.17746,154.53243,179.90402,158.50133,155.06743,154.94154,102.23209,190.16183,158.07443,117.96272,154.39284,141.60572,124.3905,138.12979,182.15818,154.65362,158.96502,136.91766,190.0358,157.07052,179.69895,1
150.53159,148.11538,132.23884,151.4781,159.57172,160.56844,127.54668,157.55833,163.1317,135.83175,111.91331,155.14036,155.8875,137.07776,145.98688,114.14897,115.47746,139.9127,143.54322,152.42222,161.60172,132.0714,142.32482,149.22928,142.97904,169.88529,105.45336,165.00954,116.11091,163.2928,0.0,150.54345,173.27636,159.31325,163.13667,139.92085,138.84255,125.15911,162.20362,108.46834,155.16542,111.86643,180.13386,153.32569,171.15212,108.91289,134.6148,193.2304,169.3678,176.47806,172.97769,146.02181,112.73147,121.20105,144.95862,154.23849,152.55607,125.08624,168.73534,117.61595,164.12365,115.06799,111.56843,125.02477,152.88953,158.28029,152.05291,163.92166,135.36776,153.44638,134.83465,154.09425,144.35773,162.83893,182.47638,144.5728,128.94313,129.72931,119.33156,187.53712,134.00242,136.70159,176.30607,114.22927,143.98162,162.15503,173.68064,130.9897,166.39564,145.34725,129.0086,170.14079,136.03905,123.47396,145.26125,122.64644,126.58734,177.07008,175.91351,125.77455,1
144.73403,102.60527,182.75599,112.38146,141.72997,137.8178,176.4274,107.73249,153.79874,114.72153,155.86796,107.09779,159.45259,168.56296,117.18307,153.52306,165.68953,138.04385,170.29535,176.07488,157.03135,140.60491,125.37775,134.09561,118.01238,162.70263,155.87906,130.54918,136.33379,124.85784,150.54345,0.0,162.95168,138.39024,156.89622,162.64354,113.98584,149.68587,143.08228,147.62836,185.28246,152.48929,135.52599,128.38434,136.9478,141.88087,174.93816,157.35539,161.36457,180.22399,169.81513,179.43389,137.81341,137.43443,132.19072,127.40732,119.37109,147.32518,146.04523,162.07424,143.11378,162.62501,149.81089,165.55731,168.47733,132.8643,139.08505,133.4403,139.44791,108.61608,185.06153,110.50386,150.47767,123.38189,162.73057,152.27986,137.75086,178.75754,166.52943,151.12504,131.48004,157.6764,138.55673,138.48566,130.32548,122.66006,165.44138,135.66962,116.99429,129.66654,122.58197,119.66021,116.53547,164.3349,129.93598,155.54125,126.09464,165.53884,137.37093,160.32425,1
123.3889,163.47005,195.59446,150.71047,121.2224,199.94608,197.56593,161.23695,110.57423,161.55729,166.78355,158.41704,120.67797,153.37616,146.52992,186.03371,179.61506,134.5902,147.82559,145.04053,112.03858,189.91873,140.78082,130.34987,147.09203,104.66426,175.29663,193.46382,172.5584,187.59102,173.27636,162.95168,0.0,124.68174,110.23184,143.04995,155.23545,149.56276,120.08809,164.89239,156.52829,163.94384,152.74082,190.05586,135.05448,170.73145,166.20648,141.29705,104.29406,123.10606,110.56217,158.49756,167.48549,179.49348,133.97706,189.42544,143.7083,190.27652,119.81082,168.05277,120.67966,172.41003,182.17303,163.8825,133.9662,195.12532,125.36616,196.35409,138.36719,155.30282,200.1167,173.43525,129.56989,186.04135,114.46884,129.97503,145.04316,199.20089,173.2583,139.90291,142.92213,142.19586,140.03679,161.39407,135.90663,185.36241,103.27391,143.72196,173.96961,135.64422,157.77685,170.87471,155.37151,164.06798,135.47955,193.27439,170.6791,103.81228,141.29846,156.6508,1
114.90109,139.06558,187.25632,126.07559,103.81701,175.76924,186.20737,136.59603,116.67768,138.8262,156.51292,133.73891,127.86406,153.15585,122.59795,169.93502,169.64401,120.57492,150.61885,152.24056,121.39048,169.02402,119.03287,110.084,123.78244,125.05711,162.78486,168.8374,154.04499,162.92772,159.31325,138.39024,124.68174,0.0,120.46907,143.31503,132.18894,140.82989,104.70131,151.78911,163.7517,153.01423,133.68332,165.97715,116.60641,154.31969,164.51998,135.28762,123.6274,144.34574,132.64079,161.8934,150.34292,159.96759,114.3869,165.24261,119.06071,171.2005,109.71994,160.02103,105.36702,163.33222,165.81658,158.65652,141.52373,170.88774,108.64635,171.82975,125.53152,130.62322,191.18596,148.838,126.02444,161.3722,125.90984,127.7455,130.89347,188.19203,165.53564,130.47422,125.3705,139.84608,122.98114,145.52007,115.61374,160.6977,127.36625,128.51156,149.52286,114.52037,137.03121,146.89177,132.96005,158.23049,114.517,175.96165,149.67441,127.15023,123.56588,151.22836,1
114.04578,157.06539,185.49857,145.0971,116.65262,192.88382,187.33897,156.29327,104.04053,153.65928,156.55373,153.21621,111.70814,144.04263,139.88296,176.03694,169.40471,125.0849,139.04531,137.52028,102.12589,180.89833,133.03718,122.9819,139.91979,106.9438,165.08362,187.38509,163.02771,181.75102,163.13667,156.89622,110.23184,120.46907,0.0,133.59507,147.65675,139.33237,116.83574,154.73039,149.27396,153.71386,152.70098,182.92625,134.72507,160.851,156.774,146.21038,106.23921,123.92234,112.96194,150.08644,157.74154,170.14222,125.92679,182.43253,138.31434,180.74882,120.01241,157.89931,118.50853,162.21847,172.22218,153.93313,126.17031,188.17375,117.88974,189.92894,128.50587,149.93337,189.98904,167.37788,119.34949,180.25954,122.66324,119.82283,135.17507,188.98126,163.14272,143.52963,133.7275,132.31243,140.59797,151.517,127.92206,179.54626,110.67105,134.04142,169.54421,127.99344,149.06516,167.25216,147.42307,154.05905,127.77968,183.40832,161.86326,114.04337,141.60531,146.62537,1
128.51959,161.39151,153.93125,155.10114,140.95237,189.75758,158.17792,166.14586,135.8997,151.79406,129.41976,162.77917,122.38126,110.47768,147.70239,154.06744,140.13146,126.53629,107.85225,114.19562,131.49843,167.74271,139.13037,136.47603,145.59561,138.56939,139.40233,189.04005,147.9465,184.90262,139.92085,162.64354,143.04995,143.31503,133.59507,0.0,148.9835,116.47054,143.06741,132.19374,122.71125,128.14785,175.67733,180.38428,159.81573,142.26914,123.18863,177.16071,138.76282,138.21415,138.40385,118.69112,141.38235,155.63129,134.81045,180.58092,150.99522,163.54207,149.20865,127.91286,145.45236,132.77609,151.24466,121.88456,113.34751,185.96374,134.89427,189.90697,123.54544,159.60804,158.68116,171.38572,117.31337,183.7926,156.24507,115.70037,125.24292,159.40203,132.29982,173.1671,131.19533,105.00242,166.18293,134.87906,135.79302,183.01836,141.98684,127.03337,179.17166,137.22958,143.58578,179.68718,146.93925,122.48241,136.94413,162.55066,152.72153,146.62804,166.62383,115.7669,1
134.25574,112.4444,170.95156,113.01213,134.7251,145.313,165.84605,119.46011,145.17702,106.69568,142.69617,116.62228,148.14137,154.60751,110.19343,144.50729,153.39541,125.70501,156.54408,162.65112,147.37091,137.64722,114.61983,124.91734,108.40939,154.09307,143.93135,141.29421,126.89038,136.467,138.84255,113.98584,155.23545,132.18894,147.65675,148.9835,0.0,135.70071,136.7162,134.73593,171.52639,139.19352,141.99204,135.34614,136.98284,130.78152,161.03328,159.23363,152.89781,169.84554,160.5552,165.49494,126.43609,130.54896,121.75099,134.95567,116.48688,141.65074,141.37297,148.69374,137.49082,149.65119,140.47176,151.76876,155.69565,140.69962,129.98723,143.1088,126.24775,114.62407,173.67715,122.48661,138.06399,135.21806,158.0367,139.7534,123.88624,168.12672,153.38693,153.06869,118.10432,143.99104,140.69594,125.63976,119.75266,134.44803,157.27401,121.95065,130.95933,119.70293,109.83516,132.97973,102.84658,150.58876,119.90093,148.35042,119.01307,158.31869,139.91948,146.37514,1
128.51867,148.04444,147.01798,144.44358,139.82083,173.79796,148.01338,154.41722,140.05855,137.22098,117.22184,151.19526,130.96791,119.10565,137.15982,139.10922,130.18815,120.364,122.57219,130.49042,137.58292,151.29863,129.65348,131.53179,134.49849,145.77509,126.10053,173.94667,131.4928,170.24687,125.15911,149.68587,149.56276,140.82989,139.33237,116.47054,135.70071,0.0,142.38217,116.82372,137.04464,114.49672,169.19908,164.63729,155.83971,126.0905,126.05846,176.11736,145.44512,151.33498,148.15717,130.03561,124.93936,139.19494,128.1987,164.94959,142.0507,147.46749,149.08467,119.36646,144.63618,123.20014,135.87684,118.23826,128.35402,170.18752,132.36931,174.45689,115.50773,148.34379,151.25948,157.40099,120.01274,169.26088,160.40155,119.86887,112.64225,149.68662,124.86303,171.16634,120.07384,112.20827,161.89319,118.40854,128.2753,168.49169,149.54676,115.27887,166.63763,129.87806,128.64983,168.15196,133.25414,117.59202,129.65682,147.34237,136.54162,153.37245,161.96117,111.34262,1
114.6908,143.76688,189.22304,130.75405,102.63833,180.46701,188.74692,141.14886,112.8598,143.31811,158.63244,138.34453,125.6027,153.21327,127.24705,173.30641,171.82071,122.64333,150.04515,150.86815,118.05988,173.2719,123.17087,113.4009,128.32604,120.76521,165.41238,173.5096,157.80423,167.58151,162.20362,143.08228,120.08809,104.70131,116.83574,143.06741,136.7162,142.38217,0.0,154.43655,162.54316,155.22839,136.09975,170.66881,118.3017,157.66381,165.02167,134.29331,119.31029,140.44504,128.45404,161.38316,153.80529,163.94632,117.75237,169.93983,123.73777,175.1327,106.71234,161.72726,102.38704,165.28041,169.218,159.78594,139.83801,175.5874,110.23823,176.52253,127.54675,135.26197,193.28471,153.52134,125.82284,166.02095,121.62487,127.36742,133.41522,190.67363,167.23506,130.09969,128.57181,140.02801,124.48393,148.67678,119.25301,165.35062,122.86258,131.22107,153.94503,118.37212,141.13338,151.09301,137.37261,159.47667,118.31923,179.58499,153.8902,122.46747,125.31689,152.29106,1
