Vértice_1,Vértice_2,Vértice_3,Vértice_4,Vértice_5,Vértice_6,Vértice_7,Vértice_8,Vértice_9,Vértice_10,Vértice_11,Vértice_12,Vértice_13,Vértice_14,Vértice_15,Vértice_16,Vértice_17,Vértice_18,Vértice_19,Vértice_20,Vértice_21,Vértice_22,Vértice_23,Vértice_24,Vértice_25,Vértice_26,Vértice_27,Vértice_28,Vértice_29,Vértice_30,Vértice_31,Vértice_32,Vértice_33,Vértice_34,Vértice_35,Vértice_36,Vértice_37,Vértice_38,Vértice_39,Vértice_40,Vértice_41,Vértice_42,Vértice_43,Vértice_44,Vértice_45,Vértice_46,Vértice_47,Vértice_48,Vértice_49,Vértice_50,Vértice_51,Vértice_52,Vértice_53,Vértice_54,Vértice_55,Vértice_56,Vértice_57,Vértice_58,Vértice_59,Vértice_60,Vértice_61,Vértice_62,Vértice_63,Vértice_64,Vértice_65,Vértice_66,Vértice_67,Vértice_68,Vértice_69,Vértice_70,Vértice_71,Vértice_72,Vértice_73,Vértice_74,Vértice_75,Vértice_76,Vértice_77,Vértice_78,Vértice_79,Vértice_80,Vértice_81,Vértice_82,Vértice_83,Vértice_84,Vértice_85,Vértice_86,Vértice_87,Vértice_88,Vértice_89,Vértice_90,Vértice_91,Vértice_92,Vértice_93,Vértice_94,Vértice_95,Vértice_96,Vértice_97,Vértice_98,Vértice_99,Vértice_100,Vértice_101,Vértice_102,Vértice_103,Vértice_104,Vértice_105,Vértice_106,Vértice_107,Vértice_108,Vértice_109,Vértice_110,Vértice_111,Vértice_112,Vértice_113,Vértice_114,Vértice_115,Vértice_116,Vértice_117,Vértice_118,Vértice_119,Vértice_120,Vértice_121,Vértice_122,Vértice_123,Vértice_124,Vértice_125,Vértice_126,Vértice_127,Vértice_128,Vértice_129,Vértice_130,Vértice_131,Vértice_132,Vértice_133,Vértice_134,Vértice_135,Vértice_136,Vértice_137,Vértice_138,Vértice_139,Vértice_140,Vértice_141,Vértice_142,Vértice_143,Vértice_144,Vértice_145,Vértice_146,Vértice_147,Vértice_148,Vértice_149,Vértice_150,Vértice_151,Vértice_152,Vértice_153,Vértice_154,Vértice_155,Vértice_156,Vértice_157,Vértice_158,Vértice_159,Vértice_160,Vértice_161,Vértice_162,Vértice_163,Vértice_164,Vértice_165,Vértice_166,Vértice_167,Vértice_168,Vértice_169,Vértice_170,Vértice_171,Vértice_172,Vértice_173,Vértice_174,Vértice_175,Vértice_176,Vértice_177,Vértice_178,Vértice_179,Vértice_180,Vértice_181,Vértice_182,Vértice_183,Vértice_184,Vértice_185,Vértice_186,Vértice_187,Vértice_188,Vértice_189,Vértice_190,Vértice_191,Vértice_192,Vértice_193,Vértice_194,Vértice_195,Vértice_196,Vértice_197,Vértice_198,Vértice_199,Vértice_200,Conjuntos
0.0,128.21288,161.30753,163.21731,155.08258,174.53382,123.84238,144.31981,188.87152,132.12266,122.38484,161.42822,153.10378,117.97669,147.17857,131.10274,162.61587,136.54894,116.19542,170.10862,157.24562,145.62604,167.04421,169.45331,173.33168,139.9531,147.85504,165.55607,127.06707,145.75928,178.20983,134.01952,124.406,120.41521,150.47552,116.77027,182.61279,177.54888,141.39166,155.39954,115.90691,118.03286,128.07653,145.79224,151.61495,160.72529,144.09412,157.77967,124.43992,156.40359,132.73218,143.51384,142.71726,151.94521,123.61557,176.38573,173.73394,181.58828,156.04886,167.94775,109.1642,174.1678,124.26049,166.12853,164.02367,133.28906,130.62369,125.90902,123.1677,166.13918,149.94141,151.63647,133.45711,196.63242,117.1696,164.29927,134.17249,155.35501,134.82498,153.3044,186.52834,111.87987,158.88263,109.3135,167.3961,175.60219,134.40725,190.35878,131.99439,114.74561,184.67138,150.57661,173.05175,164.27926,154.45479,159.4339,133.60626,155.36305,124.34292,137.57037,118.18469,134.09405,165.83536,175.34148,185.48153,139.73363,156.08474,122.48194,140.92942,129.45875,153.66779,167.34788,134.09756,152.03639,112.82356,173.76568,170.85275,150.26101,130.06614,129.52962,155.25785,155.61662,121.88309,146.0379,144.43816,107.84088,191.04597,154.17322,167.19043,166.55781,168.66984,112.59174,134.45422,176.34597,134.28871,133.48188,144.20981,152.53848,143.30782,129.78529,142.10981,135.44084,148.74312,139.01216,171.24169,138.61239,123.39098,128.52158,142.79997,153.42704,126.41543,126.91628,109.14304,121.61993,148.04047,169.28424,129.8752,105.93392,129.14429,142.53007,154.27691,176.05558,180.07927,136.15307,189.51884,128.28277,178.25573,161.32607,146.7555,147.55644,136.74424,168.06659,136.04975,146.80414,118.92145,118.78944,140.14846,182.38338,185.98298,144.16099,129.74859,140.51319,117.12793,166.29562,119.79725,119.47645,171.16488,182.35829,118.04259,148.68657,157.14198,162.94058,175.32157,139.35702,122.5212,174.42994,170.40846,140.10458,157.85526,168.13423,1
128.21288,0.0,135.94476,177.79734,128.16084,180.51622,113.9612,123.18597,173.81132,107.72423,150.32393,133.2211,147.73266,110.55041,135.65875,130.89847,169.30581,115.74582,133.04585,165.33454,138.43967,147.25605,139.6941,146.415,160.49437,150.7526,161.65811,167.18002,103.62966,118.28022,177.79924,111.43015,109.07919,120.11034,160.19814,142.17066,172.58351,169.63471,122.54082,146.86539,139.14047,111.92732,144.01283,163.93377,135.86557,146.76504,115.88252,136.06878,147.98323,128.3958,157.81238,122.73717,120.13451,168.32408,127.04459,177.04574,170.56181,171.9473,166.7248,174.2447,135.43292,148.46688,118.10511,140.41121,137.88838,105.94124,122.68872,102.88121,147.40378,138.6143,147.24778,165.10599,107.36127,181.17829,118.77856,163.87202,152.39305,142.32429,157.41459,159.35247,175.89564,119.33024,131.23789,118.9017,140.09352,168.4269,108.61332,175.17703,153.11369,118.64945,175.13395,125.91415,146.40235,151.15116,142.46854,170.57637,149.62415,127.7894,109.71818,113.18014,114.33392,142.46644,162.87854,154.3159,165.51354,112.52645,129.40557,139.06128,127.88619,113.98356,158.44737,147.87463,115.05958,128.53359,140.09663,148.00872,160.31651,149.94843,123.70099,157.38007,139.24525,128.14314,113.28187,139.12156,162.00186,130.08126,178.16997,155.88853,143.18583,172.21084,167.9132,118.15894,151.57056,163.4858,147.78201,159.85875,129.479,162.37566,124.48866,157.77228,140.43303,154.73434,156.53741,145.68361,145.74463,123.56501,143.89484,114.5436,116.92426,125.22885,148.73491,148.0194,127.8543,149.50048,124.18416,169.04218,126.50148,123.59659,152.29879,121.52298,146.84741,180.86641,160.1992,146.85384,173.32978,153.41186,186.71628,136.84082,119.86489,151.46655,138.70299,143.84801,151.3691,118.60718,147.11977,124.25124,118.3017,169.45288,166.86811,116.89495,157.5037,113.67089,141.21484,160.24187,111.68654,147.61062,143.72222,170.0956,112.2018,153.50649,174.17466,135.20383,160.56727,133.61523,110.82109,148.34805,152.48545,114.62933,159.26557,170.96049,1
161.30753,135.94476,0.0,189.03101,132.34047,180.91231,149.09806,144.67472,147.35952,138.14086,183.55525,119.7994,143.59227,145.81871,130.79534,144.08504,172.83606,125.04742,168.91919,155.28331,118.09355,152.14102,133.97454,112.57689,140.12088,164.09304,175.06255,165.01902,135.33059,129.66962,170.61027,127.30292,144.49505,155.78278,169.51807,177.04485,153.43146,154.10968,147.33574,138.70657,166.74524,143.32449,164.45407,181.53937,123.82231,130.04047,124.36505,111.18128,183.47586,125.24658,183.96198,145.01505,141.58577,183.20162,162.38835,171.3903,161.31857,153.47379,175.50321,176.22567,165.99576,112.86034,153.01058,104.90033,103.99284,134.25298,136.24084,138.82585,182.73022,132.30909,146.88286,177.37914,135.94707,153.29032,145.68741,160.01231,172.485,129.87255,180.85851,164.75925,155.27476,149.82631,128.93049,152.68261,134.46302,154.23068,136.12733,148.36705,175.82556,147.44754,156.17588,110.74378,112.77272,133.67749,131.63602,179.07059,168.37515,128.82514,145.07383,137.87113,150.27818,156.72846,156.00084,122.28894,133.4572,132.08392,107.97094,161.82147,128.78629,132.47135,162.65899,120.42163,144.46944,110.16628,170.82471,112.46283,143.50926,151.27939,137.69718,190.70622,123.78945,111.78393,139.73496,138.10511,179.34978,159.99605,154.08778,157.31203,108.31064,173.83647,162.51612,153.67648,170.81907,142.2618,164.75399,194.53916,125.95874,171.24856,121.25972,190.82909,145.15136,175.33453,164.79255,156.79595,109.9527,151.53724,179.73156,147.78268,134.92209,122.01181,184.44545,171.78878,157.13652,180.34229,113.43884,164.02353,140.52612,158.05289,177.14781,144.28179,140.30085,179.74183,128.93782,161.50222,145.39453,180.15088,189.17028,103.17543,116.42469,157.15333,148.55491,108.56396,168.95908,122.30715,179.13801,148.0852,121.49495,146.77624,135.78421,130.80988,187.59848,132.83623,176.43762,149.96918,147.63111,180.42041,114.26696,148.25672,143.28435,159.45308,188.84018,112.62451,137.18015,138.40131,138.80054,113.25677,126.22561,121.61667,159.15331,169.37678,1
163.21731,177.79734,189.03101,0.0,204.0169,125.21362,182.97264,200.61169,180.31935,185.22585,163.79989,202.00516,147.48027,173.19977,158.33352,148.35999,121.08142,171.16376,178.39858,148.28864,172.77965,136.92436,213.69317,187.90117,166.88973,127.15226,116.18737,133.09464,174.36585,194.25305,141.47696,173.03329,180.77042,182.30109,119.51992,171.09717,165.17043,157.98252,199.08619,153.34098,147.76267,167.18837,135.60688,118.57407,165.71026,164.58368,188.77061,178.72193,177.76822,201.27638,139.62376,200.03885,197.80428,111.64531,186.69899,138.26235,145.92695,163.76731,113.75504,122.36566,155.11813,198.54216,185.12094,193.1109,193.01765,183.54604,157.7215,177.57895,175.94596,212.21678,143.0405,112.69985,185.15859,186.32883,159.66613,137.55874,129.16187,161.58426,132.84,125.06061,168.68802,161.82445,205.24397,167.22498,214.18062,155.51263,186.41054,181.54289,132.84285,160.77919,165.16894,181.45871,201.13914,164.01813,159.55526,110.79698,129.8057,202.39857,181.1078,190.94909,177.48329,135.5222,143.3083,186.42914,190.12429,189.54922,189.5824,141.31521,160.99592,166.27818,127.53114,178.46859,191.03201,179.77429,154.50462,198.44528,160.93076,138.61231,156.25067,166.02557,166.97613,192.08808,164.51655,151.03982,119.268,155.66201,176.55262,133.63957,189.0065,123.72345,139.02639,173.20335,128.76429,168.33065,130.37644,175.273,163.29671,117.81054,169.25009,164.75424,143.92731,128.45397,124.23927,133.34831,195.8558,198.1318,181.01328,187.10853,194.45731,196.83234,180.72398,137.07104,155.70191,154.16191,178.73352,138.00824,152.94851,168.19886,137.43801,198.84577,151.25029,128.59427,186.48699,130.95954,183.41633,141.71522,121.79573,186.76008,184.56109,131.9701,141.60794,190.10764,127.51014,190.33131,158.2843,153.92046,173.03016,171.59069,188.3033,193.36471,152.13983,190.89181,173.34892,150.0251,177.5373,161.48617,203.23681,170.06517,166.79267,129.72128,108.63712,198.61831,172.01276,151.09048,166.97875,200.03262,176.57687,178.39956,133.5941,130.70425,2
155.08258,128.16084,132.34047,204.0169,0.0,202.88465,133.09691,116.80284,179.53741,122.96209,176.04639,114.73364,166.44763,137.2408,152.47334,155.7254,192.66121,133.53015,154.60544,182.01312,146.45283,170.14784,112.05539,144.79279,170.56785,176.8977,188.14883,187.98169,130.89529,109.98856,196.47167,131.05222,130.89992,139.59955,185.39692,166.25106,183.91316,183.25197,120.73152,163.3788,167.2499,140.08811,171.67033,191.43891,148.53643,158.27421,115.41972,140.45136,170.2521,107.29539,185.91092,117.55434,115.43691,195.32418,143.76744,196.48414,187.89594,183.72135,191.93919,197.11597,163.1036,139.74931,135.29104,134.00254,131.06797,122.32789,146.41865,129.71943,170.19639,111.40046,167.78227,191.36425,121.71502,185.62161,146.70307,183.72258,180.15049,155.88213,185.55451,183.09234,186.27314,147.44524,105.44949,145.98307,112.36844,182.82081,120.69719,180.5969,181.18956,146.78625,186.66433,129.64829,135.00334,162.58286,156.98743,195.79666,177.09204,103.55283,131.09219,117.81438,137.67988,168.53296,181.1564,154.58292,165.55772,115.66768,124.84332,166.97639,146.15402,137.74006,181.67261,152.12871,123.34401,133.16164,167.58463,139.23374,172.73704,171.46995,147.84165,182.7735,150.51455,120.7065,140.63907,158.5119,189.42831,158.04007,185.94642,177.80739,140.3985,194.87322,187.16862,143.13115,179.17221,173.08317,174.81015,183.44969,145.59724,187.49346,138.66438,183.39708,162.70219,182.59863,181.23127,170.88127,138.33578,125.93682,164.83312,129.14937,112.38895,110.53422,170.10236,176.13486,155.94301,176.69973,130.85476,188.53117,151.11491,149.66086,180.45961,117.54566,164.22859,202.57417,161.23568,173.23278,177.7037,181.48684,210.08242,135.18375,122.31153,174.94451,162.96903,140.35299,178.63644,114.51682,173.81588,151.8704,132.7213,178.16569,168.03378,111.26633,184.81767,114.67686,164.64159,176.5517,135.54746,173.7732,129.45979,179.4481,140.36034,177.19432,201.21812,122.02637,168.48931,155.10731,138.31316,138.46708,157.90156,126.45512,180.66856,192.16731,2
174.53382,180.51622,180.91231,125.21362,202.88465,0.0,189.30975,203.58546,160.23943,188.23785,181.53546,197.36125,137.4934,179.15326,151.27676,149.76549,111.92698,169.50587,190.69825,129.38132,163.00339,133.29848,210.63177,176.37403,149.622,134.6892,130.18383,115.94852,176.88663,193.97307,117.7128,172.61512,185.94902,190.58729,124.40868,186.35128,144.13828,137.44118,203.02369,142.22088,161.40629,172.30573,147.289,138.77729,157.2792,152.13421,187.56571,169.78393,193.89119,198.56884,159.74386,203.19606,200.35519,132.63196,196.31106,114.67107,124.90584,142.82194,120.36151,106.59713,168.33447,187.83589,192.35254,184.1037,184.809,185.5392,157.96539,181.20402,192.10479,209.01124,135.21321,127.24182,187.54278,165.14694,165.22396,121.13904,144.76212,151.10182,152.3663,121.67539,147.04733,169.16707,202.79782,175.5701,211.14362,135.30269,188.75185,161.24836,150.29767,167.15236,143.45269,175.91299,191.55413,149.9749,149.28512,118.64703,142.87475,200.54403,186.43275,193.3518,184.59038,140.83118,126.12876,172.36387,173.2851,190.46874,183.66547,152.39566,156.78284,166.98336,122.14413,165.72841,195.25906,173.31601,169.37219,187.86652,143.62184,131.41546,156.84621,185.27269,157.16228,186.99578,168.08569,144.56509,138.1803,166.71832,155.05345,125.0906,178.59869,108.33506,119.82759,181.60192,143.28689,150.17187,140.78048,194.29038,157.79423,122.58231,164.65741,184.17537,140.46121,145.58451,125.82584,136.27393,185.5707,203.34893,195.81249,192.68135,195.62172,193.9965,196.71702,152.74796,165.67342,171.97422,173.66992,118.33591,154.03019,178.22979,155.34152,201.98417,140.62227,103.43206,170.71552,138.38758,163.77445,160.455,108.83435,178.1083,181.20949,129.11599,141.93735,179.62264,140.42065,188.41143,175.38105,159.82494,170.18209,151.88511,170.88336,193.51559,172.12732,191.88973,188.19943,133.22893,183.85218,178.63115,194.97783,150.06715,171.88171,127.22302,132.93553,192.33929,154.95001,147.91796,170.39882,189.61978,162.28088,176.44134,122.29343,111.62401,2
123.84238,113.9612,149.09806,182.97264,133.09691,189.30975,0.0,120.52042,187.62699,111.61208,143.21359,142.62972,159.37837,110.16,148.43852,139.90462,177.64109,129.50953,121.77423,177.21702,152.36391,156.72528,145.12494,160.09011,173.97236,156.90438,166.87196,177.23722,116.34436,125.12591,188.66441,125.26559,104.88655,106.97117,167.12573,133.15682,185.70898,182.31484,117.56649,159.29367,138.6304,117.04398,147.5509,167.08206,149.44949,160.25797,126.28454,149.98909,137.42355,136.15006,156.46,119.69885,119.2097,172.46358,113.29829,187.57651,182.10458,184.99611,173.42669,182.8208,132.81478,161.23076,104.15037,153.30705,150.60285,114.99178,133.50052,111.35205,137.23914,144.48508,158.10771,170.55652,113.72681,195.0454,124.14731,174.50547,155.1953,155.58987,157.85519,167.68322,189.15204,121.15057,137.67227,116.2843,145.40875,180.93112,114.04612,189.00734,154.36196,122.48217,188.19146,139.53114,158.57157,164.57372,155.5405,177.16424,153.40508,134.19436,104.2441,115.36257,105.79786,149.17267,174.23053,168.20331,179.43982,119.5123,141.98686,141.95534,140.68642,126.13681,167.21464,161.83583,110.42757,142.3359,136.65388,160.74937,173.40879,160.16579,134.08403,149.79081,152.91999,139.97171,121.81641,150.87701,165.40925,129.12938,191.77077,165.63903,156.67896,180.98529,178.72475,111.25634,154.89817,176.99242,152.63622,150.41237,142.71916,169.31679,138.25166,150.47523,150.67318,157.04647,164.11864,153.24612,158.65585,115.32826,132.4024,104.67934,120.80858,134.36316,137.57184,149.12141,128.05284,145.00643,138.00062,179.71931,136.16021,117.94281,152.27689,118.75213,159.00605,190.08442,174.13933,152.86299,187.22634,151.98567,194.65905,150.29122,132.69345,160.3119,147.59215,157.27306,155.55099,129.02924,141.62238,129.75303,132.23662,183.01191,180.82319,123.38738,153.12567,119.71513,131.5615,172.35893,105.50637,141.18373,155.1045,183.5656,117.46713,162.09993,178.08272,146.3466,174.29197,144.7362,119.87102,160.89201,166.41884,128.37648,169.21093,180.69554,1
144.31981,123.18597,144.67472,200.61169,116.80284,203.58546,120.52042,0.0,189.90302,115.50523,163.25387,130.59334,169.62311,128.24118,156.48599,154.07534,192.46114,135.69406,140.20137,186.70401,154.79204,170.29012,127.54627,157.16172,178.72918,173.72018,184.42896,189.8994,126.793,115.0101,199.98427,131.78817,120.60191,125.72008,183.32963,152.6011,191.66389,189.76112,104.05755,167.87323,158.62016,133.50636,166.00941,185.89965,154.6723,165.394,121.09664,150.07793,155.53568,122.86478,176.78092,100.89012,103.48373,190.74857,128.36812,199.45811,192.23327,191.23682,189.83983,197.36316,153.18362,154.34434,121.23344,147.52546,144.52525,118.08638,145.6282,123.04886,155.72257,127.42028,169.72962,187.95856,116.04282,196.63251,140.99144,186.31562,174.10886,161.846,177.74065,182.52067,194.54419,139.75163,122.23842,136.2004,127.69193,188.88488,114.83961,191.11377,173.9434,140.148,194.34717,138.45139,150.18936,169.86833,162.4615,193.68234,171.78496,119.50634,120.45753,110.27263,126.1413,165.50533,184.81109,166.61277,177.96919,114.49388,136.70378,160.67906,149.04656,136.65011,181.57008,162.4347,110.26979,142.0116,157.14253,153.82498,179.73337,172.72246,146.74282,169.55246,157.46393,133.13111,136.27144,161.09427,184.07979,149.07827,195.47794,178.79304,152.98326,195.30066,190.21043,131.73165,173.54,181.53051,170.35408,169.0655,149.71198,185.51262,143.36064,170.34739,163.29241,176.20681,179.71677,168.8478,152.45072,109.2452,149.73839,115.8694,110.04768,123.71941,155.01874,168.71156,147.61237,165.51153,138.42131,191.41815,149.6418,138.44741,172.26293,101.82264,168.21293,203.83271,173.16206,169.76702,188.62295,172.29862,209.88864,146.97633,130.14518,174.59695,161.8661,153.20009,173.71371,122.55439,162.04793,146.71178,136.60564,187.13463,180.07029,114.00955,173.62026,113.20155,150.67746,181.39987,124.82873,161.44245,145.17196,188.12833,133.88818,176.66129,196.52898,136.92013,177.64417,156.17289,133.82211,153.35964,167.90806,130.39662,182.07935,193.79223,2
188.87152,173.81132,147.35952,180.31935,179.53741,160.23943,187.62699,189.90302,0.0,179.2577,207.4673,166.94115,139.40595,180.26385,141.70199,158.96452,159.28495,158.11968,202.08807,132.05544,135.58218,151.77826,180.80133,135.51973,116.07724,166.88698,173.45662,147.33566,171.30667,175.25503,143.22615,162.39343,182.76517,192.93729,164.89727,205.52183,116.23518,122.832,191.77414,134.89977,185.55413,174.56923,175.48291,183.24591,138.4182,128.2352,168.81287,139.83743,213.30906,172.56518,196.47661,190.05003,186.5233,180.88003,200.08122,145.85721,135.40167,117.47844,167.80058,159.28909,188.8503,144.88414,191.76794,146.9003,149.44367,175.16285,158.39344,176.28312,211.99338,179.18543,144.31825,173.51882,177.34355,107.76757,171.98065,142.77149,180.16471,133.54556,190.40274,157.35249,114.29633,177.57874,176.28928,183.28615,181.2633,125.11148,178.02342,101.50096,185.77432,174.56314,117.56877,151.45527,150.39332,124.61219,134.42909,169.73616,175.87111,176.06982,183.41171,181.23465,186.2303,164.34645,137.05587,126.01371,118.32296,175.78426,154.70008,176.57181,148.47682,162.45861,154.80793,127.56593,186.84475,147.89235,192.76975,145.23718,120.67758,147.1612,158.82776,213.89585,134.82353,158.83125,169.15964,143.78093,181.36927,183.66709,108.07462,149.00636,139.86366,157.3353,141.59979,187.15001,178.02795,113.39915,171.58209,220.64454,145.64434,165.32907,149.37548,213.43717,150.20662,182.73786,160.99774,160.76989,144.45399,195.04364,211.70372,188.18013,179.85569,169.04749,215.23511,184.27886,180.97448,200.54312,151.62759,142.82713,159.13706,188.51355,189.51382,189.10988,136.64909,157.4045,119.91579,167.08416,103.89414,194.33991,168.85615,144.39319,159.76168,154.39159,156.55079,140.23029,174.82462,167.60735,201.49116,170.33713,155.57998,108.74529,115.03382,175.98107,205.33095,176.91348,205.99602,130.77291,183.98227,203.97497,156.2152,110.29231,174.28505,155.62473,184.70634,159.33867,113.609,150.06397,169.93999,146.89659,121.99504,160.62255,147.6297,150.38753,2
132.12266,107.72423,138.14086,185.22585,122.96209,188.23785,111.61208,115.50523,179.2577,0.0,153.28579,131.12494,155.11479,114.38268,142.614,138.61507,177.02744,122.03181,133.21135,172.57526,143.677,154.97094,134.9535,149.64764,166.63429,158.26391,169.05666,174.83036,111.35252,113.96804,185.3069,117.76466,108.14999,118.58296,167.82657,143.96319,179.0667,176.46802,114.86272,153.93904,144.84175,118.42089,150.97869,170.91813,142.03515,152.96591,114.70631,140.33587,148.77783,124.96353,163.40203,115.02953,112.57843,175.54168,124.56354,184.61795,177.90672,178.50058,174.3401,181.96893,140.27376,149.95673,115.12643,142.14225,139.35755,104.12153,130.37101,107.69889,148.48005,134.10592,154.8196,172.55238,102.201,186.43563,125.76717,171.44595,159.23549,148.8281,163.61262,167.07108,182.24012,125.26096,126.96377,123.07811,135.29516,175.36977,102.48423,180.57557,159.53112,125.19983,181.66989,129.23033,147.09282,157.41407,149.1504,178.18488,156.68601,123.43591,108.47269,105.88816,115.04025,150.02298,170.29705,158.24373,169.61564,108.0654,130.74715,145.81666,134.91765,121.54137,166.1716,152.55895,107.81611,132.3613,144.67953,149.46609,166.87569,157.60574,131.4109,160.12842,145.22231,128.49184,120.78309,146.51232,169.03909,135.44262,184.05899,163.57973,145.99543,179.93394,175.44733,120.2919,158.53803,169.57247,155.06044,161.48466,136.1494,170.00883,130.50733,160.68565,148.10751,161.46303,164.21665,153.34319,147.47098,116.38294,143.94137,109.64324,110.72027,122.84743,149.06701,154.3527,133.56826,153.74175,128.15413,176.59988,134.22571,126.72585,158.31028,113.81588,154.0473,188.57363,164.43454,154.32944,178.49293,158.94151,194.43228,139.6096,121.75011,159.19075,146.4242,146.50617,158.52929,117.43049,150.87006,131.41998,123.8788,175.43807,171.24778,112.27418,161.86436,108.54635,142.59311,167.40325,112.7097,150.90585,143.50824,176.20648,118.77307,161.22867,181.36069,134.74501,166.29216,141.19299,118.32808,149.52428,157.54344,118.70347,166.93668,178.6389,1
122.38484,150.32393,183.55525,163.79989,176.04639,181.53546,143.21359,163.25387,207.4673,153.28579,0.0,183.50253,169.29421,139.84231,166.45498,148.50871,170.26806,158.62944,124.21651,184.52104,178.16481,159.11368,188.10038,191.19362,191.49889,148.22535,151.62874,176.49888,149.40782,167.21416,189.44104,156.3233,145.1912,137.54619,157.43957,111.54531,199.07498,193.17872,159.73792,172.81139,122.45328,140.39536,135.64305,145.26631,171.91708,179.94147,166.17084,179.40231,114.88984,178.09323,124.72498,162.38322,162.35652,152.26493,136.70432,187.04639,186.97984,197.90137,161.30326,175.32204,118.76927,196.41024,142.02541,188.40174,186.35189,155.03084,150.86311,147.84522,113.19035,187.33699,165.17066,155.02987,154.88752,215.20908,138.37033,176.66697,136.78917,174.5454,130.9759,162.66936,203.1317,133.75527,180.24871,131.52791,188.41329,190.95372,155.70079,208.96819,131.55055,136.29691,200.79784,172.81207,195.41132,182.99402,173.32531,163.79558,138.90633,176.72135,144.96642,158.24291,138.36763,145.82837,179.56142,196.45585,206.08376,161.21125,178.4639,132.22511,161.23535,151.35151,163.88373,188.16047,153.56678,174.09843,114.71441,196.01797,188.11814,164.16391,149.96012,107.15479,175.44802,177.98338,143.88048,163.70343,144.90785,124.46114,208.58355,166.34373,189.16652,174.56407,180.84932,132.99481,138.26242,194.39659,141.83617,113.49498,164.69993,159.05905,164.7951,107.44909,157.96576,136.27181,157.54817,150.63159,193.46318,155.83522,119.99702,147.62193,163.6577,175.38908,117.78976,128.81986,127.35993,109.69026,170.20787,181.09039,148.83228,126.78725,126.60762,161.58834,171.30273,183.81919,200.7461,145.52873,208.58213,122.0865,182.95543,183.44215,169.13905,159.30984,151.76197,190.07781,141.26276,168.92057,106.36553,137.91971,162.22967,200.23448,206.27249,165.54535,113.90523,161.82667,114.06235,181.66649,140.57819,103.49261,193.54353,199.90418,140.38663,159.64537,155.89525,185.28202,194.211,157.44355,144.76665,196.72619,190.64045,162.47522,169.76031,178.01944,2
161.42822,133.2211,119.7994,202.00516,114.73364,197.36125,142.62972,130.59334,166.94115,131.12494,183.50253,0.0,159.95574,143.66025,146.08633,154.1291,188.13841,131.31774,164.3334,173.68074,136.57673,166.11538,114.24803,131.52145,159.76293,175.47652,186.81766,181.78768,134.65158,117.75568,188.75707,130.71215,139.14981,149.56802,182.69964,174.84448,173.12032,173.42937,134.19096,155.89369,171.08768,144.25509,172.6634,191.63525,140.52709,148.77433,117.34064,129.84975,179.89677,107.75006,189.55352,131.21443,128.3899,194.55428,154.90502,189.20851,179.70183,173.1105,189.07636,192.10177,168.28975,125.19384,145.7116,120.24787,117.52939,128.6204,144.9195,135.65821,179.5684,112.56779,162.29158,189.66257,129.17481,172.53896,149.40609,177.08181,181.14866,147.51804,187.98619,179.17083,175.05089,151.73161,109.97261,152.12074,114.74777,173.35975,128.64596,167.88598,183.23885,150.25586,175.87169,121.44964,120.29483,152.75259,148.9902,192.84549,177.54679,111.36254,139.54177,127.86799,145.97,167.35281,173.70398,141.29042,151.84557,123.11863,114.02157,168.75284,141.36267,137.67701,177.39362,140.22035,134.53833,124.24209,173.05266,124.68463,162.79653,166.41349,146.46231,190.52117,141.61441,110.37162,142.92657,152.97783,189.50961,162.6414,173.83048,172.728,127.12358,189.75971,180.05723,150.8208,179.83892,161.99223,174.60146,192.46854,139.73482,184.65554,133.11383,190.95122,158.66666,183.82847,178.19162,168.71538,124.03701,139.20931,175.03013,139.61454,122.95818,108.27757,180.18015,178.52225,160.12409,182.55733,123.76792,181.51285,149.747,156.72305,183.39998,130.90311,157.14345,196.59024,147.88458,172.21781,164.76657,185.31109,205.17421,122.93249,117.60161,171.12872,160.40446,126.87264,178.69079,114.62798,180.31858,153.63084,129.03234,166.57508,154.51557,119.4719,190.46664,122.98879,173.60449,168.24941,143.46,180.82771,114.74825,168.04589,144.40463,173.45019,200.40828,107.74142,156.96975,151.15861,141.03292,123.8156,146.02495,124.39075,175.12485,186.11015,2
153.10378,147.73266,143.59227,147.48027,166.44763,137.4934,159.37837,169.62311,139.40595,155.11479,169.29421,159.95574,0.0,149.89951,114.02832,122.0108,129.40011,134.053,168.18222,117.85883,126.03071,112.72944,173.44238,140.61511,123.44557,128.03677,136.41403,121.83469,144.26482,158.18581,130.39311,137.8351,155.09276,162.76929,128.79646,168.99783,129.8335,124.44542,169.85858,105.90713,146.95327,143.06947,136.10361,145.40639,119.82391,117.17158,151.47727,132.58165,176.99171,161.59866,157.08102,169.39157,166.20545,144.50952,169.56674,130.10671,122.83585,128.70907,133.73753,132.63352,151.19388,151.61954,163.1376,147.05975,147.53566,151.73247,125.89997,149.22354,175.48893,171.79986,105.10914,137.53388,153.92924,146.91162,137.91717,117.29345,140.92788,114.30066,151.134,122.42264,133.86486,143.31361,165.85758,149.81422,173.95632,122.53236,155.02688,140.88045,146.42343,140.46347,131.70729,138.51537,154.79383,117.3752,112.31156,136.88187,136.57487,163.84801,155.68446,159.41631,156.01721,124.94963,115.19714,139.07979,144.10615,155.57407,146.18623,137.56344,120.67723,133.78809,120.00089,130.99076,162.76356,135.83399,154.62412,151.57632,119.06205,109.06046,125.47037,175.37283,120.11137,149.58412,137.7622,108.61114,143.35941,146.69536,139.43726,114.09364,142.13393,130.2449,120.7814,154.98614,138.8023,126.00736,132.26681,182.71167,120.85195,130.00036,127.79007,174.79799,111.3374,143.5842,124.17221,121.46459,149.10055,171.29678,176.49458,161.65995,160.67502,157.0496,179.26465,144.88806,144.33135,161.72463,136.39757,122.10497,124.10799,154.29457,150.10787,168.21675,103.7778,136.63456,139.8438,127.7878,141.32673,154.95292,145.60193,140.90104,144.32156,116.46864,117.5629,143.21072,135.69801,151.94223,163.10958,134.44448,133.92669,131.42553,142.88323,157.99702,166.08374,156.98538,169.92044,113.32752,154.44804,165.82032,157.77958,130.84835,142.68149,118.34854,149.36929,154.84814,127.4946,114.73577,139.52606,153.24989,129.46747,140.37702,115.56851,126.15469,1
117.97669,110.55041,145.81871,173.19977,137.2408,179.15326,110.16,128.24118,180.26385,114.38268,139.84231,143.66025,149.89951,0.0,139.8215,129.85071,167.48123,122.95512,123.25734,167.75722,145.78146,146.65595,149.13835,155.54454,165.92763,146.88137,157.04647,167.20905,110.49409,127.79527,178.79064,119.23783,107.69127,112.9985,157.03391,131.6609,177.13151,173.33526,126.12681,150.26607,130.60346,106.97718,138.03087,157.80821,141.84566,152.3489,126.3321,144.54491,137.69814,138.43732,149.07692,127.5444,126.01692,162.91687,120.04634,177.62241,172.47463,176.3393,163.37029,172.66149,125.89506,158.5238,113.41309,150.43511,148.03339,115.31555,124.03471,108.00403,137.03175,148.19932,148.33454,160.69438,115.53862,187.84416,113.99881,164.60346,145.96534,147.39798,149.58131,157.52344,180.71463,111.5676,140.91925,108.75038,149.50087,171.82552,116.54709,181.68835,145.70823,112.46046,179.53061,135.40204,156.72826,156.51119,147.11765,167.12838,143.86259,137.40413,107.95194,120.09888,106.16708,139.06264,164.55222,162.78229,173.69541,121.77531,139.67718,132.56972,132.24274,117.82488,157.06611,155.67015,118.13615,137.59342,130.34396,158.08112,164.85728,150.21384,124.44148,146.87054,145.45256,138.62869,112.13918,141.52743,156.04572,121.12885,183.85485,155.58589,152.63691,170.83042,168.85833,107.85871,145.49824,168.97686,142.82404,149.34208,134.71037,159.2271,131.31519,147.29097,140.77481,148.00011,153.97399,143.09247,155.725,124.94785,133.9755,113.9312,125.09981,135.56321,138.62799,140.4811,119.43171,139.52642,133.29612,169.81527,126.26921,113.06966,144.17457,126.42021,149.80374,179.94645,168.30111,142.84557,180.19596,144.60728,184.51426,146.40677,130.13944,150.17424,137.48503,153.38127,145.91485,129.09069,136.87993,119.64872,126.24346,175.05612,174.75086,126.21444,147.61853,122.60083,130.79161,163.04601,104.7185,137.20519,154.22512,175.4548,107.39389,151.94787,168.61989,145.74307,166.73889,135.17353,110.60292,158.51982,159.75213,124.20626,159.18016,170.61461,1
147.17857,135.65875,130.79534,158.33352,152.47334,151.27676,148.43852,156.48599,141.70199,142.614,166.45498,146.08633,114.02832,139.8215,0.0,118.4818,142.32409,120.8118,160.62909,130.22849,115.0506,121.40921,159.44811,130.55546,126.42656,134.53766,144.96759,135.80809,132.44933,144.4179,144.082,124.90749,143.8221,152.80161,138.86234,163.86412,137.3311,133.98446,157.06402,111.38944,145.35001,133.53904,138.15857,152.43447,107.60014,113.57753,137.64034,120.42359,171.61845,147.57082,159.3134,156.32392,153.02539,153.20514,159.86702,144.01215,135.85518,136.57737,144.73817,146.0738,147.69485,140.45169,152.43089,134.77878,134.78808,138.95412,116.74159,137.56187,170.32083,157.81167,116.3092,146.98365,141.20076,149.4584,130.30569,131.31914,145.07129,108.18316,154.62696,133.97307,140.89335,135.91531,151.8294,141.79691,159.96161,132.77918,142.21692,143.18634,149.57713,132.89987,139.77278,124.64214,142.81098,117.16291,107.40072,148.2808,140.67467,149.83466,144.4493,146.42274,145.96923,128.31523,128.75531,132.09642,140.22097,142.19032,132.48987,137.48017,107.78533,122.30462,131.91542,123.36593,150.40339,122.19141,151.90943,140.31395,125.04233,120.6026,117.12582,173.14884,110.0317,135.7249,128.04231,107.31264,150.25568,142.2517,144.3528,126.79971,130.96961,143.71626,134.69528,146.08436,143.12937,129.47856,136.57769,179.37853,106.92162,140.52634,113.8145,172.82941,114.80229,147.93883,134.10946,127.12117,137.66885,158.98384,170.04445,150.07038,147.21432,143.02128,173.53316,146.64671,139.4795,160.35739,122.41665,136.0621,117.64864,146.91648,152.16956,155.17858,111.85157,150.5778,135.08989,132.65862,142.38407,156.29115,159.13604,128.43343,130.2997,126.38893,119.54171,132.07886,140.65385,137.98786,160.72881,128.78516,120.18002,135.57342,140.04695,144.32907,166.11823,143.58072,164.29868,124.91568,144.01874,162.98148,145.05625,135.80111,133.21175,128.6768,158.65603,141.3279,128.14327,109.83724,129.22703,141.83651,124.54898,126.6383,129.04733,140.09675,1
131.10274,130.89847,144.08504,148.35999,155.7254,149.76549,139.90462,154.07534,158.96452,138.61507,148.50871,154.1291,122.0108,129.85071,118.4818,0.0,138.42124,122.91819,146.26387,139.31595,132.32116,116.82163,165.36427,147.33098,143.03793,121.41161,132.76368,137.35918,127.28299,146.07276,149.11429,124.68999,136.27697,142.14968,129.73601,147.18623,151.57271,146.45139,153.31454,124.54714,126.93554,122.88274,120.58594,137.80774,125.11606,131.62745,140.42248,135.89878,155.14587,152.94995,141.23424,153.63556,150.95257,140.42521,148.59942,147.82519,143.42461,150.52245,136.29321,143.4133,129.90519,155.71375,143.25038,148.76614,147.86435,136.20999,109.36477,131.44951,153.69056,163.90699,119.19973,135.78328,138.09008,166.71287,116.53093,134.91017,128.41128,126.28838,137.17455,128.45668,155.52553,121.60993,156.89021,128.22456,165.84841,144.53299,139.32516,160.46523,132.0942,118.92694,153.5882,134.78065,156.83979,134.50036,124.92202,140.15913,124.2958,154.04174,136.7846,143.94488,135.66999,113.22451,135.44655,150.25259,158.70184,141.72437,142.72604,119.10914,115.68437,118.081,127.63152,141.56475,145.50183,134.00762,133.82749,155.46895,140.01127,120.47324,107.89322,155.01918,128.24814,144.63445,118.34245,115.26524,135.64075,124.95124,160.39531,125.73813,146.73371,141.43564,139.22316,133.75814,126.73523,145.97112,120.80714,161.69483,119.06644,131.8668,122.8629,154.62522,111.33402,131.27046,125.78433,115.16889,152.74163,153.59607,154.49083,143.02267,146.78673,148.54144,157.34925,128.61697,122.44606,141.97503,131.87415,140.10412,104.61399,132.4188,134.13758,152.42137,123.26787,150.32128,153.55095,118.09325,160.0965,137.99549,155.81787,142.58639,136.53919,120.65089,107.83236,147.81088,124.99844,141.97763,142.59215,112.45901,125.14359,151.88885,158.49783,145.29474,147.63671,143.1135,148.00262,135.26057,134.56498,145.0172,157.55502,151.68854,122.46252,122.6309,146.28291,151.64412,145.72033,108.96511,120.63425,156.73328,143.03069,130.11333,129.33032,140.79358,1
162.61587,169.30581,172.83606,121.08142,192.66121,111.92698,177.64109,192.46114,159.28495,177.02744,170.26806,188.13841,129.40011,167.48123,142.32409,138.42124,0.0,159.13709,178.78698,127.23305,155.4307,122.52449,200.99076,169.80255,146.29234,122.84151,119.8747,112.01408,165.68321,183.48109,121.92308,161.97505,174.40072,178.75575,112.83282,174.65781,144.09751,136.90346,191.73213,134.86855,149.68859,160.68793,135.54059,129.48418,149.015,145.72853,177.25825,161.93004,182.27597,188.75277,149.45104,192.03723,189.29358,124.41997,184.41956,118.84938,124.97272,142.6929,110.52656,105.33269,156.52977,180.96159,180.60716,176.43047,176.80567,174.49729,146.98459,169.84873,180.50187,199.40494,126.02362,117.72174,176.44044,165.24745,153.511,116.61161,133.68625,143.65086,142.07361,109.9894,147.6519,157.33047,192.93277,163.6976,201.49799,134.43123,177.66514,160.49238,139.46153,155.37742,144.15461,166.8077,184.19336,144.45871,141.68982,110.91496,131.40017,190.49961,174.86835,182.28104,172.83063,128.93228,122.38623,167.13084,169.8243,179.67936,174.77086,140.54321,146.9486,156.03038,111.00286,159.67987,183.8882,164.50931,157.729,180.93225,140.25971,121.75317,145.77549,174.34067,149.51137,177.84335,156.63881,135.20435,128.44943,154.80578,155.48776,115.53967,171.50519,104.32513,117.96951,169.74203,132.04883,147.53891,129.03031,183.23177,148.40789,111.28428,155.08179,173.30192,129.96048,134.8389,113.89934,124.45629,178.48125,191.86799,184.03969,181.11363,184.81218,184.18655,185.0738,141.4527,153.74653,160.81289,164.37277,117.01947,142.81944,166.30726,144.47947,190.82324,132.96512,113.64382,166.52112,126.48119,162.43961,149.70489,117.48511,170.22632,171.44616,117.89675,130.60328,172.57503,129.00842,178.30035,164.03699,148.04279,160.14828,150.57134,167.82058,182.91861,161.56348,181.09277,176.45525,129.31167,172.16399,167.26897,187.07542,149.01506,160.26445,115.80017,126.60149,183.64895,151.51763,137.56761,158.99425,182.62103,157.08621,166.23166,113.98743,110.09372,1
136.54894,115.74582,125.04742,171.16376,133.53015,169.50587,129.50953,135.69406,158.11968,122.03181,158.62944,131.31774,134.053,122.95512,120.8118,122.91819,159.13709,0.0,146.03752,151.01235,122.97658,136.61899,142.54267,133.07617,144.7885,144.328,155.68084,154.96258,113.2286,124.47628,164.44581,104.3357,124.64553,135.05247,152.16328,152.74246,157.05712,154.47265,136.27348,132.20059,141.97164,118.87405,141.5643,160.32217,120.14591,131.06852,118.12115,121.70618,159.62851,130.13,159.72111,135.51821,132.24385,163.30578,142.16959,164.08013,156.54893,156.47602,158.66527,163.6401,140.94927,137.85303,133.65357,129.93767,128.15087,118.2227,113.62093,118.16344,158.71208,141.05509,134.66178,158.65796,120.48117,165.54084,120.64866,151.03275,149.98946,126.80152,157.35868,149.57082,160.28236,124.87507,134.16132,128.38739,143.03345,153.43447,121.45384,159.49805,152.4671,122.41506,159.64896,114.35315,137.3716,135.48334,127.13087,162.50294,146.28522,131.49457,125.29207,125.61153,128.54168,136.1119,149.19826,139.86598,150.74044,121.52169,121.21353,138.0611,113.38823,107.44173,148.14462,132.74524,129.84758,115.48987,145.78079,137.47874,144.8479,138.11945,115.15726,165.76894,123.49975,122.29775,114.74903,125.64974,158.19345,134.95099,162.42664,144.41696,130.64665,161.42086,154.77647,130.55122,148.60751,147.76742,143.28435,169.98562,114.15747,154.21468,108.75157,165.85263,129.1851,152.72052,147.86581,137.82275,134.88112,138.40125,156.54774,130.25449,126.62536,125.66876,160.91124,148.00556,132.09846,155.3103,111.61723,156.04248,118.45749,133.8747,153.15738,134.36918,132.52091,169.35184,145.34787,140.96163,157.74307,155.72125,176.57388,124.81347,113.72744,141.4214,129.6784,131.51771,147.38112,119.29841,154.10312,123.47082,103.60252,153.7177,151.82937,124.1022,162.64478,122.93239,152.39933,145.72515,126.12816,155.44682,136.6471,154.38622,118.75717,143.67987,169.17699,129.63553,144.82909,121.61403,114.10648,138.29725,137.02634,107.24461,147.41543,159.04239,1
116.19542,133.04585,168.91919,178.39858,154.60544,190.69825,121.77423,140.20137,202.08807,133.21135,124.21651,164.3334,168.18222,123.25734,160.62909,146.26387,178.78698,146.03752,0.0,185.56384,168.53817,161.54283,166.53694,178.79989,187.05456,156.06765,163.4888,181.65711,133.70527,146.89978,194.23549,142.47094,125.31103,115.01364,166.55852,112.81108,197.18868,192.52971,136.43062,169.87941,130.64412,127.70459,143.92115,160.40016,163.90947,173.87373,147.61839,167.71985,115.66742,157.92369,144.04672,139.31293,139.86478,166.90552,112.5397,192.47695,189.45008,196.24317,171.99224,184.1173,123.28566,181.50845,119.34155,173.4438,170.93412,136.07893,143.91486,130.18072,115.61149,166.00273,165.40038,167.254,135.20943,209.78345,130.54032,180.23711,149.24147,168.64946,147.9503,169.49981,200.99926,124.97394,159.35146,118.83261,166.78842,190.7055,135.68794,203.54848,146.11241,127.93284,199.38108,158.61744,179.37227,177.75979,168.02711,175.28511,149.22907,155.90108,124.8636,137.06485,118.79499,150.27899,181.50365,185.90123,196.67585,141.22747,162.43258,138.46046,153.61148,140.10349,169.84825,178.55442,131.31875,160.85074,124.46368,181.05213,185.15756,166.04647,143.7273,129.787,167.57619,160.92209,132.985,160.59617,159.28053,123.98125,204.96408,170.20317,175.8773,182.74574,184.61071,115.49232,149.80545,190.10498,150.26737,128.93097,156.5362,168.5947,154.0845,130.73995,157.52022,150.09681,164.92573,155.18102,178.76815,132.11526,110.86114,125.45611,142.47679,156.05661,115.86921,141.42244,125.25856,129.43183,156.55132,185.27472,144.27211,113.90112,142.36779,138.66884,168.97297,192.24598,191.26354,152.3107,202.34548,139.99528,194.25013,169.62059,152.90345,163.67066,152.49692,176.60811,151.719,150.40833,125.07447,133.81335,149.42052,196.19716,197.58303,145.1615,136.77662,141.48292,110.60169,181.48872,121.44568,123.34393,176.34647,196.36105,127.94652,164.84898,171.77486,167.65174,188.4803,153.88335,132.50143,181.38948,182.33024,147.36372,173.89392,184.29939,2
