Vértice_1,Vértice_2,Vértice_3,Vértice_4,Vértice_5,Vértice_6,Vértice_7,Vértice_8,Vértice_9,Vértice_10,Vértice_11,Vértice_12,Vértice_13,Vértice_14,Vértice_15,Vértice_16,Vértice_17,Vértice_18,Vértice_19,Vértice_20,Vértice_21,Vértice_22,Vértice_23,Vértice_24,Vértice_25,Vértice_26,Vértice_27,Vértice_28,Vértice_29,Vértice_30,Vértice_31,Vértice_32,Vértice_33,Vértice_34,Vértice_35,Vértice_36,Vértice_37,Vértice_38,Vértice_39,Vértice_40,Vértice_41,Vértice_42,Vértice_43,Vértice_44,Vértice_45,Vértice_46,Vértice_47,Vértice_48,Vértice_49,Vértice_50,Vértice_51,Vértice_52,Vértice_53,Vértice_54,Vértice_55,Vértice_56,Vértice_57,Vértice_58,Vértice_59,Vértice_60,Vértice_61,Vértice_62,Vértice_63,Vértice_64,Vértice_65,Vértice_66,Vértice_67,Vértice_68,Vértice_69,Vértice_70,Vértice_71,Vértice_72,Vértice_73,Vértice_74,Vértice_75,Vértice_76,Vértice_77,Vértice_78,Vértice_79,Vértice_80,Vértice_81,Vértice_82,Vértice_83,Vértice_84,Vértice_85,Vértice_86,Vértice_87,Vértice_88,Vértice_89,Vértice_90,Vértice_91,Vértice_92,Vértice_93,Vértice_94,Vértice_95,Vértice_96,Vértice_97,Vértice_98,Vértice_99,Vértice_100,Conjuntos
0.0,119.47542,152.99558,113.22365,212.16803,136.38582,180.8347,182.21451,169.19669,181.69753,140.20376,166.05236,152.97956,201.04462,158.37471,201.77382,154.49819,160.34413,171.30937,187.9735,137.96648,126.56426,161.20932,129.34301,186.81499,153.63521,174.59919,185.95255,175.51892,118.61011,136.25762,115.89303,168.97521,116.00099,139.21902,115.22294,135.41049,128.41348,127.93062,168.64095,168.20102,161.73447,194.02074,192.07271,173.22631,171.07182,209.41655,119.40041,184.8851,199.42235,179.41071,128.94657,170.76353,196.72629,198.48036,121.50558,136.90951,173.36128,122.70244,171.21215,204.28749,202.45776,135.47233,131.87554,147.21684,165.1612,203.59631,145.30963,157.39657,189.52985,197.19214,119.22365,193.74684,180.57377,159.11216,170.09472,135.81803,131.67859,122.21788,136.21875,179.26276,187.56149,193.83818,207.10295,137.50286,138.14871,138.77443,152.73058,112.90928,183.2688,201.26525,171.76738,199.17093,144.8098,179.65502,182.88939,161.24339,113.02041,128.10142,170.59661,2
119.47542,0.0,140.01941,114.21624,192.88725,146.20367,174.56884,164.14424,152.80164,162.55879,127.80304,160.97309,139.66768,184.11097,141.22536,182.34484,141.31819,144.66361,154.57411,172.35941,135.26853,121.97162,147.91512,110.51555,168.88993,134.17885,162.09175,170.51861,156.13559,117.39976,117.00252,132.2519,149.50177,126.30704,138.92648,129.55913,125.67518,108.97055,116.84074,151.96831,148.73295,145.52685,174.59098,176.12496,154.54382,164.49501,190.11453,134.51829,171.35253,191.10244,170.25436,110.12679,156.65844,182.44107,179.03123,138.5983,134.15389,168.03139,130.84728,161.45565,184.9422,183.02732,124.33696,129.57834,135.15908,146.1479,184.97671,149.30349,139.87718,174.01171,186.2588,106.22455,179.93037,163.6997,145.76367,151.32561,142.38316,147.54668,105.5247,134.36511,165.21412,180.82908,179.06269,188.4586,145.54066,132.92785,126.1276,141.13177,106.98377,164.15998,182.47812,158.37186,179.95391,127.9281,160.25036,172.99491,157.81327,116.38664,110.27632,152.79568,1
152.99558,140.01941,0.0,153.86915,173.16703,151.80989,139.53471,137.54463,120.4127,161.75776,112.82323,130.32703,166.97272,150.84061,158.49022,166.8162,168.46121,111.76222,123.19458,135.9741,125.93568,128.10392,108.21411,140.11055,140.83666,134.51027,122.10131,133.79717,153.02004,157.40872,137.91678,155.71992,144.7775,145.85264,130.65247,151.61414,118.03433,135.21805,125.1685,120.87827,142.41488,164.61093,160.13321,140.395,134.2992,130.32861,170.97334,154.96735,131.92371,152.6717,131.85033,131.93835,117.8885,143.75023,164.68025,160.84364,125.95988,135.40536,143.66072,122.98583,167.08015,167.46603,117.54145,127.81093,165.56937,151.38765,159.50293,142.25471,118.2892,137.37447,146.34988,135.77095,140.75938,131.56416,106.12817,156.98946,144.20221,164.32638,143.42502,127.62856,126.29507,144.60234,141.02902,162.88835,148.20842,121.4829,114.34762,170.85675,145.45924,163.36493,158.47141,118.79215,160.59546,151.38683,147.78348,133.81088,131.48668,155.92747,130.37789,127.01794,1
113.22365,114.21624,153.86915,0.0,204.99295,148.66364,186.5463,177.80006,166.97902,171.66991,141.33713,172.33261,139.93897,198.14098,146.54995,193.90715,141.42601,158.87947,168.7034,186.57059,144.983,131.90718,161.88323,120.63267,182.60391,146.03486,175.97023,184.73422,166.29887,105.75731,127.67197,129.11291,160.57712,127.65583,147.50555,128.14226,138.22009,122.05945,129.46875,166.11332,160.20207,149.38277,186.19139,190.31588,167.80387,176.51907,202.16963,132.54945,185.43515,203.93294,183.26519,124.07472,170.78363,196.62032,190.46234,134.65791,143.85556,179.56851,133.97087,174.60286,196.8787,194.57667,137.36119,138.83364,134.06735,155.0777,198.1444,155.69446,153.88985,188.22512,199.85697,118.2373,194.06227,177.78239,159.73017,159.54604,146.99258,144.89514,113.39074,143.6097,179.35026,193.03048,193.26928,201.59019,149.24271,143.79047,139.69656,139.52376,108.57305,173.16201,195.47848,172.40105,192.27805,133.15981,172.09517,186.25274,168.38171,102.19773,124.48751,166.63669,2
212.16803,192.88725,173.16703,204.99295,0.0,223.98737,196.36586,135.90776,153.32055,141.24136,180.56905,196.68821,184.43474,137.51513,168.79586,112.59303,184.65323,161.4065,150.51261,149.86059,198.5987,196.05096,168.89164,184.36763,133.77515,158.97874,168.7183,151.44105,141.5244,204.6314,177.32517,221.74782,144.92955,212.70779,203.60287,217.98772,186.89395,183.93048,188.78253,152.49293,144.92317,171.68265,119.43256,146.80802,140.36565,192.4991,102.87618,222.43889,162.76525,193.69796,183.7178,183.23128,162.5057,158.39125,116.18047,227.8805,198.41331,197.7433,213.00286,180.36362,108.30865,112.10889,184.86233,198.95349,188.74668,153.98615,117.34055,215.42161,158.1067,150.22626,178.94443,193.37925,161.2106,144.43614,169.5208,152.64821,216.63727,234.0095,191.70661,200.03788,160.64094,196.68369,154.93421,115.83349,220.73049,193.82469,180.94853,189.66033,199.82066,140.78916,116.10952,165.29908,113.12902,176.89156,132.91923,180.98417,200.84235,207.06324,184.29554,146.27693,2
136.38582,146.20367,151.80989,148.66364,223.98737,0.0,159.73714,189.04237,172.20064,203.45053,143.52612,145.49559,185.67134,201.88847,186.73769,216.16676,187.30394,163.22093,174.95753,186.06189,125.89172,129.57773,158.24219,155.99963,192.57955,172.50624,166.95575,183.78373,195.56631,154.39265,160.79016,122.71987,187.56482,121.0515,121.63881,121.4532,137.33633,151.92954,138.12808,172.54814,185.88592,191.47013,208.83994,190.66214,183.80761,152.16863,221.59925,118.80993,178.00179,179.92032,163.92386,149.93895,167.53025,190.31161,213.50986,121.75341,125.85811,151.78751,115.38177,158.40333,217.24035,216.84776,139.61,125.10166,180.70092,188.38662,211.19141,115.39563,166.03672,187.17027,183.03753,140.92319,186.47446,183.32502,156.83044,194.11678,107.70103,116.88054,151.4734,124.1927,174.43635,166.42401,188.99249,214.61217,104.24148,130.39351,143.34023,186.57906,143.67248,205.13891,209.95282,166.67004,211.04459,173.87355,194.97457,168.3437,138.93261,149.04151,147.50638,177.84647,2
180.8347,174.56884,139.53471,186.5463,196.36586,159.73714,0.0,162.85674,148.30936,197.66974,147.9861,114.99741,206.25708,161.94266,197.96762,194.40747,207.78067,145.77608,150.42089,146.78789,142.93577,154.88515,135.91014,177.65032,163.30653,173.55675,128.34984,145.02015,189.06361,191.2845,176.71965,175.9686,181.37491,167.56728,142.79972,172.40395,148.89601,172.34724,157.73572,149.92527,178.85123,204.10041,189.54173,150.51189,166.02248,110.07397,195.0289,173.31071,133.98499,120.18531,112.65054,168.90508,136.35611,142.57523,193.43003,178.50734,143.96134,107.98512,161.99843,118.17374,192.83717,194.93416,150.41618,148.96272,204.41921,189.78398,179.45777,144.38854,155.44419,146.74755,126.61136,168.89808,138.57837,152.8949,137.12043,195.08274,153.40267,176.50993,179.17169,144.79617,135.82345,106.8509,144.01607,181.97965,155.56663,142.9471,149.6053,209.90986,178.07732,199.12868,180.25716,132.88557,186.27139,190.69771,180.61785,115.93364,121.00399,188.2489,166.74487,157.58512,2
182.21451,164.14424,137.54463,177.80006,135.90776,189.04237,162.85674,0.0,117.42312,140.39154,146.28843,161.32056,170.18519,122.31946,155.65884,131.66883,171.07233,125.87083,114.60911,120.82772,163.32261,162.41489,132.98669,157.94227,104.90218,134.79257,134.51913,121.13443,133.45847,178.97801,151.71811,189.40479,129.19921,179.87099,168.17117,185.43963,152.66893,155.74175,156.13929,116.69069,127.16444,160.91096,126.78099,120.91927,111.3455,157.69134,133.92482,189.53027,131.75908,164.63454,150.4741,154.018,127.22436,133.54994,130.57364,195.22557,163.23624,163.09765,179.21895,145.67553,130.69854,132.22731,150.9469,164.30286,172.23075,141.2126,122.2482,179.72004,124.93968,122.17768,151.13189,162.99279,134.34725,110.18628,133.62955,144.0544,181.53523,200.28921,164.57527,164.88912,127.50704,164.41642,129.00389,125.73095,185.58935,158.66769,146.95791,175.38524,171.05234,141.39791,120.93813,130.361,124.03821,157.49165,121.22683,148.63913,165.135,179.98997,154.30909,111.74251,1
169.19669,152.80164,120.4127,166.97902,153.32055,172.20064,148.30936,117.42312,0.0,149.72837,130.60311,144.71104,168.45123,131.90158,156.15038,148.21672,169.657,109.27519,102.82201,119.84171,146.34365,146.91212,115.63001,148.9356,120.43369,131.50983,120.74014,118.26806,141.32815,169.21418,144.02198,174.4647,134.25374,164.70233,151.0437,170.40502,136.84025,145.45273,141.76232,101.76446,131.72083,162.10777,142.30461,123.35212,117.71528,141.81773,151.28846,174.17207,123.42369,154.23656,136.73319,142.971,112.09266,131.49091,146.57864,179.98532,146.34264,147.31384,163.31884,130.30146,147.80933,148.82535,135.49387,147.85947,168.95765,144.4676,139.11371,162.38144,113.94069,121.55587,142.97739,150.33811,130.11417,111.59672,116.20649,149.01858,164.60872,184.25108,154.49948,148.00881,117.08894,151.07257,127.44193,142.4837,168.62042,141.8264,131.57637,173.22115,159.33713,151.11409,138.21484,115.65663,141.18688,153.76256,132.31545,136.07451,148.06802,169.16526,142.53664,109.27578,1
181.69753,162.55879,161.75776,171.66991,141.24136,203.45053,197.66974,140.39154,149.72837,0.0,162.40612,191.6509,143.94458,159.48895,128.79018,128.66134,143.96518,152.34027,148.06641,161.14896,181.56624,173.88484,162.32091,152.35705,143.43908,130.96297,170.45917,161.22333,108.74669,169.78771,145.5569,194.51658,117.01193,187.1037,186.88577,191.40499,167.5283,154.10429,165.32755,148.01949,119.3431,130.74676,123.11978,161.21147,132.51288,190.19794,138.51562,196.30391,170.94198,203.4157,186.4328,154.89639,161.81259,173.9408,125.15145,200.89687,180.93989,195.65017,189.58122,179.50001,133.37872,129.1325,164.95869,179.38445,148.8928,116.60353,145.05225,199.60217,143.53254,162.55121,190.80373,165.31439,174.62573,149.63221,161.61537,112.67708,197.24208,209.09198,159.55097,182.26902,165.55026,200.77303,169.39514,147.1843,201.22682,176.77874,161.9118,149.0133,168.78945,101.69191,141.30856,165.3792,132.7498,139.58371,119.1674,185.74906,193.24396,173.46125,156.9084,140.61831,2
140.20376,127.80304,112.82323,141.33713,180.56905,143.52612,147.9861,146.28843,130.60311,162.40612,0.0,135.8314,159.03393,162.26491,153.12825,172.66334,160.62011,121.33701,133.11624,148.16642,119.27751,116.31263,121.03092,129.66526,150.26101,132.13904,134.7752,146.06431,153.97124,145.17238,129.21583,143.89547,145.67268,134.10608,124.60406,139.82245,106.38376,124.38395,112.34558,130.50021,143.67819,159.02089,165.3977,152.44242,140.29743,138.03858,178.13773,143.57659,144.74691,163.48378,142.57111,120.94783,130.56946,156.52259,170.06252,149.38292,118.76561,142.29077,132.94116,133.71745,173.72366,173.34255,104.94267,118.42682,156.6797,149.35814,168.5331,137.29004,122.51659,149.65429,158.53578,123.12998,153.57683,142.19472,118.91854,155.21542,136.38907,154.00238,131.74759,120.23288,139.05903,153.87139,153.67992,172.01937,140.49807,114.41984,101.68301,162.32023,132.84399,164.08707,166.98177,131.6152,167.56997,143.72298,151.74963,145.20213,134.54199,143.35076,118.90746,134.74268,1
166.05236,160.97309,130.32703,172.33261,196.68821,145.49559,114.99741,161.32056,144.71104,191.6509,135.8314,0.0,194.8566,165.69323,188.06985,192.79932,196.43677,139.50194,147.29077,149.4552,128.08936,140.46736,129.72886,165.0938,162.91626,164.73383,128.69051,147.32727,182.90748,177.26444,165.04452,160.98633,174.78881,152.57974,127.80339,157.40808,135.5408,159.70519,144.18525,146.03503,172.35794,194.11434,187.01527,153.80766,161.87092,106.82055,194.97005,158.37312,138.02719,134.81255,119.25079,156.27967,134.20317,149.14531,191.27445,163.63455,129.14302,107.3101,147.00778,117.09469,192.01356,193.39012,137.3964,134.19311,192.45021,181.70918,180.67881,130.38691,148.17969,149.94092,137.97036,155.08548,145.04222,152.25218,130.12807,187.3158,138.81562,162.08347,165.84425,129.89631,137.21296,121.84346,149.2413,183.60687,141.27155,128.5437,137.32229,198.13232,163.96997,193.21795,180.78507,131.42707,185.35235,179.48266,176.25135,123.80731,106.68586,173.95141,153.93787,153.60255,1
152.97956,139.66768,166.97272,139.93897,184.43474,185.67134,206.25708,170.18519,168.45123,143.94458,159.03393,194.8566,0.0,192.47703,115.71004,171.9146,101.66033,164.53435,168.62903,186.96209,173.0291,160.50231,172.50543,131.17995,174.83942,137.01975,185.78757,185.93485,143.13598,135.42425,129.82078,168.68187,142.4082,165.09215,177.40522,167.07706,160.39802,136.38164,153.11004,166.86537,143.78678,113.51834,165.2305,189.13877,158.88296,196.59632,181.60471,171.81601,191.63378,219.08155,198.60497,139.53898,177.83108,199.58642,168.28413,174.48396,171.99352,201.15919,170.29208,189.85905,176.24027,172.46247,158.10952,168.04282,106.37454,131.03283,184.18176,188.61389,155.21109,188.68228,210.33273,145.49814,198.53292,175.34563,170.70631,131.81031,182.04874,184.548,134.25296,172.57247,185.12293,211.56126,195.2641,187.06158,185.18633,169.5988,157.58051,105.32872,142.29556,144.86103,180.6748,180.82608,173.98362,115.58591,154.44565,199.98061,193.30143,140.78094,142.1472,162.8418,2
201.04462,184.11097,150.84061,198.14098,137.51513,201.88847,161.94266,122.31946,131.90158,159.48895,162.26491,165.69323,192.47703,0.0,177.79229,140.76692,193.34146,141.01522,129.73771,116.35648,176.15231,178.4913,143.69856,179.00223,117.64853,156.93155,137.1543,118.58908,153.92146,199.85906,173.17089,206.15017,150.95706,196.33095,180.27275,202.0672,168.34416,176.21399,173.6571,132.40417,149.11919,182.87867,139.90845,111.88934,133.66299,160.2524,137.12573,205.66132,128.15245,156.57253,149.53403,174.07595,134.41427,121.0998,141.69459,211.51535,176.36142,164.94222,194.48982,148.59926,137.14896,141.01547,167.19736,178.62932,194.54367,163.02759,120.40497,190.19668,144.25228,115.7524,141.72838,182.06628,124.33359,120.48346,145.25903,165.28146,194.18965,215.13516,185.22581,178.01967,128.6802,161.07263,118.22615,121.75322,198.01967,172.06922,163.34162,197.69014,190.82318,160.14339,122.89516,135.7603,132.00521,179.75253,141.02237,146.03386,171.08878,200.33829,173.93951,131.81212,2
158.37471,141.22536,158.49022,146.54995,168.79586,186.73769,197.96762,155.65884,156.15038,128.79018,153.12825,188.06985,115.71004,177.79229,0.0,156.31159,116.13516,153.76795,155.89605,173.59499,169.85698,158.78947,162.72776,130.88824,160.1571,125.03998,174.99999,172.78912,127.42845,143.4812,126.16345,173.0528,127.1,167.50853,174.77057,170.66823,156.05451,134.8402,150.44662,154.46212,128.71444,106.14554,149.54225,175.36494,144.53235,188.79535,165.95646,175.61039,179.57347,208.87278,189.05372,137.14985,166.60032,186.48206,152.67363,179.27233,168.94446,193.75427,171.61172,180.63649,160.57704,156.87159,153.51121,165.8118,120.13362,115.39825,168.61071,186.91454,143.96006,175.28039,198.92014,145.88613,185.81822,161.71926,161.17898,116.30913,181.91442,188.6412,136.71073,169.84905,173.18679,202.68493,182.03926,171.44057,185.49299,165.74516,151.94758,121.01144,146.00883,129.87388,165.07041,169.85301,158.27572,113.56986,138.88032,189.8545,187.56157,147.99507,139.74407,149.47594,1
201.77382,182.34484,166.8162,193.90715,112.59303,216.16676,194.40747,131.66883,148.21672,128.66134,172.66334,192.79932,171.9146,140.76692,156.31159,0.0,172.10733,155.19382,145.55113,149.60598,191.37158,187.46254,163.7489,173.36786,131.26938,148.17934,166.12395,150.72949,129.20224,193.21845,166.27531,212.20122,133.38248,203.4818,196.54216,208.56979,178.83522,173.37771,179.75421,147.05785,133.72885,159.10286,107.75387,147.54683,132.65305,189.34554,109.85656,213.169,162.07416,194.41408,181.91854,172.98714,158.85857,160.17847,103.64368,218.44067,191.06646,194.76188,204.32434,177.34416,105.02263,100.69069,176.62338,191.06952,176.32615,141.68187,121.24451,208.76974,150.2249,150.38468,180.06774,183.34719,162.32159,141.51269,164.01666,140.10924,209.04011,225.13492,180.75979,192.64066,158.73215,195.61408,156.15662,121.8716,213.14978,186.50671,172.83235,177.12311,189.19583,128.25096,118.04216,162.02911,108.84374,164.83702,122.14518,179.77404,196.28013,195.93024,174.27771,139.93718,2
154.49819,141.31819,168.46121,141.42601,184.65323,187.30394,207.78067,171.07233,169.657,143.96518,160.62011,196.43677,101.66033,193.34146,116.13516,172.10733,0.0,165.87385,169.78728,188.05568,174.68101,162.16184,173.92463,132.83689,175.69585,138.18301,187.1465,187.0575,143.48641,136.83716,131.41323,170.22541,143.06462,166.70445,179.06248,168.65198,162.02624,138.03253,154.76057,168.05835,144.51655,113.30769,165.51923,190.17368,159.79408,198.13795,181.83392,173.37948,192.8842,220.49974,200.0571,141.18251,179.1476,200.72229,168.48513,176.00376,173.64645,202.71903,171.92584,191.32582,176.48857,172.64545,159.7305,169.70114,107.5866,131.52757,184.73163,190.27412,156.49602,189.77209,211.65377,147.1556,199.71627,176.39362,172.13953,132.0051,183.70033,186.09027,135.89761,174.22837,186.38123,213.05745,196.38189,187.57387,186.83175,171.2407,159.17362,105.0493,143.8983,144.82781,181.20035,182.16648,174.36816,117.0857,154.99492,201.39636,194.91281,142.22953,143.79333,163.91377,2
160.34413,144.66361,111.76222,158.87947,161.4065,163.22093,145.77608,125.87083,109.27519,152.34027,121.33701,139.50194,164.53435,141.01522,153.76795,155.19382,165.87385,0.0,111.8742,127.77793,137.45513,137.64142,109.99151,141.92363,129.38441,128.74883,121.31682,125.87622,143.62893,161.50959,137.83965,165.21778,135.71547,155.44196,142.30977,161.15204,127.56514,137.92478,132.68953,109.35415,133.21726,159.88709,148.66802,131.75084,122.89942,137.8762,159.21187,164.89897,127.86267,155.10484,135.59927,135.1551,113.38759,138.01378,153.163,170.71538,137.3854,143.3149,154.05748,127.70623,155.34826,155.83652,126.24025,138.6844,164.25405,144.14435,147.97049,154.01621,109.89592,129.39921,145.81719,141.72956,135.8723,120.85862,109.38031,149.33831,155.68368,175.0133,146.86925,139.04299,121.37266,149.65361,134.4505,151.39487,159.72906,132.82896,122.34433,168.98184,150.97567,153.87154,146.80881,116.29269,148.84571,149.25776,136.90806,136.10821,141.84366,161.04448,134.40364,115.29547,1
171.30937,154.57411,123.19458,168.7034,150.51261,174.95753,150.42089,114.60911,102.82201,148.06641,133.11624,147.29077,168.62903,129.73771,155.89605,145.55113,169.78728,111.8742,0.0,118.76033,149.1146,149.42776,118.4062,150.26633,117.64208,131.60965,122.49126,117.43858,139.80513,170.7603,145.08141,176.91426,133.04184,167.18175,153.83781,172.86702,139.3978,146.99733,144.05703,102.67342,130.53406,161.7748,139.76435,121.8859,115.7176,144.21553,148.49408,176.69165,123.93665,155.51475,138.62188,144.64186,114.06693,130.98592,143.98558,182.4892,149.10012,149.70037,165.92152,132.5433,145.05985,146.1533,137.97595,150.54285,169.39385,143.672,136.3139,165.20102,115.08637,120.49794,143.75015,152.34068,129.96929,109.26808,119.02333,148.00127,167.37656,186.88703,156.05052,150.76486,117.87786,152.93444,126.75478,139.6938,171.39512,144.57316,134.03182,173.48942,161.19834,149.40636,135.39393,117.57659,138.42782,154.1963,130.24668,137.69751,150.76669,170.89576,144.34142,107.4561,1
187.9735,172.35941,135.9741,186.57059,149.86059,186.06189,146.78789,120.82772,119.84171,161.14896,148.16642,149.4552,186.96209,116.35648,173.59499,149.60598,188.05568,127.77793,118.76033,0.0,160.52559,164.04542,128.28069,168.77707,118.86334,150.01814,120.82709,102.28184,153.89724,188.9742,163.7889,191.69118,148.6544,181.82483,164.42321,187.58605,153.91741,165.23408,160.1264,121.02842,146.34325,179.27272,146.29346,104.60987,129.8764,144.21759,148.75153,190.90943,112.91351,144.82283,134.16907,162.66511,118.597,113.04841,149.40173,196.79037,160.81517,149.09017,179.4724,132.38393,147.2171,150.03646,153.093,163.44159,187.98954,160.2507,132.73944,174.00752,133.71039,101.73896,130.70442,169.50033,113.52177,112.00241,130.05741,163.81206,178.36272,199.80672,174.26774,162.4548,112.32837,146.82363,108.50457,135.19289,182.12115,156.66687,149.42738,191.91969,178.7424,162.19369,133.83336,119.53495,140.94858,172.81101,142.0118,131.17093,154.75538,188.74576,162.08395,124.16585,1
137.96648,135.26853,125.93568,144.983,198.5987,125.89172,142.93577,163.32261,146.34365,181.56624,119.27751,128.08936,173.0291,176.15231,169.85698,191.37158,174.68101,137.45513,149.1146,160.52559,0.0,113.37277,132.45494,141.88482,166.75201,150.97103,142.33718,158.25951,173.19574,150.22967,144.13256,134.19531,164.91805,125.03059,105.32907,130.31168,114.2011,136.64934,119.92612,146.7424,162.94817,175.40984,184.26669,165.10173,158.76236,133.34124,196.29058,132.26769,153.41709,161.98216,142.87699,133.57131,141.93162,165.80767,188.91275,138.00042,101.13201,135.39669,120.39822,135.62871,192.11764,192.04253,116.82117,106.19075,169.45812,167.96493,185.39725,118.03916,141.1845,161.71476,161.6181,129.06179,162.16595,157.43332,130.97442,173.83315,118.26656,139.44729,140.62307,102.0867,149.25487,149.71107,164.05613,188.79932,122.28272,104.8956,119.65639,175.39332,136.94664,183.25207,184.25834,141.38419,185.7876,158.72594,170.8586,146.83694,123.48194,146.43812,130.93145,152.33131,1
126.56426,121.97162,128.10392,131.90718,196.05096,129.57773,154.88515,162.41489,146.91212,173.88484,116.31263,140.46736,160.50231,178.4913,158.78947,187.46254,162.16184,137.64142,149.42776,164.04542,113.37277,0.0,136.11788,129.35998,166.49049,142.93193,148.70453,161.88579,165.99277,137.00437,132.64474,127.68171,158.02255,117.84111,117.02698,123.58696,110.15634,124.39402,108.64068,146.80755,156.39445,164.02335,179.97595,168.41845,155.68892,144.94582,193.5308,127.26408,159.35833,173.002,152.85439,121.68964,145.93026,171.51015,184.64166,133.07399,112.2456,147.73337,116.95311,144.66282,188.91093,188.14998,111.48698,107.63215,156.59738,159.01811,184.62587,128.28369,138.03734,165.4679,170.69445,115.74841,168.2691,158.49987,134.15427,164.80429,123.55333,138.00393,127.39322,112.39376,154.16763,161.49188,169.02465,188.12669,127.4318,111.9473,115.47203,162.56318,123.68695,175.5742,182.93878,146.40659,182.95964,146.82456,165.87455,156.33035,136.51854,133.48843,119.06325,150.76424,1
161.20932,147.91512,108.21411,161.88323,168.89164,158.24219,135.91014,132.98669,115.63001,162.32091,121.03092,129.72886,172.50543,143.69856,162.72776,163.7489,173.92463,109.99151,118.4062,128.28069,132.45494,136.11788,0.0,147.23604,135.57559,137.921,114.26481,126.05052,153.61561,165.25939,144.31598,163.61466,145.70284,153.75099,136.68464,159.50839,126.14407,142.58092,133.37307,116.69219,143.2074,168.87199,157.60677,132.79943,132.18449,127.88535,166.89703,162.69645,123.72248,146.57624,126.33278,139.41551,109.83164,135.54909,161.98078,168.57997,132.66775,133.32938,151.20039,118.00817,163.43581,164.36721,125.74924,135.16093,171.62973,153.88072,154.18476,147.33785,119.5345,129.58913,138.94591,143.86961,132.54662,125.50393,102.15317,159.17687,150.55262,171.56181,151.06129,134.32375,118.10746,140.07697,132.91142,157.44854,154.43752,128.42623,122.5339,176.678,153.5294,163.84554,153.56985,110.59207,156.8165,156.99269,146.52256,127.47593,132.57573,163.9636,138.05653,124.02856,1
129.34301,110.51555,140.11055,120.63267,184.36763,155.99963,177.65032,157.94227,148.9356,152.35705,129.66526,165.0938,131.17995,179.00223,130.88824,173.36786,132.83689,141.92363,150.26633,168.77707,141.88482,129.35998,147.23604,0.0,162.8101,125.40223,161.45212,167.14651,146.28779,121.05023,107.10025,142.75443,140.12937,136.65095,146.22573,140.06746,129.79014,105.40335,122.00548,147.81885,139.6403,135.47051,165.63607,172.14789,147.5597,167.68471,181.548,145.02731,169.63307,192.64163,171.72099,108.81416,154.89263,179.86806,169.95514,149.09004,140.83817,171.79725,140.77544,162.808,176.26874,174.04123,127.72998,136.87008,127.69055,135.84376,177.74272,157.57544,135.18118,170.48847,186.17925,115.07647,177.7946,158.99315,145.15864,140.90488,151.58319,158.05125,107.40431,141.39438,163.22171,183.5041,176.12479,181.16233,154.98855,138.62327,128.04697,133.57438,116.43378,153.93322,174.99341,157.14856,171.64652,117.88621,151.4829,173.90747,162.87274,122.72823,111.23891,147.20951,1
186.81499,168.88993,140.83666,182.60391,133.77515,192.57955,163.30653,104.90218,120.43369,143.43908,150.26101,162.91626,174.83942,117.64853,160.1571,131.26938,175.69585,129.38441,117.64208,118.86334,166.75201,166.49049,135.57559,162.8101,0.0,139.66872,135.20805,119.67518,137.03664,183.83825,156.61197,193.67116,133.42805,184.06853,171.47691,189.67834,156.61996,160.54465,160.46436,120.03669,131.51872,165.2968,127.45645,117.96395,116.14074,158.84686,132.08436,193.68809,130.88936,163.53346,150.74638,158.76362,128.7312,130.90478,130.73446,199.42142,166.72606,164.15651,183.19529,146.72554,129.53877,131.75889,155.00416,168.04221,176.99529,145.49326,118.68516,182.7472,129.43952,119.94509,149.56347,167.60435,132.22191,110.67239,136.45599,148.02702,185.01059,204.23308,169.4061,168.38896,127.51962,164.34923,126.46559,122.05178,189.03392,162.1878,151.01863,180.06176,175.77832,144.31644,118.0426,131.55651,122.96633,162.31443,124.37993,148.50855,167.11189,184.79589,158.99209,116.21942,1
153.63521,134.17885,134.51027,146.03486,158.97874,172.50624,173.55675,134.79257,131.50983,130.96297,132.13904,164.73383,137.01975,156.93155,125.03998,148.17934,138.18301,128.74883,131.60965,150.01814,150.97103,142.93193,137.921,125.40223,139.66872,0.0,149.96002,148.93534,123.15889,146.00491,118.41127,164.86788,115.60854,156.82045,156.2558,161.48037,136.81039,125.22198,134.40413,129.88988,114.58416,131.14531,140.42666,152.40181,123.61144,164.73742,156.16701,166.27703,154.84549,183.84692,164.18062,125.10626,141.58342,162.5717,144.85259,171.21246,150.27956,169.896,158.84572,155.91431,150.91453,148.86019,134.20855,148.48406,138.04656,117.29039,152.88855,168.95043,118.92031,151.74645,173.97906,135.62025,161.53492,138.5928,136.49576,123.11623,166.28518,178.81664,132.72789,151.5423,148.3872,177.98973,158.26851,156.23366,170.26471,146.28285,131.43285,141.91238,141.01652,132.65384,149.95398,144.81606,146.24853,122.96279,126.14318,164.85422,165.12012,148.12382,126.72975,126.03298,1
174.59919,162.09175,122.10131,175.97023,168.7183,166.95575,128.34984,134.51913,120.74014,170.45917,134.7752,128.69051,185.78757,137.1543,174.99999,166.12395,187.1465,121.31682,122.49126,120.82709,142.33718,148.70453,114.26481,161.45212,135.20805,149.96002,0.0,118.66089,162.06605,179.46349,158.28116,175.51894,154.87501,165.76297,145.51806,171.44853,139.19984,156.83986,147.06402,122.46835,152.33403,181.09922,161.19336,125.27684,138.20873,123.84243,167.20046,174.14867,111.092,133.97773,116.17601,153.68031,108.73391,123.47825,165.08822,179.99317,142.84213,129.02685,162.34959,111.74796,164.72559,166.66184,139.23185,146.33133,185.28821,164.56986,152.27286,153.99191,131.04035,121.44604,124.81732,157.85044,119.8514,124.64988,116.39233,169.40232,159.3284,181.7145,165.31932,144.3855,108.52737,130.45188,122.08052,155.0908,162.86669,139.23293,136.36451,190.15449,167.54927,171.83192,152.6573,105.22466,158.11425,170.42059,152.7045,115.36598,133.93462,178.02582,152.30342,129.87929,1
185.95255,170.51861,133.79717,184.73422,151.44105,183.78373,145.02015,121.13443,118.26806,161.22333,146.06431,147.32727,185.93485,118.58908,172.78912,150.72949,187.0575,125.87622,117.43858,102.28184,158.25951,161.88579,126.05052,167.14651,119.67518,148.93534,118.66089,0.0,153.78295,187.22236,162.28799,189.51696,148.25719,179.64948,162.14523,185.41104,151.76852,163.50914,158.07727,119.56329,145.8984,178.53101,147.12146,106.89163,129.52034,142.17922,150.24322,188.7074,111.40572,143.85849,132.37704,160.88769,116.33722,113.6958,150.37813,194.58936,158.55439,147.11105,177.24943,130.27971,148.51671,151.18086,150.98306,161.20858,186.81736,159.70472,134.43827,171.73049,132.20044,103.59003,130.0319,167.55924,113.47706,111.66688,127.84995,163.43247,176.08485,197.55542,172.52776,160.19242,110.1391,145.28988,109.33403,136.99559,179.84095,154.41803,147.34633,190.84664,176.85071,162.31649,135.36169,117.25639,142.15763,171.62339,142.15379,129.54524,152.56792,186.90423,160.24801,123.31457,1
175.51892,156.13559,153.02004,166.29887,141.5244,195.56631,189.06361,133.45847,141.32815,108.74669,153.97124,182.90748,143.13598,153.92146,127.42845,129.20224,143.48641,143.62893,139.80513,153.89724,173.19574,165.99277,153.61561,146.28779,137.03664,123.15889,162.06605,153.78295,0.0,164.99438,139.27373,187.66117,108.34415,179.87425,178.52273,184.39533,159.25045,147.41198,157.52096,139.59805,110.60791,131.00638,122.15811,154.37369,124.52417,181.49899,138.66424,189.24145,163.07327,195.29356,177.95221,147.84455,153.37822,166.85214,125.5635,194.03196,172.60146,186.94365,182.00457,170.88993,133.25167,129.8016,156.70743,171.23251,147.23818,112.4803,141.83572,191.23387,134.78671,155.38191,182.99515,158.36055,167.25297,142.11983,152.88548,111.94085,189.19157,201.88364,153.64057,173.96497,157.48229,192.2846,162.28512,144.44603,193.21025,168.3769,153.54504,148.42373,162.64388,110.34528,138.18273,156.94379,130.89093,135.77226,112.91882,177.39955,184.50671,168.20784,149.68005,132.35148,1
118.61011,117.39976,157.40872,105.75731,204.6314,154.39265,191.2845,178.97801,169.21418,169.78771,145.17238,177.26444,135.42425,199.85906,143.4812,193.21845,136.83716,161.50959,170.7603,188.9742,150.22967,137.00437,165.25939,121.05023,183.83825,146.00491,179.46349,187.22236,164.99438,0.0,127.66657,134.46251,159.8427,133.40215,152.95347,133.72069,142.60566,123.76736,133.7512,168.23008,159.70865,145.74866,185.56737,192.55501,168.59591,181.22691,201.78195,138.01021,188.58231,208.28767,187.50232,126.35545,173.84382,199.46804,189.70647,139.77458,149.09853,184.45511,139.72805,178.7479,196.42845,193.87641,141.51118,144.12605,129.33525,153.31408,198.69641,161.38594,155.75369,190.6574,203.65736,122.45902,197.07819,179.67926,163.11075,157.3961,152.74283,150.12204,114.71546,148.93442,182.36891,197.68445,195.9589,202.09522,154.99908,148.77255,143.50216,134.54888,113.32115,171.21493,195.87972,175.66667,192.12958,130.49761,171.72708,190.3289,173.52257,105.61975,127.2875,168.12825,2
136.25762,117.00252,137.91678,127.67197,177.32517,160.79016,176.71965,151.71811,144.02198,145.5569,129.21583,165.04452,129.82078,173.17089,126.16345,166.27531,131.41323,137.83965,145.08141,163.7889,144.13256,132.64474,144.31598,107.10025,156.61197,118.41127,158.28116,162.28799,139.27373,127.66657,0.0,149.1138,133.02983,142.35796,148.8807,146.19894,130.84202,108.96208,124.41396,142.76152,132.55074,131.40842,158.54687,166.92239,141.06443,166.9457,174.49942,151.14655,165.70142,190.54582,169.76643,110.98689,151.12799,175.35514,162.85766,155.4846,143.16701,171.409,145.86687,160.898,169.20687,166.94796,128.45362,139.77432,127.72226,129.1665,171.03899,160.84277,130.08931,165.51867,183.09824,120.35891,173.54614,153.49094,142.34248,134.44097,155.77625,164.10449,114.50407,143.96344,159.19951,182.23903,171.43435,174.4317,159.39829,140.31317,127.76055,133.20174,123.3709,147.15748,168.2134,153.68071,164.6519,114.7034,144.42324,171.56641,163.53354,129.73844,113.58535,141.37821,1
115.89303,132.2519,155.71992,129.11291,221.74782,122.71987,175.9686,189.40479,174.4647,194.51658,143.89547,160.98633,168.68187,206.15017,173.0528,212.20122,170.22541,165.21778,176.91426,191.69118,134.19531,127.68171,163.61466,142.75443,193.67116,164.86788,175.51894,189.51696,187.66117,134.46251,149.1138,0.0,180.47389,109.86799,133.21471,104.10684,137.83784,140.41386,133.29001,174.26838,179.34471,176.82603,204.51343,196.0852,181.71662,166.92776,219.10436,103.96595,186.42037,195.64347,177.04454,139.82878,173.44623,198.71271,209.1049,106.38032,133.4104,168.08194,114.00375,169.76989,214.20806,212.89164,138.9779,129.28064,163.02106,178.26457,211.4535,134.98269,164.58399,193.09277,195.80874,129.30242,195.30895,186.06141,161.70976,183.53873,124.7294,115.86642,136.34849,132.12764,181.53163,182.81942,196.43847,214.97165,125.01068,136.40204,142.89011,168.58836,127.07357,196.14521,209.51845,173.68745,208.62332,159.52338,190.12188,181.03211,155.19199,128.84858,138.15091,177.66855,2
168.97521,149.50177,144.7775,160.57712,144.92955,187.56482,181.37491,129.19921,134.25374,117.01193,145.67268,174.78881,142.4082,150.95706,127.1,133.38248,143.06462,135.71547,133.04184,148.6544,164.91805,158.02255,145.70284,140.12937,133.42805,115.60854,154.87501,148.25719,108.34415,159.8427,133.02983,180.47389,0.0,172.39541,170.24665,177.08717,151.02965,140.60957,149.63627,132.49462,102.54232,131.94089,125.72728,149.72232,118.7785,173.57512,142.06194,181.87716,156.79068,188.47786,170.54423,140.68601,146.14378,161.70259,129.89824,186.82034,164.33942,178.99157,174.24359,163.21623,136.66528,134.0441,148.50508,163.07691,145.5395,112.07131,141.92849,182.95199,126.61298,150.24091,176.70324,151.21097,161.69471,136.66762,144.87113,115.17582,181.08554,194.3773,147.53364,165.7198,150.90764,184.83739,157.14936,144.94353,185.12307,160.08677,145.27975,147.72748,156.2169,118.64794,138.52529,149.69002,132.90857,132.31924,112.44468,170.24099,176.25767,162.58088,142.33823,125.70537,1
116.00099,126.30704,145.85264,127.65583,212.70779,121.0515,167.56728,179.87099,164.70233,187.1037,134.10608,152.57974,165.09215,196.33095,167.50853,203.4818,166.70445,155.44196,167.18175,181.82483,125.03059,117.84111,153.75099,136.65095,184.06853,156.82045,165.76297,179.64948,179.87425,133.40215,142.35796,109.86799,172.39541,0.0,124.86873,105.76158,127.99534,133.41745,123.94981,164.5456,171.1025,171.8156,195.8472,186.22286,172.5032,158.22443,210.10506,109.73337,176.62635,186.93207,167.86764,132.22463,163.5823,188.89781,200.47352,115.35539,124.15171,159.80201,106.72091,160.35395,205.29924,204.17242,129.21002,119.71616,159.914,171.18168,201.99483,129.41298,155.16253,183.22499,186.45978,122.00743,185.52311,176.29718,151.84251,176.66658,119.81742,122.01012,131.22232,123.01802,171.68633,174.39955,186.58887,205.50839,121.66218,126.79772,133.15153,165.73938,122.83449,188.76085,200.15025,163.85153,199.57937,154.23082,181.51294,171.74735,147.15287,128.14853,130.21541,168.15374,1
139.21902,138.92648,130.65247,147.50555,203.60287,121.63881,142.79972,168.17117,151.0437,186.88577,124.60406,127.80339,177.40522,180.27275,174.77057,196.54216,179.06248,142.30977,153.83781,164.42321,105.32907,117.02698,136.68464,146.22573,171.47691,156.2558,145.51806,162.14523,178.52273,152.95347,148.8807,133.21471,170.24665,124.86873,0.0,129.60473,119.45298,141.10144,124.49713,151.52739,168.27691,180.24559,189.47914,169.02332,163.90818,133.73035,201.32584,130.76205,156.60104,162.4334,144.28679,138.14934,145.89622,168.96322,194.11877,136.2359,105.98191,134.97168,119.21744,137.7468,197.21301,197.21079,122.06615,109.4002,173.60762,173.20523,190.15122,112.71641,146.40002,165.53641,163.31278,132.70671,165.20286,161.95166,135.35556,179.07148,113.9397,136.36588,144.38716,104.92246,152.84258,149.64685,167.48072,193.52738,117.75583,110.19882,124.98032,179.56856,139.84164,188.57212,189.10721,145.05001,190.84726,163.37302,176.13368,148.4741,122.29071,148.78703,135.49693,157.3264,1
115.22294,129.55913,151.61414,128.14226,217.98772,121.4532,172.40395,185.43963,170.40502,191.40499,139.82245,157.40808,167.07706,202.0672,170.66823,208.56979,168.65198,161.15204,172.86702,187.58605,130.31168,123.58696,159.50839,140.06746,189.67834,161.48037,171.44853,185.41104,184.39533,133.72069,146.19894,104.10684,177.08717,105.76158,129.60473,0.0,133.74322,137.3764,129.37522,170.22495,175.89222,174.66216,200.90164,191.98234,177.879,163.24328,215.36048,104.96002,182.33696,191.96874,173.18727,136.56123,169.33992,194.62224,205.50839,109.89287,129.4944,164.55771,110.44406,165.82199,210.50018,209.26044,134.91238,125.26147,161.59797,175.2721,207.52113,132.38041,160.65925,188.98656,191.89061,126.09105,191.22864,182.00147,157.60292,180.63558,122.25126,117.98967,133.99995,128.2582,177.43076,179.25152,192.33633,211.03768,123.12777,132.37593,138.83657,167.2849,124.96557,193.04609,205.62292,169.58952,204.85959,157.21158,186.52853,177.13549,151.74385,128.18715,134.75464,173.70953,2
135.41049,125.67518,118.03433,138.22009,186.89395,137.33633,148.89601,152.66893,136.84025,167.5283,106.38376,135.5408,160.39802,168.34416,156.05451,178.83522,162.02624,127.56514,139.3978,153.91741,114.2011,110.15634,126.14407,129.79014,156.61996,136.81039,139.19984,151.76852,159.25045,142.60566,130.84202,137.83784,151.02965,127.99534,119.45298,133.74322,0.0,124.38844,108.86864,136.80022,149.15279,161.74403,171.5061,158.275,146.58244,138.82275,184.44558,137.35187,149.62468,165.7266,145.05257,121.02735,135.91256,161.65632,176.17555,143.18732,113.47256,142.47306,126.57532,136.44915,179.98755,179.51695,102.6209,112.26867,157.41936,153.76471,174.91473,132.14004,128.80094,155.35391,162.07331,120.14702,158.52189,148.41193,124.13111,159.63267,130.35189,147.62606,130.34954,114.74531,144.24481,155.16555,159.04431,178.39974,134.44951,109.72886,106.0039,163.23727,129.64895,169.21755,173.36395,136.56987,173.87338,145.54527,157.70904,148.13687,133.08345,140.09575,118.554,141.12543,1
128.41348,108.97055,135.21805,122.05945,183.93048,151.92954,172.34724,155.74175,145.45273,154.10429,124.38395,159.70519,136.38164,176.21399,134.8402,173.37771,138.03253,137.92478,146.99733,165.23408,136.64934,124.39402,142.58092,105.40335,160.54465,125.22198,156.83986,163.50914,147.41198,123.76736,108.96208,140.41386,140.60957,133.41745,141.10144,137.3764,124.38844,0.0,116.72849,144.4629,139.7896,139.80351,165.62387,168.78894,145.85555,162.36188,181.15377,142.3088,165.37589,187.5771,166.64371,103.44323,150.60588,175.93798,170.07086,146.79391,135.61859,166.43142,136.93092,157.73524,175.97487,174.06053,122.33051,131.79814,133.06412,137.8958,176.26213,152.67565,132.01999,166.9239,181.46641,111.41024,173.6995,155.9529,140.47241,143.2884,147.11808,155.226,109.05349,136.23593,159.04091,178.25323,172.32944,179.7296,150.65847,133.28365,122.74763,138.92589,115.89265,155.73147,173.69476,152.69482,171.01479,122.44591,151.27992,168.94262,157.47168,124.25127,105.84382,144.60626,1
127.93062,116.84074,125.1685,129.46875,188.78253,138.12808,157.73572,156.13929,141.76232,165.32755,112.34558,144.18525,153.11004,173.6571,150.44662,179.75421,154.76057,132.68953,144.05703,160.1264,119.92612,108.64068,133.37307,122.00548,160.46436,134.40413,147.06402,158.07727,157.52096,133.7512,124.41396,133.29001,149.63627,123.94981,124.49713,129.37522,108.86864,116.72849,0.0,141.38706,148.09228,155.81527,172.17957,164.29478,148.5534,147.6618,186.19532,133.6821,157.09184,174.5488,153.8147,113.66504,142.84783,168.82873,176.82963,139.23288,118.9057,151.20674,124.70588,145.13418,181.43588,180.44402,107.92829,115.37012,149.66276,150.3792,178.1635,136.46794,131.29406,161.66099,170.50933,111.30211,165.91588,153.30111,131.25457,156.16364,132.19304,145.38085,121.67501,119.59376,151.36767,164.02961,165.90786,181.68172,136.06824,116.67145,110.85883,155.56968,120.89926,167.01511,176.24772,143.95992,175.65655,138.87767,157.94243,156.78738,141.30079,131.39479,111.01688,144.39793,1
