Vértice_1,Vértice_2,Vértice_3,Vértice_4,Vértice_5,Vértice_6,Vértice_7,Vértice_8,Vértice_9,Vértice_10,Vértice_11,Vértice_12,Vértice_13,Vértice_14,Vértice_15,Vértice_16,Vértice_17,Vértice_18,Vértice_19,Vértice_20,Vértice_21,Vértice_22,Vértice_23,Vértice_24,Vértice_25,Vértice_26,Vértice_27,Vértice_28,Vértice_29,Vértice_30,Vértice_31,Vértice_32,Vértice_33,Vértice_34,Vértice_35,Vértice_36,Vértice_37,Vértice_38,Vértice_39,Vértice_40,Vértice_41,Vértice_42,Vértice_43,Vértice_44,Vértice_45,Vértice_46,Vértice_47,Vértice_48,Vértice_49,Vértice_50,Vértice_51,Vértice_52,Vértice_53,Vértice_54,Vértice_55,Vértice_56,Vértice_57,Vértice_58,Vértice_59,Vértice_60,Vértice_61,Vértice_62,Vértice_63,Vértice_64,Vértice_65,Vértice_66,Vértice_67,Vértice_68,Vértice_69,Vértice_70,Vértice_71,Vértice_72,Vértice_73,Vértice_74,Vértice_75,Vértice_76,Vértice_77,Vértice_78,Vértice_79,Vértice_80,Vértice_81,Vértice_82,Vértice_83,Vértice_84,Vértice_85,Vértice_86,Vértice_87,Vértice_88,Vértice_89,Vértice_90,Vértice_91,Vértice_92,Vértice_93,Vértice_94,Vértice_95,Vértice_96,Vértice_97,Vértice_98,Vértice_99,Vértice_100,Vértice_101,Vértice_102,Vértice_103,Vértice_104,Vértice_105,Vértice_106,Vértice_107,Vértice_108,Vértice_109,Vértice_110,Vértice_111,Vértice_112,Vértice_113,Vértice_114,Vértice_115,Vértice_116,Vértice_117,Vértice_118,Vértice_119,Vértice_120,Vértice_121,Vértice_122,Vértice_123,Vértice_124,Vértice_125,Vértice_126,Vértice_127,Vértice_128,Vértice_129,Vértice_130,Vértice_131,Vértice_132,Vértice_133,Vértice_134,Vértice_135,Vértice_136,Vértice_137,Vértice_138,Vértice_139,Vértice_140,Vértice_141,Vértice_142,Vértice_143,Vértice_144,Vértice_145,Vértice_146,Vértice_147,Vértice_148,Vértice_149,Vértice_150,Vértice_151,Vértice_152,Vértice_153,Vértice_154,Vértice_155,Vértice_156,Vértice_157,Vértice_158,Vértice_159,Vértice_160,Vértice_161,Vértice_162,Vértice_163,Vértice_164,Vértice_165,Vértice_166,Vértice_167,Vértice_168,Vértice_169,Vértice_170,Vértice_171,Vértice_172,Vértice_173,Vértice_174,Vértice_175,Vértice_176,Vértice_177,Vértice_178,Vértice_179,Vértice_180,Vértice_181,Vértice_182,Vértice_183,Vértice_184,Vértice_185,Vértice_186,Vértice_187,Vértice_188,Vértice_189,Vértice_190,Vértice_191,Vértice_192,Vértice_193,Vértice_194,Vértice_195,Vértice_196,Vértice_197,Vértice_198,Vértice_199,Vértice_200,Conjuntos
0.0,160.63394,191.79521,185.06136,142.86256,185.35875,105.71446,122.05838,186.95201,148.48527,171.34076,116.57977,162.31415,192.90821,172.87348,158.45938,134.15584,167.96952,178.72125,189.27243,213.96575,134.7793,219.13859,189.88825,165.92644,185.57085,198.22083,189.43891,165.99182,169.232,194.51167,144.58674,176.61479,179.12725,145.52969,160.59131,193.40511,118.76912,170.68397,173.93072,133.16466,111.95347,140.31469,197.54514,176.09844,174.94423,111.04171,140.72399,185.67704,123.45804,160.20084,121.28717,165.86094,186.54919,122.96755,181.2367,161.88209,188.25793,163.93993,184.32704,173.21903,120.27433,153.16685,138.00481,167.02289,161.50276,109.4979,175.34125,160.03918,132.98434,152.18844,167.88602,117.14881,166.60834,173.86685,170.60501,180.57915,179.42473,111.87641,165.73283,123.55353,155.94526,188.16091,126.82365,161.08617,201.00698,173.70927,165.97206,137.84604,137.10472,203.91539,111.52944,182.68741,207.1274,114.34789,157.37087,139.5054,118.38997,182.42989,113.48066,175.71837,162.2187,190.48434,146.5781,182.5353,158.79689,137.39349,167.91962,200.4847,163.72467,155.24286,165.06137,125.48144,121.05931,143.86118,139.21349,148.85594,178.409,174.10355,153.6018,190.27164,212.53177,179.83158,204.04191,141.32217,169.91989,167.94836,189.17002,198.00369,163.37654,177.23378,199.49798,113.90372,142.98639,172.63524,175.59755,159.95087,137.4474,167.35155,120.94046,144.02562,214.4493,195.9784,124.93137,170.29784,154.70361,208.18578,195.84669,159.15218,191.50192,163.97702,178.56776,208.4049,178.37312,148.27649,210.24917,147.82065,201.86647,180.92128,150.89136,139.72152,115.43863,197.07763,151.67871,123.82671,178.35515,180.14969,116.35966,201.85725,176.49736,137.40308,151.27567,188.29139,165.56904,188.17253,156.74073,150.30371,191.5984,152.40769,160.3949,121.04133,137.66819,167.82831,191.77557,152.88743,149.4458,153.11017,185.3559,165.79456,213.785,118.1937,139.64622,185.97683,173.76507,166.76529,163.4246,146.512,174.51545,176.13701,181.86139,1
160.63394,0.0,161.87112,124.51106,124.55845,131.74853,162.73373,142.79706,132.56655,129.33799,114.40946,144.24048,130.77327,166.02404,146.74453,116.84073,137.57494,114.33201,125.91342,175.15543,175.35313,158.4513,180.30149,153.36492,129.60283,142.16975,144.35664,133.37278,105.36082,159.86785,169.65451,151.43573,164.56389,167.25433,115.89428,187.01293,141.63951,143.0963,114.53745,120.88706,147.74185,168.35143,166.19388,162.56895,115.46813,135.4449,156.03183,120.18651,130.60104,149.78929,159.05136,144.69442,114.41676,152.78093,138.30337,137.39254,101.53406,152.20197,132.01475,148.86413,123.74928,145.63297,110.22152,175.25714,110.01138,122.26933,156.93249,158.46481,103.36457,130.14985,108.56274,168.68372,145.83766,107.47866,191.17576,117.33876,121.22643,119.01547,149.85258,170.70842,163.28931,127.73065,172.28728,139.29393,160.82887,165.26827,117.96396,107.97095,123.63665,131.24785,158.39286,166.11901,129.17798,168.42461,153.03639,109.38366,133.84737,152.34568,126.43889,148.74732,121.71516,144.68139,154.40233,160.33819,122.36162,107.1751,166.23003,152.34021,161.52472,185.51118,148.84736,155.83965,138.46401,139.58696,125.11651,163.7926,111.91618,126.77341,115.558,145.37155,159.52586,173.02636,145.76723,171.5999,159.8663,188.49467,109.04423,154.49552,158.21773,115.31657,123.36406,160.76239,158.77866,122.22595,194.65304,121.48876,169.88767,124.03109,147.4508,160.33954,178.51185,173.57672,143.10881,145.76204,154.32628,147.43839,167.65247,147.73301,148.94744,142.50149,174.95911,128.59635,171.28931,151.3431,118.68774,170.97306,117.17463,169.449,120.37886,118.6461,121.40771,150.20796,161.15042,138.84823,163.99867,122.02565,170.99961,147.70394,158.27631,165.42495,150.89458,113.73948,176.75276,141.74235,140.45192,163.13172,122.38964,153.63655,115.87019,171.86346,153.08873,125.94286,144.49784,155.62672,150.34561,157.90583,152.01937,138.38187,175.56365,175.27841,165.17951,131.72875,147.39168,113.13191,110.23183,120.70127,175.2665,161.47406,118.69498,121.22925,1
191.79521,161.87112,0.0,165.97127,154.87824,140.44546,196.83516,170.43545,185.61999,146.0502,171.87254,178.72213,134.11574,105.18713,119.20669,178.5714,189.89496,148.45021,141.166,122.79154,123.66254,163.07759,128.40857,110.93221,133.1799,123.47855,140.68716,183.88394,161.25831,128.41105,109.21991,149.74409,123.91333,123.91131,169.56586,170.08351,135.89403,175.12746,172.72324,143.88911,159.3587,191.33172,164.44998,108.308,161.53153,126.48171,181.40253,164.84339,143.29534,168.82463,138.14119,189.18565,175.42499,109.34865,179.98374,126.65477,162.62712,111.15365,132.36692,113.3467,139.55822,189.56358,157.01746,176.46495,153.34072,140.82512,194.67474,119.73218,158.69622,164.00451,162.20234,138.81773,175.45927,156.71873,162.66579,146.19117,154.36135,159.12235,180.70966,143.5197,176.44401,140.34755,119.79631,165.97075,138.61158,111.14189,148.06427,167.61836,173.11521,184.51966,125.80303,202.41297,140.92777,118.2199,193.90686,170.87624,188.9173,174.0067,145.74946,187.40364,144.40098,129.58885,109.98139,153.36729,168.14703,155.46287,167.1649,125.11359,114.64378,164.76813,137.75569,130.32237,184.20661,176.97696,153.267,163.26033,165.94649,139.47766,170.20076,138.55685,102.37245,123.10438,116.12236,112.24679,158.07172,162.72889,167.03078,108.58289,115.09769,176.98905,143.5103,113.96282,199.03412,177.44686,169.2098,144.6216,148.79184,173.28812,124.49396,176.19014,174.86669,125.82003,138.2404,166.87159,123.26843,137.88847,120.85451,128.94963,133.61244,130.82659,150.50093,136.91114,117.93611,113.51578,153.54043,121.09366,174.66183,110.08664,160.51185,178.26744,164.43854,191.44171,109.31071,140.23023,176.84364,176.70039,127.4307,175.69274,121.97573,125.01679,156.44578,155.13949,126.2298,126.67629,129.30529,145.34955,148.4786,112.48697,151.8636,150.56173,198.12343,160.90854,124.11538,109.59368,140.80556,148.67836,141.32899,129.07867,149.33256,123.43787,206.06305,186.70147,116.22745,161.80802,152.86348,141.54582,168.43879,123.37688,173.40985,162.58261,1
185.06136,124.51106,165.97127,0.0,147.47476,125.966,186.94641,167.11484,120.40333,149.51789,116.53748,168.73179,144.61168,170.96192,156.83711,132.01386,159.15012,123.90578,125.07612,184.56072,171.75215,180.87359,175.90553,155.41666,141.2532,142.61277,133.16155,118.05651,119.21025,173.80716,174.98888,171.88433,176.57222,178.84715,139.7447,207.28627,133.93902,167.59886,117.66439,124.02812,170.41469,192.84503,188.09177,163.49633,109.35019,141.82965,180.49558,144.68974,123.22243,173.64427,175.88013,168.12708,123.65428,156.76714,162.48699,139.42511,123.2003,154.8774,144.98766,152.89433,128.61584,169.12605,133.47291,198.09093,121.25992,136.86652,180.92219,169.74264,125.71628,154.39668,133.06397,184.46506,170.31319,119.89898,209.06273,123.85022,111.81402,108.06394,174.3632,187.43317,187.09887,144.95949,181.38925,163.38309,177.59404,165.18277,120.28401,119.70876,147.57501,153.10363,152.49145,190.03514,125.07983,165.81974,176.72889,128.95316,154.40649,176.54125,120.2407,172.8821,122.75243,159.36339,156.4773,180.73376,103.91131,128.17674,188.57525,165.62093,160.01385,204.90472,166.33034,170.69024,162.01456,164.04564,147.59705,185.73409,136.2069,126.82597,112.99641,163.21742,163.66469,169.15449,151.68447,172.44085,181.26237,206.90556,117.61138,157.4589,156.82408,126.82646,123.10507,159.56469,182.35538,144.44286,213.44159,122.58771,188.06017,147.97716,160.274,184.30697,200.76682,168.67761,133.56648,169.62951,166.94861,165.01741,163.90204,142.05798,165.14065,137.59312,192.77483,129.37874,169.27737,159.5932,141.12682,167.56679,139.05263,170.6626,106.20502,138.16268,145.88589,173.95672,161.76028,157.26427,187.80169,114.807,183.02027,172.1513,153.9933,177.6556,172.79655,136.48278,186.98158,154.66923,137.61008,181.36396,143.01289,154.63732,137.25748,190.17215,175.94276,149.98054,156.69877,157.34966,168.62221,177.5147,170.32428,137.12211,192.99073,171.75841,188.41704,152.62877,149.75037,111.48295,121.78186,134.08241,196.83218,173.69042,113.48767,104.17265,2
142.86256,124.55845,154.87824,147.47476,0.0,142.6324,146.61374,121.51294,156.93449,109.3336,138.78583,126.84851,121.36517,157.53153,136.02219,134.09993,135.35604,126.24807,136.05457,160.93029,174.46462,133.89938,179.70368,150.11771,124.08794,143.57095,155.3873,157.91629,129.0252,142.25159,160.2803,127.73949,148.57606,151.44238,118.96279,162.89348,150.54576,124.1081,138.73437,131.50457,123.21151,147.72572,141.65541,158.78699,138.14086,133.21286,135.34065,111.326,143.15589,126.45875,138.36335,134.69612,136.78146,147.60681,125.62733,138.96203,126.09226,148.55645,123.14979,144.57365,130.40482,135.19764,114.3971,150.82673,126.71376,118.71431,142.59224,144.04744,122.23188,110.17066,117.2848,148.41161,125.91643,127.57803,168.40099,128.47612,140.05708,140.31209,131.01158,149.43944,139.76583,114.7597,158.63988,117.0146,140.07722,162.11392,131.96891,132.30152,119.23237,130.53945,162.03504,151.4037,140.0032,167.36852,140.58211,127.81863,135.25633,130.00083,140.2251,134.4853,133.37502,128.57869,150.91072,136.45196,146.1143,119.31279,141.67733,136.51443,160.38285,161.85313,128.40404,137.65034,129.40158,123.65273,101.65726,139.25222,117.75496,135.63223,140.11369,124.93921,152.87722,172.66467,140.23669,166.66458,135.47873,165.407,133.58989,150.04914,157.52397,136.09081,134.78663,159.43211,146.17589,125.34835,171.2475,133.28328,147.39264,119.30184,133.14146,137.16017,153.95888,174.16687,153.11903,122.52243,138.96674,127.05612,167.83217,153.31036,130.07507,148.78791,152.59596,135.70983,169.28015,141.71574,106.37931,170.39178,124.94678,164.39728,142.09202,129.65712,110.39416,137.87152,157.92335,118.80618,140.46056,146.48938,154.3956,127.23637,160.39942,149.10625,126.40246,111.06251,161.54484,128.80137,145.53791,140.84133,107.55079,151.42025,110.50689,149.19855,143.81755,106.12649,131.71753,152.25286,128.82172,134.64975,130.32071,142.74746,153.49848,174.31746,153.26692,133.18087,145.27193,136.17913,126.29486,120.56224,150.76632,145.60219,143.23091,143.58688,1
185.35875,131.74853,140.44546,125.966,142.6324,0.0,188.75843,164.11031,146.20843,139.48403,135.74054,169.00878,128.37615,145.54587,134.79097,147.36537,168.57811,118.57183,106.67243,160.47496,146.5215,170.57175,151.00787,129.67848,123.95978,116.97028,113.12719,144.0225,128.25168,153.19651,149.60025,158.78584,154.32395,156.2078,146.02008,191.78911,109.93613,166.59817,136.82722,111.79125,161.55111,190.17052,176.23951,137.54029,123.79422,119.60749,177.88559,146.3251,102.85061,167.85207,157.83268,173.58415,141.31725,131.48872,165.63494,114.77831,131.61043,129.29185,127.75193,127.82275,112.30868,174.37519,133.83386,187.74318,121.82836,124.7062,184.02782,147.39992,129.90832,152.37617,137.18947,164.81662,168.5395,124.37543,190.49701,115.48322,115.16666,120.25326,173.56867,168.54076,180.22667,132.37189,157.25234,159.50416,159.35152,139.2311,113.79603,133.81636,152.8205,162.27815,127.87032,193.13648,102.73688,140.23333,181.07906,140.77833,165.34135,172.05835,106.23658,175.6837,110.34483,140.86014,130.72019,166.80526,128.66767,128.91624,177.60511,145.12711,134.15689,188.27911,149.90312,151.11728,167.42657,165.16326,141.83591,174.11251,141.62335,107.03921,133.10159,147.59618,138.20403,143.98162,127.56948,146.47575,168.93247,188.99929,132.39264,131.86668,130.9241,143.829,108.65934,133.66654,186.88241,153.40015,195.76797,110.53796,170.70361,153.1623,139.96224,178.22943,188.98549,143.89128,111.4476,164.22744,145.8014,148.85508,138.61394,117.01111,147.43214,112.02678,174.76895,107.7817,143.5973,136.08402,137.10004,142.22168,148.69998,144.70008,121.20823,150.37693,146.87993,178.22809,135.7985,143.23742,180.86543,138.54969,160.47529,169.8618,128.70702,155.50401,162.09713,134.68234,163.23922,135.22977,111.64488,164.48989,135.48343,128.75041,133.04079,172.86087,182.55344,147.71089,136.3196,131.51849,152.8871,162.69198,154.44881,111.36699,174.55144,146.50166,193.75352,163.16063,124.27966,124.98768,121.72173,122.29853,183.88592,151.7526,135.73865,123.08316,1
105.71446,162.73373,196.83516,186.94641,146.61374,188.75843,0.0,126.60494,187.52534,152.84461,172.61527,119.79405,166.6716,198.08435,177.81492,159.02937,133.13998,171.00554,182.09348,194.8139,218.76846,140.49245,223.9612,194.58528,170.13002,189.79402,201.73323,190.20825,168.08796,174.72834,199.77717,150.13124,182.11523,184.65302,147.20784,165.9642,197.08218,122.63968,171.88383,177.18282,138.60384,115.9285,145.9777,202.40657,178.17806,179.2132,116.69412,143.26976,188.92528,128.92527,165.79298,120.53774,166.78522,191.34657,124.46186,185.35679,163.90104,192.95912,168.33712,189.00476,176.75217,119.4605,155.91824,143.22005,169.71738,165.32736,106.9095,180.68731,162.42414,136.52714,154.45398,173.56541,121.57402,169.05287,179.42767,173.75307,183.15774,181.69,116.23147,171.43999,129.12042,160.20034,193.65329,131.29406,166.70512,205.86185,176.69637,167.55433,139.39058,136.95021,208.20758,105.8521,186.05898,211.87615,112.21458,158.68314,138.69523,123.93937,185.53149,114.08994,178.92038,167.30465,195.21236,152.28069,184.23429,161.49335,143.02741,173.2031,205.16227,169.23784,160.60136,170.50893,125.73789,123.68626,147.73231,144.90789,150.83631,181.88023,175.538,158.8444,195.25892,217.27527,184.51104,209.07871,147.03362,175.47498,169.58225,193.9552,202.60958,164.13814,180.47825,204.17885,109.65262,143.74423,178.05713,178.78698,165.66533,138.98801,172.45523,126.60777,149.26488,219.1266,199.57465,130.10716,175.60556,160.01608,212.8381,199.86442,164.4612,195.39794,169.68442,182.1822,213.24864,183.36991,151.68612,214.98944,148.83551,206.88744,183.10839,151.46947,142.40403,114.23384,201.8862,156.63157,129.35928,179.36992,185.74161,121.14886,206.26457,182.02109,142.96676,154.31116,193.88162,170.45282,192.12595,162.42718,154.1391,196.23751,155.71829,166.10644,117.88603,141.10499,172.79137,196.51548,158.32546,155.10493,158.59897,189.32414,171.50461,218.59229,112.68458,139.15919,190.50528,175.81328,169.49914,167.10203,151.99593,179.969,177.35842,183.92292,2
122.05838,142.79706,170.43545,167.11484,121.51294,164.11031,126.60494,0.0,172.8898,126.43129,155.57015,109.13152,140.25664,171.93026,151.32395,145.77991,131.28935,147.54291,157.55594,170.33486,192.17265,122.91596,197.37037,167.98099,143.90549,163.53148,176.76143,174.67715,147.95854,150.12827,173.8554,126.78276,157.44542,160.14968,130.15387,154.02647,171.75866,105.354,155.17592,153.00902,115.245,126.28108,131.04423,175.83643,157.82195,152.89688,113.84508,122.88331,164.66868,109.07563,142.32318,122.87528,151.47984,164.75376,115.443,159.24031,144.22955,166.35454,141.88194,162.40195,151.84268,122.70632,133.81268,135.87187,147.38574,139.8083,124.35169,155.15615,141.41158,112.72957,134.28975,151.38747,105.04166,147.60846,163.96913,149.91463,160.96783,160.59235,110.37353,150.39418,121.49293,133.91413,168.81289,104.77233,143.57343,179.28733,153.30123,149.46391,124.14923,130.171,181.85953,132.03285,161.49752,185.27208,124.45613,142.20335,134.56003,109.7077,161.70464,117.93121,154.86995,141.06316,168.60762,132.08415,165.15634,139.37773,129.44839,147.48104,178.56058,155.10388,135.37926,145.63269,121.16438,110.39341,122.2816,128.95062,132.1101,157.09206,157.7373,133.13005,168.79488,190.67072,157.90769,182.66064,128.09398,160.29987,151.20064,167.35853,176.02558,149.68882,156.29536,177.57665,128.9795,131.35744,164.7584,154.77335,145.81751,123.84782,146.22616,118.16045,140.64337,192.52577,174.41988,106.341,149.95651,134.57651,186.24167,173.89521,138.93661,169.64396,150.67762,157.04861,186.66728,156.93325,127.47622,188.38479,134.56163,180.45135,162.25971,138.87907,121.53165,122.49048,175.29452,130.2121,122.19446,163.14767,161.85607,105.80897,179.80342,157.5336,120.51418,131.25653,169.87641,143.91992,166.27384,140.88088,128.68732,169.64262,131.70935,146.91676,130.1391,117.29689,146.3333,169.91136,133.64518,133.24253,134.30136,163.45007,152.19943,191.99769,135.84838,133.42458,163.95498,155.63192,147.03951,141.90955,139.86259,155.00486,160.35659,163.50795,1
186.95201,132.56655,185.61999,120.40333,156.93449,146.20843,187.52534,172.8898,0.0,161.76441,118.17321,171.91671,160.54261,190.4934,174.67132,128.51682,155.74214,139.66735,144.45427,203.02309,192.15117,190.66958,196.27322,175.29893,157.98312,162.52511,153.29059,104.00471,129.12485,190.31219,194.47448,183.99426,193.98189,196.45213,142.78926,219.57925,154.33575,171.85938,118.20669,142.20636,179.92783,196.55944,198.56741,183.62375,124.42988,160.39765,184.90285,150.23651,143.52482,180.83828,190.79914,167.20491,121.454,176.31382,164.07993,158.96544,131.04973,174.64583,161.32348,172.36345,146.80396,168.2809,142.76192,207.1209,135.41826,152.05462,180.86306,187.36095,135.40925,160.93253,139.84485,200.08862,174.89631,132.56752,223.41825,140.83,131.35848,126.50003,177.86739,202.50078,194.19276,159.13486,199.92099,170.14601,192.56733,185.42934,138.05942,124.65997,149.70147,150.79366,172.86439,189.39317,145.07556,186.21385,175.96689,130.68678,150.22751,182.59529,140.2582,173.70355,141.3884,175.28496,176.37015,192.90195,117.5744,139.07159,198.43464,182.32692,180.34292,218.02799,180.73715,186.69602,161.79732,167.06346,157.60906,196.16299,140.96775,146.14554,117.53146,177.34859,183.27823,189.55135,170.6819,192.63751,192.37466,220.85416,123.58833,177.21372,177.12768,123.62822,142.14435,179.87009,181.03154,143.96563,227.0972,141.18212,202.13187,150.07633,177.09282,190.99341,210.6954,189.04012,153.87367,176.87162,183.96976,179.34679,184.30471,162.4613,180.3321,157.96458,207.12801,148.7155,189.66078,178.09788,151.24036,187.96995,139.27564,190.80719,125.18041,136.09098,151.66557,173.48737,181.91103,170.93267,194.9033,110.58804,200.49192,176.95597,174.39661,194.98385,183.33637,146.29858,205.18238,171.32141,157.8367,195.36014,154.81744,174.66705,148.33899,204.14991,173.33992,157.34665,173.71084,177.30829,182.50448,190.39677,184.19923,157.15283,207.61987,192.15861,186.0319,149.11259,169.48826,124.78622,136.00171,149.62799,207.69942,190.97852,114.0886,123.18159,2
148.48527,129.33799,146.0502,149.51789,109.3336,139.48403,152.84461,126.43129,161.76441,0.0,143.69968,133.56404,113.83521,148.47173,126.98951,141.64749,144.63281,126.17098,133.34906,151.63237,166.47457,131.91938,171.70796,142.11077,117.53941,137.11031,151.45155,162.20847,132.77306,133.24036,151.10906,122.4807,139.36987,142.23209,127.56276,158.10119,146.10676,130.28085,143.87384,129.69772,122.19736,151.43215,138.68851,150.45776,140.49951,126.46856,139.55823,120.51187,140.59286,128.57076,130.31756,143.14447,142.98685,139.25472,133.94996,132.89707,130.81471,140.50788,115.49287,136.51603,127.29872,143.5432,119.48017,149.2913,128.27074,114.85622,149.62983,134.72119,126.36006,117.97397,123.8385,140.25692,131.36238,130.13214,161.85678,127.50825,140.3454,141.74897,136.70028,141.78509,140.74483,107.56355,149.3163,121.66212,132.07965,153.84903,131.36519,137.30711,128.54923,139.87305,155.4302,158.03003,137.08741,159.45199,148.26056,134.68617,144.5853,133.08925,138.41786,141.88984,131.63861,119.25745,142.82529,131.3983,148.86785,122.71633,139.42835,127.22421,152.58625,156.28191,120.10706,128.713,138.20146,131.20254,107.68116,136.3653,125.53847,132.5046,144.36431,116.5708,144.13469,164.81486,132.0677,158.01058,131.75627,159.15686,138.18755,141.7813,149.90423,142.83141,132.74233,151.61407,153.6324,134.43913,165.33998,131.61298,140.5818,128.6268,123.81642,138.7804,151.45898,166.50939,148.92864,125.17549,129.66101,118.70485,160.18814,147.61285,121.20546,143.55821,145.68747,131.9272,161.13108,132.71832,111.47954,162.52916,133.4997,155.75122,143.62664,138.0684,119.68153,145.68081,149.72342,110.07615,141.38641,151.17757,145.29865,132.19319,153.42146,139.94133,123.5635,115.98412,152.31609,119.64391,140.11669,133.8437,106.95296,143.61295,113.46781,142.53903,152.12926,115.02063,122.5141,144.15607,121.1713,128.64087,122.80956,137.28926,146.36807,166.3141,160.73072,142.50086,137.72117,138.90958,127.7398,117.52302,147.32247,136.3682,147.71901,145.40872,1
171.34076,114.40946,171.87254,116.53748,138.78583,135.74054,172.61527,155.57015,118.17321,143.69968,0.0,155.5653,143.64979,176.43805,158.76804,115.53862,143.16519,123.72325,131.83044,187.34286,182.05244,172.58688,186.66618,162.29933,141.64653,149.98825,146.22752,119.2626,111.56395,173.28744,180.27917,165.84492,177.48183,180.07225,125.9841,201.41265,145.31711,155.06097,101.18356,128.11599,161.84969,180.16492,180.43586,171.20358,112.13704,145.62879,168.15536,132.70569,133.61253,163.17947,173.11618,153.016,107.11688,162.54429,148.40019,145.72333,112.90367,161.38245,144.63932,158.54227,132.3178,154.05461,124.58982,189.18002,118.95666,135.03179,166.27112,171.08759,117.35807,143.28188,121.82907,182.59621,158.0033,115.69785,205.48164,125.70041,121.08996,116.32899,161.43328,184.80629,176.62543,141.53022,184.344,152.52296,174.89136,173.4907,124.03002,106.48878,133.50456,137.32966,163.6105,175.21101,133.78813,175.50794,161.7611,113.97085,138.19899,165.26101,129.5308,158.54604,127.94789,158.12592,163.37326,174.74554,112.87638,121.11363,180.36016,165.49616,169.0059,199.91523,162.96801,169.45578,147.10551,150.73272,139.43944,178.03191,123.46118,133.26859,103.54435,159.53051,169.50016,179.55719,156.15031,180.3466,174.20602,202.84635,105.59181,163.85978,165.68199,110.28975,129.19215,168.37649,167.22185,129.10515,209.03593,127.71063,184.18821,133.90123,160.39874,173.52137,192.6331,179.59579,145.85365,159.17769,167.31349,161.56626,174.15769,152.74986,162.81428,147.69229,189.22923,135.66894,178.70557,162.78927,133.06866,177.70433,123.83407,178.33022,116.3318,122.12828,134.09291,159.07893,169.61305,153.05172,177.337,107.72517,183.9785,159.99881,164.32251,178.41727,165.18208,128.12937,189.2257,154.61641,146.5887,177.42274,136.74672,162.10407,130.24185,186.18244,160.33669,139.47076,157.19485,164.47036,164.59748,172.30095,166.28225,145.19012,189.78472,182.0169,172.96272,136.53687,156.29044,110.75842,119.50379,132.88401,189.55107,174.42296,104.82523,115.58917,1
116.57977,144.24048,178.72213,168.73179,126.84851,169.00878,119.79405,109.13152,171.91671,133.56404,155.5653,0.0,147.29614,180.45033,159.52965,143.75069,124.32983,151.43473,162.35075,179.39304,199.95405,130.78881,205.17768,175.62725,150.5761,170.21706,181.95698,174.1338,149.58507,159.20039,182.517,135.88272,166.49639,169.21747,129.5842,161.24075,177.28813,103.80115,154.99289,157.48748,124.2387,124.65902,138.50996,183.77277,159.67881,159.69755,113.32067,124.19615,169.2367,116.51717,151.45366,114.16424,150.54107,172.60896,108.84328,165.70819,145.53152,174.01481,149.00525,170.03061,156.96727,113.84906,136.58738,141.31227,150.44366,145.56062,116.07466,164.02509,143.52057,116.73496,135.73698,160.47223,105.49243,150.06467,172.09371,154.11134,164.00541,162.92236,105.96066,159.37091,125.86605,140.73548,177.82023,112.89673,152.69695,187.20028,157.16364,149.93105,122.22962,124.74828,188.66734,124.59683,166.3179,192.96786,115.4471,141.6725,128.51191,114.26627,165.92337,108.87779,159.25109,149.62026,176.31253,140.802,166.33498,142.21872,136.46955,156.30573,186.13673,162.85759,144.39563,154.67742,113.93772,104.85589,128.01374,136.62011,132.60013,162.10865,158.15415,142.02402,176.99245,198.3441,165.55896,190.89782,136.48276,168.33565,151.85227,175.17952,183.46822,148.30577,160.78811,185.16182,120.31596,128.39394,172.42341,159.12439,154.60867,121.84935,154.76809,122.30975,146.65579,200.06986,179.78513,115.05039,158.80033,143.5468,193.75083,180.14522,147.86345,175.63506,159.36727,162.38954,194.53861,165.20738,131.91508,196.05714,132.66781,188.66706,164.44656,136.34093,123.15885,113.3721,183.13238,138.65808,126.48845,162.82128,170.97195,107.25055,186.84441,166.60678,129.45222,134.72983,178.97944,152.07072,172.38397,149.87435,134.38928,177.16883,135.98318,155.60967,121.01125,121.3188,154.61733,177.63493,142.74402,142.22964,143.42421,169.58975,160.94684,199.78803,127.34563,127.84596,171.27597,157.36589,150.18553,147.30932,146.84073,164.01397,160.38822,165.44129,1
162.31415,130.77327,134.11574,144.61168,121.36517,128.37615,166.6716,140.25664,160.54261,113.83521,143.64979,147.29614,0.0,137.34307,116.4361,146.42566,155.83973,121.07056,123.2544,144.44849,153.10628,142.48041,158.34589,128.75257,104.44446,123.35054,139.12169,160.08717,132.09341,129.77023,140.52772,130.41113,133.88036,136.52698,135.65263,164.04662,133.45864,144.08173,144.18,121.31559,134.19132,164.8805,147.87921,137.47735,136.77577,112.69971,153.22237,130.75245,130.10775,141.77405,131.3212,156.06115,145.17082,126.34104,146.97296,119.35042,131.91957,127.19265,101.79139,123.2131,117.43861,156.556,123.70333,159.48909,125.12599,108.62442,163.32975,127.69163,127.40875,131.20613,128.94754,139.90837,145.1971,128.09981,164.53663,120.76565,133.63653,136.55148,150.53549,142.8247,153.08924,106.63589,141.64696,135.4908,133.01537,140.77674,124.45982,138.00326,139.01235,150.406,141.60431,171.82228,126.40771,146.01925,161.72385,138.75841,154.80784,146.52635,129.03398,155.45681,123.06928,114.83415,129.54877,138.50467,145.05473,123.66188,149.32303,121.85583,139.05826,161.01895,122.18683,126.24905,150.70582,144.67263,119.86298,145.77575,132.29239,121.94595,143.19456,119.48906,131.98405,151.33339,118.9135,145.57092,140.56479,162.52878,138.14004,128.73283,136.26363,145.98549,123.60296,138.10058,167.20278,143.44343,169.16296,123.14049,143.76189,139.19238,116.76424,151.51895,160.61115,152.90528,136.43017,138.64091,123.67649,120.98951,146.57158,134.08782,120.56626,130.35496,148.31119,120.59953,147.91764,121.67843,119.42479,149.05595,141.0063,143.30351,138.40856,144.94247,130.40588,159.0718,136.57392,114.87816,153.68376,150.24139,140.35874,146.0034,139.59362,134.78889,134.05347,121.34339,145.98121,111.00079,126.8421,137.19855,114.44928,130.08378,118.00733,145.90423,165.17619,127.49166,113.72496,130.89132,124.90212,134.53402,126.54117,124.04444,148.4405,152.95752,174.30767,152.59673,124.02459,135.90696,124.54326,110.91582,155.54125,130.80564,146.67933,140.46631,1
192.90821,166.02404,105.18713,170.96192,157.53153,145.54587,198.08435,171.93026,190.4934,148.47173,176.43805,180.45033,137.34307,0.0,121.50973,182.61172,192.78164,152.87772,146.06146,118.18993,125.26281,162.92888,129.50868,116.11568,136.88579,128.57623,145.83513,188.827,165.65701,127.00519,104.056,149.8534,121.4699,120.90867,172.9821,167.60013,141.0779,176.7849,177.26081,148.58559,160.07344,191.7796,163.629,112.16878,166.30963,130.85565,182.31518,167.85424,148.39648,169.6814,137.06075,191.43627,179.77303,114.20004,182.23133,131.56787,166.84279,116.27546,135.65097,118.13,144.17465,191.76129,160.67923,175.45477,157.76022,144.55292,196.26614,118.68734,162.79702,166.29379,165.90301,136.43171,176.91404,161.13517,159.29529,150.73775,159.30287,164.01176,182.08873,141.12909,176.49072,143.29291,115.38497,167.59792,137.29841,114.15967,152.77076,172.00862,176.13671,187.57308,130.32984,203.74389,145.95912,120.9351,195.76997,174.89584,192.06216,174.86687,150.76662,189.22505,149.18188,130.86764,115.1685,152.63688,173.06552,159.45375,166.47625,125.22964,118.74396,162.08465,138.07762,129.63664,186.66262,178.98664,155.89429,162.61211,169.50618,144.35486,174.86789,139.33288,107.34243,125.22431,120.3435,112.35054,157.57844,159.62097,171.49985,113.72499,119.73042,181.23339,148.35206,118.21081,200.75378,180.78621,165.95839,149.39807,146.78883,176.2888,125.70543,176.47804,173.46799,128.13913,143.40813,167.99606,123.05927,138.39994,123.95871,134.0702,133.99205,136.01348,148.01557,141.78251,119.79099,115.83324,156.67947,123.4732,178.23415,110.72492,165.4355,181.98408,167.36017,193.3829,113.57262,141.79309,176.84962,181.44358,123.97009,177.00824,126.51295,122.44621,156.78023,158.60881,121.72168,128.84154,134.47216,143.98432,151.48192,117.65395,155.2943,148.42952,200.25997,163.46244,126.04961,114.75041,140.92153,148.04569,141.23599,134.18439,146.70729,125.02161,207.72564,189.86778,121.28007,166.50772,157.26688,145.49602,166.96648,121.5813,178.11638,167.51923,1
172.87348,146.74453,119.20669,156.83711,136.02219,134.79097,177.81492,151.32395,174.67132,126.98951,158.76804,159.52965,116.4361,121.50973,0.0,162.75873,171.29683,135.19089,132.33489,128.57693,141.25821,146.12414,146.36967,118.1552,117.20549,121.22662,141.18212,173.69691,147.38403,118.58611,124.36016,132.62067,119.80917,122.01128,151.93417,159.61023,135.27216,155.95239,159.42474,132.85941,141.0057,173.09297,148.99537,124.74827,150.29838,115.38235,162.67837,146.44356,137.35375,150.2183,125.10833,170.05827,161.01155,114.16621,160.85172,120.51464,147.77572,116.58543,114.91897,113.26972,128.23773,170.41542,140.13735,161.19996,139.82774,124.52312,175.50629,112.92002,143.40097,144.88294,145.38266,130.43392,156.35859,143.07342,156.25225,133.84318,145.10994,149.05556,161.63892,134.51233,158.92199,121.9287,125.60981,146.81318,126.29556,128.21384,136.83546,153.55709,154.71896,166.15945,135.30072,183.34171,133.94892,134.64817,174.70017,155.06113,170.69984,155.36737,138.0911,168.19846,134.08805,111.20716,118.46372,138.07965,158.07168,139.77178,151.3133,110.95353,128.49898,155.29665,120.76753,117.36613,165.19095,157.77812,134.38455,147.41257,148.69167,130.61581,157.83161,120.58039,117.47609,140.02846,109.56265,131.37014,142.00794,155.12713,153.42951,116.78837,126.64718,162.05163,133.87382,127.5164,179.83737,159.61735,161.92181,134.24998,137.789,154.85988,106.95042,158.27765,160.68224,142.22254,138.31117,148.01389,111.11456,120.4696,136.18856,131.95132,116.85077,130.55166,141.16495,128.29001,135.6158,105.73622,135.40008,137.77732,157.38852,129.14536,150.76478,161.37224,145.90557,172.23782,124.44781,121.19592,159.38814,164.77399,126.20235,156.66722,132.16583,120.93706,138.71974,137.73536,130.53379,107.46969,127.38857,132.46166,130.11421,120.29884,134.39303,139.88232,178.95737,141.95965,105.06546,119.61891,124.08966,133.36902,125.0859,125.4016,140.65517,141.06596,186.8742,168.52342,116.67687,149.91501,139.27229,126.12052,154.64904,117.06093,161.26476,152.90331,1
158.45938,116.84073,178.5714,132.01386,134.09993,147.36537,159.02937,145.77991,128.51682,141.64749,115.53862,143.75069,146.42566,182.61172,162.75873,0.0,128.01528,131.06143,142.0941,190.80299,192.05903,165.76146,196.95935,170.20128,145.8731,158.94424,159.23272,131.20744,119.13906,174.2558,186.16467,161.7295,179.59275,182.37076,116.1301,196.24102,157.28977,144.05914,114.47988,137.32393,155.21547,168.29306,174.00146,179.40864,125.95055,152.21766,156.93277,124.50895,145.77153,154.31347,171.947,138.81012,108.53184,169.54789,135.66108,154.20147,116.36516,169.02812,147.85205,165.65266,140.50588,139.87982,123.01109,181.17927,126.44386,138.29234,152.40848,173.87233,119.89374,134.92601,117.99295,181.90436,147.15915,123.3348,202.48415,133.95174,134.35493,130.34817,149.71037,183.30454,167.27281,142.23974,188.05327,143.75352,173.70183,182.10592,133.93017,113.85836,121.78967,122.54777,174.71218,161.0614,144.97995,185.17401,147.59531,107.72259,122.83174,155.36378,141.5275,145.18689,137.88367,159.29059,171.23667,170.26276,128.41176,123.16265,173.33736,167.228,178.30939,195.65892,161.75334,169.93631,133.29298,138.92863,135.3033,171.62994,116.34736,143.14358,119.04475,158.21753,176.23835,189.69986,162.45006,188.4328,168.62974,199.44012,115.68689,171.30463,174.99453,105.42703,139.44946,177.55906,152.8108,115.49375,205.15824,137.64659,181.48749,122.13336,162.66983,163.91301,185.36137,190.15189,158.38078,150.51739,169.39611,160.35221,184.30937,163.92509,162.62439,158.70239,186.68667,145.14136,188.0813,167.62913,130.17469,187.67588,111.24048,186.27653,130.86323,107.57456,125.95018,145.05644,177.99096,151.70941,167.97395,120.83402,185.8921,149.26682,174.80915,180.35529,159.41934,126.08316,192.14381,157.14249,156.90152,174.90598,135.23165,170.47535,129.24027,183.29844,145.47133,132.35342,160.02262,172.46446,162.62302,168.72112,164.1943,154.97008,187.55778,191.9903,158.17545,121.32171,164.23175,123.84186,126.772,137.12016,183.23782,176.49993,119.61523,130.57223,1
134.15584,137.57494,189.89496,159.15012,135.35604,168.57811,133.13998,131.28935,155.74214,144.63281,143.16519,124.32983,155.83973,192.78164,171.29683,128.01528,0.0,150.07392,162.21995,195.81852,208.04424,154.20231,213.23466,184.0921,157.52321,175.4215,181.53652,158.81457,142.35828,176.38308,195.61096,156.22533,183.17158,186.02795,122.59673,185.20341,178.20144,126.84851,142.21168,156.96867,145.78265,145.57705,162.27017,193.10586,151.63002,166.12064,136.72771,125.10127,167.80142,140.11877,170.53692,112.86922,136.45181,182.0952,115.93383,170.50381,138.21072,182.61997,157.61484,178.72913,158.40112,113.89418,135.45472,165.63831,146.93783,150.42906,126.23446,179.15458,138.79336,128.13646,131.43271,180.32056,129.5933,144.98591,195.15775,153.21995,158.68796,155.78449,129.30243,180.12,150.14486,149.55515,193.69005,132.38653,172.05165,196.29802,154.92566,139.57246,116.9205,106.33261,193.29657,134.03,165.88503,200.91134,120.98479,130.34861,105.6266,138.56748,163.75807,120.95301,158.24444,163.7162,184.9835,162.83213,155.823,139.74656,160.48094,171.48468,193.83614,186.39301,161.65886,171.70506,110.39844,121.00297,137.0109,160.22059,126.98515,162.662,146.51873,158.53905,187.80403,206.01407,174.62238,201.39588,159.24359,191.53311,141.66988,184.39115,190.74118,133.43079,159.9344,192.93849,125.50848,115.34911,196.04703,158.04536,176.24999,116.70168,168.43157,146.59467,170.9712,207.13853,180.02452,137.58761,173.98308,160.48556,200.88502,183.24221,164.21059,178.14181,181.29073,163.89387,203.19645,176.94846,136.49159,203.79626,120.54058,199.13017,156.76815,121.04784,125.45653,118.97689,192.0586,153.2602,150.75051,148.84209,188.59006,131.53374,192.41632,183.56601,151.02114,135.9712,196.1295,164.14703,175.49837,170.67809,141.41984,185.07234,138.89379,177.55375,117.59808,129.71306,167.07129,186.31913,161.01418,163.22984,162.13722,173.00109,182.67699,207.9227,130.29903,106.69865,178.70687,149.27045,146.96345,150.87434,170.90357,180.3138,147.53129,156.98914,1
167.96952,114.33201,148.45021,123.90578,126.24807,118.57183,171.00554,147.54291,139.66735,126.17098,123.72325,151.43473,121.07056,152.87772,135.19089,131.06143,150.07392,0.0,112.14804,163.72624,161.02887,158.02089,165.96996,139.40543,118.31631,127.8831,131.65883,139.04822,112.81141,150.7547,156.66571,148.22938,154.32111,156.81336,127.48619,183.45859,128.1307,149.36345,124.47189,106.90213,147.93077,173.82397,164.84693,148.54368,115.70756,122.02213,161.37881,128.02772,118.15525,152.59863,152.11032,155.12227,127.00171,139.19252,147.39699,123.1664,114.69797,138.33252,121.71339,135.2119,109.44459,155.93724,115.37376,175.3795,104.89061,112.98371,165.96447,147.74194,111.81437,135.17719,118.64725,160.95113,151.59358,108.26854,185.23612,103.15874,114.19567,115.89329,156.37248,163.73022,165.70328,121.07445,160.69502,143.20156,153.84219,151.1371,105.76467,119.17171,134.26117,143.79677,144.18244,175.13644,115.85183,154.11836,162.79021,123.7154,147.0288,156.24861,114.53757,157.60788,108.23759,135.90385,140.46078,157.00788,124.03176,110.35,165.58608,142.70222,147.24878,181.00378,142.44906,147.31924,148.93503,147.32001,125.87763,162.53205,123.09166,112.70859,122.64076,139.31368,146.08178,158.69591,132.5407,157.63657,157.84366,183.02586,118.62891,140.71589,143.93314,128.7448,109.91477,146.50266,168.60326,135.00217,189.54471,108.05739,164.17583,134.60654,137.44073,163.26746,177.62831,159.2514,129.99167,148.71785,144.30643,141.12674,153.32064,133.6419,141.41065,128.43309,168.92859,114.32822,157.02204,139.07252,120.07169,156.64769,130.52102,155.52646,117.78557,132.72814,128.70998,159.9314,147.06981,133.38423,166.38367,129.60002,160.83206,153.12143,143.9659,155.31785,149.7213,116.70747,165.71769,131.68186,126.204,157.46808,120.252,139.53006,115.83702,166.28215,164.03917,130.45849,134.0435,141.64477,144.71643,153.66901,146.41857,124.06658,169.19225,160.95587,175.40067,144.81981,133.38978,114.90415,104.42743,110.26001,173.37844,151.31231,126.07889,119.73342,1
178.72125,125.91342,141.166,125.07612,136.05457,106.67243,182.09348,157.55594,144.45427,133.34906,131.83044,162.35075,123.2544,146.06146,132.33489,142.0941,162.21995,112.14804,0.0,159.55045,150.38389,164.81872,155.13047,130.94234,119.00797,118.30494,119.76891,142.78245,123.00221,150.16733,150.06054,153.45058,152.14051,154.264,139.62832,187.23581,115.98268,159.9672,132.83035,105.25266,155.51987,183.6765,170.79266,139.57678,120.57864,117.01392,171.35565,139.68188,107.24801,161.51765,153.82796,166.9698,136.72627,131.86917,158.97547,114.51125,125.95672,130.21938,122.93197,127.93732,106.07849,167.75199,127.25005,182.09251,115.90205,118.49391,177.35598,145.23097,123.78407,145.73692,130.78927,161.45808,161.94148,118.78497,186.86203,109.00043,113.2932,117.95673,166.94583,164.91584,174.06354,126.4931,156.36532,152.97924,155.42748,141.72554,108.1797,128.97462,146.2861,155.94478,132.61816,186.46408,103.9674,143.72805,174.4227,135.15906,159.14802,165.63339,105.92272,169.01253,104.21735,136.81273,132.0185,161.72305,127.00633,122.48052,172.00734,141.96894,137.17597,184.02057,145.29731,147.61972,160.82748,158.49206,135.30505,168.60955,135.23566,101.75589,129.6332,142.73061,138.82625,147.93668,126.61189,148.70016,163.52825,185.13686,127.80539,132.77812,133.85156,138.99202,102.67849,136.54748,180.22403,147.13932,191.85686,104.45171,166.57096,146.62205,136.65639,171.97298,183.59255,148.1915,117.91971,157.83861,142.96624,144.1584,142.52729,121.85787,143.19846,116.62615,170.87095,104.3057,146.88676,134.63651,130.45048,146.01346,142.58288,146.7499,119.38249,144.54128,140.22044,171.57325,137.93546,137.90214,174.71236,135.77047,158.49293,163.29094,132.83492,153.27195,156.34434,128.01845,162.05328,131.45749,114.91876,160.16418,129.0038,130.50073,126.37524,168.72768,175.96331,141.06259,132.99136,133.02035,148.12147,157.78841,149.73976,113.3602,170.79973,150.33639,187.10545,156.94609,125.05964,121.21636,115.70487,115.92883,178.69872,149.37985,132.63189,121.48063,1
