Vértice_1,Vértice_2,Vértice_3,Vértice_4,Vértice_5,Vértice_6,Vértice_7,Vértice_8,Vértice_9,Vértice_10,Vértice_11,Vértice_12,Vértice_13,Vértice_14,Vértice_15,Vértice_16,Vértice_17,Vértice_18,Vértice_19,Vértice_20,Vértice_21,Vértice_22,Vértice_23,Vértice_24,Vértice_25,Vértice_26,Vértice_27,Vértice_28,Vértice_29,Vértice_30,Vértice_31,Vértice_32,Vértice_33,Vértice_34,Vértice_35,Vértice_36,Vértice_37,Vértice_38,Vértice_39,Vértice_40,Vértice_41,Vértice_42,Vértice_43,Vértice_44,Vértice_45,Vértice_46,Vértice_47,Vértice_48,Vértice_49,Vértice_50,Vértice_51,Vértice_52,Vértice_53,Vértice_54,Vértice_55,Vértice_56,Vértice_57,Vértice_58,Vértice_59,Vértice_60,Vértice_61,Vértice_62,Vértice_63,Vértice_64,Vértice_65,Vértice_66,Vértice_67,Vértice_68,Vértice_69,Vértice_70,Vértice_71,Vértice_72,Vértice_73,Vértice_74,Vértice_75,Vértice_76,Vértice_77,Vértice_78,Vértice_79,Vértice_80,Vértice_81,Vértice_82,Vértice_83,Vértice_84,Vértice_85,Vértice_86,Vértice_87,Vértice_88,Vértice_89,Vértice_90,Vértice_91,Vértice_92,Vértice_93,Vértice_94,Vértice_95,Vértice_96,Vértice_97,Vértice_98,Vértice_99,Vértice_100,Vértice_101,Vértice_102,Vértice_103,Vértice_104,Vértice_105,Vértice_106,Vértice_107,Vértice_108,Vértice_109,Vértice_110,Vértice_111,Vértice_112,Vértice_113,Vértice_114,Vértice_115,Vértice_116,Vértice_117,Vértice_118,Vértice_119,Vértice_120,Vértice_121,Vértice_122,Vértice_123,Vértice_124,Vértice_125,Vértice_126,Vértice_127,Vértice_128,Vértice_129,Vértice_130,Vértice_131,Vértice_132,Vértice_133,Vértice_134,Vértice_135,Vértice_136,Vértice_137,Vértice_138,Vértice_139,Vértice_140,Vértice_141,Vértice_142,Vértice_143,Vértice_144,Vértice_145,Vértice_146,Vértice_147,Vértice_148,Vértice_149,Vértice_150,Vértice_151,Vértice_152,Vértice_153,Vértice_154,Vértice_155,Vértice_156,Vértice_157,Vértice_158,Vértice_159,Vértice_160,Vértice_161,Vértice_162,Vértice_163,Vértice_164,Vértice_165,Vértice_166,Vértice_167,Vértice_168,Vértice_169,Vértice_170,Vértice_171,Vértice_172,Vértice_173,Vértice_174,Vértice_175,Vértice_176,Vértice_177,Vértice_178,Vértice_179,Vértice_180,Vértice_181,Vértice_182,Vértice_183,Vértice_184,Vértice_185,Vértice_186,Vértice_187,Vértice_188,Vértice_189,Vértice_190,Vértice_191,Vértice_192,Vértice_193,Vértice_194,Vértice_195,Vértice_196,Vértice_197,Vértice_198,Vértice_199,Vértice_200,Conjuntos
0.0,112.1478,139.70449,104.89757,169.85249,182.38536,173.14504,129.32487,132.38599,194.51691,162.60826,116.29249,177.50725,122.60245,143.22923,101.32273,147.80532,117.31496,180.77072,170.26056,123.13149,156.73846,169.79252,155.76472,132.5007,112.05525,136.90427,118.55802,136.63196,146.38334,192.13249,187.37158,120.61549,157.82573,180.23321,190.28705,180.09674,186.1891,163.22405,138.34652,172.46667,188.43072,140.64618,133.92591,112.17659,147.60842,162.31966,138.50984,159.42452,175.55311,162.87106,189.11103,127.34714,103.6149,162.79534,161.59741,141.99503,151.52678,142.60196,120.42625,134.99782,203.97451,178.75625,164.78027,149.28616,177.01556,149.14884,105.68217,134.41804,188.52284,156.96785,172.38269,185.62931,174.80412,169.05327,167.22174,147.58575,167.3067,119.71706,111.52772,187.28592,149.24605,147.84703,143.29512,132.53181,157.77277,165.99215,185.22965,183.86775,182.09806,175.872,149.33654,137.89631,172.9178,127.72027,152.5149,149.83636,142.9898,151.34379,186.8219,134.89928,164.64447,187.45334,130.49221,142.31289,160.98261,160.99369,116.68514,136.97143,113.6979,132.26651,109.18048,127.00903,189.14377,132.91756,141.65628,176.59669,151.03301,117.77945,146.85265,176.25469,131.6367,169.2187,171.27769,151.29076,179.42369,108.56288,132.59382,129.9057,144.76329,129.14508,169.52677,163.36922,155.75246,145.96781,155.54215,154.94682,175.55312,163.37584,182.34743,146.34373,184.49333,126.91215,117.35883,139.44282,154.89317,153.43243,112.17225,175.15497,166.53084,138.15025,103.72491,147.16046,183.40938,163.42795,150.71302,153.75548,154.54761,149.88924,187.86281,157.7279,195.90002,143.85596,144.27455,202.65667,172.76413,145.15071,136.56764,187.57204,161.39184,163.99372,134.0896,181.05655,146.94078,165.88762,137.8054,163.91096,203.24546,118.81579,199.21593,135.88329,130.78959,183.90726,160.27256,187.85459,138.22227,194.11488,147.84903,143.69933,146.55859,151.49402,150.73816,129.56252,175.44185,190.26757,133.68548,111.06364,162.65257,127.35,151.96473,1
112.1478,0.0,134.82043,114.1069,165.77745,173.51171,161.64701,140.5083,144.13732,184.13433,151.2441,111.43804,168.47714,113.7961,145.1689,113.00348,136.0885,114.83643,175.16542,168.80583,127.51596,149.77783,168.51693,144.35587,143.49691,112.68198,126.30543,127.79946,141.97583,147.48183,181.5708,175.81669,128.60218,152.45697,171.13547,188.33857,171.82276,177.37424,151.2476,126.89879,169.73669,187.76154,139.77636,133.14637,105.39793,135.8362,153.80542,138.66641,150.97703,170.80033,165.09688,182.66853,123.99132,115.73302,152.15468,154.08055,139.34474,139.40446,130.66488,132.27536,124.49854,194.13137,175.46874,153.90801,141.63887,173.78652,137.17608,117.3519,124.49425,177.02299,148.23269,170.85713,178.21399,174.22077,157.4197,163.48913,145.6207,160.13383,120.07646,112.55906,178.14857,145.07905,143.79604,149.17553,123.29144,148.19938,153.97619,182.65889,173.40164,176.39489,167.69201,143.88431,128.79812,172.27913,116.40713,142.30188,140.37009,131.39375,140.84544,175.30608,123.4967,152.62108,176.65858,119.93611,141.59505,150.13812,150.07108,113.33428,140.6908,102.02419,142.83461,120.37039,120.23684,187.5947,121.45924,131.81051,164.72774,146.38862,121.32081,137.65537,175.2842,134.14353,164.44737,164.93014,145.82851,177.09419,116.97727,138.31093,135.89272,148.40134,118.55288,168.36915,152.11492,145.44705,151.41863,148.59018,145.08778,173.5009,152.20175,179.75677,145.18262,180.4633,135.9212,107.06942,144.47015,144.23996,141.32099,100.77212,163.36114,160.90271,128.70195,108.43393,137.8081,181.58721,152.88071,139.82571,145.09185,152.32137,138.90238,177.11666,146.81685,187.43747,135.903,132.32318,193.07128,160.70054,145.69675,139.89609,186.97314,156.9634,151.94829,141.00751,169.5996,134.91335,162.17216,136.66028,153.26393,193.5078,107.96743,188.28793,125.32285,119.15208,181.96577,150.79144,181.07377,133.47925,185.9672,136.7537,131.62339,145.24322,141.53609,143.82619,136.04243,163.44555,179.59728,125.75666,121.62869,150.90729,139.41299,144.14163,1
139.70449,134.82043,0.0,136.4305,130.95723,146.2302,150.26392,151.28697,157.30366,162.64498,165.91192,146.0652,142.04188,121.91764,124.02152,141.02034,151.38054,122.39164,141.07129,135.73229,126.40216,118.31563,135.68976,159.99587,152.4615,147.08805,150.41528,137.8179,132.29416,123.03342,161.21664,163.21131,134.88934,118.12252,144.78332,154.29448,142.72203,149.72151,147.96279,147.10085,135.38196,155.03136,113.50175,112.85123,140.2146,150.69788,126.79235,116.10365,124.10457,136.12676,139.38972,149.53078,112.49777,142.13709,170.7119,123.78586,108.27569,147.55493,134.18545,149.39453,149.4867,169.64772,140.76985,171.08681,113.70427,139.1192,138.18682,144.7421,119.30741,163.76857,122.99485,137.61467,146.80535,142.09113,148.15511,128.71926,114.0659,128.63606,121.42894,146.84255,151.57259,110.33975,109.16052,137.91447,151.72533,126.80516,150.8601,148.24652,153.12306,142.3941,138.49415,109.67256,156.28307,140.16498,141.76118,126.19401,120.9429,149.08954,127.04903,162.37109,126.85967,160.13531,158.06403,146.29336,114.72412,135.71272,167.56229,148.09299,127.02131,133.12466,150.0723,148.28079,114.82086,153.90673,127.05112,156.84005,157.1899,111.58441,126.07815,118.15441,142.56922,121.86346,129.76171,131.76351,111.60986,142.91308,134.9432,131.79383,131.68175,130.7455,145.32772,135.71024,167.37071,128.82335,138.03963,117.20292,126.03192,139.62186,139.76117,145.36159,115.6368,145.6454,140.4229,128.40971,132.60775,130.19822,144.0682,135.56742,154.99403,126.82786,155.42748,137.65255,118.99567,147.75293,171.75901,129.05684,120.27952,119.24017,158.15373,158.18048,133.75637,158.39912,111.78023,135.18844,167.58404,157.43445,120.43709,125.59338,154.35267,122.15572,149.92406,136.50539,156.73405,137.88218,127.41385,111.83472,136.79733,168.61023,128.45212,169.72897,149.85954,128.17172,148.01982,128.37281,148.45417,101.50111,156.11751,155.95261,143.88067,115.2985,124.25665,112.88864,133.10277,158.23252,160.01073,155.87875,150.45799,144.31615,156.60325,116.20904,1
104.89757,114.1069,136.4305,0.0,166.04576,180.29875,172.97689,126.40189,130.19427,193.28835,165.33344,120.60516,175.52457,121.58157,138.45285,105.81682,150.18879,114.35462,177.36695,165.86076,118.26484,153.96875,165.36194,158.4492,129.39981,116.85682,140.07977,114.27912,131.75175,141.68696,191.04268,187.22128,115.96529,154.47957,178.2732,185.92767,177.72853,184.05663,163.80998,140.98585,168.31776,183.85881,136.31043,129.66216,115.72524,149.927,160.17353,134.0063,157.27072,171.90997,158.02753,185.96015,123.94047,105.82975,166.01149,159.00991,138.0434,153.13228,143.24494,118.52036,138.21337,202.35989,174.71334,167.8615,146.8813,172.96478,149.80514,108.42047,133.44019,188.30367,154.97683,167.98917,182.8634,170.2457,169.06669,163.33758,143.41158,164.53691,115.64096,116.34162,185.31723,145.61498,144.19827,138.46235,136.2292,156.2222,166.65713,181.00646,182.73614,178.72073,173.48136,146.10291,141.68157,168.37242,130.43349,151.40963,148.30985,145.50005,150.44605,186.62638,134.98185,166.53641,186.56125,133.65137,137.93068,160.26167,164.03919,121.24158,132.08967,115.14117,128.82468,111.88291,124.82588,184.71361,133.09593,145.19378,176.9274,147.52388,113.09672,145.21959,171.75401,126.86642,165.61164,168.17187,148.03796,175.16591,103.71851,127.72435,125.04556,139.87432,132.27622,165.0763,166.18351,154.67678,141.10803,152.78071,153.59237,171.25069,162.92421,178.13615,142.012,180.61698,122.63301,117.57072,134.55449,154.07294,154.45036,114.38604,175.36804,163.20638,141.81872,106.63216,145.60668,179.04124,166.6963,150.11532,151.7621,150.37727,152.87907,186.93012,157.08575,193.55956,141.66645,144.92814,200.88957,173.53653,140.53485,131.70557,182.99115,157.732,164.74266,129.34612,180.81164,147.73404,162.00598,133.56097,163.01544,201.56783,119.17239,198.40048,139.07332,131.2019,179.56057,158.64744,184.832,134.9322,191.63356,150.76411,145.50181,142.25591,150.23703,148.01404,124.74356,176.02852,189.26697,137.76688,114.12022,162.84699,125.96012,149.60243,1
169.85249,165.77745,130.95723,166.04576,0.0,135.78302,158.70252,174.38813,180.58253,156.33904,189.01882,177.00179,134.88696,152.68532,136.12491,171.13881,176.65982,152.77976,114.26201,115.31074,151.7059,121.70308,116.23724,184.26483,174.42913,177.97861,178.93169,163.58104,149.29525,132.05096,156.7236,167.03441,160.00194,114.5564,136.57067,125.74078,130.12286,137.35772,163.72997,174.78098,108.66056,130.03741,131.14297,136.98179,171.17183,175.90227,128.73497,134.52395,128.81319,106.83491,134.48736,124.5158,142.63804,171.87172,195.28477,122.58861,128.05541,170.28541,158.45043,175.55782,178.33248,157.79256,110.54459,194.94748,129.21767,109.22918,159.7723,174.46612,147.02341,166.80925,131.20256,115.51036,127.27953,121.88194,159.16678,103.16527,123.59002,119.38977,150.41667,177.71558,140.54321,120.7638,122.11083,150.89219,181.32747,136.55704,165.93989,118.86943,150.91975,115.70407,127.75379,122.40669,185.38462,120.80004,171.38945,141.82966,137.71593,175.64434,144.08595,166.05003,153.98117,180.13895,156.54954,175.74348,130.05374,147.13681,191.89915,179.04374,143.99037,164.07585,171.61076,177.87962,145.69208,126.43471,154.90396,185.13903,167.14057,119.4133,153.96127,137.46939,120.36158,143.54752,104.25686,114.08389,120.61595,115.08429,163.88602,151.29867,152.70676,141.58836,174.9458,116.85813,190.61909,142.17187,149.06406,122.36264,138.95154,113.965,151.1135,116.28026,126.059,114.70948,162.97025,159.30735,147.71282,145.03783,164.80007,166.52465,164.78782,110.04539,184.35119,168.18053,138.11827,120.52889,196.40196,147.22265,131.80561,117.28388,184.20888,156.22053,147.44251,141.15886,134.0018,158.78381,154.59251,170.77869,131.02763,143.01874,129.73854,108.89254,166.03312,155.20766,161.86884,160.60926,104.32131,133.20077,145.64393,156.3254,159.24882,165.66326,178.54757,156.69454,120.36953,135.66527,125.19141,132.30847,137.76247,182.22289,169.24182,125.58524,140.2686,125.41052,154.24034,169.86762,156.78111,185.7363,180.152,158.78675,181.82535,128.37134,1
182.38536,173.51171,146.2302,180.29875,135.78302,0.0,132.15268,197.50783,203.53385,120.56539,173.16543,182.47306,105.16693,160.13075,164.75095,183.67999,166.11673,166.04308,126.30413,151.08389,172.63056,128.14999,152.02008,170.83747,198.59495,185.96372,174.27842,183.9493,176.42786,161.55179,121.2218,134.77405,181.10856,132.80323,103.092,155.06849,105.71518,103.87941,143.55017,168.96533,143.95916,162.57588,155.70197,158.37829,178.17617,165.37554,120.12779,159.3551,123.03012,131.59903,169.32313,122.63486,157.72183,185.48084,180.9142,122.57244,150.01572,157.17197,150.88189,195.28126,174.5735,123.82395,141.70418,179.49718,133.59118,141.67669,148.05221,187.96025,149.085,134.05191,125.42483,151.1164,113.54542,157.38374,135.1395,137.90595,149.96307,119.40593,166.89229,185.92728,105.43376,141.77364,142.9026,180.37325,179.25661,125.64693,144.36865,148.59573,117.11757,125.84704,108.60551,137.89542,181.34249,156.47604,170.85822,132.47063,133.21272,167.49956,134.60571,133.81874,152.3492,161.40705,122.28871,173.99854,155.68874,129.12548,177.54793,184.72832,170.79289,171.49079,196.12683,191.53075,155.49776,157.15742,154.21491,179.10385,139.95133,139.22888,171.89902,135.85733,155.52261,167.2377,131.74911,121.87802,136.51185,148.06944,179.68672,176.91409,177.28761,171.45983,173.81826,152.63994,174.76679,129.9557,179.40746,129.16352,129.09321,148.70732,130.76182,147.35888,153.15876,138.42165,186.53131,166.49424,175.8577,132.36895,150.3828,174.07112,137.96347,127.59786,179.96126,179.41922,135.7155,152.77552,182.02107,136.99156,128.63266,147.15504,173.76964,121.75853,131.85545,114.33039,138.63236,150.14579,121.43303,146.21255,159.535,169.46938,162.59916,135.40922,145.6069,181.52167,131.45293,150.15201,138.12357,155.91985,125.63272,122.63097,165.56427,129.9974,174.36508,156.72534,152.20176,123.01064,119.46873,147.60312,113.99305,172.46649,160.34695,152.55758,132.62672,133.35843,178.78333,143.75698,121.68527,183.97307,193.43967,138.71416,202.64743,130.84455,1
173.14504,161.64701,150.26392,172.97689,158.70252,132.15268,0.0,196.28829,201.52588,127.62471,142.9704,166.98987,128.63019,151.54595,174.05625,174.23495,140.1021,160.92477,154.87486,172.77162,172.94212,139.72782,173.419,142.20232,198.35393,172.12543,151.64152,181.73677,182.15081,172.37619,124.1769,114.24513,180.05547,148.06802,129.21127,182.7148,135.86636,134.74455,114.19218,146.26873,167.30585,188.55635,163.51281,162.6582,164.75231,139.49196,130.24557,166.3586,131.00281,157.46529,185.90732,154.14048,156.74707,176.71886,151.03423,136.5728,157.66539,130.71255,131.56289,190.91425,152.61369,139.84475,167.69378,149.16452,137.61943,167.03699,125.68682,178.72394,140.04548,115.38225,129.81559,173.6023,145.20406,179.89996,104.79192,159.42985,161.13437,139.45785,164.43716,172.29175,132.73944,152.56554,152.92449,188.12495,157.95853,124.51384,113.63901,175.75511,118.56805,154.96377,134.83611,147.15519,158.21429,178.459,152.28258,124.23318,129.33958,143.15569,123.99221,113.67688,138.25278,130.53121,118.30935,153.79864,164.42396,114.55432,147.86688,169.08583,177.12399,159.781,196.51795,181.94284,150.69399,184.17781,140.2543,154.73415,108.48027,150.68686,169.59878,132.29954,178.79977,171.27908,154.52959,145.87285,147.08728,173.45546,173.89069,180.99563,180.26703,180.90621,154.16971,173.86436,144.48129,121.44199,188.30207,139.8257,124.33318,172.65835,110.67122,173.80269,163.89261,166.75411,187.09584,155.79636,182.74293,120.41926,124.47481,161.92256,106.17757,148.66434,156.73739,169.52927,131.51131,178.77797,152.07977,123.28556,131.25049,162.03201,146.82473,119.06052,116.88075,143.96296,138.55076,130.05646,140.62866,114.06679,169.83852,175.69636,188.33204,153.68139,115.52872,185.62761,107.96896,128.22511,158.97022,162.09839,113.99051,139.99228,154.33082,128.12222,152.09448,142.49699,178.44083,124.15214,151.0316,150.96605,145.10292,146.15918,136.80621,163.36809,126.09811,140.57584,181.48186,111.78272,121.71601,162.29281,183.27547,111.47105,198.55773,136.02938,1
129.32487,140.5083,151.28697,126.40189,174.38813,197.50783,196.28829,0.0,106.20892,213.35135,191.70734,145.14206,193.3095,145.36647,138.94772,129.10783,176.58858,135.4431,187.88992,168.56203,124.8895,169.44549,167.72524,184.82964,103.37585,139.71957,166.20671,114.55246,126.08852,143.1537,211.59273,210.37647,116.59901,166.86558,196.05779,187.82725,193.8143,200.95839,188.65903,167.36491,173.53643,183.02589,143.75213,139.44643,141.49808,176.32106,177.9508,140.13155,175.17113,181.09033,153.26088,197.68384,140.62772,126.46999,192.11581,174.99137,148.46706,179.21904,168.4738,110.097,164.30743,220.89847,180.49922,194.0724,164.48273,178.78819,174.94191,126.55265,156.29888,211.28505,173.61498,170.5961,196.84452,170.47692,192.82301,171.27177,151.08555,179.33487,132.03387,139.17232,202.85886,157.14614,155.79406,128.4107,161.78087,176.29904,191.59629,184.67428,203.3163,189.34941,189.63041,159.93846,167.07062,168.94017,156.77971,173.00065,168.85367,171.89922,172.61287,209.68401,159.65883,192.76311,207.79099,159.78337,144.53705,182.54358,190.27234,145.0022,130.71161,141.48616,104.87507,126.30667,145.64973,185.80699,157.97467,170.95127,201.19701,159.60592,126.80062,165.62283,172.70136,131.21423,175.45215,180.99165,161.56582,178.8102,123.89985,123.26985,121.6817,135.63358,158.42579,167.21149,192.53125,176.21682,131.48111,168.38509,174.38785,174.6693,185.78727,182.08916,148.37418,187.51474,111.43767,143.19904,128.49914,176.29956,179.98135,140.77066,199.4332,175.05261,167.39762,132.57662,166.22405,181.20802,192.75244,173.00426,170.57586,157.10768,179.1393,208.03365,179.65156,209.27537,160.50873,170.14052,218.87061,198.5744,143.6029,131.50952,182.06646,167.81267,189.82493,120.14733,203.83132,173.07746,170.06697,142.50761,184.7662,219.88221,144.83342,219.66949,165.18824,156.43975,181.94939,178.37522,197.34703,149.9399,206.7423,177.06121,171.74111,148.87716,171.46446,164.17433,120.15145,200.75415,210.12473,162.56779,127.54852,187.04877,109.60689,167.1663,2
132.38599,144.13732,157.30366,130.19427,180.58253,203.53385,201.52588,106.20892,0.0,219.14904,194.98753,147.45243,199.28747,150.2563,145.04836,131.94072,180.14564,140.60168,194.09825,174.56475,130.90713,175.51201,173.71205,188.14948,106.88522,141.67181,169.15956,120.00079,132.07944,149.2563,217.32905,215.67283,122.46186,173.04276,202.04078,193.69652,199.90088,207.00913,193.44139,170.73009,179.64464,188.68452,149.95908,145.59273,144.4664,179.92568,183.89306,146.34033,181.09486,187.29087,158.76422,203.89177,146.39442,129.16658,194.92641,181.04612,154.64402,183.32444,173.06732,111.97052,167.23784,226.85624,186.61258,197.01459,170.38844,184.90694,179.58791,128.71262,161.4819,216.62054,179.46902,176.58387,203.01718,176.29946,197.94614,177.46297,157.2941,185.45733,137.60917,141.14235,208.87033,163.32333,161.9662,133.85878,164.30656,182.01152,196.34936,190.67208,209.03525,195.55787,195.707,166.05029,169.44225,174.79819,160.10396,178.49474,174.47787,175.35878,178.011,215.00077,164.42029,196.71556,213.42909,162.78603,150.74566,187.95579,193.25821,147.03047,136.83608,145.31375,109.72544,127.69768,151.05131,191.62174,162.66286,173.54216,206.1917,165.77567,132.37019,171.24903,178.56664,137.41743,181.66033,187.17761,167.69536,184.82573,128.20583,129.4042,127.87672,141.4921,161.45775,173.187,195.7305,181.73115,136.86665,174.44135,180.00242,180.68709,191.09782,188.11122,154.57737,193.65549,117.646,147.52204,134.38706,181.70124,184.45685,144.31112,204.48498,181.25013,169.8883,135.89114,171.82583,187.12189,195.50658,178.26915,176.40148,163.30024,182.20347,213.69024,185.00268,215.39794,166.28109,174.7449,224.8703,203.29759,149.75924,137.66556,187.72139,174.0211,194.51878,126.08681,209.14704,177.63182,176.26164,148.69269,190.2749,225.85723,149.15193,225.31921,168.13459,160.99132,187.8756,184.13495,203.54844,155.93775,212.88724,180.19528,175.68509,155.08191,177.00675,170.1821,126.34222,205.59871,215.8186,164.66651,128.47483,192.03873,106.88698,173.08712,2
194.51691,184.13433,162.64498,193.28835,156.33904,120.56539,127.62471,213.35135,219.14904,0.0,170.17367,191.33216,122.21541,171.93665,183.45854,195.73834,167.54485,179.64366,146.31175,171.64469,188.61396,145.92063,172.57586,169.79394,214.8188,195.80394,178.42875,199.19618,194.32601,180.58952,103.56021,121.19312,196.75506,152.05632,120.01378,174.72798,126.26268,119.64994,141.79147,172.98894,164.51639,182.65843,173.7637,175.38528,188.08983,166.9058,136.0101,177.27507,138.57017,152.0702,189.57422,140.54119,172.75485,197.90159,178.28225,140.57007,167.83681,158.12362,156.50989,209.83351,179.21008,112.3135,162.02523,176.22485,149.03586,162.09484,151.63989,200.19865,160.10037,119.7679,139.78789,171.67974,132.15434,177.93745,132.27017,158.40249,168.81014,139.03296,181.64321,195.87737,116.28183,160.21281,161.16241,198.91864,184.42257,137.26331,141.17582,168.53046,110.75685,145.65295,128.77958,155.64787,185.21622,177.04083,177.64372,142.00374,145.06234,170.28351,143.2985,120.53781,161.00127,157.58017,109.38291,179.81779,174.02383,134.2402,175.21426,193.53574,188.77219,182.13944,212.54954,203.65864,168.8276,177.00896,163.04031,181.99603,132.10971,157.74456,186.8506,148.23224,176.04668,184.41141,152.27632,142.36977,154.60645,168.41825,193.34849,194.30416,194.31895,190.32285,179.99167,173.19195,171.62329,138.77817,198.24315,146.70874,139.70034,169.21558,133.17264,167.50828,171.98001,158.14625,202.87771,177.50478,194.09133,139.91033,151.62312,184.56144,131.09534,147.86934,183.74872,191.17283,147.7683,172.95705,179.2934,144.44025,142.78082,166.81606,174.42081,108.59326,137.59764,123.03361,152.86863,155.26959,113.76561,139.75197,178.398,187.39072,182.7395,155.43568,143.13924,198.99865,121.95563,154.13155,158.56497,173.47812,130.92514,112.6895,176.27572,109.64906,178.77903,165.53033,172.3361,135.03517,137.56462,163.84332,125.87201,173.68943,163.59302,171.38285,143.0644,150.03927,195.74703,136.21669,106.03099,188.93165,205.31443,138.40062,217.41437,146.44488,2
162.60826,151.2441,165.91192,165.33344,189.01882,173.16543,142.9704,191.70734,194.98753,170.17367,0.0,148.47747,168.66256,151.15857,187.3727,163.05865,115.66807,160.76643,190.62384,199.4907,175.73487,167.31953,199.74337,106.89416,194.73323,154.67839,126.13203,178.84485,189.37257,187.79509,166.63178,151.26634,179.13669,174.95206,170.07519,214.75691,175.4537,176.36034,129.69556,124.34767,196.51816,218.12453,178.07362,173.56123,150.54464,116.14721,162.46284,179.15353,161.25978,190.52463,205.10768,192.95351,163.75228,165.8497,108.11219,167.48389,174.02474,118.81469,131.79074,183.01903,128.05796,182.48645,199.42661,106.33405,160.27131,198.23662,129.26023,166.59904,146.83371,152.93203,158.38531,201.01001,184.7718,206.477,138.8138,188.38594,179.95559,172.88756,166.44739,155.12548,174.89846,173.90507,173.40327,196.60999,132.10619,153.64857,129.40382,207.83534,161.53141,191.18781,173.04426,169.30229,128.3309,204.6565,134.93323,147.39091,151.31007,119.93314,145.03435,151.46069,139.48466,112.61523,160.79892,132.32133,179.70505,145.03563,105.32238,149.58306,186.23893,150.45386,194.06025,168.47346,155.8932,215.35273,139.89684,123.51321,138.39348,173.34895,170.01771,151.87512,206.33443,179.1863,185.57986,179.81572,170.42973,203.87274,168.16195,186.45198,184.51466,192.84805,133.60687,199.94079,101.63275,147.72786,198.14124,166.66887,150.61432,201.69522,142.5443,205.29869,181.44849,200.97233,186.68932,149.98176,191.25144,144.72366,124.38763,150.94777,139.1189,179.81894,127.26379,159.17891,151.14313,209.27783,109.12283,141.86588,157.28561,184.2625,113.1593,161.60314,143.28507,186.27565,156.71214,130.9733,183.51611,130.70672,185.31572,185.03721,217.62503,181.24582,127.79245,190.09312,148.35136,128.6667,187.43006,175.3307,148.09449,182.76395,148.46583,168.33818,127.14774,139.83066,209.23724,155.40326,190.10673,165.5764,186.92658,114.9133,122.47108,181.15576,148.81547,164.2158,185.08743,134.48352,164.14852,133.91662,168.62025,134.4515,189.6395,160.7143,2
116.29249,111.43804,146.0652,120.60516,177.00179,182.47306,166.98987,145.14206,147.45243,191.33216,148.47747,0.0,177.35084,124.4702,156.07711,116.19476,134.92109,126.09472,185.95584,180.24293,137.35845,160.21321,179.95077,141.85615,148.4142,106.21462,122.34757,134.78681,151.62141,158.59558,188.52566,180.80269,136.54854,163.44685,179.92124,199.76546,181.27029,186.35243,155.0318,125.21163,181.12958,199.18104,151.14278,144.46845,106.18902,134.91362,163.27673,149.89624,160.53858,181.86048,176.02844,193.09552,135.42929,118.6968,147.62432,164.18526,150.78011,140.72822,135.44246,135.60589,120.42616,201.95413,186.79415,149.85304,151.85186,185.12224,141.43605,118.74917,133.61325,182.14798,157.62625,182.29503,188.16911,185.6269,162.45005,174.77759,157.05778,170.35871,130.97679,106.64887,186.83365,156.37043,155.11052,158.61063,116.89283,156.85493,157.45794,194.05135,180.5845,187.14585,177.2427,154.91971,121.99614,183.68725,115.45606,150.37902,149.31135,129.96581,148.58497,180.40736,130.50787,152.58302,183.28434,116.38392,152.95361,157.09437,146.18074,102.25526,151.00729,112.96349,148.39306,120.12452,131.32098,199.03193,128.51868,126.13621,168.77765,157.59014,131.28969,146.91076,186.71133,144.78448,175.52798,175.49724,156.84404,188.50818,124.25465,147.73388,145.14696,158.81414,115.25479,179.7996,149.02477,153.32285,161.08649,159.04364,153.51026,184.93015,158.49114,191.15026,156.58828,191.65717,143.15489,117.72227,154.28664,151.6534,144.33014,110.66682,167.73834,171.75935,122.44488,114.08636,146.92419,193.02053,148.1544,146.99374,154.59749,163.75659,135.38117,183.81981,153.73804,196.62959,146.0655,136.93347,201.19338,163.70301,156.90338,150.34304,198.3885,168.15246,155.2715,149.79142,174.93038,138.94077,173.46682,148.03906,160.47544,201.45735,117.98083,194.56599,121.33579,125.98835,193.39534,159.48877,191.35025,144.75984,195.40309,133.56924,132.74236,156.65824,149.93829,154.35916,145.03128,166.87076,186.39973,117.45721,120.1453,155.71153,141.60372,154.21399,1
177.50725,168.47714,142.04188,175.52457,134.88696,105.16693,128.63019,193.3095,199.28747,122.21541,168.66256,177.35084,0.0,155.16719,161.55695,178.79589,161.18896,161.32363,127.32406,150.14319,168.42036,124.32488,151.01801,166.1195,194.49867,180.89415,169.165,179.58524,172.86431,158.54846,122.04326,133.16189,176.8323,129.89341,102.76661,156.02635,107.23696,109.02957,139.18993,163.86597,143.36481,163.00486,152.16328,154.43279,173.10151,160.44263,115.48366,155.76365,118.35982,131.58271,167.44358,125.51083,153.23696,180.6423,176.32809,118.79235,146.35129,152.33227,145.75714,190.79232,169.44217,127.60975,141.92256,174.99645,129.04565,141.67815,143.05235,183.10397,144.02027,132.66761,120.55596,150.39005,116.60793,156.74512,131.17842,136.6631,146.82034,116.82663,162.3805,180.86444,109.79268,138.37283,139.41334,177.11548,174.10649,120.50509,140.20814,149.31821,116.13671,127.13749,107.27449,134.14145,176.23073,155.68521,165.6914,127.30393,128.13418,162.47005,129.44124,132.1806,147.19063,157.10478,121.72171,168.8392,152.28018,124.22053,172.94178,179.60596,167.25363,166.45459,192.08297,186.66711,150.70128,157.90057,149.06194,174.04142,136.75998,135.85906,167.4429,130.84098,155.07185,163.37618,130.69302,120.80765,132.90797,148.16868,175.01147,173.15184,173.40025,168.3638,168.6545,151.60209,170.27421,124.79948,176.30501,125.24812,123.93452,148.36614,126.13428,147.80942,150.0078,139.50982,182.45018,161.47597,172.44159,127.24342,145.56665,169.02794,134.64574,125.86624,174.85474,174.49479,130.66909,153.13026,177.44161,131.84737,123.77236,144.60665,168.87696,121.35683,126.84551,119.49405,133.88538,145.04452,125.61299,142.57286,156.42124,165.90251,162.94862,133.26127,141.31228,177.79997,129.03834,145.11371,136.70316,152.16818,120.80291,126.57271,160.52121,131.07278,169.24161,151.57477,152.63102,117.86879,122.40309,143.37114,118.99505,167.53156,155.31158,149.4077,127.47443,129.15914,174.8765,140.38693,121.92002,178.8246,188.55041,134.24896,198.21197,126.30667,1
122.60245,113.7961,121.91764,121.58157,152.68532,160.13075,151.54595,145.36647,150.2563,171.93665,151.15857,124.4702,155.16719,0.0,137.36441,123.84586,135.52587,110.28869,161.51855,157.15925,124.94414,135.98972,156.99888,144.47675,147.76817,126.47729,130.5671,130.94462,138.22013,138.68304,169.59718,165.77561,130.00986,138.98224,157.86608,176.14351,158.21,163.97122,143.29594,128.56704,157.28024,176.39246,129.68034,123.81096,118.99153,135.01512,140.23623,129.63822,137.37702,157.40829,156.58125,168.88873,113.59852,125.96509,154.14566,140.2989,127.76599,135.38998,123.37183,139.38188,129.27612,181.39621,162.659,155.21764,127.85201,161.02062,129.70386,128.27863,111.88532,166.82036,134.73474,159.12897,164.4425,163.09845,147.78382,150.57862,134.24996,146.33864,115.51312,126.34401,164.91023,132.25326,131.07039,145.45142,130.57722,135.2083,146.24048,170.15984,161.31328,162.72485,154.04654,130.47536,135.55318,161.14979,120.88194,129.95093,127.27887,131.86318,128.88993,165.1569,114.34919,149.1553,165.02369,125.46576,131.50026,138.68107,151.41921,126.5986,135.19832,111.86267,146.31294,131.7721,107.13495,175.64777,112.81201,136.96391,155.93737,133.28753,119.80986,124.36402,163.86733,128.13739,151.08718,151.17739,132.38989,164.78304,122.34965,135.40824,133.63097,142.15086,124.327,156.93661,152.36354,133.20308,147.02498,134.80405,132.34504,161.39717,141.37801,167.27219,134.48032,167.28756,137.55268,106.80848,140.10534,132.50146,135.01159,114.463,154.25207,147.29868,134.91022,119.38716,124.62385,169.53112,155.06752,128.54666,131.55308,140.51479,140.76658,165.40721,135.50628,173.90485,122.13463,125.00053,180.13371,153.22738,136.48607,134.05433,175.66202,143.80602,144.50218,139.28139,159.32487,128.00805,149.2854,126.57995,141.46817,180.68614,106.56364,176.84412,129.82642,111.78255,169.83338,137.73394,167.27867,120.72643,172.33563,138.47543,128.96875,134.40953,128.89426,130.05227,134.3598,155.39206,167.77388,134.42327,133.52714,141.7859,147.01789,130.37736,1
143.22923,145.1689,124.02152,138.45285,136.12491,164.75095,174.05625,138.94772,145.04836,183.45854,187.3727,156.07711,161.55695,137.36441,0.0,144.26113,172.06076,130.45512,150.14606,129.82482,120.39725,137.57432,129.06109,180.98177,138.61935,154.35857,167.87369,130.58631,113.20423,104.20798,182.57001,186.58373,126.84646,131.9846,164.09782,149.58213,160.05077,167.6422,171.87254,165.86772,134.59629,146.10013,110.55853,113.82015,149.94099,171.46427,147.79582,108.31792,145.60134,142.94736,119.952,160.27368,123.88884,143.82085,191.13867,142.89232,116.41827,169.83609,156.4566,141.93963,166.49979,188.55047,141.56515,191.96606,136.60966,139.86284,161.27982,146.11054,140.93601,187.01676,145.40945,131.91003,160.97722,132.73657,172.1247,132.9614,114.78862,145.38803,125.12629,153.91885,170.16599,123.24627,122.34133,115.63653,167.15189,149.99832,174.79624,145.90051,174.88422,151.61239,156.22942,128.04316,172.41513,130.99594,157.94319,150.16413,144.86125,168.87414,151.07047,185.70641,147.97164,183.02614,180.17571,162.45264,109.70098,159.54846,188.24568,157.51201,108.26604,144.31563,135.75087,148.90154,131.59042,147.86934,147.47606,174.22062,181.16167,125.72106,125.47876,142.16189,134.64284,111.59253,137.85527,145.07925,128.89278,139.99403,135.16158,115.69856,117.64587,106.94498,161.21315,128.60426,188.7125,152.6741,114.79175,136.86284,149.72539,135.85585,163.66434,143.24811,111.59372,148.64722,127.78276,141.41867,111.64702,154.18616,167.19091,145.9082,178.94419,138.81594,171.92389,143.23563,143.00805,142.79208,192.1054,153.03164,143.21846,119.08924,177.91238,180.17636,157.73039,174.37136,135.77979,157.70318,185.93344,181.42775,105.31286,107.71474,145.18828,130.88965,173.77944,119.18406,180.20738,160.60171,131.85756,112.48417,160.34253,187.30029,142.35623,191.42579,167.0969,147.70062,143.47019,151.14592,160.41562,123.61335,171.39766,175.62742,164.90701,112.19463,148.21079,134.27838,119.06464,182.25357,181.70515,170.41882,151.21115,168.32508,147.21082,138.59818,1
101.32273,113.00348,141.02034,105.81682,171.13881,183.67999,174.23495,129.10783,131.94072,195.73834,163.05865,116.19476,178.79589,123.84586,144.26113,0.0,148.37337,118.6325,182.08483,171.45036,124.07574,158.06025,170.9741,156.23405,132.32945,111.55358,137.24023,118.91069,137.39148,147.46368,193.33918,188.45403,121.16069,159.14089,181.52004,191.48841,181.40607,187.48609,164.19209,138.85566,173.70905,189.56862,141.84639,135.13897,112.52581,148.19506,163.62002,139.66485,160.72573,176.85355,163.84288,190.43245,128.65367,102.81054,163.0819,162.91552,143.26091,152.29155,143.57895,119.97045,135.32396,205.23213,180.01554,165.11258,150.5999,178.27359,150.11544,104.49961,135.63807,189.61551,158.26024,173.5743,186.95032,175.94615,170.11666,168.49983,148.82011,168.62818,120.95082,111.01133,188.57258,150.54465,149.14409,143.96952,132.67459,159.03276,166.94368,186.4598,185.08058,183.41329,177.18255,150.65476,137.98821,174.06429,128.23788,153.73467,151.09713,143.52863,152.54142,187.91144,135.98254,165.32713,188.63788,130.85151,143.50258,162.1542,161.34127,116.40893,137.88558,114.64385,132.21339,107.92662,128.32106,190.32689,133.98965,141.84595,177.60371,152.33977,118.85575,148.12323,177.41623,132.67158,170.52119,172.59946,152.60858,180.64665,109.35193,133.33329,130.6312,145.65721,129.51894,170.70278,163.79093,156.96759,146.68146,156.86388,156.19029,176.76644,164.51098,183.57961,147.54639,185.77366,127.22316,118.48108,140.22348,156.07982,154.32417,112.96436,176.18284,167.84732,138.29236,104.70878,148.42461,184.60819,163.69519,151.87466,155.04872,155.78402,150.26724,189.05214,158.8911,197.20721,145.16204,145.24736,203.92713,173.69128,146.26754,137.51649,188.70653,162.68989,164.93048,134.67644,182.15525,147.88401,167.16586,139.0239,165.1025,204.50855,119.90816,200.38884,136.21644,131.82854,185.11123,161.53803,189.17723,139.5373,195.42801,148.25456,144.42728,147.76772,152.72964,152.0596,130.23183,176.40314,191.46442,133.64448,109.76115,163.68979,126.71667,153.27654,1
147.80532,136.0885,151.38054,150.18879,176.65982,166.11673,140.1021,176.58858,180.14564,167.54485,115.66807,134.92109,161.18896,135.52587,172.06076,148.37337,0.0,145.09942,180.04443,185.95782,160.06837,155.22308,186.11954,108.96139,179.54148,141.09731,113.55045,163.43254,173.72448,172.67838,164.17954,151.78036,163.59712,162.23581,163.07063,202.3038,167.34672,169.68218,125.9725,109.7189,183.64928,204.93578,163.03258,158.24136,136.00738,100.77296,152.14507,163.9094,150.42804,178.95954,190.20057,183.74598,148.30425,151.18329,119.33362,156.336,159.31226,109.42199,118.21185,168.21436,115.20223,179.56777,187.19097,119.91298,147.46456,185.87188,118.30436,152.17714,132.08621,153.35649,147.33999,187.60008,176.26688,192.78115,135.34873,175.67704,165.43814,162.21397,150.78053,141.48547,168.84641,160.02008,159.37744,180.97151,120.37027,143.37886,127.30106,195.5204,157.62829,180.78715,164.31993,155.7877,118.86018,190.91245,120.17139,136.42028,139.32659,104.95626,133.95186,151.6751,124.56123,117.76964,158.3496,118.58412,164.71376,136.99146,116.248,136.3872,170.66518,135.14155,178.75193,154.37024,140.48812,202.63625,124.69498,114.81627,138.60785,159.74909,154.37041,139.19995,192.85121,163.60621,173.55051,168.96528,157.11233,191.15741,152.85977,170.78556,168.84742,177.38095,119.66659,186.26023,116.83831,137.63509,182.53909,154.41782,139.9628,188.66245,135.82712,192.86019,166.70986,189.51669,171.17464,134.38078,175.63051,134.72783,116.08715,135.86167,138.37918,168.05087,117.41401,144.25503,138.57845,196.47883,120.3786,130.85635,145.63795,170.19889,107.81059,159.07207,134.39902,180.07414,143.20359,117.94656,179.91775,131.91363,170.24385,169.48172,204.37486,168.42941,125.08645,174.42914,147.17502,116.6413,174.62313,160.20068,140.50554,179.54364,132.84558,167.8997,114.38406,124.37233,196.52082,145.55787,181.13296,150.90353,180.10974,106.35416,107.55076,166.45622,137.44321,151.33941,169.42599,135.60965,161.7479,123.79897,154.78494,129.19103,175.0861,148.36939,1
117.31496,114.83643,122.39164,114.35462,152.77976,166.04308,160.92477,135.4431,140.60168,179.64366,160.76643,126.09472,161.32363,110.28869,130.45512,118.6325,145.09942,0.0,163.46165,154.43243,114.96945,139.63384,154.08243,153.97859,137.70141,125.63238,138.39134,120.91325,128.90118,132.65485,177.55338,175.07515,119.7537,140.51403,164.08061,174.20801,163.38934,169.77965,153.38753,137.3366,155.91969,173.19897,125.08008,118.3772,119.90679,144.64473,145.91654,123.83418,143.01539,158.33608,150.33387,171.82001,110.14207,119.87742,163.17537,144.65535,125.30003,145.57869,133.65151,130.3244,136.83601,188.35668,161.98137,164.47036,132.55344,160.25965,139.9413,122.46454,120.88452,176.03549,140.81425,156.51557,168.53672,159.60856,157.38949,150.24597,131.31711,150.20621,105.83465,125.30149,171.11184,132.06919,130.68995,136.2017,136.91438,142.40795,156.35272,168.79905,169.22944,164.78572,159.1397,132.02248,142.28753,157.6754,128.20222,138.16352,134.58451,141.09419,137.51253,174.40878,124.58462,159.34679,173.32411,132.54186,126.88037,147.45432,160.6327,127.77764,126.67351,113.86568,136.13757,126.03563,110.81644,173.30614,123.09753,144.52918,165.76158,133.77426,109.53394,131.4133,160.77652,119.80688,151.98667,153.99548,133.97608,163.10317,113.74309,125.74041,123.7483,134.15813,131.23536,153.8969,161.89485,141.4294,138.07526,138.44346,140.00814,159.37499,150.51,165.89932,130.59923,167.46937,127.2716,111.39354,131.07084,141.19878,145.2954,115.5954,163.99013,149.21632,141.92045,115.40082,131.8809,167.3891,164.03841,137.67081,137.60922,138.17766,149.7062,173.64083,144.44357,179.22121,127.43829,135.27247,186.78328,163.3514,130.86163,125.71841,172.39134,144.20588,154.66587,129.33741,168.55586,138.28726,148.91282,122.00072,149.9253,187.52031,112.64807,185.21436,137.52455,122.0051,167.81723,144.749,170.60867,120.91233,177.27994,147.4302,138.89814,130.70533,136.807,133.66792,124.34896,165.40123,175.88653,140.00416,128.15706,151.61882,137.96706,135.28251,1
180.77072,175.16542,141.07129,177.36695,114.26201,126.30413,154.87486,187.88992,194.09825,146.31175,190.62384,185.95584,127.32406,161.51855,150.14606,182.08483,180.04443,163.46165,0.0,127.65029,164.45636,126.17383,128.71835,186.73321,188.11068,187.72776,184.53524,176.4071,163.24042,146.14195,147.405,160.46847,172.94152,122.94981,128.08163,128.79947,120.767,126.6647,162.85662,179.8569,119.99778,136.35648,144.21206,149.43215,180.47213,179.27165,128.17231,147.77573,129.63154,107.57572,148.12014,110.25466,153.466,183.12826,197.59741,123.77736,140.22015,172.48951,162.26173,188.38856,184.23695,145.6353,115.92713,196.82264,134.74234,116.31169,162.08123,185.73645,153.67643,159.92218,132.70444,127.04446,114.66074,132.81562,156.473,117.38288,136.80483,117.84572,161.9619,187.52788,130.03076,131.91312,133.34418,165.10155,187.89169,137.01358,164.56582,122.29837,143.12654,101.46745,120.28364,131.49649,191.35306,132.32661,178.22484,143.6763,140.96099,179.89557,146.1344,159.48966,159.73047,180.37193,148.50163,182.28273,143.3535,146.13186,194.15957,188.10759,157.82843,173.31437,185.33043,189.2472,154.96445,130.85359,161.04084,190.3947,163.28739,129.86209,166.00655,141.8346,130.58386,156.76675,112.43864,111.13274,129.53413,122.30855,175.58354,165.02398,166.2627,155.79012,181.67634,129.41197,192.25506,142.93084,163.31399,127.26535,140.22214,123.76897,149.49485,121.19966,139.56838,112.19682,176.45231,168.3187,161.77902,145.93668,166.29144,175.87446,161.04218,114.29393,190.17506,178.69077,142.25363,126.65242,198.72925,149.27745,134.58695,131.09511,187.8228,148.01024,147.42514,128.08246,140.39206,162.21207,142.20613,168.24218,144.95505,156.78396,136.42795,120.1891,165.14497,169.08383,156.26659,163.44067,118.3627,145.86125,143.69823,144.09197,167.97512,155.93362,184.30817,163.17582,126.02441,135.23075,111.21027,142.54947,124.52606,186.04719,173.01302,139.04585,142.60257,131.72645,167.80827,166.59544,147.98416,192.50113,191.45588,157.73806,194.94677,132.88119,1
