Vértice_1,Vértice_2,Vértice_3,Vértice_4,Vértice_5,Vértice_6,Vértice_7,Vértice_8,Vértice_9,Vértice_10,Vértice_11,Vértice_12,Vértice_13,Vértice_14,Vértice_15,Vértice_16,Vértice_17,Vértice_18,Vértice_19,Vértice_20,Vértice_21,Vértice_22,Vértice_23,Vértice_24,Vértice_25,Vértice_26,Vértice_27,Vértice_28,Vértice_29,Vértice_30,Vértice_31,Vértice_32,Vértice_33,Vértice_34,Vértice_35,Vértice_36,Vértice_37,Vértice_38,Vértice_39,Vértice_40,Vértice_41,Vértice_42,Vértice_43,Vértice_44,Vértice_45,Vértice_46,Vértice_47,Vértice_48,Vértice_49,Vértice_50,Vértice_51,Vértice_52,Vértice_53,Vértice_54,Vértice_55,Vértice_56,Vértice_57,Vértice_58,Vértice_59,Vértice_60,Vértice_61,Vértice_62,Vértice_63,Vértice_64,Vértice_65,Vértice_66,Vértice_67,Vértice_68,Vértice_69,Vértice_70,Vértice_71,Vértice_72,Vértice_73,Vértice_74,Vértice_75,Vértice_76,Vértice_77,Vértice_78,Vértice_79,Vértice_80,Vértice_81,Vértice_82,Vértice_83,Vértice_84,Vértice_85,Vértice_86,Vértice_87,Vértice_88,Vértice_89,Vértice_90,Vértice_91,Vértice_92,Vértice_93,Vértice_94,Vértice_95,Vértice_96,Vértice_97,Vértice_98,Vértice_99,Vértice_100,Conjuntos
0.0,149.3995,126.57414,165.10978,151.54025,137.84252,141.78957,120.46233,179.2207,144.22316,104.72395,159.73242,133.3839,139.9765,161.51123,145.93783,108.95253,140.28238,152.27435,134.99976,149.41175,137.82296,142.17849,150.15714,163.67487,141.97776,113.60609,158.6025,118.87903,159.3083,131.34,165.57057,139.05352,166.97167,124.52066,157.4477,159.98804,151.96689,157.75482,163.27757,162.95343,146.06769,160.93377,138.80376,159.53142,138.72562,116.58697,125.15259,141.46902,135.01636,144.32993,154.51333,137.74359,119.5434,160.76597,149.09512,148.35645,147.81446,133.68078,174.63311,149.70591,131.11071,143.65587,161.98133,144.33789,129.29003,133.75578,146.26232,123.11539,152.2151,116.89958,117.75692,146.91455,145.56115,139.49428,123.57394,148.2174,116.70127,136.88693,120.32647,167.97821,149.73003,126.89814,128.72895,141.08058,124.78638,132.4808,177.32327,165.88989,143.4934,174.87755,135.33813,151.93179,159.8018,112.94506,133.74818,158.26821,130.33651,143.23999,140.5358,1
149.3995,0.0,170.41121,182.2998,134.8565,133.13681,176.0225,169.73459,132.89369,105.74947,153.48061,149.4396,174.7252,188.8157,144.54009,144.84825,157.62536,179.68128,128.18993,183.73143,116.8463,150.89334,168.76167,112.00263,127.41322,176.94453,161.12593,109.28905,146.83576,120.32633,118.09087,116.96674,143.93356,141.78534,154.07776,108.93491,116.84767,179.54978,112.18239,167.91941,177.36553,137.71545,115.51409,150.48263,167.05114,167.50871,163.81923,155.80589,120.35202,140.01372,192.70666,131.09479,134.45889,165.74024,182.61531,132.58837,117.01807,134.0526,133.82091,126.39375,143.17642,124.59931,110.66974,113.35008,111.0039,127.87209,152.17844,157.39055,127.67542,129.2352,165.46982,154.0162,155.56131,126.26066,188.8878,126.2898,176.27879,151.44693,143.24902,169.63343,158.83855,161.59145,133.95141,172.55956,134.1365,157.97049,134.08134,138.79227,174.99819,158.24333,131.1763,116.01135,134.25019,139.36869,145.23048,182.50438,134.32348,129.72378,111.01935,153.4052,1
126.57414,170.41121,0.0,149.04909,159.32661,164.373,119.44311,122.03093,195.61932,166.12159,126.00358,186.18938,145.6106,123.06417,166.09003,147.89372,125.2211,114.5522,163.2199,118.68649,164.92543,135.28354,126.18516,173.95089,176.76104,118.9922,113.57474,179.63277,144.42745,183.78191,152.95672,187.33526,165.29359,174.22962,120.2133,177.11199,176.73925,131.95066,180.60887,155.33521,149.06865,172.64182,183.99218,164.19375,150.85844,122.49988,110.9548,147.8658,156.29857,140.22375,140.18109,164.36765,145.97393,131.70742,142.653,157.81836,163.82535,174.31242,160.23014,192.87215,152.98716,147.1504,167.12954,183.69734,167.94463,155.25276,158.47134,170.93609,147.8157,162.68966,125.37848,116.76405,142.22995,171.59127,129.21884,147.40969,128.826,140.6692,163.14296,121.61834,194.18695,141.61505,153.40933,102.22596,167.62857,116.1498,142.06522,189.36417,154.60995,167.67229,189.98136,154.59609,160.04723,186.29143,125.19845,117.93409,167.17146,143.45851,166.76529,136.36198,1
165.10978,182.2998,149.04909,0.0,151.25201,195.01404,130.57802,170.51194,191.58048,181.15954,167.64763,218.63684,193.49734,167.82752,148.64843,137.95585,169.28681,139.04799,158.69946,165.17818,167.87787,132.67955,123.61685,191.69274,170.8558,131.52316,158.35763,189.23839,183.26688,201.78857,171.90582,197.119,200.61562,158.28784,140.66694,184.28305,177.9852,118.27771,194.48153,120.01966,105.66344,203.7492,197.77181,202.35549,117.68667,127.40256,157.25747,190.25355,161.99416,142.98103,188.36637,157.34506,147.9023,178.71184,107.69584,152.25535,167.14803,203.32393,191.73423,193.34703,141.1413,159.99073,185.56751,194.06676,186.52191,183.76892,198.19741,210.38179,174.70846,157.58771,172.64904,147.42702,126.74304,197.5341,176.44684,172.66722,120.52235,181.80532,198.54279,170.09721,228.07075,120.71606,185.38603,148.6924,198.1825,140.56756,149.35833,177.90802,112.66198,208.05099,184.45733,168.65984,152.14758,214.00954,153.88534,164.91718,157.13515,154.62015,185.42233,129.72763,2
151.54025,134.8565,159.32661,151.25201,0.0,159.78633,155.65338,169.63792,141.17028,136.05531,156.21393,181.03157,184.50199,181.97875,111.30551,114.38383,160.22822,162.42952,107.54704,177.14985,118.25753,126.41557,145.24588,146.30785,120.23317,156.88522,156.69215,139.73259,161.03264,155.17113,133.47035,147.10332,169.1109,115.54746,139.12116,134.28496,126.85804,154.11292,146.40679,134.1686,145.7882,167.12721,149.31727,173.90064,134.26596,145.79725,158.23398,170.70908,116.61422,119.12396,193.89579,106.25779,114.09961,171.08009,153.59706,102.86078,117.89666,164.78583,158.24065,142.14541,110.15187,123.30826,141.92174,144.46144,142.75935,149.67886,172.73586,182.06534,142.73431,106.40393,167.70674,143.82982,125.93249,157.35634,185.90799,140.06339,151.78527,163.17333,167.59429,169.35393,190.79464,131.75428,154.34562,160.92002,162.13736,143.28233,119.18038,130.69864,141.85338,181.43814,134.29901,127.28953,100.91994,172.74445,140.01446,176.1432,107.9013,121.61326,141.97969,127.3281,1
137.84252,133.13681,164.373,195.01404,159.78633,0.0,177.71701,153.4091,165.22869,128.06439,139.43085,123.63407,148.627,175.31068,171.00134,163.48832,142.11388,177.63503,155.52215,170.76491,145.84979,162.74853,174.99529,124.58743,159.49997,178.16165,151.35526,138.81169,123.2214,128.71388,126.41679,142.00236,110.81392,171.32688,156.65113,141.55385,149.86585,185.86422,132.92578,186.39891,191.3476,108.7969,134.67068,117.60913,183.97651,172.26169,154.31649,128.49964,143.30029,153.93931,171.56813,158.64041,151.64835,145.18532,192.63184,156.95796,145.36921,110.00693,104.20595,157.67493,164.41037,138.13423,122.47755,139.37874,122.24943,111.28781,120.71591,124.25979,120.31352,156.22835,147.9536,152.31246,170.65427,110.73788,171.85098,122.48683,182.10666,128.69246,110.39118,153.50471,133.09436,175.66546,110.9674,166.54714,103.31378,158.88997,147.87049,171.75518,191.6821,125.22468,164.24208,132.50817,159.56838,121.98214,143.24438,169.53541,162.58982,142.55352,122.11829,165.8201,1
141.78957,176.0225,119.44311,130.57802,155.65338,177.71701,0.0,141.47072,195.74193,172.8585,142.77591,200.74016,165.02435,137.40894,159.29434,141.82474,143.12143,108.96697,161.39793,134.60313,166.3947,129.24092,111.45872,182.19744,175.30871,101.31493,131.27664,184.70831,160.63963,192.47962,160.60743,192.77447,180.58607,168.61666,122.30016,181.06448,178.2151,112.68549,187.49345,141.02148,131.66335,186.39911,190.95799,180.58806,136.53854,109.87731,129.3591,165.61079,158.2489,138.47571,157.81076,161.60514,144.93299,150.87573,123.63281,155.03762,165.37196,187.25811,173.8081,194.71656,146.96119,151.4266,175.37983,189.24777,176.29207,167.34625,175.37248,187.91754,158.77701,160.57857,144.56928,125.40459,132.34833,183.1939,145.87093,157.58131,110.07714,157.75409,178.41885,141.05753,209.39599,129.17481,166.94771,118.62184,181.03069,119.09455,142.94038,186.29191,138.28292,184.95469,189.302,160.15034,156.52096,198.98863,134.65187,134.34134,163.40748,146.45541,175.09269,128.58418,1
120.46233,169.73459,122.03093,170.51194,169.63792,153.4091,141.47072,0.0,199.61764,164.44323,116.26038,172.05743,123.61419,122.01172,178.62433,161.46263,112.23326,135.79412,171.40751,117.82998,169.55547,150.67023,147.06822,169.60819,183.49824,141.01541,113.75379,178.88021,130.43126,178.15925,151.73334,185.64618,150.98983,185.18281,134.65041,177.88306,180.36034,153.90223,177.54466,174.17653,169.95332,160.41267,180.60473,147.98601,169.89691,143.26365,113.66701,129.97095,161.37818,151.4287,124.36923,173.3629,155.54108,110.8779,164.44859,167.45762,168.48182,163.24368,149.26118,195.09524,165.96479,151.05454,163.37751,182.09416,163.98514,147.26553,141.63556,153.35705,142.75587,171.20899,105.57539,127.62522,159.13599,162.73543,119.28384,143.61695,150.65303,125.24029,149.01652,100.4157,178.78403,160.11395,143.27554,123.09979,156.30925,132.25819,150.5232,197.02829,174.74111,149.66364,195.12438,155.78368,170.15477,174.9467,129.6649,116.67978,176.88642,149.48247,162.94533,152.68982,1
179.2207,132.89369,195.61932,191.58048,141.17028,165.22869,195.74193,199.61764,0.0,138.59818,183.70514,177.02341,207.16276,216.54953,143.44536,155.5336,187.98313,201.59933,134.51507,211.46775,130.74337,166.7955,185.95433,141.02994,120.94783,196.90409,189.05675,126.53652,179.45511,142.31778,148.8564,126.26463,176.00464,134.68739,176.40777,123.99128,119.27701,195.22139,133.8053,172.81124,185.96826,168.20299,133.78305,182.81392,174.02259,186.05832,191.37661,188.61122,139.36287,157.35773,223.47321,134.91545,150.93619,197.12672,194.56515,141.09647,131.84755,163.86001,166.42027,108.6112,151.17371,149.12489,143.07644,127.2887,143.13638,160.76332,184.93767,189.18689,159.67232,135.43984,195.9811,178.91168,167.09298,156.61059,218.19352,157.83405,192.76442,183.81231,175.56517,199.45119,185.2768,172.8384,166.84308,197.54948,165.65449,180.68154,153.86536,117.04581,180.88241,190.44678,107.17424,143.9306,140.25106,165.06292,171.81919,210.30826,134.48713,152.19961,143.48667,168.15624,2
144.22316,105.74947,166.12159,181.15954,136.05531,128.06439,172.8585,164.44323,138.59818,0.0,148.18372,145.95991,168.98862,183.89006,146.44921,144.45569,152.27933,176.01369,130.09474,178.82473,119.11718,149.08719,166.23999,110.63575,131.60775,173.71883,156.30439,114.46076,141.08984,120.63591,113.22789,121.43872,138.78617,144.81125,150.67687,114.67748,121.85195,177.18117,114.67887,167.89006,176.43601,133.36224,118.13551,145.17816,166.64633,164.71646,159.06163,150.06241,120.15985,138.32126,187.20282,133.15802,133.33382,160.16497,180.95023,133.53134,118.95992,130.08159,128.4287,132.13572,143.44282,121.86877,106.18939,117.81493,106.88447,122.17259,146.63119,152.30121,122.08517,131.03423,160.06415,149.99625,154.55739,122.29989,183.65581,120.85579,173.78828,145.72601,137.98051,164.35575,155.56494,160.47209,128.25176,168.29895,129.3599,154.40513,132.0934,143.69501,174.63084,152.97582,136.62423,112.8986,135.5667,136.79329,140.93696,177.58902,136.73692,127.24826,106.38843,151.77533,1
104.72395,153.48061,126.00358,167.64763,156.21393,139.43085,142.77591,116.26038,183.70514,148.18372,0.0,160.37329,129.00439,136.75676,166.10169,150.27812,104.29004,140.27375,156.99817,131.91498,154.04202,141.63033,144.35198,153.57896,168.36111,142.82073,112.44458,162.6199,118.42387,162.42177,135.50817,169.41257,139.35814,171.66374,127.46538,161.67937,164.50281,153.63212,161.39251,166.8954,165.80568,147.27857,164.49857,138.24969,163.02865,140.75364,115.25995,122.95919,146.15479,139.44283,139.7769,159.23215,142.36764,114.87203,162.90605,153.78651,152.99276,149.43599,135.226,178.96295,154.1675,135.80078,147.2361,165.85178,147.87105,131.85044,132.71277,145.25064,126.59797,156.93715,112.29014,120.29607,150.68189,147.86495,135.49375,127.36815,149.9419,114.98551,137.22032,116.17306,168.20905,153.16272,128.68124,128.0314,142.57077,127.08292,137.11821,182.01924,169.13014,142.19563,179.45781,139.78233,156.61549,161.38935,117.1239,130.66324,162.97924,135.05602,146.80907,144.2344,1
159.73242,149.4396,186.18938,218.63684,181.03157,123.63407,200.74016,172.05743,177.02341,145.95991,160.37329,0.0,160.48164,193.95639,191.93056,186.31073,162.20375,199.99877,175.7867,189.88003,165.05879,186.29388,198.5125,137.8002,176.82966,201.10723,172.75844,151.42574,142.22407,134.78442,148.68958,150.92443,121.15818,190.77032,180.09853,155.97105,165.79551,209.31449,143.41127,209.52478,214.92032,114.89301,143.25543,124.74936,207.28032,195.69541,175.62527,142.8499,164.43687,177.20611,185.79146,178.89619,174.42346,162.22991,216.24809,178.29959,164.83939,116.26032,127.15033,168.5655,186.75091,160.8639,139.77581,149.76735,139.09107,134.87034,131.22898,123.27209,143.92838,176.64773,166.48638,175.40048,194.03478,123.76313,188.8182,146.02041,205.5443,146.95991,123.23375,172.244,109.78848,199.16594,133.89181,188.2896,120.45721,182.14235,171.00421,187.3418,215.05918,127.06025,178.04762,154.0756,180.68155,112.45492,166.57536,188.71199,182.60345,165.61731,139.6108,189.35755,2
133.3839,174.7252,145.6106,193.49734,184.50199,148.627,165.02435,123.61419,207.16276,168.98862,129.00439,160.48164,0.0,139.77745,194.76528,179.27588,125.71365,159.34983,184.42059,137.60608,179.63338,170.34117,169.89687,170.71073,194.4697,164.60279,135.22785,182.96285,127.95128,176.98896,158.55023,188.23387,141.70585,199.73342,155.26013,183.59566,188.65807,177.34826,179.28948,195.20828,192.5078,152.78988,181.74129,136.0445,191.15331,166.09999,136.25482,120.15291,172.63474,168.39579,125.63279,186.91637,170.9581,114.99764,187.72905,181.93676,178.67829,156.86332,145.26309,201.11833,183.08936,162.60693,165.85579,185.03401,166.16049,147.58108,129.88532,138.11819,147.51456,184.51252,120.85285,147.88619,179.2979,159.31302,131.68663,149.49797,174.00557,123.35073,140.38339,124.02182,164.89148,181.2524,141.81579,146.71353,150.55428,153.81612,165.67542,208.16058,196.69604,134.10003,203.99095,164.26415,184.82301,166.9863,146.12825,136.83829,190.82261,162.95733,165.40458,172.80071,2
139.9765,188.8157,123.06417,167.82752,181.97875,175.31068,137.40894,122.01172,216.54953,183.89006,136.75676,193.95639,139.77745,0.0,189.10202,170.93078,133.39439,128.78362,185.37535,105.10338,185.84856,158.34574,147.20142,190.13082,198.58351,136.3675,127.7506,198.09518,152.43486,199.15557,170.75773,205.32062,172.94808,197.07941,143.06156,196.37834,197.36595,149.58838,197.68999,177.23947,169.05775,182.41928,200.89468,169.6541,172.71433,143.9097,125.22896,151.45304,177.28084,162.86172,122.13744,186.75402,168.30364,131.89334,160.54889,180.30735,184.74521,185.1935,171.13946,212.99424,175.9981,167.44633,183.62208,201.70375,184.31164,168.56848,163.21739,174.47374,163.08449,184.93419,127.57365,138.33667,165.08093,184.38542,109.86608,163.50173,147.45792,147.24677,170.99574,121.87376,200.41673,163.9499,164.9775,121.95919,178.25736,139.1394,163.99797,211.55113,175.45866,170.63396,211.33129,173.75233,182.66175,196.93769,144.7365,106.31371,189.75088,164.55437,183.20875,159.35924,2
161.51123,144.54009,166.09003,148.64843,111.30551,171.00134,159.29434,178.62433,143.44536,146.44921,166.10169,191.93056,194.76528,189.10202,0.0,118.2281,169.96507,166.98067,116.39793,184.47223,127.70194,131.14533,148.11729,156.34636,123.63019,160.58963,165.25912,148.06549,172.04521,164.61234,144.74426,154.7608,180.40287,109.80377,146.09325,142.39645,133.45117,155.31633,155.42717,129.40364,142.98798,178.2105,158.0597,185.20409,130.96281,149.51267,166.47636,181.66165,127.72019,127.19745,202.60767,113.44605,123.80797,180.95305,152.51743,114.1662,127.63077,175.72236,169.5218,146.5092,113.1043,134.51536,152.47912,152.56261,153.27372,160.97471,183.98458,193.37085,154.01065,115.4198,177.16731,151.78366,127.18579,168.19,193.88072,151.33846,153.65857,173.96016,178.8954,178.31332,201.66448,131.88062,165.64714,167.443,173.29436,149.96402,129.09138,129.28756,137.48837,192.73236,136.27116,138.49366,111.44186,183.24246,149.37712,183.55107,110.6867,132.35302,152.57499,130.94503,1
145.93783,144.84825,147.89372,137.95585,114.38383,163.48832,141.82474,161.46263,155.5336,144.45569,150.27812,186.31073,179.27588,170.93078,118.2281,0.0,153.82558,149.10589,121.29673,166.34934,129.92256,112.98918,131.08274,155.09067,134.61067,143.09018,147.85417,151.35852,159.27334,164.83735,137.65032,159.18692,171.43594,126.96508,128.02677,146.33541,140.28658,139.73021,156.96982,123.54319,132.75374,171.68212,160.17197,175.10348,122.22772,131.95075,148.82638,168.4074,124.53056,111.07619,185.08875,120.62384,111.88731,164.8842,139.57972,114.66142,129.20307,170.19991,161.08619,156.14572,105.2168,125.45108,149.54664,156.18533,150.47568,152.45042,172.71836,183.43502,144.08074,120.26234,160.54428,134.11046,111.69986,163.42385,175.95877,141.53238,137.44622,160.18398,169.63531,161.12855,196.06829,117.70346,155.91442,149.22197,166.29319,131.79742,115.91777,144.58685,130.20084,182.12774,148.68258,132.89359,115.29935,179.64681,133.16546,165.45207,121.77792,121.00608,149.48319,113.24714,1
108.95253,157.62536,125.2211,169.28681,160.22822,142.11388,143.12143,112.23326,187.98313,152.27933,104.29004,162.20375,125.71365,133.39439,169.96507,153.82558,0.0,139.74291,161.17278,128.7064,158.32833,144.62898,145.77187,157.38866,172.62587,143.03517,111.89782,166.73055,119.9797,166.03327,139.7027,173.43314,141.06049,175.71309,129.78992,165.88182,168.78703,154.51313,165.31144,169.61287,167.75638,149.62717,168.37389,139.23523,165.63148,142.0726,114.26844,122.67582,150.41961,143.11849,135.49318,163.36765,146.30455,111.05973,164.18353,157.84034,157.27788,152.07765,137.91649,183.19751,157.85955,140.0622,151.14425,169.8892,151.75281,135.23932,133.33635,145.74644,130.52492,161.09172,108.00223,122.44411,153.60119,150.9934,131.51708,131.43145,150.90252,115.61058,138.97009,112.19079,169.66756,155.73313,131.61144,127.07881,145.15898,128.84337,141.08344,186.2758,171.45575,142.45198,183.74778,144.05628,160.65069,163.95443,120.70209,127.4669,167.08352,139.20294,150.7121,147.1106,1
140.28238,179.68128,114.5522,139.04799,162.42952,177.63503,108.96697,135.79412,201.59933,176.01369,140.27375,199.99877,159.34983,128.78362,166.98067,149.10589,139.74291,0.0,167.65752,126.40298,171.57596,136.19294,120.06552,184.75019,181.57034,107.77503,127.96812,188.64987,158.64922,194.88077,163.23579,196.6129,179.30454,176.06322,125.76132,185.43211,183.49576,120.80676,190.68772,149.94609,140.48962,186.11013,194.13603,178.52343,145.4504,117.68522,125.47819,162.40568,163.15807,144.31353,149.78781,168.16605,150.68451,145.98008,131.78408,161.52973,170.5145,187.4476,173.56991,199.9628,154.31088,155.33279,177.88314,193.02074,178.75781,167.89378,172.90362,185.39956,159.8265,166.92259,139.6726,126.38241,140.45868,184.10288,137.62929,159.00449,118.79216,155.09879,177.14162,135.39595,208.23349,137.77684,166.69138,112.91101,180.9304,121.72475,147.96459,193.1233,147.22367,182.17873,195.39659,163.67139,163.2625,199.36123,135.87073,126.29737,170.29082,150.76393,177.55851,136.03985,1
152.27435,128.18993,163.2199,158.69946,107.54704,155.52215,161.39793,171.40751,134.51507,130.09474,156.99817,175.7867,184.42059,185.37535,116.39793,121.29673,161.17278,167.65752,0.0,180.42567,111.34605,132.30827,151.44492,139.95198,113.92603,162.58722,159.07195,132.41246,159.48665,148.37334,129.85201,139.64864,165.35941,116.1345,143.24995,126.88657,119.32692,160.78271,139.36658,141.69783,153.26871,162.34817,142.16313,170.62889,141.80314,151.64091,160.91096,169.26028,112.66377,123.41286,195.77629,103.12739,117.27599,171.71118,160.81955,106.64791,111.23355,159.64493,154.42313,134.86123,117.55855,121.86481,136.17101,137.09215,136.94559,146.10667,170.08682,178.61383,140.14404,101.15088,168.93069,147.04106,132.98949,152.02374,188.55999,137.53186,158.26326,162.22394,164.00382,171.15664,185.48347,138.93435,151.25488,164.96531,157.6166,147.51444,121.39466,126.18149,149.40015,178.32535,127.91505,123.33107,106.71207,166.87863,141.84646,179.35786,107.10723,121.99242,136.28499,133.64712,1
134.99976,183.73143,118.68649,165.17818,177.14985,170.76491,134.60313,117.82998,211.46775,178.82473,131.91498,189.88003,137.60608,105.10338,184.47223,166.34934,128.7064,126.40298,180.42567,0.0,180.77572,153.89661,143.75527,185.15479,193.57749,133.66637,122.64987,193.0129,148.07218,194.24807,165.68064,200.25888,168.79244,192.32204,138.38265,191.27783,192.27661,147.0863,192.66759,173.57946,166.05567,178.03698,195.88491,165.78789,169.06733,140.31389,120.12866,147.68927,172.21589,158.05087,123.39727,181.8487,163.4047,128.22842,158.09334,175.43215,179.67271,180.69085,166.57836,207.89212,171.37575,162.35788,178.61878,196.63945,179.31662,163.76214,159.40712,170.94167,158.11514,180.00096,123.39496,133.41139,160.90464,179.67699,111.26892,158.48653,144.67567,142.99762,166.80214,117.63631,196.58581,160.07513,160.31756,117.86195,173.75823,134.56214,159.03672,206.59223,172.19692,167.16939,206.27531,168.64974,177.82012,192.49721,139.65018,101.25353,184.89308,159.5077,178.20778,155.04326,2
149.41175,116.8463,164.92543,167.87787,118.25753,145.84979,166.3947,169.55547,130.74337,119.11718,154.04202,165.05879,179.63338,185.84856,127.70194,129.92256,158.32833,171.57596,111.34605,180.77572,0.0,138.54492,157.53196,128.66613,114.91403,167.4804,158.47139,121.6391,153.1309,137.04522,121.89846,129.30657,156.13235,125.75542,146.03458,116.42987,111.92783,167.68992,128.15399,152.0713,162.65218,152.08406,131.06647,161.89011,151.68115,157.04311,160.72038,162.83432,108.62839,128.09187,193.71643,114.26329,121.71104,168.15402,169.1537,116.26841,101.10437,149.07367,145.27159,128.39189,127.33953,118.56865,125.28742,126.43317,126.00139,137.43443,162.10142,169.59401,133.01812,112.40396,166.30852,148.19239,141.36083,141.34154,187.78932,130.63244,164.78671,156.62329,154.97534,169.36036,174.68057,147.45328,143.05999,166.88214,147.64837,150.27455,123.61421,128.54211,159.49787,169.69276,125.61996,115.56216,117.58092,155.76267,141.15175,179.62582,117.65754,121.47235,125.44807,140.54489,1
137.82296,150.89334,135.28354,132.67955,126.41557,162.74853,129.24092,150.67023,166.7955,149.08719,141.63033,186.29388,170.34117,158.34574,131.14533,112.98918,144.62898,136.19294,132.30827,153.89661,138.54492,0.0,119.18787,159.4567,146.16595,130.46987,136.91646,158.68149,153.83556,169.68703,139.24617,166.76049,169.13341,139.93677,116.14279,154.29695,150.00167,129.15158,162.99462,125.58402,128.64253,171.40489,166.38647,171.67552,122.16143,119.39954,137.43734,162.13919,131.19871,110.88239,173.58272,132.3789,116.90045,155.50647,131.86427,125.84765,137.61389,170.77142,159.67924,166.38368,118.20506,127.49101,153.13822,163.44713,154.09408,151.46217,168.28862,179.92309,142.46199,131.44076,150.52688,123.06402,109.09766,164.86514,163.87082,140.27791,126.27049,153.63033,167.14161,150.30698,195.84139,112.99136,153.6269,136.48736,165.84956,119.43159,116.99532,157.0825,129.33538,178.04918,160.21523,136.33486,127.28068,181.342,124.98648,153.05701,134.20093,122.07149,152.96828,103.08102,1
142.17849,168.76167,126.18516,123.61685,145.24588,174.99529,111.45872,147.06822,185.95433,166.23999,144.35198,198.5125,169.89687,147.20142,148.11729,131.08274,145.77187,120.06552,151.44492,143.75527,157.53196,119.18787,0.0,176.15566,165.24294,112.77328,134.74082,177.01791,160.77883,186.49091,154.88993,185.12335,179.33638,157.57511,118.4904,172.93341,169.1181,111.08007,180.6299,130.14026,122.95286,183.78979,184.0763,180.34785,125.61494,103.80702,133.68389,167.17885,149.82527,129.47033,166.26208,151.35185,135.82177,155.09513,118.59067,144.91742,156.56597,184.03498,171.36254,185.5383,136.10342,144.38902,169.50187,181.70263,170.44428,164.05717,175.75703,188.14791,155.09777,150.5485,149.04486,124.43524,121.01159,179.13804,154.85643,153.46781,107.54987,158.84292,177.20385,146.65541,207.61262,117.7417,164.68649,126.2394,178.27163,117.39235,134.7957,175.66932,128.50071,185.56898,179.31906,153.34506,146.13862,195.38559,132.11928,143.27603,152.84167,139.08506,169.26493,117.91807,1
150.15714,112.00263,173.95089,191.69274,146.30785,124.58743,182.19744,169.60819,141.02994,110.63575,153.57896,137.8002,170.71073,190.13082,156.34636,155.09067,157.38866,184.75019,139.95198,185.15479,128.66613,159.4567,176.15566,0.0,139.12057,182.99008,163.08546,114.49798,143.00429,110.33622,121.60002,117.67485,135.20076,153.78698,159.90351,118.30541,127.99573,187.16954,108.60457,178.51214,187.01724,127.25532,111.15112,142.16199,177.2816,174.43162,165.96915,150.85711,130.73991,148.77282,191.10975,142.9242,143.93264,163.88318,191.31001,143.87939,128.71924,123.10584,126.50003,133.20264,154.00656,132.02942,106.86765,114.82465,106.01263,123.30776,145.03655,148.20136,127.04716,140.95945,164.77404,158.43477,165.14262,115.61431,188.87938,126.79134,183.70189,148.20139,134.97526,169.57776,147.03859,171.02882,128.89699,176.16382,124.6876,163.41181,142.47429,149.6536,185.26627,149.63705,140.88024,123.12204,145.76439,127.38654,149.06925,183.90379,146.25801,137.45746,107.20386,162.20325,1
163.67487,127.41322,176.76104,170.8558,120.23317,159.49997,175.30871,183.49824,120.94783,131.60775,168.36111,176.82966,194.4697,198.58351,123.63019,134.61067,172.62587,181.57034,113.92603,193.57749,114.91403,146.16595,165.24294,139.12057,0.0,176.50281,171.75507,127.36293,168.04118,145.21323,136.74603,132.69175,170.06329,116.69586,156.96496,121.81939,111.65021,174.32805,135.55774,152.52804,165.27921,164.9209,137.49601,176.1153,153.42053,165.5326,173.78397,177.73545,122.20647,137.2862,207.80328,113.98739,131.0324,182.70961,173.65388,120.32839,115.81747,161.42084,159.361,122.90547,130.23001,132.56433,137.64531,131.19502,138.16126,151.8885,176.68529,183.59082,147.90812,114.73223,180.55307,160.34646,146.14635,153.61437,201.25514,145.5418,171.93688,171.52131,169.06098,183.27793,186.15462,151.89661,157.66442,178.56588,160.95159,161.24336,134.70671,113.71236,160.53562,183.94068,114.09058,130.47272,119.3151,166.39991,154.37197,192.47599,113.75118,134.23783,137.91215,147.37099,1
141.97776,176.94453,118.9922,131.52316,156.88522,178.16165,101.31493,141.01541,196.90409,173.71883,142.82073,201.10723,164.60279,136.3675,160.58963,143.09018,143.03517,107.77503,162.58722,133.66637,167.4804,130.46987,112.77328,182.99008,176.50281,0.0,131.15784,185.66726,160.79449,193.25881,161.3927,193.72492,180.8642,169.89978,123.08947,182.06964,179.31626,113.46908,188.36665,142.28076,132.75362,186.82136,191.8308,180.75215,137.80397,111.13956,129.14359,165.58938,159.30046,139.60706,156.93253,162.82109,146.06254,150.56719,124.46489,156.24499,166.45304,187.74662,174.22789,195.81927,148.23348,152.3574,176.16206,190.18937,177.07025,167.86745,175.47225,188.01919,159.35571,161.77514,144.24867,125.87099,133.65783,183.77648,144.93479,158.20802,111.0916,157.80606,178.6959,140.60378,209.70721,130.48601,167.35828,118.03944,181.47533,119.73927,143.98941,187.53533,139.44867,185.01548,190.48452,161.0445,157.75027,199.50832,135.20001,133.43854,164.65036,147.42726,175.87005,129.8544,1
113.60609,161.12593,113.57474,158.35763,156.69215,151.35526,131.27664,113.75379,189.05675,156.30439,112.44458,172.75844,135.22785,127.7506,165.25912,147.85417,111.89782,127.96812,159.07195,122.64987,158.47139,136.91646,134.74082,163.08546,171.75507,131.15784,0.0,170.41289,130.86338,172.51621,143.11464,177.74179,151.78738,172.18566,120.92377,168.62798,169.81422,142.90449,170.3425,160.65513,157.28043,159.43955,173.61824,150.62209,156.44021,130.96282,102.98131,134.54987,150.00018,138.09183,137.34924,160.80324,142.62218,120.35641,152.86956,154.66379,157.37343,161.34812,147.17253,185.29105,152.4599,139.94329,156.42017,174.11283,157.16124,142.8625,144.93893,157.43152,136.22514,158.76987,114.4108,113.87911,145.41685,159.15739,129.51421,136.2964,139.36777,127.13288,149.64427,113.39193,180.6523,146.59643,140.44515,115.58688,154.56479,118.79012,137.81228,185.05355,161.61588,154.23059,184.06545,146.00502,157.26444,173.33392,117.39218,121.44016,164.15367,137.51804,156.023,138.95604,1
158.6025,109.28905,179.63277,189.23839,139.73259,138.81169,184.70831,178.88021,126.53652,114.46076,162.6199,151.42574,182.96285,198.09518,148.06549,151.35852,166.73055,188.64987,132.41246,193.0129,121.6391,158.68149,177.01791,114.49798,127.36293,185.66726,170.41289,0.0,155.01164,117.97928,127.34829,108.10546,149.5422,143.48819,162.95911,105.70382,115.71314,187.64602,108.33955,173.7065,184.10828,141.72297,110.17576,156.42036,173.28867,175.96841,173.10826,163.6147,127.52634,147.83436,201.64629,134.91035,141.89993,174.57053,190.07694,137.88926,122.2305,137.47049,140.28068,118.88122,148.9759,133.35942,117.25059,104.82851,117.11238,135.53027,158.88543,162.66051,136.5098,133.54813,174.52454,163.1698,162.55714,130.10009,198.07098,135.3149,184.48353,159.8449,149.18787,178.78778,160.23996,168.64562,141.52494,181.77202,139.12969,166.92516,142.22225,136.10053,181.12732,163.99113,126.65084,125.09256,138.99213,140.07007,154.47159,191.78473,137.41659,138.25831,117.69293,161.01672,1
118.87903,146.83576,144.42745,183.26688,161.03264,123.2214,160.63963,130.43126,179.45511,141.08984,118.42387,142.22407,127.95128,152.43486,172.04521,159.27334,119.9797,158.64922,159.48665,148.07218,153.1309,153.83556,160.77883,143.00429,168.04118,160.79449,130.86338,155.01164,0.0,150.03291,131.40722,160.39404,121.08632,175.43607,142.64139,155.7363,161.28618,170.78224,151.52932,179.34647,180.69762,129.98479,154.11846,119.96005,175.98857,157.42741,133.63505,109.77814,147.04771,148.28077,148.75424,162.27827,148.87498,121.99469,179.31675,158.25728,152.26226,132.88983,119.19903,173.22488,161.99538,137.86794,137.92925,157.14298,138.2596,119.72662,114.97934,127.41396,120.19329,159.78363,124.89973,136.37985,162.80538,133.19655,148.63523,122.49941,167.01974,105.49935,118.9905,130.56124,149.8204,166.49182,114.25377,146.44861,125.97431,143.44255,143.81297,181.5821,182.89535,124.81088,176.61884,137.569,161.16742,144.52024,129.49557,146.86836,166.33062,139.75957,137.47744,156.79411,1
159.3083,120.32633,183.78191,201.78857,155.17113,128.71388,192.47962,178.15925,142.31778,120.63591,162.42177,134.78442,176.98896,199.15557,164.61234,164.83735,166.03327,194.88077,148.37334,194.24807,137.04522,169.68703,186.49091,110.33622,145.21323,193.25881,172.51621,117.97928,150.03291,0.0,131.87288,116.14045,138.17719,160.97089,170.18042,123.39464,133.58646,197.50175,109.66654,188.10385,197.03371,128.15974,108.56369,145.26824,187.06414,184.76362,175.44043,156.85251,140.32795,158.94949,198.71794,151.18824,153.92795,171.6281,201.5503,152.91419,137.29629,123.42444,131.74663,133.80799,163.42309,142.31639,117.1003,115.27467,116.18857,130.97563,149.31087,149.92649,136.2916,149.44602,173.10984,168.52242,175.1565,118.04365,197.33239,136.39662,194.03748,155.44318,138.53118,178.16139,142.98312,181.0928,135.80034,186.00267,127.60647,173.64014,152.69284,153.87767,195.03772,152.0895,143.88577,133.37592,154.55143,122.74911,159.09827,192.99457,154.18151,147.73792,117.38879,172.39908,1
131.34,118.09087,152.95672,171.90582,133.47035,126.41679,160.60743,151.73334,148.8564,113.22789,135.50817,148.68958,158.55023,170.75773,144.74426,137.65032,139.7027,163.23579,129.85201,165.68064,121.89846,139.24617,154.88993,121.60002,136.74603,161.3927,143.11464,127.34829,131.40722,131.87288,0.0,134.64078,135.67733,145.95579,138.30935,126.1799,130.11108,165.95425,127.6608,161.01002,167.62901,134.1993,131.06312,140.77884,159.02998,152.99636,145.85239,141.03318,117.25827,129.16962,175.00626,132.90356,125.77194,148.33222,170.79174,130.62382,121.10868,132.54965,124.77886,143.56476,138.13812,112.27821,114.77263,131.00681,115.68828,116.29322,140.41504,148.80166,111.21414,130.4197,147.61902,137.01802,146.0709,125.92289,170.83415,109.05237,162.41225,135.26301,134.22905,151.62054,158.46289,151.60352,121.45002,155.14381,128.95828,141.81919,122.78884,150.20272,166.932,148.47594,145.44074,106.56091,133.30421,142.33375,127.81325,164.44966,136.95437,117.39475,114.49063,142.17835,1
165.57057,116.96674,187.33526,197.119,147.10332,142.00236,192.77447,185.64618,126.26463,121.43872,169.41257,150.92443,188.23387,205.32062,154.7608,159.18692,173.43314,196.6129,139.64864,200.25888,129.30657,166.76049,185.12335,117.67485,132.69175,193.72492,177.74179,108.10546,160.39404,116.14045,134.64078,0.0,152.36329,149.29763,170.96027,112.88336,121.43927,195.74547,109.10506,181.2266,191.93718,143.31887,107.79343,159.4193,180.97271,184.06621,180.49195,168.4802,135.58115,155.92299,207.93269,141.93787,149.95103,180.73547,198.08602,145.42898,129.9862,138.72782,144.14256,117.70169,156.59726,141.38534,122.60525,103.64069,122.17838,140.67412,162.61174,164.91439,142.94819,140.79726,181.09736,170.97973,170.48602,132.1441,204.90594,142.05027,192.58803,165.46323,152.32923,185.57581,159.02533,176.57986,146.439,189.49176,141.69873,174.89277,150.32771,139.07152,188.75699,166.68807,128.49466,132.96384,146.32175,138.83747,162.14064,199.02207,144.07556,146.3363,123.05542,169.07088,2
139.05352,143.93356,165.29359,200.61562,169.1109,110.81392,180.58607,150.98983,176.00464,138.78617,139.35814,121.15818,141.70585,172.94808,180.40287,171.43594,141.06049,179.30454,165.35941,168.79244,156.13235,169.13341,179.33638,135.20076,170.06329,180.8642,151.78738,149.5422,121.08632,138.17719,135.67733,152.36329,0.0,181.3379,160.85042,152.36669,160.62204,189.86504,143.35999,193.70275,197.37503,111.18315,144.84673,107.09978,190.94035,176.27807,154.61698,122.50038,152.89255,161.27054,166.17215,168.45187,159.80321,141.41829,197.5282,166.25582,155.58502,115.6099,110.93635,168.37544,172.8838,146.59555,133.2832,149.89955,133.06322,119.43639,111.93776,113.53227,127.35637,165.99514,145.41455,155.50981,177.52967,120.32234,168.19568,129.91372,186.07941,125.82111,102.16885,151.16475,128.92923,182.12354,115.59723,167.36077,110.68136,162.44165,155.55447,182.47687,198.42116,114.44894,175.05427,142.07615,168.969,125.32206,147.22214,167.61494,172.46213,150.4555,132.91918,172.21039,1
166.97167,141.78534,174.22962,158.28784,115.54746,171.32688,168.61666,185.18281,134.68739,144.81125,171.66374,190.77032,199.73342,197.07941,109.80377,126.96508,175.71309,176.06322,116.1345,192.32204,125.75542,139.93677,157.57511,153.78698,116.69586,169.89978,172.18566,143.48819,175.43607,160.97089,145.95579,149.29763,181.3379,0.0,154.04336,137.80871,127.95362,165.05126,151.42903,138.767,152.62443,177.81176,153.66257,186.71561,140.60902,158.77589,173.6639,185.19352,128.79823,134.32251,209.42731,113.18895,129.64178,186.51433,162.30143,117.87724,126.07938,174.82685,170.40623,138.76039,121.7537,137.60842,150.99822,147.5996,151.68079,162.17304,186.22101,194.65629,156.2629,115.69768,183.23432,159.15102,136.78005,167.08394,201.29944,153.64127,163.31124,177.96136,180.03087,184.89758,200.35,141.63968,167.37943,175.71266,173.27479,158.08965,134.71695,119.6391,146.84228,194.43052,127.56846,139.414,115.07012,181.14219,155.56141,191.3458,109.11491,136.7853,151.17479,140.08181,1
124.52066,154.07776,120.2133,140.66694,139.12116,156.65113,122.30016,134.65041,176.40777,150.67687,127.46538,180.09853,155.26013,143.06156,146.09325,128.02677,129.78992,125.76132,143.24995,138.38265,146.03458,116.14279,118.4904,159.90351,156.96496,123.08947,120.92377,162.95911,142.64139,170.18042,138.30935,170.96027,160.85042,154.04336,0.0,159.67205,157.96072,129.21951,165.34316,139.97162,138.43993,165.4342,168.80526,161.99526,135.89371,115.61058,121.30242,149.667,137.52392,120.04459,157.45187,144.25481,125.97527,140.27778,136.79267,137.66892,144.95722,165.85948,152.95254,174.36913,133.0038,129.60694,153.08116,167.38782,153.99246,145.85589,157.60279,169.89288,137.02016,142.66295,134.91228,107.37441,124.49309,161.32387,147.9564,135.60437,125.45652,141.17961,158.72059,134.27811,189.14684,125.99234,146.236,121.80983,159.9431,104.28331,122.54291,169.30767,141.69902,167.44843,170.47257,138.10134,139.84973,177.38067,113.62955,137.45794,146.97856,125.01019,152.79293,118.0397,1
157.4477,108.93491,177.11199,184.28305,134.28496,141.55385,181.06448,177.88306,123.99128,114.67748,161.67937,155.97105,183.59566,196.37834,142.39645,146.33541,165.88182,185.43211,126.88657,191.27783,116.42987,154.29695,172.93341,118.30541,121.81939,182.06964,168.62798,105.70382,155.7363,123.39464,126.1799,112.88336,152.36669,137.80871,159.67205,0.0,110.19854,183.39662,113.73916,168.36832,179.07708,145.38073,115.85967,159.0531,168.08937,172.08596,171.21845,164.73932,123.12793,143.5425,201.15446,129.30656,137.41201,174.32605,185.38761,132.55697,117.13504,141.37137,142.51618,117.55437,143.71604,130.17051,119.1747,110.21458,119.31598,136.79685,160.97836,165.72069,136.35921,128.02981,173.79651,160.46246,157.69653,133.74373,196.91325,134.7998,180.33313,160.28838,151.8028,177.76184,165.01247,163.79219,142.87471,179.20729,142.26761,163.74723,138.23581,131.3783,175.87745,166.7607,122.76106,122.66441,133.52059,144.98111,152.14045,190.06671,131.73568,134.70812,119.57091,156.50319,1
159.98804,116.84767,176.73925,177.9852,126.85804,149.86585,178.2151,180.36034,119.27701,121.85195,164.50281,165.79551,188.65807,197.36595,133.45117,140.28658,168.78703,183.49576,119.32692,192.27661,111.92783,150.00167,169.1181,127.99573,111.65021,179.31626,169.81422,115.71314,161.28618,133.58646,130.11108,121.43927,160.62204,127.95362,157.96072,110.19854,0.0,179.05412,123.92365,160.89763,172.58028,154.53692,125.85646,167.02518,161.12399,168.77886,172.16592,170.7179,120.48557,139.79815,204.27963,121.12393,133.35789,178.11334,179.85601,125.73918,113.00371,150.77023,150.26,116.50344,136.86315,129.91982,127.4784,119.65095,127.84921,143.53761,168.28317,174.12246,141.19475,120.45952,176.78879,159.98428,151.95787,143.01525,198.91709,139.16167,176.27023,165.34868,159.83232,180.19037,174.97249,157.98981,149.54562,178.71861,150.96903,162.19759,135.5312,121.94518,168.6775,174.82663,115.34211,124.79298,125.99636,155.04772,152.6304,191.10892,122.80276,133.29088,127.80565,151.80575,1
151.96689,179.54978,131.95066,118.27771,154.11292,185.86422,112.68549,153.90223,195.22139,177.18117,153.63212,209.31449,177.34826,149.58838,155.31633,139.73021,154.51313,120.80676,160.78271,147.0863,167.68992,129.15158,111.08007,187.16954,174.32805,113.46908,142.90449,187.64602,170.78224,197.50175,165.95425,195.74547,189.86504,165.05126,129.21951,183.39662,179.05412,0.0,191.49395,132.13045,120.35041,194.65054,194.93036,190.55375,127.98159,113.62169,141.30167,176.59079,160.27122,139.85732,170.39078,160.34211,146.04413,162.94974,111.0075,154.15374,166.76417,194.99712,182.17096,195.34121,144.39124,155.31352,180.54005,192.37007,181.4844,175.00227,185.71545,198.19607,166.07995,159.81333,156.69736,134.47592,128.46802,190.18646,158.34805,164.49563,103.78568,168.44167,187.71789,153.48719,218.32352,123.44986,175.44021,131.26444,189.15234,127.45583,145.48608,183.88531,127.69538,195.45832,188.4086,164.28264,155.02721,206.40316,142.76798,146.88774,161.36441,149.96507,180.30794,127.25726,1
157.75482,112.18239,180.60887,194.48153,146.40679,132.92578,187.49345,177.54466,133.8053,114.67887,161.39251,143.41127,179.28948,197.68999,155.42717,156.96982,165.31144,190.68772,139.36658,192.66759,128.15399,162.99462,180.6299,108.60457,135.55774,188.36665,170.3425,108.33955,151.52932,109.66654,127.6608,109.10506,143.35999,151.42903,165.34316,113.73916,123.92365,191.49395,0.0,179.90029,189.53679,134.64207,103.46458,150.39406,179.14398,179.23017,173.1675,159.45949,132.51587,152.12542,199.41685,142.07187,146.63597,172.18954,194.76192,144.30862,128.53344,130.16722,135.03864,125.57467,155.11866,136.26789,114.16769,106.63378,113.59208,131.80672,153.5112,156.07066,134.79835,140.46926,172.83893,164.61953,167.742,123.25695,196.82836,134.19044,188.16682,156.67645,143.27348,177.49538,152.057,173.77379,137.47399,182.79965,132.72231,169.08372,146.10482,144.38732,187.07365,157.73139,134.67803,127.37837,145.73475,131.83933,155.47296,191.42178,144.88917,141.54565,114.60183,165.54351,1
