Vértice_1,Vértice_2,Vértice_3,Vértice_4,Vértice_5,Vértice_6,Vértice_7,Vértice_8,Vértice_9,Vértice_10,Vértice_11,Vértice_12,Vértice_13,Vértice_14,Vértice_15,Vértice_16,Vértice_17,Vértice_18,Vértice_19,Vértice_20,Vértice_21,Vértice_22,Vértice_23,Vértice_24,Vértice_25,Vértice_26,Vértice_27,Vértice_28,Vértice_29,Vértice_30,Vértice_31,Vértice_32,Vértice_33,Vértice_34,Vértice_35,Vértice_36,Vértice_37,Vértice_38,Vértice_39,Vértice_40,Vértice_41,Vértice_42,Vértice_43,Vértice_44,Vértice_45,Vértice_46,Vértice_47,Vértice_48,Vértice_49,Vértice_50,Vértice_51,Vértice_52,Vértice_53,Vértice_54,Vértice_55,Vértice_56,Vértice_57,Vértice_58,Vértice_59,Vértice_60,Vértice_61,Vértice_62,Vértice_63,Vértice_64,Vértice_65,Vértice_66,Vértice_67,Vértice_68,Vértice_69,Vértice_70,Vértice_71,Vértice_72,Vértice_73,Vértice_74,Vértice_75,Vértice_76,Vértice_77,Vértice_78,Vértice_79,Vértice_80,Vértice_81,Vértice_82,Vértice_83,Vértice_84,Vértice_85,Vértice_86,Vértice_87,Vértice_88,Vértice_89,Vértice_90,Vértice_91,Vértice_92,Vértice_93,Vértice_94,Vértice_95,Vértice_96,Vértice_97,Vértice_98,Vértice_99,Vértice_100,Conjuntos
0.0,144.80926,123.99129,117.89553,170.73667,108.88748,117.51602,192.52993,166.08323,144.26017,181.70501,142.85524,184.51935,191.88754,106.63111,128.31977,172.32929,155.5366,188.21604,159.47777,190.07184,141.87699,160.51548,199.08971,152.29149,144.63736,193.91309,172.1335,137.12347,144.11137,166.25705,170.94366,202.97305,152.25608,132.75143,121.04545,125.16036,138.26743,157.45654,158.25993,133.1272,199.48879,127.06372,145.59339,139.17327,135.50155,177.54313,193.79217,120.85617,181.26152,155.47763,167.86659,195.67216,146.05351,130.83463,147.17046,128.17651,186.89031,111.06369,188.30501,153.21835,155.64573,142.15715,120.6508,186.99108,135.4855,187.31791,161.90093,176.00247,115.54454,204.49352,142.68823,131.18925,143.27317,139.78334,125.40878,196.76259,116.78833,119.44819,144.05197,176.05805,173.67455,108.45249,138.93456,189.51438,176.42243,155.07892,110.05209,130.55663,124.43653,161.86747,177.70117,158.97093,189.89291,186.72083,149.67114,131.6317,137.0262,112.66998,161.80819,1
144.80926,0.0,161.00176,147.46779,128.96049,141.10614,132.84501,162.39249,176.72131,153.65996,169.24736,159.23789,172.5876,188.74868,147.72009,128.49586,140.38416,129.89741,188.56664,151.99443,186.71241,104.04131,156.20104,168.22803,110.37267,102.99759,195.60149,151.47693,176.36083,125.19294,179.37281,132.73869,171.57453,170.00188,173.38121,128.38051,119.92608,165.79598,148.79124,143.79206,118.24062,170.05629,129.42078,170.61554,172.10866,149.71511,147.49746,194.04224,132.56834,151.34493,114.80781,149.76781,193.26544,139.13583,161.89303,112.23377,154.90125,180.8876,149.39591,188.61786,180.52799,110.84089,112.04405,161.64264,191.70724,161.22268,152.72615,174.32675,160.76685,132.62036,170.32794,170.84213,139.20859,168.35116,124.17549,125.0873,173.39883,154.23796,133.72245,161.33599,139.86902,145.36586,140.27906,169.42069,184.18534,137.03189,162.99147,143.60389,174.40287,125.2133,124.98782,185.51933,120.70087,166.25273,194.44154,145.02938,173.05436,116.65941,147.53195,169.50521,1
123.99129,161.00176,0.0,113.75725,181.68541,132.87465,140.89311,193.78153,148.98689,133.31198,174.39248,127.73121,176.57937,178.70782,117.48973,151.52389,176.93986,160.29082,173.67399,153.5703,177.16352,157.27984,152.58844,200.23473,165.63548,161.81,178.27898,170.6401,115.3618,149.86096,147.91749,179.40519,204.16629,133.67778,113.01662,132.64629,144.10546,116.98858,152.74916,156.48439,144.45559,199.73157,133.7653,124.2625,115.31617,125.73501,180.36682,178.83436,144.42729,183.54885,174.12732,165.78801,181.82544,144.44247,109.38249,158.82507,112.89269,175.61762,113.50319,173.7731,130.13268,171.40695,161.99854,106.90253,170.50653,116.44288,191.78525,144.50214,170.97475,128.64678,207.37736,120.22717,129.49309,122.34228,146.25079,136.34228,193.71422,107.52977,143.12737,127.88243,182.67072,176.07161,132.41855,115.89251,177.63691,185.08581,141.52918,118.36321,119.38712,146.53931,170.847,160.6168,169.19786,187.66033,168.91159,145.244,113.48711,147.84397,114.00613,146.93631,1
117.89553,147.46779,113.75725,0.0,168.066,125.83128,131.46602,182.43552,148.20349,127.15073,166.69481,124.98511,169.25839,174.80032,112.20903,141.34485,164.42558,147.53758,170.77529,144.7868,173.04966,143.68046,144.92135,188.97148,151.87951,148.42518,176.28277,160.09073,129.05017,136.70693,148.37275,166.09465,192.91121,134.45026,126.65735,119.09538,131.62353,121.81485,143.32735,145.80636,130.69962,188.78993,120.09532,128.73624,125.51598,118.35557,168.39206,176.28828,135.09131,171.7721,160.93903,155.41024,178.42903,133.36292,115.53182,145.08395,110.69256,170.35423,108.52484,170.86688,137.37888,157.75791,149.32777,116.5479,169.21548,118.28591,179.43027,144.00669,162.0319,115.74304,195.58114,126.72137,117.64016,126.32572,132.89579,122.62602,184.06913,108.56404,134.06141,126.15644,169.73003,164.1845,124.98398,123.82913,172.79884,171.77469,137.57485,108.22879,130.86253,135.5364,157.4034,159.84546,155.596,177.60916,168.83665,135.4748,126.81901,134.09571,105.56336,144.13878,1
170.73667,128.96049,181.68541,168.066,0.0,168.70463,161.30726,139.17486,180.61163,162.61077,158.92704,170.35454,161.98218,181.71785,172.08636,157.4211,121.11908,125.95682,183.90863,150.51626,179.81842,130.22922,155.47757,143.77604,119.09351,130.93433,190.91415,139.35952,196.58781,132.79969,184.31793,108.6292,146.4539,179.37765,194.68348,150.85349,147.61701,181.18936,147.76115,140.55103,138.18008,146.46511,147.97185,183.86482,189.29373,162.70908,127.57644,188.59362,161.37004,130.43361,131.09883,140.59647,186.13809,144.49147,179.7033,123.63931,172.24751,173.06647,172.55059,183.92747,193.56849,121.11225,139.36052,184.14359,189.49718,176.63332,127.14514,179.7524,150.33386,156.21515,143.52111,185.70813,153.82879,182.02662,135.72854,146.50804,153.97457,176.16099,162.44269,172.39146,115.42351,128.07838,167.74894,185.71172,176.31327,109.37387,168.23087,166.86203,198.03012,154.01849,111.85039,186.18267,112.49434,147.723,193.8253,148.70761,194.88121,134.39926,169.97954,173.02665,1
108.88748,141.10614,132.87465,125.83128,168.70463,0.0,109.85778,193.94645,173.5688,150.85494,186.23727,150.40016,189.20046,198.0431,115.48499,120.35478,172.90117,156.63639,194.79454,164.11559,196.16837,138.77735,165.72019,200.44358,149.7421,140.38257,200.74382,174.9581,145.68203,145.45088,174.02729,169.98616,204.25481,160.25232,141.13512,122.75304,121.25861,146.89388,161.79622,161.62093,132.93475,201.16712,129.84278,154.14779,148.0574,142.30999,178.67019,200.43546,112.68671,182.50652,150.00369,171.00888,201.98326,149.94529,139.58308,145.69854,136.42117,192.54782,119.84835,194.87982,161.99604,151.73922,136.36289,129.24473,194.10893,143.88902,187.60981,169.51085,179.91809,118.14369,205.12335,151.41975,136.33933,151.79318,141.15798,126.52851,199.64618,125.66,111.16655,151.76019,175.73679,175.05785,101.17068,147.74953,195.31728,175.24363,161.92591,117.61277,137.68331,117.79514,160.96545,185.05678,157.62319,192.60133,194.18759,154.25337,139.84725,136.68953,121.04977,168.8287,1
117.51602,132.84501,140.89311,131.46602,161.30726,109.85778,0.0,189.43694,177.10957,153.38974,185.33001,154.42698,188.44765,199.21131,123.50893,110.80375,167.79023,152.3766,196.62712,163.69129,197.26609,131.07897,165.98872,195.81587,142.21375,131.7244,202.92843,172.18277,154.60053,141.81817,178.08723,163.48559,199.52603,164.92531,150.26738,121.57721,113.99077,153.24704,161.05358,159.71478,128.40369,196.86424,128.86463,160.19248,155.65337,145.43546,174.03294,202.32422,103.62819,177.94124,140.51434,168.65903,203.3512,149.00518,146.45379,139.2293,142.10131,193.05498,127.41418,196.70596,168.73242,143.14018,126.83099,138.13903,196.81701,149.71664,182.05616,173.32402,178.33478,118.9732,199.75137,158.06266,137.58041,157.77503,137.76733,124.10174,196.64936,133.40846,102.76984,156.0399,169.73848,170.73149,109.59269,154.79284,196.00185,168.4869,164.58531,123.56339,147.43716,108.18451,154.65379,188.25003,150.97187,189.47544,197.50479,154.00887,149.12913,131.74486,127.71455,171.64765,1
192.52993,162.39249,193.78153,182.43552,139.17486,193.94645,189.43694,0.0,169.91789,163.57181,134.2682,171.80223,135.85395,156.08219,191.14319,189.21193,122.1011,137.31155,161.03171,143.03186,154.69249,161.59155,146.49568,106.57137,152.35376,165.15807,166.91594,123.90391,206.02845,148.57268,174.28723,131.45259,110.49501,176.35306,206.0155,171.69347,175.73687,185.93183,142.51251,137.42868,161.23285,107.6641,165.51886,185.18183,195.19341,168.74241,115.40972,163.94548,190.77205,111.49577,169.25151,128.80101,159.69195,149.35992,188.04264,151.55262,181.40916,148.02705,189.6974,161.00442,192.98525,158.34981,174.33701,198.63477,168.93656,182.28822,112.85395,171.32369,129.44134,177.04781,114.55104,188.92104,164.83445,184.26803,152.90367,167.56131,117.02371,190.9247,191.391,173.23486,123.94005,118.90088,192.80855,190.90688,150.53295,130.11353,162.53272,185.11255,212.84866,184.01088,137.49822,170.01624,141.84568,113.9287,174.70846,149.05432,207.02302,157.71582,186.52976,163.6526,1
166.08323,176.72131,148.98689,148.20349,180.61163,173.5688,177.10957,169.91789,0.0,124.23265,138.08482,123.22941,138.45926,131.63528,160.25125,185.00768,164.33951,154.87785,125.5006,130.51319,130.53809,172.87635,125.66719,174.93842,174.28325,179.16408,129.3723,147.77441,152.21638,152.46473,104.37901,173.86429,178.31179,115.44432,155.20877,157.04858,171.0877,132.4823,132.9712,140.27651,159.72348,172.75534,151.08439,126.40776,139.42812,131.67412,163.04563,130.20427,180.51747,164.21872,191.37607,143.77941,133.91009,138.17713,139.62396,166.98362,138.58254,131.58878,156.06003,125.60402,128.62918,183.07811,184.78458,155.88941,121.52302,132.62773,174.85399,104.49549,140.52479,158.21411,184.34486,131.45462,140.57177,127.49689,152.59704,156.86039,161.45528,152.30064,179.87524,122.11387,172.42006,159.24833,172.60044,135.76036,132.3876,178.40261,113.74597,156.16401,165.78333,178.31035,169.11735,111.73096,170.51541,158.18706,120.63999,132.73384,157.22451,160.21622,153.61998,107.60167,1
144.26017,153.65996,133.31198,127.15073,162.61077,150.85494,153.38974,163.57181,124.23265,0.0,141.08549,108.39352,143.27987,147.69666,139.26361,160.88307,150.84002,136.97537,143.99325,121.0581,145.92232,149.69618,119.36629,169.72037,152.72089,155.89938,149.89267,139.69411,143.08077,131.08118,126.13149,157.41071,173.56433,116.95891,143.91619,132.8709,146.85505,122.38405,121.0733,126.75833,136.01773,168.65802,126.87014,122.25793,131.66168,108.81285,152.19707,149.60675,156.69985,154.67622,168.45798,134.77752,151.41961,118.15666,125.59559,145.15331,120.50004,143.27258,135.64418,144.08064,131.36908,161.10942,160.92343,139.60514,143.45839,119.03694,164.32718,121.07873,138.14238,134.41656,177.86473,125.47307,116.34473,120.96635,130.11168,132.64284,161.15097,133.60649,156.15897,110.15722,158.14103,147.87333,149.80555,127.35178,145.66097,162.69449,111.19695,134.22134,152.55573,154.15579,150.76039,134.93271,151.07453,155.56817,144.21292,115.21348,145.324,137.0008,132.69533,118.26189,1
181.70501,169.24736,174.39248,166.69481,158.92704,186.23727,185.33001,134.2682,138.08482,141.08549,0.0,147.71044,103.34024,123.24929,178.02758,189.22745,138.14989,139.55635,127.1017,122.22795,121.52071,166.56486,121.89369,138.19242,162.05493,172.22716,133.48843,119.61111,183.27783,145.71312,142.40176,150.46216,141.17842,148.28686,184.67919,164.03823,174.02215,161.96048,124.44499,126.2343,158.72345,135.51773,156.70363,158.8877,170.94502,149.04634,133.32824,130.74612,187.84322,132.57005,181.33394,119.67971,127.48176,136.41255,166.48002,157.06368,161.54345,114.60681,175.11772,127.08654,164.68031,170.64882,180.57133,180.58698,134.7133,159.53011,142.73372,140.55849,108.77017,168.10966,147.93085,163.48508,150.52323,158.72717,148.84495,161.23454,123.39184,174.12122,187.88078,148.40424,145.70641,131.27015,185.07778,166.63499,117.65855,152.95975,135.0124,172.25872,193.62871,182.74172,150.31573,136.12813,153.7063,120.99392,140.44079,132.0654,186.21409,156.74786,171.94106,133.34586,1
142.85524,159.23789,127.73121,124.98511,170.35454,150.40016,154.42698,171.80223,123.22941,108.39352,147.71044,0.0,149.59285,151.11391,137.0873,162.95229,159.19068,144.98359,146.42968,128.99228,149.5184,155.20957,126.63447,177.89012,159.35642,161.24275,151.57143,147.90118,135.62622,138.19926,123.70506,165.46264,181.71016,111.02908,137.00674,135.54783,149.93896,114.44796,129.29453,135.1451,141.1237,176.72378,130.76316,113.89807,123.68311,109.78449,160.58749,151.79285,157.92171,163.04257,174.0165,143.0029,154.40128,126.16498,119.02518,151.75034,115.84115,147.90026,132.97636,146.52564,123.2567,167.42447,165.37512,134.45111,144.30094,111.87334,172.7204,119.11072,145.64355,135.80577,186.14738,117.1339,120.2062,112.57712,136.63213,136.32226,168.70158,129.68217,157.17344,102.11722,166.42129,156.26557,149.45193,119.33639,149.9076,170.81651,113.79811,132.94093,146.38254,156.40939,158.52227,134.86118,158.5576,163.37739,143.86899,123.59867,138.61561,142.71031,130.43611,119.55497,1
184.51935,172.5876,176.57937,169.25839,161.98218,189.20046,188.44765,135.85395,138.45926,143.27987,103.34024,149.59285,0.0,120.71711,180.71431,192.46061,141.10147,142.88954,125.18165,125.10026,119.11309,169.90204,124.34389,139.32915,165.37433,175.56738,131.26133,122.75426,185.03663,149.01392,142.70111,153.47825,142.10264,149.50126,186.59945,167.10014,177.24618,163.70366,127.46013,129.51971,161.97785,136.44081,159.75956,160.30913,172.58027,151.42926,136.02641,128.40553,190.99488,135.03104,184.6531,122.99889,124.79159,139.47752,168.4886,160.4034,163.77747,112.2699,177.71632,125.15583,165.69069,173.95107,183.90685,182.86705,133.16699,161.45444,144.97199,141.23702,112.03989,171.09119,149.11079,165.00301,153.33058,160.27084,152.10784,164.36409,123.581,176.54899,191.01265,150.17127,148.53374,134.17758,188.04401,168.29826,115.08346,155.82307,136.55404,174.99407,195.7337,185.95535,153.53572,135.46877,156.96697,122.19569,139.07341,134.96443,188.18578,160.03975,174.55763,134.28051,1
191.88754,188.74868,178.70782,174.80032,181.71785,198.0431,199.21131,156.08219,131.63528,147.69666,123.24929,151.11391,120.71711,0.0,186.95246,204.94303,161.22601,160.24057,107.24007,137.0822,102.03749,185.59519,133.65181,158.84492,182.79524,191.63883,110.96716,142.41628,183.63218,163.85898,134.73195,173.38068,161.16014,146.48974,186.32626,177.68737,189.83492,163.15851,140.21528,145.04937,175.46799,155.61418,170.54322,157.75586,170.79721,156.50777,156.57748,107.8951,202.19054,155.73067,201.90592,141.38067,104.5373,151.48887,169.61218,176.93336,166.87544,108.68828,183.24438,107.1506,160.0842,191.6649,199.28506,185.51083,115.78158,162.35362,165.67342,135.8467,131.45978,180.61983,168.57259,162.80641,161.87277,158.55385,166.06549,175.88944,141.76057,180.63611,201.92546,150.82577,168.9045,154.42062,196.94655,166.9269,105.63394,176.1196,137.47254,181.87663,196.6032,198.20285,172.39536,122.8722,175.4164,142.18141,121.94957,145.8124,188.24771,174.34389,180.35886,131.79953,1
106.63111,147.72009,117.48973,112.20903,172.08636,115.48499,123.50893,191.14319,160.25125,139.26361,178.02758,137.0873,180.71431,186.95246,0.0,134.24072,171.73038,154.75274,182.98193,155.88912,185.1856,144.43943,156.46984,197.7143,154.25404,147.92804,188.48344,169.82781,131.2403,143.3818,160.22036,171.49952,201.63265,146.09461,127.17282,121.28299,128.86799,131.71078,154.12611,155.6892,133.93568,197.86829,125.90201,139.06995,132.58416,130.45091,176.47903,188.4973,126.99651,180.0788,159.45013,165.35678,190.61322,143.26003,124.22297,148.45963,121.94138,182.34067,104.47445,183.07336,146.59239,158.51932,146.51919,114.9245,181.37123,129.08163,186.80699,155.99096,172.8309,115.87233,203.63345,136.07807,127.74843,136.77322,139.15228,125.6969,194.25123,110.17645,125.66642,138.14474,176.09251,172.45117,114.9596,132.30374,184.84706,177.09076,149.78142,106.05255,126.68337,129.71222,162.4876,171.93245,159.95904,187.54934,180.85626,146.25365,126.31478,137.78036,106.66466,156.33908,1
128.31977,128.49586,151.52389,141.34485,157.4211,120.35478,110.80375,189.21193,185.00768,160.88307,189.22745,162.95229,192.46061,204.94303,134.24072,0.0,167.15601,153.28712,202.96892,168.43459,202.95085,128.04057,171.33154,195.36313,138.74207,126.5421,209.52491,174.30672,165.3909,143.97316,186.35627,160.98083,198.90374,173.73863,161.07111,128.03088,115.23569,163.14265,165.55199,163.07394,130.55778,196.80833,134.66329,169.87112,166.08574,153.54077,173.8883,208.6702,107.67682,177.81787,132.58388,171.32671,209.22942,153.6753,156.64523,137.71107,151.79097,198.23608,138.02116,203.04153,178.7233,137.48923,119.33627,148.93573,203.89568,159.37885,180.56286,181.45971,181.64044,127.1864,198.28518,168.0654,144.60583,167.43932,140.45138,129.10662,198.15608,144.00844,109.22225,164.70636,167.83706,171.04612,120.26441,165.00156,201.31926,165.48171,171.96819,133.78512,158.03607,106.78273,152.67955,195.78367,148.60241,190.92093,205.06814,159.16806,159.92666,133.01554,138.06445,179.0562,2
172.32929,140.38416,176.93986,164.42558,121.11908,172.90117,167.79023,122.1011,164.33951,150.84002,138.14989,159.19068,141.10147,161.22601,171.73038,167.15601,0.0,117.00044,163.99041,133.91841,159.38709,139.4921,138.67949,128.21239,130.52362,143.19764,170.85945,118.89885,190.5452,128.35402,168.41192,112.49938,131.81108,166.33542,189.72795,151.28691,153.94896,172.14747,131.86185,124.75032,139.9707,129.74555,145.82927,173.08655,181.09275,153.72623,107.25228,168.37515,168.95226,110.98456,148.34332,121.24914,165.56669,133.60499,172.65181,129.46495,165.46559,152.53885,170.88145,163.9994,182.08409,137.25932,152.38166,180.95754,170.23884,167.96106,115.08262,164.35023,129.77646,156.79244,132.2399,175.9659,147.44864,171.67337,132.62568,146.96809,134.03289,172.98444,169.63743,160.99589,108.15363,106.9742,171.78986,177.03749,155.72081,114.97702,153.54181,165.82702,195.282,162.07716,115.76916,168.13817,120.09548,127.28971,175.04051,135.65767,190.41967,136.27741,167.84569,157.00578,1
155.5366,129.89741,160.29082,147.53758,125.95682,156.63639,152.3766,137.31155,154.87785,136.97537,139.55635,144.98359,142.88954,160.24057,154.75274,153.28712,117.00044,0.0,161.08451,125.4731,158.2292,127.60774,130.35,143.8092,122.61903,132.8943,168.19606,121.66962,174.27424,111.43097,158.48039,120.48285,147.633,153.55874,173.18335,134.54459,138.97874,156.86862,122.46327,115.72795,124.01064,144.59222,128.85207,158.74346,165.50811,138.22831,122.07014,166.25982,153.96171,125.87633,141.86266,119.93331,164.77648,118.83538,156.5808,117.66409,149.24742,151.9899,153.88401,161.12067,168.23447,131.4292,141.58803,164.08429,165.59301,152.47844,132.08226,153.84972,130.95594,139.99415,148.97289,161.06132,130.89922,157.0714,115.75328,130.32147,144.87332,156.08266,154.46223,146.95793,122.43494,118.44001,155.50004,161.62726,155.31748,125.90929,142.28995,148.83421,178.39896,147.54293,114.26005,161.21329,115.90401,137.63728,169.35751,122.75296,173.77672,120.67319,150.85715,147.27682,1
188.21604,188.56664,173.67399,170.77529,183.90863,194.79454,196.62712,161.03171,125.5006,143.99325,127.1017,146.42968,125.18165,107.24007,182.98193,202.96892,163.99041,161.08451,0.0,136.57754,107.32237,185.2141,132.48517,164.2849,183.35009,191.38362,107.11171,145.10072,177.71535,163.41749,128.21283,175.79748,166.82961,140.74844,180.63623,175.28854,188.04372,157.66548,139.78396,145.47781,174.23304,161.21266,168.33586,151.88149,164.91711,152.71505,159.97225,105.70458,199.74072,159.54589,202.20251,143.31252,108.4219,150.23864,164.43646,177.07438,162.27082,113.09023,179.10275,100.10394,153.56209,192.3095,198.62174,180.5391,108.7274,157.23725,169.82085,129.88082,134.42962,177.80109,174.06317,156.93455,159.05957,152.85816,165.19436,173.8673,147.63328,176.10918,199.37263,145.90939,171.90455,157.3991,193.72819,161.18508,111.2354,178.96672,133.20055,178.16542,191.10106,196.19241,173.96737,115.85202,176.67698,147.29269,114.94602,144.36668,182.61873,173.47336,176.3346,126.87647,1
159.47777,151.99443,153.5703,144.7868,150.51626,164.11559,163.69129,143.03186,130.51319,121.0581,122.22795,128.99228,125.10026,137.0822,155.88912,168.43459,133.91841,125.4731,136.57754,0.0,135.0496,148.68542,104.96161,148.98826,147.04333,154.82435,143.63108,119.19994,164.12845,126.88667,134.51704,143.448,152.77516,133.57126,164.80354,142.19828,153.21708,143.35283,103.20763,109.96895,138.4814,147.73786,134.86027,142.16157,152.62778,127.84303,133.3592,142.05184,166.38772,135.17119,165.68949,114.45972,141.53943,114.78086,146.48766,140.54625,140.69752,129.85749,153.11756,136.62763,150.06629,156.03081,162.24904,159.39427,140.3033,140.09136,145.48316,130.44499,117.42043,146.02797,157.50437,146.01704,128.30131,141.3172,128.98573,139.74033,140.21943,152.51965,166.31104,130.29895,141.94992,129.2904,162.96142,148.29263,133.01249,147.89595,120.03076,150.07338,172.9554,161.78033,139.37888,135.7901,141.37658,134.51172,143.89294,109.86534,166.11008,137.26177,149.91485,123.10046,1
190.07184,186.71241,177.16352,173.04966,179.81842,196.16837,197.26609,154.69249,130.53809,145.92232,121.52071,149.5184,119.11309,102.03749,185.1856,202.95085,159.38709,158.2292,107.32237,135.0496,0.0,183.55772,131.64516,157.618,180.77631,189.60202,112.22359,140.54903,182.35176,161.82181,133.79769,171.50393,160.02134,145.19391,184.96495,175.73235,187.83454,161.75516,138.18042,143.01859,173.44521,154.44398,168.57558,156.48573,169.51369,154.73517,154.83192,109.29587,200.23311,154.06243,199.88005,139.43068,106.56258,149.47303,168.11199,174.90139,165.24207,106.91391,181.50877,107.25117,159.09388,189.65084,197.24837,183.9467,116.0484,160.84565,164.08334,134.66384,129.61117,178.70288,167.36981,161.52858,159.96532,157.22075,164.0339,173.90656,140.69109,178.97562,199.97686,149.2847,167.10402,152.60681,195.06849,165.5989,104.18415,174.3004,135.82314,180.07143,195.17677,196.21402,170.43409,122.34488,173.43316,140.82625,122.26598,143.80893,186.86535,172.31135,178.60455,130.31825,1
141.87699,104.04131,157.27984,143.68046,130.22922,138.77735,131.07897,161.59155,172.87635,149.69618,166.56486,155.20957,169.90204,185.59519,144.43943,128.04057,139.4921,127.60774,185.2141,148.68542,183.55772,0.0,152.77598,167.60127,111.13677,106.30236,192.22099,149.27726,172.64146,121.80132,175.47461,132.99173,171.06176,165.98877,169.75932,124.63355,117.53113,161.79052,145.49396,140.80564,114.20041,169.23733,125.40485,166.57878,168.17801,145.67664,146.44837,190.72874,131.22614,150.34825,118.81455,147.26486,190.09801,135.49693,157.97041,110.24324,150.93884,177.85358,145.91757,185.26765,176.49388,114.18184,114.02716,158.12685,188.16043,157.21108,152.54363,170.42284,158.20236,129.08392,170.25425,166.83036,135.16838,164.3173,120.44064,121.18923,171.83231,150.61951,132.24984,157.30611,139.79709,144.00488,137.88438,165.44838,181.13477,137.68261,159.13667,140.10649,171.09325,123.90887,124.65133,181.81319,120.565,164.63527,190.78234,141.41685,169.49056,112.70804,143.94433,165.70554,1
160.51548,156.20104,152.58844,144.92135,155.47757,165.72019,165.98872,146.49568,125.66719,119.36629,121.89369,126.63447,124.34389,133.65181,156.46984,171.33154,138.67949,130.35,132.48517,104.96161,131.64516,152.77598,0.0,152.22103,151.65089,158.98006,139.45439,123.01093,162.19826,131.01058,129.73895,148.38991,155.91908,129.86125,163.24313,144.41177,156.19397,141.08004,107.89463,114.9284,141.89282,150.7001,137.15059,139.15248,150.28528,127.15275,137.74436,138.06739,168.83898,139.30879,170.11202,118.54939,138.00919,117.86953,144.94077,144.98521,139.71169,127.06692,153.39248,132.54251,146.52174,160.63681,166.13674,158.71357,135.69378,138.20299,149.77514,125.8317,119.0177,147.81745,161.03751,143.30122,129.44623,138.54052,132.71469,142.34643,142.07141,152.23748,168.6623,127.67495,146.75298,133.78705,164.58337,145.93641,130.05031,152.79147,116.04409,150.83355,171.89222,164.60956,144.3174,130.87008,146.25136,136.92167,139.0844,112.16693,164.68108,140.99884,150.24665,118.35249,1
199.08971,168.22803,200.23473,188.97148,143.77604,200.44358,195.81587,106.57137,174.93842,169.72037,138.19242,177.89012,139.32915,158.84492,197.7143,195.36313,128.21239,143.8092,164.2849,148.98826,157.618,167.60127,152.22103,0.0,158.06659,170.93729,169.79145,130.03353,212.34208,155.10484,179.31723,136.56088,103.94022,182.06319,212.40786,178.23607,182.06268,192.10135,148.64746,143.80964,167.6788,103.74898,172.0855,191.14128,201.37426,175.09539,121.80595,166.73981,197.08944,117.93876,174.3925,134.95903,162.15613,155.84119,194.3787,157.65885,187.80905,151.19554,196.25918,164.24859,198.74073,163.63776,180.09379,205.14111,172.47394,188.52985,116.65436,176.58088,134.44562,183.60079,109.78471,194.97933,171.36001,190.29715,159.43843,174.08885,117.61539,197.45127,197.73509,179.26955,129.00224,125.43515,199.30851,197.07167,153.43385,134.47808,168.20396,191.68323,219.33836,190.2685,143.24869,174.28468,147.56974,117.20166,178.40237,155.37138,213.44233,164.12594,193.08889,168.9372,1
152.29149,110.37267,165.63548,151.87951,119.09351,149.7421,142.21375,152.35376,174.28325,152.72089,162.05493,159.35642,165.37433,182.79524,154.25404,138.74207,130.52362,122.61903,183.35009,147.04333,180.77631,111.13677,151.65089,158.06659,0.0,112.90499,190.45409,143.38439,180.89903,121.88042,177.36982,122.36602,161.34996,169.59427,178.43777,133.45365,128.56754,167.92772,143.86635,137.89004,121.17993,160.01347,132.20851,171.85688,175.14714,150.43153,137.73292,188.63723,142.32629,141.50695,119.27901,142.37588,187.33254,136.10882,165.1062,107.60609,157.78261,174.59642,155.24072,183.39161,181.80208,108.98814,122.03001,167.23877,187.32596,163.29273,142.39979,172.42825,153.36693,138.49064,159.96941,172.8029,140.34813,169.74738,122.72823,129.38988,164.09081,159.45251,143.373,161.47215,129.53042,135.97387,148.81455,172.01294,177.923,126.74126,160.80183,149.44117,180.68884,134.98825,114.85561,182.04436,110.50947,157.04519,190.62938,141.65049,178.37802,117.95116,152.95607,166.80389,1
144.63736,102.99759,161.81,148.42518,130.93433,140.38257,131.7244,165.15807,179.16408,155.89938,172.22716,161.24275,175.56738,191.63883,147.92804,126.5421,143.19764,132.8943,191.38362,154.82435,189.60202,106.30236,158.98006,170.93729,112.90499,0.0,198.40641,154.47343,177.14326,127.97348,181.73611,135.19245,174.24457,172.0813,174.00383,129.35106,119.50604,167.30353,151.62493,146.71785,120.12165,172.82191,131.04992,172.32737,173.35129,151.63582,150.34026,196.87619,131.1429,154.17148,112.86695,152.75967,196.15169,141.78142,163.12503,115.23033,156.25934,183.8095,149.85431,191.43586,182.20494,111.41679,109.18441,162.12389,194.42169,162.76423,155.2993,176.68104,163.756,133.23632,172.83853,172.37596,141.11157,170.03304,126.73994,126.37749,176.33131,154.88859,132.37916,163.32911,142.42652,148.2754,139.61751,170.79435,187.1035,139.28868,165.42199,144.10876,174.58619,123.84234,127.69091,188.11336,123.36925,169.19501,197.07572,147.69518,173.58771,118.96304,148.15352,172.00446,1
193.91309,195.60149,178.27898,176.28277,190.91415,200.74382,202.92843,166.91594,129.3723,149.89267,133.48843,151.57143,131.26133,110.96716,188.48344,209.52491,170.85945,168.19606,107.11171,143.63108,112.22359,192.22099,139.45439,169.79145,190.45409,198.40641,0.0,151.96061,181.19576,170.43397,131.27663,182.75642,172.12644,144.8153,184.42698,181.71818,194.68736,161.85417,146.83866,152.58681,181.06924,166.57618,174.86327,155.61517,168.52892,158.48618,166.64416,103.14981,206.10001,166.05264,209.28595,150.3221,108.65201,157.12154,168.94265,184.15214,167.35315,118.99225,184.48819,107.07559,156.13496,199.41583,205.56777,185.17704,108.36196,161.85937,176.18611,133.86631,141.17783,184.02721,179.52783,160.62225,165.35273,156.83109,172.13069,180.45265,152.72603,181.18829,205.68439,150.84234,178.71714,164.20142,199.6976,165.02152,116.39241,185.82745,138.85419,183.86629,195.09501,202.74304,181.04777,118.19111,183.77953,153.0474,113.25521,151.22133,186.48247,180.39843,181.81977,132.14442,2
172.1335,151.47693,170.6401,160.09073,139.35952,174.9581,172.18277,123.90391,147.77441,139.69411,119.61111,147.90118,122.75426,142.41628,169.82781,174.30672,118.89885,121.66962,145.10072,119.19994,140.54903,149.27726,123.01093,130.03353,143.38439,154.47343,151.96061,0.0,182.36892,130.48598,152.05269,130.96724,133.89639,152.71209,182.57879,152.20664,159.50652,162.07101,118.62208,114.28639,144.05216,129.15909,145.2867,161.29882,171.34218,145.22148,115.53729,149.4873,174.18661,116.44863,162.57423,104.92803,146.80474,126.74173,164.44699,139.26913,158.03484,133.74214,167.84484,145.10861,169.25808,151.67916,163.24756,175.86606,151.51663,158.5061,127.08412,148.56973,110.97665,157.12875,138.32123,165.01735,142.49802,160.36542,134.41979,148.57795,124.69607,168.4029,174.49676,149.33235,126.82335,112.37292,173.78974,167.0428,136.96832,133.87016,139.00588,163.78473,189.9062,168.23797,130.8497,150.09985,134.42962,117.76066,156.51102,125.47517,183.69143,141.29618,164.62113,140.93132,1
137.12347,176.36083,115.3618,129.05017,196.58781,145.68203,154.60053,206.02845,152.21638,143.08077,183.27783,135.62622,185.03663,183.63218,131.2403,165.3909,190.5452,174.27424,177.71535,164.12845,182.35176,172.64146,162.19826,212.34208,180.89903,177.14326,181.19576,182.36892,0.0,164.32797,149.91915,193.88988,216.23563,137.15807,105.13566,148.00793,159.17914,121.33298,163.89675,168.62242,159.72616,211.50196,148.86112,125.87674,112.83808,137.32124,193.3838,182.32009,157.97933,196.33342,189.39279,177.44496,186.1176,157.25491,118.01904,173.98938,125.08042,182.03536,127.97838,177.81866,126.33738,186.76481,177.07216,116.4731,172.96502,124.04598,205.12442,147.85268,181.15538,143.93603,220.0141,120.82608,143.41408,125.21467,160.94315,151.67215,204.19953,122.38701,156.56713,134.87844,196.70772,189.03924,145.46701,116.88117,183.55767,199.55421,148.56463,133.36276,115.48039,160.9308,185.52472,163.01068,184.09444,198.63908,170.11651,156.97672,107.2528,163.04123,129.11047,152.38442,2
144.11137,125.19294,149.86096,136.70693,132.79969,145.45088,141.81817,148.57268,152.46473,131.08118,145.71312,138.19926,149.01392,163.85898,143.3818,143.97316,128.35402,111.43097,163.41749,126.88667,161.82181,121.80132,131.01058,155.10484,121.88042,127.97348,170.43397,130.48598,164.32797,0.0,155.49694,129.57403,158.95746,148.03317,162.85442,123.14693,129.03633,148.39964,123.6996,119.51286,113.56634,155.72617,117.48866,151.35053,156.52412,130.00805,133.44869,168.92744,143.71887,137.20683,139.32256,127.35357,168.34911,114.31039,147.06487,114.52078,139.61847,156.25214,142.66673,163.47051,161.18185,130.61392,135.43575,153.22394,166.54276,143.83557,143.42609,150.54869,137.79409,128.57225,160.40364,152.96859,121.10891,149.41879,104.33693,118.99046,154.83435,145.18238,144.06804,140.29227,133.05889,129.67254,144.3027,152.91295,159.50707,135.24809,138.93066,137.50293,167.48793,137.78446,121.30165,160.62285,120.55999,147.6573,169.42181,120.04387,163.29483,111.06464,139.70112,145.03397,1
166.25705,179.37281,147.91749,148.37275,184.31793,174.02729,178.08723,174.28723,104.37901,126.13149,142.40176,123.70506,142.70111,134.73195,160.22036,186.35627,168.41192,158.48039,128.21283,134.51704,133.79769,175.47461,129.73895,179.31723,177.36982,181.73611,131.27663,152.05269,149.91915,155.49694,0.0,177.7231,182.69023,114.31902,153.2061,158.56334,172.77919,131.07705,136.85481,144.1644,162.05261,177.13232,152.93107,124.45544,137.27356,132.81725,167.26878,132.48063,181.55708,168.50094,194.10173,147.99467,136.62076,141.29607,138.54011,169.98378,138.32797,135.38082,155.92303,128.31673,125.36847,186.0851,187.03189,154.79816,123.07648,131.83341,179.12135,105.06519,144.90111,159.33716,188.71987,129.41173,142.29321,125.86475,155.36575,158.68597,165.78381,151.7985,180.84063,122.26711,176.46478,163.43077,173.09968,133.87472,135.95107,182.34698,116.56815,156.47986,163.95546,179.72166,172.73891,113.09752,173.98837,162.56113,120.99612,136.06044,155.28941,162.7741,153.66007,111.41928,1
170.94366,132.73869,179.40519,166.09465,108.6292,169.98616,163.48559,131.45259,173.86429,157.41071,150.46216,165.46264,153.47825,173.38068,171.49952,160.98083,112.49938,120.48285,175.79748,143.448,171.50393,132.99173,148.38991,136.56088,122.36602,135.19245,182.75642,130.96724,193.88988,129.57403,177.7231,0.0,139.56559,173.84084,192.41003,150.27539,149.51608,177.20538,140.89353,133.58836,137.82264,138.95015,146.25899,179.22466,185.69518,158.56591,119.01088,180.36952,164.02728,122.02934,137.8502,132.5436,177.77138,139.30316,176.48904,124.33247,169.07112,164.7092,171.42983,175.81254,188.70892,127.08979,144.17321,182.51128,181.64679,172.75713,120.29428,173.32718,141.93911,155.80044,137.66006,181.48234,150.55136,177.53878,133.20082,145.83944,145.60928,174.46372,164.94336,167.42943,107.56117,119.46788,168.95412,181.9037,167.93269,105.68186,162.00192,165.93593,196.6678,156.79111,109.07833,178.78755,112.52255,139.221,186.16324,142.83944,192.80761,133.92311,168.64104,166.33719,1
202.97305,171.57453,204.16629,192.91121,146.4539,204.25481,199.52603,110.49501,178.31179,173.56433,141.17842,181.71016,142.10264,161.16014,201.63265,198.90374,131.81108,147.633,166.82961,152.77516,160.02134,171.06176,155.91908,103.94022,161.34996,174.24457,172.12644,133.89639,216.23563,158.95746,182.69023,139.56559,0.0,185.73265,216.32464,182.09721,185.73536,195.94797,152.49536,147.72931,171.45026,105.66615,175.98251,194.90873,205.22363,179.00349,125.58673,169.04221,200.7514,121.75813,177.29507,138.8242,164.30324,159.7785,198.28031,161.19296,191.72879,153.74973,200.19167,166.78887,202.42245,166.64982,183.37741,209.08055,175.13948,192.40196,119.35703,180.05879,137.90704,187.47477,107.78101,198.78428,175.30021,194.09196,163.293,177.93356,119.47317,201.39147,201.41742,183.06943,132.04228,129.302,203.12259,200.91585,155.84366,137.09403,171.8658,195.60376,223.27591,193.88772,146.58827,177.30648,150.8819,120.24499,181.13404,159.27232,217.36602,167.86983,197.02293,172.43477,2
152.25608,170.00188,133.67778,134.45026,179.37765,160.25232,164.92531,176.35306,115.44432,116.95891,148.28686,111.02908,149.50126,146.48974,146.09461,173.73863,166.33542,153.55874,140.74844,133.57126,145.19391,165.98877,129.86125,182.06319,169.59427,172.0813,144.8153,152.71209,137.15807,148.03317,114.31902,173.84084,185.73265,0.0,139.89534,146.5322,160.9344,117.03909,134.83785,141.63252,151.98652,180.4447,141.7748,111.31088,124.32001,120.81166,166.72943,145.61093,168.46758,168.7182,184.80308,148.02943,149.10315,134.89615,124.29569,162.00625,124.15485,145.10237,141.74739,140.85076,116.70302,177.87137,176.37946,140.5738,136.89033,117.51439,178.90766,110.9549,148.22192,146.5533,190.88952,116.33879,131.17357,112.10979,146.90687,147.34988,170.84628,137.49643,167.64726,109.09308,173.97693,162.5342,159.36928,120.45477,146.46967,178.97499,113.86954,142.64301,150.37666,167.25844,167.53552,126.95737,167.9876,166.36867,135.29334,131.02998,141.87029,153.39516,139.60348,115.51491,1
132.75143,173.38121,113.01662,126.65735,194.68348,141.13512,150.26738,206.0155,155.20877,143.91619,184.67919,137.00674,186.59945,186.32626,127.17282,161.07111,189.72795,173.18335,180.63623,164.80354,184.96495,169.75932,163.24313,212.40786,178.43777,174.00383,184.42698,182.57879,105.13566,162.85442,153.2061,192.41003,216.32464,139.89534,0.0,145.1912,155.62218,123.28076,164.31865,168.59891,157.27501,211.73604,146.73506,128.81977,115.97212,137.35784,192.93318,185.40705,153.57592,196.01909,186.04617,177.6778,188.99834,156.84788,118.32717,171.73078,124.60802,184.27438,124.30905,180.73879,130.56657,183.93193,173.46212,112.24842,176.28093,125.1518,204.48928,150.77148,182.04627,140.78241,219.80378,123.80522,142.30763,127.79036,159.26595,149.06571,205.01137,119.14395,152.13371,136.53518,195.59226,188.61224,140.98554,119.4529,185.95592,198.08978,150.41011,129.93269,110.98774,156.86416,183.86346,166.29408,182.19967,199.22635,173.72238,157.10406,102.2618,160.73586,125.85768,154.75668,1
121.04545,128.38051,132.64629,119.09538,150.85349,122.75304,121.57721,171.69347,157.04858,132.8709,164.03823,135.54783,167.10014,177.68737,121.28299,128.03088,151.28691,134.54459,175.28854,142.19828,175.73235,124.63355,144.41177,178.23607,133.45365,129.35106,181.71818,152.20664,148.00793,123.14693,158.56334,150.27539,182.09721,146.5322,145.1912,0.0,114.40848,138.67727,139.64661,138.94523,112.67402,178.77307,107.34317,144.44395,144.11204,125.87741,156.59396,180.99251,124.50495,160.35164,141.96071,148.27148,181.8623,127.62685,133.89625,127.27124,127.31504,171.47781,121.81592,175.36479,154.04706,138.77197,131.00114,133.79371,175.91517,134.31459,166.27309,153.60844,157.38124,105.55374,183.46891,143.78593,116.57505,142.04845,118.81002,104.43741,176.89746,126.08814,124.2607,137.43939,155.11367,152.80099,121.58407,141.78166,174.42765,155.84267,143.93751,116.05059,147.30915,121.28745,141.23868,167.75382,138.67839,169.86604,177.03825,132.45989,145.01429,116.49941,119.51433,151.02533,1
125.16036,119.92608,144.10546,131.62353,147.61701,121.25861,113.99077,175.73687,171.0877,146.85505,174.02215,149.93896,177.24618,189.83492,128.86799,115.23569,153.94896,138.97874,188.04372,153.21708,187.83454,117.53113,156.19397,182.06268,128.56754,119.50604,194.68736,159.50652,159.17914,129.03633,172.77919,149.51608,185.73536,160.9344,155.62218,114.40848,0.0,152.53488,150.32113,147.91063,115.49057,183.22519,120.07673,158.61001,157.13849,140.23262,160.32806,193.73624,115.03719,164.25076,130.58264,156.33813,194.15152,138.47323,147.07626,125.23964,141.04647,183.03889,131.31444,188.1139,168.05798,130.68102,117.8986,143.49247,189.30786,148.32183,168.10074,167.78693,166.51597,115.89921,185.81129,157.62427,130.52448,156.19484,125.33918,114.33014,183.66532,136.79996,115.69009,151.84251,155.74973,157.16627,120.39015,155.24519,186.13797,154.56659,157.7351,125.81806,155.36087,108.76406,140.66461,181.515,137.01236,176.44761,190.78417,144.02728,154.9922,118.3406,130.11592,164.78839,1
138.26743,165.79598,116.98858,121.81485,181.18936,146.89388,153.24704,185.93183,132.4823,122.38405,161.96048,114.44796,163.70366,163.15851,131.71078,163.14265,172.14747,156.86862,157.66548,143.35283,161.75516,161.79052,141.08004,192.10135,167.92772,167.30353,161.85417,162.07101,121.33298,148.39964,131.07705,177.20538,195.94797,117.03909,123.28076,138.67727,152.53488,0.0,143.4542,148.85325,147.70357,191.03292,136.3918,107.43559,109.27989,118.64431,174.15075,162.61663,156.87496,176.81042,180.14235,157.15033,165.96746,138.5621,107.79685,160.46326,111.50237,160.99712,127.23671,157.76694,115.61079,175.16936,169.67813,123.80129,153.90867,104.63508,186.1731,127.99002,160.0913,136.79485,200.17416,105.10869,127.67241,105.35858,145.86239,140.97899,183.14911,122.04274,155.80706,113.55679,178.9722,169.80049,146.18382,104.97672,162.68092,182.7389,127.26029,129.74655,133.45685,157.21834,169.5554,143.95054,168.92938,177.79992,152.03826,137.13653,125.12264,150.21115,125.87669,131.49264,1
157.45654,148.79124,152.74916,143.32735,147.76115,161.79622,161.05358,142.51251,132.9712,121.0733,124.44499,129.29453,127.46013,140.21528,154.12611,165.55199,131.86185,122.46327,139.78396,103.20763,138.18042,145.49396,107.89463,148.64746,143.86635,151.62493,146.83866,118.62208,163.89675,123.6996,136.85481,140.89353,152.49536,134.83785,164.31865,139.64661,150.32113,143.4542,0.0,107.31044,135.45731,147.63408,132.30425,142.81029,152.72859,127.05565,131.89448,145.25226,163.68135,134.00313,162.48534,113.71156,144.68559,112.04845,146.07104,137.34184,139.95354,132.86824,151.53733,139.83383,151.10112,152.85445,159.0857,158.3611,143.46437,139.94911,144.07707,132.58621,118.72802,143.66519,156.85933,146.42262,126.39959,141.7969,125.88331,137.02114,140.99856,151.26959,163.64677,130.77132,139.78338,127.69965,160.63583,148.42422,136.05577,145.49913,121.69483,148.23241,172.12407,158.92915,136.48826,138.75006,138.36124,134.9381,146.9686,107.88043,165.53408,134.14476,148.31528,125.45138,1
