Vértice_1,Vértice_2,Vértice_3,Vértice_4,Vértice_5,Vértice_6,Vértice_7,Vértice_8,Vértice_9,Vértice_10,Vértice_11,Vértice_12,Vértice_13,Vértice_14,Vértice_15,Vértice_16,Vértice_17,Vértice_18,Vértice_19,Vértice_20,Vértice_21,Vértice_22,Vértice_23,Vértice_24,Vértice_25,Vértice_26,Vértice_27,Vértice_28,Vértice_29,Vértice_30,Vértice_31,Vértice_32,Vértice_33,Vértice_34,Vértice_35,Vértice_36,Vértice_37,Vértice_38,Vértice_39,Vértice_40,Vértice_41,Vértice_42,Vértice_43,Vértice_44,Vértice_45,Vértice_46,Vértice_47,Vértice_48,Vértice_49,Vértice_50,Conjuntos
0.0,141.84459,109.35585,124.07016,111.46636,98.30462,148.59209,66.27341,108.10345,144.34706,137.62883,146.89388,140.01692,128.31961,120.65804,120.47351,112.82911,108.94991,125.58313,109.57912,114.95424,78.46507,95.05342,89.95824,79.52937,142.92268,109.36626,96.58943,76.57053,55.3512,102.59653,104.59244,106.43551,86.32732,118.70499,106.63142,91.99393,73.46109,133.55568,140.16437,108.51547,145.10422,98.40575,113.46806,113.08828,110.89013,116.8465,107.91777,129.27322,121.79581,1
141.84459,0.0,134.97311,144.03185,124.35216,134.27457,129.08333,167.43166,132.15869,80.09486,166.19707,125.3388,151.73032,97.56894,104.7457,108.99324,112.96877,103.27161,126.86852,152.23161,147.81787,112.69546,120.98689,101.95794,129.77307,47.90958,169.57912,127.21091,124.26455,166.77249,144.71346,134.00333,130.89977,156.23575,113.10183,169.18773,128.38945,142.41797,124.96735,98.5921,138.68944,104.03773,131.54155,166.10416,117.33068,152.08841,66.8891,126.83802,120.21281,113.32848,2
109.35585,134.97311,0.0,139.71101,106.0105,94.83493,75.655,99.74261,83.15748,102.67411,69.7375,120.60011,85.94442,90.8278,104.5685,100.6944,98.61843,130.78435,72.90559,112.1707,90.44901,130.15285,101.99437,84.49546,77.68777,129.53912,108.09752,97.96259,132.04677,125.09258,127.07935,110.70256,130.19705,108.47232,32.52368,103.07339,113.66741,118.87642,84.66073,80.26569,114.49874,82.60909,125.48337,117.41805,98.63486,115.07943,113.76444,107.66924,79.91589,122.43661,1
124.07016,144.03185,139.71101,0.0,143.78413,69.93694,146.3676,141.15428,110.08656,136.51193,135.66345,127.27001,116.94147,106.0363,160.76175,139.02361,94.2435,109.55347,139.89575,94.59707,123.75925,137.51372,78.17626,105.24066,131.18306,145.81461,144.56056,125.81346,92.92176,157.07704,126.95026,73.3441,85.60062,140.09679,143.24203,133.2431,156.62602,101.56598,111.39703,153.66595,142.97559,158.38521,121.73281,138.71498,156.69505,94.70388,106.95198,124.89538,134.42609,113.54106,2
111.46636,124.35216,106.0105,143.78413,0.0,135.65823,145.99019,137.16273,54.09982,130.47314,149.93523,112.77032,111.16534,117.19759,101.74486,155.17,128.98508,153.29579,138.87402,129.49379,100.97286,114.48381,138.39461,94.4804,95.62651,133.1277,142.95686,106.20181,109.91717,143.14473,75.77415,125.83625,128.52176,168.62219,105.59548,153.96472,120.59427,100.02741,155.56856,122.53345,120.78277,99.62365,165.6259,119.48904,79.05666,113.16952,137.74057,42.16294,135.08163,156.37779,1
98.30462,134.27457,94.83493,69.93694,135.65823,0.0,120.66863,103.21259,100.26528,104.67733,90.43945,107.78656,94.30383,69.46227,128.21826,109.7786,70.08737,99.87624,113.50196,93.70172,109.30936,121.30975,32.2928,95.02532,111.30484,127.3462,122.89685,108.51611,94.22384,127.99554,119.16275,86.51649,85.77999,104.46686,104.35673,106.51868,115.35438,109.4943,64.82253,124.21125,105.11012,122.06729,87.64311,112.64003,137.17906,108.60096,92.02007,126.00102,101.89903,76.17609,1
148.59209,129.08333,75.655,146.3676,145.99019,120.66863,0.0,139.74205,120.09705,120.342,81.60049,137.38635,105.8866,111.27603,139.92984,99.21513,95.99861,116.6577,35.59388,139.19797,114.7674,160.26997,127.66539,106.80074,100.97552,136.68246,111.12385,126.93049,148.99861,156.4946,161.7896,105.42088,135.63338,115.52965,60.01561,101.75745,144.98148,138.91594,91.02214,71.06136,142.25549,105.97387,127.35941,167.22919,113.40352,113.88764,96.11276,138.98431,80.88573,124.30857,2
66.27341,167.43166,99.74261,141.15428,137.16273,103.21259,139.74205,0.0,123.2443,155.23494,124.71618,151.9001,135.7332,131.02863,136.29332,128.65662,131.19495,139.15417,112.52981,124.93238,92.04029,123.33531,104.07316,114.70757,97.38797,169.33368,87.04446,81.49007,104.24537,97.21429,122.24595,119.0733,132.91292,81.63567,110.06515,90.97394,96.0211,117.74131,126.96577,126.28824,121.83595,148.03571,122.39396,106.80272,136.6331,122.11012,137.39272,138.19991,148.1797,129.97083,1
108.10345,132.15869,83.15748,110.08656,54.09982,100.26528,120.09705,123.2443,0.0,124.7637,107.18578,88.79867,63.55945,93.44099,116.72124,146.84776,97.67784,138.35385,115.76604,113.68031,75.88398,122.11066,113.81158,88.15855,91.19807,139.18167,115.62038,99.87449,96.54569,139.75954,68.43463,91.84039,96.9044,150.45651,89.82056,120.57406,117.07927,87.58358,124.05551,113.21068,103.91672,91.39776,143.13591,115.30001,79.50208,78.85338,122.75943,56.08389,111.12456,129.58499,1
144.34706,80.09486,102.67411,136.51193,130.47314,104.67733,120.342,155.23494,124.7637,0.0,138.10516,122.96431,133.34439,65.16548,90.08846,88.82625,112.16283,124.48225,125.7203,123.36695,142.11276,127.73597,89.28637,93.82984,129.54063,52.42374,177.85252,122.34885,146.77374,170.60966,156.23888,142.25395,147.52151,149.92735,90.22499,171.16125,138.13525,154.81717,81.80756,95.96077,142.00536,89.76143,137.2632,135.2531,141.6721,164.43333,91.43845,131.99379,103.34559,115.34227,1
137.62883,166.19707,69.7375,135.66345,149.93523,90.43945,81.60049,124.71618,107.18578,138.10516,0.0,119.15268,70.25537,103.51299,150.24329,134.51649,83.70779,133.08138,87.05777,139.78059,113.45287,165.86375,113.32132,127.78054,114.90868,166.32846,102.96589,139.52739,140.88683,145.67317,142.25215,109.06306,116.40221,118.88982,84.10168,83.72286,130.60275,137.36522,86.39068,114.81008,110.8688,109.7597,115.78243,151.1199,121.72591,111.78419,123.33089,143.96536,86.84348,109.37846,2
146.89388,125.3388,120.60011,127.27001,112.77032,107.78656,137.38635,151.9001,88.79867,122.96431,119.15268,0.0,68.66165,65.97822,117.65052,169.25763,90.79343,141.56158,139.05368,158.25092,108.32281,161.13445,120.89539,142.35866,137.61945,143.08128,139.3842,135.10495,103.9959,180.23715,82.86766,131.85149,103.00176,176.82619,114.70407,143.29404,100.463,149.57344,129.17276,112.91109,75.06065,74.04771,147.53583,129.67581,111.719,122.99253,118.50264,115.1309,140.70131,102.50284,2
140.01692,151.73032,85.94442,116.94147,111.16534,94.30383,105.8866,135.7332,63.55945,133.34439,70.25537,68.66165,0.0,82.89196,136.45471,158.64948,84.85192,144.49361,110.47456,136.92329,85.51553,163.19205,117.94637,125.34911,117.50774,160.64061,111.24258,126.55182,117.08173,165.70015,96.6618,104.38606,100.74291,156.28601,92.16991,109.89919,122.67348,128.68822,110.61367,110.67754,95.77133,86.58398,142.93008,130.79581,105.10175,91.36765,126.9682,107.82203,113.87778,115.70141,1
128.31961,97.56894,90.8278,106.0363,117.19759,69.46227,111.27603,131.02863,93.44099,65.16548,103.51299,65.97822,82.89196,0.0,95.15184,116.08675,76.93033,115.44071,113.35461,121.66111,105.85423,133.67317,71.1463,104.17549,120.17059,97.3032,140.87398,108.91982,108.75591,161.73505,112.97527,116.27264,107.08715,141.98099,83.73747,136.16266,104.14647,139.12474,73.69741,87.48218,96.04588,68.80969,120.43591,112.80167,122.08286,128.67844,85.05783,117.0054,106.82057,79.75729,1
120.65804,104.7457,104.5685,160.76175,101.74486,128.21826,139.92984,136.29332,116.72124,90.08846,150.24329,117.65052,136.45471,95.15184,0.0,116.36013,118.38893,129.93697,138.63829,123.1188,139.68274,137.63745,117.38956,112.95412,95.25707,103.02525,169.15874,130.23376,131.53174,142.12228,125.20631,161.19276,157.7093,151.05357,96.28942,170.29686,106.37384,146.30988,137.59271,107.29093,111.26311,87.77104,151.83359,92.84227,121.76938,159.85287,118.814,99.1022,135.15358,143.38313,2
120.47351,108.99324,100.6944,139.02361,155.17,109.7786,99.21513,128.65662,146.84776,88.82625,134.51649,169.25763,158.64948,116.08675,116.36013,0.0,113.47325,92.07323,93.58479,103.28609,148.75325,122.08085,91.75167,78.42829,98.80513,91.99092,154.55511,121.22128,147.02605,127.92677,178.6055,124.13477,152.00537,86.68475,92.20767,140.65935,148.314,133.2186,86.47713,106.22145,159.76311,137.7948,109.27404,148.03732,148.19691,151.09294,83.17197,145.1725,94.0899,127.3604,1
112.82911,112.96877,98.61843,94.2435,128.98508,70.08737,95.99861,131.19495,97.67784,112.16283,83.70779,90.79343,84.85192,76.93033,118.38893,113.47325,0.0,65.76247,98.03157,117.05453,123.41962,133.9724,83.48203,105.10881,95.5974,122.40245,117.61633,135.44135,91.43483,126.06163,113.95722,86.02197,70.91611,113.52225,97.49149,100.48996,108.44187,105.48105,91.24957,112.8133,81.11856,102.69502,77.71764,138.19023,103.56089,93.11235,65.05384,112.66566,82.07916,73.24752,1
108.94991,103.27161,130.78435,109.55347,153.29579,99.87624,116.6577,139.15417,138.35385,124.48225,133.08138,141.56158,144.49361,115.44071,129.93697,92.07323,65.76247,0.0,109.86566,121.06033,153.8147,122.20454,94.45008,104.4367,100.5304,113.29646,137.77542,144.63594,99.90681,112.83372,146.99048,98.45905,96.97543,95.75555,123.89379,120.04689,126.94764,106.69642,113.48778,130.9801,120.52055,143.0708,65.01822,159.82779,127.51846,117.46903,49.6646,134.37633,101.82856,93.20763,1
125.58313,126.86852,72.90559,139.89575,138.87402,113.50196,35.59388,112.52981,115.76604,125.7203,87.05777,139.05368,110.47456,113.35461,138.63829,93.58479,98.03157,109.86566,0.0,134.74033,96.6102,141.11958,118.75395,96.05495,89.53499,137.0327,84.36706,102.90755,130.37016,136.5381,149.35181,90.94093,124.6991,91.87544,58.96288,78.68919,127.66014,123.50974,91.70093,66.38855,135.14319,112.57397,114.31155,158.59105,105.50543,101.40881,90.92198,134.90369,89.38946,115.55898,1
109.57912,152.23161,112.1707,94.59707,129.49379,93.70172,139.19797,124.93238,113.68031,123.36695,139.78059,158.25092,136.92329,121.66111,123.1188,103.28609,117.05453,121.06033,134.74033,0.0,133.84209,138.95457,86.89593,80.8787,89.1032,139.44901,160.78329,124.00948,128.86957,130.58934,146.93108,112.84024,143.5844,123.24653,121.43412,150.30016,164.28148,102.26679,119.87694,147.85002,158.22131,156.22803,143.31453,97.72404,159.67308,122.40611,127.53819,103.32272,128.6391,156.68352,2
114.95424,147.81787,90.44901,123.75925,100.97286,109.30936,114.7674,92.04029,75.88398,142.11276,113.45287,108.32281,85.51553,105.85423,139.68274,148.75325,123.41962,153.8147,96.6102,133.84209,0.0,138.60599,119.8811,107.27699,108.37518,160.64993,79.94569,59.55571,101.4806,154.66103,93.61263,95.67018,116.94003,137.17926,89.41511,99.35572,112.69817,118.43324,122.13874,91.72887,123.93678,112.05812,152.4364,119.48485,109.99894,86.97849,131.71701,109.43587,141.82532,130.16478,1
78.46507,112.69546,130.15285,137.51372,114.48381,121.30975,160.26997,123.33531,122.11066,127.73597,165.86375,161.13445,163.19205,133.67317,137.63745,122.08085,133.9724,122.20454,141.11958,138.95457,138.60599,0.0,110.68394,79.46142,120.78631,106.81085,147.02037,102.23242,105.67001,105.95545,129.40767,114.35882,114.93214,123.68088,130.69553,144.98711,121.03423,92.39903,134.34737,144.64293,142.11563,146.84329,110.26874,160.11708,116.11607,139.41692,110.66642,124.89735,122.02699,123.64341,2
95.05342,120.98689,101.99437,78.17626,138.39461,32.2928,127.66539,104.07316,113.81158,89.28637,113.32132,120.89539,117.94637,71.1463,117.38956,91.75167,83.48203,94.45008,118.75395,86.89593,119.8811,110.68394,0.0,86.88998,111.82095,108.55355,138.05475,103.69791,99.07498,126.86766,130.45085,99.02415,102.52392,100.79575,106.8234,123.83154,117.63607,115.21202,65.61369,122.50577,117.53958,126.79927,89.59303,108.6303,145.78737,125.64906,85.09535,129.45651,107.88245,82.22307,1
89.95824,101.95794,84.49546,105.24066,94.4804,95.02532,106.80074,114.70757,88.15855,93.82984,127.78054,142.35866,125.34911,104.17549,112.95412,78.42829,105.10881,104.4367,96.05495,80.8787,107.27699,79.46142,86.88998,0.0,77.12851,92.48804,131.87814,82.62495,110.43069,115.15501,128.66737,82.104,115.64711,107.42569,83.56683,126.7492,135.16322,76.2887,96.98653,106.11086,142.60707,120.78799,116.65939,129.24535,108.35319,105.41301,89.59785,88.83598,86.48566,126.14655,1
79.52937,129.77307,77.68777,131.18306,95.62651,111.30484,100.97552,97.38797,91.19807,129.54063,114.90868,137.61945,117.50774,120.17059,95.25707,98.80513,95.5974,100.5304,89.53499,89.1032,108.37518,120.78631,111.82095,77.12851,0.0,135.16711,109.9169,109.12158,105.80399,86.46634,115.3082,102.62938,124.76882,95.95972,80.43678,107.07521,115.13569,80.4791,127.76744,108.15589,115.48936,119.01353,120.79498,109.39338,93.09657,94.03024,107.12726,76.4545,105.02185,140.1317,1
142.92268,47.90958,129.53912,145.81461,133.1277,127.3462,136.68246,169.33368,139.18167,52.42374,166.32846,143.08128,160.64061,97.3032,103.02525,91.99092,122.40245,113.29646,137.0327,139.44901,160.64993,106.81085,108.55355,92.48804,135.16711,0.0,187.065,131.75751,143.78102,165.6228,162.55894,143.94461,146.183,154.05983,113.67371,181.37929,143.84119,148.06924,110.91975,112.95362,153.2747,112.55435,132.9754,162.09946,137.35876,169.52876,81.27982,135.48987,110.3303,121.57968,2
109.36626,169.57912,108.09752,144.56056,142.95686,122.89685,111.12385,87.04446,115.62038,177.85252,102.96589,139.3842,111.24258,140.87398,169.15874,154.55511,117.61633,137.77542,84.36706,160.78329,79.94569,147.02037,138.05475,131.87814,109.9169,187.065,0.0,105.64342,104.52897,126.51921,119.05885,92.09826,106.68037,104.95828,110.4335,36.8128,108.69717,116.13032,136.06137,117.48126,118.35967,142.78419,122.25086,160.66588,107.49085,81.64347,131.17545,143.6969,138.01588,122.5073,2
96.58943,127.21091,97.96259,125.81346,106.20181,108.51611,126.93049,81.49007,99.87449,122.34885,139.52739,135.10495,126.55182,108.91982,130.23376,121.22128,135.44135,144.63594,102.90755,124.00948,59.55571,102.23242,103.69791,82.62495,109.12158,131.75751,105.64342,0.0,103.4567,141.45168,115.26464,102.24499,128.06499,120.61604,93.32079,118.71082,113.54221,115.41364,113.92995,92.79667,141.4715,124.72179,142.44264,119.85217,123.19646,115.06728,119.89961,118.42786,140.08675,127.86468,1
76.57053,124.26455,132.04677,92.92176,109.91717,94.22384,148.99861,104.24537,96.54569,146.77374,140.88683,103.9959,117.08173,108.75591,131.53174,147.02605,91.43483,99.90681,130.37016,128.86957,101.4806,105.67001,99.07498,110.43069,105.80399,143.78102,104.52897,103.4567,0.0,116.46658,67.16124,86.38951,63.21718,125.08263,131.07713,108.19738,86.95276,84.42667,137.89973,134.0118,88.64851,134.82596,104.96207,125.40853,107.51943,83.93871,99.2682,103.32095,143.1131,97.39339,1
55.3512,166.77249,125.09258,157.07704,143.14473,127.99554,156.4946,97.21429,139.75954,170.60966,145.67317,180.23715,165.70015,161.73505,142.12228,127.92677,126.06163,112.83372,136.5381,130.58934,154.66103,105.95545,126.86766,115.15501,86.46634,165.6228,126.51921,141.45168,116.46658,0.0,140.9879,128.23615,131.20448,81.49981,137.02715,114.80694,119.56459,89.90612,154.86798,165.41656,127.76914,169.22974,98.96058,148.59135,125.70718,132.57365,134.87743,134.0072,129.7392,145.55159,2
102.59653,144.71346,127.07935,126.95026,75.77415,119.16275,161.7896,122.24595,68.43463,156.23888,142.25215,82.86766,96.6618,112.97527,125.20631,178.6055,113.95722,146.99048,149.35181,146.93108,93.61263,129.40767,130.45085,128.66737,115.3082,162.55894,119.05885,115.26464,67.16124,140.9879,0.0,118.87455,93.86276,164.89119,130.10402,131.57529,89.26618,105.55626,159.64795,139.12936,79.75047,114.79706,148.65718,116.38734,92.83613,97.9221,138.20122,82.27061,155.69508,129.98822,2
104.59244,134.00333,110.70256,73.3441,125.83625,86.51649,105.42088,119.0733,91.84039,142.25395,109.06306,131.85149,104.38606,116.27264,161.19276,124.13477,86.02197,98.45905,90.94093,112.84024,95.67018,114.35882,99.02415,82.104,102.62938,143.94461,92.09826,102.24499,86.38951,128.23615,118.87455,0.0,66.52797,108.39552,112.19122,82.14424,138.41107,68.3993,105.12254,124.81762,133.35065,142.4187,100.53908,157.39867,111.77544,50.21006,91.25932,114.45331,101.95524,105.78166,1
106.43551,130.89977,130.19705,85.60062,128.52176,85.77999,135.63338,132.91292,96.9044,147.52151,116.40221,103.00176,100.74291,107.08715,157.7093,152.00537,70.91611,96.97543,124.6991,143.5844,116.94003,114.93214,102.52392,115.64711,124.76882,146.183,106.68037,128.06499,63.21718,131.20448,93.86276,66.52797,0.0,131.25081,132.08606,97.19178,111.46423,88.51131,120.55477,141.51642,94.2738,133.26616,85.522,161.94087,104.0763,77.87093,91.93637,122.35089,114.48784,75.66427,1
86.32732,156.23575,108.47232,140.09679,168.62219,104.46686,115.52965,81.63567,150.45651,149.92735,118.88982,176.82619,156.28601,141.98099,151.05357,86.68475,113.52225,95.75555,91.87544,123.24653,137.17926,123.68088,100.79575,107.42569,95.95972,154.05983,104.95828,120.61604,125.08263,81.49981,164.89119,108.39552,131.25081,0.0,113.68937,84.83897,127.17831,115.65279,108.86102,132.53481,141.651,163.3994,78.89139,152.99062,144.6711,128.69336,107.48006,159.15347,114.92749,118.91783,2
118.70499,113.10183,32.52368,143.24203,105.59548,104.35673,60.01561,110.06515,89.82056,90.22499,84.10168,114.70407,92.16991,83.73747,96.28942,92.20767,97.49149,123.89379,58.96288,121.43412,89.41511,130.69553,106.8234,83.56683,80.43678,113.67371,110.4335,93.32079,131.07713,137.02715,130.10402,112.19122,132.08606,113.68937,0.0,109.54213,110.81178,126.67921,84.59035,50.06201,116.99535,68.4772,127.73597,125.6138,92.84811,117.8459,98.99638,108.92406,82.41838,117.82553,1
106.63142,169.18773,103.07339,133.2431,153.96472,106.51868,101.75745,90.97394,120.57406,171.16125,83.72286,143.29404,109.89919,136.16266,170.29686,140.65935,100.48996,120.04689,78.68919,150.30016,99.35572,144.98711,123.83154,126.7492,107.07521,181.37929,36.8128,118.71082,108.19738,114.80694,131.57529,82.14424,97.19178,84.83897,109.54213,0.0,115.74097,110.6961,118.96808,124.43824,116.63496,146.11336,97.77991,163.73256,114.76006,82.47826,119.71291,149.009,118.63377,109.12589,2
91.99393,128.38945,113.66741,156.62602,120.59427,115.35438,144.98148,96.0211,117.07927,138.13525,130.60275,100.463,122.67348,104.14647,106.37384,148.314,108.44187,126.94764,127.66014,164.28148,112.69817,121.03423,117.63607,135.16322,115.13569,143.84119,108.69717,113.54221,86.95276,119.56459,89.26618,138.41107,111.46423,127.17831,110.81178,115.74097,0.0,136.14366,137.21625,112.87269,55.73767,101.55627,112.99204,125.7772,98.84813,135.72183,115.71378,130.88286,142.90327,95.29594,1
73.46109,142.41797,118.87642,101.56598,100.02741,109.4943,138.91594,117.74131,87.58358,154.81717,137.36522,149.57344,128.68822,139.12474,146.30988,133.2186,105.48105,106.69642,123.50974,102.26679,118.43324,92.39903,115.21202,76.2887,80.4791,148.06924,116.13032,115.41364,84.42667,89.90612,105.55626,68.3993,88.51131,115.65279,126.67921,110.6961,136.14366,0.0,141.75487,150.50098,131.71873,153.04993,113.43179,144.9812,101.31158,70.79527,115.66674,84.08575,114.57471,137.77983,1
133.55568,124.96735,84.66073,111.39703,155.56856,64.82253,91.02214,126.96577,124.05551,81.80756,86.39068,129.17276,110.61367,73.69741,137.59271,86.47713,91.24957,113.48778,91.70093,119.87694,122.13874,134.34737,65.61369,96.98653,127.76744,110.91975,136.06137,113.92995,137.89973,154.86798,159.64795,105.12254,120.55477,108.86102,84.59035,118.96808,137.21625,141.75487,0.0,100.11261,136.75743,113.63484,101.11993,147.36517,145.37309,136.44208,87.28533,152.69907,81.13834,84.07105,1
140.16437,98.5921,80.26569,153.66595,122.53345,124.21125,71.06136,126.28824,113.21068,95.96077,114.81008,112.91109,110.67754,87.48218,107.29093,106.22145,112.8133,130.9801,66.38855,147.85002,91.72887,144.64293,122.50577,106.11086,108.15589,112.95362,117.48126,92.79667,134.0118,165.41656,139.12936,124.81762,141.51642,132.53481,50.06201,124.43824,112.87269,150.50098,100.11261,0.0,128.66704,73.75823,142.41252,142.539,106.96955,131.01282,95.69171,129.32793,114.69374,117.75316,1
108.51547,138.68944,114.49874,142.97559,120.78277,105.11012,142.25549,121.83595,103.91672,142.00536,110.8688,75.06065,95.77133,96.04588,111.26311,159.76311,81.11856,120.52055,135.14319,158.22131,123.93678,142.11563,117.53958,142.60707,115.48936,153.2747,118.35967,141.4715,88.64851,127.76914,79.75047,133.35065,94.2738,141.651,116.99535,116.63496,55.73767,131.71873,136.75743,128.66704,0.0,95.91343,111.09683,127.35567,96.2205,123.2893,116.80093,120.65241,131.92714,92.9299,1
145.10422,104.03773,82.60909,158.38521,99.62365,122.06729,105.97387,148.03571,91.39776,89.76143,109.7597,74.04771,86.58398,68.80969,87.77104,137.7948,102.69502,143.0708,112.57397,156.22803,112.05812,146.84329,126.79927,120.78799,119.01353,112.55435,142.78419,124.72179,134.82596,169.22974,114.79706,142.4187,133.26616,163.3994,68.4772,146.11336,101.55627,153.04993,113.63484,73.75823,95.91343,0.0,147.99974,135.49156,89.83295,141.22478,112.13857,111.93507,109.08002,115.99206,1
98.40575,131.54155,125.48337,121.73281,165.6259,87.64311,127.35941,122.39396,143.13591,137.2632,115.78243,147.53583,142.93008,120.43591,151.83359,109.27404,77.71764,65.01822,114.31155,143.31453,152.4364,110.26874,89.59303,116.65939,120.79498,132.9754,122.25086,142.44264,104.96207,98.96058,148.65718,100.53908,85.522,78.89139,127.73597,97.77991,112.99204,113.43179,101.11993,142.41252,111.09683,147.99974,0.0,171.0228,129.79437,127.25433,76.52353,157.7036,95.68575,67.41764,1
113.46806,166.10416,117.41805,138.71498,119.48904,112.64003,167.22919,106.80272,115.30001,135.2531,151.1199,129.67581,130.79581,112.80167,92.84227,148.03732,138.19023,159.82779,158.59105,97.72404,119.48485,160.11708,108.6303,129.24535,109.39338,162.09946,160.66588,119.85217,125.40853,148.59135,116.38734,157.39867,161.94087,152.99062,125.6138,163.73256,125.7772,144.9812,147.36517,142.539,127.35567,135.49156,171.0228,0.0,160.61555,149.70599,157.05783,109.95693,170.92947,161.6926,2
113.08828,117.33068,98.63486,156.69505,79.05666,137.17906,113.40352,136.6331,79.50208,141.6721,121.72591,111.719,105.10175,122.08286,121.76938,148.19691,103.56089,127.51846,105.50543,159.67308,109.99894,116.11607,145.78737,108.35319,93.09657,137.35876,107.49085,123.19646,107.51943,125.70718,92.83613,111.77544,104.0763,144.6711,92.84811,114.76006,98.84813,101.31158,145.37309,106.96955,96.2205,89.83295,129.79437,160.61555,0.0,100.30962,113.1029,90.04561,104.90234,127.25517,1
110.89013,152.08841,115.07943,94.70388,113.16952,108.60096,113.88764,122.11012,78.85338,164.43333,111.78419,122.99253,91.36765,128.67844,159.85287,151.09294,93.11235,117.46903,101.40881,122.40611,86.97849,139.41692,125.64906,105.41301,94.03024,169.52876,81.64347,115.06728,83.93871,132.57365,97.9221,50.21006,77.87093,128.69336,117.8459,82.47826,135.72183,70.79527,136.44208,131.01282,123.2893,141.22478,127.25433,149.70599,100.30962,0.0,116.66838,97.28505,124.29062,129.60167,1
116.8465,66.8891,113.76444,106.95198,137.74057,92.02007,96.11276,137.39272,122.75943,91.43845,123.33089,118.50264,126.9682,85.05783,118.814,83.17197,65.05384,49.6646,90.92198,127.53819,131.71701,110.66642,85.09535,89.59785,107.12726,81.27982,131.17545,119.89961,99.2682,134.87743,138.20122,91.25932,91.93637,107.48006,98.99638,119.71291,115.71378,115.66674,87.28533,95.69171,116.80093,112.13857,76.52353,157.05783,113.1029,116.66838,0.0,129.01692,88.36557,71.08433,1
107.91777,126.83802,107.66924,124.89538,42.16294,126.00102,138.98431,138.19991,56.08389,131.99379,143.96536,115.1309,107.82203,117.0054,99.1022,145.1725,112.66566,134.37633,134.90369,103.32272,109.43587,124.89735,129.45651,88.83598,76.4545,135.48987,143.6969,118.42786,103.32095,134.0072,82.27061,114.45331,122.35089,159.15347,108.92406,149.009,130.88286,84.08575,152.69907,129.32793,120.65241,111.93507,157.7036,109.95693,90.04561,97.28505,129.01692,0.0,129.48837,156.59161,1
129.27322,120.21281,79.91589,134.42609,135.08163,101.89903,80.88573,148.1797,111.12456,103.34559,86.84348,140.70131,113.87778,106.82057,135.15358,94.0899,82.07916,101.82856,89.38946,128.6391,141.82532,122.02699,107.88245,86.48566,105.02185,110.3303,138.01588,140.08675,143.1131,129.7392,155.69508,101.95524,114.48784,114.92749,82.41838,118.63377,142.90327,114.57471,81.13834,114.69374,131.92714,109.08002,95.68575,170.92947,104.90234,124.29062,88.36557,129.48837,0.0,109.05171,1
121.79581,113.32848,122.43661,113.54106,156.37779,76.17609,124.30857,129.97083,129.58499,115.34227,109.37846,102.50284,115.70141,79.75729,143.38313,127.3604,73.24752,93.20763,115.55898,156.68352,130.16478,123.64341,82.22307,126.14655,140.1317,121.57968,122.5073,127.86468,97.39339,145.55159,129.98822,105.78166,75.66427,118.91783,117.82553,109.12589,95.29594,137.77983,84.07105,117.75316,92.9299,115.99206,67.41764,161.6926,127.25517,129.60167,71.08433,156.59161,109.05171,0.0,1
