Vértice_1,Vértice_2,Vértice_3,Vértice_4,Vértice_5,Vértice_6,Vértice_7,Vértice_8,Vértice_9,Vértice_10,Vértice_11,Vértice_12,Vértice_13,Vértice_14,Vértice_15,Vértice_16,Vértice_17,Vértice_18,Vértice_19,Vértice_20,Vértice_21,Vértice_22,Vértice_23,Vértice_24,Vértice_25,Vértice_26,Vértice_27,Vértice_28,Vértice_29,Vértice_30,Vértice_31,Vértice_32,Vértice_33,Vértice_34,Vértice_35,Vértice_36,Vértice_37,Vértice_38,Vértice_39,Vértice_40,Vértice_41,Vértice_42,Vértice_43,Vértice_44,Vértice_45,Vértice_46,Vértice_47,Vértice_48,Vértice_49,Vértice_50,Vértice_51,Vértice_52,Vértice_53,Vértice_54,Vértice_55,Vértice_56,Vértice_57,Vértice_58,Vértice_59,Vértice_60,Vértice_61,Vértice_62,Vértice_63,Vértice_64,Vértice_65,Vértice_66,Vértice_67,Vértice_68,Vértice_69,Vértice_70,Vértice_71,Vértice_72,Vértice_73,Vértice_74,Vértice_75,Vértice_76,Vértice_77,Vértice_78,Vértice_79,Vértice_80,Vértice_81,Vértice_82,Vértice_83,Vértice_84,Vértice_85,Vértice_86,Vértice_87,Vértice_88,Vértice_89,Vértice_90,Vértice_91,Vértice_92,Vértice_93,Vértice_94,Vértice_95,Vértice_96,Vértice_97,Vértice_98,Vértice_99,Vértice_100,Conjuntos
0.0,84.83486,123.78426,126.46503,137.21652,138.96931,116.60052,143.69429,170.22852,144.20099,104.20095,105.61649,151.45869,127.46044,72.82554,133.9726,95.41848,130.60991,135.91362,117.98811,141.09219,109.93896,141.35405,78.62261,97.93249,142.39117,127.82429,130.93051,141.72189,123.29733,117.15739,124.63799,104.7963,136.02553,147.77434,120.79648,121.55407,146.93365,128.29147,119.80851,96.27794,119.41251,143.37585,143.30846,102.44833,93.80772,105.18726,117.93181,106.59509,126.70336,138.72978,132.02106,125.31349,120.62604,99.98814,152.33145,111.14942,91.46391,112.03036,139.95528,125.09349,127.3512,114.34366,121.32609,118.80939,108.82745,140.23102,112.32156,118.55499,136.68431,135.17734,146.59389,140.93698,148.03394,97.79894,98.21228,162.92523,138.18904,92.35155,125.00488,77.00683,117.31516,92.84646,119.56525,177.49042,129.54498,128.55896,163.98497,120.55865,145.69283,97.073,150.79228,101.15961,115.24708,139.53662,103.15936,96.53579,102.27741,130.96635,125.31177,1
84.83486,0.0,161.00851,131.95137,136.9931,168.72382,108.97796,165.31816,158.14183,135.79022,100.07075,120.84438,181.2926,128.09659,118.01199,128.7139,125.98801,144.53964,152.9893,123.07777,118.88224,129.45772,144.20744,71.86141,93.61535,122.70863,122.65721,128.04666,139.00235,116.15706,143.33018,135.18259,96.72774,144.12273,127.11905,93.70065,134.59094,181.73686,108.10586,139.92049,123.31934,153.78755,146.95193,134.35159,141.36478,112.23527,137.56146,127.83984,124.35238,135.31268,162.28644,104.34298,137.56537,81.58915,114.39355,179.87685,133.26103,102.66398,114.97063,122.89514,147.50069,136.00401,68.96846,161.8381,137.88219,102.53853,159.42511,119.59663,140.94839,150.89395,126.74623,134.74767,145.17271,133.70682,126.27525,94.50666,170.21999,131.45575,91.7546,123.46058,71.64105,122.98221,117.04529,135.20964,172.55898,146.98439,112.71347,170.36197,122.64178,156.77019,135.64604,158.24846,104.19619,157.61526,149.56952,119.72808,123.52821,143.49698,98.45505,118.49467,1
123.78426,161.00851,0.0,127.6158,145.10973,138.04248,159.31612,157.83817,163.63037,135.04466,147.68195,135.98436,132.48811,139.04909,177.10008,185.7536,125.53341,164.53719,178.71123,165.84663,168.1414,167.02234,181.73788,144.45555,143.32909,195.39905,164.1795,194.70836,102.38687,164.34453,111.80186,136.90205,126.73434,171.11902,169.8905,160.16655,131.48354,117.25349,168.91832,149.67686,124.25578,149.75002,119.86034,176.01826,117.50397,158.31851,128.94382,175.15636,123.89919,134.4453,174.31688,158.64008,107.0537,170.4438,155.38812,142.31488,84.65987,142.07753,148.91608,207.74127,117.57936,161.07422,181.58037,110.71526,124.29583,115.1357,122.73334,180.33342,112.74122,167.21735,173.55573,132.63847,157.90137,182.21674,145.75452,141.98941,159.06902,185.53644,161.1066,159.74605,119.64996,116.29744,145.58995,125.16164,147.65675,91.27222,156.51569,181.49867,150.86174,141.40527,125.35091,168.01822,148.68355,86.25761,145.21855,161.39296,102.09036,144.16406,159.29047,157.45203,1
126.46503,131.95137,127.6158,0.0,111.16761,130.20392,117.69994,147.7753,132.59874,144.41357,137.54216,163.3835,144.36935,129.45929,161.76994,143.02831,118.9204,153.58878,105.75848,145.94081,164.32884,154.14961,142.1638,114.11724,115.99002,159.81871,127.05368,143.92018,86.19361,116.53187,131.45001,167.14262,111.13931,148.31416,171.76894,127.42839,63.24903,129.15019,111.95815,158.05853,145.21097,149.13947,98.06201,124.2735,142.61833,137.03012,158.25092,147.68532,155.51738,107.72556,176.58105,118.25285,120.31535,126.00038,149.28966,114.65441,131.96931,111.50731,69.04081,152.04401,131.62091,147.58618,125.96014,112.96314,95.11101,123.91503,139.93622,146.03442,132.41301,125.13511,141.15869,126.64357,110.27174,149.23756,137.95981,131.86086,127.77577,171.19991,152.14851,163.67953,127.41222,134.11018,123.51511,128.1297,139.89661,146.94684,101.17009,113.63758,102.70264,138.862,144.82393,104.59271,135.19136,147.4496,134.83772,124.43337,168.3499,147.62984,113.28763,114.01921,1
137.21652,136.9931,145.10973,111.16761,0.0,106.82875,93.36469,162.80374,122.05419,135.14883,94.85596,141.04608,158.51315,109.14619,151.5696,166.34081,153.63826,140.91652,160.24834,121.39954,176.97412,163.15852,174.39479,143.13588,144.03653,156.57106,146.45596,157.01579,119.96825,143.16869,107.62158,137.93607,142.77379,132.49063,178.47052,88.90449,129.07776,126.54189,142.69833,175.9012,131.60455,120.27864,134.40149,147.11137,118.26678,147.25594,151.61131,147.99704,169.42833,94.36897,149.51402,88.4492,96.88549,149.12637,138.68907,153.18239,142.58594,116.39508,114.78802,173.5466,106.46487,147.93851,144.47993,145.04004,126.38748,136.20723,158.31206,101.14511,128.87775,135.37688,167.19359,135.28348,121.45174,118.9301,153.10339,148.86368,125.28104,142.50427,158.78873,154.12048,136.88147,133.05975,119.83235,136.28343,134.77943,168.23717,95.47717,160.80688,84.77148,159.68025,125.83995,166.14383,172.64072,144.23807,177.75429,161.73828,143.89848,158.4407,114.7795,136.77458,1
138.96931,168.72382,138.04248,130.20392,106.82875,0.0,127.53777,116.92,145.91748,166.91441,120.92619,153.81216,160.39468,118.75859,157.15921,175.78098,153.30737,129.20917,157.0735,152.10109,201.49527,137.8812,183.68759,147.45004,152.21951,143.35741,151.77652,140.13712,154.95261,172.83076,84.67644,161.65627,162.22704,152.47798,176.97157,134.34767,165.80998,77.65839,150.81229,187.49571,171.06023,139.95811,134.72188,169.15575,109.25424,115.50625,148.60025,164.03761,178.0002,131.30571,161.08388,146.50989,110.21945,183.68953,107.74949,146.02254,154.45409,142.59558,140.64598,185.78961,141.50916,155.41913,162.48106,117.36107,107.47134,166.63458,172.49159,151.05998,135.20157,137.28406,186.21573,154.74178,130.92592,122.0163,163.28215,171.47162,138.32251,121.28972,188.11124,146.16595,156.76389,121.79543,147.84796,132.93187,123.80936,158.89635,134.52249,141.16124,129.7113,117.94451,143.86319,177.04788,167.56879,132.15755,140.85104,157.54198,156.42053,177.64455,130.45992,148.69044,1
116.60052,108.97796,159.31612,117.69994,93.36469,127.53777,0.0,139.17352,109.36919,91.92725,61.75033,104.74266,143.36696,103.66825,123.52623,106.49342,154.83047,100.48325,156.1067,79.97556,147.98625,124.54424,142.54185,107.00586,94.69904,105.05184,90.16025,128.18922,141.49326,100.43751,119.7907,119.49641,114.49784,93.77836,128.78764,64.90479,123.88498,150.66309,104.1095,155.61119,134.63771,127.05973,110.91901,101.01965,148.10887,134.2494,140.46127,121.27863,128.67346,95.40402,121.9409,104.62823,97.3692,131.12354,112.03625,139.13266,153.5253,84.39503,114.04682,136.46634,102.67092,143.89523,128.95486,133.95241,128.90782,115.05631,152.93845,99.78534,114.04194,98.38271,133.82654,112.67121,100.74328,123.01556,118.68409,95.37759,125.0181,118.04227,110.10287,118.60605,123.63812,125.31792,118.09077,155.2301,143.37511,146.75969,97.49037,119.10713,79.58549,121.29942,123.70975,137.41942,157.02986,175.6021,141.89372,109.00391,143.13776,140.64058,113.54778,119.13152,1
143.69429,165.31816,157.83817,147.7753,162.80374,116.92,139.17352,0.0,143.40211,160.00104,149.81052,135.38031,118.20791,138.94426,148.16132,163.43837,161.43788,104.92308,141.00639,183.8564,176.95869,97.21666,152.71962,117.06392,118.14459,144.09575,145.5901,123.72473,172.33369,135.91293,107.43983,169.11998,151.80751,155.06815,182.66675,155.96558,176.75035,133.9518,171.20648,158.67976,166.99651,207.38889,143.9351,142.81322,140.82384,122.84135,153.01906,142.75076,162.2234,143.5775,136.7186,165.06288,134.32596,211.6694,138.39487,128.73618,158.01331,177.10536,149.2323,182.58807,182.91988,190.15704,160.95461,117.92384,134.56009,141.60266,144.07983,173.64566,134.55753,132.67067,137.29192,170.60083,131.89253,145.98727,170.33087,159.86185,179.51454,141.79903,170.02066,154.76801,175.19376,127.5652,165.29303,167.85501,170.22766,140.311,130.42474,113.65343,154.98311,85.06756,139.59854,132.52312,177.21404,145.3472,83.09259,114.4164,179.37743,194.74454,119.85923,173.01353,1
170.22852,158.14183,163.63037,132.59874,122.05419,145.91748,109.36919,143.40211,0.0,137.42497,134.37411,150.81606,157.82549,102.54507,179.72263,149.99393,169.84488,138.29031,163.73836,147.19452,167.83188,148.46202,141.82048,148.32799,126.09527,153.41776,120.06033,141.4543,130.53358,108.73225,103.18185,135.90933,111.40282,144.94269,172.55777,92.27182,142.26019,164.41292,140.97188,156.90187,167.08977,170.75943,129.39441,103.05785,165.73404,180.03697,144.47327,135.77527,157.82396,99.37253,128.82585,102.63188,129.39027,170.73714,166.09993,126.50421,161.38693,143.49936,129.80226,154.30421,152.72852,180.57173,154.32756,160.76381,162.06593,152.88371,155.68672,144.21167,121.91234,150.0442,123.05411,121.14548,137.81421,117.24878,159.72499,129.54568,149.19748,146.14557,171.05637,117.86224,175.77878,134.94543,186.6201,162.36723,127.59793,144.39862,116.63287,118.94738,139.92723,127.32814,145.6154,172.61877,205.45308,169.13708,130.77359,151.88579,168.9577,179.01074,128.22803,137.43666,1
144.20099,135.79022,135.04466,144.41357,135.14883,166.91441,91.92725,160.00104,137.42497,0.0,99.15198,96.80887,135.86269,126.0133,174.87779,146.9445,175.25284,129.00562,204.47284,133.29979,146.28398,166.28131,169.38174,127.00614,113.00556,140.26259,121.66405,194.26096,137.22873,129.11635,144.72115,131.04822,134.51761,124.82268,128.79834,120.45629,145.83612,160.21335,152.78883,156.11885,142.84882,167.81461,98.06238,127.35468,172.88971,167.88339,144.08401,155.11693,125.44971,119.74393,161.58479,146.33704,105.08672,161.95155,142.82393,145.14676,139.46223,128.13062,154.23883,190.08548,89.94434,170.40256,172.80421,150.64873,151.80888,87.57341,137.54324,153.60143,119.30193,127.44944,157.16936,104.58157,121.52331,178.96985,156.72849,105.58819,141.79758,158.04645,116.8908,150.52008,132.93735,125.75904,141.47031,168.60126,160.13445,112.47173,128.16519,154.04869,123.90308,136.89247,135.5974,150.6801,164.88644,178.20583,149.54977,137.62546,140.07762,169.01471,145.85162,157.65591,1
104.20095,100.07075,147.68195,137.54216,94.85596,120.92619,61.75033,149.81052,134.37411,99.15198,0.0,98.09403,169.58852,84.13013,127.28481,148.47186,141.51772,125.26519,177.21082,100.22263,150.99306,143.72455,173.05902,111.75229,96.34354,110.33894,115.16428,143.72046,141.50572,120.57993,112.74205,116.77502,125.65575,133.92354,135.21638,81.77032,144.35774,152.69432,127.20456,155.62738,138.99438,125.80643,128.74178,128.76007,130.30734,122.57045,126.7384,137.98001,126.4538,101.41444,137.48982,118.93746,95.92792,130.48215,98.26453,156.4498,147.63092,89.0922,125.41766,153.72954,97.16154,116.22831,130.36023,154.40863,134.72299,117.98864,170.34007,94.51432,131.65967,120.79095,154.90051,121.44795,136.71817,136.85437,130.67464,102.1105,153.66705,109.87482,116.80391,106.76878,104.49087,130.25987,125.14843,121.6468,155.31221,136.06371,104.90525,158.64659,93.68365,136.34001,118.84254,167.79788,153.30803,156.80051,159.92999,137.07463,109.9107,147.14162,116.57213,140.48579,1
105.61649,120.84438,135.98436,163.3835,141.04608,153.81216,104.74266,135.38031,150.81606,96.80887,98.09403,0.0,138.37791,139.07291,127.39175,133.25278,141.46178,84.98985,178.55258,139.01874,114.13649,129.75305,134.04927,120.75617,111.27333,128.46394,144.77803,160.14851,153.70299,129.16621,126.93484,117.75525,121.68359,116.26775,125.68502,116.72791,158.99672,159.05586,155.79199,155.44373,101.90744,159.368,122.4057,144.31769,124.21572,124.08555,124.24934,131.75545,121.59877,109.09167,104.2253,131.78683,130.83821,167.58018,119.17163,145.19339,138.46706,120.745,144.1761,190.60461,115.704,140.73347,159.29799,135.60547,131.25482,105.25501,151.3076,139.07013,97.49315,117.09072,119.93858,114.15649,129.46713,149.2243,150.83209,100.70934,164.33058,128.85294,83.74846,121.20467,128.2341,117.69421,140.58755,162.43755,187.10695,102.97579,117.38035,164.79504,149.302,122.6319,115.33807,163.87573,146.00702,148.24309,135.94279,108.73225,112.1729,164.31221,140.29207,172.79715,1
151.45869,181.2926,132.48811,144.36935,158.51315,160.39468,143.36696,118.20791,157.82549,135.86269,169.58852,138.37791,0.0,172.39963,157.12292,157.22884,182.42586,128.36798,172.03734,162.49876,178.31143,128.31007,163.43073,137.51294,150.1076,193.99451,147.62926,179.64252,158.61009,148.14745,134.33488,143.4608,154.57584,126.01271,193.1143,165.26219,150.17513,138.66261,181.7037,154.84781,128.23045,187.88567,144.55049,161.98288,155.56561,178.60698,166.84377,146.50229,139.34702,156.5251,144.95287,170.48557,115.62877,213.68671,180.30936,142.23073,135.38736,177.86084,168.63423,197.29898,154.58698,225.47264,199.07425,96.48847,156.14629,107.29704,76.59703,184.18567,103.61932,143.83017,158.59442,169.8121,121.10159,180.84686,147.19872,156.73531,151.38034,193.43762,157.35387,198.73079,170.21588,130.44745,135.44582,205.14824,172.05701,153.54468,158.04251,143.1022,136.30716,133.36867,119.42235,111.77702,187.7614,150.56685,131.84023,132.61929,174.84433,161.08258,163.32364,163.75058,2
127.46044,128.09659,139.04909,129.45929,109.14619,118.75859,103.66825,138.94426,102.54507,126.0133,84.13013,139.07291,172.39963,0.0,149.88531,178.95999,144.89429,153.27324,169.08453,139.18341,183.42244,150.68015,178.46306,116.26569,93.3555,143.50165,119.02853,151.55249,132.82878,111.84513,81.24684,136.24532,125.19394,165.8214,173.90611,102.16301,145.57253,146.44753,153.11867,117.79115,160.73712,148.91386,139.28986,103.21687,143.18306,147.58482,97.74298,139.67975,142.03531,98.38915,152.66643,126.75673,101.2544,154.71805,123.0961,134.33089,130.73071,123.84993,124.73179,150.94464,123.71803,144.72469,131.54065,165.74486,155.60332,136.22333,156.42148,101.06068,145.74342,155.57002,155.62672,143.2803,154.66939,145.09746,145.72469,123.09435,166.18315,132.60893,161.33998,102.88685,135.52937,130.25316,152.48233,88.88084,137.45496,125.59668,115.7848,149.93527,114.36314,143.3239,116.09431,179.6483,179.03223,133.01537,145.81549,153.94336,122.95304,152.0141,115.92258,136.90123,1
72.82554,118.01199,177.10008,161.76994,151.5696,157.15921,123.52623,148.16132,179.72263,174.87779,127.28481,127.39175,157.12292,149.88531,0.0,138.46439,146.94456,129.32451,143.10352,120.89107,176.00212,95.84304,149.48184,104.32087,125.36018,159.0576,141.98969,125.99088,190.46997,134.38188,133.39172,140.34772,140.38623,130.32143,181.85236,129.94052,156.84329,173.42996,156.04787,130.68729,112.32566,137.35568,185.19354,148.90146,131.65717,125.00611,127.97209,112.11023,139.32431,149.64549,121.95972,146.06635,148.9649,162.81122,124.41255,175.44954,149.41916,125.62135,142.44548,139.42444,160.01549,173.18471,133.71976,144.24278,159.49498,144.56544,154.77466,101.01104,140.37701,153.76584,146.19496,189.35449,153.16719,149.21552,109.56143,131.7739,180.97345,148.97253,117.7694,147.10605,132.88004,145.81517,105.50909,168.17854,201.16861,178.24287,150.21931,172.62465,131.7394,168.70863,105.56713,167.61653,152.85101,151.01375,162.23888,111.57719,139.69388,113.12756,150.71913,142.8878,1
133.9726,128.7139,185.7536,143.02831,166.34081,175.78098,106.49342,163.43837,149.99393,146.9445,148.47186,133.25278,157.22884,178.95999,138.46439,0.0,172.45462,100.45663,149.13797,111.34193,141.65739,108.66451,94.97517,125.67017,136.62074,124.36279,116.69422,128.53864,175.58673,139.61693,165.834,153.1942,112.24108,80.21717,105.32928,110.65834,141.19777,178.01395,87.15825,181.78436,144.06728,153.28815,125.23489,136.03561,179.42671,146.52972,172.14198,136.03525,146.97144,150.9406,143.3468,127.77631,161.91983,134.1657,134.9265,166.81184,172.72101,110.60577,141.46277,141.98143,159.85986,183.2612,138.88361,125.26629,134.25096,147.13055,164.50664,166.82722,114.71706,129.59979,123.58863,125.94148,105.83942,128.78848,128.91228,113.73838,130.49971,146.45789,111.0516,142.65529,147.0188,128.3954,145.20522,209.83937,164.69727,167.82295,149.24301,122.37932,152.47588,128.20236,169.62994,150.25763,135.85518,206.50504,125.94933,84.97012,180.7908,154.20807,150.09068,116.1596,1
95.41848,125.98801,125.53341,118.9204,153.63826,153.30737,154.83047,161.43788,169.84488,175.25284,141.51772,141.46178,182.42586,144.89429,146.94456,172.45462,0.0,169.62743,134.29128,173.90686,124.49731,163.33185,146.79326,127.73522,120.86681,165.50267,155.95531,140.12866,102.1151,125.44734,134.18304,150.38524,104.88554,188.89726,184.96242,152.49492,105.95515,166.88553,142.64067,162.80202,139.92007,156.86015,143.51022,169.12592,96.43982,112.84962,141.37247,139.2155,136.60803,119.72694,158.22488,143.77846,162.64452,134.21381,153.90649,132.93521,151.82794,119.87106,83.17384,163.4025,151.69853,95.91959,144.35971,149.82681,118.14249,140.94737,178.21021,154.03557,135.62422,136.27911,126.06461,134.09592,169.58907,164.40582,145.39325,113.37746,189.73772,160.54372,128.86667,140.675,119.71419,156.42067,162.88905,102.27792,202.64684,130.45879,117.74742,167.3085,155.06508,155.24283,130.40536,157.13995,134.7009,118.04091,151.02956,142.94398,132.37689,159.83939,150.31149,164.00542,1
130.60991,144.53964,164.53719,153.58878,140.91652,129.20917,100.48325,104.92308,138.29031,129.00562,125.26519,84.98985,128.36798,153.27324,129.32451,100.45663,169.62743,0.0,150.60237,140.76462,150.67842,95.72707,107.78191,125.98096,130.22444,111.23799,141.09814,134.01962,176.93834,143.43637,125.82919,151.85716,138.30905,78.12281,125.76849,114.23656,168.66968,135.06241,142.2072,174.42978,130.23933,165.99876,115.06365,134.51953,141.97606,116.08976,146.12512,132.47133,161.37289,121.45169,107.18658,127.41956,139.89182,183.19374,106.85244,138.57323,156.35284,134.04048,145.27721,184.80495,144.19704,171.60399,153.26004,108.67478,114.00547,139.23726,153.43651,150.88632,99.87133,108.06979,122.89657,130.09834,87.5823,115.13222,161.71213,136.17537,134.9734,115.91798,124.72639,133.79039,161.60861,105.81728,141.6176,188.97366,162.89542,138.96819,121.13442,121.45815,153.03517,96.0947,143.13901,154.06519,149.85316,170.5685,106.51453,83.19146,164.51175,179.11296,128.83728,157.27637,1
135.91362,152.9893,178.71123,105.75848,160.24834,157.0735,156.1067,141.00639,163.73836,204.47284,177.21082,178.55258,172.03734,169.08453,143.10352,149.13797,134.29128,150.60237,0.0,181.9738,187.73126,136.28374,123.22985,137.0498,132.29811,185.69836,177.89415,117.86038,159.55179,132.86436,156.1282,206.18246,129.57982,170.79546,198.56567,156.67332,125.81811,173.68747,147.01276,173.53055,149.56708,188.86433,156.62703,137.70279,157.91965,138.12238,179.34138,165.91319,190.28038,132.63696,157.90244,135.04964,174.72218,169.72676,167.42311,144.351,162.38826,143.23344,96.3037,174.47858,197.70299,164.25874,120.14072,126.75771,114.45244,175.31619,180.28871,160.41525,168.04926,161.28169,121.36245,181.65157,151.187,149.30388,160.19853,169.02245,189.82314,192.4003,174.79955,167.64557,168.54131,169.07423,156.69041,162.34834,190.43547,175.48576,129.53957,139.86258,163.49551,150.68483,176.11261,135.59142,157.16559,164.97583,141.64883,106.35296,195.21361,165.83702,122.82375,159.83296,2
117.98811,123.07777,165.84663,145.94081,121.39954,152.10109,79.97556,183.8564,147.19452,133.29979,100.22263,139.01874,162.49876,139.18341,120.89107,111.34193,173.90686,140.76462,181.9738,0.0,173.63132,130.84647,172.18604,132.49643,137.409,149.75421,105.61324,146.35349,165.92502,145.2961,138.7303,105.24406,123.8036,104.03116,134.52881,85.25332,138.34157,169.69432,102.27589,166.48497,134.88943,88.35128,153.13274,148.09494,161.20515,165.39314,154.65913,144.17566,117.325,146.30054,144.36642,126.3064,107.63734,120.37415,131.1515,188.69397,155.66467,86.36816,153.27339,129.84898,120.73859,173.39719,147.24875,141.56163,158.1852,138.4137,160.22321,122.6973,124.93021,151.46767,172.8484,143.93661,140.54526,138.15686,78.55602,113.43526,133.57655,148.07497,128.77457,135.2856,112.92468,136.81758,115.69782,180.30261,140.83597,177.53241,158.9305,165.45625,94.84438,156.33759,136.64571,174.93451,163.77463,184.51445,175.11195,142.75461,132.27568,99.35476,154.14992,97.04533,1
141.09219,118.88224,168.1414,164.32884,176.97412,201.49527,147.98625,176.95869,167.83188,146.28398,150.99306,114.13649,178.31143,183.42244,176.00212,141.65739,124.49731,150.67842,187.73126,173.63132,0.0,164.92314,133.39798,137.72572,138.36168,143.39345,150.11485,153.8598,130.85408,133.35214,172.26178,132.67537,108.61494,164.97165,146.16162,141.34912,148.13376,206.58545,137.19667,196.41479,146.08385,196.74379,144.0265,182.24196,145.52979,145.21049,181.59009,138.08311,131.15729,149.21306,153.6525,139.15608,178.52342,141.70944,175.04291,172.53604,183.44664,148.18774,136.69371,172.32164,169.69797,150.58595,162.51665,174.08951,151.43272,118.57819,180.8282,188.69337,119.57581,130.46767,105.76094,103.97759,159.75818,159.54131,168.7798,97.01257,189.19095,152.81764,89.9742,155.32237,135.85495,153.11441,185.6378,186.45427,214.84682,144.78081,124.33939,174.5484,173.68294,150.26093,157.77115,159.10092,149.66196,181.74448,151.64421,145.03043,159.95354,201.981,156.34601,178.29581,2
109.93896,129.45772,167.02234,154.14961,163.15852,137.8812,124.54424,97.21666,148.46202,166.28131,143.72455,129.75305,128.31007,150.68015,95.84304,108.66451,163.33185,95.72707,136.28374,130.84647,164.92314,0.0,128.90033,95.70852,121.73943,136.67152,121.63484,93.08342,184.48784,138.48232,113.53516,137.59126,123.43715,113.86363,147.42906,122.6153,168.45773,151.28625,131.34395,142.05075,135.83022,166.26985,159.39149,141.70537,141.80994,121.60592,140.79561,119.53912,133.14029,159.22021,121.4165,140.1573,134.74161,170.67641,116.74989,167.53883,143.52518,146.49629,153.91739,134.72479,180.06631,195.49673,128.05215,109.73158,142.44794,137.69801,133.21562,154.35262,115.91911,150.79277,130.21458,169.04187,129.34473,113.64616,117.33739,136.03435,161.66829,129.10367,139.49867,132.69878,142.75246,104.78344,134.43718,183.93433,154.73918,158.59134,152.18689,131.84779,144.99435,107.47892,131.74863,151.76779,148.25902,153.11937,95.86989,93.45306,156.06474,144.52596,124.32357,121.77961,1
141.35405,144.20744,181.73788,142.1638,174.39479,183.68759,142.54185,152.71962,141.82048,169.38174,173.05902,134.04927,163.43073,178.46306,149.48184,94.97517,146.79326,107.78191,123.22985,172.18604,133.39798,128.90033,0.0,133.77718,139.54182,144.27255,150.12604,138.59285,162.13881,127.25453,158.2386,175.74686,113.12841,120.44612,156.31154,134.26558,138.62086,177.34071,138.53053,167.34294,139.67445,182.44943,128.65871,128.52176,163.99591,140.16878,152.77205,118.96677,175.33481,127.31509,135.00098,122.00911,191.39313,163.99542,154.63145,126.33916,168.22701,138.8549,116.12823,166.56792,173.44881,176.11719,144.12439,142.50307,133.73027,158.97879,163.8555,165.8867,115.98774,132.93497,74.61502,130.91983,115.04063,133.73146,171.99704,126.32735,153.66008,155.14355,121.90277,146.74622,176.21986,135.14229,171.19395,193.86943,194.39969,151.26256,126.1282,121.10632,184.28934,143.5079,161.21033,158.24477,146.06715,182.37311,112.22155,86.4588,190.85521,183.92128,152.51396,153.40181,1
78.62261,71.86141,144.45555,114.11724,143.13588,147.45004,107.00586,117.06392,148.32799,127.00614,111.75229,120.75617,137.51294,116.26569,104.32087,125.67017,127.73522,125.98096,137.0498,132.49643,137.72572,95.70852,133.77718,0.0,75.16,117.72477,94.91467,121.17882,140.23795,100.80463,119.5372,136.78976,106.45952,130.7784,143.9688,113.75345,128.17545,149.07445,121.57224,104.0527,128.94255,162.27859,133.1949,113.12447,137.16588,101.18739,116.2263,101.54192,116.33137,135.79472,157.33569,129.34413,120.65396,125.29158,105.00488,144.98022,116.67443,123.12138,113.03065,114.12435,144.2473,162.77324,92.07381,132.33629,132.01987,83.64673,115.54288,125.01678,123.95347,131.63667,122.96111,145.1673,117.83797,141.61168,119.4155,97.98824,153.38045,128.38626,101.69868,135.98904,96.9464,100.53858,101.4862,134.90038,161.53659,133.48807,112.82228,129.65756,110.30702,131.87627,108.2095,121.32131,108.01862,138.74783,106.01963,92.55782,138.58083,137.97333,99.19146,107.62851,1
97.93249,93.61535,143.32909,115.99002,144.03653,152.21951,94.69904,118.14459,126.09527,113.00556,96.34354,111.27333,150.1076,93.3555,125.36018,136.62074,120.86681,130.22444,132.29811,137.409,138.36168,121.73943,139.54182,75.16,0.0,130.81702,108.81701,124.57204,132.07906,62.62835,122.50659,140.93703,87.83851,152.5685,144.83757,112.88873,120.68333,173.04657,127.70314,112.81938,136.76814,172.35033,122.72711,81.93639,151.99292,127.16269,122.78669,130.31822,107.85056,102.15222,134.11145,130.78711,118.30484,136.29315,127.16965,126.64268,132.51181,107.78699,103.43533,138.93295,141.64771,132.4895,106.98277,141.36298,134.35503,103.09663,148.24666,123.16267,138.6151,130.17331,103.44674,133.01959,143.43385,156.63792,121.43221,84.51032,181.21638,147.73679,112.38549,105.6003,112.33073,136.36993,140.07054,119.52216,171.23473,105.512,103.55344,130.0145,120.05133,115.62738,125.38148,124.72734,145.87296,151.16078,115.32087,92.06567,130.556,139.9617,101.31536,140.96623,1
142.39117,122.70863,195.39905,159.81871,156.57106,143.35741,105.05184,144.09575,153.41776,140.26259,110.33894,128.46394,193.99451,143.50165,159.0576,124.36279,165.50267,111.23799,185.69836,149.75421,143.39345,136.67152,144.27255,117.72477,130.81702,0.0,111.04806,130.80264,177.71066,149.05135,149.18805,163.27499,150.28004,132.03282,121.91966,114.92402,178.28017,162.09428,118.28808,192.68846,190.57753,174.70445,127.97561,148.77736,162.92104,99.85239,158.09418,129.97836,171.58014,148.52336,171.13582,146.27406,164.30577,148.50819,90.71232,161.6058,194.61275,135.13255,141.9801,147.35828,154.20773,154.45837,138.58403,171.24182,139.80377,153.92342,195.02666,156.30241,140.01962,106.27245,151.69682,122.16236,116.4365,125.51154,178.45682,123.17325,145.49651,62.15493,127.30779,129.39522,154.08018,126.62139,167.39873,173.42775,173.40135,164.08946,121.43329,123.30972,153.00175,127.66662,165.32709,176.5631,141.08192,201.384,127.38889,129.27931,182.91835,208.4678,135.80185,147.49501,1
127.82429,122.65721,164.1795,127.05368,146.45596,151.77652,90.16025,145.5901,120.06033,121.66405,115.16428,144.77803,147.62926,119.02853,141.98969,116.69422,155.95531,141.09814,177.89415,105.61324,150.11485,121.63484,150.12604,94.91467,108.81701,111.04806,0.0,130.04424,144.70345,106.87715,124.64642,111.87783,115.42165,124.06083,148.5768,105.34225,127.49849,159.4926,102.69102,139.33603,170.66382,144.62242,131.53716,120.71073,164.34338,149.03125,136.73384,95.82462,110.95546,144.98985,159.22028,144.3895,122.84132,131.79782,132.10123,142.89276,163.93312,122.85854,132.23964,84.39787,134.13898,182.04359,145.59172,151.0486,162.39195,118.46236,136.1438,141.20808,112.721,118.95612,146.05966,127.3277,120.31155,144.31377,110.61253,83.88492,128.24358,121.49645,122.44758,135.42984,133.43919,121.63834,144.26447,166.67523,146.28214,157.54836,136.75455,103.01042,102.44005,132.59645,120.34628,141.06815,161.50938,179.33051,122.28497,130.65399,162.63431,146.50227,147.12842,90.14185,1
130.93051,128.04666,194.70836,143.92018,157.01579,140.13712,128.18922,123.72473,141.4543,194.26096,143.72046,160.14851,179.64252,151.55249,125.99088,128.53864,140.12866,134.01962,117.86038,146.35349,153.8598,93.08342,138.59285,121.17882,124.57204,130.80264,130.04424,0.0,170.7184,126.55454,131.83803,154.1208,117.95467,158.24007,169.4879,119.1345,157.64322,182.19034,107.95638,183.39561,170.0174,176.86443,170.43863,152.99242,141.28419,119.14153,176.35168,130.96495,155.58578,151.54752,130.64821,128.37802,159.48685,151.39832,142.71861,172.80132,188.9575,141.45776,123.41816,113.99981,200.63673,162.93689,113.32074,148.08527,140.9995,167.34283,189.20117,155.10504,146.99207,143.22394,120.74366,164.69603,155.75304,96.85805,133.8508,139.08188,186.33405,125.29465,155.94077,127.10284,152.54337,152.24237,171.61169,171.55052,174.0388,184.01538,130.6629,130.56442,145.91272,120.18311,160.76871,155.61923,167.47295,175.96706,127.72664,124.24035,178.88667,173.96312,115.47617,136.9958,1
141.72189,139.00235,102.38687,86.19361,119.96825,154.95261,141.49326,172.33369,130.53358,137.22873,141.50572,153.70299,158.61009,132.82878,190.46997,175.58673,102.1151,176.93834,159.55179,165.92502,130.85408,184.48784,162.13881,140.23795,132.07906,177.71066,144.70345,170.7184,0.0,125.69329,130.43285,139.75645,102.59246,177.12953,179.35658,135.17917,82.77807,152.49646,137.42787,168.91504,143.56734,161.25044,110.78933,158.13728,126.99107,159.59903,158.37624,154.64572,139.35219,108.14336,176.38036,120.45764,127.71685,132.00478,176.3615,128.88951,134.61215,130.69916,94.70499,174.20822,127.91447,138.24759,156.94299,147.02647,124.44747,113.70402,147.87561,165.79588,121.75143,141.68761,141.3631,100.76469,148.20784,162.13387,155.1304,121.07573,154.30194,176.97658,149.97786,160.9248,124.81306,141.49312,161.42509,120.62465,157.57616,126.49213,106.41146,157.57094,129.17021,152.82997,138.21321,142.33696,157.49895,130.10092,154.90903,165.02173,143.67395,169.42616,136.37593,146.36171,1
123.29733,116.15706,164.34453,116.53187,143.16869,172.83076,100.43751,135.91293,108.73225,129.11635,120.57993,129.16621,148.14745,111.84513,134.38188,139.61693,125.44734,143.43637,132.86436,145.2961,133.35214,138.48232,127.25453,100.80463,62.62835,149.05135,106.87715,126.55454,125.69329,0.0,132.98061,137.47075,90.90868,154.29709,178.38329,115.10748,103.58191,190.66533,137.53687,121.90292,141.62286,178.58185,138.08577,81.19636,159.18626,154.61716,138.75218,107.74883,121.62308,96.04024,121.85691,124.98517,139.42715,148.3559,164.40732,114.28466,157.77803,122.51446,91.21709,128.11081,150.5318,151.94258,130.33861,159.20763,156.84302,115.70229,148.79611,119.5631,134.90541,123.41123,82.17317,137.30499,144.99017,158.85477,129.61925,83.61713,181.80177,161.75394,115.20218,129.37476,143.94467,157.6575,157.29613,145.30273,190.07813,136.19519,95.03188,121.54007,120.33456,140.05743,119.54139,118.04111,177.46785,165.87453,133.47986,108.97781,158.41522,150.53076,124.93697,147.72145,1
117.15739,143.33018,111.80186,131.45001,107.62158,84.67644,119.7907,107.43983,103.18185,144.72115,112.74205,126.93484,134.33488,81.24684,133.39172,165.834,134.18304,125.82919,156.1282,138.7303,172.26178,113.53516,158.2386,119.5372,122.50659,149.18805,124.64642,131.83803,130.43285,132.98061,0.0,110.88467,121.23894,142.99231,173.53423,107.76745,148.39163,103.8,151.55524,126.42809,136.18788,134.92229,138.27925,137.52402,94.56713,130.64246,93.40588,120.18405,134.40842,110.4481,124.0266,120.25118,94.77975,170.90581,118.76765,128.0605,114.2979,137.19623,131.42044,155.16704,131.51546,162.12207,146.98009,124.87693,135.70772,132.85428,125.91528,125.05807,100.0869,146.77171,146.81882,140.94052,136.23027,112.17377,135.02498,133.08461,144.23976,117.88858,160.69122,112.63134,139.41148,94.10017,144.49379,116.27148,120.77595,123.94044,123.96848,140.86682,123.86234,118.36192,90.53492,173.696,169.98698,87.7467,118.12403,145.78305,115.24501,146.95035,122.19728,128.03461,1
124.63799,135.18259,136.90205,167.14262,137.93607,161.65627,119.49641,169.11998,135.90933,131.04822,116.77502,117.75525,143.4608,136.24532,140.34772,153.1942,150.38524,151.85716,206.18246,105.24406,132.67537,137.59126,175.74686,136.78976,140.93703,163.27499,111.87783,154.1208,139.75645,137.47075,110.88467,0.0,114.27477,140.20837,162.21742,109.46629,149.92053,172.59267,142.68469,154.22159,128.79752,129.93307,163.84853,172.58447,124.94858,170.49547,137.61987,118.83866,78.68141,147.08987,123.44099,136.85847,111.84947,152.70561,159.34096,177.29178,149.82176,134.81873,161.89957,142.64963,131.1386,178.84569,176.44597,156.20872,176.49771,113.83773,137.51767,147.50522,89.38699,152.33545,154.90033,132.57021,162.69658,145.23643,103.77147,97.28249,161.23369,141.75594,122.6948,134.44069,121.97789,128.50819,154.72852,171.96417,163.20941,150.93961,154.37399,178.64432,122.88497,150.87129,94.73641,180.85551,184.22971,144.62747,163.03522,166.93591,104.82365,135.53784,166.07785,134.97978,1
104.7963,96.72774,126.73434,111.13931,142.77379,162.22704,114.49784,151.80751,111.40282,134.51761,125.65575,121.68359,154.57584,125.19394,140.38623,112.24108,104.88554,138.30905,129.57982,123.8036,108.61494,123.43715,113.12841,106.45952,87.83851,150.28004,115.42165,117.95467,102.59246,90.90868,121.23894,114.27477,0.0,143.45642,128.12918,96.38499,97.62955,174.62901,94.33067,135.24165,115.79321,147.40633,118.81416,117.56178,138.03229,143.15334,132.89145,130.08224,94.6087,107.79974,126.05029,96.80325,129.5764,103.16119,146.14946,141.15926,124.60517,93.63811,100.22739,130.11833,145.66821,134.84222,110.56854,129.58133,126.28664,113.67596,144.85068,145.90491,106.67588,145.84073,86.20905,101.2646,146.28452,128.74452,102.31943,73.73818,163.75217,153.64774,111.5083,96.23385,101.96049,122.57517,152.82249,137.30305,150.42206,109.01289,119.12569,142.24773,136.92747,119.46688,134.37102,146.07268,137.19604,142.09204,117.83912,109.96241,117.39445,125.6153,117.80968,114.76984,1
136.02553,144.12273,171.11902,148.31416,132.49063,152.47798,93.77836,155.06815,144.94269,124.82268,133.92354,116.26775,126.01271,165.8214,130.32143,80.21717,188.89726,78.12281,170.79546,104.03116,164.97165,113.86363,120.44612,130.7784,152.5685,132.03282,124.06083,158.24007,177.12953,154.29709,142.99231,140.20837,143.45642,0.0,130.41711,103.98669,153.56232,140.04709,130.55894,171.72771,124.67826,134.13373,125.44397,140.71906,161.77258,149.89613,152.62976,125.58924,158.65767,140.77266,136.40547,123.58174,135.91063,164.38475,123.66692,159.40198,153.02696,124.89345,154.59203,166.56775,125.38108,198.45377,161.01639,117.65845,138.77057,134.41171,133.9752,143.89137,93.28603,123.9394,150.47629,134.97893,71.55498,126.08565,142.84419,133.69052,91.09489,137.12177,120.21159,160.17503,155.41025,104.64371,114.12227,208.08954,150.40155,169.50864,143.02017,132.63997,132.14467,140.98674,139.14966,158.6337,150.76643,186.90106,140.26245,107.39786,171.05476,153.67902,152.24223,122.17614,1
147.77434,127.11905,169.8905,171.76894,178.47052,176.97157,128.78764,182.66675,172.55777,128.79834,135.21638,125.68502,193.1143,173.90611,181.85236,105.32928,184.96242,125.76849,198.56567,134.52881,146.16162,147.42906,156.31154,143.9688,144.83757,121.91966,148.5768,169.4879,179.35658,178.38329,173.53423,162.21742,128.12918,130.41711,0.0,124.09686,181.42668,181.73625,108.3309,202.18248,164.96536,170.09225,118.57556,167.18066,187.89476,149.03041,176.12093,188.40096,149.0327,166.83743,181.63516,147.39011,155.66539,132.29268,117.15749,199.79469,164.86121,121.29124,176.3943,188.42455,156.8517,167.05043,147.03795,149.47034,135.28137,148.97057,191.94246,194.99081,141.07683,164.49078,165.8187,110.23912,145.14342,150.00075,160.44415,129.90643,157.14459,144.12169,133.77296,126.77309,126.06631,121.23618,168.04352,195.1295,150.80376,139.3002,168.88213,173.91913,177.63733,125.01169,196.32835,194.85789,122.97537,206.7522,142.04004,132.0963,153.15416,182.12016,148.38315,146.19502,2
120.79648,93.70065,160.16655,127.42839,88.90449,134.34767,64.90479,155.96558,92.27182,120.45629,81.77032,116.72791,165.26219,102.16301,129.94052,110.65834,152.49492,114.23656,156.67332,85.25332,141.34912,122.6153,134.26558,113.75345,112.88873,114.92402,105.34225,119.1345,135.17917,115.10748,107.76745,109.46629,96.38499,103.98669,124.09686,0.0,133.90111,156.87912,96.618,153.38631,127.44778,120.50391,127.89009,113.25912,138.76637,138.09772,131.86398,119.73056,136.02335,101.40048,123.5556,58.89804,111.15891,110.82298,114.3362,159.71425,142.19672,90.34631,117.22658,125.62724,123.34227,146.97693,104.96245,148.37704,136.28021,127.10936,155.87149,99.7317,110.68745,135.96123,126.5527,108.96286,118.45751,82.20145,124.05742,102.26878,127.6714,107.59728,122.1148,97.39841,117.98792,109.02131,132.22699,149.51706,123.94331,150.1049,102.86521,142.2229,105.17544,134.69273,129.62619,171.00211,153.2531,162.60742,144.53813,128.65062,129.8403,142.83391,101.3462,100.88911,1
121.55407,134.59094,131.48354,63.24903,129.07776,165.80998,123.88498,176.75035,142.26019,145.83612,144.35774,158.99672,150.17513,145.57253,156.84329,141.19777,105.95515,168.66968,125.81811,138.34157,148.13376,168.45773,138.62086,128.17545,120.68333,178.28017,127.49849,157.64322,82.77807,103.58191,148.39163,149.92053,97.62955,153.56232,181.42668,133.90111,0.0,163.99077,119.0105,154.7563,132.28693,138.45955,117.39477,133.00937,147.90369,160.26808,158.46042,138.78575,135.05617,108.65062,165.36211,126.9046,138.32814,119.45567,173.16011,119.25649,143.73691,100.19975,72.47233,147.8237,124.89845,145.01465,148.13673,131.77003,125.37601,124.01868,145.39369,144.08539,126.8746,128.13808,131.65477,124.40382,134.50647,170.46992,120.58245,107.74081,145.41354,188.50101,130.66707,165.85509,127.00435,156.35022,134.71692,142.76819,173.7767,150.12448,117.09812,136.44687,112.13818,161.68378,134.8714,114.79904,150.3929,156.53236,158.02293,131.82341,159.94646,128.07309,150.12605,125.90363,1
146.93365,181.73686,117.25349,129.15019,126.54189,77.65839,150.66309,133.9518,164.41292,160.21335,152.69432,159.05586,138.66261,146.44753,173.42996,178.01395,166.88553,135.06241,173.68747,169.69432,206.58545,151.28625,177.34071,149.07445,173.04657,162.09428,159.4926,182.19034,152.49646,190.66533,103.8,172.59267,174.62901,140.04709,181.73625,156.87912,163.99077,0.0,170.07544,178.91974,163.95763,145.95929,122.06921,179.23514,122.40948,131.30287,141.15227,163.40506,186.94328,148.43167,188.18787,161.00607,123.06911,194.77489,119.65988,138.16341,131.06201,160.74985,154.91386,204.21838,128.48412,188.88977,183.15506,106.21459,112.33846,155.07495,137.59149,172.69106,120.0191,145.99435,197.41684,155.02182,107.48439,149.59071,179.37537,179.80968,103.80766,145.93321,187.04509,180.15979,164.79501,96.79186,134.26416,154.37541,124.7215,154.1635,151.44635,145.18747,145.96945,140.2379,139.78685,175.5296,152.19592,124.79588,136.03105,160.30859,167.91414,182.16475,154.9971,145.96158,1
128.29147,108.10586,168.91832,111.95815,142.69833,150.81229,104.1095,171.20648,140.97188,152.78883,127.20456,155.79199,181.7037,153.11867,156.04787,87.15825,142.64067,142.2072,147.01276,102.27589,137.19667,131.34395,138.53053,121.57224,127.70314,118.28808,102.69102,107.95638,137.42787,137.53687,151.55524,142.68469,94.33067,130.55894,108.3309,96.618,119.0105,170.07544,0.0,190.07788,162.82341,135.71774,120.8294,148.47832,161.03194,134.26244,176.82356,149.1102,135.70497,146.09015,168.23976,115.08323,140.85883,79.19168,129.9462,173.52678,170.76021,90.13987,117.23814,114.24313,154.81218,147.73549,113.56026,135.29111,118.52587,144.73611,179.78212,163.22408,129.39186,133.88315,142.95528,108.81881,129.34686,115.84205,114.07802,108.14817,134.73563,134.71243,131.7718,128.05432,111.66879,132.08104,149.13657,169.58743,135.62828,166.82141,136.19217,129.68309,125.89812,125.76186,172.23599,151.74202,126.42391,191.41193,137.78824,125.95538,163.76556,150.84087,127.38995,89.3792,1
