Vértice_1,Vértice_2,Vértice_3,Vértice_4,Vértice_5,Vértice_6,Vértice_7,Vértice_8,Vértice_9,Vértice_10,Vértice_11,Vértice_12,Vértice_13,Vértice_14,Vértice_15,Vértice_16,Vértice_17,Vértice_18,Vértice_19,Vértice_20,Vértice_21,Vértice_22,Vértice_23,Vértice_24,Vértice_25,Vértice_26,Vértice_27,Vértice_28,Vértice_29,Vértice_30,Vértice_31,Vértice_32,Vértice_33,Vértice_34,Vértice_35,Vértice_36,Vértice_37,Vértice_38,Vértice_39,Vértice_40,Vértice_41,Vértice_42,Vértice_43,Vértice_44,Vértice_45,Vértice_46,Vértice_47,Vértice_48,Vértice_49,Vértice_50,Vértice_51,Vértice_52,Vértice_53,Vértice_54,Vértice_55,Vértice_56,Vértice_57,Vértice_58,Vértice_59,Vértice_60,Vértice_61,Vértice_62,Vértice_63,Vértice_64,Vértice_65,Vértice_66,Vértice_67,Vértice_68,Vértice_69,Vértice_70,Vértice_71,Vértice_72,Vértice_73,Vértice_74,Vértice_75,Vértice_76,Vértice_77,Vértice_78,Vértice_79,Vértice_80,Vértice_81,Vértice_82,Vértice_83,Vértice_84,Vértice_85,Vértice_86,Vértice_87,Vértice_88,Vértice_89,Vértice_90,Vértice_91,Vértice_92,Vértice_93,Vértice_94,Vértice_95,Vértice_96,Vértice_97,Vértice_98,Vértice_99,Vértice_100,Conjuntos
0.0,54.72352,86.18407,66.34847,114.23426,78.98713,72.52477,97.6978,85.33011,79.2927,107.83518,114.80664,56.70464,90.77139,48.89528,95.00911,107.30343,69.20911,123.72969,87.98608,107.08595,105.77075,113.79562,45.03494,80.23622,54.81746,84.39243,119.46002,107.49285,80.57631,46.7249,122.83245,69.26098,117.27454,133.88014,116.13293,48.95238,102.54012,66.70333,70.82566,87.59927,99.2942,84.84978,42.16357,118.83525,71.28028,60.83886,106.96988,90.94135,113.91151,57.28975,116.91317,93.44316,83.25858,114.51794,68.7131,61.39078,106.80571,124.74145,41.44823,110.67699,74.82711,87.42929,88.4291,80.54651,103.13349,70.53428,61.33263,51.68318,81.61048,71.51846,75.38612,72.42393,88.68664,51.60397,86.97556,61.00987,85.40049,98.99359,82.29333,86.9244,68.52324,101.75478,119.23209,103.6399,105.60983,111.96086,89.53477,62.01669,14.98409,78.37356,68.12307,58.12695,52.19746,121.17175,78.83344,77.90254,117.46956,86.83169,98.67505,1
54.72352,0.0,76.11036,56.91159,119.5276,51.3465,75.08041,102.31429,86.25927,60.63261,92.72221,106.10196,97.93269,87.17857,60.40134,52.01142,89.99187,94.58311,107.92307,49.71173,78.92612,86.2769,87.64376,59.8676,68.71859,33.91084,103.43909,104.63266,81.68391,70.49731,69.28914,102.04807,66.17793,77.91918,124.1368,90.95169,68.19851,90.28699,75.80028,92.85093,102.74709,62.89705,81.4509,46.89996,83.10568,60.95556,39.86513,87.08709,73.50156,67.80199,71.11837,97.35293,70.38709,71.58903,104.77869,35.83334,47.9241,94.12753,104.38313,53.37865,106.12926,59.5389,51.93946,64.39036,73.80747,55.89174,59.07653,80.86846,73.35386,58.79621,97.76702,93.19118,62.10175,83.87807,57.09422,61.96461,72.11973,70.61307,89.10478,76.66392,91.67187,97.96027,91.87222,100.28239,94.34943,123.12685,78.94852,58.92122,79.91755,55.47995,81.67878,62.37374,49.13752,66.31703,135.32512,89.97239,36.12638,106.56777,86.05196,98.73927,1
86.18407,76.11036,0.0,78.86823,106.59167,75.26575,69.61022,129.84142,92.31456,101.69678,97.96397,54.45366,87.67333,67.71584,103.46213,104.00549,75.3285,97.37907,90.90778,91.50113,123.29757,38.23933,64.93789,81.67956,87.35563,73.41019,102.87424,100.30322,76.96539,34.9073,85.83784,68.22846,57.7782,62.03723,84.03529,50.2585,64.0196,101.95042,29.32721,111.50647,56.40003,88.65977,92.63765,76.23141,107.46976,81.20145,72.6332,70.65068,19.13476,90.90495,79.91504,103.34415,50.31097,43.59538,98.96327,63.47952,53.54547,106.49724,72.9644,67.98467,86.56087,73.72445,73.12877,45.58633,42.91689,91.81901,60.19881,76.63588,72.12467,83.19623,127.24909,81.39452,87.46838,37.65082,48.32474,94.91868,79.27496,78.41765,87.80439,57.95794,35.47353,93.51394,92.64781,85.9317,46.82974,80.62943,63.14423,67.75396,108.11311,94.12439,59.52651,58.28114,60.77067,92.06344,91.81054,105.74326,90.86652,56.40767,76.63017,53.89919,1
66.34847,56.91159,78.86823,0.0,105.85714,101.35808,89.67964,124.73253,113.12746,87.07383,94.00661,122.22987,100.4965,115.10117,68.41199,101.70594,87.34718,111.19315,126.66158,104.11442,119.72196,104.0047,115.65216,57.34424,98.61824,58.89353,131.88593,98.3978,89.86993,55.43749,95.74285,115.1403,63.55335,81.62036,146.11848,105.05592,56.5137,115.1176,74.65472,110.37551,87.841,113.65533,92.2812,60.00751,102.79393,75.26614,86.98061,101.57322,88.74642,102.86453,98.16467,130.4857,79.00272,55.88094,120.43306,67.67121,65.31285,106.7238,111.60838,47.01762,107.47226,103.85029,85.20298,95.8593,75.89596,92.27136,91.72149,97.3456,89.12757,99.4238,105.33559,121.30272,104.72379,92.85876,71.59573,104.48192,99.20708,96.5471,119.68214,37.50497,97.17023,123.34244,101.30808,98.13766,103.41506,128.66039,101.78566,101.21003,95.88583,67.12385,84.76482,79.08817,24.46717,63.23409,132.59753,118.51164,82.71075,109.64274,92.15266,100.13322,1
114.23426,119.5276,106.59167,105.85714,0.0,130.76686,102.67424,98.99194,128.92906,86.52863,105.38905,118.56524,106.76211,128.36974,87.53149,153.05841,52.28987,84.87967,117.33473,148.77689,125.49582,107.15263,110.10517,77.18535,88.47527,96.6032,112.48237,65.3757,85.34078,81.95155,106.92535,96.62209,94.84669,130.02927,112.23592,115.42084,122.5631,135.22131,95.97325,82.31367,81.81769,158.49089,83.27885,113.17094,132.5475,88.18478,114.33418,89.10692,114.32916,121.74689,95.86621,98.5422,76.45978,77.23766,78.70279,111.91928,82.05019,100.85209,77.50671,91.99975,56.59147,132.77644,142.68886,128.687,95.59155,136.34662,94.43246,109.89067,132.2124,131.88174,114.45271,120.18827,111.01424,81.97719,84.60237,157.30518,89.90137,95.69455,93.39806,92.69281,102.58514,130.53622,63.17075,53.91254,84.30264,85.76825,105.04826,147.96255,104.83796,121.84182,55.7547,94.43864,110.4558,69.47682,67.38712,92.64388,152.70638,120.34689,99.7549,108.96793,1
78.98713,51.3465,75.26575,101.35808,130.76686,0.0,78.36082,99.29716,70.25743,71.91054,101.99412,80.69817,100.57001,58.45905,89.38541,49.44182,97.6189,87.68372,88.41216,26.61094,75.9852,66.14786,61.8728,84.86681,58.13812,57.38241,79.52011,118.93252,83.8354,86.85522,63.5451,85.48287,79.52126,87.99938,91.20553,80.22536,93.63475,79.72292,79.25864,93.55245,110.70484,32.26382,92.16846,75.10858,88.55428,71.44962,25.26606,76.52144,62.30671,60.04105,59.24556,71.83555,71.36395,90.22477,92.65395,46.08317,55.49146,95.14642,94.93279,83.3261,103.2905,23.17169,52.25528,44.16712,81.10133,58.66617,39.21777,74.06959,73.9925,40.50565,111.44229,67.22402,37.09965,74.4251,59.28016,51.22557,60.58348,59.00765,62.56132,107.30199,81.14586,79.62328,91.16666,106.06561,80.17908,108.78922,66.58345,33.28444,88.10795,84.27061,83.05511,66.74084,87.32571,92.29702,126.66255,77.46474,52.57987,96.46091,86.05714,91.94403,1
72.52477,75.08041,69.61022,89.67964,102.67424,78.36082,0.0,124.79605,119.56711,90.15925,135.84616,103.43978,91.60426,102.4292,80.5228,115.26183,84.49475,83.51165,132.8262,96.25478,87.60995,81.20956,73.39793,81.46806,90.45692,82.73712,93.65218,79.38931,109.52199,72.9353,81.98577,109.21194,96.72748,107.65245,107.4296,68.90011,68.2791,136.16496,60.7603,82.27684,61.98536,97.11809,39.75363,43.92964,140.50609,99.70773,59.7173,106.21306,69.47854,104.07988,75.0116,98.9625,75.57327,63.87289,117.1346,88.30272,68.58521,133.11974,101.36559,48.2127,109.677,87.25556,107.48783,62.33331,34.01981,115.32314,59.03773,96.35526,93.37727,106.13978,128.44669,80.0136,82.96039,57.07964,54.99101,117.77369,56.98267,99.89564,92.55273,82.39709,82.19855,87.37485,106.84933,94.46656,84.62043,82.03275,73.9082,91.62123,111.50398,72.68626,57.28977,17.78317,73.60861,78.69649,96.63363,74.62517,100.05515,119.89779,115.10663,109.66608,1
97.6978,102.31429,129.84142,124.73253,98.99194,99.29716,124.79605,0.0,77.64616,56.6605,86.82952,122.43738,97.5862,100.67178,73.58042,108.87333,103.15624,61.40587,93.98782,110.67654,103.93059,121.0374,121.02885,72.62106,48.41779,75.25223,72.50938,128.62128,89.75997,118.02105,67.03842,108.30937,92.8924,146.5184,117.84937,145.51884,136.28102,83.41315,117.68363,57.75799,134.02011,127.90242,112.84109,118.55138,100.9269,60.54052,90.17493,86.98292,128.38432,107.12151,63.15404,76.66304,100.84995,121.80636,62.17006,91.13677,80.04076,61.65269,109.9107,110.1871,79.20817,95.28806,117.00906,129.4781,131.24471,107.85238,82.4431,79.80809,109.20251,86.07127,58.79433,94.99189,63.99282,111.27918,87.56157,110.95051,73.54005,61.83002,64.99249,135.10446,116.59146,100.79417,59.55608,107.49591,107.27705,115.3505,123.21474,124.80041,47.1619,107.04898,92.01517,114.33587,127.34833,72.51861,119.27131,63.96484,123.0003,129.36728,80.67217,114.27905,1
85.33011,86.25927,92.31456,113.12746,128.92906,70.25743,119.56711,77.64616,0.0,88.41653,69.4994,76.05726,76.33533,38.84274,98.96938,82.07139,113.51945,76.22404,58.63046,80.85437,127.9481,87.65232,105.5742,78.52903,59.68346,65.68214,68.49015,149.84871,82.05025,97.25813,51.92435,86.29675,59.41696,113.69363,97.27854,122.89068,107.56998,30.48741,86.12043,95.09074,119.97568,90.85212,130.97325,109.89935,81.24608,54.99138,76.13621,69.54039,89.29713,99.2767,55.35025,94.10675,90.69756,109.68549,75.68733,60.45546,66.64758,61.50539,104.7373,104.92224,87.02197,50.76614,68.31039,93.83833,115.7464,83.48907,69.30689,36.79181,56.99945,39.77674,74.18262,65.53165,56.8154,93.11388,69.74727,58.97082,77.07761,45.66184,67.85582,118.36992,74.78079,71.5546,79.92973,121.87598,83.9907,106.54021,111.24607,76.70036,55.18168,98.28636,94.11655,107.58688,105.88458,93.79108,121.3027,91.67414,90.28006,78.29983,43.01548,64.36652,1
79.2927,60.63261,101.69678,87.07383,86.52863,71.91054,90.15925,56.6605,88.41653,0.0,82.24438,112.96906,103.68619,98.42922,46.28578,78.82507,69.21467,73.39503,96.46007,79.9053,61.18111,96.05546,88.65537,54.31409,36.74724,42.58356,88.71559,86.85574,65.86817,86.13687,68.86615,92.1671,77.80994,106.36311,112.14221,107.33531,108.65851,90.00225,96.49599,62.04146,112.34318,96.94292,73.21599,80.98742,81.17802,46.69226,57.29649,72.58435,99.00799,65.63709,62.07784,61.85055,66.39857,84.59974,67.97922,60.35762,50.22528,68.38568,87.08411,75.63687,76.60477,79.68056,89.80014,95.8997,94.19461,73.13747,57.56704,86.09109,102.72042,72.82816,82.6115,97.0868,51.57892,87.07458,65.52061,94.4593,61.08311,53.8559,61.60022,99.91735,104.7382,106.42236,53.27886,74.97793,90.61307,113.83961,82.55931,96.90486,64.4536,84.1871,69.85291,76.89465,89.78318,49.97286,117.7074,61.59175,87.795,118.34945,82.79729,108.61913,1
107.83518,92.72221,97.96397,94.00661,105.38905,101.99412,135.84616,86.82952,69.4994,82.24438,0.0,94.89627,108.72417,86.59462,99.31649,96.31485,87.68542,104.80081,56.71551,107.2805,136.11897,95.12276,114.40535,75.20864,70.60068,64.21276,115.81008,129.18642,45.35707,82.45154,93.16528,74.18736,49.74039,92.47984,114.4802,124.54193,120.26491,52.27601,99.25861,114.56004,123.13915,119.75584,134.10323,122.91833,47.28834,43.22306,101.87766,52.9376,100.748,88.96341,91.12114,102.45891,75.86405,94.55521,64.57969,63.51043,67.78246,29.00079,84.78619,108.78767,64.7074,94.98583,79.55965,115.02655,120.54015,75.37592,91.36201,80.2466,98.55665,72.27674,88.30135,116.5977,90.77701,100.8941,85.84043,92.2979,105.70487,53.07045,87.32019,97.99127,93.11622,125.92471,57.78376,92.81531,85.18265,126.92429,107.93688,105.47555,74.8475,118.9495,94.93564,119.5813,99.54047,88.08056,126.1588,118.58457,105.97655,75.3923,39.39001,70.73948,1
114.80664,106.10196,54.45366,122.22987,118.56524,80.69817,103.43978,122.43738,76.05726,112.96906,94.89627,0.0,97.08448,43.78568,128.15768,113.09224,91.30244,97.02467,57.76148,100.59544,137.75304,34.71622,66.08234,104.10091,83.38831,92.71315,89.59775,127.7251,76.81513,75.22858,90.18596,46.24727,72.95466,88.93292,45.63919,74.12718,108.98404,85.61324,64.54097,118.6153,89.71335,96.86658,121.9576,116.73085,106.30402,87.16982,88.47179,56.61076,48.74228,96.91093,80.6582,89.9436,66.37482,86.10693,79.85247,79.36702,71.84643,96.1452,66.10989,109.07159,77.07413,71.83406,85.25191,67.80921,86.53394,100.41258,66.40731,73.69306,85.09634,79.14024,132.23682,73.10654,84.7896,53.68119,69.62575,98.19729,86.48009,68.93582,70.02582,104.91502,37.98971,91.65955,87.24364,97.91154,36.3717,75.08723,76.87528,77.2289,111.09654,126.42445,76.35354,92.16931,107.95092,115.87151,87.27692,107.50419,114.08013,38.17058,68.91464,42.34866,1
56.70464,97.93269,87.67333,100.4965,106.76211,100.57001,91.60426,97.5862,76.33533,103.68619,108.72417,97.08448,0.0,78.25475,82.90192,128.27094,113.37122,50.49837,111.69127,118.58041,140.45876,103.56288,121.08708,62.32769,86.85323,82.21263,63.55542,135.16396,112.72045,87.70469,46.59895,115.39538,70.33064,136.55029,115.71329,125.99936,73.2336,101.30441,60.72388,71.64962,76.43648,126.18983,107.68209,85.83954,135.55168,80.89202,88.50482,103.37013,95.52953,137.58704,53.41863,120.78571,101.06135,95.40992,104.36234,91.73313,74.49036,105.90429,120.62852,74.51937,96.47729,87.12142,110.33401,104.27462,94.14564,130.39673,79.11675,40.24139,49.77824,95.71486,71.26379,56.13202,84.69599,82.9861,56.65985,109.37646,63.93726,87.00138,94.24429,98.53011,66.71108,47.24359,98.61419,124.40014,91.20248,72.9823,126.27792,109.82023,64.50977,69.75245,74.1298,88.52574,91.33404,72.63583,90.16132,81.31695,118.19283,102.58594,74.43438,77.6685,1
90.77139,87.17857,67.71584,115.10117,128.36974,58.45905,102.4292,100.67178,38.84274,98.42922,86.59462,43.78568,78.25475,0.0,110.27644,87.54289,105.43964,80.25655,57.63805,76.08967,125.92747,58.79597,80.52171,88.92439,66.97401,74.14474,67.01429,140.31375,81.99924,84.99023,60.31176,69.88873,63.10486,99.23835,70.9065,95.20266,98.91469,57.28521,67.40842,102.1222,102.46113,77.18561,121.641,103.69864,94.26321,70.37469,68.66274,63.86325,61.02044,93.73285,57.05953,88.08294,77.97141,96.84608,80.22366,61.57495,63.11228,82.99225,90.14579,100.50434,86.76057,39.60728,65.13153,67.07533,95.31845,86.02901,56.00943,44.53242,55.42548,47.30585,103.58625,50.34278,58.84694,69.95683,60.21497,64.74833,71.29466,52.98735,62.33541,110.70851,49.53053,64.27926,86.47428,114.07246,61.83601,87.40707,90.66168,58.61165,82.30362,102.95142,82.91512,91.42645,101.19108,103.05232,106.12044,91.86908,90.18511,59.06079,55.5374,49.94736,1
48.89528,60.40134,103.46213,68.41199,87.53149,89.38541,80.5228,73.58042,98.96938,46.28578,99.31649,128.15768,82.90192,110.27644,0.0,98.93663,86.50571,67.27249,123.0705,97.72227,84.4822,113.36521,112.54535,33.69046,65.77494,49.13333,92.1179,93.695,93.57043,84.82464,62.12632,118.66342,77.99886,121.26437,135.46725,120.89486,83.80721,108.3015,88.18382,52.46447,98.68243,113.85884,67.79723,58.60315,109.58865,60.75471,67.21799,99.61486,107.02916,101.55431,63.60385,99.14233,85.27528,82.30602,97.40174,73.8427,59.24705,92.53967,112.87073,50.25958,95.08841,92.57944,102.56887,105.45135,89.38498,99.89182,72.48005,82.14686,90.61644,91.35011,67.11918,96.8286,71.54766,93.86436,62.16152,105.79575,61.80235,79.41362,90.06843,87.15929,106.11292,97.21902,79.43843,95.75149,105.80638,112.56886,106.44225,109.7087,58.19267,50.82243,71.50029,72.7254,73.02811,22.2296,118.59144,66.5645,93.17953,130.45604,91.4789,114.18681,1
95.00911,52.01142,104.00549,101.70594,153.05841,49.44182,115.26183,108.87333,82.07139,78.82507,96.31485,113.09224,128.27094,87.54289,98.93663,0.0,117.69241,119.34647,100.48615,27.99534,88.95696,99.15318,98.18742,97.40862,77.84882,62.33171,116.19746,140.22359,90.47772,106.52406,89.91621,107.49208,89.80219,89.15255,129.12637,111.93798,112.56781,75.88301,110.86803,120.57968,144.10281,45.10582,121.24686,95.60113,65.81338,76.79675,60.44933,92.85125,94.18613,59.1324,91.41503,98.68607,93.64817,111.36276,110.59839,49.34447,77.21833,93.59306,118.31525,103.7459,123.62592,56.56641,42.18943,80.53501,113.73293,33.69685,78.86654,97.66701,93.95426,43.95952,115.34696,108.6864,66.6464,112.05539,90.96501,37.3696,98.33136,74.22973,93.95708,119.66445,114.44415,116.17069,105.97248,124.96739,112.50908,150.74974,93.49951,52.49031,95.71671,97.80091,115.80939,101.9194,95.53111,105.9953,164.47356,111.09022,33.90219,114.71917,96.61413,113.28918,1
107.30343,89.99187,75.3285,87.34718,52.28987,97.6189,84.49475,103.15624,113.51945,69.21467,87.68542,91.30244,113.37122,105.43964,86.50571,117.69241,0.0,93.32748,93.00536,113.03472,99.23919,68.93917,68.58053,74.86909,70.2998,73.36789,111.38018,46.39571,50.20154,53.74718,100.57761,61.33538,76.60982,83.58323,88.75716,72.53139,108.31418,114.64751,78.72282,93.38671,78.31095,119.74838,70.71658,95.45908,99.61575,71.46861,86.44299,57.71772,78.00409,76.43495,87.77805,73.58485,32.28944,47.62799,66.84335,79.44777,55.7872,87.27797,39.2871,79.72575,50.96958,104.64314,106.43155,90.79902,68.56525,96.1162,68.04225,102.68882,118.74766,103.18806,123.44228,110.63663,90.21175,55.99804,67.22256,126.81802,81.04343,72.71785,74.07095,72.76746,84.14808,125.94622,51.90239,12.69939,56.42351,90.17612,57.27684,110.49485,105.73378,114.08025,44.84095,70.38557,87.44385,72.72952,81.41657,91.77718,118.53308,93.23643,86.66599,90.74483,1
69.20911,94.58311,97.37907,111.19315,84.87967,87.68372,83.51165,61.40587,76.22404,73.39503,104.80081,97.02467,50.49837,80.25655,67.27249,119.34647,93.32748,0.0,100.59733,108.70281,107.55927,97.26985,101.47585,58.59823,56.0438,74.02969,34.12658,113.17101,97.75824,93.27525,37.57539,101.29722,80.3753,138.21094,95.94398,118.47319,99.3378,98.32328,76.47308,29.51833,87.1477,119.25382,84.97311,88.33199,125.82832,69.16973,72.99906,87.79636,98.99104,116.9257,29.93312,81.87308,87.47468,96.02673,75.00542,88.20509,64.40138,90.34355,101.35901,78.8688,76.00655,80.91944,114.17638,102.16742,93.80965,120.37221,58.53693,52.47476,78.58389,89.13826,68.74976,50.34783,58.4444,75.17468,53.00702,111.77042,33.66757,68.03556,59.94214,111.06561,79.0487,54.32067,71.30673,101.69549,82.05254,64.17384,108.67311,110.35488,54.91351,80.28315,57.35255,78.63914,105.0188,59.71739,77.4446,36.39451,119.41901,112.0659,77.50857,91.64354,1
123.72969,107.92307,90.90778,126.66158,117.33473,88.41216,132.8262,93.98782,58.63046,96.46007,56.71551,57.76148,111.69127,57.63805,123.0705,100.48615,93.00536,100.59733,0.0,100.86575,135.57863,69.87952,89.68565,99.98246,66.59389,83.84753,96.56619,137.37273,53.40723,93.07927,92.4976,44.41468,69.52167,97.74362,70.28675,108.72813,133.78101,49.64391,97.17073,117.82143,123.67907,106.44263,137.91594,134.68109,68.5705,65.71314,97.30769,35.852,86.24022,84.89085,84.49363,79.82085,73.65286,105.10101,49.95549,73.37042,74.17319,51.66858,68.18964,124.83745,61.93713,79.00225,82.57542,99.59618,119.0182,82.77377,78.61539,76.93398,100.07998,65.54089,112.89738,95.60107,79.80869,86.70403,85.87276,90.94576,97.90939,45.61282,62.10794,120.57971,77.09753,111.87904,62.83469,96.60365,62.69688,107.19559,93.77344,92.24294,92.85027,136.28058,92.81949,117.62372,121.75436,112.12498,111.16909,110.70171,115.09097,55.64729,48.67295,58.53026,1
87.98608,49.71173,91.50113,104.11442,148.77689,26.61094,96.25478,110.67654,80.85437,79.9053,107.2805,100.59544,118.58041,76.08967,97.72227,27.99534,113.03472,108.70281,100.86575,0.0,79.69866,85.31247,80.81982,96.47288,73.89711,64.07936,101.74344,132.71812,93.82719,100.59617,80.38296,101.93288,90.41722,89.12353,114.2047,95.56314,102.90965,83.60783,98.02948,111.48322,130.7841,21.70136,107.6827,83.67767,83.81712,80.98295,42.45956,91.20541,79.07478,60.0115,79.93128,89.1959,87.0725,104.05839,109.20253,50.4258,71.24206,102.64391,112.13484,94.99409,121.2365,39.59236,45.83889,59.46283,98.07497,48.44677,63.20123,90.65711,85.23761,43.79142,119.45487,90.51482,55.04443,97.05853,79.25987,40.84971,83.1096,73.11626,83.74679,116.60425,101.81652,99.43506,106.22861,121.02015,101.52487,134.47412,80.57058,34.77175,97.8208,90.70463,104.54729,84.70504,92.2816,104.18257,151.34796,97.6716,35.45541,110.19744,98.4117,107.93866,1
107.08595,78.92612,123.29757,119.72196,125.49582,75.9852,87.60995,103.93059,127.9481,61.18111,136.11897,137.75304,140.45876,125.92747,84.4822,88.95696,99.23919,107.55927,135.57863,79.69866,0.0,113.07508,86.9879,103.12544,79.58949,86.17267,112.09322,95.26093,108.46558,118.24253,102.39223,121.85968,124.36398,124.25673,127.93703,106.98523,130.25502,132.69661,123.47737,91.65497,136.2175,90.22298,69.79559,89.38056,119.75599,101.0954,64.41734,111.70408,114.2355,73.43701,94.38161,73.02863,94.94265,110.76618,112.05707,93.44557,88.75407,122.92596,114.17883,98.43801,123.08704,95.38246,112.37068,96.89921,102.89373,93.52201,76.81402,126.04038,133.4447,101.26423,133.51239,115.97575,73.75024,107.25239,96.55849,114.34081,81.70316,97.52119,88.00539,130.90767,134.4303,126.52441,103.78955,102.8209,118.90942,137.17709,83.18459,103.43625,114.97322,105.52659,99.6292,80.52142,115.48157,95.74393,145.88226,77.29234,96.0038,153.45145,133.08076,148.20772,2
105.77075,86.2769,38.23933,104.0047,107.15263,66.14786,81.20956,121.0374,87.65232,96.05546,95.12276,34.71622,103.56288,58.79597,113.36521,99.15318,68.93917,97.26985,69.87952,85.31247,113.07508,0.0,37.36647,94.44408,75.10153,78.83363,95.64265,100.27843,64.30868,56.98819,89.88976,40.39034,70.42296,65.51521,52.1099,41.8329,97.25242,94.13727,56.79092,111.56502,79.30782,81.21864,97.01329,96.54346,98.19131,80.72462,70.7302,51.11843,26.78171,72.88103,78.54033,76.95042,41.45152,62.85619,79.52511,65.61536,56.52293,97.04351,49.98819,90.69553,75.16193,67.31074,75.35406,44.73796,61.46207,83.77822,50.96688,82.67826,89.66712,76.06321,134.50519,79.43779,76.86904,35.63625,58.36507,94.53571,77.33171,65.61043,65.56561,86.74911,45.60934,98.59178,80.4219,75.98129,28.97614,79.17363,43.47912,65.01802,111.89005,114.67846,61.76867,67.93617,89.37843,103.00454,88.90205,98.98891,97.82413,52.96336,76.97223,58.59945,1
113.79562,87.64376,64.93789,115.65216,110.10517,61.8728,73.39793,121.02885,105.5742,88.65537,114.40535,66.08234,121.08708,80.52171,112.54535,98.18742,68.58053,101.47585,89.68565,80.81982,86.9879,37.36647,0.0,104.09112,74.81582,85.93015,98.62255,87.7525,75.78503,76.82626,97.9747,58.27644,94.57582,79.54344,57.79368,36.98519,112.2298,111.94967,78.92886,107.85587,94.07695,76.5208,81.61154,96.16526,108.12108,92.31503,64.47078,66.68561,50.85499,61.65232,83.98475,59.24338,49.31534,74.59119,85.50603,76.81512,66.47684,109.78487,56.21241,95.70914,87.63418,73.68073,89.43098,47.35191,64.3906,86.21129,49.3183,102.03386,110.25943,85.9772,145.57072,87.86829,73.46404,48.55706,69.93336,104.72363,74.70612,75.46,62.15637,103.31396,76.05593,108.22061,85.97123,72.93313,52.98775,89.69529,23.27308,72.23357,121.89414,119.76476,67.16708,61.56278,102.0508,106.94405,98.92097,89.55686,100.57628,89.0045,101.27198,92.87126,1
45.03494,59.8676,81.67956,57.34424,77.18535,84.86681,81.46806,72.62106,78.52903,54.31409,75.20864,104.10091,62.32769,88.92439,33.69046,97.40862,74.86909,58.59823,99.98246,96.47288,103.12544,94.44408,104.09112,0.0,57.36707,36.56576,83.7762,95.69436,74.60168,61.9249,50.90766,97.61703,47.33216,105.13393,118.46976,109.84008,70.45929,88.15064,65.16211,59.08595,80.36607,110.47562,78.67506,62.99552,95.87162,40.08805,67.06882,78.46132,88.45927,97.93106,52.30701,96.76823,68.86094,65.42764,81.17097,58.74194,40.37544,73.63659,95.60141,45.82865,73.42943,82.00188,88.07043,95.12251,79.67906,92.37331,63.09029,58.34613,70.13693,78.27734,57.95678,84.10461,68.022,76.23914,43.21295,95.4763,58.15071,61.90045,80.15559,68.32304,79.82939,86.11798,63.72129,85.62857,83.47883,95.26727,98.88584,99.07338,45.81789,54.78381,56.23419,70.62077,60.2121,19.23341,100.59878,72.26072,90.99023,101.40999,62.04626,83.4474,1
80.23622,68.71859,87.35563,98.61824,88.47527,58.13812,90.45692,48.41779,59.68346,36.74724,70.60068,83.38831,86.85323,66.97401,65.77494,77.84882,70.2998,56.0438,66.59389,73.89711,79.58949,75.10153,74.81582,57.36707,0.0,43.85368,62.28426,100.64525,55.41475,80.70151,50.68913,69.12305,64.05542,103.0148,82.75162,98.78266,107.06415,66.05146,82.15524,59.80785,103.95523,87.72323,85.60976,89.17982,76.23935,35.91069,51.31866,49.6299,82.81477,66.19394,39.47813,45.66204,57.84567,84.54887,43.61056,52.20247,39.69867,52.75169,72.43421,82.60305,58.67589,58.08316,79.4037,83.36633,91.36811,71.71674,38.46246,61.04289,85.10147,52.9617,77.97652,70.67419,29.87013,70.58079,51.76919,81.44999,46.62503,24.09884,30.01182,103.24249,80.70787,84.03182,39.61892,76.79388,67.38361,92.0033,76.70463,82.61341,54.55593,89.98807,60.08966,76.63071,95.22748,61.71069,99.59373,52.6942,89.46677,93.54675,59.3053,83.0111,1
54.81746,33.91084,73.41019,58.89353,96.6032,57.38241,82.73712,75.25223,65.68214,42.58356,64.21276,92.71315,82.21263,74.14474,49.13333,62.33171,73.36789,74.02969,83.84753,64.07936,86.17267,78.83363,85.93015,36.56576,43.85368,0.0,87.12961,99.08705,58.02604,60.77226,53.4614,83.19623,42.92371,81.50731,109.01305,95.2111,76.27083,68.56985,68.75553,75.58816,95.08699,79.39982,83.20953,62.90623,67.37823,27.45895,45.93382,63.13699,73.57708,66.4256,53.12597,82.08984,56.27495,65.82595,75.70544,25.65668,26.79642,62.88754,86.25423,56.11573,76.99613,58.10213,56.36035,74.72134,78.15512,56.38447,49.2008,60.70221,67.79327,48.99434,73.81548,83.36791,50.00312,73.89708,43.67254,65.8679,60.4068,43.66257,68.8911,73.47852,78.69377,90.10604,61.74901,83.44864,77.3953,107.27686,79.15754,70.30274,53.95344,62.63342,65.14491,67.78316,57.41972,47.11295,115.75011,76.85213,60.64732,90.60714,57.48785,79.50114,1
84.39243,103.43909,102.87424,131.88593,112.48237,79.52011,93.65218,72.50938,68.49015,88.71559,115.81008,89.59775,63.55542,67.01429,92.1179,116.19746,111.38018,34.12658,96.56619,101.74344,112.09322,95.64265,98.62255,83.7762,62.28426,87.12961,0.0,134.00821,108.07397,109.11941,42.09365,102.70411,93.16647,144.40164,85.72755,120.77322,112.70736,94.35712,86.46542,54.94384,104.44048,109.20361,102.74228,102.3885,130.25237,82.8992,73.10275,92.51647,99.45174,118.72693,34.7099,79.53652,98.49481,113.66015,81.86275,93.53124,77.15443,99.17254,109.09473,99.21233,91.0522,69.47164,112.61839,98.20765,105.29851,121.67558,59.74914,54.12806,78.60885,83.11167,85.98265,31.72344,52.8983,82.33145,65.53596,104.36092,41.91909,71.04717,55.49822,131.21011,81.1356,40.28722,86.53359,119.1026,86.07119,69.90231,111.65029,102.0166,69.31425,95.27832,76.30981,89.40734,121.45603,88.25525,90.51826,44.48214,119.67851,112.30268,85.13918,94.46209,1
119.46002,104.63266,100.30322,98.3978,65.3757,118.93252,79.38931,128.62128,149.84871,86.85574,129.18642,127.7251,135.16396,140.31375,93.695,140.22359,46.39571,113.17101,137.37273,132.71812,95.26093,100.27843,87.7525,95.69436,100.64525,99.08705,134.00821,0.0,93.47401,79.92498,123.8156,103.78343,112.10442,108.62802,120.22674,84.61803,117.99886,154.14424,100.88702,103.72318,87.83176,138.49367,52.53764,95.51955,135.71518,105.98187,102.27145,101.92702,103.05696,100.16434,111.92424,97.37057,69.14016,64.61822,106.80441,109.13906,85.71587,127.59068,79.73476,83.9159,92.99052,131.21298,135.59041,108.17799,72.53387,123.86584,91.78542,133.87537,144.45346,135.17728,147.85599,133.34613,114.33695,80.28407,90.94131,154.93236,97.07894,110.40211,105.01511,86.17713,115.45438,146.1037,90.80616,46.93948,93.38584,109.20164,74.87444,134.30115,132.70752,121.17681,66.67993,72.08662,99.11646,85.67744,100.40153,102.85937,135.92542,133.89265,127.47144,130.07918,2
107.49285,81.68391,76.96539,89.86993,85.34078,83.8354,109.52199,89.75997,82.05025,65.86817,45.35707,76.81513,112.72045,81.99924,93.57043,90.47772,50.20154,97.75824,53.40723,93.82719,108.46558,64.30868,75.78503,74.60168,55.41475,58.02604,108.07397,93.47401,0.0,62.13199,92.22015,41.56549,55.36649,69.28356,86.02898,87.53445,114.3595,72.62639,84.97549,104.37968,103.95903,102.83225,104.74979,107.96733,53.94804,46.01702,82.76508,23.98237,75.98513,57.53822,82.86204,71.19415,38.00113,68.97637,47.84347,54.73329,49.21713,48.06523,44.11126,95.18642,46.10856,85.20113,76.46699,89.34525,92.52065,63.79017,67.22171,86.55173,104.4999,71.46026,108.57518,107.04566,77.38573,71.62974,70.23945,96.00354,88.39777,43.08609,64.53735,85.10672,80.20386,122.34325,39.23349,53.9508,56.54787,107.66589,67.02806,91.40528,88.89771,116.98639,69.27043,92.2638,90.7915,82.05103,105.24209,101.47859,99.90992,68.81083,55.48545,70.36895,1
80.57631,70.49731,34.9073,55.43749,81.95155,86.85522,72.9353,118.02105,97.25813,86.13687,82.45154,75.22858,87.70469,84.99023,84.82464,106.52406,53.74718,93.27525,93.07927,100.59617,118.24253,56.98819,76.82626,61.9249,80.70151,60.77226,109.11941,79.92498,62.13199,0.0,86.41979,69.79446,46.00432,61.46589,97.87286,64.80822,63.89149,102.43239,38.87114,101.98627,52.56372,104.25723,82.28764,71.69646,98.13348,66.72414,77.28394,65.23515,48.00652,87.85176,80.58365,102.09833,38.83092,17.77707,89.65354,60.20987,43.35278,93.25406,66.04305,54.53488,71.47539,87.53049,80.15527,68.57647,45.84773,89.42455,64.89167,79.97306,81.87489,88.77683,114.24233,95.68523,90.13662,45.36003,46.43755,103.9172,79.79897,74.08308,89.04781,31.51796,53.18244,105.96261,76.17757,65.30482,52.58858,86.70951,67.20413,86.43597,97.69529,88.14875,48.49371,59.27226,46.81549,70.21296,88.90174,102.92152,94.95432,67.31449,70.04128,61.26705,1
46.7249,69.28914,85.83784,95.74285,106.92535,63.5451,81.98577,67.03842,51.92435,68.86615,93.16528,90.18596,46.59895,60.31176,62.12632,89.91621,100.57761,37.57539,92.4976,80.38296,102.39223,89.88976,97.9747,50.90766,50.68913,53.4614,42.09365,123.8156,92.22015,86.41979,0.0,99.71098,64.00703,121.14016,102.04668,112.93691,81.3444,75.74064,68.00423,51.90404,93.60278,92.04599,92.12226,73.0624,106.66515,55.62427,52.24512,83.43661,85.50875,103.09133,18.051,87.1254,84.29747,92.44373,82.78101,63.44059,52.26503,82.69128,106.42532,69.51356,87.43037,52.43872,84.19338,84.45883,89.86691,96.67735,49.26808,31.19438,48.56157,60.19262,59.50759,41.90627,41.05053,77.06596,42.9684,77.39991,36.67477,56.40928,63.13505,102.82199,72.25441,41.68038,78.31561,110.78645,83.59871,84.31554,103.39059,82.26022,40.43215,59.17985,68.28173,74.53034,87.00161,60.215,102.2418,52.37153,87.62138,101.07846,64.96975,81.40569,1
122.83245,102.04807,68.22846,115.1403,96.62209,85.48287,109.21194,108.30937,86.29675,92.1671,74.18736,46.24727,115.39538,69.88873,118.66342,107.49208,61.33538,101.29722,44.41468,101.93288,121.85968,40.39034,58.27644,97.61703,69.12305,83.19623,102.70411,103.78343,41.56549,69.79446,99.71098,0.0,71.52564,76.36365,50.41957,72.53088,122.84799,83.96169,81.06989,114.9613,99.03264,103.58916,112.92236,120.65485,82.61531,73.04868,89.95323,25.26291,63.27967,71.63863,86.96635,68.40272,43.49498,77.32417,52.76648,73.38117,63.86436,73.95025,27.973,109.73359,50.89968,84.68858,87.63499,80.58802,90.37095,84.5685,66.54453,89.57415,108.06231,80.97234,130.57314,97.29659,83.68917,58.10877,74.8081,105.96187,90.34389,55.60687,59.2587,99.87029,65.04527,117.01361,58.58149,63.81018,32.90831,90.01449,59.85071,89.74035,108.9228,133.50725,69.88521,93.99427,108.22992,105.74809,89.66896,105.4667,115.72505,51.61968,66.57899,60.25317,1
69.26098,66.17793,57.7782,63.55335,94.84669,79.52126,96.72748,92.8924,59.41696,77.80994,49.74039,72.95466,70.33064,63.10486,77.99886,89.80219,76.60982,80.3753,69.52167,90.41722,124.36398,70.42296,94.57582,47.33216,64.05542,42.92371,93.16647,112.10442,55.36649,46.00432,64.00703,71.52564,0.0,77.56344,101.55276,96.62278,72.67409,62.8717,52.61385,94.04204,81.35749,99.46638,105.49194,83.39513,74.4462,37.23157,74.38704,55.12021,65.31251,89.27557,63.99746,100.48139,57.17207,60.78192,75.13314,42.58382,37.87957,61.14734,80.25571,68.50373,65.73766,70.70465,62.56969,81.56834,80.79185,76.71645,64.36847,49.00262,57.71629,61.50127,80.1251,83.9433,74.31293,67.40984,46.08873,78.1455,76.45257,50.01847,79.34962,62.32349,54.36015,90.77421,64.75833,87.11556,62.68959,95.63042,90.00739,79.97713,63.96322,81.27689,64.93328,82.50511,60.10955,64.68624,101.86706,98.02201,84.6898,58.49284,30.277,43.58387,1
117.27454,77.91918,62.03723,81.62036,130.02927,87.99938,107.65245,146.5184,113.69363,106.36311,92.47984,88.93292,136.55029,99.23835,121.26437,89.15255,83.58323,138.21094,97.74362,89.12353,124.25673,65.51521,79.54344,105.13393,103.0148,81.50731,144.40164,108.62802,69.28356,61.46589,121.14016,76.36365,77.56344,0.0,113.78169,65.81311,100.12897,106.45492,86.06165,145.10721,108.43407,87.37402,117.01006,101.93516,80.42707,90.88449,91.95602,77.04812,59.46145,67.14092,115.97367,114.56021,60.9633,66.25961,112.39551,64.45017,75.22992,107.35824,80.78024,97.52315,105.6871,94.31718,62.94222,69.56908,81.5245,64.58186,89.52443,114.66421,109.99854,89.01774,150.06262,128.48703,107.86023,83.79571,88.82217,94.82732,117.02867,90.88226,110.1283,73.09065,89.59162,141.59317,103.97555,89.85072,81.23479,134.68115,63.69672,73.88736,130.53047,121.95895,98.01161,92.39918,73.99334,114.30634,138.86971,138.6893,82.2957,76.06297,95.74155,87.64314,2
133.88014,124.1368,84.03529,146.11848,112.23592,91.20553,107.4296,117.84937,97.27854,112.14221,114.4802,45.63919,115.71329,70.9065,135.46725,129.12637,88.75716,95.94398,70.28675,114.2047,127.93703,52.1099,57.79368,118.46976,82.75162,109.01305,85.72755,120.22674,86.02898,97.87286,102.04668,50.41957,101.55276,113.78169,0.0,80.37798,136.54434,107.07168,90.25556,113.23122,103.53027,111.58972,116.8691,131.70619,122.97099,101.51907,96.58286,64.82642,75.33994,99.59544,86.74238,67.2831,74.24834,102.40511,71.25495,101.31626,86.39745,105.91081,59.37749,124.84348,75.18927,88.96436,113.99547,85.30092,98.50797,116.74258,70.13314,95.7533,115.86484,98.64268,145.30315,80.8046,86.80067,61.35833,85.02477,123.20046,85.54251,77.81279,56.81971,129.00537,69.82207,103.3932,84.41072,91.14896,46.40055,69.8816,75.30434,100.86727,123.33328,144.59154,77.78294,97.91956,133.79765,124.33366,77.54758,96.69378,136.5461,77.90747,93.40447,80.09824,2
116.13293,90.95169,50.2585,105.05592,115.42084,80.22536,68.90011,145.51884,122.89068,107.33531,124.54193,74.12718,125.99936,95.20266,120.89486,111.93798,72.53139,118.47319,108.72813,95.56314,106.98523,41.8329,36.98519,109.84008,98.78266,95.2111,120.77322,84.61803,87.53445,64.80822,112.93691,72.53088,96.62278,65.81311,80.37798,0.0,99.13672,129.14647,70.87925,125.38381,80.66464,88.23488,84.35455,91.28013,121.10303,105.69421,79.53088,83.19874,41.03783,79.37209,101.78513,93.06441,54.36375,60.19629,109.07136,85.03384,75.24509,127.75949,67.54486,89.80434,101.61277,90.68777,94.11409,45.30352,47.28442,97.80467,68.72149,113.33427,113.06042,103.20628,159.28773,103.51945,98.00526,49.02026,75.6308,116.20465,91.99864,96.29585,92.0708,85.60121,74.82684,120.60269,104.59328,78.52097,60.62504,96.40998,32.7564,78.86772,137.43077,120.47974,72.67471,59.02951,89.13934,113.43253,104.00777,111.99592,104.2593,88.35178,111.5606,94.32294,1
48.95238,68.19851,64.0196,56.5137,122.5631,93.63475,68.2791,136.28102,107.56998,108.65851,120.26491,108.98404,73.2336,98.91469,83.80721,112.56781,108.31418,99.3378,133.78101,102.90965,130.25502,97.25242,112.2298,70.45929,107.06415,76.27083,112.70736,117.99886,114.3595,63.89149,81.3444,122.84799,72.67409,100.12897,136.54434,99.13672,0.0,122.24527,49.49739,106.4097,67.01754,105.99897,92.81986,45.01538,131.90428,93.61092,80.16647,114.33462,74.59837,123.10355,86.43678,137.0694,92.11111,66.56162,133.21103,79.419,72.73627,128.62521,124.04113,41.17883,121.04451,90.90508,90.23425,78.88975,61.16728,113.46817,84.86755,81.70046,60.06435,100.779,111.32034,92.60992,101.29567,81.59718,60.48277,102.00838,86.04052,105.46836,119.80214,57.06984,76.51987,89.54072,120.16508,120.908,99.80879,106.49428,107.76611,89.93849,100.80208,50.43987,82.58438,65.62006,37.35349,79.11806,120.9256,110.63255,86.57465,106.61503,98.82285,92.33871,2
102.54012,90.28699,101.95042,115.1176,135.22131,79.72292,136.16496,83.41315,30.48741,90.00225,52.27601,85.61324,101.30441,57.28521,108.3015,75.88301,114.64751,98.32328,49.64391,83.60783,132.69661,94.13727,111.94967,88.15064,66.05146,68.56985,94.35712,154.14424,72.62639,102.43239,75.74064,83.96169,62.8717,106.45492,107.07168,129.14647,122.24527,0.0,102.05717,112.99758,135.76698,95.03719,143.16599,123.52267,57.19576,54.34379,88.42361,65.20971,98.36808,91.05319,77.33839,98.25617,92.43855,115.43478,75.06807,59.71864,74.17226,47.4474,103.89611,117.62715,88.73627,65.19458,63.49062,104.18745,128.03624,70.51781,83.09217,62.3903,78.70088,40.82573,84.942,93.18235,70.44556,105.95509,85.75957,58.73323,97.08376,47.00213,77.64372,122.59254,90.5704,101.10047,79.04272,121.39718,92.03897,127.25516,113.54415,82.46387,67.39548,114.31522,106.96008,121.68491,111.90391,103.29291,137.27399,110.11338,90.73232,78.74638,44.56321,72.08472,1
66.70333,75.80028,29.32721,74.65472,95.97325,79.25864,60.7603,117.68363,86.12043,96.49599,99.25861,64.54097,60.72388,67.40842,88.18382,110.86803,78.72282,76.47308,97.17073,98.02948,123.47737,56.79092,78.92886,65.16211,82.15524,68.75553,86.46542,100.88702,84.97549,38.87114,68.00423,81.06989,52.61385,86.06165,90.25556,70.87925,49.49739,102.05717,0.0,92.07474,39.86496,99.12296,84.58443,65.24198,116.71769,75.54843,70.00176,77.7711,42.04991,104.58905,64.14781,105.15411,59.69598,46.6616,97.06869,67.6143,49.33226,104.66225,83.65228,52.98867,83.0453,74.07088,83.72177,59.64358,43.41357,103.64681,56.84662,60.07327,57.29288,85.45793,108.46603,66.22049,81.86677,38.09748,33.14945,98.75078,64.08338,77.22231,85.21352,57.04577,30.22668,73.93904,89.07358,90.61389,53.32465,65.00166,79.80357,79.23424,91.94972,76.2176,48.04073,52.63683,57.4781,75.46355,79.13242,90.93542,96.3745,68.90927,71.40164,54.51731,1
70.82566,92.85093,111.50647,110.37551,82.31367,93.55245,82.27684,57.75799,95.09074,62.04146,114.56004,118.6153,71.64962,102.1222,52.46447,120.57968,93.38671,29.51833,117.82143,111.48322,91.65497,111.56502,107.85587,59.08595,59.80785,75.58816,54.94384,103.72318,104.37968,101.98627,51.90404,114.9613,94.04204,145.10721,113.23122,125.38381,106.4097,112.99758,92.07474,0.0,97.99418,124.49982,72.17625,84.392,130.66869,75.32913,74.17,99.78412,112.49563,116.42574,45.7967,82.18415,93.55659,100.51601,84.33674,94.80183,71.30672,98.41883,109.82779,76.97328,86.74117,92.91583,123.3813,111.37567,98.29574,122.95206,66.56152,75.19272,96.50821,99.57838,72.04376,72.46083,63.45617,87.83588,64.55315,121.04713,39.76252,78.83658,69.64808,115.52157,100.82952,75.00637,75.82413,100.76297,98.28614,83.79312,111.74324,120.40569,61.00391,77.71917,64.4035,78.55206,107.60574,51.41382,92.51505,27.54913,121.17284,132.64771,95.3048,113.99599,1
87.59927,102.74709,56.40003,87.841,81.81769,110.70484,61.98536,134.02011,119.97568,112.34318,123.13915,89.71335,76.43648,102.46113,98.68243,144.10281,78.31095,87.1477,123.67907,130.7841,136.2175,79.30782,94.07695,80.36607,103.95523,95.08699,104.44048,87.83176,103.95903,52.56372,93.60278,99.03264,81.35749,108.43407,103.53027,80.66464,67.01754,135.76698,39.86496,97.99418,0.0,131.94249,78.90929,78.74911,145.39854,100.13816,96.52653,99.34463,70.21429,127.75953,87.10744,119.77247,74.43826,50.19857,111.91417,100.12184,74.20609,127.75072,91.37515,61.70719,90.60027,109.36228,120.36153,87.34219,45.80626,134.28641,80.65538,90.1517,92.25222,121.20265,127.44219,90.05325,108.54507,48.80562,58.73281,136.79462,79.59381,104.12038,104.43227,61.14376,58.18749,96.82594,101.52632,88.57857,68.55795,58.62912,93.5527,115.0377,114.54081,94.38313,48.63518,60.37256,75.59808,83.15862,63.22825,100.69231,129.20911,95.20641,98.98069,82.27543,1
99.2942,62.89705,88.65977,113.65533,158.49089,32.26382,97.11809,127.90242,90.85212,96.94292,119.75584,96.86658,126.18983,77.18561,113.85884,45.10582,119.74838,119.25382,106.44263,21.70136,90.22298,81.21864,76.5208,110.47562,87.72323,79.39982,109.20361,138.49367,102.83225,104.25723,92.04599,103.58916,99.46638,87.37402,111.58972,88.23488,105.99897,95.03719,99.12296,124.49982,131.94249,0.0,113.9711,90.28353,96.39091,95.91686,52.10886,97.85957,73.76884,67.16899,90.382,96.75763,91.73053,107.60368,119.4762,62.22041,81.11212,117.06851,114.9611,102.94464,130.00902,44.77202,51.13769,50.60389,97.09813,59.89784,69.37634,99.35355,90.46204,56.13154,136.6407,93.26176,67.90023,97.09879,86.10892,50.27434,91.61969,84.99102,91.73051,121.31812,101.24355,103.5447,118.27282,127.61108,102.25467,135.76585,78.53751,26.12109,114.51079,101.81523,110.47202,86.9031,98.39371,118.62783,154.17416,108.29517,45.36049,109.28406,108.23288,109.99854,1
