Vértice_1,Vértice_2,Vértice_3,Vértice_4,Vértice_5,Vértice_6,Vértice_7,Vértice_8,Vértice_9,Vértice_10,Vértice_11,Vértice_12,Vértice_13,Vértice_14,Vértice_15,Vértice_16,Vértice_17,Vértice_18,Vértice_19,Vértice_20,Vértice_21,Vértice_22,Vértice_23,Vértice_24,Vértice_25,Vértice_26,Vértice_27,Vértice_28,Vértice_29,Vértice_30,Conjuntos
0.0,110.45381,110.6402,98.75867,82.74417,115.62865,144.65875,162.50461,77.28542,116.28536,105.03143,88.50348,135.30557,112.54993,132.5143,121.75911,161.00761,98.08103,129.18176,143.8304,114.08961,125.93517,122.24986,102.53178,93.87054,110.62669,129.95364,105.35304,126.56906,143.41315,1
110.45381,0.0,116.31093,128.67624,140.94838,68.84997,122.75627,126.1001,136.89354,111.98675,143.49867,125.88202,119.73064,148.21901,135.8179,124.35073,106.05346,132.72382,150.42096,148.62663,90.08537,112.6235,136.20163,138.82765,66.56051,98.81586,152.07693,129.8092,136.93083,122.53087,1
110.6402,116.31093,0.0,95.44401,120.79803,109.53322,140.21663,168.93669,133.78833,120.76412,115.35397,104.98946,98.90352,143.45712,189.93791,77.8428,155.7108,124.31763,148.06519,116.58328,120.79982,144.63794,103.30733,137.86821,101.00632,133.28963,141.75073,126.04896,143.88615,123.10564,1
98.75867,128.67624,95.44401,0.0,77.3008,139.09375,137.48642,132.0757,81.97528,109.24896,104.89423,70.71254,109.1776,115.19083,165.22943,106.83974,135.69354,97.07451,134.02434,114.85844,121.91711,94.64179,110.13322,122.3338,110.68176,108.26643,104.84672,119.91663,143.68996,110.6323,1
82.74417,140.94838,120.79803,77.3008,0.0,132.4781,141.58803,126.45614,64.55431,118.65276,107.64991,78.93966,142.94492,128.40678,143.63052,107.54272,152.30534,77.05969,123.9085,113.3139,114.29238,123.90314,98.05315,109.27037,113.4284,106.12455,68.44505,91.08374,145.14842,162.64505,1
115.62865,68.84997,109.53322,139.09375,132.4781,0.0,102.31753,131.07233,148.63692,125.93066,148.73755,143.44325,126.20533,167.53368,139.94841,99.43652,107.29467,133.9287,144.64215,126.14877,52.80035,121.05412,114.4467,115.77623,93.77971,121.5557,134.82178,95.2384,112.73807,130.30283,1
144.65875,122.75627,140.21663,137.48642,141.58803,102.31753,0.0,154.06046,155.49344,180.06201,197.77734,154.13489,173.98277,142.91318,105.27278,102.19701,102.78095,132.59416,136.50494,152.45924,61.98713,129.67783,158.45012,101.02262,143.93533,168.99228,146.82663,130.8251,124.62098,128.08734,2
162.50461,126.1001,168.93669,132.0757,126.45614,131.07233,154.06046,0.0,142.49582,126.41329,145.48578,136.58255,139.02217,190.36734,166.85512,152.82285,90.00122,138.47063,161.0508,112.82967,122.76866,109.25022,144.21497,157.40691,119.52461,97.00008,96.24786,135.2498,163.60425,168.28539,2
77.28542,136.89354,133.78833,81.97528,64.55431,148.63692,155.49344,142.49582,0.0,115.4123,109.18594,91.22066,146.26648,125.24764,148.71402,140.82306,160.79156,95.93193,161.9886,136.6889,134.78406,132.21445,143.04134,138.22134,118.10575,116.10357,97.96522,134.21744,166.18633,161.5896,1
116.28536,111.98675,120.76412,109.24896,118.65276,125.93066,180.06201,126.41329,115.4123,0.0,86.08568,130.33891,89.89233,177.38887,188.02339,132.82016,159.60336,161.7747,168.51181,129.02963,135.59647,136.0871,125.06376,172.04785,87.09884,61.66238,136.90829,143.5108,159.55092,155.51915,2
105.03143,143.49867,115.35397,104.89423,107.64991,148.73755,197.77734,145.48578,109.18594,86.08568,0.0,100.74808,80.38397,180.5117,205.80327,149.76886,170.22313,139.71788,161.09076,99.43106,159.59778,143.12999,127.04405,155.39725,98.40306,95.41868,122.26115,133.84012,163.36153,169.11754,2
88.50348,125.88202,104.98946,70.71254,78.93966,143.44325,154.13489,136.58255,91.22066,130.33891,100.74808,0.0,126.67146,107.30006,157.97629,121.45467,145.42584,65.51919,115.38694,123.23978,137.71573,118.57243,115.31605,117.29497,92.70501,104.69769,111.10745,118.81158,151.98892,146.20946,1
135.30557,119.73064,98.90352,109.1776,142.94492,126.20533,173.98277,139.02217,146.26648,89.89233,80.38397,126.67146,0.0,195.3956,206.90504,138.47662,135.9556,162.29173,161.90938,94.30253,140.50371,126.01772,128.78271,157.98558,92.14008,104.8155,144.10133,138.98232,158.04218,135.41589,2
112.54993,148.21901,143.45712,115.19083,128.40678,167.53368,142.91318,190.36734,125.24764,177.38887,180.5117,107.30006,195.3956,0.0,143.83279,131.10274,178.98933,109.3161,144.97937,194.66818,148.55615,148.19975,171.24002,133.80617,150.73149,162.15031,172.92235,168.34688,143.09286,137.29388,2
132.5143,135.8179,189.93791,165.22943,143.63052,139.94841,105.27278,166.85512,148.71402,188.02339,205.80327,157.97629,206.90504,143.83279,0.0,154.18756,145.80299,144.01674,123.76806,194.96257,108.52393,154.13696,185.77704,113.89917,142.67772,158.10434,169.54007,148.3671,152.03981,185.19916,2
121.75911,124.35073,77.8428,106.83974,107.54272,99.43652,102.19701,152.82285,140.82306,132.82016,149.76886,121.45467,138.47662,131.10274,154.18756,0.0,145.4563,125.19733,116.62251,124.61378,86.75997,143.31689,101.29108,116.02645,114.93385,132.25569,132.56042,114.04728,115.83396,132.91489,1
161.00761,106.05346,155.7108,135.69354,152.30534,107.29467,102.78095,90.00122,160.79156,159.60336,170.22313,145.42584,135.9556,178.98933,145.80299,145.4563,0.0,137.99965,152.77498,120.14748,93.55119,88.07538,160.36247,126.04008,125.11842,138.2123,129.07935,133.59839,138.32677,124.29227,1
98.08103,132.72382,124.31763,97.07451,77.05969,133.9287,132.59416,138.47063,95.93193,161.7747,139.71788,65.51919,162.29173,109.3161,144.01674,125.19733,137.99965,0.0,134.23798,132.58052,122.07154,120.15989,119.30994,104.62076,122.97451,138.00595,92.71658,103.46904,152.50998,152.59917,1
129.18176,150.42096,148.06519,134.02434,123.9085,144.64215,136.50494,161.0508,161.9886,168.51181,161.09076,115.38694,161.90938,144.97937,123.76806,116.62251,152.77498,134.23798,0.0,153.21867,124.70184,142.41972,133.05244,87.00871,120.2123,131.15607,158.35822,116.109,126.8134,171.62386,2
143.8304,148.62663,116.58328,114.85844,113.3139,126.14877,152.45924,112.82967,136.6889,129.02963,99.43106,123.23978,94.30253,194.66818,194.96257,124.61378,120.14748,132.58052,153.21867,0.0,125.76068,133.64542,127.0538,132.74658,120.34501,129.06293,84.14158,117.17783,146.7652,159.87904,1
114.08961,90.08537,120.79982,121.91711,114.29238,52.80035,61.98713,122.76866,134.78406,135.59647,159.59778,137.71573,140.50371,148.55615,108.52393,86.75997,93.55119,122.07154,124.70184,125.76068,0.0,104.24771,117.57994,89.87111,109.20313,126.16116,120.12347,88.24368,100.98484,121.02524,1
125.93517,112.6235,144.63794,94.64179,123.90314,121.05412,129.67783,109.25022,132.21445,136.0871,143.12999,118.57243,126.01772,148.19975,154.13696,143.31689,88.07538,120.15989,142.41972,133.64542,104.24771,0.0,128.55685,110.42426,125.92078,117.97826,124.67252,108.64014,121.82661,88.96979,1
122.24986,136.20163,103.30733,110.13322,98.05315,114.4467,158.45012,144.21497,143.04134,125.06376,127.04405,115.31605,128.78271,171.24002,185.77704,101.29108,160.36247,119.30994,133.05244,127.0538,117.57994,128.55685,0.0,132.13116,117.99444,115.75536,116.29338,68.74437,154.98293,157.61813,2
102.53178,138.82765,137.86821,122.3338,109.27037,115.77623,101.02262,157.40691,138.22134,172.04785,155.39725,117.29497,157.98558,133.80617,113.89917,116.02645,126.04008,104.62076,87.00871,132.74658,89.87111,110.42426,132.13116,0.0,132.03191,150.0112,130.567,83.60989,89.65084,136.30165,1
93.87054,66.56051,101.00632,110.68176,113.4284,93.77971,143.93533,119.52461,118.10575,87.09884,98.40306,92.70501,92.14008,150.73149,142.67772,114.93385,125.11842,122.97451,120.2123,120.34501,109.20313,125.92078,117.99444,132.03191,0.0,62.69273,133.30309,119.38126,143.40704,149.41086,1
110.62669,98.81586,133.28963,108.26643,106.12455,121.5557,168.99228,97.00008,116.10357,61.66238,95.41868,104.69769,104.8155,162.15031,158.10434,132.25569,138.2123,138.00595,131.15607,129.06293,126.16116,117.97826,115.75536,150.0112,62.69273,0.0,126.28552,125.37303,151.01184,160.4337,1
129.95364,152.07693,141.75073,104.84672,68.44505,134.82178,146.82663,96.24786,97.96522,136.90829,122.26115,111.10745,144.10133,172.92235,169.54007,132.56042,129.07935,92.71658,158.35822,84.14158,120.12347,124.67252,116.29338,130.567,133.30309,126.28552,0.0,100.69917,163.53535,173.67145,2
105.35304,129.8092,126.04896,119.91663,91.08374,95.2384,130.8251,135.2498,134.21744,143.5108,133.84012,118.81158,138.98232,168.34688,148.3671,114.04728,133.59839,103.46904,116.109,117.17783,88.24368,108.64014,68.74437,83.60989,119.38126,125.37303,100.69917,0.0,127.43933,153.59439,1
126.56906,136.93083,143.88615,143.68996,145.14842,112.73807,124.62098,163.60425,166.18633,159.55092,163.36153,151.98892,158.04218,143.09286,152.03981,115.83396,138.32677,152.50998,126.8134,146.7652,100.98484,121.82661,154.98293,89.65084,143.40704,151.01184,163.53535,127.43933,0.0,115.24235,2
143.41315,122.53087,123.10564,110.6323,162.64505,130.30283,128.08734,168.28539,161.5896,155.51915,169.11754,146.20946,135.41589,137.29388,185.19916,132.91489,124.29227,152.59917,171.62386,159.87904,121.02524,88.96979,157.61813,136.30165,149.41086,160.4337,173.67145,153.59439,115.24235,0.0,2
