Vértice_1,Vértice_2,Vértice_3,Vértice_4,Vértice_5,Vértice_6,Vértice_7,Vértice_8,Vértice_9,Vértice_10,Vértice_11,Vértice_12,Vértice_13,Vértice_14,Vértice_15,Vértice_16,Vértice_17,Vértice_18,Vértice_19,Vértice_20,Vértice_21,Vértice_22,Vértice_23,Vértice_24,Vértice_25,Vértice_26,Vértice_27,Vértice_28,Vértice_29,Vértice_30,Vértice_31,Vértice_32,Vértice_33,Vértice_34,Vértice_35,Vértice_36,Vértice_37,Vértice_38,Vértice_39,Vértice_40,Vértice_41,Vértice_42,Vértice_43,Vértice_44,Vértice_45,Vértice_46,Vértice_47,Vértice_48,Vértice_49,Vértice_50,Vértice_51,Vértice_52,Vértice_53,Vértice_54,Vértice_55,Vértice_56,Vértice_57,Vértice_58,Vértice_59,Vértice_60,Vértice_61,Vértice_62,Vértice_63,Vértice_64,Vértice_65,Vértice_66,Vértice_67,Vértice_68,Vértice_69,Vértice_70,Vértice_71,Vértice_72,Vértice_73,Vértice_74,Vértice_75,Vértice_76,Vértice_77,Vértice_78,Vértice_79,Vértice_80,Vértice_81,Vértice_82,Vértice_83,Vértice_84,Vértice_85,Vértice_86,Vértice_87,Vértice_88,Vértice_89,Vértice_90,Vértice_91,Vértice_92,Vértice_93,Vértice_94,Vértice_95,Vértice_96,Vértice_97,Vértice_98,Vértice_99,Vértice_100,Conjuntos
0.0,90.56591,125.48418,135.06798,117.08275,89.06495,127.35744,123.28299,159.56718,117.82314,124.27834,113.08781,143.80533,101.30225,93.90546,112.26009,122.55279,166.59567,116.13622,115.56774,97.477,120.45092,153.5052,132.33336,129.39612,116.51231,167.53362,168.04457,134.71207,107.60532,103.28259,170.51437,143.85165,107.40657,126.53441,134.6277,122.85779,137.53221,145.70781,125.98707,141.68958,108.97712,133.94354,136.57431,132.19545,112.75366,118.92521,136.68686,131.34778,137.03577,142.42961,171.34531,182.31691,145.7018,137.72325,120.37294,98.82158,93.98931,158.59357,125.41097,105.10875,169.36491,122.25135,128.74254,157.41075,146.78119,126.35806,127.05028,130.71693,166.9187,124.64952,89.31908,142.75589,93.05193,119.80627,114.33938,120.41775,117.70877,143.82431,108.92266,130.82439,87.93717,179.0789,122.56097,119.10165,147.33351,130.59135,150.91574,170.5889,151.64479,132.77028,116.80626,106.82136,168.13289,96.27338,146.86951,125.61739,139.35544,167.3226,153.23903,1
90.56591,0.0,152.23721,176.52751,135.5555,129.10515,128.3974,119.84563,162.04073,116.46036,127.8427,88.92599,136.55594,107.86815,113.83286,128.45378,139.09752,164.64841,121.80415,113.07142,101.15688,95.20245,146.53688,141.75214,121.43008,109.84328,130.5146,172.14311,140.05713,91.76837,122.39835,151.45744,108.22311,129.56532,154.33098,109.40704,133.96596,140.07716,102.97768,106.07366,155.49275,104.70358,137.30714,139.14447,162.7717,108.36156,110.44018,127.75684,118.72115,145.71353,124.43848,174.46477,169.56709,172.28964,157.68132,124.89498,123.11752,118.90192,167.08221,144.03041,101.84241,164.48254,121.60011,128.58598,105.35752,134.20004,108.64556,84.3652,116.46994,153.96626,127.01147,128.7209,133.66725,80.95045,111.45371,123.18844,134.01759,154.41093,112.92814,103.71804,147.55238,92.80891,184.13101,100.30019,137.84988,119.52061,102.20957,159.5033,167.81126,166.89059,142.5751,114.44067,141.32249,149.10657,110.01386,144.31271,127.59214,124.97103,155.31941,128.83812,1
125.48418,152.23721,0.0,131.01497,106.14588,145.96373,101.33043,121.96093,147.69194,109.78568,101.87875,142.42172,109.11551,149.30347,113.51781,134.67874,111.52795,136.24068,108.80589,129.20149,141.9494,142.78571,109.71912,135.27644,146.17654,145.17239,162.1869,119.3215,113.56255,160.29716,145.51768,148.84059,143.97775,158.96964,147.39384,121.53937,77.20516,164.10313,149.33824,134.63795,123.54715,102.52077,166.6416,140.54759,123.97446,151.16495,129.39331,133.99825,141.63303,127.8014,148.17354,100.84324,148.2925,113.31748,148.95815,132.69896,131.59688,127.57339,147.39615,136.54852,130.64079,81.94935,131.58958,137.02145,170.83406,149.12537,105.65784,134.66107,142.2709,149.13014,104.27171,126.30362,146.51289,161.94312,141.7182,86.94775,142.94121,124.27375,140.51619,134.0584,167.8889,130.05466,117.36769,151.00671,123.85207,151.54921,164.41107,130.12772,155.38095,157.87846,85.74611,96.05459,82.223,131.89717,112.1412,122.96503,99.98997,157.19543,141.92299,117.38728,1
135.06798,176.52751,131.01497,0.0,152.12708,145.50758,183.1387,154.75645,162.73607,137.13506,155.17149,194.56876,140.70665,171.80951,148.59839,133.74265,154.80832,183.77504,141.34306,143.09218,140.33995,162.1584,151.61127,128.64737,146.2874,128.04918,186.51125,214.94191,157.5511,151.9456,132.54471,191.88586,181.61481,156.37004,146.48264,188.96587,148.69086,147.99217,201.41298,163.3636,152.9512,145.97691,140.33777,127.44339,168.79861,140.65578,158.61688,176.72144,182.85182,134.45526,173.9373,175.8136,186.45018,159.38414,159.48029,182.22171,106.89967,142.06895,150.47183,129.40503,156.61099,164.63388,134.14677,142.94208,175.8609,186.68311,149.38875,175.53664,162.7529,171.59039,147.78136,153.485,152.91862,185.98969,166.78088,130.24667,154.88567,136.06113,200.26436,180.20377,150.28903,165.57077,121.87006,173.00905,136.63171,149.73949,181.54146,157.79936,159.96846,168.50902,161.66463,150.83923,117.10017,161.49358,111.85577,146.61768,118.46034,153.89777,160.85522,188.16771,2
117.08275,135.5555,106.14588,152.12708,0.0,150.70148,123.63397,138.38863,127.92852,115.46261,79.84626,147.14699,142.85155,103.40854,102.58801,136.05191,112.46214,101.76301,141.14966,100.96338,156.07471,132.33548,119.66625,171.63586,159.40845,139.45872,171.42221,133.93951,165.43571,158.34599,162.01694,157.2133,118.42389,170.69125,156.54814,125.75983,147.11957,145.55556,150.39601,112.28725,163.92973,76.78633,150.91403,154.64258,130.24699,149.90364,108.41675,127.56346,163.04752,139.38136,146.72195,168.89105,193.23224,132.88251,151.0957,133.55855,104.33981,96.46091,190.12743,184.50415,120.27814,131.99515,140.81519,126.92304,169.70314,152.45952,130.6097,126.39123,136.3893,159.17644,136.59755,143.45229,140.52739,153.00641,124.52195,144.65723,111.37477,158.77966,147.98709,169.85056,181.65224,142.74852,152.21268,140.13037,151.30222,141.51854,142.70107,126.11163,133.80803,159.32077,139.86343,132.00258,127.60303,133.82172,145.64586,121.50549,69.23596,143.56859,163.10938,140.6579,1
89.06495,129.10515,145.96373,145.50758,150.70148,0.0,175.77429,104.25896,161.5584,135.45781,152.17659,166.24635,122.15867,155.8131,139.7234,88.83645,134.8756,164.07309,101.49007,105.9708,112.28866,135.86734,148.29869,123.66661,146.659,96.55305,155.68002,175.23557,144.33464,125.31716,91.8951,154.28261,137.21664,85.18414,131.69067,139.21555,146.93045,115.64525,148.02696,155.21481,149.8029,130.93875,94.87499,115.08734,136.91307,89.88369,111.82333,141.03516,134.37781,113.0807,158.92937,177.45273,143.52931,150.22292,87.88931,99.51715,97.99207,118.49999,147.05055,157.06642,95.76614,171.45067,92.23388,145.24513,175.50754,146.12234,142.64511,153.96718,142.04788,169.11635,129.03506,70.16152,131.76747,101.44592,105.57507,145.78337,138.28981,147.7515,131.42284,133.4772,140.90332,89.10903,167.68658,144.68358,147.70161,135.32635,112.37366,138.58891,162.43152,122.96844,137.8011,140.4476,95.59162,153.64212,119.03805,129.66563,153.9189,156.83307,151.53783,167.34494,1
127.35744,128.3974,101.33043,183.1387,123.63397,175.77429,0.0,132.32292,162.11421,130.12914,122.54155,97.57342,144.01184,120.92953,112.5724,157.79982,140.28522,152.67812,151.54738,159.55424,151.32993,129.88773,159.34705,152.64667,173.82268,171.60114,200.0607,118.69507,110.93354,135.10463,177.34251,149.84891,153.78909,188.27283,162.88493,96.67091,101.021,179.16592,136.92731,157.14873,125.89526,96.97504,191.33722,179.45433,141.25417,185.30376,141.13812,138.43053,120.56298,182.45476,144.63252,137.68422,198.52498,162.92917,193.40649,157.87773,145.32611,141.43839,174.16873,134.50797,145.85173,128.08565,155.55832,178.68481,167.6167,138.6389,139.88901,113.84591,118.22105,154.02054,120.73293,137.69864,158.36563,163.28304,161.91862,120.27045,151.50124,145.10611,150.13496,125.92146,199.53969,126.03206,178.83208,121.66979,103.49081,187.81592,166.75085,183.5842,177.76424,165.61423,107.38656,122.73312,133.20239,155.44878,126.82235,160.44379,128.08266,139.46756,154.5365,96.19095,1
123.28299,119.84563,121.96093,154.75645,138.38863,104.25896,132.32292,0.0,136.62114,136.38156,145.32387,152.19586,68.23411,170.32689,146.38278,98.50784,144.94057,139.66708,108.09632,95.87311,126.87888,97.63821,143.64938,134.69762,161.57713,99.41496,154.76314,150.49744,132.32837,106.95756,137.5168,125.12843,118.40941,148.80995,173.21558,91.02878,109.41272,145.50356,134.54057,153.42392,147.47118,101.01373,109.36789,121.96271,159.82811,123.43539,80.3438,140.14018,100.47516,142.67859,121.32384,167.57866,143.26694,177.15338,133.07025,109.77523,99.567,118.91906,160.88803,154.32893,91.35979,128.0372,103.30533,165.98734,148.65309,143.29141,130.43269,134.92995,106.48045,167.76997,131.05132,104.89403,111.79568,144.87389,125.10712,135.66959,142.3947,168.21106,125.78748,131.09045,185.96521,95.63742,133.08368,131.96123,127.8513,116.66016,126.55877,167.90495,148.62737,131.59673,121.51082,145.28026,75.52869,104.72685,109.33468,129.94792,121.28772,141.0621,125.15832,118.87048,1
159.56718,162.04073,147.69194,162.73607,127.92852,161.5584,162.11421,136.62114,0.0,93.25636,131.05289,180.30624,118.84523,155.31631,174.80429,102.06746,162.95314,81.1019,134.44487,114.99761,167.6539,137.42354,130.28802,165.61668,130.09625,122.78568,169.6481,154.72377,163.58421,167.03416,143.21883,159.87279,107.31092,179.4617,169.77226,146.76303,170.80919,148.44891,187.3739,145.38411,146.21562,134.19658,116.30403,130.70001,129.63998,162.80573,87.3441,170.27385,151.54324,164.14461,80.38441,180.18082,188.92273,140.1938,124.30389,156.23199,117.6185,103.4856,164.67314,190.50816,144.70045,142.23677,158.76784,165.77104,160.06454,128.64545,146.88805,172.87106,153.88699,144.19548,135.84473,173.80327,82.71947,184.58304,118.46152,172.11516,157.52654,164.07005,136.96042,200.37404,169.35341,184.1559,160.5739,133.99388,147.50343,144.44287,147.33415,140.95232,87.50127,145.18159,126.61124,170.44685,140.06606,98.59081,130.32326,103.33737,137.77975,147.60625,125.55717,181.44652,2
117.82314,116.46036,109.78568,137.13506,115.46261,135.45781,130.12914,136.38156,93.25636,0.0,81.45204,131.39421,113.05983,108.50264,121.58176,98.30738,129.57385,101.63196,99.41612,103.70753,109.88074,125.0845,83.17645,114.36616,77.37006,108.84773,131.08124,141.0417,113.94055,136.49254,98.2625,135.06786,87.98022,130.39249,101.21851,127.62417,133.64737,118.3419,135.82132,98.72421,101.59043,107.37486,124.50276,100.33509,103.2897,120.98204,94.73422,122.59673,127.72928,109.21398,104.04293,120.43362,138.68663,87.9159,105.98024,135.71149,113.44826,101.89902,117.89404,139.38943,113.9359,122.17922,118.68147,116.77624,124.46708,104.34002,99.52848,118.31099,127.42802,100.9923,75.34526,137.62158,99.46336,129.88838,76.25424,116.33178,145.41139,122.05701,101.23589,147.60982,104.58878,136.25868,145.86678,89.5227,125.01083,125.44279,105.43307,92.99586,103.19794,132.14522,92.84862,98.55276,127.62186,108.0465,95.436,80.60099,115.27731,120.03319,111.46531,143.42009,1
124.27834,127.8427,101.87875,155.17149,79.84626,152.17659,122.54155,145.32387,131.05289,81.45204,0.0,130.14816,133.58723,105.07673,118.24488,147.49263,134.7897,106.2401,141.506,92.93099,114.37741,139.33488,88.97923,149.11028,136.23956,148.90581,159.84535,150.59866,135.28183,144.51527,149.46948,157.69398,111.47557,171.80182,121.56593,135.21904,143.83217,139.96677,139.9296,79.94252,130.60048,92.40122,161.77209,144.75455,138.94432,139.15839,108.30016,134.87814,158.5522,127.02332,150.8864,137.71762,155.25224,95.09827,141.03787,129.16165,126.08266,95.9733,176.81654,170.96342,101.05128,122.75334,132.75838,118.01151,164.69939,151.67372,117.19569,114.4098,141.31865,145.51743,122.73823,140.95181,150.26552,146.89139,94.01592,129.3495,150.3965,160.77678,136.72562,160.69897,148.3477,132.23654,161.64301,116.89734,159.42001,143.78726,119.51683,107.26104,136.84537,165.07312,126.48483,112.55288,142.23833,130.56364,140.49727,121.86059,92.08588,157.00383,137.69118,126.29944,1
113.08781,88.92599,142.42172,194.56876,147.14699,166.24635,97.57342,152.19586,180.30624,131.39421,130.14816,0.0,151.82964,103.85439,125.4129,169.84702,127.63706,184.69862,144.98723,158.64246,131.97673,113.43246,158.01855,142.16925,140.08983,160.09297,165.82503,163.19829,106.62476,113.02225,160.08507,181.38907,153.57541,174.13171,166.52715,116.6733,131.33655,161.04468,129.74986,120.0093,125.61211,113.45216,180.22232,192.40575,156.40291,151.2524,151.57805,161.4702,137.86852,186.02312,146.16393,149.24918,202.73402,159.53561,197.22731,133.37994,150.16547,128.59294,176.08115,125.47631,137.24538,151.64348,148.33081,144.02382,150.23148,136.51662,113.85833,98.95705,158.60818,155.8324,137.35529,145.44936,166.54253,123.82764,156.15213,102.26259,133.74695,130.04317,140.0885,109.55147,172.80408,126.04071,208.09264,133.97095,121.55058,176.8821,152.23453,178.24913,191.39433,199.57063,126.87634,118.68021,153.77362,182.0804,119.13943,172.47395,150.74559,158.01649,155.42664,117.64683,2
143.80533,136.55594,109.11551,140.70665,142.85155,122.15867,144.01184,68.23411,118.84523,113.05983,133.58723,151.82964,0.0,174.13176,151.68805,101.16338,129.30989,126.78624,84.84453,102.67309,133.83417,92.2119,101.00609,106.72833,131.31517,90.05153,125.77834,145.46181,110.75678,124.89703,133.75743,122.68813,108.20993,153.17827,163.85699,103.63391,118.59086,131.57407,142.89169,133.18542,117.0527,102.16965,100.56932,121.58521,145.76007,108.33245,86.55497,145.05905,108.01228,127.15055,115.80254,128.10066,122.95369,147.62488,126.39928,112.72697,105.23763,116.58922,129.28923,140.84315,97.70038,97.34817,94.0069,147.9975,133.07993,129.91675,107.44549,138.49046,135.66553,143.53816,114.17776,132.45734,105.14235,158.58351,121.77454,115.73238,139.00043,146.31364,113.98421,150.31252,164.2215,128.25276,103.12022,138.31772,123.80172,102.29124,126.8516,143.24313,117.32333,144.14523,102.66299,136.67322,81.36038,95.7782,93.6412,106.70125,117.99545,143.26762,96.29618,125.03355,1
101.30225,107.86815,149.30347,171.80951,103.40854,155.8131,120.92953,170.32689,155.31631,108.50264,105.07673,103.85439,174.13176,0.0,99.62778,147.50294,120.05068,149.31671,155.01828,141.93323,138.12857,138.53123,148.54564,149.81902,143.68668,151.22386,181.17694,159.36893,140.17322,129.62859,145.72931,169.05305,136.17613,155.33932,122.69168,131.79362,163.38312,121.65234,131.3044,125.33454,138.40761,100.93835,161.33176,167.71101,121.07653,153.86305,143.36015,130.66696,160.14085,158.61087,154.89259,170.71945,211.59534,135.36626,167.43225,148.95428,117.23103,119.86949,173.96962,154.7281,141.47093,167.76996,139.14313,128.93022,162.04439,122.15224,136.6223,98.36596,134.90439,127.55882,122.99877,136.91721,146.62422,117.11462,129.30763,142.16862,115.30735,135.56578,146.71178,145.76357,161.07254,135.19894,203.49794,112.6004,129.6611,175.811,130.38614,139.38422,160.5218,158.05608,140.97855,118.22462,163.76628,167.49945,139.09642,139.06467,129.47545,123.32016,158.02411,143.10081,1
93.90546,113.83286,113.51781,148.59839,102.58801,139.7234,112.5724,146.38278,174.80429,121.58176,118.24488,125.4129,151.68805,99.62778,0.0,131.22993,108.10635,149.46877,120.60989,144.46127,143.12477,117.12118,128.06354,127.76885,150.60291,131.01245,170.08458,131.16385,141.52675,142.99538,151.50533,128.1196,133.13647,129.46326,121.73991,121.68169,138.39839,144.77722,128.53835,134.3327,144.01556,79.23499,158.96942,154.79413,123.0177,130.19485,134.84943,80.11029,120.94209,117.94519,170.91617,136.62775,179.48289,154.07375,162.90839,159.69247,117.51361,137.58173,141.39952,128.78168,120.23058,161.16101,120.24784,146.70032,135.8497,142.90385,138.80243,111.47668,116.41205,151.18515,101.71437,130.53844,161.75513,127.40871,136.26248,123.73907,122.04069,125.75964,140.50449,141.50018,148.67035,110.47269,147.09592,113.8181,120.9875,145.63017,130.48851,149.9342,149.47659,149.03961,140.88419,111.14951,132.1004,171.46956,117.55738,136.2803,100.19771,104.87435,181.70506,141.118,1
112.26009,128.45378,134.67874,133.74265,136.05191,88.83645,157.79982,98.50784,102.06746,98.30738,147.49263,169.84702,101.16338,147.50294,131.22993,0.0,132.35086,117.5308,76.13557,108.29607,137.43843,115.31379,128.00966,118.12052,118.35017,60.76419,142.08548,141.22287,142.54082,136.71773,87.33681,114.51923,97.86083,92.37325,132.96367,119.64757,140.60851,114.31843,146.65596,154.60255,137.44882,116.97192,67.1911,79.3418,104.99738,109.74986,81.84158,116.22467,104.50999,107.73716,104.64026,161.5096,147.35651,147.72273,78.09998,133.8515,84.20393,118.52507,108.86185,149.02646,115.64451,150.81657,102.54223,152.00496,131.00426,105.13352,133.20384,148.60849,111.8075,130.35712,91.7933,115.43769,69.71741,127.81202,98.11595,146.38452,132.40323,131.99138,104.95443,151.54195,135.36418,125.32645,131.08018,113.00688,116.78316,112.18772,110.04665,129.1028,103.30678,87.79736,113.35014,136.59375,94.25106,108.38948,91.24703,80.67038,133.44986,104.1236,131.86842,166.85838,1
122.55279,139.09752,111.52795,154.80832,112.46214,134.8756,140.28522,144.94057,162.95314,129.57385,134.7897,127.63706,129.30989,120.05068,108.10635,132.35086,0.0,155.02162,98.7463,145.31606,169.41522,125.91179,119.66786,127.71204,140.15907,122.96959,133.78065,124.73724,124.12943,156.36922,140.75345,152.66104,137.93376,135.40044,158.27412,108.62205,133.4977,114.3857,127.06281,135.20067,134.78476,95.36234,135.77483,164.36539,99.63611,125.64237,146.98518,127.07912,155.51595,131.89867,156.80348,127.96844,182.19011,125.49773,152.95016,109.0888,111.80449,133.59395,140.99356,144.10246,143.55098,113.47395,106.92105,105.24519,161.12125,110.21524,96.4226,115.43988,161.86438,121.87041,109.66985,128.92107,134.55887,124.72234,150.76601,101.70016,57.62747,97.71961,123.66604,135.52815,175.75916,139.78667,148.48779,167.62991,118.45692,148.26164,151.82509,117.13795,152.94299,160.34262,107.66214,102.33286,108.45976,154.61523,121.58581,111.69239,124.41566,140.99484,142.90242,132.28862,1
166.59567,164.64841,136.24068,183.77504,101.76301,164.07309,152.67812,139.66708,81.1019,101.63196,106.2401,184.69862,126.78624,149.31671,149.46877,117.5308,155.02162,0.0,139.19829,112.02048,175.86932,140.06059,102.58757,169.53348,160.39934,137.53993,172.8654,116.96754,170.73595,181.20511,169.52075,120.48118,82.20995,181.33266,155.86441,129.32909,179.10744,148.45093,163.4147,142.57622,154.86128,109.2177,137.6682,141.75909,123.06588,162.58444,82.94408,128.9044,143.36325,139.42665,132.48102,162.0251,168.19728,136.10455,122.26848,156.06236,127.75574,122.85054,169.86372,207.68788,126.29208,138.49055,147.85756,173.69821,164.63689,134.02374,158.67355,159.03603,138.19737,146.17686,125.35655,169.40904,118.89295,182.1436,102.2982,183.69127,161.78023,184.95212,122.74129,206.83415,180.20705,169.56671,148.64415,122.17897,167.56938,141.98828,123.29337,126.93458,76.08647,131.60344,135.24091,164.15907,150.43581,102.87871,157.71651,94.33508,121.04483,142.09898,144.13469,163.93237,1
116.13622,121.80415,108.80589,141.34306,141.14966,101.49007,151.54738,108.09632,134.44487,99.41612,141.506,144.98723,84.84453,155.01828,120.60989,76.13557,98.7463,139.19829,0.0,121.20795,139.3076,106.51523,99.40176,103.76207,93.55579,69.94836,95.25494,127.83196,121.66647,148.30786,92.91325,122.02494,103.00227,88.57181,144.77544,112.66773,117.02259,127.86202,132.53952,129.29282,127.09605,114.37611,98.92844,106.89713,107.12668,86.20154,104.49683,116.23602,105.97321,95.53162,116.88229,116.18499,123.46362,130.76944,102.6638,114.04255,114.91671,126.29362,91.20885,129.97758,114.15938,121.8631,97.89275,125.12176,115.9865,108.14362,90.95972,136.01828,143.28804,129.48767,81.28507,125.26239,103.68504,116.31983,112.2005,101.31194,122.74147,104.20232,81.54538,129.49597,123.74745,123.6647,115.52535,136.82921,119.89279,98.88128,122.133,116.6899,123.4389,136.78989,92.71979,105.98344,82.80553,127.28116,76.40728,88.6804,131.58876,129.25061,135.20306,151.69476,1
115.56774,113.07142,129.20149,143.09218,100.96338,105.9708,159.55424,95.87311,114.99761,103.70753,92.93099,158.64246,102.67309,141.93323,144.46127,108.29607,145.31606,112.02048,121.20795,0.0,102.82401,121.94397,110.25392,153.15497,133.67941,99.35102,133.74059,173.80356,158.17928,124.14032,119.57189,152.70302,90.89091,145.42459,149.73647,130.9585,144.51974,125.69032,140.9926,96.62072,160.44824,104.05839,104.96242,103.50542,159.0968,101.75718,63.77446,143.3233,149.90045,114.89716,125.94788,179.53717,137.70644,137.53859,103.00684,99.96573,95.05399,81.10574,180.08582,184.3399,71.79848,136.94995,111.09641,116.71631,152.045,155.58377,116.37312,129.75816,129.46745,163.31133,139.35268,122.66772,114.62104,129.89395,72.70352,145.24295,142.46776,178.29965,126.54372,155.63205,152.35551,115.59701,146.93822,126.93962,166.99821,92.73621,99.02394,116.50449,130.52863,146.93822,141.14365,135.72919,113.74354,98.66609,131.0354,110.56419,96.68946,154.80298,130.23982,143.22142,1
97.477,101.15688,141.9494,140.33995,156.07471,112.28866,151.32993,126.87888,167.6539,109.88074,114.37741,131.97673,133.83417,138.12857,143.12477,137.43843,169.41522,175.86932,139.3076,102.82401,0.0,140.95557,143.4373,122.70919,128.40677,132.17142,162.33339,205.88411,123.93469,88.37169,106.22443,174.99448,143.39386,137.45116,113.97208,154.39813,133.59671,139.06752,142.80598,118.70005,132.72485,133.1281,147.20656,119.23022,175.42409,112.17812,123.44765,158.48372,145.51529,132.8241,156.64018,168.1768,138.67923,145.30376,138.01683,132.6512,126.68127,116.93109,165.33684,135.495,93.82235,167.22086,116.91194,134.68152,158.06648,167.12317,128.42111,124.80291,132.8736,166.53502,134.76854,107.94221,153.99811,117.07994,101.64945,123.35908,175.56239,162.87296,151.88756,120.33773,120.83588,89.93623,182.28569,112.36558,152.82678,143.20412,112.97289,150.3188,179.19359,162.39211,144.57993,120.62068,135.88927,152.76311,115.57551,153.75084,139.48753,160.91896,139.31041,142.76932,1
120.45092,95.20245,142.78571,162.1584,132.33548,135.86734,129.88773,97.63821,137.42354,125.0845,139.33488,113.43246,92.2119,138.53123,117.12118,115.31379,125.91179,140.06059,106.51523,121.94397,140.95557,0.0,126.09364,116.76687,133.78033,90.04853,141.98093,150.04414,130.68172,103.40415,153.9285,128.11279,107.27213,155.80495,168.31715,99.5672,148.26607,136.05025,140.25453,120.3983,132.57114,78.06068,109.87614,158.0121,151.76143,104.05895,91.08509,133.631,86.23611,151.01256,119.84355,155.1122,177.49289,178.19412,163.16048,135.3786,99.00517,106.83442,144.87975,130.80933,92.14958,150.26616,110.5061,157.3744,97.46583,131.05969,127.50246,123.49745,129.07881,158.62251,128.04716,148.81339,127.67553,143.72232,133.08817,129.39212,115.04294,141.30626,123.28983,154.75574,161.20853,125.16529,142.73747,114.35912,112.06754,107.80767,116.81263,174.29211,119.97907,164.34279,139.3553,151.97829,122.38405,144.11087,90.51622,137.90036,112.99165,114.97023,143.88145,138.54367,1
153.5052,146.53688,109.71912,151.61127,119.66625,148.29869,159.34705,143.64938,130.28802,83.17645,88.97923,158.01855,101.00609,148.54564,128.06354,128.00966,119.66786,102.58757,99.40176,110.25392,143.4373,126.09364,0.0,119.57103,114.89569,116.70619,113.44537,138.45569,133.95891,165.96919,143.10851,124.98062,89.43098,151.69962,129.69344,134.25349,156.67743,125.68369,139.94086,95.0274,124.42361,102.79605,133.35191,131.36029,128.04143,107.1565,108.5069,119.81904,143.20134,87.57098,151.95032,100.45237,115.4071,100.22447,120.77508,135.14281,130.18724,125.95011,128.48897,165.19162,105.91744,111.4592,108.62879,120.70187,133.75671,135.42647,108.11369,132.20578,156.2854,127.43658,100.48977,159.87473,137.2813,155.14594,97.33966,127.72246,147.73618,148.52621,107.78925,177.86841,131.23343,150.39484,113.34819,132.76048,159.85449,106.64641,110.14783,88.2748,96.39872,157.96922,121.02102,118.55555,134.88313,121.89943,127.97762,87.01177,107.45155,146.65111,128.7702,145.83807,1
132.33336,141.75214,135.27644,128.64737,171.63586,123.66661,152.64667,134.69762,165.61668,114.36616,149.11028,142.16925,106.72833,149.81902,127.76885,118.12052,127.71204,169.53348,103.76207,153.15497,122.70919,116.76687,119.57103,0.0,128.19162,112.13442,156.59196,168.15173,76.81216,113.90647,124.7448,129.29501,145.46603,127.89921,103.61304,133.69568,145.17328,103.28696,142.1226,155.41467,71.88337,117.50354,123.20602,138.1082,129.29083,108.15988,142.34904,132.84827,112.50468,119.25171,165.49626,107.12389,141.92577,141.76526,143.27063,152.04539,112.26611,148.27559,74.5348,80.28236,123.74554,148.31502,76.25813,154.89235,138.78731,120.31113,133.97697,133.26697,138.99702,118.41966,88.69878,124.04001,140.24905,145.07516,137.35649,112.20295,144.39008,108.10614,138.49284,145.73946,128.36665,123.36335,138.62546,124.03484,97.69534,148.94612,124.15044,148.72542,139.01085,135.12355,118.13603,125.32594,123.31219,156.94458,86.82959,125.42663,148.87941,120.01846,115.65465,143.86844,1
129.39612,121.43008,146.17654,146.2874,159.40845,146.659,173.82268,161.57713,130.09625,77.37006,136.23956,140.08983,131.31517,143.68668,150.60291,118.35017,140.15907,160.39934,93.55579,133.67941,128.40677,133.78033,114.89569,128.19162,0.0,104.07465,103.19239,183.66139,139.81779,154.67503,87.67007,178.23306,121.92988,123.84103,145.76308,163.20897,151.55562,142.48407,165.39529,102.08195,134.32253,149.03244,128.19182,121.92872,138.50682,108.01687,129.64447,163.19478,152.39435,131.82565,108.56213,146.0723,159.47466,123.42956,131.76138,148.13654,141.2901,121.99249,122.37582,138.96024,141.94434,153.53882,142.57394,107.99747,113.7224,131.26526,92.1709,147.91684,175.45087,134.35184,114.48501,168.73065,120.19118,130.36501,116.88235,112.03992,152.8054,112.47126,118.50845,153.60605,85.17172,164.31,164.88174,138.38492,144.69275,120.99173,138.58508,121.50185,137.92206,180.97806,124.47188,118.95632,143.43213,150.30026,88.64321,118.02393,149.95193,151.2043,144.80351,183.82304,1
116.51231,109.84328,145.17239,128.04918,139.45872,96.55305,171.60114,99.41496,122.78568,108.84773,148.90581,160.09297,90.05153,151.22386,131.01245,60.76419,122.96959,137.53993,69.94836,99.35102,132.17142,90.04853,116.70619,112.13442,104.07465,0.0,105.52754,165.60822,147.65289,123.65085,94.88121,125.65455,92.55077,98.18436,150.35855,123.39036,147.59174,105.69626,139.30794,129.81937,148.30882,110.27876,48.64817,92.77314,136.93665,69.12538,87.49409,124.00304,115.68368,101.88329,112.25947,164.95219,144.60136,160.75288,104.87466,127.2755,81.14597,116.78933,117.43488,144.52225,103.94048,150.83693,87.34161,127.77173,99.10893,121.01015,113.5376,135.30009,126.82501,138.16551,110.45885,132.96967,85.1571,120.32478,105.70881,133.57643,116.56586,136.14484,108.15038,150.96114,131.31381,126.83028,119.07384,126.14589,128.27365,67.9776,103.37336,131.76529,107.55566,129.43246,134.44716,135.70633,102.74193,116.12142,86.1184,92.2442,119.4376,108.0704,133.62561,163.69737,1
167.53362,130.5146,162.1869,186.51125,171.42221,155.68002,200.0607,154.76314,169.6481,131.08124,159.84535,165.82503,125.77834,181.17694,170.08458,142.08548,133.78065,172.8654,95.25494,133.74059,162.33339,141.98093,113.44537,156.59196,103.19239,105.52754,0.0,183.60419,168.63916,176.25935,126.74023,165.19868,109.62478,135.45796,191.21103,148.16888,161.68091,148.27864,134.27075,117.07069,180.76059,152.52861,133.12454,135.71106,172.10417,99.84811,141.60448,155.66905,169.9397,122.79256,143.73743,159.24892,133.31093,160.20905,143.5054,129.43373,161.59995,161.79373,153.97119,186.33138,145.58258,141.17332,131.36613,104.54746,117.10675,145.37166,82.7604,137.62599,184.50949,148.75027,137.76308,179.15457,134.26401,127.48705,131.42622,132.49706,151.70087,166.02344,98.37421,155.98459,154.37096,164.21066,153.96388,174.85239,185.49915,88.8856,136.27463,121.03237,160.32045,194.15556,146.92708,124.2244,150.54129,140.62097,139.1275,117.11485,155.30109,170.75778,153.40224,169.23328,2
168.04457,172.14311,119.3215,214.94191,133.93951,175.23557,118.69507,150.49744,154.72377,141.0417,150.59866,163.19829,145.46181,159.36893,131.16385,141.22287,124.73724,116.96754,127.83196,173.80356,205.88411,150.04414,138.45569,168.15173,183.66139,165.60822,183.60419,0.0,150.0937,199.47595,186.57272,112.63585,130.77426,174.70438,177.04211,97.46039,150.03304,177.3463,144.95158,181.67084,151.38554,118.07712,178.78374,181.26135,97.4005,186.41664,140.49484,113.55625,125.26961,162.08815,158.56091,125.61704,183.41205,154.98508,162.82922,158.16867,162.66693,168.70502,154.80559,187.58586,161.92026,129.38358,158.2175,194.3593,179.18901,115.88815,157.83572,154.63986,150.51808,146.49588,108.04207,160.17705,150.58778,174.5623,156.99731,163.35843,153.00174,156.78023,111.77567,174.1731,208.62868,161.34506,164.63435,152.10507,143.92958,183.12474,163.14478,158.38702,146.22023,144.68604,105.57361,145.3275,141.10236,152.30901,157.77847,126.0541,157.19713,149.32278,170.43936,144.8399,2
134.71207,140.05713,113.56255,157.5511,165.43571,144.33464,110.93354,132.32837,163.58421,113.94055,135.28183,106.62476,110.75678,140.17322,141.52675,142.54082,124.12943,170.73595,121.66647,158.17928,123.93469,130.68172,133.95891,76.81216,139.81779,147.65289,168.63916,150.0937,0.0,113.20808,137.99277,149.4462,155.71895,158.79822,127.08385,112.75124,111.61456,128.92897,131.82523,154.31259,47.91672,117.95103,157.39735,159.1244,126.46928,146.81538,149.61763,152.13911,123.34529,155.75728,152.56067,94.52555,156.11499,126.30814,162.30692,132.58096,133.06688,143.89729,117.67244,89.68619,137.7513,114.16902,107.81705,154.27219,165.42203,110.7298,116.87242,117.9873,144.55798,113.55436,95.11005,115.61323,142.70953,146.98169,148.10999,90.03156,146.87296,108.33313,135.24905,116.06097,162.40471,121.86784,167.81206,132.87166,88.70415,178.36844,147.28647,153.63507,167.80762,151.68008,78.11192,107.01616,119.85036,150.84419,99.55327,138.37148,156.29004,146.69635,94.28403,104.18912,1
107.60532,91.76837,160.29716,151.9456,158.34599,125.31716,135.10463,106.95756,167.03416,136.49254,144.51527,113.02225,124.89703,129.62859,142.99538,136.71773,156.36922,181.20511,148.30786,124.14032,88.37169,103.40415,165.96919,113.90647,154.67503,123.65085,176.25935,199.47595,113.20808,0.0,137.32803,162.59645,147.99385,158.51584,146.84991,122.61075,140.52621,121.59606,132.02106,145.42943,128.08936,109.84429,130.77585,149.26588,176.85713,125.54691,126.84882,159.06273,127.42741,165.60312,147.80161,182.72504,181.13506,182.16261,169.93161,135.92838,99.03186,123.15163,168.44209,120.3225,107.74191,167.48674,103.40784,155.78593,147.14548,146.53616,139.37428,107.37846,113.25436,157.01271,142.51035,110.88506,139.29427,128.61365,137.72409,131.78447,141.91884,159.56302,158.47412,121.34973,170.66745,94.12795,184.50162,113.30695,115.65243,151.27745,121.69374,182.60709,175.19791,155.96324,148.89375,142.98633,134.71477,150.84831,109.95779,160.61542,138.54057,131.5529,123.74821,120.95761,1
103.28259,122.39835,145.51768,132.54471,162.01694,91.8951,177.34251,137.5168,143.21883,98.2625,149.46948,160.08507,133.75743,145.72931,151.50533,87.33681,140.75345,169.52075,92.91325,119.57189,106.22443,153.9285,143.10851,124.7448,87.67007,94.88121,126.74023,186.57272,137.99277,137.32803,0.0,169.61691,132.41702,72.76865,125.91904,154.18332,134.07149,119.93379,148.07928,142.88689,142.91551,152.33954,107.61355,78.55025,130.10664,106.04649,128.55562,150.87547,152.34171,113.39176,125.27715,167.51526,142.92474,128.96471,89.80132,126.01785,119.91226,130.43439,124.79759,143.47292,136.59441,159.9976,116.95895,113.85846,150.57478,125.87974,108.75623,144.47482,148.54491,132.47411,107.73633,112.36471,102.9796,95.9866,104.16728,123.80253,149.9054,124.01122,120.70142,120.68653,107.25704,126.65945,170.28598,138.73979,140.34471,132.90216,127.68021,113.38785,161.08195,134.65417,118.08971,108.06073,115.38024,137.96364,98.9908,108.69728,159.07251,146.50916,135.91698,174.64104,1
170.51437,151.45744,148.84059,191.88586,157.2133,154.28261,149.84891,125.12843,159.87279,135.06786,157.69398,181.38907,122.68813,169.05305,128.1196,114.51923,152.66104,120.48118,122.02494,152.70302,174.99448,128.11279,124.98062,129.29501,178.23306,125.65455,165.19868,112.63585,149.4462,162.59645,169.61691,0.0,99.35632,149.48892,147.48726,96.55791,164.79265,141.28915,113.49736,182.01622,150.28725,108.02913,141.0826,136.58144,136.95496,149.63564,120.84784,67.72613,92.65382,118.0272,167.27281,138.1628,135.65381,181.72765,142.38538,172.18695,138.32822,180.16017,123.28253,173.28468,131.60094,152.81644,107.94836,195.80457,132.46753,118.34222,165.57539,133.6214,94.61215,131.08781,92.37331,150.35814,134.28207,162.7496,129.21973,174.53802,167.94038,181.6687,107.19315,175.27292,187.15788,132.36697,129.05872,109.07249,146.03926,139.18405,107.27945,158.71245,119.12539,98.9866,138.2496,148.43755,147.51595,124.7382,147.64865,106.32655,143.65512,96.3801,149.78618,138.01088,1
143.85165,108.22311,143.97775,181.61481,118.42389,137.21664,153.78909,118.40941,107.31092,87.98022,111.47557,153.57541,108.20993,136.17613,133.13647,97.86083,137.93376,82.20995,103.00227,90.89091,143.39386,107.27213,89.43098,145.46603,121.92988,92.55077,109.62478,130.77426,155.71895,147.99385,132.41702,99.35632,0.0,137.76175,148.554,102.8401,161.40329,123.01988,112.02215,111.38993,153.34039,99.16753,107.94998,111.68002,132.56699,112.27843,67.44205,100.83353,117.72579,108.99655,112.92144,154.21176,132.27806,144.65442,107.69537,128.53355,119.8253,123.0312,146.82497,185.84137,98.81516,137.20602,113.37183,139.38475,106.68518,109.94828,119.27779,116.05456,117.9658,126.1358,104.21732,151.76398,97.48128,127.36433,68.58481,157.25246,144.36571,172.72626,68.20881,165.64047,150.71622,134.22418,143.87701,98.10745,159.47879,89.17698,71.74056,112.90488,92.63905,130.24335,129.07268,131.35983,141.8922,92.82958,132.41466,77.92165,117.99162,117.16582,131.59586,143.29398,1
107.40657,129.56532,158.96964,156.37004,170.69125,85.18414,188.27283,148.80995,179.4617,130.39249,171.80182,174.13171,153.17827,155.33932,129.46326,92.37325,135.40044,181.33266,88.57181,145.42459,137.45116,155.80495,151.69962,127.89921,123.84103,98.18436,135.45796,174.70438,158.79822,158.51584,72.76865,149.48892,137.76175,0.0,128.12912,153.32544,154.23589,129.0446,140.35834,165.85638,164.73117,152.5569,118.56987,104.40788,128.05153,101.02182,143.85747,120.11401,141.61844,96.51144,163.8315,168.98183,145.25725,157.23073,101.05486,143.32501,132.5215,160.25768,115.77477,152.48828,139.9404,185.3085,112.55814,141.16061,149.83055,133.81058,137.89847,151.51758,147.7088,149.33344,106.19907,114.26048,134.43602,85.81977,119.31531,144.83067,150.18748,132.99413,118.24592,130.78839,118.15356,118.02972,169.38519,145.25409,151.8667,136.51276,123.31046,130.67406,168.61697,128.36174,141.99541,120.03785,127.66203,168.18945,119.23164,120.3381,169.30487,137.70874,174.98616,186.82613,1
126.53441,154.33098,147.39384,146.48264,156.54814,131.69067,162.88493,173.21558,169.77226,101.21851,121.56593,166.52715,163.85699,122.69168,121.73991,132.96367,158.27412,155.86441,144.77544,149.73647,113.97208,168.31715,129.69344,103.61304,145.76308,150.35855,191.21103,177.04211,127.08385,146.84991,125.91904,147.48726,148.554,128.12912,0.0,165.61966,173.55008,116.71915,152.90686,157.95926,110.26361,136.05995,157.16937,132.37805,122.69991,140.19737,150.1783,123.47486,150.41292,109.58681,190.03043,139.90096,151.96034,116.37002,125.47543,171.83527,132.33565,151.80928,123.74199,141.66057,132.44322,181.06207,116.47979,160.57739,177.34523,142.86359,164.8569,144.7399,137.06587,130.64488,97.9035,123.34082,162.39664,141.17899,109.29261,155.30238,177.0963,145.24495,154.01109,166.97662,112.0933,128.42661,179.58521,105.83492,147.16016,177.93153,113.87438,126.29061,150.95882,121.50099,142.46048,127.02378,160.89439,170.80524,138.30786,129.87086,156.72281,135.72052,152.10628,169.34106,1
134.6277,109.40704,121.53937,188.96587,125.75983,139.21555,96.67091,91.02878,146.76303,127.62417,135.21904,116.6733,103.63391,131.79362,121.68169,119.64757,108.62205,129.32909,112.66773,130.9585,154.39813,99.5672,134.25349,133.69568,163.20897,123.39036,148.16888,97.46039,112.75124,122.61075,154.18332,96.55791,102.8401,153.32544,165.61966,0.0,115.79082,131.11945,80.06802,152.24518,132.85634,75.89493,136.84721,150.08168,125.84309,144.57332,109.82312,103.25154,98.41418,148.38596,128.34869,138.4438,160.31998,163.48883,153.28824,112.70318,117.39061,141.51102,150.94154,154.12642,120.43002,108.83669,103.55649,158.50732,139.50113,90.87283,117.53915,87.04877,98.78301,121.30809,100.42451,115.94998,112.30076,127.21478,131.60846,130.04291,116.35522,152.93535,91.37826,117.54299,199.08937,104.14294,154.22261,119.32823,112.07273,143.10828,119.97651,152.98622,147.76529,126.31921,97.06705,116.22416,113.33714,111.96745,125.56447,113.84347,127.64999,114.46034,118.56104,77.03606,1
122.85779,133.96596,77.20516,148.69086,147.11957,146.93045,101.021,109.41272,170.80919,133.64737,143.83217,131.33655,118.59086,163.38312,138.39839,140.60851,133.4977,179.10744,117.02259,144.51974,133.59671,148.26607,156.67743,145.17328,151.55562,147.59174,161.68091,150.03304,111.61456,140.52621,134.07149,164.79265,161.40329,154.23589,173.55008,115.79082,0.0,177.67107,137.65067,158.43007,142.11981,128.50465,173.44543,138.32216,154.60387,160.94908,146.21277,153.20221,140.42247,156.0226,137.18567,135.89305,158.22696,156.56523,168.00092,133.32777,145.49492,149.91985,159.08887,125.58061,149.24893,101.40687,139.97221,146.93008,167.08034,150.51297,99.42008,125.95349,134.61064,157.03256,119.062,117.01705,142.06476,146.81348,160.71921,76.96057,153.91821,134.05728,144.21623,81.94111,185.79286,115.96613,148.49757,158.18375,116.42271,160.77512,176.9278,163.46327,194.46605,166.35347,89.92809,91.63258,82.26176,136.8456,106.02996,146.93507,132.56456,160.81491,142.80182,106.54248,1
137.53221,140.07716,164.10313,147.99217,145.55556,115.64525,179.16592,145.50356,148.44891,118.3419,139.96677,161.04468,131.57407,121.65234,144.77722,114.31843,114.3857,148.45093,127.86202,125.69032,139.06752,136.05025,125.68369,103.28696,142.48407,105.69626,148.27864,177.3463,128.92897,121.59606,119.93379,141.28915,123.01988,129.0446,116.71915,131.11945,177.67107,0.0,125.12409,149.37424,125.42787,113.82019,91.51397,131.63783,123.88459,110.26762,134.99678,132.76044,159.26318,118.26932,164.12056,164.5509,164.77324,134.76778,119.82998,126.36781,83.91936,137.52972,135.0248,158.03119,129.27953,154.36763,67.63383,123.70334,160.96341,103.65855,134.66156,118.34939,139.13013,97.83395,114.07317,119.73555,111.94615,122.71691,115.50535,152.20117,110.2976,145.24026,132.72537,161.64639,158.99339,134.71402,166.57014,136.31485,136.5295,144.08571,100.67525,110.13118,131.69873,116.86279,138.68829,132.92064,142.5246,133.90874,136.05508,96.02373,144.95798,121.21418,102.96451,148.65398,1
145.70781,102.97768,149.33824,201.41298,150.39601,148.02696,136.92731,134.54057,187.3739,135.82132,139.9296,129.74986,142.89169,131.3044,128.53835,146.65596,127.06281,163.4147,132.53952,140.9926,142.80598,140.25453,139.94086,142.1226,165.39529,139.30794,134.27075,144.95158,131.82523,132.02106,148.07928,113.49736,112.02215,140.35834,152.90686,80.06802,137.65067,125.12409,0.0,151.82951,156.99208,108.81171,158.57973,144.86388,152.8316,139.94035,144.04082,94.6894,138.38646,130.92056,167.81465,149.89633,141.97931,167.25818,157.94096,126.94811,144.88399,173.31381,161.03233,169.9774,133.87517,136.99449,100.21189,141.58939,142.67963,112.09398,117.66955,54.75845,108.3166,115.78252,106.92204,122.24693,140.25508,97.62183,126.37832,139.40668,143.14513,175.69019,97.287,106.27222,191.82196,97.48032,176.71611,125.98332,153.26074,146.90228,105.45458,138.74931,178.94095,139.50925,129.32684,92.95754,151.28308,132.66566,153.63481,122.38177,145.83328,126.39259,135.4902,85.17599,1
