Vértice_1,Vértice_2,Vértice_3,Vértice_4,Vértice_5,Vértice_6,Vértice_7,Vértice_8,Vértice_9,Vértice_10,Vértice_11,Vértice_12,Vértice_13,Vértice_14,Vértice_15,Vértice_16,Vértice_17,Vértice_18,Vértice_19,Vértice_20,Vértice_21,Vértice_22,Vértice_23,Vértice_24,Vértice_25,Vértice_26,Vértice_27,Vértice_28,Vértice_29,Vértice_30,Vértice_31,Vértice_32,Vértice_33,Vértice_34,Vértice_35,Vértice_36,Vértice_37,Vértice_38,Vértice_39,Vértice_40,Vértice_41,Vértice_42,Vértice_43,Vértice_44,Vértice_45,Vértice_46,Vértice_47,Vértice_48,Vértice_49,Vértice_50,Vértice_51,Vértice_52,Vértice_53,Vértice_54,Vértice_55,Vértice_56,Vértice_57,Vértice_58,Vértice_59,Vértice_60,Vértice_61,Vértice_62,Vértice_63,Vértice_64,Vértice_65,Vértice_66,Vértice_67,Vértice_68,Vértice_69,Vértice_70,Vértice_71,Vértice_72,Vértice_73,Vértice_74,Vértice_75,Vértice_76,Vértice_77,Vértice_78,Vértice_79,Vértice_80,Vértice_81,Vértice_82,Vértice_83,Vértice_84,Vértice_85,Vértice_86,Vértice_87,Vértice_88,Vértice_89,Vértice_90,Vértice_91,Vértice_92,Vértice_93,Vértice_94,Vértice_95,Vértice_96,Vértice_97,Vértice_98,Vértice_99,Vértice_100,Vértice_101,Vértice_102,Vértice_103,Vértice_104,Vértice_105,Vértice_106,Vértice_107,Vértice_108,Vértice_109,Vértice_110,Vértice_111,Vértice_112,Vértice_113,Vértice_114,Vértice_115,Vértice_116,Vértice_117,Vértice_118,Vértice_119,Vértice_120,Vértice_121,Vértice_122,Vértice_123,Vértice_124,Vértice_125,Vértice_126,Vértice_127,Vértice_128,Vértice_129,Vértice_130,Vértice_131,Vértice_132,Vértice_133,Vértice_134,Vértice_135,Vértice_136,Vértice_137,Vértice_138,Vértice_139,Vértice_140,Vértice_141,Vértice_142,Vértice_143,Vértice_144,Vértice_145,Vértice_146,Vértice_147,Vértice_148,Vértice_149,Vértice_150,Conjuntos
0.0,98.88139,107.08359,92.3418,101.19044,81.99338,74.44097,95.80439,85.76955,85.23802,89.94702,66.01047,132.21146,110.79915,79.22298,63.94235,93.05843,128.5569,110.55994,97.57201,62.3915,97.03461,98.93658,96.58833,91.68536,71.17386,106.50451,64.53529,49.33191,100.84176,90.76072,80.19759,102.06375,77.17655,113.94086,101.95181,93.88219,82.55421,98.3241,107.95212,58.8443,106.95859,84.4061,127.94826,126.41287,74.09838,61.74758,83.80619,96.8907,80.7626,59.89658,36.20785,101.31216,84.93344,52.77995,93.35218,109.81492,84.38194,64.31917,109.94814,120.47821,108.36433,136.95602,72.64053,133.22536,78.31521,119.99216,89.94691,110.45528,88.6252,52.13121,98.80627,76.64182,130.42647,132.17595,134.51933,138.7812,62.42732,143.53571,113.4653,73.00969,132.34508,93.26903,68.15205,70.4692,110.72966,88.16937,62.83776,71.10757,97.76778,75.7571,69.50195,99.1655,90.3,99.98537,112.6087,116.96699,109.46596,107.892,73.81964,77.81556,92.39052,85.35813,101.80701,98.97796,84.68133,91.54491,56.8682,83.80907,134.59468,100.47735,97.6628,122.84534,87.80254,110.58288,84.53587,99.91125,96.06156,124.95751,77.25409,115.44376,100.55003,122.29607,54.69449,48.69879,109.42358,145.94022,89.94536,66.87293,110.7672,55.36557,111.69111,54.79306,77.13561,147.48836,117.87795,57.35261,117.39985,44.10012,98.27158,96.17473,145.58777,66.03732,100.611,142.50618,123.70753,98.94817,27.16304,123.38759,115.99724,1
98.88139,0.0,131.54735,88.77853,70.95214,93.63663,113.51289,104.91375,78.35378,114.36102,102.3625,85.51353,103.07697,88.42244,51.57928,83.75099,132.21008,149.20738,112.29445,112.04385,54.27039,105.4088,104.17674,99.00903,60.92197,98.91718,125.10764,55.92353,95.61119,109.56047,98.21332,75.13713,88.11983,81.28523,42.19289,98.34418,121.90619,105.38837,116.17702,103.85296,94.24332,115.62908,120.29556,113.89247,132.92886,61.68508,112.79995,57.64354,91.00899,46.84882,81.96296,81.7281,142.34599,99.48818,108.90585,125.79309,93.9217,72.75301,84.46745,105.89584,140.27231,108.97362,84.07299,124.45187,114.82906,44.12533,99.85254,109.77818,139.81633,75.79501,108.46423,54.66146,82.20522,100.19216,119.86288,96.78643,95.62575,51.97177,131.27615,127.85027,89.51022,155.36052,131.09979,98.35128,67.39915,123.10801,99.79095,84.74785,50.87403,137.4043,49.96565,136.07524,127.46671,121.9596,81.80436,123.96197,105.73979,108.11916,111.46165,59.42336,140.91141,129.75523,112.67027,98.02779,88.74632,113.57453,33.53152,94.49515,52.29301,112.3965,112.15267,123.12018,140.23967,125.2556,115.74751,76.85993,37.45213,112.05464,132.35226,96.03395,95.78168,144.7047,106.37844,115.04676,97.8292,151.47729,123.99405,95.90526,128.23692,61.50829,83.10542,125.30972,63.94689,80.6487,109.19336,84.78539,123.93466,128.55495,117.13345,76.27563,108.86441,106.47908,124.00993,95.12734,113.08961,110.0395,108.37173,112.03597,73.71436,107.36031,1
107.08359,131.54735,0.0,94.35793,83.794,69.74648,120.98651,41.02352,67.26078,90.7832,54.5393,107.39059,110.951,85.053,125.71246,79.06919,72.15999,98.47173,51.74244,70.85789,84.6853,130.87741,136.29335,88.15175,108.78373,95.73766,139.66063,85.99112,111.94856,100.11756,100.27361,91.83845,121.7497,74.30348,130.58702,52.41918,27.27029,109.86225,58.97824,122.32516,99.06018,104.3672,74.1333,83.21706,135.24852,136.29321,104.43192,83.1647,123.92656,120.16697,96.71978,94.69878,63.31521,122.40645,94.81061,81.36526,82.88701,104.54883,84.3943,112.05363,69.49531,114.13033,136.45288,76.90868,72.42464,133.48657,86.03323,64.49947,87.86063,97.00698,67.6557,118.34721,79.76523,102.40641,67.87367,84.02487,95.7025,100.66672,65.90087,105.90359,93.22315,93.37383,90.75792,52.21271,120.47854,58.33794,47.42908,124.58257,103.91553,91.32494,109.10426,87.3009,80.96175,46.54926,71.20491,65.70174,101.77776,151.74519,75.10624,112.16557,81.82155,69.84908,102.66172,137.77451,107.69481,74.44946,131.64989,110.64061,104.67848,86.39871,41.99969,109.09728,57.38036,99.88663,116.9006,113.15463,119.75029,76.1899,87.36636,109.72259,83.29768,55.09173,83.83298,75.30048,96.2685,57.17344,93.47263,88.92516,90.03048,124.21374,97.63333,69.42924,109.98945,68.40929,108.8695,85.13763,91.07943,124.21661,102.25071,103.78555,138.07802,126.66121,100.90778,43.29221,101.98096,122.48579,110.85973,107.73832,95.92809,110.66469,1
92.3418,88.77853,94.35793,0.0,99.26251,88.86783,55.19049,84.42389,63.87461,80.89249,84.19376,43.89347,73.86144,97.55024,103.51191,48.4691,99.27679,78.2044,74.72312,104.81264,53.82345,59.07183,60.75752,83.52524,65.03149,40.64491,72.13769,79.82839,57.92087,59.04114,70.41859,91.48656,46.39778,61.42754,79.72062,81.77318,76.17059,37.94228,61.68695,44.42348,55.2733,62.11511,65.3861,79.15221,92.27183,75.01476,65.68401,47.54642,63.86206,103.71432,93.5298,65.7944,87.66893,47.55562,79.13189,109.0363,56.39197,83.36234,54.19195,61.64002,70.60828,37.86404,83.18003,91.07925,73.66605,77.7852,95.4194,96.72228,111.77762,24.17861,72.0016,63.4017,51.43521,78.119,76.20151,67.53513,105.72765,89.50456,84.48096,104.13685,90.29385,72.80775,52.23247,59.70414,91.87457,69.47782,88.69863,70.7846,64.53694,69.86436,89.1506,97.08358,72.84727,84.15984,51.22005,60.63955,96.43064,71.07925,89.923,58.22531,87.72878,63.53317,42.77213,80.38651,86.43678,94.42171,104.4452,65.93778,41.18052,81.19468,94.52834,86.85339,83.58056,60.10343,68.88232,56.60406,81.69822,109.39081,61.72709,71.5971,47.07633,85.48801,61.8332,82.46038,81.32611,94.62091,74.72744,41.29612,77.3298,46.74753,51.88435,96.30762,82.11953,84.16344,77.62543,64.08028,73.60859,54.70021,80.39077,63.98038,79.42026,89.21272,76.07822,85.06596,81.50636,61.07193,30.79107,88.62357,80.32709,62.47534,1
101.19044,70.95214,83.794,99.26251,0.0,68.27334,129.57863,67.56253,61.46867,99.2254,78.5992,98.80566,102.13981,67.89201,62.01342,74.71741,93.13818,145.64154,72.19728,90.44971,56.92898,136.00369,124.73398,91.11217,84.39845,102.19625,154.52347,39.93057,114.36555,104.11392,87.61423,68.99778,108.3099,59.4163,73.69857,56.42878,86.59863,117.06836,102.40319,120.7424,97.96938,128.03778,114.6708,84.17711,147.37607,106.78891,124.77299,59.71695,120.3729,67.05009,69.06334,87.15029,105.8299,127.96361,96.60532,102.2913,95.16164,90.96954,82.01192,120.32095,112.93352,121.42333,117.13354,92.71504,87.03169,91.51541,86.34349,74.03371,100.93723,94.63241,94.05435,92.43785,86.57025,84.14713,99.49914,78.83479,56.29066,48.40131,95.12105,103.33898,87.26546,143.10234,124.93266,72.44524,90.76337,90.21224,44.68079,105.00646,75.23804,121.31905,49.39853,111.2879,121.68761,96.99734,67.80045,97.42401,99.36958,137.6313,84.65358,90.81362,117.84032,118.24446,124.2968,128.56316,104.28477,79.03636,75.18916,104.28524,79.52908,104.96622,65.97491,125.36864,117.72523,127.67206,118.31854,88.87692,74.51248,90.33009,127.90185,92.69501,95.19949,115.01102,103.55059,102.76476,99.60209,125.92811,117.70026,104.62315,115.58422,97.31339,87.11246,105.90238,79.06995,60.70651,112.45911,67.26476,118.05028,135.70169,112.04588,94.78448,135.46008,124.64566,129.39183,48.37425,112.67059,120.77995,123.4516,116.59287,51.23965,118.98885,1
81.99338,93.63663,69.74648,88.86783,68.27334,0.0,107.80188,69.01971,29.89737,116.08949,57.75664,90.64211,131.3394,94.67422,96.37786,80.51309,108.22849,126.10455,63.2173,56.27382,60.18177,122.72817,123.56441,105.57613,58.89143,98.22,120.42959,60.98877,95.10885,120.24767,113.03838,86.06464,96.55779,52.25828,100.30111,81.85401,55.4087,108.18483,76.41631,127.24416,99.03112,87.46896,74.12252,115.73635,153.16414,111.58951,92.3302,73.12056,118.22914,89.50845,93.0781,59.22712,97.78899,107.82343,81.23591,108.94973,69.9931,66.55183,89.37069,123.10775,111.14183,100.7719,126.8484,95.02447,79.43697,107.02283,98.1426,94.16361,127.2204,83.655,51.69182,77.34711,52.64859,122.54312,77.60098,94.05758,110.81305,70.23056,95.72662,136.86079,31.13369,130.12782,109.08026,47.76218,103.60783,100.44458,55.50404,113.33694,55.65902,103.70753,71.90668,86.39712,101.95613,66.01604,83.63076,101.75142,121.80994,144.1544,109.37569,94.56147,91.02691,95.24547,89.30231,135.88454,65.16214,49.61311,91.77724,107.65713,72.90019,94.37511,80.26233,129.3692,90.05846,117.03005,136.35422,85.64443,97.34033,45.80697,111.04378,106.63493,76.2616,103.90399,95.2375,53.25174,94.04145,97.98801,110.48036,69.36861,82.66806,98.55078,83.922,94.47617,92.94481,36.31408,120.12817,71.12639,78.5033,131.80818,94.67693,61.20338,139.0433,126.62943,84.54069,52.5719,116.54794,98.52084,113.98413,94.30871,96.64471,124.92989,1
74.44097,113.51289,120.98651,55.19049,129.57863,107.80188,0.0,117.43653,95.18272,91.38154,114.01414,34.5898,115.80402,135.3073,113.19447,63.55584,107.18857,102.95747,105.94005,129.79367,77.32141,66.78879,46.64788,112.85515,90.08705,41.1654,67.52946,99.61227,37.18927,77.50401,83.61137,116.32529,58.82567,80.50706,108.27211,117.81985,99.87544,29.50377,93.75208,63.00977,50.1793,84.49648,80.09946,117.17281,110.52239,78.85159,54.8785,86.92786,84.93183,122.17679,102.39592,58.90036,93.49981,49.28421,60.961,126.45506,99.86198,106.79553,70.70139,92.28345,94.63209,52.88747,125.85887,87.53922,116.64993,88.55634,136.52193,119.8157,123.02126,66.50416,72.30643,93.74114,78.8469,117.8055,121.34914,120.16923,148.70697,103.51428,127.54514,118.06055,101.03126,94.07349,51.5684,75.84789,104.06285,99.4563,112.11905,59.75263,83.23209,61.81258,102.50662,79.39484,94.73487,107.1785,96.80402,90.95139,130.25192,61.64869,121.47385,78.64116,71.86076,80.21773,43.23024,93.72888,110.68174,100.26221,124.68842,55.45761,71.89501,129.08423,124.99397,100.04744,116.35907,63.03041,84.64124,62.28434,114.3255,130.84377,98.40774,67.31765,95.78109,98.95318,109.80596,79.61739,82.73808,112.03536,125.39565,69.91648,55.54279,83.35599,46.9098,127.76628,90.05275,109.82435,130.33652,105.71432,50.92401,56.46827,51.08467,93.79631,82.02427,134.86284,62.92923,120.99006,131.41222,79.31806,49.84491,67.57612,123.36192,97.28293,1
95.80439,104.91375,41.02352,84.42389,67.56253,69.01971,117.43653,0.0,59.52783,75.87646,28.91438,100.06336,88.70669,45.37028,104.80656,67.69423,76.96647,91.07525,69.0463,53.38378,64.61813,109.86469,131.03716,52.50927,94.95114,87.89926,127.82201,63.86598,98.38561,89.98952,89.70544,54.15096,117.75849,75.02034,113.43523,28.85959,48.51212,103.42074,49.68239,109.34302,86.97205,95.53436,69.35932,76.76233,109.73033,109.26946,92.71648,57.75752,95.35337,87.97288,72.93761,86.07182,86.48725,105.9269,99.32446,54.58066,68.27599,77.52464,63.5285,86.02857,83.10693,114.54347,104.72321,84.5045,81.85107,106.06232,48.01667,39.38919,87.867,78.26598,68.68004,97.1874,64.18026,88.21772,68.21966,74.17822,76.7748,78.23282,79.74863,95.68655,85.1216,98.98463,94.42714,57.32233,86.87286,63.65234,51.36158,107.41399,85.81347,106.92738,94.41941,103.3837,65.15252,39.61678,47.77873,72.89034,65.35036,139.20313,47.82167,83.00935,99.97048,65.99504,99.31792,107.99711,88.41228,90.24103,100.59634,95.29505,87.64839,66.58652,20.12735,84.00626,60.52171,88.92007,102.80553,108.80679,85.55621,65.01782,79.23057,104.52567,73.62099,64.43391,63.43575,76.42742,72.4384,63.9574,81.2625,79.9032,102.18477,107.38776,89.68008,43.00663,82.00925,46.89767,86.31788,83.46233,97.36694,124.33765,102.79995,89.11277,112.93271,97.00903,96.85319,29.09262,77.03156,125.85396,99.99541,95.76774,79.34307,85.02892,1
85.76955,78.35378,67.26078,63.87461,61.46867,29.89737,95.18272,59.52783,0.0,102.54263,51.89045,75.37111,105.40089,80.54789,90.33436,64.74387,102.19788,108.22813,51.04064,61.46209,43.42792,103.22735,105.71918,89.81316,42.76562,81.20993,105.81461,53.78328,84.44526,99.74067,96.11519,76.5237,76.57948,40.76328,80.26513,67.27531,51.11032,89.76811,61.07344,103.21995,85.17211,72.0722,65.56012,94.35019,132.73009,96.33549,84.19387,48.95609,97.70283,83.20045,87.27987,56.9734,91.96713,89.7509,80.44032,103.40108,46.54145,58.37799,73.34048,100.25547,94.23291,80.05035,101.52722,92.41256,59.09617,91.37014,82.06465,86.46993,118.82253,58.40081,54.72903,57.26825,35.61354,98.64178,58.26632,67.10268,92.74274,65.987,76.98076,122.96587,44.37367,111.27107,93.56197,40.52944,93.2142,83.1939,53.72828,99.90491,43.13183,93.67647,66.28422,91.57597,88.08097,62.59398,58.79913,82.66086,104.25521,123.87177,93.96339,76.04714,91.51127,82.21038,74.40686,116.43218,58.16213,59.53681,83.71911,95.01162,49.66663,73.09637,72.70968,114.10101,77.89581,100.96235,114.94306,70.34374,78.37928,58.67046,89.74253,93.93967,49.39035,95.19402,71.0092,61.20371,87.33056,92.50092,85.61582,50.08747,82.44408,72.4636,71.35115,84.60199,83.40049,36.04153,93.03876,47.56254,78.5159,110.85828,92.61617,43.79031,120.94634,102.40679,82.25508,43.18073,91.86867,79.82008,91.40836,94.18259,74.18874,100.9921,1
85.23802,114.36102,90.7832,80.89249,99.2254,116.08949,91.38154,75.87646,102.54263,0.0,92.24306,77.13833,71.5351,84.60268,97.26833,46.27827,46.94067,97.82393,100.7166,117.11803,74.11112,93.42616,96.63162,56.9872,122.05657,53.54361,126.75901,79.1293,77.42531,40.11878,40.50933,74.54903,111.90617,88.5375,115.9669,64.14587,91.37852,71.21064,86.99436,72.17085,45.07072,121.79103,95.90697,67.61806,79.3306,89.30116,88.90426,71.08675,83.64999,101.00648,54.62589,88.86441,77.6344,94.00762,82.3061,62.65797,110.4486,114.48666,36.59002,72.23845,73.92393,110.24164,118.48597,58.08362,118.17284,89.52438,95.00027,50.74105,48.40311,84.97947,87.49918,120.45004,96.32732,73.35011,120.54847,104.20483,98.31316,86.41082,113.49389,38.57035,124.0659,89.14964,68.99175,77.41518,78.96494,58.2416,83.46725,62.98613,106.67159,88.45439,100.49431,94.26796,79.40751,90.65083,65.17316,65.54572,70.09141,93.50954,48.31902,75.9184,89.3409,72.59084,100.78099,78.96199,131.66422,112.33651,117.40044,48.17133,96.84125,117.00588,69.94987,52.35207,105.81819,56.5442,46.4399,99.58775,97.74218,126.54975,95.12812,63.90678,108.24492,61.77012,98.45506,99.30469,56.88148,92.89143,116.7687,103.3364,94.1508,111.0853,65.73215,92.58385,66.75135,99.36418,112.91164,111.082,94.29774,90.13557,74.42222,123.81416,72.48834,123.10534,104.26319,91.87503,109.11463,133.49126,77.45515,78.74971,93.62794,72.66273,1
89.94702,102.3625,54.5393,84.19376,78.5992,57.75664,114.01414,28.91438,51.89045,92.24306,0.0,100.88711,104.23201,55.51693,109.7065,76.62125,97.882,88.60239,78.84894,27.91346,64.58321,102.09301,134.3868,61.31232,82.45103,93.0416,112.6268,67.30894,91.92171,104.82591,106.08685,55.51863,116.19105,79.33336,116.82005,55.08288,50.53786,105.66879,41.75275,115.7909,92.5775,77.49648,53.84212,99.80615,113.11316,104.72324,80.01461,61.83935,89.9097,84.90056,82.30639,78.30241,100.73766,96.66969,102.35841,64.18139,55.39692,55.97791,71.08173,87.43479,98.73383,112.2123,100.33199,98.30823,88.09622,104.69221,50.22141,60.79137,111.87724,72.86075,59.25204,84.31133,47.80984,108.23506,64.52686,84.43239,97.58959,79.90748,92.58347,118.39855,66.03293,106.10686,99.14132,59.61169,84.14293,84.33279,65.96329,111.1837,74.30479,113.65234,97.07229,106.92308,59.23757,27.05736,60.27676,89.71568,76.0061,143.35687,70.11551,78.80947,103.80317,64.54225,89.38272,107.14023,63.88671,91.7753,93.77242,99.81388,82.5826,59.68471,47.86519,88.97543,55.97106,91.17781,116.53059,110.35883,83.68379,41.51698,77.79036,115.14764,67.53722,76.77802,60.13695,62.59497,70.1432,62.38009,81.02467,66.28837,101.06598,104.6384,93.01817,37.34471,82.85059,31.7774,88.76211,88.54472,90.8307,130.82103,104.05373,72.11162,113.08564,91.08397,81.10883,40.41358,77.74126,122.51278,100.38267,88.8407,94.52011,88.70045,1
66.01047,85.51353,107.39059,43.89347,98.80566,90.64211,34.5898,100.06336,75.37111,77.13833,100.88711,0.0,96.77341,113.62277,82.2567,38.82371,90.72956,109.95954,86.27798,118.47677,49.97936,73.68678,37.02579,98.03325,72.47498,29.38838,85.88185,71.22633,41.08945,62.11559,59.36024,95.92738,43.7567,53.82018,77.27927,95.10553,89.57063,30.18723,89.37139,54.91697,35.04018,89.67534,83.6114,94.4542,110.41847,64.30901,66.26421,61.47564,80.54977,97.35208,78.86226,44.82762,84.05273,58.06466,47.15953,115.16297,89.69542,94.46455,52.23739,87.14812,86.83624,51.95573,112.14576,72.34764,98.91097,65.76302,119.60477,100.9948,105.18127,54.39478,67.30943,77.73242,68.60098,92.39526,110.184,98.47115,119.4081,75.12637,110.93557,98.56088,89.07845,99.47269,58.97862,59.28338,86.38329,83.59232,87.63686,42.29842,63.04309,61.71373,70.8167,74.33774,96.35796,100.74084,75.07309,77.50637,114.34842,56.57201,103.39453,61.9862,72.1608,83.39597,56.02965,88.18479,102.50071,82.48411,100.35135,42.95517,48.94797,118.02795,105.66418,96.78719,113.65878,69.67366,73.02759,34.16559,90.26007,119.18382,99.30907,41.23224,84.28593,95.98879,100.20396,77.8819,74.39221,113.3896,116.61166,67.1193,58.08535,63.63018,18.20437,119.59191,68.5759,91.46848,116.98689,81.03909,59.03096,58.2478,48.91002,82.24953,81.50563,124.71675,76.02697,99.03105,119.6842,71.61174,53.08889,69.09473,92.84653,90.40141,1
132.21146,103.07697,110.951,73.86144,102.13981,131.3394,115.80402,88.70669,105.40089,71.5351,104.23201,96.77341,0.0,77.45557,113.41172,75.46579,99.78365,97.13946,104.17505,130.47418,85.53407,94.00323,104.47031,66.15581,116.14353,80.64854,130.49271,97.00147,107.95049,53.99857,66.48286,88.97928,106.14544,102.33184,95.77613,70.12354,110.742,87.90587,93.2336,62.33502,84.55724,118.94164,113.91103,48.67921,75.31924,97.71623,117.59129,63.44607,77.78423,110.39111,95.71047,118.59977,113.53831,99.98035,124.66917,100.57838,94.98029,116.96629,68.94012,57.6688,84.23705,105.13392,75.5196,111.98283,100.03955,93.16388,80.45499,85.05817,96.06428,74.78833,122.24591,106.12302,101.58036,35.98315,102.67804,65.97105,71.2296,106.52538,95.14939,75.47701,140.487,91.80023,94.39609,102.80022,97.00409,69.31801,105.11874,93.82343,110.74068,116.42675,113.06702,141.93005,93.85313,111.65468,48.45986,70.9186,61.88252,95.61848,60.13829,78.73292,134.02261,95.24162,112.07983,78.46597,129.96687,138.51685,117.14087,90.02071,89.09402,90.22613,88.99705,78.86269,107.88208,85.32137,52.32948,106.08147,81.01437,141.70447,83.20332,94.24972,87.04442,99.6837,73.03262,134.22078,100.59659,118.16257,80.70558,102.92651,133.52275,85.18637,94.76478,100.02413,94.07041,112.08231,62.73212,92.75089,132.93854,91.63102,124.92553,115.43792,84.99841,81.95988,134.44835,96.1792,68.40451,122.35752,76.13241,128.20573,64.50424,49.92185,1
110.79915,88.42244,85.053,97.55024,67.89201,94.67422,135.3073,45.37028,80.54789,84.60268,55.51693,113.62277,77.45557,0.0,96.24957,82.7346,101.15187,109.85947,100.43779,73.71473,70.96404,110.94903,141.03827,40.44822,101.79093,103.49065,139.15524,65.66735,110.60515,98.36553,96.11484,35.81868,129.91643,96.71387,105.72702,44.15748,91.1431,118.11942,78.56827,113.25185,98.82407,113.23363,98.19406,84.48274,101.96727,98.93378,110.67234,56.83867,86.80423,68.33114,71.30525,103.93607,122.30066,113.21587,124.06918,61.25799,81.68114,76.50904,71.28594,80.94678,112.41977,132.71211,82.21056,111.6524,105.22617,92.47658,26.09824,50.50853,104.0099,84.34216,100.56624,94.97578,81.1974,84.28297,91.67625,80.02399,64.07664,75.52695,105.11604,99.7183,103.84352,124.23581,120.26263,90.09818,69.76067,89.25236,79.33199,109.09802,90.68295,138.03276,95.70222,136.91145,84.43729,76.57439,52.31879,98.55962,40.43024,140.83702,46.851,74.03459,135.60219,94.7545,120.99837,94.36393,95.09561,121.66249,80.68333,102.45441,91.15553,71.84139,49.59111,83.43178,93.25241,104.71893,104.92071,120.90077,59.95131,86.54443,97.50124,115.94068,88.2676,99.41109,70.25346,107.78093,79.19472,100.85095,89.52021,98.79947,134.40987,105.43642,104.08042,58.35405,74.29108,62.6901,78.10563,97.27094,127.96465,140.07228,126.08882,97.97977,106.4017,80.36105,121.85815,55.8537,69.70131,143.70097,111.01578,112.08669,72.91532,79.12885,1
79.22298,51.57928,125.71246,103.51191,62.01342,96.37786,113.19447,104.80656,90.33436,97.26833,109.7065,82.2567,113.41172,96.24957,0.0,73.21239,105.54966,162.29329,111.47607,121.07341,57.003,123.73035,103.27341,102.01006,89.69291,93.69138,146.61002,43.12011,95.14385,102.55553,80.26977,75.53547,101.93828,75.15279,64.73286,94.01428,120.64854,106.12128,127.44572,111.2678,82.12627,139.80328,129.69904,110.28487,142.77809,72.98779,117.8718,71.19611,110.7275,49.04032,53.84749,75.94802,125.22044,116.18968,86.52708,115.74014,120.53525,97.54108,77.71535,121.70105,135.98613,123.06757,122.56936,96.12724,127.81945,54.68035,115.9846,95.38161,112.17589,98.03662,103.13051,93.31311,99.78442,101.26102,140.04147,116.08135,97.339,31.09424,139.43748,104.22404,98.40789,160.51045,128.51764,92.07648,67.91172,116.38882,84.65585,70.94314,71.72207,127.33231,30.51435,113.14224,136.16269,125.26064,91.8802,120.6609,112.40549,110.12154,106.11552,75.51278,123.49326,133.13004,124.94508,110.36792,117.06446,99.47448,56.62057,80.39278,76.81654,139.07457,104.25643,122.58642,151.47621,125.40353,111.18467,76.96291,69.01839,120.0518,148.92906,73.43558,121.26626,135.69777,130.11237,111.08282,88.68873,152.05502,149.79907,116.19655,115.39373,94.23073,71.25642,134.30563,51.92369,87.37828,138.74484,99.48188,116.23876,130.75514,96.31013,106.96013,114.51425,141.50214,128.07513,97.09237,140.12413,127.73456,119.7903,98.7306,81.8606,123.56365,2
63.94235,83.75099,79.06919,48.4691,74.71741,80.51309,63.55584,67.69423,64.74387,46.27827,76.62125,38.82371,75.46579,82.7346,73.21239,0.0,59.02249,98.18314,69.96115,98.86127,35.91395,81.02888,67.52682,68.02216,80.26945,28.70796,103.53001,50.43646,53.62713,43.79276,36.91755,69.06422,70.5345,45.7829,80.59804,59.13772,69.15184,47.07642,71.75537,59.76173,26.26531,94.27701,75.85081,66.40043,97.28586,70.12571,70.29498,41.79459,76.31541,82.73573,51.53691,50.89529,66.05063,71.95412,50.59565,82.28283,81.91727,87.78621,23.52556,74.26741,68.16776,73.96342,104.9082,50.20428,87.69959,67.35711,92.05062,63.3573,72.46449,54.59029,59.03975,84.01568,63.38456,69.13876,96.17178,81.46333,90.39855,59.44594,92.92773,68.57143,87.73743,88.85559,56.9441,42.57497,71.89905,54.81978,59.80002,47.38202,66.89322,65.16187,64.9121,71.16985,78.81977,78.31753,48.18007,55.53903,84.74775,77.81894,67.00002,56.0209,68.84808,67.38644,70.54884,82.28055,100.86119,76.24011,92.96368,38.17336,56.38564,101.09316,69.45052,75.5705,94.93895,60.44202,59.22762,56.03236,78.16279,103.18109,87.14964,39.87646,78.14524,69.81268,84.09937,72.33241,55.81795,92.06046,102.49876,70.30232,64.94134,75.18179,26.3863,92.94067,53.34538,72.62852,101.81443,73.85238,66.22057,72.17721,53.11261,86.27581,78.67885,112.99142,81.40839,70.9759,101.48338,92.3078,60.06416,66.4028,72.06078,75.65903,1
93.05843,132.21008,72.15999,99.27679,93.13818,108.22849,107.18857,76.96647,102.19788,46.94067,97.882,90.72956,99.78365,101.15187,105.54966,59.02249,0.0,119.06479,83.59216,119.80868,86.33315,129.0874,111.687,87.79439,131.99168,73.48143,151.91983,84.72987,100.72042,65.72212,55.8881,95.5331,121.53641,80.67406,127.3189,64.88751,79.19247,91.83897,97.54024,101.84531,68.81116,137.91425,106.27533,69.7447,122.80753,121.98198,109.75735,89.24226,122.45394,118.86687,68.94574,95.19592,48.32351,123.26051,72.99808,79.14732,123.10563,132.05804,65.51761,110.7452,66.69731,120.08707,150.62639,30.72379,110.62793,118.07787,113.94001,56.49067,23.86706,108.18015,85.81658,138.75746,108.76945,85.73529,121.97177,109.79935,99.79399,93.70567,102.90814,48.15055,125.03465,99.87175,79.61125,69.1965,109.57745,51.366,63.14296,90.33772,118.69987,77.9624,101.82368,72.49152,101.33802,92.66653,81.4781,61.95935,101.60569,121.10332,67.46204,107.83741,70.97734,86.50134,115.42722,122.94902,145.37611,90.10707,136.00021,76.72733,112.99162,131.41327,64.59196,93.46302,109.27505,86.73505,80.82199,103.98346,123.58459,125.49373,113.7785,68.76578,119.23003,57.39024,117.45145,97.82964,83.52959,93.89336,131.62405,116.93497,84.69786,130.68858,76.15891,106.51512,92.08517,102.55047,135.0672,108.46598,93.28471,104.52873,75.09796,136.02365,116.49949,152.10133,115.91957,85.5528,131.68198,136.80133,104.6922,94.10878,98.47825,110.02702,1
128.5569,149.20738,98.47173,78.2044,145.64154,126.10455,102.95747,91.07525,108.22813,97.82393,88.60239,109.95954,97.13946,109.85947,162.29329,98.18314,119.06479,0.0,113.42042,108.01378,109.61545,76.57849,127.40298,84.79803,123.32952,89.25631,86.87692,128.36374,97.07365,93.75117,116.22282,112.69555,121.75048,120.9373,151.32297,100.93793,88.32425,89.99981,51.17343,91.72959,99.31122,71.28908,60.76831,108.0811,74.32131,123.11127,78.77545,97.74538,80.34431,145.67601,128.64758,116.07823,110.022,80.2465,128.69429,98.10078,78.56979,110.2577,89.29102,61.52102,81.90079,100.31556,104.88739,122.82943,110.18162,133.13705,94.28094,105.14597,128.72791,78.39882,97.2282,116.85187,85.46786,117.08159,85.00644,103.27164,139.44746,140.32224,106.08431,126.9159,127.65472,46.85826,70.17794,98.81445,122.81366,87.7779,124.73444,122.12089,121.34197,106.30824,152.28392,131.25179,36.96496,74.88676,84.35196,83.64113,93.85275,126.64401,92.78239,100.53802,114.65456,41.13699,76.14771,96.5423,110.57651,140.57133,151.88959,107.11658,109.80183,76.50812,102.19231,73.61728,54.47111,57.28147,96.51733,131.87163,125.07817,120.50851,25.57601,130.16283,79.11736,70.19364,59.46981,102.6222,97.13638,58.3749,67.59026,75.61734,113.77087,116.31483,112.04958,70.9114,122.82283,111.84932,82.87707,121.40748,102.99744,100.4191,119.14233,107.76625,94.51905,88.56435,86.65495,109.16435,74.20407,124.84146,68.62315,110.77307,130.79199,61.92681,2
110.55994,112.29445,51.74244,74.72312,72.19728,63.2173,105.94005,69.0463,51.04064,100.7166,78.84894,86.27798,104.17505,100.43779,111.47607,69.96115,83.59216,113.42042,0.0,94.92825,72.27399,128.28098,107.8931,106.81432,85.215,85.03973,133.40605,79.8584,107.94643,91.71823,88.80172,105.4884,85.45048,43.44583,97.07953,65.3698,44.3508,94.44098,75.04172,105.77454,93.47079,100.74834,86.90987,72.17297,146.07352,128.00681,110.2627,72.09473,125.17908,119.38789,103.35835,85.31801,60.44733,115.36752,81.31775,115.69342,75.99355,106.91399,86.17743,116.60367,64.14614,83.07172,129.84406,78.66007,34.82872,121.35545,104.10415,90.68744,99.10967,84.00491,74.42971,99.61512,75.82327,85.97237,61.95536,60.67847,86.6715,93.77008,41.98564,109.66121,88.42648,97.02694,86.24236,44.18376,125.89491,57.26102,44.55107,114.70341,87.40755,72.82513,87.71152,82.57297,103.07988,78.61071,66.15334,55.78428,119.35078,130.29716,95.05505,107.81316,78.73715,87.79315,92.08689,140.19615,106.28989,52.85799,124.43272,107.08987,80.75541,91.93015,72.13968,127.35522,80.40559,107.73121,110.75427,78.24727,112.35914,94.41102,94.41984,89.91428,67.02872,82.68938,87.0732,84.84398,111.19734,93.12003,91.3359,78.95057,80.48133,94.6888,81.08225,102.41324,110.95823,76.34335,104.30055,42.72961,88.522,100.9877,98.26222,87.84346,140.59995,127.68848,107.28875,52.09819,106.00079,81.69178,99.5989,117.33337,71.90759,114.3924,1
97.57201,112.04385,70.85789,104.81264,90.44971,56.27382,129.79367,53.38378,61.46209,117.11803,27.91346,118.47677,130.47418,73.71473,121.07341,98.86127,119.80868,108.01378,94.92825,0.0,81.08123,118.64607,153.35918,84.55805,87.54247,114.9624,121.81822,80.40411,106.35522,131.05612,130.45753,70.5708,131.36826,94.04803,130.9879,79.62106,65.80799,126.39687,62.00136,139.56332,113.6041,84.8813,65.29051,126.03931,135.25839,118.65263,91.27499,83.00769,107.88042,91.90286,98.99533,87.47309,120.34632,111.80923,115.99129,82.11457,67.84698,55.31848,94.32729,110.27355,123.16791,128.63559,115.54282,117.00443,103.73254,119.00243,67.6908,82.86069,135.13335,91.48868,68.21204,91.52897,58.87158,133.85783,77.35886,104.91695,117.47175,90.29565,111.37067,143.63838,59.41119,129.23737,120.9434,75.98457,96.93039,110.23113,81.16383,129.80354,80.83227,132.37172,107.224,118.48459,78.70703,42.21449,85.96783,115.06569,98.17757,164.13559,95.88298,95.57366,117.86491,85.2768,102.79089,126.24715,58.29631,98.66303,98.19412,119.69869,96.75243,73.74715,69.87281,111.13239,71.41439,113.4445,142.81001,125.42318,97.1627,18.4576,98.68596,135.5121,83.34097,99.03435,80.23257,65.98991,85.9623,77.53448,99.23875,78.38271,113.26137,120.16626,111.068,54.38883,97.71773,35.5518,108.33897,103.89526,101.01772,153.29317,118.44505,75.97751,132.93208,105.5797,87.3095,56.90413,96.86356,135.14507,122.07372,98.77968,114.68289,112.509,1
62.3915,54.27039,84.6853,53.82345,56.92898,60.18177,77.32141,64.61813,43.42792,74.11112,64.58321,49.97936,85.53407,70.96404,57.003,35.91395,86.33315,109.61545,72.27399,81.08123,0.0,82.98696,81.77312,69.83302,51.80846,55.91435,100.78242,27.02542,59.20272,73.74344,65.03438,54.38775,68.7073,40.75069,62.08401,61.86135,72.72334,67.98719,72.59454,78.1805,52.59537,85.44263,75.52919,83.43857,109.2691,59.29501,72.8595,25.67779,73.65544,56.08543,52.7734,41.13334,91.78635,72.54729,64.93269,88.67508,66.95389,59.502,41.22511,80.68552,93.99703,79.32124,90.07935,76.4369,84.91068,52.10979,80.51597,71.22078,99.53404,46.81995,58.6757,55.83213,45.59443,80.97607,88.62854,76.72385,85.88017,36.30763,97.58457,95.4724,62.9882,111.2227,83.75698,46.50601,58.39952,78.46506,58.77774,60.09598,35.18573,90.26947,43.35728,87.71042,85.66854,76.44974,48.34375,79.59531,85.28463,92.82893,77.68198,42.98463,89.74837,81.47899,73.96593,84.8744,74.23976,73.80193,61.45723,58.71991,34.74308,89.89745,72.27409,89.72758,97.63246,82.44167,85.97591,54.12199,53.30927,82.79399,94.86108,63.3396,68.10944,92.98765,78.74824,68.52981,59.76816,102.48486,99.32915,60.97054,79.88786,60.82148,41.82783,89.75453,43.72418,48.734,95.74783,63.49964,75.96373,95.6012,72.05734,60.90718,88.47591,100.85465,81.86677,59.91887,95.4013,89.15283,74.809,71.92808,64.89204,82.77895,1
97.03461,105.4088,130.87741,59.07183,136.00369,122.72817,66.78879,109.86469,103.22735,93.42616,102.09301,73.68678,94.00323,110.94903,123.73035,81.02888,129.0874,76.57849,128.28098,118.64607,82.98696,0.0,87.26818,83.87076,93.45966,66.19308,47.12906,105.5097,52.24256,84.7734,99.69378,96.07704,89.24562,109.29285,114.54408,113.54588,114.01724,60.39827,81.54095,61.47551,70.32717,68.8288,75.90656,120.03167,62.48829,60.30582,52.83173,78.20101,29.49854,109.46346,105.43532,85.87961,129.35669,22.29515,110.08926,109.7075,83.25163,85.17132,69.34876,45.91978,112.55629,81.71313,77.74908,122.44543,127.95432,77.3289,104.44154,114.07846,138.90979,49.9226,94.21101,79.65915,72.93288,115.0381,114.39466,113.6324,142.14932,110.1349,136.35834,125.66892,111.2905,94.56558,77.45991,100.31123,81.18167,110.83228,130.34,74.58784,86.30725,110.90387,120.33662,128.97116,69.06321,101.63727,85.37663,105.62523,95.13227,76.82378,105.8724,52.51363,119.8874,74.51627,59.03861,45.19659,93.22818,138.64978,110.07109,70.03541,73.76201,100.30518,121.70903,68.23952,105.98168,54.37037,81.65668,99.02167,88.1659,126.54994,75.17319,103.246,85.54089,107.44492,80.30903,99.4346,73.43072,108.29581,99.50666,66.06236,107.52364,78.01126,81.24606,101.56483,83.48327,106.45672,95.38522,118.31118,93.50619,85.92522,97.56828,86.44229,43.1752,85.45788,74.33283,121.42117,93.43391,108.24479,43.49694,82.1935,122.58803,54.02966,1
98.93658,104.17674,136.29335,60.75752,124.73398,123.56441,46.64788,131.03716,105.71918,96.63162,134.3868,37.02579,104.47031,141.03827,103.27341,67.52682,111.687,127.40298,107.8931,153.35918,81.77312,87.26818,0.0,123.95206,96.61584,50.85927,99.43434,102.27297,68.8432,69.49671,70.32397,126.56125,44.74363,80.66698,85.21746,121.41464,119.2339,39.98523,117.38478,51.06659,59.73239,112.23564,113.4597,105.27244,121.91102,82.42949,94.55469,87.38591,98.28461,125.21768,107.27127,80.34296,102.26675,74.87962,73.24727,145.07921,114.30722,125.74743,79.95436,102.66118,98.81491,54.29842,125.7125,95.49744,114.96861,83.43639,146.66042,129.78114,121.93811,76.33618,102.356,99.22993,100.05322,99.18897,132.5141,112.92513,136.29764,104.81815,125.94715,109.89294,122.4953,109.16714,72.44592,91.35736,113.12976,100.64457,116.52438,57.95703,92.31799,71.76054,94.88318,98.38345,122.45014,133.53896,97.55287,91.41512,136.90118,34.85258,126.8052,86.37574,94.27319,108.72572,76.58772,101.67463,131.99365,109.1899,125.66823,64.59298,71.40674,141.05331,135.10121,117.35021,139.35413,87.58157,75.38414,46.18303,112.03853,154.38782,116.92127,51.47221,104.5279,119.84476,121.55368,112.7271,105.7067,141.22392,133.02394,92.64268,82.22411,71.14787,50.75084,149.62682,96.73163,126.09918,131.15221,97.0761,87.5152,44.2103,74.75797,107.54184,92.95854,141.49361,105.27266,129.05891,137.75121,73.14086,61.19226,100.33449,107.14467,104.64082,1
96.58833,99.00903,88.15175,83.52524,91.11217,105.57613,112.85515,52.50927,89.81316,56.9872,61.31232,98.03325,66.15581,40.44822,102.01006,68.02216,87.79439,84.79803,106.81432,84.55805,69.83302,83.87076,123.95206,0.0,107.69372,80.62804,118.18884,73.40079,87.21968,75.35448,80.14221,39.15149,122.7566,98.9676,114.3643,52.48293,89.73572,94.80121,67.40105,90.14792,75.05137,102.88022,83.21441,81.55946,66.05421,83.31341,86.65044,56.8925,61.2084,78.78957,62.95136,95.08681,110.78751,89.89478,112.16157,41.19421,84.05466,81.03366,48.42868,51.42433,97.80397,120.83577,81.19562,98.23101,114.28881,84.29584,43.77792,43.53166,90.71174,72.63342,90.49811,98.79053,77.64507,82.60357,99.47063,90.84743,86.94767,82.34179,112.29535,82.53192,109.70242,100.7507,95.08127,85.75331,58.18639,78.72673,88.99385,87.71608,93.77731,121.70746,104.24535,125.09489,58.57966,70.84081,50.33553,86.52151,21.79878,118.51814,32.73085,59.0975,120.32211,70.33168,103.02431,64.74584,100.46494,125.59272,93.12582,76.92313,89.49549,79.18256,56.48831,43.02295,86.64743,70.67197,77.93812,116.06486,68.12554,98.89552,79.44977,102.01983,89.44801,78.22177,66.44321,98.5669,53.32814,84.57924,89.48147,90.31229,119.59698,103.69406,89.56498,52.18701,62.72575,75.12765,80.23338,108.12112,111.14433,118.71375,106.37591,102.26418,72.72585,79.78953,102.72933,74.23853,70.40286,140.32526,86.26085,89.41427,88.2998,51.75662,1
91.68536,60.92197,108.78373,65.03149,84.39845,58.89143,90.08705,94.95114,42.76562,122.05657,82.45103,72.47498,116.14353,101.79093,89.69291,80.26945,131.99168,123.32952,85.215,87.54247,51.80846,93.45966,96.61584,107.69372,0.0,88.69926,90.5322,68.27496,80.8183,112.70511,109.77075,91.24017,61.71735,61.19338,66.09031,99.76897,89.49093,90.21449,85.77573,101.82849,92.80663,69.38358,82.56479,118.1274,137.48291,80.86509,86.00275,59.39919,91.80453,82.27444,102.39114,59.31765,122.26462,78.49897,93.047,129.28294,56.25759,53.58527,86.91252,104.49103,120.92623,73.45776,91.73654,117.98382,83.91367,77.17288,101.99796,116.29776,147.40959,54.36022,76.40324,25.49225,44.19168,114.09895,83.42096,85.13078,114.90344,73.23109,106.80132,144.21808,49.90913,130.24904,107.66501,71.38677,92.64729,112.76246,90.56647,97.08389,23.82339,110.47136,67.61677,112.69601,106.17088,94.39789,79.22349,108.78843,120.52335,112.85963,120.09217,69.37747,113.55211,103.69631,72.52217,111.32504,50.03643,85.21562,72.17745,99.16502,32.49102,89.29259,108.9913,126.52065,106.70459,111.82516,123.80167,62.95338,71.48964,83.132,105.16748,101.28638,59.21117,126.20325,85.4101,80.08772,98.6612,122.82792,99.96834,51.17668,97.11334,50.71804,75.93803,110.84007,86.03387,62.40728,100.87322,62.31358,90.049,112.58479,102.82731,24.24506,117.43045,101.4847,87.11133,82.13093,103.41596,69.06778,90.96251,100.87545,88.73951,106.86327,1
71.17386,98.91718,95.73766,40.64491,102.19625,98.22,41.1654,87.89926,81.20993,53.54361,93.0416,29.38838,80.64854,103.49065,93.69138,28.70796,73.48143,89.25631,85.03973,114.9624,55.91435,66.19308,50.85927,80.62804,88.69926,0.0,87.31994,75.95102,42.20484,39.33379,46.00813,89.09099,63.92101,63.52536,92.96523,82.15289,81.42145,20.23457,76.12941,42.32474,19.60415,88.99815,74.94921,79.17625,88.81004,70.52293,60.89554,59.33524,70.97686,102.70043,73.37928,58.13987,71.44511,56.38885,55.34211,96.4889,87.98651,98.80859,36.06361,69.07005,67.21514,60.74987,108.37504,62.21517,98.16821,74.54427,108.01356,84.62177,86.27917,53.21158,66.419,90.08744,70.56763,80.9136,104.78519,93.60229,112.99838,82.95039,103.41441,79.09238,100.27614,76.79083,37.79642,57.63764,84.09303,64.3147,85.14482,43.47901,78.20917,55.54936,86.17388,75.11661,77.20613,89.20255,63.67202,59.23224,96.92548,59.0425,83.33357,61.16255,67.37321,63.15504,56.55465,76.55144,108.75045,91.50936,110.23154,32.51916,62.68237,109.45092,91.73759,73.53878,99.27417,44.3623,50.67243,58.52423,92.86343,119.64981,81.77994,43.68579,82.47779,72.67908,88.83066,78.54047,63.01809,94.89145,105.58511,68.54778,60.80946,75.71195,29.1751,103.91256,68.28054,92.61606,106.73837,87.43232,60.60716,50.10266,49.19354,92.38411,67.38812,116.51752,74.4108,94.09835,107.35314,86.78889,39.27992,65.82759,92.01624,71.74915,1
106.50451,125.10764,139.66063,72.13769,154.52347,120.42959,67.52946,127.82201,105.81461,126.75901,112.6268,85.88185,130.49271,139.15524,146.61002,103.53001,151.91983,86.87692,133.40605,121.81822,100.78242,47.12906,99.43434,118.18884,90.5322,87.31994,0.0,124.95889,65.02773,116.27934,129.9716,124.09883,89.47167,116.72934,131.71011,137.80788,116.58414,76.71331,88.27715,91.37479,95.67551,49.4724,70.99573,147.43579,104.53748,89.97488,52.98416,101.97049,71.54214,133.23601,134.09537,89.02358,138.63052,36.75865,116.15468,137.36436,84.51028,90.71941,99.32217,85.59299,126.69527,76.15971,104.79156,138.7269,131.09796,106.18227,129.25481,141.74352,166.98061,66.42886,93.0586,83.05052,74.1459,146.11856,114.89902,129.54753,169.59337,129.94925,144.25883,160.20154,103.68251,105.30815,87.69566,106.21712,112.90038,131.33705,143.60468,103.15718,90.75558,113.15791,135.43098,129.90396,84.43517,107.36928,110.7665,123.0977,132.13753,101.38577,138.57193,84.06966,119.95185,84.8263,45.03519,91.28445,85.98899,137.29398,129.64172,98.47142,84.30858,110.16416,143.00618,106.1478,108.25874,79.74519,118.30967,105.86977,116.22029,125.14412,85.57318,124.61707,88.16395,122.4895,95.23962,93.60163,99.16187,113.41557,109.96033,58.79806,103.22248,89.95445,97.1716,118.1606,112.56052,114.65002,116.35999,125.37234,86.19701,98.63782,105.68191,79.66249,87.96135,106.93165,60.25917,134.6859,114.53044,97.68229,64.83418,92.81481,146.52953,92.34729,2
