Vértice_1,Vértice_2,Vértice_3,Vértice_4,Vértice_5,Vértice_6,Vértice_7,Vértice_8,Vértice_9,Vértice_10,Vértice_11,Vértice_12,Vértice_13,Vértice_14,Vértice_15,Vértice_16,Vértice_17,Vértice_18,Vértice_19,Vértice_20,Vértice_21,Vértice_22,Vértice_23,Vértice_24,Vértice_25,Vértice_26,Vértice_27,Vértice_28,Vértice_29,Vértice_30,Vértice_31,Vértice_32,Vértice_33,Vértice_34,Vértice_35,Vértice_36,Vértice_37,Vértice_38,Vértice_39,Vértice_40,Vértice_41,Vértice_42,Vértice_43,Vértice_44,Vértice_45,Vértice_46,Vértice_47,Vértice_48,Vértice_49,Vértice_50,Vértice_51,Vértice_52,Vértice_53,Vértice_54,Vértice_55,Vértice_56,Vértice_57,Vértice_58,Vértice_59,Vértice_60,Vértice_61,Vértice_62,Vértice_63,Vértice_64,Vértice_65,Vértice_66,Vértice_67,Vértice_68,Vértice_69,Vértice_70,Vértice_71,Vértice_72,Vértice_73,Vértice_74,Vértice_75,Vértice_76,Vértice_77,Vértice_78,Vértice_79,Vértice_80,Vértice_81,Vértice_82,Vértice_83,Vértice_84,Vértice_85,Vértice_86,Vértice_87,Vértice_88,Vértice_89,Vértice_90,Vértice_91,Vértice_92,Vértice_93,Vértice_94,Vértice_95,Vértice_96,Vértice_97,Vértice_98,Vértice_99,Vértice_100,Conjuntos
0.0,60.14457,82.25595,122.73557,100.04893,101.39131,64.72212,85.75734,100.93785,51.64587,119.14081,42.50214,60.94315,101.71943,74.5901,70.42476,91.70288,101.17104,71.96282,111.51869,117.44176,95.1161,113.68067,92.134,85.7664,107.41216,66.33503,51.90318,80.50298,127.23892,96.65977,68.95734,86.57289,75.37528,109.6945,73.71782,120.30286,93.11112,87.18164,75.72653,114.3466,100.89819,98.15639,103.13214,88.76698,86.49368,78.85293,101.18299,87.4636,98.72727,47.99299,93.77589,64.35159,41.57807,121.36285,115.52252,95.43781,90.9896,113.45863,91.54427,92.94774,95.23371,101.29457,81.19727,105.4904,115.05138,95.27338,119.05061,109.42422,76.8754,103.62457,59.82696,112.6368,99.00944,70.79864,112.35754,66.20195,95.65032,115.72365,108.52386,81.12678,57.93707,100.08765,66.18948,115.67209,87.56579,112.43097,102.90575,110.54173,91.23122,16.78162,99.04686,61.59928,107.06615,66.86431,85.31187,104.46028,96.50672,104.47211,109.16402,1
60.14457,0.0,91.47922,83.44769,87.07711,122.3842,101.03459,91.83628,50.63315,108.34762,99.56115,92.61544,67.08784,95.4514,64.28111,81.30695,93.94875,70.11289,77.73969,100.56142,132.50252,100.909,93.38219,99.7697,100.438,84.43291,74.08472,43.94539,74.74048,121.74458,105.83005,66.92019,59.68274,69.10554,102.13728,95.14362,119.67044,102.21581,88.52569,76.04953,92.83902,54.48967,62.82695,73.41642,83.2178,90.67676,59.3453,84.37101,47.0456,86.63102,72.0206,91.35536,85.17965,76.32122,108.27482,102.99819,106.11585,101.02588,105.75719,84.50511,50.24472,92.63903,94.70737,56.62489,100.42589,103.24347,87.03018,70.41456,87.10304,123.03993,77.28062,69.53962,100.81216,108.19389,58.77179,113.59148,107.75433,103.18878,116.63107,75.20576,72.20054,24.11566,98.02737,62.17014,107.43035,73.35434,98.57436,104.26131,103.79561,47.92965,59.53133,96.97683,69.90778,124.18747,94.7362,82.15826,106.6321,90.6313,91.6122,90.04749,1
82.25595,91.47922,0.0,105.99191,92.66492,50.5156,124.4125,114.08106,118.57484,106.04867,131.25688,82.11326,78.98991,96.92746,115.43239,95.22628,45.10657,112.98088,83.77108,123.86348,123.63736,94.68998,117.42728,75.86512,114.16843,110.20522,72.93247,69.10264,117.94762,96.09116,99.36218,118.35347,100.34858,101.96989,110.6505,92.56791,95.66786,106.06064,108.40314,106.55369,120.16152,133.07822,97.85548,97.28723,121.68057,115.3527,94.85406,103.70107,102.18361,128.21808,113.83867,111.91396,72.24039,80.829,102.24828,73.97758,68.4972,55.43587,135.24652,69.41681,110.11169,101.08783,93.9072,84.92122,88.64644,99.40545,108.1168,111.46909,124.77162,100.60809,83.1622,68.83942,106.81933,129.16051,80.39573,133.98029,119.20693,114.08499,132.91389,116.96523,91.40363,94.30054,78.67826,51.44427,87.44469,104.85358,101.64949,84.17094,93.08624,98.3814,84.86795,99.3451,82.47985,60.55045,91.13235,97.54777,115.97348,62.18792,114.12688,128.47919,1
122.73557,83.44769,105.99191,0.0,72.82789,133.84306,147.18945,113.90565,101.65971,157.78441,134.29402,131.39713,90.64528,73.46774,119.9332,115.24393,103.66516,80.71891,124.05914,120.30142,150.8046,104.38078,81.25381,128.14409,165.43748,107.68556,98.96318,77.53026,95.11817,97.45601,130.56998,114.87255,83.32717,108.51354,101.69472,149.39194,113.60791,107.47111,127.17567,115.68798,117.13687,107.2897,46.11847,62.78147,120.80173,117.57589,82.3649,86.52225,64.73588,107.0882,135.53941,120.13898,107.59303,119.04741,68.37698,99.18693,105.56738,127.41771,104.39165,91.34607,77.43744,95.38562,116.08532,77.47518,109.29634,92.62528,119.48714,36.33923,102.08115,150.06732,75.63155,108.13123,111.31592,130.26027,90.11142,131.65495,159.60776,118.22594,121.03749,88.79886,104.28848,85.84987,88.8662,88.30762,95.60904,80.52892,101.65791,106.54778,79.90965,46.73746,118.05326,112.99683,103.61378,121.19606,144.85077,115.6955,137.01376,82.06663,87.92638,94.71001,2
100.04893,87.07711,92.66492,72.82789,0.0,126.34315,132.18202,126.36858,123.85018,121.01559,158.97023,103.98622,66.7775,91.882,126.56438,89.49313,107.39882,124.1272,100.35501,138.20534,157.41,92.05798,119.42731,139.78949,156.41179,95.47315,89.79003,63.9215,104.26759,113.4567,149.92979,103.08902,79.12701,117.936,100.689,141.87918,134.3855,77.35117,133.22049,90.21014,129.02841,111.8509,64.86082,101.10367,142.7813,95.42538,55.18182,126.19173,93.87873,134.2356,127.32204,141.29434,104.70924,76.82165,103.77709,107.31866,94.68767,104.88544,136.20566,82.16586,112.35703,111.34079,97.1326,75.68555,89.66164,132.51138,124.00362,91.05161,116.19695,112.34674,79.51417,79.79909,136.96529,112.74601,96.94054,137.83041,142.32088,86.2778,111.87769,128.45026,116.16332,83.95478,97.91242,62.54368,123.06252,45.73336,131.44002,117.34386,61.73053,78.31342,92.18822,106.93978,100.27456,104.30519,144.78552,100.02747,151.15808,76.82841,89.33669,110.91587,2
101.39131,122.3842,50.5156,133.84306,126.34315,0.0,120.03757,128.28551,147.85677,114.66601,144.41267,86.0113,95.71224,108.38522,135.91118,118.07074,52.60741,128.13162,110.49585,139.03583,97.8773,112.46246,121.63195,68.53938,120.28429,128.73868,93.27927,100.88187,124.26046,89.271,99.38493,139.71675,119.41177,128.44487,140.5696,96.98236,101.73918,132.46201,109.352,131.63438,128.58954,162.41437,131.43005,123.76853,128.1239,123.43076,125.10954,113.0377,127.75981,134.94627,132.5612,112.99159,88.13993,104.88524,106.51305,83.89106,94.12742,71.9291,133.50891,102.68767,131.3448,97.98667,122.89971,126.75468,113.26191,102.43672,120.00943,137.14462,151.4604,102.96529,103.56337,107.3494,116.69746,139.72571,108.96282,139.99846,114.83543,135.79175,138.04344,128.35272,106.30529,126.03503,99.02699,97.22939,75.37029,132.30119,95.2362,69.48818,110.38103,126.79404,105.8064,127.29837,94.74409,50.28931,94.44227,121.88647,102.85837,77.71526,128.18655,133.85286,2
64.72212,101.03459,124.4125,147.18945,132.18202,120.03757,0.0,96.21827,135.85153,66.74016,131.47629,57.12516,78.31737,106.81383,97.90051,93.31108,120.63281,114.56325,106.97609,120.04403,92.76247,118.36537,108.0583,105.69704,103.53709,126.99876,91.05937,94.75097,70.03203,127.11868,106.31622,79.90572,104.87128,106.39648,134.87804,91.41476,136.29457,116.50272,85.91711,97.91837,122.09087,129.17891,131.90962,128.19518,86.35229,87.84875,110.43639,112.41901,109.75433,94.50713,81.83658,90.42841,94.87072,83.04143,123.57228,134.65741,131.28227,122.809,97.03452,126.2505,116.84373,93.16495,131.6291,127.8963,131.94186,125.256,102.56255,143.78764,128.67671,78.79844,125.19931,110.65201,122.63158,87.84567,105.1227,104.43204,39.04208,126.29102,98.04951,114.92284,109.88914,97.02224,128.21887,119.68893,118.53706,115.3787,111.08793,103.28964,121.99933,119.25227,65.20634,126.8598,72.71972,124.24763,85.7243,108.33775,102.32527,116.02177,111.35687,95.96376,1
85.75734,91.83628,114.08106,113.90565,126.36858,128.28551,96.21827,0.0,123.42504,100.96605,114.55235,86.78329,90.94446,66.05833,68.42986,108.46284,104.97765,78.8422,110.28724,94.56249,120.2225,87.63869,94.81962,99.63091,135.7291,145.76797,89.28989,77.70715,83.01612,115.04761,71.37268,91.70706,129.64742,51.09145,78.74215,109.14687,75.27856,83.14659,118.3041,115.96723,148.81065,127.92637,108.22432,68.29344,57.49511,140.75331,123.96889,58.47256,73.9157,59.34003,84.59496,65.57835,55.1918,97.13716,91.04507,130.23587,107.36728,134.91699,88.88264,91.97262,100.58843,110.79273,116.14,81.86415,116.57137,71.94036,109.48232,120.61746,76.6985,103.34228,128.13989,88.79726,80.56834,108.48595,78.9421,118.14909,97.05683,133.20293,116.12009,93.77568,87.07414,86.09076,73.37206,100.83022,109.52274,124.40099,116.74043,125.47626,115.59718,87.21817,81.19395,79.47167,69.55666,138.61594,81.23651,107.94,137.22884,107.87775,97.35185,119.89124,1
100.93785,50.63315,118.57484,101.65971,123.85018,147.85677,135.85153,123.42504,0.0,149.63362,81.6928,135.65019,111.07743,126.88748,90.9863,105.42459,121.28775,74.63951,101.19523,100.78838,158.98769,145.54713,103.81603,111.61773,103.451,104.21568,98.27512,91.43469,111.53323,145.99571,118.48747,90.70586,79.08815,89.15327,126.67437,107.73252,144.81274,146.30984,92.69382,96.72069,82.52579,60.26007,85.25894,88.81848,99.06327,116.49522,87.18398,102.86909,67.79165,112.57638,103.18895,108.70062,124.38103,123.85511,132.11996,112.14941,133.24539,120.53745,127.22513,111.08174,53.57693,115.40559,116.42604,86.16778,129.1196,121.38326,91.14842,77.34038,103.50737,164.55542,91.84932,105.9376,108.47891,132.81754,75.41508,120.32845,138.48535,147.26065,141.42079,73.40472,105.25743,58.26541,134.25443,96.37703,126.74947,113.89364,102.53179,121.14237,134.86888,77.73965,104.60796,122.41694,99.71629,150.94958,113.14523,99.31032,118.10206,118.26971,130.1954,102.58685,2
51.64587,108.34762,106.04867,157.78441,121.01559,114.66601,66.74016,100.96605,149.63362,0.0,151.34868,38.01183,83.22143,118.52678,106.58783,85.52074,117.92994,140.80089,91.84708,133.6765,128.98996,107.8121,143.2319,116.6572,110.18082,139.64891,88.60425,88.10635,108.70724,144.06586,116.81398,91.50697,125.7534,102.43917,121.12395,92.55259,135.85657,93.79192,116.49913,95.58257,150.70758,143.35123,135.50868,135.50629,116.41588,110.79333,112.24902,133.50409,125.94495,126.95393,79.27297,118.28711,81.64051,52.53377,142.98682,141.47818,110.14307,109.09102,139.14996,110.84126,140.12102,124.88599,117.55355,113.07276,120.24922,142.60002,120.04494,162.15059,132.20088,43.66964,136.8844,79.72095,136.06757,100.93856,103.9763,128.19716,59.77117,114.79865,121.49629,146.74846,117.81641,100.69173,119.28621,96.19559,142.78473,116.2713,144.79222,129.0331,123.58175,131.60245,50.61272,110.64814,83.23729,117.89362,84.69052,103.84769,138.75955,117.53047,125.77338,137.82979,2
119.14081,99.56115,131.25688,134.29402,158.97023,144.41267,131.47629,114.55235,81.6928,151.34868,0.0,140.7513,128.97148,120.94067,102.68963,104.22519,130.40701,81.1678,102.09819,48.57425,146.16963,166.08194,91.047,83.50061,88.90597,137.8044,91.30098,122.99291,131.15636,135.47723,82.01817,90.76702,119.07063,81.02251,115.66171,80.59652,130.15475,157.38362,74.60427,101.74384,88.21634,114.86132,127.82194,91.2145,77.12408,142.59218,126.75201,101.24426,87.12071,115.7016,125.77212,81.68899,131.8279,147.25372,126.8243,101.73535,141.25319,120.2548,128.78442,110.74339,97.66969,128.51665,114.6507,113.45307,133.73703,112.33974,55.297,122.95441,93.50254,156.52357,110.36675,121.14797,65.29282,110.71367,75.45966,87.80127,120.15475,194.50177,121.69437,64.54325,135.91862,93.43017,146.11015,124.79199,123.32218,161.32158,87.48284,119.55187,138.63177,117.84433,123.68348,109.1376,85.6947,153.38301,88.22674,86.69405,133.11014,120.4493,150.8577,104.04278,2
42.50214,92.61544,82.11326,131.39713,103.98622,86.0113,57.12516,86.78329,135.65019,38.01183,140.7513,0.0,60.96232,92.81874,98.21094,82.09713,88.95081,116.64712,90.51673,124.22334,102.99654,86.4472,116.61624,94.99989,109.2467,123.36354,72.9987,66.84336,82.82265,114.86881,98.09631,90.09021,104.46397,94.7636,114.57817,87.94453,112.79604,86.71574,100.08645,94.42512,132.36488,133.96571,113.53446,114.59315,100.79879,92.89072,97.34344,106.08286,106.64738,104.93092,74.04159,99.40441,56.69903,45.11984,112.23348,119.09064,90.33065,95.78237,110.37384,97.76604,116.58746,91.92345,112.77157,101.42861,109.20271,112.90211,110.09403,135.48949,124.52293,45.59028,114.60247,75.53666,119.38734,99.35204,89.62536,117.55565,61.50647,95.8431,110.89552,124.57586,92.50596,88.93938,93.75949,81.71103,108.92427,96.84136,116.0604,96.87872,103.50778,107.93036,42.4808,105.87566,67.26394,89.92976,75.41146,100.79253,109.73961,92.91673,103.47916,116.14456,1
60.94315,67.08784,78.98991,90.64528,66.7775,95.71224,78.31737,90.94446,111.07743,83.22143,128.97148,60.96232,0.0,70.47618,81.29205,79.11116,73.96849,101.13234,70.23871,115.56645,96.94953,65.39774,95.01505,95.52328,113.55251,71.24267,72.19241,41.39983,61.89565,82.51793,112.55101,76.38661,69.20174,92.77018,96.35477,96.66476,101.67471,68.13146,99.20702,79.6754,111.20871,93.98615,87.51413,89.38254,93.94942,82.76358,69.47282,94.54076,71.05652,88.08678,98.37981,88.52456,74.68961,48.09418,87.54321,89.0274,103.52509,81.89828,105.89896,69.97903,97.16357,88.6282,78.6837,78.07504,67.7507,101.64145,91.00782,97.01347,94.36039,79.73676,67.36264,65.1749,101.91342,84.00061,82.81963,118.95155,85.26062,92.13294,80.5973,95.59239,77.14903,69.0653,78.81718,66.25633,86.61642,65.36468,99.40226,89.58451,61.69585,68.38301,50.49601,86.34105,52.21254,95.69962,101.03351,77.5652,114.05013,54.99446,54.54203,86.01923,1
101.71943,95.4514,96.92746,73.46774,91.882,108.38522,106.81383,66.05833,126.88748,118.52678,120.94067,92.81874,70.47618,0.0,100.38428,97.40745,88.08741,78.55919,107.39159,93.25245,110.26781,81.00433,63.23935,96.84656,147.49605,122.3065,74.97062,72.86052,76.53932,65.36344,88.90887,95.41791,104.56674,82.46539,71.07068,119.56866,70.05326,75.41663,110.59287,105.66503,127.05588,129.29573,85.51582,55.00952,84.93876,119.32933,101.8254,62.0617,66.41045,77.69112,119.15954,79.0358,71.6645,99.4353,33.77858,92.77827,92.12196,114.89227,80.31043,72.41531,98.74103,87.07427,101.52227,82.29411,93.56139,61.98651,98.33452,92.77001,80.95192,100.79937,90.52776,92.56614,75.49316,92.33878,77.96687,105.76485,113.62137,127.06133,83.39612,83.48003,98.32149,89.94241,63.08204,91.07764,75.56151,102.48393,89.66131,93.00768,62.66256,72.20245,95.38643,79.83241,64.19185,104.17307,107.24541,96.83989,131.73982,65.10909,74.29343,89.03938,1
74.5901,64.28111,115.43239,119.9332,126.56438,135.91118,97.90051,68.42986,90.9863,106.58783,102.68963,98.21094,81.29205,100.38428,0.0,111.66786,100.49271,88.47874,83.28574,106.61534,116.14134,92.77685,111.78052,97.53188,103.77344,105.59124,101.9609,70.93763,83.68448,124.48303,99.354,82.18098,111.14243,63.26168,100.69638,92.13221,99.13282,98.68591,113.57964,107.07964,133.11783,77.61024,114.58517,84.16808,55.37424,135.16449,114.51874,82.24615,61.92234,61.55918,84.54578,62.8284,85.66112,90.02132,120.66358,123.60754,137.9608,120.00232,116.84429,91.27757,92.102,125.86981,94.94805,78.71454,98.2421,99.01167,96.78839,114.21519,69.74838,123.48492,109.81464,80.33313,87.10504,112.75466,87.15499,136.14357,92.55283,134.08626,119.29451,82.31875,67.1209,70.5033,94.64391,96.14019,115.27907,118.06974,119.45008,133.12891,123.66232,77.32788,68.39233,82.87768,68.01933,154.37816,86.99525,93.35912,131.17227,107.28671,86.67188,117.59234,1
70.42476,81.30695,95.22628,115.24393,89.49313,118.07074,93.31108,108.46284,105.42459,85.52074,104.22519,82.09713,79.11116,97.40745,111.66786,0.0,117.91664,107.35355,67.54603,79.3163,146.88634,129.88913,100.97719,104.15213,97.32895,115.83004,35.02993,80.39374,108.18202,125.67285,106.13013,47.76329,82.18508,81.83875,88.52299,82.4944,137.36992,101.12831,74.0599,24.04966,91.44349,113.66993,90.79874,98.9339,109.34251,80.12437,60.82139,120.02004,91.70866,129.43069,95.84922,112.79115,100.673,79.51257,115.38581,96.48505,86.63218,84.72825,126.603,81.46545,106.12397,103.85934,87.94885,84.12031,103.9841,131.03239,67.12448,119.04955,101.75049,84.05254,90.35261,70.87987,105.67788,60.67036,54.86631,69.14,90.78817,132.54141,86.49574,108.64806,131.52974,62.59374,124.84066,72.38182,128.19156,98.55241,107.15685,101.63997,86.62494,105.41164,72.01775,91.13392,63.74134,101.11983,90.69875,51.74057,133.10966,88.67416,125.71727,90.26318,1
91.70288,93.94875,45.10657,103.66516,107.39882,52.60741,120.63281,104.97765,121.28775,117.92994,130.40701,88.95081,73.96849,88.08741,100.49271,117.91664,0.0,105.17339,93.10779,129.24789,91.90918,77.60874,108.94084,64.93763,119.28075,100.12961,92.60008,71.88918,103.32989,72.07375,95.82276,126.2119,105.3912,105.78532,117.40684,97.15247,70.50957,107.89503,114.3813,125.1593,126.60894,128.06044,109.84008,92.50881,105.07631,127.27931,112.88496,85.42268,93.42435,103.57392,121.93297,89.51073,71.815,91.64378,89.31689,74.05933,99.84723,72.80252,122.75413,75.76833,107.51721,99.76472,97.38617,94.95318,82.66959,76.36378,110.67657,106.9453,118.12993,112.49033,81.25562,85.24872,94.48277,134.58113,95.34928,145.96672,116.49403,120.87993,129.04749,101.72798,66.39945,103.33434,62.8401,76.65114,57.84118,113.03423,91.65403,82.79232,95.54893,89.22891,90.88139,100.50055,78.99955,82.48063,94.63686,108.09835,107.51926,57.74978,91.18961,124.23449,1
101.17104,70.11289,112.98088,80.71891,124.1272,128.13162,114.56325,78.8422,74.63951,140.80089,81.1678,116.64712,101.13234,78.55919,88.47874,107.35355,105.17339,0.0,119.57291,79.47836,126.92612,123.03043,50.14409,91.41242,126.65768,128.06706,83.93966,84.7226,78.48113,111.25228,75.09641,92.918,92.54768,71.07193,107.40973,111.77238,103.93983,128.43633,84.85681,110.23714,96.613,104.0554,76.55106,52.29874,62.43331,117.17801,101.76245,40.97726,50.60654,68.01818,96.48623,72.54362,91.04479,123.42111,78.37167,107.1468,109.98554,131.35229,64.27379,105.47755,39.78634,76.28027,128.17596,88.15751,131.92496,63.10883,91.861,67.54831,92.26901,144.40871,99.37299,112.1072,77.85173,120.49883,64.4088,96.30203,124.27713,140.95796,121.97832,44.2167,90.42934,70.64695,101.10985,103.74848,88.26775,115.26949,69.31525,93.18573,117.48524,63.79687,103.44224,112.29115,81.33691,131.06792,95.72354,109.78699,99.61386,104.01921,110.12846,81.66855,1
71.96282,77.73969,83.77108,124.05914,100.35501,110.49585,106.97609,110.28724,101.19523,91.84708,102.09819,90.51673,70.23871,107.39159,83.28574,67.54603,93.10779,119.57291,0.0,96.92573,130.62921,111.15526,121.70533,87.72139,76.40815,84.563,70.53882,75.4737,116.98728,114.45534,111.62334,70.47028,95.58722,82.68566,88.70347,62.67162,116.78624,95.12838,97.42935,62.11547,109.24142,93.48521,114.29858,100.10813,102.48148,114.91614,87.87202,121.21523,86.6708,122.46367,110.84144,97.32098,102.17566,74.48092,126.66782,81.98022,116.24483,55.95301,150.45309,56.44592,118.15508,131.58858,39.25367,77.16972,59.21268,127.86743,65.39699,126.32471,84.14197,96.29959,77.53986,49.04123,91.23965,81.88975,74.73378,117.95602,88.89693,142.06165,95.47128,104.77605,110.24175,72.97842,111.57326,66.6605,120.27666,113.08531,116.36623,117.85612,90.7697,102.19221,68.05378,65.27628,56.07788,117.79234,87.96944,35.44425,143.14465,74.54733,107.97346,114.15587,1
111.51869,100.56142,123.86348,120.30142,138.20534,139.03583,120.04403,94.56249,100.78838,133.6765,48.57425,124.22334,115.56645,93.25245,106.61534,79.3163,129.24789,79.47836,96.92573,0.0,147.22652,151.69872,76.50023,90.04103,108.08334,143.13031,66.85889,111.45512,121.71055,122.76205,74.01904,72.37072,117.00823,65.00814,82.33654,87.58661,118.36609,130.31708,77.08528,82.54768,97.98891,125.57124,112.49786,74.83607,78.2346,132.42511,113.60873,94.90005,80.7397,112.44738,119.98691,83.18395,115.61296,132.50346,104.97914,98.2486,116.30242,117.40294,116.12782,92.77859,102.51318,118.86545,104.04597,98.53592,122.87154,104.90843,51.45221,120.62843,77.22223,130.01587,107.87901,106.33339,57.73047,81.05618,57.30064,59.37528,111.22411,181.68643,96.25137,73.91345,139.81813,85.55062,130.86093,111.92964,121.38982,147.26657,90.61277,114.31037,113.23204,111.49043,113.42961,87.2727,70.5661,137.479,86.65839,71.34505,143.3907,106.57353,139.88461,93.88733,2
117.44176,132.50252,123.63736,150.8046,157.41,97.8773,92.76247,120.2225,158.98769,128.98996,146.16963,102.99654,96.94953,110.26781,116.14134,146.88634,91.90918,126.92612,130.62921,147.22652,0.0,114.45816,112.60661,88.18596,129.26892,123.03921,128.1333,119.94147,93.5369,84.67525,113.62653,138.3967,129.87201,140.26448,158.69946,112.1355,107.20374,142.65726,117.02721,151.09586,140.31593,153.19473,159.85854,135.87688,98.42332,135.34009,151.7243,106.85278,123.8661,93.87894,142.79176,80.20006,113.34074,125.69725,109.97742,117.65993,158.86522,123.65047,110.4053,133.31537,137.35956,107.64518,140.45024,154.00862,126.18439,102.11199,122.85613,148.40196,144.8931,122.98518,120.70241,140.91563,114.28467,132.61761,138.7066,149.9588,94.28151,157.71101,117.81899,111.83776,100.88041,139.95268,118.36266,144.66641,72.16763,149.0359,96.90445,94.85505,127.15916,129.43706,115.66934,141.40944,94.69315,125.21335,112.2282,137.71605,101.50014,104.4546,102.10685,116.91442,2
95.1161,100.909,94.68998,104.38078,92.05798,112.46246,118.36537,87.63869,145.54713,107.8121,166.08194,86.4472,65.39774,81.00433,92.77685,129.88913,77.60874,123.03043,111.15526,151.69872,114.45816,0.0,128.78204,121.94978,158.79611,113.74503,115.13534,62.64166,88.79221,97.82283,128.91649,125.56859,123.10529,109.16377,106.00621,136.48154,81.88377,59.1056,151.78728,134.34241,167.06537,128.45876,110.8727,100.16482,114.7658,138.92047,118.70409,98.01278,96.07889,92.44662,118.68616,107.82495,67.08014,73.50912,98.82502,126.14827,116.64335,120.74064,124.52701,87.24143,124.6589,122.07169,107.4325,88.43507,86.09023,98.40318,141.13603,118.87012,109.66615,103.27435,112.74303,83.72089,122.34536,134.09962,115.95847,167.18282,123.36526,90.40947,128.10533,127.07827,67.50425,107.10187,43.92947,87.32725,102.515,93.85953,138.12383,129.33734,94.97265,82.54181,83.47535,96.39367,93.68404,123.5544,125.80016,124.46127,146.86557,86.65232,54.99712,138.62144,2
113.68067,93.38219,117.42728,81.25381,119.42731,121.63195,108.0583,94.81962,103.81603,143.2319,91.047,116.61624,95.01505,63.23935,111.78052,100.97719,108.94084,50.14409,121.70533,76.50023,112.60661,128.78204,0.0,92.1161,133.87292,123.64651,79.09821,97.5348,77.27514,85.21156,85.71664,92.99758,87.58469,94.86423,108.85559,115.50082,108.04701,128.51656,76.13158,105.06836,85.3435,121.58773,88.35754,67.96955,77.00232,104.86797,101.10246,62.94702,66.82868,81.90122,122.62417,76.84715,105.41091,128.87607,54.18109,90.81932,114.12416,125.49709,58.33273,105.91179,73.06075,65.18073,125.73163,107.9324,126.33999,71.60074,81.08617,78.67908,100.09772,134.4583,87.11359,123.25901,76.47926,98.66283,77.82327,76.88929,119.716,151.30609,90.17908,49.98691,113.52451,89.47343,110.65527,115.33147,73.69425,117.29898,48.06499,72.18852,93.82456,81.03932,113.88345,115.87344,76.19038,115.77142,108.62337,104.1664,102.91772,88.56161,105.52144,50.6273,1
92.134,99.7697,75.86512,128.14409,139.78949,68.53938,105.69704,99.63091,111.61773,116.6572,83.50061,94.99989,95.52328,96.84656,97.53188,104.15213,64.93763,91.41242,87.72139,90.04103,88.18596,121.94978,92.1161,0.0,81.26832,120.30224,77.42667,97.09622,111.49454,88.50893,54.66425,108.61929,112.54133,89.64277,117.47208,54.24748,84.27248,132.78369,75.62616,112.16618,102.48254,132.80821,126.83073,93.41989,77.02238,128.29483,123.42744,82.3075,94.60011,102.06108,115.6666,61.40772,88.13039,113.08385,99.43318,70.42271,110.39523,75.98563,115.75735,88.51658,105.49907,99.9382,102.59499,110.17551,105.05435,78.12115,74.18118,124.10709,111.3107,114.46828,93.57861,99.07484,63.20045,115.11683,79.89965,109.60686,91.37077,160.28883,117.23987,80.94351,96.87336,101.68137,102.42617,99.98599,69.97175,143.23848,66.10358,75.6129,114.29623,110.77289,97.22262,100.11408,62.5498,97.29441,55.07579,92.01778,97.84353,79.80703,122.6687,110.61612,1
85.7664,100.438,114.16843,165.43748,156.41179,120.28429,103.53709,135.7291,103.451,110.18082,88.90597,109.2467,113.55251,147.49605,103.77344,97.32895,119.28075,126.65768,76.40815,108.08334,129.26892,158.79611,133.87292,81.26832,0.0,118.40531,96.12566,116.78393,133.37582,148.48094,107.59048,94.65083,112.87143,107.87899,145.76303,37.42426,150.7204,156.79793,73.67786,94.56174,96.70815,116.17393,148.75845,136.01448,103.64651,121.28949,121.21925,136.02568,119.12779,136.41649,109.2559,102.71072,128.80624,115.27523,158.88785,111.04595,145.87773,87.79668,154.92313,119.76443,123.25002,134.03055,110.85385,128.57817,126.78761,145.54257,75.06137,152.90604,131.07332,128.12303,114.6947,107.42115,112.072,114.90179,98.63674,116.92988,82.48898,173.17436,131.70345,112.22272,128.06673,100.15303,155.19797,115.68681,134.67587,151.91296,111.70928,117.80591,146.85358,138.03072,94.25887,125.15995,86.39668,137.30141,73.00068,86.98495,116.85165,121.97968,153.0874,124.46232,2
107.41216,84.43291,110.20522,107.68556,95.47315,128.73868,126.99876,145.76797,104.21568,139.64891,137.8044,123.36354,71.24267,122.3065,105.59124,115.83004,100.12961,128.06706,84.563,143.13031,123.03921,113.74503,123.64651,120.30224,118.40531,0.0,115.34357,88.53205,104.04047,107.22185,154.84723,108.0647,69.13283,133.11205,137.31476,118.6895,141.24783,123.59856,119.09039,104.07027,104.60598,72.7438,114.19894,120.73458,126.82759,105.21056,88.12791,132.3336,92.6856,123.49301,142.74046,119.30987,134.33858,101.7758,127.54977,91.96799,153.42758,91.42551,148.37173,100.18405,113.27811,125.66965,87.19223,109.49342,78.67049,138.82349,103.30412,101.44884,117.80916,142.15416,54.85442,104.26589,126.65986,119.21827,118.32969,152.43912,128.99278,131.32181,108.63926,104.99595,103.95792,96.19447,126.09361,99.75272,109.09049,93.57924,114.91104,115.26111,94.24896,89.51618,101.05663,121.13329,95.9819,132.9684,141.65569,95.25202,131.62944,81.09303,83.31369,100.9132,2
66.33503,74.08472,72.93247,98.96318,89.79003,93.27927,91.05937,89.28989,98.27512,88.60425,91.30098,72.9987,72.19241,74.97062,101.9609,35.02993,92.60008,83.93966,70.53882,66.85889,128.1333,115.13534,79.09821,77.42667,96.12566,115.34357,0.0,68.13924,96.4586,103.17392,76.75975,60.66253,80.53756,66.73386,79.95279,73.03138,109.71665,97.22317,63.68614,51.97852,86.72224,116.20292,79.48846,75.90787,91.27582,85.65553,67.5874,91.73106,76.95254,110.90445,89.7148,91.65015,77.21375,79.96151,89.32324,77.77976,65.28069,75.93885,105.72838,67.90503,89.35741,82.95616,87.37647,74.08063,98.16418,99.64378,61.95436,103.23104,94.0919,82.93834,80.51505,66.53448,82.78906,72.64101,33.76005,65.68388,88.91958,127.61641,89.13882,89.42908,111.90166,59.45849,100.98853,62.33153,100.37098,98.78846,82.43891,78.26016,79.32101,90.53291,69.73995,82.03633,48.53354,81.39219,71.13811,58.2548,114.29986,70.89339,115.11216,84.47533,1
51.90318,43.94539,69.10264,77.53026,63.9215,100.88187,94.75097,77.70715,91.43469,88.10635,122.99291,66.84336,41.39983,72.86052,70.93763,80.39374,71.88918,84.7226,75.4737,111.45512,119.94147,62.64166,97.5348,97.09622,116.78393,88.53205,68.13924,0.0,68.66299,101.67282,103.09448,78.44376,73.38999,71.9006,87.32252,100.27573,96.78798,67.40623,103.95864,83.18154,115.86488,86.32323,63.30421,71.07571,90.8446,93.67628,63.80799,80.3329,58.08907,84.93002,76.68282,91.95089,55.3216,47.16607,90.70539,98.34057,84.42237,90.86359,103.90407,65.5363,76.18658,88.70479,85.77898,47.6951,81.17976,91.95103,99.4983,81.37731,88.35106,94.24654,78.00761,49.02014,101.18468,104.27827,64.4639,122.29978,101.52905,78.50431,109.15041,92.97899,60.84706,47.93053,63.98096,41.6761,95.18961,59.00026,104.97816,98.79889,81.05473,48.37861,44.70354,82.11454,61.91628,101.79016,93.70411,84.5735,114.2355,69.7915,69.90235,100.53593,1
80.50298,74.74048,117.94762,95.11817,104.26759,124.26046,70.03203,83.01612,111.53323,108.70724,131.15636,82.82265,61.89565,76.53932,83.68448,108.18202,103.32989,78.48113,116.98728,121.71055,93.5369,88.79221,77.27514,111.49454,133.37582,104.04047,96.4586,68.66299,0.0,102.64667,111.18548,88.25107,79.37422,100.32706,123.0033,120.60365,115.55298,102.50208,99.84728,108.75153,115.7358,100.82374,91.90709,93.7989,77.29936,87.26105,92.60817,75.39949,71.24729,54.51653,89.6342,82.18871,84.92529,88.49485,85.77401,123.35925,125.15015,131.39333,58.82927,114.33435,76.7934,67.99218,128.38782,103.79274,120.53207,91.87309,110.26892,90.27377,109.42385,113.00851,100.40983,109.3941,112.69686,106.16268,97.79661,117.70103,95.98046,99.25589,100.36797,84.00667,74.7702,79.64442,96.66499,106.96727,89.39285,80.37395,93.96966,93.8092,101.95981,66.81809,75.44955,121.65073,76.86589,125.44499,110.83775,115.96728,93.69377,98.43956,66.55663,73.61816,1
127.23892,121.74458,96.09116,97.45601,113.4567,89.271,127.11868,115.04761,145.99571,144.06586,135.47723,114.86881,82.51793,65.36344,124.48303,125.67285,72.07375,111.25228,114.45534,122.76205,84.67525,97.82283,85.21156,88.50893,148.48094,107.22185,103.17392,101.67282,102.64667,0.0,111.994,129.36076,112.81484,125.46518,113.98464,123.28289,76.92278,112.55623,120.28811,130.96744,127.11189,144.72536,122.01392,94.57501,110.52778,132.69763,125.09895,92.90063,97.50271,104.87218,157.80289,90.55579,106.45596,122.52419,55.34689,67.75017,124.65795,100.0996,112.74234,87.19831,125.97697,102.70297,104.22835,119.60517,85.85022,79.0268,105.98555,110.93436,113.63287,121.99303,77.49756,118.08979,86.64821,114.92836,113.27232,134.44958,127.60847,151.97432,91.67604,95.37491,109.33231,124.46017,86.06966,113.72845,45.92375,126.95957,81.82886,82.22889,67.2871,100.64935,122.07891,106.0282,83.42965,96.75784,126.35225,111.03065,130.15186,49.43811,81.81037,100.77736,2
96.65977,105.83005,99.36218,130.56998,149.92979,99.38493,106.31622,71.37268,118.48747,116.81398,82.01817,98.09631,112.55101,88.90887,99.354,106.13013,95.82276,75.09641,111.62334,74.01904,113.62653,128.91649,85.71664,54.66425,107.59048,154.84723,76.75975,103.09448,111.18548,111.994,0.0,105.99709,130.78291,67.8139,106.0732,78.38313,83.93275,130.79382,85.32301,118.59113,122.11168,147.11314,122.83213,82.05121,64.16189,140.07256,132.93578,64.98795,94.45966,93.10321,100.00401,62.48832,76.02678,122.32918,96.53096,106.14124,99.52129,115.2043,97.13132,101.47509,101.28522,100.00789,125.45303,107.40493,131.74597,67.20531,89.83133,129.15279,106.54318,116.18575,123.802,106.682,63.5536,118.06048,70.55095,95.82372,97.61708,163.71275,127.42011,85.60542,107.13877,100.77525,102.09469,109.84346,93.8325,151.04962,82.91007,96.15131,129.14441,113.60493,102.49923,101.15267,72.33237,116.1798,46.6412,107.02302,111.7149,106.67044,135.69629,118.15711,1
68.95734,66.92019,118.35347,114.87255,103.08902,139.71675,79.90572,91.70706,90.70586,91.50697,90.76702,90.09021,76.38661,95.41791,82.18098,47.76329,126.2119,92.918,70.47028,72.37072,138.3967,125.56859,92.99758,108.61929,94.65083,108.0647,60.66253,78.44376,88.25107,129.36076,105.99709,0.0,82.30246,67.92085,87.38214,84.83774,134.90569,99.24944,76.35818,38.07042,94.96685,86.53368,95.39128,90.99469,82.21401,89.63464,72.33989,108.06841,70.97221,102.23814,85.38107,92.42346,103.93067,84.73557,116.96062,111.43488,116.85281,107.90536,113.57577,89.83975,93.63584,109.00349,89.5103,82.22451,105.56336,125.64891,60.94451,113.28616,78.15985,99.96942,95.69431,78.88471,96.2314,52.87941,61.44992,75.29173,80.27094,137.08215,77.54655,88.86349,119.74483,48.90935,125.618,89.3307,129.71629,100.91023,108.47636,115.852,98.20691,92.07098,66.25706,87.05658,56.05493,133.54608,91.49541,54.21933,132.90543,100.62966,110.19074,78.48567,1
86.57289,59.68274,100.34858,83.32717,79.12701,119.41177,104.87128,129.64742,79.08815,125.7534,119.07063,104.46397,69.20174,104.56674,111.14243,82.18508,105.3912,92.54768,95.58722,117.00823,129.87201,123.10529,87.58469,112.54133,112.87143,69.13283,80.53756,73.38999,79.37422,112.81484,130.78291,82.30246,0.0,113.77686,129.41734,111.72746,145.52354,124.5687,78.94125,75.88405,62.64811,78.34757,70.04738,102.1802,114.06058,50.60658,40.8563,110.8426,77.73164,114.33071,109.19015,115.48952,115.65892,93.91037,106.26315,91.74237,116.41009,97.80056,108.19806,104.9903,70.35767,75.30943,110.26729,97.34586,111.00159,123.53564,89.91816,69.56013,120.57978,129.52678,56.43159,101.84902,122.45862,104.89293,85.08772,106.85369,119.43211,109.11267,103.84277,87.94175,104.67397,64.35562,124.44563,85.32146,101.8888,63.81602,84.85569,79.83388,90.37057,72.75032,86.92123,127.60974,86.04622,106.52034,122.65591,92.33202,95.21101,84.47335,99.74917,61.10706,1
75.37528,69.10554,101.96989,108.51354,117.936,128.44487,106.39648,51.09145,89.15327,102.43917,81.02251,94.7636,92.77018,82.46539,63.26168,81.83875,105.78532,71.07193,82.68566,65.00814,140.26448,109.16377,94.86423,89.64277,107.87899,133.11205,66.73386,71.9006,100.32706,125.46518,67.8139,67.92085,113.77686,0.0,64.13892,85.658,93.63312,93.31753,98.47574,86.27665,123.66511,105.04637,93.34679,56.31865,62.06884,131.51291,103.08044,72.67997,60.25985,85.0243,76.83287,73.12088,71.0805,94.60365,104.97053,112.69228,97.16354,113.83917,109.79698,73.87052,86.02022,115.68819,93.46072,56.44655,106.74123,88.69581,81.95363,109.98372,59.8137,110.81089,111.22202,66.91781,68.67783,98.0728,43.56096,99.84411,99.47679,141.07014,115.07602,82.1394,96.99949,57.4202,91.37661,78.85843,118.83696,120.95814,110.07475,123.16823,113.27991,82.72044,74.82513,63.31657,60.30342,135.18117,67.64299,77.37466,137.4444,102.1302,113.78944,113.7337,1
109.6945,102.13728,110.6505,101.69472,100.689,140.5696,134.87804,78.74215,126.67437,121.12395,115.66171,114.57817,96.35477,71.07068,100.69638,88.52299,117.40684,107.40973,88.70347,82.33654,158.69946,106.00621,108.85559,117.47208,145.76303,137.31476,79.95279,87.32252,123.0033,113.98464,106.0732,87.38214,129.41734,64.13892,0.0,118.75126,93.1484,67.64246,131.2332,92.75544,146.36847,127.75238,101.00362,63.53316,104.26904,148.36464,110.38044,102.1655,79.1,114.89963,126.70575,104.11832,94.27701,105.26369,97.74202,108.68393,101.08437,116.72427,136.19418,52.51959,123.83718,139.48845,74.68267,60.38768,84.99683,107.097,96.97179,121.48696,51.41588,109.61208,109.27929,70.58435,79.81155,89.54738,72.59495,116.16048,127.08377,152.97183,99.19811,108.64523,127.70586,88.1079,89.63725,84.10303,129.71677,124.79746,131.86143,140.16594,83.6693,96.00878,102.17001,36.42438,76.60933,136.74698,112.93498,74.69581,176.85681,89.93661,109.07256,125.39816,2
73.71782,95.14362,92.56791,149.39194,141.87918,96.98236,91.41476,109.14687,107.73252,92.55259,80.59652,87.94453,96.66476,119.56866,92.13221,82.4944,97.15247,111.77238,62.67162,87.58661,112.1355,136.48154,115.50082,54.24748,37.42426,118.6895,73.03138,100.27573,120.60365,123.28289,78.38313,84.83774,111.72746,85.658,118.75126,0.0,119.59285,132.43123,68.16422,86.3322,100.64804,121.7138,136.04787,113.41319,85.21671,119.74159,115.46878,113.56694,104.25661,119.25002,101.27425,80.0926,102.20661,100.26608,132.85558,92.35886,121.3659,72.0575,137.80193,94.35198,117.2631,120.18468,93.10881,110.7621,107.16373,119.48601,61.14093,143.5565,111.14276,102.3552,104.44094,87.48878,85.06536,97.05904,78.66674,102.17056,65.94781,163.03732,113.22601,100.03345,114.93502,91.58083,128.31201,98.66673,113.51656,143.43236,97.16933,102.18916,124.67794,124.84122,80.60128,98.14027,60.25943,115.86768,45.51318,70.80822,114.91943,98.97929,136.17955,116.10354,1
120.30286,119.67044,95.66786,113.60791,134.3855,101.73918,136.29457,75.27856,144.81274,135.85657,130.15475,112.79604,101.67471,70.05326,99.13282,137.36992,70.50957,103.93983,116.78624,118.36609,107.20374,81.88377,108.04701,84.27248,150.7204,141.24783,109.71665,96.78798,115.55298,76.92278,83.93275,134.90569,145.52354,93.63312,93.1484,119.59285,0.0,99.99207,139.8485,145.67621,160.61601,150.84502,128.80869,76.67626,91.67801,167.15521,146.98351,69.52657,94.2631,89.02625,138.20549,75.66216,75.13111,120.85302,78.59705,103.66307,116.40935,118.79105,120.32641,79.8129,126.75706,127.2291,108.03749,99.98039,96.2429,52.85518,121.71169,126.67406,95.04258,123.74713,117.17891,102.37665,71.27214,135.98778,104.63628,150.66728,128.68381,155.07816,129.05774,102.96538,90.10209,121.81622,51.05334,107.72791,79.31391,146.09267,112.57467,120.40463,107.36569,101.34898,115.54829,81.55035,86.48167,125.12207,103.62437,120.49422,148.34045,85.01036,96.84945,140.47131,2
93.11112,102.21581,106.06064,107.47111,77.35117,132.46201,116.50272,83.14659,146.30984,93.79192,157.38362,86.71574,68.13146,75.41663,98.68591,101.12831,107.89503,128.43633,95.12838,130.31708,142.65726,59.1056,128.51656,132.78369,156.79793,123.59856,97.22317,67.40623,102.50208,112.55623,130.79382,99.24944,124.5687,93.31753,67.64246,132.43123,99.99207,0.0,147.52783,105.28367,164.33821,128.27885,105.31342,95.04343,118.53316,134.90175,105.46881,113.8225,94.2992,110.21342,117.59777,116.61143,78.8653,67.07116,105.17467,127.28152,106.61903,119.38723,135.43738,70.3488,133.57912,134.44267,87.23087,72.58862,78.19034,118.88815,126.27676,128.63377,87.58978,82.92285,114.78798,64.66912,117.69559,101.15341,100.97765,145.25533,117.03461,107.79932,104.5184,132.17796,107.52392,95.52536,71.86179,79.34111,129.22562,94.23534,148.01143,141.68024,78.01184,92.70828,79.24164,68.31635,84.34832,129.32002,125.36941,98.43596,170.77052,88.9023,76.65204,133.35048,2
87.18164,88.52569,108.40314,127.17567,133.22049,109.352,85.91711,118.3041,92.69382,116.49913,74.60427,100.08645,99.20702,110.59287,113.57964,74.0599,114.3813,84.85681,97.42935,77.08528,117.02721,151.78728,76.13158,75.62616,73.67786,119.09039,63.68614,103.95864,99.84728,120.28811,85.32301,76.35818,78.94125,98.47574,131.2332,68.16422,139.8485,147.52783,0.0,77.77138,49.84605,117.69806,111.2849,107.56599,87.7738,80.43668,92.4673,104.02884,95.19129,114.72139,101.93117,89.97043,114.58109,116.26721,113.44286,91.80691,116.3804,97.92889,101.50156,115.3572,86.7412,77.96807,122.19914,119.73609,133.05922,115.03158,56.80656,114.82101,123.28973,120.55025,93.11398,114.66149,96.17021,91.58458,72.48589,59.08652,87.44836,156.39427,102.41902,79.06361,124.76832,82.75564,141.07593,110.13567,103.00013,126.29663,59.51882,68.26073,118.18401,112.771,95.6995,126.66359,71.7487,107.16888,77.4305,86.41006,82.28423,102.55107,137.34589,68.21146,1
75.72653,76.04953,106.55369,115.68798,90.21014,131.63438,97.91837,115.96723,96.72069,95.58257,101.74384,94.42512,79.6754,105.66503,107.07964,24.04966,125.1593,110.23714,62.11547,82.54768,151.09586,134.34241,105.06836,112.16618,94.56174,104.07027,51.97852,83.18154,108.75153,130.96744,118.59113,38.07042,75.88405,86.27665,92.75544,86.3322,145.67621,105.28367,77.77138,0.0,86.81769,97.50283,93.21867,102.23206,110.33187,80.93449,56.84866,126.31653,87.71867,129.94305,101.66008,114.85929,113.41866,84.11172,123.69041,99.28204,106.09752,89.0027,133.46973,84.75209,105.47632,113.22521,82.17273,84.8289,100.78681,139.40359,62.71836,116.67603,96.45362,98.40586,85.46539,74.55746,108.71211,58.16115,63.02725,77.49073,95.38525,137.31294,83.18227,105.55481,133.40776,58.20703,133.07986,78.19838,134.52373,97.34158,112.04899,111.41116,89.43274,102.96684,75.18198,92.80094,67.51029,117.39931,101.51973,44.33604,138.70076,92.98839,122.96631,86.44958,1
114.3466,92.83902,120.16152,117.13687,129.02841,128.58954,122.09087,148.81065,82.52579,150.70758,88.21634,132.36488,111.20871,127.05588,133.11783,91.44349,126.60894,96.613,109.24142,97.98891,140.31593,167.06537,85.3435,102.48254,96.70815,104.60598,86.72224,115.86488,115.7358,127.11189,122.11168,94.96685,62.64811,123.66511,146.36847,100.64804,160.61601,164.33821,49.84605,86.81769,0.0,107.67842,106.50373,116.52515,116.95899,81.45436,85.24121,123.33392,100.10319,135.5421,131.70158,117.45507,142.81721,135.51865,123.00015,87.18874,134.16534,104.50622,121.91057,124.85858,87.05527,91.44099,127.03171,127.34468,137.2309,133.51556,70.79519,99.39553,134.47156,152.70213,77.13229,130.43289,115.03775,110.87119,90.61127,84.28317,127.21151,164.5672,113.49194,83.10476,138.76862,91.56504,157.18423,117.89529,111.88537,123.65701,66.52797,78.50802,119.31549,112.17088,120.26991,143.59258,97.79388,119.36638,118.68459,96.51334,96.64983,106.31368,143.38243,64.68629,2
