Vértice,Adjacentes,Grau (Ponderado),Soma dos Pesos das Arestas,Peso Médio das Arestas,Desvio Padrão dos Pesos,Peso Máximo das Arestas,Peso Mínimo das Arestas,Densidade Local,Conjuntos
0,1(6.32844); 2(5.74028); 3(8.7164); 4(7.93821); 5(4.52774); 6(1.82626); 7(1.15614); 8(4.99723); 9(8.68395); 10(0.21755); 11(2.58791); 12(1.07415); 13(8.63207); 14(7.06975); 15(5.76047); 16(5.0925); 17(3.53565); 18(5.30396); 19(4.99352); 20(5.85389); 21(5.81343); 22(1.45358); 23(2.78112); 24(2.25368); 25(4.77094); 26(7.44132); 27(5.86418); 28(4.12941); 29(8.76531); 30(3.74226); 31(6.41111); 32(4.04092); 33(4.25606); 34(1.12454); 35(2.79238); 36(1.1348); 37(3.19519); 38(3.17365); 39(0.1582); 40(6.66667); 41(8.88654); 42(1.85553); 43(5.71702); 44(0.27085); 45(2.07345); 46(3.41491); 47(2.90824); 48(0.09578); 49(1.6848); 50(1.12765); 51(8.76875); 52(2.54207); 53(8.19772); 54(5.63123); 55(8.3055); 56(5.1098); 57(1.63695); 58(4.23564); 59(6.30361); 60(7.67985); 61(7.26549); 62(0.16665); 63(3.62449); 64(7.09188); 65(1.65106); 66(6.87023); 67(5.60979); 68(2.61994); 69(6.77653); 70(5.42831); 71(3.49527); 72(8.43553); 73(3.13208); 74(7.61834); 75(2.18135); 76(1.89737); 77(3.5164); 78(3.3696); 79(2.20002); 80(8.96169); 81(0.68064); 82(8.83329); 83(5.74557); 84(1.37834); 85(2.3179); 86(1.67241); 87(5.77217); 88(7.38455); 89(3.61454); 90(3.07248); 91(1.54802); 92(0.15211); 93(8.34625); 94(0.04088); 95(2.95613); 96(6.46666); 97(7.9184); 98(7.04218); 99(8.10858); 100(2.26263); 101(5.52156); 102(1.80528); 103(1.95649); 104(5.15813); 105(7.5541); 106(4.20953); 107(3.65426); 108(3.30515); 109(2.25435); 110(0.0225); 111(8.86329); 112(1.16831); 113(5.50475); 114(6.55095); 115(3.45785); 116(8.66872); 117(6.01662); 118(7.71061); 119(7.1779); 120(6.20583); 121(4.694); 122(0.44387); 123(5.58485); 124(5.94104); 125(6.40766); 126(0.68422); 127(2.11003); 128(7.73804); 129(5.0851); 130(2.99681); 131(5.76894); 132(8.77041); 133(2.99692); 134(7.19018); 135(5.57212); 136(0.57885); 137(6.74168); 138(6.71484); 139(4.24491); 140(4.01075); 141(0.81045); 142(6.82261); 143(2.44493); 144(7.84215); 145(5.71892); 146(0.07887); 147(0.80048); 148(4.23862); 149(2.04356); 150(4.99744); 151(1.19449); 152(8.47462); 153(0.53304); 154(8.98256); 155(2.96505); 156(5.55182); 157(4.7021); 158(5.09955); 159(2.41946); 160(8.90247); 161(2.49728); 162(2.84952); 163(7.52345); 164(1.82842); 165(6.70205); 166(3.45303); 167(3.18401); 168(3.64446); 169(4.44282); 170(4.68991); 171(5.32302); 172(4.55701); 173(3.54185); 174(3.50876); 175(3.37339); 176(6.00598); 177(2.1675); 178(4.48661); 179(0.452); 180(8.81687); 181(2.30284); 182(4.30722); 183(5.43975); 184(4.56025); 185(6.58559); 186(0.24556); 187(6.36324); 188(2.14215); 189(0.45134); 190(4.10964); 191(4.65678); 192(1.21185); 193(6.42036); 194(2.70549); 195(5.97728); 196(2.38731); 197(2.99149); 198(5.4009); 199(4.70685); 200(4.13847); 201(7.47098); 202(0.27727); 203(2.1778); 204(7.39156); 205(1.84516); 206(7.11901); 207(3.89466); 208(3.98256); 209(7.42283); 210(0.90199); 211(2.72906); 212(1.8066); 213(2.87647); 214(5.07266); 215(2.25504); 216(8.851); 217(8.63443); 218(4.49211); 219(5.98211); 220(8.43121); 221(0.7315); 222(4.13392); 223(7.90526); 224(5.22273); 225(0.30031); 226(8.88617); 227(4.3334); 228(3.73537); 229(0.19225); 230(4.53292); 231(5.61148); 232(4.8154); 233(3.57172); 234(5.0227); 235(0.57539); 236(4.70921); 237(0.22024); 238(0.12577); 239(0.2692); 240(4.22781); 241(8.50895); 242(4.80406); 243(3.37318); 244(7.72226); 245(7.07192); 246(1.27785); 247(7.83868); 248(6.92448); 249(2.22865); 250(4.5039); 251(7.02434); 252(7.77208); 253(1.70056); 254(1.06796); 255(6.09848); 256(1.89065); 257(0.71637); 258(7.25835); 259(2.27173); 260(6.8008); 261(6.91746); 262(4.99073); 263(6.95978); 264(6.16921); 265(5.89612); 266(3.80849); 267(5.22593); 268(1.43253); 269(4.69901); 270(2.44753); 271(3.77995); 272(5.48719); 273(7.99819); 274(6.2658); 275(3.3427); 276(4.85291); 277(8.10716); 278(5.06674); 279(5.17249); 280(0.95026); 281(5.88041); 282(3.467); 283(7.99924); 284(7.43677); 285(1.83348); 286(8.73958); 287(7.93088); 288(3.86341); 289(8.5187); 290(0.89545); 291(8.0898); 292(5.65462); 293(0.49915); 294(6.71216); 295(6.07852); 296(6.89123); 297(7.67631); 298(5.94255); 299(6.67237),1349.43767,1349.43767,4.513169464882943,2.553488607700041,8.98256,0.0225,0.42294138998226627,1
1,0(6.32844); 2(8.83174); 3(7.481); 4(6.2738); 5(6.43713); 6(3.26978); 7(8.47078); 8(8.03825); 9(5.97069); 10(1.7698); 11(8.71699); 12(2.6437); 13(5.64615); 14(6.32545); 15(1.13041); 16(0.82006); 17(6.17662); 18(4.51587); 19(7.05878); 20(8.41456); 21(2.27677); 22(1.66245); 23(0.09445); 24(4.93835); 25(2.64265); 26(8.56474); 27(0.88016); 28(6.08162); 29(8.47848); 30(1.85287); 31(8.49062); 32(6.69452); 33(1.59102); 34(2.30228); 35(3.5401); 36(2.60575); 37(3.30199); 38(1.05549); 39(4.22226); 40(1.4297); 41(7.78118); 42(5.48842); 43(3.40548); 44(8.29056); 45(0.85969); 46(8.78653); 47(7.4438); 48(3.00827); 49(7.34805); 50(2.64169); 51(6.29959); 52(8.94903); 53(8.50803); 54(0.77953); 55(0.32649); 56(7.45925); 57(4.05981); 58(8.71996); 59(4.87014); 60(0.07126); 61(4.59479); 62(5.99628); 63(7.61295); 64(3.04014); 65(1.32598); 66(3.65675); 67(8.71552); 68(7.40335); 69(6.83082); 70(4.67646); 71(1.0451); 72(0.20629); 73(7.28573); 74(5.32975); 75(6.14116); 76(8.43962); 77(0.26186); 78(3.86859); 79(6.13326); 80(4.18233); 81(1.43442); 82(4.52953); 83(6.40034); 84(1.90131); 85(2.21444); 86(5.51594); 87(8.98045); 88(2.51757); 89(4.28533); 90(4.76327); 91(3.0762); 92(8.62997); 93(1.22629); 94(6.4485); 95(0.0656); 96(8.29948); 97(6.63866); 98(2.44513); 99(6.75447); 100(3.40706); 101(6.51237); 102(7.08362); 103(1.81699); 104(5.68555); 105(8.38791); 106(0.21485); 107(0.6332); 108(0.93697); 109(5.83396); 110(4.10628); 111(5.08973); 112(5.13409); 113(6.46974); 114(6.7203); 115(8.50024); 116(1.57445); 117(1.25987); 118(1.02452); 119(8.31912); 120(7.85266); 121(6.53423); 122(5.90901); 123(2.72754); 124(3.35459); 125(4.37926); 126(2.00507); 127(8.50773); 128(7.89603); 129(0.51994); 130(3.87772); 131(5.26635); 132(0.95923); 133(8.86938); 134(3.34432); 135(7.28775); 136(2.96272); 137(5.91825); 138(1.09197); 139(2.74562); 140(4.15841); 141(4.37162); 142(6.88542); 143(5.77015); 144(8.29495); 145(3.7823); 146(8.42694); 147(2.95085); 148(8.98017); 149(6.48842); 150(4.60904); 151(8.46095); 152(5.07483); 153(6.75974); 154(7.63341); 155(0.25623); 156(4.67275); 157(4.21103); 158(1.02946); 159(8.48456); 160(2.11852); 161(1.80951); 162(2.52745); 163(8.61893); 164(5.96107); 165(4.09693); 166(3.06075); 167(2.36842); 168(5.8056); 169(2.64242); 170(6.87329); 171(5.45748); 172(8.25503); 173(3.49465); 174(8.88979); 175(5.50128); 176(2.61709); 177(8.25274); 178(1.10006); 179(2.46491); 180(5.98879); 181(4.80749); 182(8.96798); 183(6.31874); 184(0.8783); 185(5.97184); 186(5.1502); 187(8.2326); 188(2.1383); 189(1.92162); 190(2.53446); 191(0.32601); 192(5.04018); 193(4.76565); 194(8.61793); 195(8.87975); 196(5.52562); 197(0.28304); 198(5.77271); 199(4.68293); 200(3.75556); 201(1.78335); 202(2.06854); 203(0.96916); 204(4.30777); 205(4.91901); 206(4.7153); 207(4.25448); 208(1.42925); 209(0.26845); 210(1.80057); 211(0.33421); 212(8.57025); 213(1.15473); 214(5.45201); 215(7.19878); 216(6.63318); 217(0.4017); 218(3.71383); 219(8.11152); 220(8.85838); 221(0.81693); 222(0.94139); 223(2.83785); 224(7.46981); 225(7.48254); 226(3.8239); 227(4.98266); 228(2.6213); 229(4.5806); 230(1.05655); 231(4.7953); 232(6.25127); 233(7.33158); 234(0.0612); 235(6.41168); 236(7.16375); 237(2.88976); 238(3.99134); 239(6.96791); 240(1.58667); 241(7.9771); 242(2.51757); 243(7.53137); 244(8.3258); 245(0.77612); 246(4.69856); 247(4.76366); 248(5.31098); 249(1.32932); 250(1.48575); 251(5.1894); 252(1.75842); 253(6.56094); 254(0.69079); 255(1.89662); 256(2.84861); 257(3.75948); 258(0.04828); 259(8.30672); 260(7.58833); 261(7.01309); 262(6.8788); 263(0.83658); 264(4.79815); 265(2.42568); 266(5.50073); 267(8.41045); 268(0.4329); 269(0.36258); 270(5.89799); 271(0.8033); 272(1.47802); 273(3.07961); 274(4.11067); 275(3.59335); 276(2.30076); 277(1.54154); 278(8.51153); 279(1.4128); 280(6.58177); 281(8.76449); 282(6.41434); 283(4.93347); 284(6.47557); 285(7.41204); 286(8.60268); 287(4.68693); 288(2.84247); 289(3.10244); 290(0.64128); 291(6.94655); 292(0.42406); 293(1.90092); 294(7.85971); 295(0.96106); 296(2.78023); 297(8.41192); 298(6.29112); 299(7.05934),1376.3469,1376.3469,4.603166889632107,2.7196235873674213,8.98045,0.04828,0.42517171772231005,1
2,0(5.74028); 1(8.83174); 3(8.21115); 4(6.61134); 5(0.4713); 6(4.29064); 7(5.34754); 8(3.20156); 9(6.33235); 10(0.86033); 11(8.21518); 12(1.56718); 13(3.95609); 14(2.06154); 15(1.34332); 16(4.41191); 17(1.83356); 18(1.93506); 19(5.99892); 20(8.44359); 21(3.63675); 22(2.86048); 23(3.11527); 24(0.76233); 25(1.58715); 26(3.1064); 27(2.37326); 28(4.79916); 29(1.75664); 30(4.79125); 31(4.72748); 32(6.14425); 33(7.38745); 34(6.33329); 35(6.1962); 36(0.97645); 37(1.28564); 38(8.08541); 39(5.8398); 40(0.76041); 41(3.21451); 42(0.16454); 43(0.7077); 44(2.57521); 45(0.58279); 46(8.51556); 47(1.26054); 48(8.72672); 49(6.28533); 50(7.78483); 51(5.39443); 52(8.7711); 53(4.57938); 54(0.12681); 55(4.08083); 56(7.40065); 57(1.90047); 58(0.41639); 59(8.18539); 60(5.32237); 61(8.54971); 62(1.81804); 63(3.05371); 64(8.22972); 65(4.54731); 66(5.30597); 67(8.242); 68(3.56168); 69(3.77193); 70(2.0623); 71(3.75502); 72(6.48287); 73(2.04388); 74(0.24063); 75(5.72179); 76(5.56343); 77(0.08741); 78(2.30742); 79(2.2864); 80(2.44996); 81(0.48821); 82(0.91251); 83(6.69792); 84(8.90471); 85(5.40717); 86(6.15724); 87(3.56665); 88(5.04493); 89(8.68583); 90(4.41306); 91(4.69987); 92(4.51921); 93(2.8046); 94(2.40368); 95(2.51569); 96(0.54353); 97(0.84475); 98(8.36106); 99(3.62694); 100(0.188); 101(3.57293); 102(1.11761); 103(0.53357); 104(1.13262); 105(5.42323); 106(4.22668); 107(7.49546); 108(2.93155); 109(5.38846); 110(5.58742); 111(4.46138); 112(5.74697); 113(2.2838); 114(3.98928); 115(7.30428); 116(1.6273); 117(5.48726); 118(7.81645); 119(1.07272); 120(8.83737); 121(0.48203); 122(6.65638); 123(3.84477); 124(2.12425); 125(4.13475); 126(4.26751); 127(2.77242); 128(8.69152); 129(5.30728); 130(8.56436); 131(0.05043); 132(8.02505); 133(5.86313); 134(3.91972); 135(6.52143); 136(8.60822); 137(6.03512); 138(8.95371); 139(7.26855); 140(1.5891); 141(0.86579); 142(3.12577); 143(7.8756); 144(5.44049); 145(0.22538); 146(4.22074); 147(7.20796); 148(4.50579); 149(6.57); 150(2.72306); 151(4.97971); 152(5.70049); 153(3.12713); 154(2.68515); 155(5.55328); 156(2.86327); 157(6.86006); 158(4.33948); 159(8.97572); 160(7.44093); 161(8.90016); 162(6.8507); 163(5.58514); 164(0.59159); 165(8.24141); 166(4.41023); 167(4.31083); 168(2.73935); 169(1.28184); 170(0.74173); 171(6.29894); 172(5.87547); 173(6.34618); 174(4.73487); 175(5.61207); 176(7.71765); 177(5.41637); 178(2.52514); 179(4.56088); 180(1.55891); 181(1.87133); 182(0.14433); 183(4.54902); 184(4.43209); 185(0.58228); 186(5.75446); 187(7.3679); 188(2.36603); 189(6.25137); 190(1.32267); 191(5.09753); 192(7.88804); 193(1.16818); 194(8.93484); 195(4.1563); 196(4.89133); 197(4.059); 198(6.94405); 199(6.08163); 200(1.79438); 201(2.94132); 202(3.61297); 203(7.34747); 204(7.93008); 205(6.70026); 206(5.42723); 207(1.9662); 208(2.25916); 209(0.09972); 210(0.84217); 211(2.159); 212(2.92607); 213(1.04221); 214(5.99853); 215(1.60827); 216(5.86415); 217(2.48723); 218(0.50004); 219(6.18829); 220(2.00356); 221(4.33167); 222(6.1788); 223(8.6637); 224(1.47549); 225(5.49171); 226(8.66736); 227(1.78233); 228(8.85797); 229(6.03006); 230(1.92748); 231(6.33468); 232(0.36648); 233(3.55128); 234(6.68359); 235(8.56394); 236(8.18156); 237(5.99303); 238(1.24714); 239(2.25492); 240(5.21481); 241(3.81913); 242(4.00781); 243(6.81604); 244(4.98891); 245(2.00109); 246(4.70681); 247(1.83127); 248(8.86776); 249(5.28619); 250(3.01784); 251(3.06167); 252(6.51406); 253(2.61807); 254(4.86155); 255(8.11781); 256(2.13916); 257(5.65397); 258(6.71104); 259(1.82783); 260(1.01047); 261(4.95392); 262(7.63902); 263(3.42766); 264(6.16331); 265(0.54241); 266(2.41685); 267(4.85529); 268(7.3968); 269(0.27094); 270(2.13986); 271(5.19332); 272(1.04366); 273(3.7894); 274(1.60265); 275(5.1831); 276(1.87702); 277(8.79625); 278(3.38052); 279(4.17648); 280(6.54609); 281(8.41367); 282(5.83455); 283(4.77208); 284(3.60208); 285(7.2726); 286(1.46295); 287(7.85105); 288(0.91439); 289(1.79527); 290(8.60697); 291(8.67495); 292(1.58503); 293(3.62773); 294(7.81057); 295(2.57492); 296(2.10432); 297(7.87171); 298(7.2776); 299(3.40752),1314.42495,1314.42495,4.396070066889632,2.5917265915656995,8.97572,0.05043,0.41506198403969324,1
3,0(8.7164); 1(7.481); 2(8.21115); 4(3.59772); 5(0.46918); 6(6.29637); 7(1.86956); 8(6.03087); 9(0.09601); 10(6.96235); 11(3.17295); 12(1.81318); 13(8.00493); 14(7.75535); 15(0.67371); 16(8.17836); 17(3.33921); 18(0.78298); 19(0.3891); 20(5.6616); 21(2.48059); 22(5.69537); 23(6.53188); 24(5.20408); 25(4.05515); 26(6.77455); 27(6.47359); 28(4.0864); 29(7.09953); 30(5.21942); 31(2.36562); 32(0.05684); 33(3.61946); 34(5.90219); 35(3.11475); 36(2.96426); 37(1.35776); 38(5.56614); 39(6.18325); 40(1.03168); 41(5.53623); 42(2.54576); 43(1.96086); 44(4.79864); 45(1.58952); 46(5.25957); 47(7.36215); 48(5.99833); 49(3.93205); 50(5.8975); 51(2.80804); 52(3.89022); 53(8.48669); 54(0.53089); 55(6.76678); 56(0.38496); 57(7.40265); 58(2.17566); 59(6.72761); 60(6.83101); 61(8.60227); 62(4.61665); 63(3.5985); 64(5.40447); 65(3.02603); 66(0.40786); 67(3.2046); 68(5.92051); 69(1.55459); 70(0.10561); 71(1.35042); 72(1.64096); 73(8.21285); 74(4.15105); 75(6.05662); 76(2.92124); 77(8.5593); 78(8.85525); 79(0.5947); 80(6.15284); 81(8.61256); 82(2.05156); 83(5.63329); 84(2.00199); 85(7.49976); 86(3.50836); 87(7.57833); 88(6.76982); 89(3.42258); 90(7.89142); 91(1.7846); 92(5.26204); 93(6.65792); 94(7.94228); 95(2.1221); 96(1.44538); 97(2.83407); 98(3.41606); 99(0.96699); 100(4.79207); 101(5.23214); 102(2.08196); 103(0.57902); 104(3.32935); 105(2.1545); 106(7.69717); 107(4.35071); 108(6.45888); 109(0.17299); 110(3.56562); 111(1.59198); 112(7.49617); 113(0.96224); 114(7.01283); 115(7.01227); 116(5.42814); 117(8.83446); 118(4.38139); 119(2.42847); 120(2.72069); 121(0.93279); 122(4.455); 123(4.34173); 124(3.41545); 125(8.18766); 126(5.43893); 127(1.40329); 128(0.84848); 129(0.41546); 130(7.91243); 131(5.95589); 132(1.15203); 133(5.72056); 134(5.61577); 135(6.10363); 136(7.88916); 137(7.3444); 138(0.55235); 139(2.93353); 140(0.53848); 141(1.38285); 142(0.29937); 143(0.41279); 144(5.65191); 145(8.39903); 146(3.99805); 147(2.30566); 148(2.69519); 149(7.37725); 150(8.67556); 151(3.23026); 152(7.29993); 153(8.99165); 154(3.53098); 155(3.82089); 156(6.42785); 157(1.22108); 158(6.69533); 159(1.49771); 160(1.52319); 161(8.01368); 162(0.41117); 163(6.55501); 164(8.16769); 165(3.98618); 166(2.46038); 167(5.26871); 168(4.91273); 169(2.65621); 170(5.36322); 171(6.73196); 172(7.46004); 173(5.18702); 174(7.65235); 175(6.01838); 176(8.81899); 177(4.00906); 178(6.60895); 179(5.55992); 180(3.23942); 181(3.99117); 182(4.28218); 183(1.60502); 184(6.60405); 185(5.80059); 186(0.85523); 187(8.14243); 188(2.42119); 189(5.2531); 190(5.71503); 191(4.55541); 192(4.93963); 193(2.6522); 194(3.09658); 195(0.74804); 196(7.1246); 197(4.22461); 198(2.59757); 199(1.7599); 200(6.58392); 201(5.08082); 202(6.32151); 203(8.19069); 204(5.54479); 205(4.26678); 206(3.83059); 207(4.22465); 208(6.81675); 209(3.50764); 210(8.02345); 211(7.12218); 212(4.77916); 213(2.54755); 214(3.1739); 215(7.57319); 216(1.26228); 217(8.01413); 218(4.44919); 219(3.35742); 220(2.13596); 221(0.57503); 222(1.62844); 223(3.9523); 224(0.09674); 225(8.38257); 226(1.96609); 227(7.86975); 228(6.22758); 229(6.07803); 230(1.11275); 231(6.4337); 232(5.11822); 233(0.79835); 234(4.60387); 235(0.07252); 236(1.43805); 237(7.89516); 238(8.26966); 239(0.76001); 240(3.63); 241(3.29912); 242(8.98847); 243(3.25529); 244(4.45089); 245(0.73434); 246(4.74104); 247(5.80103); 248(2.852); 249(3.28434); 250(8.8059); 251(3.12855); 252(7.27313); 253(2.9291); 254(4.40081); 255(3.03921); 256(7.60371); 257(7.99197); 258(2.74144); 259(6.35703); 260(1.66589); 261(5.39143); 262(8.31618); 263(4.79945); 264(0.39164); 265(3.61465); 266(8.16969); 267(5.03513); 268(6.03002); 269(0.61387); 270(5.76958); 271(2.97024); 272(1.57125); 273(3.43509); 274(1.99991); 275(4.94287); 276(1.35468); 277(3.03717); 278(5.57016); 279(5.29201); 280(1.3954); 281(0.67013); 282(1.71109); 283(8.02737); 284(2.4638); 285(0.66414); 286(7.92911); 287(0.7279); 288(1.00917); 289(4.06221); 290(4.05523); 291(0.30573); 292(1.37469); 293(3.27662); 294(3.42244); 295(0.88868); 296(4.12275); 297(2.04357); 298(6.44362); 299(2.395),1291.18554,1291.18554,4.318346287625418,2.5506154866653894,8.99165,0.05684,0.40981612438244447,1
4,0(7.93821); 1(6.2738); 2(6.61134); 3(3.59772); 5(4.05422); 6(5.88805); 7(4.70408); 8(7.02624); 9(1.9936); 10(2.7532); 11(5.34715); 12(8.92765); 13(6.17423); 14(5.29049); 15(5.10424); 16(6.98719); 17(2.1468); 18(2.98943); 19(5.25878); 20(0.79459); 21(6.59893); 22(8.52821); 23(4.87618); 24(0.80983); 25(2.38409); 26(4.8074); 27(1.73626); 28(7.3558); 29(6.36668); 30(8.90673); 31(1.77959); 32(7.73412); 33(6.7998); 34(2.52788); 35(3.39474); 36(3.38754); 37(3.8735); 38(8.93998); 39(4.2408); 40(1.02578); 41(0.57027); 42(6.54704); 43(3.49457); 44(8.86807); 45(1.69852); 46(8.36581); 47(4.63752); 48(8.60472); 49(1.43939); 50(2.91872); 51(3.11826); 52(2.50982); 53(5.50062); 54(6.16498); 55(7.55964); 56(8.32194); 57(6.6257); 58(0.03174); 59(7.92896); 60(2.89873); 61(2.21187); 62(2.07625); 63(7.00908); 64(7.51021); 65(1.59272); 66(7.04195); 67(5.54325); 68(2.17453); 69(1.15478); 70(3.59295); 71(8.05664); 72(7.51553); 73(6.69502); 74(7.29132); 75(4.76417); 76(0.65118); 77(6.59395); 78(0.97046); 79(8.79298); 80(0.43811); 81(6.51082); 82(5.27929); 83(1.69867); 84(5.60157); 85(0.20895); 86(7.95893); 87(3.21508); 88(2.15905); 89(4.56779); 90(1.44001); 91(0.03754); 92(5.38597); 93(7.24031); 94(3.51025); 95(1.38874); 96(5.72105); 97(7.75579); 98(7.69612); 99(7.77187); 100(4.08559); 101(0.00916); 102(8.57391); 103(8.96241); 104(8.63618); 105(6.92007); 106(1.02881); 107(1.91842); 108(0.00923); 109(1.96203); 110(3.92811); 111(3.08299); 112(5.59594); 113(2.04336); 114(8.25018); 115(7.18935); 116(0.93653); 117(8.15741); 118(2.3375); 119(7.29431); 120(3.65502); 121(7.35183); 122(8.43056); 123(1.2689); 124(2.30621); 125(2.04186); 126(5.11218); 127(0.47447); 128(5.88752); 129(5.47223); 130(3.39336); 131(5.27713); 132(4.55574); 133(0.09954); 134(3.49402); 135(0.06715); 136(3.7798); 137(7.01854); 138(1.09024); 139(8.05786); 140(5.97171); 141(6.21909); 142(6.27955); 143(1.27863); 144(3.56114); 145(0.56112); 146(1.2319); 147(3.23331); 148(7.95382); 149(7.9664); 150(2.08464); 151(0.28928); 152(6.76959); 153(6.68918); 154(8.17895); 155(8.01985); 156(0.56548); 157(3.24504); 158(6.76634); 159(3.34715); 160(3.55379); 161(3.26708); 162(6.71739); 163(6.16496); 164(5.41383); 165(6.83415); 166(1.03231); 167(7.82063); 168(3.30295); 169(0.58086); 170(2.50447); 171(3.12469); 172(3.51799); 173(2.02387); 174(1.46536); 175(2.11008); 176(4.30921); 177(7.31386); 178(6.05381); 179(5.85508); 180(2.5492); 181(8.68993); 182(1.79854); 183(4.59689); 184(1.19305); 185(8.72514); 186(5.57871); 187(7.43404); 188(2.75304); 189(2.81555); 190(5.73856); 191(2.76366); 192(4.17297); 193(1.2123); 194(3.24531); 195(6.57578); 196(5.54203); 197(2.26765); 198(8.91553); 199(1.18532); 200(4.69567); 201(0.00887); 202(8.93083); 203(7.48146); 204(1.02986); 205(3.66837); 206(1.94462); 207(5.1389); 208(1.93994); 209(3.13154); 210(7.48947); 211(6.98867); 212(8.01128); 213(3.70605); 214(2.98027); 215(6.95146); 216(1.21901); 217(2.78587); 218(8.70397); 219(1.10892); 220(4.15784); 221(3.30612); 222(6.21579); 223(2.91096); 224(7.7471); 225(7.41313); 226(2.84488); 227(1.70652); 228(5.50623); 229(1.21851); 230(8.27418); 231(0.03176); 232(7.04685); 233(0.4844); 234(6.50843); 235(6.63782); 236(1.8448); 237(5.31542); 238(5.93524); 239(6.31435); 240(7.19328); 241(3.27142); 242(2.74536); 243(1.09411); 244(1.22369); 245(2.55172); 246(6.9039); 247(6.88365); 248(7.70859); 249(7.43099); 250(5.89449); 251(7.57928); 252(7.82924); 253(2.86486); 254(0.58387); 255(5.09958); 256(2.37455); 257(3.24237); 258(8.35761); 259(1.33998); 260(2.63826); 261(4.19929); 262(7.93022); 263(2.9104); 264(2.09226); 265(3.02517); 266(6.08068); 267(0.40364); 268(5.61146); 269(8.76468); 270(3.12029); 271(8.31722); 272(2.23401); 273(4.94023); 274(5.15857); 275(6.79146); 276(3.95124); 277(3.98815); 278(8.29051); 279(8.54595); 280(3.14212); 281(0.61612); 282(2.63917); 283(6.71741); 284(4.7413); 285(0.07157); 286(7.18417); 287(6.72322); 288(8.27288); 289(8.66757); 290(1.8861); 291(6.62536); 292(8.52919); 293(0.29499); 294(5.66408); 295(2.42807); 296(7.88132); 297(5.79959); 298(4.64571); 299(6.74872),1371.03226,1371.03226,4.585392173913044,2.652246476803771,8.96241,0.00887,0.42467432185572,1
5,0(4.52774); 1(6.43713); 2(0.4713); 3(0.46918); 4(4.05422); 6(5.47329); 7(0.04755); 8(6.53975); 9(1.77129); 10(0.78084); 11(6.42027); 12(0.83392); 13(1.24872); 14(3.30997); 15(2.18471); 16(6.90994); 17(7.00291); 18(1.35552); 19(8.10268); 20(5.40705); 21(6.6017); 22(4.51254); 23(4.04898); 24(8.63563); 25(1.26343); 26(0.05386); 27(5.9264); 28(5.32958); 29(8.27885); 30(1.81016); 31(6.87905); 32(4.101); 33(1.53028); 34(1.85813); 35(0.98248); 36(7.64861); 37(3.68335); 38(3.16831); 39(3.75863); 40(2.17773); 41(4.05454); 42(3.73254); 43(6.92306); 44(6.36549); 45(8.36014); 46(8.22714); 47(5.69684); 48(0.43289); 49(5.94329); 50(0.55306); 51(1.38376); 52(8.71185); 53(1.44591); 54(0.09815); 55(4.74053); 56(7.9499); 57(7.96754); 58(2.52298); 59(5.81354); 60(4.10467); 61(5.76581); 62(1.07545); 63(7.48912); 64(8.62147); 65(1.86158); 66(2.25393); 67(8.00907); 68(7.72704); 69(3.28321); 70(5.07675); 71(2.80197); 72(3.08766); 73(7.55272); 74(4.30187); 75(7.38525); 76(8.72094); 77(4.91328); 78(4.0485); 79(0.88932); 80(2.43951); 81(6.63647); 82(4.99008); 83(5.84491); 84(1.99178); 85(2.82333); 86(4.52791); 87(0.69624); 88(4.40449); 89(7.95836); 90(1.38694); 91(4.7355); 92(6.60648); 93(0.39041); 94(1.9188); 95(0.45708); 96(8.04326); 97(1.29967); 98(8.86257); 99(0.9789); 100(3.11964); 101(2.38675); 102(3.63802); 103(6.0411); 104(3.15106); 105(3.18915); 106(2.29684); 107(5.65251); 108(8.29052); 109(6.92554); 110(8.51276); 111(1.58323); 112(1.00411); 113(0.91083); 114(6.44051); 115(4.98889); 116(3.41453); 117(4.44827); 118(5.43476); 119(6.81834); 120(7.29033); 121(7.85407); 122(8.94827); 123(6.13346); 124(5.24175); 125(2.37784); 126(2.67273); 127(3.43383); 128(1.42354); 129(3.69496); 130(1.02052); 131(8.69684); 132(8.27448); 133(5.30266); 134(6.46017); 135(6.41482); 136(5.49073); 137(5.91622); 138(0.01531); 139(1.43103); 140(6.40881); 141(7.85787); 142(7.29516); 143(6.04149); 144(4.90563); 145(3.72376); 146(7.85792); 147(2.56937); 148(8.53673); 149(8.84015); 150(6.35968); 151(2.52887); 152(8.35811); 153(8.83567); 154(5.5993); 155(6.22897); 156(0.7645); 157(2.64641); 158(6.21521); 159(3.57137); 160(7.99562); 161(6.95589); 162(8.9162); 163(0.8091); 164(0.01626); 165(5.63354); 166(6.5414); 167(2.59214); 168(6.81117); 169(8.34446); 170(7.79579); 171(6.52136); 172(8.19741); 173(6.13019); 174(8.72358); 175(8.04466); 176(5.15142); 177(2.27774); 178(4.60454); 179(2.41639); 180(5.44597); 181(8.61259); 182(7.55371); 183(7.26212); 184(3.86152); 185(7.80864); 186(7.05442); 187(8.6009); 188(5.79977); 189(2.64294); 190(5.76515); 191(4.17831); 192(8.80014); 193(3.23266); 194(6.88359); 195(4.24448); 196(0.31172); 197(7.23283); 198(3.67884); 199(4.31303); 200(2.94089); 201(3.26001); 202(1.99575); 203(4.63145); 204(8.95046); 205(0.37703); 206(6.37578); 207(3.26978); 208(2.40574); 209(1.14552); 210(0.27025); 211(4.71786); 212(5.92328); 213(3.10762); 214(5.91351); 215(1.77057); 216(4.24157); 217(3.41975); 218(1.2377); 219(1.10517); 220(4.45414); 221(7.53979); 222(2.09616); 223(6.0677); 224(8.28523); 225(0.83896); 226(0.15762); 227(2.02346); 228(1.08718); 229(3.78706); 230(1.06504); 231(3.6382); 232(6.03218); 233(3.82238); 234(7.37135); 235(4.54655); 236(2.92959); 237(7.7299); 238(6.99136); 239(4.07868); 240(2.19333); 241(7.47664); 242(5.71256); 243(1.43299); 244(3.4456); 245(5.40921); 246(4.04697); 247(2.00974); 248(3.65842); 249(4.05993); 250(8.21418); 251(3.0173); 252(4.31738); 253(5.47967); 254(2.55352); 255(0.54272); 256(3.02199); 257(8.53998); 258(7.92083); 259(2.29361); 260(2.37449); 261(8.44416); 262(2.45943); 263(0.55672); 264(3.62511); 265(6.96852); 266(7.26063); 267(6.57697); 268(0.8112); 269(1.43458); 270(6.04842); 271(4.68556); 272(2.29006); 273(3.65759); 274(6.7918); 275(8.71192); 276(5.37868); 277(6.76347); 278(1.93115); 279(5.47342); 280(4.97128); 281(6.04347); 282(0.72828); 283(4.75105); 284(5.41073); 285(4.29622); 286(6.26961); 287(6.75627); 288(3.10911); 289(8.50076); 290(0.76634); 291(1.8777); 292(1.9015); 293(7.66322); 294(3.84055); 295(3.51345); 296(0.28463); 297(6.74363); 298(5.99385); 299(8.11876),1372.4633,1372.4633,4.590178260869565,2.5947655933201195,8.95046,0.01531,0.42924168691810294,1
6,0(1.82626); 1(3.26978); 2(4.29064); 3(6.29637); 4(5.88805); 5(5.47329); 7(4.39431); 8(2.43983); 9(3.37706); 10(4.291); 11(6.8917); 12(4.17977); 13(4.6162); 14(6.096); 15(8.51371); 16(3.58771); 17(4.4396); 18(1.24708); 19(2.16872); 20(7.41036); 21(8.82881); 22(2.63701); 23(7.58584); 24(6.68291); 25(5.59592); 26(5.77787); 27(4.09814); 28(0.70698); 29(2.20777); 30(4.32151); 31(3.06422); 32(5.87749); 33(1.43768); 34(3.63622); 35(2.78381); 36(7.62546); 37(6.79813); 38(7.95871); 39(5.1573); 40(5.0198); 41(5.39685); 42(7.25656); 43(5.14895); 44(4.93482); 45(3.70018); 46(6.22644); 47(0.90112); 48(3.09653); 49(2.19248); 50(4.05588); 51(4.8931); 52(3.51199); 53(4.73908); 54(7.46779); 55(4.87386); 56(6.32268); 57(8.18276); 58(5.01803); 59(3.88329); 60(0.46237); 61(6.98869); 62(4.21067); 63(6.68174); 64(0.94976); 65(0.5844); 66(4.6968); 67(4.73383); 68(3.52114); 69(7.37305); 70(5.61183); 71(5.99835); 72(2.50768); 73(6.84478); 74(8.89054); 75(1.24436); 76(3.78534); 77(4.62356); 78(0.20689); 79(8.1862); 80(8.1404); 81(8.14168); 82(0.19543); 83(5.26229); 84(0.24896); 85(4.34374); 86(2.13031); 87(5.8626); 88(7.37727); 89(2.71548); 90(2.04768); 91(7.21339); 92(0.32546); 93(7.96363); 94(0.21561); 95(8.48156); 96(0.75319); 97(1.1332); 98(5.50977); 99(1.29885); 100(6.76513); 101(7.56541); 102(2.27005); 103(4.19871); 104(6.32332); 105(7.96724); 106(5.40866); 107(6.33198); 108(8.12067); 109(1.1436); 110(4.0801); 111(7.5738); 112(4.59035); 113(1.72342); 114(6.34507); 115(3.24682); 116(7.22546); 117(4.51713); 118(1.38596); 119(3.09965); 120(0.88818); 121(4.22696); 122(8.63531); 123(1.78251); 124(0.45168); 125(4.22859); 126(3.08283); 127(0.63725); 128(0.23792); 129(3.56493); 130(4.76748); 131(5.41883); 132(3.33856); 133(7.71309); 134(5.89812); 135(3.86251); 136(7.09678); 137(6.99109); 138(4.44019); 139(0.33446); 140(5.40957); 141(6.83325); 142(4.16253); 143(4.06619); 144(0.43419); 145(2.3781); 146(5.61693); 147(7.53459); 148(0.53463); 149(7.78997); 150(1.34595); 151(2.57903); 152(8.24557); 153(3.05885); 154(3.89686); 155(5.39212); 156(8.1614); 157(6.31988); 158(7.30277); 159(3.2779); 160(4.27272); 161(2.6962); 162(3.20495); 163(1.99766); 164(4.62962); 165(2.14085); 166(5.24648); 167(4.72865); 168(4.43206); 169(8.41273); 170(0.32429); 171(0.78744); 172(8.84487); 173(3.20792); 174(4.56531); 175(7.04152); 176(0.09447); 177(5.85963); 178(0.99016); 179(3.54061); 180(2.60866); 181(7.96092); 182(8.26597); 183(6.64474); 184(5.76249); 185(3.34351); 186(2.52864); 187(2.63185); 188(7.26536); 189(5.07277); 190(4.48942); 191(0.26617); 192(4.02264); 193(5.40548); 194(7.5431); 195(1.01075); 196(7.70224); 197(5.38649); 198(0.36314); 199(8.55699); 200(6.73456); 201(6.10259); 202(1.73565); 203(4.53357); 204(8.42933); 205(2.95335); 206(7.88892); 207(8.65612); 208(4.20561); 209(4.79018); 210(2.16814); 211(1.37411); 212(1.21575); 213(4.31437); 214(5.65734); 215(7.96326); 216(8.83309); 217(4.58765); 218(2.18699); 219(7.86458); 220(3.08069); 221(7.08055); 222(7.70076); 223(6.51664); 224(5.7973); 225(6.41316); 226(7.11815); 227(1.99462); 228(1.66617); 229(5.54558); 230(5.77592); 231(0.93784); 232(2.24857); 233(4.94236); 234(6.55296); 235(6.1352); 236(7.94553); 237(6.81025); 238(8.07633); 239(4.10641); 240(4.72165); 241(6.16472); 242(4.27246); 243(5.75462); 244(4.95199); 245(2.8416); 246(2.01532); 247(1.81193); 248(3.77894); 249(3.16833); 250(4.03166); 251(8.4054); 252(5.54107); 253(4.16506); 254(5.96708); 255(3.87308); 256(6.09805); 257(6.76295); 258(8.62588); 259(7.46243); 260(4.07251); 261(1.11989); 262(2.73425); 263(4.34112); 264(6.66857); 265(3.762); 266(8.20729); 267(0.77316); 268(3.78564); 269(7.89085); 270(7.02346); 271(1.87477); 272(8.87281); 273(4.1685); 274(0.15924); 275(1.77472); 276(3.92773); 277(5.11803); 278(8.24466); 279(8.26079); 280(3.64202); 281(6.19708); 282(1.71274); 283(4.52425); 284(2.95748); 285(3.02886); 286(2.39309); 287(4.56541); 288(6.35154); 289(5.4653); 290(2.11056); 291(5.19662); 292(6.07533); 293(5.84013); 294(4.19468); 295(2.83251); 296(4.23823); 297(1.85064); 298(6.98152); 299(2.51247),1377.93826,1377.93826,4.608489163879598,2.394799680001807,8.89054,0.09447,0.4383107557465456,1
7,0(1.15614); 1(8.47078); 2(5.34754); 3(1.86956); 4(4.70408); 5(0.04755); 6(4.39431); 8(8.41483); 9(5.84471); 10(7.20037); 11(4.13398); 12(0.78302); 13(7.64355); 14(4.8192); 15(1.04626); 16(1.40903); 17(5.01818); 18(1.06163); 19(3.48464); 20(6.81661); 21(8.7601); 22(0.44559); 23(0.11136); 24(6.98822); 25(8.09953); 26(4.02942); 27(4.27499); 28(3.50713); 29(8.58335); 30(0.33379); 31(6.2175); 32(8.27917); 33(3.09218); 34(4.47651); 35(5.9781); 36(1.64235); 37(2.35914); 38(8.69583); 39(1.17574); 40(4.99119); 41(6.3801); 42(1.44624); 43(6.90447); 44(3.61277); 45(8.99508); 46(3.9044); 47(2.15711); 48(2.65395); 49(4.9038); 50(0.12496); 51(8.02205); 52(5.11047); 53(8.90966); 54(4.36817); 55(7.56609); 56(4.58673); 57(1.51644); 58(8.76418); 59(2.50911); 60(5.76474); 61(8.82414); 62(4.8525); 63(5.54785); 64(0.96628); 65(3.73379); 66(0.77631); 67(1.47737); 68(0.01452); 69(0.79703); 70(1.08577); 71(2.50397); 72(8.66208); 73(6.94704); 74(0.88336); 75(8.71725); 76(0.82428); 77(6.10544); 78(7.4739); 79(4.74449); 80(3.99394); 81(5.27151); 82(1.32754); 83(2.3535); 84(6.05711); 85(5.35299); 86(0.40336); 87(1.70142); 88(4.26562); 89(8.90382); 90(0.91831); 91(8.017); 92(2.24394); 93(8.087); 94(8.12468); 95(4.18523); 96(0.69979); 97(0.00114); 98(5.15365); 99(0.92795); 100(6.47504); 101(8.09334); 102(6.54093); 103(3.20968); 104(8.5761); 105(8.63365); 106(7.61569); 107(8.88905); 108(5.47065); 109(8.78482); 110(2.04996); 111(3.67698); 112(7.6133); 113(7.63798); 114(0.06737); 115(3.90904); 116(2.48066); 117(3.78709); 118(3.50499); 119(5.69081); 120(8.3831); 121(6.81467); 122(7.86193); 123(7.38632); 124(4.81862); 125(7.05171); 126(8.81); 127(6.03964); 128(2.56976); 129(6.78575); 130(7.16687); 131(0.77011); 132(1.7165); 133(3.72023); 134(6.6458); 135(0.24223); 136(2.63727); 137(5.60436); 138(0.58694); 139(5.99492); 140(3.14785); 141(2.89075); 142(4.83608); 143(3.55102); 144(0.50288); 145(6.67767); 146(4.5768); 147(3.40567); 148(1.9243); 149(8.23661); 150(8.91161); 151(8.24502); 152(6.6445); 153(5.05321); 154(1.02441); 155(6.1016); 156(0.11679); 157(7.23414); 158(0.58917); 159(1.47628); 160(6.39342); 161(3.83298); 162(2.99922); 163(4.13952); 164(6.62664); 165(4.26709); 166(4.64237); 167(1.67002); 168(0.47386); 169(7.48037); 170(5.51868); 171(2.78868); 172(0.16888); 173(5.51505); 174(0.23339); 175(3.6624); 176(6.38545); 177(8.89798); 178(3.98471); 179(2.42753); 180(4.00628); 181(5.4808); 182(3.37622); 183(1.90087); 184(4.74374); 185(6.31689); 186(4.33357); 187(6.26039); 188(3.84466); 189(5.67928); 190(5.62636); 191(4.44829); 192(6.75233); 193(8.61013); 194(6.62129); 195(7.31979); 196(1.20289); 197(1.04464); 198(5.72133); 199(4.18798); 200(2.39563); 201(2.68471); 202(1.34449); 203(1.65958); 204(4.11515); 205(5.01269); 206(2.28934); 207(2.37484); 208(0.773); 209(7.99275); 210(3.21215); 211(7.27866); 212(6.27124); 213(2.90247); 214(1.29772); 215(6.17094); 216(6.29741); 217(6.60544); 218(0.23967); 219(1.02214); 220(5.20478); 221(5.0919); 222(0.04161); 223(3.22458); 224(6.36778); 225(0.82786); 226(6.71837); 227(7.3863); 228(5.37735); 229(1.61621); 230(3.62718); 231(6.92379); 232(8.17619); 233(1.24558); 234(2.2846); 235(1.87794); 236(5.15657); 237(0.49068); 238(5.03197); 239(2.61322); 240(0.23005); 241(4.96129); 242(4.82438); 243(7.63198); 244(4.70049); 245(0.72626); 246(3.634); 247(4.79081); 248(3.28302); 249(2.69958); 250(3.65644); 251(1.15242); 252(4.53475); 253(6.48095); 254(8.26666); 255(7.56588); 256(3.47982); 257(2.81723); 258(2.2498); 259(5.15153); 260(3.03353); 261(5.37554); 262(2.88465); 263(4.51405); 264(0.13617); 265(1.02673); 266(0.76747); 267(4.52499); 268(3.99783); 269(7.09133); 270(0.17931); 271(4.52021); 272(1.00132); 273(1.07731); 274(3.17685); 275(8.46992); 276(0.12516); 277(1.90266); 278(0.26734); 279(1.61285); 280(2.03256); 281(2.12568); 282(8.76967); 283(7.36832); 284(7.4367); 285(7.20107); 286(4.33242); 287(5.49691); 288(6.72505); 289(2.38448); 290(5.53601); 291(6.90039); 292(3.80521); 293(2.6986); 294(1.24191); 295(3.68824); 296(3.8199); 297(8.55091); 298(0.06961); 299(8.35495),1294.16637,1294.16637,4.328315618729096,2.6557885424635757,8.99508,0.00114,0.4019054475549895,1
8,0(4.99723); 1(8.03825); 2(3.20156); 3(6.03087); 4(7.02624); 5(6.53975); 6(2.43983); 7(8.41483); 9(6.4997); 10(3.80162); 11(6.73954); 12(6.5756); 13(0.72057); 14(8.23415); 15(8.27165); 16(0.72197); 17(0.04601); 18(1.00889); 19(0.5842); 20(3.91103); 21(6.54557); 22(0.67183); 23(6.33315); 24(0.72259); 25(7.1054); 26(3.39816); 27(7.82068); 28(4.9636); 29(0.58511); 30(2.92966); 31(0.39494); 32(3.21309); 33(3.80651); 34(0.02474); 35(1.29543); 36(8.70181); 37(8.39029); 38(6.60022); 39(6.91896); 40(7.36781); 41(3.83192); 42(6.97288); 43(2.43066); 44(5.31148); 45(3.10069); 46(2.9508); 47(3.24804); 48(7.05776); 49(6.11201); 50(0.83864); 51(5.87246); 52(6.61994); 53(3.93664); 54(4.23093); 55(7.06576); 56(8.52371); 57(3.27212); 58(6.72726); 59(2.99364); 60(8.48679); 61(3.9167); 62(0.96166); 63(4.08996); 64(5.05472); 65(5.39588); 66(2.5414); 67(1.58257); 68(3.10774); 69(3.40467); 70(8.88987); 71(5.07342); 72(1.11606); 73(0.43055); 74(2.17951); 75(8.68348); 76(5.43822); 77(6.32364); 78(2.24034); 79(6.4726); 80(6.97774); 81(4.72532); 82(5.70171); 83(2.34213); 84(3.12084); 85(4.04076); 86(0.39195); 87(8.24525); 88(7.06061); 89(4.57021); 90(5.37429); 91(6.78895); 92(8.7482); 93(2.28858); 94(2.9843); 95(0.91769); 96(3.66031); 97(0.75632); 98(8.50843); 99(5.12428); 100(5.97064); 101(6.30944); 102(1.36931); 103(7.65777); 104(6.53831); 105(1.2096); 106(2.51885); 107(5.37809); 108(6.9897); 109(1.74158); 110(0.65197); 111(0.33332); 112(4.40642); 113(8.55323); 114(2.21844); 115(0.55388); 116(5.57175); 117(3.57064); 118(1.29347); 119(8.86669); 120(6.00069); 121(6.9596); 122(6.97412); 123(3.76777); 124(4.17255); 125(8.84836); 126(0.93649); 127(1.04925); 128(4.03406); 129(5.36991); 130(5.98552); 131(1.13804); 132(7.56645); 133(3.39609); 134(1.82757); 135(8.56088); 136(5.91462); 137(1.49906); 138(4.30261); 139(5.24957); 140(5.60672); 141(2.50688); 142(3.8867); 143(2.23707); 144(4.28339); 145(5.51803); 146(2.2453); 147(0.17323); 148(0.20096); 149(3.96763); 150(1.7402); 151(5.24626); 152(7.97733); 153(4.99497); 154(4.66295); 155(6.10265); 156(0.16713); 157(6.46863); 158(8.67455); 159(6.75105); 160(2.80781); 161(8.79821); 162(4.26006); 163(1.46286); 164(2.0022); 165(3.44422); 166(1.18821); 167(4.2507); 168(2.94956); 169(5.12401); 170(1.7384); 171(8.44395); 172(7.45377); 173(7.85272); 174(5.95436); 175(6.07937); 176(0.30297); 177(3.17678); 178(4.31675); 179(5.76302); 180(6.5923); 181(5.04894); 182(0.98775); 183(2.92407); 184(6.873); 185(2.15346); 186(0.44501); 187(5.21769); 188(1.53588); 189(3.92794); 190(7.52877); 191(6.23064); 192(4.33573); 193(4.68031); 194(1.63168); 195(6.35904); 196(7.07283); 197(5.17759); 198(3.48985); 199(7.28077); 200(5.76751); 201(7.72543); 202(1.05633); 203(0.42489); 204(5.18466); 205(2.30546); 206(3.38291); 207(2.29669); 208(4.49282); 209(6.02906); 210(1.16039); 211(6.65722); 212(8.08991); 213(1.5477); 214(4.56494); 215(5.55616); 216(5.17452); 217(3.96278); 218(5.42571); 219(4.31787); 220(4.14899); 221(5.14389); 222(4.40078); 223(0.37832); 224(0.26425); 225(8.19305); 226(5.87129); 227(1.00903); 228(0.95276); 229(5.2996); 230(1.78109); 231(3.311); 232(5.36887); 233(6.37505); 234(5.64509); 235(8.74269); 236(2.56251); 237(6.77479); 238(6.90502); 239(3.31707); 240(1.34191); 241(0.80383); 242(0.2839); 243(1.26256); 244(7.6); 245(3.81283); 246(5.57635); 247(2.98384); 248(6.54243); 249(4.34808); 250(8.55872); 251(0.44095); 252(3.31553); 253(2.66788); 254(8.70403); 255(1.95204); 256(0.80295); 257(5.54268); 258(6.26533); 259(2.73958); 260(1.46408); 261(3.61932); 262(6.47938); 263(2.45087); 264(5.09774); 265(1.02073); 266(6.42518); 267(7.87439); 268(8.446); 269(3.6022); 270(4.3375); 271(3.99694); 272(5.4642); 273(5.60143); 274(3.51318); 275(6.96654); 276(2.63758); 277(1.76635); 278(5.09116); 279(2.83924); 280(6.7439); 281(5.74157); 282(4.25123); 283(1.83799); 284(0.57146); 285(7.62277); 286(2.24223); 287(5.94332); 288(2.91097); 289(6.1652); 290(1.25856); 291(8.83529); 292(8.73172); 293(8.21157); 294(4.22981); 295(6.92213); 296(7.24995); 297(2.39645); 298(3.33742); 299(7.82991),1324.78013,1324.78013,4.430702775919733,2.514429614345896,8.88987,0.02474,0.41963220640854443,1
9,0(8.68395); 1(5.97069); 2(6.33235); 3(0.09601); 4(1.9936); 5(1.77129); 6(3.37706); 7(5.84471); 8(6.4997); 10(8.47499); 11(8.19102); 12(2.92027); 13(5.62513); 14(8.80202); 15(5.60376); 16(0.37992); 17(7.9405); 18(7.88673); 19(1.74747); 20(7.95221); 21(4.73061); 22(3.06529); 23(3.30287); 24(4.70214); 25(7.36892); 26(4.38469); 27(5.33592); 28(8.12227); 29(7.32544); 30(8.47904); 31(6.58322); 32(7.44292); 33(1.98873); 34(7.8751); 35(0.14618); 36(8.4684); 37(4.67788); 38(4.93389); 39(6.54881); 40(1.81353); 41(0.76582); 42(8.84214); 43(1.2918); 44(8.52762); 45(5.7733); 46(8.04495); 47(1.89722); 48(0.29272); 49(4.10079); 50(1.13694); 51(0.32109); 52(6.15251); 53(5.93766); 54(7.04959); 55(8.03349); 56(4.02251); 57(1.86605); 58(0.52129); 59(8.2407); 60(5.01921); 61(6.89326); 62(6.87634); 63(6.74446); 64(7.58666); 65(7.29152); 66(7.77205); 67(1.26239); 68(2.39127); 69(7.71149); 70(1.5324); 71(4.76959); 72(5.82873); 73(8.87351); 74(6.29314); 75(3.79381); 76(5.00026); 77(3.47955); 78(4.17413); 79(0.28344); 80(4.08297); 81(0.25879); 82(6.63466); 83(2.45181); 84(7.17222); 85(8.60244); 86(5.09427); 87(2.59125); 88(7.16221); 89(0.56675); 90(8.75613); 91(8.60553); 92(8.67575); 93(6.17169); 94(7.29113); 95(3.63964); 96(0.93382); 97(8.4701); 98(4.09471); 99(8.58803); 100(6.25201); 101(6.21102); 102(1.75939); 103(0.52429); 104(0.6664); 105(0.0925); 106(5.94257); 107(8.35377); 108(0.29277); 109(0.82015); 110(5.04403); 111(6.74958); 112(1.15935); 113(5.24286); 114(5.25382); 115(4.96791); 116(0.86414); 117(0.41626); 118(7.64612); 119(0.35281); 120(2.58803); 121(6.33529); 122(8.89399); 123(3.45285); 124(0.94157); 125(5.18373); 126(0.8172); 127(4.73948); 128(7.19453); 129(8.50596); 130(5.27617); 131(3.88823); 132(0.58596); 133(8.20725); 134(5.43623); 135(1.37058); 136(3.60771); 137(0.83817); 138(8.9188); 139(0.34397); 140(1.12395); 141(1.0255); 142(7.27588); 143(0.42948); 144(5.73066); 145(6.26143); 146(3.46576); 147(7.87906); 148(8.13549); 149(2.56182); 150(6.72514); 151(8.22145); 152(8.11003); 153(6.99504); 154(6.02679); 155(4.95677); 156(5.80634); 157(5.36631); 158(7.30942); 159(6.44765); 160(2.89681); 161(7.1286); 162(6.78596); 163(0.32038); 164(3.12385); 165(4.51889); 166(6.70266); 167(0.89904); 168(4.31062); 169(3.85175); 170(0.48949); 171(1.31279); 172(7.50043); 173(4.26274); 174(2.5109); 175(7.36337); 176(5.42007); 177(3.43317); 178(4.39148); 179(1.91288); 180(4.49437); 181(8.15257); 182(4.07559); 183(0.86421); 184(0.96785); 185(0.28741); 186(3.86805); 187(5.93549); 188(7.77837); 189(0.13324); 190(6.28542); 191(7.16979); 192(3.89074); 193(1.97664); 194(4.17669); 195(1.68002); 196(8.59432); 197(6.39622); 198(2.86786); 199(7.89057); 200(6.70726); 201(2.35479); 202(8.28264); 203(1.50024); 204(1.75834); 205(1.30251); 206(6.20593); 207(4.75953); 208(2.29256); 209(6.73513); 210(7.40095); 211(7.10923); 212(4.87733); 213(1.40175); 214(1.74773); 215(8.89219); 216(5.20015); 217(1.59199); 218(8.56107); 219(2.85709); 220(6.85396); 221(1.69779); 222(5.60435); 223(3.33592); 224(1.04561); 225(5.98169); 226(2.3382); 227(0.03307); 228(6.82004); 229(2.57556); 230(5.33465); 231(5.34594); 232(2.03211); 233(3.40802); 234(7.6461); 235(3.08565); 236(1.94941); 237(5.22905); 238(7.557); 239(7.66503); 240(5.64549); 241(0.25386); 242(4.88); 243(8.82019); 244(2.78858); 245(6.1882); 246(2.86274); 247(5.11766); 248(5.6157); 249(8.10145); 250(1.50725); 251(3.66889); 252(8.91747); 253(8.27821); 254(6.44603); 255(5.26929); 256(7.27289); 257(3.70121); 258(4.57163); 259(8.93366); 260(0.44302); 261(5.17737); 262(2.09169); 263(5.82754); 264(4.98602); 265(3.35611); 266(7.671); 267(5.27252); 268(5.79886); 269(3.66718); 270(2.28357); 271(1.20482); 272(0.28859); 273(8.52085); 274(2.36973); 275(6.36206); 276(5.37741); 277(0.92081); 278(1.66667); 279(8.6873); 280(5.79553); 281(4.19202); 282(4.76379); 283(7.60609); 284(5.85683); 285(3.07239); 286(2.07006); 287(4.60771); 288(7.13456); 289(4.20386); 290(2.96302); 291(6.67819); 292(8.58375); 293(4.44388); 294(3.74221); 295(2.59461); 296(4.5645); 297(1.84574); 298(7.10648); 299(4.5592),1406.11675,1406.11675,4.70273160535117,2.671354280214344,8.93366,0.03307,0.433222007912483,1
10,0(0.21755); 1(1.7698); 2(0.86033); 3(6.96235); 4(2.7532); 5(0.78084); 6(4.291); 7(7.20037); 8(3.80162); 9(8.47499); 11(6.86083); 12(4.57542); 13(8.5734); 14(0.12856); 15(2.57286); 16(4.63431); 17(1.45556); 18(2.15325); 19(1.29525); 20(4.99457); 21(8.91907); 22(4.7713); 23(4.43089); 24(7.09209); 25(3.73348); 26(8.25534); 27(4.83588); 28(0.51619); 29(1.64721); 30(5.48027); 31(6.61474); 32(5.46507); 33(0.18381); 34(4.8203); 35(8.15478); 36(0.13597); 37(6.74358); 38(7.639); 39(3.14656); 40(7.11825); 41(8.41429); 42(4.47495); 43(7.6464); 44(6.239); 45(3.69595); 46(8.83115); 47(8.34822); 48(7.7187); 49(4.15986); 50(5.96318); 51(2.28529); 52(3.26018); 53(3.42383); 54(1.19943); 55(3.64148); 56(6.55345); 57(8.77264); 58(1.96854); 59(8.43671); 60(6.02858); 61(5.25413); 62(1.3828); 63(0.39191); 64(8.73047); 65(7.64408); 66(2.01727); 67(8.57824); 68(5.43655); 69(6.62546); 70(3.99377); 71(0.92627); 72(7.35964); 73(8.99704); 74(6.13956); 75(7.03065); 76(2.83169); 77(3.64007); 78(6.87462); 79(7.68453); 80(7.85); 81(8.2667); 82(8.25027); 83(6.10013); 84(7.17314); 85(8.39346); 86(8.25292); 87(2.77153); 88(8.89539); 89(3.63595); 90(5.36538); 91(7.25658); 92(0.69427); 93(2.15853); 94(3.10037); 95(1.61957); 96(5.73537); 97(2.51605); 98(5.87077); 99(1.82217); 100(2.18076); 101(2.92869); 102(6.63792); 103(2.25087); 104(8.51001); 105(2.98284); 106(0.47729); 107(4.39674); 108(2.88145); 109(0.44526); 110(5.65004); 111(5.35082); 112(7.02892); 113(7.52521); 114(3.47789); 115(6.23599); 116(5.8833); 117(1.50968); 118(3.57533); 119(1.42515); 120(2.28673); 121(0.9761); 122(6.32945); 123(2.29506); 124(4.30731); 125(0.44168); 126(8.57015); 127(7.25962); 128(8.68428); 129(0.61823); 130(0.10342); 131(3.48725); 132(0.35942); 133(4.29906); 134(8.241); 135(8.32653); 136(1.14894); 137(3.12481); 138(8.7776); 139(3.75408); 140(4.92749); 141(3.05203); 142(4.90451); 143(4.29634); 144(3.71904); 145(7.62619); 146(7.20261); 147(6.07155); 148(1.59214); 149(6.97647); 150(7.37485); 151(5.56857); 152(5.93017); 153(7.18795); 154(6.0109); 155(4.44827); 156(8.49284); 157(0.15616); 158(7.98092); 159(6.68334); 160(0.17085); 161(6.29347); 162(5.18046); 163(4.73811); 164(6.54846); 165(0.02989); 166(2.39025); 167(4.48125); 168(7.99397); 169(6.68766); 170(6.31447); 171(3.5814); 172(3.49187); 173(3.30737); 174(5.97921); 175(2.89793); 176(6.41957); 177(0.90812); 178(6.26843); 179(2.64473); 180(1.06246); 181(2.21377); 182(0.50237); 183(4.60695); 184(3.17542); 185(8.11905); 186(7.25634); 187(0.19858); 188(2.62982); 189(7.01398); 190(0.08972); 191(8.56176); 192(0.44435); 193(0.31749); 194(5.27158); 195(1.91851); 196(6.26544); 197(5.98397); 198(6.2281); 199(0.71107); 200(6.81344); 201(2.72618); 202(5.59061); 203(2.98548); 204(2.16648); 205(7.49356); 206(1.87321); 207(5.91325); 208(5.46597); 209(6.77991); 210(2.68223); 211(0.43863); 212(6.71449); 213(5.27252); 214(0.95895); 215(1.97935); 216(2.34169); 217(7.2778); 218(1.53153); 219(6.26242); 220(6.85177); 221(5.83686); 222(1.86453); 223(8.55162); 224(6.79134); 225(5.31962); 226(7.40172); 227(4.56516); 228(3.56985); 229(2.12316); 230(0.57246); 231(2.82077); 232(5.07001); 233(3.75221); 234(5.11078); 235(2.52508); 236(2.62757); 237(2.27249); 238(0.92386); 239(6.54471); 240(1.49484); 241(5.22652); 242(0.97367); 243(3.26969); 244(8.31394); 245(1.31501); 246(8.96571); 247(3.63982); 248(0.39835); 249(4.08542); 250(4.40149); 251(3.69544); 252(0.75559); 253(1.1219); 254(6.74385); 255(3.69893); 256(7.27788); 257(5.97909); 258(7.35915); 259(8.22153); 260(8.17887); 261(3.6617); 262(6.02259); 263(8.99823); 264(0.51537); 265(6.80657); 266(4.48214); 267(8.85793); 268(4.63681); 269(8.48232); 270(0.81706); 271(8.7809); 272(8.75576); 273(3.28065); 274(2.44304); 275(4.25417); 276(6.96354); 277(4.93165); 278(8.52494); 279(8.69125); 280(7.6375); 281(5.45508); 282(2.75618); 283(1.45036); 284(7.71068); 285(0.27156); 286(7.14345); 287(6.78823); 288(6.89782); 289(1.67221); 290(2.66071); 291(0.60319); 292(5.99674); 293(1.17783); 294(1.13194); 295(3.67505); 296(0.16915); 297(0.01597); 298(4.36402); 299(0.96977),1368.16841,1368.16841,4.575814080267557,2.6982531341007197,8.99823,0.01597,0.42141335922540385,1
11,0(2.58791); 1(8.71699); 2(8.21518); 3(3.17295); 4(5.34715); 5(6.42027); 6(6.8917); 7(4.13398); 8(6.73954); 9(8.19102); 10(6.86083); 12(0.70723); 13(1.16251); 14(3.67231); 15(7.44121); 16(5.42309); 17(3.03512); 18(5.23208); 19(7.89953); 20(3.47928); 21(3.14413); 22(8.95004); 23(4.88271); 24(5.65806); 25(5.2187); 26(3.80262); 27(0.73165); 28(3.1635); 29(6.51115); 30(2.03861); 31(0.97743); 32(1.60146); 33(5.74263); 34(6.22284); 35(2.04674); 36(0.75753); 37(3.43806); 38(0.96054); 39(3.24126); 40(0.34659); 41(7.32429); 42(1.16374); 43(5.91176); 44(1.01091); 45(7.00458); 46(4.10671); 47(4.48039); 48(3.237); 49(7.73258); 50(6.86239); 51(5.10655); 52(8.25084); 53(7.85184); 54(0.22158); 55(1.32149); 56(6.64159); 57(5.83306); 58(8.93561); 59(3.63775); 60(7.25933); 61(1.12522); 62(8.17202); 63(8.31845); 64(8.02827); 65(1.53915); 66(7.81985); 67(5.83749); 68(0.35258); 69(5.9388); 70(4.47051); 71(5.50933); 72(8.16297); 73(6.3128); 74(5.26448); 75(7.14416); 76(5.17747); 77(8.02194); 78(2.03932); 79(0.16449); 80(3.08583); 81(5.80806); 82(0.16606); 83(3.72308); 84(5.92532); 85(0.99867); 86(5.64499); 87(1.7439); 88(3.84905); 89(4.77966); 90(6.75039); 91(2.60543); 92(6.29979); 93(6.06463); 94(6.89047); 95(0.09435); 96(5.1422); 97(7.19708); 98(5.05839); 99(4.1715); 100(1.52351); 101(3.81759); 102(8.25769); 103(6.11275); 104(5.43323); 105(7.47695); 106(6.94552); 107(5.55376); 108(4.92429); 109(8.33504); 110(4.14214); 111(8.43441); 112(7.1409); 113(8.83387); 114(8.75748); 115(4.82217); 116(3.73751); 117(3.20794); 118(2.1451); 119(4.93177); 120(2.93042); 121(3.22917); 122(1.28448); 123(2.11825); 124(5.43828); 125(4.50297); 126(3.96819); 127(1.01254); 128(4.17752); 129(3.90025); 130(5.45322); 131(1.7712); 132(7.30069); 133(1.6315); 134(0.04317); 135(8.81676); 136(4.45225); 137(4.38353); 138(6.67846); 139(8.79093); 140(8.14967); 141(1.81239); 142(3.41966); 143(4.57363); 144(8.13258); 145(6.64998); 146(6.09691); 147(3.7664); 148(4.38412); 149(2.42476); 150(3.10179); 151(3.53533); 152(7.10885); 153(1.0275); 154(6.34123); 155(0.53795); 156(6.54495); 157(6.26038); 158(8.33255); 159(1.39312); 160(3.44567); 161(1.63439); 162(0.18412); 163(1.94408); 164(2.68124); 165(7.38765); 166(7.20482); 167(4.42621); 168(5.4033); 169(7.20306); 170(8.12487); 171(7.12845); 172(4.11541); 173(7.5477); 174(0.76422); 175(4.27311); 176(0.58546); 177(5.24913); 178(0.70724); 179(7.86524); 180(4.08289); 181(3.86424); 182(6.07673); 183(1.33175); 184(1.25056); 185(7.24267); 186(1.72476); 187(6.11513); 188(0.46174); 189(6.43924); 190(0.06068); 191(2.59673); 192(8.79132); 193(0.20214); 194(5.74325); 195(8.42027); 196(8.11473); 197(7.09069); 198(8.44878); 199(4.78334); 200(8.97187); 201(4.52505); 202(0.46585); 203(2.58586); 204(4.37372); 205(6.50831); 206(8.40507); 207(7.45321); 208(7.26838); 209(3.5453); 210(0.03752); 211(6.44512); 212(7.59589); 213(4.45822); 214(1.07542); 215(6.12523); 216(0.72769); 217(1.78106); 218(3.03067); 219(3.29592); 220(3.38309); 221(4.6788); 222(4.21962); 223(3.07434); 224(4.9394); 225(2.27459); 226(1.85073); 227(5.1609); 228(1.97795); 229(1.29093); 230(3.00362); 231(3.66909); 232(2.07915); 233(5.31842); 234(8.28997); 235(5.79739); 236(7.8339); 237(7.12811); 238(8.70931); 239(2.70514); 240(4.1047); 241(5.09239); 242(1.78276); 243(3.17684); 244(3.74545); 245(6.96648); 246(2.77711); 247(7.86376); 248(7.14888); 249(6.94197); 250(2.82211); 251(5.60603); 252(3.78356); 253(0.07387); 254(1.85978); 255(4.24979); 256(0.71755); 257(7.54307); 258(4.63904); 259(8.00444); 260(0.21702); 261(1.69976); 262(2.33945); 263(3.98486); 264(8.97997); 265(0.35844); 266(4.86441); 267(3.14844); 268(3.98483); 269(0.56024); 270(5.41011); 271(7.99981); 272(4.9627); 273(8.92144); 274(7.03483); 275(5.97884); 276(5.51418); 277(2.36647); 278(6.22651); 279(0.15328); 280(7.96454); 281(7.18037); 282(4.45085); 283(8.63881); 284(7.78543); 285(1.8409); 286(4.99496); 287(2.94925); 288(3.11408); 289(7.91798); 290(2.37488); 291(4.35047); 292(7.50475); 293(6.49646); 294(5.45317); 295(8.32111); 296(1.19689); 297(4.82464); 298(0.02182); 299(0.8109),1382.64367,1382.64367,4.624226321070234,2.5783244648982446,8.97997,0.02182,0.42933560017340366,2
12,0(1.07415); 1(2.6437); 2(1.56718); 3(1.81318); 4(8.92765); 5(0.83392); 6(4.17977); 7(0.78302); 8(6.5756); 9(2.92027); 10(4.57542); 11(0.70723); 13(6.68262); 14(6.70803); 15(2.14432); 16(2.69836); 17(7.15653); 18(4.73301); 19(7.88545); 20(7.18814); 21(0.78771); 22(2.71861); 23(0.07257); 24(1.57068); 25(1.77792); 26(8.71324); 27(6.87481); 28(4.92723); 29(8.44121); 30(6.5918); 31(8.61504); 32(3.11503); 33(0.47219); 34(5.03584); 35(4.33968); 36(3.57378); 37(0.70106); 38(3.85826); 39(6.68411); 40(3.18815); 41(4.55786); 42(3.75796); 43(2.57187); 44(6.90204); 45(2.86355); 46(6.20961); 47(4.82739); 48(8.66546); 49(1.15164); 50(6.83034); 51(8.66805); 52(8.74676); 53(3.96071); 54(2.5139); 55(1.30943); 56(0.54852); 57(0.72974); 58(7.13704); 59(8.81725); 60(8.8817); 61(8.21517); 62(8.34415); 63(2.44167); 64(8.37927); 65(3.77038); 66(5.0395); 67(0.18906); 68(8.98423); 69(6.04842); 70(6.16551); 71(5.46765); 72(4.78099); 73(8.39786); 74(3.71605); 75(5.04133); 76(0.55442); 77(4.88094); 78(8.36595); 79(3.80916); 80(0.63105); 81(8.08773); 82(2.71025); 83(8.17331); 84(4.8697); 85(8.44279); 86(7.15473); 87(6.5665); 88(6.89981); 89(5.11971); 90(0.96291); 91(5.29229); 92(8.80875); 93(5.56391); 94(2.34878); 95(8.89768); 96(5.90479); 97(3.10941); 98(1.3494); 99(0.78679); 100(7.46336); 101(2.19771); 102(2.52442); 103(1.71281); 104(0.83204); 105(1.82244); 106(1.00093); 107(4.30209); 108(1.51294); 109(3.80697); 110(5.16816); 111(3.09274); 112(1.36493); 113(1.63586); 114(0.04507); 115(2.36084); 116(1.97614); 117(8.66401); 118(8.77137); 119(1.14374); 120(2.02003); 121(7.03896); 122(1.03048); 123(6.48127); 124(7.65734); 125(5.19062); 126(0.92965); 127(2.36518); 128(0.97606); 129(8.75398); 130(2.60141); 131(6.71159); 132(8.39578); 133(8.91562); 134(3.24627); 135(1.17672); 136(7.41981); 137(0.5328); 138(4.89997); 139(8.62995); 140(6.01832); 141(7.18476); 142(4.07716); 143(3.13231); 144(7.60648); 145(6.73868); 146(4.07728); 147(6.04851); 148(1.61886); 149(6.05188); 150(8.23851); 151(1.53539); 152(3.79672); 153(5.09569); 154(3.32555); 155(3.3707); 156(1.10774); 157(2.73259); 158(3.93914); 159(7.71846); 160(5.70658); 161(4.04197); 162(2.01123); 163(7.16575); 164(5.08245); 165(5.21819); 166(5.67571); 167(2.49504); 168(3.74508); 169(2.3885); 170(0.88029); 171(0.41631); 172(2.79463); 173(4.86757); 174(1.36852); 175(6.28146); 176(3.79373); 177(8.75112); 178(2.9735); 179(5.1811); 180(4.41939); 181(8.03346); 182(5.79654); 183(6.57585); 184(4.02629); 185(7.8258); 186(8.6159); 187(2.79733); 188(7.57644); 189(0.87112); 190(3.2736); 191(6.72501); 192(7.91729); 193(8.26228); 194(8.04348); 195(1.6696); 196(2.85545); 197(8.54441); 198(7.97839); 199(4.94721); 200(0.08135); 201(3.49676); 202(8.47064); 203(3.05097); 204(0.72526); 205(4.03504); 206(7.31003); 207(3.97913); 208(7.39599); 209(0.45672); 210(0.0117); 211(2.1926); 212(8.6706); 213(5.26365); 214(7.39202); 215(6.47841); 216(0.29955); 217(6.42481); 218(1.93454); 219(2.36986); 220(8.42143); 221(0.01429); 222(3.58103); 223(4.14835); 224(5.44993); 225(5.17033); 226(6.02253); 227(8.06117); 228(5.16956); 229(3.61321); 230(7.79098); 231(3.74727); 232(6.17114); 233(2.61845); 234(1.02649); 235(2.82726); 236(5.34134); 237(7.20067); 238(7.56219); 239(8.22015); 240(0.4909); 241(6.8937); 242(6.86448); 243(4.86473); 244(3.68005); 245(2.45471); 246(2.67696); 247(4.84071); 248(1.55557); 249(5.10815); 250(3.13434); 251(5.34888); 252(8.82411); 253(8.92294); 254(7.10157); 255(7.91466); 256(2.12699); 257(2.4193); 258(1.85139); 259(0.6724); 260(6.01116); 261(8.35213); 262(2.48486); 263(5.70387); 264(4.61233); 265(5.32195); 266(5.09088); 267(0.89127); 268(3.25177); 269(1.46295); 270(7.18326); 271(6.86931); 272(7.29238); 273(1.82834); 274(2.09399); 275(0.46721); 276(7.95202); 277(5.3448); 278(4.1754); 279(2.32873); 280(8.98999); 281(3.1777); 282(3.22652); 283(1.21899); 284(7.8074); 285(3.09877); 286(8.6995); 287(5.80656); 288(7.53289); 289(8.38376); 290(0.03024); 291(3.48937); 292(5.37914); 293(2.86008); 294(1.47281); 295(1.90034); 296(8.87288); 297(1.09438); 298(0.74438); 299(5.58096),1363.18886,1363.18886,4.559160066889632,2.702514788959562,8.98999,0.0117,0.42389586617395164,1
13,0(8.63207); 1(5.64615); 2(3.95609); 3(8.00493); 4(6.17423); 5(1.24872); 6(4.6162); 7(7.64355); 8(0.72057); 9(5.62513); 10(8.5734); 11(1.16251); 12(6.68262); 14(5.05214); 15(7.75992); 16(2.4085); 17(7.51553); 18(6.65762); 19(5.5959); 20(0.13302); 21(4.02632); 22(7.15034); 23(4.56913); 24(0.04711); 25(3.00297); 26(4.88171); 27(6.48699); 28(0.86394); 29(5.35901); 30(8.71573); 31(0.52187); 32(4.98648); 33(7.52953); 34(6.99336); 35(3.33417); 36(5.68225); 37(6.59017); 38(5.12142); 39(5.77965); 40(2.85189); 41(0.73356); 42(0.94988); 43(3.20328); 44(2.05736); 45(3.19957); 46(7.27356); 47(2.61723); 48(3.60078); 49(3.35047); 50(8.20155); 51(3.439); 52(8.62595); 53(4.85792); 54(6.50194); 55(3.48466); 56(7.15934); 57(3.98498); 58(1.42948); 59(6.41301); 60(3.07021); 61(2.02466); 62(5.70994); 63(1.38516); 64(6.3614); 65(6.71169); 66(7.85976); 67(2.94974); 68(5.58413); 69(4.02217); 70(0.04417); 71(3.05191); 72(8.53165); 73(0.8481); 74(5.70323); 75(6.70875); 76(4.89822); 77(2.11788); 78(0.88502); 79(5.14232); 80(0.88675); 81(5.75804); 82(8.32964); 83(3.94716); 84(5.15272); 85(6.8721); 86(6.27819); 87(0.61676); 88(1.89401); 89(0.38379); 90(6.65365); 91(7.43227); 92(2.78965); 93(7.23844); 94(5.44124); 95(4.5748); 96(5.44345); 97(5.68381); 98(5.12525); 99(1.66028); 100(3.92529); 101(2.48648); 102(6.45587); 103(8.23019); 104(2.06903); 105(0.60861); 106(8.21865); 107(3.78739); 108(6.16088); 109(2.24946); 110(6.26966); 111(1.40971); 112(8.01414); 113(0.78962); 114(4.25098); 115(4.85193); 116(4.21629); 117(2.13387); 118(1.46957); 119(7.57257); 120(4.15884); 121(3.76483); 122(6.71137); 123(5.98726); 124(7.59463); 125(7.04724); 126(5.9087); 127(3.04617); 128(8.8644); 129(5.83166); 130(7.87244); 131(2.26751); 132(1.56652); 133(4.94708); 134(0.31076); 135(3.40729); 136(2.376); 137(5.71923); 138(2.27502); 139(7.36946); 140(7.66399); 141(8.9005); 142(7.08265); 143(6.93671); 144(5.97454); 145(1.02357); 146(0.07478); 147(2.74367); 148(1.54166); 149(4.62406); 150(8.86455); 151(0.47894); 152(7.99624); 153(7.33684); 154(8.26624); 155(3.5522); 156(8.58214); 157(5.78647); 158(4.17622); 159(3.17449); 160(6.60154); 161(0.54882); 162(7.69733); 163(3.36526); 164(6.18619); 165(0.91152); 166(6.60788); 167(2.64569); 168(6.03475); 169(3.46941); 170(2.08115); 171(5.91434); 172(7.55382); 173(4.1617); 174(8.22564); 175(2.60589); 176(0.65409); 177(3.26308); 178(5.81233); 179(6.66878); 180(0.49039); 181(8.40768); 182(7.24738); 183(1.00805); 184(3.40237); 185(1.89448); 186(8.90301); 187(8.23818); 188(0.08235); 189(4.02834); 190(3.5316); 191(2.5647); 192(2.67856); 193(3.39001); 194(7.67185); 195(1.9336); 196(4.40366); 197(2.93217); 198(4.71103); 199(2.16566); 200(7.79855); 201(3.23911); 202(0.46008); 203(4.05205); 204(6.63496); 205(2.17114); 206(7.31011); 207(8.59842); 208(0.21879); 209(5.10883); 210(6.65859); 211(4.02894); 212(4.68615); 213(4.41169); 214(1.66941); 215(4.63691); 216(1.60976); 217(4.3977); 218(8.96203); 219(5.77444); 220(3.89292); 221(6.10293); 222(0.44242); 223(4.6224); 224(5.27363); 225(0.38809); 226(5.07478); 227(8.5155); 228(8.32643); 229(3.80935); 230(5.41009); 231(3.53427); 232(4.62585); 233(8.83733); 234(0.51656); 235(5.51975); 236(8.82561); 237(8.87569); 238(5.95912); 239(4.80439); 240(1.44478); 241(1.69229); 242(0.5159); 243(6.15104); 244(6.77196); 245(3.80326); 246(2.47043); 247(0.44281); 248(3.41286); 249(5.88258); 250(6.94044); 251(0.29451); 252(7.68501); 253(5.15141); 254(0.18649); 255(8.13265); 256(3.26853); 257(6.80402); 258(7.95975); 259(1.14918); 260(8.16851); 261(0.23271); 262(5.07252); 263(7.8948); 264(1.46599); 265(8.49877); 266(2.85266); 267(3.04683); 268(7.4922); 269(2.16421); 270(2.02734); 271(3.31438); 272(3.48974); 273(2.61161); 274(8.95452); 275(0.70818); 276(5.66153); 277(3.19045); 278(0.64792); 279(1.07995); 280(6.80637); 281(4.88698); 282(1.24941); 283(2.22991); 284(0.99224); 285(5.17717); 286(0.82627); 287(6.50452); 288(7.30078); 289(0.55658); 290(4.93975); 291(1.59965); 292(5.30625); 293(3.99197); 294(2.55805); 295(3.67606); 296(8.55682); 297(7.29026); 298(7.65415); 299(4.8406),1354.29309,1354.29309,4.529408327759198,2.586377077498286,8.96203,0.04417,0.4239248510255111,1
14,0(7.06975); 1(6.32545); 2(2.06154); 3(7.75535); 4(5.29049); 5(3.30997); 6(6.096); 7(4.8192); 8(8.23415); 9(8.80202); 10(0.12856); 11(3.67231); 12(6.70803); 13(5.05214); 15(7.56832); 16(1.26863); 17(7.33234); 18(0.56859); 19(5.91146); 20(7.25333); 21(4.05246); 22(8.21631); 23(6.81167); 24(7.14075); 25(7.62371); 26(1.09768); 27(7.10661); 28(4.72545); 29(2.21101); 30(4.24671); 31(4.80472); 32(4.86622); 33(1.44227); 34(4.39695); 35(6.82826); 36(2.75828); 37(7.88845); 38(2.41984); 39(2.46973); 40(3.31004); 41(4.06089); 42(0.40627); 43(4.61545); 44(8.03972); 45(7.56246); 46(2.73286); 47(4.37809); 48(8.37079); 49(7.95917); 50(0.20107); 51(5.88173); 52(5.35406); 53(1.5512); 54(8.33074); 55(0.45871); 56(6.30763); 57(5.05399); 58(3.20504); 59(2.04609); 60(0.87318); 61(0.43139); 62(5.09786); 63(8.34936); 64(7.32436); 65(1.12056); 66(7.45939); 67(0.53789); 68(5.88182); 69(7.73722); 70(0.29936); 71(5.46379); 72(7.00714); 73(7.12926); 74(1.64888); 75(3.00616); 76(8.08146); 77(7.34118); 78(4.28274); 79(7.86093); 80(5.2418); 81(0.58559); 82(8.8306); 83(3.48228); 84(7.07828); 85(6.20591); 86(2.03283); 87(1.85389); 88(0.93183); 89(1.45609); 90(7.47821); 91(5.29841); 92(2.29829); 93(1.05724); 94(4.00968); 95(4.41767); 96(5.79435); 97(3.82176); 98(0.4826); 99(5.24241); 100(1.80165); 101(1.68764); 102(2.88066); 103(1.25915); 104(8.8244); 105(7.69942); 106(0.82352); 107(1.86982); 108(8.18149); 109(4.52868); 110(6.69056); 111(5.35399); 112(7.35998); 113(7.74096); 114(6.39475); 115(4.97734); 116(0.61902); 117(3.55346); 118(5.59085); 119(6.48108); 120(5.8812); 121(7.76194); 122(3.66989); 123(4.7571); 124(8.18479); 125(4.11838); 126(6.62474); 127(0.55627); 128(2.39278); 129(1.19577); 130(6.55541); 131(1.59885); 132(0.43109); 133(5.37148); 134(1.16513); 135(3.43914); 136(5.49663); 137(5.83544); 138(2.85909); 139(0.03788); 140(0.43017); 141(1.19641); 142(2.29533); 143(4.84043); 144(2.50481); 145(8.8266); 146(7.89358); 147(3.81799); 148(5.56146); 149(7.87222); 150(6.15938); 151(8.54587); 152(2.48223); 153(2.79444); 154(2.57858); 155(5.68651); 156(4.90733); 157(0.03412); 158(3.3182); 159(2.44576); 160(8.12214); 161(4.21422); 162(6.57857); 163(4.91997); 164(5.58725); 165(8.68418); 166(5.98761); 167(0.7198); 168(2.80308); 169(0.86868); 170(0.01274); 171(1.46492); 172(0.12373); 173(0.12442); 174(6.69824); 175(3.4011); 176(5.34067); 177(3.39633); 178(3.62867); 179(7.70737); 180(8.43466); 181(8.62403); 182(4.47318); 183(3.13832); 184(4.68118); 185(2.70408); 186(6.41022); 187(5.50546); 188(2.96275); 189(5.72706); 190(0.54648); 191(2.36128); 192(4.51133); 193(5.11926); 194(5.28476); 195(1.43127); 196(2.3208); 197(7.74289); 198(4.49744); 199(5.21185); 200(0.78072); 201(0.71384); 202(3.36297); 203(3.21529); 204(8.6344); 205(0.60602); 206(4.48924); 207(6.43351); 208(0.57622); 209(5.39524); 210(7.245); 211(4.84823); 212(4.19392); 213(0.64372); 214(7.67785); 215(7.28384); 216(0.35465); 217(1.55872); 218(1.60959); 219(0.48779); 220(0.31401); 221(3.41623); 222(7.46919); 223(0.61837); 224(3.78593); 225(4.56584); 226(3.08366); 227(4.90935); 228(3.81572); 229(2.35594); 230(2.98627); 231(0.06263); 232(1.66004); 233(2.29504); 234(0.61074); 235(5.28506); 236(7.94592); 237(2.84854); 238(1.37786); 239(1.14884); 240(6.42161); 241(4.49348); 242(2.78497); 243(8.65846); 244(4.90808); 245(5.94779); 246(5.01764); 247(3.09264); 248(3.10174); 249(6.2353); 250(8.6393); 251(2.91068); 252(0.69112); 253(3.17363); 254(5.27977); 255(5.48435); 256(8.61605); 257(2.77134); 258(1.14567); 259(4.47603); 260(7.4437); 261(6.32382); 262(1.47799); 263(1.65004); 264(0.30093); 265(4.83541); 266(0.14242); 267(0.76536); 268(7.1967); 269(6.9967); 270(4.51216); 271(5.70927); 272(3.27621); 273(1.0354); 274(1.58495); 275(3.79366); 276(4.93344); 277(8.4978); 278(8.3604); 279(4.11374); 280(7.45529); 281(2.60676); 282(1.02432); 283(1.52621); 284(8.53984); 285(0.1534); 286(0.06603); 287(7.89391); 288(1.87902); 289(5.05647); 290(0.22938); 291(3.96533); 292(4.67179); 293(8.90716); 294(2.48125); 295(8.78845); 296(6.31822); 297(6.77943); 298(0.13619); 299(1.95407),1277.1074,1277.1074,4.271262207357859,2.640620953492674,8.90716,0.01274,0.3985268137902494,1
15,0(5.76047); 1(1.13041); 2(1.34332); 3(0.67371); 4(5.10424); 5(2.18471); 6(8.51371); 7(1.04626); 8(8.27165); 9(5.60376); 10(2.57286); 11(7.44121); 12(2.14432); 13(7.75992); 14(7.56832); 16(2.2783); 17(6.8315); 18(8.80656); 19(3.89359); 20(4.42443); 21(4.14687); 22(2.65748); 23(8.13086); 24(0.99443); 25(1.73982); 26(2.76977); 27(7.04755); 28(0.52464); 29(4.45753); 30(8.14093); 31(4.72919); 32(0.27676); 33(0.6014); 34(8.72972); 35(0.69365); 36(0.87368); 37(0.09574); 38(2.35438); 39(0.3184); 40(6.4718); 41(4.98418); 42(1.60263); 43(5.27677); 44(3.13537); 45(3.47394); 46(5.08113); 47(6.53189); 48(6.83067); 49(4.97878); 50(4.27917); 51(4.69323); 52(6.83174); 53(4.87925); 54(3.32632); 55(0.45515); 56(0.27516); 57(3.48015); 58(7.00194); 59(6.58617); 60(3.50981); 61(4.90956); 62(1.17562); 63(0.30766); 64(8.33176); 65(8.34676); 66(6.84055); 67(8.27219); 68(2.3955); 69(8.20138); 70(6.79091); 71(4.5194); 72(2.83397); 73(1.58089); 74(1.07935); 75(3.91106); 76(7.94514); 77(4.39425); 78(7.81993); 79(6.17868); 80(0.85383); 81(0.95204); 82(6.40616); 83(5.94986); 84(3.43047); 85(0.9312); 86(2.49599); 87(2.49928); 88(0.07037); 89(5.16085); 90(7.92155); 91(6.62864); 92(3.17479); 93(0.79973); 94(3.72716); 95(2.9994); 96(8.32586); 97(7.43233); 98(0.88116); 99(0.88227); 100(4.66099); 101(4.16057); 102(1.25007); 103(3.36479); 104(0.34647); 105(1.62669); 106(3.58892); 107(8.28056); 108(2.90896); 109(5.3071); 110(3.85977); 111(5.1497); 112(8.35932); 113(5.50043); 114(7.09494); 115(2.43004); 116(6.57173); 117(4.44592); 118(6.20198); 119(8.03557); 120(5.26746); 121(1.97399); 122(6.54187); 123(8.81851); 124(7.68447); 125(7.24216); 126(0.71668); 127(0.57251); 128(5.95318); 129(2.83181); 130(6.07193); 131(1.3912); 132(0.87285); 133(3.31009); 134(3.7115); 135(1.18817); 136(2.56926); 137(3.3805); 138(4.06265); 139(6.95802); 140(1.80044); 141(7.15624); 142(0.14197); 143(3.13958); 144(4.84926); 145(5.14564); 146(0.81438); 147(1.93611); 148(8.22669); 149(7.61119); 150(0.73717); 151(8.47174); 152(6.95271); 153(1.45143); 154(2.17962); 155(1.33706); 156(7.08904); 157(5.54822); 158(3.66923); 159(6.36052); 160(5.15314); 161(0.80473); 162(2.75844); 163(4.68027); 164(4.13771); 165(2.71528); 166(3.35544); 167(6.84878); 168(5.22552); 169(3.61177); 170(6.96658); 171(1.67236); 172(0.75098); 173(8.16189); 174(4.17851); 175(0.10058); 176(5.42765); 177(1.10731); 178(4.25491); 179(5.04742); 180(1.35288); 181(0.84896); 182(3.50964); 183(2.9688); 184(0.19344); 185(0.96072); 186(5.20672); 187(5.80629); 188(1.66225); 189(1.25467); 190(3.89122); 191(8.30742); 192(6.54533); 193(2.14146); 194(0.56307); 195(7.17725); 196(0.07342); 197(1.78985); 198(4.83011); 199(8.1513); 200(5.36033); 201(6.76315); 202(4.10348); 203(6.37087); 204(3.47998); 205(7.23955); 206(7.24929); 207(0.27082); 208(7.78119); 209(1.22062); 210(1.72251); 211(6.48355); 212(8.39574); 213(6.06664); 214(1.78742); 215(1.79882); 216(5.42603); 217(0.38519); 218(4.0874); 219(0.53148); 220(7.44953); 221(2.66396); 222(7.61275); 223(7.84903); 224(1.25455); 225(5.85449); 226(1.819); 227(4.37379); 228(7.45905); 229(5.19603); 230(2.60966); 231(0.32569); 232(4.18648); 233(1.15046); 234(6.8292); 235(7.99782); 236(8.29035); 237(6.74157); 238(7.32535); 239(8.21196); 240(3.11933); 241(5.79658); 242(3.90738); 243(3.88511); 244(1.87236); 245(0.4732); 246(4.90602); 247(3.60258); 248(4.9663); 249(7.10301); 250(7.56654); 251(2.0315); 252(6.86242); 253(1.49401); 254(7.7646); 255(0.92473); 256(2.30992); 257(2.59145); 258(4.01009); 259(3.96945); 260(4.2679); 261(8.60155); 262(3.95883); 263(4.38499); 264(6.45616); 265(7.43666); 266(8.74193); 267(8.4637); 268(7.33543); 269(2.83926); 270(2.63934); 271(3.97784); 272(6.26836); 273(5.58554); 274(4.12838); 275(4.45641); 276(7.55056); 277(4.83331); 278(8.27944); 279(3.57099); 280(1.96744); 281(3.30187); 282(3.77598); 283(6.02043); 284(5.61227); 285(1.44266); 286(7.41046); 287(2.74448); 288(5.50659); 289(5.13578); 290(5.56172); 291(3.95942); 292(8.09978); 293(1.61054); 294(2.15284); 295(4.32964); 296(6.05303); 297(7.61581); 298(5.23559); 299(1.26614),1290.21485,1290.21485,4.31509983277592,2.565756328822872,8.81851,0.07037,0.4086153439081795,1
16,0(5.0925); 1(0.82006); 2(4.41191); 3(8.17836); 4(6.98719); 5(6.90994); 6(3.58771); 7(1.40903); 8(0.72197); 9(0.37992); 10(4.63431); 11(5.42309); 12(2.69836); 13(2.4085); 14(1.26863); 15(2.2783); 17(5.96315); 18(4.09629); 19(4.20932); 20(5.2914); 21(3.14117); 22(6.17604); 23(5.29261); 24(1.74252); 25(2.68062); 26(4.95682); 27(6.99657); 28(7.11231); 29(7.68249); 30(6.65135); 31(4.54601); 32(5.17456); 33(7.52489); 34(7.32342); 35(5.3867); 36(4.60641); 37(7.24284); 38(0.55533); 39(4.00171); 40(3.74448); 41(0.01154); 42(6.36904); 43(7.25702); 44(4.85611); 45(4.29743); 46(5.44828); 47(8.66946); 48(7.34464); 49(0.20927); 50(6.24359); 51(0.40939); 52(8.07505); 53(7.13105); 54(0.19104); 55(8.48851); 56(3.20891); 57(2.53533); 58(2.74644); 59(1.32173); 60(4.32969); 61(2.1514); 62(0.71522); 63(8.60678); 64(3.26388); 65(2.2927); 66(0.94992); 67(4.65629); 68(0.62871); 69(2.07728); 70(2.45867); 71(7.19681); 72(2.37259); 73(7.90754); 74(1.69317); 75(6.70055); 76(8.54871); 77(8.57856); 78(1.67473); 79(5.29102); 80(6.18756); 81(7.0826); 82(6.0502); 83(4.45584); 84(8.98757); 85(3.32578); 86(7.69167); 87(7.86307); 88(2.51679); 89(3.19703); 90(8.59824); 91(4.5682); 92(5.34587); 93(1.30064); 94(1.06397); 95(0.24156); 96(1.60196); 97(0.02682); 98(0.66372); 99(1.51403); 100(5.55868); 101(4.78542); 102(6.97469); 103(5.93336); 104(5.88646); 105(4.45375); 106(2.5394); 107(6.33965); 108(0.2225); 109(6.27326); 110(3.75896); 111(0.44195); 112(5.11784); 113(4.28638); 114(6.05437); 115(6.72124); 116(7.50384); 117(6.40091); 118(1.19403); 119(4.76062); 120(5.7077); 121(0.97787); 122(0.68912); 123(5.9968); 124(5.52241); 125(7.78302); 126(5.59903); 127(2.58127); 128(8.86376); 129(8.64536); 130(6.12461); 131(5.51462); 132(8.19419); 133(1.03031); 134(6.86062); 135(3.27593); 136(3.75875); 137(0.45329); 138(0.55923); 139(5.40348); 140(0.81672); 141(0.23119); 142(1.37705); 143(1.16104); 144(5.32295); 145(4.11511); 146(0.16493); 147(8.17997); 148(5.71086); 149(8.68729); 150(4.5823); 151(0.86456); 152(2.44282); 153(4.16238); 154(2.64172); 155(3.36274); 156(5.43839); 157(4.54481); 158(3.16602); 159(3.5619); 160(3.10344); 161(6.77389); 162(3.552); 163(5.89205); 164(3.89514); 165(7.21684); 166(3.02483); 167(3.22201); 168(8.29187); 169(1.14852); 170(6.89223); 171(5.67679); 172(0.12931); 173(2.76194); 174(3.45925); 175(3.71138); 176(1.56267); 177(2.67364); 178(5.1578); 179(6.48705); 180(8.94458); 181(4.66261); 182(1.45693); 183(5.79826); 184(3.238); 185(7.60439); 186(5.00936); 187(4.16687); 188(7.0952); 189(2.36042); 190(1.53317); 191(5.86258); 192(4.4958); 193(2.39258); 194(7.58788); 195(6.20775); 196(6.46424); 197(8.5071); 198(5.0801); 199(7.36402); 200(4.12507); 201(3.13869); 202(0.25932); 203(6.40557); 204(8.91312); 205(1.83414); 206(5.16436); 207(6.41998); 208(7.07465); 209(5.35188); 210(5.119); 211(5.33104); 212(3.08624); 213(3.16699); 214(6.26436); 215(1.22303); 216(4.79649); 217(2.0781); 218(6.00316); 219(0.23518); 220(1.70671); 221(0.7803); 222(3.54257); 223(8.65668); 224(5.37926); 225(2.74703); 226(1.98689); 227(8.42976); 228(6.34823); 229(2.77427); 230(3.30667); 231(0.9513); 232(5.39669); 233(7.41104); 234(4.30737); 235(2.72042); 236(0.79438); 237(0.45072); 238(4.41257); 239(0.02967); 240(1.26967); 241(4.28187); 242(5.88826); 243(3.91973); 244(1.542); 245(7.7759); 246(1.9184); 247(2.95353); 248(2.24823); 249(2.45163); 250(1.72853); 251(6.09079); 252(0.15505); 253(8.76657); 254(8.42644); 255(0.65851); 256(7.54838); 257(3.32543); 258(5.4119); 259(6.02042); 260(4.0642); 261(8.97787); 262(3.18762); 263(0.76728); 264(3.44446); 265(7.57996); 266(7.20856); 267(7.95726); 268(2.89728); 269(4.35045); 270(8.79934); 271(2.61598); 272(0.03646); 273(8.23554); 274(8.63566); 275(1.03994); 276(1.57386); 277(1.84148); 278(8.17919); 279(2.17562); 280(4.81311); 281(8.49173); 282(0.63603); 283(8.86083); 284(3.81905); 285(0.46915); 286(1.21986); 287(4.48796); 288(7.77078); 289(0.12602); 290(8.86871); 291(8.35189); 292(7.86907); 293(6.75332); 294(8.88799); 295(8.26216); 296(7.48239); 297(4.84497); 298(7.42001); 299(3.43427),1325.18933,1325.18933,4.4320713377926415,2.6260202112094424,8.98757,0.01154,0.4132510157781469,1
17,0(3.53565); 1(6.17662); 2(1.83356); 3(3.33921); 4(2.1468); 5(7.00291); 6(4.4396); 7(5.01818); 8(0.04601); 9(7.9405); 10(1.45556); 11(3.03512); 12(7.15653); 13(7.51553); 14(7.33234); 15(6.8315); 16(5.96315); 18(4.28295); 19(1.55142); 20(1.23648); 21(3.05867); 22(7.11824); 23(8.65453); 24(4.86125); 25(0.12908); 26(4.10146); 27(5.97194); 28(3.96461); 29(2.08306); 30(4.87023); 31(8.12834); 32(2.97223); 33(5.47995); 34(2.24061); 35(1.21745); 36(6.02278); 37(8.73903); 38(8.58521); 39(4.67077); 40(3.23447); 41(6.44796); 42(8.72706); 43(2.78133); 44(0.10147); 45(7.89249); 46(3.60519); 47(6.32124); 48(1.21451); 49(8.46341); 50(4.93603); 51(5.21478); 52(6.00126); 53(8.40582); 54(8.8521); 55(7.0804); 56(4.92176); 57(4.27435); 58(3.86107); 59(0.74036); 60(8.53788); 61(2.25135); 62(1.22687); 63(5.63768); 64(5.38695); 65(8.74388); 66(0.55171); 67(0.24332); 68(2.26913); 69(2.05852); 70(1.99816); 71(6.17458); 72(3.21306); 73(0.35775); 74(2.25016); 75(2.0681); 76(2.01352); 77(2.16674); 78(1.85156); 79(3.60187); 80(5.04266); 81(7.9029); 82(1.25607); 83(2.41706); 84(4.21098); 85(1.9954); 86(2.52518); 87(3.52321); 88(7.30993); 89(3.55141); 90(3.71741); 91(7.55851); 92(8.86697); 93(5.02771); 94(8.36836); 95(0.32103); 96(8.0125); 97(1.14067); 98(8.3907); 99(5.56869); 100(8.22178); 101(6.50653); 102(8.15344); 103(0.16913); 104(8.86091); 105(6.43507); 106(0.19429); 107(1.014); 108(5.57116); 109(8.28074); 110(3.34896); 111(7.78505); 112(8.42537); 113(4.38365); 114(3.23661); 115(3.82392); 116(3.02164); 117(6.2514); 118(5.18562); 119(1.38445); 120(2.94782); 121(3.2163); 122(6.61331); 123(7.05991); 124(5.33335); 125(5.92296); 126(3.42832); 127(2.87749); 128(0.94764); 129(6.55445); 130(7.52202); 131(7.43816); 132(8.4729); 133(0.28177); 134(5.15782); 135(1.93271); 136(7.25904); 137(0.17767); 138(1.42821); 139(6.90645); 140(3.97386); 141(8.03341); 142(3.94775); 143(7.02246); 144(4.74478); 145(7.00903); 146(0.72755); 147(5.92313); 148(4.93829); 149(8.20313); 150(3.05533); 151(5.39548); 152(0.66096); 153(7.96007); 154(5.16281); 155(8.99664); 156(3.79194); 157(1.48929); 158(2.92719); 159(4.49627); 160(2.10587); 161(4.15546); 162(8.66764); 163(3.98359); 164(5.61894); 165(5.64137); 166(6.45355); 167(8.9952); 168(4.68235); 169(6.04758); 170(5.72646); 171(5.6125); 172(4.01556); 173(4.93977); 174(1.56736); 175(5.66463); 176(8.64148); 177(5.92265); 178(0.52129); 179(3.3345); 180(0.37296); 181(3.40222); 182(4.05254); 183(0.54239); 184(0.92913); 185(5.96106); 186(7.29418); 187(8.93923); 188(5.2979); 189(8.99166); 190(6.06179); 191(8.50314); 192(8.31086); 193(5.63373); 194(1.58816); 195(3.97077); 196(5.14423); 197(0.8919); 198(7.51742); 199(2.63842); 200(0.73789); 201(6.8623); 202(6.63117); 203(4.07131); 204(2.57483); 205(5.80648); 206(3.7287); 207(6.12598); 208(1.62725); 209(5.55269); 210(6.36223); 211(7.17558); 212(0.04167); 213(5.57867); 214(6.21498); 215(5.52938); 216(3.78674); 217(6.85848); 218(4.52083); 219(6.5214); 220(7.0382); 221(7.72321); 222(4.55251); 223(5.40288); 224(5.10152); 225(6.88887); 226(6.13738); 227(6.05458); 228(8.62569); 229(3.99907); 230(1.47205); 231(0.75706); 232(3.94721); 233(6.60273); 234(0.76448); 235(7.77131); 236(1.14595); 237(7.81218); 238(1.73708); 239(0.68188); 240(2.40464); 241(1.86606); 242(1.42546); 243(2.37802); 244(4.50144); 245(7.83655); 246(0.1187); 247(7.06352); 248(5.01882); 249(0.59154); 250(3.27449); 251(4.73497); 252(7.57707); 253(1.99367); 254(4.2889); 255(3.65635); 256(5.60852); 257(6.73539); 258(3.1613); 259(2.45823); 260(3.98007); 261(8.01363); 262(7.25579); 263(0.89005); 264(2.8715); 265(1.87068); 266(7.42982); 267(0.8011); 268(6.59726); 269(3.5845); 270(2.39876); 271(3.2839); 272(8.06449); 273(2.28032); 274(1.34634); 275(8.10963); 276(7.97757); 277(7.32116); 278(7.78039); 279(5.00899); 280(0.88598); 281(5.8351); 282(8.38389); 283(4.65239); 284(5.12803); 285(8.94033); 286(0.35962); 287(8.0975); 288(0.67336); 289(1.4094); 290(6.44769); 291(4.98043); 292(6.63522); 293(4.90026); 294(8.76775); 295(0.84834); 296(1.98847); 297(1.19923); 298(4.77966); 299(4.39836),1385.02409,1385.02409,4.632187591973244,2.6020096649499975,8.99664,0.04167,0.4316757623436896,2
18,0(5.30396); 1(4.51587); 2(1.93506); 3(0.78298); 4(2.98943); 5(1.35552); 6(1.24708); 7(1.06163); 8(1.00889); 9(7.88673); 10(2.15325); 11(5.23208); 12(4.73301); 13(6.65762); 14(0.56859); 15(8.80656); 16(4.09629); 17(4.28295); 19(3.5513); 20(0.8347); 21(4.79077); 22(0.18363); 23(1.90614); 24(5.62861); 25(1.15465); 26(7.54068); 27(1.30598); 28(6.17805); 29(5.28804); 30(8.84187); 31(5.66382); 32(2.18105); 33(3.71482); 34(0.29909); 35(3.09587); 36(8.21421); 37(5.63132); 38(1.67917); 39(2.67143); 40(7.74235); 41(5.87243); 42(2.28524); 43(4.31072); 44(4.51868); 45(5.33373); 46(5.26215); 47(5.93978); 48(1.15518); 49(1.18054); 50(8.81204); 51(3.90702); 52(8.97111); 53(5.59311); 54(8.13919); 55(8.32687); 56(4.66375); 57(7.6083); 58(5.22914); 59(1.434); 60(7.83648); 61(1.86132); 62(1.40915); 63(0.44161); 64(5.87136); 65(2.12686); 66(2.42907); 67(5.54101); 68(1.04741); 69(8.63042); 70(4.76075); 71(1.7396); 72(7.44806); 73(1.97981); 74(2.16179); 75(2.80343); 76(2.39257); 77(5.44918); 78(6.59664); 79(1.31465); 80(4.3952); 81(1.35233); 82(8.25063); 83(6.73167); 84(0.98171); 85(1.64942); 86(1.86972); 87(2.43484); 88(0.36733); 89(0.65632); 90(1.76364); 91(3.15192); 92(1.42149); 93(8.71642); 94(3.16758); 95(7.4674); 96(6.8394); 97(7.34096); 98(1.59344); 99(7.20814); 100(8.93702); 101(0.33078); 102(0.76893); 103(3.79131); 104(3.91879); 105(8.02882); 106(7.51263); 107(4.59322); 108(0.73169); 109(8.99923); 110(0.29988); 111(4.08675); 112(1.96017); 113(3.50351); 114(4.44153); 115(4.69915); 116(2.90084); 117(5.75554); 118(1.51712); 119(2.95066); 120(7.20396); 121(2.31057); 122(0.32343); 123(0.45455); 124(8.77003); 125(0.87323); 126(0.97059); 127(2.77288); 128(3.91791); 129(1.0878); 130(6.13952); 131(2.34049); 132(3.18581); 133(5.42603); 134(6.60019); 135(7.79002); 136(1.84665); 137(1.92091); 138(0.43821); 139(8.33736); 140(2.89186); 141(0.43965); 142(1.60668); 143(6.13571); 144(7.7203); 145(2.45035); 146(5.49342); 147(4.86176); 148(7.96444); 149(7.10964); 150(8.07546); 151(1.28382); 152(4.72274); 153(6.52099); 154(4.16079); 155(6.95263); 156(8.94137); 157(3.47335); 158(8.80909); 159(0.12376); 160(1.20451); 161(8.40876); 162(0.38893); 163(6.159); 164(2.6366); 165(4.97997); 166(7.31164); 167(0.94008); 168(6.74674); 169(1.77242); 170(6.2729); 171(1.35624); 172(8.44202); 173(6.57979); 174(4.52279); 175(7.4659); 176(0.73437); 177(0.41337); 178(1.74876); 179(0.94222); 180(2.56986); 181(6.39261); 182(0.36172); 183(3.93455); 184(1.76814); 185(7.86943); 186(7.16134); 187(3.28394); 188(5.48836); 189(3.23113); 190(6.51901); 191(1.69041); 192(8.47976); 193(5.60413); 194(5.86959); 195(4.54798); 196(1.04898); 197(6.99651); 198(4.3008); 199(1.31524); 200(5.19467); 201(5.65479); 202(8.12318); 203(4.20103); 204(3.13425); 205(5.97408); 206(6.66403); 207(8.55668); 208(5.78469); 209(5.29336); 210(6.71431); 211(4.29984); 212(3.43174); 213(3.33656); 214(5.49517); 215(3.03195); 216(4.15989); 217(6.27401); 218(3.19275); 219(3.94765); 220(7.48411); 221(5.36413); 222(1.11832); 223(7.71923); 224(3.64912); 225(1.15205); 226(4.70332); 227(0.72485); 228(3.50584); 229(6.98318); 230(5.13227); 231(5.28363); 232(2.48306); 233(5.69055); 234(7.77932); 235(4.80515); 236(3.49648); 237(6.41974); 238(7.92088); 239(5.2741); 240(6.68821); 241(4.18142); 242(2.88482); 243(0.31517); 244(3.22701); 245(5.76706); 246(0.04987); 247(8.85412); 248(2.76506); 249(6.76223); 250(8.39636); 251(6.63493); 252(5.335); 253(1.18085); 254(2.06011); 255(7.44728); 256(3.03222); 257(1.74161); 258(2.35976); 259(4.96297); 260(7.61935); 261(6.31853); 262(2.73075); 263(8.33491); 264(7.15606); 265(7.91513); 266(8.77888); 267(5.33934); 268(5.16011); 269(8.16795); 270(3.42803); 271(4.41965); 272(3.67976); 273(1.19986); 274(1.12112); 275(6.52088); 276(6.69297); 277(5.2089); 278(0.66905); 279(5.84843); 280(6.41566); 281(6.74871); 282(2.28008); 283(4.84737); 284(5.29796); 285(6.68041); 286(3.32053); 287(7.65859); 288(2.64333); 289(4.55821); 290(0.55119); 291(4.00464); 292(5.71433); 293(5.33839); 294(8.14546); 295(0.10057); 296(3.28361); 297(2.12544); 298(0.53873); 299(8.21976),1300.67743,1300.67743,4.350091739130435,2.59764127462739,8.99923,0.04987,0.41194683513416946,2
19,0(4.99352); 1(7.05878); 2(5.99892); 3(0.3891); 4(5.25878); 5(8.10268); 6(2.16872); 7(3.48464); 8(0.5842); 9(1.74747); 10(1.29525); 11(7.89953); 12(7.88545); 13(5.5959); 14(5.91146); 15(3.89359); 16(4.20932); 17(1.55142); 18(3.5513); 20(5.36146); 21(0.27933); 22(7.88652); 23(4.51719); 24(3.81073); 25(8.0767); 26(6.51856); 27(3.35868); 28(0.74817); 29(5.71094); 30(3.83249); 31(8.06075); 32(4.90568); 33(5.50737); 34(7.19001); 35(3.52126); 36(2.36049); 37(3.91909); 38(2.04423); 39(2.17947); 40(1.85289); 41(0.6541); 42(4.43291); 43(2.46703); 44(5.50702); 45(5.48335); 46(3.5803); 47(3.49248); 48(2.82471); 49(0.15143); 50(2.95237); 51(0.4066); 52(5.52379); 53(6.01558); 54(2.78356); 55(0.66507); 56(5.15754); 57(3.0202); 58(3.61877); 59(6.2884); 60(3.94312); 61(1.12109); 62(4.32674); 63(2.68199); 64(8.72582); 65(2.61146); 66(0.07899); 67(5.42521); 68(7.50918); 69(0.9703); 70(1.67735); 71(3.86413); 72(0.54348); 73(8.51697); 74(2.77489); 75(8.18818); 76(1.27936); 77(4.90947); 78(7.12027); 79(4.57317); 80(1.99196); 81(1.64384); 82(1.39615); 83(4.19767); 84(8.40222); 85(2.36315); 86(8.47601); 87(6.22884); 88(5.78917); 89(1.83605); 90(7.53254); 91(0.65274); 92(3.95296); 93(5.66077); 94(5.15016); 95(1.01878); 96(1.17215); 97(4.72978); 98(7.43945); 99(8.43913); 100(5.59156); 101(8.3077); 102(1.32039); 103(4.8306); 104(4.59091); 105(2.71386); 106(3.8798); 107(5.83985); 108(7.44114); 109(5.89972); 110(6.40576); 111(7.74377); 112(2.91271); 113(4.46893); 114(5.39307); 115(3.75718); 116(1.51693); 117(8.01781); 118(4.01942); 119(8.86573); 120(3.04245); 121(2.71974); 122(7.9373); 123(4.01765); 124(1.6031); 125(0.01075); 126(0.4884); 127(0.4807); 128(4.26482); 129(7.91852); 130(3.28377); 131(0.267); 132(4.02949); 133(3.79791); 134(1.70036); 135(1.86521); 136(5.71155); 137(5.97134); 138(3.23357); 139(0.53856); 140(1.36314); 141(3.98189); 142(6.64116); 143(7.58428); 144(3.52244); 145(0.80173); 146(8.37687); 147(7.49556); 148(4.95436); 149(6.62877); 150(4.39154); 151(5.51898); 152(2.29437); 153(3.51838); 154(3.36185); 155(5.75292); 156(0.4876); 157(3.7745); 158(5.53947); 159(1.98626); 160(0.3332); 161(1.46988); 162(4.24054); 163(1.26232); 164(6.2502); 165(0.39432); 166(1.22496); 167(7.65711); 168(5.27815); 169(6.50529); 170(0.50952); 171(7.82689); 172(5.59225); 173(1.05016); 174(3.15799); 175(4.64082); 176(3.53925); 177(4.80751); 178(6.9043); 179(8.51049); 180(1.87531); 181(7.95034); 182(7.88785); 183(0.44863); 184(2.89719); 185(5.24741); 186(0.49146); 187(0.97735); 188(6.11628); 189(3.27243); 190(2.17499); 191(1.99035); 192(0.8745); 193(8.79197); 194(6.9031); 195(5.60008); 196(7.69512); 197(0.69216); 198(4.41027); 199(4.09327); 200(2.12964); 201(1.40943); 202(7.85965); 203(8.67953); 204(6.25628); 205(1.82254); 206(5.95037); 207(0.56073); 208(0.91142); 209(4.74317); 210(7.14331); 211(7.12575); 212(5.43557); 213(1.09747); 214(3.38797); 215(4.87983); 216(8.13433); 217(2.82369); 218(1.56942); 219(3.181); 220(7.11437); 221(7.13516); 222(1.60849); 223(4.77248); 224(3.22237); 225(0.62194); 226(0.72389); 227(5.32394); 228(6.03916); 229(5.25619); 230(0.87557); 231(2.2366); 232(8.89831); 233(2.0862); 234(4.78681); 235(1.27989); 236(1.48996); 237(3.39818); 238(4.99856); 239(1.77855); 240(7.78409); 241(8.96178); 242(0.54515); 243(0.68725); 244(3.2655); 245(6.95371); 246(7.4518); 247(0.06266); 248(8.98709); 249(6.26805); 250(0.67216); 251(4.45463); 252(4.49908); 253(0.16262); 254(2.32647); 255(6.77624); 256(8.37549); 257(3.44711); 258(8.56128); 259(5.07883); 260(5.72843); 261(6.11813); 262(7.72902); 263(7.20219); 264(5.51286); 265(2.36074); 266(4.9466); 267(3.83609); 268(4.16775); 269(3.91624); 270(3.47967); 271(1.75679); 272(6.10144); 273(8.50628); 274(7.89175); 275(2.38143); 276(7.77094); 277(6.34544); 278(5.24959); 279(2.23147); 280(5.09974); 281(2.01498); 282(5.50087); 283(1.06881); 284(1.30131); 285(4.00062); 286(2.16387); 287(0.49069); 288(4.47742); 289(2.50036); 290(7.97169); 291(1.29081); 292(6.65994); 293(5.0878); 294(4.67829); 295(1.78861); 296(2.71438); 297(3.6631); 298(7.67151); 299(4.33973),1254.86834,1254.86834,4.196884080267559,2.519697085688044,8.98709,0.01075,0.4011751911870752,1
20,0(5.85389); 1(8.41456); 2(8.44359); 3(5.6616); 4(0.79459); 5(5.40705); 6(7.41036); 7(6.81661); 8(3.91103); 9(7.95221); 10(4.99457); 11(3.47928); 12(7.18814); 13(0.13302); 14(7.25333); 15(4.42443); 16(5.2914); 17(1.23648); 18(0.8347); 19(5.36146); 21(0.82535); 22(2.77019); 23(1.55717); 24(4.71389); 25(1.8641); 26(4.19559); 27(5.45011); 28(4.36022); 29(5.76877); 30(4.29079); 31(1.94006); 32(3.54324); 33(8.1076); 34(7.7669); 35(2.45275); 36(3.78037); 37(8.15215); 38(5.51205); 39(7.01725); 40(1.39406); 41(8.12684); 42(7.24769); 43(8.05314); 44(1.49762); 45(0.27305); 46(3.43558); 47(6.24482); 48(0.39421); 49(4.80076); 50(4.88654); 51(2.29877); 52(6.87793); 53(1.98427); 54(8.53162); 55(0.21726); 56(6.68313); 57(1.72721); 58(0.28805); 59(4.62803); 60(8.69126); 61(6.48505); 62(5.68527); 63(4.5149); 64(0.55269); 65(1.11741); 66(0.09159); 67(1.67959); 68(4.63417); 69(7.75969); 70(6.59252); 71(7.05119); 72(4.83511); 73(6.08304); 74(8.04142); 75(4.25183); 76(1.91488); 77(2.31722); 78(5.25831); 79(6.24587); 80(1.83292); 81(5.65978); 82(3.61738); 83(6.25329); 84(3.00584); 85(1.62949); 86(5.3053); 87(4.16577); 88(5.67117); 89(2.11501); 90(7.20704); 91(7.98956); 92(4.01398); 93(1.34504); 94(1.89002); 95(3.06793); 96(2.36932); 97(4.55039); 98(5.99972); 99(2.6919); 100(0.30467); 101(6.78655); 102(5.0131); 103(5.50625); 104(7.08325); 105(6.26047); 106(8.55251); 107(3.62093); 108(3.50898); 109(1.40742); 110(7.84669); 111(6.80955); 112(2.4604); 113(8.55474); 114(8.91016); 115(2.98403); 116(6.43249); 117(0.70169); 118(0.81675); 119(7.82951); 120(2.25596); 121(7.46244); 122(5.93635); 123(8.99573); 124(6.79904); 125(4.04142); 126(6.67266); 127(1.87504); 128(3.18866); 129(0.67122); 130(5.11859); 131(0.56564); 132(4.04369); 133(5.31633); 134(0.90916); 135(4.95228); 136(8.12128); 137(7.36744); 138(5.47665); 139(8.59661); 140(5.33524); 141(6.56368); 142(4.3413); 143(5.20025); 144(6.70981); 145(0.63387); 146(0.5873); 147(7.5129); 148(8.24758); 149(7.50016); 150(2.82387); 151(6.36789); 152(3.13523); 153(2.36424); 154(0.3287); 155(1.5985); 156(0.48672); 157(2.08415); 158(5.65743); 159(5.09953); 160(4.71211); 161(2.55584); 162(5.13014); 163(2.50717); 164(5.19375); 165(6.07374); 166(1.87985); 167(4.36457); 168(0.08676); 169(1.42153); 170(2.28919); 171(0.87721); 172(7.39075); 173(3.28558); 174(4.33377); 175(5.85678); 176(7.93257); 177(8.987); 178(4.04474); 179(8.68395); 180(5.0771); 181(8.92748); 182(5.8008); 183(5.53588); 184(6.15877); 185(3.43822); 186(0.64837); 187(1.65275); 188(4.31446); 189(0.47529); 190(5.35394); 191(2.24082); 192(6.19809); 193(1.9646); 194(3.15359); 195(1.23115); 196(3.78389); 197(8.90762); 198(5.50105); 199(0.90068); 200(8.79914); 201(6.20857); 202(7.13659); 203(5.33093); 204(0.87306); 205(8.85408); 206(8.24521); 207(3.04586); 208(1.90589); 209(3.80629); 210(4.05718); 211(4.11529); 212(4.71223); 213(0.45518); 214(1.18588); 215(4.91775); 216(5.11986); 217(5.97438); 218(5.63063); 219(4.99713); 220(7.63581); 221(5.20327); 222(6.79603); 223(7.93165); 224(2.93589); 225(0.49896); 226(6.07882); 227(2.49428); 228(8.18196); 229(4.08727); 230(1.58187); 231(7.24335); 232(2.7291); 233(4.35216); 234(1.75073); 235(3.62337); 236(8.20597); 237(6.93979); 238(1.3285); 239(5.3579); 240(5.28301); 241(0.37973); 242(8.94608); 243(3.81747); 244(2.30929); 245(5.17047); 246(7.97681); 247(6.09262); 248(2.12484); 249(5.72571); 250(5.06999); 251(0.57018); 252(0.5037); 253(4.11171); 254(4.45022); 255(8.10352); 256(3.82728); 257(0.71556); 258(3.82091); 259(1.92681); 260(0.85809); 261(1.15473); 262(8.60727); 263(6.13283); 264(4.44268); 265(5.51823); 266(2.48887); 267(2.61593); 268(2.7232); 269(5.17715); 270(3.44228); 271(2.30689); 272(6.28698); 273(5.59015); 274(0.45289); 275(3.18665); 276(1.12392); 277(6.06277); 278(8.37129); 279(1.54987); 280(5.16242); 281(0.82577); 282(3.08633); 283(5.29515); 284(4.68988); 285(1.04039); 286(6.76044); 287(4.35987); 288(4.69286); 289(6.06714); 290(8.79337); 291(6.99238); 292(5.60604); 293(6.91485); 294(7.65134); 295(2.59825); 296(8.10525); 297(6.96645); 298(7.42723); 299(0.62668),1342.92,1342.92,4.4913712374581936,2.5318069510836176,8.99573,0.08676,0.42392477402595324,1
21,0(5.81343); 1(2.27677); 2(3.63675); 3(2.48059); 4(6.59893); 5(6.6017); 6(8.82881); 7(8.7601); 8(6.54557); 9(4.73061); 10(8.91907); 11(3.14413); 12(0.78771); 13(4.02632); 14(4.05246); 15(4.14687); 16(3.14117); 17(3.05867); 18(4.79077); 19(0.27933); 20(0.82535); 22(7.5476); 23(3.64821); 24(7.4468); 25(3.2584); 26(1.74761); 27(2.4391); 28(4.53183); 29(0.97435); 30(2.98706); 31(3.435); 32(7.14219); 33(4.68121); 34(5.28392); 35(4.76477); 36(2.13443); 37(5.24332); 38(8.85264); 39(2.63466); 40(4.88699); 41(8.44277); 42(0.01835); 43(2.17302); 44(3.14641); 45(4.97385); 46(4.09625); 47(0.19492); 48(4.80595); 49(8.10063); 50(3.33437); 51(5.78544); 52(4.4528); 53(1.56234); 54(5.68116); 55(3.32796); 56(6.59141); 57(7.51761); 58(1.43503); 59(3.65643); 60(0.15303); 61(6.42619); 62(6.77239); 63(8.85015); 64(8.44749); 65(5.38238); 66(4.02306); 67(6.14579); 68(6.86463); 69(7.36202); 70(5.99273); 71(2.518); 72(5.37941); 73(8.48334); 74(0.60537); 75(3.52716); 76(3.40831); 77(2.92106); 78(7.23148); 79(2.24728); 80(5.57507); 81(1.33602); 82(4.56063); 83(8.83821); 84(4.58797); 85(0.799); 86(5.27336); 87(3.23075); 88(0.13487); 89(6.89689); 90(1.36616); 91(8.46794); 92(0.79452); 93(5.01292); 94(6.56516); 95(1.47157); 96(4.39408); 97(2.73887); 98(0.11753); 99(5.5025); 100(1.38117); 101(2.96762); 102(8.12879); 103(8.15092); 104(7.18192); 105(5.53715); 106(1.19559); 107(5.86865); 108(8.91316); 109(5.88625); 110(7.11322); 111(7.11828); 112(7.10544); 113(7.90205); 114(0.55846); 115(5.75979); 116(8.53855); 117(8.87388); 118(3.68863); 119(6.98793); 120(1.6466); 121(6.91674); 122(7.2898); 123(6.3228); 124(2.71894); 125(5.68059); 126(6.93085); 127(7.09197); 128(5.25454); 129(1.87709); 130(2.60482); 131(2.40069); 132(0.24623); 133(4.45261); 134(6.40882); 135(3.8769); 136(2.66994); 137(7.87217); 138(2.74326); 139(1.89558); 140(5.90255); 141(5.21562); 142(8.97064); 143(7.94124); 144(2.59503); 145(7.49065); 146(4.31221); 147(8.05397); 148(1.40454); 149(8.05971); 150(7.21493); 151(3.07789); 152(2.27513); 153(6.1962); 154(2.96028); 155(5.19539); 156(1.99384); 157(3.14302); 158(7.77761); 159(1.07834); 160(1.2193); 161(3.12814); 162(8.92737); 163(3.51389); 164(6.27415); 165(1.68337); 166(5.1856); 167(0.45724); 168(0.4387); 169(2.24839); 170(4.7115); 171(8.91504); 172(2.86639); 173(5.41929); 174(8.49559); 175(7.42271); 176(2.58678); 177(4.85845); 178(8.15856); 179(6.65346); 180(8.29907); 181(2.1489); 182(6.44848); 183(6.48375); 184(3.06843); 185(7.71475); 186(8.87136); 187(4.2388); 188(4.43694); 189(8.15523); 190(3.6642); 191(4.86863); 192(4.95186); 193(8.19073); 194(8.40107); 195(6.606); 196(4.8302); 197(1.09664); 198(5.13905); 199(3.92801); 200(5.9533); 201(8.49023); 202(5.09511); 203(1.92267); 204(8.18211); 205(2.77257); 206(8.2201); 207(2.60515); 208(1.60611); 209(5.8342); 210(8.22545); 211(1.513); 212(0.6712); 213(5.97042); 214(5.27817); 215(5.65131); 216(5.47022); 217(6.96679); 218(0.27402); 219(3.75412); 220(4.62998); 221(5.74929); 222(1.256); 223(1.95301); 224(4.64011); 225(3.46212); 226(6.20167); 227(2.18512); 228(2.03607); 229(7.08775); 230(6.86069); 231(7.5632); 232(0.82318); 233(4.35337); 234(3.76506); 235(1.75125); 236(8.74236); 237(1.0735); 238(7.69348); 239(7.02431); 240(4.29578); 241(3.89218); 242(2.29842); 243(5.66009); 244(3.6498); 245(7.98708); 246(7.94452); 247(2.92523); 248(4.02284); 249(1.99316); 250(4.09194); 251(4.63138); 252(8.29831); 253(1.08195); 254(6.90605); 255(7.25879); 256(7.04468); 257(6.2598); 258(0.23598); 259(6.86564); 260(4.68909); 261(1.41745); 262(6.04088); 263(0.5444); 264(4.79643); 265(4.17492); 266(8.82639); 267(0.44303); 268(6.11229); 269(5.46402); 270(2.94106); 271(0.67544); 272(2.45181); 273(0.21191); 274(7.56918); 275(5.68373); 276(1.63823); 277(7.71477); 278(8.75942); 279(3.64291); 280(2.12791); 281(6.68529); 282(8.50929); 283(2.011); 284(5.5879); 285(2.14379); 286(4.77579); 287(4.1519); 288(0.73671); 289(5.98443); 290(5.92323); 291(5.49756); 292(7.52802); 293(2.67969); 294(3.92484); 295(6.72684); 296(1.31425); 297(0.64045); 298(1.75454); 299(8.62368),1399.88625,1399.88625,4.68189381270903,2.544783490048401,8.97064,0.01835,0.43908844191869745,1
22,0(1.45358); 1(1.66245); 2(2.86048); 3(5.69537); 4(8.52821); 5(4.51254); 6(2.63701); 7(0.44559); 8(0.67183); 9(3.06529); 10(4.7713); 11(8.95004); 12(2.71861); 13(7.15034); 14(8.21631); 15(2.65748); 16(6.17604); 17(7.11824); 18(0.18363); 19(7.88652); 20(2.77019); 21(7.5476); 23(2.02972); 24(5.78835); 25(5.63525); 26(1.9615); 27(1.99704); 28(1.02406); 29(3.88247); 30(6.02968); 31(2.091); 32(1.53866); 33(3.83676); 34(7.21898); 35(4.62528); 36(7.44405); 37(4.06566); 38(4.63707); 39(0.0579); 40(4.83314); 41(6.47668); 42(0.56649); 43(2.96699); 44(4.24446); 45(4.92738); 46(1.601); 47(4.39697); 48(8.95173); 49(0.69891); 50(8.19744); 51(7.50189); 52(5.60803); 53(6.6186); 54(6.0124); 55(2.17171); 56(2.19931); 57(0.82071); 58(7.39764); 59(8.99572); 60(4.41864); 61(4.98497); 62(6.8326); 63(0.96279); 64(5.31151); 65(6.54121); 66(7.19719); 67(1.85774); 68(1.49662); 69(3.13704); 70(1.10026); 71(1.66691); 72(0.84639); 73(6.74013); 74(6.41502); 75(3.96445); 76(5.0579); 77(5.71228); 78(2.75592); 79(2.45555); 80(4.89318); 81(4.30854); 82(3.14106); 83(3.54188); 84(2.49888); 85(8.08066); 86(2.77073); 87(1.49507); 88(4.10908); 89(4.36252); 90(7.07327); 91(8.47315); 92(7.99714); 93(5.4248); 94(4.45265); 95(2.30962); 96(5.92361); 97(2.66716); 98(5.81965); 99(1.4561); 100(6.71075); 101(0.21453); 102(7.64697); 103(5.17975); 104(3.24682); 105(4.46506); 106(7.87998); 107(3.51498); 108(1.76632); 109(2.20535); 110(7.35368); 111(3.94518); 112(0.49953); 113(7.27445); 114(1.39908); 115(6.1679); 116(7.0269); 117(0.46654); 118(6.77782); 119(0.80461); 120(4.94742); 121(1.23854); 122(2.08485); 123(2.80007); 124(0.5456); 125(7.92188); 126(1.56767); 127(5.08152); 128(4.80346); 129(7.0241); 130(1.04558); 131(7.79066); 132(1.62466); 133(3.28871); 134(8.19016); 135(2.91158); 136(0.51378); 137(7.87689); 138(3.43951); 139(3.88201); 140(1.10558); 141(4.47366); 142(7.03777); 143(0.49333); 144(6.63623); 145(0.6844); 146(2.74331); 147(2.86456); 148(1.73072); 149(7.71278); 150(3.75446); 151(3.56088); 152(1.49358); 153(7.83829); 154(2.81778); 155(6.24002); 156(2.1053); 157(1.99183); 158(4.37441); 159(4.19834); 160(3.01264); 161(4.20575); 162(0.11476); 163(1.0148); 164(4.70666); 165(0.11773); 166(0.4369); 167(7.89006); 168(1.05295); 169(8.34697); 170(4.43949); 171(8.26141); 172(5.50686); 173(2.68722); 174(0.24191); 175(7.39801); 176(2.86344); 177(7.63272); 178(1.5429); 179(4.97794); 180(1.13072); 181(6.16587); 182(2.80886); 183(5.35594); 184(8.93553); 185(8.56743); 186(3.21863); 187(3.31057); 188(2.50658); 189(8.76219); 190(2.37987); 191(7.20792); 192(5.64775); 193(6.02325); 194(4.72129); 195(0.5634); 196(3.94933); 197(8.66848); 198(2.42791); 199(1.62444); 200(2.0849); 201(3.8468); 202(6.14918); 203(0.95528); 204(0.0849); 205(6.84804); 206(0.77778); 207(6.52691); 208(7.45278); 209(5.29089); 210(1.26052); 211(0.15028); 212(0.91979); 213(6.67844); 214(6.50469); 215(4.45043); 216(8.29981); 217(7.98266); 218(6.23222); 219(5.45673); 220(2.20524); 221(6.17104); 222(5.68576); 223(2.15005); 224(3.7877); 225(7.07705); 226(5.76959); 227(8.01242); 228(3.53725); 229(2.48152); 230(1.05229); 231(1.41691); 232(6.55107); 233(2.72152); 234(3.33557); 235(8.66554); 236(1.60869); 237(7.1701); 238(7.50822); 239(8.93359); 240(5.83764); 241(7.23238); 242(1.71234); 243(2.81993); 244(8.34813); 245(3.24488); 246(2.56849); 247(3.24622); 248(7.80003); 249(0.47492); 250(3.07157); 251(8.45125); 252(6.41889); 253(0.87577); 254(0.95094); 255(4.69401); 256(6.9013); 257(4.69212); 258(1.39838); 259(0.94036); 260(1.62984); 261(0.06503); 262(2.12336); 263(0.92995); 264(0.96388); 265(7.21209); 266(2.33969); 267(2.55123); 268(3.30476); 269(0.0282); 270(7.13538); 271(5.32812); 272(1.13621); 273(2.25122); 274(0.33174); 275(1.68508); 276(6.89927); 277(4.333); 278(7.43075); 279(4.18905); 280(7.97455); 281(1.47362); 282(8.26403); 283(6.98688); 284(8.00927); 285(6.00028); 286(8.3795); 287(6.47903); 288(7.00916); 289(6.88974); 290(3.496); 291(4.16808); 292(7.62195); 293(2.84448); 294(5.04759); 295(8.68549); 296(0.59637); 297(0.36818); 298(4.69083); 299(5.28382),1272.00271,1272.00271,4.25418966555184,2.6117070265294497,8.99572,0.0282,0.40202470564624543,1
23,0(2.78112); 1(0.09445); 2(3.11527); 3(6.53188); 4(4.87618); 5(4.04898); 6(7.58584); 7(0.11136); 8(6.33315); 9(3.30287); 10(4.43089); 11(4.88271); 12(0.07257); 13(4.56913); 14(6.81167); 15(8.13086); 16(5.29261); 17(8.65453); 18(1.90614); 19(4.51719); 20(1.55717); 21(3.64821); 22(2.02972); 24(8.99875); 25(4.19262); 26(0.59155); 27(4.91505); 28(0.80986); 29(0.02883); 30(2.33112); 31(1.64428); 32(6.92815); 33(6.62185); 34(5.24783); 35(6.65206); 36(4.24122); 37(1.35726); 38(0.53611); 39(0.62762); 40(7.65275); 41(2.49877); 42(3.59476); 43(2.13703); 44(0.71084); 45(0.69888); 46(7.77262); 47(2.3147); 48(3.08921); 49(4.73826); 50(6.38615); 51(4.0659); 52(5.38986); 53(6.78128); 54(4.30079); 55(0.44029); 56(2.7235); 57(3.76853); 58(8.37741); 59(5.46819); 60(5.19178); 61(4.66004); 62(5.1075); 63(0.02639); 64(6.90132); 65(6.46613); 66(7.5119); 67(0.26813); 68(6.7705); 69(1.14533); 70(8.65536); 71(2.78686); 72(6.39722); 73(3.82407); 74(4.23734); 75(2.33787); 76(7.78367); 77(8.45562); 78(7.37047); 79(1.58605); 80(7.57757); 81(7.00477); 82(0.08208); 83(3.88032); 84(7.07573); 85(3.29103); 86(8.62516); 87(0.70939); 88(2.33759); 89(7.00442); 90(6.53492); 91(7.47204); 92(8.16994); 93(2.08652); 94(5.0153); 95(8.0712); 96(3.23282); 97(8.66944); 98(7.24315); 99(3.83727); 100(1.6986); 101(7.13468); 102(1.13513); 103(1.67289); 104(8.77831); 105(5.95422); 106(6.85758); 107(6.73439); 108(8.17325); 109(1.6184); 110(7.84653); 111(6.42921); 112(2.27402); 113(7.04005); 114(7.89435); 115(2.27276); 116(8.52198); 117(7.74516); 118(3.06895); 119(3.62022); 120(1.55266); 121(0.80072); 122(7.29218); 123(0.73391); 124(3.04661); 125(3.60414); 126(0.90116); 127(5.84389); 128(3.36793); 129(0.13798); 130(8.26488); 131(6.10855); 132(2.70039); 133(4.83743); 134(2.55438); 135(2.47806); 136(0.95627); 137(3.64513); 138(4.82729); 139(5.81566); 140(6.58441); 141(7.97967); 142(1.96815); 143(7.42645); 144(4.73908); 145(1.38258); 146(6.54095); 147(8.25934); 148(0.61837); 149(1.05986); 150(4.70723); 151(3.37551); 152(4.45746); 153(5.94808); 154(1.14233); 155(4.56634); 156(1.69335); 157(3.06682); 158(7.01319); 159(8.59029); 160(8.29214); 161(3.60859); 162(2.01612); 163(6.34543); 164(0.62183); 165(4.96878); 166(1.71317); 167(1.25753); 168(8.18644); 169(8.42679); 170(6.83277); 171(7.57827); 172(8.82799); 173(5.78506); 174(5.4584); 175(6.64238); 176(0.31978); 177(1.11146); 178(2.66473); 179(1.96022); 180(4.99354); 181(8.55438); 182(4.49758); 183(6.97316); 184(5.56379); 185(0.90014); 186(4.37251); 187(3.25937); 188(7.94029); 189(1.05481); 190(3.12939); 191(1.75474); 192(2.60576); 193(5.98511); 194(6.459); 195(6.77552); 196(8.86384); 197(7.96245); 198(1.23517); 199(3.41306); 200(0.75497); 201(6.80618); 202(7.41399); 203(2.17058); 204(4.3677); 205(2.55184); 206(8.67674); 207(0.21709); 208(0.82037); 209(4.20083); 210(4.8537); 211(2.02135); 212(8.92899); 213(8.67239); 214(1.18717); 215(7.61141); 216(8.36278); 217(2.48255); 218(5.3798); 219(6.14708); 220(4.45039); 221(5.02167); 222(5.50957); 223(3.69908); 224(7.75594); 225(8.37611); 226(1.97124); 227(5.32598); 228(8.78798); 229(5.06577); 230(0.13953); 231(0.86598); 232(6.51244); 233(7.17257); 234(8.34869); 235(1.36299); 236(1.89694); 237(5.4304); 238(8.90449); 239(6.74349); 240(1.13228); 241(1.71557); 242(7.9855); 243(2.09258); 244(3.69635); 245(8.90117); 246(4.86761); 247(3.91765); 248(5.9436); 249(8.08455); 250(5.92484); 251(8.43421); 252(6.61575); 253(3.92409); 254(3.66591); 255(0.0403); 256(1.55531); 257(8.01478); 258(7.88028); 259(6.16861); 260(3.79747); 261(8.64058); 262(2.39227); 263(6.05929); 264(3.74774); 265(8.88749); 266(5.27193); 267(8.17933); 268(7.97068); 269(8.52396); 270(8.28286); 271(4.2626); 272(8.51735); 273(1.69132); 274(4.42434); 275(1.8311); 276(1.19379); 277(7.22342); 278(8.5027); 279(6.69981); 280(5.77276); 281(0.729); 282(1.50817); 283(8.8256); 284(5.73056); 285(4.93398); 286(3.61148); 287(0.58901); 288(5.28702); 289(5.66713); 290(3.09797); 291(4.06814); 292(6.52623); 293(1.96368); 294(7.42337); 295(6.33778); 296(7.82026); 297(1.02271); 298(8.07391); 299(8.53289),1406.44482,1406.44482,4.703828829431438,2.7045793021616573,8.99875,0.02639,0.43314729007889957,1
24,0(2.25368); 1(4.93835); 2(0.76233); 3(5.20408); 4(0.80983); 5(8.63563); 6(6.68291); 7(6.98822); 8(0.72259); 9(4.70214); 10(7.09209); 11(5.65806); 12(1.57068); 13(0.04711); 14(7.14075); 15(0.99443); 16(1.74252); 17(4.86125); 18(5.62861); 19(3.81073); 20(4.71389); 21(7.4468); 22(5.78835); 23(8.99875); 25(3.76256); 26(8.82005); 27(3.87728); 28(3.22024); 29(6.36286); 30(2.12364); 31(1.36582); 32(0.58451); 33(1.9542); 34(8.87796); 35(6.75299); 36(8.25529); 37(7.96341); 38(6.2809); 39(7.63941); 40(4.30511); 41(5.4359); 42(5.17603); 43(2.67703); 44(3.07765); 45(0.64107); 46(5.84883); 47(1.28015); 48(2.7059); 49(6.51328); 50(8.23987); 51(3.26697); 52(3.58742); 53(4.11433); 54(1.37648); 55(8.14463); 56(2.27495); 57(0.92868); 58(2.72404); 59(6.26588); 60(3.66162); 61(8.61494); 62(8.4471); 63(0.86352); 64(5.38728); 65(1.36467); 66(2.35211); 67(0.67443); 68(5.66169); 69(3.59297); 70(3.51473); 71(2.44981); 72(1.10052); 73(0.99336); 74(6.40034); 75(1.97346); 76(6.69478); 77(2.6295); 78(0.74349); 79(8.8085); 80(8.65493); 81(2.86263); 82(6.00939); 83(4.15997); 84(2.07845); 85(3.57197); 86(6.95134); 87(6.58503); 88(6.99287); 89(0.47914); 90(7.10525); 91(2.58954); 92(7.76988); 93(5.94088); 94(8.27464); 95(6.49058); 96(6.64144); 97(6.95658); 98(2.83089); 99(1.52835); 100(0.3797); 101(8.20858); 102(8.50308); 103(8.68738); 104(7.27231); 105(6.42876); 106(2.30551); 107(4.27875); 108(1.00089); 109(4.88583); 110(4.37307); 111(2.82957); 112(2.74913); 113(3.1872); 114(2.33362); 115(0.65765); 116(6.07566); 117(8.0958); 118(6.14695); 119(0.77635); 120(1.01143); 121(5.06334); 122(1.83426); 123(3.82664); 124(0.40369); 125(5.23382); 126(6.89676); 127(8.89139); 128(0.28127); 129(1.29384); 130(3.78095); 131(4.73517); 132(3.59506); 133(3.48922); 134(1.85767); 135(4.60086); 136(7.49231); 137(8.24505); 138(2.84337); 139(5.98275); 140(5.53085); 141(6.78503); 142(0.95936); 143(7.04207); 144(3.97293); 145(2.65468); 146(3.19374); 147(4.32366); 148(7.87899); 149(0.11921); 150(3.53039); 151(0.75021); 152(5.90137); 153(2.58372); 154(6.75639); 155(0.55968); 156(8.0644); 157(4.71315); 158(7.51636); 159(7.71794); 160(7.45348); 161(2.32479); 162(8.94493); 163(0.79094); 164(1.20353); 165(0.89121); 166(7.89512); 167(2.50928); 168(5.6777); 169(1.63125); 170(6.07651); 171(7.77565); 172(0.23705); 173(7.18872); 174(4.5537); 175(0.90511); 176(4.28763); 177(2.88435); 178(0.32613); 179(7.41893); 180(2.44576); 181(6.7905); 182(0.80855); 183(3.8746); 184(7.48484); 185(4.33834); 186(0.23982); 187(0.96799); 188(5.61829); 189(0.47729); 190(7.90545); 191(0.76553); 192(0.44164); 193(4.97109); 194(1.55742); 195(3.02617); 196(6.629); 197(6.81575); 198(5.94684); 199(1.96232); 200(0.83873); 201(2.11889); 202(6.27344); 203(6.45102); 204(0.00513); 205(2.68935); 206(3.6869); 207(5.02207); 208(6.91332); 209(2.68317); 210(4.74156); 211(7.49942); 212(7.8279); 213(8.5555); 214(5.15156); 215(6.43119); 216(7.1202); 217(4.90045); 218(3.11739); 219(4.77075); 220(0.97064); 221(4.13482); 222(3.49757); 223(2.44634); 224(6.8583); 225(8.73781); 226(4.9471); 227(8.2343); 228(4.00818); 229(8.5599); 230(4.56241); 231(0.9936); 232(2.07907); 233(1.6591); 234(2.07156); 235(1.13318); 236(6.57701); 237(7.03476); 238(8.10143); 239(1.05612); 240(7.95007); 241(2.44388); 242(6.58512); 243(3.62733); 244(8.59415); 245(1.74856); 246(1.78632); 247(4.2577); 248(0.93531); 249(1.08511); 250(7.57413); 251(0.82925); 252(3.14114); 253(7.60165); 254(4.33374); 255(8.10905); 256(4.2059); 257(3.79143); 258(6.6759); 259(8.56542); 260(8.38571); 261(1.22346); 262(0.09922); 263(5.45222); 264(4.52948); 265(1.72152); 266(3.13395); 267(3.81393); 268(7.32547); 269(2.10936); 270(3.01383); 271(7.23096); 272(2.93291); 273(2.8358); 274(1.13223); 275(3.05008); 276(3.4081); 277(6.78434); 278(0.43254); 279(6.17621); 280(3.95152); 281(4.40699); 282(2.62107); 283(5.57695); 284(2.98801); 285(6.68451); 286(2.39274); 287(8.50094); 288(1.99645); 289(4.66684); 290(4.53559); 291(0.71215); 292(4.72874); 293(3.88048); 294(0.16679); 295(5.20095); 296(5.74923); 297(5.57793); 298(7.35468); 299(5.27836),1299.21818,1299.21818,4.345211304347826,2.609719330412833,8.99875,0.00513,0.40974915487510866,1
25,0(4.77094); 1(2.64265); 2(1.58715); 3(4.05515); 4(2.38409); 5(1.26343); 6(5.59592); 7(8.09953); 8(7.1054); 9(7.36892); 10(3.73348); 11(5.2187); 12(1.77792); 13(3.00297); 14(7.62371); 15(1.73982); 16(2.68062); 17(0.12908); 18(1.15465); 19(8.0767); 20(1.8641); 21(3.2584); 22(5.63525); 23(4.19262); 24(3.76256); 26(7.10383); 27(2.5611); 28(4.59031); 29(1.21425); 30(5.49111); 31(0.5575); 32(3.90867); 33(4.45356); 34(0.20888); 35(1.77071); 36(7.10769); 37(5.17902); 38(4.37529); 39(7.77129); 40(0.30738); 41(8.51867); 42(7.01403); 43(2.04689); 44(2.7335); 45(4.90884); 46(6.05799); 47(3.08125); 48(3.15371); 49(7.98163); 50(6.52303); 51(4.88155); 52(8.49028); 53(6.07471); 54(6.98459); 55(0.14809); 56(1.49799); 57(0.64372); 58(0.85504); 59(6.50603); 60(7.63892); 61(1.99024); 62(4.91243); 63(4.38692); 64(2.31551); 65(3.68535); 66(5.97771); 67(7.79024); 68(6.84103); 69(1.87842); 70(1.25238); 71(8.67987); 72(8.77281); 73(2.29492); 74(7.16716); 75(3.55344); 76(2.31714); 77(3.04523); 78(2.69693); 79(8.0019); 80(2.50697); 81(5.73887); 82(4.37301); 83(1.13896); 84(0.21142); 85(4.87466); 86(5.54693); 87(3.27101); 88(8.93202); 89(2.60852); 90(6.60675); 91(5.4173); 92(6.13499); 93(2.34485); 94(1.44265); 95(6.50499); 96(5.05589); 97(3.97323); 98(5.39117); 99(4.77666); 100(5.67347); 101(5.10995); 102(4.91173); 103(7.91967); 104(6.10608); 105(1.54094); 106(3.85288); 107(1.15567); 108(7.78315); 109(8.70857); 110(7.24641); 111(3.6976); 112(3.53638); 113(7.03424); 114(3.39316); 115(5.7345); 116(5.30531); 117(2.5659); 118(6.68809); 119(7.98429); 120(0.04719); 121(5.68435); 122(8.59361); 123(5.49999); 124(8.33076); 125(8.55794); 126(3.07764); 127(3.5256); 128(1.29478); 129(4.2887); 130(5.76262); 131(6.39023); 132(8.20999); 133(3.17759); 134(1.94393); 135(3.83312); 136(3.53355); 137(1.32914); 138(6.24388); 139(1.06648); 140(1.36485); 141(5.88372); 142(7.14845); 143(5.9025); 144(6.64594); 145(3.95044); 146(0.90942); 147(0.77885); 148(8.7924); 149(6.83588); 150(5.4337); 151(8.68054); 152(8.57711); 153(3.92215); 154(6.26591); 155(5.94784); 156(0.26706); 157(5.23344); 158(0.12785); 159(6.74384); 160(6.84578); 161(2.25197); 162(2.81363); 163(5.35815); 164(6.13476); 165(7.30905); 166(5.90858); 167(6.20846); 168(6.68698); 169(5.99782); 170(2.52083); 171(2.67885); 172(3.55888); 173(5.00209); 174(5.74548); 175(3.3458); 176(2.55594); 177(3.47659); 178(4.12725); 179(4.16424); 180(2.22589); 181(1.61001); 182(1.65531); 183(4.06384); 184(3.03207); 185(6.46501); 186(1.55978); 187(2.31425); 188(1.25346); 189(8.39721); 190(8.61584); 191(1.5874); 192(7.08104); 193(7.75355); 194(8.34271); 195(3.05711); 196(6.47106); 197(7.91778); 198(2.96175); 199(5.60825); 200(8.97648); 201(0.09641); 202(1.41047); 203(5.55085); 204(4.91971); 205(1.62746); 206(1.02353); 207(0.26156); 208(3.56122); 209(1.98136); 210(5.57029); 211(5.99403); 212(5.91894); 213(6.77725); 214(6.45409); 215(4.04401); 216(1.67944); 217(4.26763); 218(8.79523); 219(0.91234); 220(4.56549); 221(8.57817); 222(1.24552); 223(1.53564); 224(4.76729); 225(0.52915); 226(0.32986); 227(3.57444); 228(2.51701); 229(7.37701); 230(2.53984); 231(8.72417); 232(7.66554); 233(3.30687); 234(1.29087); 235(6.72595); 236(2.58232); 237(3.33078); 238(7.55349); 239(0.74735); 240(2.82462); 241(4.87207); 242(7.06615); 243(2.02664); 244(5.42191); 245(1.68805); 246(1.22242); 247(7.02792); 248(5.3372); 249(5.7337); 250(5.23702); 251(7.93947); 252(1.76828); 253(5.71969); 254(5.90216); 255(8.07891); 256(3.39243); 257(1.90901); 258(3.70344); 259(8.024); 260(8.94549); 261(6.02073); 262(1.5984); 263(2.35842); 264(1.90705); 265(2.82822); 266(1.81855); 267(7.82319); 268(8.73719); 269(8.43707); 270(5.43378); 271(4.69108); 272(3.2278); 273(3.73226); 274(2.31339); 275(4.48076); 276(2.66116); 277(8.51415); 278(2.24565); 279(5.96714); 280(4.3017); 281(7.3932); 282(8.21881); 283(6.00467); 284(1.32922); 285(4.8799); 286(1.0853); 287(5.76126); 288(7.36329); 289(1.83756); 290(3.23419); 291(7.26041); 292(6.99368); 293(7.86486); 294(4.84801); 295(0.79456); 296(6.94095); 297(7.82958); 298(3.93624); 299(6.48438),1358.19811,1358.19811,4.542468595317727,2.495528719971925,8.97648,0.04719,0.43136483036548373,1
26,0(7.44132); 1(8.56474); 2(3.1064); 3(6.77455); 4(4.8074); 5(0.05386); 6(5.77787); 7(4.02942); 8(3.39816); 9(4.38469); 10(8.25534); 11(3.80262); 12(8.71324); 13(4.88171); 14(1.09768); 15(2.76977); 16(4.95682); 17(4.10146); 18(7.54068); 19(6.51856); 20(4.19559); 21(1.74761); 22(1.9615); 23(0.59155); 24(8.82005); 25(7.10383); 27(4.01538); 28(8.74345); 29(3.96543); 30(5.62989); 31(0.23712); 32(0.85575); 33(6.8436); 34(7.60584); 35(5.77574); 36(2.17892); 37(3.8818); 38(3.38889); 39(6.61206); 40(3.42392); 41(0.42867); 42(5.42768); 43(6.26186); 44(1.59375); 45(4.74038); 46(0.61742); 47(5.90807); 48(3.92305); 49(7.41798); 50(4.28335); 51(5.31191); 52(0.81538); 53(6.10731); 54(2.99687); 55(3.28264); 56(8.35664); 57(6.56729); 58(7.17092); 59(6.04385); 60(7.86668); 61(8.61011); 62(7.45797); 63(8.64716); 64(3.83662); 65(1.36289); 66(1.05901); 67(7.36184); 68(1.72687); 69(8.85871); 70(6.41559); 71(6.53611); 72(1.67621); 73(3.64085); 74(0.71824); 75(3.1797); 76(8.28302); 77(5.91134); 78(0.49634); 79(3.63388); 80(6.52275); 81(6.06649); 82(4.83963); 83(7.03007); 84(5.08382); 85(2.85632); 86(7.24405); 87(7.40237); 88(1.89869); 89(5.37168); 90(4.30347); 91(4.56754); 92(1.9433); 93(2.90442); 94(5.66121); 95(3.01816); 96(0.45316); 97(1.05744); 98(1.25621); 99(0.46094); 100(0.13939); 101(6.97231); 102(4.71337); 103(3.58225); 104(3.34617); 105(0.30339); 106(3.39908); 107(4.29803); 108(0.30489); 109(8.78402); 110(6.71718); 111(0.16696); 112(7.80667); 113(7.80133); 114(8.57509); 115(5.52646); 116(8.33699); 117(3.01003); 118(6.42928); 119(3.4304); 120(7.44129); 121(8.3325); 122(6.7167); 123(0.73661); 124(4.50382); 125(1.18581); 126(4.78429); 127(7.26904); 128(0.77602); 129(0.3369); 130(2.4902); 131(2.14107); 132(7.35741); 133(3.11679); 134(7.51495); 135(7.91619); 136(6.10616); 137(0.86925); 138(1.35832); 139(4.28435); 140(6.37328); 141(0.66571); 142(2.41418); 143(5.43018); 144(8.06445); 145(2.9329); 146(7.31187); 147(0.56927); 148(6.22624); 149(2.47809); 150(2.35864); 151(1.41034); 152(4.30893); 153(5.28471); 154(3.90591); 155(7.80874); 156(8.29022); 157(8.17161); 158(1.74298); 159(1.94016); 160(6.15345); 161(1.38978); 162(6.21035); 163(7.16433); 164(8.54916); 165(8.65888); 166(0.71362); 167(5.46975); 168(6.71182); 169(0.95928); 170(2.44811); 171(2.83119); 172(6.75991); 173(5.74895); 174(4.97946); 175(3.66073); 176(2.33026); 177(1.52032); 178(3.24297); 179(3.02814); 180(1.4081); 181(1.15106); 182(8.91663); 183(5.12558); 184(3.18581); 185(6.96859); 186(4.6948); 187(7.51895); 188(5.12627); 189(2.30412); 190(8.3958); 191(1.7064); 192(8.41537); 193(7.31522); 194(6.32152); 195(4.83715); 196(6.16081); 197(5.77788); 198(6.26524); 199(7.63054); 200(0.05311); 201(1.97621); 202(0.38765); 203(0.16383); 204(5.3129); 205(7.2942); 206(0.09512); 207(8.24005); 208(8.30607); 209(6.26951); 210(1.38464); 211(3.85802); 212(4.44713); 213(5.4834); 214(4.10192); 215(8.27919); 216(4.34072); 217(4.07806); 218(8.88306); 219(6.40172); 220(1.20005); 221(3.84174); 222(7.67287); 223(6.77455); 224(6.00726); 225(8.17797); 226(3.55422); 227(6.46807); 228(8.99207); 229(1.68727); 230(3.58762); 231(3.93954); 232(4.29145); 233(8.40993); 234(8.56946); 235(6.75616); 236(1.967); 237(1.06103); 238(3.09542); 239(1.2917); 240(7.84121); 241(5.8198); 242(0.12011); 243(8.35239); 244(5.76987); 245(1.82409); 246(5.66281); 247(0.14264); 248(8.8298); 249(0.14903); 250(3.69956); 251(4.17107); 252(6.41888); 253(7.0225); 254(8.33828); 255(6.44678); 256(8.88447); 257(8.47847); 258(3.57938); 259(8.89598); 260(5.00391); 261(6.78313); 262(7.64568); 263(2.18808); 264(4.27745); 265(7.52049); 266(1.77077); 267(5.97037); 268(1.96653); 269(2.70454); 270(1.17899); 271(8.7066); 272(8.24831); 273(7.56044); 274(7.7605); 275(7.40309); 276(8.14407); 277(7.7843); 278(1.23958); 279(1.83356); 280(4.64104); 281(1.9361); 282(7.00393); 283(1.11466); 284(4.56023); 285(1.11603); 286(0.12656); 287(5.58314); 288(2.00272); 289(0.89318); 290(0.62837); 291(8.64042); 292(1.06741); 293(5.08918); 294(5.02532); 295(4.46489); 296(3.65236); 297(3.95198); 298(5.81502); 299(3.09518),1390.60288,1390.60288,4.650845752508362,2.6784628479882255,8.99207,0.05311,0.42939194803744907,1
27,0(5.86418); 1(0.88016); 2(2.37326); 3(6.47359); 4(1.73626); 5(5.9264); 6(4.09814); 7(4.27499); 8(7.82068); 9(5.33592); 10(4.83588); 11(0.73165); 12(6.87481); 13(6.48699); 14(7.10661); 15(7.04755); 16(6.99657); 17(5.97194); 18(1.30598); 19(3.35868); 20(5.45011); 21(2.4391); 22(1.99704); 23(4.91505); 24(3.87728); 25(2.5611); 26(4.01538); 28(6.03629); 29(8.05316); 30(2.31666); 31(2.79595); 32(6.96557); 33(4.72751); 34(1.3665); 35(5.94205); 36(2.29088); 37(3.5341); 38(6.22438); 39(7.977); 40(5.98332); 41(8.81267); 42(7.89197); 43(4.37068); 44(7.82069); 45(3.41294); 46(4.10683); 47(0.20595); 48(6.86468); 49(1.77511); 50(1.66888); 51(5.58432); 52(2.52739); 53(0.46233); 54(6.14253); 55(4.87091); 56(1.91982); 57(1.67578); 58(5.42833); 59(7.27733); 60(2.02085); 61(6.91585); 62(1.19663); 63(4.00456); 64(7.17303); 65(1.89285); 66(0.98513); 67(0.54625); 68(4.01152); 69(5.81747); 70(8.2525); 71(2.68762); 72(1.80998); 73(4.18292); 74(7.18157); 75(7.39328); 76(6.6362); 77(3.75012); 78(6.29074); 79(5.72505); 80(2.63521); 81(2.06797); 82(4.08211); 83(6.74046); 84(3.71367); 85(5.91323); 86(8.30246); 87(1.83907); 88(7.53177); 89(2.31112); 90(0.54283); 91(8.6447); 92(4.17283); 93(7.69275); 94(2.68743); 95(4.67313); 96(6.84771); 97(0.53617); 98(0.86098); 99(4.74675); 100(0.51998); 101(5.30498); 102(1.89718); 103(0.7409); 104(6.8994); 105(1.44163); 106(7.81691); 107(7.53044); 108(0.30452); 109(4.27513); 110(8.23131); 111(1.45824); 112(5.72446); 113(2.21007); 114(2.81877); 115(4.40791); 116(7.26143); 117(7.51529); 118(8.65226); 119(6.05304); 120(7.53259); 121(1.62233); 122(0.25638); 123(7.60751); 124(4.56685); 125(6.83921); 126(2.10754); 127(4.87879); 128(6.3272); 129(8.52073); 130(6.03339); 131(1.21569); 132(2.15565); 133(3.51769); 134(6.83703); 135(1.03378); 136(2.09676); 137(1.87224); 138(2.30476); 139(6.74681); 140(1.69961); 141(4.31681); 142(2.07932); 143(0.52292); 144(1.36599); 145(0.63928); 146(4.98161); 147(2.22123); 148(2.85756); 149(7.24251); 150(3.92058); 151(6.25787); 152(8.99166); 153(0.9927); 154(2.69851); 155(7.97256); 156(3.45133); 157(5.51812); 158(3.44613); 159(3.80443); 160(7.69653); 161(2.6394); 162(5.16786); 163(6.68137); 164(7.84463); 165(7.95968); 166(6.15422); 167(1.89074); 168(6.87216); 169(2.29404); 170(5.18535); 171(6.7516); 172(6.25473); 173(8.5577); 174(5.36686); 175(1.5518); 176(5.78187); 177(0.17384); 178(3.42523); 179(2.75044); 180(5.08488); 181(8.55226); 182(6.4989); 183(0.65234); 184(2.32308); 185(1.14992); 186(6.40287); 187(8.70503); 188(7.25946); 189(5.65978); 190(3.84714); 191(7.98333); 192(0.84704); 193(4.14073); 194(1.32124); 195(4.36061); 196(6.20738); 197(2.08887); 198(4.34004); 199(4.1329); 200(1.81888); 201(1.32636); 202(3.74872); 203(1.21815); 204(6.71072); 205(8.3111); 206(1.23776); 207(3.26945); 208(0.84275); 209(4.06178); 210(4.6134); 211(0.71299); 212(8.42897); 213(7.94972); 214(3.92707); 215(0.42846); 216(0.39824); 217(6.74997); 218(2.51245); 219(3.8227); 220(2.74472); 221(4.85888); 222(0.19193); 223(6.59797); 224(3.44327); 225(7.69473); 226(4.00643); 227(0.76532); 228(5.01358); 229(2.52951); 230(8.41052); 231(4.90493); 232(2.80334); 233(4.33076); 234(3.09123); 235(0.04477); 236(3.62516); 237(6.49292); 238(6.34771); 239(2.50312); 240(1.34571); 241(3.78028); 242(8.16831); 243(3.92229); 244(1.78547); 245(1.81142); 246(2.95096); 247(8.0331); 248(7.17995); 249(4.58815); 250(0.60382); 251(4.39868); 252(8.60298); 253(1.87397); 254(4.92317); 255(3.19228); 256(8.0919); 257(8.77345); 258(3.11866); 259(5.02367); 260(1.49238); 261(1.76806); 262(4.53073); 263(3.84159); 264(6.62275); 265(6.67059); 266(7.62628); 267(6.79766); 268(2.39147); 269(7.78558); 270(4.45849); 271(3.97389); 272(1.24872); 273(6.28676); 274(1.86024); 275(8.58947); 276(8.95303); 277(1.69724); 278(3.67064); 279(3.71604); 280(4.96944); 281(5.35146); 282(3.51505); 283(7.353); 284(1.85348); 285(8.02299); 286(8.05044); 287(1.03428); 288(6.06457); 289(5.58235); 290(0.03866); 291(3.04823); 292(3.02073); 293(0.36458); 294(3.177); 295(2.41451); 296(7.00622); 297(6.14696); 298(7.32151); 299(5.80677),1314.26214,1314.26214,4.395525551839464,2.5045387548706004,8.99166,0.03866,0.41943219220354505,1
28,0(4.12941); 1(6.08162); 2(4.79916); 3(4.0864); 4(7.3558); 5(5.32958); 6(0.70698); 7(3.50713); 8(4.9636); 9(8.12227); 10(0.51619); 11(3.1635); 12(4.92723); 13(0.86394); 14(4.72545); 15(0.52464); 16(7.11231); 17(3.96461); 18(6.17805); 19(0.74817); 20(4.36022); 21(4.53183); 22(1.02406); 23(0.80986); 24(3.22024); 25(4.59031); 26(8.74345); 27(6.03629); 29(1.57728); 30(0.06701); 31(4.50485); 32(8.88142); 33(7.91855); 34(8.76473); 35(0.96752); 36(1.51895); 37(7.0227); 38(2.10812); 39(5.3517); 40(7.91427); 41(0.24391); 42(5.76758); 43(8.79214); 44(3.98913); 45(2.75643); 46(1.58087); 47(4.34611); 48(1.79078); 49(2.73297); 50(8.72423); 51(6.82181); 52(2.67196); 53(1.87797); 54(3.29495); 55(2.28199); 56(8.63624); 57(3.85389); 58(2.18254); 59(5.44787); 60(0.19045); 61(2.24105); 62(8.5158); 63(7.74993); 64(8.03364); 65(1.13326); 66(0.43923); 67(4.69737); 68(4.89465); 69(0.2587); 70(2.47106); 71(1.62083); 72(2.01024); 73(5.74714); 74(8.22718); 75(7.00658); 76(0.07768); 77(7.42053); 78(3.05055); 79(0.8577); 80(5.5726); 81(0.63918); 82(7.31019); 83(1.62664); 84(8.42237); 85(5.38691); 86(2.80532); 87(6.68633); 88(5.26515); 89(0.21025); 90(5.96245); 91(6.98921); 92(2.62418); 93(0.03652); 94(4.93725); 95(5.67326); 96(4.54538); 97(0.40031); 98(4.41352); 99(7.7607); 100(2.80118); 101(6.10331); 102(6.5257); 103(2.38562); 104(8.0391); 105(2.79466); 106(7.72875); 107(0.61326); 108(5.22155); 109(4.04155); 110(6.57315); 111(3.74843); 112(0.0755); 113(6.70081); 114(0.47711); 115(8.89549); 116(2.52817); 117(0.90196); 118(5.04859); 119(1.28374); 120(0.44683); 121(0.13383); 122(2.28352); 123(3.54517); 124(1.26267); 125(5.66576); 126(6.43145); 127(3.55072); 128(5.98143); 129(7.21958); 130(6.28485); 131(1.3654); 132(4.23793); 133(0.88245); 134(7.7911); 135(8.04707); 136(6.82728); 137(2.0588); 138(2.55693); 139(0.4188); 140(3.24418); 141(7.40652); 142(7.31414); 143(3.34661); 144(7.93496); 145(4.94247); 146(0.44127); 147(5.4723); 148(5.047); 149(1.19441); 150(5.88484); 151(5.97513); 152(1.93443); 153(3.67772); 154(4.6015); 155(8.4552); 156(0.90042); 157(6.94418); 158(4.49283); 159(5.65812); 160(6.16882); 161(0.76964); 162(3.9762); 163(0.37782); 164(4.20068); 165(5.72608); 166(8.61221); 167(8.82815); 168(7.41366); 169(8.82216); 170(5.37932); 171(0.23161); 172(2.65078); 173(8.90629); 174(6.35575); 175(7.52355); 176(6.52828); 177(7.96499); 178(2.49659); 179(8.76468); 180(2.1501); 181(3.76997); 182(3.75809); 183(6.19145); 184(7.70318); 185(7.79231); 186(7.39532); 187(4.2576); 188(3.57375); 189(1.9259); 190(3.13919); 191(2.30348); 192(5.02915); 193(8.79698); 194(2.06723); 195(8.40737); 196(8.78186); 197(7.80487); 198(8.83303); 199(1.44178); 200(2.56605); 201(5.57228); 202(3.80963); 203(4.52184); 204(0.97903); 205(2.9865); 206(7.15262); 207(8.72643); 208(5.54205); 209(2.26501); 210(6.40618); 211(5.39156); 212(0.76081); 213(3.58856); 214(8.84427); 215(6.41786); 216(1.66666); 217(5.67463); 218(1.85488); 219(0.02416); 220(7.12594); 221(8.30079); 222(2.65173); 223(0.31313); 224(2.43316); 225(5.35613); 226(3.51142); 227(4.03989); 228(2.70044); 229(1.59268); 230(7.80358); 231(8.84439); 232(4.74326); 233(8.75824); 234(1.23201); 235(7.91059); 236(3.03049); 237(2.1063); 238(2.1874); 239(2.16406); 240(7.6364); 241(2.71892); 242(0.0842); 243(5.68528); 244(4.24841); 245(8.22133); 246(7.84635); 247(1.06493); 248(1.20228); 249(4.47646); 250(6.16037); 251(6.48098); 252(3.52527); 253(6.34539); 254(3.17587); 255(4.22926); 256(2.10316); 257(8.61252); 258(4.71624); 259(1.3578); 260(4.57488); 261(8.7972); 262(3.27318); 263(3.68207); 264(7.86584); 265(8.90322); 266(5.34019); 267(1.96694); 268(0.87624); 269(2.34859); 270(5.83129); 271(3.46736); 272(1.43084); 273(8.40949); 274(2.79222); 275(0.69826); 276(6.94138); 277(3.93644); 278(4.30793); 279(8.78578); 280(0.16727); 281(3.65476); 282(8.67967); 283(0.0678); 284(6.48187); 285(6.31058); 286(1.32909); 287(0.61767); 288(4.61818); 289(5.74924); 290(5.32973); 291(7.22552); 292(2.68367); 293(5.60608); 294(2.46197); 295(8.46386); 296(6.30319); 297(3.90364); 298(1.64418); 299(0.14111),1321.70784,1321.70784,4.420427558528428,2.7023812075558284,8.90629,0.02416,0.4092792660950693,1
29,0(8.76531); 1(8.47848); 2(1.75664); 3(7.09953); 4(6.36668); 5(8.27885); 6(2.20777); 7(8.58335); 8(0.58511); 9(7.32544); 10(1.64721); 11(6.51115); 12(8.44121); 13(5.35901); 14(2.21101); 15(4.45753); 16(7.68249); 17(2.08306); 18(5.28804); 19(5.71094); 20(5.76877); 21(0.97435); 22(3.88247); 23(0.02883); 24(6.36286); 25(1.21425); 26(3.96543); 27(8.05316); 28(1.57728); 30(2.18408); 31(7.83913); 32(1.71461); 33(6.90374); 34(0.18603); 35(4.89731); 36(0.58627); 37(4.07518); 38(4.44826); 39(1.68551); 40(0.01076); 41(3.07536); 42(0.24908); 43(2.46134); 44(2.14524); 45(5.75784); 46(6.05807); 47(6.77807); 48(1.02794); 49(1.03701); 50(0.01931); 51(3.4899); 52(1.97376); 53(4.31558); 54(3.97266); 55(3.31161); 56(3.51104); 57(0.06437); 58(2.00105); 59(8.84958); 60(2.77189); 61(4.40462); 62(2.01368); 63(0.91824); 64(4.18115); 65(2.00498); 66(1.20916); 67(0.35613); 68(0.24073); 69(0.8925); 70(6.87796); 71(1.5721); 72(0.96691); 73(1.10519); 74(5.17826); 75(2.67608); 76(7.996); 77(3.19074); 78(6.7705); 79(7.75392); 80(5.46656); 81(1.0998); 82(2.76883); 83(1.92859); 84(8.19353); 85(3.54924); 86(6.40611); 87(0.53968); 88(1.16933); 89(6.52926); 90(5.69166); 91(3.14218); 92(3.8489); 93(6.28381); 94(3.3059); 95(7.34405); 96(3.98988); 97(7.77027); 98(0.91623); 99(2.30047); 100(0.04974); 101(3.8536); 102(0.08456); 103(1.75612); 104(5.53883); 105(8.34332); 106(7.80271); 107(7.36523); 108(6.01206); 109(5.31075); 110(7.49664); 111(0.6488); 112(3.66331); 113(5.66163); 114(2.83975); 115(2.96914); 116(0.11472); 117(0.26727); 118(6.19399); 119(2.13395); 120(0.14452); 121(2.97593); 122(8.56901); 123(5.45671); 124(1.4013); 125(4.80864); 126(7.21557); 127(6.95721); 128(0.24794); 129(8.89454); 130(0.67835); 131(4.70625); 132(6.50495); 133(7.43281); 134(5.05205); 135(0.19932); 136(1.70181); 137(0.72759); 138(3.22211); 139(6.91432); 140(3.85021); 141(8.28241); 142(4.6779); 143(3.75452); 144(3.33305); 145(0.73239); 146(8.83617); 147(4.3226); 148(7.13978); 149(6.11915); 150(6.62465); 151(2.05008); 152(0.12059); 153(8.71836); 154(6.55618); 155(5.8761); 156(1.45562); 157(8.48282); 158(6.89981); 159(6.75309); 160(2.44914); 161(8.33365); 162(4.06489); 163(5.22436); 164(6.44932); 165(4.87695); 166(5.18982); 167(2.1564); 168(7.61289); 169(3.20412); 170(3.07607); 171(1.93135); 172(8.98964); 173(0.02642); 174(3.20971); 175(4.19779); 176(4.9246); 177(2.99921); 178(3.87949); 179(7.86194); 180(8.54669); 181(2.12419); 182(2.57899); 183(6.50331); 184(2.89926); 185(2.81517); 186(8.36803); 187(8.65154); 188(2.01693); 189(5.20463); 190(2.37037); 191(3.40477); 192(8.0407); 193(3.28586); 194(1.59464); 195(5.53043); 196(1.67631); 197(1.71221); 198(3.89329); 199(1.0573); 200(7.24611); 201(1.53903); 202(1.04555); 203(3.9956); 204(1.41163); 205(5.21134); 206(1.52853); 207(8.95016); 208(0.33399); 209(2.64081); 210(0.76167); 211(1.48278); 212(5.41753); 213(7.5564); 214(7.3394); 215(7.0254); 216(0.11729); 217(3.91908); 218(3.23999); 219(5.70216); 220(6.79559); 221(6.97328); 222(6.35728); 223(2.9389); 224(7.92842); 225(1.37548); 226(3.51386); 227(5.69355); 228(7.53411); 229(2.76618); 230(0.45497); 231(2.41584); 232(8.37121); 233(3.60461); 234(7.95842); 235(5.11459); 236(3.52728); 237(0.79041); 238(4.02562); 239(4.26996); 240(6.42731); 241(6.61829); 242(3.4865); 243(1.09215); 244(0.98469); 245(8.78354); 246(4.92546); 247(0.966); 248(0.98338); 249(6.96512); 250(6.67801); 251(6.54127); 252(7.69147); 253(7.03884); 254(6.86192); 255(0.59073); 256(8.66343); 257(0.32699); 258(7.60742); 259(8.82802); 260(4.88968); 261(3.83521); 262(2.02231); 263(3.72274); 264(2.75996); 265(3.75877); 266(6.75469); 267(1.06416); 268(2.08161); 269(0.56449); 270(6.05505); 271(4.29572); 272(1.95842); 273(5.86659); 274(4.1318); 275(2.46854); 276(5.12272); 277(7.57102); 278(2.88097); 279(5.10672); 280(8.36175); 281(2.01904); 282(8.92202); 283(1.30269); 284(0.08115); 285(8.50947); 286(7.50909); 287(8.33773); 288(7.52417); 289(5.84461); 290(7.66794); 291(0.91503); 292(1.9749); 293(4.80127); 294(3.12796); 295(2.51078); 296(8.98644); 297(3.98145); 298(0.09864); 299(1.33655),1261.71423,1261.71423,4.219780033444816,2.7055209038894787,8.98964,0.01076,0.39196794333513674,1
30,0(3.74226); 1(1.85287); 2(4.79125); 3(5.21942); 4(8.90673); 5(1.81016); 6(4.32151); 7(0.33379); 8(2.92966); 9(8.47904); 10(5.48027); 11(2.03861); 12(6.5918); 13(8.71573); 14(4.24671); 15(8.14093); 16(6.65135); 17(4.87023); 18(8.84187); 19(3.83249); 20(4.29079); 21(2.98706); 22(6.02968); 23(2.33112); 24(2.12364); 25(5.49111); 26(5.62989); 27(2.31666); 28(0.06701); 29(2.18408); 31(1.96901); 32(0.42241); 33(8.58734); 34(3.61648); 35(0.44457); 36(2.22344); 37(4.476); 38(8.8898); 39(3.88421); 40(5.43342); 41(5.52088); 42(0.09048); 43(1.52787); 44(0.64574); 45(5.24397); 46(0.37556); 47(3.69431); 48(1.86089); 49(2.71854); 50(1.53841); 51(5.74935); 52(4.54208); 53(0.36506); 54(4.9109); 55(2.55175); 56(8.93342); 57(8.88785); 58(1.02604); 59(1.61974); 60(0.83437); 61(1.4284); 62(7.98462); 63(4.55755); 64(7.50846); 65(4.23183); 66(6.3737); 67(0.83071); 68(8.78643); 69(3.67705); 70(4.36025); 71(3.38876); 72(3.01506); 73(8.63544); 74(2.68088); 75(2.84268); 76(8.13681); 77(5.91065); 78(4.52665); 79(7.77693); 80(5.48552); 81(7.40667); 82(7.6162); 83(1.61985); 84(6.8362); 85(4.70173); 86(5.22845); 87(8.5303); 88(1.63653); 89(3.33927); 90(1.36682); 91(2.02214); 92(4.1995); 93(2.98396); 94(4.1793); 95(7.44436); 96(2.87341); 97(1.42892); 98(1.81088); 99(3.68337); 100(4.82859); 101(5.68742); 102(3.22573); 103(0.24889); 104(3.75228); 105(5.56771); 106(4.18054); 107(1.32535); 108(1.09028); 109(1.27498); 110(3.68426); 111(1.76203); 112(7.65134); 113(4.59482); 114(7.33317); 115(8.90648); 116(2.83351); 117(0.79713); 118(2.73888); 119(6.2913); 120(0.04879); 121(4.58187); 122(5.13904); 123(1.07481); 124(8.79158); 125(5.23399); 126(7.32659); 127(7.66208); 128(4.36697); 129(0.48234); 130(7.15062); 131(3.35769); 132(3.46347); 133(6.00107); 134(3.01359); 135(8.19407); 136(6.40294); 137(0.47762); 138(0.33012); 139(6.48276); 140(2.5942); 141(4.17762); 142(7.14474); 143(7.41249); 144(6.55257); 145(6.9495); 146(0.67144); 147(4.24011); 148(4.10003); 149(6.43819); 150(5.09231); 151(8.52266); 152(2.223); 153(3.69753); 154(5.88707); 155(5.81609); 156(0.2916); 157(7.47465); 158(7.80936); 159(8.64842); 160(7.00234); 161(6.87521); 162(1.22151); 163(1.10032); 164(6.79495); 165(2.03347); 166(8.61269); 167(3.91769); 168(3.9813); 169(5.05079); 170(2.54284); 171(4.05797); 172(0.52714); 173(1.05605); 174(0.14224); 175(8.868); 176(6.53601); 177(5.33727); 178(0.45541); 179(8.85851); 180(5.5608); 181(5.14914); 182(1.87135); 183(5.45457); 184(3.05838); 185(8.57965); 186(3.39974); 187(7.10747); 188(0.67619); 189(4.3129); 190(8.77506); 191(3.8042); 192(8.60751); 193(1.93975); 194(1.3858); 195(8.67589); 196(2.98603); 197(8.54231); 198(4.63022); 199(4.02116); 200(3.14185); 201(5.29247); 202(4.46666); 203(8.47671); 204(5.94829); 205(1.81674); 206(2.30756); 207(7.22332); 208(4.28222); 209(3.66638); 210(4.00928); 211(3.65014); 212(2.16341); 213(7.38438); 214(2.36232); 215(5.57486); 216(4.43316); 217(7.71901); 218(6.07185); 219(1.47791); 220(4.11671); 221(2.13857); 222(7.23987); 223(4.47898); 224(0.53507); 225(7.26859); 226(2.28988); 227(0.12846); 228(1.17701); 229(5.10815); 230(8.14171); 231(4.99411); 232(4.86886); 233(4.41919); 234(2.152); 235(4.31356); 236(7.43125); 237(3.14735); 238(6.93208); 239(6.82528); 240(8.62098); 241(7.18044); 242(2.56745); 243(6.40593); 244(6.17221); 245(0.84213); 246(5.58622); 247(3.50915); 248(0.90127); 249(8.7916); 250(6.56933); 251(5.71989); 252(2.75919); 253(2.98765); 254(0.32756); 255(2.31344); 256(8.03505); 257(7.12933); 258(5.63578); 259(8.75525); 260(1.7004); 261(3.73926); 262(2.66415); 263(0.51575); 264(0.47557); 265(6.56149); 266(5.24517); 267(3.17968); 268(5.81297); 269(4.53822); 270(6.60888); 271(2.59957); 272(4.37721); 273(3.10951); 274(3.98307); 275(2.07684); 276(8.95029); 277(1.71118); 278(4.39187); 279(1.42797); 280(2.82678); 281(1.01953); 282(5.04969); 283(7.67364); 284(2.27901); 285(4.28487); 286(8.49243); 287(1.98834); 288(6.28241); 289(0.72405); 290(3.68994); 291(3.05581); 292(0.97496); 293(0.67301); 294(3.06225); 295(1.97324); 296(1.41822); 297(2.07851); 298(3.08718); 299(0.43214),1290.20807,1290.20807,4.315077157190636,2.569319343663875,8.95029,0.04879,0.4102718176142051,1
31,0(6.41111); 1(8.49062); 2(4.72748); 3(2.36562); 4(1.77959); 5(6.87905); 6(3.06422); 7(6.2175); 8(0.39494); 9(6.58322); 10(6.61474); 11(0.97743); 12(8.61504); 13(0.52187); 14(4.80472); 15(4.72919); 16(4.54601); 17(8.12834); 18(5.66382); 19(8.06075); 20(1.94006); 21(3.435); 22(2.091); 23(1.64428); 24(1.36582); 25(0.5575); 26(0.23712); 27(2.79595); 28(4.50485); 29(7.83913); 30(1.96901); 32(6.25679); 33(0.7534); 34(3.221); 35(6.07538); 36(4.69767); 37(5.2144); 38(0.2122); 39(6.24841); 40(3.15838); 41(2.55949); 42(6.66335); 43(8.28589); 44(0.39275); 45(7.28608); 46(3.43373); 47(4.92538); 48(8.07385); 49(1.10751); 50(0.76504); 51(2.7972); 52(8.82316); 53(7.7002); 54(4.29899); 55(7.69395); 56(3.54521); 57(8.08181); 58(7.83569); 59(2.3199); 60(0.10084); 61(0.11906); 62(0.06968); 63(6.01513); 64(8.28094); 65(6.32263); 66(3.96864); 67(3.05072); 68(0.79); 69(0.06156); 70(4.51686); 71(5.08511); 72(1.43618); 73(1.97663); 74(2.02002); 75(2.30035); 76(1.64794); 77(5.15133); 78(4.94061); 79(0.37085); 80(4.02484); 81(4.16509); 82(2.21479); 83(8.59041); 84(0.72232); 85(5.27919); 86(2.93801); 87(0.83801); 88(7.49953); 89(5.66657); 90(7.97149); 91(8.62241); 92(7.06023); 93(1.93951); 94(4.35634); 95(6.05698); 96(4.67658); 97(5.88497); 98(0.97114); 99(6.34386); 100(3.61336); 101(5.3482); 102(4.01752); 103(6.45526); 104(4.48932); 105(8.37846); 106(0.0106); 107(3.14774); 108(5.89881); 109(5.1445); 110(3.89161); 111(1.74714); 112(7.34771); 113(8.12629); 114(7.92245); 115(0.98983); 116(6.20519); 117(0.65757); 118(3.45161); 119(1.76407); 120(4.48223); 121(1.06391); 122(1.50775); 123(5.36205); 124(4.04189); 125(4.41511); 126(1.80474); 127(0.60907); 128(7.46446); 129(4.98183); 130(1.04211); 131(4.94971); 132(5.62311); 133(1.6894); 134(6.87358); 135(3.41397); 136(7.99323); 137(2.66491); 138(6.46726); 139(0.865); 140(4.03126); 141(5.31648); 142(4.4587); 143(6.45486); 144(7.11691); 145(7.4813); 146(6.32764); 147(6.38174); 148(2.06386); 149(7.371); 150(5.73414); 151(7.40087); 152(5.14548); 153(6.49058); 154(2.64942); 155(1.17817); 156(7.20866); 157(8.81393); 158(4.20252); 159(2.42752); 160(6.94091); 161(2.2575); 162(7.92875); 163(4.09272); 164(1.28444); 165(0.79246); 166(4.07507); 167(3.64266); 168(8.82903); 169(8.57327); 170(1.4326); 171(1.48424); 172(8.41196); 173(4.48371); 174(8.93026); 175(8.60271); 176(4.38315); 177(0.40667); 178(8.25146); 179(2.06058); 180(0.75677); 181(5.34263); 182(6.81225); 183(1.43146); 184(4.50765); 185(6.92349); 186(8.80462); 187(5.0619); 188(8.25987); 189(4.80983); 190(7.57862); 191(8.69114); 192(5.92754); 193(5.27861); 194(3.59255); 195(3.04595); 196(7.73208); 197(1.70567); 198(7.20781); 199(8.1442); 200(8.09141); 201(7.39117); 202(8.35871); 203(6.8259); 204(1.16611); 205(6.96287); 206(3.49728); 207(5.50812); 208(3.87297); 209(6.88275); 210(8.48335); 211(8.72128); 212(2.11926); 213(3.54403); 214(0.8355); 215(1.71738); 216(4.56444); 217(0.40292); 218(5.66482); 219(4.62634); 220(3.68191); 221(5.98177); 222(5.04818); 223(2.2579); 224(8.0838); 225(3.34161); 226(6.84628); 227(7.03834); 228(3.60186); 229(5.13273); 230(1.32029); 231(5.65571); 232(6.11766); 233(5.73921); 234(5.84561); 235(1.62204); 236(4.75286); 237(1.44012); 238(4.52693); 239(7.46015); 240(7.43948); 241(8.93767); 242(8.43214); 243(2.885); 244(3.03045); 245(7.86281); 246(5.03226); 247(5.99707); 248(8.19057); 249(1.8698); 250(7.81891); 251(3.1536); 252(5.5845); 253(5.63573); 254(0.76726); 255(8.8857); 256(5.29144); 257(8.15325); 258(0.57281); 259(0.95072); 260(5.07682); 261(1.4062); 262(6.37035); 263(7.8504); 264(1.25319); 265(8.30971); 266(2.85246); 267(4.61403); 268(7.38602); 269(7.01476); 270(5.44722); 271(3.95414); 272(6.77562); 273(4.47364); 274(0.72318); 275(6.50227); 276(8.79048); 277(2.61195); 278(6.13587); 279(2.18399); 280(5.92717); 281(6.11924); 282(8.84798); 283(6.42163); 284(1.7339); 285(3.0087); 286(6.33175); 287(2.12498); 288(0.76585); 289(2.11173); 290(0.40096); 291(0.76423); 292(4.66464); 293(2.97942); 294(1.74651); 295(7.81997); 296(1.33633); 297(1.66105); 298(5.75457); 299(3.9321),1372.49328,1372.49328,4.590278528428094,2.6168741656317778,8.93767,0.0106,0.42834415620139893,1
32,0(4.04092); 1(6.69452); 2(6.14425); 3(0.05684); 4(7.73412); 5(4.101); 6(5.87749); 7(8.27917); 8(3.21309); 9(7.44292); 10(5.46507); 11(1.60146); 12(3.11503); 13(4.98648); 14(4.86622); 15(0.27676); 16(5.17456); 17(2.97223); 18(2.18105); 19(4.90568); 20(3.54324); 21(7.14219); 22(1.53866); 23(6.92815); 24(0.58451); 25(3.90867); 26(0.85575); 27(6.96557); 28(8.88142); 29(1.71461); 30(0.42241); 31(6.25679); 33(5.69541); 34(8.092); 35(1.93465); 36(1.67466); 37(5.29176); 38(2.0026); 39(2.1509); 40(7.84574); 41(7.23684); 42(7.8339); 43(6.96102); 44(2.32875); 45(7.78809); 46(5.75255); 47(6.41985); 48(4.72285); 49(6.60318); 50(7.48281); 51(5.62152); 52(2.96512); 53(3.50612); 54(7.08891); 55(3.31294); 56(0.56322); 57(6.16211); 58(5.85696); 59(3.48109); 60(7.15198); 61(3.68968); 62(0.83565); 63(3.66648); 64(8.34736); 65(3.79529); 66(7.96057); 67(6.50481); 68(8.4818); 69(7.8075); 70(1.56223); 71(8.27598); 72(7.21503); 73(2.92334); 74(3.37116); 75(3.34344); 76(8.15303); 77(2.13597); 78(5.82544); 79(1.12702); 80(5.61263); 81(8.98474); 82(1.45741); 83(7.62901); 84(2.02829); 85(4.38066); 86(5.86561); 87(3.46845); 88(4.22084); 89(2.62053); 90(0.57678); 91(2.40867); 92(5.4545); 93(1.42386); 94(3.59633); 95(6.8714); 96(2.76517); 97(8.22362); 98(7.09474); 99(0.40049); 100(0.56938); 101(3.99598); 102(3.55457); 103(2.39425); 104(5.91305); 105(7.06161); 106(7.20535); 107(4.97729); 108(1.91853); 109(7.84239); 110(8.44488); 111(7.28832); 112(4.26854); 113(2.01125); 114(7.73419); 115(3.39982); 116(2.94944); 117(6.10243); 118(5.25991); 119(4.7705); 120(6.85595); 121(2.81042); 122(2.97463); 123(8.80089); 124(3.09854); 125(7.7396); 126(3.94909); 127(6.32397); 128(0.58778); 129(6.17625); 130(2.59963); 131(1.72147); 132(1.91409); 133(5.26693); 134(1.65385); 135(7.13171); 136(7.09101); 137(6.1563); 138(4.32133); 139(7.3155); 140(7.35827); 141(4.53763); 142(3.41931); 143(6.47121); 144(8.66327); 145(8.92097); 146(4.22705); 147(6.46792); 148(6.73632); 149(8.92266); 150(2.37771); 151(7.16884); 152(2.60055); 153(8.57184); 154(6.90115); 155(5.69646); 156(3.0205); 157(8.52799); 158(7.9912); 159(7.48697); 160(6.99247); 161(0.59915); 162(5.72954); 163(1.42681); 164(8.807); 165(2.7863); 166(6.87629); 167(1.59108); 168(0.46705); 169(2.67091); 170(5.12914); 171(1.33043); 172(2.82501); 173(3.12712); 174(8.22914); 175(7.39174); 176(4.04373); 177(2.0458); 178(7.22538); 179(5.55392); 180(1.95438); 181(0.53673); 182(8.90354); 183(2.01786); 184(5.86038); 185(0.6908); 186(3.90918); 187(7.06263); 188(4.2455); 189(4.40741); 190(5.3094); 191(8.97946); 192(2.5875); 193(8.91846); 194(0.74257); 195(0.5951); 196(4.80468); 197(8.60888); 198(0.81999); 199(6.48944); 200(6.14811); 201(4.41527); 202(0.74023); 203(7.14685); 204(2.13643); 205(2.09676); 206(3.01705); 207(0.24092); 208(7.59014); 209(0.40831); 210(0.08582); 211(8.29053); 212(1.77827); 213(3.11448); 214(4.50267); 215(4.44238); 216(3.55915); 217(3.12689); 218(5.71375); 219(2.127); 220(1.64404); 221(8.13951); 222(0.33052); 223(7.05639); 224(0.58263); 225(0.81477); 226(2.3209); 227(8.11814); 228(3.34481); 229(0.1973); 230(3.73903); 231(0.84241); 232(4.26517); 233(0.28285); 234(5.57446); 235(7.73983); 236(4.96023); 237(6.44751); 238(7.89533); 239(2.9875); 240(4.96356); 241(0.62161); 242(2.98024); 243(5.01895); 244(3.67981); 245(7.53569); 246(7.67017); 247(4.74478); 248(1.5412); 249(6.17218); 250(3.19868); 251(5.76049); 252(4.71709); 253(3.35138); 254(4.86231); 255(5.91829); 256(2.09838); 257(0.95667); 258(0.67347); 259(8.11021); 260(7.13604); 261(5.10206); 262(0.66056); 263(2.8139); 264(1.45966); 265(8.47007); 266(0.00249); 267(6.15132); 268(6.95376); 269(4.41438); 270(8.83743); 271(0.46246); 272(0.77207); 273(3.55836); 274(5.12068); 275(4.75766); 276(0.86011); 277(7.02007); 278(4.16234); 279(4.19245); 280(0.63422); 281(8.09475); 282(0.92936); 283(3.29617); 284(2.26983); 285(1.84333); 286(8.77068); 287(1.36877); 288(4.72609); 289(4.11925); 290(8.04766); 291(8.15284); 292(8.44032); 293(5.85181); 294(5.1587); 295(8.51295); 296(5.9519); 297(0.73037); 298(5.19028); 299(6.40268),1365.95354,1365.95354,4.568406488294315,2.61315625406197,8.98474,0.00249,0.427048360344564,1
33,0(4.25606); 1(1.59102); 2(7.38745); 3(3.61946); 4(6.7998); 5(1.53028); 6(1.43768); 7(3.09218); 8(3.80651); 9(1.98873); 10(0.18381); 11(5.74263); 12(0.47219); 13(7.52953); 14(1.44227); 15(0.6014); 16(7.52489); 17(5.47995); 18(3.71482); 19(5.50737); 20(8.1076); 21(4.68121); 22(3.83676); 23(6.62185); 24(1.9542); 25(4.45356); 26(6.8436); 27(4.72751); 28(7.91855); 29(6.90374); 30(8.58734); 31(0.7534); 32(5.69541); 34(1.75252); 35(6.85411); 36(6.76339); 37(1.95227); 38(3.9135); 39(4.52559); 40(5.59193); 41(6.40463); 42(5.74161); 43(5.587); 44(3.3583); 45(3.633); 46(4.86286); 47(6.73879); 48(5.69191); 49(5.70724); 50(3.61407); 51(7.28996); 52(1.30853); 53(6.71101); 54(6.94997); 55(2.77463); 56(6.12047); 57(8.89741); 58(8.83314); 59(7.69151); 60(5.23802); 61(4.32012); 62(3.88688); 63(1.0251); 64(3.43187); 65(6.85481); 66(5.22393); 67(1.64746); 68(7.45032); 69(2.01945); 70(7.19648); 71(2.09497); 72(6.52113); 73(1.97725); 74(2.46289); 75(1.90751); 76(5.33476); 77(1.24947); 78(7.61708); 79(0.5338); 80(5.22268); 81(8.70882); 82(8.9404); 83(6.97133); 84(4.71159); 85(6.08347); 86(1.69926); 87(2.51898); 88(4.79293); 89(6.0964); 90(3.32501); 91(1.21409); 92(5.656); 93(5.13702); 94(4.97775); 95(8.75156); 96(8.93092); 97(0.39658); 98(3.03011); 99(7.04802); 100(6.65643); 101(4.82616); 102(0.79033); 103(5.23439); 104(2.83526); 105(7.87601); 106(2.48681); 107(8.95343); 108(2.10839); 109(6.97252); 110(2.02957); 111(4.68139); 112(8.25962); 113(0.52177); 114(1.80571); 115(0.65087); 116(4.20599); 117(8.02868); 118(2.24396); 119(8.14993); 120(2.22401); 121(2.22657); 122(0.09981); 123(3.56768); 124(5.39466); 125(7.16606); 126(1.18618); 127(8.25781); 128(0.55023); 129(6.48464); 130(1.53257); 131(5.57634); 132(8.28342); 133(5.66128); 134(0.50469); 135(5.7616); 136(3.99); 137(3.34725); 138(5.09118); 139(6.68067); 140(5.11679); 141(2.72602); 142(2.71422); 143(4.39023); 144(6.05957); 145(8.76853); 146(5.84371); 147(0.41855); 148(7.47863); 149(4.56129); 150(0.49632); 151(2.05155); 152(0.88849); 153(6.12198); 154(1.55402); 155(6.13436); 156(7.27321); 157(0.82546); 158(4.8401); 159(7.93455); 160(8.47884); 161(8.81249); 162(0.0875); 163(6.84487); 164(3.51322); 165(4.85612); 166(8.84555); 167(8.2628); 168(3.20921); 169(7.62725); 170(4.33454); 171(8.22979); 172(3.87812); 173(8.52992); 174(1.40385); 175(3.7144); 176(4.05757); 177(7.63077); 178(3.2114); 179(2.96575); 180(1.68626); 181(6.59505); 182(0.99191); 183(4.84568); 184(0.91538); 185(0.60672); 186(8.79337); 187(4.77246); 188(4.41203); 189(3.4558); 190(2.19655); 191(3.82621); 192(8.97194); 193(8.6655); 194(5.12881); 195(5.60103); 196(8.13661); 197(2.01695); 198(7.41614); 199(8.09842); 200(6.61168); 201(4.53242); 202(1.55939); 203(1.32101); 204(6.76392); 205(5.18363); 206(5.52685); 207(5.98187); 208(5.23413); 209(5.71594); 210(1.57027); 211(3.36598); 212(0.64726); 213(6.18226); 214(4.82568); 215(2.8257); 216(0.88514); 217(0.02993); 218(6.22777); 219(1.43058); 220(7.61614); 221(4.10087); 222(2.04733); 223(7.45629); 224(0.03122); 225(0.27751); 226(7.51867); 227(0.78206); 228(6.17882); 229(8.09982); 230(5.53717); 231(3.38689); 232(6.41787); 233(4.13181); 234(0.51444); 235(4.08774); 236(6.24602); 237(1.1133); 238(3.05356); 239(0.3583); 240(6.1456); 241(8.91989); 242(4.2113); 243(1.87674); 244(6.02704); 245(0.03247); 246(8.35392); 247(7.64238); 248(4.9899); 249(4.13221); 250(6.7736); 251(0.16453); 252(6.31401); 253(3.10561); 254(0.1857); 255(2.11952); 256(6.66655); 257(4.77777); 258(8.67917); 259(8.45059); 260(2.75803); 261(1.81155); 262(8.05617); 263(5.40169); 264(6.37947); 265(0.33017); 266(0.78414); 267(6.37959); 268(6.64083); 269(4.19834); 270(4.9753); 271(2.83253); 272(7.20344); 273(0.10452); 274(1.50394); 275(7.6772); 276(6.25442); 277(6.63437); 278(4.75899); 279(5.345); 280(2.27529); 281(7.04331); 282(2.33543); 283(4.10181); 284(5.89605); 285(0.86228); 286(3.97605); 287(5.57603); 288(4.64835); 289(8.61066); 290(8.20724); 291(5.28117); 292(3.52194); 293(3.65439); 294(5.36319); 295(6.82498); 296(2.2582); 297(6.10366); 298(7.80248); 299(4.43778),1374.75228,1374.75228,4.597833712374582,2.5748399554467745,8.97194,0.02993,0.42832557725899495,2
34,0(1.12454); 1(2.30228); 2(6.33329); 3(5.90219); 4(2.52788); 5(1.85813); 6(3.63622); 7(4.47651); 8(0.02474); 9(7.8751); 10(4.8203); 11(6.22284); 12(5.03584); 13(6.99336); 14(4.39695); 15(8.72972); 16(7.32342); 17(2.24061); 18(0.29909); 19(7.19001); 20(7.7669); 21(5.28392); 22(7.21898); 23(5.24783); 24(8.87796); 25(0.20888); 26(7.60584); 27(1.3665); 28(8.76473); 29(0.18603); 30(3.61648); 31(3.221); 32(8.092); 33(1.75252); 35(0.42288); 36(0.14419); 37(0.3223); 38(2.3424); 39(6.9535); 40(1.9773); 41(4.26002); 42(3.18527); 43(1.28828); 44(3.94126); 45(6.37146); 46(7.87798); 47(1.84559); 48(8.15017); 49(5.04582); 50(4.72106); 51(2.10992); 52(5.8205); 53(2.23438); 54(0.191); 55(3.03703); 56(7.39128); 57(7.90171); 58(6.10182); 59(4.91582); 60(3.10515); 61(1.89576); 62(3.8336); 63(2.38934); 64(1.19752); 65(1.23056); 66(1.08128); 67(3.04363); 68(1.53456); 69(6.43639); 70(8.14934); 71(6.43795); 72(4.23697); 73(4.36834); 74(1.3217); 75(3.6439); 76(4.34769); 77(2.86227); 78(3.95384); 79(4.78249); 80(8.1324); 81(0.18423); 82(7.47972); 83(2.49354); 84(4.57888); 85(0.45474); 86(1.28629); 87(2.93552); 88(8.9738); 89(7.38001); 90(1.65508); 91(5.08633); 92(3.52208); 93(5.9704); 94(5.08085); 95(4.19889); 96(7.02236); 97(4.4857); 98(1.38174); 99(0.36446); 100(6.68403); 101(6.56833); 102(3.48501); 103(0.79202); 104(2.96571); 105(4.35448); 106(4.41286); 107(6.68812); 108(8.06907); 109(6.93489); 110(7.20281); 111(8.43295); 112(8.97838); 113(3.49109); 114(8.58814); 115(8.13804); 116(0.37651); 117(6.73667); 118(1.32646); 119(2.13494); 120(0.28295); 121(2.32682); 122(5.2281); 123(7.11335); 124(4.89821); 125(7.31188); 126(2.54193); 127(1.6258); 128(4.13962); 129(6.85085); 130(7.57816); 131(7.90559); 132(5.49763); 133(4.79283); 134(1.55682); 135(6.18842); 136(6.45168); 137(5.1676); 138(7.80469); 139(6.47677); 140(5.23971); 141(0.65167); 142(3.97762); 143(7.65786); 144(6.48994); 145(7.9433); 146(1.76097); 147(0.01761); 148(6.91286); 149(1.61232); 150(4.30369); 151(2.72569); 152(3.06886); 153(6.11347); 154(4.25327); 155(0.40722); 156(7.13427); 157(6.24696); 158(1.25354); 159(7.5786); 160(7.0703); 161(3.4575); 162(7.12366); 163(1.45464); 164(1.39059); 165(5.44491); 166(0.6337); 167(0.05713); 168(4.34184); 169(6.91433); 170(5.38377); 171(0.26878); 172(7.71785); 173(8.45935); 174(8.76451); 175(3.67315); 176(4.99527); 177(4.1689); 178(5.14703); 179(8.1482); 180(5.08418); 181(2.03332); 182(7.48181); 183(0.74441); 184(2.50233); 185(4.84607); 186(7.22526); 187(3.59499); 188(7.91745); 189(2.30797); 190(0.11333); 191(4.74786); 192(0.95105); 193(0.31928); 194(2.15475); 195(8.51284); 196(1.72774); 197(4.70371); 198(1.98107); 199(6.98284); 200(6.75); 201(3.35209); 202(8.69777); 203(3.36992); 204(1.4335); 205(2.62855); 206(5.67196); 207(8.68646); 208(5.59347); 209(7.65908); 210(2.18943); 211(4.94283); 212(3.54362); 213(1.96129); 214(8.5911); 215(3.94573); 216(8.597); 217(3.92478); 218(7.86931); 219(1.37463); 220(6.50487); 221(6.39515); 222(0.49921); 223(0.37904); 224(8.27511); 225(1.0303); 226(1.65142); 227(1.76084); 228(7.95116); 229(1.18304); 230(0.10555); 231(5.41258); 232(7.80601); 233(7.70132); 234(1.65456); 235(4.88944); 236(6.24656); 237(1.65364); 238(1.52087); 239(7.61218); 240(2.56446); 241(2.11735); 242(4.8827); 243(4.64658); 244(8.46119); 245(0.51941); 246(2.93896); 247(8.76264); 248(0.09919); 249(8.95315); 250(0.81775); 251(3.31324); 252(4.72133); 253(8.0187); 254(5.28492); 255(4.72611); 256(7.15363); 257(0.44614); 258(1.83044); 259(0.50981); 260(4.47901); 261(8.00775); 262(1.94922); 263(7.51075); 264(0.40092); 265(4.08865); 266(0.07739); 267(5.77491); 268(0.13365); 269(5.47303); 270(5.57562); 271(3.09581); 272(4.77873); 273(1.29887); 274(3.7862); 275(0.53093); 276(3.85276); 277(1.92118); 278(4.27935); 279(2.7319); 280(0.30228); 281(5.6226); 282(5.72651); 283(6.28905); 284(8.21614); 285(3.15678); 286(5.9028); 287(7.22776); 288(6.66927); 289(4.59831); 290(0.91494); 291(3.486); 292(7.00479); 293(8.86228); 294(4.73108); 295(1.96435); 296(8.28187); 297(7.08422); 298(4.62103); 299(7.6868),1313.4707,1313.4707,4.392878595317726,2.674633800556686,8.97838,0.01761,0.40672745390480686,1
35,0(2.79238); 1(3.5401); 2(6.1962); 3(3.11475); 4(3.39474); 5(0.98248); 6(2.78381); 7(5.9781); 8(1.29543); 9(0.14618); 10(8.15478); 11(2.04674); 12(4.33968); 13(3.33417); 14(6.82826); 15(0.69365); 16(5.3867); 17(1.21745); 18(3.09587); 19(3.52126); 20(2.45275); 21(4.76477); 22(4.62528); 23(6.65206); 24(6.75299); 25(1.77071); 26(5.77574); 27(5.94205); 28(0.96752); 29(4.89731); 30(0.44457); 31(6.07538); 32(1.93465); 33(6.85411); 34(0.42288); 36(7.91803); 37(0.49869); 38(4.49498); 39(3.43417); 40(4.23242); 41(3.61072); 42(6.83755); 43(4.67688); 44(6.30691); 45(2.7504); 46(8.34587); 47(1.13444); 48(2.58394); 49(2.35677); 50(3.84253); 51(6.68864); 52(6.2153); 53(5.98349); 54(2.41365); 55(3.54079); 56(6.59539); 57(8.85892); 58(3.82856); 59(3.65605); 60(8.49788); 61(4.73467); 62(4.57206); 63(6.94967); 64(7.49837); 65(4.63097); 66(6.93394); 67(0.05628); 68(0.90504); 69(4.51168); 70(8.91089); 71(7.8643); 72(3.88231); 73(8.98871); 74(2.2987); 75(3.96239); 76(2.4333); 77(4.43494); 78(7.75267); 79(6.22599); 80(3.30808); 81(4.80347); 82(2.73658); 83(5.38254); 84(0.17034); 85(6.02079); 86(7.26383); 87(0.27499); 88(3.66913); 89(2.57189); 90(8.73476); 91(4.55561); 92(4.8599); 93(3.28372); 94(5.17161); 95(5.74029); 96(1.91162); 97(2.70208); 98(7.28372); 99(2.19578); 100(4.16549); 101(1.71162); 102(3.55143); 103(0.26055); 104(0.13315); 105(6.76811); 106(3.82489); 107(7.49184); 108(5.06563); 109(5.34777); 110(6.64684); 111(4.6156); 112(7.87334); 113(0.00646); 114(8.75641); 115(7.59192); 116(3.08844); 117(0.9642); 118(4.42177); 119(3.14999); 120(7.0441); 121(0.1606); 122(1.7255); 123(1.95082); 124(5.37438); 125(0.09958); 126(6.51282); 127(6.44053); 128(7.06481); 129(0.16723); 130(6.2469); 131(6.04639); 132(8.1473); 133(4.17835); 134(1.24498); 135(5.77114); 136(8.39215); 137(1.44718); 138(2.22759); 139(5.48188); 140(7.77932); 141(3.72385); 142(1.42999); 143(4.71295); 144(1.91918); 145(5.48628); 146(4.76757); 147(3.40531); 148(1.6831); 149(7.94075); 150(6.63295); 151(4.44684); 152(1.07279); 153(2.2843); 154(0.94018); 155(7.18763); 156(7.29623); 157(7.97466); 158(7.26025); 159(0.8997); 160(4.79756); 161(6.70637); 162(1.28667); 163(7.50146); 164(3.2205); 165(2.11403); 166(1.05587); 167(0.4295); 168(8.80875); 169(8.06838); 170(7.14311); 171(5.32143); 172(7.77223); 173(1.43282); 174(1.72403); 175(4.06298); 176(4.20387); 177(8.7126); 178(8.55529); 179(4.46237); 180(2.24552); 181(7.52037); 182(6.09295); 183(0.32067); 184(0.57283); 185(5.08392); 186(5.80576); 187(7.34568); 188(7.66154); 189(3.21891); 190(7.01124); 191(3.59178); 192(8.23352); 193(3.65392); 194(3.28364); 195(8.23991); 196(3.51005); 197(5.08018); 198(0.54356); 199(2.92607); 200(7.71405); 201(5.70907); 202(5.0716); 203(6.98822); 204(1.56104); 205(2.27173); 206(5.93465); 207(3.26069); 208(8.97235); 209(7.71869); 210(3.80634); 211(0.47297); 212(1.8559); 213(4.74955); 214(6.37485); 215(6.45941); 216(2.67403); 217(4.02722); 218(7.26362); 219(6.58724); 220(0.49717); 221(7.00143); 222(2.90746); 223(5.24909); 224(4.93991); 225(5.95184); 226(6.99105); 227(8.29558); 228(6.50261); 229(1.67272); 230(3.34435); 231(4.55846); 232(2.67288); 233(6.70746); 234(8.59822); 235(8.87604); 236(3.1838); 237(0.19589); 238(6.72063); 239(2.90035); 240(1.68021); 241(1.8424); 242(3.75213); 243(8.14411); 244(8.33242); 245(8.24917); 246(0.32944); 247(3.28815); 248(7.97814); 249(8.54632); 250(3.3133); 251(2.72374); 252(5.59359); 253(3.3574); 254(2.69401); 255(4.18919); 256(3.01635); 257(7.62566); 258(5.66184); 259(4.56717); 260(8.10446); 261(3.48072); 262(2.2753); 263(2.04436); 264(8.18175); 265(6.59738); 266(7.71814); 267(3.53404); 268(7.23651); 269(6.31133); 270(7.31495); 271(5.537); 272(8.74002); 273(3.80722); 274(3.65441); 275(8.83905); 276(7.20582); 277(1.11707); 278(1.92322); 279(5.60252); 280(3.15126); 281(6.86006); 282(1.74988); 283(2.6515); 284(5.21103); 285(8.37971); 286(2.21906); 287(2.42582); 288(2.59581); 289(2.61317); 290(2.44242); 291(7.38086); 292(0.37861); 293(2.50525); 294(6.11092); 295(0.94281); 296(8.93386); 297(1.11656); 298(8.11709); 299(2.14053),1357.26781,1357.26781,4.539357224080267,2.545039102651944,8.98871,0.00646,0.42715970715301915,2
36,0(1.1348); 1(2.60575); 2(0.97645); 3(2.96426); 4(3.38754); 5(7.64861); 6(7.62546); 7(1.64235); 8(8.70181); 9(8.4684); 10(0.13597); 11(0.75753); 12(3.57378); 13(5.68225); 14(2.75828); 15(0.87368); 16(4.60641); 17(6.02278); 18(8.21421); 19(2.36049); 20(3.78037); 21(2.13443); 22(7.44405); 23(4.24122); 24(8.25529); 25(7.10769); 26(2.17892); 27(2.29088); 28(1.51895); 29(0.58627); 30(2.22344); 31(4.69767); 32(1.67466); 33(6.76339); 34(0.14419); 35(7.91803); 37(8.80847); 38(1.96226); 39(3.6508); 40(1.56389); 41(0.97838); 42(5.49844); 43(0.07866); 44(6.28342); 45(3.54111); 46(4.96123); 47(4.41); 48(1.33867); 49(5.77555); 50(8.92112); 51(3.68772); 52(5.21027); 53(1.95326); 54(0.10594); 55(1.14666); 56(2.81386); 57(3.17498); 58(2.72099); 59(7.66922); 60(0.41932); 61(8.04361); 62(5.05647); 63(7.18582); 64(4.80221); 65(1.20067); 66(2.49014); 67(6.31786); 68(5.43048); 69(8.36976); 70(2.14472); 71(6.38637); 72(3.87042); 73(2.4685); 74(4.33483); 75(4.91761); 76(1.43081); 77(8.56276); 78(1.6882); 79(5.85743); 80(8.41794); 81(7.24226); 82(3.3531); 83(6.68136); 84(2.76773); 85(8.89207); 86(3.6268); 87(2.02048); 88(1.64617); 89(6.63555); 90(6.32867); 91(8.73834); 92(0.19221); 93(8.15472); 94(1.06922); 95(2.44222); 96(1.29542); 97(6.26947); 98(7.61706); 99(0.12244); 100(7.46443); 101(8.06737); 102(8.49924); 103(8.67425); 104(7.76551); 105(2.84349); 106(7.40867); 107(7.79352); 108(6.90415); 109(6.79743); 110(7.3503); 111(2.07424); 112(1.17335); 113(2.02593); 114(0.77989); 115(1.27667); 116(6.19959); 117(5.67342); 118(6.72285); 119(5.77554); 120(8.95938); 121(1.66544); 122(0.22741); 123(8.25774); 124(5.22348); 125(5.83038); 126(1.89363); 127(7.75656); 128(7.52127); 129(2.73951); 130(0.64302); 131(2.37917); 132(1.88054); 133(4.57602); 134(8.04908); 135(4.07327); 136(4.8094); 137(7.65005); 138(8.40665); 139(5.38291); 140(5.36992); 141(3.56965); 142(4.11385); 143(5.82344); 144(3.47137); 145(6.10332); 146(0.40643); 147(2.207); 148(1.67044); 149(0.23917); 150(7.37463); 151(5.68162); 152(2.13336); 153(1.69701); 154(6.80985); 155(7.57363); 156(8.70171); 157(2.87654); 158(4.86794); 159(5.49891); 160(0.75355); 161(6.20868); 162(7.00218); 163(2.67352); 164(4.37609); 165(1.94487); 166(7.89143); 167(3.60158); 168(7.48972); 169(1.92639); 170(1.31107); 171(8.7133); 172(7.9711); 173(7.73528); 174(6.13265); 175(0.40854); 176(7.8091); 177(2.76185); 178(2.05438); 179(4.45383); 180(2.37575); 181(0.2506); 182(2.8378); 183(1.75043); 184(2.88889); 185(4.06141); 186(6.92316); 187(5.74871); 188(6.04156); 189(5.23012); 190(7.25296); 191(0.82551); 192(3.80074); 193(3.19635); 194(4.06693); 195(5.95779); 196(7.47554); 197(6.96975); 198(3.44684); 199(8.85382); 200(0.56496); 201(3.81692); 202(1.97177); 203(7.91079); 204(1.80717); 205(6.73098); 206(1.68934); 207(2.80055); 208(0.66396); 209(4.45099); 210(6.54094); 211(7.2234); 212(1.21043); 213(6.61227); 214(1.58275); 215(8.54579); 216(4.05687); 217(4.97274); 218(1.81344); 219(4.93053); 220(2.57747); 221(6.55418); 222(8.5613); 223(6.31361); 224(2.82961); 225(5.92821); 226(0.96388); 227(3.87422); 228(3.49814); 229(7.796); 230(0.17268); 231(2.8194); 232(0.30779); 233(7.08336); 234(3.78382); 235(4.405); 236(4.89939); 237(6.98667); 238(5.55261); 239(3.50243); 240(7.61294); 241(6.28042); 242(0.40306); 243(2.57315); 244(6.08239); 245(0.15242); 246(6.58908); 247(3.33746); 248(5.29962); 249(0.69278); 250(4.96617); 251(2.73642); 252(6.76425); 253(1.77926); 254(8.06868); 255(1.01192); 256(8.82978); 257(2.93034); 258(4.4905); 259(2.24286); 260(6.69331); 261(0.88985); 262(8.32713); 263(6.69466); 264(7.33101); 265(3.65074); 266(4.42277); 267(7.55877); 268(7.31158); 269(6.3918); 270(2.44914); 271(8.03783); 272(0.75052); 273(1.23842); 274(4.82833); 275(4.77323); 276(3.47199); 277(0.75232); 278(2.20229); 279(5.26351); 280(6.60334); 281(3.04596); 282(8.72938); 283(3.15628); 284(2.26429); 285(2.55524); 286(7.12502); 287(6.42426); 288(7.85609); 289(7.56426); 290(1.29857); 291(6.07944); 292(3.12912); 293(6.6203); 294(5.19009); 295(3.33782); 296(1.06865); 297(5.19219); 298(5.61269); 299(3.25188),1332.69862,1332.69862,4.457186020066889,2.6226386344388706,8.95938,0.07866,0.4187541262828397,2
37,0(3.19519); 1(3.30199); 2(1.28564); 3(1.35776); 4(3.8735); 5(3.68335); 6(6.79813); 7(2.35914); 8(8.39029); 9(4.67788); 10(6.74358); 11(3.43806); 12(0.70106); 13(6.59017); 14(7.88845); 15(0.09574); 16(7.24284); 17(8.73903); 18(5.63132); 19(3.91909); 20(8.15215); 21(5.24332); 22(4.06566); 23(1.35726); 24(7.96341); 25(5.17902); 26(3.8818); 27(3.5341); 28(7.0227); 29(4.07518); 30(4.476); 31(5.2144); 32(5.29176); 33(1.95227); 34(0.3223); 35(0.49869); 36(8.80847); 38(7.51625); 39(5.73779); 40(7.64429); 41(1.33147); 42(7.1559); 43(7.7371); 44(2.77572); 45(7.51051); 46(2.74917); 47(6.89173); 48(0.31471); 49(3.01352); 50(2.63108); 51(1.21685); 52(4.3231); 53(8.53748); 54(5.78171); 55(1.66609); 56(8.39073); 57(3.14255); 58(4.99567); 59(4.46094); 60(4.91193); 61(4.7288); 62(2.6128); 63(4.92906); 64(3.61075); 65(3.45258); 66(1.61005); 67(2.08536); 68(1.62561); 69(4.54616); 70(3.91731); 71(2.45794); 72(0.36027); 73(5.11681); 74(3.77238); 75(7.66209); 76(7.33727); 77(2.52377); 78(4.05207); 79(6.37738); 80(2.75641); 81(2.51417); 82(2.01643); 83(5.24123); 84(6.36456); 85(3.9832); 86(4.62326); 87(3.33006); 88(6.38402); 89(4.89746); 90(7.72334); 91(7.71871); 92(0.94305); 93(0.44074); 94(1.31508); 95(5.78243); 96(6.45989); 97(7.84); 98(3.0111); 99(2.0902); 100(1.38305); 101(4.74818); 102(8.06176); 103(3.74678); 104(7.8384); 105(8.45151); 106(5.64326); 107(7.2251); 108(7.30009); 109(3.84156); 110(5.05144); 111(3.35099); 112(4.87319); 113(0.50655); 114(3.96037); 115(0.64365); 116(4.50485); 117(5.49665); 118(5.85583); 119(5.17077); 120(6.1796); 121(5.26242); 122(7.84748); 123(0.23038); 124(2.34897); 125(0.27485); 126(5.15845); 127(0.95436); 128(4.57343); 129(1.40832); 130(4.10588); 131(0.79925); 132(5.24086); 133(7.57617); 134(0.20563); 135(5.74946); 136(4.27099); 137(6.21112); 138(6.38256); 139(4.51274); 140(8.18523); 141(6.03432); 142(2.41834); 143(2.7164); 144(7.01914); 145(0.3949); 146(3.54809); 147(3.65071); 148(1.34418); 149(4.88862); 150(5.90473); 151(2.6062); 152(2.25194); 153(8.4623); 154(4.56009); 155(1.90396); 156(6.73565); 157(8.74101); 158(2.17363); 159(0.30196); 160(1.65554); 161(2.57408); 162(8.99473); 163(6.79469); 164(2.27344); 165(0.44451); 166(0.71696); 167(6.57409); 168(4.49141); 169(6.36017); 170(2.17208); 171(2.45923); 172(2.93423); 173(1.17726); 174(3.0124); 175(7.68839); 176(1.08916); 177(4.77135); 178(1.6068); 179(8.74583); 180(0.74702); 181(6.96606); 182(5.81585); 183(2.66591); 184(3.23713); 185(1.40942); 186(8.54937); 187(7.31289); 188(2.23098); 189(2.11502); 190(6.50663); 191(8.73794); 192(8.67128); 193(6.29535); 194(5.04042); 195(1.42356); 196(7.152); 197(0.07922); 198(5.66804); 199(5.52354); 200(0.2348); 201(7.35814); 202(3.7672); 203(6.42595); 204(6.05957); 205(2.76988); 206(3.92267); 207(1.28363); 208(5.49446); 209(1.00773); 210(0.83892); 211(2.50833); 212(0.873); 213(8.9962); 214(7.39915); 215(1.59727); 216(2.04851); 217(7.8896); 218(1.29042); 219(4.17699); 220(2.11242); 221(7.11874); 222(3.86826); 223(7.66203); 224(5.60661); 225(6.83383); 226(0.19709); 227(3.59185); 228(6.17373); 229(2.06144); 230(6.4533); 231(6.47188); 232(3.88996); 233(5.09623); 234(6.40126); 235(5.12676); 236(3.17867); 237(7.93097); 238(0.54072); 239(6.42437); 240(6.20785); 241(2.51994); 242(4.62142); 243(6.23983); 244(5.51667); 245(8.05324); 246(8.454); 247(7.13091); 248(3.03376); 249(1.88387); 250(3.92635); 251(0.21372); 252(3.67448); 253(2.3252); 254(2.76831); 255(5.94799); 256(0.0111); 257(0.30365); 258(0.07272); 259(7.28222); 260(1.28295); 261(8.10574); 262(2.80924); 263(5.4165); 264(7.35344); 265(4.98122); 266(0.77989); 267(6.10115); 268(6.56203); 269(0.49254); 270(7.5016); 271(3.40362); 272(5.74586); 273(6.99092); 274(8.31029); 275(6.44109); 276(0.72952); 277(7.57041); 278(6.81804); 279(8.41029); 280(5.27023); 281(7.43783); 282(0.8483); 283(6.81047); 284(3.8227); 285(5.96617); 286(4.82658); 287(7.17944); 288(0.15978); 289(3.06593); 290(0.32994); 291(8.21758); 292(0.48815); 293(1.23181); 294(2.63726); 295(8.94226); 296(6.10933); 297(8.39124); 298(3.89142); 299(7.39895),1320.77455,1320.77455,4.417306187290969,2.564864291363036,8.9962,0.0111,0.41459553394226767,1
38,0(3.17365); 1(1.05549); 2(8.08541); 3(5.56614); 4(8.93998); 5(3.16831); 6(7.95871); 7(8.69583); 8(6.60022); 9(4.93389); 10(7.639); 11(0.96054); 12(3.85826); 13(5.12142); 14(2.41984); 15(2.35438); 16(0.55533); 17(8.58521); 18(1.67917); 19(2.04423); 20(5.51205); 21(8.85264); 22(4.63707); 23(0.53611); 24(6.2809); 25(4.37529); 26(3.38889); 27(6.22438); 28(2.10812); 29(4.44826); 30(8.8898); 31(0.2122); 32(2.0026); 33(3.9135); 34(2.3424); 35(4.49498); 36(1.96226); 37(7.51625); 39(0.84091); 40(4.72257); 41(1.95887); 42(3.88238); 43(2.76136); 44(8.63283); 45(7.62208); 46(2.32007); 47(8.75837); 48(1.68838); 49(4.12699); 50(0.50474); 51(2.20216); 52(7.57849); 53(4.96385); 54(7.21045); 55(1.94637); 56(0.74878); 57(7.95683); 58(7.78575); 59(7.59384); 60(6.24616); 61(2.20202); 62(6.25476); 63(6.6634); 64(3.47478); 65(1.07774); 66(4.00493); 67(6.38244); 68(3.36528); 69(5.04761); 70(0.99527); 71(3.03142); 72(7.24335); 73(3.56188); 74(5.433); 75(7.41379); 76(7.3739); 77(8.36059); 78(0.40904); 79(4.55015); 80(7.52283); 81(2.21571); 82(2.96937); 83(1.12422); 84(0.7242); 85(3.41645); 86(2.73331); 87(4.21158); 88(8.85891); 89(2.64824); 90(3.49644); 91(0.64472); 92(5.68221); 93(6.66215); 94(4.82213); 95(1.41292); 96(6.98054); 97(3.30284); 98(3.25886); 99(1.68592); 100(7.07455); 101(8.98839); 102(1.7971); 103(3.61322); 104(1.24311); 105(6.69026); 106(1.21983); 107(3.97065); 108(8.32656); 109(7.99903); 110(7.78745); 111(0.87478); 112(4.31146); 113(8.15114); 114(1.2383); 115(6.37335); 116(0.69792); 117(0.81584); 118(4.16603); 119(0.41534); 120(7.91328); 121(5.09078); 122(1.19326); 123(4.25177); 124(6.15634); 125(3.45147); 126(2.88396); 127(6.02777); 128(4.1002); 129(5.05203); 130(8.10011); 131(1.3203); 132(5.44817); 133(6.8641); 134(3.09404); 135(4.09561); 136(0.33361); 137(8.06124); 138(4.49088); 139(5.67831); 140(4.94598); 141(3.2203); 142(1.48941); 143(1.0427); 144(7.11168); 145(4.25235); 146(2.11021); 147(3.34504); 148(3.26722); 149(2.306); 150(2.01296); 151(8.66587); 152(1.16996); 153(8.1061); 154(4.18999); 155(6.39972); 156(2.39706); 157(3.72339); 158(4.09678); 159(3.96823); 160(3.30298); 161(4.19117); 162(0.55971); 163(6.40808); 164(2.80081); 165(1.18052); 166(1.39867); 167(1.352); 168(6.6974); 169(3.85418); 170(8.08473); 171(7.33963); 172(3.52368); 173(5.17685); 174(2.72856); 175(7.8232); 176(4.31967); 177(1.62101); 178(4.28589); 179(8.18187); 180(6.69681); 181(1.00779); 182(1.90138); 183(0.1437); 184(3.21264); 185(7.02604); 186(3.0608); 187(5.93429); 188(3.04192); 189(1.87516); 190(0.36241); 191(7.72147); 192(2.45146); 193(4.13456); 194(1.68791); 195(1.80159); 196(1.73067); 197(1.51207); 198(8.55011); 199(8.66862); 200(6.79378); 201(1.38986); 202(6.01168); 203(0.32455); 204(0.34854); 205(2.28737); 206(1.79655); 207(3.4413); 208(6.48259); 209(1.34757); 210(4.90541); 211(5.01285); 212(6.45171); 213(8.41768); 214(7.32726); 215(2.56611); 216(4.48535); 217(7.03799); 218(6.11592); 219(7.33834); 220(7.64701); 221(1.98137); 222(4.28235); 223(2.99749); 224(1.22491); 225(7.31883); 226(4.65926); 227(0.97283); 228(5.59478); 229(7.61019); 230(8.37003); 231(8.42753); 232(3.27424); 233(3.8902); 234(6.22915); 235(2.74616); 236(7.1967); 237(2.78333); 238(3.22468); 239(1.95394); 240(4.3298); 241(4.91976); 242(0.14741); 243(0.16701); 244(2.70438); 245(0.1581); 246(1.67853); 247(0.80945); 248(2.35999); 249(8.2625); 250(0.18489); 251(1.21656); 252(3.6648); 253(5.82609); 254(2.43536); 255(5.26334); 256(7.87672); 257(4.86743); 258(3.99439); 259(4.98685); 260(1.78383); 261(4.00736); 262(5.90153); 263(3.88218); 264(4.70468); 265(5.31938); 266(5.86667); 267(1.23984); 268(1.93632); 269(2.06536); 270(7.80774); 271(7.22102); 272(7.75153); 273(1.69066); 274(5.39882); 275(8.61862); 276(5.80595); 277(8.33069); 278(0.49073); 279(0.41991); 280(0.31189); 281(3.74684); 282(2.8256); 283(0.47045); 284(3.57653); 285(5.46354); 286(3.93512); 287(0.95532); 288(8.6584); 289(0.40265); 290(6.64479); 291(4.71525); 292(3.79057); 293(4.63835); 294(5.90529); 295(0.32289); 296(7.74987); 297(6.4101); 298(8.11696); 299(3.1716),1269.07392,1269.07392,4.2443943812709035,2.5754899038075423,8.98839,0.1437,0.40518066417374143,1
39,0(0.1582); 1(4.22226); 2(5.8398); 3(6.18325); 4(4.2408); 5(3.75863); 6(5.1573); 7(1.17574); 8(6.91896); 9(6.54881); 10(3.14656); 11(3.24126); 12(6.68411); 13(5.77965); 14(2.46973); 15(0.3184); 16(4.00171); 17(4.67077); 18(2.67143); 19(2.17947); 20(7.01725); 21(2.63466); 22(0.0579); 23(0.62762); 24(7.63941); 25(7.77129); 26(6.61206); 27(7.977); 28(5.3517); 29(1.68551); 30(3.88421); 31(6.24841); 32(2.1509); 33(4.52559); 34(6.9535); 35(3.43417); 36(3.6508); 37(5.73779); 38(0.84091); 40(7.58779); 41(2.11187); 42(8.67016); 43(8.44271); 44(7.44514); 45(6.13794); 46(7.72207); 47(2.66448); 48(6.50841); 49(8.16432); 50(8.36294); 51(8.82086); 52(6.1569); 53(6.44941); 54(1.97865); 55(4.53491); 56(0.20202); 57(5.45947); 58(2.15194); 59(3.46401); 60(0.93196); 61(4.41902); 62(1.16387); 63(2.56702); 64(8.36571); 65(2.49979); 66(6.76451); 67(5.32165); 68(4.36284); 69(2.91714); 70(5.30445); 71(3.50634); 72(0.5461); 73(3.99736); 74(0.30239); 75(3.88145); 76(0.26388); 77(2.03947); 78(3.63683); 79(8.37952); 80(3.47406); 81(1.51466); 82(3.46797); 83(5.28022); 84(8.33147); 85(3.11877); 86(1.77473); 87(0.14835); 88(3.92654); 89(2.31845); 90(5.47452); 91(3.43841); 92(2.53513); 93(5.64238); 94(4.42249); 95(8.80925); 96(2.72671); 97(5.44392); 98(3.65514); 99(7.40912); 100(3.3616); 101(5.26692); 102(0.73475); 103(5.72875); 104(3.11869); 105(8.8814); 106(3.1784); 107(1.10363); 108(2.10423); 109(8.84685); 110(1.34832); 111(4.68898); 112(6.88747); 113(0.72639); 114(2.46938); 115(4.92657); 116(2.93694); 117(8.6696); 118(0.31959); 119(0.51309); 120(4.14135); 121(0.68774); 122(5.19781); 123(6.42508); 124(1.2785); 125(6.53722); 126(1.93585); 127(5.75982); 128(2.83782); 129(4.94873); 130(6.49589); 131(6.68247); 132(0.73739); 133(2.84184); 134(6.97745); 135(0.64916); 136(3.73545); 137(2.67638); 138(4.82788); 139(6.98281); 140(0.17762); 141(8.58101); 142(1.35684); 143(0.17048); 144(1.08784); 145(6.01278); 146(0.2786); 147(6.79512); 148(0.29199); 149(5.79887); 150(2.35414); 151(4.24997); 152(3.01401); 153(2.02526); 154(6.16935); 155(8.01792); 156(6.60458); 157(4.09694); 158(5.35609); 159(5.05539); 160(1.10371); 161(6.82782); 162(8.29823); 163(5.41032); 164(2.31935); 165(1.14641); 166(0.068); 167(6.09916); 168(4.17312); 169(4.04229); 170(0.3879); 171(7.43795); 172(4.048); 173(8.01896); 174(1.60332); 175(7.98268); 176(1.66412); 177(1.76659); 178(3.04672); 179(4.68625); 180(6.77297); 181(4.15242); 182(5.31943); 183(2.24008); 184(1.36487); 185(8.4656); 186(4.13546); 187(3.46768); 188(5.18315); 189(7.12957); 190(5.59562); 191(6.09194); 192(0.36438); 193(2.63898); 194(8.06652); 195(8.82425); 196(8.87887); 197(8.73852); 198(2.08876); 199(2.24758); 200(7.2706); 201(2.3238); 202(2.35941); 203(5.98757); 204(1.82414); 205(4.41289); 206(3.61058); 207(8.75208); 208(8.3586); 209(3.88151); 210(6.66908); 211(6.0418); 212(7.26908); 213(3.40743); 214(6.01452); 215(5.95352); 216(1.9949); 217(8.78896); 218(6.63286); 219(8.59158); 220(3.21901); 221(2.3044); 222(3.74363); 223(3.24211); 224(0.69435); 225(3.53137); 226(2.53885); 227(4.67047); 228(2.29269); 229(1.03806); 230(2.23714); 231(2.35286); 232(4.97037); 233(2.00532); 234(3.22948); 235(7.77511); 236(1.99871); 237(3.99004); 238(1.9079); 239(0.47144); 240(4.101); 241(7.83821); 242(8.11528); 243(0.01623); 244(2.90562); 245(1.31496); 246(4.24417); 247(2.27662); 248(5.23235); 249(5.49578); 250(8.70685); 251(3.60632); 252(3.66735); 253(1.50788); 254(6.44909); 255(5.24506); 256(1.04115); 257(4.84994); 258(3.01664); 259(7.68349); 260(0.51951); 261(4.5562); 262(4.17668); 263(8.05709); 264(6.15198); 265(1.44389); 266(5.06159); 267(1.00842); 268(7.66762); 269(7.17612); 270(8.4264); 271(8.61684); 272(3.19132); 273(8.27597); 274(2.4942); 275(0.74471); 276(2.68378); 277(1.74856); 278(3.68); 279(4.59655); 280(7.51965); 281(1.21736); 282(2.13578); 283(4.32192); 284(5.0636); 285(6.74536); 286(3.0474); 287(8.33487); 288(0.65305); 289(6.06041); 290(4.01401); 291(4.48349); 292(1.54943); 293(0.08185); 294(4.28273); 295(3.09488); 296(5.54303); 297(2.67637); 298(1.10894); 299(6.81475),1273.54617,1273.54617,4.259351739130435,2.5299111258821974,8.8814,0.01623,0.40570811727090195,2
40,0(6.66667); 1(1.4297); 2(0.76041); 3(1.03168); 4(1.02578); 5(2.17773); 6(5.0198); 7(4.99119); 8(7.36781); 9(1.81353); 10(7.11825); 11(0.34659); 12(3.18815); 13(2.85189); 14(3.31004); 15(6.4718); 16(3.74448); 17(3.23447); 18(7.74235); 19(1.85289); 20(1.39406); 21(4.88699); 22(4.83314); 23(7.65275); 24(4.30511); 25(0.30738); 26(3.42392); 27(5.98332); 28(7.91427); 29(0.01076); 30(5.43342); 31(3.15838); 32(7.84574); 33(5.59193); 34(1.9773); 35(4.23242); 36(1.56389); 37(7.64429); 38(4.72257); 39(7.58779); 41(7.84292); 42(8.03884); 43(7.73129); 44(1.12947); 45(1.66365); 46(7.08727); 47(3.07119); 48(0.66604); 49(3.07513); 50(1.39674); 51(4.65734); 52(8.41047); 53(1.93409); 54(1.4081); 55(2.53596); 56(4.58319); 57(6.46274); 58(3.2088); 59(4.61658); 60(2.46903); 61(0.46456); 62(5.72283); 63(8.99316); 64(4.7352); 65(5.74638); 66(1.03824); 67(6.55723); 68(8.31824); 69(0.47072); 70(7.41769); 71(1.74229); 72(2.4031); 73(4.33656); 74(1.06664); 75(1.44812); 76(6.87934); 77(4.76837); 78(1.48103); 79(0.78377); 80(6.4317); 81(1.49211); 82(5.53505); 83(1.20071); 84(2.16985); 85(7.47449); 86(8.0455); 87(2.63592); 88(4.78053); 89(8.26627); 90(4.32594); 91(6.13321); 92(7.93369); 93(4.65789); 94(2.45485); 95(5.36463); 96(0.34728); 97(8.66588); 98(0.76654); 99(2.12984); 100(4.72658); 101(4.31592); 102(7.37216); 103(6.47187); 104(0.15106); 105(8.41754); 106(8.29473); 107(5.6679); 108(3.0373); 109(0.91536); 110(3.22413); 111(0.98674); 112(4.78509); 113(5.12345); 114(7.53993); 115(8.8039); 116(6.63668); 117(2.72736); 118(2.68363); 119(0.43249); 120(8.30661); 121(4.26141); 122(8.76915); 123(8.46824); 124(4.25388); 125(6.32921); 126(0.43018); 127(6.79449); 128(6.81599); 129(5.40691); 130(2.75588); 131(3.98541); 132(7.14133); 133(6.03901); 134(7.2749); 135(1.19187); 136(5.69121); 137(0.8619); 138(8.0522); 139(0.48147); 140(8.24432); 141(3.73035); 142(1.65954); 143(3.03582); 144(3.80435); 145(0.41139); 146(5.30335); 147(1.48966); 148(2.57991); 149(1.01699); 150(3.49116); 151(0.50153); 152(4.01807); 153(5.25369); 154(8.56263); 155(3.17847); 156(6.0856); 157(5.89277); 158(4.07241); 159(0.58019); 160(8.08614); 161(4.29052); 162(4.6313); 163(0.1561); 164(7.54142); 165(5.7437); 166(8.68578); 167(5.40493); 168(5.54481); 169(6.6541); 170(0.25111); 171(4.98381); 172(2.484); 173(7.30024); 174(5.49001); 175(7.46249); 176(3.74615); 177(2.71516); 178(7.24616); 179(5.22144); 180(6.96332); 181(2.92212); 182(6.68346); 183(3.21175); 184(4.00793); 185(0.30015); 186(4.41688); 187(5.25625); 188(2.25055); 189(0.82053); 190(8.87509); 191(1.34883); 192(5.34891); 193(2.07423); 194(4.90549); 195(2.29736); 196(6.00668); 197(5.23133); 198(0.1536); 199(8.47235); 200(8.28482); 201(3.62882); 202(6.7904); 203(4.09722); 204(1.35969); 205(4.70417); 206(6.22551); 207(4.86782); 208(3.5636); 209(6.655); 210(6.35148); 211(1.14412); 212(6.17149); 213(4.97932); 214(6.56102); 215(8.76549); 216(1.60372); 217(7.20767); 218(3.53104); 219(0.96628); 220(4.0529); 221(2.77882); 222(3.94364); 223(4.60062); 224(3.70622); 225(2.2493); 226(6.78374); 227(3.41587); 228(2.6653); 229(8.89869); 230(1.48781); 231(1.83093); 232(8.91832); 233(4.14914); 234(8.28937); 235(0.50782); 236(6.75112); 237(8.6891); 238(3.94098); 239(5.52178); 240(0.83366); 241(8.95995); 242(8.10021); 243(8.63473); 244(7.73434); 245(5.79621); 246(5.37828); 247(0.2531); 248(0.89054); 249(2.62987); 250(8.34396); 251(7.892); 252(7.99005); 253(8.99825); 254(7.2392); 255(5.84361); 256(1.64313); 257(4.10491); 258(4.64888); 259(3.41907); 260(6.4556); 261(8.04833); 262(8.76039); 263(4.13591); 264(2.11511); 265(1.20489); 266(6.97708); 267(8.02916); 268(7.13106); 269(5.05371); 270(7.2019); 271(3.82787); 272(7.46964); 273(2.8282); 274(3.63983); 275(1.73547); 276(5.58351); 277(0.74678); 278(1.03844); 279(3.24291); 280(0.9594); 281(5.12079); 282(2.94632); 283(0.58496); 284(8.41377); 285(1.54897); 286(6.90599); 287(5.57859); 288(4.95058); 289(2.19987); 290(3.04065); 291(1.47194); 292(1.9738); 293(6.67416); 294(6.91151); 295(3.41482); 296(4.49673); 297(8.21707); 298(5.17516); 299(6.26664),1345.56389,1345.56389,4.500213678929765,2.6051935931637367,8.99825,0.01076,0.4227459945031213,1
41,0(8.88654); 1(7.78118); 2(3.21451); 3(5.53623); 4(0.57027); 5(4.05454); 6(5.39685); 7(6.3801); 8(3.83192); 9(0.76582); 10(8.41429); 11(7.32429); 12(4.55786); 13(0.73356); 14(4.06089); 15(4.98418); 16(0.01154); 17(6.44796); 18(5.87243); 19(0.6541); 20(8.12684); 21(8.44277); 22(6.47668); 23(2.49877); 24(5.4359); 25(8.51867); 26(0.42867); 27(8.81267); 28(0.24391); 29(3.07536); 30(5.52088); 31(2.55949); 32(7.23684); 33(6.40463); 34(4.26002); 35(3.61072); 36(0.97838); 37(1.33147); 38(1.95887); 39(2.11187); 40(7.84292); 42(3.99298); 43(1.49019); 44(7.57503); 45(8.78126); 46(2.57034); 47(6.96606); 48(4.4183); 49(4.23847); 50(6.16928); 51(0.31446); 52(5.38453); 53(1.81801); 54(7.77769); 55(7.65818); 56(3.03389); 57(3.10886); 58(8.67514); 59(2.9455); 60(2.29534); 61(4.18575); 62(5.28437); 63(2.48287); 64(8.88188); 65(0.04336); 66(8.25945); 67(0.45736); 68(3.66542); 69(7.27881); 70(3.34217); 71(0.34436); 72(3.59108); 73(1.27158); 74(1.77484); 75(7.27255); 76(1.85981); 77(2.76136); 78(3.14366); 79(1.70406); 80(4.08238); 81(8.24828); 82(3.82019); 83(2.28496); 84(0.4939); 85(6.48466); 86(1.19064); 87(3.6599); 88(4.86123); 89(7.08593); 90(2.00817); 91(8.32976); 92(8.50454); 93(1.66395); 94(5.40933); 95(4.3598); 96(4.73362); 97(1.55272); 98(8.43825); 99(8.69812); 100(6.27346); 101(8.15052); 102(0.33631); 103(1.81283); 104(7.77991); 105(1.13551); 106(1.0498); 107(4.47845); 108(3.40049); 109(5.60128); 110(3.96563); 111(8.86297); 112(2.27805); 113(2.06316); 114(8.47169); 115(0.30113); 116(0.83703); 117(1.53453); 118(7.80229); 119(5.76978); 120(4.02345); 121(4.41861); 122(1.82955); 123(1.36965); 124(1.49603); 125(0.06642); 126(2.28305); 127(8.03015); 128(8.53102); 129(8.57823); 130(3.77863); 131(0.30865); 132(3.96453); 133(2.78931); 134(2.8386); 135(8.54948); 136(6.21336); 137(7.87699); 138(3.99676); 139(4.61039); 140(5.08084); 141(8.63145); 142(4.82235); 143(4.20145); 144(5.5952); 145(8.72493); 146(5.83796); 147(7.36495); 148(2.95101); 149(5.0297); 150(2.82053); 151(0.15317); 152(8.30394); 153(0.23014); 154(7.09259); 155(1.32852); 156(2.65543); 157(1.48671); 158(2.08667); 159(6.82857); 160(5.97582); 161(6.38011); 162(0.10393); 163(5.55246); 164(7.53742); 165(0.80784); 166(1.139); 167(8.17171); 168(7.46763); 169(0.01113); 170(1.89016); 171(3.17254); 172(2.90924); 173(0.40773); 174(2.07979); 175(4.04243); 176(6.33462); 177(7.41119); 178(4.55219); 179(3.89466); 180(6.55121); 181(4.1403); 182(7.93985); 183(2.11832); 184(3.18786); 185(5.97742); 186(3.79609); 187(5.85894); 188(0.68975); 189(3.99209); 190(5.36839); 191(8.11307); 192(6.64816); 193(1.52689); 194(0.35608); 195(4.50771); 196(1.66028); 197(7.60724); 198(0.79675); 199(6.72382); 200(5.52701); 201(3.46301); 202(0.87852); 203(7.53655); 204(7.70908); 205(4.65886); 206(0.81503); 207(3.34461); 208(6.59934); 209(6.51565); 210(0.0274); 211(2.40293); 212(0.65895); 213(4.42873); 214(0.49019); 215(7.82807); 216(0.27745); 217(3.24689); 218(4.90541); 219(1.21031); 220(6.75739); 221(0.05445); 222(7.91192); 223(8.68077); 224(4.52985); 225(6.15033); 226(8.98883); 227(0.86597); 228(7.87052); 229(5.51613); 230(6.0173); 231(2.95953); 232(3.34888); 233(2.56537); 234(2.30444); 235(0.33922); 236(5.0745); 237(4.09899); 238(0.16488); 239(0.33295); 240(0.07432); 241(8.52393); 242(7.23677); 243(7.43201); 244(6.68498); 245(5.12933); 246(2.31116); 247(8.18491); 248(1.80556); 249(2.97948); 250(7.37443); 251(2.12696); 252(5.55408); 253(4.5843); 254(6.83716); 255(0.10808); 256(6.58301); 257(7.66552); 258(3.93863); 259(4.72573); 260(6.19998); 261(4.95151); 262(7.81465); 263(3.28143); 264(8.87152); 265(2.39889); 266(2.82775); 267(2.11829); 268(7.82353); 269(6.14424); 270(6.60198); 271(5.38636); 272(6.5805); 273(6.98112); 274(0.3218); 275(1.5052); 276(0.83757); 277(1.63026); 278(6.12759); 279(1.89617); 280(5.80524); 281(3.10729); 282(1.35608); 283(5.22739); 284(2.47836); 285(6.70072); 286(6.43117); 287(3.66277); 288(3.98585); 289(2.40765); 290(2.96289); 291(3.8176); 292(3.29387); 293(8.57457); 294(8.87815); 295(0.16926); 296(1.70461); 297(2.18147); 298(6.33052); 299(7.17023),1297.63217,1297.63217,4.3399069230769225,2.7035399927152177,8.98883,0.01113,0.4011744287997421,1
42,0(1.85553); 1(5.48842); 2(0.16454); 3(2.54576); 4(6.54704); 5(3.73254); 6(7.25656); 7(1.44624); 8(6.97288); 9(8.84214); 10(4.47495); 11(1.16374); 12(3.75796); 13(0.94988); 14(0.40627); 15(1.60263); 16(6.36904); 17(8.72706); 18(2.28524); 19(4.43291); 20(7.24769); 21(0.01835); 22(0.56649); 23(3.59476); 24(5.17603); 25(7.01403); 26(5.42768); 27(7.89197); 28(5.76758); 29(0.24908); 30(0.09048); 31(6.66335); 32(7.8339); 33(5.74161); 34(3.18527); 35(6.83755); 36(5.49844); 37(7.1559); 38(3.88238); 39(8.67016); 40(8.03884); 41(3.99298); 43(0.26733); 44(2.75368); 45(7.2487); 46(7.59537); 47(7.31362); 48(0.27259); 49(2.60282); 50(8.17415); 51(8.36666); 52(0.47008); 53(8.92435); 54(3.32474); 55(3.67114); 56(6.35476); 57(8.30288); 58(0.64607); 59(0.95308); 60(1.97349); 61(7.79329); 62(5.54243); 63(5.70254); 64(1.64519); 65(2.02822); 66(0.06058); 67(3.0548); 68(1.16242); 69(8.92457); 70(7.60388); 71(6.60747); 72(4.84964); 73(8.12416); 74(4.00027); 75(6.23249); 76(3.4109); 77(0.50608); 78(8.55568); 79(8.74701); 80(6.36039); 81(3.66885); 82(1.91526); 83(8.24007); 84(2.76511); 85(1.8629); 86(1.38227); 87(7.01548); 88(3.41789); 89(2.0067); 90(3.62816); 91(2.95833); 92(8.42404); 93(5.85669); 94(7.33969); 95(2.99219); 96(2.35026); 97(0.77527); 98(6.38638); 99(0.59638); 100(7.05401); 101(6.19728); 102(0.52316); 103(7.04084); 104(1.83239); 105(0.93972); 106(4.64454); 107(5.50609); 108(3.55562); 109(5.75789); 110(3.17068); 111(0.07276); 112(6.72231); 113(6.71515); 114(3.44101); 115(7.43045); 116(2.3837); 117(5.54334); 118(5.2544); 119(2.39056); 120(8.1777); 121(0.57815); 122(4.78129); 123(7.33931); 124(6.97184); 125(2.73579); 126(8.14393); 127(0.73414); 128(8.37111); 129(7.87791); 130(5.35321); 131(5.98372); 132(1.31518); 133(0.61805); 134(7.97042); 135(7.26493); 136(6.93013); 137(0.78799); 138(6.09089); 139(0.75354); 140(0.01545); 141(3.24972); 142(6.02321); 143(6.13496); 144(8.20214); 145(8.10175); 146(4.65401); 147(3.75698); 148(1.866); 149(0.95936); 150(5.59894); 151(3.51206); 152(6.37348); 153(3.28118); 154(1.0346); 155(1.54368); 156(1.10105); 157(6.09916); 158(0.18933); 159(3.28515); 160(2.04892); 161(5.42727); 162(1.48224); 163(0.14407); 164(0.32658); 165(3.13592); 166(2.63167); 167(5.87522); 168(0.25499); 169(1.0568); 170(7.07544); 171(2.60225); 172(0.74271); 173(2.36191); 174(7.53481); 175(1.27365); 176(6.05754); 177(3.57125); 178(1.76807); 179(1.87988); 180(0.05018); 181(8.36985); 182(1.80447); 183(0.32274); 184(6.90896); 185(0.32982); 186(4.0428); 187(7.46402); 188(3.18449); 189(1.4423); 190(3.12946); 191(4.08598); 192(8.14152); 193(5.49228); 194(5.46937); 195(6.85696); 196(7.18146); 197(8.03797); 198(6.86301); 199(3.88785); 200(5.97112); 201(1.16017); 202(5.04579); 203(7.19698); 204(6.84674); 205(0.53899); 206(1.22861); 207(8.18136); 208(4.83103); 209(4.0416); 210(6.21353); 211(2.11367); 212(0.28541); 213(6.17206); 214(3.56863); 215(1.88833); 216(1.53961); 217(2.95334); 218(5.08877); 219(3.27612); 220(3.10995); 221(4.72357); 222(3.40167); 223(0.82969); 224(4.23192); 225(6.02153); 226(1.48255); 227(6.68107); 228(4.49156); 229(3.07032); 230(4.27428); 231(4.19064); 232(5.38326); 233(2.37279); 234(4.48929); 235(3.47062); 236(0.90022); 237(4.31626); 238(1.54429); 239(4.41063); 240(7.42536); 241(4.14649); 242(0.84452); 243(7.04722); 244(6.86075); 245(1.95591); 246(3.1419); 247(1.36805); 248(8.84504); 249(5.49905); 250(7.63068); 251(6.52707); 252(7.52808); 253(8.02737); 254(1.37776); 255(6.90607); 256(1.99867); 257(0.73734); 258(6.87728); 259(6.44171); 260(5.95185); 261(2.78438); 262(6.47418); 263(7.97246); 264(1.30658); 265(6.35456); 266(3.65369); 267(8.63473); 268(7.94595); 269(6.53675); 270(2.60331); 271(5.679); 272(1.154); 273(4.88456); 274(4.73515); 275(3.16197); 276(2.0236); 277(3.73501); 278(2.88403); 279(1.98863); 280(2.92821); 281(8.5096); 282(5.29075); 283(8.87213); 284(0.95192); 285(3.33958); 286(3.27771); 287(1.45669); 288(4.37014); 289(0.71025); 290(4.2785); 291(8.98758); 292(1.29054); 293(3.69699); 294(7.05814); 295(7.9965); 296(1.28944); 297(5.64145); 298(4.38141); 299(1.03406),1282.07958,1282.07958,4.287891571906354,2.6488719580279128,8.98758,0.01545,0.40106222618180887,1
43,0(5.71702); 1(3.40548); 2(0.7077); 3(1.96086); 4(3.49457); 5(6.92306); 6(5.14895); 7(6.90447); 8(2.43066); 9(1.2918); 10(7.6464); 11(5.91176); 12(2.57187); 13(3.20328); 14(4.61545); 15(5.27677); 16(7.25702); 17(2.78133); 18(4.31072); 19(2.46703); 20(8.05314); 21(2.17302); 22(2.96699); 23(2.13703); 24(2.67703); 25(2.04689); 26(6.26186); 27(4.37068); 28(8.79214); 29(2.46134); 30(1.52787); 31(8.28589); 32(6.96102); 33(5.587); 34(1.28828); 35(4.67688); 36(0.07866); 37(7.7371); 38(2.76136); 39(8.44271); 40(7.73129); 41(1.49019); 42(0.26733); 44(5.06557); 45(3.28736); 46(7.64189); 47(7.58248); 48(8.41539); 49(8.70352); 50(8.90844); 51(2.07579); 52(2.07066); 53(5.08515); 54(5.85654); 55(5.31046); 56(5.98974); 57(1.43701); 58(8.30704); 59(4.31249); 60(6.94164); 61(4.41646); 62(0.86227); 63(3.39929); 64(1.65205); 65(7.38038); 66(7.06526); 67(1.43952); 68(6.47805); 69(1.4498); 70(2.22747); 71(7.54466); 72(2.47362); 73(6.86793); 74(5.36524); 75(4.63415); 76(6.33187); 77(0.71268); 78(8.49103); 79(3.78568); 80(5.76249); 81(2.46519); 82(4.0443); 83(6.84063); 84(7.70628); 85(5.68475); 86(5.53984); 87(8.4065); 88(2.98783); 89(2.56867); 90(4.3279); 91(8.19827); 92(0.05186); 93(3.59101); 94(2.84726); 95(7.03679); 96(8.22902); 97(1.31627); 98(6.66436); 99(1.50533); 100(6.5403); 101(2.52126); 102(7.80575); 103(2.49564); 104(7.21426); 105(5.58772); 106(4.19529); 107(8.16436); 108(8.03104); 109(8.09495); 110(8.53083); 111(3.35697); 112(7.6589); 113(0.32535); 114(3.56015); 115(8.93804); 116(6.71042); 117(0.81182); 118(1.95689); 119(3.28953); 120(4.59544); 121(4.95383); 122(1.38104); 123(3.20428); 124(5.39115); 125(5.63737); 126(8.92413); 127(4.07797); 128(0.18091); 129(8.09042); 130(4.62881); 131(0.79363); 132(0.77297); 133(2.70882); 134(8.28983); 135(1.69528); 136(0.73335); 137(4.78242); 138(8.69976); 139(2.23105); 140(6.9477); 141(0.97475); 142(7.06216); 143(4.90874); 144(4.78313); 145(4.48513); 146(3.00983); 147(2.12176); 148(5.43005); 149(1.07674); 150(1.60867); 151(7.10226); 152(5.33392); 153(4.45053); 154(0.83717); 155(1.61291); 156(7.15876); 157(1.90069); 158(1.63593); 159(7.30112); 160(4.72008); 161(2.18091); 162(4.69156); 163(4.69001); 164(4.12384); 165(8.00807); 166(6.17676); 167(8.82158); 168(6.04001); 169(0.99358); 170(3.60955); 171(5.32084); 172(2.40036); 173(3.88489); 174(6.9075); 175(2.9182); 176(4.6707); 177(7.43782); 178(6.92381); 179(2.66931); 180(0.29188); 181(6.53031); 182(6.41041); 183(1.71239); 184(0.51393); 185(6.78593); 186(7.21432); 187(1.5575); 188(5.54448); 189(5.69139); 190(7.8126); 191(1.56476); 192(5.43456); 193(8.58393); 194(3.49155); 195(1.84059); 196(6.91765); 197(7.50724); 198(7.59475); 199(3.17321); 200(6.04575); 201(4.25484); 202(4.02269); 203(7.88325); 204(7.47057); 205(3.50585); 206(3.4008); 207(3.8904); 208(7.27178); 209(3.82139); 210(2.55787); 211(4.42831); 212(1.02543); 213(7.43614); 214(2.01686); 215(4.9398); 216(3.76115); 217(5.47295); 218(6.13192); 219(2.80309); 220(5.97559); 221(3.3073); 222(5.35016); 223(2.82451); 224(3.98682); 225(7.67354); 226(6.66393); 227(6.65072); 228(7.4441); 229(1.19246); 230(6.61204); 231(8.74359); 232(1.31347); 233(1.24994); 234(2.5548); 235(2.47025); 236(4.60277); 237(6.24412); 238(6.99268); 239(5.98591); 240(6.07135); 241(8.35531); 242(6.73757); 243(3.1028); 244(6.85242); 245(0.46104); 246(5.22048); 247(8.6282); 248(3.22262); 249(1.13449); 250(5.19177); 251(5.85664); 252(4.54987); 253(6.6789); 254(5.31823); 255(7.73887); 256(8.66574); 257(2.56176); 258(4.09467); 259(4.8573); 260(4.44483); 261(1.26585); 262(0.85201); 263(6.4068); 264(0.28583); 265(8.21623); 266(4.27239); 267(3.42623); 268(5.15224); 269(2.04444); 270(6.40816); 271(2.62295); 272(6.76725); 273(1.93504); 274(1.89581); 275(7.93416); 276(1.69674); 277(2.98877); 278(7.41656); 279(1.41522); 280(5.84277); 281(0.20006); 282(7.66692); 283(6.66899); 284(8.7754); 285(4.84241); 286(3.69993); 287(3.60662); 288(7.88562); 289(2.84474); 290(7.04375); 291(5.37665); 292(6.7018); 293(5.86057); 294(0.81894); 295(7.18304); 296(5.59507); 297(4.14281); 298(0.76737); 299(5.12939),1392.1916,1392.1916,4.656159197324415,2.4809411301546436,8.93804,0.05186,0.44146377368279355,2
44,0(0.27085); 1(8.29056); 2(2.57521); 3(4.79864); 4(8.86807); 5(6.36549); 6(4.93482); 7(3.61277); 8(5.31148); 9(8.52762); 10(6.239); 11(1.01091); 12(6.90204); 13(2.05736); 14(8.03972); 15(3.13537); 16(4.85611); 17(0.10147); 18(4.51868); 19(5.50702); 20(1.49762); 21(3.14641); 22(4.24446); 23(0.71084); 24(3.07765); 25(2.7335); 26(1.59375); 27(7.82069); 28(3.98913); 29(2.14524); 30(0.64574); 31(0.39275); 32(2.32875); 33(3.3583); 34(3.94126); 35(6.30691); 36(6.28342); 37(2.77572); 38(8.63283); 39(7.44514); 40(1.12947); 41(7.57503); 42(2.75368); 43(5.06557); 45(6.65028); 46(0.11827); 47(8.88928); 48(8.53988); 49(4.71108); 50(3.42835); 51(8.20839); 52(4.60993); 53(6.44461); 54(0.41892); 55(7.48257); 56(7.34577); 57(5.08805); 58(8.1735); 59(1.48877); 60(5.49408); 61(7.6934); 62(7.69443); 63(1.27402); 64(8.13523); 65(8.70185); 66(3.46221); 67(3.24014); 68(5.54246); 69(7.28345); 70(7.49792); 71(8.85454); 72(1.94539); 73(2.33279); 74(7.80427); 75(3.07872); 76(3.32938); 77(1.69094); 78(3.96908); 79(0.86911); 80(5.15564); 81(2.8162); 82(8.40511); 83(5.69556); 84(3.17265); 85(1.84594); 86(3.53052); 87(0.35905); 88(5.12984); 89(6.72072); 90(0.95621); 91(7.56876); 92(4.81881); 93(8.87858); 94(2.24927); 95(1.81715); 96(7.35197); 97(3.96253); 98(1.76713); 99(1.4089); 100(7.10376); 101(5.04725); 102(7.13374); 103(3.87508); 104(5.68029); 105(0.9935); 106(2.84839); 107(8.28505); 108(5.68887); 109(4.62633); 110(6.01233); 111(5.65575); 112(2.57678); 113(0.99962); 114(8.14295); 115(3.77922); 116(7.2872); 117(0.26065); 118(1.83174); 119(7.72165); 120(6.20575); 121(8.56019); 122(8.06958); 123(8.91751); 124(5.2008); 125(3.04411); 126(8.17959); 127(6.58212); 128(4.25438); 129(8.23679); 130(0.64621); 131(7.43902); 132(6.6317); 133(8.6897); 134(0.41191); 135(2.96551); 136(4.98658); 137(1.04263); 138(5.24738); 139(8.81199); 140(6.16947); 141(7.4593); 142(3.09855); 143(0.40719); 144(4.43711); 145(7.25252); 146(2.29585); 147(8.20255); 148(7.63766); 149(7.22762); 150(7.57977); 151(7.81781); 152(3.1318); 153(1.25458); 154(4.70989); 155(5.25144); 156(8.01254); 157(2.08732); 158(4.153); 159(8.19329); 160(4.03169); 161(0.00073); 162(7.6311); 163(3.89234); 164(6.7011); 165(5.44207); 166(6.9078); 167(0.89172); 168(8.85172); 169(2.76062); 170(6.63724); 171(2.63679); 172(6.0971); 173(1.68992); 174(7.6283); 175(5.50922); 176(6.79404); 177(5.26144); 178(2.07962); 179(3.21711); 180(2.80829); 181(2.23843); 182(5.84323); 183(0.26199); 184(5.20272); 185(7.61717); 186(6.6332); 187(3.65918); 188(8.05315); 189(7.96949); 190(0.81365); 191(3.88501); 192(6.34361); 193(7.97602); 194(3.22049); 195(5.42533); 196(3.97433); 197(5.42125); 198(4.4984); 199(6.52238); 200(6.24556); 201(4.70923); 202(7.06647); 203(2.37378); 204(4.11403); 205(8.05375); 206(8.19296); 207(4.82048); 208(6.60808); 209(8.48011); 210(7.71794); 211(5.02947); 212(0.5983); 213(3.03877); 214(4.21264); 215(7.53469); 216(7.30413); 217(2.23082); 218(7.32008); 219(3.94792); 220(7.54759); 221(5.39737); 222(5.28879); 223(6.0647); 224(5.25823); 225(1.98742); 226(0.73766); 227(3.59759); 228(4.67447); 229(2.66136); 230(5.03703); 231(3.89822); 232(2.63927); 233(1.24027); 234(0.40305); 235(1.16263); 236(5.75924); 237(5.68825); 238(6.97456); 239(0.9819); 240(3.26149); 241(1.12313); 242(3.90102); 243(1.81905); 244(0.6826); 245(3.08137); 246(2.0366); 247(8.37044); 248(6.49441); 249(3.04575); 250(8.92905); 251(2.08881); 252(8.46221); 253(7.00363); 254(7.84096); 255(0.41894); 256(2.67843); 257(1.02907); 258(5.61466); 259(6.96184); 260(6.67191); 261(3.25444); 262(2.25); 263(7.26197); 264(8.49914); 265(8.02738); 266(4.34422); 267(4.98038); 268(6.99855); 269(1.83309); 270(2.84218); 271(0.56433); 272(1.97182); 273(1.71328); 274(1.94079); 275(2.07656); 276(2.05932); 277(4.21476); 278(3.80921); 279(1.23779); 280(3.18733); 281(3.58459); 282(5.95948); 283(6.48285); 284(0.77208); 285(5.04007); 286(7.15743); 287(8.71476); 288(6.50858); 289(2.30691); 290(2.79372); 291(0.84426); 292(6.16783); 293(3.75181); 294(3.38888); 295(1.33901); 296(3.90345); 297(6.08544); 298(1.84125); 299(4.41371),1391.93733,1391.93733,4.655308795986621,2.568639451863077,8.92905,0.00073,0.43694231039180736,1
45,0(2.07345); 1(0.85969); 2(0.58279); 3(1.58952); 4(1.69852); 5(8.36014); 6(3.70018); 7(8.99508); 8(3.10069); 9(5.7733); 10(3.69595); 11(7.00458); 12(2.86355); 13(3.19957); 14(7.56246); 15(3.47394); 16(4.29743); 17(7.89249); 18(5.33373); 19(5.48335); 20(0.27305); 21(4.97385); 22(4.92738); 23(0.69888); 24(0.64107); 25(4.90884); 26(4.74038); 27(3.41294); 28(2.75643); 29(5.75784); 30(5.24397); 31(7.28608); 32(7.78809); 33(3.633); 34(6.37146); 35(2.7504); 36(3.54111); 37(7.51051); 38(7.62208); 39(6.13794); 40(1.66365); 41(8.78126); 42(7.2487); 43(3.28736); 44(6.65028); 46(3.98463); 47(8.95677); 48(4.07744); 49(1.53524); 50(6.41355); 51(8.55237); 52(7.84255); 53(8.05285); 54(7.09399); 55(7.19424); 56(6.63004); 57(8.8815); 58(1.94114); 59(6.50391); 60(3.75596); 61(3.88907); 62(8.08395); 63(0.42954); 64(0.07408); 65(4.05172); 66(2.54553); 67(0.14921); 68(7.79442); 69(0.16844); 70(0.08736); 71(6.20469); 72(4.97122); 73(6.28787); 74(3.34932); 75(5.11478); 76(2.78173); 77(5.2758); 78(3.25784); 79(2.78412); 80(8.42772); 81(1.42995); 82(7.09711); 83(2.60586); 84(8.15962); 85(1.24956); 86(7.9372); 87(3.1511); 88(5.64599); 89(7.20104); 90(4.65501); 91(0.95107); 92(7.08771); 93(7.73124); 94(4.02914); 95(0.27134); 96(7.47209); 97(3.31062); 98(8.15025); 99(7.49849); 100(2.35686); 101(3.40369); 102(5.87502); 103(8.86869); 104(6.05757); 105(2.20445); 106(3.21758); 107(0.8232); 108(4.38688); 109(6.41046); 110(0.34481); 111(7.51761); 112(2.67067); 113(5.97902); 114(8.70807); 115(1.40548); 116(2.54792); 117(5.76987); 118(0.48149); 119(7.99473); 120(5.06997); 121(7.59304); 122(4.33343); 123(7.9684); 124(3.32706); 125(6.07093); 126(8.89632); 127(7.50653); 128(5.01449); 129(2.90831); 130(0.51868); 131(1.73177); 132(5.18962); 133(3.64005); 134(3.31503); 135(1.10982); 136(2.53534); 137(1.48314); 138(3.9984); 139(1.43498); 140(8.74037); 141(0.19369); 142(1.00352); 143(3.95783); 144(7.02653); 145(3.0164); 146(3.29375); 147(7.38902); 148(5.1144); 149(4.47449); 150(2.33587); 151(7.74297); 152(4.28614); 153(5.06347); 154(7.56485); 155(6.14784); 156(3.49495); 157(5.17967); 158(3.26959); 159(8.06779); 160(2.78437); 161(2.21164); 162(1.17343); 163(2.36704); 164(8.49548); 165(7.94749); 166(0.90908); 167(8.01331); 168(7.44675); 169(1.08968); 170(4.94885); 171(7.64754); 172(6.01118); 173(5.80797); 174(3.35767); 175(3.35969); 176(3.84438); 177(8.36432); 178(1.00156); 179(7.41778); 180(8.33622); 181(0.4194); 182(7.55127); 183(1.58992); 184(7.19635); 185(8.46973); 186(7.70756); 187(1.83223); 188(2.24682); 189(3.70943); 190(1.84434); 191(2.4694); 192(4.64815); 193(2.86382); 194(4.15855); 195(7.09253); 196(6.86937); 197(4.62204); 198(8.10633); 199(2.7144); 200(2.09797); 201(2.80173); 202(7.49771); 203(4.09878); 204(2.03414); 205(8.81674); 206(7.24617); 207(0.58856); 208(5.21624); 209(6.44481); 210(8.44549); 211(6.06154); 212(2.52417); 213(7.45966); 214(2.24766); 215(8.05646); 216(0.6135); 217(6.96669); 218(8.87508); 219(8.38044); 220(7.7047); 221(7.96513); 222(3.39106); 223(7.3502); 224(0.62052); 225(7.16351); 226(6.95045); 227(3.43055); 228(1.43103); 229(0.07104); 230(4.27043); 231(2.09915); 232(4.9268); 233(7.25647); 234(6.95386); 235(4.43323); 236(4.59553); 237(1.96577); 238(7.5392); 239(0.60572); 240(0.05348); 241(7.2576); 242(7.86444); 243(1.38453); 244(6.09024); 245(5.05195); 246(7.53061); 247(4.82201); 248(1.77013); 249(1.8969); 250(8.97252); 251(3.96393); 252(5.73172); 253(7.80012); 254(3.81038); 255(4.88239); 256(2.84231); 257(0.16506); 258(4.28353); 259(0.87482); 260(1.20029); 261(7.215); 262(3.19131); 263(2.88036); 264(6.41186); 265(8.96353); 266(0.7959); 267(2.68523); 268(8.79078); 269(2.8185); 270(7.18006); 271(6.39479); 272(0.33246); 273(2.58888); 274(0.02189); 275(4.41896); 276(8.9916); 277(8.73567); 278(7.77836); 279(5.52541); 280(1.33115); 281(3.87573); 282(1.31959); 283(3.44221); 284(7.86993); 285(1.60155); 286(1.85288); 287(5.12263); 288(4.5058); 289(2.94702); 290(2.92414); 291(5.25914); 292(5.09549); 293(1.71734); 294(4.69313); 295(1.41235); 296(5.44179); 297(0.50489); 298(6.84454); 299(5.47242),1380.00665,1380.00665,4.615406856187291,2.6408707219337155,8.99508,0.02189,0.4294969291682152,1
46,0(3.41491); 1(8.78653); 2(8.51556); 3(5.25957); 4(8.36581); 5(8.22714); 6(6.22644); 7(3.9044); 8(2.9508); 9(8.04495); 10(8.83115); 11(4.10671); 12(6.20961); 13(7.27356); 14(2.73286); 15(5.08113); 16(5.44828); 17(3.60519); 18(5.26215); 19(3.5803); 20(3.43558); 21(4.09625); 22(1.601); 23(7.77262); 24(5.84883); 25(6.05799); 26(0.61742); 27(4.10683); 28(1.58087); 29(6.05807); 30(0.37556); 31(3.43373); 32(5.75255); 33(4.86286); 34(7.87798); 35(8.34587); 36(4.96123); 37(2.74917); 38(2.32007); 39(7.72207); 40(7.08727); 41(2.57034); 42(7.59537); 43(7.64189); 44(0.11827); 45(3.98463); 47(6.92571); 48(7.76792); 49(4.14218); 50(6.97736); 51(1.23409); 52(8.34521); 53(0.66378); 54(7.49949); 55(0.03708); 56(7.87898); 57(5.79684); 58(5.23496); 59(3.88871); 60(7.20199); 61(3.41554); 62(4.07823); 63(4.31607); 64(1.75718); 65(1.44176); 66(1.46465); 67(1.89617); 68(6.92288); 69(4.34339); 70(8.55851); 71(8.25423); 72(7.08322); 73(4.28317); 74(4.62523); 75(2.05954); 76(3.04875); 77(3.26906); 78(7.25099); 79(0.95441); 80(2.22049); 81(6.23464); 82(7.29674); 83(1.0559); 84(5.55993); 85(6.1389); 86(5.75399); 87(7.60456); 88(1.47484); 89(0.39653); 90(7.90918); 91(1.39959); 92(2.07167); 93(5.71994); 94(1.15619); 95(6.41013); 96(1.46467); 97(4.35903); 98(8.13611); 99(8.05451); 100(6.24904); 101(2.05816); 102(5.17739); 103(0.24198); 104(8.51964); 105(7.57645); 106(8.88227); 107(4.31763); 108(8.51265); 109(3.68553); 110(7.26038); 111(6.84532); 112(8.00371); 113(2.07345); 114(6.09703); 115(6.43854); 116(3.44865); 117(6.80327); 118(4.36157); 119(0.83346); 120(1.62422); 121(7.65661); 122(7.28989); 123(0.70196); 124(5.31385); 125(2.28089); 126(5.77928); 127(1.34725); 128(3.40044); 129(1.15227); 130(0.19283); 131(0.06367); 132(8.9269); 133(0.0948); 134(6.27812); 135(2.53881); 136(0.78031); 137(5.37299); 138(1.93485); 139(8.20407); 140(7.08434); 141(7.86839); 142(2.80942); 143(3.2904); 144(4.37663); 145(1.46602); 146(7.75128); 147(5.81165); 148(4.62319); 149(1.26809); 150(4.89831); 151(2.91162); 152(5.74982); 153(6.67468); 154(8.35143); 155(3.20375); 156(1.33333); 157(0.48679); 158(5.73291); 159(4.58897); 160(0.01973); 161(2.6757); 162(0.09467); 163(5.32656); 164(3.25045); 165(7.70506); 166(3.03733); 167(4.33122); 168(8.64925); 169(3.37212); 170(8.19026); 171(1.45996); 172(7.78911); 173(7.89032); 174(1.82982); 175(5.81366); 176(0.1673); 177(4.09522); 178(5.31438); 179(7.49797); 180(1.00782); 181(5.45758); 182(1.66334); 183(2.33328); 184(6.10168); 185(6.30947); 186(2.64062); 187(7.70124); 188(0.79134); 189(5.82798); 190(6.98955); 191(5.88626); 192(5.79229); 193(0.83993); 194(4.40672); 195(3.53307); 196(8.89134); 197(0.59705); 198(3.20906); 199(4.60261); 200(3.41435); 201(3.73514); 202(8.32882); 203(7.80717); 204(8.17636); 205(5.99021); 206(4.08245); 207(8.35426); 208(2.54756); 209(2.17216); 210(5.42655); 211(5.41598); 212(5.01431); 213(5.80188); 214(4.74024); 215(6.97211); 216(2.79021); 217(4.61994); 218(3.83494); 219(1.1627); 220(7.88823); 221(1.10391); 222(6.51459); 223(3.13254); 224(6.42773); 225(6.52058); 226(0.04826); 227(3.45274); 228(4.65794); 229(7.58864); 230(1.41782); 231(4.3319); 232(6.13332); 233(1.30424); 234(3.76639); 235(0.89053); 236(4.81434); 237(3.53756); 238(8.65998); 239(7.04112); 240(8.29934); 241(8.9312); 242(8.39575); 243(7.69196); 244(0.21494); 245(5.76439); 246(6.03763); 247(7.8632); 248(5.90401); 249(6.27862); 250(1.41997); 251(8.6888); 252(1.38787); 253(4.53801); 254(1.49861); 255(0.91061); 256(1.83988); 257(4.56277); 258(2.5348); 259(7.40036); 260(4.76057); 261(8.63804); 262(0.56096); 263(7.16712); 264(1.77218); 265(0.12987); 266(5.48602); 267(1.50839); 268(2.67191); 269(3.69904); 270(0.95527); 271(1.80763); 272(2.05544); 273(4.27873); 274(7.52849); 275(4.23199); 276(2.64085); 277(4.25935); 278(6.16126); 279(7.69609); 280(7.58359); 281(1.27736); 282(1.19201); 283(5.99146); 284(6.41596); 285(3.491); 286(7.81932); 287(3.0424); 288(8.03721); 289(1.15984); 290(3.83846); 291(8.42161); 292(5.24162); 293(7.79203); 294(6.94659); 295(2.49257); 296(8.0367); 297(6.13814); 298(0.69527); 299(1.4138),1383.94822,1383.94822,4.628589364548496,2.6177065118078335,8.9312,0.01973,0.429972118329826,2
47,0(2.90824); 1(7.4438); 2(1.26054); 3(7.36215); 4(4.63752); 5(5.69684); 6(0.90112); 7(2.15711); 8(3.24804); 9(1.89722); 10(8.34822); 11(4.48039); 12(4.82739); 13(2.61723); 14(4.37809); 15(6.53189); 16(8.66946); 17(6.32124); 18(5.93978); 19(3.49248); 20(6.24482); 21(0.19492); 22(4.39697); 23(2.3147); 24(1.28015); 25(3.08125); 26(5.90807); 27(0.20595); 28(4.34611); 29(6.77807); 30(3.69431); 31(4.92538); 32(6.41985); 33(6.73879); 34(1.84559); 35(1.13444); 36(4.41); 37(6.89173); 38(8.75837); 39(2.66448); 40(3.07119); 41(6.96606); 42(7.31362); 43(7.58248); 44(8.88928); 45(8.95677); 46(6.92571); 48(6.58699); 49(7.75532); 50(8.20998); 51(3.15886); 52(6.91483); 53(2.89691); 54(7.69079); 55(2.98606); 56(1.91681); 57(3.61384); 58(6.82005); 59(6.96072); 60(3.42302); 61(2.43085); 62(5.81028); 63(4.28677); 64(1.89133); 65(8.38939); 66(1.06197); 67(4.71016); 68(6.72316); 69(8.47231); 70(7.00115); 71(8.79009); 72(1.04193); 73(8.74715); 74(7.33426); 75(4.17223); 76(1.41586); 77(1.47537); 78(6.47384); 79(4.38594); 80(7.60491); 81(0.63746); 82(4.94297); 83(4.53845); 84(8.9683); 85(8.10642); 86(8.60836); 87(1.84113); 88(7.04807); 89(3.8391); 90(1.65903); 91(3.17174); 92(0.44362); 93(5.08668); 94(4.29064); 95(8.5119); 96(6.73848); 97(2.25672); 98(5.96976); 99(5.9478); 100(6.66284); 101(0.40607); 102(6.64065); 103(6.65342); 104(2.62139); 105(7.31625); 106(4.5295); 107(1.123); 108(2.33603); 109(8.24052); 110(7.88285); 111(8.58888); 112(7.40792); 113(6.82186); 114(8.20157); 115(8.75746); 116(3.8407); 117(7.06666); 118(7.41382); 119(7.14367); 120(5.65733); 121(8.93742); 122(5.28254); 123(8.11709); 124(6.9888); 125(1.8385); 126(4.60262); 127(8.66316); 128(8.99188); 129(5.26213); 130(1.59303); 131(6.00688); 132(0.96532); 133(1.81274); 134(0.8046); 135(2.57381); 136(1.88327); 137(0.22102); 138(8.11118); 139(4.19555); 140(1.30698); 141(3.99014); 142(8.68312); 143(4.56835); 144(2.45929); 145(2.55882); 146(3.01209); 147(1.67374); 148(5.81878); 149(2.61913); 150(1.98781); 151(5.08436); 152(4.58926); 153(6.04956); 154(4.75495); 155(6.34892); 156(1.95914); 157(2.99146); 158(7.50604); 159(3.84359); 160(0.05922); 161(5.561); 162(2.93251); 163(8.81582); 164(2.14658); 165(8.5756); 166(7.11147); 167(2.89014); 168(1.08262); 169(0.98008); 170(8.4304); 171(0.5183); 172(2.20708); 173(7.39835); 174(4.54384); 175(2.82233); 176(2.22456); 177(8.95575); 178(2.5622); 179(6.69753); 180(0.93083); 181(1.60919); 182(8.7901); 183(8.19599); 184(4.17311); 185(3.24129); 186(1.02015); 187(0.66282); 188(6.9582); 189(3.29907); 190(1.4906); 191(7.35482); 192(2.70263); 193(4.5573); 194(8.83786); 195(0.79646); 196(3.8825); 197(3.45749); 198(0.80294); 199(2.46547); 200(4.38972); 201(6.87584); 202(0.1905); 203(2.62793); 204(7.95853); 205(5.177); 206(7.17239); 207(1.94012); 208(2.08785); 209(6.42381); 210(2.86671); 211(7.56895); 212(4.61633); 213(8.94794); 214(8.6036); 215(5.43465); 216(3.32568); 217(6.507); 218(6.06665); 219(0.78859); 220(6.56807); 221(5.73707); 222(0.07165); 223(6.38758); 224(5.18077); 225(5.02762); 226(3.63274); 227(2.31651); 228(6.66249); 229(7.57041); 230(7.02502); 231(6.69715); 232(8.58043); 233(0.16186); 234(5.99134); 235(4.61316); 236(6.36761); 237(0.30393); 238(2.32129); 239(7.42851); 240(2.20965); 241(8.6231); 242(0.36475); 243(8.29053); 244(0.83874); 245(2.95153); 246(8.58877); 247(2.57517); 248(2.33493); 249(5.91268); 250(5.00577); 251(0.05937); 252(6.09643); 253(7.93531); 254(8.85237); 255(4.56316); 256(5.24306); 257(3.81465); 258(0.80576); 259(3.40864); 260(1.87725); 261(8.0733); 262(5.08194); 263(6.4922); 264(4.20103); 265(5.1088); 266(2.29633); 267(8.12734); 268(7.37836); 269(3.75895); 270(6.70689); 271(1.59204); 272(4.70836); 273(6.92364); 274(7.60742); 275(7.2762); 276(1.65652); 277(1.37697); 278(2.84104); 279(8.3705); 280(5.34322); 281(8.2807); 282(4.46094); 283(1.85764); 284(6.49054); 285(5.20949); 286(2.35406); 287(0.98535); 288(4.20583); 289(4.55435); 290(2.52422); 291(3.12942); 292(2.31426); 293(0.5853); 294(6.16971); 295(4.90935); 296(7.57936); 297(4.48998); 298(3.97803); 299(3.31448),1415.41191,1415.41191,4.733819096989967,2.614901677332293,8.99188,0.05922,0.4416394382325311,2
48,0(0.09578); 1(3.00827); 2(8.72672); 3(5.99833); 4(8.60472); 5(0.43289); 6(3.09653); 7(2.65395); 8(7.05776); 9(0.29272); 10(7.7187); 11(3.237); 12(8.66546); 13(3.60078); 14(8.37079); 15(6.83067); 16(7.34464); 17(1.21451); 18(1.15518); 19(2.82471); 20(0.39421); 21(4.80595); 22(8.95173); 23(3.08921); 24(2.7059); 25(3.15371); 26(3.92305); 27(6.86468); 28(1.79078); 29(1.02794); 30(1.86089); 31(8.07385); 32(4.72285); 33(5.69191); 34(8.15017); 35(2.58394); 36(1.33867); 37(0.31471); 38(1.68838); 39(6.50841); 40(0.66604); 41(4.4183); 42(0.27259); 43(8.41539); 44(8.53988); 45(4.07744); 46(7.76792); 47(6.58699); 49(7.47067); 50(5.27938); 51(3.15445); 52(5.93061); 53(2.89658); 54(5.0619); 55(8.62859); 56(5.65975); 57(1.78851); 58(1.71129); 59(5.72461); 60(5.14267); 61(3.21929); 62(3.59429); 63(5.83955); 64(4.27918); 65(8.47636); 66(8.89376); 67(5.08426); 68(2.60077); 69(8.27554); 70(8.92784); 71(6.18634); 72(2.11268); 73(4.99718); 74(3.51116); 75(0.4222); 76(2.43534); 77(6.73575); 78(2.50937); 79(5.80044); 80(7.43762); 81(3.98262); 82(1.93081); 83(3.19705); 84(7.74326); 85(3.19879); 86(8.27899); 87(2.53985); 88(8.66812); 89(2.3846); 90(3.65422); 91(5.06265); 92(8.46835); 93(7.15972); 94(3.89408); 95(8.48963); 96(4.69418); 97(7.22945); 98(4.17361); 99(8.83212); 100(8.54067); 101(2.86587); 102(1.12862); 103(2.59513); 104(2.83023); 105(1.50666); 106(8.77568); 107(7.72364); 108(8.55673); 109(3.06901); 110(5.86171); 111(4.02904); 112(5.28966); 113(8.77403); 114(2.78373); 115(6.38166); 116(6.48382); 117(8.98065); 118(0.11974); 119(8.60511); 120(3.92183); 121(3.77721); 122(6.36016); 123(0.71731); 124(7.54557); 125(3.18322); 126(8.73666); 127(7.38776); 128(0.47356); 129(7.83381); 130(4.21634); 131(3.45935); 132(2.01253); 133(5.07537); 134(3.03698); 135(1.21532); 136(5.60089); 137(0.37418); 138(0.67235); 139(5.33924); 140(7.1546); 141(7.38838); 142(4.24); 143(6.07682); 144(1.0396); 145(1.02971); 146(5.1018); 147(8.36751); 148(0.33242); 149(6.11691); 150(8.64574); 151(4.81039); 152(3.45586); 153(8.7548); 154(7.63384); 155(0.22691); 156(7.87546); 157(5.33292); 158(4.55205); 159(5.88837); 160(5.67351); 161(6.22367); 162(8.05671); 163(2.07641); 164(2.72366); 165(8.19944); 166(7.27383); 167(0.24568); 168(5.53254); 169(0.8127); 170(0.91013); 171(6.27021); 172(4.88916); 173(6.40083); 174(7.56121); 175(6.37726); 176(1.48996); 177(2.7992); 178(3.14114); 179(0.01591); 180(7.16263); 181(2.62363); 182(1.61983); 183(7.31577); 184(2.96326); 185(0.65652); 186(6.79724); 187(3.57653); 188(0.13215); 189(0.84642); 190(6.99811); 191(5.39658); 192(3.6815); 193(1.37005); 194(4.65788); 195(6.93256); 196(5.90937); 197(8.6612); 198(4.76836); 199(6.75708); 200(4.96966); 201(1.96654); 202(6.59705); 203(3.46411); 204(6.98095); 205(3.22821); 206(8.11328); 207(2.12977); 208(3.49399); 209(2.51241); 210(7.92027); 211(7.83839); 212(8.85024); 213(4.25788); 214(1.42597); 215(0.50296); 216(4.77961); 217(1.33932); 218(3.38139); 219(4.37028); 220(7.05283); 221(4.21119); 222(0.53924); 223(3.73484); 224(1.55329); 225(4.73645); 226(4.82899); 227(5.61552); 228(4.89342); 229(2.989); 230(6.46433); 231(2.13904); 232(4.81641); 233(4.22987); 234(4.51672); 235(0.19386); 236(1.12771); 237(3.03357); 238(5.73413); 239(3.88493); 240(3.47675); 241(1.04369); 242(4.26487); 243(3.76456); 244(5.96874); 245(3.46663); 246(1.10264); 247(8.3176); 248(0.0307); 249(3.46391); 250(5.00212); 251(2.57426); 252(3.0392); 253(4.84668); 254(1.50316); 255(1.53262); 256(7.13812); 257(0.39126); 258(7.24465); 259(0.23008); 260(2.67063); 261(5.50054); 262(1.83112); 263(6.87192); 264(4.4221); 265(3.61189); 266(8.77889); 267(2.04752); 268(1.48129); 269(8.83044); 270(3.0973); 271(4.71495); 272(1.70164); 273(3.91188); 274(8.00142); 275(8.81739); 276(0.56202); 277(6.6525); 278(4.47539); 279(3.32216); 280(2.06942); 281(2.04197); 282(7.95117); 283(2.49977); 284(5.68524); 285(2.8488); 286(0.54516); 287(4.49319); 288(4.15604); 289(3.75888); 290(7.74677); 291(4.61412); 292(6.52599); 293(8.21823); 294(4.71103); 295(5.4022); 296(7.37247); 297(5.10507); 298(8.26427); 299(1.97146),1358.15468,1358.15468,4.542323344481605,2.6177664153471083,8.98065,0.01591,0.4246764364229522,1
49,0(1.6848); 1(7.34805); 2(6.28533); 3(3.93205); 4(1.43939); 5(5.94329); 6(2.19248); 7(4.9038); 8(6.11201); 9(4.10079); 10(4.15986); 11(7.73258); 12(1.15164); 13(3.35047); 14(7.95917); 15(4.97878); 16(0.20927); 17(8.46341); 18(1.18054); 19(0.15143); 20(4.80076); 21(8.10063); 22(0.69891); 23(4.73826); 24(6.51328); 25(7.98163); 26(7.41798); 27(1.77511); 28(2.73297); 29(1.03701); 30(2.71854); 31(1.10751); 32(6.60318); 33(5.70724); 34(5.04582); 35(2.35677); 36(5.77555); 37(3.01352); 38(4.12699); 39(8.16432); 40(3.07513); 41(4.23847); 42(2.60282); 43(8.70352); 44(4.71108); 45(1.53524); 46(4.14218); 47(7.75532); 48(7.47067); 50(7.78434); 51(6.69867); 52(7.13052); 53(3.5072); 54(3.63331); 55(3.29269); 56(5.87033); 57(3.04989); 58(4.73386); 59(2.46845); 60(4.53201); 61(0.09436); 62(2.73037); 63(3.33908); 64(7.7704); 65(6.31777); 66(4.07839); 67(8.53746); 68(4.76995); 69(4.80738); 70(3.60439); 71(6.52886); 72(7.92869); 73(2.45219); 74(4.00079); 75(3.43355); 76(6.11856); 77(4.68783); 78(8.43291); 79(5.50528); 80(0.29362); 81(7.93753); 82(2.03022); 83(6.66802); 84(5.2043); 85(8.21295); 86(2.72373); 87(3.13506); 88(2.42236); 89(0.36779); 90(1.70836); 91(2.20301); 92(7.62496); 93(7.4469); 94(6.2573); 95(8.19347); 96(7.10873); 97(7.54308); 98(1.25891); 99(3.01521); 100(6.46338); 101(1.54253); 102(0.53153); 103(6.84445); 104(3.4304); 105(7.98645); 106(2.50643); 107(6.72583); 108(7.37692); 109(7.67687); 110(0.73848); 111(2.73014); 112(1.60334); 113(8.38294); 114(5.99023); 115(1.50101); 116(1.07919); 117(0.34037); 118(4.01973); 119(6.75291); 120(5.50256); 121(7.87893); 122(4.66769); 123(4.13844); 124(5.96563); 125(5.46466); 126(7.12074); 127(4.66307); 128(5.67393); 129(2.72851); 130(1.5341); 131(5.49717); 132(3.50469); 133(3.41938); 134(7.82521); 135(2.8367); 136(6.10503); 137(8.57622); 138(0.14234); 139(0.9625); 140(8.96633); 141(1.04672); 142(2.60713); 143(1.16911); 144(2.26557); 145(7.62013); 146(1.23765); 147(8.72991); 148(1.55877); 149(5.61429); 150(0.55378); 151(2.08689); 152(6.72976); 153(5.98775); 154(1.84404); 155(7.77603); 156(5.85575); 157(3.15906); 158(8.19439); 159(2.92914); 160(3.4906); 161(0.44114); 162(6.17426); 163(4.31135); 164(4.52017); 165(2.73746); 166(3.80209); 167(5.3153); 168(6.57444); 169(4.17304); 170(4.35918); 171(0.24487); 172(7.89034); 173(0.16739); 174(4.19668); 175(0.42514); 176(1.05672); 177(5.49236); 178(7.62973); 179(8.58835); 180(1.1883); 181(8.39416); 182(7.46056); 183(8.31405); 184(0.79037); 185(0.15326); 186(4.76555); 187(5.65038); 188(2.06101); 189(1.08091); 190(1.9671); 191(1.28957); 192(3.19064); 193(5.93526); 194(0.65285); 195(6.27035); 196(2.26203); 197(8.79026); 198(0.15704); 199(3.65752); 200(3.39973); 201(3.2982); 202(0.47562); 203(8.35211); 204(1.35941); 205(8.45552); 206(4.36553); 207(6.47576); 208(1.66999); 209(3.7552); 210(6.84007); 211(0.16322); 212(6.4547); 213(2.59859); 214(8.06031); 215(1.44602); 216(3.88833); 217(6.31919); 218(2.06435); 219(1.21192); 220(6.44499); 221(8.56072); 222(4.05284); 223(6.56391); 224(5.52561); 225(0.77903); 226(5.14611); 227(1.49609); 228(6.62107); 229(5.38033); 230(3.14505); 231(8.89813); 232(6.83735); 233(7.0094); 234(1.34804); 235(1.76678); 236(8.68612); 237(7.42068); 238(4.58304); 239(3.01714); 240(1.66657); 241(6.56716); 242(8.48605); 243(8.34088); 244(7.01445); 245(0.88562); 246(5.73364); 247(0.60091); 248(1.7446); 249(7.381); 250(0.59402); 251(7.98822); 252(0.57146); 253(8.20961); 254(8.43195); 255(7.34499); 256(4.99915); 257(4.94327); 258(5.03778); 259(4.50198); 260(1.74908); 261(3.40155); 262(3.26557); 263(5.9717); 264(7.74553); 265(3.26258); 266(6.94266); 267(8.73991); 268(0.75899); 269(1.48893); 270(4.10043); 271(2.95027); 272(8.50789); 273(5.88266); 274(0.41055); 275(4.19099); 276(0.45587); 277(1.01475); 278(5.27346); 279(8.04749); 280(6.61645); 281(2.47419); 282(4.85305); 283(4.47404); 284(3.23275); 285(8.04862); 286(0.29849); 287(6.4913); 288(3.31262); 289(7.85469); 290(0.85946); 291(1.5521); 292(8.38886); 293(4.10935); 294(6.00248); 295(8.94994); 296(5.70879); 297(2.10382); 298(4.50273); 299(4.2727),1340.35595,1340.35595,4.482795819397993,2.6316497102655427,8.96633,0.09436,0.41968971463966287,2
50,0(1.12765); 1(2.64169); 2(7.78483); 3(5.8975); 4(2.91872); 5(0.55306); 6(4.05588); 7(0.12496); 8(0.83864); 9(1.13694); 10(5.96318); 11(6.86239); 12(6.83034); 13(8.20155); 14(0.20107); 15(4.27917); 16(6.24359); 17(4.93603); 18(8.81204); 19(2.95237); 20(4.88654); 21(3.33437); 22(8.19744); 23(6.38615); 24(8.23987); 25(6.52303); 26(4.28335); 27(1.66888); 28(8.72423); 29(0.01931); 30(1.53841); 31(0.76504); 32(7.48281); 33(3.61407); 34(4.72106); 35(3.84253); 36(8.92112); 37(2.63108); 38(0.50474); 39(8.36294); 40(1.39674); 41(6.16928); 42(8.17415); 43(8.90844); 44(3.42835); 45(6.41355); 46(6.97736); 47(8.20998); 48(5.27938); 49(7.78434); 51(6.70827); 52(5.74638); 53(3.83454); 54(2.0822); 55(6.34323); 56(8.81241); 57(2.65624); 58(7.25032); 59(7.45477); 60(7.96738); 61(0.85287); 62(1.22174); 63(2.02644); 64(6.49892); 65(7.45268); 66(1.12958); 67(8.37276); 68(7.34219); 69(3.20171); 70(8.43137); 71(3.89977); 72(1.71706); 73(5.09006); 74(2.1652); 75(3.83511); 76(1.48037); 77(4.91472); 78(7.98344); 79(7.14254); 80(1.26411); 81(6.0516); 82(0.10589); 83(5.00386); 84(5.66955); 85(1.3516); 86(1.13401); 87(4.71524); 88(1.46147); 89(1.94179); 90(3.57626); 91(7.57137); 92(2.49987); 93(1.05547); 94(6.88005); 95(2.74362); 96(4.50503); 97(0.42796); 98(0.55091); 99(8.90303); 100(2.21758); 101(4.20279); 102(3.01981); 103(7.26221); 104(2.98438); 105(7.26948); 106(5.65782); 107(1.3084); 108(2.33273); 109(2.10085); 110(4.26338); 111(1.40236); 112(5.63387); 113(6.35123); 114(1.95176); 115(5.75562); 116(5.51996); 117(6.37); 118(2.75227); 119(7.32307); 120(7.26133); 121(0.80447); 122(5.20839); 123(8.8524); 124(4.49747); 125(5.73314); 126(5.37172); 127(6.39669); 128(6.084); 129(3.27703); 130(4.47711); 131(0.49034); 132(8.49044); 133(6.07128); 134(7.46789); 135(1.68934); 136(8.97425); 137(5.95398); 138(5.91298); 139(7.97916); 140(0.39602); 141(7.5836); 142(0.41206); 143(3.81051); 144(8.14837); 145(8.35014); 146(5.88366); 147(6.92983); 148(8.411); 149(6.44797); 150(0.98187); 151(4.25671); 152(6.46067); 153(0.26891); 154(6.17843); 155(7.19014); 156(0.91323); 157(2.26736); 158(0.02716); 159(3.89032); 160(6.33073); 161(4.87391); 162(5.94642); 163(4.47467); 164(5.83738); 165(1.49456); 166(1.67319); 167(1.03456); 168(1.64921); 169(0.42562); 170(2.74598); 171(6.19125); 172(0.53372); 173(7.54877); 174(5.48163); 175(5.84828); 176(6.99635); 177(0.54599); 178(6.84936); 179(3.3787); 180(0.03581); 181(5.67696); 182(6.27008); 183(4.43454); 184(7.4178); 185(2.62332); 186(4.39441); 187(2.49517); 188(6.94245); 189(0.01723); 190(5.10332); 191(2.42421); 192(4.10941); 193(1.11061); 194(3.09437); 195(5.79794); 196(6.8753); 197(4.3298); 198(5.3004); 199(4.55843); 200(6.82044); 201(7.30988); 202(3.36683); 203(2.85561); 204(8.80445); 205(2.79885); 206(4.98989); 207(4.00143); 208(5.2091); 209(4.11402); 210(6.1923); 211(6.95755); 212(6.09355); 213(6.49312); 214(0.56824); 215(0.01219); 216(4.2825); 217(2.72538); 218(8.86157); 219(8.23888); 220(0.70008); 221(1.21243); 222(0.17878); 223(6.2218); 224(4.10158); 225(6.44639); 226(1.599); 227(8.11222); 228(1.50126); 229(7.75877); 230(0.88334); 231(3.28726); 232(5.16262); 233(0.96059); 234(3.03506); 235(0.30396); 236(8.51203); 237(0.25013); 238(3.60875); 239(6.49962); 240(1.2362); 241(7.49178); 242(4.23978); 243(5.21659); 244(4.81446); 245(2.99646); 246(4.79285); 247(0.89952); 248(4.81582); 249(2.61026); 250(8.68762); 251(7.07136); 252(0.87585); 253(6.79692); 254(0.64968); 255(0.91053); 256(3.7805); 257(5.03931); 258(6.32529); 259(0.40983); 260(2.5456); 261(4.67); 262(0.97931); 263(6.81123); 264(5.21352); 265(6.03037); 266(8.82038); 267(5.58823); 268(8.09136); 269(5.60336); 270(2.3293); 271(1.6807); 272(3.4062); 273(4.96733); 274(4.29432); 275(6.7696); 276(1.34525); 277(0.53858); 278(5.85078); 279(6.90624); 280(8.13695); 281(2.40522); 282(0.6999); 283(2.30422); 284(0.16413); 285(0.45426); 286(4.58147); 287(0.83818); 288(2.59936); 289(4.38337); 290(4.07326); 291(6.9492); 292(7.55272); 293(4.48927); 294(4.19073); 295(1.08837); 296(1.51121); 297(3.79852); 298(8.16594); 299(1.01755),1311.66743,1311.66743,4.386847591973244,2.641231882152952,8.97425,0.01219,0.407405579403421,1
51,0(8.76875); 1(6.29959); 2(5.39443); 3(2.80804); 4(3.11826); 5(1.38376); 6(4.8931); 7(8.02205); 8(5.87246); 9(0.32109); 10(2.28529); 11(5.10655); 12(8.66805); 13(3.439); 14(5.88173); 15(4.69323); 16(0.40939); 17(5.21478); 18(3.90702); 19(0.4066); 20(2.29877); 21(5.78544); 22(7.50189); 23(4.0659); 24(3.26697); 25(4.88155); 26(5.31191); 27(5.58432); 28(6.82181); 29(3.4899); 30(5.74935); 31(2.7972); 32(5.62152); 33(7.28996); 34(2.10992); 35(6.68864); 36(3.68772); 37(1.21685); 38(2.20216); 39(8.82086); 40(4.65734); 41(0.31446); 42(8.36666); 43(2.07579); 44(8.20839); 45(8.55237); 46(1.23409); 47(3.15886); 48(3.15445); 49(6.69867); 50(6.70827); 52(7.74857); 53(1.50669); 54(4.15385); 55(8.01324); 56(0.99426); 57(2.6644); 58(0.65507); 59(3.14676); 60(5.4154); 61(1.23259); 62(0.24274); 63(1.13213); 64(6.58421); 65(4.2108); 66(3.64259); 67(7.0143); 68(3.26937); 69(8.2467); 70(1.03012); 71(7.18108); 72(5.77197); 73(0.99547); 74(7.62932); 75(7.35375); 76(5.78239); 77(2.42738); 78(0.5549); 79(8.51937); 80(4.55323); 81(1.97751); 82(0.43227); 83(1.81407); 84(1.56791); 85(3.43771); 86(8.3706); 87(6.66844); 88(8.88109); 89(6.51551); 90(8.72915); 91(0.63915); 92(3.86539); 93(8.01907); 94(6.58237); 95(0.0485); 96(1.39695); 97(7.39667); 98(8.02515); 99(8.88486); 100(3.54965); 101(4.85543); 102(3.42267); 103(5.71129); 104(1.72602); 105(7.7663); 106(0.02641); 107(5.06432); 108(2.39101); 109(2.08307); 110(4.30481); 111(8.49589); 112(8.91669); 113(0.27796); 114(8.13252); 115(0.35556); 116(5.23278); 117(3.05511); 118(5.34788); 119(7.1096); 120(1.4095); 121(5.74718); 122(2.48219); 123(7.27388); 124(7.11162); 125(1.07902); 126(7.06705); 127(8.46508); 128(8.51438); 129(6.7109); 130(3.64542); 131(8.33308); 132(3.45903); 133(5.08135); 134(6.59661); 135(6.86591); 136(7.81055); 137(6.42523); 138(7.87397); 139(0.85726); 140(6.5639); 141(7.40103); 142(4.49439); 143(8.61649); 144(4.8814); 145(0.71996); 146(0.23227); 147(8.85657); 148(4.05035); 149(0.27632); 150(3.40721); 151(0.02742); 152(5.86073); 153(4.01769); 154(7.88985); 155(6.29306); 156(5.41648); 157(4.61084); 158(7.42005); 159(6.60385); 160(1.96608); 161(1.65858); 162(0.24472); 163(3.33983); 164(6.85428); 165(4.31223); 166(1.12793); 167(2.12399); 168(7.3964); 169(0.00416); 170(0.55081); 171(4.29685); 172(8.64052); 173(8.23097); 174(7.622); 175(1.52776); 176(1.10404); 177(1.60606); 178(2.2357); 179(7.9789); 180(1.93924); 181(4.82102); 182(7.59722); 183(6.55148); 184(4.51857); 185(8.77717); 186(3.70912); 187(6.83834); 188(0.05346); 189(1.7801); 190(6.90997); 191(4.44426); 192(1.27794); 193(8.92166); 194(4.90544); 195(4.13124); 196(0.87316); 197(1.33444); 198(3.61495); 199(2.73275); 200(3.40242); 201(8.9545); 202(2.50216); 203(7.91631); 204(7.74273); 205(8.6053); 206(4.16948); 207(1.28225); 208(7.87723); 209(3.00294); 210(7.64385); 211(4.08429); 212(4.85593); 213(6.40698); 214(5.99905); 215(6.18409); 216(8.28272); 217(0.31321); 218(5.06591); 219(4.07526); 220(7.91091); 221(2.37535); 222(0.53911); 223(1.78535); 224(8.26995); 225(8.92346); 226(5.17193); 227(2.18421); 228(6.4472); 229(4.55517); 230(2.68886); 231(7.14361); 232(8.49324); 233(0.46485); 234(0.88464); 235(4.44306); 236(5.36015); 237(5.06732); 238(5.19048); 239(4.28334); 240(3.4511); 241(5.08754); 242(3.61477); 243(3.06796); 244(8.15304); 245(1.6098); 246(8.45996); 247(4.81859); 248(5.39414); 249(7.76617); 250(5.84052); 251(4.28779); 252(6.87165); 253(5.98655); 254(3.65616); 255(4.28846); 256(1.55586); 257(3.75233); 258(0.66112); 259(8.39791); 260(0.52714); 261(7.35221); 262(6.24815); 263(8.49398); 264(8.14616); 265(8.5027); 266(6.43519); 267(4.84341); 268(0.43201); 269(2.44423); 270(2.87457); 271(3.21711); 272(6.42364); 273(0.20376); 274(1.01633); 275(1.57549); 276(5.72905); 277(5.03477); 278(8.05478); 279(2.58824); 280(6.36178); 281(5.22682); 282(6.36746); 283(0.02441); 284(0.45534); 285(4.03456); 286(7.55891); 287(1.12262); 288(4.32011); 289(6.49663); 290(6.94291); 291(0.56971); 292(1.14628); 293(6.64481); 294(2.37628); 295(8.16119); 296(4.71493); 297(5.12282); 298(7.85536); 299(0.55247),1380.4361,1380.4361,4.616843143812709,2.707571450745197,8.9545,0.00416,0.4231806082082936,1
52,0(2.54207); 1(8.94903); 2(8.7711); 3(3.89022); 4(2.50982); 5(8.71185); 6(3.51199); 7(5.11047); 8(6.61994); 9(6.15251); 10(3.26018); 11(8.25084); 12(8.74676); 13(8.62595); 14(5.35406); 15(6.83174); 16(8.07505); 17(6.00126); 18(8.97111); 19(5.52379); 20(6.87793); 21(4.4528); 22(5.60803); 23(5.38986); 24(3.58742); 25(8.49028); 26(0.81538); 27(2.52739); 28(2.67196); 29(1.97376); 30(4.54208); 31(8.82316); 32(2.96512); 33(1.30853); 34(5.8205); 35(6.2153); 36(5.21027); 37(4.3231); 38(7.57849); 39(6.1569); 40(8.41047); 41(5.38453); 42(0.47008); 43(2.07066); 44(4.60993); 45(7.84255); 46(8.34521); 47(6.91483); 48(5.93061); 49(7.13052); 50(5.74638); 51(7.74857); 53(5.64689); 54(1.10043); 55(2.04582); 56(8.05374); 57(5.10232); 58(4.45934); 59(8.05735); 60(3.40479); 61(6.45649); 62(6.25391); 63(2.60667); 64(8.66689); 65(2.00324); 66(2.20263); 67(6.67416); 68(6.4092); 69(8.71857); 70(5.53202); 71(7.87338); 72(1.38736); 73(4.20503); 74(3.17768); 75(6.62214); 76(8.25568); 77(3.77328); 78(5.9683); 79(6.86797); 80(0.85002); 81(3.75685); 82(2.05529); 83(7.16997); 84(7.52036); 85(7.06594); 86(5.93845); 87(2.30964); 88(2.21219); 89(5.28122); 90(4.07109); 91(3.54922); 92(2.88551); 93(0.23237); 94(4.43693); 95(1.55191); 96(1.68176); 97(4.24219); 98(1.20779); 99(5.25457); 100(5.56898); 101(2.16166); 102(5.30994); 103(2.75992); 104(1.04685); 105(7.85655); 106(1.01865); 107(4.73138); 108(0.06162); 109(6.8899); 110(3.06004); 111(3.65433); 112(8.60668); 113(1.92429); 114(2.40506); 115(6.94725); 116(0.5205); 117(7.41437); 118(7.97335); 119(3.10474); 120(7.827); 121(2.27858); 122(5.9123); 123(0.23266); 124(7.68988); 125(6.68322); 126(4.2851); 127(0.45212); 128(0.88001); 129(0.20015); 130(8.71397); 131(4.8099); 132(3.99124); 133(0.78487); 134(3.3123); 135(2.20828); 136(1.768); 137(1.34079); 138(6.36474); 139(5.25459); 140(1.18138); 141(3.14222); 142(7.54663); 143(2.64975); 144(7.65559); 145(5.4016); 146(6.26353); 147(4.78633); 148(0.58812); 149(6.56442); 150(2.19366); 151(7.23984); 152(0.114); 153(0.32975); 154(4.50056); 155(7.79933); 156(8.91804); 157(3.19506); 158(0.807); 159(0.29436); 160(1.39882); 161(8.15462); 162(3.54105); 163(8.26034); 164(3.63821); 165(5.6714); 166(6.22883); 167(6.59873); 168(1.16903); 169(0.17252); 170(0.20553); 171(8.6535); 172(5.43931); 173(8.19831); 174(2.18304); 175(0.23977); 176(4.86531); 177(6.53199); 178(0.18506); 179(1.1133); 180(7.06698); 181(1.02569); 182(3.17356); 183(6.07043); 184(0.28595); 185(6.57222); 186(8.32099); 187(7.61758); 188(3.8845); 189(8.46153); 190(8.56697); 191(0.99372); 192(4.25502); 193(6.3923); 194(5.91315); 195(0.23485); 196(0.33708); 197(7.54529); 198(2.26345); 199(7.32033); 200(6.75416); 201(4.39636); 202(5.79954); 203(0.66617); 204(6.36215); 205(7.6984); 206(7.5074); 207(5.31963); 208(5.05968); 209(3.81876); 210(8.05199); 211(0.08019); 212(8.89844); 213(0.44112); 214(4.45596); 215(8.10658); 216(0.88358); 217(4.66646); 218(3.45231); 219(5.59839); 220(4.24332); 221(8.20627); 222(0.49867); 223(4.95594); 224(3.92393); 225(3.98431); 226(1.96512); 227(7.59623); 228(5.06903); 229(2.52721); 230(5.70609); 231(0.647); 232(6.28719); 233(1.04754); 234(5.20495); 235(5.1975); 236(4.84876); 237(2.13637); 238(4.35982); 239(7.10192); 240(0.74237); 241(1.00241); 242(4.23026); 243(2.54442); 244(4.9983); 245(6.13291); 246(4.51891); 247(4.62988); 248(4.37435); 249(3.49106); 250(6.83354); 251(1.37319); 252(4.24474); 253(3.46546); 254(4.66163); 255(1.98376); 256(8.00346); 257(6.26871); 258(6.06229); 259(8.85474); 260(6.30219); 261(4.57024); 262(5.61385); 263(2.76252); 264(0.77229); 265(0.35719); 266(2.69489); 267(5.88171); 268(7.8138); 269(0.67523); 270(7.11564); 271(6.85238); 272(0.36777); 273(4.1766); 274(6.60348); 275(1.9326); 276(6.9569); 277(7.01468); 278(6.79413); 279(1.01242); 280(4.77355); 281(0.75028); 282(6.84132); 283(5.49974); 284(6.99322); 285(8.77146); 286(8.22896); 287(6.23186); 288(6.18321); 289(1.11443); 290(0.29324); 291(3.25823); 292(5.55157); 293(6.35054); 294(1.2685); 295(7.57306); 296(8.89885); 297(3.79208); 298(4.97795); 299(2.48023),1383.1217,1383.1217,4.625825083612041,2.634549117148601,8.97111,0.06162,0.4278996747027472,2
53,0(8.19772); 1(8.50803); 2(4.57938); 3(8.48669); 4(5.50062); 5(1.44591); 6(4.73908); 7(8.90966); 8(3.93664); 9(5.93766); 10(3.42383); 11(7.85184); 12(3.96071); 13(4.85792); 14(1.5512); 15(4.87925); 16(7.13105); 17(8.40582); 18(5.59311); 19(6.01558); 20(1.98427); 21(1.56234); 22(6.6186); 23(6.78128); 24(4.11433); 25(6.07471); 26(6.10731); 27(0.46233); 28(1.87797); 29(4.31558); 30(0.36506); 31(7.7002); 32(3.50612); 33(6.71101); 34(2.23438); 35(5.98349); 36(1.95326); 37(8.53748); 38(4.96385); 39(6.44941); 40(1.93409); 41(1.81801); 42(8.92435); 43(5.08515); 44(6.44461); 45(8.05285); 46(0.66378); 47(2.89691); 48(2.89658); 49(3.5072); 50(3.83454); 51(1.50669); 52(5.64689); 54(6.88578); 55(2.81535); 56(1.33632); 57(8.49816); 58(7.02888); 59(0.71447); 60(0.5323); 61(7.89838); 62(7.8129); 63(1.60595); 64(1.55763); 65(5.52864); 66(5.53082); 67(1.35195); 68(4.19421); 69(7.62133); 70(5.34354); 71(3.82556); 72(4.5121); 73(3.99814); 74(6.65991); 75(3.17191); 76(1.66279); 77(3.63282); 78(1.73958); 79(2.353); 80(3.26973); 81(0.37916); 82(6.37382); 83(2.30047); 84(8.22275); 85(5.54239); 86(3.08806); 87(4.10634); 88(5.29896); 89(1.60539); 90(7.01797); 91(2.78786); 92(7.65785); 93(5.49243); 94(6.98758); 95(8.20035); 96(0.08254); 97(4.06021); 98(2.44129); 99(2.04687); 100(3.79448); 101(2.71096); 102(1.33495); 103(1.85494); 104(0.15798); 105(7.14261); 106(8.14276); 107(0.6155); 108(8.08015); 109(7.53286); 110(8.92872); 111(4.52544); 112(2.81445); 113(8.44288); 114(6.56147); 115(7.23136); 116(4.61044); 117(8.11718); 118(7.05869); 119(3.13201); 120(5.53257); 121(8.42399); 122(4.71995); 123(3.91788); 124(3.3054); 125(0.09505); 126(6.3364); 127(4.7895); 128(5.15839); 129(5.71686); 130(8.62366); 131(7.73092); 132(2.23234); 133(8.851); 134(0.8532); 135(3.55965); 136(5.75298); 137(8.613); 138(8.10934); 139(4.68368); 140(4.36547); 141(5.44328); 142(8.57258); 143(8.9311); 144(0.91774); 145(1.4512); 146(8.85065); 147(4.98343); 148(7.39881); 149(3.80839); 150(8.4932); 151(2.39742); 152(8.2291); 153(2.31519); 154(8.09304); 155(5.32229); 156(5.14632); 157(6.82781); 158(8.1997); 159(7.76762); 160(6.07553); 161(8.8255); 162(4.70327); 163(2.13762); 164(4.19531); 165(1.30854); 166(0.75209); 167(8.21814); 168(4.29493); 169(6.40769); 170(2.81043); 171(6.79212); 172(8.7075); 173(4.44464); 174(5.6417); 175(8.44087); 176(4.15682); 177(3.67611); 178(8.35326); 179(3.3714); 180(2.82292); 181(8.05356); 182(5.84788); 183(4.36162); 184(2.64544); 185(4.75052); 186(6.0799); 187(4.24487); 188(3.21881); 189(0.84554); 190(2.13878); 191(7.39878); 192(5.72386); 193(4.04604); 194(3.05026); 195(0.75062); 196(3.4159); 197(5.13557); 198(0.18868); 199(6.25517); 200(2.60915); 201(1.53324); 202(6.76325); 203(6.09703); 204(4.1586); 205(8.86203); 206(7.72357); 207(3.12804); 208(3.99029); 209(8.15118); 210(0.53088); 211(3.4259); 212(4.09579); 213(6.58264); 214(8.02466); 215(4.02791); 216(1.51524); 217(7.62803); 218(8.30947); 219(0.30211); 220(8.86647); 221(1.52143); 222(6.38575); 223(4.09094); 224(3.29716); 225(5.93431); 226(3.72869); 227(1.54989); 228(7.89341); 229(3.61422); 230(7.4528); 231(6.5948); 232(8.4001); 233(4.52499); 234(0.75365); 235(7.12863); 236(0.34388); 237(2.51062); 238(6.87944); 239(6.32368); 240(0.99835); 241(1.55134); 242(5.88601); 243(4.00196); 244(2.96416); 245(3.90838); 246(6.0043); 247(3.90296); 248(2.42677); 249(1.80146); 250(4.51381); 251(2.32526); 252(2.44859); 253(4.46789); 254(1.04103); 255(8.21122); 256(8.13261); 257(3.59903); 258(4.18717); 259(0.4547); 260(1.77273); 261(1.20642); 262(2.47147); 263(4.89124); 264(1.27129); 265(0.14241); 266(5.80293); 267(7.95794); 268(5.78928); 269(6.76562); 270(2.32789); 271(4.88906); 272(7.516); 273(3.11001); 274(1.52766); 275(5.01916); 276(8.17655); 277(0.79427); 278(3.42999); 279(6.92583); 280(7.21265); 281(5.47594); 282(3.47704); 283(3.55022); 284(3.30373); 285(8.95702); 286(1.30894); 287(1.39122); 288(1.54589); 289(5.34456); 290(2.45367); 291(8.3566); 292(3.76293); 293(1.01862); 294(1.90666); 295(5.96919); 296(8.17247); 297(2.13881); 298(2.32995); 299(4.90101),1394.24463,1394.24463,4.663025518394648,2.5552780831907054,8.95702,0.08254,0.4398308098063679,2
54,0(5.63123); 1(0.77953); 2(0.12681); 3(0.53089); 4(6.16498); 5(0.09815); 6(7.46779); 7(4.36817); 8(4.23093); 9(7.04959); 10(1.19943); 11(0.22158); 12(2.5139); 13(6.50194); 14(8.33074); 15(3.32632); 16(0.19104); 17(8.8521); 18(8.13919); 19(2.78356); 20(8.53162); 21(5.68116); 22(6.0124); 23(4.30079); 24(1.37648); 25(6.98459); 26(2.99687); 27(6.14253); 28(3.29495); 29(3.97266); 30(4.9109); 31(4.29899); 32(7.08891); 33(6.94997); 34(0.191); 35(2.41365); 36(0.10594); 37(5.78171); 38(7.21045); 39(1.97865); 40(1.4081); 41(7.77769); 42(3.32474); 43(5.85654); 44(0.41892); 45(7.09399); 46(7.49949); 47(7.69079); 48(5.0619); 49(3.63331); 50(2.0822); 51(4.15385); 52(1.10043); 53(6.88578); 55(3.71347); 56(0.04183); 57(2.34076); 58(8.04767); 59(8.11041); 60(2.57774); 61(1.92644); 62(5.15656); 63(7.45003); 64(6.02058); 65(7.36756); 66(4.77587); 67(0.51148); 68(3.6405); 69(4.48661); 70(2.66293); 71(4.40196); 72(8.69496); 73(5.29025); 74(5.95072); 75(4.26657); 76(7.45625); 77(2.37481); 78(5.26476); 79(2.52058); 80(2.29949); 81(2.1401); 82(2.79294); 83(4.83066); 84(1.88313); 85(7.8817); 86(4.8501); 87(6.3712); 88(3.75617); 89(3.12415); 90(3.90959); 91(7.43842); 92(4.91432); 93(6.63445); 94(1.07653); 95(4.8366); 96(2.75891); 97(4.1282); 98(2.52553); 99(3.53231); 100(1.07908); 101(3.82055); 102(4.79801); 103(6.54335); 104(0.71615); 105(0.9072); 106(2.91286); 107(4.87116); 108(7.00974); 109(6.35349); 110(1.87756); 111(4.20079); 112(1.4377); 113(1.11013); 114(1.74925); 115(2.27097); 116(3.79324); 117(4.25571); 118(7.07881); 119(4.87035); 120(8.27152); 121(2.14181); 122(1.74794); 123(8.10093); 124(3.19886); 125(8.11389); 126(4.6515); 127(2.06007); 128(5.77259); 129(2.78852); 130(4.57136); 131(0.60931); 132(6.49223); 133(4.08202); 134(4.5278); 135(1.30162); 136(5.80583); 137(7.2632); 138(1.64017); 139(4.83828); 140(6.78866); 141(0.91886); 142(3.48761); 143(7.78791); 144(7.89111); 145(3.27448); 146(2.90369); 147(6.17778); 148(7.12518); 149(8.50092); 150(4.30503); 151(7.36044); 152(5.26481); 153(6.21724); 154(7.40514); 155(0.7672); 156(6.94209); 157(1.35978); 158(0.91525); 159(3.1005); 160(4.55967); 161(8.38272); 162(4.13136); 163(3.34335); 164(7.75704); 165(1.31274); 166(0.72161); 167(0.63159); 168(5.91408); 169(7.88978); 170(5.66653); 171(1.25911); 172(4.01291); 173(8.69713); 174(7.75787); 175(4.20461); 176(0.17753); 177(7.75128); 178(5.83144); 179(8.13716); 180(7.00092); 181(0.81874); 182(6.6486); 183(0.74849); 184(3.72532); 185(7.86535); 186(8.47455); 187(1.99078); 188(4.84476); 189(1.2003); 190(5.76014); 191(6.36846); 192(8.57688); 193(2.12201); 194(5.2463); 195(2.48901); 196(1.48269); 197(3.77375); 198(1.86998); 199(3.42133); 200(7.81858); 201(0.53775); 202(5.42183); 203(6.2568); 204(2.13312); 205(8.59261); 206(8.69541); 207(6.46544); 208(1.92609); 209(4.19969); 210(1.26893); 211(2.70516); 212(5.06566); 213(2.84306); 214(7.00978); 215(8.52772); 216(6.02746); 217(0.47975); 218(1.95746); 219(4.87136); 220(8.51114); 221(2.71202); 222(4.36333); 223(7.56389); 224(1.68096); 225(3.4786); 226(6.93581); 227(1.28878); 228(6.26758); 229(6.03808); 230(3.51955); 231(2.76916); 232(8.99435); 233(8.16539); 234(6.15592); 235(6.43809); 236(2.54834); 237(5.44423); 238(4.70588); 239(7.82849); 240(2.12021); 241(2.08923); 242(2.0033); 243(3.69092); 244(5.11798); 245(5.63863); 246(6.98387); 247(4.25647); 248(0.79995); 249(4.15248); 250(4.71338); 251(6.56544); 252(2.69538); 253(7.59802); 254(8.20213); 255(0.14231); 256(6.49755); 257(8.36095); 258(2.88068); 259(8.09706); 260(1.33878); 261(0.20361); 262(1.03657); 263(7.26433); 264(7.65571); 265(7.90416); 266(8.50839); 267(0.04462); 268(1.91642); 269(3.54275); 270(6.6318); 271(5.61825); 272(1.63183); 273(0.54825); 274(5.33757); 275(7.11284); 276(3.55862); 277(1.30897); 278(0.08251); 279(5.17339); 280(6.99182); 281(2.37049); 282(3.2475); 283(5.91577); 284(3.40988); 285(4.22696); 286(5.53789); 287(5.88888); 288(7.58336); 289(6.54776); 290(8.48672); 291(5.26837); 292(5.92377); 293(2.47603); 294(4.38849); 295(0.77333); 296(7.54393); 297(1.05975); 298(8.85093); 299(8.17688),1342.05979,1342.05979,4.488494280936455,2.55475970339928,8.99435,0.04183,0.4221922887071422,1
55,0(8.3055); 1(0.32649); 2(4.08083); 3(6.76678); 4(7.55964); 5(4.74053); 6(4.87386); 7(7.56609); 8(7.06576); 9(8.03349); 10(3.64148); 11(1.32149); 12(1.30943); 13(3.48466); 14(0.45871); 15(0.45515); 16(8.48851); 17(7.0804); 18(8.32687); 19(0.66507); 20(0.21726); 21(3.32796); 22(2.17171); 23(0.44029); 24(8.14463); 25(0.14809); 26(3.28264); 27(4.87091); 28(2.28199); 29(3.31161); 30(2.55175); 31(7.69395); 32(3.31294); 33(2.77463); 34(3.03703); 35(3.54079); 36(1.14666); 37(1.66609); 38(1.94637); 39(4.53491); 40(2.53596); 41(7.65818); 42(3.67114); 43(5.31046); 44(7.48257); 45(7.19424); 46(0.03708); 47(2.98606); 48(8.62859); 49(3.29269); 50(6.34323); 51(8.01324); 52(2.04582); 53(2.81535); 54(3.71347); 56(5.11222); 57(1.09584); 58(4.03497); 59(6.39118); 60(5.94066); 61(6.90783); 62(7.43293); 63(8.76261); 64(3.63887); 65(6.44672); 66(7.88601); 67(7.12121); 68(4.08522); 69(2.06799); 70(4.79617); 71(1.65739); 72(1.75409); 73(2.31019); 74(2.9594); 75(5.78664); 76(8.15509); 77(5.17553); 78(7.79638); 79(0.12767); 80(2.70482); 81(7.64576); 82(5.80153); 83(4.48567); 84(8.1617); 85(5.03418); 86(0.72249); 87(0.34448); 88(3.22628); 89(8.52305); 90(1.92988); 91(6.24935); 92(5.76234); 93(7.60495); 94(2.15053); 95(8.05777); 96(8.01292); 97(3.12965); 98(7.55039); 99(1.09082); 100(4.10606); 101(8.7582); 102(6.09073); 103(3.54258); 104(6.57945); 105(2.41091); 106(8.01478); 107(2.71576); 108(0.19673); 109(1.11265); 110(4.92432); 111(4.72769); 112(1.78649); 113(2.53223); 114(2.99832); 115(4.44882); 116(5.84886); 117(0.88597); 118(8.97941); 119(7.74203); 120(4.91328); 121(6.74238); 122(1.78018); 123(0.00769); 124(4.62674); 125(7.34535); 126(4.84103); 127(6.47835); 128(0.98577); 129(8.57351); 130(6.3183); 131(6.70788); 132(8.94516); 133(3.42209); 134(8.57235); 135(8.25631); 136(2.5012); 137(6.88088); 138(6.12349); 139(3.029); 140(6.21324); 141(0.55151); 142(8.33028); 143(8.64439); 144(3.81935); 145(7.71876); 146(5.22746); 147(8.37382); 148(0.78224); 149(7.42713); 150(2.36781); 151(4.83787); 152(1.17553); 153(4.76465); 154(8.60758); 155(8.96052); 156(1.99948); 157(5.62228); 158(4.42652); 159(7.39789); 160(8.28151); 161(2.77248); 162(1.00137); 163(1.17277); 164(4.80722); 165(3.99148); 166(1.14893); 167(3.74259); 168(1.82825); 169(8.1532); 170(2.32008); 171(1.45904); 172(5.2931); 173(3.14556); 174(7.63546); 175(1.38989); 176(0.71912); 177(3.37151); 178(5.8425); 179(8.2374); 180(1.93926); 181(4.26604); 182(7.68944); 183(7.62608); 184(2.85735); 185(1.11281); 186(0.06856); 187(0.34054); 188(2.4093); 189(3.09935); 190(6.89444); 191(0.9382); 192(5.25386); 193(4.0021); 194(8.24243); 195(2.35123); 196(5.95953); 197(1.47386); 198(3.91824); 199(1.94291); 200(8.08127); 201(1.06048); 202(2.43366); 203(5.07467); 204(8.6693); 205(3.75865); 206(5.09413); 207(0.55962); 208(8.74345); 209(1.67325); 210(4.29889); 211(6.72074); 212(0.51482); 213(5.59081); 214(6.16228); 215(7.07848); 216(7.74176); 217(2.74958); 218(0.605); 219(2.29932); 220(2.22191); 221(6.75949); 222(7.00457); 223(3.33332); 224(6.15245); 225(1.13042); 226(7.71991); 227(5.55923); 228(5.45198); 229(5.88228); 230(3.84846); 231(6.72927); 232(8.92988); 233(7.51532); 234(2.50167); 235(6.87166); 236(7.24369); 237(2.55555); 238(3.89654); 239(6.76357); 240(7.55316); 241(4.17705); 242(2.28984); 243(6.49226); 244(1.16315); 245(6.82042); 246(4.35716); 247(6.05027); 248(2.07274); 249(8.17213); 250(5.1208); 251(3.78947); 252(0.15414); 253(7.7229); 254(7.51); 255(1.90751); 256(7.4797); 257(0.45695); 258(3.36446); 259(2.76976); 260(0.14229); 261(6.6414); 262(0.34998); 263(3.57999); 264(6.29239); 265(7.04716); 266(7.82052); 267(0.26139); 268(4.57574); 269(2.48455); 270(0.40948); 271(7.58609); 272(6.89757); 273(0.1856); 274(6.6224); 275(6.4351); 276(6.58341); 277(7.14285); 278(4.20073); 279(6.61624); 280(0.80894); 281(5.29017); 282(7.25048); 283(3.92993); 284(7.30206); 285(6.08563); 286(1.62273); 287(0.48193); 288(2.43629); 289(4.89535); 290(0.47866); 291(0.61232); 292(5.44431); 293(3.45652); 294(6.00728); 295(2.47421); 296(5.85056); 297(4.41106); 298(2.14844); 299(0.56997),1343.54955,1343.54955,4.493476755852844,2.659821320073254,8.97941,0.00769,0.4173343291370607,1
56,0(5.1098); 1(7.45925); 2(7.40065); 3(0.38496); 4(8.32194); 5(7.9499); 6(6.32268); 7(4.58673); 8(8.52371); 9(4.02251); 10(6.55345); 11(6.64159); 12(0.54852); 13(7.15934); 14(6.30763); 15(0.27516); 16(3.20891); 17(4.92176); 18(4.66375); 19(5.15754); 20(6.68313); 21(6.59141); 22(2.19931); 23(2.7235); 24(2.27495); 25(1.49799); 26(8.35664); 27(1.91982); 28(8.63624); 29(3.51104); 30(8.93342); 31(3.54521); 32(0.56322); 33(6.12047); 34(7.39128); 35(6.59539); 36(2.81386); 37(8.39073); 38(0.74878); 39(0.20202); 40(4.58319); 41(3.03389); 42(6.35476); 43(5.98974); 44(7.34577); 45(6.63004); 46(7.87898); 47(1.91681); 48(5.65975); 49(5.87033); 50(8.81241); 51(0.99426); 52(8.05374); 53(1.33632); 54(0.04183); 55(5.11222); 57(6.4229); 58(6.02064); 59(4.46345); 60(6.56409); 61(2.04426); 62(0.79001); 63(3.82934); 64(0.61099); 65(5.42458); 66(0.89225); 67(8.23182); 68(7.53738); 69(0.97634); 70(1.42277); 71(0.24954); 72(0.3998); 73(2.46954); 74(4.60365); 75(4.54899); 76(3.17971); 77(7.28295); 78(7.03971); 79(6.10546); 80(6.28622); 81(3.81417); 82(5.67394); 83(1.80818); 84(2.61552); 85(7.8119); 86(0.89025); 87(0.75541); 88(7.5484); 89(7.15031); 90(4.1664); 91(7.86513); 92(7.68858); 93(2.40216); 94(7.14563); 95(1.38135); 96(1.80187); 97(0.77185); 98(2.55226); 99(0.07644); 100(4.70665); 101(1.03122); 102(2.53868); 103(8.03562); 104(2.29437); 105(6.653); 106(4.71892); 107(5.76706); 108(5.05951); 109(6.46996); 110(8.87046); 111(8.95012); 112(7.85557); 113(8.43733); 114(2.90156); 115(4.06874); 116(4.23271); 117(3.52056); 118(7.35244); 119(6.86252); 120(0.9411); 121(6.75352); 122(5.71386); 123(7.72616); 124(7.15014); 125(8.83617); 126(4.53154); 127(6.79873); 128(7.30909); 129(5.41048); 130(4.04069); 131(7.23276); 132(2.4163); 133(0.85332); 134(0.46032); 135(1.63877); 136(5.24219); 137(7.29165); 138(0.08012); 139(3.6798); 140(2.54883); 141(0.16551); 142(3.30042); 143(1.47598); 144(6.24381); 145(8.4312); 146(4.53885); 147(5.39606); 148(7.41766); 149(0.92385); 150(8.43102); 151(1.38755); 152(1.31281); 153(0.65219); 154(2.98611); 155(4.7737); 156(1.50226); 157(5.22745); 158(8.50929); 159(3.47886); 160(1.3426); 161(1.93292); 162(4.03109); 163(5.70784); 164(1.04131); 165(8.9433); 166(8.64488); 167(6.50257); 168(8.07355); 169(8.45612); 170(0.51136); 171(8.80694); 172(1.65514); 173(0.31507); 174(5.33261); 175(8.86124); 176(7.37869); 177(6.65556); 178(5.843); 179(4.22364); 180(4.17736); 181(1.87901); 182(7.02244); 183(5.77246); 184(5.1276); 185(2.91101); 186(7.5281); 187(5.77491); 188(4.34905); 189(1.00236); 190(8.47466); 191(3.15843); 192(6.42576); 193(7.92086); 194(4.87726); 195(6.21997); 196(5.90678); 197(3.08508); 198(2.73447); 199(0.35954); 200(1.71304); 201(5.42255); 202(4.78007); 203(5.24761); 204(2.08023); 205(1.43287); 206(7.45611); 207(7.65099); 208(6.2582); 209(0.72537); 210(7.86749); 211(6.26383); 212(4.58962); 213(2.01328); 214(1.21303); 215(3.26101); 216(6.73869); 217(0.51168); 218(8.77389); 219(4.48304); 220(1.81096); 221(1.64535); 222(4.9786); 223(1.40135); 224(0.57716); 225(4.13829); 226(8.36847); 227(3.71966); 228(6.47937); 229(3.67829); 230(2.71665); 231(1.67388); 232(8.95137); 233(8.03115); 234(0.02738); 235(0.01839); 236(1.41364); 237(3.82146); 238(2.05434); 239(5.95578); 240(7.13041); 241(2.43179); 242(3.30372); 243(1.85396); 244(6.9925); 245(5.55902); 246(4.78058); 247(5.66157); 248(2.37946); 249(6.78566); 250(8.96985); 251(3.07311); 252(1.50307); 253(8.74169); 254(7.9216); 255(7.13505); 256(7.40204); 257(4.76354); 258(7.44415); 259(5.63649); 260(8.46773); 261(6.91333); 262(6.17145); 263(7.03082); 264(4.79035); 265(7.94858); 266(6.35506); 267(1.72553); 268(8.71844); 269(7.45239); 270(6.70335); 271(6.02225); 272(2.56694); 273(0.9612); 274(6.94269); 275(2.78927); 276(3.59505); 277(6.96531); 278(8.30664); 279(7.23201); 280(6.64603); 281(0.13206); 282(4.68664); 283(6.71368); 284(2.00045); 285(3.24116); 286(8.1409); 287(0.94437); 288(7.62097); 289(1.63303); 290(3.37223); 291(3.83137); 292(5.48008); 293(4.1628); 294(4.47899); 295(8.19536); 296(7.83209); 297(8.12442); 298(0.4379); 299(5.77095),1408.7693,1408.7693,4.7116030100334445,2.683794619994734,8.96985,0.01839,0.4332466051010435,1
57,0(1.63695); 1(4.05981); 2(1.90047); 3(7.40265); 4(6.6257); 5(7.96754); 6(8.18276); 7(1.51644); 8(3.27212); 9(1.86605); 10(8.77264); 11(5.83306); 12(0.72974); 13(3.98498); 14(5.05399); 15(3.48015); 16(2.53533); 17(4.27435); 18(7.6083); 19(3.0202); 20(1.72721); 21(7.51761); 22(0.82071); 23(3.76853); 24(0.92868); 25(0.64372); 26(6.56729); 27(1.67578); 28(3.85389); 29(0.06437); 30(8.88785); 31(8.08181); 32(6.16211); 33(8.89741); 34(7.90171); 35(8.85892); 36(3.17498); 37(3.14255); 38(7.95683); 39(5.45947); 40(6.46274); 41(3.10886); 42(8.30288); 43(1.43701); 44(5.08805); 45(8.8815); 46(5.79684); 47(3.61384); 48(1.78851); 49(3.04989); 50(2.65624); 51(2.6644); 52(5.10232); 53(8.49816); 54(2.34076); 55(1.09584); 56(6.4229); 58(4.30334); 59(5.50168); 60(4.10016); 61(7.29812); 62(7.9334); 63(4.23658); 64(1.03061); 65(6.50963); 66(7.73644); 67(2.62836); 68(6.3824); 69(8.87967); 70(7.1847); 71(5.3779); 72(6.43546); 73(4.11106); 74(7.10743); 75(0.73422); 76(7.32429); 77(6.33027); 78(6.30619); 79(5.92934); 80(1.58231); 81(1.00269); 82(4.91868); 83(2.58878); 84(8.7322); 85(4.11597); 86(1.4598); 87(0.2806); 88(2.02681); 89(3.46743); 90(4.08062); 91(8.55621); 92(4.89569); 93(3.24672); 94(6.75692); 95(2.04685); 96(8.74923); 97(5.15885); 98(7.8503); 99(5.04151); 100(7.56489); 101(4.65152); 102(2.97021); 103(1.45979); 104(7.61454); 105(1.01542); 106(1.29094); 107(1.54111); 108(0.01623); 109(3.76925); 110(7.63438); 111(1.57205); 112(6.39301); 113(7.08432); 114(2.15676); 115(6.11978); 116(6.73827); 117(6.61025); 118(4.24415); 119(0.27994); 120(0.13767); 121(7.85225); 122(8.86342); 123(6.65939); 124(3.20278); 125(5.72091); 126(5.21705); 127(5.88615); 128(8.56457); 129(1.78566); 130(6.16856); 131(0.19674); 132(8.95015); 133(7.2127); 134(8.69291); 135(0.68441); 136(3.08946); 137(4.6367); 138(3.57041); 139(8.36239); 140(2.76207); 141(6.8247); 142(8.18736); 143(5.76831); 144(7.87864); 145(1.56673); 146(4.96265); 147(8.76086); 148(2.83467); 149(8.25554); 150(4.13555); 151(8.54667); 152(8.53579); 153(5.29455); 154(3.79403); 155(7.81892); 156(6.73884); 157(8.06575); 158(0.29324); 159(7.65694); 160(4.31412); 161(0.71702); 162(7.53147); 163(5.07175); 164(1.01006); 165(7.05927); 166(4.16254); 167(1.45922); 168(3.12027); 169(3.99902); 170(1.79229); 171(1.31189); 172(2.01141); 173(0.63465); 174(2.51241); 175(6.00191); 176(7.88096); 177(1.49184); 178(5.353); 179(8.10157); 180(6.79077); 181(3.4465); 182(3.92753); 183(2.14852); 184(4.12098); 185(1.22964); 186(8.16139); 187(2.01296); 188(4.95832); 189(2.56702); 190(6.42737); 191(5.14548); 192(2.02531); 193(7.86639); 194(2.64913); 195(8.51897); 196(0.06971); 197(6.4885); 198(2.97641); 199(5.07179); 200(5.37166); 201(8.55364); 202(7.63204); 203(4.57308); 204(3.40722); 205(1.58436); 206(7.50608); 207(4.38217); 208(2.49968); 209(2.56669); 210(0.95148); 211(2.30617); 212(2.49864); 213(1.77566); 214(4.29605); 215(6.72496); 216(8.14872); 217(7.44936); 218(8.27606); 219(5.33124); 220(0.08727); 221(5.22404); 222(6.27804); 223(0.42787); 224(2.49107); 225(7.54318); 226(8.8371); 227(1.4468); 228(5.39644); 229(6.57041); 230(2.40616); 231(2.41098); 232(8.41751); 233(8.93463); 234(7.94956); 235(0.31329); 236(4.91213); 237(4.85362); 238(0.19932); 239(5.67341); 240(2.76618); 241(7.2916); 242(8.96393); 243(6.65953); 244(8.74461); 245(4.1439); 246(5.48415); 247(8.7241); 248(5.62073); 249(0.04722); 250(6.50771); 251(8.41916); 252(3.34626); 253(8.24267); 254(1.24037); 255(3.35824); 256(6.70838); 257(5.70726); 258(4.3583); 259(8.39248); 260(8.72474); 261(4.03445); 262(4.2166); 263(7.54944); 264(6.88217); 265(4.39844); 266(0.9663); 267(8.79916); 268(3.1391); 269(8.84447); 270(3.67552); 271(1.25793); 272(2.65979); 273(4.27944); 274(5.64721); 275(3.74967); 276(8.6952); 277(0.34361); 278(7.19058); 279(1.57809); 280(3.09879); 281(5.56694); 282(6.32954); 283(2.1175); 284(2.85722); 285(1.44037); 286(7.573); 287(0.2418); 288(1.94727); 289(5.22686); 290(2.60522); 291(2.51867); 292(3.80036); 293(2.55705); 294(4.23548); 295(5.67109); 296(8.84635); 297(6.2018); 298(6.60659); 299(0.75632),1416.83178,1416.83178,4.738567826086957,2.6727382277320433,8.96393,0.01623,0.43849337665258226,1
58,0(4.23564); 1(8.71996); 2(0.41639); 3(2.17566); 4(0.03174); 5(2.52298); 6(5.01803); 7(8.76418); 8(6.72726); 9(0.52129); 10(1.96854); 11(8.93561); 12(7.13704); 13(1.42948); 14(3.20504); 15(7.00194); 16(2.74644); 17(3.86107); 18(5.22914); 19(3.61877); 20(0.28805); 21(1.43503); 22(7.39764); 23(8.37741); 24(2.72404); 25(0.85504); 26(7.17092); 27(5.42833); 28(2.18254); 29(2.00105); 30(1.02604); 31(7.83569); 32(5.85696); 33(8.83314); 34(6.10182); 35(3.82856); 36(2.72099); 37(4.99567); 38(7.78575); 39(2.15194); 40(3.2088); 41(8.67514); 42(0.64607); 43(8.30704); 44(8.1735); 45(1.94114); 46(5.23496); 47(6.82005); 48(1.71129); 49(4.73386); 50(7.25032); 51(0.65507); 52(4.45934); 53(7.02888); 54(8.04767); 55(4.03497); 56(6.02064); 57(4.30334); 59(0.77041); 60(4.71174); 61(5.85903); 62(7.62425); 63(8.34124); 64(0.46589); 65(5.08176); 66(8.81379); 67(2.55883); 68(4.88573); 69(1.92916); 70(8.24125); 71(8.57326); 72(4.62032); 73(6.15014); 74(5.15798); 75(5.73368); 76(0.59817); 77(3.64678); 78(5.74047); 79(1.28832); 80(3.68392); 81(0.68655); 82(2.36079); 83(3.01317); 84(5.10955); 85(1.85232); 86(2.33971); 87(2.74203); 88(8.2852); 89(2.00966); 90(1.4768); 91(7.78084); 92(6.96341); 93(3.93507); 94(6.44304); 95(5.14107); 96(3.78242); 97(4.1253); 98(1.72559); 99(4.36148); 100(6.72721); 101(0.19326); 102(3.19903); 103(1.26457); 104(8.32157); 105(2.23205); 106(8.90818); 107(7.90952); 108(4.19168); 109(5.91069); 110(1.66984); 111(3.50843); 112(0.11432); 113(3.95712); 114(4.29003); 115(0.86814); 116(6.91418); 117(0.82376); 118(1.94242); 119(6.92505); 120(2.09179); 121(6.96182); 122(7.49169); 123(0.1207); 124(1.8782); 125(0.66401); 126(4.45785); 127(3.39788); 128(8.09958); 129(5.69556); 130(0.70203); 131(8.50435); 132(0.02444); 133(0.54899); 134(6.0021); 135(2.57117); 136(6.30178); 137(7.53074); 138(3.84301); 139(4.29959); 140(1.04023); 141(4.07921); 142(0.88933); 143(8.53274); 144(1.57018); 145(1.97639); 146(8.84776); 147(8.06145); 148(8.15871); 149(5.0678); 150(2.51066); 151(8.14653); 152(0.67046); 153(8.27986); 154(1.58807); 155(8.54621); 156(8.54971); 157(0.39735); 158(0.89326); 159(6.74839); 160(6.04232); 161(0.07859); 162(0.22112); 163(3.48316); 164(3.88613); 165(1.88005); 166(0.35436); 167(1.58523); 168(5.30097); 169(4.33983); 170(4.66993); 171(3.33872); 172(0.01431); 173(5.41255); 174(3.2712); 175(2.6041); 176(8.69772); 177(0.5466); 178(0.68581); 179(7.15142); 180(8.82885); 181(7.94889); 182(7.52552); 183(2.56864); 184(4.45995); 185(5.0086); 186(4.09402); 187(1.74137); 188(2.40144); 189(5.96543); 190(1.7425); 191(1.00659); 192(5.12986); 193(2.01053); 194(6.60915); 195(2.95914); 196(1.88974); 197(0.53073); 198(2.10734); 199(6.75857); 200(3.48838); 201(0.94815); 202(4.73044); 203(0.18395); 204(3.10735); 205(2.26891); 206(0.73783); 207(2.14253); 208(5.11839); 209(5.98727); 210(6.08578); 211(7.48574); 212(4.45925); 213(1.6189); 214(8.03921); 215(8.24094); 216(2.92209); 217(4.46578); 218(8.91284); 219(2.47974); 220(0.51289); 221(6.09811); 222(7.55382); 223(4.57187); 224(1.29295); 225(4.79371); 226(7.41714); 227(1.51283); 228(2.25572); 229(2.97022); 230(0.51956); 231(7.19939); 232(7.40146); 233(8.16274); 234(4.90544); 235(7.03918); 236(2.24169); 237(2.69646); 238(5.04533); 239(6.07677); 240(2.37888); 241(3.23506); 242(7.71116); 243(7.15822); 244(5.37264); 245(2.59452); 246(6.26133); 247(0.67462); 248(5.46247); 249(2.97276); 250(0.87519); 251(0.99973); 252(6.87954); 253(3.30724); 254(4.77125); 255(5.88779); 256(1.68113); 257(8.30178); 258(0.56664); 259(6.49804); 260(4.94303); 261(5.22321); 262(8.18698); 263(2.52556); 264(1.79965); 265(2.83644); 266(1.06074); 267(5.43924); 268(0.80027); 269(1.30135); 270(5.26747); 271(1.3109); 272(1.92938); 273(7.75472); 274(6.29404); 275(8.04004); 276(0.89098); 277(3.94298); 278(7.23649); 279(2.31129); 280(3.23816); 281(4.57624); 282(3.52275); 283(8.78943); 284(7.19686); 285(4.27156); 286(0.97851); 287(6.33429); 288(7.46737); 289(7.00685); 290(3.66288); 291(8.50844); 292(7.10719); 293(7.77373); 294(6.59199); 295(1.80673); 296(3.20148); 297(6.16215); 298(5.96622); 299(5.98669),1290.11364,1290.11364,4.314761337792643,2.6727390491673573,8.93561,0.01431,0.40469668048954544,1
59,0(6.30361); 1(4.87014); 2(8.18539); 3(6.72761); 4(7.92896); 5(5.81354); 6(3.88329); 7(2.50911); 8(2.99364); 9(8.2407); 10(8.43671); 11(3.63775); 12(8.81725); 13(6.41301); 14(2.04609); 15(6.58617); 16(1.32173); 17(0.74036); 18(1.434); 19(6.2884); 20(4.62803); 21(3.65643); 22(8.99572); 23(5.46819); 24(6.26588); 25(6.50603); 26(6.04385); 27(7.27733); 28(5.44787); 29(8.84958); 30(1.61974); 31(2.3199); 32(3.48109); 33(7.69151); 34(4.91582); 35(3.65605); 36(7.66922); 37(4.46094); 38(7.59384); 39(3.46401); 40(4.61658); 41(2.9455); 42(0.95308); 43(4.31249); 44(1.48877); 45(6.50391); 46(3.88871); 47(6.96072); 48(5.72461); 49(2.46845); 50(7.45477); 51(3.14676); 52(8.05735); 53(0.71447); 54(8.11041); 55(6.39118); 56(4.46345); 57(5.50168); 58(0.77041); 60(4.35806); 61(7.64969); 62(5.88436); 63(2.80897); 64(0.32138); 65(5.00676); 66(5.30237); 67(6.24499); 68(3.07974); 69(4.31185); 70(7.76575); 71(1.72278); 72(5.53578); 73(8.95948); 74(7.99942); 75(2.66149); 76(1.56045); 77(6.36422); 78(0.70575); 79(8.25133); 80(4.57035); 81(4.66993); 82(1.48113); 83(6.31428); 84(4.2852); 85(5.31642); 86(8.06789); 87(4.11323); 88(2.79807); 89(4.87609); 90(2.16203); 91(1.30161); 92(6.72031); 93(1.17901); 94(5.39684); 95(6.30263); 96(2.88859); 97(1.51956); 98(6.30719); 99(1.10975); 100(3.5271); 101(3.12928); 102(1.75343); 103(2.26481); 104(6.25684); 105(8.74718); 106(3.69758); 107(0.47449); 108(1.08129); 109(1.31264); 110(0.07102); 111(8.85062); 112(4.72514); 113(3.725); 114(7.94903); 115(8.10035); 116(3.21379); 117(8.96516); 118(8.51172); 119(7.29473); 120(6.07325); 121(7.06383); 122(7.15959); 123(0.17133); 124(7.32541); 125(0.96517); 126(6.24913); 127(8.62455); 128(6.54494); 129(6.65744); 130(7.53055); 131(5.08052); 132(3.48296); 133(5.58482); 134(3.74254); 135(3.72113); 136(1.14595); 137(7.16019); 138(8.18073); 139(0.32946); 140(4.285); 141(0.90603); 142(8.12377); 143(6.92231); 144(6.31901); 145(2.03243); 146(3.5952); 147(0.03416); 148(1.90958); 149(4.51527); 150(0.62414); 151(0.7979); 152(7.82596); 153(5.3207); 154(5.59108); 155(5.4252); 156(6.96661); 157(5.60385); 158(2.73294); 159(6.86328); 160(1.16738); 161(1.28735); 162(2.29653); 163(8.41524); 164(5.66414); 165(7.14159); 166(0.26995); 167(7.97721); 168(1.00155); 169(5.21306); 170(6.33177); 171(8.60386); 172(6.27751); 173(3.08444); 174(0.59838); 175(1.40895); 176(7.61039); 177(5.99126); 178(4.1719); 179(1.40205); 180(4.72265); 181(7.70611); 182(2.19659); 183(6.16198); 184(0.80226); 185(8.94095); 186(0.1072); 187(2.51218); 188(5.73697); 189(4.02916); 190(8.02753); 191(2.80653); 192(7.31713); 193(2.01541); 194(8.44891); 195(0.10601); 196(7.90124); 197(4.62577); 198(4.87706); 199(8.98307); 200(5.95359); 201(2.3909); 202(3.62223); 203(5.26261); 204(0.04032); 205(2.01627); 206(2.30833); 207(4.55231); 208(7.61004); 209(7.84552); 210(6.09615); 211(8.57618); 212(3.71754); 213(6.37201); 214(0.79128); 215(3.06672); 216(4.79498); 217(5.28641); 218(0.90701); 219(5.2415); 220(0.86816); 221(2.37023); 222(4.85335); 223(0.47594); 224(3.79168); 225(0.66144); 226(8.28456); 227(6.75668); 228(0.91713); 229(5.50442); 230(4.9576); 231(3.89492); 232(5.45695); 233(7.58085); 234(3.88603); 235(3.31464); 236(0.0103); 237(3.99632); 238(6.8048); 239(2.45401); 240(3.43757); 241(7.95822); 242(3.9934); 243(6.61261); 244(6.13166); 245(6.96296); 246(0.96662); 247(3.2596); 248(4.39264); 249(1.90189); 250(4.15211); 251(8.85009); 252(3.59503); 253(5.0477); 254(7.24809); 255(8.2687); 256(1.99517); 257(0.57136); 258(7.20043); 259(1.7389); 260(7.39547); 261(5.33583); 262(7.45537); 263(5.77607); 264(6.84978); 265(4.4921); 266(5.02004); 267(8.74553); 268(4.86885); 269(2.30319); 270(4.62881); 271(5.68946); 272(5.69146); 273(0.23424); 274(7.05917); 275(0.49903); 276(6.46861); 277(4.15351); 278(4.09757); 279(6.19158); 280(4.03693); 281(7.79044); 282(4.31362); 283(5.08982); 284(4.54976); 285(3.91614); 286(4.73746); 287(2.7252); 288(6.31642); 289(4.77246); 290(0.39554); 291(4.45013); 292(2.80672); 293(8.92073); 294(3.53716); 295(5.23803); 296(8.87988); 297(5.26861); 298(3.28736); 299(5.18049),1399.06008,1399.06008,4.679130702341138,2.527730089945237,8.99572,0.0103,0.4365315546763298,1
60,0(7.67985); 1(0.07126); 2(5.32237); 3(6.83101); 4(2.89873); 5(4.10467); 6(0.46237); 7(5.76474); 8(8.48679); 9(5.01921); 10(6.02858); 11(7.25933); 12(8.8817); 13(3.07021); 14(0.87318); 15(3.50981); 16(4.32969); 17(8.53788); 18(7.83648); 19(3.94312); 20(8.69126); 21(0.15303); 22(4.41864); 23(5.19178); 24(3.66162); 25(7.63892); 26(7.86668); 27(2.02085); 28(0.19045); 29(2.77189); 30(0.83437); 31(0.10084); 32(7.15198); 33(5.23802); 34(3.10515); 35(8.49788); 36(0.41932); 37(4.91193); 38(6.24616); 39(0.93196); 40(2.46903); 41(2.29534); 42(1.97349); 43(6.94164); 44(5.49408); 45(3.75596); 46(7.20199); 47(3.42302); 48(5.14267); 49(4.53201); 50(7.96738); 51(5.4154); 52(3.40479); 53(0.5323); 54(2.57774); 55(5.94066); 56(6.56409); 57(4.10016); 58(4.71174); 59(4.35806); 61(0.87388); 62(8.36668); 63(7.98889); 64(4.57864); 65(3.86948); 66(1.02413); 67(4.33615); 68(7.63715); 69(8.22478); 70(0.09289); 71(1.06981); 72(1.80371); 73(5.99818); 74(1.27154); 75(5.54489); 76(0.50805); 77(3.29917); 78(8.64808); 79(1.19336); 80(7.23743); 81(2.67995); 82(1.22226); 83(5.72209); 84(8.96609); 85(7.03076); 86(2.28755); 87(6.79286); 88(6.51102); 89(4.23941); 90(4.08141); 91(5.91761); 92(2.86953); 93(7.59147); 94(6.3134); 95(6.41496); 96(3.01705); 97(4.03834); 98(7.76122); 99(5.50677); 100(3.17793); 101(3.26953); 102(4.00275); 103(8.20839); 104(0.46877); 105(6.97733); 106(2.53336); 107(0.55575); 108(8.48223); 109(2.19901); 110(5.21756); 111(5.64979); 112(5.99123); 113(1.89009); 114(8.91169); 115(5.03677); 116(6.54314); 117(8.09716); 118(1.00192); 119(7.13871); 120(3.85542); 121(0.427); 122(7.95517); 123(0.82726); 124(1.61396); 125(2.51127); 126(1.279); 127(0.38913); 128(6.0752); 129(4.14888); 130(2.30724); 131(6.08504); 132(1.08869); 133(3.54195); 134(6.69148); 135(0.50966); 136(2.9051); 137(8.37699); 138(8.97661); 139(0.74683); 140(7.91927); 141(3.59433); 142(1.6212); 143(4.89447); 144(5.02597); 145(2.40873); 146(5.15727); 147(0.77928); 148(4.21627); 149(8.39888); 150(3.09769); 151(5.59222); 152(5.22843); 153(7.57209); 154(3.14298); 155(8.74367); 156(3.1511); 157(6.97646); 158(7.00014); 159(7.98084); 160(6.33919); 161(5.67411); 162(4.37792); 163(2.00436); 164(1.66233); 165(7.33599); 166(3.87076); 167(6.19674); 168(3.20336); 169(7.54647); 170(0.55467); 171(6.29093); 172(1.74601); 173(1.06092); 174(3.47466); 175(4.19031); 176(6.27376); 177(0.23502); 178(8.46135); 179(4.9187); 180(7.44525); 181(1.71936); 182(8.46934); 183(3.70363); 184(0.1273); 185(3.48974); 186(4.12002); 187(2.63812); 188(2.84763); 189(6.95334); 190(6.93176); 191(6.38578); 192(7.7284); 193(1.51974); 194(8.98218); 195(7.13647); 196(0.40376); 197(8.87056); 198(5.8556); 199(4.01821); 200(1.29145); 201(3.03399); 202(4.57936); 203(6.97227); 204(2.63307); 205(0.73874); 206(3.67937); 207(5.9187); 208(7.44064); 209(4.03544); 210(4.41509); 211(6.84472); 212(4.88139); 213(0.2515); 214(8.40185); 215(8.27365); 216(8.04388); 217(5.99072); 218(3.65097); 219(4.00838); 220(1.74234); 221(3.64979); 222(0.58451); 223(8.1133); 224(3.44007); 225(6.98822); 226(2.48364); 227(1.74518); 228(7.23581); 229(6.11196); 230(3.53246); 231(7.19373); 232(1.86376); 233(2.53309); 234(8.07224); 235(0.87451); 236(7.42012); 237(0.433); 238(8.89252); 239(5.32722); 240(2.69852); 241(1.3386); 242(7.13518); 243(5.90579); 244(5.12047); 245(7.45963); 246(6.22528); 247(7.17994); 248(5.74119); 249(3.12467); 250(8.8312); 251(0.67149); 252(8.19992); 253(2.46717); 254(4.98599); 255(7.63558); 256(6.30251); 257(3.63706); 258(4.30806); 259(7.6075); 260(3.21645); 261(4.31882); 262(6.51122); 263(2.18672); 264(2.74217); 265(3.14057); 266(7.68856); 267(0.93201); 268(3.73501); 269(1.94805); 270(2.36654); 271(6.31832); 272(5.79931); 273(6.59454); 274(8.35239); 275(8.43634); 276(8.06452); 277(0.80416); 278(6.78997); 279(4.65018); 280(1.11401); 281(1.67335); 282(4.28336); 283(5.15088); 284(6.93181); 285(1.48529); 286(6.82829); 287(3.73002); 288(3.49728); 289(4.55547); 290(3.24638); 291(8.744); 292(4.67082); 293(6.7525); 294(5.1651); 295(4.60479); 296(2.49358); 297(6.8929); 298(3.64384); 299(3.89089),1379.06474,1379.06474,4.612256655518395,2.568198900948216,8.98218,0.07126,0.43216678490306926,2
61,0(7.26549); 1(4.59479); 2(8.54971); 3(8.60227); 4(2.21187); 5(5.76581); 6(6.98869); 7(8.82414); 8(3.9167); 9(6.89326); 10(5.25413); 11(1.12522); 12(8.21517); 13(2.02466); 14(0.43139); 15(4.90956); 16(2.1514); 17(2.25135); 18(1.86132); 19(1.12109); 20(6.48505); 21(6.42619); 22(4.98497); 23(4.66004); 24(8.61494); 25(1.99024); 26(8.61011); 27(6.91585); 28(2.24105); 29(4.40462); 30(1.4284); 31(0.11906); 32(3.68968); 33(4.32012); 34(1.89576); 35(4.73467); 36(8.04361); 37(4.7288); 38(2.20202); 39(4.41902); 40(0.46456); 41(4.18575); 42(7.79329); 43(4.41646); 44(7.6934); 45(3.88907); 46(3.41554); 47(2.43085); 48(3.21929); 49(0.09436); 50(0.85287); 51(1.23259); 52(6.45649); 53(7.89838); 54(1.92644); 55(6.90783); 56(2.04426); 57(7.29812); 58(5.85903); 59(7.64969); 60(0.87388); 62(8.64296); 63(8.02591); 64(0.38075); 65(7.87933); 66(0.4928); 67(6.40515); 68(5.70299); 69(0.84287); 70(7.59871); 71(3.44887); 72(2.25177); 73(3.74644); 74(7.12909); 75(4.4378); 76(7.01186); 77(8.56638); 78(3.38444); 79(7.04169); 80(7.0025); 81(0.21477); 82(3.34458); 83(8.65264); 84(6.97353); 85(3.03483); 86(0.23924); 87(5.64404); 88(2.61643); 89(5.86945); 90(3.98954); 91(4.81408); 92(8.58085); 93(4.89243); 94(8.03301); 95(0.76574); 96(1.25261); 97(1.60657); 98(4.2943); 99(2.33301); 100(8.0298); 101(4.40078); 102(5.2815); 103(6.10628); 104(0.61288); 105(4.6857); 106(6.0153); 107(8.22638); 108(0.40471); 109(4.0724); 110(6.28328); 111(1.43496); 112(8.03022); 113(3.3439); 114(2.49333); 115(8.86491); 116(8.41998); 117(3.57518); 118(4.1688); 119(1.84055); 120(8.07547); 121(3.48022); 122(5.51215); 123(7.92144); 124(3.01859); 125(7.50748); 126(8.23582); 127(7.85391); 128(8.84662); 129(1.39006); 130(1.90882); 131(3.05583); 132(3.11482); 133(5.91674); 134(1.25384); 135(8.79841); 136(1.47094); 137(5.08616); 138(1.00399); 139(2.05272); 140(6.25345); 141(2.72573); 142(0.58824); 143(8.94878); 144(4.6715); 145(1.956); 146(7.64656); 147(0.89679); 148(6.59106); 149(1.08598); 150(0.91269); 151(2.91581); 152(1.65202); 153(2.42402); 154(1.16976); 155(7.22013); 156(4.40769); 157(2.15631); 158(3.38383); 159(6.1996); 160(5.36689); 161(0.84421); 162(6.43849); 163(5.00513); 164(2.22555); 165(7.24066); 166(3.70309); 167(1.15213); 168(8.36627); 169(4.27872); 170(6.35769); 171(7.98192); 172(7.53294); 173(3.25668); 174(3.12822); 175(6.66922); 176(0.34054); 177(8.66629); 178(1.97329); 179(3.80538); 180(7.33007); 181(6.30522); 182(4.27427); 183(5.59431); 184(2.95418); 185(4.83651); 186(5.54989); 187(5.20023); 188(8.35908); 189(4.85586); 190(7.44159); 191(1.05583); 192(5.31206); 193(4.92015); 194(1.59384); 195(1.48653); 196(6.48247); 197(6.23985); 198(4.03591); 199(6.43991); 200(4.89777); 201(2.86046); 202(0.00059); 203(7.34129); 204(7.07125); 205(4.73223); 206(2.5471); 207(8.59848); 208(5.31298); 209(5.4135); 210(8.21513); 211(0.1634); 212(6.94483); 213(3.05447); 214(8.8974); 215(6.76179); 216(4.31338); 217(2.46441); 218(1.4189); 219(1.87686); 220(6.16704); 221(4.90263); 222(1.80265); 223(4.89933); 224(8.79268); 225(4.89275); 226(3.61338); 227(4.85027); 228(7.36767); 229(1.32352); 230(0.75622); 231(7.04737); 232(5.0034); 233(0.83486); 234(0.85222); 235(3.67854); 236(4.86138); 237(8.85644); 238(4.72895); 239(2.93362); 240(4.85757); 241(6.89823); 242(2.70586); 243(1.53996); 244(1.40173); 245(8.33486); 246(1.26656); 247(3.9079); 248(3.02351); 249(6.39455); 250(2.19037); 251(0.0438); 252(4.69647); 253(3.176); 254(7.25018); 255(5.56427); 256(2.20216); 257(3.82944); 258(3.88705); 259(0.06629); 260(3.69892); 261(2.26363); 262(2.04697); 263(0.87516); 264(4.8034); 265(4.88042); 266(4.3488); 267(5.44821); 268(2.33546); 269(5.16288); 270(2.0335); 271(7.78105); 272(7.23881); 273(8.5455); 274(8.2938); 275(3.83562); 276(6.1203); 277(7.25307); 278(3.79616); 279(8.70571); 280(1.42097); 281(5.28439); 282(8.26891); 283(4.3413); 284(7.26301); 285(2.0302); 286(8.24676); 287(2.91499); 288(4.71116); 289(5.88299); 290(4.80911); 291(5.11796); 292(8.42313); 293(3.64729); 294(6.76894); 295(4.50707); 296(8.01041); 297(2.9512); 298(5.94693); 299(7.50163),1369.62384,1369.62384,4.580681739130435,2.566203349310487,8.94878,0.00059,0.4306139280689197,1
62,0(0.16665); 1(5.99628); 2(1.81804); 3(4.61665); 4(2.07625); 5(1.07545); 6(4.21067); 7(4.8525); 8(0.96166); 9(6.87634); 10(1.3828); 11(8.17202); 12(8.34415); 13(5.70994); 14(5.09786); 15(1.17562); 16(0.71522); 17(1.22687); 18(1.40915); 19(4.32674); 20(5.68527); 21(6.77239); 22(6.8326); 23(5.1075); 24(8.4471); 25(4.91243); 26(7.45797); 27(1.19663); 28(8.5158); 29(2.01368); 30(7.98462); 31(0.06968); 32(0.83565); 33(3.88688); 34(3.8336); 35(4.57206); 36(5.05647); 37(2.6128); 38(6.25476); 39(1.16387); 40(5.72283); 41(5.28437); 42(5.54243); 43(0.86227); 44(7.69443); 45(8.08395); 46(4.07823); 47(5.81028); 48(3.59429); 49(2.73037); 50(1.22174); 51(0.24274); 52(6.25391); 53(7.8129); 54(5.15656); 55(7.43293); 56(0.79001); 57(7.9334); 58(7.62425); 59(5.88436); 60(8.36668); 61(8.64296); 63(5.19878); 64(0.35812); 65(8.99502); 66(8.90874); 67(5.03484); 68(3.26508); 69(7.66638); 70(4.42159); 71(1.19869); 72(0.46473); 73(7.40973); 74(4.18735); 75(3.48401); 76(2.5331); 77(6.61197); 78(2.27938); 79(7.2316); 80(2.13865); 81(6.7443); 82(0.95838); 83(5.66848); 84(0.65119); 85(1.02615); 86(4.34368); 87(1.84421); 88(1.71946); 89(4.55059); 90(1.31922); 91(3.75252); 92(4.70801); 93(3.12789); 94(7.76124); 95(8.09913); 96(2.19186); 97(2.72966); 98(7.07762); 99(8.08611); 100(7.65147); 101(8.57521); 102(5.6773); 103(3.12068); 104(4.6471); 105(2.4888); 106(0.78935); 107(4.4525); 108(5.39881); 109(4.64688); 110(3.24498); 111(2.45381); 112(4.8517); 113(5.45829); 114(7.2593); 115(3.13742); 116(3.00005); 117(6.20021); 118(4.24694); 119(0.14908); 120(0.38314); 121(4.63139); 122(6.86703); 123(4.82686); 124(8.99856); 125(4.74527); 126(7.82995); 127(0.60415); 128(6.73698); 129(5.53353); 130(4.69474); 131(0.19774); 132(4.48854); 133(1.61714); 134(7.6813); 135(5.61333); 136(3.33106); 137(7.25748); 138(2.43124); 139(7.55389); 140(0.17126); 141(2.65614); 142(2.77109); 143(3.02558); 144(4.81559); 145(4.69455); 146(6.56717); 147(6.67889); 148(5.39481); 149(7.92524); 150(5.75385); 151(2.58247); 152(4.40905); 153(6.92903); 154(8.93099); 155(4.70343); 156(4.75637); 157(3.35056); 158(8.85255); 159(5.96371); 160(3.56934); 161(4.62615); 162(7.32601); 163(6.06632); 164(4.41305); 165(2.07516); 166(0.14883); 167(0.20291); 168(1.08436); 169(5.26151); 170(1.15564); 171(3.67984); 172(2.7479); 173(0.99921); 174(2.40785); 175(8.16374); 176(0.9461); 177(8.69854); 178(1.02836); 179(0.75586); 180(1.6568); 181(5.38142); 182(0.20946); 183(2.39578); 184(0.66983); 185(3.91964); 186(0.60791); 187(2.73325); 188(5.41071); 189(3.92186); 190(2.88406); 191(6.28948); 192(8.34341); 193(5.34484); 194(5.78392); 195(3.54168); 196(2.91885); 197(8.82279); 198(0.60157); 199(0.81756); 200(5.09875); 201(3.75274); 202(2.44195); 203(0.36078); 204(4.84587); 205(7.95524); 206(4.60688); 207(3.31106); 208(4.18051); 209(5.07182); 210(5.88541); 211(3.08726); 212(4.75198); 213(3.17361); 214(8.24326); 215(1.60753); 216(3.98361); 217(4.60531); 218(0.4098); 219(6.22806); 220(8.27492); 221(2.72624); 222(7.36484); 223(6.59303); 224(6.26767); 225(7.00842); 226(4.6952); 227(4.79697); 228(5.87288); 229(1.31318); 230(4.10529); 231(4.00063); 232(1.23397); 233(4.03771); 234(2.94672); 235(1.31139); 236(6.64176); 237(0.3028); 238(5.6818); 239(3.81984); 240(2.69461); 241(0.90218); 242(3.5171); 243(3.86924); 244(6.9188); 245(5.1823); 246(2.78789); 247(6.23825); 248(1.2499); 249(8.62715); 250(2.25697); 251(6.04692); 252(6.62124); 253(1.86709); 254(8.3022); 255(0.25576); 256(3.81148); 257(7.10238); 258(6.20679); 259(6.97469); 260(3.98977); 261(5.03786); 262(3.84311); 263(8.30299); 264(6.40396); 265(2.65053); 266(2.34835); 267(6.24343); 268(3.65715); 269(1.59887); 270(5.08556); 271(3.80837); 272(5.33839); 273(4.56359); 274(8.61603); 275(1.39503); 276(6.10099); 277(3.55454); 278(1.77613); 279(8.47295); 280(8.65653); 281(7.49734); 282(4.7223); 283(1.93713); 284(0.78848); 285(4.63386); 286(2.87595); 287(4.9363); 288(1.36252); 289(1.30811); 290(2.96151); 291(4.40346); 292(5.61049); 293(7.13673); 294(7.27114); 295(3.32541); 296(3.49761); 297(8.92039); 298(8.16594); 299(6.9659),1313.74733,1313.74733,4.393803779264214,2.501954729593219,8.99856,0.06968,0.4170827837494215,1
63,0(3.62449); 1(7.61295); 2(3.05371); 3(3.5985); 4(7.00908); 5(7.48912); 6(6.68174); 7(5.54785); 8(4.08996); 9(6.74446); 10(0.39191); 11(8.31845); 12(2.44167); 13(1.38516); 14(8.34936); 15(0.30766); 16(8.60678); 17(5.63768); 18(0.44161); 19(2.68199); 20(4.5149); 21(8.85015); 22(0.96279); 23(0.02639); 24(0.86352); 25(4.38692); 26(8.64716); 27(4.00456); 28(7.74993); 29(0.91824); 30(4.55755); 31(6.01513); 32(3.66648); 33(1.0251); 34(2.38934); 35(6.94967); 36(7.18582); 37(4.92906); 38(6.6634); 39(2.56702); 40(8.99316); 41(2.48287); 42(5.70254); 43(3.39929); 44(1.27402); 45(0.42954); 46(4.31607); 47(4.28677); 48(5.83955); 49(3.33908); 50(2.02644); 51(1.13213); 52(2.60667); 53(1.60595); 54(7.45003); 55(8.76261); 56(3.82934); 57(4.23658); 58(8.34124); 59(2.80897); 60(7.98889); 61(8.02591); 62(5.19878); 64(7.31052); 65(6.32778); 66(5.05882); 67(0.07494); 68(4.56211); 69(7.91385); 70(1.55111); 71(5.95208); 72(8.93105); 73(5.22142); 74(8.31315); 75(0.1304); 76(2.44128); 77(6.13653); 78(8.05572); 79(0.70096); 80(7.49173); 81(7.00235); 82(0.62929); 83(7.10163); 84(2.79621); 85(8.44174); 86(6.98517); 87(1.61832); 88(6.82234); 89(5.85097); 90(3.59715); 91(1.42456); 92(1.55835); 93(3.30849); 94(7.09638); 95(5.86556); 96(5.18156); 97(2.9271); 98(7.07866); 99(1.64665); 100(3.29468); 101(3.90313); 102(5.61414); 103(6.49744); 104(4.81815); 105(6.8278); 106(2.07062); 107(0.52775); 108(6.9813); 109(8.49486); 110(5.37302); 111(5.22162); 112(7.56398); 113(0.9858); 114(1.69499); 115(2.10817); 116(5.07826); 117(0.66856); 118(4.7763); 119(2.41838); 120(6.22117); 121(6.37129); 122(1.32902); 123(3.88631); 124(0.30586); 125(7.9113); 126(0.53052); 127(3.70019); 128(7.02812); 129(1.39602); 130(7.58099); 131(4.28251); 132(8.37999); 133(0.21335); 134(8.30876); 135(4.62735); 136(1.06509); 137(8.86931); 138(1.57644); 139(5.44261); 140(6.77711); 141(8.4583); 142(6.24294); 143(2.42577); 144(0.35085); 145(0.57922); 146(8.96221); 147(8.25978); 148(7.31971); 149(8.22279); 150(2.41301); 151(5.15206); 152(1.64364); 153(5.67124); 154(4.85767); 155(6.188); 156(2.82913); 157(3.21363); 158(1.87167); 159(2.06459); 160(6.05189); 161(2.52593); 162(7.13581); 163(3.099); 164(8.36123); 165(4.05971); 166(6.23278); 167(8.76438); 168(1.0207); 169(2.64892); 170(4.36387); 171(2.95548); 172(8.80899); 173(7.11786); 174(7.08843); 175(1.97471); 176(6.58526); 177(8.25522); 178(0.26119); 179(0.13951); 180(1.85049); 181(2.01374); 182(0.2885); 183(5.9081); 184(5.65713); 185(1.00812); 186(7.84846); 187(4.84894); 188(7.73977); 189(3.36214); 190(8.55337); 191(3.03429); 192(4.46712); 193(4.37654); 194(0.00201); 195(8.84619); 196(0.90916); 197(3.52284); 198(2.90377); 199(5.51232); 200(5.48525); 201(0.5526); 202(4.01639); 203(4.19985); 204(4.93706); 205(4.68495); 206(2.23592); 207(5.01296); 208(5.03651); 209(1.37796); 210(8.81664); 211(3.06416); 212(1.57741); 213(7.1703); 214(6.38001); 215(3.35928); 216(6.07844); 217(4.85198); 218(4.8973); 219(3.41035); 220(1.22084); 221(7.05904); 222(2.39503); 223(0.69954); 224(6.93238); 225(3.64898); 226(2.15995); 227(5.17007); 228(3.1168); 229(6.63693); 230(1.07667); 231(3.00389); 232(5.75973); 233(1.21571); 234(1.33049); 235(3.28532); 236(5.81048); 237(5.45335); 238(5.62219); 239(8.19746); 240(6.94996); 241(8.8156); 242(6.67031); 243(7.82972); 244(0.84128); 245(8.66593); 246(6.98598); 247(7.1585); 248(6.38108); 249(0.2343); 250(5.14468); 251(7.57708); 252(4.77131); 253(0.29586); 254(4.44751); 255(5.08188); 256(1.92582); 257(6.331); 258(5.59582); 259(3.83177); 260(4.14627); 261(7.34593); 262(7.53484); 263(8.60395); 264(5.43883); 265(5.13368); 266(0.0739); 267(3.61385); 268(6.1647); 269(0.13844); 270(2.44211); 271(6.91815); 272(4.27847); 273(3.52515); 274(4.43019); 275(2.59266); 276(2.32753); 277(0.5806); 278(6.72714); 279(5.92591); 280(4.24823); 281(5.7912); 282(3.29618); 283(5.35426); 284(4.61522); 285(2.29304); 286(4.70143); 287(0.48808); 288(6.61331); 289(0.56771); 290(2.55021); 291(2.05578); 292(1.56635); 293(3.88807); 294(5.27563); 295(5.54641); 296(1.03412); 297(4.54146); 298(4.62514); 299(7.36779),1342.45944,1342.45944,4.489830903010033,2.59354588097375,8.99316,0.00201,0.4186475235834607,1
64,0(7.09188); 1(3.04014); 2(8.22972); 3(5.40447); 4(7.51021); 5(8.62147); 6(0.94976); 7(0.96628); 8(5.05472); 9(7.58666); 10(8.73047); 11(8.02827); 12(8.37927); 13(6.3614); 14(7.32436); 15(8.33176); 16(3.26388); 17(5.38695); 18(5.87136); 19(8.72582); 20(0.55269); 21(8.44749); 22(5.31151); 23(6.90132); 24(5.38728); 25(2.31551); 26(3.83662); 27(7.17303); 28(8.03364); 29(4.18115); 30(7.50846); 31(8.28094); 32(8.34736); 33(3.43187); 34(1.19752); 35(7.49837); 36(4.80221); 37(3.61075); 38(3.47478); 39(8.36571); 40(4.7352); 41(8.88188); 42(1.64519); 43(1.65205); 44(8.13523); 45(0.07408); 46(1.75718); 47(1.89133); 48(4.27918); 49(7.7704); 50(6.49892); 51(6.58421); 52(8.66689); 53(1.55763); 54(6.02058); 55(3.63887); 56(0.61099); 57(1.03061); 58(0.46589); 59(0.32138); 60(4.57864); 61(0.38075); 62(0.35812); 63(7.31052); 65(2.16159); 66(0.92542); 67(5.63514); 68(5.90731); 69(5.46168); 70(5.76194); 71(0.77881); 72(0.56464); 73(2.31518); 74(2.61669); 75(2.15518); 76(4.75738); 77(6.17869); 78(0.38811); 79(2.67132); 80(5.04037); 81(6.87994); 82(3.6528); 83(8.46488); 84(1.63977); 85(6.59784); 86(5.04127); 87(5.4068); 88(7.28948); 89(3.23808); 90(6.92813); 91(4.81082); 92(5.27179); 93(5.01379); 94(2.86317); 95(1.35127); 96(3.36168); 97(3.38006); 98(8.33224); 99(1.03835); 100(4.23704); 101(2.7286); 102(0.62883); 103(2.08018); 104(3.69958); 105(7.081); 106(5.24631); 107(7.80302); 108(3.17297); 109(3.61102); 110(0.95787); 111(7.93992); 112(6.60356); 113(7.5782); 114(2.30087); 115(1.43478); 116(2.89756); 117(1.52303); 118(7.902); 119(3.50761); 120(3.04655); 121(0.02432); 122(2.5538); 123(3.79604); 124(0.73864); 125(1.78887); 126(7.61382); 127(3.95746); 128(2.15899); 129(0.54287); 130(0.78002); 131(3.59039); 132(8.95148); 133(5.07674); 134(8.34381); 135(1.78151); 136(1.92157); 137(4.69499); 138(2.63861); 139(8.28832); 140(4.68885); 141(2.51818); 142(3.83501); 143(0.61588); 144(4.21546); 145(8.60728); 146(4.29852); 147(1.97637); 148(5.48447); 149(0.28709); 150(1.18722); 151(0.96902); 152(2.60079); 153(6.17125); 154(2.68885); 155(2.73537); 156(8.36559); 157(6.23835); 158(6.49671); 159(3.00258); 160(4.53192); 161(4.19066); 162(5.90955); 163(5.18502); 164(6.58801); 165(8.81196); 166(2.53034); 167(0.0119); 168(2.79471); 169(2.19171); 170(4.03574); 171(7.76301); 172(3.07876); 173(5.01716); 174(6.01594); 175(7.80858); 176(8.19857); 177(8.03934); 178(1.18386); 179(3.96693); 180(4.11619); 181(3.17078); 182(5.97921); 183(4.19248); 184(3.05501); 185(7.17798); 186(6.68405); 187(0.66942); 188(4.796); 189(3.73901); 190(1.57155); 191(5.61892); 192(8.91292); 193(8.17114); 194(1.53173); 195(2.00823); 196(5.07512); 197(7.4292); 198(1.303); 199(2.26005); 200(8.8889); 201(2.07733); 202(3.48437); 203(7.17062); 204(8.16961); 205(7.9806); 206(5.76431); 207(2.23112); 208(0.29386); 209(3.13894); 210(6.07072); 211(8.92647); 212(1.63939); 213(3.59692); 214(8.30443); 215(6.30713); 216(5.79467); 217(0.06415); 218(0.43644); 219(7.26727); 220(5.02029); 221(8.95178); 222(3.1682); 223(4.9954); 224(4.10445); 225(1.78207); 226(3.96432); 227(3.02657); 228(4.86345); 229(8.05856); 230(3.94565); 231(8.74531); 232(2.71395); 233(8.88828); 234(3.88809); 235(3.04944); 236(2.98604); 237(0.31703); 238(6.26701); 239(5.7507); 240(6.19853); 241(4.21045); 242(4.66719); 243(3.78824); 244(6.45015); 245(3.31021); 246(6.56729); 247(7.69986); 248(5.90671); 249(0.09482); 250(8.87719); 251(1.33406); 252(0.40464); 253(0.29855); 254(7.93397); 255(2.18017); 256(8.51783); 257(3.41109); 258(8.62167); 259(7.53074); 260(7.2493); 261(0.06063); 262(3.42711); 263(4.92465); 264(1.79885); 265(8.67075); 266(3.71339); 267(4.26266); 268(1.10351); 269(8.58078); 270(8.94494); 271(0.10868); 272(1.06311); 273(3.96655); 274(8.61684); 275(8.77331); 276(6.80111); 277(7.53657); 278(2.55803); 279(2.02328); 280(5.60941); 281(2.24544); 282(0.36637); 283(8.69247); 284(3.09783); 285(5.21436); 286(0.535); 287(6.43781); 288(8.0288); 289(0.15931); 290(2.50617); 291(0.24487); 292(4.33622); 293(0.98698); 294(4.20665); 295(6.16606); 296(3.60425); 297(6.52568); 298(8.22238); 299(0.93272),1346.16567,1346.16567,4.502226321070234,2.7089769089838827,8.95178,0.0119,0.4166677092888552,2
65,0(1.65106); 1(1.32598); 2(4.54731); 3(3.02603); 4(1.59272); 5(1.86158); 6(0.5844); 7(3.73379); 8(5.39588); 9(7.29152); 10(7.64408); 11(1.53915); 12(3.77038); 13(6.71169); 14(1.12056); 15(8.34676); 16(2.2927); 17(8.74388); 18(2.12686); 19(2.61146); 20(1.11741); 21(5.38238); 22(6.54121); 23(6.46613); 24(1.36467); 25(3.68535); 26(1.36289); 27(1.89285); 28(1.13326); 29(2.00498); 30(4.23183); 31(6.32263); 32(3.79529); 33(6.85481); 34(1.23056); 35(4.63097); 36(1.20067); 37(3.45258); 38(1.07774); 39(2.49979); 40(5.74638); 41(0.04336); 42(2.02822); 43(7.38038); 44(8.70185); 45(4.05172); 46(1.44176); 47(8.38939); 48(8.47636); 49(6.31777); 50(7.45268); 51(4.2108); 52(2.00324); 53(5.52864); 54(7.36756); 55(6.44672); 56(5.42458); 57(6.50963); 58(5.08176); 59(5.00676); 60(3.86948); 61(7.87933); 62(8.99502); 63(6.32778); 64(2.16159); 66(8.02774); 67(6.11175); 68(2.49624); 69(3.66973); 70(5.05923); 71(7.57092); 72(1.56639); 73(1.61635); 74(4.32597); 75(7.61844); 76(1.25993); 77(8.10863); 78(1.46257); 79(6.39399); 80(1.74432); 81(5.06604); 82(3.49357); 83(0.12384); 84(2.71019); 85(4.3469); 86(1.08393); 87(1.22864); 88(3.60653); 89(5.00249); 90(2.52346); 91(7.18225); 92(6.67563); 93(2.3834); 94(1.20954); 95(3.47423); 96(8.81689); 97(0.85992); 98(0.45157); 99(8.12826); 100(5.65217); 101(4.41828); 102(7.54874); 103(6.766); 104(2.90289); 105(2.25582); 106(5.29288); 107(8.09621); 108(1.33537); 109(8.98416); 110(8.26342); 111(1.3364); 112(2.17603); 113(5.44199); 114(2.62495); 115(1.23954); 116(7.14387); 117(6.43441); 118(6.84369); 119(4.52514); 120(2.83343); 121(0.11245); 122(8.22125); 123(0.30398); 124(2.63458); 125(1.79339); 126(6.85053); 127(7.76372); 128(5.92115); 129(2.21327); 130(4.81036); 131(2.26568); 132(8.97719); 133(3.38869); 134(0.13066); 135(2.44059); 136(1.70129); 137(7.94772); 138(6.9982); 139(7.52262); 140(2.43042); 141(0.66013); 142(1.01356); 143(0.46139); 144(8.17772); 145(5.98459); 146(5.96332); 147(3.6886); 148(3.02982); 149(8.57183); 150(3.1186); 151(8.46039); 152(2.78925); 153(6.86395); 154(8.968); 155(0.1196); 156(6.21878); 157(2.86153); 158(1.34406); 159(3.42275); 160(4.24907); 161(6.30059); 162(6.93178); 163(7.83912); 164(5.21809); 165(6.51964); 166(8.89057); 167(4.26274); 168(3.61757); 169(2.02692); 170(0.47497); 171(1.85352); 172(4.63239); 173(8.69024); 174(2.31056); 175(6.74344); 176(3.90814); 177(2.32559); 178(2.5021); 179(8.05971); 180(2.88219); 181(8.89842); 182(3.76383); 183(6.19326); 184(8.39707); 185(2.96346); 186(6.39151); 187(2.39331); 188(3.01508); 189(4.46785); 190(3.75767); 191(3.61528); 192(1.75197); 193(3.83828); 194(8.2243); 195(4.24916); 196(6.12744); 197(2.51541); 198(7.4749); 199(6.75667); 200(2.82719); 201(3.82828); 202(3.4875); 203(4.13914); 204(3.15275); 205(4.43579); 206(1.22436); 207(0.98902); 208(5.71927); 209(5.57196); 210(8.50189); 211(0.03746); 212(0.94296); 213(3.39245); 214(1.99784); 215(8.39053); 216(0.64128); 217(5.64649); 218(6.14473); 219(8.45033); 220(2.83287); 221(0.52264); 222(6.45447); 223(1.37243); 224(3.5861); 225(6.4411); 226(5.40213); 227(6.86153); 228(3.99238); 229(0.27744); 230(1.82743); 231(4.32044); 232(4.76857); 233(5.94674); 234(2.31789); 235(5.21231); 236(1.82739); 237(6.91179); 238(3.58088); 239(1.31573); 240(6.64942); 241(1.56242); 242(4.88729); 243(2.15748); 244(2.0959); 245(2.92857); 246(7.90043); 247(6.83896); 248(1.85259); 249(7.76982); 250(8.61037); 251(2.89109); 252(8.90451); 253(3.22738); 254(8.2537); 255(8.03416); 256(2.53522); 257(1.48552); 258(6.68739); 259(1.59527); 260(0.86188); 261(4.67125); 262(2.20365); 263(4.40621); 264(6.00936); 265(8.58026); 266(0.00681); 267(5.33859); 268(4.04057); 269(2.50671); 270(7.47415); 271(4.2294); 272(3.99699); 273(3.27088); 274(1.52659); 275(2.33467); 276(4.77961); 277(6.47026); 278(2.65881); 279(4.76728); 280(1.65734); 281(6.50217); 282(8.35218); 283(4.55658); 284(1.83109); 285(0.04243); 286(3.15613); 287(1.16614); 288(4.37504); 289(6.511); 290(6.22725); 291(5.98375); 292(2.61726); 293(4.21849); 294(2.51453); 295(7.02537); 296(8.83723); 297(7.33743); 298(2.15892); 299(7.86376),1302.93183,1302.93183,4.357631538461538,2.5668658559029356,8.99502,0.00681,0.41456004309052363,1
66,0(6.87023); 1(3.65675); 2(5.30597); 3(0.40786); 4(7.04195); 5(2.25393); 6(4.6968); 7(0.77631); 8(2.5414); 9(7.77205); 10(2.01727); 11(7.81985); 12(5.0395); 13(7.85976); 14(7.45939); 15(6.84055); 16(0.94992); 17(0.55171); 18(2.42907); 19(0.07899); 20(0.09159); 21(4.02306); 22(7.19719); 23(7.5119); 24(2.35211); 25(5.97771); 26(1.05901); 27(0.98513); 28(0.43923); 29(1.20916); 30(6.3737); 31(3.96864); 32(7.96057); 33(5.22393); 34(1.08128); 35(6.93394); 36(2.49014); 37(1.61005); 38(4.00493); 39(6.76451); 40(1.03824); 41(8.25945); 42(0.06058); 43(7.06526); 44(3.46221); 45(2.54553); 46(1.46465); 47(1.06197); 48(8.89376); 49(4.07839); 50(1.12958); 51(3.64259); 52(2.20263); 53(5.53082); 54(4.77587); 55(7.88601); 56(0.89225); 57(7.73644); 58(8.81379); 59(5.30237); 60(1.02413); 61(0.4928); 62(8.90874); 63(5.05882); 64(0.92542); 65(8.02774); 67(1.44657); 68(6.56819); 69(7.05627); 70(4.3766); 71(8.61861); 72(3.26925); 73(0.2287); 74(0.83062); 75(4.02405); 76(7.62707); 77(2.7068); 78(5.29689); 79(2.23958); 80(6.06022); 81(2.39219); 82(7.86801); 83(1.80466); 84(7.28874); 85(3.2855); 86(8.4365); 87(6.30056); 88(1.84094); 89(5.92028); 90(6.80994); 91(6.16286); 92(0.88745); 93(0.6393); 94(4.8154); 95(0.5499); 96(1.20561); 97(5.33609); 98(5.36122); 99(5.01816); 100(0.63389); 101(4.47065); 102(0.53865); 103(4.85373); 104(1.02228); 105(0.16079); 106(8.76887); 107(5.99513); 108(4.22784); 109(7.25918); 110(6.24976); 111(4.7714); 112(8.09923); 113(4.17221); 114(1.20076); 115(4.74102); 116(0.44997); 117(0.38675); 118(8.72953); 119(6.88336); 120(3.60241); 121(8.331); 122(8.56369); 123(0.90129); 124(8.64732); 125(5.47605); 126(0.89509); 127(5.21188); 128(8.8648); 129(2.02484); 130(1.82628); 131(2.32632); 132(7.91112); 133(4.53108); 134(5.57148); 135(3.94962); 136(3.72606); 137(7.07698); 138(4.3179); 139(0.86456); 140(6.54522); 141(5.17338); 142(3.15025); 143(6.39802); 144(3.57874); 145(2.3046); 146(4.2632); 147(7.68568); 148(6.04655); 149(0.58466); 150(6.77876); 151(0.38113); 152(0.68835); 153(3.72601); 154(2.09763); 155(0.61098); 156(0.69505); 157(8.15011); 158(2.77123); 159(0.40781); 160(4.86472); 161(8.25841); 162(6.24012); 163(6.816); 164(2.47258); 165(1.21251); 166(8.50562); 167(3.24824); 168(6.38899); 169(3.5403); 170(6.98552); 171(7.10123); 172(6.41717); 173(3.1931); 174(5.39786); 175(2.1467); 176(2.72485); 177(5.07368); 178(3.19511); 179(8.42696); 180(7.54522); 181(7.98149); 182(4.57602); 183(5.09897); 184(6.37299); 185(6.22552); 186(5.96823); 187(1.12174); 188(8.48359); 189(3.19944); 190(5.86192); 191(8.37048); 192(3.96609); 193(3.35551); 194(1.40549); 195(7.49861); 196(2.88592); 197(2.93536); 198(3.23555); 199(5.74025); 200(5.35551); 201(4.15846); 202(8.8683); 203(8.05622); 204(2.39335); 205(8.40797); 206(8.14748); 207(0.28206); 208(4.07486); 209(6.05503); 210(8.29323); 211(1.45984); 212(5.11561); 213(2.76233); 214(2.268); 215(8.31381); 216(7.1426); 217(5.30881); 218(8.66343); 219(6.61414); 220(3.80687); 221(0.79091); 222(2.77206); 223(0.79965); 224(2.23625); 225(8.42077); 226(5.77677); 227(0.6272); 228(4.32823); 229(1.64768); 230(8.6033); 231(4.05382); 232(5.81657); 233(6.83773); 234(2.18873); 235(4.35788); 236(0.48985); 237(4.99454); 238(7.53105); 239(3.84109); 240(3.7068); 241(5.73347); 242(3.51816); 243(6.7256); 244(8.292); 245(5.49811); 246(5.39259); 247(7.08556); 248(3.06532); 249(8.13451); 250(4.5416); 251(7.69324); 252(2.28548); 253(6.36338); 254(8.70128); 255(4.48294); 256(4.63336); 257(7.00199); 258(0.96783); 259(7.68756); 260(1.52715); 261(0.86659); 262(3.53809); 263(7.29768); 264(2.3094); 265(4.66023); 266(2.37107); 267(4.02994); 268(0.98721); 269(3.01056); 270(6.18517); 271(2.51101); 272(3.6614); 273(7.96877); 274(6.27302); 275(8.97932); 276(6.23357); 277(1.9642); 278(1.66608); 279(3.49095); 280(1.98762); 281(4.26768); 282(5.42223); 283(7.42167); 284(2.15343); 285(1.31976); 286(2.25901); 287(8.86669); 288(8.26217); 289(2.39421); 290(0.13045); 291(7.97384); 292(1.11978); 293(6.54055); 294(6.05234); 295(6.98134); 296(2.17345); 297(7.95457); 298(7.30014); 299(6.85258),1346.62769,1346.62769,4.503771538461538,2.666406135958643,8.97932,0.06058,0.42069166938293323,1
67,0(5.60979); 1(8.71552); 2(8.242); 3(3.2046); 4(5.54325); 5(8.00907); 6(4.73383); 7(1.47737); 8(1.58257); 9(1.26239); 10(8.57824); 11(5.83749); 12(0.18906); 13(2.94974); 14(0.53789); 15(8.27219); 16(4.65629); 17(0.24332); 18(5.54101); 19(5.42521); 20(1.67959); 21(6.14579); 22(1.85774); 23(0.26813); 24(0.67443); 25(7.79024); 26(7.36184); 27(0.54625); 28(4.69737); 29(0.35613); 30(0.83071); 31(3.05072); 32(6.50481); 33(1.64746); 34(3.04363); 35(0.05628); 36(6.31786); 37(2.08536); 38(6.38244); 39(5.32165); 40(6.55723); 41(0.45736); 42(3.0548); 43(1.43952); 44(3.24014); 45(0.14921); 46(1.89617); 47(4.71016); 48(5.08426); 49(8.53746); 50(8.37276); 51(7.0143); 52(6.67416); 53(1.35195); 54(0.51148); 55(7.12121); 56(8.23182); 57(2.62836); 58(2.55883); 59(6.24499); 60(4.33615); 61(6.40515); 62(5.03484); 63(0.07494); 64(5.63514); 65(6.11175); 66(1.44657); 68(2.01277); 69(4.94028); 70(8.22923); 71(1.52616); 72(3.23798); 73(8.02901); 74(2.11993); 75(3.62072); 76(4.61933); 77(8.86754); 78(1.4201); 79(1.77543); 80(3.13102); 81(1.87484); 82(3.60843); 83(3.7448); 84(1.90261); 85(2.67603); 86(2.99321); 87(6.35597); 88(2.74769); 89(2.47751); 90(1.55164); 91(8.23931); 92(1.83696); 93(4.08594); 94(0.86224); 95(4.96881); 96(1.70847); 97(8.06158); 98(0.61741); 99(1.45851); 100(1.28085); 101(2.3879); 102(7.14068); 103(4.41166); 104(0.52388); 105(4.27486); 106(7.33988); 107(2.79555); 108(8.63739); 109(6.58109); 110(3.60912); 111(1.7952); 112(8.20673); 113(1.43553); 114(3.93315); 115(1.53119); 116(4.26907); 117(6.9354); 118(8.98576); 119(5.71052); 120(0.67037); 121(5.88593); 122(7.7204); 123(8.63049); 124(8.15696); 125(5.2303); 126(2.40803); 127(6.57662); 128(1.12833); 129(8.64722); 130(5.03575); 131(0.38749); 132(0.35197); 133(0.27366); 134(3.46518); 135(2.41875); 136(7.63404); 137(0.62224); 138(6.46559); 139(0.76393); 140(7.0541); 141(7.69209); 142(6.34741); 143(5.1995); 144(6.64808); 145(6.0198); 146(4.09753); 147(7.09845); 148(8.93621); 149(3.45005); 150(6.72939); 151(8.64973); 152(3.21341); 153(5.46848); 154(8.39999); 155(6.19015); 156(0.0077); 157(0.10753); 158(0.42262); 159(2.09671); 160(5.47561); 161(7.08974); 162(2.21365); 163(6.51502); 164(6.57772); 165(5.39997); 166(8.88455); 167(8.64188); 168(4.26009); 169(2.06106); 170(4.94691); 171(8.93122); 172(0.5208); 173(5.44175); 174(5.65807); 175(8.15396); 176(1.39459); 177(6.98734); 178(6.37143); 179(0.82447); 180(5.20394); 181(6.11193); 182(6.79153); 183(5.44411); 184(6.06017); 185(0.4409); 186(3.51851); 187(6.20748); 188(7.65178); 189(0.73849); 190(8.63965); 191(2.74508); 192(5.04593); 193(2.26095); 194(8.54976); 195(5.56207); 196(4.34); 197(2.43122); 198(0.56659); 199(3.17245); 200(1.28981); 201(4.13728); 202(5.86564); 203(0.11355); 204(7.65325); 205(1.74476); 206(1.12827); 207(6.91576); 208(7.06049); 209(4.81614); 210(7.72036); 211(5.52753); 212(1.26368); 213(1.56749); 214(3.92564); 215(5.69315); 216(1.67795); 217(4.25812); 218(8.53994); 219(1.33868); 220(3.45529); 221(3.03816); 222(6.45737); 223(1.61648); 224(3.88976); 225(8.32573); 226(4.22102); 227(1.91625); 228(3.00533); 229(8.43469); 230(7.78357); 231(3.32492); 232(0.61949); 233(5.15332); 234(6.64408); 235(1.87121); 236(0.58526); 237(3.33862); 238(1.6874); 239(4.68992); 240(8.50538); 241(3.64093); 242(5.63279); 243(8.76155); 244(7.10518); 245(5.68935); 246(7.0304); 247(5.08033); 248(1.39885); 249(2.68483); 250(1.62987); 251(3.27319); 252(8.86131); 253(2.69329); 254(1.41858); 255(0.90445); 256(3.08868); 257(4.28906); 258(4.42616); 259(8.18977); 260(5.81445); 261(1.11758); 262(3.08594); 263(1.21803); 264(3.61008); 265(0.44317); 266(1.03862); 267(1.09311); 268(5.08424); 269(3.64738); 270(5.96729); 271(4.50901); 272(3.75794); 273(2.18206); 274(2.22604); 275(0.18587); 276(8.94935); 277(4.22676); 278(4.81413); 279(0.30894); 280(4.27294); 281(4.86276); 282(8.37927); 283(8.21616); 284(3.21823); 285(1.63556); 286(4.35197); 287(1.17274); 288(7.89062); 289(3.2929); 290(4.24341); 291(4.8098); 292(7.95591); 293(2.23877); 294(6.88455); 295(5.65335); 296(1.67448); 297(0.71632); 298(6.01202); 299(7.82473),1278.51718,1278.51718,4.275977190635451,2.6712006902674093,8.98576,0.0077,0.40095120621054847,1
68,0(2.61994); 1(7.40335); 2(3.56168); 3(5.92051); 4(2.17453); 5(7.72704); 6(3.52114); 7(0.01452); 8(3.10774); 9(2.39127); 10(5.43655); 11(0.35258); 12(8.98423); 13(5.58413); 14(5.88182); 15(2.3955); 16(0.62871); 17(2.26913); 18(1.04741); 19(7.50918); 20(4.63417); 21(6.86463); 22(1.49662); 23(6.7705); 24(5.66169); 25(6.84103); 26(1.72687); 27(4.01152); 28(4.89465); 29(0.24073); 30(8.78643); 31(0.79); 32(8.4818); 33(7.45032); 34(1.53456); 35(0.90504); 36(5.43048); 37(1.62561); 38(3.36528); 39(4.36284); 40(8.31824); 41(3.66542); 42(1.16242); 43(6.47805); 44(5.54246); 45(7.79442); 46(6.92288); 47(6.72316); 48(2.60077); 49(4.76995); 50(7.34219); 51(3.26937); 52(6.4092); 53(4.19421); 54(3.6405); 55(4.08522); 56(7.53738); 57(6.3824); 58(4.88573); 59(3.07974); 60(7.63715); 61(5.70299); 62(3.26508); 63(4.56211); 64(5.90731); 65(2.49624); 66(6.56819); 67(2.01277); 69(4.19813); 70(8.46819); 71(1.69276); 72(0.08731); 73(0.84292); 74(4.29677); 75(5.38631); 76(5.36073); 77(2.35444); 78(0.96356); 79(3.31841); 80(5.43605); 81(8.27515); 82(6.37722); 83(6.24853); 84(6.5797); 85(1.66112); 86(3.99581); 87(0.87126); 88(5.17627); 89(5.79054); 90(3.69206); 91(3.73323); 92(1.95568); 93(7.91302); 94(0.43575); 95(2.05391); 96(6.33922); 97(2.06777); 98(1.11282); 99(8.14895); 100(3.39722); 101(1.1102); 102(1.48133); 103(5.0226); 104(2.49196); 105(5.41731); 106(2.42391); 107(4.36915); 108(0.77497); 109(7.65127); 110(4.00447); 111(4.01261); 112(7.86296); 113(4.74159); 114(8.25642); 115(4.01842); 116(2.32135); 117(7.57977); 118(8.8524); 119(1.08458); 120(7.21573); 121(8.58628); 122(3.61672); 123(5.83491); 124(2.6162); 125(1.88476); 126(5.92672); 127(8.82139); 128(8.8719); 129(7.62548); 130(1.71437); 131(2.95); 132(7.15802); 133(5.57223); 134(0.42625); 135(6.28444); 136(4.59583); 137(5.93697); 138(3.29473); 139(0.98244); 140(4.21318); 141(7.3094); 142(4.70603); 143(0.4486); 144(3.28079); 145(2.07493); 146(7.51983); 147(8.52648); 148(0.27637); 149(6.46033); 150(8.61103); 151(8.2508); 152(6.06411); 153(2.91911); 154(0.40058); 155(7.85698); 156(7.29495); 157(3.11071); 158(3.61012); 159(5.58511); 160(7.13235); 161(4.06632); 162(5.30588); 163(3.64487); 164(3.13907); 165(4.45158); 166(0.71962); 167(0.97109); 168(5.95101); 169(8.85127); 170(5.39131); 171(4.59025); 172(7.52916); 173(1.62242); 174(1.12917); 175(6.81192); 176(8.51851); 177(8.70936); 178(7.33186); 179(8.37706); 180(4.83595); 181(8.30513); 182(4.55837); 183(2.04848); 184(8.61893); 185(7.50498); 186(8.30428); 187(8.21633); 188(0.67923); 189(5.75522); 190(0.87321); 191(5.5459); 192(1.76523); 193(3.11113); 194(6.89389); 195(7.60259); 196(1.66273); 197(1.12491); 198(6.27154); 199(4.38956); 200(5.3551); 201(1.47265); 202(4.48877); 203(3.5588); 204(3.61218); 205(8.8895); 206(7.52055); 207(3.22768); 208(0.77842); 209(0.94941); 210(7.54458); 211(2.76672); 212(7.75116); 213(8.88544); 214(1.24674); 215(3.7788); 216(4.12114); 217(3.76246); 218(7.34672); 219(4.28804); 220(2.18687); 221(3.10688); 222(2.93168); 223(2.28953); 224(1.99962); 225(3.31619); 226(6.7374); 227(5.98681); 228(5.76679); 229(8.30344); 230(0.58777); 231(2.99369); 232(6.88705); 233(5.39016); 234(3.64823); 235(8.98369); 236(1.37718); 237(3.3638); 238(7.78859); 239(0.88073); 240(4.99737); 241(7.63359); 242(8.55582); 243(7.29188); 244(8.60986); 245(3.18999); 246(6.67187); 247(5.97221); 248(2.40067); 249(4.19086); 250(2.26011); 251(3.15651); 252(1.56198); 253(3.31078); 254(3.64976); 255(3.66918); 256(7.39834); 257(4.83916); 258(8.52241); 259(4.03606); 260(0.12059); 261(8.64222); 262(4.10438); 263(3.26005); 264(7.74021); 265(7.23081); 266(3.10292); 267(5.67231); 268(7.13573); 269(6.70527); 270(7.64665); 271(1.83722); 272(0.51778); 273(8.04023); 274(4.55395); 275(2.56386); 276(0.74615); 277(6.45231); 278(3.62513); 279(6.71846); 280(2.70996); 281(5.72638); 282(0.81079); 283(7.4259); 284(2.16018); 285(2.3504); 286(4.98233); 287(2.22134); 288(2.07987); 289(7.72796); 290(3.29095); 291(5.73092); 292(4.37557); 293(7.41886); 294(1.70794); 295(5.29409); 296(2.82455); 297(5.95051); 298(5.19386); 299(4.39466),1378.39846,1378.39846,4.610028294314381,2.5308429120279223,8.98423,0.01452,0.4361935178349588,1
69,0(6.77653); 1(6.83082); 2(3.77193); 3(1.55459); 4(1.15478); 5(3.28321); 6(7.37305); 7(0.79703); 8(3.40467); 9(7.71149); 10(6.62546); 11(5.9388); 12(6.04842); 13(4.02217); 14(7.73722); 15(8.20138); 16(2.07728); 17(2.05852); 18(8.63042); 19(0.9703); 20(7.75969); 21(7.36202); 22(3.13704); 23(1.14533); 24(3.59297); 25(1.87842); 26(8.85871); 27(5.81747); 28(0.2587); 29(0.8925); 30(3.67705); 31(0.06156); 32(7.8075); 33(2.01945); 34(6.43639); 35(4.51168); 36(8.36976); 37(4.54616); 38(5.04761); 39(2.91714); 40(0.47072); 41(7.27881); 42(8.92457); 43(1.4498); 44(7.28345); 45(0.16844); 46(4.34339); 47(8.47231); 48(8.27554); 49(4.80738); 50(3.20171); 51(8.2467); 52(8.71857); 53(7.62133); 54(4.48661); 55(2.06799); 56(0.97634); 57(8.87967); 58(1.92916); 59(4.31185); 60(8.22478); 61(0.84287); 62(7.66638); 63(7.91385); 64(5.46168); 65(3.66973); 66(7.05627); 67(4.94028); 68(4.19813); 70(4.50583); 71(3.60501); 72(0.5758); 73(4.63967); 74(3.56613); 75(1.63061); 76(8.95116); 77(8.82976); 78(5.72793); 79(5.09446); 80(1.38672); 81(7.96086); 82(4.45027); 83(0.92813); 84(8.20877); 85(1.84496); 86(7.56223); 87(5.12843); 88(1.02657); 89(1.64643); 90(1.06987); 91(3.66926); 92(5.59831); 93(2.55887); 94(1.30197); 95(6.14757); 96(5.86665); 97(0.75726); 98(6.53606); 99(0.04835); 100(2.10396); 101(8.07837); 102(7.32009); 103(2.47325); 104(7.47919); 105(6.68154); 106(2.53655); 107(5.78442); 108(2.69326); 109(7.20646); 110(2.04035); 111(1.72049); 112(2.58677); 113(5.96335); 114(7.35652); 115(1.83313); 116(8.18857); 117(1.74177); 118(8.11311); 119(3.54347); 120(4.45406); 121(7.01385); 122(7.62006); 123(8.61472); 124(4.5058); 125(0.21733); 126(4.22886); 127(6.11248); 128(1.07506); 129(1.19923); 130(8.44285); 131(7.8024); 132(5.63356); 133(5.07327); 134(7.89721); 135(0.45763); 136(0.37961); 137(6.38051); 138(5.01326); 139(4.67791); 140(0.03211); 141(2.41928); 142(6.98561); 143(1.16489); 144(7.76372); 145(1.64283); 146(6.52544); 147(3.55292); 148(2.97306); 149(7.93634); 150(1.19514); 151(3.46601); 152(3.59618); 153(5.62146); 154(0.1094); 155(0.26479); 156(3.55935); 157(2.85041); 158(2.39836); 159(2.00501); 160(4.48804); 161(3.4953); 162(5.55226); 163(4.06796); 164(3.24942); 165(0.92723); 166(0.03841); 167(2.20118); 168(0.45841); 169(0.30068); 170(1.76325); 171(5.68355); 172(4.25906); 173(4.81357); 174(5.06264); 175(2.02078); 176(4.09408); 177(7.64717); 178(5.62419); 179(5.52089); 180(8.61671); 181(7.10881); 182(2.19894); 183(1.87564); 184(7.78855); 185(5.72186); 186(2.37278); 187(5.62); 188(3.95032); 189(5.34322); 190(5.49349); 191(6.70218); 192(1.53219); 193(7.36413); 194(2.93581); 195(8.03947); 196(5.38128); 197(1.42146); 198(4.14296); 199(0.6981); 200(3.88846); 201(2.72145); 202(1.61369); 203(7.15105); 204(7.47071); 205(7.3859); 206(7.1314); 207(6.08551); 208(4.47806); 209(8.57282); 210(7.44376); 211(3.88276); 212(4.74675); 213(4.25027); 214(2.1512); 215(8.08616); 216(5.49308); 217(7.76081); 218(1.48108); 219(8.4193); 220(5.04538); 221(8.6582); 222(1.1881); 223(7.51504); 224(2.82714); 225(2.71065); 226(2.8453); 227(0.22605); 228(0.77464); 229(2.78478); 230(6.82839); 231(8.48181); 232(6.86494); 233(4.60051); 234(3.45667); 235(3.92351); 236(3.21675); 237(4.04494); 238(4.96667); 239(5.55731); 240(2.75497); 241(1.20384); 242(3.63496); 243(5.6868); 244(7.0698); 245(5.39373); 246(1.58545); 247(0.71227); 248(3.61139); 249(6.84844); 250(7.51247); 251(1.98748); 252(5.09623); 253(6.67069); 254(1.56727); 255(2.06272); 256(0.8087); 257(0.76046); 258(8.03046); 259(8.12675); 260(2.67041); 261(2.51134); 262(1.32727); 263(4.15124); 264(5.48177); 265(6.82772); 266(4.06131); 267(0.47718); 268(4.70315); 269(5.06741); 270(6.63104); 271(8.24631); 272(3.17705); 273(0.84064); 274(1.91878); 275(7.38477); 276(0.5419); 277(6.28779); 278(8.39063); 279(0.66109); 280(6.74351); 281(0.21486); 282(2.08386); 283(8.11471); 284(6.84931); 285(4.96045); 286(5.37913); 287(2.49614); 288(0.92661); 289(2.82004); 290(5.17538); 291(6.08068); 292(0.32222); 293(7.17778); 294(2.52089); 295(6.96893); 296(8.98206); 297(8.57868); 298(3.522); 299(0.42931),1327.22122,1327.22122,4.438866956521739,2.6460246873346405,8.98206,0.03211,0.41499222539493835,1
70,0(5.42831); 1(4.67646); 2(2.0623); 3(0.10561); 4(3.59295); 5(5.07675); 6(5.61183); 7(1.08577); 8(8.88987); 9(1.5324); 10(3.99377); 11(4.47051); 12(6.16551); 13(0.04417); 14(0.29936); 15(6.79091); 16(2.45867); 17(1.99816); 18(4.76075); 19(1.67735); 20(6.59252); 21(5.99273); 22(1.10026); 23(8.65536); 24(3.51473); 25(1.25238); 26(6.41559); 27(8.2525); 28(2.47106); 29(6.87796); 30(4.36025); 31(4.51686); 32(1.56223); 33(7.19648); 34(8.14934); 35(8.91089); 36(2.14472); 37(3.91731); 38(0.99527); 39(5.30445); 40(7.41769); 41(3.34217); 42(7.60388); 43(2.22747); 44(7.49792); 45(0.08736); 46(8.55851); 47(7.00115); 48(8.92784); 49(3.60439); 50(8.43137); 51(1.03012); 52(5.53202); 53(5.34354); 54(2.66293); 55(4.79617); 56(1.42277); 57(7.1847); 58(8.24125); 59(7.76575); 60(0.09289); 61(7.59871); 62(4.42159); 63(1.55111); 64(5.76194); 65(5.05923); 66(4.3766); 67(8.22923); 68(8.46819); 69(4.50583); 71(7.97688); 72(4.22672); 73(8.57293); 74(4.53975); 75(4.70754); 76(7.84373); 77(5.5648); 78(4.45056); 79(1.33673); 80(1.35041); 81(3.80497); 82(8.0771); 83(6.98038); 84(2.10469); 85(4.42315); 86(8.96729); 87(5.3618); 88(6.29433); 89(0.61661); 90(6.81759); 91(5.13194); 92(6.32262); 93(0.4339); 94(2.03182); 95(1.10349); 96(2.45827); 97(1.19952); 98(5.69266); 99(0.16137); 100(6.71727); 101(1.63744); 102(3.89201); 103(7.58471); 104(8.78257); 105(0.85997); 106(0.26457); 107(6.42901); 108(0.12922); 109(1.32792); 110(6.17689); 111(8.60769); 112(8.77107); 113(5.00787); 114(8.5876); 115(0.9444); 116(3.82682); 117(0.58787); 118(6.52494); 119(3.47407); 120(7.88202); 121(8.90694); 122(0.19347); 123(0.03387); 124(0.09075); 125(1.4612); 126(6.24972); 127(6.31535); 128(2.50123); 129(8.48364); 130(2.33206); 131(3.32091); 132(5.86323); 133(5.92306); 134(8.53149); 135(4.88661); 136(8.67206); 137(1.12396); 138(4.02494); 139(7.74706); 140(2.98655); 141(7.17591); 142(8.1403); 143(1.86477); 144(7.66373); 145(4.09521); 146(4.02203); 147(3.36175); 148(5.33662); 149(8.43652); 150(6.62322); 151(3.29996); 152(0.70487); 153(8.52801); 154(2.54593); 155(4.52722); 156(8.47397); 157(1.83747); 158(4.11063); 159(7.46518); 160(6.37855); 161(2.76632); 162(6.20285); 163(1.82889); 164(0.61049); 165(3.90949); 166(1.26354); 167(8.02921); 168(8.76744); 169(7.29749); 170(1.72933); 171(0.65638); 172(5.01399); 173(2.69121); 174(3.84844); 175(1.61967); 176(3.67126); 177(3.44065); 178(8.5363); 179(8.66233); 180(8.8686); 181(1.39409); 182(4.32133); 183(2.90736); 184(1.02075); 185(3.45797); 186(1.28701); 187(6.28032); 188(5.29012); 189(8.28062); 190(3.63786); 191(6.49448); 192(8.42114); 193(8.42445); 194(5.10265); 195(7.86376); 196(5.53164); 197(2.18333); 198(6.15126); 199(6.24881); 200(5.02361); 201(0.82602); 202(4.7755); 203(2.04779); 204(3.07639); 205(0.2455); 206(5.62614); 207(5.32298); 208(1.80885); 209(6.20804); 210(7.66034); 211(7.86266); 212(2.89687); 213(8.68264); 214(2.28211); 215(6.35593); 216(2.87971); 217(6.3917); 218(6.364); 219(0.34771); 220(8.7557); 221(4.64363); 222(1.52782); 223(6.43631); 224(8.96029); 225(0.12619); 226(8.35489); 227(0.32851); 228(1.00624); 229(3.98993); 230(4.46465); 231(8.33926); 232(5.7605); 233(0.00811); 234(2.85431); 235(2.64669); 236(5.51549); 237(4.0538); 238(3.78514); 239(0.24047); 240(0.07635); 241(6.05102); 242(6.70989); 243(1.79113); 244(3.87821); 245(4.204); 246(0.34991); 247(3.75768); 248(1.65031); 249(1.98988); 250(6.14182); 251(6.77667); 252(2.2681); 253(2.21265); 254(6.4786); 255(6.33603); 256(4.80843); 257(5.75066); 258(7.07896); 259(0.72019); 260(3.54165); 261(0.81429); 262(0.75894); 263(4.76889); 264(4.95855); 265(4.03452); 266(6.42352); 267(7.18049); 268(2.99385); 269(0.55952); 270(4.96007); 271(4.83919); 272(1.77495); 273(3.23431); 274(2.80605); 275(8.54804); 276(5.8395); 277(5.40883); 278(0.55893); 279(1.5494); 280(6.64539); 281(0.81127); 282(7.19693); 283(8.89003); 284(6.80158); 285(2.57205); 286(5.90051); 287(6.1384); 288(3.89128); 289(8.69472); 290(2.77117); 291(6.97602); 292(0.39867); 293(1.34858); 294(5.93849); 295(0.34513); 296(4.92566); 297(4.64612); 298(4.11858); 299(6.77937),1351.02723,1351.02723,4.518485719063546,2.70383385181495,8.96729,0.00811,0.416277464655492,1
71,0(3.49527); 1(1.0451); 2(3.75502); 3(1.35042); 4(8.05664); 5(2.80197); 6(5.99835); 7(2.50397); 8(5.07342); 9(4.76959); 10(0.92627); 11(5.50933); 12(5.46765); 13(3.05191); 14(5.46379); 15(4.5194); 16(7.19681); 17(6.17458); 18(1.7396); 19(3.86413); 20(7.05119); 21(2.518); 22(1.66691); 23(2.78686); 24(2.44981); 25(8.67987); 26(6.53611); 27(2.68762); 28(1.62083); 29(1.5721); 30(3.38876); 31(5.08511); 32(8.27598); 33(2.09497); 34(6.43795); 35(7.8643); 36(6.38637); 37(2.45794); 38(3.03142); 39(3.50634); 40(1.74229); 41(0.34436); 42(6.60747); 43(7.54466); 44(8.85454); 45(6.20469); 46(8.25423); 47(8.79009); 48(6.18634); 49(6.52886); 50(3.89977); 51(7.18108); 52(7.87338); 53(3.82556); 54(4.40196); 55(1.65739); 56(0.24954); 57(5.3779); 58(8.57326); 59(1.72278); 60(1.06981); 61(3.44887); 62(1.19869); 63(5.95208); 64(0.77881); 65(7.57092); 66(8.61861); 67(1.52616); 68(1.69276); 69(3.60501); 70(7.97688); 72(5.03289); 73(8.14194); 74(5.97445); 75(5.72816); 76(8.53095); 77(5.27452); 78(1.93835); 79(2.51893); 80(6.70399); 81(3.13673); 82(6.37708); 83(0.157); 84(2.88736); 85(8.46778); 86(4.96879); 87(6.69764); 88(0.40095); 89(7.28486); 90(8.71274); 91(2.72605); 92(3.28241); 93(1.02071); 94(5.3466); 95(7.07301); 96(5.51188); 97(5.16672); 98(2.99093); 99(7.65152); 100(1.70129); 101(4.29928); 102(4.9277); 103(8.1591); 104(3.23074); 105(1.20802); 106(5.9209); 107(5.85057); 108(7.43593); 109(6.53568); 110(3.11359); 111(6.43556); 112(7.02604); 113(1.89277); 114(8.08802); 115(7.59995); 116(6.54377); 117(7.83303); 118(2.84263); 119(8.42257); 120(0.20487); 121(5.08221); 122(2.06791); 123(4.27843); 124(3.92264); 125(2.21071); 126(5.74508); 127(4.64527); 128(6.08833); 129(1.07352); 130(4.45403); 131(2.9883); 132(8.9653); 133(0.41693); 134(3.49743); 135(8.64311); 136(6.25423); 137(7.95421); 138(1.69431); 139(4.42447); 140(2.57547); 141(8.3474); 142(3.7477); 143(8.8006); 144(3.98848); 145(7.85114); 146(2.86638); 147(4.19379); 148(0.52249); 149(4.38566); 150(1.75762); 151(4.17706); 152(0.35834); 153(5.94965); 154(4.58895); 155(6.81142); 156(2.9202); 157(8.87242); 158(8.17547); 159(5.18192); 160(7.56834); 161(1.29317); 162(4.71851); 163(6.35489); 164(3.69356); 165(3.98663); 166(0.95719); 167(8.32823); 168(0.08363); 169(1.51652); 170(7.76281); 171(8.84256); 172(2.49311); 173(5.06188); 174(0.58635); 175(4.66976); 176(8.08135); 177(7.09077); 178(5.381); 179(4.21706); 180(6.44132); 181(2.52491); 182(8.78328); 183(8.26434); 184(1.72183); 185(7.17979); 186(4.20705); 187(1.58811); 188(5.46169); 189(0.02455); 190(0.52491); 191(7.59019); 192(4.804); 193(3.28691); 194(6.408); 195(5.25532); 196(3.11954); 197(0.65339); 198(5.89883); 199(7.97452); 200(1.62739); 201(3.05234); 202(7.11345); 203(8.97503); 204(8.70117); 205(3.5768); 206(7.49279); 207(6.65219); 208(8.16086); 209(6.18156); 210(3.95507); 211(2.13066); 212(8.4294); 213(6.97312); 214(0.99485); 215(3.93001); 216(4.62044); 217(6.7524); 218(5.3973); 219(1.37018); 220(7.47281); 221(8.20795); 222(2.70458); 223(7.55208); 224(0.66426); 225(8.52816); 226(7.48929); 227(8.07935); 228(0.15133); 229(2.8065); 230(7.8153); 231(5.17621); 232(2.04849); 233(3.9139); 234(2.23751); 235(1.93368); 236(5.54871); 237(0.18919); 238(6.54979); 239(7.07856); 240(5.59442); 241(5.00208); 242(3.11002); 243(4.09915); 244(1.41493); 245(1.27088); 246(6.90442); 247(2.02227); 248(0.84533); 249(4.06671); 250(7.90097); 251(3.34148); 252(0.74911); 253(1.46076); 254(0.54192); 255(2.31714); 256(1.17592); 257(2.01372); 258(4.93724); 259(1.578); 260(1.02095); 261(2.16956); 262(3.08366); 263(3.00966); 264(1.29012); 265(3.52298); 266(6.98189); 267(8.15695); 268(5.44247); 269(0.5398); 270(7.34145); 271(4.11539); 272(8.30503); 273(2.95167); 274(4.87693); 275(0.07287); 276(4.03408); 277(3.45022); 278(5.18626); 279(5.52799); 280(3.85099); 281(7.84464); 282(3.27435); 283(2.13035); 284(1.50275); 285(5.69676); 286(4.7485); 287(5.89969); 288(8.16226); 289(7.17376); 290(2.81264); 291(1.15602); 292(1.07576); 293(5.90362); 294(0.7475); 295(5.87942); 296(5.68535); 297(2.2563); 298(5.99205); 299(4.67523),1362.10474,1362.10474,4.5555342474916385,2.5764834596961763,8.97503,0.02455,0.428850759296841,1
72,0(8.43553); 1(0.20629); 2(6.48287); 3(1.64096); 4(7.51553); 5(3.08766); 6(2.50768); 7(8.66208); 8(1.11606); 9(5.82873); 10(7.35964); 11(8.16297); 12(4.78099); 13(8.53165); 14(7.00714); 15(2.83397); 16(2.37259); 17(3.21306); 18(7.44806); 19(0.54348); 20(4.83511); 21(5.37941); 22(0.84639); 23(6.39722); 24(1.10052); 25(8.77281); 26(1.67621); 27(1.80998); 28(2.01024); 29(0.96691); 30(3.01506); 31(1.43618); 32(7.21503); 33(6.52113); 34(4.23697); 35(3.88231); 36(3.87042); 37(0.36027); 38(7.24335); 39(0.5461); 40(2.4031); 41(3.59108); 42(4.84964); 43(2.47362); 44(1.94539); 45(4.97122); 46(7.08322); 47(1.04193); 48(2.11268); 49(7.92869); 50(1.71706); 51(5.77197); 52(1.38736); 53(4.5121); 54(8.69496); 55(1.75409); 56(0.3998); 57(6.43546); 58(4.62032); 59(5.53578); 60(1.80371); 61(2.25177); 62(0.46473); 63(8.93105); 64(0.56464); 65(1.56639); 66(3.26925); 67(3.23798); 68(0.08731); 69(0.5758); 70(4.22672); 71(5.03289); 73(2.09112); 74(7.6287); 75(6.09949); 76(4.74996); 77(3.35529); 78(8.52626); 79(4.55422); 80(2.7454); 81(3.84807); 82(2.30271); 83(8.09759); 84(5.81674); 85(6.61161); 86(4.9404); 87(5.84459); 88(7.08375); 89(6.8713); 90(3.70683); 91(6.77719); 92(6.92758); 93(7.18956); 94(3.114); 95(1.09176); 96(1.84521); 97(5.65998); 98(2.9758); 99(7.22857); 100(0.56654); 101(3.48843); 102(0.15527); 103(5.31862); 104(4.52888); 105(7.21801); 106(4.09155); 107(3.827); 108(8.50522); 109(4.09717); 110(0.57876); 111(2.2567); 112(5.05098); 113(5.294); 114(1.62782); 115(1.89959); 116(3.82492); 117(2.79991); 118(7.22968); 119(0.34887); 120(2.21645); 121(8.38515); 122(3.42224); 123(3.0776); 124(0.5163); 125(6.02173); 126(3.19421); 127(7.73949); 128(6.93778); 129(6.76275); 130(5.04081); 131(1.77387); 132(3.83255); 133(2.46621); 134(4.71598); 135(4.77552); 136(7.9344); 137(5.00302); 138(0.29174); 139(5.64613); 140(8.31549); 141(6.83505); 142(6.10223); 143(3.45453); 144(0.76018); 145(1.01306); 146(7.32001); 147(6.30035); 148(6.43344); 149(5.12877); 150(8.03378); 151(2.53685); 152(8.08127); 153(6.16772); 154(3.23962); 155(0.87476); 156(2.22571); 157(1.1862); 158(5.49755); 159(1.72011); 160(7.74968); 161(5.93307); 162(8.98734); 163(2.6217); 164(0.88529); 165(0.70015); 166(6.92615); 167(7.79338); 168(3.56478); 169(6.37193); 170(7.27256); 171(4.95269); 172(4.67779); 173(8.0311); 174(8.54273); 175(0.42811); 176(5.47518); 177(0.41114); 178(7.99671); 179(2.66068); 180(3.51263); 181(8.03405); 182(0.58845); 183(4.07868); 184(4.09097); 185(5.25459); 186(8.47326); 187(8.24816); 188(0.30252); 189(2.85992); 190(6.38176); 191(0.18459); 192(1.48451); 193(0.04637); 194(0.75906); 195(5.90108); 196(7.79904); 197(4.88015); 198(8.3987); 199(0.53223); 200(7.88209); 201(5.89076); 202(8.58173); 203(8.14306); 204(2.1315); 205(0.83655); 206(5.71436); 207(2.59132); 208(8.98286); 209(6.55844); 210(3.44573); 211(8.97284); 212(3.2664); 213(6.24208); 214(7.23065); 215(5.04982); 216(3.94605); 217(1.32051); 218(4.98962); 219(5.63493); 220(0.82353); 221(0.96004); 222(4.47219); 223(2.65951); 224(6.78976); 225(3.44328); 226(3.25033); 227(4.32102); 228(6.57782); 229(8.94182); 230(0.08479); 231(2.7561); 232(3.92486); 233(8.70648); 234(7.95393); 235(6.60621); 236(5.75521); 237(0.06564); 238(5.67675); 239(5.76868); 240(0.3729); 241(4.07036); 242(6.75125); 243(1.8187); 244(0.06746); 245(0.77007); 246(6.10038); 247(7.6269); 248(6.95244); 249(5.01857); 250(8.36703); 251(4.66633); 252(7.63881); 253(0.69518); 254(5.41396); 255(6.75186); 256(3.84757); 257(8.01922); 258(0.57488); 259(1.62668); 260(2.26832); 261(7.48415); 262(5.99753); 263(8.43991); 264(0.97299); 265(5.20811); 266(8.41813); 267(7.98766); 268(7.53869); 269(0.25285); 270(3.95567); 271(3.23236); 272(0.99812); 273(4.33482); 274(3.0206); 275(2.62602); 276(2.62512); 277(2.71206); 278(1.53924); 279(0.74137); 280(7.96023); 281(1.01522); 282(5.22263); 283(2.59095); 284(5.80021); 285(8.10894); 286(8.2646); 287(7.46344); 288(2.49382); 289(7.83075); 290(4.44968); 291(1.14375); 292(5.97019); 293(6.32155); 294(8.84214); 295(5.48226); 296(7.04102); 297(6.25202); 298(0.39925); 299(7.38204),1330.75357,1330.75357,4.4506808361204016,2.678708259688623,8.98734,0.04637,0.41306016007049334,1
73,0(3.13208); 1(7.28573); 2(2.04388); 3(8.21285); 4(6.69502); 5(7.55272); 6(6.84478); 7(6.94704); 8(0.43055); 9(8.87351); 10(8.99704); 11(6.3128); 12(8.39786); 13(0.8481); 14(7.12926); 15(1.58089); 16(7.90754); 17(0.35775); 18(1.97981); 19(8.51697); 20(6.08304); 21(8.48334); 22(6.74013); 23(3.82407); 24(0.99336); 25(2.29492); 26(3.64085); 27(4.18292); 28(5.74714); 29(1.10519); 30(8.63544); 31(1.97663); 32(2.92334); 33(1.97725); 34(4.36834); 35(8.98871); 36(2.4685); 37(5.11681); 38(3.56188); 39(3.99736); 40(4.33656); 41(1.27158); 42(8.12416); 43(6.86793); 44(2.33279); 45(6.28787); 46(4.28317); 47(8.74715); 48(4.99718); 49(2.45219); 50(5.09006); 51(0.99547); 52(4.20503); 53(3.99814); 54(5.29025); 55(2.31019); 56(2.46954); 57(4.11106); 58(6.15014); 59(8.95948); 60(5.99818); 61(3.74644); 62(7.40973); 63(5.22142); 64(2.31518); 65(1.61635); 66(0.2287); 67(8.02901); 68(0.84292); 69(4.63967); 70(8.57293); 71(8.14194); 72(2.09112); 74(7.60372); 75(3.30973); 76(5.57298); 77(7.31921); 78(1.69971); 79(4.97386); 80(5.1191); 81(2.32088); 82(3.99958); 83(1.25543); 84(8.50421); 85(3.63918); 86(1.72304); 87(5.42539); 88(0.24708); 89(4.71308); 90(2.4785); 91(3.02604); 92(6.16657); 93(5.74888); 94(0.16919); 95(4.79215); 96(8.96982); 97(1.08636); 98(5.77885); 99(2.65647); 100(8.70462); 101(0.18816); 102(5.43158); 103(3.71689); 104(6.34072); 105(5.57184); 106(0.56625); 107(7.66052); 108(6.59804); 109(7.60315); 110(2.29182); 111(7.44824); 112(2.35649); 113(5.28607); 114(0.4883); 115(0.47132); 116(0.77783); 117(8.64612); 118(2.49699); 119(1.22382); 120(4.20656); 121(8.31707); 122(3.16739); 123(7.24443); 124(4.78073); 125(7.05485); 126(4.874); 127(6.6281); 128(8.72255); 129(1.04064); 130(4.61831); 131(8.90241); 132(2.4303); 133(4.22655); 134(1.16274); 135(1.96686); 136(1.04216); 137(0.7278); 138(7.73208); 139(4.8195); 140(1.64279); 141(7.44634); 142(3.64946); 143(4.46849); 144(6.58092); 145(0.97473); 146(4.86); 147(2.52229); 148(2.72372); 149(4.14782); 150(2.54505); 151(1.86302); 152(7.2962); 153(2.00155); 154(1.0861); 155(6.52558); 156(2.56767); 157(8.36632); 158(1.22558); 159(3.12636); 160(7.76649); 161(6.73436); 162(6.86889); 163(7.32479); 164(2.61649); 165(6.02424); 166(2.51205); 167(1.78593); 168(0.24638); 169(6.94801); 170(4.09094); 171(4.29097); 172(7.87415); 173(2.4158); 174(1.05454); 175(4.7999); 176(7.92163); 177(7.51172); 178(5.814); 179(2.29422); 180(5.3687); 181(3.87508); 182(8.3089); 183(3.30828); 184(7.59873); 185(4.45835); 186(5.47888); 187(0.84971); 188(3.33851); 189(7.2354); 190(5.84217); 191(1.32572); 192(7.1549); 193(4.45054); 194(4.81252); 195(6.86895); 196(0.8514); 197(1.01961); 198(4.96566); 199(3.88326); 200(7.51423); 201(2.86013); 202(5.69006); 203(6.8401); 204(7.33756); 205(7.22053); 206(3.53827); 207(8.60002); 208(4.93128); 209(5.6292); 210(6.46302); 211(1.94863); 212(0.92958); 213(0.27982); 214(7.70073); 215(6.27908); 216(4.41387); 217(6.40435); 218(2.93837); 219(8.17416); 220(7.15765); 221(8.66979); 222(2.09119); 223(2.42188); 224(2.11105); 225(5.25412); 226(7.7091); 227(4.00098); 228(5.87673); 229(3.68266); 230(4.37814); 231(4.16382); 232(5.84263); 233(7.81845); 234(3.86695); 235(1.88162); 236(2.14301); 237(8.5867); 238(5.33718); 239(7.92236); 240(0.21717); 241(3.41459); 242(4.50086); 243(7.29251); 244(0.47005); 245(0.29473); 246(1.20681); 247(0.0341); 248(6.21198); 249(7.34353); 250(1.62415); 251(4.11872); 252(7.4194); 253(1.27352); 254(7.33544); 255(0.20457); 256(5.449); 257(2.7354); 258(8.92646); 259(5.30711); 260(7.31158); 261(5.47944); 262(6.55149); 263(2.12156); 264(5.76094); 265(3.83821); 266(1.1345); 267(6.26325); 268(1.2858); 269(2.35695); 270(3.37458); 271(4.51722); 272(8.33927); 273(4.65012); 274(0.20527); 275(7.99783); 276(3.00459); 277(2.67591); 278(0.87172); 279(0.41589); 280(1.90666); 281(1.06003); 282(6.79761); 283(1.96779); 284(1.46874); 285(4.63172); 286(0.81959); 287(0.2392); 288(1.55432); 289(3.26287); 290(0.91197); 291(7.14895); 292(6.92104); 293(8.02786); 294(8.80096); 295(7.08754); 296(5.63774); 297(3.67423); 298(4.42078); 299(2.92268),1338.04,1338.04,4.47505016722408,2.615730302776617,8.99704,0.0341,0.42075595003402677,1
74,0(7.61834); 1(5.32975); 2(0.24063); 3(4.15105); 4(7.29132); 5(4.30187); 6(8.89054); 7(0.88336); 8(2.17951); 9(6.29314); 10(6.13956); 11(5.26448); 12(3.71605); 13(5.70323); 14(1.64888); 15(1.07935); 16(1.69317); 17(2.25016); 18(2.16179); 19(2.77489); 20(8.04142); 21(0.60537); 22(6.41502); 23(4.23734); 24(6.40034); 25(7.16716); 26(0.71824); 27(7.18157); 28(8.22718); 29(5.17826); 30(2.68088); 31(2.02002); 32(3.37116); 33(2.46289); 34(1.3217); 35(2.2987); 36(4.33483); 37(3.77238); 38(5.433); 39(0.30239); 40(1.06664); 41(1.77484); 42(4.00027); 43(5.36524); 44(7.80427); 45(3.34932); 46(4.62523); 47(7.33426); 48(3.51116); 49(4.00079); 50(2.1652); 51(7.62932); 52(3.17768); 53(6.65991); 54(5.95072); 55(2.9594); 56(4.60365); 57(7.10743); 58(5.15798); 59(7.99942); 60(1.27154); 61(7.12909); 62(4.18735); 63(8.31315); 64(2.61669); 65(4.32597); 66(0.83062); 67(2.11993); 68(4.29677); 69(3.56613); 70(4.53975); 71(5.97445); 72(7.6287); 73(7.60372); 75(0.86067); 76(6.02557); 77(6.10634); 78(2.19347); 79(6.74044); 80(0.19863); 81(0.02068); 82(5.1116); 83(7.47914); 84(2.72916); 85(0.99001); 86(0.27051); 87(3.6336); 88(6.67684); 89(2.28019); 90(0.32386); 91(8.45598); 92(6.57316); 93(1.73582); 94(8.24816); 95(3.7989); 96(5.77563); 97(7.44758); 98(6.39129); 99(0.48481); 100(4.92909); 101(6.02644); 102(1.84762); 103(8.61416); 104(5.96288); 105(7.58953); 106(3.75625); 107(1.40313); 108(4.79246); 109(1.1251); 110(3.05124); 111(6.70653); 112(4.32248); 113(2.47637); 114(1.52265); 115(3.73705); 116(1.04058); 117(8.35001); 118(8.89062); 119(5.78815); 120(4.57504); 121(8.71251); 122(6.79084); 123(6.9923); 124(4.35234); 125(5.14555); 126(6.94303); 127(0.60416); 128(0.9574); 129(2.47479); 130(6.53293); 131(2.35911); 132(6.04918); 133(1.24132); 134(8.91532); 135(0.65679); 136(7.03717); 137(0.55465); 138(2.49547); 139(6.46459); 140(4.51165); 141(2.43569); 142(0.73053); 143(6.90322); 144(4.70106); 145(0.37495); 146(8.12608); 147(3.44541); 148(6.88591); 149(5.98041); 150(4.25557); 151(4.94865); 152(4.12721); 153(3.13729); 154(3.62574); 155(5.77092); 156(4.90763); 157(0.95436); 158(8.74123); 159(4.07505); 160(0.48287); 161(5.86075); 162(3.76256); 163(0.20033); 164(6.12735); 165(7.73914); 166(1.88184); 167(4.80236); 168(7.4694); 169(4.77312); 170(3.64178); 171(0.6258); 172(3.13615); 173(8.30216); 174(1.36412); 175(1.25207); 176(6.21091); 177(4.5587); 178(8.84026); 179(1.79603); 180(0.86189); 181(6.59505); 182(7.82934); 183(8.80352); 184(8.67517); 185(2.01688); 186(8.91784); 187(8.06439); 188(3.02167); 189(1.60185); 190(6.05229); 191(5.22758); 192(8.80411); 193(1.64553); 194(4.00421); 195(3.34455); 196(4.48874); 197(7.14889); 198(7.28246); 199(3.73262); 200(8.13008); 201(5.99999); 202(5.92278); 203(8.06343); 204(7.5558); 205(7.74798); 206(1.40345); 207(2.03032); 208(4.83235); 209(2.65737); 210(2.1563); 211(3.61619); 212(4.16188); 213(0.6255); 214(4.96534); 215(7.19403); 216(7.12145); 217(3.73476); 218(2.96618); 219(0.49014); 220(6.16674); 221(5.32674); 222(0.91574); 223(7.60304); 224(3.04677); 225(8.04119); 226(5.80757); 227(2.91756); 228(5.49579); 229(7.53606); 230(5.25483); 231(8.77762); 232(4.48903); 233(3.98796); 234(7.01592); 235(2.43893); 236(3.47551); 237(5.07244); 238(7.88224); 239(4.97677); 240(7.12762); 241(6.01039); 242(5.09388); 243(5.54808); 244(8.41935); 245(1.95685); 246(2.3911); 247(5.06831); 248(8.98329); 249(7.26014); 250(6.41204); 251(8.93756); 252(2.95315); 253(1.37438); 254(0.58501); 255(4.58386); 256(3.27138); 257(7.95921); 258(5.39104); 259(4.33584); 260(6.55415); 261(2.71143); 262(6.03053); 263(3.54375); 264(2.27732); 265(6.32537); 266(3.50675); 267(1.19447); 268(7.04955); 269(4.70932); 270(7.54435); 271(6.82485); 272(8.41352); 273(1.38928); 274(0.31565); 275(4.71266); 276(1.11389); 277(7.70454); 278(1.47928); 279(1.36203); 280(3.42408); 281(3.94565); 282(3.27935); 283(3.86036); 284(0.35373); 285(5.0462); 286(1.94736); 287(7.22883); 288(2.78857); 289(2.84955); 290(2.54822); 291(4.27725); 292(7.96125); 293(4.5828); 294(8.28319); 295(3.03112); 296(5.34806); 297(5.85741); 298(8.22326); 299(7.89491),1363.11131,1363.11131,4.558900702341137,2.520849607470755,8.98329,0.02068,0.43161578898895425,1
75,0(2.18135); 1(6.14116); 2(5.72179); 3(6.05662); 4(4.76417); 5(7.38525); 6(1.24436); 7(8.71725); 8(8.68348); 9(3.79381); 10(7.03065); 11(7.14416); 12(5.04133); 13(6.70875); 14(3.00616); 15(3.91106); 16(6.70055); 17(2.0681); 18(2.80343); 19(8.18818); 20(4.25183); 21(3.52716); 22(3.96445); 23(2.33787); 24(1.97346); 25(3.55344); 26(3.1797); 27(7.39328); 28(7.00658); 29(2.67608); 30(2.84268); 31(2.30035); 32(3.34344); 33(1.90751); 34(3.6439); 35(3.96239); 36(4.91761); 37(7.66209); 38(7.41379); 39(3.88145); 40(1.44812); 41(7.27255); 42(6.23249); 43(4.63415); 44(3.07872); 45(5.11478); 46(2.05954); 47(4.17223); 48(0.4222); 49(3.43355); 50(3.83511); 51(7.35375); 52(6.62214); 53(3.17191); 54(4.26657); 55(5.78664); 56(4.54899); 57(0.73422); 58(5.73368); 59(2.66149); 60(5.54489); 61(4.4378); 62(3.48401); 63(0.1304); 64(2.15518); 65(7.61844); 66(4.02405); 67(3.62072); 68(5.38631); 69(1.63061); 70(4.70754); 71(5.72816); 72(6.09949); 73(3.30973); 74(0.86067); 76(1.56683); 77(0.9169); 78(0.06635); 79(5.29687); 80(4.95438); 81(6.4778); 82(5.59273); 83(6.89699); 84(1.03549); 85(4.09705); 86(4.78767); 87(5.85961); 88(1.29398); 89(8.03711); 90(1.45747); 91(4.12212); 92(0.36228); 93(0.238); 94(1.96161); 95(4.01479); 96(6.30695); 97(4.70664); 98(2.95032); 99(4.38066); 100(1.1386); 101(5.2464); 102(6.4103); 103(5.88076); 104(2.5737); 105(0.74509); 106(1.04498); 107(4.97199); 108(3.45941); 109(7.98885); 110(3.16869); 111(8.95162); 112(1.22799); 113(1.2708); 114(4.2723); 115(8.46494); 116(6.27222); 117(3.9365); 118(5.96413); 119(4.62002); 120(6.23021); 121(8.80973); 122(2.81635); 123(2.88471); 124(2.04414); 125(5.30488); 126(4.23845); 127(8.35454); 128(3.20305); 129(5.54549); 130(5.36923); 131(5.10984); 132(1.16292); 133(8.44675); 134(3.26057); 135(1.69461); 136(8.25245); 137(3.73814); 138(0.10065); 139(2.72541); 140(4.93782); 141(6.75871); 142(3.70281); 143(5.43464); 144(7.41568); 145(0.62156); 146(5.68659); 147(1.725); 148(0.85109); 149(4.66691); 150(6.63311); 151(7.87621); 152(5.14111); 153(1.47223); 154(8.00707); 155(6.30716); 156(6.32238); 157(5.72964); 158(3.60323); 159(4.57835); 160(0.30008); 161(6.95265); 162(7.70293); 163(6.18108); 164(0.56467); 165(7.87529); 166(5.76558); 167(3.8782); 168(8.04048); 169(2.98479); 170(1.21521); 171(4.24096); 172(1.42685); 173(2.60084); 174(1.67732); 175(4.23649); 176(1.21427); 177(7.28306); 178(4.49651); 179(3.94742); 180(5.75584); 181(4.08559); 182(5.97888); 183(0.17152); 184(5.65489); 185(4.34126); 186(4.25305); 187(0.38248); 188(5.62371); 189(4.00959); 190(2.57813); 191(2.72731); 192(4.41019); 193(1.76128); 194(7.35399); 195(8.74139); 196(3.41426); 197(6.9127); 198(8.40507); 199(3.75756); 200(3.11499); 201(8.9606); 202(1.79256); 203(4.2838); 204(8.39219); 205(4.7705); 206(6.17595); 207(4.67396); 208(3.55914); 209(2.96689); 210(5.71067); 211(5.8576); 212(5.08985); 213(2.29486); 214(4.69038); 215(2.83392); 216(5.87175); 217(6.42192); 218(7.23745); 219(7.79893); 220(7.08362); 221(8.6318); 222(1.31449); 223(8.83939); 224(8.11698); 225(8.36021); 226(0.50856); 227(2.14872); 228(3.26925); 229(0.95064); 230(2.69558); 231(0.70492); 232(7.81204); 233(3.06413); 234(3.60557); 235(2.73284); 236(8.14878); 237(7.9748); 238(3.75544); 239(1.4983); 240(0.40937); 241(3.93786); 242(1.03136); 243(5.40523); 244(8.45583); 245(0.03885); 246(1.9534); 247(2.9884); 248(8.83294); 249(6.39507); 250(5.07253); 251(1.24159); 252(6.88292); 253(2.74453); 254(7.2093); 255(8.71055); 256(3.91453); 257(6.1704); 258(5.17219); 259(3.75525); 260(8.96953); 261(3.2915); 262(4.28258); 263(7.24348); 264(0.96359); 265(2.24262); 266(3.03655); 267(4.8877); 268(1.7019); 269(0.13122); 270(7.63578); 271(5.67157); 272(7.65444); 273(8.32879); 274(4.80872); 275(6.37657); 276(3.73371); 277(7.99794); 278(8.09396); 279(5.38062); 280(0.35228); 281(7.49379); 282(6.05516); 283(6.51977); 284(6.09543); 285(8.23128); 286(6.24009); 287(2.0303); 288(4.38743); 289(6.97456); 290(3.00631); 291(1.59094); 292(2.67935); 293(5.02409); 294(6.43006); 295(1.13391); 296(1.14055); 297(7.86158); 298(6.94316); 299(0.38218),1342.04924,1342.04924,4.488458996655518,2.4282105940049328,8.96953,0.03885,0.4280199410900583,1
76,0(1.89737); 1(8.43962); 2(5.56343); 3(2.92124); 4(0.65118); 5(8.72094); 6(3.78534); 7(0.82428); 8(5.43822); 9(5.00026); 10(2.83169); 11(5.17747); 12(0.55442); 13(4.89822); 14(8.08146); 15(7.94514); 16(8.54871); 17(2.01352); 18(2.39257); 19(1.27936); 20(1.91488); 21(3.40831); 22(5.0579); 23(7.78367); 24(6.69478); 25(2.31714); 26(8.28302); 27(6.6362); 28(0.07768); 29(7.996); 30(8.13681); 31(1.64794); 32(8.15303); 33(5.33476); 34(4.34769); 35(2.4333); 36(1.43081); 37(7.33727); 38(7.3739); 39(0.26388); 40(6.87934); 41(1.85981); 42(3.4109); 43(6.33187); 44(3.32938); 45(2.78173); 46(3.04875); 47(1.41586); 48(2.43534); 49(6.11856); 50(1.48037); 51(5.78239); 52(8.25568); 53(1.66279); 54(7.45625); 55(8.15509); 56(3.17971); 57(7.32429); 58(0.59817); 59(1.56045); 60(0.50805); 61(7.01186); 62(2.5331); 63(2.44128); 64(4.75738); 65(1.25993); 66(7.62707); 67(4.61933); 68(5.36073); 69(8.95116); 70(7.84373); 71(8.53095); 72(4.74996); 73(5.57298); 74(6.02557); 75(1.56683); 77(4.32463); 78(4.59845); 79(1.61562); 80(4.93798); 81(6.43128); 82(1.83186); 83(2.09028); 84(6.33407); 85(2.89632); 86(5.00572); 87(8.35664); 88(8.58282); 89(3.11446); 90(0.09649); 91(0.27685); 92(4.17923); 93(0.59359); 94(1.8091); 95(8.70362); 96(3.37087); 97(1.27944); 98(2.31615); 99(6.63757); 100(2.90825); 101(6.83); 102(1.68974); 103(3.85797); 104(3.7932); 105(6.16278); 106(6.70486); 107(5.55426); 108(8.18911); 109(0.92155); 110(2.5695); 111(2.50312); 112(0.92912); 113(4.30799); 114(4.22866); 115(1.83014); 116(1.33137); 117(8.9585); 118(5.3769); 119(8.34924); 120(2.37507); 121(8.6332); 122(7.84355); 123(1.31447); 124(4.45268); 125(6.06394); 126(4.18692); 127(7.07094); 128(7.90509); 129(3.96683); 130(7.20783); 131(7.48252); 132(5.40189); 133(3.53637); 134(8.85372); 135(5.35837); 136(3.23773); 137(6.55588); 138(3.63129); 139(5.86066); 140(6.67043); 141(4.79971); 142(2.14002); 143(6.00426); 144(5.8784); 145(8.31064); 146(0.15876); 147(7.65784); 148(0.75332); 149(7.90687); 150(5.57353); 151(4.74061); 152(3.49065); 153(8.9984); 154(2.61629); 155(4.30176); 156(0.50669); 157(8.83088); 158(5.14386); 159(5.35945); 160(4.26615); 161(7.77197); 162(5.1419); 163(4.64009); 164(6.04264); 165(5.647); 166(2.60644); 167(1.74318); 168(2.17708); 169(5.70548); 170(5.32805); 171(7.63991); 172(2.40384); 173(5.03356); 174(7.99302); 175(1.71949); 176(0.81392); 177(6.0144); 178(3.43875); 179(7.38832); 180(5.91273); 181(3.23833); 182(4.47265); 183(2.39284); 184(8.54961); 185(8.73875); 186(4.08191); 187(6.85028); 188(1.50243); 189(0.03615); 190(8.85503); 191(5.73303); 192(1.56959); 193(5.9035); 194(5.16572); 195(6.00601); 196(3.73865); 197(4.15798); 198(6.56817); 199(2.28961); 200(5.13589); 201(6.17201); 202(8.23681); 203(7.82687); 204(8.10637); 205(6.58788); 206(0.55923); 207(3.03367); 208(3.55986); 209(6.25944); 210(7.09818); 211(3.36374); 212(8.97876); 213(7.84983); 214(1.1717); 215(8.12148); 216(5.90072); 217(5.12795); 218(7.34301); 219(6.21105); 220(5.8804); 221(0.80036); 222(8.19464); 223(5.32455); 224(2.56942); 225(2.6101); 226(0.79538); 227(6.38465); 228(6.49431); 229(1.54292); 230(4.20713); 231(8.92737); 232(7.0275); 233(4.38675); 234(2.54858); 235(0.15185); 236(8.44804); 237(5.30186); 238(8.57887); 239(3.91563); 240(6.05488); 241(5.03823); 242(5.16954); 243(4.9552); 244(1.98529); 245(7.30475); 246(2.52442); 247(6.1538); 248(5.15377); 249(2.51981); 250(1.45125); 251(0.89908); 252(2.49532); 253(2.35331); 254(6.96338); 255(7.57366); 256(2.69693); 257(5.00968); 258(6.45153); 259(6.99819); 260(8.86677); 261(3.44059); 262(2.62539); 263(8.34209); 264(3.24137); 265(1.96629); 266(6.64428); 267(6.86447); 268(4.24031); 269(6.76535); 270(5.41802); 271(0.95332); 272(6.10486); 273(3.87783); 274(5.4411); 275(8.30181); 276(3.34825); 277(5.96156); 278(1.34199); 279(8.8072); 280(0.55522); 281(3.39668); 282(2.57394); 283(4.29304); 284(6.87733); 285(1.65367); 286(2.15252); 287(3.9032); 288(1.98574); 289(5.92428); 290(3.64412); 291(5.22597); 292(3.63361); 293(5.605); 294(1.3263); 295(6.391); 296(4.85991); 297(7.57252); 298(7.17103); 299(7.82925),1412.07279,1412.07279,4.722651471571906,2.5211823617534224,8.9984,0.03615,0.4444275292148555,1
77,0(3.5164); 1(0.26186); 2(0.08741); 3(8.5593); 4(6.59395); 5(4.91328); 6(4.62356); 7(6.10544); 8(6.32364); 9(3.47955); 10(3.64007); 11(8.02194); 12(4.88094); 13(2.11788); 14(7.34118); 15(4.39425); 16(8.57856); 17(2.16674); 18(5.44918); 19(4.90947); 20(2.31722); 21(2.92106); 22(5.71228); 23(8.45562); 24(2.6295); 25(3.04523); 26(5.91134); 27(3.75012); 28(7.42053); 29(3.19074); 30(5.91065); 31(5.15133); 32(2.13597); 33(1.24947); 34(2.86227); 35(4.43494); 36(8.56276); 37(2.52377); 38(8.36059); 39(2.03947); 40(4.76837); 41(2.76136); 42(0.50608); 43(0.71268); 44(1.69094); 45(5.2758); 46(3.26906); 47(1.47537); 48(6.73575); 49(4.68783); 50(4.91472); 51(2.42738); 52(3.77328); 53(3.63282); 54(2.37481); 55(5.17553); 56(7.28295); 57(6.33027); 58(3.64678); 59(6.36422); 60(3.29917); 61(8.56638); 62(6.61197); 63(6.13653); 64(6.17869); 65(8.10863); 66(2.7068); 67(8.86754); 68(2.35444); 69(8.82976); 70(5.5648); 71(5.27452); 72(3.35529); 73(7.31921); 74(6.10634); 75(0.9169); 76(4.32463); 78(1.61996); 79(0.81812); 80(1.03738); 81(0.14244); 82(5.65473); 83(2.98965); 84(8.44188); 85(3.13132); 86(0.14852); 87(3.15512); 88(5.98731); 89(1.84252); 90(8.3526); 91(5.56038); 92(3.63054); 93(6.67108); 94(8.52265); 95(1.80985); 96(5.42944); 97(1.1746); 98(5.61172); 99(1.71764); 100(5.81137); 101(8.00696); 102(2.21758); 103(8.05949); 104(2.44894); 105(5.53417); 106(7.81805); 107(4.93691); 108(2.65945); 109(7.76747); 110(8.47155); 111(4.80137); 112(6.97822); 113(4.0563); 114(0.78838); 115(0.79866); 116(8.2617); 117(7.63772); 118(6.54238); 119(4.21971); 120(2.95717); 121(6.43146); 122(0.88227); 123(8.84861); 124(4.7628); 125(7.11841); 126(6.54421); 127(5.38016); 128(5.6763); 129(7.31451); 130(7.64713); 131(4.11313); 132(5.9105); 133(4.96858); 134(0.79349); 135(5.9805); 136(0.14403); 137(5.38176); 138(4.84508); 139(6.49701); 140(1.87663); 141(4.54182); 142(1.87846); 143(4.03676); 144(0.14207); 145(7.89757); 146(7.39295); 147(8.97438); 148(1.84209); 149(4.97913); 150(7.17445); 151(4.59813); 152(2.64534); 153(5.23724); 154(0.11679); 155(3.42401); 156(3.94669); 157(0.50554); 158(8.85488); 159(3.68332); 160(5.57807); 161(1.81083); 162(6.10719); 163(8.47214); 164(8.40742); 165(4.5602); 166(6.01777); 167(3.60492); 168(8.95687); 169(1.93179); 170(5.72223); 171(5.12146); 172(5.53925); 173(1.53906); 174(3.58038); 175(4.12401); 176(3.92789); 177(3.15895); 178(3.0012); 179(0.56303); 180(1.20228); 181(8.02596); 182(4.85881); 183(2.94363); 184(0.96129); 185(6.31685); 186(0.54623); 187(2.7916); 188(2.31563); 189(5.01162); 190(7.56572); 191(0.90666); 192(1.21456); 193(3.28525); 194(1.8471); 195(1.47131); 196(0.57551); 197(5.63217); 198(0.50271); 199(4.31267); 200(7.82937); 201(2.66985); 202(2.21226); 203(8.3493); 204(1.97891); 205(2.74539); 206(0.49329); 207(7.84304); 208(6.4927); 209(5.66406); 210(0.04258); 211(2.87442); 212(5.26508); 213(1.09502); 214(0.68967); 215(2.01327); 216(8.80523); 217(7.3128); 218(8.70795); 219(0.38194); 220(1.58374); 221(3.31282); 222(8.82004); 223(1.99678); 224(8.55313); 225(2.35685); 226(6.57863); 227(6.6454); 228(8.80798); 229(2.63492); 230(5.99243); 231(5.9605); 232(3.59541); 233(8.26326); 234(6.23726); 235(3.89442); 236(7.21151); 237(1.70928); 238(6.72003); 239(2.48448); 240(3.51176); 241(3.15807); 242(8.02888); 243(0.05739); 244(5.02932); 245(0.39314); 246(6.5153); 247(1.66518); 248(0.9995); 249(5.39579); 250(1.49421); 251(1.69609); 252(7.73742); 253(1.47016); 254(5.94773); 255(0.08779); 256(3.07681); 257(4.45299); 258(8.36901); 259(1.16965); 260(0.6733); 261(1.85016); 262(0.68248); 263(5.13604); 264(8.20428); 265(2.27591); 266(8.26565); 267(0.26505); 268(4.24908); 269(7.8449); 270(5.1566); 271(5.00797); 272(0.09663); 273(8.42523); 274(2.83705); 275(3.41229); 276(2.64989); 277(8.34366); 278(2.56931); 279(7.27878); 280(4.91575); 281(5.5744); 282(1.7506); 283(3.67642); 284(8.75532); 285(4.38666); 286(7.32738); 287(2.72037); 288(1.52855); 289(7.61083); 290(8.77048); 291(6.3803); 292(3.72881); 293(5.40732); 294(8.64167); 295(1.89392); 296(4.41314); 297(5.30692); 298(2.62212); 299(1.54673),1327.36361,1327.36361,4.439343177257524,2.5957871431608055,8.97438,0.04258,0.4174327636040003,1
78,0(3.3696); 1(3.86859); 2(2.30742); 3(8.85525); 4(0.97046); 5(4.0485); 6(0.20689); 7(7.4739); 8(2.24034); 9(4.17413); 10(6.87462); 11(2.03932); 12(8.36595); 13(0.88502); 14(4.28274); 15(7.81993); 16(1.67473); 17(1.85156); 18(6.59664); 19(7.12027); 20(5.25831); 21(7.23148); 22(2.75592); 23(7.37047); 24(0.74349); 25(2.69693); 26(0.49634); 27(6.29074); 28(3.05055); 29(6.7705); 30(4.52665); 31(4.94061); 32(5.82544); 33(7.61708); 34(3.95384); 35(7.75267); 36(1.6882); 37(4.05207); 38(0.40904); 39(3.63683); 40(1.48103); 41(3.14366); 42(8.55568); 43(8.49103); 44(3.96908); 45(3.25784); 46(7.25099); 47(6.47384); 48(2.50937); 49(8.43291); 50(7.98344); 51(0.5549); 52(5.9683); 53(1.73958); 54(5.26476); 55(7.79638); 56(7.03971); 57(6.30619); 58(5.74047); 59(0.70575); 60(8.64808); 61(3.38444); 62(2.27938); 63(8.05572); 64(0.38811); 65(1.46257); 66(5.29689); 67(1.4201); 68(0.96356); 69(5.72793); 70(4.45056); 71(1.93835); 72(8.52626); 73(1.69971); 74(2.19347); 75(0.06635); 76(4.59845); 77(1.61996); 79(5.01705); 80(8.77961); 81(5.83828); 82(4.11026); 83(4.50434); 84(8.93039); 85(2.74207); 86(6.76626); 87(8.8098); 88(1.15922); 89(5.37163); 90(2.85674); 91(0.25941); 92(1.7537); 93(7.61668); 94(0.55175); 95(6.2363); 96(2.53879); 97(8.07065); 98(7.01027); 99(7.00602); 100(7.82541); 101(1.35712); 102(3.67414); 103(8.44966); 104(8.71348); 105(7.4703); 106(0.69466); 107(3.06641); 108(6.81547); 109(4.91771); 110(0.45269); 111(6.51999); 112(7.458); 113(3.24215); 114(7.88129); 115(1.01698); 116(7.10694); 117(2.23499); 118(6.63601); 119(2.40038); 120(6.95526); 121(4.59114); 122(5.21567); 123(8.82769); 124(0.98545); 125(6.83016); 126(5.98747); 127(0.19555); 128(1.76029); 129(1.32543); 130(4.14771); 131(7.66029); 132(2.39203); 133(4.23134); 134(0.51534); 135(5.68892); 136(2.59652); 137(3.43382); 138(6.27061); 139(8.2091); 140(5.78224); 141(7.00437); 142(6.60408); 143(8.90516); 144(0.49898); 145(0.11376); 146(1.89656); 147(8.40805); 148(8.14476); 149(3.61005); 150(0.84907); 151(5.14361); 152(7.13376); 153(0.19919); 154(6.84268); 155(0.4781); 156(8.71231); 157(6.53774); 158(2.82545); 159(8.71194); 160(1.78079); 161(5.93805); 162(4.73355); 163(7.6239); 164(2.07766); 165(7.01963); 166(2.1331); 167(0.16572); 168(6.9903); 169(5.20665); 170(2.43275); 171(5.03718); 172(1.06558); 173(7.69159); 174(4.54565); 175(3.99023); 176(4.88989); 177(1.68884); 178(1.07605); 179(7.13172); 180(4.95546); 181(0.24043); 182(3.05248); 183(6.11234); 184(3.45977); 185(5.60667); 186(7.57494); 187(0.91715); 188(8.25204); 189(0.29579); 190(5.95851); 191(2.8899); 192(0.59675); 193(3.87957); 194(6.52377); 195(6.55069); 196(5.21834); 197(6.7201); 198(5.24568); 199(0.04072); 200(2.48784); 201(3.24355); 202(1.04208); 203(3.11917); 204(6.34836); 205(7.01566); 206(4.8748); 207(8.8972); 208(6.06848); 209(7.44066); 210(2.53324); 211(6.69686); 212(1.55834); 213(1.25485); 214(7.50363); 215(6.63286); 216(8.25623); 217(1.9959); 218(2.0685); 219(8.33045); 220(7.84588); 221(3.51474); 222(8.22426); 223(5.15945); 224(2.46329); 225(1.2829); 226(1.31298); 227(8.37887); 228(4.2972); 229(0.94142); 230(4.10385); 231(4.53532); 232(1.02289); 233(7.25855); 234(4.27022); 235(0.89855); 236(1.75896); 237(3.04059); 238(7.6721); 239(1.65108); 240(0.51901); 241(3.3215); 242(4.9256); 243(6.13323); 244(8.14424); 245(3.85945); 246(1.47987); 247(3.06417); 248(8.67315); 249(0.18208); 250(0.86618); 251(3.95214); 252(5.30828); 253(4.60768); 254(0.54953); 255(6.0546); 256(1.62189); 257(4.86911); 258(7.51067); 259(1.18201); 260(2.81582); 261(1.94678); 262(4.96655); 263(6.80753); 264(6.56521); 265(4.85093); 266(0.10323); 267(8.10586); 268(4.90997); 269(7.4836); 270(7.2581); 271(0.20006); 272(5.88681); 273(4.5485); 274(5.13277); 275(4.66303); 276(1.09234); 277(8.07588); 278(2.22893); 279(4.08287); 280(7.51348); 281(6.78132); 282(5.10876); 283(4.34638); 284(8.22718); 285(0.73988); 286(7.27356); 287(1.43428); 288(0.50548); 289(0.95709); 290(4.63036); 291(1.70355); 292(1.35123); 293(1.62999); 294(8.49891); 295(5.55129); 296(3.78839); 297(7.74294); 298(3.91035); 299(5.72236),1327.8401,1327.8401,4.440936789297658,2.6892889543409413,8.93039,0.04072,0.41247865175036463,2
79,0(2.20002); 1(6.13326); 2(2.2864); 3(0.5947); 4(8.79298); 5(0.88932); 6(8.1862); 7(4.74449); 8(6.4726); 9(0.28344); 10(7.68453); 11(0.16449); 12(3.80916); 13(5.14232); 14(7.86093); 15(6.17868); 16(5.29102); 17(3.60187); 18(1.31465); 19(4.57317); 20(6.24587); 21(2.24728); 22(2.45555); 23(1.58605); 24(8.8085); 25(8.0019); 26(3.63388); 27(5.72505); 28(0.8577); 29(7.75392); 30(7.77693); 31(0.37085); 32(1.12702); 33(0.5338); 34(4.78249); 35(6.22599); 36(5.85743); 37(6.37738); 38(4.55015); 39(8.37952); 40(0.78377); 41(1.70406); 42(8.74701); 43(3.78568); 44(0.86911); 45(2.78412); 46(0.95441); 47(4.38594); 48(5.80044); 49(5.50528); 50(7.14254); 51(8.51937); 52(6.86797); 53(2.353); 54(2.52058); 55(0.12767); 56(6.10546); 57(5.92934); 58(1.28832); 59(8.25133); 60(1.19336); 61(7.04169); 62(7.2316); 63(0.70096); 64(2.67132); 65(6.39399); 66(2.23958); 67(1.77543); 68(3.31841); 69(5.09446); 70(1.33673); 71(2.51893); 72(4.55422); 73(4.97386); 74(6.74044); 75(5.29687); 76(1.61562); 77(0.81812); 78(5.01705); 80(0.42869); 81(3.29814); 82(1.8483); 83(3.01135); 84(7.97007); 85(6.44185); 86(6.41599); 87(5.16539); 88(4.81199); 89(8.32067); 90(7.62621); 91(2.3893); 92(7.24522); 93(0.30681); 94(1.12261); 95(7.86247); 96(0.68372); 97(5.42449); 98(7.31968); 99(5.45456); 100(7.72852); 101(4.49957); 102(2.56413); 103(1.86622); 104(2.74072); 105(8.34998); 106(6.58603); 107(1.46691); 108(7.97055); 109(6.85247); 110(8.15619); 111(2.96029); 112(4.09727); 113(8.6287); 114(2.47232); 115(5.51773); 116(5.22748); 117(3.91013); 118(2.71121); 119(1.99332); 120(3.81137); 121(5.31307); 122(1.15565); 123(1.00414); 124(5.79591); 125(1.65029); 126(6.14323); 127(2.04343); 128(3.9048); 129(4.26183); 130(7.55547); 131(1.42562); 132(3.01552); 133(4.99837); 134(7.42902); 135(4.45457); 136(8.56748); 137(2.30899); 138(3.82261); 139(6.88201); 140(5.97757); 141(8.95187); 142(7.06879); 143(8.91056); 144(8.91748); 145(5.90355); 146(2.21324); 147(0.0609); 148(6.077); 149(8.68379); 150(4.95665); 151(3.08404); 152(5.80081); 153(3.55519); 154(0.44958); 155(7.78762); 156(1.12202); 157(0.73066); 158(3.30666); 159(0.09178); 160(2.16199); 161(8.2007); 162(3.9633); 163(8.08586); 164(8.08907); 165(5.16982); 166(3.57878); 167(2.54338); 168(6.36029); 169(2.71787); 170(7.30259); 171(4.97344); 172(5.93443); 173(0.34365); 174(0.05737); 175(3.35252); 176(3.38945); 177(0.63065); 178(1.75574); 179(7.12683); 180(8.38267); 181(6.35562); 182(3.55649); 183(3.42392); 184(8.90321); 185(0.07042); 186(7.93274); 187(0.02102); 188(3.17953); 189(3.9322); 190(8.73278); 191(2.69005); 192(2.79341); 193(5.03871); 194(3.52546); 195(3.58224); 196(8.79235); 197(3.36508); 198(3.12681); 199(7.58591); 200(4.93541); 201(2.50122); 202(4.63779); 203(1.18342); 204(2.41729); 205(7.61295); 206(5.37439); 207(2.79159); 208(0.03872); 209(8.64229); 210(4.7723); 211(4.87428); 212(4.0389); 213(4.15074); 214(4.31422); 215(0.53463); 216(4.88966); 217(5.07088); 218(1.86219); 219(4.149); 220(7.55912); 221(1.40093); 222(5.55484); 223(2.03645); 224(4.32969); 225(7.72153); 226(7.04611); 227(5.80069); 228(0.86887); 229(6.82791); 230(8.46096); 231(2.15834); 232(1.2528); 233(1.45336); 234(1.62894); 235(6.38491); 236(5.13643); 237(2.03757); 238(4.17436); 239(8.19753); 240(0.05867); 241(6.95103); 242(2.11113); 243(2.99609); 244(3.75467); 245(1.32211); 246(6.75786); 247(3.8535); 248(0.70248); 249(3.04367); 250(3.70564); 251(1.3292); 252(7.19801); 253(4.56185); 254(2.63712); 255(3.28699); 256(4.34108); 257(3.52343); 258(1.59786); 259(3.12485); 260(3.83113); 261(1.2689); 262(7.25318); 263(7.75686); 264(5.42358); 265(2.77247); 266(3.76421); 267(4.94521); 268(2.56992); 269(2.09243); 270(8.85268); 271(6.82807); 272(3.70987); 273(8.10473); 274(6.61781); 275(4.23986); 276(0.44197); 277(8.63881); 278(8.93077); 279(6.41188); 280(6.37838); 281(6.17311); 282(5.79113); 283(8.73248); 284(3.63638); 285(2.86614); 286(5.92813); 287(8.6903); 288(5.82914); 289(7.01238); 290(5.92557); 291(4.31987); 292(6.35746); 293(7.8596); 294(0.4503); 295(0.12889); 296(0.0806); 297(8.25746); 298(0.11176); 299(8.59618),1327.08832,1327.08832,4.438422474916387,2.62778741911354,8.95187,0.02102,0.4135821462858749,1
80,0(8.96169); 1(4.18233); 2(2.44996); 3(6.15284); 4(0.43811); 5(2.43951); 6(8.1404); 7(3.99394); 8(6.97774); 9(4.08297); 10(7.85); 11(3.08583); 12(0.63105); 13(0.88675); 14(5.2418); 15(0.85383); 16(6.18756); 17(5.04266); 18(4.3952); 19(1.99196); 20(1.83292); 21(5.57507); 22(4.89318); 23(7.57757); 24(8.65493); 25(2.50697); 26(6.52275); 27(2.63521); 28(5.5726); 29(5.46656); 30(5.48552); 31(4.02484); 32(5.61263); 33(5.22268); 34(8.1324); 35(3.30808); 36(8.41794); 37(2.75641); 38(7.52283); 39(3.47406); 40(6.4317); 41(4.08238); 42(6.36039); 43(5.76249); 44(5.15564); 45(8.42772); 46(2.22049); 47(7.60491); 48(7.43762); 49(0.29362); 50(1.26411); 51(4.55323); 52(0.85002); 53(3.26973); 54(2.29949); 55(2.70482); 56(6.28622); 57(1.58231); 58(3.68392); 59(4.57035); 60(7.23743); 61(7.0025); 62(2.13865); 63(7.49173); 64(5.04037); 65(1.74432); 66(6.06022); 67(3.13102); 68(5.43605); 69(1.38672); 70(1.35041); 71(6.70399); 72(2.7454); 73(5.1191); 74(0.19863); 75(4.95438); 76(4.93798); 77(1.03738); 78(8.77961); 79(0.42869); 81(0.24853); 82(0.37587); 83(1.4107); 84(1.65475); 85(8.40051); 86(1.30493); 87(7.37513); 88(0.1336); 89(8.87848); 90(8.35535); 91(2.92912); 92(6.8625); 93(2.55055); 94(5.40421); 95(5.16331); 96(4.68531); 97(0.12218); 98(0.65535); 99(6.4734); 100(0.19504); 101(4.70797); 102(4.08417); 103(8.80966); 104(8.97853); 105(5.69182); 106(1.25358); 107(7.53898); 108(6.23953); 109(2.62189); 110(7.40981); 111(4.76819); 112(4.88951); 113(6.44661); 114(0.12931); 115(0.81375); 116(6.80086); 117(5.40352); 118(3.22004); 119(6.83366); 120(7.65776); 121(7.19224); 122(1.51511); 123(4.33289); 124(7.52073); 125(7.91713); 126(8.84195); 127(6.97672); 128(6.82332); 129(1.6997); 130(1.85561); 131(6.84783); 132(6.48172); 133(8.4127); 134(8.76947); 135(0.6463); 136(3.54429); 137(0.7372); 138(7.23538); 139(6.62573); 140(0.46103); 141(6.29163); 142(8.75935); 143(6.53672); 144(0.09366); 145(2.42684); 146(3.02558); 147(7.61474); 148(0.40363); 149(8.08384); 150(4.04051); 151(3.933); 152(4.97233); 153(5.67082); 154(2.67083); 155(3.26853); 156(4.94633); 157(6.27885); 158(2.89853); 159(4.06339); 160(4.3248); 161(0.12956); 162(4.2056); 163(0.2965); 164(1.27366); 165(0.55858); 166(0.20708); 167(1.08907); 168(2.22605); 169(2.29783); 170(8.27139); 171(3.74278); 172(1.43618); 173(7.89308); 174(2.00692); 175(2.24047); 176(2.47461); 177(2.42056); 178(6.82726); 179(4.77181); 180(3.62828); 181(5.26578); 182(0.40287); 183(7.76156); 184(3.70681); 185(6.12001); 186(2.91054); 187(5.68873); 188(6.56015); 189(3.95468); 190(4.93982); 191(7.35455); 192(5.4045); 193(0.90651); 194(7.8135); 195(6.00623); 196(7.06692); 197(1.53057); 198(4.77825); 199(3.41883); 200(3.90732); 201(5.31538); 202(2.12047); 203(6.94669); 204(2.78841); 205(3.33181); 206(1.66823); 207(3.94812); 208(7.28784); 209(8.47931); 210(4.59915); 211(8.79733); 212(7.87708); 213(4.45151); 214(7.75407); 215(2.79705); 216(8.71138); 217(0.64308); 218(8.47616); 219(4.92645); 220(1.47728); 221(7.14526); 222(2.58119); 223(7.3352); 224(5.52971); 225(1.92264); 226(6.8364); 227(5.01066); 228(7.50153); 229(1.0088); 230(2.52107); 231(7.13581); 232(0.71918); 233(5.33934); 234(2.02667); 235(8.64715); 236(6.95606); 237(7.80495); 238(6.47014); 239(0.50564); 240(2.58987); 241(2.661); 242(6.68331); 243(6.28337); 244(4.93615); 245(0.75862); 246(8.1942); 247(0.10746); 248(3.55923); 249(3.19629); 250(7.13349); 251(8.02921); 252(3.51887); 253(2.01505); 254(6.61351); 255(2.11962); 256(1.58401); 257(3.02549); 258(4.41596); 259(3.36802); 260(8.01341); 261(1.31495); 262(5.09095); 263(7.77747); 264(5.25514); 265(4.16193); 266(5.28118); 267(8.00203); 268(2.4162); 269(4.27715); 270(2.75808); 271(2.25095); 272(0.68739); 273(0.06685); 274(8.89383); 275(0.70219); 276(5.87462); 277(4.53337); 278(5.32048); 279(0.88688); 280(7.98318); 281(2.20174); 282(0.54036); 283(7.3109); 284(5.73635); 285(0.09875); 286(2.21453); 287(2.12351); 288(5.4278); 289(6.51966); 290(3.77206); 291(3.28048); 292(2.78046); 293(0.59829); 294(2.45399); 295(3.996); 296(4.90714); 297(5.88317); 298(2.83625); 299(6.06036),1319.13831,1319.13831,4.4118338127090295,2.5955913076855186,8.97853,0.06685,0.4133311775062305,1
81,0(0.68064); 1(1.43442); 2(0.48821); 3(8.61256); 4(6.51082); 5(6.63647); 6(8.14168); 7(5.27151); 8(4.72532); 9(0.25879); 10(8.2667); 11(5.80806); 12(8.08773); 13(5.75804); 14(0.58559); 15(0.95204); 16(7.0826); 17(7.9029); 18(1.35233); 19(1.64384); 20(5.65978); 21(1.33602); 22(4.30854); 23(7.00477); 24(2.86263); 25(5.73887); 26(6.06649); 27(2.06797); 28(0.63918); 29(1.0998); 30(7.40667); 31(4.16509); 32(8.98474); 33(8.70882); 34(0.18423); 35(4.80347); 36(7.24226); 37(2.51417); 38(2.21571); 39(1.51466); 40(1.49211); 41(8.24828); 42(3.66885); 43(2.46519); 44(2.8162); 45(1.42995); 46(6.23464); 47(0.63746); 48(3.98262); 49(7.93753); 50(6.0516); 51(1.97751); 52(3.75685); 53(0.37916); 54(2.1401); 55(7.64576); 56(3.81417); 57(1.00269); 58(0.68655); 59(4.66993); 60(2.67995); 61(0.21477); 62(6.7443); 63(7.00235); 64(6.87994); 65(5.06604); 66(2.39219); 67(1.87484); 68(8.27515); 69(7.96086); 70(3.80497); 71(3.13673); 72(3.84807); 73(2.32088); 74(0.02068); 75(6.4778); 76(6.43128); 77(0.14244); 78(5.83828); 79(3.29814); 80(0.24853); 82(6.27539); 83(4.52804); 84(8.97661); 85(4.6296); 86(1.76248); 87(0.80664); 88(8.8397); 89(4.97955); 90(6.74199); 91(3.60522); 92(0.93468); 93(3.97888); 94(1.23897); 95(4.69337); 96(7.96608); 97(7.19379); 98(1.69437); 99(3.58663); 100(3.0449); 101(4.36741); 102(4.0544); 103(3.20544); 104(6.74431); 105(6.03403); 106(8.65047); 107(6.79876); 108(7.75855); 109(8.75408); 110(2.23976); 111(2.81292); 112(4.55082); 113(2.74002); 114(6.27052); 115(4.00771); 116(3.99307); 117(6.04758); 118(7.29041); 119(4.24864); 120(2.03847); 121(0.86798); 122(1.67736); 123(5.01961); 124(0.43849); 125(0.40674); 126(6.40567); 127(6.72839); 128(8.83718); 129(4.07536); 130(1.04729); 131(5.27979); 132(6.80198); 133(7.52493); 134(4.67051); 135(2.99121); 136(4.45729); 137(3.26581); 138(8.45418); 139(0.76224); 140(2.80684); 141(2.4864); 142(8.68245); 143(2.22385); 144(2.8222); 145(7.75323); 146(1.67476); 147(5.03363); 148(2.95879); 149(1.86319); 150(7.31693); 151(5.11937); 152(3.35876); 153(2.55664); 154(7.5752); 155(0.12084); 156(4.05064); 157(2.06412); 158(0.85808); 159(0.49817); 160(4.47879); 161(5.27976); 162(0.72694); 163(3.47079); 164(3.07316); 165(2.03401); 166(0.26157); 167(2.52583); 168(4.78733); 169(2.05679); 170(2.28035); 171(5.46588); 172(0.70107); 173(4.41072); 174(4.34903); 175(5.43879); 176(8.50878); 177(3.35954); 178(4.24848); 179(4.69872); 180(7.44486); 181(7.74787); 182(0.97148); 183(2.28486); 184(7.99796); 185(2.51292); 186(8.26251); 187(8.75332); 188(1.83735); 189(8.37797); 190(7.03785); 191(7.27507); 192(7.13138); 193(5.87444); 194(3.11743); 195(2.29517); 196(4.9383); 197(1.15593); 198(1.95495); 199(3.01298); 200(4.79321); 201(5.61969); 202(4.8769); 203(0.08706); 204(6.82538); 205(7.51905); 206(0.20965); 207(1.18268); 208(8.82965); 209(2.18674); 210(3.334); 211(2.70802); 212(7.77353); 213(3.45158); 214(8.35657); 215(8.2572); 216(5.17846); 217(6.35981); 218(4.50791); 219(4.68346); 220(8.08599); 221(6.3744); 222(4.46697); 223(6.78833); 224(6.02192); 225(8.16246); 226(0.97834); 227(1.85084); 228(1.72234); 229(7.67048); 230(8.22663); 231(4.21762); 232(6.47582); 233(2.77544); 234(2.47849); 235(3.67968); 236(2.65197); 237(3.51599); 238(7.04134); 239(4.89632); 240(7.40977); 241(0.54056); 242(0.42243); 243(5.81018); 244(1.04071); 245(1.39827); 246(2.36715); 247(6.54888); 248(1.3079); 249(6.31086); 250(3.68844); 251(8.67158); 252(3.06117); 253(2.2134); 254(3.89544); 255(4.44077); 256(4.64221); 257(5.84572); 258(0.5571); 259(7.29394); 260(2.93919); 261(5.2855); 262(2.48991); 263(1.56681); 264(4.34867); 265(0.3858); 266(1.15299); 267(0.90004); 268(4.01431); 269(4.84074); 270(1.72124); 271(8.61575); 272(7.84447); 273(4.37029); 274(3.24131); 275(1.3496); 276(3.49209); 277(3.50143); 278(6.8901); 279(0.8788); 280(6.12826); 281(2.52299); 282(4.98691); 283(2.29401); 284(2.11101); 285(2.2379); 286(3.62421); 287(5.09445); 288(1.33635); 289(0.65609); 290(3.80179); 291(1.42001); 292(1.59719); 293(2.75992); 294(2.19802); 295(8.85492); 296(8.63295); 297(4.9224); 298(0.64508); 299(3.74823),1253.87088,1253.87088,4.193548093645485,2.576087715526979,8.98474,0.02068,0.3999948817300097,1
82,0(8.83329); 1(4.52953); 2(0.91251); 3(2.05156); 4(5.27929); 5(4.99008); 6(0.19543); 7(1.32754); 8(5.70171); 9(6.63466); 10(8.25027); 11(0.16606); 12(2.71025); 13(8.32964); 14(8.8306); 15(6.40616); 16(6.0502); 17(1.25607); 18(8.25063); 19(1.39615); 20(3.61738); 21(4.56063); 22(3.14106); 23(0.08208); 24(6.00939); 25(4.37301); 26(4.83963); 27(4.08211); 28(7.31019); 29(2.76883); 30(7.6162); 31(2.21479); 32(1.45741); 33(8.9404); 34(7.47972); 35(2.73658); 36(3.3531); 37(2.01643); 38(2.96937); 39(3.46797); 40(5.53505); 41(3.82019); 42(1.91526); 43(4.0443); 44(8.40511); 45(7.09711); 46(7.29674); 47(4.94297); 48(1.93081); 49(2.03022); 50(0.10589); 51(0.43227); 52(2.05529); 53(6.37382); 54(2.79294); 55(5.80153); 56(5.67394); 57(4.91868); 58(2.36079); 59(1.48113); 60(1.22226); 61(3.34458); 62(0.95838); 63(0.62929); 64(3.6528); 65(3.49357); 66(7.86801); 67(3.60843); 68(6.37722); 69(4.45027); 70(8.0771); 71(6.37708); 72(2.30271); 73(3.99958); 74(5.1116); 75(5.59273); 76(1.83186); 77(5.65473); 78(4.11026); 79(1.8483); 80(0.37587); 81(6.27539); 83(0.75134); 84(4.97866); 85(8.07472); 86(6.70235); 87(7.85537); 88(7.07585); 89(0.63844); 90(1.50969); 91(5.16003); 92(5.07525); 93(1.61357); 94(2.25846); 95(0.02883); 96(2.45618); 97(0.9269); 98(7.04911); 99(8.96613); 100(0.15005); 101(6.36033); 102(8.7705); 103(8.91613); 104(7.44435); 105(8.11908); 106(7.64299); 107(4.87979); 108(0.83376); 109(8.36498); 110(8.93365); 111(6.59879); 112(3.89248); 113(5.1773); 114(2.61587); 115(4.71292); 116(4.2021); 117(7.10254); 118(2.76021); 119(7.65214); 120(8.98198); 121(7.26476); 122(8.52197); 123(4.61995); 124(7.47838); 125(3.88964); 126(6.57142); 127(1.1464); 128(7.00951); 129(1.2258); 130(5.14119); 131(7.83255); 132(7.01657); 133(8.37901); 134(6.42675); 135(3.85939); 136(2.83695); 137(8.63561); 138(8.37459); 139(7.99064); 140(8.72456); 141(6.84144); 142(0.43597); 143(4.82077); 144(2.51797); 145(5.09088); 146(7.85369); 147(0.37159); 148(7.96283); 149(8.21873); 150(5.28631); 151(3.73516); 152(1.85175); 153(8.86723); 154(7.57629); 155(5.56266); 156(8.56763); 157(7.842); 158(4.62557); 159(5.91942); 160(6.15625); 161(0.49321); 162(8.96526); 163(7.15889); 164(2.93243); 165(8.85095); 166(8.1625); 167(6.79115); 168(6.38883); 169(2.13742); 170(6.61854); 171(3.31234); 172(8.38602); 173(2.43279); 174(7.20612); 175(7.16145); 176(6.69452); 177(8.04478); 178(2.67468); 179(5.34438); 180(3.59026); 181(6.00016); 182(1.16588); 183(6.13984); 184(5.73598); 185(2.23595); 186(5.27561); 187(5.01647); 188(3.75048); 189(1.48371); 190(1.84395); 191(5.86647); 192(3.33953); 193(0.19056); 194(2.96042); 195(7.536); 196(8.07466); 197(4.14894); 198(8.44273); 199(1.24528); 200(6.91974); 201(8.03919); 202(7.44327); 203(5.07241); 204(3.41572); 205(7.45433); 206(4.32631); 207(2.43283); 208(2.8062); 209(3.77137); 210(3.37635); 211(7.67418); 212(0.54805); 213(1.29399); 214(3.51457); 215(7.22262); 216(2.2182); 217(8.85734); 218(7.72569); 219(0.15273); 220(1.73478); 221(1.75286); 222(6.94021); 223(5.14317); 224(1.64242); 225(6.93015); 226(7.03654); 227(5.56561); 228(1.7648); 229(1.34648); 230(5.71549); 231(0.60885); 232(7.10718); 233(0.31341); 234(0.1404); 235(8.03345); 236(6.95741); 237(5.9791); 238(8.24684); 239(8.08369); 240(2.23387); 241(0.70078); 242(0.94585); 243(2.35496); 244(7.10431); 245(1.85264); 246(3.74241); 247(6.62018); 248(4.55013); 249(5.80079); 250(6.77621); 251(5.79356); 252(4.68609); 253(8.82638); 254(3.66035); 255(3.22153); 256(4.7525); 257(7.34846); 258(5.67586); 259(8.42537); 260(7.57206); 261(2.72095); 262(0.98083); 263(8.72181); 264(2.99176); 265(2.6005); 266(0.65711); 267(7.53425); 268(1.57018); 269(4.64514); 270(6.56545); 271(7.81152); 272(0.57746); 273(1.36561); 274(3.99814); 275(7.44556); 276(8.97341); 277(5.24589); 278(5.29433); 279(7.89896); 280(4.79911); 281(0.502); 282(5.49923); 283(1.2679); 284(1.65041); 285(2.82301); 286(0.05958); 287(8.67958); 288(8.37689); 289(5.58085); 290(8.15634); 291(2.42555); 292(7.58052); 293(5.51248); 294(7.88977); 295(6.41513); 296(0.34522); 297(8.02918); 298(4.96497); 299(3.82602),1433.33053,1433.33053,4.793747591973244,2.6928615707523855,8.98198,0.02883,0.44034819290269,1
83,0(5.74557); 1(6.40034); 2(6.69792); 3(5.63329); 4(1.69867); 5(5.84491); 6(5.26229); 7(2.3535); 8(2.34213); 9(2.45181); 10(6.10013); 11(3.72308); 12(8.17331); 13(3.94716); 14(3.48228); 15(5.94986); 16(4.45584); 17(2.41706); 18(6.73167); 19(4.19767); 20(6.25329); 21(8.83821); 22(3.54188); 23(3.88032); 24(4.15997); 25(1.13896); 26(7.03007); 27(6.74046); 28(1.62664); 29(1.92859); 30(1.61985); 31(8.59041); 32(7.62901); 33(6.97133); 34(2.49354); 35(5.38254); 36(6.68136); 37(5.24123); 38(1.12422); 39(5.28022); 40(1.20071); 41(2.28496); 42(8.24007); 43(6.84063); 44(5.69556); 45(2.60586); 46(1.0559); 47(4.53845); 48(3.19705); 49(6.66802); 50(5.00386); 51(1.81407); 52(7.16997); 53(2.30047); 54(4.83066); 55(4.48567); 56(1.80818); 57(2.58878); 58(3.01317); 59(6.31428); 60(5.72209); 61(8.65264); 62(5.66848); 63(7.10163); 64(8.46488); 65(0.12384); 66(1.80466); 67(3.7448); 68(6.24853); 69(0.92813); 70(6.98038); 71(0.157); 72(8.09759); 73(1.25543); 74(7.47914); 75(6.89699); 76(2.09028); 77(2.98965); 78(4.50434); 79(3.01135); 80(1.4107); 81(4.52804); 82(0.75134); 84(0.88386); 85(7.55972); 86(6.73364); 87(8.11114); 88(5.69892); 89(6.39082); 90(5.77981); 91(7.23891); 92(2.89553); 93(8.10529); 94(8.38817); 95(0.66296); 96(4.85102); 97(0.60809); 98(4.20969); 99(5.90734); 100(3.24176); 101(8.45453); 102(2.58577); 103(2.03151); 104(0.54735); 105(0.41227); 106(3.64488); 107(5.92054); 108(0.33097); 109(1.18566); 110(7.30916); 111(3.02574); 112(5.00435); 113(4.94547); 114(7.67768); 115(6.95205); 116(3.44857); 117(6.27792); 118(0.80417); 119(6.88092); 120(4.52138); 121(8.34631); 122(0.04804); 123(1.20396); 124(6.54623); 125(0.96592); 126(4.85554); 127(0.28952); 128(3.78891); 129(6.90114); 130(5.20597); 131(8.85247); 132(3.79685); 133(4.45085); 134(1.68088); 135(7.92703); 136(1.9932); 137(6.17172); 138(3.03149); 139(4.18109); 140(4.43693); 141(8.2272); 142(7.21578); 143(7.10144); 144(2.22999); 145(1.38818); 146(5.58519); 147(1.59037); 148(3.38861); 149(3.13178); 150(0.35051); 151(0.63127); 152(0.92213); 153(5.45867); 154(8.22559); 155(2.96864); 156(8.41675); 157(2.86266); 158(8.73164); 159(8.4466); 160(0.86811); 161(5.71018); 162(6.23794); 163(6.63375); 164(1.39047); 165(8.81401); 166(3.25874); 167(2.59561); 168(6.60215); 169(1.12413); 170(0.88616); 171(6.22147); 172(8.41907); 173(0.52483); 174(0.54285); 175(7.55887); 176(0.4942); 177(1.86704); 178(6.6491); 179(7.38014); 180(5.29954); 181(2.87437); 182(7.47135); 183(1.65663); 184(6.16943); 185(4.9761); 186(5.54859); 187(1.25121); 188(8.57885); 189(3.43255); 190(1.15275); 191(5.9869); 192(5.12901); 193(8.82776); 194(0.01273); 195(2.84082); 196(3.61855); 197(5.81387); 198(0.11044); 199(3.49273); 200(8.85748); 201(0.92293); 202(4.91393); 203(8.53089); 204(0.5564); 205(2.31973); 206(8.01166); 207(7.69559); 208(8.74407); 209(8.61956); 210(8.73231); 211(8.7461); 212(1.56282); 213(1.2381); 214(5.15906); 215(3.39123); 216(4.65572); 217(1.53997); 218(4.40244); 219(3.54682); 220(0.04527); 221(7.63732); 222(1.92394); 223(2.62418); 224(6.75708); 225(8.60589); 226(4.643); 227(4.4494); 228(5.34285); 229(2.91163); 230(6.51205); 231(2.04556); 232(0.95787); 233(1.19351); 234(5.24734); 235(5.92762); 236(2.11817); 237(3.0279); 238(8.53641); 239(0.79591); 240(3.06798); 241(4.50497); 242(5.66745); 243(7.43339); 244(4.72802); 245(5.52916); 246(0.23639); 247(1.90874); 248(6.63349); 249(4.70839); 250(4.95083); 251(6.80699); 252(2.8007); 253(7.58159); 254(0.32622); 255(6.30699); 256(4.10971); 257(0.91662); 258(1.32723); 259(4.10719); 260(2.50638); 261(6.90445); 262(4.1423); 263(7.58711); 264(6.95531); 265(4.52403); 266(1.80539); 267(7.45271); 268(4.50538); 269(2.04154); 270(3.12159); 271(0.79791); 272(4.13652); 273(8.60704); 274(8.95821); 275(7.25259); 276(6.85787); 277(1.04323); 278(3.38327); 279(8.45376); 280(0.53358); 281(6.31269); 282(6.15603); 283(7.63547); 284(2.34876); 285(2.28836); 286(3.75829); 287(2.99873); 288(1.28047); 289(7.29462); 290(7.39242); 291(5.80291); 292(1.5374); 293(0.53802); 294(8.7029); 295(5.42402); 296(8.485); 297(0.21047); 298(5.22093); 299(7.63121),1338.51706,1338.51706,4.476645685618729,2.6361682329070746,8.95821,0.01273,0.4188033687192246,1
84,0(1.37834); 1(1.90131); 2(8.90471); 3(2.00199); 4(5.60157); 5(1.99178); 6(0.24896); 7(6.05711); 8(3.12084); 9(7.17222); 10(7.17314); 11(5.92532); 12(4.8697); 13(5.15272); 14(7.07828); 15(3.43047); 16(8.98757); 17(4.21098); 18(0.98171); 19(8.40222); 20(3.00584); 21(4.58797); 22(2.49888); 23(7.07573); 24(2.07845); 25(0.21142); 26(5.08382); 27(3.71367); 28(8.42237); 29(8.19353); 30(6.8362); 31(0.72232); 32(2.02829); 33(4.71159); 34(4.57888); 35(0.17034); 36(2.76773); 37(6.36456); 38(0.7242); 39(8.33147); 40(2.16985); 41(0.4939); 42(2.76511); 43(7.70628); 44(3.17265); 45(8.15962); 46(5.55993); 47(8.9683); 48(7.74326); 49(5.2043); 50(5.66955); 51(1.56791); 52(7.52036); 53(8.22275); 54(1.88313); 55(8.1617); 56(2.61552); 57(8.7322); 58(5.10955); 59(4.2852); 60(8.96609); 61(6.97353); 62(0.65119); 63(2.79621); 64(1.63977); 65(2.71019); 66(7.28874); 67(1.90261); 68(6.5797); 69(8.20877); 70(2.10469); 71(2.88736); 72(5.81674); 73(8.50421); 74(2.72916); 75(1.03549); 76(6.33407); 77(8.44188); 78(8.93039); 79(7.97007); 80(1.65475); 81(8.97661); 82(4.97866); 83(0.88386); 85(6.89431); 86(7.77502); 87(0.32686); 88(7.09902); 89(0.86928); 90(3.37273); 91(4.99457); 92(5.32949); 93(2.22717); 94(4.27215); 95(5.5166); 96(2.24743); 97(2.39753); 98(7.26918); 99(7.39823); 100(6.92547); 101(1.4696); 102(0.34899); 103(2.91113); 104(8.63239); 105(4.69532); 106(7.66212); 107(5.52459); 108(0.31953); 109(7.9328); 110(1.81782); 111(6.26287); 112(5.45615); 113(7.80395); 114(7.8583); 115(6.2602); 116(3.4245); 117(7.48222); 118(6.59226); 119(6.41396); 120(7.64723); 121(5.17429); 122(3.63822); 123(7.24818); 124(1.73404); 125(5.704); 126(7.91777); 127(8.32054); 128(2.61081); 129(6.96826); 130(5.49766); 131(2.15124); 132(3.57438); 133(2.3014); 134(3.27907); 135(5.62049); 136(6.15106); 137(6.28496); 138(8.69047); 139(2.14306); 140(5.76622); 141(3.64857); 142(3.19244); 143(4.75034); 144(2.66028); 145(1.30148); 146(5.84344); 147(8.08905); 148(3.46243); 149(7.92347); 150(5.64989); 151(6.66265); 152(1.4191); 153(1.04); 154(0.31906); 155(0.36311); 156(1.91541); 157(2.76042); 158(2.51576); 159(7.75752); 160(3.28603); 161(5.94754); 162(3.50998); 163(7.20217); 164(8.19634); 165(6.24815); 166(3.25519); 167(2.79954); 168(8.22919); 169(3.90612); 170(4.13743); 171(0.55166); 172(7.81815); 173(3.86028); 174(5.33114); 175(7.66265); 176(0.73002); 177(4.85401); 178(4.09273); 179(7.15308); 180(7.67321); 181(7.26254); 182(1.1557); 183(3.8232); 184(4.08498); 185(7.92279); 186(3.05935); 187(6.43403); 188(8.8534); 189(0.55809); 190(8.08203); 191(7.62259); 192(4.96138); 193(6.0843); 194(8.92341); 195(0.53627); 196(0.75407); 197(2.95855); 198(1.34684); 199(7.8859); 200(4.14325); 201(8.68056); 202(3.97497); 203(7.25852); 204(2.38283); 205(1.52583); 206(4.24866); 207(0.96254); 208(1.18758); 209(1.22084); 210(8.96661); 211(2.60768); 212(7.93506); 213(2.79054); 214(6.05784); 215(2.22231); 216(6.24679); 217(3.73726); 218(8.04424); 219(8.71985); 220(2.49457); 221(0.81012); 222(0.47842); 223(0.53463); 224(8.80691); 225(7.76409); 226(0.41105); 227(3.6453); 228(1.55321); 229(3.27751); 230(2.21072); 231(6.67467); 232(3.78938); 233(1.7722); 234(3.85927); 235(8.39564); 236(5.93426); 237(8.05234); 238(0.40828); 239(4.11806); 240(4.76164); 241(2.33002); 242(4.98685); 243(6.43828); 244(7.49803); 245(2.43581); 246(5.07019); 247(6.01944); 248(8.96472); 249(2.38687); 250(7.33135); 251(8.319); 252(2.28833); 253(3.14869); 254(3.21338); 255(7.13554); 256(8.15171); 257(3.60676); 258(3.37738); 259(3.44405); 260(8.63731); 261(2.22884); 262(1.33783); 263(4.22308); 264(1.14181); 265(6.1793); 266(4.85453); 267(3.7096); 268(1.90302); 269(6.18359); 270(6.73368); 271(2.86614); 272(2.6007); 273(2.63106); 274(6.52126); 275(4.48236); 276(8.78653); 277(0.27685); 278(7.14866); 279(6.7719); 280(0.1685); 281(7.92432); 282(1.4266); 283(4.26822); 284(8.45208); 285(4.81516); 286(5.71139); 287(4.52158); 288(0.64828); 289(2.30573); 290(2.19461); 291(0.1865); 292(6.51862); 293(1.63167); 294(0.92052); 295(7.489); 296(2.59125); 297(7.17953); 298(2.49547); 299(2.25905),1385.34811,1385.34811,4.633271270903011,2.6700010583507963,8.98757,0.1685,0.4328589421435494,1
85,0(2.3179); 1(2.21444); 2(5.40717); 3(7.49976); 4(0.20895); 5(2.82333); 6(4.34374); 7(5.35299); 8(4.04076); 9(8.60244); 10(8.39346); 11(0.99867); 12(8.44279); 13(6.8721); 14(6.20591); 15(0.9312); 16(3.32578); 17(1.9954); 18(1.64942); 19(2.36315); 20(1.62949); 21(0.799); 22(8.08066); 23(3.29103); 24(3.57197); 25(4.87466); 26(2.85632); 27(5.91323); 28(5.38691); 29(3.54924); 30(4.70173); 31(5.27919); 32(4.38066); 33(6.08347); 34(0.45474); 35(6.02079); 36(8.89207); 37(3.9832); 38(3.41645); 39(3.11877); 40(7.47449); 41(6.48466); 42(1.8629); 43(5.68475); 44(1.84594); 45(1.24956); 46(6.1389); 47(8.10642); 48(3.19879); 49(8.21295); 50(1.3516); 51(3.43771); 52(7.06594); 53(5.54239); 54(7.8817); 55(5.03418); 56(7.8119); 57(4.11597); 58(1.85232); 59(5.31642); 60(7.03076); 61(3.03483); 62(1.02615); 63(8.44174); 64(6.59784); 65(4.3469); 66(3.2855); 67(2.67603); 68(1.66112); 69(1.84496); 70(4.42315); 71(8.46778); 72(6.61161); 73(3.63918); 74(0.99001); 75(4.09705); 76(2.89632); 77(3.13132); 78(2.74207); 79(6.44185); 80(8.40051); 81(4.6296); 82(8.07472); 83(7.55972); 84(6.89431); 86(7.58211); 87(2.37134); 88(2.21236); 89(1.82313); 90(8.88778); 91(7.89115); 92(1.21); 93(1.83207); 94(6.45284); 95(6.3675); 96(2.67425); 97(7.85258); 98(5.14218); 99(3.49163); 100(7.89363); 101(8.65962); 102(0.36434); 103(4.82366); 104(6.21632); 105(5.03419); 106(7.38498); 107(8.12625); 108(4.42106); 109(1.17683); 110(6.67583); 111(6.22425); 112(1.37561); 113(8.94509); 114(6.18989); 115(3.04564); 116(3.17738); 117(7.06407); 118(6.33165); 119(0.47898); 120(4.53806); 121(2.66602); 122(5.88204); 123(4.12585); 124(8.2341); 125(3.04744); 126(8.4219); 127(8.14894); 128(6.42392); 129(1.44207); 130(7.42718); 131(0.59); 132(7.64718); 133(0.70189); 134(0.57858); 135(5.19763); 136(1.27769); 137(7.79942); 138(7.94694); 139(8.0727); 140(7.33626); 141(2.14485); 142(5.64561); 143(3.23291); 144(1.14493); 145(2.47579); 146(3.05514); 147(5.44376); 148(6.20042); 149(6.41296); 150(6.35705); 151(0.87086); 152(4.33168); 153(0.96127); 154(8.42532); 155(1.15641); 156(8.2224); 157(3.26121); 158(1.86191); 159(6.09388); 160(3.96842); 161(7.60964); 162(3.92436); 163(1.15141); 164(7.60032); 165(7.47116); 166(0.63616); 167(0.3919); 168(5.6767); 169(5.44762); 170(7.30123); 171(8.37553); 172(2.03204); 173(8.60206); 174(4.23924); 175(4.93787); 176(5.85693); 177(3.64511); 178(1.87589); 179(6.29112); 180(2.92617); 181(1.01903); 182(7.97895); 183(6.86601); 184(0.09023); 185(1.20351); 186(3.85873); 187(3.64215); 188(6.29693); 189(5.46128); 190(7.94589); 191(6.00946); 192(6.84556); 193(6.89727); 194(7.23994); 195(5.26048); 196(7.08769); 197(3.58466); 198(5.88563); 199(1.97893); 200(1.45768); 201(6.08577); 202(4.81661); 203(5.84225); 204(0.38054); 205(4.99996); 206(7.04996); 207(5.47623); 208(0.71254); 209(5.65128); 210(1.94817); 211(8.52705); 212(8.37968); 213(5.96745); 214(5.78323); 215(1.47001); 216(4.45684); 217(8.32467); 218(5.25609); 219(3.53089); 220(4.77171); 221(1.54246); 222(3.44844); 223(2.78855); 224(2.01136); 225(4.00385); 226(8.15693); 227(1.64709); 228(0.6173); 229(8.46792); 230(6.22696); 231(5.52223); 232(5.65713); 233(5.36159); 234(5.52641); 235(8.44718); 236(3.95914); 237(6.57694); 238(2.84512); 239(1.33779); 240(5.89089); 241(6.73964); 242(7.64538); 243(4.94385); 244(7.41069); 245(6.606); 246(8.45489); 247(7.61237); 248(6.15233); 249(0.71143); 250(3.94749); 251(4.9487); 252(4.28514); 253(1.52978); 254(5.87804); 255(7.41381); 256(7.85666); 257(7.59899); 258(7.0138); 259(0.66165); 260(3.80836); 261(4.06841); 262(4.63471); 263(4.72443); 264(4.09455); 265(4.35458); 266(4.30753); 267(3.66978); 268(5.88727); 269(2.6589); 270(8.7279); 271(7.21264); 272(1.71849); 273(5.251); 274(4.19953); 275(2.27419); 276(3.28133); 277(5.16952); 278(2.66782); 279(2.72883); 280(4.32831); 281(4.577); 282(5.74095); 283(8.50102); 284(2.7426); 285(2.93271); 286(0.13712); 287(4.47951); 288(2.8415); 289(8.6426); 290(7.6043); 291(8.56079); 292(6.11607); 293(4.07202); 294(2.52281); 295(3.80287); 296(7.97062); 297(8.72323); 298(3.93937); 299(8.93495),1429.14968,1429.14968,4.779764816053512,2.4786073260207155,8.94509,0.09023,0.4511943415572673,2
86,0(1.67241); 1(5.51594); 2(6.15724); 3(3.50836); 4(7.95893); 5(4.52791); 6(2.13031); 7(0.40336); 8(0.39195); 9(5.09427); 10(8.25292); 11(5.64499); 12(7.15473); 13(6.27819); 14(2.03283); 15(2.49599); 16(7.69167); 17(2.52518); 18(1.86972); 19(8.47601); 20(5.3053); 21(5.27336); 22(2.77073); 23(8.62516); 24(6.95134); 25(5.54693); 26(7.24405); 27(8.30246); 28(2.80532); 29(6.40611); 30(5.22845); 31(2.93801); 32(5.86561); 33(1.69926); 34(1.28629); 35(7.26383); 36(3.6268); 37(4.62326); 38(2.73331); 39(1.77473); 40(8.0455); 41(1.19064); 42(1.38227); 43(5.53984); 44(3.53052); 45(7.9372); 46(5.75399); 47(8.60836); 48(8.27899); 49(2.72373); 50(1.13401); 51(8.3706); 52(5.93845); 53(3.08806); 54(4.8501); 55(0.72249); 56(0.89025); 57(1.4598); 58(2.33971); 59(8.06789); 60(2.28755); 61(0.23924); 62(4.34368); 63(6.98517); 64(5.04127); 65(1.08393); 66(8.4365); 67(2.99321); 68(3.99581); 69(7.56223); 70(8.96729); 71(4.96879); 72(4.9404); 73(1.72304); 74(0.27051); 75(4.78767); 76(5.00572); 77(0.14852); 78(6.76626); 79(6.41599); 80(1.30493); 81(1.76248); 82(6.70235); 83(6.73364); 84(7.77502); 85(7.58211); 87(6.18664); 88(4.47154); 89(6.46693); 90(4.51781); 91(1.98076); 92(0.78572); 93(3.65684); 94(8.81128); 95(7.63626); 96(7.37929); 97(3.3374); 98(5.41709); 99(4.61603); 100(6.73049); 101(6.29662); 102(2.59247); 103(2.77914); 104(1.0525); 105(3.78708); 106(2.96339); 107(8.17887); 108(2.50583); 109(7.05621); 110(6.20094); 111(1.93118); 112(8.26687); 113(4.94283); 114(3.76722); 115(3.87501); 116(0.10941); 117(8.32933); 118(3.5836); 119(3.447); 120(4.16928); 121(5.24242); 122(8.15865); 123(1.87586); 124(8.67446); 125(3.61086); 126(2.90299); 127(4.77869); 128(7.06477); 129(2.00588); 130(7.07201); 131(2.5125); 132(7.51418); 133(4.76931); 134(3.96283); 135(6.33221); 136(1.81517); 137(1.08785); 138(2.14711); 139(2.93392); 140(1.68223); 141(6.40384); 142(4.79286); 143(1.05846); 144(8.81139); 145(1.35243); 146(1.59488); 147(5.07884); 148(0.96271); 149(5.15594); 150(1.2432); 151(1.37115); 152(8.85962); 153(3.35989); 154(4.15284); 155(5.72906); 156(5.86655); 157(4.81109); 158(4.12316); 159(8.28823); 160(5.13358); 161(8.50892); 162(1.73897); 163(8.30971); 164(3.36031); 165(7.75502); 166(2.37044); 167(8.61357); 168(5.26129); 169(8.17452); 170(0.53164); 171(0.21247); 172(8.46115); 173(6.12402); 174(4.18195); 175(4.45852); 176(4.95394); 177(3.9488); 178(5.85998); 179(0.03693); 180(4.56762); 181(8.29521); 182(5.90781); 183(0.95712); 184(1.4985); 185(6.08517); 186(7.42631); 187(1.97327); 188(2.41852); 189(6.96841); 190(2.53919); 191(5.42888); 192(0.56865); 193(5.44436); 194(3.05867); 195(1.80249); 196(7.29344); 197(6.07615); 198(0.18958); 199(4.5221); 200(5.90963); 201(2.99218); 202(3.39628); 203(5.09668); 204(2.59607); 205(5.30371); 206(4.93447); 207(5.1439); 208(6.72645); 209(2.87068); 210(1.49646); 211(6.56063); 212(5.82208); 213(2.80499); 214(3.07554); 215(8.92823); 216(6.01006); 217(6.85353); 218(6.63535); 219(8.28113); 220(7.11136); 221(3.54623); 222(1.24926); 223(6.85223); 224(1.55394); 225(1.94405); 226(0.02223); 227(0.60375); 228(3.93055); 229(7.50485); 230(8.94848); 231(0.40434); 232(1.23681); 233(2.4615); 234(2.1014); 235(3.05059); 236(0.07228); 237(7.68226); 238(1.68532); 239(1.18192); 240(3.55272); 241(2.8978); 242(4.68644); 243(6.62039); 244(2.48117); 245(1.63893); 246(6.16463); 247(3.37044); 248(0.69586); 249(3.58726); 250(5.90882); 251(1.14778); 252(0.15028); 253(0.55867); 254(5.84247); 255(8.96944); 256(7.76488); 257(1.99105); 258(1.81602); 259(7.36169); 260(3.43225); 261(3.35055); 262(4.72704); 263(2.15179); 264(8.11424); 265(5.74702); 266(5.83955); 267(3.2719); 268(0.57502); 269(8.6211); 270(7.12601); 271(8.29771); 272(4.55083); 273(4.29643); 274(3.59139); 275(3.19417); 276(5.31557); 277(3.58397); 278(8.29688); 279(8.28642); 280(0.91074); 281(3.2667); 282(6.57936); 283(8.11033); 284(4.46062); 285(6.11378); 286(0.03614); 287(4.77494); 288(7.53943); 289(3.76464); 290(2.30645); 291(2.13425); 292(8.67117); 293(6.5105); 294(5.98454); 295(2.88244); 296(4.15786); 297(8.72398); 298(3.2623); 299(5.84574),1342.9289,1342.9289,4.491401003344481,2.553519632106931,8.96944,0.02223,0.4237342770484685,1
87,0(5.77217); 1(8.98045); 2(3.56665); 3(7.57833); 4(3.21508); 5(0.69624); 6(5.8626); 7(1.70142); 8(8.24525); 9(2.59125); 10(2.77153); 11(1.7439); 12(6.5665); 13(0.61676); 14(1.85389); 15(2.49928); 16(7.86307); 17(3.52321); 18(2.43484); 19(6.22884); 20(4.16577); 21(3.23075); 22(1.49507); 23(0.70939); 24(6.58503); 25(3.27101); 26(7.40237); 27(1.83907); 28(6.68633); 29(0.53968); 30(8.5303); 31(0.83801); 32(3.46845); 33(2.51898); 34(2.93552); 35(0.27499); 36(2.02048); 37(3.33006); 38(4.21158); 39(0.14835); 40(2.63592); 41(3.6599); 42(7.01548); 43(8.4065); 44(0.35905); 45(3.1511); 46(7.60456); 47(1.84113); 48(2.53985); 49(3.13506); 50(4.71524); 51(6.66844); 52(2.30964); 53(4.10634); 54(6.3712); 55(0.34448); 56(0.75541); 57(0.2806); 58(2.74203); 59(4.11323); 60(6.79286); 61(5.64404); 62(1.84421); 63(1.61832); 64(5.4068); 65(1.22864); 66(6.30056); 67(6.35597); 68(0.87126); 69(5.12843); 70(5.3618); 71(6.69764); 72(5.84459); 73(5.42539); 74(3.6336); 75(5.85961); 76(8.35664); 77(3.15512); 78(8.8098); 79(5.16539); 80(7.37513); 81(0.80664); 82(7.85537); 83(8.11114); 84(0.32686); 85(2.37134); 86(6.18664); 88(4.52098); 89(6.83626); 90(7.98798); 91(6.78011); 92(3.84178); 93(6.43163); 94(7.42538); 95(4.84152); 96(4.05645); 97(6.84022); 98(0.34792); 99(2.91512); 100(0.4986); 101(4.75919); 102(8.09423); 103(1.09554); 104(1.76129); 105(0.65922); 106(6.25279); 107(4.16976); 108(5.30548); 109(3.89143); 110(0.77237); 111(4.64379); 112(4.38687); 113(1.16986); 114(8.24797); 115(7.34584); 116(7.75075); 117(1.08885); 118(7.2511); 119(6.06445); 120(7.23353); 121(2.52163); 122(3.16187); 123(1.16342); 124(7.04169); 125(8.88311); 126(8.09104); 127(1.64411); 128(5.09831); 129(1.49852); 130(6.12775); 131(3.80011); 132(7.57768); 133(2.44595); 134(0.43545); 135(3.82317); 136(7.23763); 137(7.35393); 138(6.00883); 139(3.29245); 140(7.76359); 141(5.6461); 142(1.3332); 143(1.63313); 144(7.42213); 145(5.62459); 146(6.04195); 147(6.27397); 148(6.11282); 149(0.46854); 150(4.20988); 151(2.67079); 152(4.43476); 153(6.89342); 154(3.94839); 155(1.33632); 156(3.13622); 157(6.41848); 158(8.59216); 159(6.50105); 160(5.74767); 161(8.0031); 162(0.73111); 163(2.02697); 164(0.93929); 165(8.56883); 166(4.25532); 167(6.43513); 168(2.85948); 169(1.96677); 170(4.82233); 171(8.23949); 172(4.69749); 173(3.82154); 174(1.96196); 175(6.21059); 176(2.17952); 177(3.24612); 178(1.80169); 179(3.02844); 180(8.39731); 181(4.64636); 182(8.00665); 183(6.95892); 184(2.09862); 185(1.74802); 186(4.14652); 187(6.91871); 188(7.80703); 189(1.60705); 190(6.16758); 191(8.92296); 192(5.74816); 193(0.79937); 194(4.77589); 195(2.47129); 196(0.15742); 197(3.2); 198(0.4147); 199(1.47358); 200(0.9759); 201(0.66964); 202(1.15658); 203(1.99687); 204(3.95366); 205(7.68521); 206(3.70097); 207(6.32499); 208(2.44694); 209(1.91774); 210(3.78659); 211(7.34639); 212(7.3906); 213(3.42072); 214(8.96963); 215(1.63039); 216(1.44802); 217(3.2328); 218(5.36797); 219(4.15207); 220(4.78832); 221(6.94648); 222(1.41585); 223(3.87179); 224(8.58371); 225(0.85938); 226(6.95391); 227(6.28605); 228(1.021); 229(4.68777); 230(1.64269); 231(8.72818); 232(8.85479); 233(6.59163); 234(1.58847); 235(1.54229); 236(7.77954); 237(0.54432); 238(1.6725); 239(0.58896); 240(5.72555); 241(8.50339); 242(3.73749); 243(4.77898); 244(5.17812); 245(5.63983); 246(2.14292); 247(2.49136); 248(8.27942); 249(2.20502); 250(8.29549); 251(2.1417); 252(3.44738); 253(8.65663); 254(2.48492); 255(0.56148); 256(6.935); 257(0.76638); 258(0.52756); 259(1.44366); 260(5.2327); 261(1.38554); 262(3.19283); 263(1.71528); 264(8.5273); 265(0.33869); 266(3.07574); 267(0.64416); 268(8.41831); 269(2.32615); 270(2.83644); 271(5.5264); 272(1.21118); 273(5.54141); 274(3.13861); 275(7.8074); 276(7.67217); 277(6.64749); 278(0.61594); 279(6.83); 280(2.45991); 281(6.49519); 282(6.07253); 283(1.08649); 284(6.6548); 285(1.63419); 286(3.2718); 287(5.99649); 288(6.88106); 289(3.05827); 290(3.46643); 291(3.35259); 292(8.60631); 293(7.3232); 294(1.17525); 295(5.24537); 296(2.72969); 297(2.28578); 298(0.40797); 299(7.19296),1275.29039,1275.29039,4.2651852508361205,2.608847591164844,8.98045,0.14835,0.40619714679760716,1
88,0(7.38455); 1(2.51757); 2(5.04493); 3(6.76982); 4(2.15905); 5(4.40449); 6(7.37727); 7(4.26562); 8(7.06061); 9(7.16221); 10(8.89539); 11(3.84905); 12(6.89981); 13(1.89401); 14(0.93183); 15(0.07037); 16(2.51679); 17(7.30993); 18(0.36733); 19(5.78917); 20(5.67117); 21(0.13487); 22(4.10908); 23(2.33759); 24(6.99287); 25(8.93202); 26(1.89869); 27(7.53177); 28(5.26515); 29(1.16933); 30(1.63653); 31(7.49953); 32(4.22084); 33(4.79293); 34(8.9738); 35(3.66913); 36(1.64617); 37(6.38402); 38(8.85891); 39(3.92654); 40(4.78053); 41(4.86123); 42(3.41789); 43(2.98783); 44(5.12984); 45(5.64599); 46(1.47484); 47(7.04807); 48(8.66812); 49(2.42236); 50(1.46147); 51(8.88109); 52(2.21219); 53(5.29896); 54(3.75617); 55(3.22628); 56(7.5484); 57(2.02681); 58(8.2852); 59(2.79807); 60(6.51102); 61(2.61643); 62(1.71946); 63(6.82234); 64(7.28948); 65(3.60653); 66(1.84094); 67(2.74769); 68(5.17627); 69(1.02657); 70(6.29433); 71(0.40095); 72(7.08375); 73(0.24708); 74(6.67684); 75(1.29398); 76(8.58282); 77(5.98731); 78(1.15922); 79(4.81199); 80(0.1336); 81(8.8397); 82(7.07585); 83(5.69892); 84(7.09902); 85(2.21236); 86(4.47154); 87(4.52098); 89(8.02276); 90(2.51423); 91(0.0545); 92(8.08049); 93(8.21266); 94(6.80395); 95(2.33326); 96(3.61148); 97(7.57998); 98(6.36702); 99(6.5595); 100(3.92529); 101(8.01753); 102(8.7559); 103(1.953); 104(1.77517); 105(2.09069); 106(0.20921); 107(5.52168); 108(6.29271); 109(7.00488); 110(2.2557); 111(0.11275); 112(7.21842); 113(2.98983); 114(1.73316); 115(7.94386); 116(2.87468); 117(5.84448); 118(8.62978); 119(2.77809); 120(0.58427); 121(2.4146); 122(2.70321); 123(5.75389); 124(5.57102); 125(0.63217); 126(8.72753); 127(3.0394); 128(4.79706); 129(6.44562); 130(5.65594); 131(2.84806); 132(2.46235); 133(1.31904); 134(8.56926); 135(2.09212); 136(0.87709); 137(7.2545); 138(7.69307); 139(0.66929); 140(4.75401); 141(7.5472); 142(6.86376); 143(4.21438); 144(3.96961); 145(1.19521); 146(7.30191); 147(5.37985); 148(0.69879); 149(0.87412); 150(8.06838); 151(8.23888); 152(8.62765); 153(5.67972); 154(0.58295); 155(3.93885); 156(7.83092); 157(7.61786); 158(6.42858); 159(6.29146); 160(8.38402); 161(1.49885); 162(8.08181); 163(0.43735); 164(2.31738); 165(6.80199); 166(4.57109); 167(2.15227); 168(8.17826); 169(0.35843); 170(7.60935); 171(6.26741); 172(5.58284); 173(4.14526); 174(1.84516); 175(6.41238); 176(1.14984); 177(5.72858); 178(2.9651); 179(7.14694); 180(4.36675); 181(8.50609); 182(0.87646); 183(0.32069); 184(4.66772); 185(7.67633); 186(0.26561); 187(1.19039); 188(1.04981); 189(5.93204); 190(1.8632); 191(6.337); 192(5.88943); 193(1.0577); 194(2.48524); 195(4.42822); 196(2.37625); 197(1.69523); 198(4.26123); 199(3.41216); 200(0.66694); 201(2.0638); 202(2.58296); 203(8.15565); 204(5.80889); 205(2.88395); 206(5.52226); 207(0.83487); 208(8.6861); 209(4.98306); 210(6.65916); 211(7.482); 212(3.44141); 213(6.38232); 214(8.61876); 215(0.79387); 216(4.07041); 217(0.69691); 218(2.63934); 219(6.83907); 220(8.52884); 221(4.0965); 222(6.74787); 223(1.63128); 224(4.76368); 225(6.76051); 226(0.35764); 227(0.59077); 228(2.31708); 229(0.168); 230(1.27276); 231(1.41083); 232(8.12928); 233(6.09556); 234(0.01908); 235(1.48508); 236(3.04568); 237(6.6349); 238(6.59332); 239(4.10612); 240(8.76808); 241(2.99982); 242(4.59009); 243(8.17621); 244(5.54638); 245(6.88028); 246(1.30279); 247(8.37414); 248(6.80211); 249(6.20669); 250(2.77019); 251(4.57699); 252(4.64154); 253(8.78122); 254(4.8974); 255(6.04265); 256(6.61989); 257(3.45971); 258(8.79893); 259(3.39133); 260(0.80127); 261(2.377); 262(0.82713); 263(1.77795); 264(1.85689); 265(2.94189); 266(5.3358); 267(4.05247); 268(7.72072); 269(4.09687); 270(2.38009); 271(8.49929); 272(5.80532); 273(6.09428); 274(1.04376); 275(7.80813); 276(4.51907); 277(2.86181); 278(2.1008); 279(3.88207); 280(1.64008); 281(6.70254); 282(6.00249); 283(8.35832); 284(1.91895); 285(3.70945); 286(1.79126); 287(2.61619); 288(4.61498); 289(5.97433); 290(7.49229); 291(5.21999); 292(5.56342); 293(2.21507); 294(3.17889); 295(2.47512); 296(1.40101); 297(5.98734); 298(6.08639); 299(4.47411),1339.16891,1339.16891,4.478825785953178,2.6359476649233797,8.9738,0.01908,0.41918741903394985,1
89,0(3.61454); 1(4.28533); 2(8.68583); 3(3.42258); 4(4.56779); 5(7.95836); 6(2.71548); 7(8.90382); 8(4.57021); 9(0.56675); 10(3.63595); 11(4.77966); 12(5.11971); 13(0.38379); 14(1.45609); 15(5.16085); 16(3.19703); 17(3.55141); 18(0.65632); 19(1.83605); 20(2.11501); 21(6.89689); 22(4.36252); 23(7.00442); 24(0.47914); 25(2.60852); 26(5.37168); 27(2.31112); 28(0.21025); 29(6.52926); 30(3.33927); 31(5.66657); 32(2.62053); 33(6.0964); 34(7.38001); 35(2.57189); 36(6.63555); 37(4.89746); 38(2.64824); 39(2.31845); 40(8.26627); 41(7.08593); 42(2.0067); 43(2.56867); 44(6.72072); 45(7.20104); 46(0.39653); 47(3.8391); 48(2.3846); 49(0.36779); 50(1.94179); 51(6.51551); 52(5.28122); 53(1.60539); 54(3.12415); 55(8.52305); 56(7.15031); 57(3.46743); 58(2.00966); 59(4.87609); 60(4.23941); 61(5.86945); 62(4.55059); 63(5.85097); 64(3.23808); 65(5.00249); 66(5.92028); 67(2.47751); 68(5.79054); 69(1.64643); 70(0.61661); 71(7.28486); 72(6.8713); 73(4.71308); 74(2.28019); 75(8.03711); 76(3.11446); 77(1.84252); 78(5.37163); 79(8.32067); 80(8.87848); 81(4.97955); 82(0.63844); 83(6.39082); 84(0.86928); 85(1.82313); 86(6.46693); 87(6.83626); 88(8.02276); 90(8.20243); 91(6.77058); 92(1.13401); 93(7.36559); 94(8.87373); 95(8.90645); 96(8.01811); 97(4.97493); 98(1.48038); 99(7.96767); 100(7.01164); 101(1.07915); 102(2.25908); 103(3.68663); 104(8.99139); 105(6.0482); 106(0.65728); 107(5.14427); 108(2.91225); 109(8.58805); 110(4.59091); 111(1.95299); 112(0.00496); 113(6.4766); 114(7.09111); 115(7.90266); 116(0.37285); 117(0.39609); 118(8.74358); 119(7.56354); 120(6.71746); 121(4.40356); 122(4.11353); 123(7.34292); 124(8.94126); 125(7.14974); 126(5.58696); 127(5.93959); 128(0.74908); 129(8.93806); 130(0.51515); 131(1.88498); 132(6.38784); 133(0.815); 134(4.29207); 135(6.48078); 136(0.47819); 137(6.73704); 138(5.41275); 139(2.36723); 140(6.0573); 141(3.49645); 142(2.37909); 143(1.17913); 144(6.74851); 145(4.02378); 146(2.19248); 147(8.91535); 148(6.17969); 149(5.41467); 150(1.54506); 151(4.08861); 152(3.34647); 153(3.96184); 154(7.78188); 155(3.0779); 156(8.81922); 157(2.9677); 158(7.98251); 159(4.57245); 160(7.64035); 161(7.72517); 162(5.66148); 163(8.45732); 164(8.19528); 165(6.51896); 166(7.07042); 167(8.11665); 168(3.46637); 169(2.08615); 170(3.11419); 171(4.46375); 172(2.78323); 173(1.93121); 174(1.30593); 175(1.59423); 176(3.8641); 177(2.70315); 178(0.4315); 179(1.63811); 180(6.71297); 181(1.5898); 182(4.87823); 183(0.88745); 184(8.87135); 185(1.47608); 186(7.03829); 187(6.55809); 188(5.52258); 189(8.29806); 190(0.07361); 191(4.46218); 192(5.0099); 193(0.85829); 194(2.3769); 195(1.59191); 196(1.05152); 197(4.55025); 198(4.42428); 199(2.96516); 200(8.51164); 201(1.38767); 202(5.33745); 203(7.6052); 204(8.78166); 205(1.43398); 206(8.18334); 207(1.66127); 208(3.78475); 209(4.60455); 210(5.36377); 211(0.27446); 212(8.05821); 213(8.41126); 214(0.41611); 215(0.1924); 216(1.20571); 217(4.86189); 218(5.66381); 219(7.50227); 220(8.69253); 221(4.78747); 222(5.6766); 223(2.48374); 224(5.45709); 225(6.5047); 226(4.61598); 227(0.72879); 228(8.62724); 229(7.9933); 230(2.88525); 231(6.52072); 232(2.32309); 233(5.61242); 234(2.21566); 235(8.87316); 236(1.11673); 237(5.5378); 238(3.4953); 239(2.60166); 240(2.0114); 241(1.39211); 242(2.39521); 243(0.83929); 244(3.06243); 245(6.1439); 246(4.00112); 247(5.92366); 248(1.74484); 249(6.57492); 250(6.89086); 251(6.70021); 252(4.66303); 253(0.68944); 254(8.42614); 255(3.23228); 256(2.72651); 257(1.41539); 258(7.25191); 259(4.13775); 260(3.92719); 261(0.64215); 262(8.6026); 263(8.72837); 264(0.21393); 265(8.58522); 266(4.7129); 267(0.68246); 268(1.09401); 269(7.39045); 270(1.21971); 271(0.94609); 272(2.6453); 273(7.14949); 274(4.33495); 275(5.84244); 276(5.08843); 277(4.57557); 278(0.75395); 279(2.52057); 280(3.09447); 281(3.80861); 282(7.8718); 283(0.68001); 284(0.08202); 285(6.95707); 286(6.23558); 287(7.05283); 288(6.82199); 289(3.76625); 290(7.63636); 291(7.82224); 292(7.54101); 293(8.15997); 294(1.79089); 295(4.72457); 296(4.71336); 297(4.79106); 298(7.88953); 299(7.67541),1356.50519,1356.50519,4.536806655518395,2.6573342338435166,8.99139,0.00496,0.4231402167867755,1
90,0(3.07248); 1(4.76327); 2(4.41306); 3(7.89142); 4(1.44001); 5(1.38694); 6(2.04768); 7(0.91831); 8(5.37429); 9(8.75613); 10(5.36538); 11(6.75039); 12(0.96291); 13(6.65365); 14(7.47821); 15(7.92155); 16(8.59824); 17(3.71741); 18(1.76364); 19(7.53254); 20(7.20704); 21(1.36616); 22(7.07327); 23(6.53492); 24(7.10525); 25(6.60675); 26(4.30347); 27(0.54283); 28(5.96245); 29(5.69166); 30(1.36682); 31(7.97149); 32(0.57678); 33(3.32501); 34(1.65508); 35(8.73476); 36(6.32867); 37(7.72334); 38(3.49644); 39(5.47452); 40(4.32594); 41(2.00817); 42(3.62816); 43(4.3279); 44(0.95621); 45(4.65501); 46(7.90918); 47(1.65903); 48(3.65422); 49(1.70836); 50(3.57626); 51(8.72915); 52(4.07109); 53(7.01797); 54(3.90959); 55(1.92988); 56(4.1664); 57(4.08062); 58(1.4768); 59(2.16203); 60(4.08141); 61(3.98954); 62(1.31922); 63(3.59715); 64(6.92813); 65(2.52346); 66(6.80994); 67(1.55164); 68(3.69206); 69(1.06987); 70(6.81759); 71(8.71274); 72(3.70683); 73(2.4785); 74(0.32386); 75(1.45747); 76(0.09649); 77(8.3526); 78(2.85674); 79(7.62621); 80(8.35535); 81(6.74199); 82(1.50969); 83(5.77981); 84(3.37273); 85(8.88778); 86(4.51781); 87(7.98798); 88(2.51423); 89(8.20243); 91(1.31505); 92(0.98532); 93(4.36385); 94(0.0067); 95(2.59975); 96(4.08355); 97(5.69974); 98(4.24197); 99(2.51888); 100(4.55614); 101(2.11421); 102(4.32836); 103(6.74827); 104(8.86829); 105(6.0455); 106(0.44429); 107(6.73221); 108(4.96962); 109(8.42528); 110(4.07113); 111(4.12311); 112(3.75149); 113(7.843); 114(7.35873); 115(7.96979); 116(5.76882); 117(7.88971); 118(6.00688); 119(3.69758); 120(2.41521); 121(7.71603); 122(6.12007); 123(2.24061); 124(3.04285); 125(6.29239); 126(0.68023); 127(6.5374); 128(4.24059); 129(8.71071); 130(0.11126); 131(2.45036); 132(1.98584); 133(5.52318); 134(3.87363); 135(8.96775); 136(6.09996); 137(5.82324); 138(4.59822); 139(5.91031); 140(7.66967); 141(7.20531); 142(0.97041); 143(1.26078); 144(6.9897); 145(2.81477); 146(2.96746); 147(6.56724); 148(3.26449); 149(5.28575); 150(1.98991); 151(4.77577); 152(8.58246); 153(5.8575); 154(2.14587); 155(6.18055); 156(1.88064); 157(4.08209); 158(5.44447); 159(8.77075); 160(8.76034); 161(6.91292); 162(8.23554); 163(0.71985); 164(0.58351); 165(6.98061); 166(8.60038); 167(3.82261); 168(0.10064); 169(6.60214); 170(1.05021); 171(5.05271); 172(3.1376); 173(1.198); 174(7.54739); 175(1.60969); 176(5.27985); 177(5.03368); 178(8.99133); 179(0.81237); 180(0.57163); 181(8.741); 182(6.02063); 183(4.73844); 184(0.31672); 185(7.6365); 186(3.25697); 187(1.27581); 188(6.35959); 189(0.1804); 190(4.42704); 191(5.58939); 192(5.29014); 193(4.23504); 194(5.79599); 195(3.30822); 196(1.73707); 197(8.96252); 198(7.80313); 199(5.63654); 200(0.119); 201(8.89437); 202(2.26541); 203(6.19509); 204(5.0818); 205(5.57435); 206(1.85432); 207(7.21999); 208(1.58639); 209(8.45675); 210(0.99097); 211(6.55754); 212(7.99858); 213(8.39554); 214(8.43); 215(2.49959); 216(6.48293); 217(4.81999); 218(8.63434); 219(2.15893); 220(4.43708); 221(6.10207); 222(5.49784); 223(0.05443); 224(7.42399); 225(8.68996); 226(3.46009); 227(2.68321); 228(6.26521); 229(8.83601); 230(8.28114); 231(5.06732); 232(0.72114); 233(2.34669); 234(4.78344); 235(4.81161); 236(3.09212); 237(6.21471); 238(3.76701); 239(5.34626); 240(3.07133); 241(5.68512); 242(5.05997); 243(7.87448); 244(8.63407); 245(5.85434); 246(4.59605); 247(1.58384); 248(8.58685); 249(6.87506); 250(5.61205); 251(3.44492); 252(8.16049); 253(5.63626); 254(8.01731); 255(0.12102); 256(0.51592); 257(7.81234); 258(5.04759); 259(3.21879); 260(5.70873); 261(7.32345); 262(8.28994); 263(6.64671); 264(2.42273); 265(8.72026); 266(7.28894); 267(2.35922); 268(1.01831); 269(7.68911); 270(5.60076); 271(3.86877); 272(8.37621); 273(0.91357); 274(4.63338); 275(4.44987); 276(3.79334); 277(5.86426); 278(7.4298); 279(4.40755); 280(6.73984); 281(8.91318); 282(2.05684); 283(4.66835); 284(2.23913); 285(3.30225); 286(7.65847); 287(8.28151); 288(4.01452); 289(6.60065); 290(8.55334); 291(5.3232); 292(8.48077); 293(2.61922); 294(5.42342); 295(3.78641); 296(6.65595); 297(3.98788); 298(4.42586); 299(7.18461),1441.37955,1441.37955,4.820667391304347,2.5858801591277296,8.99133,0.0067,0.4471048207220411,1
91,0(1.54802); 1(3.0762); 2(4.69987); 3(1.7846); 4(0.03754); 5(4.7355); 6(7.21339); 7(8.017); 8(6.78895); 9(8.60553); 10(7.25658); 11(2.60543); 12(5.29229); 13(7.43227); 14(5.29841); 15(6.62864); 16(4.5682); 17(7.55851); 18(3.15192); 19(0.65274); 20(7.98956); 21(8.46794); 22(8.47315); 23(7.47204); 24(2.58954); 25(5.4173); 26(4.56754); 27(8.6447); 28(6.98921); 29(3.14218); 30(2.02214); 31(8.62241); 32(2.40867); 33(1.21409); 34(5.08633); 35(4.55561); 36(8.73834); 37(7.71871); 38(0.64472); 39(3.43841); 40(6.13321); 41(8.32976); 42(2.95833); 43(8.19827); 44(7.56876); 45(0.95107); 46(1.39959); 47(3.17174); 48(5.06265); 49(2.20301); 50(7.57137); 51(0.63915); 52(3.54922); 53(2.78786); 54(7.43842); 55(6.24935); 56(7.86513); 57(8.55621); 58(7.78084); 59(1.30161); 60(5.91761); 61(4.81408); 62(3.75252); 63(1.42456); 64(4.81082); 65(7.18225); 66(6.16286); 67(8.23931); 68(3.73323); 69(3.66926); 70(5.13194); 71(2.72605); 72(6.77719); 73(3.02604); 74(8.45598); 75(4.12212); 76(0.27685); 77(5.56038); 78(0.25941); 79(2.3893); 80(2.92912); 81(3.60522); 82(5.16003); 83(7.23891); 84(4.99457); 85(7.89115); 86(1.98076); 87(6.78011); 88(0.0545); 89(6.77058); 90(1.31505); 92(5.00321); 93(4.32958); 94(3.93687); 95(7.4689); 96(8.78402); 97(0.99466); 98(3.23518); 99(4.48049); 100(2.75577); 101(1.5349); 102(1.05553); 103(6.78089); 104(5.8843); 105(6.43079); 106(3.98403); 107(3.01448); 108(1.88121); 109(2.49648); 110(3.77655); 111(5.90404); 112(0.75486); 113(2.87946); 114(2.6679); 115(2.26001); 116(2.60427); 117(8.28556); 118(7.10899); 119(5.5132); 120(0.75003); 121(8.88808); 122(8.84806); 123(8.35873); 124(8.56947); 125(5.54944); 126(5.87973); 127(8.46); 128(4.91035); 129(4.9359); 130(8.68145); 131(6.27391); 132(5.06899); 133(1.89386); 134(8.23753); 135(8.84774); 136(4.63649); 137(8.89262); 138(4.71328); 139(3.19016); 140(1.30442); 141(8.46685); 142(3.83544); 143(6.62078); 144(4.63002); 145(7.64425); 146(8.90083); 147(6.25734); 148(2.11819); 149(2.14608); 150(4.31685); 151(8.57711); 152(0.62056); 153(2.26722); 154(5.56555); 155(7.2719); 156(6.27761); 157(3.48433); 158(4.83068); 159(1.12725); 160(7.13908); 161(3.36527); 162(1.95337); 163(2.57918); 164(1.5188); 165(4.88514); 166(3.2835); 167(8.80235); 168(8.24435); 169(2.9159); 170(1.2627); 171(7.84855); 172(0.79255); 173(4.85919); 174(8.18707); 175(6.02089); 176(5.04463); 177(7.51735); 178(8.16839); 179(8.52921); 180(5.83657); 181(1.3666); 182(4.28192); 183(2.44433); 184(1.52355); 185(1.61891); 186(3.9664); 187(8.3967); 188(2.24085); 189(0.18571); 190(3.53924); 191(1.79126); 192(1.84972); 193(0.44513); 194(1.23266); 195(7.1897); 196(4.59208); 197(7.09273); 198(7.97577); 199(7.56137); 200(8.91055); 201(5.43798); 202(8.44701); 203(5.90754); 204(6.90776); 205(1.29464); 206(8.75456); 207(5.93141); 208(2.82403); 209(6.04107); 210(4.47061); 211(6.995); 212(4.37777); 213(0.3831); 214(1.95274); 215(2.44904); 216(0.30266); 217(5.02384); 218(5.27791); 219(7.06264); 220(0.61237); 221(8.07936); 222(8.78087); 223(8.90705); 224(3.41872); 225(8.16141); 226(5.1928); 227(0.12987); 228(6.04417); 229(3.67752); 230(2.23734); 231(7.00769); 232(8.60831); 233(2.79333); 234(2.03758); 235(2.95775); 236(4.28065); 237(3.29653); 238(3.27575); 239(8.77714); 240(0.32354); 241(7.84987); 242(1.8836); 243(5.28912); 244(3.0336); 245(1.29084); 246(2.318); 247(0.58882); 248(4.76092); 249(3.78801); 250(0.73519); 251(6.53986); 252(0.35299); 253(0.80086); 254(7.6118); 255(8.37589); 256(5.70527); 257(2.39411); 258(4.94727); 259(4.73383); 260(2.89194); 261(2.73518); 262(1.79302); 263(5.56308); 264(1.10084); 265(2.74002); 266(3.71868); 267(2.94476); 268(3.67884); 269(2.61856); 270(0.49311); 271(5.12528); 272(8.33743); 273(2.35244); 274(7.85721); 275(0.52621); 276(6.56646); 277(8.15421); 278(1.50197); 279(8.7676); 280(4.18353); 281(0.77122); 282(5.06229); 283(0.15943); 284(2.90391); 285(3.19255); 286(4.37411); 287(5.00956); 288(2.96746); 289(2.37941); 290(0.20894); 291(8.13423); 292(7.06275); 293(2.99968); 294(0.57043); 295(6.05065); 296(7.80914); 297(8.97508); 298(6.70744); 299(5.84937),1392.9148500000001,1392.9148500000001,4.6585780936454855,2.6680032351092122,8.97508,0.03754,0.43381850085183227,1
92,0(0.15211); 1(8.62997); 2(4.51921); 3(5.26204); 4(5.38597); 5(6.60648); 6(0.32546); 7(2.24394); 8(8.7482); 9(8.67575); 10(0.69427); 11(6.29979); 12(8.80875); 13(2.78965); 14(2.29829); 15(3.17479); 16(5.34587); 17(8.86697); 18(1.42149); 19(3.95296); 20(4.01398); 21(0.79452); 22(7.99714); 23(8.16994); 24(7.76988); 25(6.13499); 26(1.9433); 27(4.17283); 28(2.62418); 29(3.8489); 30(4.1995); 31(7.06023); 32(5.4545); 33(5.656); 34(3.52208); 35(4.8599); 36(0.19221); 37(0.94305); 38(5.68221); 39(2.53513); 40(7.93369); 41(8.50454); 42(8.42404); 43(0.05186); 44(4.81881); 45(7.08771); 46(2.07167); 47(0.44362); 48(8.46835); 49(7.62496); 50(2.49987); 51(3.86539); 52(2.88551); 53(7.65785); 54(4.91432); 55(5.76234); 56(7.68858); 57(4.89569); 58(6.96341); 59(6.72031); 60(2.86953); 61(8.58085); 62(4.70801); 63(1.55835); 64(5.27179); 65(6.67563); 66(0.88745); 67(1.83696); 68(1.95568); 69(5.59831); 70(6.32262); 71(3.28241); 72(6.92758); 73(6.16657); 74(6.57316); 75(0.36228); 76(4.17923); 77(3.63054); 78(1.7537); 79(7.24522); 80(6.8625); 81(0.93468); 82(5.07525); 83(2.89553); 84(5.32949); 85(1.21); 86(0.78572); 87(3.84178); 88(8.08049); 89(1.13401); 90(0.98532); 91(5.00321); 93(6.67762); 94(6.57259); 95(2.72206); 96(6.79029); 97(8.82852); 98(4.01184); 99(1.29667); 100(6.17496); 101(0.98455); 102(4.80913); 103(4.23717); 104(6.94022); 105(2.65459); 106(1.051); 107(2.13047); 108(5.5466); 109(4.25242); 110(8.10566); 111(2.0169); 112(1.56644); 113(7.50985); 114(0.68393); 115(3.16912); 116(3.94285); 117(2.59629); 118(4.95887); 119(2.12474); 120(7.9943); 121(7.62867); 122(6.14075); 123(1.72517); 124(8.41004); 125(4.19238); 126(7.2066); 127(2.5847); 128(1.13379); 129(7.38356); 130(7.19368); 131(1.26452); 132(1.80448); 133(5.26874); 134(4.85016); 135(2.94096); 136(5.88352); 137(1.97856); 138(3.20159); 139(0.48978); 140(4.44223); 141(7.6841); 142(2.50625); 143(7.77738); 144(0.01193); 145(2.62024); 146(5.11641); 147(6.89335); 148(7.30853); 149(3.05503); 150(0.02407); 151(4.47024); 152(4.41702); 153(0.37001); 154(2.41114); 155(2.75412); 156(6.0193); 157(6.98648); 158(3.29217); 159(8.60167); 160(6.60617); 161(2.40566); 162(4.09822); 163(5.74655); 164(3.75651); 165(7.98352); 166(3.72199); 167(6.30791); 168(6.91445); 169(4.07213); 170(4.16191); 171(2.9043); 172(5.34315); 173(6.79053); 174(3.44975); 175(4.48405); 176(0.07305); 177(3.56268); 178(5.03434); 179(4.44123); 180(7.56105); 181(5.18757); 182(0.71931); 183(8.34692); 184(0.89783); 185(0.13372); 186(6.60937); 187(0.86575); 188(5.21221); 189(6.22206); 190(5.60031); 191(1.36689); 192(5.75686); 193(2.06875); 194(6.87069); 195(3.23527); 196(6.41696); 197(0.82311); 198(3.73383); 199(8.12194); 200(1.22388); 201(1.09517); 202(0.43564); 203(2.60795); 204(7.39407); 205(6.76795); 206(7.00646); 207(6.60095); 208(5.04329); 209(3.47373); 210(6.76778); 211(7.83393); 212(5.12077); 213(1.44203); 214(8.36698); 215(4.96527); 216(1.37022); 217(8.8911); 218(3.31994); 219(5.8199); 220(7.54625); 221(4.45903); 222(5.90967); 223(8.69948); 224(6.7275); 225(2.17718); 226(4.6225); 227(8.08406); 228(4.10489); 229(1.56252); 230(2.56138); 231(5.79479); 232(0.10894); 233(6.5283); 234(8.33314); 235(4.37049); 236(2.21775); 237(3.97466); 238(7.27984); 239(0.60267); 240(6.5973); 241(5.4362); 242(2.35008); 243(2.65263); 244(4.80732); 245(6.68306); 246(0.36768); 247(6.54159); 248(4.30516); 249(6.93966); 250(2.72698); 251(7.21623); 252(7.72309); 253(5.35375); 254(4.2926); 255(5.95695); 256(1.93055); 257(1.69628); 258(1.4577); 259(6.02787); 260(8.44645); 261(7.5078); 262(5.59669); 263(6.73017); 264(6.52634); 265(8.65064); 266(2.98925); 267(4.5076); 268(7.9551); 269(5.68205); 270(7.84207); 271(8.13263); 272(5.53867); 273(0.82463); 274(0.40839); 275(1.34584); 276(0.50358); 277(6.49211); 278(6.61647); 279(0.89621); 280(2.8367); 281(6.72142); 282(3.74788); 283(6.46148); 284(4.47164); 285(6.3622); 286(2.82358); 287(6.01483); 288(2.78983); 289(7.62005); 290(7.30483); 291(7.11823); 292(0.44333); 293(4.34232); 294(0.1852); 295(6.83451); 296(8.34258); 297(1.62847); 298(8.92311); 299(3.43404),1369.45792,1369.45792,4.580126822742474,2.549270301491093,8.92311,0.01193,0.4275453318962665,1
93,0(8.34625); 1(1.22629); 2(2.8046); 3(6.65792); 4(7.24031); 5(0.39041); 6(7.96363); 7(8.087); 8(2.28858); 9(6.17169); 10(2.15853); 11(6.06463); 12(5.56391); 13(7.23844); 14(1.05724); 15(0.79973); 16(1.30064); 17(5.02771); 18(8.71642); 19(5.66077); 20(1.34504); 21(5.01292); 22(5.4248); 23(2.08652); 24(5.94088); 25(2.34485); 26(2.90442); 27(7.69275); 28(0.03652); 29(6.28381); 30(2.98396); 31(1.93951); 32(1.42386); 33(5.13702); 34(5.9704); 35(3.28372); 36(8.15472); 37(0.44074); 38(6.66215); 39(5.64238); 40(4.65789); 41(1.66395); 42(5.85669); 43(3.59101); 44(8.87858); 45(7.73124); 46(5.71994); 47(5.08668); 48(7.15972); 49(7.4469); 50(1.05547); 51(8.01907); 52(0.23237); 53(5.49243); 54(6.63445); 55(7.60495); 56(2.40216); 57(3.24672); 58(3.93507); 59(1.17901); 60(7.59147); 61(4.89243); 62(3.12789); 63(3.30849); 64(5.01379); 65(2.3834); 66(0.6393); 67(4.08594); 68(7.91302); 69(2.55887); 70(0.4339); 71(1.02071); 72(7.18956); 73(5.74888); 74(1.73582); 75(0.238); 76(0.59359); 77(6.67108); 78(7.61668); 79(0.30681); 80(2.55055); 81(3.97888); 82(1.61357); 83(8.10529); 84(2.22717); 85(1.83207); 86(3.65684); 87(6.43163); 88(8.21266); 89(7.36559); 90(4.36385); 91(4.32958); 92(6.67762); 94(2.74396); 95(1.80858); 96(5.79708); 97(1.8373); 98(4.53278); 99(3.01032); 100(2.44776); 101(7.54669); 102(6.68727); 103(2.46087); 104(3.4807); 105(4.21604); 106(8.0039); 107(0.32333); 108(7.37745); 109(4.40483); 110(4.02933); 111(4.56593); 112(7.45529); 113(4.09859); 114(2.11963); 115(5.78905); 116(1.88931); 117(4.18762); 118(7.73592); 119(2.44539); 120(7.87071); 121(6.80481); 122(7.82006); 123(7.18119); 124(1.52384); 125(4.80461); 126(2.9969); 127(6.49023); 128(2.88391); 129(8.20443); 130(4.67865); 131(5.0409); 132(4.88093); 133(5.96955); 134(3.9655); 135(1.85698); 136(1.59514); 137(4.02851); 138(3.04472); 139(8.83279); 140(1.08107); 141(7.1381); 142(4.93752); 143(5.71562); 144(6.7434); 145(6.01258); 146(8.47893); 147(8.60173); 148(3.9812); 149(1.171); 150(8.0082); 151(2.45855); 152(8.30107); 153(7.66876); 154(6.94802); 155(5.05057); 156(2.15886); 157(0.42988); 158(4.50447); 159(7.22946); 160(5.07971); 161(6.00767); 162(2.91223); 163(6.46611); 164(8.01834); 165(3.45739); 166(5.71606); 167(3.64755); 168(3.21582); 169(7.23234); 170(3.28153); 171(6.97703); 172(4.88001); 173(7.23981); 174(4.70471); 175(0.59848); 176(4.62868); 177(5.90556); 178(6.23962); 179(8.23194); 180(7.23029); 181(1.46852); 182(7.10981); 183(5.34099); 184(8.8409); 185(1.30106); 186(4.59633); 187(8.43156); 188(1.57231); 189(4.18319); 190(2.51052); 191(1.06729); 192(0.30591); 193(4.82728); 194(2.0457); 195(2.20729); 196(5.75374); 197(0.47085); 198(3.07701); 199(6.0665); 200(6.37647); 201(6.95397); 202(2.68343); 203(3.17634); 204(8.18412); 205(8.01195); 206(1.09658); 207(5.51855); 208(3.60832); 209(4.14498); 210(0.1425); 211(5.47894); 212(0.52592); 213(8.96124); 214(8.89671); 215(6.36212); 216(7.08685); 217(7.12723); 218(0.77601); 219(1.17337); 220(2.903); 221(0.57167); 222(0.63912); 223(6.5168); 224(7.22216); 225(7.57511); 226(4.26691); 227(4.10437); 228(5.37685); 229(3.90545); 230(2.14924); 231(6.74201); 232(5.56482); 233(4.48911); 234(0.39304); 235(1.28433); 236(1.02178); 237(0.72427); 238(8.95318); 239(6.25945); 240(7.34142); 241(0.95753); 242(8.26016); 243(7.82725); 244(2.12774); 245(5.434); 246(3.70011); 247(0.88239); 248(4.44481); 249(4.8139); 250(2.74868); 251(8.04707); 252(6.19078); 253(2.6927); 254(2.73356); 255(6.71398); 256(3.5585); 257(4.1631); 258(8.08217); 259(2.91968); 260(0.21583); 261(3.97605); 262(6.44288); 263(3.91713); 264(2.01313); 265(7.63356); 266(8.03096); 267(5.17557); 268(7.5387); 269(7.59613); 270(3.59483); 271(5.18145); 272(6.46231); 273(2.20058); 274(4.67797); 275(7.28537); 276(3.19896); 277(2.55887); 278(4.4237); 279(2.30953); 280(0.94781); 281(6.80175); 282(4.33932); 283(1.08298); 284(8.48207); 285(8.03153); 286(2.78497); 287(6.19278); 288(3.41258); 289(5.52033); 290(2.92417); 291(5.64957); 292(3.74307); 293(8.63813); 294(8.92877); 295(1.97246); 296(8.00856); 297(0.66179); 298(8.02133); 299(4.17854),1373.76463,1373.76463,4.594530535117056,2.5332092839551907,8.96124,0.03652,0.43323096103223707,2
94,0(0.04088); 1(6.4485); 2(2.40368); 3(7.94228); 4(3.51025); 5(1.9188); 6(0.21561); 7(8.12468); 8(2.9843); 9(7.29113); 10(3.10037); 11(6.89047); 12(2.34878); 13(5.44124); 14(4.00968); 15(3.72716); 16(1.06397); 17(8.36836); 18(3.16758); 19(5.15016); 20(1.89002); 21(6.56516); 22(4.45265); 23(5.0153); 24(8.27464); 25(1.44265); 26(5.66121); 27(2.68743); 28(4.93725); 29(3.3059); 30(4.1793); 31(4.35634); 32(3.59633); 33(4.97775); 34(5.08085); 35(5.17161); 36(1.06922); 37(1.31508); 38(4.82213); 39(4.42249); 40(2.45485); 41(5.40933); 42(7.33969); 43(2.84726); 44(2.24927); 45(4.02914); 46(1.15619); 47(4.29064); 48(3.89408); 49(6.2573); 50(6.88005); 51(6.58237); 52(4.43693); 53(6.98758); 54(1.07653); 55(2.15053); 56(7.14563); 57(6.75692); 58(6.44304); 59(5.39684); 60(6.3134); 61(8.03301); 62(7.76124); 63(7.09638); 64(2.86317); 65(1.20954); 66(4.8154); 67(0.86224); 68(0.43575); 69(1.30197); 70(2.03182); 71(5.3466); 72(3.114); 73(0.16919); 74(8.24816); 75(1.96161); 76(1.8091); 77(8.52265); 78(0.55175); 79(1.12261); 80(5.40421); 81(1.23897); 82(2.25846); 83(8.38817); 84(4.27215); 85(6.45284); 86(8.81128); 87(7.42538); 88(6.80395); 89(8.87373); 90(0.0067); 91(3.93687); 92(6.57259); 93(2.74396); 95(7.07159); 96(3.44003); 97(1.55767); 98(1.75732); 99(0.3396); 100(0.8323); 101(4.22606); 102(6.69008); 103(4.93882); 104(1.0683); 105(4.7033); 106(6.99823); 107(4.73311); 108(0.98689); 109(3.63885); 110(6.26191); 111(1.73063); 112(0.90714); 113(8.2933); 114(3.90641); 115(0.36637); 116(3.24688); 117(8.01847); 118(8.8582); 119(3.67713); 120(6.84778); 121(5.48841); 122(8.70815); 123(6.02734); 124(0.26089); 125(3.24903); 126(3.09941); 127(4.24716); 128(8.07537); 129(7.90949); 130(8.68315); 131(7.08207); 132(6.93924); 133(1.1882); 134(1.62597); 135(4.68219); 136(3.13711); 137(1.67366); 138(7.56505); 139(7.72374); 140(8.3706); 141(6.41764); 142(0.4769); 143(7.78983); 144(3.57094); 145(5.17745); 146(8.46679); 147(2.60889); 148(5.61864); 149(2.38392); 150(6.59036); 151(5.34817); 152(4.40148); 153(6.40918); 154(1.33556); 155(5.42099); 156(7.28269); 157(2.54206); 158(4.38553); 159(5.95519); 160(1.60571); 161(0.18826); 162(1.78452); 163(8.98261); 164(4.05967); 165(0.34869); 166(0.05161); 167(4.57034); 168(8.10539); 169(0.11652); 170(4.33744); 171(6.47235); 172(0.90104); 173(2.02638); 174(2.64951); 175(1.52784); 176(2.94452); 177(5.40713); 178(1.65282); 179(8.16105); 180(8.1836); 181(1.6954); 182(3.74913); 183(0.46471); 184(6.58197); 185(5.86099); 186(2.26367); 187(8.37066); 188(0.43962); 189(7.5998); 190(8.85583); 191(1.12261); 192(3.85078); 193(8.3664); 194(7.17392); 195(8.09096); 196(8.28275); 197(5.48195); 198(3.2597); 199(6.72587); 200(4.55698); 201(8.97069); 202(6.15432); 203(6.51093); 204(6.4167); 205(6.51733); 206(2.59178); 207(7.45658); 208(5.0043); 209(8.90171); 210(2.82088); 211(3.9437); 212(4.15961); 213(2.31188); 214(4.36939); 215(7.06628); 216(1.98506); 217(3.00765); 218(5.97187); 219(0.36361); 220(3.29834); 221(5.2545); 222(2.21418); 223(2.94095); 224(2.95071); 225(2.59263); 226(5.57497); 227(7.14317); 228(1.54705); 229(5.42837); 230(6.49656); 231(8.70691); 232(2.57513); 233(4.73629); 234(1.33116); 235(2.47598); 236(3.05386); 237(5.40417); 238(1.7322); 239(3.61204); 240(7.53572); 241(2.41586); 242(8.34553); 243(1.1965); 244(6.78043); 245(2.9975); 246(1.67064); 247(5.89764); 248(1.33627); 249(0.00745); 250(2.63247); 251(2.72803); 252(3.07149); 253(7.10196); 254(8.07306); 255(2.34433); 256(3.75954); 257(4.50066); 258(5.00083); 259(1.49975); 260(5.78091); 261(6.81074); 262(2.12897); 263(2.94911); 264(1.46155); 265(2.61182); 266(1.25925); 267(3.227); 268(1.98038); 269(0.63493); 270(2.68083); 271(7.66691); 272(5.56872); 273(5.67677); 274(5.43605); 275(5.03586); 276(3.886); 277(2.86359); 278(3.00076); 279(3.83092); 280(2.86555); 281(5.67704); 282(2.89972); 283(6.32124); 284(2.12302); 285(3.96436); 286(2.16408); 287(6.47468); 288(8.44773); 289(0.85883); 290(0.81299); 291(0.09083); 292(6.71883); 293(4.53153); 294(2.234); 295(2.99817); 296(5.13515); 297(3.51632); 298(3.67184); 299(8.69542),1294.98122,1294.98122,4.331040869565218,2.5205293785762812,8.98261,0.0067,0.4120625650715238,1
95,0(2.95613); 1(0.0656); 2(2.51569); 3(2.1221); 4(1.38874); 5(0.45708); 6(8.48156); 7(4.18523); 8(0.91769); 9(3.63964); 10(1.61957); 11(0.09435); 12(8.89768); 13(4.5748); 14(4.41767); 15(2.9994); 16(0.24156); 17(0.32103); 18(7.4674); 19(1.01878); 20(3.06793); 21(1.47157); 22(2.30962); 23(8.0712); 24(6.49058); 25(6.50499); 26(3.01816); 27(4.67313); 28(5.67326); 29(7.34405); 30(7.44436); 31(6.05698); 32(6.8714); 33(8.75156); 34(4.19889); 35(5.74029); 36(2.44222); 37(5.78243); 38(1.41292); 39(8.80925); 40(5.36463); 41(4.3598); 42(2.99219); 43(7.03679); 44(1.81715); 45(0.27134); 46(6.41013); 47(8.5119); 48(8.48963); 49(8.19347); 50(2.74362); 51(0.0485); 52(1.55191); 53(8.20035); 54(4.8366); 55(8.05777); 56(1.38135); 57(2.04685); 58(5.14107); 59(6.30263); 60(6.41496); 61(0.76574); 62(8.09913); 63(5.86556); 64(1.35127); 65(3.47423); 66(0.5499); 67(4.96881); 68(2.05391); 69(6.14757); 70(1.10349); 71(7.07301); 72(1.09176); 73(4.79215); 74(3.7989); 75(4.01479); 76(8.70362); 77(1.80985); 78(6.2363); 79(7.86247); 80(5.16331); 81(4.69337); 82(0.02883); 83(0.66296); 84(5.5166); 85(6.3675); 86(7.63626); 87(4.84152); 88(2.33326); 89(8.90645); 90(2.59975); 91(7.4689); 92(2.72206); 93(1.80858); 94(7.07159); 96(3.7663); 97(2.54184); 98(2.13712); 99(2.06439); 100(4.34964); 101(3.89276); 102(8.38094); 103(7.89537); 104(3.73348); 105(5.48643); 106(5.23574); 107(5.97083); 108(5.6038); 109(2.49448); 110(7.23756); 111(2.63222); 112(1.90893); 113(3.76586); 114(7.0738); 115(3.90948); 116(6.83553); 117(1.71881); 118(8.5269); 119(4.65872); 120(5.44386); 121(7.02044); 122(1.02021); 123(5.53235); 124(5.59599); 125(7.71783); 126(2.50065); 127(0.83976); 128(0.85839); 129(5.50148); 130(0.22762); 131(7.59584); 132(8.635); 133(2.23187); 134(5.0976); 135(5.99036); 136(8.40098); 137(8.41366); 138(7.47765); 139(2.602); 140(6.39478); 141(5.74545); 142(2.91868); 143(2.93625); 144(6.16679); 145(4.00098); 146(2.11325); 147(7.90605); 148(1.64743); 149(2.72654); 150(1.51382); 151(2.09265); 152(2.56227); 153(3.50948); 154(8.4561); 155(7.00228); 156(4.42917); 157(0.04108); 158(7.57342); 159(8.75484); 160(7.41604); 161(6.27729); 162(2.40153); 163(8.27036); 164(0.0918); 165(1.88543); 166(2.86171); 167(7.67167); 168(8.82998); 169(0.87083); 170(7.52755); 171(4.72339); 172(0.22263); 173(5.92404); 174(2.3957); 175(3.11163); 176(1.94679); 177(0.04034); 178(8.30609); 179(7.73955); 180(0.57936); 181(8.31869); 182(2.88796); 183(4.647); 184(0.83306); 185(7.79332); 186(0.76333); 187(0.81424); 188(5.62785); 189(3.46285); 190(3.6527); 191(1.24617); 192(1.45645); 193(7.3283); 194(4.12093); 195(7.84428); 196(4.12429); 197(5.51988); 198(2.55727); 199(6.19998); 200(2.67425); 201(0.98424); 202(8.22846); 203(4.73083); 204(7.27563); 205(0.07439); 206(3.32836); 207(3.53259); 208(0.7033); 209(5.26994); 210(3.8564); 211(6.92378); 212(8.29289); 213(2.17583); 214(6.72369); 215(1.20169); 216(8.76681); 217(6.4394); 218(5.21844); 219(7.73244); 220(2.66331); 221(7.74325); 222(6.76572); 223(6.63305); 224(2.44103); 225(7.33189); 226(4.06096); 227(3.28906); 228(3.29654); 229(1.63648); 230(7.8884); 231(4.23206); 232(2.02157); 233(1.01762); 234(4.74631); 235(6.83895); 236(1.25213); 237(0.69212); 238(6.92277); 239(3.32313); 240(7.97376); 241(4.04545); 242(6.87609); 243(2.81597); 244(4.37571); 245(1.01267); 246(7.60594); 247(2.08274); 248(4.65235); 249(1.27941); 250(6.97818); 251(1.58652); 252(7.21281); 253(4.90309); 254(0.15555); 255(0.22273); 256(4.02688); 257(5.19363); 258(5.97982); 259(3.9844); 260(6.02406); 261(8.41536); 262(8.21153); 263(6.62629); 264(7.22287); 265(5.19962); 266(0.48962); 267(1.84186); 268(3.06578); 269(5.11051); 270(4.55029); 271(0.50549); 272(5.42147); 273(8.9029); 274(0.97362); 275(4.08598); 276(1.32915); 277(4.52938); 278(3.86557); 279(4.34338); 280(0.0405); 281(4.97267); 282(2.198); 283(5.05128); 284(7.34597); 285(0.77353); 286(8.17514); 287(8.92025); 288(2.78224); 289(6.32055); 290(3.49816); 291(0.93376); 292(8.97914); 293(3.13679); 294(1.453); 295(3.26918); 296(3.56802); 297(1.58257); 298(5.84517); 299(1.47776),1312.51239,1312.51239,4.389673545150501,2.6488937234201604,8.97914,0.02883,0.40949230037883483,1
96,0(6.46666); 1(8.29948); 2(0.54353); 3(1.44538); 4(5.72105); 5(8.04326); 6(0.75319); 7(0.69979); 8(3.66031); 9(0.93382); 10(5.73537); 11(5.1422); 12(5.90479); 13(5.44345); 14(5.79435); 15(8.32586); 16(1.60196); 17(8.0125); 18(6.8394); 19(1.17215); 20(2.36932); 21(4.39408); 22(5.92361); 23(3.23282); 24(6.64144); 25(5.05589); 26(0.45316); 27(6.84771); 28(4.54538); 29(3.98988); 30(2.87341); 31(4.67658); 32(2.76517); 33(8.93092); 34(7.02236); 35(1.91162); 36(1.29542); 37(6.45989); 38(6.98054); 39(2.72671); 40(0.34728); 41(4.73362); 42(2.35026); 43(8.22902); 44(7.35197); 45(7.47209); 46(1.46467); 47(6.73848); 48(4.69418); 49(7.10873); 50(4.50503); 51(1.39695); 52(1.68176); 53(0.08254); 54(2.75891); 55(8.01292); 56(1.80187); 57(8.74923); 58(3.78242); 59(2.88859); 60(3.01705); 61(1.25261); 62(2.19186); 63(5.18156); 64(3.36168); 65(8.81689); 66(1.20561); 67(1.70847); 68(6.33922); 69(5.86665); 70(2.45827); 71(5.51188); 72(1.84521); 73(8.96982); 74(5.77563); 75(6.30695); 76(3.37087); 77(5.42944); 78(2.53879); 79(0.68372); 80(4.68531); 81(7.96608); 82(2.45618); 83(4.85102); 84(2.24743); 85(2.67425); 86(7.37929); 87(4.05645); 88(3.61148); 89(8.01811); 90(4.08355); 91(8.78402); 92(6.79029); 93(5.79708); 94(3.44003); 95(3.7663); 97(4.84929); 98(7.42385); 99(8.35258); 100(2.84402); 101(1.1354); 102(3.84752); 103(3.95301); 104(4.08268); 105(3.33857); 106(5.98038); 107(1.58441); 108(7.76651); 109(4.63545); 110(2.89256); 111(1.07235); 112(7.65357); 113(2.84653); 114(6.3172); 115(6.22181); 116(2.69648); 117(4.82284); 118(8.97245); 119(2.2159); 120(1.02183); 121(4.725); 122(2.55869); 123(1.51984); 124(7.16449); 125(2.51677); 126(0.65668); 127(6.2505); 128(8.32427); 129(5.07526); 130(5.37316); 131(2.33499); 132(2.9783); 133(2.74387); 134(7.73786); 135(3.70924); 136(4.94338); 137(6.91784); 138(4.28184); 139(6.68306); 140(6.71202); 141(8.26597); 142(8.75173); 143(5.17407); 144(2.61048); 145(0.22021); 146(2.17814); 147(0.38725); 148(6.94008); 149(5.6127); 150(4.74435); 151(2.73195); 152(6.32636); 153(2.06413); 154(6.01521); 155(2.08564); 156(0.15879); 157(8.50781); 158(1.71059); 159(0.93845); 160(3.07116); 161(8.74979); 162(1.43795); 163(2.92825); 164(1.88723); 165(1.30958); 166(6.65996); 167(0.81521); 168(4.94985); 169(4.42406); 170(4.59738); 171(7.36187); 172(0.23089); 173(2.39345); 174(0.67765); 175(4.87751); 176(7.52044); 177(7.53826); 178(5.97368); 179(3.2821); 180(5.70961); 181(0.65969); 182(1.82374); 183(2.98261); 184(4.68341); 185(2.99797); 186(4.67313); 187(8.4776); 188(5.12445); 189(0.28722); 190(1.05243); 191(1.63752); 192(4.22576); 193(8.89671); 194(8.68704); 195(5.06448); 196(2.81744); 197(3.14232); 198(5.99562); 199(4.50536); 200(1.70427); 201(8.79574); 202(2.10987); 203(6.47391); 204(4.43416); 205(0.54979); 206(2.1462); 207(6.33986); 208(5.28895); 209(4.79062); 210(4.44518); 211(3.15604); 212(1.06928); 213(6.56214); 214(4.68228); 215(3.20711); 216(7.90236); 217(7.72755); 218(6.00389); 219(3.19289); 220(2.11227); 221(3.62347); 222(0.16025); 223(8.99122); 224(7.62163); 225(3.20101); 226(6.83929); 227(5.83531); 228(8.58698); 229(8.45456); 230(2.89257); 231(8.56013); 232(8.80935); 233(3.5353); 234(7.102); 235(5.79875); 236(2.38521); 237(0.76037); 238(1.19643); 239(3.569); 240(3.59287); 241(6.82389); 242(0.40077); 243(3.71302); 244(1.37574); 245(3.64246); 246(6.25046); 247(1.80126); 248(0.72142); 249(4.63485); 250(5.36167); 251(0.19145); 252(1.81925); 253(7.96484); 254(1.728); 255(8.07326); 256(7.40276); 257(1.74381); 258(8.05735); 259(4.91789); 260(7.57534); 261(1.98878); 262(6.36613); 263(8.97583); 264(0.6772); 265(3.54944); 266(4.00029); 267(8.65812); 268(0.29083); 269(4.62961); 270(1.30539); 271(8.33874); 272(3.28643); 273(0.91113); 274(8.99806); 275(5.42235); 276(1.21534); 277(3.24477); 278(7.33108); 279(2.05401); 280(8.37906); 281(5.01851); 282(8.39348); 283(2.21862); 284(8.01365); 285(2.91389); 286(0.07045); 287(0.96636); 288(5.53572); 289(4.25147); 290(2.00526); 291(1.63308); 292(6.65429); 293(1.08957); 294(6.07557); 295(7.55026); 296(4.27693); 297(5.40909); 298(2.29369); 299(8.80638),1318.72093,1318.72093,4.410437892976589,2.589923894213361,8.99806,0.07045,0.4183548803419112,1
97,0(7.9184); 1(6.63866); 2(0.84475); 3(2.83407); 4(7.75579); 5(1.29967); 6(1.1332); 7(0.00114); 8(0.75632); 9(8.4701); 10(2.51605); 11(7.19708); 12(3.10941); 13(5.68381); 14(3.82176); 15(7.43233); 16(0.02682); 17(1.14067); 18(7.34096); 19(4.72978); 20(4.55039); 21(2.73887); 22(2.66716); 23(8.66944); 24(6.95658); 25(3.97323); 26(1.05744); 27(0.53617); 28(0.40031); 29(7.77027); 30(1.42892); 31(5.88497); 32(8.22362); 33(0.39658); 34(4.4857); 35(2.70208); 36(6.26947); 37(7.84); 38(3.30284); 39(5.44392); 40(8.66588); 41(1.55272); 42(0.77527); 43(1.31627); 44(3.96253); 45(3.31062); 46(4.35903); 47(2.25672); 48(7.22945); 49(7.54308); 50(0.42796); 51(7.39667); 52(4.24219); 53(4.06021); 54(4.1282); 55(3.12965); 56(0.77185); 57(5.15885); 58(4.1253); 59(1.51956); 60(4.03834); 61(1.60657); 62(2.72966); 63(2.9271); 64(3.38006); 65(0.85992); 66(5.33609); 67(8.06158); 68(2.06777); 69(0.75726); 70(1.19952); 71(5.16672); 72(5.65998); 73(1.08636); 74(7.44758); 75(4.70664); 76(1.27944); 77(1.1746); 78(8.07065); 79(5.42449); 80(0.12218); 81(7.19379); 82(0.9269); 83(0.60809); 84(2.39753); 85(7.85258); 86(3.3374); 87(6.84022); 88(7.57998); 89(4.97493); 90(5.69974); 91(0.99466); 92(8.82852); 93(1.8373); 94(1.55767); 95(2.54184); 96(4.84929); 98(7.36703); 99(3.23943); 100(5.48881); 101(4.77729); 102(6.10925); 103(4.56839); 104(5.18318); 105(4.27904); 106(8.51214); 107(1.6104); 108(3.13199); 109(2.4584); 110(8.51247); 111(6.99093); 112(3.10911); 113(3.95413); 114(0.9893); 115(7.63345); 116(6.17902); 117(6.48888); 118(6.16688); 119(8.81266); 120(3.60999); 121(5.11953); 122(1.38215); 123(3.21456); 124(1.44614); 125(6.27867); 126(7.74988); 127(0.84985); 128(7.83874); 129(8.44782); 130(6.58136); 131(2.62884); 132(3.92989); 133(7.7861); 134(6.16306); 135(2.13044); 136(8.6014); 137(6.13942); 138(0.62233); 139(0.86685); 140(0.75845); 141(6.37992); 142(4.72049); 143(8.01538); 144(6.39861); 145(5.36103); 146(8.11805); 147(2.958); 148(2.85067); 149(7.09052); 150(7.90049); 151(6.05583); 152(6.72624); 153(4.85786); 154(8.4049); 155(4.64925); 156(1.04874); 157(6.30873); 158(7.70296); 159(0.66561); 160(8.84917); 161(1.02662); 162(1.89881); 163(5.90694); 164(6.30164); 165(4.25907); 166(0.47598); 167(3.77961); 168(8.05828); 169(1.97925); 170(5.44889); 171(3.93885); 172(2.54675); 173(8.55002); 174(0.04959); 175(3.24808); 176(2.21185); 177(0.81448); 178(4.56005); 179(8.2877); 180(6.4305); 181(5.2611); 182(8.29948); 183(6.0364); 184(0.71542); 185(2.10021); 186(2.89139); 187(1.68551); 188(0.08093); 189(0.85726); 190(7.75586); 191(4.035); 192(3.77013); 193(1.34582); 194(7.98442); 195(1.03468); 196(2.97509); 197(6.55432); 198(3.49393); 199(1.39296); 200(8.22569); 201(6.76228); 202(8.41055); 203(1.55188); 204(8.90428); 205(4.68608); 206(0.55423); 207(2.04089); 208(4.90195); 209(0.61683); 210(5.37536); 211(2.78864); 212(8.59202); 213(0.99462); 214(1.73428); 215(4.29754); 216(6.31376); 217(8.04559); 218(5.99813); 219(4.82855); 220(8.15879); 221(8.84153); 222(2.91762); 223(3.25605); 224(0.49165); 225(7.44165); 226(8.68776); 227(6.88928); 228(0.0018); 229(1.07306); 230(7.21578); 231(7.02644); 232(4.93875); 233(2.33771); 234(6.91179); 235(2.08222); 236(7.86181); 237(0.31787); 238(8.28404); 239(6.97041); 240(3.25425); 241(0.06666); 242(8.33887); 243(2.82429); 244(5.7785); 245(3.83322); 246(3.52714); 247(7.80464); 248(0.98415); 249(2.84108); 250(1.38251); 251(3.90059); 252(4.51967); 253(0.44472); 254(4.02794); 255(8.39345); 256(1.75813); 257(2.93038); 258(3.97357); 259(2.66056); 260(1.69338); 261(4.77857); 262(4.63162); 263(5.89834); 264(6.76037); 265(6.05675); 266(4.54297); 267(4.14819); 268(6.72471); 269(5.16454); 270(5.14262); 271(3.43685); 272(4.86999); 273(4.15507); 274(5.13315); 275(1.29957); 276(1.14741); 277(5.40149); 278(3.37218); 279(2.80637); 280(5.76982); 281(3.54419); 282(2.15602); 283(3.04643); 284(2.82483); 285(7.60254); 286(4.19363); 287(6.67048); 288(2.01986); 289(3.68496); 290(7.24996); 291(6.7486); 292(3.84517); 293(2.3525); 294(3.60508); 295(3.70616); 296(4.54461); 297(7.46124); 298(0.25515); 299(4.31552),1297.15103,1297.15103,4.338297759197324,2.6018620484534924,8.90428,0.00114,0.40815881216391137,1
98,0(7.04218); 1(2.44513); 2(8.36106); 3(3.41606); 4(7.69612); 5(8.86257); 6(5.50977); 7(5.15365); 8(8.50843); 9(4.09471); 10(5.87077); 11(5.05839); 12(1.3494); 13(5.12525); 14(0.4826); 15(0.88116); 16(0.66372); 17(8.3907); 18(1.59344); 19(7.43945); 20(5.99972); 21(0.11753); 22(5.81965); 23(7.24315); 24(2.83089); 25(5.39117); 26(1.25621); 27(0.86098); 28(4.41352); 29(0.91623); 30(1.81088); 31(0.97114); 32(7.09474); 33(3.03011); 34(1.38174); 35(7.28372); 36(7.61706); 37(3.0111); 38(3.25886); 39(3.65514); 40(0.76654); 41(8.43825); 42(6.38638); 43(6.66436); 44(1.76713); 45(8.15025); 46(8.13611); 47(5.96976); 48(4.17361); 49(1.25891); 50(0.55091); 51(8.02515); 52(1.20779); 53(2.44129); 54(2.52553); 55(7.55039); 56(2.55226); 57(7.8503); 58(1.72559); 59(6.30719); 60(7.76122); 61(4.2943); 62(7.07762); 63(7.07866); 64(8.33224); 65(0.45157); 66(5.36122); 67(0.61741); 68(1.11282); 69(6.53606); 70(5.69266); 71(2.99093); 72(2.9758); 73(5.77885); 74(6.39129); 75(2.95032); 76(2.31615); 77(5.61172); 78(7.01027); 79(7.31968); 80(0.65535); 81(1.69437); 82(7.04911); 83(4.20969); 84(7.26918); 85(5.14218); 86(5.41709); 87(0.34792); 88(6.36702); 89(1.48038); 90(4.24197); 91(3.23518); 92(4.01184); 93(4.53278); 94(1.75732); 95(2.13712); 96(7.42385); 97(7.36703); 99(3.2357); 100(7.02795); 101(1.73596); 102(6.27556); 103(6.90307); 104(6.54736); 105(3.90363); 106(6.626); 107(0.65906); 108(7.09824); 109(1.03221); 110(0.50238); 111(5.53818); 112(7.39906); 113(0.89876); 114(2.14458); 115(6.38924); 116(0.16843); 117(0.32243); 118(7.0126); 119(2.24309); 120(2.9455); 121(2.1153); 122(1.46525); 123(2.44393); 124(4.94131); 125(8.20048); 126(5.20114); 127(3.34771); 128(4.05472); 129(5.63476); 130(2.47332); 131(7.83803); 132(4.52713); 133(8.6953); 134(7.76537); 135(3.58536); 136(2.5146); 137(4.04271); 138(4.91016); 139(4.91481); 140(5.34285); 141(5.37175); 142(0.01657); 143(6.81628); 144(2.73902); 145(3.88615); 146(4.38061); 147(2.83278); 148(1.67099); 149(4.80646); 150(4.81176); 151(5.94313); 152(6.15446); 153(2.96259); 154(1.62667); 155(5.96669); 156(1.84642); 157(2.79273); 158(5.15988); 159(4.28252); 160(7.13759); 161(0.58286); 162(8.49764); 163(7.53678); 164(5.70994); 165(2.40531); 166(4.76211); 167(7.9167); 168(3.99888); 169(1.30846); 170(0.78656); 171(3.94874); 172(5.82344); 173(4.76613); 174(1.32253); 175(6.71661); 176(5.58818); 177(3.94456); 178(3.77679); 179(3.03994); 180(8.77737); 181(1.89348); 182(1.76086); 183(2.63778); 184(3.58636); 185(0.55099); 186(8.81027); 187(0.54425); 188(3.2016); 189(1.9581); 190(8.6582); 191(8.48818); 192(2.0007); 193(1.63842); 194(3.68478); 195(8.52716); 196(0.96962); 197(2.61807); 198(4.75387); 199(5.87416); 200(1.69647); 201(2.62894); 202(5.66336); 203(7.08394); 204(3.55939); 205(3.08386); 206(4.63575); 207(6.10509); 208(1.74005); 209(1.32154); 210(1.96927); 211(8.1963); 212(8.47106); 213(1.86578); 214(4.10099); 215(5.10488); 216(6.2558); 217(2.49781); 218(5.90985); 219(5.42443); 220(7.38135); 221(4.75324); 222(2.8087); 223(1.22023); 224(5.94262); 225(4.36554); 226(0.13769); 227(6.92677); 228(7.34522); 229(8.23761); 230(0.56417); 231(4.12102); 232(5.14282); 233(0.07566); 234(6.58159); 235(1.03247); 236(0.72939); 237(1.66003); 238(8.63623); 239(5.40179); 240(5.16477); 241(6.34213); 242(0.68457); 243(0.77557); 244(8.34825); 245(4.65094); 246(5.59923); 247(3.91172); 248(2.4971); 249(7.11661); 250(2.55155); 251(0.51347); 252(7.38205); 253(6.49462); 254(8.16918); 255(4.89258); 256(6.57397); 257(1.67859); 258(6.65907); 259(1.76961); 260(7.02532); 261(3.15712); 262(1.73255); 263(1.69867); 264(0.7931); 265(3.12335); 266(5.75648); 267(6.54615); 268(8.07687); 269(7.92772); 270(1.21146); 271(0.89295); 272(3.63274); 273(4.54369); 274(7.66224); 275(2.86155); 276(8.46099); 277(6.35239); 278(5.71636); 279(2.37938); 280(1.74673); 281(5.73525); 282(0.47334); 283(4.51167); 284(5.08705); 285(1.09118); 286(4.46318); 287(3.20774); 288(0.769); 289(6.85681); 290(1.796); 291(0.63163); 292(0.68566); 293(6.16805); 294(7.2968); 295(6.76159); 296(5.76841); 297(3.36012); 298(2.42883); 299(0.40393),1282.49896,1282.49896,4.289294180602006,2.5406104155323153,8.86257,0.01657,0.4087211202147516,1
99,0(8.10858); 1(6.75447); 2(3.62694); 3(0.96699); 4(7.77187); 5(0.9789); 6(1.29885); 7(0.92795); 8(5.12428); 9(8.58803); 10(1.82217); 11(4.1715); 12(0.78679); 13(1.66028); 14(5.24241); 15(0.88227); 16(1.51403); 17(5.56869); 18(7.20814); 19(8.43913); 20(2.6919); 21(5.5025); 22(1.4561); 23(3.83727); 24(1.52835); 25(4.77666); 26(0.46094); 27(4.74675); 28(7.7607); 29(2.30047); 30(3.68337); 31(6.34386); 32(0.40049); 33(7.04802); 34(0.36446); 35(2.19578); 36(0.12244); 37(2.0902); 38(1.68592); 39(7.40912); 40(2.12984); 41(8.69812); 42(0.59638); 43(1.50533); 44(1.4089); 45(7.49849); 46(8.05451); 47(5.9478); 48(8.83212); 49(3.01521); 50(8.90303); 51(8.88486); 52(5.25457); 53(2.04687); 54(3.53231); 55(1.09082); 56(0.07644); 57(5.04151); 58(4.36148); 59(1.10975); 60(5.50677); 61(2.33301); 62(8.08611); 63(1.64665); 64(1.03835); 65(8.12826); 66(5.01816); 67(1.45851); 68(8.14895); 69(0.04835); 70(0.16137); 71(7.65152); 72(7.22857); 73(2.65647); 74(0.48481); 75(4.38066); 76(6.63757); 77(1.71764); 78(7.00602); 79(5.45456); 80(6.4734); 81(3.58663); 82(8.96613); 83(5.90734); 84(7.39823); 85(3.49163); 86(4.61603); 87(2.91512); 88(6.5595); 89(7.96767); 90(2.51888); 91(4.48049); 92(1.29667); 93(3.01032); 94(0.3396); 95(2.06439); 96(8.35258); 97(3.23943); 98(3.2357); 100(1.18278); 101(0.47671); 102(5.33968); 103(8.71017); 104(0.55632); 105(3.68255); 106(7.69884); 107(3.04674); 108(8.35302); 109(7.59881); 110(3.65441); 111(6.27646); 112(5.22268); 113(6.03576); 114(7.38669); 115(2.11941); 116(4.44006); 117(0.08115); 118(3.7263); 119(3.60184); 120(8.62663); 121(2.42291); 122(2.07478); 123(4.33738); 124(3.83254); 125(1.94963); 126(6.82556); 127(3.98371); 128(1.81088); 129(2.24967); 130(7.97434); 131(1.8421); 132(8.52959); 133(1.26595); 134(5.25179); 135(6.91407); 136(2.10908); 137(6.69348); 138(2.42176); 139(2.91914); 140(8.72562); 141(4.79068); 142(7.02682); 143(2.20384); 144(3.37109); 145(1.96758); 146(4.40401); 147(3.97157); 148(7.8813); 149(2.51318); 150(8.9804); 151(8.28472); 152(3.89934); 153(5.38042); 154(0.5164); 155(1.20532); 156(6.96288); 157(4.86575); 158(5.39825); 159(0.5108); 160(8.86168); 161(8.82305); 162(4.07969); 163(5.84494); 164(1.50506); 165(3.25353); 166(3.85703); 167(3.44434); 168(1.58668); 169(1.39608); 170(3.64965); 171(4.51557); 172(4.95239); 173(0.16255); 174(0.07644); 175(0.40778); 176(0.15122); 177(1.80546); 178(2.32116); 179(1.99191); 180(6.50344); 181(1.01931); 182(2.42823); 183(4.27448); 184(3.75331); 185(1.93353); 186(3.84615); 187(5.92558); 188(7.49508); 189(8.96034); 190(6.5415); 191(0.33784); 192(5.98863); 193(4.45328); 194(2.03019); 195(7.57424); 196(4.54745); 197(4.30708); 198(5.00525); 199(7.59662); 200(3.92714); 201(0.49309); 202(3.15428); 203(8.53515); 204(7.51763); 205(0.50648); 206(0.45909); 207(4.00877); 208(4.43521); 209(6.1014); 210(6.58869); 211(1.04701); 212(0.45116); 213(7.47751); 214(1.52243); 215(3.96459); 216(3.38336); 217(8.03432); 218(5.08628); 219(3.7234); 220(6.37542); 221(1.50287); 222(0.66162); 223(5.3804); 224(3.13078); 225(3.92885); 226(3.31622); 227(2.79544); 228(7.30462); 229(4.5605); 230(7.30536); 231(7.60795); 232(8.08818); 233(1.00555); 234(4.30772); 235(4.3654); 236(1.0266); 237(4.69662); 238(7.83959); 239(7.70988); 240(7.06017); 241(4.25439); 242(4.70059); 243(4.49018); 244(1.56428); 245(6.81725); 246(6.64624); 247(4.30999); 248(1.01369); 249(2.63545); 250(0.30795); 251(5.11533); 252(8.39211); 253(7.81457); 254(0.54326); 255(5.92495); 256(5.95261); 257(8.1398); 258(7.52862); 259(5.72882); 260(0.20172); 261(7.8571); 262(2.22188); 263(1.00483); 264(5.79439); 265(2.51162); 266(3.14642); 267(0.71978); 268(5.03968); 269(4.0589); 270(0.98818); 271(1.12688); 272(4.62257); 273(7.18017); 274(2.39116); 275(0.68378); 276(3.01804); 277(2.85061); 278(3.41889); 279(4.97554); 280(2.36536); 281(8.66449); 282(0.77027); 283(8.89671); 284(8.06893); 285(4.07946); 286(1.40367); 287(7.57729); 288(2.11948); 289(7.10923); 290(5.7358); 291(1.30312); 292(4.38063); 293(2.51187); 294(0.25844); 295(6.4638); 296(0.56726); 297(8.64824); 298(0.60937); 299(0.4334),1248.38681,1248.38681,4.175206722408027,2.68004664098397,8.9804,0.04835,0.3929388998123828,1
100,0(2.26263); 1(3.40706); 2(0.188); 3(4.79207); 4(4.08559); 5(3.11964); 6(6.76513); 7(6.47504); 8(5.97064); 9(6.25201); 10(2.18076); 11(1.52351); 12(7.46336); 13(3.92529); 14(1.80165); 15(4.66099); 16(5.55868); 17(8.22178); 18(8.93702); 19(5.59156); 20(0.30467); 21(1.38117); 22(6.71075); 23(1.6986); 24(0.3797); 25(5.67347); 26(0.13939); 27(0.51998); 28(2.80118); 29(0.04974); 30(4.82859); 31(3.61336); 32(0.56938); 33(6.65643); 34(6.68403); 35(4.16549); 36(7.46443); 37(1.38305); 38(7.07455); 39(3.3616); 40(4.72658); 41(6.27346); 42(7.05401); 43(6.5403); 44(7.10376); 45(2.35686); 46(6.24904); 47(6.66284); 48(8.54067); 49(6.46338); 50(2.21758); 51(3.54965); 52(5.56898); 53(3.79448); 54(1.07908); 55(4.10606); 56(4.70665); 57(7.56489); 58(6.72721); 59(3.5271); 60(3.17793); 61(8.0298); 62(7.65147); 63(3.29468); 64(4.23704); 65(5.65217); 66(0.63389); 67(1.28085); 68(3.39722); 69(2.10396); 70(6.71727); 71(1.70129); 72(0.56654); 73(8.70462); 74(4.92909); 75(1.1386); 76(2.90825); 77(5.81137); 78(7.82541); 79(7.72852); 80(0.19504); 81(3.0449); 82(0.15005); 83(3.24176); 84(6.92547); 85(7.89363); 86(6.73049); 87(0.4986); 88(3.92529); 89(7.01164); 90(4.55614); 91(2.75577); 92(6.17496); 93(2.44776); 94(0.8323); 95(4.34964); 96(2.84402); 97(5.48881); 98(7.02795); 99(1.18278); 101(3.51665); 102(0.6165); 103(3.29256); 104(0.62306); 105(8.41385); 106(4.66218); 107(7.34098); 108(4.57073); 109(6.5521); 110(3.48381); 111(1.55037); 112(7.85632); 113(1.79867); 114(2.58185); 115(0.25299); 116(2.46351); 117(3.88968); 118(8.9753); 119(5.24537); 120(0.25417); 121(5.22729); 122(8.81311); 123(1.22136); 124(6.07929); 125(8.74184); 126(6.37575); 127(4.68526); 128(8.58148); 129(7.84732); 130(1.75282); 131(3.16279); 132(1.25698); 133(5.44999); 134(5.99694); 135(6.08545); 136(0.01716); 137(0.68812); 138(0.87957); 139(3.85976); 140(5.97229); 141(4.4986); 142(2.02038); 143(2.05205); 144(4.44727); 145(4.46596); 146(7.55637); 147(4.61452); 148(8.45025); 149(7.27986); 150(8.57612); 151(1.22319); 152(6.80806); 153(2.47567); 154(4.79276); 155(8.53004); 156(5.42144); 157(1.4076); 158(3.42842); 159(5.14837); 160(2.25077); 161(4.36178); 162(6.14782); 163(2.75532); 164(4.01541); 165(6.51401); 166(1.66748); 167(5.72012); 168(8.39746); 169(3.96493); 170(3.47878); 171(6.1948); 172(6.77164); 173(6.38113); 174(6.06778); 175(3.96496); 176(3.1099); 177(2.01998); 178(5.8279); 179(4.47113); 180(8.85363); 181(8.7634); 182(8.70613); 183(4.30878); 184(8.32705); 185(6.42202); 186(1.64296); 187(5.87325); 188(4.08688); 189(0.76494); 190(4.54762); 191(5.09167); 192(2.42202); 193(4.57771); 194(1.93684); 195(6.60064); 196(1.55832); 197(5.90745); 198(5.64744); 199(1.71469); 200(1.53368); 201(0.41803); 202(4.04602); 203(7.55694); 204(3.01238); 205(8.84039); 206(6.24249); 207(8.60695); 208(3.94531); 209(4.65569); 210(0.26039); 211(7.70724); 212(0.4096); 213(7.63398); 214(3.49897); 215(7.3627); 216(4.08874); 217(6.63788); 218(1.12998); 219(8.2743); 220(3.84616); 221(1.82533); 222(7.60469); 223(3.07221); 224(0.91011); 225(5.15241); 226(4.89736); 227(2.45577); 228(5.27376); 229(1.71362); 230(4.33401); 231(4.12283); 232(8.77599); 233(5.72566); 234(0.05982); 235(3.73978); 236(0.39624); 237(6.60476); 238(7.72432); 239(4.66894); 240(2.07596); 241(8.62757); 242(0.25802); 243(2.01451); 244(3.89146); 245(1.61214); 246(4.00959); 247(7.88181); 248(6.06166); 249(6.50125); 250(6.07371); 251(1.76543); 252(6.59682); 253(4.93094); 254(3.89332); 255(2.64245); 256(3.81488); 257(6.5479); 258(5.63947); 259(4.39922); 260(5.72132); 261(3.65611); 262(8.64646); 263(1.25914); 264(1.60285); 265(6.17782); 266(7.71512); 267(0.75159); 268(5.28888); 269(2.82158); 270(7.48689); 271(6.68732); 272(1.13835); 273(7.45589); 274(7.88832); 275(5.57152); 276(5.30531); 277(5.35372); 278(7.81187); 279(2.55468); 280(3.25547); 281(3.00702); 282(1.98488); 283(1.20512); 284(7.34066); 285(8.10076); 286(3.28413); 287(2.95725); 288(2.74061); 289(8.56996); 290(2.41667); 291(2.63422); 292(5.53017); 293(7.66131); 294(5.53387); 295(0.35607); 296(0.34812); 297(8.45753); 298(0.29999); 299(4.94396),1333.41626,1333.41626,4.459586153846153,2.5384338977653136,8.9753,0.01716,0.4200068071901221,2
101,0(5.52156); 1(6.51237); 2(3.57293); 3(5.23214); 4(0.00916); 5(2.38675); 6(7.56541); 7(8.09334); 8(6.30944); 9(6.21102); 10(2.92869); 11(3.81759); 12(2.19771); 13(2.48648); 14(1.68764); 15(4.16057); 16(4.78542); 17(6.50653); 18(0.33078); 19(8.3077); 20(6.78655); 21(2.96762); 22(0.21453); 23(7.13468); 24(8.20858); 25(5.10995); 26(6.97231); 27(5.30498); 28(6.10331); 29(3.8536); 30(5.68742); 31(5.3482); 32(3.99598); 33(4.82616); 34(6.56833); 35(1.71162); 36(8.06737); 37(4.74818); 38(8.98839); 39(5.26692); 40(4.31592); 41(8.15052); 42(6.19728); 43(2.52126); 44(5.04725); 45(3.40369); 46(2.05816); 47(0.40607); 48(2.86587); 49(1.54253); 50(4.20279); 51(4.85543); 52(2.16166); 53(2.71096); 54(3.82055); 55(8.7582); 56(1.03122); 57(4.65152); 58(0.19326); 59(3.12928); 60(3.26953); 61(4.40078); 62(8.57521); 63(3.90313); 64(2.7286); 65(4.41828); 66(4.47065); 67(2.3879); 68(1.1102); 69(8.07837); 70(1.63744); 71(4.29928); 72(3.48843); 73(0.18816); 74(6.02644); 75(5.2464); 76(6.83); 77(8.00696); 78(1.35712); 79(4.49957); 80(4.70797); 81(4.36741); 82(6.36033); 83(8.45453); 84(1.4696); 85(8.65962); 86(6.29662); 87(4.75919); 88(8.01753); 89(1.07915); 90(2.11421); 91(1.5349); 92(0.98455); 93(7.54669); 94(4.22606); 95(3.89276); 96(1.1354); 97(4.77729); 98(1.73596); 99(0.47671); 100(3.51665); 102(5.59603); 103(1.00587); 104(0.42001); 105(5.88163); 106(8.15963); 107(6.03311); 108(6.67972); 109(5.88778); 110(4.0745); 111(1.34219); 112(4.74413); 113(6.68819); 114(1.3297); 115(3.74844); 116(1.55345); 117(8.50571); 118(0.70275); 119(1.36456); 120(1.81452); 121(0.81539); 122(8.57942); 123(7.65241); 124(3.34723); 125(4.8927); 126(0.7969); 127(1.92046); 128(6.54571); 129(0.07183); 130(0.54615); 131(1.09066); 132(1.90804); 133(8.68765); 134(6.25097); 135(7.48649); 136(2.99787); 137(2.03732); 138(6.38682); 139(5.48963); 140(3.52862); 141(1.28214); 142(6.65119); 143(1.37165); 144(1.03398); 145(1.7196); 146(7.7056); 147(2.91858); 148(6.0803); 149(2.7688); 150(4.62906); 151(1.22384); 152(2.15086); 153(6.463); 154(1.37768); 155(5.22072); 156(7.8566); 157(2.46519); 158(3.17085); 159(6.57801); 160(2.94077); 161(5.32607); 162(5.54713); 163(6.91111); 164(2.29923); 165(6.82742); 166(0.54053); 167(7.81407); 168(4.26438); 169(7.42573); 170(6.68793); 171(7.49986); 172(3.77554); 173(1.56056); 174(4.37231); 175(1.12027); 176(2.33804); 177(3.14602); 178(3.02227); 179(6.37476); 180(6.08262); 181(8.17388); 182(7.03049); 183(2.76847); 184(4.691); 185(0.24452); 186(1.89711); 187(2.84355); 188(6.42149); 189(7.84223); 190(5.03363); 191(5.76595); 192(3.11374); 193(5.40326); 194(1.03087); 195(6.69097); 196(7.18153); 197(1.97757); 198(2.00894); 199(8.86983); 200(0.52598); 201(5.10802); 202(6.37662); 203(7.50083); 204(5.87057); 205(4.98768); 206(1.85335); 207(4.54673); 208(6.96633); 209(2.24538); 210(3.40152); 211(3.06443); 212(6.69248); 213(1.84205); 214(2.18259); 215(2.91611); 216(5.96979); 217(4.63814); 218(1.74414); 219(0.81487); 220(3.08094); 221(5.29494); 222(8.78495); 223(8.07688); 224(7.94035); 225(6.02987); 226(8.85046); 227(8.19088); 228(0.68488); 229(2.10725); 230(7.67195); 231(1.94575); 232(5.48211); 233(0.24919); 234(4.03299); 235(1.27603); 236(4.70217); 237(3.99571); 238(4.96781); 239(7.74439); 240(6.68621); 241(6.3529); 242(5.94891); 243(6.4556); 244(3.54067); 245(3.92755); 246(7.50088); 247(2.44433); 248(5.7896); 249(7.16687); 250(7.48366); 251(0.95656); 252(5.92725); 253(6.72845); 254(3.02049); 255(4.73333); 256(2.19801); 257(8.95764); 258(6.80512); 259(1.04253); 260(5.02845); 261(7.16931); 262(0.98111); 263(6.46038); 264(5.44902); 265(8.08094); 266(1.81216); 267(7.2915); 268(0.12365); 269(1.82251); 270(5.8218); 271(3.28328); 272(4.83941); 273(3.6969); 274(3.93095); 275(0.8831); 276(0.10527); 277(5.48099); 278(1.07266); 279(2.95941); 280(0.87307); 281(0.79507); 282(8.43267); 283(3.05682); 284(6.65713); 285(6.83564); 286(5.25808); 287(5.5835); 288(7.13158); 289(6.48024); 290(7.39004); 291(0.54112); 292(6.35963); 293(7.26189); 294(8.8815); 295(3.73179); 296(6.93319); 297(1.80019); 298(6.90645); 299(4.09474),1318.96521,1318.96521,4.411254882943143,2.499943665723598,8.98839,0.00916,0.4188710825823828,1
102,0(1.80528); 1(7.08362); 2(1.11761); 3(2.08196); 4(8.57391); 5(3.63802); 6(2.27005); 7(6.54093); 8(1.36931); 9(1.75939); 10(6.63792); 11(8.25769); 12(2.52442); 13(6.45587); 14(2.88066); 15(1.25007); 16(6.97469); 17(8.15344); 18(0.76893); 19(1.32039); 20(5.0131); 21(8.12879); 22(7.64697); 23(1.13513); 24(8.50308); 25(4.91173); 26(4.71337); 27(1.89718); 28(6.5257); 29(0.08456); 30(3.22573); 31(4.01752); 32(3.55457); 33(0.79033); 34(3.48501); 35(3.55143); 36(8.49924); 37(8.06176); 38(1.7971); 39(0.73475); 40(7.37216); 41(0.33631); 42(0.52316); 43(7.80575); 44(7.13374); 45(5.87502); 46(5.17739); 47(6.64065); 48(1.12862); 49(0.53153); 50(3.01981); 51(3.42267); 52(5.30994); 53(1.33495); 54(4.79801); 55(6.09073); 56(2.53868); 57(2.97021); 58(3.19903); 59(1.75343); 60(4.00275); 61(5.2815); 62(5.6773); 63(5.61414); 64(0.62883); 65(7.54874); 66(0.53865); 67(7.14068); 68(1.48133); 69(7.32009); 70(3.89201); 71(4.9277); 72(0.15527); 73(5.43158); 74(1.84762); 75(6.4103); 76(1.68974); 77(2.21758); 78(3.67414); 79(2.56413); 80(4.08417); 81(4.0544); 82(8.7705); 83(2.58577); 84(0.34899); 85(0.36434); 86(2.59247); 87(8.09423); 88(8.7559); 89(2.25908); 90(4.32836); 91(1.05553); 92(4.80913); 93(6.68727); 94(6.69008); 95(8.38094); 96(3.84752); 97(6.10925); 98(6.27556); 99(5.33968); 100(0.6165); 101(5.59603); 103(6.85673); 104(0.56885); 105(7.5238); 106(8.72519); 107(4.50732); 108(6.78269); 109(3.45); 110(5.11801); 111(3.44363); 112(3.42457); 113(1.94727); 114(0.10294); 115(3.29791); 116(3.34821); 117(8.2746); 118(3.82347); 119(2.56459); 120(3.02543); 121(7.47653); 122(1.02643); 123(1.39253); 124(0.19721); 125(6.73588); 126(4.85246); 127(0.09061); 128(3.8734); 129(3.34843); 130(5.4417); 131(7.08581); 132(3.1287); 133(3.8124); 134(4.09807); 135(1.58938); 136(7.33017); 137(1.06974); 138(5.67619); 139(8.80908); 140(3.2264); 141(1.34504); 142(2.19706); 143(3.53341); 144(7.4228); 145(2.38588); 146(3.19093); 147(6.53445); 148(0.88996); 149(8.89845); 150(2.29747); 151(1.98502); 152(6.34365); 153(2.06793); 154(8.68696); 155(4.82191); 156(7.66472); 157(4.98916); 158(5.85315); 159(0.15238); 160(6.66584); 161(5.76576); 162(1.46007); 163(3.15124); 164(0.58989); 165(7.29463); 166(7.73639); 167(4.11448); 168(3.35284); 169(8.91181); 170(3.89556); 171(3.69716); 172(6.40216); 173(1.17052); 174(4.51415); 175(0.89326); 176(0.5621); 177(3.50967); 178(8.61517); 179(4.36254); 180(0.50989); 181(3.89131); 182(8.14251); 183(6.7979); 184(2.77811); 185(1.67431); 186(4.32417); 187(2.18008); 188(5.55756); 189(6.31397); 190(3.1873); 191(5.57536); 192(3.78249); 193(7.09996); 194(7.06634); 195(2.27724); 196(0.86483); 197(2.47904); 198(6.52471); 199(0.11514); 200(6.02021); 201(0.94094); 202(4.59921); 203(6.33542); 204(4.26983); 205(2.88876); 206(3.72277); 207(6.65252); 208(2.74062); 209(2.13383); 210(5.94773); 211(2.94726); 212(6.73902); 213(4.33457); 214(4.29387); 215(5.44463); 216(7.55585); 217(8.37921); 218(1.77839); 219(2.96468); 220(1.70877); 221(1.33123); 222(7.62228); 223(0.00685); 224(3.15759); 225(2.86193); 226(8.40043); 227(2.31996); 228(5.50648); 229(8.50023); 230(8.01202); 231(6.12578); 232(7.71333); 233(7.94906); 234(4.80085); 235(7.93417); 236(5.20788); 237(1.80346); 238(2.82831); 239(1.16718); 240(5.47468); 241(4.9479); 242(7.92091); 243(5.58986); 244(0.20494); 245(5.28427); 246(7.63277); 247(3.99944); 248(7.19761); 249(1.36174); 250(3.44487); 251(7.41655); 252(4.66148); 253(2.78251); 254(0.10224); 255(0.99405); 256(4.13175); 257(5.0866); 258(8.1203); 259(4.64172); 260(5.15571); 261(1.71535); 262(3.43538); 263(4.70806); 264(4.85085); 265(8.52613); 266(8.31407); 267(4.05322); 268(4.12189); 269(4.48873); 270(6.94487); 271(2.02331); 272(5.93823); 273(2.9348); 274(6.38511); 275(4.02529); 276(6.80758); 277(3.10663); 278(8.83152); 279(6.43449); 280(5.25826); 281(0.48524); 282(8.72645); 283(7.88295); 284(8.75949); 285(3.95934); 286(1.44857); 287(7.05929); 288(4.35369); 289(5.5556); 290(0.29208); 291(5.9923); 292(7.57498); 293(8.02315); 294(0.47436); 295(5.52113); 296(8.66379); 297(3.00371); 298(0.39644); 299(3.8636),1307.24584,1307.24584,4.37205966555184,2.557913768533529,8.91181,0.00685,0.4127056391245638,1
103,0(1.95649); 1(1.81699); 2(0.53357); 3(0.57902); 4(8.96241); 5(6.0411); 6(4.19871); 7(3.20968); 8(7.65777); 9(0.52429); 10(2.25087); 11(6.11275); 12(1.71281); 13(8.23019); 14(1.25915); 15(3.36479); 16(5.93336); 17(0.16913); 18(3.79131); 19(4.8306); 20(5.50625); 21(8.15092); 22(5.17975); 23(1.67289); 24(8.68738); 25(7.91967); 26(3.58225); 27(0.7409); 28(2.38562); 29(1.75612); 30(0.24889); 31(6.45526); 32(2.39425); 33(5.23439); 34(0.79202); 35(0.26055); 36(8.67425); 37(3.74678); 38(3.61322); 39(5.72875); 40(6.47187); 41(1.81283); 42(7.04084); 43(2.49564); 44(3.87508); 45(8.86869); 46(0.24198); 47(6.65342); 48(2.59513); 49(6.84445); 50(7.26221); 51(5.71129); 52(2.75992); 53(1.85494); 54(6.54335); 55(3.54258); 56(8.03562); 57(1.45979); 58(1.26457); 59(2.26481); 60(8.20839); 61(6.10628); 62(3.12068); 63(6.49744); 64(2.08018); 65(6.766); 66(4.85373); 67(4.41166); 68(5.0226); 69(2.47325); 70(7.58471); 71(8.1591); 72(5.31862); 73(3.71689); 74(8.61416); 75(5.88076); 76(3.85797); 77(8.05949); 78(8.44966); 79(1.86622); 80(8.80966); 81(3.20544); 82(8.91613); 83(2.03151); 84(2.91113); 85(4.82366); 86(2.77914); 87(1.09554); 88(1.953); 89(3.68663); 90(6.74827); 91(6.78089); 92(4.23717); 93(2.46087); 94(4.93882); 95(7.89537); 96(3.95301); 97(4.56839); 98(6.90307); 99(8.71017); 100(3.29256); 101(1.00587); 102(6.85673); 104(4.80283); 105(3.50604); 106(1.64014); 107(0.27485); 108(4.67355); 109(3.00259); 110(1.94107); 111(5.58877); 112(5.02742); 113(0.13734); 114(2.89861); 115(2.46842); 116(7.74363); 117(3.21138); 118(3.40437); 119(2.17237); 120(2.02709); 121(7.85346); 122(7.22409); 123(7.98473); 124(1.25362); 125(4.58423); 126(2.67599); 127(0.73639); 128(4.03929); 129(2.164); 130(6.95312); 131(5.90823); 132(3.51917); 133(8.80092); 134(4.08394); 135(0.69932); 136(7.25816); 137(6.33433); 138(5.98129); 139(6.08993); 140(7.79559); 141(7.33603); 142(0.4963); 143(2.28796); 144(3.31154); 145(4.51123); 146(2.40798); 147(0.34118); 148(6.6093); 149(2.5393); 150(2.14522); 151(3.09748); 152(4.03193); 153(1.6344); 154(0.60864); 155(2.56546); 156(6.63766); 157(4.37153); 158(1.42227); 159(8.78079); 160(0.62733); 161(5.1308); 162(0.95699); 163(7.31271); 164(8.91228); 165(0.86343); 166(2.37598); 167(4.15105); 168(5.02815); 169(5.6891); 170(2.12989); 171(0.394); 172(6.74277); 173(7.51291); 174(0.68464); 175(7.67856); 176(8.82824); 177(7.82613); 178(8.21593); 179(1.66787); 180(4.65257); 181(2.58048); 182(1.21096); 183(6.38685); 184(6.70158); 185(8.31573); 186(8.84807); 187(2.98071); 188(0.57897); 189(3.90499); 190(7.20514); 191(2.52294); 192(4.83307); 193(4.36798); 194(5.93256); 195(7.80855); 196(1.28293); 197(2.49386); 198(3.12155); 199(2.94266); 200(3.93409); 201(0.09732); 202(6.62667); 203(0.95356); 204(1.12665); 205(6.53247); 206(6.07152); 207(2.62853); 208(6.43789); 209(4.63125); 210(5.7424); 211(8.6888); 212(1.79931); 213(8.31416); 214(0.5525); 215(7.95168); 216(1.10318); 217(3.3493); 218(7.54181); 219(4.00125); 220(3.74691); 221(7.85015); 222(7.60592); 223(3.19758); 224(7.30322); 225(0.00612); 226(7.48269); 227(6.31805); 228(0.25809); 229(1.32688); 230(8.86989); 231(2.76483); 232(0.44715); 233(2.51222); 234(7.04718); 235(5.19502); 236(6.41302); 237(7.91142); 238(4.99668); 239(4.2644); 240(5.45105); 241(2.26161); 242(6.22066); 243(1.15603); 244(0.38417); 245(3.86449); 246(3.24327); 247(1.36251); 248(7.54528); 249(4.57595); 250(8.7212); 251(6.85274); 252(0.30695); 253(0.6908); 254(1.54015); 255(5.72629); 256(2.98508); 257(7.166); 258(4.16977); 259(1.20652); 260(2.67468); 261(7.90546); 262(1.91996); 263(2.06468); 264(7.56398); 265(8.1084); 266(5.13821); 267(4.02474); 268(2.09408); 269(3.17565); 270(5.75929); 271(6.44301); 272(2.95636); 273(2.16849); 274(0.67032); 275(0.46126); 276(5.71719); 277(8.62065); 278(4.17363); 279(6.91978); 280(3.50287); 281(3.76575); 282(4.69074); 283(6.3639); 284(8.81056); 285(5.73226); 286(5.92693); 287(4.48962); 288(0.25768); 289(1.73173); 290(1.70872); 291(2.11035); 292(8.26246); 293(2.82644); 294(5.50415); 295(7.36317); 296(8.4624); 297(0.8528); 298(1.58523); 299(5.02894),1302.64111,1302.64111,4.356659230769231,2.627041239449998,8.96241,0.00612,0.41095414337084873,1
104,0(5.15813); 1(5.68555); 2(1.13262); 3(3.32935); 4(8.63618); 5(3.15106); 6(6.32332); 7(8.5761); 8(6.53831); 9(0.6664); 10(8.51001); 11(5.43323); 12(0.83204); 13(2.06903); 14(8.8244); 15(0.34647); 16(5.88646); 17(8.86091); 18(3.91879); 19(4.59091); 20(7.08325); 21(7.18192); 22(3.24682); 23(8.77831); 24(7.27231); 25(6.10608); 26(3.34617); 27(6.8994); 28(8.0391); 29(5.53883); 30(3.75228); 31(4.48932); 32(5.91305); 33(2.83526); 34(2.96571); 35(0.13315); 36(7.76551); 37(7.8384); 38(1.24311); 39(3.11869); 40(0.15106); 41(7.77991); 42(1.83239); 43(7.21426); 44(5.68029); 45(6.05757); 46(8.51964); 47(2.62139); 48(2.83023); 49(3.4304); 50(2.98438); 51(1.72602); 52(1.04685); 53(0.15798); 54(0.71615); 55(6.57945); 56(2.29437); 57(7.61454); 58(8.32157); 59(6.25684); 60(0.46877); 61(0.61288); 62(4.6471); 63(4.81815); 64(3.69958); 65(2.90289); 66(1.02228); 67(0.52388); 68(2.49196); 69(7.47919); 70(8.78257); 71(3.23074); 72(4.52888); 73(6.34072); 74(5.96288); 75(2.5737); 76(3.7932); 77(2.44894); 78(8.71348); 79(2.74072); 80(8.97853); 81(6.74431); 82(7.44435); 83(0.54735); 84(8.63239); 85(6.21632); 86(1.0525); 87(1.76129); 88(1.77517); 89(8.99139); 90(8.86829); 91(5.8843); 92(6.94022); 93(3.4807); 94(1.0683); 95(3.73348); 96(4.08268); 97(5.18318); 98(6.54736); 99(0.55632); 100(0.62306); 101(0.42001); 102(0.56885); 103(4.80283); 105(0.57877); 106(4.86265); 107(0.36974); 108(3.57906); 109(5.69108); 110(3.85566); 111(2.67468); 112(7.34909); 113(6.94506); 114(1.56863); 115(0.19356); 116(1.88319); 117(2.10602); 118(3.14115); 119(7.02256); 120(1.72754); 121(0.89326); 122(1.86215); 123(2.33264); 124(8.84426); 125(0.36917); 126(1.4106); 127(8.60208); 128(5.46372); 129(3.20869); 130(2.99289); 131(7.71682); 132(7.83946); 133(7.01227); 134(8.21215); 135(0.03855); 136(0.31437); 137(3.6067); 138(8.92682); 139(0.78551); 140(1.29098); 141(0.61943); 142(2.24115); 143(5.9347); 144(5.61869); 145(4.12609); 146(5.30449); 147(5.36207); 148(7.06146); 149(7.98779); 150(1.36772); 151(0.52563); 152(2.06096); 153(5.677); 154(2.05799); 155(7.80846); 156(6.07313); 157(0.4319); 158(4.13579); 159(4.86955); 160(1.92537); 161(8.76753); 162(2.31566); 163(4.94638); 164(2.80001); 165(0.07547); 166(3.59684); 167(5.31268); 168(2.15353); 169(7.23374); 170(7.59174); 171(8.83107); 172(5.83069); 173(4.74939); 174(7.6544); 175(6.79919); 176(5.32432); 177(4.64253); 178(1.5154); 179(0.13296); 180(4.9674); 181(7.59687); 182(0.31814); 183(4.83049); 184(8.17821); 185(7.8852); 186(8.86572); 187(7.72775); 188(7.79887); 189(2.07161); 190(6.21466); 191(0.34912); 192(5.34297); 193(5.87467); 194(8.25034); 195(1.06154); 196(3.57956); 197(0.68089); 198(3.47161); 199(3.51946); 200(2.79101); 201(2.45178); 202(8.495); 203(4.15655); 204(2.91786); 205(6.41221); 206(7.47786); 207(0.32431); 208(3.6885); 209(1.10425); 210(4.91535); 211(2.17471); 212(0.00367); 213(8.80819); 214(0.48742); 215(8.04599); 216(8.72874); 217(8.6949); 218(3.79867); 219(5.16062); 220(5.8431); 221(3.87282); 222(2.6177); 223(0.15731); 224(5.92225); 225(0.75707); 226(5.0887); 227(3.26489); 228(5.44572); 229(0.74432); 230(7.76871); 231(1.53031); 232(8.81338); 233(7.23006); 234(0.29049); 235(6.98426); 236(3.44151); 237(6.84886); 238(3.70007); 239(5.00535); 240(8.01842); 241(6.038); 242(5.70657); 243(1.2232); 244(4.16013); 245(7.82854); 246(4.30079); 247(1.53004); 248(1.57621); 249(5.77915); 250(0.3556); 251(0.70334); 252(0.12521); 253(6.56541); 254(7.7649); 255(3.91826); 256(6.65752); 257(0.25476); 258(5.32645); 259(4.8944); 260(4.58369); 261(1.58052); 262(4.58408); 263(1.29135); 264(3.33186); 265(3.10789); 266(1.62699); 267(5.81442); 268(4.8822); 269(4.37827); 270(4.44153); 271(4.98954); 272(3.52463); 273(5.42346); 274(7.54836); 275(0.28742); 276(8.54888); 277(6.21143); 278(5.27089); 279(5.31282); 280(5.97531); 281(3.55972); 282(5.02159); 283(5.50747); 284(1.13045); 285(1.96522); 286(3.19504); 287(4.30706); 288(4.025); 289(1.50094); 290(5.76411); 291(5.72764); 292(6.46929); 293(4.18183); 294(0.65711); 295(2.93254); 296(6.11573); 297(5.84596); 298(6.78901); 299(7.19443),1307.13348,1307.13348,4.371683879598662,2.6885767586593112,8.99139,0.00367,0.40468015717538114,1
105,0(7.5541); 1(8.38791); 2(5.42323); 3(2.1545); 4(6.92007); 5(3.18915); 6(7.96724); 7(8.63365); 8(1.2096); 9(0.0925); 10(2.98284); 11(7.47695); 12(1.82244); 13(0.60861); 14(7.69942); 15(1.62669); 16(4.45375); 17(6.43507); 18(8.02882); 19(2.71386); 20(6.26047); 21(5.53715); 22(4.46506); 23(5.95422); 24(6.42876); 25(1.54094); 26(0.30339); 27(1.44163); 28(2.79466); 29(8.34332); 30(5.56771); 31(8.37846); 32(7.06161); 33(7.87601); 34(4.35448); 35(6.76811); 36(2.84349); 37(8.45151); 38(6.69026); 39(8.8814); 40(8.41754); 41(1.13551); 42(0.93972); 43(5.58772); 44(0.9935); 45(2.20445); 46(7.57645); 47(7.31625); 48(1.50666); 49(7.98645); 50(7.26948); 51(7.7663); 52(7.85655); 53(7.14261); 54(0.9072); 55(2.41091); 56(6.653); 57(1.01542); 58(2.23205); 59(8.74718); 60(6.97733); 61(4.6857); 62(2.4888); 63(6.8278); 64(7.081); 65(2.25582); 66(0.16079); 67(4.27486); 68(5.41731); 69(6.68154); 70(0.85997); 71(1.20802); 72(7.21801); 73(5.57184); 74(7.58953); 75(0.74509); 76(6.16278); 77(5.53417); 78(7.4703); 79(8.34998); 80(5.69182); 81(6.03403); 82(8.11908); 83(0.41227); 84(4.69532); 85(5.03419); 86(3.78708); 87(0.65922); 88(2.09069); 89(6.0482); 90(6.0455); 91(6.43079); 92(2.65459); 93(4.21604); 94(4.7033); 95(5.48643); 96(3.33857); 97(4.27904); 98(3.90363); 99(3.68255); 100(8.41385); 101(5.88163); 102(7.5238); 103(3.50604); 104(0.57877); 106(7.60414); 107(0.13878); 108(4.0162); 109(6.73188); 110(6.47299); 111(4.76447); 112(6.39341); 113(4.83358); 114(8.04791); 115(6.9761); 116(3.13928); 117(6.3084); 118(3.45421); 119(3.88703); 120(2.90259); 121(3.91489); 122(5.44035); 123(2.22505); 124(2.70054); 125(5.25476); 126(2.68679); 127(0.03077); 128(1.41229); 129(8.201); 130(3.14434); 131(5.74382); 132(6.64126); 133(2.81278); 134(2.12718); 135(4.35799); 136(4.3425); 137(7.58449); 138(8.74484); 139(6.56459); 140(5.86398); 141(0.92178); 142(2.99748); 143(6.00352); 144(3.5902); 145(6.52394); 146(8.41432); 147(6.39759); 148(0.74312); 149(6.83904); 150(1.52328); 151(0.39174); 152(2.41788); 153(1.78091); 154(2.76075); 155(7.21483); 156(6.98818); 157(8.91126); 158(5.50373); 159(0.24822); 160(8.65873); 161(3.89601); 162(3.31823); 163(0.61744); 164(2.87772); 165(6.77288); 166(3.704); 167(6.99207); 168(2.09302); 169(8.92438); 170(5.40558); 171(1.84611); 172(5.92796); 173(8.80025); 174(2.19815); 175(1.9123); 176(4.23931); 177(8.07634); 178(5.10613); 179(4.22804); 180(7.20217); 181(2.77904); 182(4.2243); 183(4.02239); 184(8.33948); 185(5.70252); 186(5.28662); 187(8.37857); 188(0.05447); 189(5.20575); 190(8.98985); 191(8.96695); 192(0.33233); 193(0.2894); 194(4.35531); 195(7.55859); 196(3.22775); 197(8.76872); 198(3.59257); 199(0.11705); 200(1.06249); 201(7.12444); 202(1.95507); 203(6.36668); 204(0.02334); 205(3.80924); 206(7.2611); 207(6.41398); 208(1.53474); 209(7.13519); 210(5.82565); 211(2.07962); 212(5.47089); 213(6.0294); 214(4.30105); 215(1.35423); 216(6.60287); 217(4.8393); 218(3.83077); 219(2.90563); 220(1.58929); 221(1.07648); 222(5.65058); 223(8.21046); 224(5.70615); 225(4.03021); 226(0.22736); 227(6.72215); 228(8.14795); 229(2.90712); 230(0.59845); 231(1.54407); 232(2.89079); 233(5.16299); 234(6.96394); 235(8.21129); 236(3.13734); 237(5.66891); 238(5.86501); 239(8.58234); 240(3.04191); 241(2.05661); 242(2.36107); 243(3.85648); 244(8.10759); 245(1.69347); 246(1.14657); 247(1.05511); 248(7.83911); 249(4.02352); 250(8.05611); 251(8.25724); 252(2.12266); 253(4.55058); 254(7.60312); 255(2.25768); 256(7.36527); 257(1.56691); 258(0.11424); 259(1.94442); 260(2.02147); 261(1.18077); 262(5.4965); 263(1.46726); 264(4.56776); 265(0.62488); 266(7.61618); 267(3.73867); 268(0.20521); 269(4.30835); 270(3.08577); 271(5.0206); 272(8.91546); 273(5.89322); 274(7.30696); 275(7.44948); 276(4.62071); 277(8.92839); 278(6.77005); 279(1.22622); 280(2.12156); 281(1.43997); 282(4.9301); 283(7.63274); 284(6.80716); 285(6.35672); 286(2.25999); 287(0.04354); 288(7.73148); 289(2.6263); 290(5.35316); 291(8.75246); 292(5.74382); 293(0.39891); 294(3.8509); 295(4.63821); 296(0.64759); 297(1.17571); 298(0.4455); 299(8.69381),1380.32226,1380.32226,4.616462408026756,2.66159803382839,8.98985,0.02334,0.426176511315917,2
106,0(4.20953); 1(0.21485); 2(4.22668); 3(7.69717); 4(1.02881); 5(2.29684); 6(5.40866); 7(7.61569); 8(2.51885); 9(5.94257); 10(0.47729); 11(6.94552); 12(1.00093); 13(8.21865); 14(0.82352); 15(3.58892); 16(2.5394); 17(0.19429); 18(7.51263); 19(3.8798); 20(8.55251); 21(1.19559); 22(7.87998); 23(6.85758); 24(2.30551); 25(3.85288); 26(3.39908); 27(7.81691); 28(7.72875); 29(7.80271); 30(4.18054); 31(0.0106); 32(7.20535); 33(2.48681); 34(4.41286); 35(3.82489); 36(7.40867); 37(5.64326); 38(1.21983); 39(3.1784); 40(8.29473); 41(1.0498); 42(4.64454); 43(4.19529); 44(2.84839); 45(3.21758); 46(8.88227); 47(4.5295); 48(8.77568); 49(2.50643); 50(5.65782); 51(0.02641); 52(1.01865); 53(8.14276); 54(2.91286); 55(8.01478); 56(4.71892); 57(1.29094); 58(8.90818); 59(3.69758); 60(2.53336); 61(6.0153); 62(0.78935); 63(2.07062); 64(5.24631); 65(5.29288); 66(8.76887); 67(7.33988); 68(2.42391); 69(2.53655); 70(0.26457); 71(5.9209); 72(4.09155); 73(0.56625); 74(3.75625); 75(1.04498); 76(6.70486); 77(7.81805); 78(0.69466); 79(6.58603); 80(1.25358); 81(8.65047); 82(7.64299); 83(3.64488); 84(7.66212); 85(7.38498); 86(2.96339); 87(6.25279); 88(0.20921); 89(0.65728); 90(0.44429); 91(3.98403); 92(1.051); 93(8.0039); 94(6.99823); 95(5.23574); 96(5.98038); 97(8.51214); 98(6.626); 99(7.69884); 100(4.66218); 101(8.15963); 102(8.72519); 103(1.64014); 104(4.86265); 105(7.60414); 107(5.66725); 108(6.58721); 109(3.30972); 110(2.28511); 111(3.95259); 112(7.95721); 113(4.15434); 114(3.03762); 115(8.11646); 116(3.78069); 117(7.24387); 118(4.62405); 119(4.94224); 120(5.90624); 121(5.7658); 122(5.49158); 123(5.85454); 124(0.54513); 125(2.80217); 126(5.92574); 127(7.6533); 128(1.23213); 129(8.78088); 130(8.6003); 131(0.0869); 132(2.26674); 133(3.3029); 134(2.01893); 135(4.34066); 136(3.26613); 137(5.19902); 138(7.47643); 139(6.07847); 140(7.29638); 141(2.03706); 142(3.50108); 143(8.96299); 144(5.05835); 145(5.78901); 146(5.302); 147(3.81626); 148(0.93078); 149(4.96091); 150(7.98464); 151(6.31078); 152(5.91881); 153(1.49811); 154(7.97698); 155(5.81169); 156(7.12202); 157(6.21719); 158(8.75637); 159(4.17632); 160(3.92829); 161(0.23624); 162(6.94729); 163(2.41925); 164(2.4119); 165(5.28958); 166(7.77999); 167(1.6936); 168(4.21415); 169(0.6717); 170(2.50151); 171(5.88714); 172(2.92632); 173(3.60753); 174(5.4363); 175(2.73496); 176(2.97984); 177(7.47373); 178(6.92185); 179(7.0035); 180(8.13299); 181(7.33406); 182(2.36123); 183(4.30471); 184(7.02868); 185(8.02332); 186(6.77838); 187(5.64701); 188(3.70564); 189(2.79543); 190(8.04719); 191(6.29232); 192(1.47235); 193(0.48063); 194(0.6634); 195(3.62641); 196(1.79684); 197(8.85021); 198(1.91292); 199(4.36567); 200(1.99533); 201(1.18749); 202(5.95083); 203(6.3872); 204(6.50011); 205(8.0489); 206(8.43937); 207(0.60653); 208(1.77158); 209(5.58421); 210(3.49212); 211(5.37886); 212(5.32864); 213(5.24313); 214(4.83692); 215(8.94406); 216(7.09001); 217(5.07888); 218(8.68491); 219(6.88636); 220(6.26772); 221(2.63944); 222(7.2283); 223(7.4547); 224(1.76123); 225(8.69277); 226(8.23739); 227(1.56179); 228(5.55533); 229(5.97365); 230(6.04241); 231(4.39621); 232(6.30991); 233(0.88979); 234(3.201); 235(8.91931); 236(2.35531); 237(5.15074); 238(4.58404); 239(7.91572); 240(0.00748); 241(3.4425); 242(2.81525); 243(2.34451); 244(0.76731); 245(4.77818); 246(1.16721); 247(2.26327); 248(6.481); 249(0.28273); 250(6.15228); 251(3.17123); 252(5.51964); 253(7.28186); 254(2.51157); 255(1.35935); 256(6.178); 257(2.68689); 258(5.43062); 259(5.19469); 260(4.64583); 261(1.38408); 262(3.95212); 263(5.61679); 264(5.25706); 265(3.346); 266(7.29229); 267(1.56542); 268(4.34959); 269(2.17313); 270(7.63915); 271(4.78347); 272(2.29641); 273(6.9692); 274(6.08048); 275(8.31308); 276(4.9593); 277(2.57276); 278(8.69852); 279(2.5442); 280(5.97019); 281(2.8422); 282(8.0432); 283(8.46001); 284(0.12121); 285(8.13162); 286(3.63972); 287(6.18354); 288(0.88147); 289(7.0855); 290(4.68576); 291(4.53051); 292(4.80813); 293(3.2426); 294(6.19769); 295(1.73362); 296(4.32985); 297(8.24319); 298(6.15186); 299(4.7997),1404.90408,1404.90408,4.698675852842809,2.5556568301495064,8.96299,0.00748,0.43792662996683446,2
107,0(3.65426); 1(0.6332); 2(7.49546); 3(4.35071); 4(1.91842); 5(5.65251); 6(6.33198); 7(8.88905); 8(5.37809); 9(8.35377); 10(4.39674); 11(5.55376); 12(4.30209); 13(3.78739); 14(1.86982); 15(8.28056); 16(6.33965); 17(1.014); 18(4.59322); 19(5.83985); 20(3.62093); 21(5.86865); 22(3.51498); 23(6.73439); 24(4.27875); 25(1.15567); 26(4.29803); 27(7.53044); 28(0.61326); 29(7.36523); 30(1.32535); 31(3.14774); 32(4.97729); 33(8.95343); 34(6.68812); 35(7.49184); 36(7.79352); 37(7.2251); 38(3.97065); 39(1.10363); 40(5.6679); 41(4.47845); 42(5.50609); 43(8.16436); 44(8.28505); 45(0.8232); 46(4.31763); 47(1.123); 48(7.72364); 49(6.72583); 50(1.3084); 51(5.06432); 52(4.73138); 53(0.6155); 54(4.87116); 55(2.71576); 56(5.76706); 57(1.54111); 58(7.90952); 59(0.47449); 60(0.55575); 61(8.22638); 62(4.4525); 63(0.52775); 64(7.80302); 65(8.09621); 66(5.99513); 67(2.79555); 68(4.36915); 69(5.78442); 70(6.42901); 71(5.85057); 72(3.827); 73(7.66052); 74(1.40313); 75(4.97199); 76(5.55426); 77(4.93691); 78(3.06641); 79(1.46691); 80(7.53898); 81(6.79876); 82(4.87979); 83(5.92054); 84(5.52459); 85(8.12625); 86(8.17887); 87(4.16976); 88(5.52168); 89(5.14427); 90(6.73221); 91(3.01448); 92(2.13047); 93(0.32333); 94(4.73311); 95(5.97083); 96(1.58441); 97(1.6104); 98(0.65906); 99(3.04674); 100(7.34098); 101(6.03311); 102(4.50732); 103(0.27485); 104(0.36974); 105(0.13878); 106(5.66725); 108(6.05429); 109(7.94538); 110(1.41885); 111(4.63227); 112(4.70592); 113(2.03942); 114(6.25656); 115(3.52497); 116(8.52367); 117(6.40697); 118(5.42628); 119(4.0209); 120(7.41509); 121(3.47249); 122(0.37978); 123(2.60553); 124(5.82833); 125(5.68645); 126(7.03692); 127(3.98334); 128(7.41893); 129(1.31968); 130(4.41971); 131(3.27793); 132(3.54726); 133(3.72291); 134(5.60772); 135(7.79212); 136(4.86263); 137(8.77838); 138(3.80574); 139(6.60028); 140(6.11243); 141(0.56566); 142(1.20288); 143(8.12204); 144(6.81962); 145(0.12404); 146(7.33974); 147(7.55559); 148(2.48735); 149(7.51608); 150(0.40037); 151(2.94768); 152(3.45576); 153(3.18365); 154(1.01179); 155(1.49192); 156(5.37701); 157(7.83025); 158(7.88714); 159(4.71467); 160(2.08746); 161(0.52552); 162(3.96453); 163(7.48108); 164(7.65826); 165(3.45966); 166(2.01221); 167(3.90735); 168(6.23825); 169(4.85649); 170(7.65125); 171(1.79835); 172(5.5622); 173(4.06071); 174(7.6083); 175(4.66972); 176(7.67691); 177(0.68101); 178(7.51745); 179(3.1746); 180(1.08852); 181(7.40323); 182(2.83494); 183(2.75473); 184(7.24413); 185(1.05503); 186(2.99158); 187(5.38834); 188(1.88301); 189(6.92043); 190(1.33211); 191(8.53431); 192(0.44949); 193(7.40714); 194(6.79807); 195(5.8853); 196(4.32698); 197(6.21461); 198(6.16448); 199(0.59219); 200(8.56972); 201(1.86232); 202(4.71756); 203(2.90812); 204(0.626); 205(5.29068); 206(7.67938); 207(1.35705); 208(0.47553); 209(3.06558); 210(4.07921); 211(3.99994); 212(1.90875); 213(1.6335); 214(1.49143); 215(5.76688); 216(0.08363); 217(5.01303); 218(0.64274); 219(2.97193); 220(7.07124); 221(2.45349); 222(5.31538); 223(1.93286); 224(4.13502); 225(4.67298); 226(8.30215); 227(8.43047); 228(1.22342); 229(8.10904); 230(5.35369); 231(7.1417); 232(0.06795); 233(4.53314); 234(0.78286); 235(8.17979); 236(1.59417); 237(5.08963); 238(8.23644); 239(4.7673); 240(5.63048); 241(3.58175); 242(5.0911); 243(4.96641); 244(8.88977); 245(8.77739); 246(0.16118); 247(5.60302); 248(7.05717); 249(1.06916); 250(1.30326); 251(8.33383); 252(1.88227); 253(8.47461); 254(5.12581); 255(0.20005); 256(3.42491); 257(6.5746); 258(1.77284); 259(1.77636); 260(4.55935); 261(7.03959); 262(8.50493); 263(5.07813); 264(0.64627); 265(2.15065); 266(8.11188); 267(3.92163); 268(3.08169); 269(7.60033); 270(0.5814); 271(1.94521); 272(3.64033); 273(8.69876); 274(6.95417); 275(5.87698); 276(7.00322); 277(5.25048); 278(3.06992); 279(2.78747); 280(0.96447); 281(4.02033); 282(8.67823); 283(6.16838); 284(6.50331); 285(1.31657); 286(4.06901); 287(3.91552); 288(4.89377); 289(0.95012); 290(0.40095); 291(7.48235); 292(5.74538); 293(3.6973); 294(6.83494); 295(0.03978); 296(0.97561); 297(0.60048); 298(3.42578); 299(4.32981),1341.08696,1341.08696,4.485240668896322,2.566007572984069,8.95343,0.03978,0.4203893432669901,1
108,0(3.30515); 1(0.93697); 2(2.93155); 3(6.45888); 4(0.00923); 5(8.29052); 6(8.12067); 7(5.47065); 8(6.9897); 9(0.29277); 10(2.88145); 11(4.92429); 12(1.51294); 13(6.16088); 14(8.18149); 15(2.90896); 16(0.2225); 17(5.57116); 18(0.73169); 19(7.44114); 20(3.50898); 21(8.91316); 22(1.76632); 23(8.17325); 24(1.00089); 25(7.78315); 26(0.30489); 27(0.30452); 28(5.22155); 29(6.01206); 30(1.09028); 31(5.89881); 32(1.91853); 33(2.10839); 34(8.06907); 35(5.06563); 36(6.90415); 37(7.30009); 38(8.32656); 39(2.10423); 40(3.0373); 41(3.40049); 42(3.55562); 43(8.03104); 44(5.68887); 45(4.38688); 46(8.51265); 47(2.33603); 48(8.55673); 49(7.37692); 50(2.33273); 51(2.39101); 52(0.06162); 53(8.08015); 54(7.00974); 55(0.19673); 56(5.05951); 57(0.01623); 58(4.19168); 59(1.08129); 60(8.48223); 61(0.40471); 62(5.39881); 63(6.9813); 64(3.17297); 65(1.33537); 66(4.22784); 67(8.63739); 68(0.77497); 69(2.69326); 70(0.12922); 71(7.43593); 72(8.50522); 73(6.59804); 74(4.79246); 75(3.45941); 76(8.18911); 77(2.65945); 78(6.81547); 79(7.97055); 80(6.23953); 81(7.75855); 82(0.83376); 83(0.33097); 84(0.31953); 85(4.42106); 86(2.50583); 87(5.30548); 88(6.29271); 89(2.91225); 90(4.96962); 91(1.88121); 92(5.5466); 93(7.37745); 94(0.98689); 95(5.6038); 96(7.76651); 97(3.13199); 98(7.09824); 99(8.35302); 100(4.57073); 101(6.67972); 102(6.78269); 103(4.67355); 104(3.57906); 105(4.0162); 106(6.58721); 107(6.05429); 109(1.27107); 110(6.22618); 111(4.28677); 112(1.65163); 113(6.33803); 114(3.58689); 115(7.85525); 116(0.30152); 117(5.43793); 118(5.17267); 119(2.69004); 120(3.84137); 121(3.46208); 122(7.09495); 123(3.36309); 124(7.12197); 125(0.63737); 126(3.12674); 127(7.38897); 128(4.07761); 129(2.76493); 130(5.50787); 131(0.75573); 132(4.75511); 133(8.90314); 134(8.7953); 135(5.33821); 136(8.29259); 137(0.88869); 138(6.78847); 139(1.36751); 140(5.24894); 141(0.73776); 142(2.27188); 143(8.43838); 144(8.69989); 145(3.50967); 146(3.66229); 147(7.93347); 148(0.62279); 149(0.19553); 150(8.10908); 151(5.72659); 152(5.52539); 153(0.91952); 154(8.46899); 155(8.46167); 156(5.91646); 157(0.05054); 158(8.92618); 159(7.30446); 160(3.99918); 161(8.28163); 162(0.25323); 163(4.23588); 164(0.92886); 165(1.8105); 166(5.30411); 167(4.87706); 168(4.23344); 169(6.29236); 170(6.32987); 171(3.52857); 172(3.67655); 173(7.63173); 174(5.10928); 175(8.03107); 176(0.13131); 177(4.14711); 178(7.83784); 179(8.0794); 180(3.65448); 181(2.41646); 182(3.24411); 183(0.959); 184(2.61879); 185(3.49803); 186(5.06897); 187(8.57991); 188(3.5077); 189(0.83447); 190(2.9802); 191(2.90091); 192(7.54024); 193(5.50709); 194(8.15306); 195(5.70351); 196(5.28161); 197(4.15251); 198(8.6455); 199(7.36273); 200(7.45163); 201(7.14033); 202(4.95143); 203(7.78344); 204(3.80372); 205(3.58023); 206(2.78724); 207(6.79202); 208(4.3482); 209(0.8569); 210(1.31285); 211(7.70508); 212(4.73311); 213(4.63217); 214(2.1021); 215(8.51308); 216(5.97272); 217(3.43615); 218(6.33243); 219(8.9475); 220(2.20458); 221(0.05008); 222(7.72901); 223(3.22512); 224(3.98902); 225(3.71459); 226(8.93008); 227(6.49736); 228(3.91289); 229(0.87376); 230(6.47202); 231(6.95169); 232(7.17313); 233(1.6885); 234(6.23386); 235(8.54722); 236(4.3139); 237(7.01103); 238(0.23879); 239(6.8815); 240(7.72055); 241(0.70394); 242(8.24894); 243(6.84469); 244(8.27376); 245(7.94165); 246(4.37162); 247(7.242); 248(8.66198); 249(5.58627); 250(5.67346); 251(5.92703); 252(6.87621); 253(7.03495); 254(6.46856); 255(1.62815); 256(0.83015); 257(6.02093); 258(0.17614); 259(0.01755); 260(5.58076); 261(8.9254); 262(0.96149); 263(2.64039); 264(3.96912); 265(1.6842); 266(8.86945); 267(8.38748); 268(5.97571); 269(8.40643); 270(8.4766); 271(5.50882); 272(5.2801); 273(5.43108); 274(6.51193); 275(2.53804); 276(6.39169); 277(0.16429); 278(5.31789); 279(3.76786); 280(1.04996); 281(1.24739); 282(1.5109); 283(5.26152); 284(8.92285); 285(4.368); 286(7.4752); 287(4.55232); 288(7.72755); 289(6.67462); 290(6.72372); 291(1.52478); 292(7.736); 293(0.20327); 294(6.59596); 295(2.11674); 296(0.70402); 297(0.78152); 298(4.33819); 299(7.87537),1417.0575,1417.0575,4.739322742474916,2.7241522139956182,8.9475,0.00923,0.42965686491078603,2
109,0(2.25435); 1(5.83396); 2(5.38846); 3(0.17299); 4(1.96203); 5(6.92554); 6(1.1436); 7(8.78482); 8(1.74158); 9(0.82015); 10(0.44526); 11(8.33504); 12(3.80697); 13(2.24946); 14(4.52868); 15(5.3071); 16(6.27326); 17(8.28074); 18(8.99923); 19(5.89972); 20(1.40742); 21(5.88625); 22(2.20535); 23(1.6184); 24(4.88583); 25(8.70857); 26(8.78402); 27(4.27513); 28(4.04155); 29(5.31075); 30(1.27498); 31(5.1445); 32(7.84239); 33(6.97252); 34(6.93489); 35(5.34777); 36(6.79743); 37(3.84156); 38(7.99903); 39(8.84685); 40(0.91536); 41(5.60128); 42(5.75789); 43(8.09495); 44(4.62633); 45(6.41046); 46(3.68553); 47(8.24052); 48(3.06901); 49(7.67687); 50(2.10085); 51(2.08307); 52(6.8899); 53(7.53286); 54(6.35349); 55(1.11265); 56(6.46996); 57(3.76925); 58(5.91069); 59(1.31264); 60(2.19901); 61(4.0724); 62(4.64688); 63(8.49486); 64(3.61102); 65(8.98416); 66(7.25918); 67(6.58109); 68(7.65127); 69(7.20646); 70(1.32792); 71(6.53568); 72(4.09717); 73(7.60315); 74(1.1251); 75(7.98885); 76(0.92155); 77(7.76747); 78(4.91771); 79(6.85247); 80(2.62189); 81(8.75408); 82(8.36498); 83(1.18566); 84(7.9328); 85(1.17683); 86(7.05621); 87(3.89143); 88(7.00488); 89(8.58805); 90(8.42528); 91(2.49648); 92(4.25242); 93(4.40483); 94(3.63885); 95(2.49448); 96(4.63545); 97(2.4584); 98(1.03221); 99(7.59881); 100(6.5521); 101(5.88778); 102(3.45); 103(3.00259); 104(5.69108); 105(6.73188); 106(3.30972); 107(7.94538); 108(1.27107); 110(8.72628); 111(0.93368); 112(1.88908); 113(7.2308); 114(7.7972); 115(2.10236); 116(3.83314); 117(8.61919); 118(0.12244); 119(4.06546); 120(8.21903); 121(1.72731); 122(8.11967); 123(5.6671); 124(4.70759); 125(3.43888); 126(5.59788); 127(7.06654); 128(1.47284); 129(6.84947); 130(7.36309); 131(6.06472); 132(6.49559); 133(3.17673); 134(6.96063); 135(2.7302); 136(0.80935); 137(1.43629); 138(8.69664); 139(3.2488); 140(8.22134); 141(7.08747); 142(6.16537); 143(8.72062); 144(4.58287); 145(5.57868); 146(3.32072); 147(3.43938); 148(7.22298); 149(7.31568); 150(6.26773); 151(5.34376); 152(4.01685); 153(0.51681); 154(4.03153); 155(0.86551); 156(7.09584); 157(5.75285); 158(4.38933); 159(3.03117); 160(1.02563); 161(8.99123); 162(0.03061); 163(4.28142); 164(8.0911); 165(0.73474); 166(2.46572); 167(2.44692); 168(5.00283); 169(4.39265); 170(8.99624); 171(4.0448); 172(3.59785); 173(4.83763); 174(6.70807); 175(6.78352); 176(2.97813); 177(5.16993); 178(1.7723); 179(7.31902); 180(3.5544); 181(2.25662); 182(3.85471); 183(5.69487); 184(7.02999); 185(7.56929); 186(2.05185); 187(4.40705); 188(2.16094); 189(0.90024); 190(2.61508); 191(3.96365); 192(2.5806); 193(4.95566); 194(2.16759); 195(0.26114); 196(5.05938); 197(6.4952); 198(5.85427); 199(4.30739); 200(2.04967); 201(5.80167); 202(4.9831); 203(0.0487); 204(0.74232); 205(7.34897); 206(4.9279); 207(7.52576); 208(5.58021); 209(3.26625); 210(7.71817); 211(8.33216); 212(3.7799); 213(8.15657); 214(5.9432); 215(3.99544); 216(0.44025); 217(1.55389); 218(8.71603); 219(6.57594); 220(4.06774); 221(8.60233); 222(1.40128); 223(5.22345); 224(3.1367); 225(5.51828); 226(2.69118); 227(2.62284); 228(8.34507); 229(5.23621); 230(0.91347); 231(4.05619); 232(3.62786); 233(3.91842); 234(8.24024); 235(2.46484); 236(4.39674); 237(2.03861); 238(6.25331); 239(7.62827); 240(1.26244); 241(1.97443); 242(7.43222); 243(8.68769); 244(2.42927); 245(8.64547); 246(0.67642); 247(3.68094); 248(6.83799); 249(3.81517); 250(0.35684); 251(8.81887); 252(3.03574); 253(4.29767); 254(6.1212); 255(8.80553); 256(1.56344); 257(8.46061); 258(8.30199); 259(8.79624); 260(5.52856); 261(2.47272); 262(7.46952); 263(0.23654); 264(3.97392); 265(7.33912); 266(8.25582); 267(1.6925); 268(6.50193); 269(1.97925); 270(1.41626); 271(6.41419); 272(4.34209); 273(2.96267); 274(8.54135); 275(4.87893); 276(3.76152); 277(2.24688); 278(1.049); 279(3.83103); 280(1.16644); 281(8.51117); 282(0.20214); 283(8.30982); 284(1.29278); 285(8.15022); 286(0.10903); 287(5.35541); 288(4.02197); 289(0.73136); 290(3.7439); 291(3.24697); 292(7.72187); 293(8.93056); 294(7.65266); 295(8.44709); 296(0.18561); 297(2.01513); 298(4.62962); 299(8.37406),1431.69635,1431.69635,4.788282107023412,2.636054459194658,8.99923,0.03061,0.4445365596930224,2
110,0(0.0225); 1(4.10628); 2(5.58742); 3(3.56562); 4(3.92811); 5(8.51276); 6(4.0801); 7(2.04996); 8(0.65197); 9(5.04403); 10(5.65004); 11(4.14214); 12(5.16816); 13(6.26966); 14(6.69056); 15(3.85977); 16(3.75896); 17(3.34896); 18(0.29988); 19(6.40576); 20(7.84669); 21(7.11322); 22(7.35368); 23(7.84653); 24(4.37307); 25(7.24641); 26(6.71718); 27(8.23131); 28(6.57315); 29(7.49664); 30(3.68426); 31(3.89161); 32(8.44488); 33(2.02957); 34(7.20281); 35(6.64684); 36(7.3503); 37(5.05144); 38(7.78745); 39(1.34832); 40(3.22413); 41(3.96563); 42(3.17068); 43(8.53083); 44(6.01233); 45(0.34481); 46(7.26038); 47(7.88285); 48(5.86171); 49(0.73848); 50(4.26338); 51(4.30481); 52(3.06004); 53(8.92872); 54(1.87756); 55(4.92432); 56(8.87046); 57(7.63438); 58(1.66984); 59(0.07102); 60(5.21756); 61(6.28328); 62(3.24498); 63(5.37302); 64(0.95787); 65(8.26342); 66(6.24976); 67(3.60912); 68(4.00447); 69(2.04035); 70(6.17689); 71(3.11359); 72(0.57876); 73(2.29182); 74(3.05124); 75(3.16869); 76(2.5695); 77(8.47155); 78(0.45269); 79(8.15619); 80(7.40981); 81(2.23976); 82(8.93365); 83(7.30916); 84(1.81782); 85(6.67583); 86(6.20094); 87(0.77237); 88(2.2557); 89(4.59091); 90(4.07113); 91(3.77655); 92(8.10566); 93(4.02933); 94(6.26191); 95(7.23756); 96(2.89256); 97(8.51247); 98(0.50238); 99(3.65441); 100(3.48381); 101(4.0745); 102(5.11801); 103(1.94107); 104(3.85566); 105(6.47299); 106(2.28511); 107(1.41885); 108(6.22618); 109(8.72628); 111(0.21079); 112(8.58293); 113(4.01015); 114(1.00207); 115(8.65457); 116(5.52844); 117(3.79695); 118(5.57826); 119(2.52783); 120(1.5573); 121(0.90918); 122(4.25878); 123(6.08273); 124(8.65332); 125(1.58871); 126(8.76627); 127(6.81099); 128(1.62801); 129(1.97723); 130(4.62723); 131(0.49022); 132(4.94124); 133(0.56318); 134(8.61411); 135(6.60474); 136(5.80206); 137(6.08061); 138(2.0889); 139(7.6294); 140(2.22403); 141(5.49071); 142(2.86544); 143(5.71652); 144(0.3567); 145(8.95328); 146(4.40604); 147(0.03442); 148(0.87931); 149(1.39093); 150(2.88654); 151(2.03564); 152(5.91678); 153(0.91569); 154(3.17037); 155(7.93616); 156(6.27156); 157(6.02633); 158(3.89692); 159(8.16614); 160(0.00317); 161(6.3379); 162(2.32424); 163(0.44639); 164(0.97363); 165(5.1188); 166(8.48164); 167(6.39993); 168(6.93222); 169(1.87352); 170(2.33978); 171(5.68865); 172(0.04063); 173(0.71496); 174(2.0744); 175(3.27689); 176(5.29954); 177(0.99102); 178(3.58426); 179(3.68955); 180(1.04807); 181(6.01194); 182(5.94465); 183(2.72241); 184(6.187); 185(0.03142); 186(3.94472); 187(2.07151); 188(6.94478); 189(0.19624); 190(2.38419); 191(2.05255); 192(0.71852); 193(0.23709); 194(7.50335); 195(1.40115); 196(4.7618); 197(7.97035); 198(3.56633); 199(1.38349); 200(7.31981); 201(8.25374); 202(7.94244); 203(7.75989); 204(7.63295); 205(2.31608); 206(6.68896); 207(0.69642); 208(3.48195); 209(2.67968); 210(6.19476); 211(8.18794); 212(6.42785); 213(4.1059); 214(1.24244); 215(0.59671); 216(2.37919); 217(2.16048); 218(1.47472); 219(0.90018); 220(4.73748); 221(8.30432); 222(3.30242); 223(0.33265); 224(6.93288); 225(3.9224); 226(8.77702); 227(2.35673); 228(3.22174); 229(8.46348); 230(3.60255); 231(6.50827); 232(4.12018); 233(5.47506); 234(8.69632); 235(1.9238); 236(3.54401); 237(2.92163); 238(6.29099); 239(5.51511); 240(5.27387); 241(2.89994); 242(6.95213); 243(1.94928); 244(2.24917); 245(1.04676); 246(6.97852); 247(7.39079); 248(8.66759); 249(3.93232); 250(6.12898); 251(7.69836); 252(1.98711); 253(8.16586); 254(8.21271); 255(8.07786); 256(2.69368); 257(3.74527); 258(7.8502); 259(0.30061); 260(8.90227); 261(3.80596); 262(3.06068); 263(7.64382); 264(4.16196); 265(0.37436); 266(3.53155); 267(2.94894); 268(0.69725); 269(8.39758); 270(8.34102); 271(0.37677); 272(7.12861); 273(6.80655); 274(4.99165); 275(3.35583); 276(2.79402); 277(6.78502); 278(0.15082); 279(6.79524); 280(2.42861); 281(4.8862); 282(8.63182); 283(1.64349); 284(4.12987); 285(1.87231); 286(0.22021); 287(7.49079); 288(2.14301); 289(1.19356); 290(2.19893); 291(8.41249); 292(3.51285); 293(7.71441); 294(4.85324); 295(2.90691); 296(4.08573); 297(3.73112); 298(4.48965); 299(1.38691),1325.45402,1325.45402,4.4329565886287625,2.6532716752299716,8.95328,0.00317,0.4126709821893379,1
111,0(8.86329); 1(5.08973); 2(4.46138); 3(1.59198); 4(3.08299); 5(1.58323); 6(7.5738); 7(3.67698); 8(0.33332); 9(6.74958); 10(5.35082); 11(8.43441); 12(3.09274); 13(1.40971); 14(5.35399); 15(5.1497); 16(0.44195); 17(7.78505); 18(4.08675); 19(7.74377); 20(6.80955); 21(7.11828); 22(3.94518); 23(6.42921); 24(2.82957); 25(3.6976); 26(0.16696); 27(1.45824); 28(3.74843); 29(0.6488); 30(1.76203); 31(1.74714); 32(7.28832); 33(4.68139); 34(8.43295); 35(4.6156); 36(2.07424); 37(3.35099); 38(0.87478); 39(4.68898); 40(0.98674); 41(8.86297); 42(0.07276); 43(3.35697); 44(5.65575); 45(7.51761); 46(6.84532); 47(8.58888); 48(4.02904); 49(2.73014); 50(1.40236); 51(8.49589); 52(3.65433); 53(4.52544); 54(4.20079); 55(4.72769); 56(8.95012); 57(1.57205); 58(3.50843); 59(8.85062); 60(5.64979); 61(1.43496); 62(2.45381); 63(5.22162); 64(7.93992); 65(1.3364); 66(4.7714); 67(1.7952); 68(4.01261); 69(1.72049); 70(8.60769); 71(6.43556); 72(2.2567); 73(7.44824); 74(6.70653); 75(8.95162); 76(2.50312); 77(4.80137); 78(6.51999); 79(2.96029); 80(4.76819); 81(2.81292); 82(6.59879); 83(3.02574); 84(6.26287); 85(6.22425); 86(1.93118); 87(4.64379); 88(0.11275); 89(1.95299); 90(4.12311); 91(5.90404); 92(2.0169); 93(4.56593); 94(1.73063); 95(2.63222); 96(1.07235); 97(6.99093); 98(5.53818); 99(6.27646); 100(1.55037); 101(1.34219); 102(3.44363); 103(5.58877); 104(2.67468); 105(4.76447); 106(3.95259); 107(4.63227); 108(4.28677); 109(0.93368); 110(0.21079); 112(6.08384); 113(1.59554); 114(6.82512); 115(2.08785); 116(2.72549); 117(6.62288); 118(7.58861); 119(2.90857); 120(8.0506); 121(6.13304); 122(4.18374); 123(8.69543); 124(8.31349); 125(2.05719); 126(7.96441); 127(7.02284); 128(7.10075); 129(3.39451); 130(6.72444); 131(5.39463); 132(1.07466); 133(0.55758); 134(3.65252); 135(7.18282); 136(3.70301); 137(3.15999); 138(0.47105); 139(8.60631); 140(6.16138); 141(0.73521); 142(5.88704); 143(4.97966); 144(5.86199); 145(3.74238); 146(5.45502); 147(5.73817); 148(2.13689); 149(2.72567); 150(0.20223); 151(3.53728); 152(6.64881); 153(1.1417); 154(0.01869); 155(8.73207); 156(2.39412); 157(3.63165); 158(6.80676); 159(6.12223); 160(2.24063); 161(7.52739); 162(2.79167); 163(6.68034); 164(6.69492); 165(6.3267); 166(1.25006); 167(5.58857); 168(2.35487); 169(7.77379); 170(4.77039); 171(2.08498); 172(2.42239); 173(1.25276); 174(5.49568); 175(6.47638); 176(4.05481); 177(5.17802); 178(2.10671); 179(0.35159); 180(2.03958); 181(7.35412); 182(2.29807); 183(7.85841); 184(4.92423); 185(5.49174); 186(7.66892); 187(6.48754); 188(5.02342); 189(2.65839); 190(1.81145); 191(3.80579); 192(7.66386); 193(5.34555); 194(0.5367); 195(7.14595); 196(6.66659); 197(1.19222); 198(0.58741); 199(0.13705); 200(2.00455); 201(6.37709); 202(4.63112); 203(7.49582); 204(0.58744); 205(1.3715); 206(5.90135); 207(3.71891); 208(4.82067); 209(7.11291); 210(3.26263); 211(8.06809); 212(1.18785); 213(5.48104); 214(7.05809); 215(7.47449); 216(1.36638); 217(5.90361); 218(0.66867); 219(1.40328); 220(3.44519); 221(8.68245); 222(4.26082); 223(0.8052); 224(3.58486); 225(4.96542); 226(2.43037); 227(5.96098); 228(2.98481); 229(4.79582); 230(2.37576); 231(3.76036); 232(6.68478); 233(4.34673); 234(4.34689); 235(3.75113); 236(0.27836); 237(1.03741); 238(2.9134); 239(2.76602); 240(0.09981); 241(7.43031); 242(4.34515); 243(4.16125); 244(5.93327); 245(8.64336); 246(0.69604); 247(5.38292); 248(1.71031); 249(4.58614); 250(2.22593); 251(8.05694); 252(4.33198); 253(7.76461); 254(5.11592); 255(6.88195); 256(6.87745); 257(3.58158); 258(5.53071); 259(5.9935); 260(6.22541); 261(4.86851); 262(0.8694); 263(6.10055); 264(7.46964); 265(6.56263); 266(3.38767); 267(1.03875); 268(0.57402); 269(0.47076); 270(2.05342); 271(3.14467); 272(1.77819); 273(4.90683); 274(6.16934); 275(5.3665); 276(3.23399); 277(3.14773); 278(3.91073); 279(8.47026); 280(4.10616); 281(2.01943); 282(2.61719); 283(8.9491); 284(4.34539); 285(5.40932); 286(8.16376); 287(2.10769); 288(7.55433); 289(4.70617); 290(0.34899); 291(2.46125); 292(0.88666); 293(3.97415); 294(8.56512); 295(3.64432); 296(6.98587); 297(7.02608); 298(7.02008); 299(7.21817),1302.78816,1302.78816,4.357151036789298,2.4768346300242885,8.95162,0.01869,0.4161146614137199,1
112,0(1.16831); 1(5.13409); 2(5.74697); 3(7.49617); 4(5.59594); 5(1.00411); 6(4.59035); 7(7.6133); 8(4.40642); 9(1.15935); 10(7.02892); 11(7.1409); 12(1.36493); 13(8.01414); 14(7.35998); 15(8.35932); 16(5.11784); 17(8.42537); 18(1.96017); 19(2.91271); 20(2.4604); 21(7.10544); 22(0.49953); 23(2.27402); 24(2.74913); 25(3.53638); 26(7.80667); 27(5.72446); 28(0.0755); 29(3.66331); 30(7.65134); 31(7.34771); 32(4.26854); 33(8.25962); 34(8.97838); 35(7.87334); 36(1.17335); 37(4.87319); 38(4.31146); 39(6.88747); 40(4.78509); 41(2.27805); 42(6.72231); 43(7.6589); 44(2.57678); 45(2.67067); 46(8.00371); 47(7.40792); 48(5.28966); 49(1.60334); 50(5.63387); 51(8.91669); 52(8.60668); 53(2.81445); 54(1.4377); 55(1.78649); 56(7.85557); 57(6.39301); 58(0.11432); 59(4.72514); 60(5.99123); 61(8.03022); 62(4.8517); 63(7.56398); 64(6.60356); 65(2.17603); 66(8.09923); 67(8.20673); 68(7.86296); 69(2.58677); 70(8.77107); 71(7.02604); 72(5.05098); 73(2.35649); 74(4.32248); 75(1.22799); 76(0.92912); 77(6.97822); 78(7.458); 79(4.09727); 80(4.88951); 81(4.55082); 82(3.89248); 83(5.00435); 84(5.45615); 85(1.37561); 86(8.26687); 87(4.38687); 88(7.21842); 89(0.00496); 90(3.75149); 91(0.75486); 92(1.56644); 93(7.45529); 94(0.90714); 95(1.90893); 96(7.65357); 97(3.10911); 98(7.39906); 99(5.22268); 100(7.85632); 101(4.74413); 102(3.42457); 103(5.02742); 104(7.34909); 105(6.39341); 106(7.95721); 107(4.70592); 108(1.65163); 109(1.88908); 110(8.58293); 111(6.08384); 113(7.95509); 114(5.49791); 115(5.11665); 116(8.50471); 117(6.39098); 118(8.51999); 119(3.87281); 120(8.54065); 121(5.12547); 122(3.1693); 123(2.55854); 124(2.37047); 125(5.36172); 126(4.79976); 127(2.97219); 128(0.79706); 129(3.92487); 130(8.81257); 131(6.64449); 132(3.33657); 133(3.36272); 134(5.72081); 135(6.72023); 136(6.11603); 137(5.54595); 138(0.96717); 139(5.8994); 140(1.65059); 141(3.12149); 142(1.06524); 143(0.98291); 144(1.02758); 145(5.35991); 146(8.23584); 147(3.59615); 148(5.66512); 149(1.35579); 150(1.93292); 151(6.47732); 152(5.8086); 153(6.70975); 154(0.58427); 155(3.1296); 156(8.19297); 157(6.40109); 158(6.59933); 159(0.11621); 160(6.74831); 161(8.10946); 162(2.74642); 163(4.96915); 164(1.80453); 165(1.03824); 166(4.85385); 167(5.81301); 168(0.88039); 169(4.73097); 170(3.21899); 171(4.23218); 172(3.58175); 173(2.72752); 174(7.73005); 175(2.48051); 176(2.44186); 177(2.77335); 178(4.41515); 179(0.88462); 180(0.66014); 181(4.74484); 182(5.88201); 183(0.77722); 184(2.07206); 185(7.75944); 186(4.39085); 187(3.32598); 188(8.94293); 189(8.77789); 190(4.05559); 191(8.47326); 192(7.90341); 193(2.64625); 194(4.90827); 195(0.38433); 196(8.57499); 197(4.79614); 198(1.42863); 199(4.84148); 200(4.96056); 201(2.36544); 202(0.39894); 203(7.71754); 204(3.28418); 205(6.306); 206(0.61504); 207(7.8984); 208(0.10085); 209(3.66241); 210(5.04646); 211(1.39954); 212(5.59224); 213(4.13881); 214(8.42807); 215(6.03198); 216(6.97426); 217(1.67073); 218(5.92979); 219(4.45825); 220(0.50461); 221(1.57281); 222(3.14608); 223(0.39976); 224(8.19804); 225(1.67243); 226(2.7699); 227(3.53725); 228(6.70055); 229(1.4287); 230(3.48014); 231(8.71476); 232(6.33903); 233(6.06689); 234(5.27732); 235(8.67751); 236(1.85734); 237(0.77571); 238(8.96141); 239(1.53542); 240(3.29602); 241(7.24296); 242(5.42158); 243(4.33875); 244(7.50528); 245(3.79264); 246(6.95298); 247(0.66059); 248(3.34302); 249(5.07579); 250(1.22329); 251(7.62497); 252(0.2075); 253(6.49493); 254(2.18106); 255(5.91199); 256(4.33714); 257(4.69771); 258(4.40075); 259(4.67552); 260(3.01489); 261(2.15073); 262(3.42102); 263(5.46096); 264(5.41593); 265(3.15402); 266(5.87731); 267(1.38696); 268(8.62688); 269(5.28115); 270(0.82266); 271(5.72057); 272(8.68807); 273(0.78001); 274(0.45644); 275(8.07884); 276(0.88425); 277(7.70211); 278(8.82685); 279(4.02574); 280(1.10155); 281(8.97715); 282(4.60694); 283(0.23284); 284(4.54206); 285(8.66508); 286(0.86546); 287(0.91177); 288(7.53426); 289(3.15557); 290(0.75501); 291(5.90784); 292(3.4917); 293(2.52173); 294(3.14947); 295(4.87553); 296(8.07666); 297(4.82635); 298(2.04778); 299(3.16081),1372.33249,1372.33249,4.58974076923077,2.6037330393989966,8.97838,0.00496,0.4298457982764009,2
113,0(5.50475); 1(6.46974); 2(2.2838); 3(0.96224); 4(2.04336); 5(0.91083); 6(1.72342); 7(7.63798); 8(8.55323); 9(5.24286); 10(7.52521); 11(8.83387); 12(1.63586); 13(0.78962); 14(7.74096); 15(5.50043); 16(4.28638); 17(4.38365); 18(3.50351); 19(4.46893); 20(8.55474); 21(7.90205); 22(7.27445); 23(7.04005); 24(3.1872); 25(7.03424); 26(7.80133); 27(2.21007); 28(6.70081); 29(5.66163); 30(4.59482); 31(8.12629); 32(2.01125); 33(0.52177); 34(3.49109); 35(0.00646); 36(2.02593); 37(0.50655); 38(8.15114); 39(0.72639); 40(5.12345); 41(2.06316); 42(6.71515); 43(0.32535); 44(0.99962); 45(5.97902); 46(2.07345); 47(6.82186); 48(8.77403); 49(8.38294); 50(6.35123); 51(0.27796); 52(1.92429); 53(8.44288); 54(1.11013); 55(2.53223); 56(8.43733); 57(7.08432); 58(3.95712); 59(3.725); 60(1.89009); 61(3.3439); 62(5.45829); 63(0.9858); 64(7.5782); 65(5.44199); 66(4.17221); 67(1.43553); 68(4.74159); 69(5.96335); 70(5.00787); 71(1.89277); 72(5.294); 73(5.28607); 74(2.47637); 75(1.2708); 76(4.30799); 77(4.0563); 78(3.24215); 79(8.6287); 80(6.44661); 81(2.74002); 82(5.1773); 83(4.94547); 84(7.80395); 85(8.94509); 86(4.94283); 87(1.16986); 88(2.98983); 89(6.4766); 90(7.843); 91(2.87946); 92(7.50985); 93(4.09859); 94(8.2933); 95(3.76586); 96(2.84653); 97(3.95413); 98(0.89876); 99(6.03576); 100(1.79867); 101(6.68819); 102(1.94727); 103(0.13734); 104(6.94506); 105(4.83358); 106(4.15434); 107(2.03942); 108(6.33803); 109(7.2308); 110(4.01015); 111(1.59554); 112(7.95509); 114(1.58433); 115(5.71801); 116(0.32594); 117(0.19661); 118(5.29168); 119(8.6376); 120(1.65092); 121(7.31959); 122(0.50823); 123(7.87099); 124(8.37827); 125(6.87855); 126(5.57072); 127(2.93004); 128(7.55351); 129(0.47804); 130(2.72564); 131(8.44659); 132(0.48946); 133(6.67858); 134(6.76884); 135(4.33239); 136(7.9648); 137(1.82394); 138(4.257); 139(0.86144); 140(5.67749); 141(6.82862); 142(2.68559); 143(2.20013); 144(1.68134); 145(5.45838); 146(3.22502); 147(6.62008); 148(2.9102); 149(2.33758); 150(8.70701); 151(4.4439); 152(4.06355); 153(8.11629); 154(0.45779); 155(2.67302); 156(0.70676); 157(0.01169); 158(5.1223); 159(0.35807); 160(0.45856); 161(7.61646); 162(3.84807); 163(4.40706); 164(6.18312); 165(2.29581); 166(6.59903); 167(3.30186); 168(0.56949); 169(4.32302); 170(4.53657); 171(6.38447); 172(6.55337); 173(7.89975); 174(1.48899); 175(6.26806); 176(8.18754); 177(5.40678); 178(2.47724); 179(2.79727); 180(5.47983); 181(6.91783); 182(6.32908); 183(3.87749); 184(1.49916); 185(6.27); 186(7.36937); 187(3.60511); 188(7.09417); 189(1.3023); 190(7.05317); 191(8.47876); 192(0.13753); 193(7.93529); 194(4.57218); 195(7.63926); 196(4.84094); 197(6.2465); 198(0.64606); 199(8.58614); 200(6.08247); 201(0.62518); 202(4.98065); 203(1.54186); 204(4.32773); 205(5.6341); 206(3.49249); 207(7.56657); 208(0.89979); 209(0.95945); 210(7.50891); 211(3.28652); 212(0.06054); 213(4.88395); 214(4.55987); 215(4.8444); 216(6.22891); 217(2.45367); 218(4.47798); 219(8.70008); 220(0.48562); 221(8.02276); 222(8.62056); 223(2.35981); 224(4.79074); 225(8.56628); 226(0.45591); 227(3.76685); 228(8.60424); 229(8.3927); 230(2.44198); 231(3.48967); 232(8.54937); 233(3.32726); 234(8.66038); 235(5.99722); 236(3.5652); 237(1.87773); 238(1.4385); 239(3.79696); 240(5.52611); 241(0.339); 242(0.17296); 243(3.56768); 244(2.81293); 245(4.26907); 246(3.03253); 247(5.22886); 248(5.90636); 249(0.45091); 250(1.14117); 251(5.55142); 252(1.9561); 253(2.29179); 254(4.45804); 255(8.69775); 256(8.438); 257(4.98807); 258(4.2812); 259(5.22258); 260(7.59634); 261(6.75321); 262(0.52712); 263(4.61365); 264(0.6455); 265(0.96475); 266(6.13871); 267(1.30838); 268(4.03453); 269(1.87404); 270(2.59107); 271(2.78286); 272(2.67232); 273(4.80883); 274(0.95465); 275(6.6078); 276(2.88845); 277(2.05); 278(2.13649); 279(8.25977); 280(5.27486); 281(7.69079); 282(4.44468); 283(0.71598); 284(5.17487); 285(2.28435); 286(3.46571); 287(4.26405); 288(8.45338); 289(5.53063); 290(0.39832); 291(8.78214); 292(4.82886); 293(6.37053); 294(8.76765); 295(2.85599); 296(4.75635); 297(2.78203); 298(5.02687); 299(0.87144),1321.15421,1321.15421,4.418575953177258,2.6275206545560033,8.94509,0.00646,0.4136349243751593,1
114,0(6.55095); 1(6.7203); 2(3.98928); 3(7.01283); 4(8.25018); 5(6.44051); 6(6.34507); 7(0.06737); 8(2.21844); 9(5.25382); 10(3.47789); 11(8.75748); 12(0.04507); 13(4.25098); 14(6.39475); 15(7.09494); 16(6.05437); 17(3.23661); 18(4.44153); 19(5.39307); 20(8.91016); 21(0.55846); 22(1.39908); 23(7.89435); 24(2.33362); 25(3.39316); 26(8.57509); 27(2.81877); 28(0.47711); 29(2.83975); 30(7.33317); 31(7.92245); 32(7.73419); 33(1.80571); 34(8.58814); 35(8.75641); 36(0.77989); 37(3.96037); 38(1.2383); 39(2.46938); 40(7.53993); 41(8.47169); 42(3.44101); 43(3.56015); 44(8.14295); 45(8.70807); 46(6.09703); 47(8.20157); 48(2.78373); 49(5.99023); 50(1.95176); 51(8.13252); 52(2.40506); 53(6.56147); 54(1.74925); 55(2.99832); 56(2.90156); 57(2.15676); 58(4.29003); 59(7.94903); 60(8.91169); 61(2.49333); 62(7.2593); 63(1.69499); 64(2.30087); 65(2.62495); 66(1.20076); 67(3.93315); 68(8.25642); 69(7.35652); 70(8.5876); 71(8.08802); 72(1.62782); 73(0.4883); 74(1.52265); 75(4.2723); 76(4.22866); 77(0.78838); 78(7.88129); 79(2.47232); 80(0.12931); 81(6.27052); 82(2.61587); 83(7.67768); 84(7.8583); 85(6.18989); 86(3.76722); 87(8.24797); 88(1.73316); 89(7.09111); 90(7.35873); 91(2.6679); 92(0.68393); 93(2.11963); 94(3.90641); 95(7.0738); 96(6.3172); 97(0.9893); 98(2.14458); 99(7.38669); 100(2.58185); 101(1.3297); 102(0.10294); 103(2.89861); 104(1.56863); 105(8.04791); 106(3.03762); 107(6.25656); 108(3.58689); 109(7.7972); 110(1.00207); 111(6.82512); 112(5.49791); 113(1.58433); 115(2.17894); 116(7.58652); 117(6.41506); 118(8.93404); 119(4.83273); 120(1.62417); 121(2.0967); 122(8.72269); 123(4.34661); 124(5.55893); 125(2.09509); 126(0.41472); 127(8.43548); 128(0.50472); 129(4.79546); 130(6.29619); 131(3.74451); 132(2.26774); 133(0.65981); 134(1.98843); 135(1.2091); 136(6.3867); 137(0.99907); 138(5.8956); 139(7.11572); 140(4.94523); 141(5.47933); 142(0.70899); 143(4.2658); 144(0.57744); 145(7.90049); 146(8.44316); 147(2.40579); 148(4.57801); 149(0.80305); 150(1.56855); 151(7.71358); 152(8.66158); 153(4.87853); 154(6.92205); 155(7.43887); 156(2.95837); 157(8.73948); 158(5.12791); 159(6.70981); 160(2.16696); 161(3.82301); 162(3.69626); 163(7.03201); 164(4.39887); 165(0.44697); 166(2.72077); 167(3.15246); 168(3.77972); 169(6.70493); 170(2.17615); 171(4.77714); 172(8.74551); 173(8.76736); 174(5.54033); 175(7.37286); 176(8.46228); 177(2.80052); 178(8.2409); 179(6.21062); 180(2.37272); 181(1.10393); 182(8.04707); 183(2.46948); 184(7.77593); 185(4.18208); 186(7.45588); 187(5.32709); 188(0.34765); 189(7.52941); 190(2.19368); 191(5.85989); 192(1.03993); 193(1.4375); 194(7.89437); 195(4.29618); 196(1.68316); 197(3.27067); 198(7.12408); 199(3.14642); 200(0.67527); 201(4.23909); 202(6.73887); 203(2.44737); 204(7.75312); 205(3.80736); 206(2.88652); 207(7.45264); 208(8.29592); 209(5.09336); 210(5.99367); 211(4.30557); 212(0.55442); 213(7.24978); 214(5.36738); 215(3.12495); 216(6.63704); 217(5.66306); 218(7.75977); 219(6.34075); 220(6.76057); 221(5.97034); 222(7.57563); 223(7.31234); 224(7.26969); 225(4.51443); 226(2.20712); 227(3.53758); 228(7.04409); 229(4.19921); 230(4.7551); 231(2.4544); 232(7.4756); 233(1.29834); 234(7.40083); 235(6.03547); 236(2.72656); 237(8.63467); 238(5.18337); 239(1.38202); 240(7.44387); 241(0.19873); 242(3.55054); 243(8.99213); 244(7.69197); 245(2.79182); 246(8.55684); 247(4.53648); 248(0.5074); 249(4.52862); 250(8.94957); 251(3.56343); 252(3.19427); 253(2.16554); 254(4.97928); 255(2.77643); 256(7.82038); 257(4.83846); 258(5.55393); 259(7.00581); 260(0.80511); 261(3.10645); 262(4.73178); 263(2.76108); 264(6.792); 265(7.58215); 266(1.07203); 267(8.49236); 268(1.25786); 269(7.1344); 270(2.7991); 271(5.88361); 272(6.46053); 273(4.97423); 274(5.47392); 275(8.12928); 276(6.87792); 277(6.56252); 278(6.12053); 279(4.32263); 280(8.69918); 281(7.63707); 282(2.96833); 283(5.45018); 284(6.54546); 285(1.65039); 286(7.34288); 287(1.65199); 288(8.55328); 289(7.78132); 290(8.1062); 291(7.90765); 292(7.93299); 293(4.72382); 294(5.88601); 295(2.3982); 296(1.28504); 297(8.05055); 298(3.75471); 299(4.80196),1437.88995,1437.88995,4.808996488294315,2.6403847729233823,8.99213,0.04507,0.44702040117306674,2
115,0(3.45785); 1(8.50024); 2(7.30428); 3(7.01227); 4(7.18935); 5(4.98889); 6(3.24682); 7(3.90904); 8(0.55388); 9(4.96791); 10(6.23599); 11(4.82217); 12(2.36084); 13(4.85193); 14(4.97734); 15(2.43004); 16(6.72124); 17(3.82392); 18(4.69915); 19(3.75718); 20(2.98403); 21(5.75979); 22(6.1679); 23(2.27276); 24(0.65765); 25(5.7345); 26(5.52646); 27(4.40791); 28(8.89549); 29(2.96914); 30(8.90648); 31(0.98983); 32(3.39982); 33(0.65087); 34(8.13804); 35(7.59192); 36(1.27667); 37(0.64365); 38(6.37335); 39(4.92657); 40(8.8039); 41(0.30113); 42(7.43045); 43(8.93804); 44(3.77922); 45(1.40548); 46(6.43854); 47(8.75746); 48(6.38166); 49(1.50101); 50(5.75562); 51(0.35556); 52(6.94725); 53(7.23136); 54(2.27097); 55(4.44882); 56(4.06874); 57(6.11978); 58(0.86814); 59(8.10035); 60(5.03677); 61(8.86491); 62(3.13742); 63(2.10817); 64(1.43478); 65(1.23954); 66(4.74102); 67(1.53119); 68(4.01842); 69(1.83313); 70(0.9444); 71(7.59995); 72(1.89959); 73(0.47132); 74(3.73705); 75(8.46494); 76(1.83014); 77(0.79866); 78(1.01698); 79(5.51773); 80(0.81375); 81(4.00771); 82(4.71292); 83(6.95205); 84(6.2602); 85(3.04564); 86(3.87501); 87(7.34584); 88(7.94386); 89(7.90266); 90(7.96979); 91(2.26001); 92(3.16912); 93(5.78905); 94(0.36637); 95(3.90948); 96(6.22181); 97(7.63345); 98(6.38924); 99(2.11941); 100(0.25299); 101(3.74844); 102(3.29791); 103(2.46842); 104(0.19356); 105(6.9761); 106(8.11646); 107(3.52497); 108(7.85525); 109(2.10236); 110(8.65457); 111(2.08785); 112(5.11665); 113(5.71801); 114(2.17894); 116(0.95594); 117(4.1758); 118(5.06422); 119(5.20597); 120(8.63615); 121(1.42569); 122(1.75652); 123(4.96667); 124(4.56094); 125(7.77638); 126(6.64573); 127(6.20178); 128(0.63938); 129(1.24416); 130(3.53607); 131(8.5271); 132(3.0604); 133(1.80442); 134(1.29684); 135(4.61379); 136(8.76335); 137(3.23659); 138(7.43078); 139(7.55794); 140(5.4736); 141(2.43507); 142(4.50285); 143(6.00825); 144(3.08708); 145(4.96597); 146(7.43995); 147(3.90251); 148(4.27005); 149(2.28953); 150(7.65349); 151(4.68632); 152(2.76423); 153(0.67304); 154(1.90459); 155(6.52453); 156(7.10526); 157(7.78901); 158(4.77317); 159(5.11823); 160(6.58201); 161(2.89408); 162(7.03627); 163(5.509); 164(4.45433); 165(4.9666); 166(7.86665); 167(1.4331); 168(3.58398); 169(4.09908); 170(0.51714); 171(5.80135); 172(7.31974); 173(5.38837); 174(7.31712); 175(4.35168); 176(2.18581); 177(5.05032); 178(2.75442); 179(6.09819); 180(6.90711); 181(3.9361); 182(6.62354); 183(8.86508); 184(0.40204); 185(6.36646); 186(5.14952); 187(0.86169); 188(1.33627); 189(4.76059); 190(4.81442); 191(6.19888); 192(5.60319); 193(2.67575); 194(7.27298); 195(7.06297); 196(3.62489); 197(0.80796); 198(6.54589); 199(5.9165); 200(0.92688); 201(1.43293); 202(5.45405); 203(4.54404); 204(6.70626); 205(2.13248); 206(7.76989); 207(5.36303); 208(1.95101); 209(4.73605); 210(6.10927); 211(2.43726); 212(2.68415); 213(1.91935); 214(1.90508); 215(0.23733); 216(0.17657); 217(1.26068); 218(3.91336); 219(0.53598); 220(4.40591); 221(3.35663); 222(2.29172); 223(0.84836); 224(1.05827); 225(7.29148); 226(0.34522); 227(8.81561); 228(4.60289); 229(3.26331); 230(2.47484); 231(5.40156); 232(1.81017); 233(0.55846); 234(3.87953); 235(5.93859); 236(5.35718); 237(2.6522); 238(1.68165); 239(2.40014); 240(6.56013); 241(0.62635); 242(5.19888); 243(4.43547); 244(4.72017); 245(5.59885); 246(8.45982); 247(8.45477); 248(6.76239); 249(1.05113); 250(6.6702); 251(7.74749); 252(3.40817); 253(6.3468); 254(8.85275); 255(7.1588); 256(5.67768); 257(2.27676); 258(2.83648); 259(7.20246); 260(5.48264); 261(5.69729); 262(2.3283); 263(5.627); 264(0.23539); 265(2.27595); 266(5.17222); 267(3.46565); 268(6.86871); 269(5.80424); 270(0.17386); 271(7.20945); 272(8.98767); 273(5.42803); 274(7.21698); 275(6.8899); 276(2.83011); 277(1.94196); 278(4.51753); 279(3.33029); 280(1.89719); 281(1.81147); 282(3.06214); 283(3.21906); 284(2.35721); 285(7.78939); 286(5.75799); 287(8.22619); 288(0.63689); 289(1.1633); 290(6.25874); 291(1.16708); 292(7.87298); 293(0.8755); 294(6.08306); 295(0.16648); 296(7.73007); 297(0.78744); 298(6.08736); 299(1.09),1310.78064,1310.78064,4.383881739130435,2.523133238004962,8.98767,0.16648,0.4171361359558827,1
116,0(8.66872); 1(1.57445); 2(1.6273); 3(5.42814); 4(0.93653); 5(3.41453); 6(7.22546); 7(2.48066); 8(5.57175); 9(0.86414); 10(5.8833); 11(3.73751); 12(1.97614); 13(4.21629); 14(0.61902); 15(6.57173); 16(7.50384); 17(3.02164); 18(2.90084); 19(1.51693); 20(6.43249); 21(8.53855); 22(7.0269); 23(8.52198); 24(6.07566); 25(5.30531); 26(8.33699); 27(7.26143); 28(2.52817); 29(0.11472); 30(2.83351); 31(6.20519); 32(2.94944); 33(4.20599); 34(0.37651); 35(3.08844); 36(6.19959); 37(4.50485); 38(0.69792); 39(2.93694); 40(6.63668); 41(0.83703); 42(2.3837); 43(6.71042); 44(7.2872); 45(2.54792); 46(3.44865); 47(3.8407); 48(6.48382); 49(1.07919); 50(5.51996); 51(5.23278); 52(0.5205); 53(4.61044); 54(3.79324); 55(5.84886); 56(4.23271); 57(6.73827); 58(6.91418); 59(3.21379); 60(6.54314); 61(8.41998); 62(3.00005); 63(5.07826); 64(2.89756); 65(7.14387); 66(0.44997); 67(4.26907); 68(2.32135); 69(8.18857); 70(3.82682); 71(6.54377); 72(3.82492); 73(0.77783); 74(1.04058); 75(6.27222); 76(1.33137); 77(8.2617); 78(7.10694); 79(5.22748); 80(6.80086); 81(3.99307); 82(4.2021); 83(3.44857); 84(3.4245); 85(3.17738); 86(0.10941); 87(7.75075); 88(2.87468); 89(0.37285); 90(5.76882); 91(2.60427); 92(3.94285); 93(1.88931); 94(3.24688); 95(6.83553); 96(2.69648); 97(6.17902); 98(0.16843); 99(4.44006); 100(2.46351); 101(1.55345); 102(3.34821); 103(7.74363); 104(1.88319); 105(3.13928); 106(3.78069); 107(8.52367); 108(0.30152); 109(3.83314); 110(5.52844); 111(2.72549); 112(8.50471); 113(0.32594); 114(7.58652); 115(0.95594); 117(0.90915); 118(6.14884); 119(6.74062); 120(7.39087); 121(3.13817); 122(7.23049); 123(0.08875); 124(8.18954); 125(3.91406); 126(4.63661); 127(5.92771); 128(5.6537); 129(1.6061); 130(5.15841); 131(2.17289); 132(4.91626); 133(5.50532); 134(5.8673); 135(8.52676); 136(0.89148); 137(5.34827); 138(4.62221); 139(2.82792); 140(8.40656); 141(0.78062); 142(0.60384); 143(2.5429); 144(8.79433); 145(7.00197); 146(2.70141); 147(0.73298); 148(3.2103); 149(7.37955); 150(0.30344); 151(7.76692); 152(8.80392); 153(3.0902); 154(0.35032); 155(0.79365); 156(7.36798); 157(5.66197); 158(4.41277); 159(5.08971); 160(7.93941); 161(0.7705); 162(5.61121); 163(8.45569); 164(5.64058); 165(7.23029); 166(6.20571); 167(2.52664); 168(3.22199); 169(3.6774); 170(2.59619); 171(6.62499); 172(7.907); 173(4.56265); 174(8.56399); 175(0.86097); 176(5.9208); 177(6.34317); 178(4.53541); 179(5.97319); 180(7.2526); 181(3.6511); 182(5.37132); 183(1.15684); 184(4.11895); 185(8.15732); 186(6.65274); 187(5.56038); 188(4.3133); 189(0.4351); 190(1.8394); 191(7.82072); 192(7.94549); 193(5.15009); 194(8.98911); 195(3.35753); 196(2.50369); 197(3.29494); 198(1.37242); 199(4.90424); 200(2.25201); 201(5.26813); 202(7.64848); 203(6.58862); 204(3.64186); 205(1.95077); 206(4.76833); 207(7.80107); 208(0.87652); 209(7.22857); 210(3.79028); 211(6.48855); 212(2.06648); 213(7.44765); 214(3.78906); 215(5.82614); 216(7.35038); 217(5.35695); 218(7.82691); 219(2.39745); 220(0.30919); 221(1.85995); 222(4.24611); 223(1.93616); 224(0.17298); 225(1.21762); 226(6.89041); 227(5.96535); 228(6.6932); 229(7.7801); 230(7.82345); 231(7.21666); 232(3.99043); 233(8.9096); 234(7.46185); 235(6.51056); 236(2.75134); 237(8.10605); 238(5.96424); 239(2.94863); 240(2.31685); 241(1.72566); 242(4.89676); 243(0.45185); 244(5.6404); 245(6.92673); 246(2.58658); 247(4.6696); 248(2.05791); 249(7.19392); 250(8.52795); 251(5.81305); 252(3.94434); 253(3.00669); 254(1.12312); 255(4.22749); 256(6.7289); 257(0.97271); 258(1.55483); 259(7.2191); 260(1.76466); 261(2.39331); 262(4.99755); 263(8.78023); 264(5.1456); 265(2.13926); 266(2.12673); 267(1.114); 268(1.30359); 269(1.88848); 270(2.09239); 271(3.03709); 272(2.27692); 273(5.64837); 274(7.96203); 275(8.91527); 276(5.47415); 277(1.6029); 278(6.26307); 279(7.30405); 280(0.54264); 281(2.58331); 282(8.7583); 283(4.11393); 284(3.38083); 285(5.40094); 286(2.76739); 287(0.89054); 288(0.69551); 289(1.57215); 290(7.74012); 291(4.08248); 292(2.78541); 293(8.00278); 294(7.94217); 295(3.22971); 296(0.69543); 297(4.96494); 298(0.79121); 299(0.09358),1312.59552,1312.59552,4.389951571906355,2.5531911802553386,8.98911,0.08875,0.4160124771312236,1
117,0(6.01662); 1(1.25987); 2(5.48726); 3(8.83446); 4(8.15741); 5(4.44827); 6(4.51713); 7(3.78709); 8(3.57064); 9(0.41626); 10(1.50968); 11(3.20794); 12(8.66401); 13(2.13387); 14(3.55346); 15(4.44592); 16(6.40091); 17(6.2514); 18(5.75554); 19(8.01781); 20(0.70169); 21(8.87388); 22(0.46654); 23(7.74516); 24(8.0958); 25(2.5659); 26(3.01003); 27(7.51529); 28(0.90196); 29(0.26727); 30(0.79713); 31(0.65757); 32(6.10243); 33(8.02868); 34(6.73667); 35(0.9642); 36(5.67342); 37(5.49665); 38(0.81584); 39(8.6696); 40(2.72736); 41(1.53453); 42(5.54334); 43(0.81182); 44(0.26065); 45(5.76987); 46(6.80327); 47(7.06666); 48(8.98065); 49(0.34037); 50(6.37); 51(3.05511); 52(7.41437); 53(8.11718); 54(4.25571); 55(0.88597); 56(3.52056); 57(6.61025); 58(0.82376); 59(8.96516); 60(8.09716); 61(3.57518); 62(6.20021); 63(0.66856); 64(1.52303); 65(6.43441); 66(0.38675); 67(6.9354); 68(7.57977); 69(1.74177); 70(0.58787); 71(7.83303); 72(2.79991); 73(8.64612); 74(8.35001); 75(3.9365); 76(8.9585); 77(7.63772); 78(2.23499); 79(3.91013); 80(5.40352); 81(6.04758); 82(7.10254); 83(6.27792); 84(7.48222); 85(7.06407); 86(8.32933); 87(1.08885); 88(5.84448); 89(0.39609); 90(7.88971); 91(8.28556); 92(2.59629); 93(4.18762); 94(8.01847); 95(1.71881); 96(4.82284); 97(6.48888); 98(0.32243); 99(0.08115); 100(3.88968); 101(8.50571); 102(8.2746); 103(3.21138); 104(2.10602); 105(6.3084); 106(7.24387); 107(6.40697); 108(5.43793); 109(8.61919); 110(3.79695); 111(6.62288); 112(6.39098); 113(0.19661); 114(6.41506); 115(4.1758); 116(0.90915); 118(3.87591); 119(1.05258); 120(0.45344); 121(8.26722); 122(8.03891); 123(1.57038); 124(3.13216); 125(0.98142); 126(2.24469); 127(0.19776); 128(1.45698); 129(4.32977); 130(2.28696); 131(2.84214); 132(5.8904); 133(7.0792); 134(6.00686); 135(7.40264); 136(1.82264); 137(2.44047); 138(1.56334); 139(0.29338); 140(4.66677); 141(1.78749); 142(4.46172); 143(5.40153); 144(6.55197); 145(3.97064); 146(4.10476); 147(0.91424); 148(6.98466); 149(4.65455); 150(8.67766); 151(7.56231); 152(4.35883); 153(8.42638); 154(1.88689); 155(6.98836); 156(4.70722); 157(1.64757); 158(6.83561); 159(6.04116); 160(3.81164); 161(6.65976); 162(3.58781); 163(3.19516); 164(6.62439); 165(1.96299); 166(0.20706); 167(1.43183); 168(2.92473); 169(1.75988); 170(5.89822); 171(8.94452); 172(2.49301); 173(6.74138); 174(0.12607); 175(2.63099); 176(5.2035); 177(5.534); 178(4.41993); 179(0.90507); 180(3.28813); 181(6.74472); 182(7.34523); 183(1.33307); 184(1.87149); 185(8.33067); 186(1.70004); 187(8.10054); 188(2.36521); 189(4.3486); 190(5.7223); 191(0.98496); 192(3.01548); 193(8.50474); 194(2.91766); 195(8.7396); 196(0.00214); 197(2.28293); 198(0.49529); 199(3.84181); 200(2.73537); 201(7.2579); 202(4.18577); 203(5.43272); 204(4.42215); 205(0.049); 206(8.11841); 207(7.56312); 208(2.79534); 209(3.86582); 210(4.25744); 211(7.10018); 212(8.37554); 213(8.2938); 214(6.11703); 215(5.2702); 216(7.94099); 217(7.59945); 218(8.46991); 219(0.61678); 220(7.95693); 221(1.97041); 222(5.84176); 223(0.25139); 224(0.64335); 225(0.50727); 226(3.95209); 227(1.09087); 228(7.3398); 229(4.42027); 230(4.38645); 231(0.10785); 232(2.24613); 233(1.09146); 234(3.89163); 235(7.41081); 236(0.86639); 237(3.25515); 238(3.41198); 239(6.4092); 240(3.80725); 241(6.80599); 242(2.01927); 243(3.40018); 244(5.37968); 245(1.57134); 246(3.79552); 247(6.70394); 248(1.53908); 249(6.80529); 250(4.91661); 251(2.69748); 252(6.06706); 253(1.78971); 254(7.82074); 255(3.83723); 256(2.54591); 257(5.26847); 258(3.37088); 259(5.71359); 260(4.76788); 261(8.70024); 262(0.32184); 263(3.90806); 264(0.24659); 265(2.1829); 266(3.90483); 267(5.34611); 268(0.66823); 269(1.95361); 270(4.62677); 271(5.66295); 272(0.51007); 273(4.00125); 274(7.77092); 275(2.77134); 276(2.50935); 277(6.67066); 278(2.07619); 279(8.39298); 280(1.81157); 281(5.2777); 282(6.44749); 283(2.7737); 284(6.63466); 285(3.22642); 286(2.82863); 287(4.2991); 288(4.57608); 289(3.39519); 290(4.80882); 291(8.78141); 292(0.14376); 293(7.41986); 294(6.96911); 295(6.82976); 296(1.67434); 297(8.79477); 298(7.02835); 299(7.3884),1328.70575,1328.70575,4.443831939799331,2.6978950850611123,8.98065,0.00214,0.4119377843873642,2
118,0(7.71061); 1(1.02452); 2(7.81645); 3(4.38139); 4(2.3375); 5(5.43476); 6(1.38596); 7(3.50499); 8(1.29347); 9(7.64612); 10(3.57533); 11(2.1451); 12(8.77137); 13(1.46957); 14(5.59085); 15(6.20198); 16(1.19403); 17(5.18562); 18(1.51712); 19(4.01942); 20(0.81675); 21(3.68863); 22(6.77782); 23(3.06895); 24(6.14695); 25(6.68809); 26(6.42928); 27(8.65226); 28(5.04859); 29(6.19399); 30(2.73888); 31(3.45161); 32(5.25991); 33(2.24396); 34(1.32646); 35(4.42177); 36(6.72285); 37(5.85583); 38(4.16603); 39(0.31959); 40(2.68363); 41(7.80229); 42(5.2544); 43(1.95689); 44(1.83174); 45(0.48149); 46(4.36157); 47(7.41382); 48(0.11974); 49(4.01973); 50(2.75227); 51(5.34788); 52(7.97335); 53(7.05869); 54(7.07881); 55(8.97941); 56(7.35244); 57(4.24415); 58(1.94242); 59(8.51172); 60(1.00192); 61(4.1688); 62(4.24694); 63(4.7763); 64(7.902); 65(6.84369); 66(8.72953); 67(8.98576); 68(8.8524); 69(8.11311); 70(6.52494); 71(2.84263); 72(7.22968); 73(2.49699); 74(8.89062); 75(5.96413); 76(5.3769); 77(6.54238); 78(6.63601); 79(2.71121); 80(3.22004); 81(7.29041); 82(2.76021); 83(0.80417); 84(6.59226); 85(6.33165); 86(3.5836); 87(7.2511); 88(8.62978); 89(8.74358); 90(6.00688); 91(7.10899); 92(4.95887); 93(7.73592); 94(8.8582); 95(8.5269); 96(8.97245); 97(6.16688); 98(7.0126); 99(3.7263); 100(8.9753); 101(0.70275); 102(3.82347); 103(3.40437); 104(3.14115); 105(3.45421); 106(4.62405); 107(5.42628); 108(5.17267); 109(0.12244); 110(5.57826); 111(7.58861); 112(8.51999); 113(5.29168); 114(8.93404); 115(5.06422); 116(6.14884); 117(3.87591); 119(3.09242); 120(1.38613); 121(6.54105); 122(8.48367); 123(6.93628); 124(6.98658); 125(1.27313); 126(5.6788); 127(8.65369); 128(3.5866); 129(0.63852); 130(7.18167); 131(3.50185); 132(5.41673); 133(0.62697); 134(2.47235); 135(4.21953); 136(4.26752); 137(0.14115); 138(5.55072); 139(4.20931); 140(6.22289); 141(2.87131); 142(5.36076); 143(4.63792); 144(0.48651); 145(0.01894); 146(1.7957); 147(7.54638); 148(7.2066); 149(4.59115); 150(2.24938); 151(3.62302); 152(1.1186); 153(5.27941); 154(7.38943); 155(1.15124); 156(0.78727); 157(4.06253); 158(0.59361); 159(0.3323); 160(5.42877); 161(3.14762); 162(7.32261); 163(8.4656); 164(2.41522); 165(5.80763); 166(4.40488); 167(2.22491); 168(5.68139); 169(0.18682); 170(5.03269); 171(2.8402); 172(5.62736); 173(2.89427); 174(4.86833); 175(6.15364); 176(7.40131); 177(3.30692); 178(2.5671); 179(0.4639); 180(4.65345); 181(0.23909); 182(3.23145); 183(0.10946); 184(6.10444); 185(7.76115); 186(3.82086); 187(2.37499); 188(5.37954); 189(6.17766); 190(2.39735); 191(6.32112); 192(7.32673); 193(3.45351); 194(6.84889); 195(5.30126); 196(3.77189); 197(0.24659); 198(1.59089); 199(4.30137); 200(4.96898); 201(5.64736); 202(5.03449); 203(8.47246); 204(2.9215); 205(6.52479); 206(2.19967); 207(2.47422); 208(0.08244); 209(6.68125); 210(0.34164); 211(3.92866); 212(3.44156); 213(5.15365); 214(4.39044); 215(5.53941); 216(0.19847); 217(2.00896); 218(0.92117); 219(3.80693); 220(5.11705); 221(7.18742); 222(2.24068); 223(3.76719); 224(8.96952); 225(5.219); 226(5.82625); 227(7.53676); 228(8.08658); 229(4.83677); 230(3.36385); 231(7.34247); 232(5.74066); 233(1.39469); 234(3.33813); 235(0.09274); 236(4.41635); 237(8.0969); 238(2.07745); 239(0.36392); 240(5.75083); 241(4.06812); 242(6.4976); 243(0.49076); 244(0.98066); 245(0.727); 246(6.56033); 247(7.08214); 248(0.72837); 249(5.32841); 250(1.60588); 251(7.19372); 252(0.91611); 253(4.99772); 254(5.05586); 255(2.57499); 256(2.91759); 257(1.55409); 258(7.723); 259(1.27002); 260(4.13958); 261(2.62259); 262(6.46244); 263(8.93061); 264(0.31878); 265(8.79465); 266(2.55897); 267(0.51539); 268(1.0504); 269(2.9797); 270(3.27265); 271(7.26099); 272(5.05188); 273(4.28893); 274(3.44191); 275(8.90469); 276(5.75865); 277(1.05992); 278(7.26388); 279(4.63547); 280(4.66415); 281(3.73622); 282(1.73345); 283(6.01454); 284(1.33252); 285(0.69431); 286(0.71912); 287(2.73197); 288(7.77163); 289(0.91029); 290(0.87323); 291(3.19671); 292(7.98221); 293(6.13267); 294(3.31708); 295(7.22278); 296(2.38273); 297(1.15453); 298(7.19291); 299(8.61434),1339.64335,1339.64335,4.48041254180602,2.5800178307464194,8.98576,0.01894,0.419365325965319,1
119,0(7.1779); 1(8.31912); 2(1.07272); 3(2.42847); 4(7.29431); 5(6.81834); 6(3.09965); 7(5.69081); 8(8.86669); 9(0.35281); 10(1.42515); 11(4.93177); 12(1.14374); 13(7.57257); 14(6.48108); 15(8.03557); 16(4.76062); 17(1.38445); 18(2.95066); 19(8.86573); 20(7.82951); 21(6.98793); 22(0.80461); 23(3.62022); 24(0.77635); 25(7.98429); 26(3.4304); 27(6.05304); 28(1.28374); 29(2.13395); 30(6.2913); 31(1.76407); 32(4.7705); 33(8.14993); 34(2.13494); 35(3.14999); 36(5.77554); 37(5.17077); 38(0.41534); 39(0.51309); 40(0.43249); 41(5.76978); 42(2.39056); 43(3.28953); 44(7.72165); 45(7.99473); 46(0.83346); 47(7.14367); 48(8.60511); 49(6.75291); 50(7.32307); 51(7.1096); 52(3.10474); 53(3.13201); 54(4.87035); 55(7.74203); 56(6.86252); 57(0.27994); 58(6.92505); 59(7.29473); 60(7.13871); 61(1.84055); 62(0.14908); 63(2.41838); 64(3.50761); 65(4.52514); 66(6.88336); 67(5.71052); 68(1.08458); 69(3.54347); 70(3.47407); 71(8.42257); 72(0.34887); 73(1.22382); 74(5.78815); 75(4.62002); 76(8.34924); 77(4.21971); 78(2.40038); 79(1.99332); 80(6.83366); 81(4.24864); 82(7.65214); 83(6.88092); 84(6.41396); 85(0.47898); 86(3.447); 87(6.06445); 88(2.77809); 89(7.56354); 90(3.69758); 91(5.5132); 92(2.12474); 93(2.44539); 94(3.67713); 95(4.65872); 96(2.2159); 97(8.81266); 98(2.24309); 99(3.60184); 100(5.24537); 101(1.36456); 102(2.56459); 103(2.17237); 104(7.02256); 105(3.88703); 106(4.94224); 107(4.0209); 108(2.69004); 109(4.06546); 110(2.52783); 111(2.90857); 112(3.87281); 113(8.6376); 114(4.83273); 115(5.20597); 116(6.74062); 117(1.05258); 118(3.09242); 120(2.48015); 121(1.22561); 122(3.50512); 123(0.85313); 124(0.05027); 125(5.66563); 126(8.89053); 127(6.67154); 128(6.61899); 129(5.46092); 130(8.84126); 131(4.72847); 132(6.12657); 133(2.2089); 134(3.91862); 135(7.51924); 136(5.59916); 137(5.01388); 138(6.41574); 139(8.6964); 140(8.09688); 141(5.51066); 142(8.33431); 143(7.85511); 144(3.10953); 145(7.7121); 146(3.02831); 147(2.05064); 148(6.82057); 149(3.50372); 150(2.41096); 151(6.32937); 152(7.73543); 153(3.59167); 154(7.47185); 155(1.96905); 156(8.62904); 157(0.55027); 158(8.52596); 159(8.42408); 160(6.28567); 161(2.09449); 162(8.00988); 163(3.09901); 164(6.22073); 165(2.04584); 166(3.81721); 167(2.25034); 168(6.58851); 169(3.34785); 170(2.50212); 171(8.79509); 172(5.52934); 173(7.10037); 174(3.12945); 175(6.24473); 176(5.84654); 177(8.29958); 178(5.86765); 179(4.91172); 180(4.28064); 181(1.37499); 182(6.29731); 183(8.72167); 184(5.92162); 185(5.34242); 186(2.12493); 187(3.48018); 188(1.33889); 189(4.34162); 190(2.80686); 191(7.64652); 192(5.12479); 193(4.36515); 194(3.40275); 195(5.18434); 196(7.53123); 197(1.26146); 198(8.04054); 199(5.18959); 200(4.99184); 201(0.61836); 202(3.61047); 203(0.23824); 204(5.87979); 205(5.97783); 206(2.23977); 207(2.75027); 208(5.22231); 209(8.04949); 210(0.30249); 211(6.57397); 212(5.83822); 213(8.14711); 214(0.22496); 215(2.60503); 216(6.91691); 217(4.28661); 218(0.32858); 219(2.32293); 220(6.39956); 221(0.33738); 222(2.19899); 223(8.77974); 224(6.28361); 225(8.28113); 226(8.71633); 227(7.1675); 228(0.72149); 229(5.04139); 230(8.58597); 231(5.80815); 232(4.87731); 233(6.53684); 234(7.05589); 235(7.06388); 236(1.28396); 237(4.77001); 238(8.11494); 239(0.7926); 240(1.55463); 241(4.67021); 242(4.94194); 243(5.35692); 244(3.89806); 245(0.547); 246(7.97972); 247(5.26935); 248(2.4307); 249(3.44519); 250(3.24843); 251(8.19003); 252(5.42009); 253(8.37398); 254(6.16738); 255(6.92368); 256(7.76815); 257(0.07788); 258(0.23753); 259(3.14667); 260(4.53036); 261(4.27995); 262(5.82414); 263(3.11147); 264(2.99715); 265(8.92559); 266(8.31722); 267(3.01622); 268(2.87793); 269(7.18337); 270(0.79611); 271(7.93031); 272(7.52091); 273(7.28662); 274(7.08861); 275(7.88922); 276(3.73039); 277(7.35981); 278(1.65089); 279(1.54683); 280(7.84228); 281(8.51684); 282(0.54422); 283(1.24293); 284(0.12112); 285(3.77673); 286(4.35815); 287(5.05453); 288(2.34017); 289(6.70587); 290(0.86317); 291(5.44003); 292(0.83496); 293(3.97423); 294(5.55587); 295(8.51764); 296(0.03911); 297(1.7706); 298(0.67007); 299(7.68221),1392.34551,1392.34551,4.6566739464882945,2.6082801964406146,8.92559,0.03911,0.4333056227858248,1
120,0(6.20583); 1(7.85266); 2(8.83737); 3(2.72069); 4(3.65502); 5(7.29033); 6(0.88818); 7(8.3831); 8(6.00069); 9(2.58803); 10(2.28673); 11(2.93042); 12(2.02003); 13(4.15884); 14(5.8812); 15(5.26746); 16(5.7077); 17(2.94782); 18(7.20396); 19(3.04245); 20(2.25596); 21(1.6466); 22(4.94742); 23(1.55266); 24(1.01143); 25(0.04719); 26(7.44129); 27(7.53259); 28(0.44683); 29(0.14452); 30(0.04879); 31(4.48223); 32(6.85595); 33(2.22401); 34(0.28295); 35(7.0441); 36(8.95938); 37(6.1796); 38(7.91328); 39(4.14135); 40(8.30661); 41(4.02345); 42(8.1777); 43(4.59544); 44(6.20575); 45(5.06997); 46(1.62422); 47(5.65733); 48(3.92183); 49(5.50256); 50(7.26133); 51(1.4095); 52(7.827); 53(5.53257); 54(8.27152); 55(4.91328); 56(0.9411); 57(0.13767); 58(2.09179); 59(6.07325); 60(3.85542); 61(8.07547); 62(0.38314); 63(6.22117); 64(3.04655); 65(2.83343); 66(3.60241); 67(0.67037); 68(7.21573); 69(4.45406); 70(7.88202); 71(0.20487); 72(2.21645); 73(4.20656); 74(4.57504); 75(6.23021); 76(2.37507); 77(2.95717); 78(6.95526); 79(3.81137); 80(7.65776); 81(2.03847); 82(8.98198); 83(4.52138); 84(7.64723); 85(4.53806); 86(4.16928); 87(7.23353); 88(0.58427); 89(6.71746); 90(2.41521); 91(0.75003); 92(7.9943); 93(7.87071); 94(6.84778); 95(5.44386); 96(1.02183); 97(3.60999); 98(2.9455); 99(8.62663); 100(0.25417); 101(1.81452); 102(3.02543); 103(2.02709); 104(1.72754); 105(2.90259); 106(5.90624); 107(7.41509); 108(3.84137); 109(8.21903); 110(1.5573); 111(8.0506); 112(8.54065); 113(1.65092); 114(1.62417); 115(8.63615); 116(7.39087); 117(0.45344); 118(1.38613); 119(2.48015); 121(5.10636); 122(3.24543); 123(8.55121); 124(6.6832); 125(8.48259); 126(0.12429); 127(4.6723); 128(6.15192); 129(2.74424); 130(2.85886); 131(0.41483); 132(0.58506); 133(7.45047); 134(3.60402); 135(4.84473); 136(8.82255); 137(7.22689); 138(7.36369); 139(4.64066); 140(3.5612); 141(4.69542); 142(0.76293); 143(5.56519); 144(4.96107); 145(5.44446); 146(0.69484); 147(1.48545); 148(8.23928); 149(5.92303); 150(4.2699); 151(5.84394); 152(0.78592); 153(0.87841); 154(8.5382); 155(6.94408); 156(4.43393); 157(6.39582); 158(2.05104); 159(8.75689); 160(8.90991); 161(5.0118); 162(5.74537); 163(3.02376); 164(5.35006); 165(6.4021); 166(2.44167); 167(1.09589); 168(3.54252); 169(2.00257); 170(6.68255); 171(3.07217); 172(6.15457); 173(0.78314); 174(8.94591); 175(7.30303); 176(4.49951); 177(4.36802); 178(2.3711); 179(0.28892); 180(2.34073); 181(3.04736); 182(8.80489); 183(1.77528); 184(6.45593); 185(6.79765); 186(6.01738); 187(1.8317); 188(0.61691); 189(7.98515); 190(7.41351); 191(7.35625); 192(4.00275); 193(6.83475); 194(6.56616); 195(2.62451); 196(4.01414); 197(8.46477); 198(8.35038); 199(3.11383); 200(1.90187); 201(6.06143); 202(1.98582); 203(0.33488); 204(7.46377); 205(0.82179); 206(8.87867); 207(0.70372); 208(7.73802); 209(7.11235); 210(6.54935); 211(3.18594); 212(4.89549); 213(8.70199); 214(6.48157); 215(0.68429); 216(1.06389); 217(4.89129); 218(4.12708); 219(1.93411); 220(8.58542); 221(5.24264); 222(7.31509); 223(5.58821); 224(0.98517); 225(5.28609); 226(4.0098); 227(4.01566); 228(5.70477); 229(5.37344); 230(2.69979); 231(5.92692); 232(6.56727); 233(8.5055); 234(6.82145); 235(2.91487); 236(4.71656); 237(6.0649); 238(5.27841); 239(7.9564); 240(0.42345); 241(4.23356); 242(4.97491); 243(5.16982); 244(0.3059); 245(0.13919); 246(6.69475); 247(4.30654); 248(1.98727); 249(1.90183); 250(4.76461); 251(4.8647); 252(8.63231); 253(7.78973); 254(0.74206); 255(4.26553); 256(7.13785); 257(5.51686); 258(7.30262); 259(4.13102); 260(0.57938); 261(2.72007); 262(3.41966); 263(3.19358); 264(1.85156); 265(1.55697); 266(2.45143); 267(8.58332); 268(7.11584); 269(4.42127); 270(8.75318); 271(3.52651); 272(3.96899); 273(7.86531); 274(8.88464); 275(5.6033); 276(2.92504); 277(5.90706); 278(4.55321); 279(3.43652); 280(4.16745); 281(5.69517); 282(0.08738); 283(2.12852); 284(8.47773); 285(4.68392); 286(8.83916); 287(5.98976); 288(1.69334); 289(0.83572); 290(0.39798); 291(0.84598); 292(6.97985); 293(2.09448); 294(1.1773); 295(8.47677); 296(2.3235); 297(8.01593); 298(7.44264); 299(8.05855),1367.16205,1367.16205,4.572448327759197,2.662252131308767,8.98198,0.04719,0.4242574297515875,1
121,0(4.694); 1(6.53423); 2(0.48203); 3(0.93279); 4(7.35183); 5(7.85407); 6(4.22696); 7(6.81467); 8(6.9596); 9(6.33529); 10(0.9761); 11(3.22917); 12(7.03896); 13(3.76483); 14(7.76194); 15(1.97399); 16(0.97787); 17(3.2163); 18(2.31057); 19(2.71974); 20(7.46244); 21(6.91674); 22(1.23854); 23(0.80072); 24(5.06334); 25(5.68435); 26(8.3325); 27(1.62233); 28(0.13383); 29(2.97593); 30(4.58187); 31(1.06391); 32(2.81042); 33(2.22657); 34(2.32682); 35(0.1606); 36(1.66544); 37(5.26242); 38(5.09078); 39(0.68774); 40(4.26141); 41(4.41861); 42(0.57815); 43(4.95383); 44(8.56019); 45(7.59304); 46(7.65661); 47(8.93742); 48(3.77721); 49(7.87893); 50(0.80447); 51(5.74718); 52(2.27858); 53(8.42399); 54(2.14181); 55(6.74238); 56(6.75352); 57(7.85225); 58(6.96182); 59(7.06383); 60(0.427); 61(3.48022); 62(4.63139); 63(6.37129); 64(0.02432); 65(0.11245); 66(8.331); 67(5.88593); 68(8.58628); 69(7.01385); 70(8.90694); 71(5.08221); 72(8.38515); 73(8.31707); 74(8.71251); 75(8.80973); 76(8.6332); 77(6.43146); 78(4.59114); 79(5.31307); 80(7.19224); 81(0.86798); 82(7.26476); 83(8.34631); 84(5.17429); 85(2.66602); 86(5.24242); 87(2.52163); 88(2.4146); 89(4.40356); 90(7.71603); 91(8.88808); 92(7.62867); 93(6.80481); 94(5.48841); 95(7.02044); 96(4.725); 97(5.11953); 98(2.1153); 99(2.42291); 100(5.22729); 101(0.81539); 102(7.47653); 103(7.85346); 104(0.89326); 105(3.91489); 106(5.7658); 107(3.47249); 108(3.46208); 109(1.72731); 110(0.90918); 111(6.13304); 112(5.12547); 113(7.31959); 114(2.0967); 115(1.42569); 116(3.13817); 117(8.26722); 118(6.54105); 119(1.22561); 120(5.10636); 122(1.08114); 123(2.00508); 124(4.73955); 125(8.44797); 126(0.61933); 127(1.05799); 128(5.52247); 129(2.49446); 130(1.5826); 131(5.79475); 132(3.02476); 133(6.86364); 134(1.14997); 135(8.06575); 136(6.3987); 137(8.69577); 138(4.47034); 139(0.38425); 140(6.87511); 141(8.16722); 142(3.87584); 143(5.25308); 144(4.37232); 145(4.4492); 146(0.83707); 147(0.34126); 148(7.21315); 149(6.76076); 150(6.80988); 151(2.2151); 152(4.69285); 153(8.53117); 154(4.28114); 155(2.36404); 156(2.7364); 157(8.22093); 158(8.28752); 159(4.03859); 160(5.54431); 161(8.81415); 162(4.94988); 163(8.68017); 164(4.93929); 165(7.55515); 166(3.36405); 167(4.24574); 168(5.48569); 169(7.12835); 170(8.60106); 171(1.37806); 172(3.44443); 173(7.06176); 174(5.6977); 175(8.22443); 176(1.69901); 177(7.91224); 178(6.50278); 179(8.9141); 180(2.85506); 181(1.07616); 182(4.9263); 183(2.28391); 184(8.09186); 185(5.6548); 186(5.68309); 187(7.07744); 188(2.91493); 189(2.83806); 190(3.36861); 191(8.95791); 192(8.23331); 193(8.77538); 194(8.74246); 195(3.5786); 196(8.42284); 197(2.15656); 198(0.82349); 199(1.08427); 200(5.30263); 201(3.739); 202(0.34916); 203(7.53565); 204(4.19791); 205(1.89608); 206(6.55318); 207(2.22527); 208(3.14741); 209(0.6552); 210(3.89985); 211(6.84894); 212(2.09696); 213(0.7606); 214(6.48602); 215(6.70736); 216(6.76248); 217(0.8723); 218(1.25304); 219(7.95412); 220(6.68349); 221(3.53192); 222(7.4258); 223(5.99403); 224(7.37444); 225(3.11207); 226(8.49006); 227(6.65812); 228(6.13456); 229(7.38574); 230(5.17456); 231(6.84401); 232(7.99028); 233(2.33893); 234(2.18132); 235(5.62185); 236(8.30439); 237(3.2961); 238(0.38984); 239(4.35561); 240(4.85757); 241(3.21506); 242(4.22609); 243(3.90667); 244(1.64557); 245(8.59588); 246(0.58528); 247(0.19675); 248(5.29577); 249(1.09815); 250(6.79631); 251(2.21582); 252(7.17105); 253(8.38082); 254(4.94468); 255(8.0724); 256(1.75794); 257(7.32668); 258(6.66016); 259(8.90863); 260(5.51479); 261(8.15136); 262(6.55446); 263(6.75158); 264(2.43355); 265(2.22115); 266(8.89592); 267(1.88136); 268(3.80545); 269(3.63265); 270(3.73972); 271(8.02334); 272(8.45878); 273(0.59197); 274(5.55494); 275(8.52934); 276(5.78711); 277(7.39834); 278(6.12967); 279(8.24267); 280(1.45735); 281(2.89142); 282(4.71333); 283(8.45091); 284(8.24168); 285(1.4071); 286(0.44162); 287(4.40039); 288(8.75071); 289(5.32715); 290(3.48485); 291(7.69797); 292(2.36266); 293(3.39715); 294(6.56672); 295(1.42644); 296(0.92192); 297(0.72155); 298(8.02982); 299(2.76197),1446.1602,1446.1602,4.836656187290969,2.6921731089232623,8.95791,0.02432,0.4464420955885721,1
122,0(0.44387); 1(5.90901); 2(6.65638); 3(4.455); 4(8.43056); 5(8.94827); 6(8.63531); 7(7.86193); 8(6.97412); 9(8.89399); 10(6.32945); 11(1.28448); 12(1.03048); 13(6.71137); 14(3.66989); 15(6.54187); 16(0.68912); 17(6.61331); 18(0.32343); 19(7.9373); 20(5.93635); 21(7.2898); 22(2.08485); 23(7.29218); 24(1.83426); 25(8.59361); 26(6.7167); 27(0.25638); 28(2.28352); 29(8.56901); 30(5.13904); 31(1.50775); 32(2.97463); 33(0.09981); 34(5.2281); 35(1.7255); 36(0.22741); 37(7.84748); 38(1.19326); 39(5.19781); 40(8.76915); 41(1.82955); 42(4.78129); 43(1.38104); 44(8.06958); 45(4.33343); 46(7.28989); 47(5.28254); 48(6.36016); 49(4.66769); 50(5.20839); 51(2.48219); 52(5.9123); 53(4.71995); 54(1.74794); 55(1.78018); 56(5.71386); 57(8.86342); 58(7.49169); 59(7.15959); 60(7.95517); 61(5.51215); 62(6.86703); 63(1.32902); 64(2.5538); 65(8.22125); 66(8.56369); 67(7.7204); 68(3.61672); 69(7.62006); 70(0.19347); 71(2.06791); 72(3.42224); 73(3.16739); 74(6.79084); 75(2.81635); 76(7.84355); 77(0.88227); 78(5.21567); 79(1.15565); 80(1.51511); 81(1.67736); 82(8.52197); 83(0.04804); 84(3.63822); 85(5.88204); 86(8.15865); 87(3.16187); 88(2.70321); 89(4.11353); 90(6.12007); 91(8.84806); 92(6.14075); 93(7.82006); 94(8.70815); 95(1.02021); 96(2.55869); 97(1.38215); 98(1.46525); 99(2.07478); 100(8.81311); 101(8.57942); 102(1.02643); 103(7.22409); 104(1.86215); 105(5.44035); 106(5.49158); 107(0.37978); 108(7.09495); 109(8.11967); 110(4.25878); 111(4.18374); 112(3.1693); 113(0.50823); 114(8.72269); 115(1.75652); 116(7.23049); 117(8.03891); 118(8.48367); 119(3.50512); 120(3.24543); 121(1.08114); 123(0.6802); 124(2.2095); 125(0.2432); 126(5.23849); 127(1.23056); 128(2.24825); 129(4.60458); 130(7.32655); 131(1.92891); 132(1.31486); 133(4.98997); 134(7.34349); 135(3.50071); 136(0.19826); 137(5.94384); 138(5.26724); 139(4.84108); 140(0.85372); 141(2.87584); 142(1.23001); 143(0.90317); 144(8.65399); 145(0.82002); 146(4.3741); 147(7.84391); 148(2.07545); 149(2.76214); 150(2.58866); 151(3.8794); 152(1.55475); 153(7.70815); 154(4.18602); 155(4.19719); 156(1.95213); 157(1.40541); 158(8.84665); 159(7.76467); 160(7.96501); 161(5.81038); 162(3.15773); 163(5.70947); 164(5.04716); 165(4.99912); 166(8.0657); 167(1.5706); 168(4.37217); 169(5.64496); 170(0.28637); 171(1.58902); 172(0.19985); 173(0.92793); 174(5.70958); 175(2.17428); 176(3.70969); 177(6.79022); 178(6.46491); 179(7.51376); 180(7.00719); 181(7.43924); 182(6.92864); 183(0.53493); 184(0.05726); 185(7.62526); 186(8.22549); 187(8.93995); 188(8.97895); 189(6.98152); 190(2.6813); 191(5.43939); 192(5.41574); 193(1.88758); 194(0.51367); 195(2.19031); 196(2.23467); 197(3.71681); 198(6.96938); 199(7.45389); 200(1.1938); 201(7.45046); 202(0.00213); 203(8.61418); 204(6.66229); 205(4.92256); 206(1.45501); 207(5.00819); 208(0.87664); 209(7.31064); 210(6.21666); 211(1.41191); 212(2.5672); 213(8.37149); 214(5.90074); 215(3.82502); 216(3.23176); 217(5.66615); 218(6.0256); 219(1.54686); 220(6.15161); 221(3.95084); 222(2.33379); 223(6.27021); 224(5.34272); 225(0.81452); 226(3.38193); 227(6.69309); 228(7.32507); 229(2.58284); 230(4.07811); 231(5.31559); 232(0.54595); 233(4.69142); 234(0.3811); 235(3.76773); 236(6.12332); 237(0.74832); 238(6.38312); 239(2.40715); 240(2.381); 241(4.78314); 242(3.06661); 243(3.1152); 244(5.97062); 245(0.91608); 246(0.81955); 247(7.59158); 248(6.38032); 249(8.79901); 250(0.46079); 251(0.20102); 252(2.56274); 253(0.3232); 254(0.26301); 255(3.70114); 256(5.86458); 257(4.96456); 258(6.1751); 259(7.47519); 260(1.14744); 261(4.29803); 262(7.47792); 263(2.93293); 264(2.17684); 265(3.56936); 266(8.05082); 267(0.15972); 268(5.173); 269(6.32788); 270(8.59442); 271(0.38013); 272(2.86605); 273(2.18424); 274(2.98559); 275(1.71963); 276(7.58999); 277(0.15068); 278(6.38913); 279(3.55058); 280(5.70454); 281(5.25273); 282(5.87404); 283(4.68339); 284(7.86666); 285(6.49532); 286(6.16663); 287(7.028); 288(3.72615); 289(7.94885); 290(3.92068); 291(8.06768); 292(6.78532); 293(2.8242); 294(7.77315); 295(3.82481); 296(7.35228); 297(4.2865); 298(7.60891); 299(5.5886),1345.8479,1345.8479,4.501163545150502,2.7207701991872493,8.97895,0.00213,0.41521774618800256,2
123,0(5.58485); 1(2.72754); 2(3.84477); 3(4.34173); 4(1.2689); 5(6.13346); 6(1.78251); 7(7.38632); 8(3.76777); 9(3.45285); 10(2.29506); 11(2.11825); 12(6.48127); 13(5.98726); 14(4.7571); 15(8.81851); 16(5.9968); 17(7.05991); 18(0.45455); 19(4.01765); 20(8.99573); 21(6.3228); 22(2.80007); 23(0.73391); 24(3.82664); 25(5.49999); 26(0.73661); 27(7.60751); 28(3.54517); 29(5.45671); 30(1.07481); 31(5.36205); 32(8.80089); 33(3.56768); 34(7.11335); 35(1.95082); 36(8.25774); 37(0.23038); 38(4.25177); 39(6.42508); 40(8.46824); 41(1.36965); 42(7.33931); 43(3.20428); 44(8.91751); 45(7.9684); 46(0.70196); 47(8.11709); 48(0.71731); 49(4.13844); 50(8.8524); 51(7.27388); 52(0.23266); 53(3.91788); 54(8.10093); 55(0.00769); 56(7.72616); 57(6.65939); 58(0.1207); 59(0.17133); 60(0.82726); 61(7.92144); 62(4.82686); 63(3.88631); 64(3.79604); 65(0.30398); 66(0.90129); 67(8.63049); 68(5.83491); 69(8.61472); 70(0.03387); 71(4.27843); 72(3.0776); 73(7.24443); 74(6.9923); 75(2.88471); 76(1.31447); 77(8.84861); 78(8.82769); 79(1.00414); 80(4.33289); 81(5.01961); 82(4.61995); 83(1.20396); 84(7.24818); 85(4.12585); 86(1.87586); 87(1.16342); 88(5.75389); 89(7.34292); 90(2.24061); 91(8.35873); 92(1.72517); 93(7.18119); 94(6.02734); 95(5.53235); 96(1.51984); 97(3.21456); 98(2.44393); 99(4.33738); 100(1.22136); 101(7.65241); 102(1.39253); 103(7.98473); 104(2.33264); 105(2.22505); 106(5.85454); 107(2.60553); 108(3.36309); 109(5.6671); 110(6.08273); 111(8.69543); 112(2.55854); 113(7.87099); 114(4.34661); 115(4.96667); 116(0.08875); 117(1.57038); 118(6.93628); 119(0.85313); 120(8.55121); 121(2.00508); 122(0.6802); 124(1.89886); 125(7.45937); 126(5.98681); 127(0.2547); 128(4.98539); 129(6.8187); 130(3.43628); 131(7.29359); 132(3.07661); 133(6.11718); 134(1.85943); 135(2.03023); 136(5.30647); 137(0.18283); 138(5.6299); 139(8.87505); 140(4.31264); 141(5.46555); 142(2.13904); 143(2.96839); 144(7.91297); 145(1.92829); 146(1.36831); 147(3.1171); 148(1.31661); 149(0.44371); 150(5.38024); 151(0.73145); 152(6.63089); 153(8.11657); 154(8.36567); 155(6.60183); 156(7.45609); 157(7.84497); 158(5.91096); 159(7.70583); 160(0.22386); 161(3.60329); 162(2.7228); 163(0.52711); 164(2.06832); 165(8.7785); 166(6.48046); 167(2.3061); 168(3.76297); 169(8.5267); 170(1.44834); 171(7.27963); 172(2.19144); 173(4.61635); 174(2.63544); 175(5.43706); 176(2.45225); 177(0.31465); 178(3.29349); 179(0.95122); 180(5.49438); 181(3.56481); 182(4.02355); 183(5.72253); 184(1.82841); 185(5.76587); 186(4.71866); 187(8.67195); 188(4.32579); 189(4.51394); 190(4.84067); 191(8.93379); 192(3.17807); 193(1.57456); 194(2.40258); 195(2.5736); 196(3.12682); 197(6.6324); 198(5.89204); 199(4.57197); 200(6.99345); 201(1.03762); 202(6.74326); 203(6.6338); 204(8.25902); 205(6.77464); 206(6.16191); 207(6.93473); 208(7.73266); 209(1.92736); 210(3.93008); 211(1.67814); 212(0.18097); 213(3.20319); 214(1.88129); 215(8.04494); 216(2.2707); 217(3.03087); 218(3.74181); 219(5.3147); 220(2.0772); 221(8.34715); 222(0.14111); 223(3.94265); 224(8.6335); 225(7.03909); 226(0.2672); 227(1.99268); 228(6.14383); 229(5.28346); 230(5.3706); 231(1.41605); 232(4.60726); 233(3.74105); 234(6.25485); 235(8.66262); 236(7.93449); 237(4.14542); 238(5.00268); 239(4.31879); 240(3.5826); 241(8.26591); 242(3.82376); 243(1.05367); 244(6.83641); 245(6.10367); 246(7.15371); 247(0.34118); 248(8.62124); 249(3.12862); 250(7.47343); 251(2.65663); 252(6.17563); 253(1.22229); 254(7.81055); 255(1.74702); 256(6.14859); 257(0.95772); 258(3.49472); 259(4.64414); 260(2.6823); 261(3.55215); 262(4.53697); 263(4.74881); 264(0.25461); 265(4.00646); 266(4.24418); 267(5.34173); 268(6.84568); 269(7.52105); 270(0.71319); 271(8.29613); 272(6.01133); 273(1.23664); 274(8.02155); 275(4.32293); 276(5.16225); 277(1.2197); 278(0.26414); 279(8.74014); 280(5.65237); 281(3.98212); 282(0.68444); 283(1.12735); 284(4.68947); 285(8.6234); 286(2.1077); 287(3.08893); 288(7.59206); 289(0.51333); 290(0.89513); 291(8.39869); 292(7.08732); 293(4.41445); 294(7.44712); 295(3.91043); 296(4.16928); 297(0.88303); 298(2.36543); 299(0.7451),1319.70642,1319.70642,4.413733846153846,2.671177888776388,8.99573,0.00769,0.41129783194909786,1
124,0(5.94104); 1(3.35459); 2(2.12425); 3(3.41545); 4(2.30621); 5(5.24175); 6(0.45168); 7(4.81862); 8(4.17255); 9(0.94157); 10(4.30731); 11(5.43828); 12(7.65734); 13(7.59463); 14(8.18479); 15(7.68447); 16(5.52241); 17(5.33335); 18(8.77003); 19(1.6031); 20(6.79904); 21(2.71894); 22(0.5456); 23(3.04661); 24(0.40369); 25(8.33076); 26(4.50382); 27(4.56685); 28(1.26267); 29(1.4013); 30(8.79158); 31(4.04189); 32(3.09854); 33(5.39466); 34(4.89821); 35(5.37438); 36(5.22348); 37(2.34897); 38(6.15634); 39(1.2785); 40(4.25388); 41(1.49603); 42(6.97184); 43(5.39115); 44(5.2008); 45(3.32706); 46(5.31385); 47(6.9888); 48(7.54557); 49(5.96563); 50(4.49747); 51(7.11162); 52(7.68988); 53(3.3054); 54(3.19886); 55(4.62674); 56(7.15014); 57(3.20278); 58(1.8782); 59(7.32541); 60(1.61396); 61(3.01859); 62(8.99856); 63(0.30586); 64(0.73864); 65(2.63458); 66(8.64732); 67(8.15696); 68(2.6162); 69(4.5058); 70(0.09075); 71(3.92264); 72(0.5163); 73(4.78073); 74(4.35234); 75(2.04414); 76(4.45268); 77(4.7628); 78(0.98545); 79(5.79591); 80(7.52073); 81(0.43849); 82(7.47838); 83(6.54623); 84(1.73404); 85(8.2341); 86(8.67446); 87(7.04169); 88(5.57102); 89(8.94126); 90(3.04285); 91(8.56947); 92(8.41004); 93(1.52384); 94(0.26089); 95(5.59599); 96(7.16449); 97(1.44614); 98(4.94131); 99(3.83254); 100(6.07929); 101(3.34723); 102(0.19721); 103(1.25362); 104(8.84426); 105(2.70054); 106(0.54513); 107(5.82833); 108(7.12197); 109(4.70759); 110(8.65332); 111(8.31349); 112(2.37047); 113(8.37827); 114(5.55893); 115(4.56094); 116(8.18954); 117(3.13216); 118(6.98658); 119(0.05027); 120(6.6832); 121(4.73955); 122(2.2095); 123(1.89886); 125(6.22926); 126(0.89918); 127(2.86203); 128(3.29686); 129(1.32369); 130(8.20781); 131(7.50715); 132(8.11151); 133(7.1401); 134(3.36817); 135(7.35526); 136(8.01452); 137(4.57133); 138(1.68514); 139(4.90745); 140(3.5227); 141(7.74977); 142(7.40494); 143(5.18544); 144(7.12524); 145(6.54669); 146(3.12051); 147(3.69368); 148(0.10477); 149(6.57842); 150(7.049); 151(2.85737); 152(0.31098); 153(8.2385); 154(7.76314); 155(2.30093); 156(1.98237); 157(4.12383); 158(2.76759); 159(7.4304); 160(0.78115); 161(4.87552); 162(7.88358); 163(7.0027); 164(0.95862); 165(1.46636); 166(8.06861); 167(4.53515); 168(0.87766); 169(2.33965); 170(8.66266); 171(2.62829); 172(0.60983); 173(0.66708); 174(0.78594); 175(6.81671); 176(0.56471); 177(2.26392); 178(8.94401); 179(2.83488); 180(2.79585); 181(0.86476); 182(3.45904); 183(1.41382); 184(5.39836); 185(5.19135); 186(8.28135); 187(5.09302); 188(6.11637); 189(3.42465); 190(3.9817); 191(6.01669); 192(8.4937); 193(5.05211); 194(4.15092); 195(5.06075); 196(7.96763); 197(0.45109); 198(7.5709); 199(1.30749); 200(5.94449); 201(7.03573); 202(4.29971); 203(8.5514); 204(6.53559); 205(0.7697); 206(5.55772); 207(5.82576); 208(0.44508); 209(8.09273); 210(4.30071); 211(7.04609); 212(8.88414); 213(8.65262); 214(0.22289); 215(4.00379); 216(2.04915); 217(2.32513); 218(6.37106); 219(6.52293); 220(3.54311); 221(8.90754); 222(2.79481); 223(0.75178); 224(4.89093); 225(2.35401); 226(0.98467); 227(6.81922); 228(0.69588); 229(4.5287); 230(4.60216); 231(4.21152); 232(7.09946); 233(3.28044); 234(4.90961); 235(7.37017); 236(5.28656); 237(6.52707); 238(0.93741); 239(7.3048); 240(1.10543); 241(4.63275); 242(1.69196); 243(2.99425); 244(2.77896); 245(2.46445); 246(8.21253); 247(3.26798); 248(8.37277); 249(1.65662); 250(0.68547); 251(1.06138); 252(5.95485); 253(6.14663); 254(6.02042); 255(6.04913); 256(1.4532); 257(3.72741); 258(0.02319); 259(7.97244); 260(2.08625); 261(1.98733); 262(4.85416); 263(4.06611); 264(2.13859); 265(0.92343); 266(1.02575); 267(6.49441); 268(1.10802); 269(8.86625); 270(5.80596); 271(4.12035); 272(5.65498); 273(5.20793); 274(3.38372); 275(3.9465); 276(1.1327); 277(1.35478); 278(3.44356); 279(1.6604); 280(4.77868); 281(3.16183); 282(0.79974); 283(1.20384); 284(4.67579); 285(6.51274); 286(0.83885); 287(0.13434); 288(2.00663); 289(5.98144); 290(2.68302); 291(1.69587); 292(6.77485); 293(2.82241); 294(3.08913); 295(2.9321); 296(5.90392); 297(8.03522); 298(0.82727); 299(0.97586),1309.34589,1309.34589,4.379083244147157,2.61947238805932,8.99856,0.02319,0.4120987090250289,1
125,0(6.40766); 1(4.37926); 2(4.13475); 3(8.18766); 4(2.04186); 5(2.37784); 6(4.22859); 7(7.05171); 8(8.84836); 9(5.18373); 10(0.44168); 11(4.50297); 12(5.19062); 13(7.04724); 14(4.11838); 15(7.24216); 16(7.78302); 17(5.92296); 18(0.87323); 19(0.01075); 20(4.04142); 21(5.68059); 22(7.92188); 23(3.60414); 24(5.23382); 25(8.55794); 26(1.18581); 27(6.83921); 28(5.66576); 29(4.80864); 30(5.23399); 31(4.41511); 32(7.7396); 33(7.16606); 34(7.31188); 35(0.09958); 36(5.83038); 37(0.27485); 38(3.45147); 39(6.53722); 40(6.32921); 41(0.06642); 42(2.73579); 43(5.63737); 44(3.04411); 45(6.07093); 46(2.28089); 47(1.8385); 48(3.18322); 49(5.46466); 50(5.73314); 51(1.07902); 52(6.68322); 53(0.09505); 54(8.11389); 55(7.34535); 56(8.83617); 57(5.72091); 58(0.66401); 59(0.96517); 60(2.51127); 61(7.50748); 62(4.74527); 63(7.9113); 64(1.78887); 65(1.79339); 66(5.47605); 67(5.2303); 68(1.88476); 69(0.21733); 70(1.4612); 71(2.21071); 72(6.02173); 73(7.05485); 74(5.14555); 75(5.30488); 76(6.06394); 77(7.11841); 78(6.83016); 79(1.65029); 80(7.91713); 81(0.40674); 82(3.88964); 83(0.96592); 84(5.704); 85(3.04744); 86(3.61086); 87(8.88311); 88(0.63217); 89(7.14974); 90(6.29239); 91(5.54944); 92(4.19238); 93(4.80461); 94(3.24903); 95(7.71783); 96(2.51677); 97(6.27867); 98(8.20048); 99(1.94963); 100(8.74184); 101(4.8927); 102(6.73588); 103(4.58423); 104(0.36917); 105(5.25476); 106(2.80217); 107(5.68645); 108(0.63737); 109(3.43888); 110(1.58871); 111(2.05719); 112(5.36172); 113(6.87855); 114(2.09509); 115(7.77638); 116(3.91406); 117(0.98142); 118(1.27313); 119(5.66563); 120(8.48259); 121(8.44797); 122(0.2432); 123(7.45937); 124(6.22926); 126(1.78142); 127(4.26916); 128(5.11186); 129(3.05136); 130(4.61759); 131(5.38927); 132(0.48536); 133(5.27453); 134(3.9667); 135(5.58658); 136(1.6413); 137(0.38292); 138(0.61414); 139(6.05196); 140(5.2804); 141(8.37103); 142(5.99791); 143(7.48763); 144(8.36469); 145(5.89091); 146(0.33139); 147(5.22786); 148(5.75506); 149(1.8098); 150(4.86773); 151(0.95746); 152(6.27281); 153(6.86288); 154(6.90707); 155(6.33884); 156(8.25661); 157(1.10843); 158(8.86704); 159(6.58139); 160(3.3931); 161(3.30098); 162(7.42716); 163(6.4238); 164(4.16029); 165(1.08504); 166(2.37855); 167(7.18858); 168(4.2606); 169(6.27964); 170(6.21054); 171(7.85529); 172(5.31307); 173(2.83555); 174(8.16035); 175(0.06154); 176(1.80897); 177(5.85495); 178(3.12949); 179(0.33077); 180(4.75715); 181(1.45906); 182(4.85272); 183(0.27669); 184(8.74005); 185(2.99985); 186(0.55414); 187(7.54128); 188(8.46926); 189(1.75013); 190(7.32503); 191(8.99026); 192(3.23458); 193(6.61684); 194(5.16809); 195(8.14793); 196(8.60481); 197(4.37127); 198(5.08661); 199(3.44544); 200(7.28179); 201(2.99355); 202(2.58237); 203(4.24232); 204(5.98706); 205(7.1642); 206(3.65762); 207(3.11894); 208(3.53086); 209(4.74381); 210(8.9237); 211(6.44639); 212(0.92936); 213(2.45616); 214(2.43067); 215(4.59275); 216(5.08102); 217(7.10814); 218(2.34832); 219(4.89304); 220(6.3839); 221(5.39); 222(4.48816); 223(1.03685); 224(8.02391); 225(7.53287); 226(5.69174); 227(2.76882); 228(5.38679); 229(2.60145); 230(6.61008); 231(5.48127); 232(1.3984); 233(3.36492); 234(3.8928); 235(8.41322); 236(7.62297); 237(6.56657); 238(0.11989); 239(3.57616); 240(5.02121); 241(7.09201); 242(1.39726); 243(1.829); 244(4.38438); 245(6.8895); 246(2.5946); 247(0.04255); 248(1.09269); 249(6.89046); 250(5.65017); 251(2.45209); 252(5.06701); 253(0.9689); 254(4.46795); 255(2.66274); 256(3.44133); 257(5.96858); 258(2.91591); 259(2.45937); 260(1.68423); 261(5.2877); 262(0.25859); 263(5.39905); 264(4.87609); 265(7.28331); 266(7.86129); 267(3.92395); 268(4.23004); 269(4.19329); 270(1.12971); 271(4.74077); 272(0.27298); 273(4.97972); 274(1.18976); 275(4.02596); 276(2.86813); 277(7.96864); 278(0.89816); 279(8.12019); 280(4.88733); 281(4.88218); 282(7.30874); 283(3.70292); 284(2.84192); 285(1.93342); 286(3.866); 287(3.95308); 288(0.43863); 289(5.52404); 290(3.37257); 291(7.66846); 292(4.94868); 293(1.71663); 294(6.85355); 295(5.617); 296(7.1313); 297(5.04208); 298(1.06318); 299(3.18127),1348.82988,1348.82988,4.511136722408027,2.484085308253502,8.99026,0.01075,0.42360021232300155,1
126,0(0.68422); 1(2.00507); 2(4.26751); 3(5.43893); 4(5.11218); 5(2.67273); 6(3.08283); 7(8.81); 8(0.93649); 9(0.8172); 10(8.57015); 11(3.96819); 12(0.92965); 13(5.9087); 14(6.62474); 15(0.71668); 16(5.59903); 17(3.42832); 18(0.97059); 19(0.4884); 20(6.67266); 21(6.93085); 22(1.56767); 23(0.90116); 24(6.89676); 25(3.07764); 26(4.78429); 27(2.10754); 28(6.43145); 29(7.21557); 30(7.32659); 31(1.80474); 32(3.94909); 33(1.18618); 34(2.54193); 35(6.51282); 36(1.89363); 37(5.15845); 38(2.88396); 39(1.93585); 40(0.43018); 41(2.28305); 42(8.14393); 43(8.92413); 44(8.17959); 45(8.89632); 46(5.77928); 47(4.60262); 48(8.73666); 49(7.12074); 50(5.37172); 51(7.06705); 52(4.2851); 53(6.3364); 54(4.6515); 55(4.84103); 56(4.53154); 57(5.21705); 58(4.45785); 59(6.24913); 60(1.279); 61(8.23582); 62(7.82995); 63(0.53052); 64(7.61382); 65(6.85053); 66(0.89509); 67(2.40803); 68(5.92672); 69(4.22886); 70(6.24972); 71(5.74508); 72(3.19421); 73(4.874); 74(6.94303); 75(4.23845); 76(4.18692); 77(6.54421); 78(5.98747); 79(6.14323); 80(8.84195); 81(6.40567); 82(6.57142); 83(4.85554); 84(7.91777); 85(8.4219); 86(2.90299); 87(8.09104); 88(8.72753); 89(5.58696); 90(0.68023); 91(5.87973); 92(7.2066); 93(2.9969); 94(3.09941); 95(2.50065); 96(0.65668); 97(7.74988); 98(5.20114); 99(6.82556); 100(6.37575); 101(0.7969); 102(4.85246); 103(2.67599); 104(1.4106); 105(2.68679); 106(5.92574); 107(7.03692); 108(3.12674); 109(5.59788); 110(8.76627); 111(7.96441); 112(4.79976); 113(5.57072); 114(0.41472); 115(6.64573); 116(4.63661); 117(2.24469); 118(5.6788); 119(8.89053); 120(0.12429); 121(0.61933); 122(5.23849); 123(5.98681); 124(0.89918); 125(1.78142); 127(8.74421); 128(2.33833); 129(1.91434); 130(2.89993); 131(3.46266); 132(1.53527); 133(3.495); 134(1.11533); 135(6.0091); 136(5.79865); 137(0.65823); 138(4.61779); 139(7.83197); 140(0.10808); 141(3.33643); 142(5.95119); 143(8.82892); 144(4.89183); 145(2.40567); 146(6.43986); 147(8.52581); 148(1.30589); 149(0.15115); 150(5.88485); 151(1.18696); 152(1.30587); 153(2.00249); 154(7.61696); 155(6.69749); 156(5.61626); 157(4.31977); 158(1.8539); 159(5.63513); 160(1.34456); 161(3.48163); 162(8.34662); 163(8.24341); 164(6.6651); 165(0.03493); 166(0.25409); 167(4.41721); 168(2.857); 169(2.47625); 170(3.93779); 171(3.20926); 172(2.58955); 173(2.40164); 174(7.69359); 175(6.6296); 176(5.69215); 177(3.92727); 178(5.46225); 179(5.82616); 180(8.6783); 181(1.58521); 182(6.45564); 183(3.71968); 184(6.62374); 185(2.04131); 186(3.44718); 187(3.71156); 188(4.99431); 189(4.89536); 190(8.85357); 191(1.05717); 192(1.26873); 193(1.27271); 194(7.67133); 195(5.74717); 196(5.62564); 197(0.9548); 198(5.75832); 199(0.87632); 200(1.64169); 201(7.21262); 202(5.72962); 203(2.18367); 204(6.05225); 205(8.53774); 206(2.74178); 207(4.20211); 208(3.06215); 209(2.66191); 210(8.77605); 211(6.64686); 212(0.55759); 213(0.71434); 214(4.0111); 215(7.22854); 216(6.03527); 217(0.8035); 218(7.46939); 219(8.19551); 220(1.51362); 221(2.77624); 222(2.0366); 223(7.60741); 224(8.6236); 225(4.4171); 226(4.68588); 227(4.66494); 228(5.98889); 229(5.43117); 230(6.78422); 231(2.10698); 232(5.71272); 233(2.52236); 234(8.38443); 235(3.15928); 236(8.26471); 237(1.71362); 238(4.07403); 239(0.04848); 240(0.32439); 241(6.87261); 242(8.46441); 243(4.99412); 244(2.08014); 245(6.19171); 246(0.01051); 247(2.00955); 248(4.82796); 249(5.3619); 250(8.60523); 251(5.77047); 252(3.10641); 253(8.1459); 254(3.11449); 255(5.49009); 256(4.14721); 257(4.04637); 258(1.41093); 259(8.16474); 260(5.35901); 261(4.79348); 262(1.79197); 263(2.8482); 264(4.22623); 265(4.76844); 266(6.49043); 267(5.97069); 268(5.33656); 269(0.54228); 270(6.88538); 271(5.56173); 272(8.51412); 273(1.37276); 274(3.20863); 275(2.09561); 276(7.50043); 277(7.01924); 278(0.96452); 279(5.34701); 280(1.32003); 281(8.64702); 282(0.74987); 283(1.5877); 284(1.71559); 285(3.9704); 286(4.5341); 287(8.27874); 288(1.50747); 289(7.69474); 290(4.02698); 291(3.46136); 292(7.11476); 293(1.80935); 294(4.36429); 295(1.3895); 296(6.15347); 297(7.83006); 298(5.15005); 299(2.93167),1348.85346,1348.85346,4.511215585284281,2.558632144694267,8.92413,0.01051,0.42489599355512053,1
127,0(2.11003); 1(8.50773); 2(2.77242); 3(1.40329); 4(0.47447); 5(3.43383); 6(0.63725); 7(6.03964); 8(1.04925); 9(4.73948); 10(7.25962); 11(1.01254); 12(2.36518); 13(3.04617); 14(0.55627); 15(0.57251); 16(2.58127); 17(2.87749); 18(2.77288); 19(0.4807); 20(1.87504); 21(7.09197); 22(5.08152); 23(5.84389); 24(8.89139); 25(3.5256); 26(7.26904); 27(4.87879); 28(3.55072); 29(6.95721); 30(7.66208); 31(0.60907); 32(6.32397); 33(8.25781); 34(1.6258); 35(6.44053); 36(7.75656); 37(0.95436); 38(6.02777); 39(5.75982); 40(6.79449); 41(8.03015); 42(0.73414); 43(4.07797); 44(6.58212); 45(7.50653); 46(1.34725); 47(8.66316); 48(7.38776); 49(4.66307); 50(6.39669); 51(8.46508); 52(0.45212); 53(4.7895); 54(2.06007); 55(6.47835); 56(6.79873); 57(5.88615); 58(3.39788); 59(8.62455); 60(0.38913); 61(7.85391); 62(0.60415); 63(3.70019); 64(3.95746); 65(7.76372); 66(5.21188); 67(6.57662); 68(8.82139); 69(6.11248); 70(6.31535); 71(4.64527); 72(7.73949); 73(6.6281); 74(0.60416); 75(8.35454); 76(7.07094); 77(5.38016); 78(0.19555); 79(2.04343); 80(6.97672); 81(6.72839); 82(1.1464); 83(0.28952); 84(8.32054); 85(8.14894); 86(4.77869); 87(1.64411); 88(3.0394); 89(5.93959); 90(6.5374); 91(8.46); 92(2.5847); 93(6.49023); 94(4.24716); 95(0.83976); 96(6.2505); 97(0.84985); 98(3.34771); 99(3.98371); 100(4.68526); 101(1.92046); 102(0.09061); 103(0.73639); 104(8.60208); 105(0.03077); 106(7.6533); 107(3.98334); 108(7.38897); 109(7.06654); 110(6.81099); 111(7.02284); 112(2.97219); 113(2.93004); 114(8.43548); 115(6.20178); 116(5.92771); 117(0.19776); 118(8.65369); 119(6.67154); 120(4.6723); 121(1.05799); 122(1.23056); 123(0.2547); 124(2.86203); 125(4.26916); 126(8.74421); 128(7.35452); 129(0.36608); 130(1.96546); 131(3.59064); 132(0.90787); 133(6.76939); 134(4.99158); 135(2.03455); 136(3.84921); 137(7.39606); 138(2.62514); 139(7.44209); 140(7.05594); 141(1.36205); 142(3.63354); 143(8.42972); 144(5.45753); 145(2.758); 146(0.86474); 147(0.66832); 148(1.96149); 149(5.07909); 150(4.54333); 151(5.40761); 152(3.5534); 153(8.63568); 154(3.03756); 155(2.7203); 156(1.07969); 157(5.93723); 158(0.32261); 159(1.4264); 160(8.66352); 161(0.51009); 162(8.11672); 163(3.34933); 164(7.43572); 165(0.70203); 166(2.23028); 167(8.70853); 168(0.70595); 169(4.44986); 170(3.30665); 171(1.91637); 172(7.40741); 173(7.01023); 174(1.01445); 175(0.79074); 176(6.1091); 177(1.32747); 178(8.13983); 179(4.47011); 180(4.41135); 181(2.8255); 182(1.14963); 183(2.24414); 184(7.74718); 185(1.03266); 186(2.25778); 187(3.7131); 188(3.86265); 189(6.19348); 190(1.80704); 191(4.19614); 192(5.18888); 193(3.50562); 194(7.4939); 195(6.05904); 196(6.81393); 197(2.46033); 198(5.3583); 199(6.55375); 200(2.19829); 201(7.01223); 202(8.62439); 203(7.62652); 204(0.45899); 205(0.62476); 206(2.93909); 207(4.86391); 208(6.53041); 209(6.29871); 210(1.11889); 211(0.3482); 212(5.22462); 213(7.85865); 214(1.3387); 215(5.25608); 216(3.91049); 217(8.39926); 218(4.15924); 219(5.32223); 220(5.85011); 221(8.60886); 222(5.3051); 223(1.67789); 224(4.61661); 225(8.48434); 226(1.57394); 227(3.98496); 228(0.44883); 229(3.35026); 230(2.31293); 231(0.10745); 232(3.49575); 233(3.59); 234(6.01922); 235(5.59481); 236(8.97951); 237(5.05699); 238(3.34583); 239(2.84721); 240(7.91357); 241(2.88853); 242(2.63404); 243(6.59215); 244(1.55775); 245(0.15055); 246(2.79472); 247(0.85269); 248(2.5508); 249(1.63939); 250(6.18312); 251(8.32967); 252(5.96919); 253(1.28301); 254(5.39855); 255(0.84609); 256(4.79601); 257(8.99395); 258(6.09882); 259(7.14612); 260(4.61202); 261(0.36038); 262(0.03141); 263(0.71877); 264(8.1362); 265(3.00122); 266(3.11724); 267(0.4244); 268(7.59252); 269(6.68387); 270(8.89538); 271(8.91764); 272(5.11847); 273(1.15564); 274(1.05513); 275(8.2631); 276(0.88256); 277(3.39144); 278(4.1307); 279(5.36958); 280(0.08207); 281(8.51366); 282(2.58792); 283(4.89866); 284(2.02967); 285(3.78849); 286(2.25922); 287(8.32984); 288(4.68691); 289(7.32137); 290(7.85313); 291(1.34606); 292(2.05903); 293(5.52128); 294(3.66208); 295(6.21754); 296(8.76934); 297(1.18307); 298(0.65131); 299(8.53847),1308.46003,1308.46003,4.376120501672241,2.741439911489784,8.99395,0.03077,0.4054740880845515,1
128,0(7.73804); 1(7.89603); 2(8.69152); 3(0.84848); 4(5.88752); 5(1.42354); 6(0.23792); 7(2.56976); 8(4.03406); 9(7.19453); 10(8.68428); 11(4.17752); 12(0.97606); 13(8.8644); 14(2.39278); 15(5.95318); 16(8.86376); 17(0.94764); 18(3.91791); 19(4.26482); 20(3.18866); 21(5.25454); 22(4.80346); 23(3.36793); 24(0.28127); 25(1.29478); 26(0.77602); 27(6.3272); 28(5.98143); 29(0.24794); 30(4.36697); 31(7.46446); 32(0.58778); 33(0.55023); 34(4.13962); 35(7.06481); 36(7.52127); 37(4.57343); 38(4.1002); 39(2.83782); 40(6.81599); 41(8.53102); 42(8.37111); 43(0.18091); 44(4.25438); 45(5.01449); 46(3.40044); 47(8.99188); 48(0.47356); 49(5.67393); 50(6.084); 51(8.51438); 52(0.88001); 53(5.15839); 54(5.77259); 55(0.98577); 56(7.30909); 57(8.56457); 58(8.09958); 59(6.54494); 60(6.0752); 61(8.84662); 62(6.73698); 63(7.02812); 64(2.15899); 65(5.92115); 66(8.8648); 67(1.12833); 68(8.8719); 69(1.07506); 70(2.50123); 71(6.08833); 72(6.93778); 73(8.72255); 74(0.9574); 75(3.20305); 76(7.90509); 77(5.6763); 78(1.76029); 79(3.9048); 80(6.82332); 81(8.83718); 82(7.00951); 83(3.78891); 84(2.61081); 85(6.42392); 86(7.06477); 87(5.09831); 88(4.79706); 89(0.74908); 90(4.24059); 91(4.91035); 92(1.13379); 93(2.88391); 94(8.07537); 95(0.85839); 96(8.32427); 97(7.83874); 98(4.05472); 99(1.81088); 100(8.58148); 101(6.54571); 102(3.8734); 103(4.03929); 104(5.46372); 105(1.41229); 106(1.23213); 107(7.41893); 108(4.07761); 109(1.47284); 110(1.62801); 111(7.10075); 112(0.79706); 113(7.55351); 114(0.50472); 115(0.63938); 116(5.6537); 117(1.45698); 118(3.5866); 119(6.61899); 120(6.15192); 121(5.52247); 122(2.24825); 123(4.98539); 124(3.29686); 125(5.11186); 126(2.33833); 127(7.35452); 129(4.20122); 130(2.11256); 131(8.4726); 132(4.13469); 133(4.4112); 134(5.64782); 135(7.09843); 136(6.19431); 137(6.96215); 138(5.83691); 139(3.86486); 140(4.03472); 141(1.87447); 142(4.00429); 143(5.70331); 144(1.59282); 145(8.47548); 146(2.46598); 147(2.32535); 148(1.12177); 149(8.53215); 150(1.90805); 151(5.986); 152(4.98118); 153(1.34062); 154(1.29265); 155(5.95277); 156(8.76131); 157(0.16739); 158(6.81494); 159(4.45143); 160(6.42387); 161(8.55294); 162(0.06554); 163(8.23776); 164(3.95387); 165(7.72704); 166(2.86782); 167(8.05919); 168(4.26237); 169(1.68843); 170(5.57906); 171(5.9845); 172(5.0058); 173(8.44364); 174(0.22995); 175(2.34885); 176(4.22393); 177(2.06253); 178(1.27821); 179(3.07087); 180(8.44503); 181(3.4748); 182(0.91786); 183(1.69743); 184(4.90585); 185(3.37686); 186(5.32138); 187(0.57484); 188(6.99023); 189(0.07326); 190(1.5227); 191(2.77554); 192(3.83231); 193(0.15772); 194(5.15603); 195(0.96205); 196(7.09426); 197(6.723); 198(1.1123); 199(8.6608); 200(1.44754); 201(8.0684); 202(2.59323); 203(6.65069); 204(3.76664); 205(2.43058); 206(1.48999); 207(0.51465); 208(5.55768); 209(8.65221); 210(4.13797); 211(5.98337); 212(7.35443); 213(7.87769); 214(0.48557); 215(3.5602); 216(7.46435); 217(7.87204); 218(0.27604); 219(7.96642); 220(7.25494); 221(7.89843); 222(0.25449); 223(2.05258); 224(6.28886); 225(6.56434); 226(0.56024); 227(6.97415); 228(1.35229); 229(8.92735); 230(0.03794); 231(5.82146); 232(5.57682); 233(2.84629); 234(2.67748); 235(6.46274); 236(7.22746); 237(5.64101); 238(6.80094); 239(0.14602); 240(1.98972); 241(3.57124); 242(8.4843); 243(6.13614); 244(7.18483); 245(8.38714); 246(3.2404); 247(6.14376); 248(4.16644); 249(5.84189); 250(6.51079); 251(3.71981); 252(4.50513); 253(0.41); 254(7.11975); 255(2.32046); 256(3.55959); 257(1.30314); 258(7.15488); 259(4.84628); 260(6.37586); 261(2.07669); 262(5.84112); 263(4.11616); 264(6.10541); 265(4.56144); 266(7.6785); 267(7.44197); 268(5.78545); 269(3.04365); 270(3.0774); 271(0.82143); 272(6.2726); 273(2.67798); 274(3.24705); 275(7.98042); 276(8.00207); 277(2.4755); 278(6.1125); 279(2.7673); 280(3.81545); 281(7.76004); 282(4.54778); 283(7.28448); 284(4.13166); 285(1.79669); 286(6.55027); 287(6.55535); 288(2.6547); 289(5.30227); 290(0.64288); 291(0.11629); 292(6.43174); 293(3.16273); 294(3.61523); 295(8.26095); 296(0.51649); 297(2.42724); 298(5.52262); 299(5.09275),1367.60232,1367.60232,4.573920802675585,2.6535793723615595,8.99188,0.03794,0.4238543743060458,1
129,0(5.0851); 1(0.51994); 2(5.30728); 3(0.41546); 4(5.47223); 5(3.69496); 6(3.56493); 7(6.78575); 8(5.36991); 9(8.50596); 10(0.61823); 11(3.90025); 12(8.75398); 13(5.83166); 14(1.19577); 15(2.83181); 16(8.64536); 17(6.55445); 18(1.0878); 19(7.91852); 20(0.67122); 21(1.87709); 22(7.0241); 23(0.13798); 24(1.29384); 25(4.2887); 26(0.3369); 27(8.52073); 28(7.21958); 29(8.89454); 30(0.48234); 31(4.98183); 32(6.17625); 33(6.48464); 34(6.85085); 35(0.16723); 36(2.73951); 37(1.40832); 38(5.05203); 39(4.94873); 40(5.40691); 41(8.57823); 42(7.87791); 43(8.09042); 44(8.23679); 45(2.90831); 46(1.15227); 47(5.26213); 48(7.83381); 49(2.72851); 50(3.27703); 51(6.7109); 52(0.20015); 53(5.71686); 54(2.78852); 55(8.57351); 56(5.41048); 57(1.78566); 58(5.69556); 59(6.65744); 60(4.14888); 61(1.39006); 62(5.53353); 63(1.39602); 64(0.54287); 65(2.21327); 66(2.02484); 67(8.64722); 68(7.62548); 69(1.19923); 70(8.48364); 71(1.07352); 72(6.76275); 73(1.04064); 74(2.47479); 75(5.54549); 76(3.96683); 77(7.31451); 78(1.32543); 79(4.26183); 80(1.6997); 81(4.07536); 82(1.2258); 83(6.90114); 84(6.96826); 85(1.44207); 86(2.00588); 87(1.49852); 88(6.44562); 89(8.93806); 90(8.71071); 91(4.9359); 92(7.38356); 93(8.20443); 94(7.90949); 95(5.50148); 96(5.07526); 97(8.44782); 98(5.63476); 99(2.24967); 100(7.84732); 101(0.07183); 102(3.34843); 103(2.164); 104(3.20869); 105(8.201); 106(8.78088); 107(1.31968); 108(2.76493); 109(6.84947); 110(1.97723); 111(3.39451); 112(3.92487); 113(0.47804); 114(4.79546); 115(1.24416); 116(1.6061); 117(4.32977); 118(0.63852); 119(5.46092); 120(2.74424); 121(2.49446); 122(4.60458); 123(6.8187); 124(1.32369); 125(3.05136); 126(1.91434); 127(0.36608); 128(4.20122); 130(7.35773); 131(8.46972); 132(8.4088); 133(0.2118); 134(8.91613); 135(3.41786); 136(0.07916); 137(2.11967); 138(3.66981); 139(4.91761); 140(4.24914); 141(0.79013); 142(6.34857); 143(6.7037); 144(7.77621); 145(7.72415); 146(3.32622); 147(0.93106); 148(8.28491); 149(1.14651); 150(1.56767); 151(4.38166); 152(4.91451); 153(5.75364); 154(5.51135); 155(2.38784); 156(2.70859); 157(1.65099); 158(7.8535); 159(3.86627); 160(2.25318); 161(0.99549); 162(3.68134); 163(7.67126); 164(7.34125); 165(5.45241); 166(6.54842); 167(8.8655); 168(1.80793); 169(4.78019); 170(6.22407); 171(0.00488); 172(0.0349); 173(7.47997); 174(2.93244); 175(1.27066); 176(2.10034); 177(3.19004); 178(8.91122); 179(4.20617); 180(4.47167); 181(5.66635); 182(6.16469); 183(1.528); 184(3.75113); 185(3.35371); 186(1.62967); 187(5.80392); 188(8.72042); 189(6.93274); 190(3.46853); 191(5.94739); 192(8.05327); 193(6.12577); 194(2.97387); 195(5.68382); 196(4.01999); 197(6.39734); 198(0.67598); 199(1.73258); 200(7.22534); 201(8.80267); 202(5.30291); 203(1.23135); 204(7.02219); 205(7.64588); 206(3.69419); 207(7.60379); 208(1.43365); 209(1.4642); 210(2.33508); 211(6.32347); 212(1.32986); 213(0.03172); 214(2.98616); 215(5.65846); 216(1.6848); 217(3.1787); 218(7.37847); 219(0.89224); 220(4.84931); 221(2.15413); 222(3.02823); 223(7.74199); 224(3.75717); 225(4.72562); 226(5.57984); 227(8.79636); 228(8.56575); 229(5.64668); 230(4.34314); 231(5.35052); 232(0.37744); 233(6.24418); 234(3.22629); 235(3.76757); 236(0.58863); 237(5.82853); 238(2.05439); 239(1.84881); 240(7.1041); 241(0.55624); 242(8.97079); 243(1.1106); 244(0.29157); 245(0.96594); 246(1.19585); 247(8.7338); 248(5.99652); 249(5.48924); 250(5.852); 251(1.90821); 252(8.75844); 253(0.32903); 254(7.95887); 255(8.26193); 256(6.41769); 257(4.14998); 258(3.99012); 259(2.40233); 260(7.23162); 261(3.49916); 262(4.11242); 263(0.34558); 264(2.36374); 265(8.60686); 266(1.18914); 267(4.58072); 268(6.41092); 269(4.1309); 270(6.65255); 271(6.51183); 272(7.97432); 273(0.9841); 274(1.79369); 275(3.23902); 276(1.90181); 277(0.05629); 278(5.70579); 279(5.29421); 280(6.7441); 281(7.9342); 282(0.98779); 283(8.1935); 284(5.73536); 285(3.17715); 286(0.24358); 287(5.69202); 288(4.84046); 289(8.87521); 290(0.04502); 291(2.60149); 292(5.9362); 293(0.0727); 294(7.12731); 295(3.10144); 296(6.60581); 297(8.14182); 298(3.67052); 299(1.54301),1308.94969,1308.94969,4.377758160535117,2.7215204936287174,8.97079,0.00488,0.4051347169562417,1
130,0(2.99681); 1(3.87772); 2(8.56436); 3(7.91243); 4(3.39336); 5(1.02052); 6(4.76748); 7(7.16687); 8(5.98552); 9(5.27617); 10(0.10342); 11(5.45322); 12(2.60141); 13(7.87244); 14(6.55541); 15(6.07193); 16(6.12461); 17(7.52202); 18(6.13952); 19(3.28377); 20(5.11859); 21(2.60482); 22(1.04558); 23(8.26488); 24(3.78095); 25(5.76262); 26(2.4902); 27(6.03339); 28(6.28485); 29(0.67835); 30(7.15062); 31(1.04211); 32(2.59963); 33(1.53257); 34(7.57816); 35(6.2469); 36(0.64302); 37(4.10588); 38(8.10011); 39(6.49589); 40(2.75588); 41(3.77863); 42(5.35321); 43(4.62881); 44(0.64621); 45(0.51868); 46(0.19283); 47(1.59303); 48(4.21634); 49(1.5341); 50(4.47711); 51(3.64542); 52(8.71397); 53(8.62366); 54(4.57136); 55(6.3183); 56(4.04069); 57(6.16856); 58(0.70203); 59(7.53055); 60(2.30724); 61(1.90882); 62(4.69474); 63(7.58099); 64(0.78002); 65(4.81036); 66(1.82628); 67(5.03575); 68(1.71437); 69(8.44285); 70(2.33206); 71(4.45403); 72(5.04081); 73(4.61831); 74(6.53293); 75(5.36923); 76(7.20783); 77(7.64713); 78(4.14771); 79(7.55547); 80(1.85561); 81(1.04729); 82(5.14119); 83(5.20597); 84(5.49766); 85(7.42718); 86(7.07201); 87(6.12775); 88(5.65594); 89(0.51515); 90(0.11126); 91(8.68145); 92(7.19368); 93(4.67865); 94(8.68315); 95(0.22762); 96(5.37316); 97(6.58136); 98(2.47332); 99(7.97434); 100(1.75282); 101(0.54615); 102(5.4417); 103(6.95312); 104(2.99289); 105(3.14434); 106(8.6003); 107(4.41971); 108(5.50787); 109(7.36309); 110(4.62723); 111(6.72444); 112(8.81257); 113(2.72564); 114(6.29619); 115(3.53607); 116(5.15841); 117(2.28696); 118(7.18167); 119(8.84126); 120(2.85886); 121(1.5826); 122(7.32655); 123(3.43628); 124(8.20781); 125(4.61759); 126(2.89993); 127(1.96546); 128(2.11256); 129(7.35773); 131(5.52815); 132(5.6442); 133(7.00021); 134(6.5959); 135(6.55385); 136(0.07765); 137(4.9794); 138(1.27976); 139(0.47394); 140(2.17948); 141(5.31394); 142(0.53791); 143(1.8804); 144(0.8201); 145(5.98072); 146(8.10939); 147(7.05985); 148(2.28205); 149(4.38939); 150(4.49393); 151(6.78706); 152(4.33142); 153(2.91698); 154(5.78173); 155(5.28171); 156(8.06329); 157(2.60561); 158(3.15457); 159(3.17054); 160(1.44669); 161(4.5324); 162(3.04122); 163(2.24925); 164(1.57791); 165(0.49265); 166(8.62029); 167(3.18024); 168(7.00732); 169(7.6825); 170(1.45029); 171(1.65053); 172(0.61784); 173(7.63289); 174(6.4481); 175(3.47495); 176(4.98797); 177(0.00651); 178(2.21586); 179(7.39451); 180(5.85772); 181(3.58618); 182(7.81502); 183(6.60518); 184(2.59528); 185(8.91248); 186(7.69548); 187(0.66614); 188(3.03023); 189(0.96524); 190(2.1811); 191(2.5716); 192(4.79083); 193(2.10997); 194(6.81588); 195(0.25444); 196(2.18602); 197(6.58668); 198(0.43535); 199(7.84808); 200(5.91473); 201(8.42063); 202(6.2359); 203(2.13184); 204(3.93924); 205(1.33073); 206(4.57738); 207(1.12426); 208(3.14757); 209(4.03784); 210(4.61366); 211(4.1371); 212(4.13506); 213(8.04971); 214(3.56607); 215(7.71164); 216(0.31153); 217(4.61999); 218(3.78579); 219(3.78599); 220(7.54654); 221(7.81875); 222(8.933); 223(7.13546); 224(1.18351); 225(1.20445); 226(6.38064); 227(6.94271); 228(2.44324); 229(1.01247); 230(5.70356); 231(4.15161); 232(0.27913); 233(6.76371); 234(8.74719); 235(5.10569); 236(5.79972); 237(1.88411); 238(3.72596); 239(2.82321); 240(0.14964); 241(7.16258); 242(5.15645); 243(8.61048); 244(1.13197); 245(7.76987); 246(0.41406); 247(1.53011); 248(5.05857); 249(2.92427); 250(6.73873); 251(3.83993); 252(7.45582); 253(6.52134); 254(8.17772); 255(2.40467); 256(5.3686); 257(7.10482); 258(6.81144); 259(1.78834); 260(3.85432); 261(4.04189); 262(2.24767); 263(4.80614); 264(1.9296); 265(7.87603); 266(4.17932); 267(8.26348); 268(1.48386); 269(6.65494); 270(2.93707); 271(1.47565); 272(6.98368); 273(1.26184); 274(1.98709); 275(8.40571); 276(7.44992); 277(0.6007); 278(3.14667); 279(7.88029); 280(0.81611); 281(8.76236); 282(8.70103); 283(6.30275); 284(1.9753); 285(6.25557); 286(4.45406); 287(0.20494); 288(8.85974); 289(4.12103); 290(3.97209); 291(2.83204); 292(7.49379); 293(5.6963); 294(5.96004); 295(0.30394); 296(3.30328); 297(3.02567); 298(1.80365); 299(8.65928),1347.80747,1347.80747,4.507717290969899,2.5780989712044486,8.933,0.00651,0.4228283462238041,1
131,0(5.76894); 1(5.26635); 2(0.05043); 3(5.95589); 4(5.27713); 5(8.69684); 6(5.41883); 7(0.77011); 8(1.13804); 9(3.88823); 10(3.48725); 11(1.7712); 12(6.71159); 13(2.26751); 14(1.59885); 15(1.3912); 16(5.51462); 17(7.43816); 18(2.34049); 19(0.267); 20(0.56564); 21(2.40069); 22(7.79066); 23(6.10855); 24(4.73517); 25(6.39023); 26(2.14107); 27(1.21569); 28(1.3654); 29(4.70625); 30(3.35769); 31(4.94971); 32(1.72147); 33(5.57634); 34(7.90559); 35(6.04639); 36(2.37917); 37(0.79925); 38(1.3203); 39(6.68247); 40(3.98541); 41(0.30865); 42(5.98372); 43(0.79363); 44(7.43902); 45(1.73177); 46(0.06367); 47(6.00688); 48(3.45935); 49(5.49717); 50(0.49034); 51(8.33308); 52(4.8099); 53(7.73092); 54(0.60931); 55(6.70788); 56(7.23276); 57(0.19674); 58(8.50435); 59(5.08052); 60(6.08504); 61(3.05583); 62(0.19774); 63(4.28251); 64(3.59039); 65(2.26568); 66(2.32632); 67(0.38749); 68(2.95); 69(7.8024); 70(3.32091); 71(2.9883); 72(1.77387); 73(8.90241); 74(2.35911); 75(5.10984); 76(7.48252); 77(4.11313); 78(7.66029); 79(1.42562); 80(6.84783); 81(5.27979); 82(7.83255); 83(8.85247); 84(2.15124); 85(0.59); 86(2.5125); 87(3.80011); 88(2.84806); 89(1.88498); 90(2.45036); 91(6.27391); 92(1.26452); 93(5.0409); 94(7.08207); 95(7.59584); 96(2.33499); 97(2.62884); 98(7.83803); 99(1.8421); 100(3.16279); 101(1.09066); 102(7.08581); 103(5.90823); 104(7.71682); 105(5.74382); 106(0.0869); 107(3.27793); 108(0.75573); 109(6.06472); 110(0.49022); 111(5.39463); 112(6.64449); 113(8.44659); 114(3.74451); 115(8.5271); 116(2.17289); 117(2.84214); 118(3.50185); 119(4.72847); 120(0.41483); 121(5.79475); 122(1.92891); 123(7.29359); 124(7.50715); 125(5.38927); 126(3.46266); 127(3.59064); 128(8.4726); 129(8.46972); 130(5.52815); 132(0.15089); 133(1.53867); 134(6.32537); 135(8.23609); 136(8.42567); 137(3.2801); 138(6.24336); 139(4.26031); 140(7.06992); 141(0.1288); 142(2.49868); 143(7.1754); 144(8.11908); 145(7.69019); 146(1.21746); 147(4.39515); 148(6.16322); 149(6.55874); 150(7.88448); 151(0.70967); 152(2.75569); 153(8.47595); 154(5.81047); 155(1.24344); 156(6.46938); 157(2.67084); 158(2.97757); 159(0.63684); 160(7.60918); 161(4.25904); 162(1.55466); 163(7.98484); 164(8.25207); 165(5.30072); 166(7.76487); 167(3.15601); 168(0.15263); 169(4.88447); 170(8.39494); 171(4.39213); 172(7.94426); 173(3.93377); 174(8.03765); 175(1.90326); 176(5.42242); 177(0.2442); 178(1.19715); 179(1.17328); 180(7.46273); 181(2.99954); 182(7.28132); 183(6.61439); 184(3.69885); 185(6.15424); 186(4.28588); 187(8.54278); 188(5.07248); 189(2.58393); 190(3.86217); 191(1.86439); 192(1.24157); 193(5.23447); 194(7.21408); 195(2.93561); 196(8.45159); 197(7.49557); 198(6.34075); 199(6.75122); 200(5.4959); 201(0.07319); 202(3.49005); 203(1.71559); 204(0.40237); 205(7.27113); 206(3.97299); 207(2.37404); 208(5.46138); 209(2.28837); 210(3.43655); 211(8.39211); 212(1.3079); 213(3.05379); 214(8.95433); 215(1.67667); 216(5.39753); 217(5.82897); 218(0.3063); 219(2.67706); 220(4.88293); 221(3.27641); 222(0.77655); 223(0.12861); 224(1.62337); 225(6.43236); 226(8.08869); 227(2.35845); 228(6.98657); 229(3.65949); 230(8.73249); 231(6.87557); 232(2.28443); 233(3.47685); 234(3.52259); 235(8.33349); 236(3.58509); 237(2.968); 238(5.1232); 239(3.79219); 240(5.58264); 241(0.09369); 242(1.46211); 243(0.80084); 244(4.75171); 245(6.26342); 246(8.52567); 247(7.06476); 248(7.6597); 249(4.96368); 250(7.65468); 251(0.62257); 252(7.38818); 253(5.31527); 254(1.69196); 255(4.03865); 256(3.94502); 257(2.1356); 258(1.57338); 259(3.81516); 260(1.18782); 261(3.7016); 262(4.48396); 263(8.13997); 264(0.57395); 265(0.97948); 266(8.11207); 267(8.82679); 268(4.94854); 269(1.75791); 270(7.11175); 271(5.82795); 272(6.78602); 273(2.66569); 274(8.64481); 275(2.82379); 276(8.05327); 277(4.55287); 278(6.2637); 279(4.84361); 280(3.53091); 281(7.60128); 282(7.68039); 283(1.93168); 284(4.52077); 285(6.13333); 286(0.10879); 287(3.53892); 288(8.34129); 289(7.00556); 290(1.54257); 291(6.87219); 292(1.25661); 293(5.05745); 294(1.9397); 295(0.49375); 296(3.11466); 297(6.07878); 298(3.30828); 299(5.82194),1309.1677,1309.1677,4.3784872909698995,2.6328112169059716,8.95433,0.05043,0.4091334696896566,1
132,0(8.77041); 1(0.95923); 2(8.02505); 3(1.15203); 4(4.55574); 5(8.27448); 6(3.33856); 7(1.7165); 8(7.56645); 9(0.58596); 10(0.35942); 11(7.30069); 12(8.39578); 13(1.56652); 14(0.43109); 15(0.87285); 16(8.19419); 17(8.4729); 18(3.18581); 19(4.02949); 20(4.04369); 21(0.24623); 22(1.62466); 23(2.70039); 24(3.59506); 25(8.20999); 26(7.35741); 27(2.15565); 28(4.23793); 29(6.50495); 30(3.46347); 31(5.62311); 32(1.91409); 33(8.28342); 34(5.49763); 35(8.1473); 36(1.88054); 37(5.24086); 38(5.44817); 39(0.73739); 40(7.14133); 41(3.96453); 42(1.31518); 43(0.77297); 44(6.6317); 45(5.18962); 46(8.9269); 47(0.96532); 48(2.01253); 49(3.50469); 50(8.49044); 51(3.45903); 52(3.99124); 53(2.23234); 54(6.49223); 55(8.94516); 56(2.4163); 57(8.95015); 58(0.02444); 59(3.48296); 60(1.08869); 61(3.11482); 62(4.48854); 63(8.37999); 64(8.95148); 65(8.97719); 66(7.91112); 67(0.35197); 68(7.15802); 69(5.63356); 70(5.86323); 71(8.9653); 72(3.83255); 73(2.4303); 74(6.04918); 75(1.16292); 76(5.40189); 77(5.9105); 78(2.39203); 79(3.01552); 80(6.48172); 81(6.80198); 82(7.01657); 83(3.79685); 84(3.57438); 85(7.64718); 86(7.51418); 87(7.57768); 88(2.46235); 89(6.38784); 90(1.98584); 91(5.06899); 92(1.80448); 93(4.88093); 94(6.93924); 95(8.635); 96(2.9783); 97(3.92989); 98(4.52713); 99(8.52959); 100(1.25698); 101(1.90804); 102(3.1287); 103(3.51917); 104(7.83946); 105(6.64126); 106(2.26674); 107(3.54726); 108(4.75511); 109(6.49559); 110(4.94124); 111(1.07466); 112(3.33657); 113(0.48946); 114(2.26774); 115(3.0604); 116(4.91626); 117(5.8904); 118(5.41673); 119(6.12657); 120(0.58506); 121(3.02476); 122(1.31486); 123(3.07661); 124(8.11151); 125(0.48536); 126(1.53527); 127(0.90787); 128(4.13469); 129(8.4088); 130(5.6442); 131(0.15089); 133(3.2516); 134(0.19327); 135(5.54082); 136(8.45789); 137(1.64099); 138(5.41876); 139(3.36166); 140(4.33358); 141(6.73774); 142(2.35075); 143(8.96859); 144(6.00339); 145(3.41653); 146(5.8445); 147(0.5767); 148(4.74601); 149(1.97859); 150(2.77583); 151(0.52039); 152(7.20577); 153(7.76921); 154(3.22613); 155(4.72698); 156(6.18632); 157(7.92828); 158(3.29329); 159(0.27021); 160(0.03502); 161(5.07439); 162(3.3409); 163(6.63959); 164(5.40616); 165(3.0676); 166(8.9129); 167(3.00326); 168(5.85246); 169(0.04772); 170(1.77713); 171(2.56482); 172(0.79201); 173(5.91505); 174(4.12829); 175(7.80833); 176(0.72018); 177(8.72489); 178(8.53734); 179(5.44701); 180(8.64969); 181(1.14233); 182(0.66754); 183(5.14264); 184(2.66928); 185(8.7062); 186(4.40591); 187(7.7448); 188(0.82638); 189(0.25964); 190(8.79529); 191(8.8967); 192(8.11122); 193(6.59741); 194(1.36637); 195(1.40527); 196(8.62703); 197(6.16475); 198(2.30768); 199(1.19214); 200(2.99196); 201(3.26879); 202(3.8117); 203(5.93171); 204(8.82581); 205(0.77243); 206(8.75095); 207(4.23668); 208(8.25877); 209(7.42311); 210(1.88431); 211(0.66671); 212(2.82317); 213(1.14352); 214(6.36854); 215(8.0363); 216(4.92194); 217(8.57229); 218(4.67576); 219(6.75701); 220(8.64436); 221(1.24954); 222(4.95563); 223(5.27204); 224(0.64538); 225(6.07481); 226(0.32935); 227(8.29554); 228(2.61997); 229(7.31827); 230(7.88814); 231(1.98809); 232(7.56992); 233(3.9915); 234(3.70604); 235(4.62257); 236(7.5314); 237(8.63474); 238(7.9283); 239(2.63384); 240(5.08661); 241(5.26034); 242(0.38947); 243(4.44608); 244(7.47429); 245(8.88193); 246(6.9592); 247(0.02108); 248(0.81883); 249(4.44229); 250(7.72149); 251(7.80531); 252(4.62136); 253(6.04758); 254(3.08924); 255(2.06491); 256(5.88767); 257(0.21108); 258(1.43298); 259(3.83349); 260(6.02909); 261(1.90398); 262(1.56575); 263(3.56472); 264(7.23264); 265(6.59469); 266(1.80644); 267(1.21231); 268(8.4537); 269(6.3115); 270(0.78181); 271(6.23802); 272(7.6055); 273(7.62627); 274(2.69335); 275(2.60103); 276(0.54758); 277(0.17141); 278(4.04973); 279(8.95762); 280(4.06736); 281(2.42371); 282(0.73388); 283(1.2967); 284(3.79304); 285(7.70275); 286(3.36509); 287(7.1801); 288(1.97316); 289(7.8912); 290(1.44757); 291(2.48123); 292(8.87405); 293(4.58117); 294(6.91774); 295(8.16401); 296(5.31281); 297(7.28388); 298(0.61117); 299(1.99674),1350.20901,1350.20901,4.515749197324415,2.770161564631305,8.97719,0.02108,0.41666799462392223,1
133,0(2.99692); 1(8.86938); 2(5.86313); 3(5.72056); 4(0.09954); 5(5.30266); 6(7.71309); 7(3.72023); 8(3.39609); 9(8.20725); 10(4.29906); 11(1.6315); 12(8.91562); 13(4.94708); 14(5.37148); 15(3.31009); 16(1.03031); 17(0.28177); 18(5.42603); 19(3.79791); 20(5.31633); 21(4.45261); 22(3.28871); 23(4.83743); 24(3.48922); 25(3.17759); 26(3.11679); 27(3.51769); 28(0.88245); 29(7.43281); 30(6.00107); 31(1.6894); 32(5.26693); 33(5.66128); 34(4.79283); 35(4.17835); 36(4.57602); 37(7.57617); 38(6.8641); 39(2.84184); 40(6.03901); 41(2.78931); 42(0.61805); 43(2.70882); 44(8.6897); 45(3.64005); 46(0.0948); 47(1.81274); 48(5.07537); 49(3.41938); 50(6.07128); 51(5.08135); 52(0.78487); 53(8.851); 54(4.08202); 55(3.42209); 56(0.85332); 57(7.2127); 58(0.54899); 59(5.58482); 60(3.54195); 61(5.91674); 62(1.61714); 63(0.21335); 64(5.07674); 65(3.38869); 66(4.53108); 67(0.27366); 68(5.57223); 69(5.07327); 70(5.92306); 71(0.41693); 72(2.46621); 73(4.22655); 74(1.24132); 75(8.44675); 76(3.53637); 77(4.96858); 78(4.23134); 79(4.99837); 80(8.4127); 81(7.52493); 82(8.37901); 83(4.45085); 84(2.3014); 85(0.70189); 86(4.76931); 87(2.44595); 88(1.31904); 89(0.815); 90(5.52318); 91(1.89386); 92(5.26874); 93(5.96955); 94(1.1882); 95(2.23187); 96(2.74387); 97(7.7861); 98(8.6953); 99(1.26595); 100(5.44999); 101(8.68765); 102(3.8124); 103(8.80092); 104(7.01227); 105(2.81278); 106(3.3029); 107(3.72291); 108(8.90314); 109(3.17673); 110(0.56318); 111(0.55758); 112(3.36272); 113(6.67858); 114(0.65981); 115(1.80442); 116(5.50532); 117(7.0792); 118(0.62697); 119(2.2089); 120(7.45047); 121(6.86364); 122(4.98997); 123(6.11718); 124(7.1401); 125(5.27453); 126(3.495); 127(6.76939); 128(4.4112); 129(0.2118); 130(7.00021); 131(1.53867); 132(3.2516); 134(2.97571); 135(0.68505); 136(6.40228); 137(1.83931); 138(6.91278); 139(0.26774); 140(0.03011); 141(6.85883); 142(7.50533); 143(2.78655); 144(5.13135); 145(5.99239); 146(2.44659); 147(6.76158); 148(8.18746); 149(1.98735); 150(4.05364); 151(2.16509); 152(7.94157); 153(5.41445); 154(3.18245); 155(5.26862); 156(0.74909); 157(6.42506); 158(4.89191); 159(4.19635); 160(3.06615); 161(3.55016); 162(6.68401); 163(6.08157); 164(0.13721); 165(1.32957); 166(7.21879); 167(8.87668); 168(5.03328); 169(5.12887); 170(6.93869); 171(7.37915); 172(8.09916); 173(6.52698); 174(8.9129); 175(3.57053); 176(1.1705); 177(8.84891); 178(3.68904); 179(0.57186); 180(1.82592); 181(8.07624); 182(8.12241); 183(5.32883); 184(0.49715); 185(2.08901); 186(3.92737); 187(8.11701); 188(1.06506); 189(4.60359); 190(6.29199); 191(1.0765); 192(4.14703); 193(8.50256); 194(7.76387); 195(8.0481); 196(3.02882); 197(4.36539); 198(6.84511); 199(8.68028); 200(7.7258); 201(1.28945); 202(5.41852); 203(1.61649); 204(5.3389); 205(6.18915); 206(1.89889); 207(2.00216); 208(7.88186); 209(3.20314); 210(0.5721); 211(4.88883); 212(8.59381); 213(8.13615); 214(2.87722); 215(5.91011); 216(4.81795); 217(3.32035); 218(7.92594); 219(2.03461); 220(8.6539); 221(6.47686); 222(2.77249); 223(1.76337); 224(4.72213); 225(6.36402); 226(3.24671); 227(3.18419); 228(2.29555); 229(1.54571); 230(2.14527); 231(6.25326); 232(2.69638); 233(0.95137); 234(4.97836); 235(7.81322); 236(1.28652); 237(3.59057); 238(0.47135); 239(1.56938); 240(3.63428); 241(7.51988); 242(4.91729); 243(1.4823); 244(4.38067); 245(4.63669); 246(8.42327); 247(6.19636); 248(1.57909); 249(1.49601); 250(1.15552); 251(2.26494); 252(6.36972); 253(0.11812); 254(3.88015); 255(2.90893); 256(6.00265); 257(5.02336); 258(7.01008); 259(4.62928); 260(3.53998); 261(2.07608); 262(2.8006); 263(6.17022); 264(0.84737); 265(5.99783); 266(4.19095); 267(1.77276); 268(6.18143); 269(2.16715); 270(7.0094); 271(4.03492); 272(8.41431); 273(2.59584); 274(4.51304); 275(5.58832); 276(0.96658); 277(4.54252); 278(4.85407); 279(3.58425); 280(5.2461); 281(0.98278); 282(0.18772); 283(4.07583); 284(2.06127); 285(0.53008); 286(3.08705); 287(2.99912); 288(7.5357); 289(0.96685); 290(8.57558); 291(7.62114); 292(5.73143); 293(6.27187); 294(5.71423); 295(4.06279); 296(1.44516); 297(0.08946); 298(4.68755); 299(5.90875),1289.78175,1289.78175,4.313651337792642,2.5033217662323244,8.91562,0.03011,0.41062950153438815,1
134,0(7.19018); 1(3.34432); 2(3.91972); 3(5.61577); 4(3.49402); 5(6.46017); 6(5.89812); 7(6.6458); 8(1.82757); 9(5.43623); 10(8.241); 11(0.04317); 12(3.24627); 13(0.31076); 14(1.16513); 15(3.7115); 16(6.86062); 17(5.15782); 18(6.60019); 19(1.70036); 20(0.90916); 21(6.40882); 22(8.19016); 23(2.55438); 24(1.85767); 25(1.94393); 26(7.51495); 27(6.83703); 28(7.7911); 29(5.05205); 30(3.01359); 31(6.87358); 32(1.65385); 33(0.50469); 34(1.55682); 35(1.24498); 36(8.04908); 37(0.20563); 38(3.09404); 39(6.97745); 40(7.2749); 41(2.8386); 42(7.97042); 43(8.28983); 44(0.41191); 45(3.31503); 46(6.27812); 47(0.8046); 48(3.03698); 49(7.82521); 50(7.46789); 51(6.59661); 52(3.3123); 53(0.8532); 54(4.5278); 55(8.57235); 56(0.46032); 57(8.69291); 58(6.0021); 59(3.74254); 60(6.69148); 61(1.25384); 62(7.6813); 63(8.30876); 64(8.34381); 65(0.13066); 66(5.57148); 67(3.46518); 68(0.42625); 69(7.89721); 70(8.53149); 71(3.49743); 72(4.71598); 73(1.16274); 74(8.91532); 75(3.26057); 76(8.85372); 77(0.79349); 78(0.51534); 79(7.42902); 80(8.76947); 81(4.67051); 82(6.42675); 83(1.68088); 84(3.27907); 85(0.57858); 86(3.96283); 87(0.43545); 88(8.56926); 89(4.29207); 90(3.87363); 91(8.23753); 92(4.85016); 93(3.9655); 94(1.62597); 95(5.0976); 96(7.73786); 97(6.16306); 98(7.76537); 99(5.25179); 100(5.99694); 101(6.25097); 102(4.09807); 103(4.08394); 104(8.21215); 105(2.12718); 106(2.01893); 107(5.60772); 108(8.7953); 109(6.96063); 110(8.61411); 111(3.65252); 112(5.72081); 113(6.76884); 114(1.98843); 115(1.29684); 116(5.8673); 117(6.00686); 118(2.47235); 119(3.91862); 120(3.60402); 121(1.14997); 122(7.34349); 123(1.85943); 124(3.36817); 125(3.9667); 126(1.11533); 127(4.99158); 128(5.64782); 129(8.91613); 130(6.5959); 131(6.32537); 132(0.19327); 133(2.97571); 135(0.9227); 136(8.43946); 137(5.05537); 138(2.61045); 139(6.32906); 140(1.68948); 141(8.2944); 142(4.97704); 143(7.4512); 144(1.19995); 145(3.54306); 146(0.9375); 147(6.10837); 148(6.76676); 149(1.10013); 150(8.93358); 151(6.95739); 152(4.02535); 153(0.82072); 154(5.36026); 155(2.32704); 156(6.82236); 157(7.53169); 158(0.65103); 159(1.20704); 160(6.60537); 161(4.85698); 162(2.79984); 163(6.73306); 164(0.15278); 165(2.84826); 166(7.56803); 167(4.41122); 168(0.31355); 169(2.59619); 170(6.89938); 171(5.84291); 172(5.35595); 173(2.47466); 174(7.84065); 175(1.36428); 176(0.11434); 177(0.28296); 178(5.8928); 179(6.15255); 180(8.82429); 181(3.4228); 182(6.98588); 183(0.09517); 184(3.28739); 185(6.51815); 186(8.78956); 187(5.19881); 188(2.81468); 189(4.07954); 190(4.59271); 191(7.39093); 192(8.97379); 193(3.89667); 194(6.46832); 195(4.05793); 196(7.0226); 197(4.57701); 198(2.3108); 199(4.0247); 200(2.82429); 201(2.33499); 202(5.9864); 203(7.47303); 204(3.11432); 205(4.22792); 206(1.22055); 207(6.69778); 208(1.77229); 209(1.31652); 210(0.36033); 211(0.02815); 212(1.31472); 213(1.77582); 214(5.38139); 215(8.70441); 216(1.44988); 217(7.31047); 218(0.4896); 219(5.69812); 220(7.13374); 221(8.26997); 222(3.12002); 223(2.09952); 224(0.49414); 225(5.80427); 226(6.10958); 227(6.96855); 228(3.64134); 229(5.51442); 230(5.57647); 231(3.52349); 232(3.85293); 233(3.15809); 234(5.71324); 235(8.6038); 236(2.16511); 237(4.68136); 238(8.12336); 239(0.47571); 240(7.86459); 241(4.34341); 242(4.04661); 243(7.15258); 244(1.3937); 245(2.73289); 246(1.25014); 247(7.81625); 248(1.20862); 249(4.93374); 250(8.58347); 251(2.89366); 252(8.50297); 253(6.97091); 254(2.97767); 255(5.51491); 256(0.28606); 257(7.03396); 258(0.04727); 259(8.46905); 260(5.99367); 261(4.16145); 262(7.723); 263(0.00852); 264(7.94586); 265(5.84623); 266(4.21715); 267(7.53751); 268(3.71571); 269(3.27479); 270(6.77127); 271(2.32261); 272(0.85774); 273(5.84241); 274(4.12818); 275(5.43811); 276(1.63202); 277(8.96833); 278(2.60136); 279(8.49374); 280(4.41997); 281(5.14542); 282(8.59761); 283(3.55086); 284(7.2857); 285(5.30112); 286(6.00128); 287(1.25559); 288(6.47765); 289(2.72464); 290(3.67699); 291(2.53549); 292(2.34543); 293(2.78355); 294(4.60244); 295(4.42466); 296(8.13315); 297(5.40195); 298(5.75432); 299(7.91011),1369.40413,1369.40413,4.579946923076923,2.643734611532952,8.97379,0.00852,0.42362183706114787,1
135,0(5.57212); 1(7.28775); 2(6.52143); 3(6.10363); 4(0.06715); 5(6.41482); 6(3.86251); 7(0.24223); 8(8.56088); 9(1.37058); 10(8.32653); 11(8.81676); 12(1.17672); 13(3.40729); 14(3.43914); 15(1.18817); 16(3.27593); 17(1.93271); 18(7.79002); 19(1.86521); 20(4.95228); 21(3.8769); 22(2.91158); 23(2.47806); 24(4.60086); 25(3.83312); 26(7.91619); 27(1.03378); 28(8.04707); 29(0.19932); 30(8.19407); 31(3.41397); 32(7.13171); 33(5.7616); 34(6.18842); 35(5.77114); 36(4.07327); 37(5.74946); 38(4.09561); 39(0.64916); 40(1.19187); 41(8.54948); 42(7.26493); 43(1.69528); 44(2.96551); 45(1.10982); 46(2.53881); 47(2.57381); 48(1.21532); 49(2.8367); 50(1.68934); 51(6.86591); 52(2.20828); 53(3.55965); 54(1.30162); 55(8.25631); 56(1.63877); 57(0.68441); 58(2.57117); 59(3.72113); 60(0.50966); 61(8.79841); 62(5.61333); 63(4.62735); 64(1.78151); 65(2.44059); 66(3.94962); 67(2.41875); 68(6.28444); 69(0.45763); 70(4.88661); 71(8.64311); 72(4.77552); 73(1.96686); 74(0.65679); 75(1.69461); 76(5.35837); 77(5.9805); 78(5.68892); 79(4.45457); 80(0.6463); 81(2.99121); 82(3.85939); 83(7.92703); 84(5.62049); 85(5.19763); 86(6.33221); 87(3.82317); 88(2.09212); 89(6.48078); 90(8.96775); 91(8.84774); 92(2.94096); 93(1.85698); 94(4.68219); 95(5.99036); 96(3.70924); 97(2.13044); 98(3.58536); 99(6.91407); 100(6.08545); 101(7.48649); 102(1.58938); 103(0.69932); 104(0.03855); 105(4.35799); 106(4.34066); 107(7.79212); 108(5.33821); 109(2.7302); 110(6.60474); 111(7.18282); 112(6.72023); 113(4.33239); 114(1.2091); 115(4.61379); 116(8.52676); 117(7.40264); 118(4.21953); 119(7.51924); 120(4.84473); 121(8.06575); 122(3.50071); 123(2.03023); 124(7.35526); 125(5.58658); 126(6.0091); 127(2.03455); 128(7.09843); 129(3.41786); 130(6.55385); 131(8.23609); 132(5.54082); 133(0.68505); 134(0.9227); 136(1.59076); 137(7.35451); 138(7.67954); 139(2.69548); 140(2.18979); 141(7.53571); 142(2.96228); 143(7.24595); 144(6.9464); 145(0.34283); 146(3.14054); 147(3.1751); 148(2.52853); 149(2.0865); 150(4.46896); 151(8.23321); 152(8.34251); 153(8.80495); 154(7.29357); 155(1.72592); 156(7.57694); 157(7.75738); 158(7.25736); 159(6.6526); 160(0.9286); 161(6.65859); 162(2.62148); 163(0.98158); 164(6.77349); 165(2.98099); 166(6.37758); 167(5.08575); 168(7.96792); 169(3.73316); 170(1.51418); 171(6.05645); 172(0.01897); 173(2.56677); 174(5.10774); 175(7.76932); 176(4.86953); 177(5.30216); 178(8.51312); 179(8.03376); 180(0.03396); 181(7.37422); 182(7.70894); 183(8.23322); 184(4.89457); 185(1.9008); 186(3.89164); 187(1.69752); 188(2.67605); 189(4.16861); 190(4.0369); 191(1.00277); 192(2.4616); 193(4.0057); 194(1.61883); 195(7.2029); 196(1.05715); 197(4.82627); 198(6.91849); 199(0.99629); 200(6.56092); 201(4.79929); 202(7.23127); 203(6.6418); 204(7.23368); 205(5.39955); 206(0.65635); 207(4.28589); 208(6.48026); 209(3.44049); 210(3.47681); 211(1.27683); 212(2.31151); 213(6.83539); 214(8.12262); 215(4.03884); 216(2.25154); 217(8.16244); 218(2.00261); 219(4.3288); 220(3.83037); 221(4.23213); 222(6.17385); 223(4.89455); 224(0.14132); 225(0.2531); 226(1.07392); 227(0.54849); 228(0.61003); 229(8.92351); 230(0.12211); 231(4.19913); 232(6.8906); 233(3.35933); 234(3.33222); 235(1.76208); 236(2.37771); 237(5.80523); 238(0.88573); 239(3.07009); 240(2.89465); 241(1.19098); 242(6.14058); 243(8.57243); 244(4.92579); 245(6.75299); 246(2.00328); 247(8.83743); 248(7.42803); 249(8.46397); 250(6.54204); 251(5.46415); 252(3.9483); 253(6.44187); 254(1.09933); 255(0.12309); 256(7.09522); 257(5.86041); 258(4.82678); 259(4.79685); 260(3.4727); 261(2.45545); 262(0.41953); 263(2.76919); 264(8.41201); 265(7.48398); 266(2.68627); 267(0.51342); 268(6.61631); 269(4.46782); 270(8.87329); 271(7.48186); 272(4.41088); 273(3.78927); 274(7.90371); 275(7.10019); 276(8.09211); 277(2.54595); 278(0.48056); 279(3.05928); 280(4.87251); 281(6.44038); 282(2.5492); 283(6.32259); 284(4.70885); 285(0.09465); 286(5.88162); 287(8.12369); 288(6.49586); 289(0.60559); 290(2.96909); 291(4.54063); 292(2.57767); 293(2.25051); 294(8.08659); 295(4.87258); 296(4.18315); 297(1.04508); 298(6.91034); 299(1.31453),1324.2555,1324.2555,4.428948160535117,2.5845684615268674,8.96775,0.01897,0.41634208491261876,1
136,0(0.57885); 1(2.96272); 2(8.60822); 3(7.88916); 4(3.7798); 5(5.49073); 6(7.09678); 7(2.63727); 8(5.91462); 9(3.60771); 10(1.14894); 11(4.45225); 12(7.41981); 13(2.376); 14(5.49663); 15(2.56926); 16(3.75875); 17(7.25904); 18(1.84665); 19(5.71155); 20(8.12128); 21(2.66994); 22(0.51378); 23(0.95627); 24(7.49231); 25(3.53355); 26(6.10616); 27(2.09676); 28(6.82728); 29(1.70181); 30(6.40294); 31(7.99323); 32(7.09101); 33(3.99); 34(6.45168); 35(8.39215); 36(4.8094); 37(4.27099); 38(0.33361); 39(3.73545); 40(5.69121); 41(6.21336); 42(6.93013); 43(0.73335); 44(4.98658); 45(2.53534); 46(0.78031); 47(1.88327); 48(5.60089); 49(6.10503); 50(8.97425); 51(7.81055); 52(1.768); 53(5.75298); 54(5.80583); 55(2.5012); 56(5.24219); 57(3.08946); 58(6.30178); 59(1.14595); 60(2.9051); 61(1.47094); 62(3.33106); 63(1.06509); 64(1.92157); 65(1.70129); 66(3.72606); 67(7.63404); 68(4.59583); 69(0.37961); 70(8.67206); 71(6.25423); 72(7.9344); 73(1.04216); 74(7.03717); 75(8.25245); 76(3.23773); 77(0.14403); 78(2.59652); 79(8.56748); 80(3.54429); 81(4.45729); 82(2.83695); 83(1.9932); 84(6.15106); 85(1.27769); 86(1.81517); 87(7.23763); 88(0.87709); 89(0.47819); 90(6.09996); 91(4.63649); 92(5.88352); 93(1.59514); 94(3.13711); 95(8.40098); 96(4.94338); 97(8.6014); 98(2.5146); 99(2.10908); 100(0.01716); 101(2.99787); 102(7.33017); 103(7.25816); 104(0.31437); 105(4.3425); 106(3.26613); 107(4.86263); 108(8.29259); 109(0.80935); 110(5.80206); 111(3.70301); 112(6.11603); 113(7.9648); 114(6.3867); 115(8.76335); 116(0.89148); 117(1.82264); 118(4.26752); 119(5.59916); 120(8.82255); 121(6.3987); 122(0.19826); 123(5.30647); 124(8.01452); 125(1.6413); 126(5.79865); 127(3.84921); 128(6.19431); 129(0.07916); 130(0.07765); 131(8.42567); 132(8.45789); 133(6.40228); 134(8.43946); 135(1.59076); 137(6.51999); 138(1.18714); 139(8.26575); 140(0.60287); 141(4.27654); 142(4.03472); 143(6.90673); 144(7.88958); 145(6.34538); 146(8.10301); 147(8.84994); 148(2.50637); 149(7.99045); 150(0.82888); 151(7.3729); 152(1.02006); 153(1.85138); 154(5.83011); 155(8.90016); 156(1.99909); 157(2.79643); 158(1.70152); 159(8.81608); 160(2.44199); 161(1.66038); 162(1.34206); 163(2.22579); 164(6.92382); 165(1.085); 166(3.32279); 167(3.59392); 168(7.25215); 169(6.51994); 170(4.43125); 171(3.68578); 172(7.26214); 173(6.89398); 174(3.33364); 175(3.34677); 176(1.13637); 177(2.43068); 178(0.25888); 179(1.98895); 180(5.03216); 181(8.1026); 182(7.63054); 183(6.23691); 184(8.32654); 185(8.16138); 186(8.57367); 187(7.61277); 188(3.58876); 189(8.4585); 190(5.54219); 191(6.85749); 192(4.31368); 193(7.99754); 194(3.32183); 195(5.69006); 196(2.5429); 197(2.93083); 198(1.04268); 199(3.6824); 200(7.28964); 201(2.15437); 202(4.85176); 203(8.44245); 204(6.49284); 205(8.13224); 206(4.06563); 207(2.29138); 208(6.46067); 209(1.39262); 210(4.97468); 211(3.82248); 212(8.78453); 213(7.93387); 214(8.11521); 215(2.8697); 216(5.01604); 217(2.05509); 218(3.72698); 219(5.70734); 220(2.91648); 221(0.29819); 222(7.48618); 223(8.55536); 224(3.01644); 225(8.16912); 226(7.16401); 227(8.61521); 228(2.88987); 229(0.15442); 230(1.35597); 231(8.89505); 232(6.15785); 233(3.42632); 234(6.28356); 235(6.31784); 236(8.71888); 237(2.63827); 238(2.63955); 239(1.38546); 240(1.08763); 241(6.59677); 242(3.42466); 243(6.25762); 244(1.67358); 245(0.87029); 246(4.97588); 247(8.49564); 248(2.74329); 249(4.62872); 250(5.19075); 251(5.78773); 252(3.79939); 253(5.8593); 254(1.43209); 255(4.85918); 256(8.2836); 257(1.90731); 258(1.66623); 259(6.02054); 260(6.1586); 261(3.08813); 262(7.03555); 263(1.35396); 264(7.85318); 265(1.21584); 266(5.81507); 267(1.78585); 268(4.1795); 269(2.21714); 270(4.76479); 271(7.49649); 272(0.26112); 273(0.66638); 274(0.81377); 275(8.23175); 276(0.37593); 277(5.83709); 278(4.6368); 279(1.00803); 280(4.84786); 281(1.03564); 282(1.81455); 283(1.78139); 284(7.78167); 285(0.83826); 286(6.98884); 287(0.09837); 288(7.62486); 289(7.66424); 290(0.89555); 291(4.73874); 292(5.78068); 293(2.22381); 294(1.17026); 295(4.20934); 296(2.73574); 297(8.66924); 298(1.51476); 299(0.44093),1341.7598,1341.7598,4.487490969899666,2.6912721591270494,8.97425,0.01716,0.4185498286477979,1
137,0(6.74168); 1(5.91825); 2(6.03512); 3(7.3444); 4(7.01854); 5(5.91622); 6(6.99109); 7(5.60436); 8(1.49906); 9(0.83817); 10(3.12481); 11(4.38353); 12(0.5328); 13(5.71923); 14(5.83544); 15(3.3805); 16(0.45329); 17(0.17767); 18(1.92091); 19(5.97134); 20(7.36744); 21(7.87217); 22(7.87689); 23(3.64513); 24(8.24505); 25(1.32914); 26(0.86925); 27(1.87224); 28(2.0588); 29(0.72759); 30(0.47762); 31(2.66491); 32(6.1563); 33(3.34725); 34(5.1676); 35(1.44718); 36(7.65005); 37(6.21112); 38(8.06124); 39(2.67638); 40(0.8619); 41(7.87699); 42(0.78799); 43(4.78242); 44(1.04263); 45(1.48314); 46(5.37299); 47(0.22102); 48(0.37418); 49(8.57622); 50(5.95398); 51(6.42523); 52(1.34079); 53(8.613); 54(7.2632); 55(6.88088); 56(7.29165); 57(4.6367); 58(7.53074); 59(7.16019); 60(8.37699); 61(5.08616); 62(7.25748); 63(8.86931); 64(4.69499); 65(7.94772); 66(7.07698); 67(0.62224); 68(5.93697); 69(6.38051); 70(1.12396); 71(7.95421); 72(5.00302); 73(0.7278); 74(0.55465); 75(3.73814); 76(6.55588); 77(5.38176); 78(3.43382); 79(2.30899); 80(0.7372); 81(3.26581); 82(8.63561); 83(6.17172); 84(6.28496); 85(7.79942); 86(1.08785); 87(7.35393); 88(7.2545); 89(6.73704); 90(5.82324); 91(8.89262); 92(1.97856); 93(4.02851); 94(1.67366); 95(8.41366); 96(6.91784); 97(6.13942); 98(4.04271); 99(6.69348); 100(0.68812); 101(2.03732); 102(1.06974); 103(6.33433); 104(3.6067); 105(7.58449); 106(5.19902); 107(8.77838); 108(0.88869); 109(1.43629); 110(6.08061); 111(3.15999); 112(5.54595); 113(1.82394); 114(0.99907); 115(3.23659); 116(5.34827); 117(2.44047); 118(0.14115); 119(5.01388); 120(7.22689); 121(8.69577); 122(5.94384); 123(0.18283); 124(4.57133); 125(0.38292); 126(0.65823); 127(7.39606); 128(6.96215); 129(2.11967); 130(4.9794); 131(3.2801); 132(1.64099); 133(1.83931); 134(5.05537); 135(7.35451); 136(6.51999); 138(3.72082); 139(1.78913); 140(7.53405); 141(8.24367); 142(0.80479); 143(5.28635); 144(0.16707); 145(7.70162); 146(0.64039); 147(7.03403); 148(2.59209); 149(2.92379); 150(1.43371); 151(3.51406); 152(2.90599); 153(4.65692); 154(0.40019); 155(6.28927); 156(3.25433); 157(0.75633); 158(1.5449); 159(5.6271); 160(0.12711); 161(3.24791); 162(2.87756); 163(4.09563); 164(0.29367); 165(4.32439); 166(7.51039); 167(8.45138); 168(3.13264); 169(4.73747); 170(3.70137); 171(2.60474); 172(0.64164); 173(7.3859); 174(2.85103); 175(6.78704); 176(6.42072); 177(4.22792); 178(4.36775); 179(3.77132); 180(7.70526); 181(5.11497); 182(5.68003); 183(3.52799); 184(2.55551); 185(6.37054); 186(7.81902); 187(4.10908); 188(1.68409); 189(6.18216); 190(0.74316); 191(3.54587); 192(0.58893); 193(7.77201); 194(1.74376); 195(7.89002); 196(0.31552); 197(4.03463); 198(2.39618); 199(5.77743); 200(7.38535); 201(5.63494); 202(4.0211); 203(7.2409); 204(0.16282); 205(7.64732); 206(5.87677); 207(8.90612); 208(6.71299); 209(0.32531); 210(6.97765); 211(8.96151); 212(3.31843); 213(7.13424); 214(0.03543); 215(2.92284); 216(1.07889); 217(5.76568); 218(0.74085); 219(0.88123); 220(6.26546); 221(1.75287); 222(0.96449); 223(4.78069); 224(7.12892); 225(1.82139); 226(1.96004); 227(0.08373); 228(8.79563); 229(3.81312); 230(7.20809); 231(8.47584); 232(2.56901); 233(3.00011); 234(6.53106); 235(5.82831); 236(0.70706); 237(4.05409); 238(7.85536); 239(4.01749); 240(5.2159); 241(8.47911); 242(1.37315); 243(6.76143); 244(4.27425); 245(3.72391); 246(2.9165); 247(0.69421); 248(3.85861); 249(5.54435); 250(4.09802); 251(1.18527); 252(8.75811); 253(3.586); 254(0.90564); 255(7.19433); 256(8.73427); 257(2.92003); 258(1.15933); 259(1.04234); 260(5.9057); 261(8.63782); 262(6.76034); 263(0.3324); 264(7.89643); 265(5.18826); 266(5.22872); 267(2.05375); 268(5.16303); 269(6.25297); 270(2.74175); 271(3.17148); 272(3.96993); 273(4.87485); 274(3.06909); 275(2.0298); 276(3.08984); 277(5.31844); 278(6.2824); 279(1.43519); 280(1.77243); 281(2.58738); 282(0.94001); 283(3.07885); 284(7.89914); 285(8.31185); 286(2.03201); 287(3.37888); 288(3.28429); 289(3.69137); 290(5.81048); 291(0.54163); 292(4.78416); 293(7.77274); 294(2.83812); 295(1.57005); 296(6.58311); 297(0.99162); 298(0.10024); 299(1.50504),1287.3691,1287.3691,4.305582274247492,2.6599356477668867,8.96151,0.03543,0.40227517280103825,1
138,0(6.71484); 1(1.09197); 2(8.95371); 3(0.55235); 4(1.09024); 5(0.01531); 6(4.44019); 7(0.58694); 8(4.30261); 9(8.9188); 10(8.7776); 11(6.67846); 12(4.89997); 13(2.27502); 14(2.85909); 15(4.06265); 16(0.55923); 17(1.42821); 18(0.43821); 19(3.23357); 20(5.47665); 21(2.74326); 22(3.43951); 23(4.82729); 24(2.84337); 25(6.24388); 26(1.35832); 27(2.30476); 28(2.55693); 29(3.22211); 30(0.33012); 31(6.46726); 32(4.32133); 33(5.09118); 34(7.80469); 35(2.22759); 36(8.40665); 37(6.38256); 38(4.49088); 39(4.82788); 40(8.0522); 41(3.99676); 42(6.09089); 43(8.69976); 44(5.24738); 45(3.9984); 46(1.93485); 47(8.11118); 48(0.67235); 49(0.14234); 50(5.91298); 51(7.87397); 52(6.36474); 53(8.10934); 54(1.64017); 55(6.12349); 56(0.08012); 57(3.57041); 58(3.84301); 59(8.18073); 60(8.97661); 61(1.00399); 62(2.43124); 63(1.57644); 64(2.63861); 65(6.9982); 66(4.3179); 67(6.46559); 68(3.29473); 69(5.01326); 70(4.02494); 71(1.69431); 72(0.29174); 73(7.73208); 74(2.49547); 75(0.10065); 76(3.63129); 77(4.84508); 78(6.27061); 79(3.82261); 80(7.23538); 81(8.45418); 82(8.37459); 83(3.03149); 84(8.69047); 85(7.94694); 86(2.14711); 87(6.00883); 88(7.69307); 89(5.41275); 90(4.59822); 91(4.71328); 92(3.20159); 93(3.04472); 94(7.56505); 95(7.47765); 96(4.28184); 97(0.62233); 98(4.91016); 99(2.42176); 100(0.87957); 101(6.38682); 102(5.67619); 103(5.98129); 104(8.92682); 105(8.74484); 106(7.47643); 107(3.80574); 108(6.78847); 109(8.69664); 110(2.0889); 111(0.47105); 112(0.96717); 113(4.257); 114(5.8956); 115(7.43078); 116(4.62221); 117(1.56334); 118(5.55072); 119(6.41574); 120(7.36369); 121(4.47034); 122(5.26724); 123(5.6299); 124(1.68514); 125(0.61414); 126(4.61779); 127(2.62514); 128(5.83691); 129(3.66981); 130(1.27976); 131(6.24336); 132(5.41876); 133(6.91278); 134(2.61045); 135(7.67954); 136(1.18714); 137(3.72082); 139(3.04785); 140(6.10308); 141(6.93299); 142(0.41173); 143(8.09529); 144(3.81428); 145(5.83419); 146(6.26674); 147(1.32526); 148(5.14132); 149(7.64287); 150(0.19241); 151(0.91058); 152(7.25371); 153(0.70608); 154(0.69852); 155(6.67444); 156(6.88649); 157(7.8986); 158(8.25473); 159(8.25902); 160(2.12542); 161(1.58127); 162(4.37118); 163(0.86782); 164(8.86111); 165(8.87695); 166(0.67135); 167(4.12473); 168(4.20283); 169(5.11822); 170(8.81432); 171(6.91403); 172(6.23902); 173(2.40983); 174(5.73121); 175(2.38669); 176(3.97437); 177(1.61442); 178(0.0199); 179(6.0452); 180(6.87974); 181(5.27611); 182(5.6003); 183(2.23812); 184(0.503); 185(4.87405); 186(6.79144); 187(2.52311); 188(7.77444); 189(8.33874); 190(7.86064); 191(7.12682); 192(7.95435); 193(7.16474); 194(7.40761); 195(7.68462); 196(2.75982); 197(1.19353); 198(6.72847); 199(4.30085); 200(0.90906); 201(6.18787); 202(2.26031); 203(8.76836); 204(8.18287); 205(5.93717); 206(8.92494); 207(1.8087); 208(1.84871); 209(8.98511); 210(4.41978); 211(8.46366); 212(2.10621); 213(7.07351); 214(8.82442); 215(6.85937); 216(0.65358); 217(5.64908); 218(8.61434); 219(4.87782); 220(0.07438); 221(2.17111); 222(0.37199); 223(2.38446); 224(2.17518); 225(8.73341); 226(2.8562); 227(4.15588); 228(2.39823); 229(3.70969); 230(8.98946); 231(5.65991); 232(7.29932); 233(4.43914); 234(2.72949); 235(7.88539); 236(1.40526); 237(4.0865); 238(8.59385); 239(6.81787); 240(0.82611); 241(5.82537); 242(7.85296); 243(4.95282); 244(4.09654); 245(2.21565); 246(2.27671); 247(3.6005); 248(7.53085); 249(4.72127); 250(5.50199); 251(8.86103); 252(7.99536); 253(6.2908); 254(7.3827); 255(5.17097); 256(8.73411); 257(0.083); 258(7.10556); 259(1.0299); 260(1.77732); 261(4.54179); 262(1.15722); 263(1.18558); 264(3.47762); 265(5.82215); 266(2.25681); 267(6.02475); 268(2.01898); 269(5.3171); 270(0.8654); 271(7.92447); 272(6.17194); 273(1.18036); 274(8.22568); 275(8.7635); 276(3.15623); 277(7.06487); 278(3.93043); 279(1.94508); 280(3.77425); 281(2.39708); 282(7.65372); 283(1.1835); 284(8.00546); 285(6.56002); 286(6.66523); 287(5.8504); 288(8.60474); 289(0.80579); 290(6.76909); 291(1.8414); 292(1.04256); 293(8.00782); 294(4.2947); 295(6.62973); 296(2.40143); 297(3.75008); 298(7.77085); 299(5.89297),1402.13949,1402.13949,4.6894297324414715,2.6861565795854294,8.98946,0.01531,0.43322172802202324,2
139,0(4.24491); 1(2.74562); 2(7.26855); 3(2.93353); 4(8.05786); 5(1.43103); 6(0.33446); 7(5.99492); 8(5.24957); 9(0.34397); 10(3.75408); 11(8.79093); 12(8.62995); 13(7.36946); 14(0.03788); 15(6.95802); 16(5.40348); 17(6.90645); 18(8.33736); 19(0.53856); 20(8.59661); 21(1.89558); 22(3.88201); 23(5.81566); 24(5.98275); 25(1.06648); 26(4.28435); 27(6.74681); 28(0.4188); 29(6.91432); 30(6.48276); 31(0.865); 32(7.3155); 33(6.68067); 34(6.47677); 35(5.48188); 36(5.38291); 37(4.51274); 38(5.67831); 39(6.98281); 40(0.48147); 41(4.61039); 42(0.75354); 43(2.23105); 44(8.81199); 45(1.43498); 46(8.20407); 47(4.19555); 48(5.33924); 49(0.9625); 50(7.97916); 51(0.85726); 52(5.25459); 53(4.68368); 54(4.83828); 55(3.029); 56(3.6798); 57(8.36239); 58(4.29959); 59(0.32946); 60(0.74683); 61(2.05272); 62(7.55389); 63(5.44261); 64(8.28832); 65(7.52262); 66(0.86456); 67(0.76393); 68(0.98244); 69(4.67791); 70(7.74706); 71(4.42447); 72(5.64613); 73(4.8195); 74(6.46459); 75(2.72541); 76(5.86066); 77(6.49701); 78(8.2091); 79(6.88201); 80(6.62573); 81(0.76224); 82(7.99064); 83(4.18109); 84(2.14306); 85(8.0727); 86(2.93392); 87(3.29245); 88(0.66929); 89(2.36723); 90(5.91031); 91(3.19016); 92(0.48978); 93(8.83279); 94(7.72374); 95(2.602); 96(6.68306); 97(0.86685); 98(4.91481); 99(2.91914); 100(3.85976); 101(5.48963); 102(8.80908); 103(6.08993); 104(0.78551); 105(6.56459); 106(6.07847); 107(6.60028); 108(1.36751); 109(3.2488); 110(7.6294); 111(8.60631); 112(5.8994); 113(0.86144); 114(7.11572); 115(7.55794); 116(2.82792); 117(0.29338); 118(4.20931); 119(8.6964); 120(4.64066); 121(0.38425); 122(4.84108); 123(8.87505); 124(4.90745); 125(6.05196); 126(7.83197); 127(7.44209); 128(3.86486); 129(4.91761); 130(0.47394); 131(4.26031); 132(3.36166); 133(0.26774); 134(6.32906); 135(2.69548); 136(8.26575); 137(1.78913); 138(3.04785); 140(6.89845); 141(2.52762); 142(5.48653); 143(4.7439); 144(4.03019); 145(8.18329); 146(5.79695); 147(6.32776); 148(6.90782); 149(1.67143); 150(0.00971); 151(7.32834); 152(5.29894); 153(1.17604); 154(6.92877); 155(3.23475); 156(8.13081); 157(0.28211); 158(8.04803); 159(8.19933); 160(5.94096); 161(3.1833); 162(7.44739); 163(0.83492); 164(7.98567); 165(6.86798); 166(4.3241); 167(3.71231); 168(4.39824); 169(2.30309); 170(4.26665); 171(6.27208); 172(0.68068); 173(3.91587); 174(4.66238); 175(2.60658); 176(7.70328); 177(8.29904); 178(2.51844); 179(1.49565); 180(5.75152); 181(4.50134); 182(1.34916); 183(0.00144); 184(2.07306); 185(3.71339); 186(6.47846); 187(0.15661); 188(0.73187); 189(4.29834); 190(0.41104); 191(3.67747); 192(5.54541); 193(8.10625); 194(7.0835); 195(1.02451); 196(7.22644); 197(6.5862); 198(2.45181); 199(1.06853); 200(7.21632); 201(1.09002); 202(3.28747); 203(7.29873); 204(0.55121); 205(0.13601); 206(6.74531); 207(2.4049); 208(3.91942); 209(5.66508); 210(7.32306); 211(7.69823); 212(7.68404); 213(1.86339); 214(6.9104); 215(4.84869); 216(3.09354); 217(8.4089); 218(4.19276); 219(4.62575); 220(8.14893); 221(8.9782); 222(8.65773); 223(6.89882); 224(1.43281); 225(6.57184); 226(7.06526); 227(5.22417); 228(1.84218); 229(5.12796); 230(4.56275); 231(2.67746); 232(8.18583); 233(7.44664); 234(2.43564); 235(8.78893); 236(7.63383); 237(4.28103); 238(3.28156); 239(0.39574); 240(3.06023); 241(2.06106); 242(1.24367); 243(4.24007); 244(3.48788); 245(2.21805); 246(7.62162); 247(5.23842); 248(7.03336); 249(6.66052); 250(6.03734); 251(8.45706); 252(8.72939); 253(7.39124); 254(1.47518); 255(1.27289); 256(8.28598); 257(3.78636); 258(3.26727); 259(4.5505); 260(6.44697); 261(4.09538); 262(1.2324); 263(6.19733); 264(8.35202); 265(1.41794); 266(7.43278); 267(8.09678); 268(3.53436); 269(2.89767); 270(2.65637); 271(2.75967); 272(7.05957); 273(7.50848); 274(5.55685); 275(0.71526); 276(3.18609); 277(4.82981); 278(3.35088); 279(7.06085); 280(0.74813); 281(5.75887); 282(3.93832); 283(0.81559); 284(7.57876); 285(2.49035); 286(0.94565); 287(8.69457); 288(6.14096); 289(8.17586); 290(2.47675); 291(2.52322); 292(0.70278); 293(1.14909); 294(3.04596); 295(2.9186); 296(0.69987); 297(6.79876); 298(7.11268); 299(7.02773),1383.02706,1383.02706,4.62550856187291,2.6532515180848706,8.9782,0.00144,0.4276426412599271,2
140,0(4.01075); 1(4.15841); 2(1.5891); 3(0.53848); 4(5.97171); 5(6.40881); 6(5.40957); 7(3.14785); 8(5.60672); 9(1.12395); 10(4.92749); 11(8.14967); 12(6.01832); 13(7.66399); 14(0.43017); 15(1.80044); 16(0.81672); 17(3.97386); 18(2.89186); 19(1.36314); 20(5.33524); 21(5.90255); 22(1.10558); 23(6.58441); 24(5.53085); 25(1.36485); 26(6.37328); 27(1.69961); 28(3.24418); 29(3.85021); 30(2.5942); 31(4.03126); 32(7.35827); 33(5.11679); 34(5.23971); 35(7.77932); 36(5.36992); 37(8.18523); 38(4.94598); 39(0.17762); 40(8.24432); 41(5.08084); 42(0.01545); 43(6.9477); 44(6.16947); 45(8.74037); 46(7.08434); 47(1.30698); 48(7.1546); 49(8.96633); 50(0.39602); 51(6.5639); 52(1.18138); 53(4.36547); 54(6.78866); 55(6.21324); 56(2.54883); 57(2.76207); 58(1.04023); 59(4.285); 60(7.91927); 61(6.25345); 62(0.17126); 63(6.77711); 64(4.68885); 65(2.43042); 66(6.54522); 67(7.0541); 68(4.21318); 69(0.03211); 70(2.98655); 71(2.57547); 72(8.31549); 73(1.64279); 74(4.51165); 75(4.93782); 76(6.67043); 77(1.87663); 78(5.78224); 79(5.97757); 80(0.46103); 81(2.80684); 82(8.72456); 83(4.43693); 84(5.76622); 85(7.33626); 86(1.68223); 87(7.76359); 88(4.75401); 89(6.0573); 90(7.66967); 91(1.30442); 92(4.44223); 93(1.08107); 94(8.3706); 95(6.39478); 96(6.71202); 97(0.75845); 98(5.34285); 99(8.72562); 100(5.97229); 101(3.52862); 102(3.2264); 103(7.79559); 104(1.29098); 105(5.86398); 106(7.29638); 107(6.11243); 108(5.24894); 109(8.22134); 110(2.22403); 111(6.16138); 112(1.65059); 113(5.67749); 114(4.94523); 115(5.4736); 116(8.40656); 117(4.66677); 118(6.22289); 119(8.09688); 120(3.5612); 121(6.87511); 122(0.85372); 123(4.31264); 124(3.5227); 125(5.2804); 126(0.10808); 127(7.05594); 128(4.03472); 129(4.24914); 130(2.17948); 131(7.06992); 132(4.33358); 133(0.03011); 134(1.68948); 135(2.18979); 136(0.60287); 137(7.53405); 138(6.10308); 139(6.89845); 141(3.62855); 142(7.27161); 143(0.27953); 144(5.03041); 145(6.89411); 146(2.85195); 147(7.74627); 148(1.73664); 149(3.46122); 150(5.94665); 151(2.94645); 152(5.52885); 153(7.82788); 154(5.77513); 155(1.81187); 156(2.72022); 157(0.25787); 158(2.53699); 159(4.93267); 160(5.92908); 161(1.70337); 162(1.75352); 163(0.09471); 164(7.127); 165(2.24945); 166(5.00209); 167(5.72612); 168(1.25835); 169(1.44492); 170(3.74039); 171(6.11001); 172(4.68231); 173(4.18125); 174(8.52998); 175(5.13891); 176(7.49392); 177(6.45897); 178(7.63574); 179(5.66494); 180(2.97172); 181(7.18957); 182(0.18365); 183(6.96919); 184(0.48637); 185(0.13495); 186(5.10242); 187(7.52831); 188(5.12995); 189(7.71255); 190(7.40895); 191(5.42154); 192(0.1503); 193(3.05209); 194(6.46244); 195(6.36305); 196(5.5624); 197(1.90931); 198(3.91584); 199(6.29673); 200(0.18936); 201(6.15164); 202(6.02568); 203(6.69172); 204(1.49101); 205(6.60062); 206(0.80033); 207(7.75369); 208(5.65138); 209(2.73705); 210(0.02497); 211(3.79003); 212(1.1452); 213(8.09153); 214(4.67045); 215(3.51161); 216(8.73516); 217(2.27759); 218(0.16711); 219(6.19182); 220(7.69919); 221(1.30429); 222(3.14488); 223(5.22225); 224(0.35362); 225(2.68415); 226(8.5923); 227(1.64678); 228(5.4988); 229(4.58644); 230(2.74814); 231(2.58005); 232(8.00228); 233(0.61524); 234(1.85373); 235(5.96517); 236(8.96922); 237(8.36293); 238(7.89932); 239(2.80478); 240(7.37615); 241(6.62995); 242(3.37161); 243(3.22701); 244(0.4357); 245(1.22505); 246(3.70628); 247(8.22446); 248(1.86097); 249(4.35657); 250(3.48382); 251(0.66372); 252(6.88703); 253(3.48433); 254(0.13961); 255(5.89155); 256(5.00483); 257(8.7186); 258(7.05943); 259(4.02999); 260(6.00701); 261(0.40522); 262(6.76056); 263(5.71454); 264(6.66059); 265(8.33098); 266(5.25056); 267(8.23713); 268(2.14962); 269(2.14621); 270(4.3175); 271(0.43063); 272(3.54962); 273(8.36125); 274(0.8215); 275(5.56549); 276(8.9316); 277(1.31989); 278(7.46935); 279(2.84721); 280(8.21611); 281(7.61634); 282(3.1514); 283(6.82251); 284(6.47235); 285(5.59639); 286(4.39883); 287(0.09489); 288(4.85028); 289(0.11781); 290(5.54137); 291(1.87632); 292(2.24265); 293(0.00459); 294(5.16348); 295(2.89999); 296(8.29967); 297(2.27991); 298(3.44869); 299(6.47895),1343.08278,1343.08278,4.491915652173914,2.582809068023297,8.96922,0.00459,0.414705188736889,1
141,0(0.81045); 1(4.37162); 2(0.86579); 3(1.38285); 4(6.21909); 5(7.85787); 6(6.83325); 7(2.89075); 8(2.50688); 9(1.0255); 10(3.05203); 11(1.81239); 12(7.18476); 13(8.9005); 14(1.19641); 15(7.15624); 16(0.23119); 17(8.03341); 18(0.43965); 19(3.98189); 20(6.56368); 21(5.21562); 22(4.47366); 23(7.97967); 24(6.78503); 25(5.88372); 26(0.66571); 27(4.31681); 28(7.40652); 29(8.28241); 30(4.17762); 31(5.31648); 32(4.53763); 33(2.72602); 34(0.65167); 35(3.72385); 36(3.56965); 37(6.03432); 38(3.2203); 39(8.58101); 40(3.73035); 41(8.63145); 42(3.24972); 43(0.97475); 44(7.4593); 45(0.19369); 46(7.86839); 47(3.99014); 48(7.38838); 49(1.04672); 50(7.5836); 51(7.40103); 52(3.14222); 53(5.44328); 54(0.91886); 55(0.55151); 56(0.16551); 57(6.8247); 58(4.07921); 59(0.90603); 60(3.59433); 61(2.72573); 62(2.65614); 63(8.4583); 64(2.51818); 65(0.66013); 66(5.17338); 67(7.69209); 68(7.3094); 69(2.41928); 70(7.17591); 71(8.3474); 72(6.83505); 73(7.44634); 74(2.43569); 75(6.75871); 76(4.79971); 77(4.54182); 78(7.00437); 79(8.95187); 80(6.29163); 81(2.4864); 82(6.84144); 83(8.2272); 84(3.64857); 85(2.14485); 86(6.40384); 87(5.6461); 88(7.5472); 89(3.49645); 90(7.20531); 91(8.46685); 92(7.6841); 93(7.1381); 94(6.41764); 95(5.74545); 96(8.26597); 97(6.37992); 98(5.37175); 99(4.79068); 100(4.4986); 101(1.28214); 102(1.34504); 103(7.33603); 104(0.61943); 105(0.92178); 106(2.03706); 107(0.56566); 108(0.73776); 109(7.08747); 110(5.49071); 111(0.73521); 112(3.12149); 113(6.82862); 114(5.47933); 115(2.43507); 116(0.78062); 117(1.78749); 118(2.87131); 119(5.51066); 120(4.69542); 121(8.16722); 122(2.87584); 123(5.46555); 124(7.74977); 125(8.37103); 126(3.33643); 127(1.36205); 128(1.87447); 129(0.79013); 130(5.31394); 131(0.1288); 132(6.73774); 133(6.85883); 134(8.2944); 135(7.53571); 136(4.27654); 137(8.24367); 138(6.93299); 139(2.52762); 140(3.62855); 142(1.60319); 143(4.88973); 144(3.35809); 145(4.59846); 146(6.34017); 147(7.30035); 148(3.45232); 149(6.57559); 150(6.39632); 151(6.98291); 152(2.55384); 153(3.92861); 154(1.17302); 155(3.58967); 156(1.61782); 157(7.82452); 158(1.10062); 159(3.92379); 160(0.85529); 161(0.65027); 162(8.00252); 163(5.23868); 164(0.88778); 165(7.66536); 166(3.01081); 167(0.7889); 168(3.72891); 169(4.45165); 170(1.14645); 171(4.79491); 172(4.71786); 173(6.72041); 174(4.30368); 175(1.59019); 176(2.06655); 177(5.35659); 178(5.76268); 179(2.47345); 180(6.36808); 181(0.12032); 182(7.92864); 183(0.31364); 184(3.26914); 185(7.89536); 186(7.27728); 187(6.11183); 188(7.55502); 189(7.26371); 190(8.8154); 191(1.35649); 192(8.38552); 193(1.21422); 194(2.45954); 195(0.75954); 196(8.22025); 197(5.10304); 198(1.8707); 199(6.47442); 200(5.41506); 201(4.93443); 202(4.79744); 203(8.36633); 204(6.34681); 205(8.52468); 206(1.58767); 207(1.35866); 208(1.93544); 209(8.19991); 210(6.2724); 211(6.00746); 212(6.28823); 213(6.12212); 214(5.96769); 215(3.58909); 216(3.76693); 217(8.62692); 218(3.22316); 219(5.91354); 220(4.11307); 221(0.37552); 222(0.74732); 223(8.68021); 224(7.78825); 225(4.63996); 226(8.18574); 227(8.97614); 228(8.83377); 229(7.44516); 230(3.13677); 231(6.5633); 232(8.05437); 233(7.01753); 234(8.29479); 235(8.20336); 236(1.08312); 237(6.43745); 238(7.29158); 239(5.72988); 240(5.17199); 241(0.67933); 242(0.59932); 243(4.05951); 244(1.38109); 245(3.73258); 246(3.65203); 247(3.14145); 248(1.25405); 249(0.49411); 250(5.52127); 251(1.77467); 252(8.55703); 253(7.52426); 254(5.58363); 255(5.72695); 256(6.68241); 257(3.1121); 258(4.37027); 259(5.90462); 260(8.2059); 261(3.31273); 262(5.72472); 263(3.42392); 264(3.15068); 265(1.26515); 266(8.60187); 267(6.00348); 268(3.15275); 269(8.44094); 270(3.69613); 271(5.98083); 272(3.47916); 273(7.85075); 274(7.47554); 275(3.19543); 276(3.5279); 277(2.36184); 278(8.78332); 279(5.01191); 280(4.59399); 281(0.80038); 282(6.48159); 283(5.21181); 284(2.22847); 285(6.53845); 286(7.54391); 287(3.38147); 288(7.6334); 289(1.73574); 290(4.83306); 291(2.41076); 292(7.87132); 293(4.83209); 294(7.19268); 295(3.03767); 296(0.54813); 297(5.3571); 298(8.89107); 299(0.01274),1404.48301,1404.48301,4.697267591973244,2.6274732235478804,8.97614,0.01274,0.4365971051762486,1
142,0(6.82261); 1(6.88542); 2(3.12577); 3(0.29937); 4(6.27955); 5(7.29516); 6(4.16253); 7(4.83608); 8(3.8867); 9(7.27588); 10(4.90451); 11(3.41966); 12(4.07716); 13(7.08265); 14(2.29533); 15(0.14197); 16(1.37705); 17(3.94775); 18(1.60668); 19(6.64116); 20(4.3413); 21(8.97064); 22(7.03777); 23(1.96815); 24(0.95936); 25(7.14845); 26(2.41418); 27(2.07932); 28(7.31414); 29(4.6779); 30(7.14474); 31(4.4587); 32(3.41931); 33(2.71422); 34(3.97762); 35(1.42999); 36(4.11385); 37(2.41834); 38(1.48941); 39(1.35684); 40(1.65954); 41(4.82235); 42(6.02321); 43(7.06216); 44(3.09855); 45(1.00352); 46(2.80942); 47(8.68312); 48(4.24); 49(2.60713); 50(0.41206); 51(4.49439); 52(7.54663); 53(8.57258); 54(3.48761); 55(8.33028); 56(3.30042); 57(8.18736); 58(0.88933); 59(8.12377); 60(1.6212); 61(0.58824); 62(2.77109); 63(6.24294); 64(3.83501); 65(1.01356); 66(3.15025); 67(6.34741); 68(4.70603); 69(6.98561); 70(8.1403); 71(3.7477); 72(6.10223); 73(3.64946); 74(0.73053); 75(3.70281); 76(2.14002); 77(1.87846); 78(6.60408); 79(7.06879); 80(8.75935); 81(8.68245); 82(0.43597); 83(7.21578); 84(3.19244); 85(5.64561); 86(4.79286); 87(1.3332); 88(6.86376); 89(2.37909); 90(0.97041); 91(3.83544); 92(2.50625); 93(4.93752); 94(0.4769); 95(2.91868); 96(8.75173); 97(4.72049); 98(0.01657); 99(7.02682); 100(2.02038); 101(6.65119); 102(2.19706); 103(0.4963); 104(2.24115); 105(2.99748); 106(3.50108); 107(1.20288); 108(2.27188); 109(6.16537); 110(2.86544); 111(5.88704); 112(1.06524); 113(2.68559); 114(0.70899); 115(4.50285); 116(0.60384); 117(4.46172); 118(5.36076); 119(8.33431); 120(0.76293); 121(3.87584); 122(1.23001); 123(2.13904); 124(7.40494); 125(5.99791); 126(5.95119); 127(3.63354); 128(4.00429); 129(6.34857); 130(0.53791); 131(2.49868); 132(2.35075); 133(7.50533); 134(4.97704); 135(2.96228); 136(4.03472); 137(0.80479); 138(0.41173); 139(5.48653); 140(7.27161); 141(1.60319); 143(6.1536); 144(5.15168); 145(4.06569); 146(5.53229); 147(6.97939); 148(0.1667); 149(3.79116); 150(5.55027); 151(1.98062); 152(6.75542); 153(1.1122); 154(5.8673); 155(8.62112); 156(1.9269); 157(3.76843); 158(2.91179); 159(8.7549); 160(4.74333); 161(8.83613); 162(6.37121); 163(4.25425); 164(3.64763); 165(5.70882); 166(1.27627); 167(6.82774); 168(8.78597); 169(3.59421); 170(3.07138); 171(6.32463); 172(3.84583); 173(5.51268); 174(7.13037); 175(5.36442); 176(6.18607); 177(5.16923); 178(0.93558); 179(0.83922); 180(0.54942); 181(4.1892); 182(7.37728); 183(0.46519); 184(0.3173); 185(0.0668); 186(0.06365); 187(0.68724); 188(5.70978); 189(5.14211); 190(8.01244); 191(7.73493); 192(5.83103); 193(8.01736); 194(7.98196); 195(8.39648); 196(4.26814); 197(3.46845); 198(8.83044); 199(2.10423); 200(5.91545); 201(1.85646); 202(6.16965); 203(1.41304); 204(3.67896); 205(4.49031); 206(6.52825); 207(2.82259); 208(0.634); 209(5.64554); 210(6.77256); 211(1.45162); 212(7.77714); 213(0.63186); 214(8.9597); 215(4.50023); 216(6.98404); 217(2.86361); 218(3.6007); 219(0.83997); 220(8.87967); 221(4.65312); 222(2.6496); 223(3.32197); 224(5.01329); 225(1.15275); 226(0.47827); 227(4.98941); 228(7.91241); 229(4.20585); 230(4.97542); 231(1.59239); 232(4.10143); 233(2.71303); 234(2.72003); 235(3.65071); 236(7.69211); 237(4.8958); 238(7.93697); 239(4.08439); 240(8.4095); 241(3.14137); 242(5.58509); 243(5.76495); 244(7.41263); 245(8.72355); 246(0.27153); 247(6.36379); 248(2.5863); 249(1.29853); 250(2.34356); 251(2.53236); 252(7.71432); 253(1.93839); 254(6.85965); 255(7.40438); 256(5.25963); 257(4.53945); 258(1.42275); 259(1.57639); 260(3.53646); 261(4.5013); 262(6.32432); 263(3.97129); 264(3.92689); 265(6.54447); 266(6.55604); 267(5.01125); 268(1.24968); 269(5.80539); 270(5.54242); 271(8.00877); 272(6.1399); 273(7.46905); 274(5.40592); 275(8.12768); 276(7.72908); 277(4.88008); 278(7.86174); 279(7.65777); 280(7.79603); 281(6.41105); 282(5.60148); 283(8.46545); 284(0.44495); 285(6.32626); 286(5.26602); 287(2.94593); 288(2.11303); 289(8.41989); 290(2.96042); 291(7.36762); 292(3.1986); 293(0.77697); 294(4.27057); 295(3.15758); 296(6.51721); 297(0.31015); 298(7.85599); 299(8.11252),1319.24856,1319.24856,4.41220254180602,2.535750740426486,8.97064,0.01657,0.41771120698629227,1
143,0(2.44493); 1(5.77015); 2(7.8756); 3(0.41279); 4(1.27863); 5(6.04149); 6(4.06619); 7(3.55102); 8(2.23707); 9(0.42948); 10(4.29634); 11(4.57363); 12(3.13231); 13(6.93671); 14(4.84043); 15(3.13958); 16(1.16104); 17(7.02246); 18(6.13571); 19(7.58428); 20(5.20025); 21(7.94124); 22(0.49333); 23(7.42645); 24(7.04207); 25(5.9025); 26(5.43018); 27(0.52292); 28(3.34661); 29(3.75452); 30(7.41249); 31(6.45486); 32(6.47121); 33(4.39023); 34(7.65786); 35(4.71295); 36(5.82344); 37(2.7164); 38(1.0427); 39(0.17048); 40(3.03582); 41(4.20145); 42(6.13496); 43(4.90874); 44(0.40719); 45(3.95783); 46(3.2904); 47(4.56835); 48(6.07682); 49(1.16911); 50(3.81051); 51(8.61649); 52(2.64975); 53(8.9311); 54(7.78791); 55(8.64439); 56(1.47598); 57(5.76831); 58(8.53274); 59(6.92231); 60(4.89447); 61(8.94878); 62(3.02558); 63(2.42577); 64(0.61588); 65(0.46139); 66(6.39802); 67(5.1995); 68(0.4486); 69(1.16489); 70(1.86477); 71(8.8006); 72(3.45453); 73(4.46849); 74(6.90322); 75(5.43464); 76(6.00426); 77(4.03676); 78(8.90516); 79(8.91056); 80(6.53672); 81(2.22385); 82(4.82077); 83(7.10144); 84(4.75034); 85(3.23291); 86(1.05846); 87(1.63313); 88(4.21438); 89(1.17913); 90(1.26078); 91(6.62078); 92(7.77738); 93(5.71562); 94(7.78983); 95(2.93625); 96(5.17407); 97(8.01538); 98(6.81628); 99(2.20384); 100(2.05205); 101(1.37165); 102(3.53341); 103(2.28796); 104(5.9347); 105(6.00352); 106(8.96299); 107(8.12204); 108(8.43838); 109(8.72062); 110(5.71652); 111(4.97966); 112(0.98291); 113(2.20013); 114(4.2658); 115(6.00825); 116(2.5429); 117(5.40153); 118(4.63792); 119(7.85511); 120(5.56519); 121(5.25308); 122(0.90317); 123(2.96839); 124(5.18544); 125(7.48763); 126(8.82892); 127(8.42972); 128(5.70331); 129(6.7037); 130(1.8804); 131(7.1754); 132(8.96859); 133(2.78655); 134(7.4512); 135(7.24595); 136(6.90673); 137(5.28635); 138(8.09529); 139(4.7439); 140(0.27953); 141(4.88973); 142(6.1536); 144(1.8332); 145(0.53448); 146(5.91442); 147(3.2671); 148(2.95468); 149(3.97233); 150(7.75795); 151(5.7719); 152(8.9331); 153(0.48771); 154(1.00404); 155(2.61621); 156(6.90433); 157(4.71278); 158(0.64761); 159(7.30706); 160(8.77762); 161(5.28499); 162(1.60751); 163(4.56164); 164(1.50189); 165(0.0507); 166(5.29483); 167(5.38761); 168(0.63473); 169(4.36659); 170(0.92791); 171(6.6113); 172(6.38092); 173(2.79818); 174(1.51179); 175(6.19031); 176(1.26854); 177(2.45586); 178(3.68399); 179(8.88125); 180(5.67457); 181(8.93588); 182(3.62286); 183(3.74191); 184(3.14632); 185(8.48594); 186(7.7423); 187(8.27677); 188(3.51717); 189(2.36662); 190(6.37769); 191(5.86257); 192(4.54544); 193(6.80148); 194(7.07772); 195(7.8651); 196(2.29972); 197(4.69279); 198(4.61728); 199(7.45105); 200(2.44313); 201(4.65344); 202(5.37679); 203(3.21388); 204(3.15412); 205(3.22641); 206(7.93376); 207(7.22421); 208(7.58138); 209(4.45487); 210(3.92064); 211(8.67148); 212(1.01194); 213(5.66174); 214(7.16565); 215(2.35773); 216(0.67749); 217(7.43984); 218(4.37362); 219(2.05262); 220(2.24349); 221(1.65272); 222(2.81038); 223(0.80048); 224(8.3331); 225(2.89578); 226(3.84629); 227(2.12951); 228(2.85924); 229(4.20031); 230(1.86951); 231(1.42663); 232(4.99044); 233(6.8861); 234(1.88214); 235(2.58864); 236(0.20094); 237(4.22896); 238(8.72603); 239(4.06329); 240(7.90451); 241(2.20184); 242(2.08375); 243(6.85639); 244(2.50611); 245(7.55806); 246(5.39125); 247(8.18316); 248(5.03305); 249(1.92471); 250(4.38366); 251(6.50977); 252(2.75824); 253(6.62206); 254(3.10805); 255(1.04559); 256(5.44203); 257(8.52881); 258(6.70642); 259(7.84815); 260(8.39972); 261(5.98601); 262(2.69566); 263(3.8776); 264(6.69707); 265(8.90994); 266(6.47672); 267(7.72331); 268(1.99311); 269(5.91954); 270(8.60975); 271(6.68876); 272(4.71726); 273(6.53359); 274(5.28634); 275(4.17993); 276(6.87829); 277(7.56906); 278(8.84438); 279(6.97534); 280(8.01596); 281(4.52562); 282(4.17174); 283(1.26257); 284(1.68011); 285(0.26074); 286(8.72365); 287(3.06897); 288(8.4895); 289(8.36086); 290(7.04296); 291(2.38712); 292(1.13768); 293(7.30412); 294(7.99114); 295(0.36876); 296(5.7103); 297(3.45077); 298(3.57607); 299(5.7655),1428.04781,1428.04781,4.776079632107024,2.5538966443476587,8.96859,0.0507,0.4479404045775433,1
144,0(7.84215); 1(8.29495); 2(5.44049); 3(5.65191); 4(3.56114); 5(4.90563); 6(0.43419); 7(0.50288); 8(4.28339); 9(5.73066); 10(3.71904); 11(8.13258); 12(7.60648); 13(5.97454); 14(2.50481); 15(4.84926); 16(5.32295); 17(4.74478); 18(7.7203); 19(3.52244); 20(6.70981); 21(2.59503); 22(6.63623); 23(4.73908); 24(3.97293); 25(6.64594); 26(8.06445); 27(1.36599); 28(7.93496); 29(3.33305); 30(6.55257); 31(7.11691); 32(8.66327); 33(6.05957); 34(6.48994); 35(1.91918); 36(3.47137); 37(7.01914); 38(7.11168); 39(1.08784); 40(3.80435); 41(5.5952); 42(8.20214); 43(4.78313); 44(4.43711); 45(7.02653); 46(4.37663); 47(2.45929); 48(1.0396); 49(2.26557); 50(8.14837); 51(4.8814); 52(7.65559); 53(0.91774); 54(7.89111); 55(3.81935); 56(6.24381); 57(7.87864); 58(1.57018); 59(6.31901); 60(5.02597); 61(4.6715); 62(4.81559); 63(0.35085); 64(4.21546); 65(8.17772); 66(3.57874); 67(6.64808); 68(3.28079); 69(7.76372); 70(7.66373); 71(3.98848); 72(0.76018); 73(6.58092); 74(4.70106); 75(7.41568); 76(5.8784); 77(0.14207); 78(0.49898); 79(8.91748); 80(0.09366); 81(2.8222); 82(2.51797); 83(2.22999); 84(2.66028); 85(1.14493); 86(8.81139); 87(7.42213); 88(3.96961); 89(6.74851); 90(6.9897); 91(4.63002); 92(0.01193); 93(6.7434); 94(3.57094); 95(6.16679); 96(2.61048); 97(6.39861); 98(2.73902); 99(3.37109); 100(4.44727); 101(1.03398); 102(7.4228); 103(3.31154); 104(5.61869); 105(3.5902); 106(5.05835); 107(6.81962); 108(8.69989); 109(4.58287); 110(0.3567); 111(5.86199); 112(1.02758); 113(1.68134); 114(0.57744); 115(3.08708); 116(8.79433); 117(6.55197); 118(0.48651); 119(3.10953); 120(4.96107); 121(4.37232); 122(8.65399); 123(7.91297); 124(7.12524); 125(8.36469); 126(4.89183); 127(5.45753); 128(1.59282); 129(7.77621); 130(0.8201); 131(8.11908); 132(6.00339); 133(5.13135); 134(1.19995); 135(6.9464); 136(7.88958); 137(0.16707); 138(3.81428); 139(4.03019); 140(5.03041); 141(3.35809); 142(5.15168); 143(1.8332); 145(2.39481); 146(3.33537); 147(1.77315); 148(0.49942); 149(6.46312); 150(4.57105); 151(4.31532); 152(6.48511); 153(7.39466); 154(7.74592); 155(6.08202); 156(3.35569); 157(6.19134); 158(7.16039); 159(7.53328); 160(2.72096); 161(5.98576); 162(4.71252); 163(6.13774); 164(1.01642); 165(7.59402); 166(4.46551); 167(0.37727); 168(3.04612); 169(4.46331); 170(8.62263); 171(0.03566); 172(0.67134); 173(1.60162); 174(6.36166); 175(8.88432); 176(7.54705); 177(4.2978); 178(8.44796); 179(0.38394); 180(8.17761); 181(3.42208); 182(4.2783); 183(3.19936); 184(0.58617); 185(1.63815); 186(2.35348); 187(5.79323); 188(7.75796); 189(5.23811); 190(0.64393); 191(3.37735); 192(3.70103); 193(7.54764); 194(8.01851); 195(7.01184); 196(6.86596); 197(0.91057); 198(5.08798); 199(5.80361); 200(8.32689); 201(6.11681); 202(1.77425); 203(5.0724); 204(8.61479); 205(5.30249); 206(1.83111); 207(4.24095); 208(7.73648); 209(3.91796); 210(1.53127); 211(2.84496); 212(6.15909); 213(7.70919); 214(7.55975); 215(6.89072); 216(0.86341); 217(2.12915); 218(5.761); 219(7.43994); 220(3.1502); 221(3.82099); 222(8.15803); 223(8.24166); 224(2.22931); 225(0.65216); 226(0.89225); 227(3.65809); 228(5.0992); 229(3.3191); 230(2.27348); 231(2.87383); 232(2.26821); 233(6.85198); 234(2.36851); 235(5.60012); 236(3.58183); 237(0.41778); 238(8.10069); 239(6.72681); 240(5.73232); 241(3.25164); 242(8.60662); 243(7.19289); 244(7.32364); 245(5.58275); 246(6.88349); 247(7.11409); 248(7.5621); 249(3.2231); 250(8.06608); 251(6.94044); 252(8.40753); 253(4.82977); 254(1.35137); 255(5.6636); 256(4.59183); 257(0.05549); 258(7.18332); 259(2.26173); 260(6.80116); 261(5.41656); 262(3.89854); 263(4.33642); 264(3.91135); 265(5.73564); 266(3.74514); 267(5.33296); 268(1.4311); 269(0.35505); 270(0.19924); 271(2.774); 272(2.43404); 273(6.82223); 274(1.69979); 275(5.93907); 276(3.36902); 277(7.20686); 278(2.79765); 279(4.54607); 280(4.79748); 281(8.56372); 282(8.18429); 283(2.13632); 284(4.91838); 285(1.11068); 286(0.59944); 287(1.67457); 288(4.05566); 289(2.66595); 290(7.36467); 291(5.2029); 292(0.36741); 293(6.50721); 294(8.50806); 295(1.78261); 296(4.2875); 297(4.22543); 298(2.91161); 299(1.80724),1395.44022,1395.44022,4.66702414715719,2.518390207080691,8.91748,0.01193,0.4358991316679517,1
145,0(5.71892); 1(3.7823); 2(0.22538); 3(8.39903); 4(0.56112); 5(3.72376); 6(2.3781); 7(6.67767); 8(5.51803); 9(6.26143); 10(7.62619); 11(6.64998); 12(6.73868); 13(1.02357); 14(8.8266); 15(5.14564); 16(4.11511); 17(7.00903); 18(2.45035); 19(0.80173); 20(0.63387); 21(7.49065); 22(0.6844); 23(1.38258); 24(2.65468); 25(3.95044); 26(2.9329); 27(0.63928); 28(4.94247); 29(0.73239); 30(6.9495); 31(7.4813); 32(8.92097); 33(8.76853); 34(7.9433); 35(5.48628); 36(6.10332); 37(0.3949); 38(4.25235); 39(6.01278); 40(0.41139); 41(8.72493); 42(8.10175); 43(4.48513); 44(7.25252); 45(3.0164); 46(1.46602); 47(2.55882); 48(1.02971); 49(7.62013); 50(8.35014); 51(0.71996); 52(5.4016); 53(1.4512); 54(3.27448); 55(7.71876); 56(8.4312); 57(1.56673); 58(1.97639); 59(2.03243); 60(2.40873); 61(1.956); 62(4.69455); 63(0.57922); 64(8.60728); 65(5.98459); 66(2.3046); 67(6.0198); 68(2.07493); 69(1.64283); 70(4.09521); 71(7.85114); 72(1.01306); 73(0.97473); 74(0.37495); 75(0.62156); 76(8.31064); 77(7.89757); 78(0.11376); 79(5.90355); 80(2.42684); 81(7.75323); 82(5.09088); 83(1.38818); 84(1.30148); 85(2.47579); 86(1.35243); 87(5.62459); 88(1.19521); 89(4.02378); 90(2.81477); 91(7.64425); 92(2.62024); 93(6.01258); 94(5.17745); 95(4.00098); 96(0.22021); 97(5.36103); 98(3.88615); 99(1.96758); 100(4.46596); 101(1.7196); 102(2.38588); 103(4.51123); 104(4.12609); 105(6.52394); 106(5.78901); 107(0.12404); 108(3.50967); 109(5.57868); 110(8.95328); 111(3.74238); 112(5.35991); 113(5.45838); 114(7.90049); 115(4.96597); 116(7.00197); 117(3.97064); 118(0.01894); 119(7.7121); 120(5.44446); 121(4.4492); 122(0.82002); 123(1.92829); 124(6.54669); 125(5.89091); 126(2.40567); 127(2.758); 128(8.47548); 129(7.72415); 130(5.98072); 131(7.69019); 132(3.41653); 133(5.99239); 134(3.54306); 135(0.34283); 136(6.34538); 137(7.70162); 138(5.83419); 139(8.18329); 140(6.89411); 141(4.59846); 142(4.06569); 143(0.53448); 144(2.39481); 146(2.61171); 147(6.50776); 148(1.69821); 149(6.43153); 150(2.21541); 151(6.67013); 152(3.54695); 153(8.46737); 154(8.11859); 155(2.12574); 156(2.91727); 157(1.83027); 158(8.23106); 159(7.2042); 160(3.86187); 161(4.62905); 162(6.3914); 163(8.30817); 164(6.42645); 165(7.51016); 166(8.16615); 167(7.5717); 168(7.12691); 169(5.51313); 170(5.46373); 171(0.48042); 172(5.65071); 173(8.36657); 174(8.01708); 175(0.66574); 176(4.97374); 177(1.92784); 178(5.534); 179(3.09733); 180(1.56053); 181(5.74393); 182(6.35993); 183(0.65752); 184(0.32795); 185(2.72122); 186(7.17649); 187(3.98829); 188(3.28809); 189(2.03076); 190(7.25972); 191(7.68344); 192(7.9984); 193(4.03843); 194(5.58155); 195(0.95192); 196(7.81697); 197(4.21891); 198(5.79229); 199(6.3165); 200(4.37759); 201(5.52189); 202(0.97159); 203(6.36835); 204(2.19664); 205(1.70498); 206(8.48794); 207(0.83913); 208(3.75049); 209(7.30926); 210(7.2113); 211(4.7982); 212(0.26181); 213(6.72898); 214(4.60101); 215(8.01903); 216(7.00955); 217(1.11601); 218(8.56139); 219(5.72746); 220(7.99318); 221(2.4209); 222(2.01482); 223(7.32223); 224(6.30136); 225(6.42656); 226(3.8632); 227(4.59162); 228(2.9258); 229(1.46522); 230(1.69044); 231(1.70935); 232(1.67906); 233(8.34316); 234(5.87472); 235(0.44475); 236(5.46277); 237(7.08939); 238(8.77044); 239(2.66005); 240(6.03089); 241(0.65968); 242(2.61787); 243(7.72113); 244(4.14369); 245(6.11971); 246(3.99495); 247(0.34604); 248(7.49012); 249(0.2878); 250(1.09854); 251(4.90681); 252(1.66915); 253(1.02466); 254(0.54109); 255(0.67265); 256(5.80973); 257(5.24935); 258(1.57628); 259(3.7298); 260(4.1156); 261(2.59609); 262(1.82792); 263(7.08702); 264(2.10396); 265(8.98442); 266(6.2729); 267(0.9911); 268(6.03736); 269(8.4598); 270(3.75132); 271(4.54587); 272(4.57197); 273(1.29508); 274(2.89309); 275(6.19608); 276(1.09817); 277(5.90088); 278(3.95298); 279(2.78918); 280(6.91169); 281(5.2318); 282(8.24826); 283(6.12871); 284(4.47289); 285(7.01618); 286(1.07605); 287(8.09115); 288(8.87289); 289(2.39423); 290(5.03619); 291(7.0257); 292(0.34449); 293(4.751); 294(7.18561); 295(5.37581); 296(1.57851); 297(3.46967); 298(8.84926); 299(7.55439),1342.28235,1342.28235,4.489238628762543,2.6386033232737156,8.98442,0.01894,0.4196796628836267,2
146,0(0.07887); 1(8.42694); 2(4.22074); 3(3.99805); 4(1.2319); 5(7.85792); 6(5.61693); 7(4.5768); 8(2.2453); 9(3.46576); 10(7.20261); 11(6.09691); 12(4.07728); 13(0.07478); 14(7.89358); 15(0.81438); 16(0.16493); 17(0.72755); 18(5.49342); 19(8.37687); 20(0.5873); 21(4.31221); 22(2.74331); 23(6.54095); 24(3.19374); 25(0.90942); 26(7.31187); 27(4.98161); 28(0.44127); 29(8.83617); 30(0.67144); 31(6.32764); 32(4.22705); 33(5.84371); 34(1.76097); 35(4.76757); 36(0.40643); 37(3.54809); 38(2.11021); 39(0.2786); 40(5.30335); 41(5.83796); 42(4.65401); 43(3.00983); 44(2.29585); 45(3.29375); 46(7.75128); 47(3.01209); 48(5.1018); 49(1.23765); 50(5.88366); 51(0.23227); 52(6.26353); 53(8.85065); 54(2.90369); 55(5.22746); 56(4.53885); 57(4.96265); 58(8.84776); 59(3.5952); 60(5.15727); 61(7.64656); 62(6.56717); 63(8.96221); 64(4.29852); 65(5.96332); 66(4.2632); 67(4.09753); 68(7.51983); 69(6.52544); 70(4.02203); 71(2.86638); 72(7.32001); 73(4.86); 74(8.12608); 75(5.68659); 76(0.15876); 77(7.39295); 78(1.89656); 79(2.21324); 80(3.02558); 81(1.67476); 82(7.85369); 83(5.58519); 84(5.84344); 85(3.05514); 86(1.59488); 87(6.04195); 88(7.30191); 89(2.19248); 90(2.96746); 91(8.90083); 92(5.11641); 93(8.47893); 94(8.46679); 95(2.11325); 96(2.17814); 97(8.11805); 98(4.38061); 99(4.40401); 100(7.55637); 101(7.7056); 102(3.19093); 103(2.40798); 104(5.30449); 105(8.41432); 106(5.302); 107(7.33974); 108(3.66229); 109(3.32072); 110(4.40604); 111(5.45502); 112(8.23584); 113(3.22502); 114(8.44316); 115(7.43995); 116(2.70141); 117(4.10476); 118(1.7957); 119(3.02831); 120(0.69484); 121(0.83707); 122(4.3741); 123(1.36831); 124(3.12051); 125(0.33139); 126(6.43986); 127(0.86474); 128(2.46598); 129(3.32622); 130(8.10939); 131(1.21746); 132(5.8445); 133(2.44659); 134(0.9375); 135(3.14054); 136(8.10301); 137(0.64039); 138(6.26674); 139(5.79695); 140(2.85195); 141(6.34017); 142(5.53229); 143(5.91442); 144(3.33537); 145(2.61171); 147(8.14979); 148(7.85359); 149(2.00431); 150(5.26841); 151(5.42469); 152(4.02177); 153(2.32953); 154(0.08884); 155(1.10918); 156(4.88282); 157(5.95507); 158(5.70551); 159(1.82347); 160(1.15902); 161(4.52865); 162(8.91262); 163(4.52331); 164(1.28828); 165(4.32938); 166(3.46109); 167(7.38265); 168(0.32438); 169(3.26396); 170(8.01942); 171(5.5507); 172(0.29185); 173(5.92287); 174(6.58615); 175(5.81654); 176(6.93929); 177(8.06935); 178(4.40753); 179(1.64053); 180(3.70041); 181(1.74877); 182(8.19355); 183(6.11706); 184(3.03906); 185(4.08461); 186(6.66915); 187(4.12581); 188(8.86337); 189(3.27361); 190(1.80743); 191(6.99545); 192(2.05711); 193(2.22848); 194(7.37696); 195(4.42751); 196(0.98766); 197(1.4431); 198(4.844); 199(5.4503); 200(5.98112); 201(6.81334); 202(8.32588); 203(2.20061); 204(5.30965); 205(3.74105); 206(0.6497); 207(4.61559); 208(1.55473); 209(3.78102); 210(6.21389); 211(1.39934); 212(7.8988); 213(8.67161); 214(4.10323); 215(2.83791); 216(1.34386); 217(4.8103); 218(8.8611); 219(4.56571); 220(0.33889); 221(8.82316); 222(0.58591); 223(2.15654); 224(6.48813); 225(7.08445); 226(7.78174); 227(5.04618); 228(5.05792); 229(0.50902); 230(6.96576); 231(6.9762); 232(0.36604); 233(1.04815); 234(1.29147); 235(3.80881); 236(4.28531); 237(1.62202); 238(7.68144); 239(0.12528); 240(3.47178); 241(7.47341); 242(6.53753); 243(5.64239); 244(4.3755); 245(2.7931); 246(7.43083); 247(1.43255); 248(8.63852); 249(4.67344); 250(0.95852); 251(0.17421); 252(1.01838); 253(5.34767); 254(8.6485); 255(3.33809); 256(8.31783); 257(0.75072); 258(8.07142); 259(5.92873); 260(0.78541); 261(7.29506); 262(8.30199); 263(3.53925); 264(5.89977); 265(8.68809); 266(2.42216); 267(5.29233); 268(8.74032); 269(8.94936); 270(5.40695); 271(5.11965); 272(5.50899); 273(3.62502); 274(1.49723); 275(7.12735); 276(8.05199); 277(1.86567); 278(7.18852); 279(2.73441); 280(5.74329); 281(4.13958); 282(0.69753); 283(4.32602); 284(3.87494); 285(1.38997); 286(4.95078); 287(6.76751); 288(6.08052); 289(8.46687); 290(1.42095); 291(3.32615); 292(5.05179); 293(6.14993); 294(8.52308); 295(2.63266); 296(3.11301); 297(7.13521); 298(7.45549); 299(4.56102),1351.09092,1351.09092,4.51869872909699,2.5725625472282942,8.96221,0.07478,0.4247280852667704,1
147,0(0.80048); 1(2.95085); 2(7.20796); 3(2.30566); 4(3.23331); 5(2.56937); 6(7.53459); 7(3.40567); 8(0.17323); 9(7.87906); 10(6.07155); 11(3.7664); 12(6.04851); 13(2.74367); 14(3.81799); 15(1.93611); 16(8.17997); 17(5.92313); 18(4.86176); 19(7.49556); 20(7.5129); 21(8.05397); 22(2.86456); 23(8.25934); 24(4.32366); 25(0.77885); 26(0.56927); 27(2.22123); 28(5.4723); 29(4.3226); 30(4.24011); 31(6.38174); 32(6.46792); 33(0.41855); 34(0.01761); 35(3.40531); 36(2.207); 37(3.65071); 38(3.34504); 39(6.79512); 40(1.48966); 41(7.36495); 42(3.75698); 43(2.12176); 44(8.20255); 45(7.38902); 46(5.81165); 47(1.67374); 48(8.36751); 49(8.72991); 50(6.92983); 51(8.85657); 52(4.78633); 53(4.98343); 54(6.17778); 55(8.37382); 56(5.39606); 57(8.76086); 58(8.06145); 59(0.03416); 60(0.77928); 61(0.89679); 62(6.67889); 63(8.25978); 64(1.97637); 65(3.6886); 66(7.68568); 67(7.09845); 68(8.52648); 69(3.55292); 70(3.36175); 71(4.19379); 72(6.30035); 73(2.52229); 74(3.44541); 75(1.725); 76(7.65784); 77(8.97438); 78(8.40805); 79(0.0609); 80(7.61474); 81(5.03363); 82(0.37159); 83(1.59037); 84(8.08905); 85(5.44376); 86(5.07884); 87(6.27397); 88(5.37985); 89(8.91535); 90(6.56724); 91(6.25734); 92(6.89335); 93(8.60173); 94(2.60889); 95(7.90605); 96(0.38725); 97(2.958); 98(2.83278); 99(3.97157); 100(4.61452); 101(2.91858); 102(6.53445); 103(0.34118); 104(5.36207); 105(6.39759); 106(3.81626); 107(7.55559); 108(7.93347); 109(3.43938); 110(0.03442); 111(5.73817); 112(3.59615); 113(6.62008); 114(2.40579); 115(3.90251); 116(0.73298); 117(0.91424); 118(7.54638); 119(2.05064); 120(1.48545); 121(0.34126); 122(7.84391); 123(3.1171); 124(3.69368); 125(5.22786); 126(8.52581); 127(0.66832); 128(2.32535); 129(0.93106); 130(7.05985); 131(4.39515); 132(0.5767); 133(6.76158); 134(6.10837); 135(3.1751); 136(8.84994); 137(7.03403); 138(1.32526); 139(6.32776); 140(7.74627); 141(7.30035); 142(6.97939); 143(3.2671); 144(1.77315); 145(6.50776); 146(8.14979); 148(8.39862); 149(2.88837); 150(5.8661); 151(3.9118); 152(4.06505); 153(3.66759); 154(0.04195); 155(6.10558); 156(7.02104); 157(8.35546); 158(4.27038); 159(0.38719); 160(0.32144); 161(4.25643); 162(4.50424); 163(2.23544); 164(3.68085); 165(4.03559); 166(5.02831); 167(1.12521); 168(6.49301); 169(0.16045); 170(8.75719); 171(0.5722); 172(7.48163); 173(4.14243); 174(7.39783); 175(1.86737); 176(6.58808); 177(6.63839); 178(0.06581); 179(5.27663); 180(0.25765); 181(3.50221); 182(7.43505); 183(2.11508); 184(1.51961); 185(6.44506); 186(4.54142); 187(8.3055); 188(3.53257); 189(6.85041); 190(0.11375); 191(3.7725); 192(0.37116); 193(5.27517); 194(1.92379); 195(1.62311); 196(2.10617); 197(2.33442); 198(8.99895); 199(7.48849); 200(8.74786); 201(5.49123); 202(0.83368); 203(8.54613); 204(8.96294); 205(8.41459); 206(6.8738); 207(4.56029); 208(0.70905); 209(5.27797); 210(8.4262); 211(0.44888); 212(3.77149); 213(6.58499); 214(3.75451); 215(8.49336); 216(8.89115); 217(5.65972); 218(7.64489); 219(1.999); 220(4.42727); 221(7.69422); 222(5.05282); 223(2.9303); 224(8.56035); 225(8.81628); 226(6.99462); 227(4.1956); 228(7.1677); 229(0.19564); 230(0.77463); 231(8.53766); 232(6.95567); 233(5.1096); 234(3.54916); 235(5.66527); 236(1.23563); 237(8.94939); 238(0.17571); 239(8.59386); 240(0.91349); 241(7.7696); 242(7.22479); 243(8.25938); 244(1.20971); 245(6.74679); 246(5.7659); 247(2.7534); 248(1.31744); 249(8.41143); 250(4.82823); 251(5.79983); 252(2.60464); 253(3.06943); 254(3.33656); 255(0.11847); 256(8.32282); 257(0.03312); 258(2.79264); 259(0.12486); 260(3.96824); 261(4.55924); 262(8.42405); 263(0.90932); 264(3.76471); 265(4.24819); 266(1.41401); 267(6.804); 268(8.76757); 269(6.32899); 270(7.34696); 271(0.6028); 272(1.20096); 273(1.58535); 274(4.09607); 275(6.83042); 276(6.96608); 277(2.36416); 278(4.0379); 279(2.57207); 280(6.19373); 281(4.41402); 282(6.78875); 283(1.08415); 284(3.25594); 285(2.13898); 286(8.55358); 287(0.15248); 288(7.9114); 289(2.99372); 290(6.46721); 291(1.74968); 292(3.17818); 293(5.40374); 294(2.01831); 295(6.72361); 296(1.90881); 297(4.42977); 298(8.06241); 299(0.16153),1381.57725,1381.57725,4.620659698996657,2.7599752007291127,8.99895,0.01761,0.41946028989814915,1
148,0(4.23862); 1(8.98017); 2(4.50579); 3(2.69519); 4(7.95382); 5(8.53673); 6(0.53463); 7(1.9243); 8(0.20096); 9(8.13549); 10(1.59214); 11(4.38412); 12(1.61886); 13(1.54166); 14(5.56146); 15(8.22669); 16(5.71086); 17(4.93829); 18(7.96444); 19(4.95436); 20(8.24758); 21(1.40454); 22(1.73072); 23(0.61837); 24(7.87899); 25(8.7924); 26(6.22624); 27(2.85756); 28(5.047); 29(7.13978); 30(4.10003); 31(2.06386); 32(6.73632); 33(7.47863); 34(6.91286); 35(1.6831); 36(1.67044); 37(1.34418); 38(3.26722); 39(0.29199); 40(2.57991); 41(2.95101); 42(1.866); 43(5.43005); 44(7.63766); 45(5.1144); 46(4.62319); 47(5.81878); 48(0.33242); 49(1.55877); 50(8.411); 51(4.05035); 52(0.58812); 53(7.39881); 54(7.12518); 55(0.78224); 56(7.41766); 57(2.83467); 58(8.15871); 59(1.90958); 60(4.21627); 61(6.59106); 62(5.39481); 63(7.31971); 64(5.48447); 65(3.02982); 66(6.04655); 67(8.93621); 68(0.27637); 69(2.97306); 70(5.33662); 71(0.52249); 72(6.43344); 73(2.72372); 74(6.88591); 75(0.85109); 76(0.75332); 77(1.84209); 78(8.14476); 79(6.077); 80(0.40363); 81(2.95879); 82(7.96283); 83(3.38861); 84(3.46243); 85(6.20042); 86(0.96271); 87(6.11282); 88(0.69879); 89(6.17969); 90(3.26449); 91(2.11819); 92(7.30853); 93(3.9812); 94(5.61864); 95(1.64743); 96(6.94008); 97(2.85067); 98(1.67099); 99(7.8813); 100(8.45025); 101(6.0803); 102(0.88996); 103(6.6093); 104(7.06146); 105(0.74312); 106(0.93078); 107(2.48735); 108(0.62279); 109(7.22298); 110(0.87931); 111(2.13689); 112(5.66512); 113(2.9102); 114(4.57801); 115(4.27005); 116(3.2103); 117(6.98466); 118(7.2066); 119(6.82057); 120(8.23928); 121(7.21315); 122(2.07545); 123(1.31661); 124(0.10477); 125(5.75506); 126(1.30589); 127(1.96149); 128(1.12177); 129(8.28491); 130(2.28205); 131(6.16322); 132(4.74601); 133(8.18746); 134(6.76676); 135(2.52853); 136(2.50637); 137(2.59209); 138(5.14132); 139(6.90782); 140(1.73664); 141(3.45232); 142(0.1667); 143(2.95468); 144(0.49942); 145(1.69821); 146(7.85359); 147(8.39862); 149(1.15131); 150(4.63911); 151(1.30052); 152(5.22772); 153(4.87292); 154(1.70919); 155(8.94914); 156(2.64358); 157(2.07631); 158(5.54759); 159(5.67497); 160(4.91098); 161(7.71015); 162(0.21056); 163(5.36719); 164(5.15402); 165(8.97188); 166(5.32782); 167(4.7502); 168(6.97288); 169(4.83188); 170(5.69129); 171(2.17954); 172(3.6967); 173(0.33812); 174(1.82045); 175(1.24752); 176(0.48367); 177(4.69969); 178(8.87661); 179(4.18711); 180(7.00953); 181(4.7765); 182(5.24325); 183(4.6997); 184(4.86945); 185(1.64361); 186(2.70998); 187(0.59276); 188(2.03293); 189(4.99463); 190(5.68558); 191(2.07981); 192(5.5624); 193(2.25082); 194(2.17906); 195(2.73442); 196(0.08421); 197(3.14791); 198(4.84755); 199(3.10113); 200(6.82763); 201(7.29561); 202(8.05559); 203(3.50595); 204(8.96026); 205(4.37576); 206(2.29643); 207(2.48915); 208(5.44273); 209(1.59806); 210(6.18566); 211(5.51547); 212(3.75794); 213(7.81683); 214(0.71308); 215(4.93528); 216(3.00309); 217(6.17342); 218(6.80031); 219(5.16964); 220(5.70871); 221(6.46031); 222(1.4964); 223(7.20927); 224(7.45212); 225(5.83426); 226(3.54573); 227(0.94072); 228(4.88456); 229(2.87984); 230(5.95398); 231(8.49485); 232(7.04071); 233(3.73618); 234(0.07403); 235(1.28026); 236(6.33841); 237(3.07084); 238(2.5412); 239(5.90929); 240(5.5816); 241(1.09302); 242(4.5336); 243(4.58819); 244(8.17301); 245(7.51725); 246(0.55669); 247(8.00434); 248(8.45188); 249(1.83825); 250(1.10254); 251(0.55362); 252(2.54812); 253(7.88677); 254(3.17039); 255(6.53279); 256(4.06804); 257(3.9462); 258(5.65095); 259(1.99673); 260(0.80529); 261(0.37869); 262(7.3497); 263(4.87794); 264(6.09559); 265(3.81722); 266(3.83215); 267(7.70209); 268(1.38485); 269(1.64221); 270(6.63751); 271(6.59787); 272(4.91014); 273(1.97542); 274(6.74877); 275(6.43263); 276(6.07768); 277(4.77504); 278(7.97712); 279(7.38868); 280(1.09779); 281(2.99571); 282(1.23208); 283(4.24281); 284(3.75974); 285(6.75209); 286(4.41227); 287(4.48491); 288(7.51103); 289(1.88074); 290(5.90771); 291(6.17596); 292(4.89202); 293(2.10239); 294(8.44142); 295(8.06776); 296(6.55094); 297(4.60604); 298(8.82785); 299(3.47163),1311.29897,1311.29897,4.385615284280937,2.5565405969483423,8.98017,0.07403,0.41554570962178244,1
149,0(2.04356); 1(6.48842); 2(6.57); 3(7.37725); 4(7.9664); 5(8.84015); 6(7.78997); 7(8.23661); 8(3.96763); 9(2.56182); 10(6.97647); 11(2.42476); 12(6.05188); 13(4.62406); 14(7.87222); 15(7.61119); 16(8.68729); 17(8.20313); 18(7.10964); 19(6.62877); 20(7.50016); 21(8.05971); 22(7.71278); 23(1.05986); 24(0.11921); 25(6.83588); 26(2.47809); 27(7.24251); 28(1.19441); 29(6.11915); 30(6.43819); 31(7.371); 32(8.92266); 33(4.56129); 34(1.61232); 35(7.94075); 36(0.23917); 37(4.88862); 38(2.306); 39(5.79887); 40(1.01699); 41(5.0297); 42(0.95936); 43(1.07674); 44(7.22762); 45(4.47449); 46(1.26809); 47(2.61913); 48(6.11691); 49(5.61429); 50(6.44797); 51(0.27632); 52(6.56442); 53(3.80839); 54(8.50092); 55(7.42713); 56(0.92385); 57(8.25554); 58(5.0678); 59(4.51527); 60(8.39888); 61(1.08598); 62(7.92524); 63(8.22279); 64(0.28709); 65(8.57183); 66(0.58466); 67(3.45005); 68(6.46033); 69(7.93634); 70(8.43652); 71(4.38566); 72(5.12877); 73(4.14782); 74(5.98041); 75(4.66691); 76(7.90687); 77(4.97913); 78(3.61005); 79(8.68379); 80(8.08384); 81(1.86319); 82(8.21873); 83(3.13178); 84(7.92347); 85(6.41296); 86(5.15594); 87(0.46854); 88(0.87412); 89(5.41467); 90(5.28575); 91(2.14608); 92(3.05503); 93(1.171); 94(2.38392); 95(2.72654); 96(5.6127); 97(7.09052); 98(4.80646); 99(2.51318); 100(7.27986); 101(2.7688); 102(8.89845); 103(2.5393); 104(7.98779); 105(6.83904); 106(4.96091); 107(7.51608); 108(0.19553); 109(7.31568); 110(1.39093); 111(2.72567); 112(1.35579); 113(2.33758); 114(0.80305); 115(2.28953); 116(7.37955); 117(4.65455); 118(4.59115); 119(3.50372); 120(5.92303); 121(6.76076); 122(2.76214); 123(0.44371); 124(6.57842); 125(1.8098); 126(0.15115); 127(5.07909); 128(8.53215); 129(1.14651); 130(4.38939); 131(6.55874); 132(1.97859); 133(1.98735); 134(1.10013); 135(2.0865); 136(7.99045); 137(2.92379); 138(7.64287); 139(1.67143); 140(3.46122); 141(6.57559); 142(3.79116); 143(3.97233); 144(6.46312); 145(6.43153); 146(2.00431); 147(2.88837); 148(1.15131); 150(4.90357); 151(7.765); 152(5.70389); 153(8.34534); 154(4.29366); 155(1.57836); 156(7.34314); 157(1.12502); 158(4.77807); 159(7.09704); 160(8.30911); 161(5.71318); 162(3.18784); 163(5.82578); 164(7.91058); 165(8.49195); 166(1.41173); 167(6.94116); 168(3.95277); 169(0.79188); 170(2.27173); 171(4.02996); 172(2.66062); 173(8.08345); 174(0.69542); 175(6.01155); 176(1.2307); 177(3.8714); 178(2.44487); 179(7.86367); 180(3.20222); 181(5.91503); 182(0.10118); 183(8.08616); 184(8.6835); 185(2.00271); 186(0.14397); 187(0.33635); 188(0.27015); 189(3.05792); 190(4.53424); 191(8.82465); 192(7.07431); 193(2.06096); 194(4.50974); 195(8.3042); 196(8.92649); 197(2.77029); 198(7.75321); 199(6.04772); 200(7.69292); 201(8.83255); 202(7.49874); 203(1.42527); 204(2.20955); 205(3.80671); 206(3.44444); 207(2.34968); 208(1.09428); 209(4.08488); 210(5.15291); 211(3.30791); 212(1.54617); 213(0.40166); 214(8.68205); 215(0.50682); 216(2.93581); 217(3.50566); 218(6.46658); 219(4.04891); 220(2.2013); 221(5.0453); 222(4.3254); 223(0.73922); 224(4.25954); 225(4.54142); 226(4.79597); 227(0.05079); 228(1.60911); 229(3.89879); 230(7.15015); 231(3.01747); 232(7.61927); 233(5.21812); 234(1.51334); 235(5.29607); 236(5.10169); 237(8.31968); 238(7.08429); 239(6.75962); 240(8.63849); 241(2.85227); 242(6.91613); 243(5.84339); 244(4.0644); 245(4.71911); 246(3.91241); 247(3.63778); 248(3.32422); 249(4.90723); 250(6.89456); 251(8.58094); 252(2.56735); 253(4.35706); 254(7.24944); 255(8.11512); 256(6.49683); 257(3.23064); 258(6.87157); 259(4.01703); 260(6.00283); 261(1.15233); 262(2.81146); 263(5.1057); 264(5.72042); 265(2.1032); 266(7.39241); 267(5.82992); 268(5.41874); 269(5.48938); 270(7.52344); 271(3.63); 272(8.73758); 273(1.81349); 274(6.86801); 275(3.80933); 276(2.89094); 277(0.39099); 278(1.69138); 279(1.45677); 280(0.52858); 281(2.07136); 282(0.44964); 283(0.18501); 284(7.29357); 285(4.40032); 286(2.79958); 287(7.22976); 288(6.17945); 289(8.05042); 290(1.33004); 291(3.93697); 292(3.70804); 293(7.24566); 294(4.76757); 295(3.70219); 296(2.60136); 297(5.02975); 298(0.1679); 299(5.57708),1385.46424,1385.46424,4.633659665551839,2.6240304659827993,8.92649,0.05079,0.4313529736654738,1
150,0(4.99744); 1(4.60904); 2(2.72306); 3(8.67556); 4(2.08464); 5(6.35968); 6(1.34595); 7(8.91161); 8(1.7402); 9(6.72514); 10(7.37485); 11(3.10179); 12(8.23851); 13(8.86455); 14(6.15938); 15(0.73717); 16(4.5823); 17(3.05533); 18(8.07546); 19(4.39154); 20(2.82387); 21(7.21493); 22(3.75446); 23(4.70723); 24(3.53039); 25(5.4337); 26(2.35864); 27(3.92058); 28(5.88484); 29(6.62465); 30(5.09231); 31(5.73414); 32(2.37771); 33(0.49632); 34(4.30369); 35(6.63295); 36(7.37463); 37(5.90473); 38(2.01296); 39(2.35414); 40(3.49116); 41(2.82053); 42(5.59894); 43(1.60867); 44(7.57977); 45(2.33587); 46(4.89831); 47(1.98781); 48(8.64574); 49(0.55378); 50(0.98187); 51(3.40721); 52(2.19366); 53(8.4932); 54(4.30503); 55(2.36781); 56(8.43102); 57(4.13555); 58(2.51066); 59(0.62414); 60(3.09769); 61(0.91269); 62(5.75385); 63(2.41301); 64(1.18722); 65(3.1186); 66(6.77876); 67(6.72939); 68(8.61103); 69(1.19514); 70(6.62322); 71(1.75762); 72(8.03378); 73(2.54505); 74(4.25557); 75(6.63311); 76(5.57353); 77(7.17445); 78(0.84907); 79(4.95665); 80(4.04051); 81(7.31693); 82(5.28631); 83(0.35051); 84(5.64989); 85(6.35705); 86(1.2432); 87(4.20988); 88(8.06838); 89(1.54506); 90(1.98991); 91(4.31685); 92(0.02407); 93(8.0082); 94(6.59036); 95(1.51382); 96(4.74435); 97(7.90049); 98(4.81176); 99(8.9804); 100(8.57612); 101(4.62906); 102(2.29747); 103(2.14522); 104(1.36772); 105(1.52328); 106(7.98464); 107(0.40037); 108(8.10908); 109(6.26773); 110(2.88654); 111(0.20223); 112(1.93292); 113(8.70701); 114(1.56855); 115(7.65349); 116(0.30344); 117(8.67766); 118(2.24938); 119(2.41096); 120(4.2699); 121(6.80988); 122(2.58866); 123(5.38024); 124(7.049); 125(4.86773); 126(5.88485); 127(4.54333); 128(1.90805); 129(1.56767); 130(4.49393); 131(7.88448); 132(2.77583); 133(4.05364); 134(8.93358); 135(4.46896); 136(0.82888); 137(1.43371); 138(0.19241); 139(0.00971); 140(5.94665); 141(6.39632); 142(5.55027); 143(7.75795); 144(4.57105); 145(2.21541); 146(5.26841); 147(5.8661); 148(4.63911); 149(4.90357); 151(1.8922); 152(5.57107); 153(4.94128); 154(4.95353); 155(1.00528); 156(2.8595); 157(4.09712); 158(0.35951); 159(1.20559); 160(7.92207); 161(5.31135); 162(1.59201); 163(3.0517); 164(5.21066); 165(2.75908); 166(8.16384); 167(7.56738); 168(3.82574); 169(2.51838); 170(6.11122); 171(6.24654); 172(1.68849); 173(2.93134); 174(3.60807); 175(3.12446); 176(7.77669); 177(8.37383); 178(1.20326); 179(3.45751); 180(7.01195); 181(0.14556); 182(5.96338); 183(7.78415); 184(4.06425); 185(4.4552); 186(1.46224); 187(7.34896); 188(0.39988); 189(5.68037); 190(3.36991); 191(8.43595); 192(2.17717); 193(5.03505); 194(8.2002); 195(7.84153); 196(1.84458); 197(0.51741); 198(0.66572); 199(5.68716); 200(4.43699); 201(7.63476); 202(5.50787); 203(0.19485); 204(8.66778); 205(2.00072); 206(7.92214); 207(1.87873); 208(3.12092); 209(8.48359); 210(0.49524); 211(3.32141); 212(3.91828); 213(1.34295); 214(8.9024); 215(5.43593); 216(2.3815); 217(3.9838); 218(4.6027); 219(0.4103); 220(3.46711); 221(1.07481); 222(1.29527); 223(2.793); 224(0.90713); 225(3.62164); 226(0.40157); 227(4.29034); 228(6.81671); 229(6.14429); 230(8.0291); 231(3.87043); 232(0.08464); 233(4.71714); 234(6.922); 235(6.64958); 236(2.6272); 237(8.00144); 238(7.92486); 239(8.12806); 240(2.67252); 241(1.62776); 242(7.66427); 243(2.11803); 244(6.43466); 245(7.05523); 246(8.52111); 247(3.88424); 248(8.57281); 249(0.23897); 250(5.31647); 251(7.66296); 252(5.64818); 253(7.84405); 254(6.68794); 255(7.74469); 256(5.59147); 257(4.19788); 258(7.99351); 259(2.12603); 260(8.50441); 261(1.55781); 262(3.13883); 263(6.65423); 264(6.15991); 265(7.01732); 266(0.78238); 267(3.49767); 268(3.53331); 269(1.44576); 270(6.57335); 271(7.47982); 272(3.91345); 273(4.98153); 274(1.58347); 275(2.9902); 276(2.3673); 277(8.63278); 278(3.4901); 279(8.49685); 280(0.14425); 281(5.6851); 282(6.64786); 283(5.65734); 284(7.44576); 285(8.3523); 286(5.18295); 287(2.92547); 288(1.97078); 289(6.14422); 290(4.98463); 291(8.82561); 292(3.56354); 293(7.30002); 294(0.18893); 295(1.48807); 296(0.99017); 297(1.8308); 298(4.86515); 299(7.15921),1335.94423,1335.94423,4.468040903010034,2.608372700255528,8.9804,0.00971,0.4189691822373502,1
151,0(1.19449); 1(8.46095); 2(4.97971); 3(3.23026); 4(0.28928); 5(2.52887); 6(2.57903); 7(8.24502); 8(5.24626); 9(8.22145); 10(5.56857); 11(3.53533); 12(1.53539); 13(0.47894); 14(8.54587); 15(8.47174); 16(0.86456); 17(5.39548); 18(1.28382); 19(5.51898); 20(6.36789); 21(3.07789); 22(3.56088); 23(3.37551); 24(0.75021); 25(8.68054); 26(1.41034); 27(6.25787); 28(5.97513); 29(2.05008); 30(8.52266); 31(7.40087); 32(7.16884); 33(2.05155); 34(2.72569); 35(4.44684); 36(5.68162); 37(2.6062); 38(8.66587); 39(4.24997); 40(0.50153); 41(0.15317); 42(3.51206); 43(7.10226); 44(7.81781); 45(7.74297); 46(2.91162); 47(5.08436); 48(4.81039); 49(2.08689); 50(4.25671); 51(0.02742); 52(7.23984); 53(2.39742); 54(7.36044); 55(4.83787); 56(1.38755); 57(8.54667); 58(8.14653); 59(0.7979); 60(5.59222); 61(2.91581); 62(2.58247); 63(5.15206); 64(0.96902); 65(8.46039); 66(0.38113); 67(8.64973); 68(8.2508); 69(3.46601); 70(3.29996); 71(4.17706); 72(2.53685); 73(1.86302); 74(4.94865); 75(7.87621); 76(4.74061); 77(4.59813); 78(5.14361); 79(3.08404); 80(3.933); 81(5.11937); 82(3.73516); 83(0.63127); 84(6.66265); 85(0.87086); 86(1.37115); 87(2.67079); 88(8.23888); 89(4.08861); 90(4.77577); 91(8.57711); 92(4.47024); 93(2.45855); 94(5.34817); 95(2.09265); 96(2.73195); 97(6.05583); 98(5.94313); 99(8.28472); 100(1.22319); 101(1.22384); 102(1.98502); 103(3.09748); 104(0.52563); 105(0.39174); 106(6.31078); 107(2.94768); 108(5.72659); 109(5.34376); 110(2.03564); 111(3.53728); 112(6.47732); 113(4.4439); 114(7.71358); 115(4.68632); 116(7.76692); 117(7.56231); 118(3.62302); 119(6.32937); 120(5.84394); 121(2.2151); 122(3.8794); 123(0.73145); 124(2.85737); 125(0.95746); 126(1.18696); 127(5.40761); 128(5.986); 129(4.38166); 130(6.78706); 131(0.70967); 132(0.52039); 133(2.16509); 134(6.95739); 135(8.23321); 136(7.3729); 137(3.51406); 138(0.91058); 139(7.32834); 140(2.94645); 141(6.98291); 142(1.98062); 143(5.7719); 144(4.31532); 145(6.67013); 146(5.42469); 147(3.9118); 148(1.30052); 149(7.765); 150(1.8922); 152(2.75195); 153(2.95214); 154(4.71637); 155(6.46597); 156(3.69934); 157(6.3962); 158(6.19208); 159(1.81044); 160(2.8728); 161(7.74112); 162(7.61574); 163(0.67193); 164(0.21939); 165(4.43344); 166(5.5481); 167(5.61551); 168(2.02335); 169(6.53281); 170(8.21552); 171(1.38003); 172(8.08996); 173(1.80342); 174(8.15597); 175(2.55548); 176(3.44186); 177(6.07191); 178(1.50159); 179(4.41647); 180(1.07171); 181(7.04998); 182(7.71151); 183(5.95889); 184(8.02213); 185(7.57094); 186(2.19217); 187(6.65972); 188(4.48167); 189(4.85731); 190(4.55247); 191(5.69149); 192(8.22762); 193(8.71599); 194(2.03226); 195(0.08702); 196(1.82548); 197(6.64017); 198(3.73497); 199(4.86188); 200(7.12956); 201(7.68225); 202(7.53831); 203(6.45018); 204(7.5988); 205(6.93032); 206(5.43385); 207(4.48604); 208(7.2934); 209(4.67672); 210(1.706); 211(0.93663); 212(2.81741); 213(8.39415); 214(7.38796); 215(6.10529); 216(2.12999); 217(8.99238); 218(2.79224); 219(5.93156); 220(6.64302); 221(0.3878); 222(2.30877); 223(2.71704); 224(2.60745); 225(4.1798); 226(5.31045); 227(3.95145); 228(8.28134); 229(6.11665); 230(7.93363); 231(5.09981); 232(7.07972); 233(6.44965); 234(1.12514); 235(5.12858); 236(0.89074); 237(7.32457); 238(2.12882); 239(0.83628); 240(5.73118); 241(5.42595); 242(8.55605); 243(3.44418); 244(1.06416); 245(8.66056); 246(0.13764); 247(2.10788); 248(2.13933); 249(5.59571); 250(5.22296); 251(7.40562); 252(2.01338); 253(1.94414); 254(4.04956); 255(5.38308); 256(3.0444); 257(1.39728); 258(0.99965); 259(8.50045); 260(6.88953); 261(1.05867); 262(8.30542); 263(4.31622); 264(7.73107); 265(2.19566); 266(6.70565); 267(4.63801); 268(2.61429); 269(8.66037); 270(0.23637); 271(2.33492); 272(2.95444); 273(1.38778); 274(5.11181); 275(1.51722); 276(3.89097); 277(7.29855); 278(0.92955); 279(5.56286); 280(1.9836); 281(7.6373); 282(1.46286); 283(2.98985); 284(1.00766); 285(3.35181); 286(2.19739); 287(7.26803); 288(8.5302); 289(5.62761); 290(4.03259); 291(2.55077); 292(3.19666); 293(8.20233); 294(2.4633); 295(2.24323); 296(2.10596); 297(7.64237); 298(1.51452); 299(3.65932),1326.10795,1326.10795,4.43514364548495,2.555931819601204,8.99238,0.02742,0.42118865519726173,1
152,0(8.47462); 1(5.07483); 2(5.70049); 3(7.29993); 4(6.76959); 5(8.35811); 6(8.24557); 7(6.6445); 8(7.97733); 9(8.11003); 10(5.93017); 11(7.10885); 12(3.79672); 13(7.99624); 14(2.48223); 15(6.95271); 16(2.44282); 17(0.66096); 18(4.72274); 19(2.29437); 20(3.13523); 21(2.27513); 22(1.49358); 23(4.45746); 24(5.90137); 25(8.57711); 26(4.30893); 27(8.99166); 28(1.93443); 29(0.12059); 30(2.223); 31(5.14548); 32(2.60055); 33(0.88849); 34(3.06886); 35(1.07279); 36(2.13336); 37(2.25194); 38(1.16996); 39(3.01401); 40(4.01807); 41(8.30394); 42(6.37348); 43(5.33392); 44(3.1318); 45(4.28614); 46(5.74982); 47(4.58926); 48(3.45586); 49(6.72976); 50(6.46067); 51(5.86073); 52(0.114); 53(8.2291); 54(5.26481); 55(1.17553); 56(1.31281); 57(8.53579); 58(0.67046); 59(7.82596); 60(5.22843); 61(1.65202); 62(4.40905); 63(1.64364); 64(2.60079); 65(2.78925); 66(0.68835); 67(3.21341); 68(6.06411); 69(3.59618); 70(0.70487); 71(0.35834); 72(8.08127); 73(7.2962); 74(4.12721); 75(5.14111); 76(3.49065); 77(2.64534); 78(7.13376); 79(5.80081); 80(4.97233); 81(3.35876); 82(1.85175); 83(0.92213); 84(1.4191); 85(4.33168); 86(8.85962); 87(4.43476); 88(8.62765); 89(3.34647); 90(8.58246); 91(0.62056); 92(4.41702); 93(8.30107); 94(4.40148); 95(2.56227); 96(6.32636); 97(6.72624); 98(6.15446); 99(3.89934); 100(6.80806); 101(2.15086); 102(6.34365); 103(4.03193); 104(2.06096); 105(2.41788); 106(5.91881); 107(3.45576); 108(5.52539); 109(4.01685); 110(5.91678); 111(6.64881); 112(5.8086); 113(4.06355); 114(8.66158); 115(2.76423); 116(8.80392); 117(4.35883); 118(1.1186); 119(7.73543); 120(0.78592); 121(4.69285); 122(1.55475); 123(6.63089); 124(0.31098); 125(6.27281); 126(1.30587); 127(3.5534); 128(4.98118); 129(4.91451); 130(4.33142); 131(2.75569); 132(7.20577); 133(7.94157); 134(4.02535); 135(8.34251); 136(1.02006); 137(2.90599); 138(7.25371); 139(5.29894); 140(5.52885); 141(2.55384); 142(6.75542); 143(8.9331); 144(6.48511); 145(3.54695); 146(4.02177); 147(4.06505); 148(5.22772); 149(5.70389); 150(5.57107); 151(2.75195); 153(7.78165); 154(0.20571); 155(8.55388); 156(8.01188); 157(8.76067); 158(4.36791); 159(0.62164); 160(8.71618); 161(3.61648); 162(5.90925); 163(7.63087); 164(8.05516); 165(8.52703); 166(1.26484); 167(2.18543); 168(6.00059); 169(0.99206); 170(4.53103); 171(2.68536); 172(3.84814); 173(0.94853); 174(7.26265); 175(7.78831); 176(1.7821); 177(1.63234); 178(3.9037); 179(2.0949); 180(5.72656); 181(5.38751); 182(4.91375); 183(4.57746); 184(8.13379); 185(8.32214); 186(4.26344); 187(3.01255); 188(3.31785); 189(2.16117); 190(7.09291); 191(5.17875); 192(7.67104); 193(6.82408); 194(6.1477); 195(3.37926); 196(3.68592); 197(2.61623); 198(7.33222); 199(6.48115); 200(4.8969); 201(3.82792); 202(2.37031); 203(0.92862); 204(8.84647); 205(0.7427); 206(8.51208); 207(7.26555); 208(4.62344); 209(6.56439); 210(5.31338); 211(7.20008); 212(7.06366); 213(6.14978); 214(0.30429); 215(4.03099); 216(5.5789); 217(3.88559); 218(2.26508); 219(8.07309); 220(0.47721); 221(3.65074); 222(1.15957); 223(0.72985); 224(8.77661); 225(5.40615); 226(5.0871); 227(2.11743); 228(3.98857); 229(2.54078); 230(0.39558); 231(1.98625); 232(4.13692); 233(8.04684); 234(8.01937); 235(6.67071); 236(0.07595); 237(2.90584); 238(6.70698); 239(7.89336); 240(8.12978); 241(1.31262); 242(6.26092); 243(7.1595); 244(5.08303); 245(4.35363); 246(4.43992); 247(2.94093); 248(7.02049); 249(0.77338); 250(4.85481); 251(2.85538); 252(3.38611); 253(7.18777); 254(3.39267); 255(1.28286); 256(2.37928); 257(3.23317); 258(1.61113); 259(5.36331); 260(8.84739); 261(6.71196); 262(7.58411); 263(7.55475); 264(4.84047); 265(5.02155); 266(6.73521); 267(8.84747); 268(4.71072); 269(0.64979); 270(1.91913); 271(2.41819); 272(6.25328); 273(8.6919); 274(2.32334); 275(4.4756); 276(1.79271); 277(2.30405); 278(0.90627); 279(8.46637); 280(8.96257); 281(8.92272); 282(1.90603); 283(3.71355); 284(0.86373); 285(1.76572); 286(1.05495); 287(4.24727); 288(1.53515); 289(7.14457); 290(4.87212); 291(6.04332); 292(1.16034); 293(0.83527); 294(0.38869); 295(1.72858); 296(6.56911); 297(1.31912); 298(3.8927); 299(6.25261),1366.22019,1366.22019,4.569298294314382,2.55111033648393,8.99166,0.07595,0.4327257527352433,1
153,0(0.53304); 1(6.75974); 2(3.12713); 3(8.99165); 4(6.68918); 5(8.83567); 6(3.05885); 7(5.05321); 8(4.99497); 9(6.99504); 10(7.18795); 11(1.0275); 12(5.09569); 13(7.33684); 14(2.79444); 15(1.45143); 16(4.16238); 17(7.96007); 18(6.52099); 19(3.51838); 20(2.36424); 21(6.1962); 22(7.83829); 23(5.94808); 24(2.58372); 25(3.92215); 26(5.28471); 27(0.9927); 28(3.67772); 29(8.71836); 30(3.69753); 31(6.49058); 32(8.57184); 33(6.12198); 34(6.11347); 35(2.2843); 36(1.69701); 37(8.4623); 38(8.1061); 39(2.02526); 40(5.25369); 41(0.23014); 42(3.28118); 43(4.45053); 44(1.25458); 45(5.06347); 46(6.67468); 47(6.04956); 48(8.7548); 49(5.98775); 50(0.26891); 51(4.01769); 52(0.32975); 53(2.31519); 54(6.21724); 55(4.76465); 56(0.65219); 57(5.29455); 58(8.27986); 59(5.3207); 60(7.57209); 61(2.42402); 62(6.92903); 63(5.67124); 64(6.17125); 65(6.86395); 66(3.72601); 67(5.46848); 68(2.91911); 69(5.62146); 70(8.52801); 71(5.94965); 72(6.16772); 73(2.00155); 74(3.13729); 75(1.47223); 76(8.9984); 77(5.23724); 78(0.19919); 79(3.55519); 80(5.67082); 81(2.55664); 82(8.86723); 83(5.45867); 84(1.04); 85(0.96127); 86(3.35989); 87(6.89342); 88(5.67972); 89(3.96184); 90(5.8575); 91(2.26722); 92(0.37001); 93(7.66876); 94(6.40918); 95(3.50948); 96(2.06413); 97(4.85786); 98(2.96259); 99(5.38042); 100(2.47567); 101(6.463); 102(2.06793); 103(1.6344); 104(5.677); 105(1.78091); 106(1.49811); 107(3.18365); 108(0.91952); 109(0.51681); 110(0.91569); 111(1.1417); 112(6.70975); 113(8.11629); 114(4.87853); 115(0.67304); 116(3.0902); 117(8.42638); 118(5.27941); 119(3.59167); 120(0.87841); 121(8.53117); 122(7.70815); 123(8.11657); 124(8.2385); 125(6.86288); 126(2.00249); 127(8.63568); 128(1.34062); 129(5.75364); 130(2.91698); 131(8.47595); 132(7.76921); 133(5.41445); 134(0.82072); 135(8.80495); 136(1.85138); 137(4.65692); 138(0.70608); 139(1.17604); 140(7.82788); 141(3.92861); 142(1.1122); 143(0.48771); 144(7.39466); 145(8.46737); 146(2.32953); 147(3.66759); 148(4.87292); 149(8.34534); 150(4.94128); 151(2.95214); 152(7.78165); 154(6.71103); 155(5.88267); 156(3.2919); 157(0.96971); 158(5.15087); 159(3.29201); 160(0.38041); 161(6.21291); 162(7.30496); 163(2.54675); 164(7.01497); 165(5.45125); 166(5.16937); 167(2.09488); 168(4.36753); 169(1.70887); 170(0.12716); 171(2.02243); 172(1.67765); 173(8.96251); 174(4.82726); 175(3.29392); 176(1.67345); 177(3.07733); 178(0.13384); 179(4.91223); 180(2.74539); 181(5.42913); 182(1.06084); 183(2.19354); 184(3.30495); 185(8.80671); 186(5.02561); 187(2.24263); 188(0.85288); 189(1.27635); 190(5.09949); 191(7.23359); 192(1.10416); 193(7.26134); 194(6.99349); 195(8.44343); 196(0.07304); 197(1.36302); 198(5.32225); 199(8.44584); 200(3.59123); 201(8.90802); 202(6.93924); 203(2.41659); 204(1.73162); 205(4.03138); 206(3.71055); 207(0.63249); 208(0.24424); 209(1.43172); 210(8.58903); 211(3.55982); 212(0.6555); 213(0.32798); 214(3.14905); 215(2.11754); 216(2.20256); 217(4.43424); 218(5.05618); 219(0.94725); 220(1.67575); 221(3.62309); 222(5.01342); 223(3.78005); 224(4.44282); 225(8.19702); 226(2.39684); 227(3.70233); 228(5.29188); 229(4.45469); 230(0.04347); 231(4.09879); 232(4.57423); 233(2.24977); 234(7.84947); 235(0.77153); 236(7.12524); 237(6.0123); 238(8.66556); 239(1.51634); 240(1.06668); 241(4.14155); 242(2.92307); 243(3.27633); 244(8.9621); 245(5.58103); 246(6.88779); 247(2.51019); 248(7.66492); 249(7.0294); 250(5.02776); 251(4.86051); 252(8.47875); 253(5.41615); 254(3.17234); 255(6.1264); 256(6.89765); 257(6.54785); 258(6.78447); 259(8.80333); 260(7.13899); 261(5.19678); 262(4.66592); 263(3.29714); 264(2.2248); 265(4.17733); 266(2.63965); 267(1.55399); 268(8.52439); 269(7.62673); 270(6.00353); 271(3.1128); 272(0.68996); 273(8.97099); 274(0.64949); 275(6.51535); 276(3.43394); 277(3.04886); 278(4.44807); 279(0.95515); 280(3.62496); 281(8.55031); 282(0.98149); 283(0.45077); 284(0.97535); 285(5.49502); 286(6.0488); 287(6.09294); 288(0.23012); 289(2.12028); 290(1.0358); 291(0.11895); 292(7.58606); 293(8.60962); 294(4.46896); 295(2.44707); 296(3.98649); 297(3.32839); 298(0.48607); 299(1.67307),1303.90991,1303.90991,4.3609027090301,2.6298460925022176,8.9984,0.04347,0.41065738379289735,1
154,0(8.98256); 1(7.63341); 2(2.68515); 3(3.53098); 4(8.17895); 5(5.5993); 6(3.89686); 7(1.02441); 8(4.66295); 9(6.02679); 10(6.0109); 11(6.34123); 12(3.32555); 13(8.26624); 14(2.57858); 15(2.17962); 16(2.64172); 17(5.16281); 18(4.16079); 19(3.36185); 20(0.3287); 21(2.96028); 22(2.81778); 23(1.14233); 24(6.75639); 25(6.26591); 26(3.90591); 27(2.69851); 28(4.6015); 29(6.55618); 30(5.88707); 31(2.64942); 32(6.90115); 33(1.55402); 34(4.25327); 35(0.94018); 36(6.80985); 37(4.56009); 38(4.18999); 39(6.16935); 40(8.56263); 41(7.09259); 42(1.0346); 43(0.83717); 44(4.70989); 45(7.56485); 46(8.35143); 47(4.75495); 48(7.63384); 49(1.84404); 50(6.17843); 51(7.88985); 52(4.50056); 53(8.09304); 54(7.40514); 55(8.60758); 56(2.98611); 57(3.79403); 58(1.58807); 59(5.59108); 60(3.14298); 61(1.16976); 62(8.93099); 63(4.85767); 64(2.68885); 65(8.968); 66(2.09763); 67(8.39999); 68(0.40058); 69(0.1094); 70(2.54593); 71(4.58895); 72(3.23962); 73(1.0861); 74(3.62574); 75(8.00707); 76(2.61629); 77(0.11679); 78(6.84268); 79(0.44958); 80(2.67083); 81(7.5752); 82(7.57629); 83(8.22559); 84(0.31906); 85(8.42532); 86(4.15284); 87(3.94839); 88(0.58295); 89(7.78188); 90(2.14587); 91(5.56555); 92(2.41114); 93(6.94802); 94(1.33556); 95(8.4561); 96(6.01521); 97(8.4049); 98(1.62667); 99(0.5164); 100(4.79276); 101(1.37768); 102(8.68696); 103(0.60864); 104(2.05799); 105(2.76075); 106(7.97698); 107(1.01179); 108(8.46899); 109(4.03153); 110(3.17037); 111(0.01869); 112(0.58427); 113(0.45779); 114(6.92205); 115(1.90459); 116(0.35032); 117(1.88689); 118(7.38943); 119(7.47185); 120(8.5382); 121(4.28114); 122(4.18602); 123(8.36567); 124(7.76314); 125(6.90707); 126(7.61696); 127(3.03756); 128(1.29265); 129(5.51135); 130(5.78173); 131(5.81047); 132(3.22613); 133(3.18245); 134(5.36026); 135(7.29357); 136(5.83011); 137(0.40019); 138(0.69852); 139(6.92877); 140(5.77513); 141(1.17302); 142(5.8673); 143(1.00404); 144(7.74592); 145(8.11859); 146(0.08884); 147(0.04195); 148(1.70919); 149(4.29366); 150(4.95353); 151(4.71637); 152(0.20571); 153(6.71103); 155(1.18938); 156(2.30852); 157(8.11159); 158(8.99716); 159(7.19531); 160(5.76652); 161(5.73502); 162(0.07441); 163(8.25755); 164(6.70712); 165(6.68419); 166(2.33907); 167(4.79024); 168(7.06975); 169(3.27842); 170(7.5746); 171(0.11937); 172(5.01773); 173(0.28113); 174(3.16097); 175(4.51525); 176(2.81727); 177(7.20979); 178(8.31417); 179(5.57643); 180(1.20934); 181(5.6144); 182(8.71412); 183(2.07973); 184(2.86962); 185(2.4506); 186(2.99311); 187(4.71525); 188(5.23113); 189(6.63082); 190(1.25433); 191(0.25783); 192(8.32696); 193(8.04334); 194(3.7138); 195(8.49398); 196(2.05557); 197(3.88813); 198(1.48706); 199(4.51593); 200(1.45551); 201(5.87245); 202(1.53263); 203(0.09382); 204(2.52923); 205(1.49692); 206(1.1978); 207(1.55207); 208(2.53935); 209(3.06029); 210(3.77203); 211(3.95254); 212(1.55593); 213(1.08367); 214(8.69444); 215(2.76251); 216(4.25719); 217(0.48539); 218(2.71345); 219(4.88069); 220(6.49022); 221(2.25648); 222(1.56762); 223(7.42796); 224(2.93912); 225(1.58119); 226(6.68476); 227(8.88199); 228(6.84508); 229(5.37462); 230(3.8514); 231(5.91999); 232(6.15132); 233(1.06886); 234(1.77132); 235(8.05749); 236(4.59326); 237(8.61414); 238(0.98886); 239(6.46547); 240(2.17498); 241(0.55726); 242(2.33293); 243(1.09227); 244(0.52216); 245(6.30393); 246(3.71481); 247(6.19496); 248(4.45542); 249(6.38443); 250(3.5547); 251(3.99028); 252(3.7899); 253(3.26228); 254(2.72636); 255(4.93131); 256(3.08778); 257(1.47419); 258(6.55448); 259(3.28296); 260(0.81877); 261(6.83036); 262(0.53757); 263(4.58619); 264(3.92766); 265(3.39062); 266(2.44853); 267(6.56335); 268(2.97443); 269(6.89052); 270(3.99846); 271(4.28869); 272(4.03262); 273(0.39114); 274(7.89273); 275(7.24572); 276(0.26345); 277(0.03721); 278(6.16783); 279(7.64119); 280(0.51081); 281(5.71811); 282(7.45471); 283(6.96984); 284(1.94663); 285(2.13372); 286(0.72262); 287(5.93127); 288(8.53228); 289(2.72685); 290(4.86232); 291(1.96964); 292(8.99988); 293(6.70827); 294(0.77164); 295(0.82091); 296(4.37354); 297(5.80475); 298(8.16401); 299(6.4495),1285.67414,1285.67414,4.299913511705686,2.6720871473459495,8.99988,0.01869,0.4010838339169475,1
155,0(2.96505); 1(0.25623); 2(5.55328); 3(3.82089); 4(8.01985); 5(6.22897); 6(5.39212); 7(6.1016); 8(6.10265); 9(4.95677); 10(4.44827); 11(0.53795); 12(3.3707); 13(3.5522); 14(5.68651); 15(1.33706); 16(3.36274); 17(8.99664); 18(6.95263); 19(5.75292); 20(1.5985); 21(5.19539); 22(6.24002); 23(4.56634); 24(0.55968); 25(5.94784); 26(7.80874); 27(7.97256); 28(8.4552); 29(5.8761); 30(5.81609); 31(1.17817); 32(5.69646); 33(6.13436); 34(0.40722); 35(7.18763); 36(7.57363); 37(1.90396); 38(6.39972); 39(8.01792); 40(3.17847); 41(1.32852); 42(1.54368); 43(1.61291); 44(5.25144); 45(6.14784); 46(3.20375); 47(6.34892); 48(0.22691); 49(7.77603); 50(7.19014); 51(6.29306); 52(7.79933); 53(5.32229); 54(0.7672); 55(8.96052); 56(4.7737); 57(7.81892); 58(8.54621); 59(5.4252); 60(8.74367); 61(7.22013); 62(4.70343); 63(6.188); 64(2.73537); 65(0.1196); 66(0.61098); 67(6.19015); 68(7.85698); 69(0.26479); 70(4.52722); 71(6.81142); 72(0.87476); 73(6.52558); 74(5.77092); 75(6.30716); 76(4.30176); 77(3.42401); 78(0.4781); 79(7.78762); 80(3.26853); 81(0.12084); 82(5.56266); 83(2.96864); 84(0.36311); 85(1.15641); 86(5.72906); 87(1.33632); 88(3.93885); 89(3.0779); 90(6.18055); 91(7.2719); 92(2.75412); 93(5.05057); 94(5.42099); 95(7.00228); 96(2.08564); 97(4.64925); 98(5.96669); 99(1.20532); 100(8.53004); 101(5.22072); 102(4.82191); 103(2.56546); 104(7.80846); 105(7.21483); 106(5.81169); 107(1.49192); 108(8.46167); 109(0.86551); 110(7.93616); 111(8.73207); 112(3.1296); 113(2.67302); 114(7.43887); 115(6.52453); 116(0.79365); 117(6.98836); 118(1.15124); 119(1.96905); 120(6.94408); 121(2.36404); 122(4.19719); 123(6.60183); 124(2.30093); 125(6.33884); 126(6.69749); 127(2.7203); 128(5.95277); 129(2.38784); 130(5.28171); 131(1.24344); 132(4.72698); 133(5.26862); 134(2.32704); 135(1.72592); 136(8.90016); 137(6.28927); 138(6.67444); 139(3.23475); 140(1.81187); 141(3.58967); 142(8.62112); 143(2.61621); 144(6.08202); 145(2.12574); 146(1.10918); 147(6.10558); 148(8.94914); 149(1.57836); 150(1.00528); 151(6.46597); 152(8.55388); 153(5.88267); 154(1.18938); 156(6.79309); 157(7.51722); 158(7.65249); 159(2.0907); 160(3.51882); 161(8.92004); 162(3.28389); 163(2.04201); 164(8.49606); 165(8.48176); 166(1.08507); 167(2.11945); 168(8.53306); 169(2.78337); 170(6.08568); 171(4.0737); 172(4.44235); 173(5.74191); 174(2.55674); 175(5.73221); 176(0.09802); 177(1.80448); 178(3.38724); 179(8.02106); 180(2.78868); 181(0.61047); 182(4.5369); 183(7.13623); 184(7.39573); 185(5.76544); 186(4.67376); 187(8.82064); 188(8.92934); 189(0.40081); 190(4.11239); 191(3.19251); 192(5.17687); 193(3.46174); 194(6.69357); 195(4.12396); 196(4.59877); 197(0.147); 198(4.71498); 199(7.40676); 200(3.17629); 201(1.95547); 202(2.88588); 203(0.34012); 204(4.85103); 205(8.15986); 206(4.84665); 207(4.3106); 208(1.01215); 209(1.52732); 210(4.17853); 211(7.77312); 212(3.69019); 213(1.13233); 214(6.18487); 215(4.66299); 216(1.60076); 217(8.41003); 218(2.92281); 219(0.70952); 220(7.96012); 221(2.63215); 222(8.99388); 223(4.68348); 224(5.67435); 225(5.95297); 226(0.16333); 227(5.58378); 228(5.51977); 229(1.53898); 230(6.34138); 231(6.23204); 232(7.28624); 233(3.28956); 234(7.57911); 235(4.14521); 236(4.94364); 237(1.99275); 238(8.52723); 239(1.9111); 240(1.48238); 241(7.40824); 242(5.01509); 243(1.26284); 244(7.03246); 245(6.92957); 246(5.83397); 247(5.08337); 248(1.33778); 249(4.00015); 250(0.2326); 251(4.73246); 252(6.74571); 253(3.64105); 254(1.63215); 255(5.38704); 256(8.05216); 257(5.40749); 258(8.09868); 259(4.44285); 260(6.54803); 261(5.62075); 262(7.581); 263(4.04806); 264(6.40362); 265(0.58252); 266(5.0571); 267(1.77866); 268(0.79751); 269(2.6389); 270(3.91513); 271(7.51758); 272(1.24405); 273(3.80972); 274(8.50529); 275(3.92953); 276(0.70491); 277(2.297); 278(5.29369); 279(5.58623); 280(3.59054); 281(8.83709); 282(0.81583); 283(2.95854); 284(7.37795); 285(2.17827); 286(8.20179); 287(2.15377); 288(1.08714); 289(3.12866); 290(0.14896); 291(5.56696); 292(6.06438); 293(8.08176); 294(6.37592); 295(2.20458); 296(3.2728); 297(6.55936); 298(5.61801); 299(3.56616),1372.6237,1372.6237,4.590714715719064,2.5538284601917023,8.99664,0.09802,0.4309234074365255,2
156,0(5.55182); 1(4.67275); 2(2.86327); 3(6.42785); 4(0.56548); 5(0.7645); 6(8.1614); 7(0.11679); 8(0.16713); 9(5.80634); 10(8.49284); 11(6.54495); 12(1.10774); 13(8.58214); 14(4.90733); 15(7.08904); 16(5.43839); 17(3.79194); 18(8.94137); 19(0.4876); 20(0.48672); 21(1.99384); 22(2.1053); 23(1.69335); 24(8.0644); 25(0.26706); 26(8.29022); 27(3.45133); 28(0.90042); 29(1.45562); 30(0.2916); 31(7.20866); 32(3.0205); 33(7.27321); 34(7.13427); 35(7.29623); 36(8.70171); 37(6.73565); 38(2.39706); 39(6.60458); 40(6.0856); 41(2.65543); 42(1.10105); 43(7.15876); 44(8.01254); 45(3.49495); 46(1.33333); 47(1.95914); 48(7.87546); 49(5.85575); 50(0.91323); 51(5.41648); 52(8.91804); 53(5.14632); 54(6.94209); 55(1.99948); 56(1.50226); 57(6.73884); 58(8.54971); 59(6.96661); 60(3.1511); 61(4.40769); 62(4.75637); 63(2.82913); 64(8.36559); 65(6.21878); 66(0.69505); 67(0.0077); 68(7.29495); 69(3.55935); 70(8.47397); 71(2.9202); 72(2.22571); 73(2.56767); 74(4.90763); 75(6.32238); 76(0.50669); 77(3.94669); 78(8.71231); 79(1.12202); 80(4.94633); 81(4.05064); 82(8.56763); 83(8.41675); 84(1.91541); 85(8.2224); 86(5.86655); 87(3.13622); 88(7.83092); 89(8.81922); 90(1.88064); 91(6.27761); 92(6.0193); 93(2.15886); 94(7.28269); 95(4.42917); 96(0.15879); 97(1.04874); 98(1.84642); 99(6.96288); 100(5.42144); 101(7.8566); 102(7.66472); 103(6.63766); 104(6.07313); 105(6.98818); 106(7.12202); 107(5.37701); 108(5.91646); 109(7.09584); 110(6.27156); 111(2.39412); 112(8.19297); 113(0.70676); 114(2.95837); 115(7.10526); 116(7.36798); 117(4.70722); 118(0.78727); 119(8.62904); 120(4.43393); 121(2.7364); 122(1.95213); 123(7.45609); 124(1.98237); 125(8.25661); 126(5.61626); 127(1.07969); 128(8.76131); 129(2.70859); 130(8.06329); 131(6.46938); 132(6.18632); 133(0.74909); 134(6.82236); 135(7.57694); 136(1.99909); 137(3.25433); 138(6.88649); 139(8.13081); 140(2.72022); 141(1.61782); 142(1.9269); 143(6.90433); 144(3.35569); 145(2.91727); 146(4.88282); 147(7.02104); 148(2.64358); 149(7.34314); 150(2.8595); 151(3.69934); 152(8.01188); 153(3.2919); 154(2.30852); 155(6.79309); 157(1.94395); 158(1.14641); 159(5.21817); 160(0.32096); 161(7.63408); 162(0.85953); 163(2.42047); 164(5.09439); 165(2.55729); 166(8.68779); 167(7.25473); 168(7.50988); 169(1.70449); 170(7.25647); 171(8.8239); 172(1.52386); 173(3.18943); 174(7.82671); 175(5.20587); 176(8.65928); 177(2.12227); 178(4.26983); 179(5.75275); 180(2.6728); 181(1.60267); 182(5.65507); 183(2.879); 184(8.47147); 185(6.02309); 186(0.62426); 187(4.64184); 188(7.4117); 189(0.13163); 190(8.54625); 191(3.21839); 192(6.38427); 193(1.14392); 194(5.40805); 195(6.6816); 196(8.14903); 197(7.02799); 198(5.48819); 199(8.15149); 200(0.99911); 201(4.54739); 202(5.2043); 203(6.79036); 204(6.28557); 205(8.10104); 206(6.66719); 207(8.38056); 208(2.65526); 209(2.47139); 210(7.54146); 211(6.45518); 212(1.49803); 213(2.75); 214(3.24573); 215(8.4266); 216(4.47868); 217(6.9939); 218(2.91426); 219(8.35724); 220(6.31351); 221(7.97062); 222(1.78417); 223(6.62355); 224(3.43705); 225(0.03875); 226(1.82981); 227(5.94805); 228(6.72383); 229(0.20203); 230(4.32664); 231(6.33253); 232(5.05716); 233(7.1043); 234(2.16577); 235(8.01803); 236(1.06527); 237(0.72751); 238(6.87508); 239(0.28862); 240(2.21393); 241(5.42963); 242(8.67839); 243(4.96116); 244(6.69277); 245(8.72657); 246(3.39801); 247(1.6593); 248(6.69081); 249(5.91958); 250(1.45713); 251(6.16449); 252(8.62446); 253(3.71469); 254(8.2046); 255(4.19656); 256(1.90304); 257(8.78056); 258(2.04547); 259(0.41205); 260(0.91962); 261(2.11564); 262(6.32886); 263(5.31751); 264(4.90467); 265(0.34383); 266(0.71455); 267(6.62761); 268(3.30078); 269(0.23834); 270(8.57234); 271(4.60099); 272(0.08194); 273(2.33974); 274(3.29307); 275(0.60985); 276(8.22784); 277(4.34961); 278(0.1952); 279(3.38615); 280(4.96679); 281(4.09141); 282(7.8541); 283(3.61115); 284(6.21227); 285(5.40059); 286(5.95352); 287(8.91084); 288(8.9806); 289(6.55581); 290(6.41579); 291(8.71404); 292(3.60271); 293(0.62097); 294(6.34945); 295(1.4443); 296(8.70712); 297(7.05651); 298(1.63126); 299(6.80083),1417.1099,1417.1099,4.739497993311036,2.7402475059235774,8.9806,0.0077,0.4339828685602411,2
157,0(4.7021); 1(4.21103); 2(6.86006); 3(1.22108); 4(3.24504); 5(2.64641); 6(6.31988); 7(7.23414); 8(6.46863); 9(5.36631); 10(0.15616); 11(6.26038); 12(2.73259); 13(5.78647); 14(0.03412); 15(5.54822); 16(4.54481); 17(1.48929); 18(3.47335); 19(3.7745); 20(2.08415); 21(3.14302); 22(1.99183); 23(3.06682); 24(4.71315); 25(5.23344); 26(8.17161); 27(5.51812); 28(6.94418); 29(8.48282); 30(7.47465); 31(8.81393); 32(8.52799); 33(0.82546); 34(6.24696); 35(7.97466); 36(2.87654); 37(8.74101); 38(3.72339); 39(4.09694); 40(5.89277); 41(1.48671); 42(6.09916); 43(1.90069); 44(2.08732); 45(5.17967); 46(0.48679); 47(2.99146); 48(5.33292); 49(3.15906); 50(2.26736); 51(4.61084); 52(3.19506); 53(6.82781); 54(1.35978); 55(5.62228); 56(5.22745); 57(8.06575); 58(0.39735); 59(5.60385); 60(6.97646); 61(2.15631); 62(3.35056); 63(3.21363); 64(6.23835); 65(2.86153); 66(8.15011); 67(0.10753); 68(3.11071); 69(2.85041); 70(1.83747); 71(8.87242); 72(1.1862); 73(8.36632); 74(0.95436); 75(5.72964); 76(8.83088); 77(0.50554); 78(6.53774); 79(0.73066); 80(6.27885); 81(2.06412); 82(7.842); 83(2.86266); 84(2.76042); 85(3.26121); 86(4.81109); 87(6.41848); 88(7.61786); 89(2.9677); 90(4.08209); 91(3.48433); 92(6.98648); 93(0.42988); 94(2.54206); 95(0.04108); 96(8.50781); 97(6.30873); 98(2.79273); 99(4.86575); 100(1.4076); 101(2.46519); 102(4.98916); 103(4.37153); 104(0.4319); 105(8.91126); 106(6.21719); 107(7.83025); 108(0.05054); 109(5.75285); 110(6.02633); 111(3.63165); 112(6.40109); 113(0.01169); 114(8.73948); 115(7.78901); 116(5.66197); 117(1.64757); 118(4.06253); 119(0.55027); 120(6.39582); 121(8.22093); 122(1.40541); 123(7.84497); 124(4.12383); 125(1.10843); 126(4.31977); 127(5.93723); 128(0.16739); 129(1.65099); 130(2.60561); 131(2.67084); 132(7.92828); 133(6.42506); 134(7.53169); 135(7.75738); 136(2.79643); 137(0.75633); 138(7.8986); 139(0.28211); 140(0.25787); 141(7.82452); 142(3.76843); 143(4.71278); 144(6.19134); 145(1.83027); 146(5.95507); 147(8.35546); 148(2.07631); 149(1.12502); 150(4.09712); 151(6.3962); 152(8.76067); 153(0.96971); 154(8.11159); 155(7.51722); 156(1.94395); 158(8.90135); 159(8.93249); 160(6.3425); 161(7.11672); 162(3.41088); 163(5.63293); 164(2.54655); 165(2.93062); 166(5.95446); 167(1.96539); 168(3.14016); 169(0.50998); 170(1.87675); 171(5.21509); 172(0.46539); 173(6.44156); 174(2.05692); 175(3.84969); 176(0.40708); 177(4.51005); 178(3.67483); 179(7.78215); 180(3.47751); 181(1.21617); 182(7.1059); 183(3.94746); 184(3.73857); 185(4.67463); 186(6.07235); 187(0.54093); 188(6.57337); 189(7.60441); 190(3.94506); 191(4.78179); 192(6.50869); 193(2.55012); 194(4.93345); 195(3.05081); 196(2.29665); 197(1.45274); 198(0.13145); 199(8.08571); 200(2.31314); 201(7.84095); 202(1.84641); 203(2.21848); 204(8.85192); 205(8.97649); 206(6.16441); 207(2.37993); 208(0.09763); 209(8.86039); 210(2.32743); 211(1.95838); 212(7.57209); 213(0.84981); 214(0.8006); 215(3.24568); 216(4.97969); 217(6.01557); 218(8.32025); 219(1.10408); 220(1.42238); 221(0.8099); 222(5.43812); 223(4.01797); 224(1.1721); 225(4.5553); 226(8.8734); 227(8.47879); 228(7.69533); 229(0.40472); 230(2.25755); 231(3.89604); 232(1.82541); 233(1.34947); 234(8.2021); 235(1.4701); 236(1.97547); 237(3.75109); 238(1.96337); 239(2.99016); 240(6.03962); 241(4.96988); 242(0.1113); 243(0.29171); 244(5.04967); 245(8.48521); 246(0.39401); 247(2.59084); 248(0.17749); 249(1.50906); 250(5.18553); 251(2.44579); 252(6.38108); 253(0.69621); 254(4.70265); 255(6.80401); 256(7.51635); 257(3.67696); 258(3.02658); 259(5.33227); 260(1.46771); 261(7.80429); 262(1.30199); 263(5.16517); 264(5.51267); 265(4.91713); 266(6.84067); 267(4.56147); 268(1.25263); 269(5.41671); 270(6.67144); 271(6.85169); 272(6.37159); 273(3.88828); 274(3.93857); 275(8.61255); 276(1.46681); 277(5.48568); 278(4.08998); 279(2.80227); 280(0.44383); 281(6.76459); 282(7.64808); 283(3.83505); 284(5.73332); 285(0.68932); 286(7.39803); 287(5.62231); 288(4.8571); 289(0.50512); 290(4.59514); 291(5.34383); 292(6.46403); 293(8.77504); 294(5.09363); 295(3.49558); 296(7.0372); 297(7.49312); 298(3.8702); 299(4.57952),1298.35414,1298.35414,4.342321538461539,2.6200431670520934,8.97649,0.01169,0.4067730232828163,1
158,0(5.09955); 1(1.02946); 2(4.33948); 3(6.69533); 4(6.76634); 5(6.21521); 6(7.30277); 7(0.58917); 8(8.67455); 9(7.30942); 10(7.98092); 11(8.33255); 12(3.93914); 13(4.17622); 14(3.3182); 15(3.66923); 16(3.16602); 17(2.92719); 18(8.80909); 19(5.53947); 20(5.65743); 21(7.77761); 22(4.37441); 23(7.01319); 24(7.51636); 25(0.12785); 26(1.74298); 27(3.44613); 28(4.49283); 29(6.89981); 30(7.80936); 31(4.20252); 32(7.9912); 33(4.8401); 34(1.25354); 35(7.26025); 36(4.86794); 37(2.17363); 38(4.09678); 39(5.35609); 40(4.07241); 41(2.08667); 42(0.18933); 43(1.63593); 44(4.153); 45(3.26959); 46(5.73291); 47(7.50604); 48(4.55205); 49(8.19439); 50(0.02716); 51(7.42005); 52(0.807); 53(8.1997); 54(0.91525); 55(4.42652); 56(8.50929); 57(0.29324); 58(0.89326); 59(2.73294); 60(7.00014); 61(3.38383); 62(8.85255); 63(1.87167); 64(6.49671); 65(1.34406); 66(2.77123); 67(0.42262); 68(3.61012); 69(2.39836); 70(4.11063); 71(8.17547); 72(5.49755); 73(1.22558); 74(8.74123); 75(3.60323); 76(5.14386); 77(8.85488); 78(2.82545); 79(3.30666); 80(2.89853); 81(0.85808); 82(4.62557); 83(8.73164); 84(2.51576); 85(1.86191); 86(4.12316); 87(8.59216); 88(6.42858); 89(7.98251); 90(5.44447); 91(4.83068); 92(3.29217); 93(4.50447); 94(4.38553); 95(7.57342); 96(1.71059); 97(7.70296); 98(5.15988); 99(5.39825); 100(3.42842); 101(3.17085); 102(5.85315); 103(1.42227); 104(4.13579); 105(5.50373); 106(8.75637); 107(7.88714); 108(8.92618); 109(4.38933); 110(3.89692); 111(6.80676); 112(6.59933); 113(5.1223); 114(5.12791); 115(4.77317); 116(4.41277); 117(6.83561); 118(0.59361); 119(8.52596); 120(2.05104); 121(8.28752); 122(8.84665); 123(5.91096); 124(2.76759); 125(8.86704); 126(1.8539); 127(0.32261); 128(6.81494); 129(7.8535); 130(3.15457); 131(2.97757); 132(3.29329); 133(4.89191); 134(0.65103); 135(7.25736); 136(1.70152); 137(1.5449); 138(8.25473); 139(8.04803); 140(2.53699); 141(1.10062); 142(2.91179); 143(0.64761); 144(7.16039); 145(8.23106); 146(5.70551); 147(4.27038); 148(5.54759); 149(4.77807); 150(0.35951); 151(6.19208); 152(4.36791); 153(5.15087); 154(8.99716); 155(7.65249); 156(1.14641); 157(8.90135); 159(8.88363); 160(6.11083); 161(0.24019); 162(7.8035); 163(6.15451); 164(7.39428); 165(5.96635); 166(5.39334); 167(5.25696); 168(5.2841); 169(5.9333); 170(6.30308); 171(5.79801); 172(8.6148); 173(7.85274); 174(1.41402); 175(5.68898); 176(6.34978); 177(0.22084); 178(2.02645); 179(0.15721); 180(1.63481); 181(7.02761); 182(5.377); 183(4.81281); 184(0.157); 185(4.83709); 186(3.06453); 187(6.09956); 188(7.50057); 189(1.81011); 190(6.26743); 191(3.51197); 192(7.64054); 193(6.24247); 194(3.74117); 195(5.16689); 196(6.47397); 197(5.7889); 198(8.21466); 199(0.9064); 200(2.2016); 201(0.41105); 202(2.30285); 203(6.97094); 204(5.57661); 205(8.54132); 206(2.20472); 207(4.22919); 208(8.72114); 209(5.2031); 210(8.19408); 211(8.01602); 212(2.52111); 213(4.58152); 214(8.53111); 215(2.10511); 216(4.89827); 217(3.62858); 218(8.57534); 219(4.09415); 220(2.53718); 221(0.15847); 222(4.33992); 223(7.63368); 224(1.48122); 225(0.21174); 226(8.30584); 227(7.22199); 228(6.72); 229(6.04077); 230(2.90242); 231(0.88875); 232(3.50438); 233(3.19668); 234(2.19743); 235(6.91424); 236(8.82861); 237(4.124); 238(6.85834); 239(1.78962); 240(8.17202); 241(6.47656); 242(2.13434); 243(4.99186); 244(1.05278); 245(1.827); 246(7.18091); 247(8.11327); 248(8.55493); 249(6.2413); 250(2.30791); 251(4.62054); 252(7.00629); 253(3.25729); 254(8.75912); 255(0.4914); 256(8.4615); 257(7.89611); 258(6.71504); 259(5.08598); 260(2.84078); 261(2.34069); 262(4.78801); 263(5.38384); 264(0.83554); 265(4.23212); 266(5.8948); 267(2.07852); 268(1.27448); 269(6.56569); 270(2.13889); 271(0.72053); 272(2.44799); 273(5.24872); 274(5.78019); 275(8.75358); 276(7.18607); 277(8.74515); 278(8.32753); 279(3.3117); 280(6.32788); 281(4.93317); 282(6.44539); 283(5.36698); 284(5.47865); 285(2.87502); 286(5.86432); 287(3.09136); 288(5.74298); 289(8.32144); 290(2.40087); 291(8.34489); 292(6.60944); 293(1.57996); 294(5.90985); 295(4.14255); 296(5.58236); 297(7.43434); 298(2.61623); 299(0.02259),1445.64494,1445.64494,4.834932909698996,2.5884454706707682,8.99716,0.02259,0.44793128236062135,2
159,0(2.41946); 1(8.48456); 2(8.97572); 3(1.49771); 4(3.34715); 5(3.57137); 6(3.2779); 7(1.47628); 8(6.75105); 9(6.44765); 10(6.68334); 11(1.39312); 12(7.71846); 13(3.17449); 14(2.44576); 15(6.36052); 16(3.5619); 17(4.49627); 18(0.12376); 19(1.98626); 20(5.09953); 21(1.07834); 22(4.19834); 23(8.59029); 24(7.71794); 25(6.74384); 26(1.94016); 27(3.80443); 28(5.65812); 29(6.75309); 30(8.64842); 31(2.42752); 32(7.48697); 33(7.93455); 34(7.5786); 35(0.8997); 36(5.49891); 37(0.30196); 38(3.96823); 39(5.05539); 40(0.58019); 41(6.82857); 42(3.28515); 43(7.30112); 44(8.19329); 45(8.06779); 46(4.58897); 47(3.84359); 48(5.88837); 49(2.92914); 50(3.89032); 51(6.60385); 52(0.29436); 53(7.76762); 54(3.1005); 55(7.39789); 56(3.47886); 57(7.65694); 58(6.74839); 59(6.86328); 60(7.98084); 61(6.1996); 62(5.96371); 63(2.06459); 64(3.00258); 65(3.42275); 66(0.40781); 67(2.09671); 68(5.58511); 69(2.00501); 70(7.46518); 71(5.18192); 72(1.72011); 73(3.12636); 74(4.07505); 75(4.57835); 76(5.35945); 77(3.68332); 78(8.71194); 79(0.09178); 80(4.06339); 81(0.49817); 82(5.91942); 83(8.4466); 84(7.75752); 85(6.09388); 86(8.28823); 87(6.50105); 88(6.29146); 89(4.57245); 90(8.77075); 91(1.12725); 92(8.60167); 93(7.22946); 94(5.95519); 95(8.75484); 96(0.93845); 97(0.66561); 98(4.28252); 99(0.5108); 100(5.14837); 101(6.57801); 102(0.15238); 103(8.78079); 104(4.86955); 105(0.24822); 106(4.17632); 107(4.71467); 108(7.30446); 109(3.03117); 110(8.16614); 111(6.12223); 112(0.11621); 113(0.35807); 114(6.70981); 115(5.11823); 116(5.08971); 117(6.04116); 118(0.3323); 119(8.42408); 120(8.75689); 121(4.03859); 122(7.76467); 123(7.70583); 124(7.4304); 125(6.58139); 126(5.63513); 127(1.4264); 128(4.45143); 129(3.86627); 130(3.17054); 131(0.63684); 132(0.27021); 133(4.19635); 134(1.20704); 135(6.6526); 136(8.81608); 137(5.6271); 138(8.25902); 139(8.19933); 140(4.93267); 141(3.92379); 142(8.7549); 143(7.30706); 144(7.53328); 145(7.2042); 146(1.82347); 147(0.38719); 148(5.67497); 149(7.09704); 150(1.20559); 151(1.81044); 152(0.62164); 153(3.29201); 154(7.19531); 155(2.0907); 156(5.21817); 157(8.93249); 158(8.88363); 160(4.11699); 161(6.94229); 162(5.06053); 163(2.69825); 164(2.67033); 165(7.93753); 166(4.54608); 167(1.66779); 168(2.13628); 169(2.4618); 170(1.22634); 171(1.72442); 172(4.16445); 173(4.01355); 174(6.26488); 175(3.13912); 176(1.15419); 177(7.58017); 178(6.61141); 179(6.96187); 180(1.16511); 181(7.53436); 182(1.31985); 183(2.86454); 184(5.2516); 185(5.05827); 186(1.55214); 187(3.03043); 188(4.6732); 189(2.123); 190(7.40743); 191(1.51077); 192(7.36148); 193(2.5063); 194(6.08732); 195(2.10698); 196(4.28223); 197(4.37187); 198(8.05402); 199(7.29326); 200(8.98732); 201(2.33322); 202(1.52049); 203(5.7362); 204(1.36844); 205(4.01091); 206(3.88646); 207(6.84829); 208(3.23749); 209(6.23885); 210(4.36742); 211(4.71022); 212(0.50944); 213(5.40152); 214(6.73476); 215(6.93149); 216(4.26603); 217(6.141); 218(6.26776); 219(6.25985); 220(1.71675); 221(4.71125); 222(4.1654); 223(3.15184); 224(7.1704); 225(4.55537); 226(7.24086); 227(1.49591); 228(2.27333); 229(1.92905); 230(1.14387); 231(8.52917); 232(2.85443); 233(5.36779); 234(0.86882); 235(1.06092); 236(0.51809); 237(1.84997); 238(1.41196); 239(1.85937); 240(1.33725); 241(5.60742); 242(4.80695); 243(7.72451); 244(0.20061); 245(8.87357); 246(8.94667); 247(7.16829); 248(0.13028); 249(0.90463); 250(0.91808); 251(5.1862); 252(4.74881); 253(3.93077); 254(7.72944); 255(6.47606); 256(8.45912); 257(3.73859); 258(5.11786); 259(7.99988); 260(5.69147); 261(3.36151); 262(7.25028); 263(3.51017); 264(0.74161); 265(4.39129); 266(4.0878); 267(7.29794); 268(0.78269); 269(1.4462); 270(4.30536); 271(3.35992); 272(6.60906); 273(2.62519); 274(0.70582); 275(1.50937); 276(0.91961); 277(8.02246); 278(1.57621); 279(5.02473); 280(3.74005); 281(8.29174); 282(1.12521); 283(4.76366); 284(7.21023); 285(3.18614); 286(7.52374); 287(8.79068); 288(1.30382); 289(8.92904); 290(2.57888); 291(4.74783); 292(2.73225); 293(5.69191); 294(3.77024); 295(1.02897); 296(3.264); 297(6.47448); 298(5.80257); 299(5.2276),1366.60953,1366.60953,4.57060043478261,2.614633023500253,8.98732,0.09178,0.4280497716440919,1
160,0(8.90247); 1(2.11852); 2(7.44093); 3(1.52319); 4(3.55379); 5(7.99562); 6(4.27272); 7(6.39342); 8(2.80781); 9(2.89681); 10(0.17085); 11(3.44567); 12(5.70658); 13(6.60154); 14(8.12214); 15(5.15314); 16(3.10344); 17(2.10587); 18(1.20451); 19(0.3332); 20(4.71211); 21(1.2193); 22(3.01264); 23(8.29214); 24(7.45348); 25(6.84578); 26(6.15345); 27(7.69653); 28(6.16882); 29(2.44914); 30(7.00234); 31(6.94091); 32(6.99247); 33(8.47884); 34(7.0703); 35(4.79756); 36(0.75355); 37(1.65554); 38(3.30298); 39(1.10371); 40(8.08614); 41(5.97582); 42(2.04892); 43(4.72008); 44(4.03169); 45(2.78437); 46(0.01973); 47(0.05922); 48(5.67351); 49(3.4906); 50(6.33073); 51(1.96608); 52(1.39882); 53(6.07553); 54(4.55967); 55(8.28151); 56(1.3426); 57(4.31412); 58(6.04232); 59(1.16738); 60(6.33919); 61(5.36689); 62(3.56934); 63(6.05189); 64(4.53192); 65(4.24907); 66(4.86472); 67(5.47561); 68(7.13235); 69(4.48804); 70(6.37855); 71(7.56834); 72(7.74968); 73(7.76649); 74(0.48287); 75(0.30008); 76(4.26615); 77(5.57807); 78(1.78079); 79(2.16199); 80(4.3248); 81(4.47879); 82(6.15625); 83(0.86811); 84(3.28603); 85(3.96842); 86(5.13358); 87(5.74767); 88(8.38402); 89(7.64035); 90(8.76034); 91(7.13908); 92(6.60617); 93(5.07971); 94(1.60571); 95(7.41604); 96(3.07116); 97(8.84917); 98(7.13759); 99(8.86168); 100(2.25077); 101(2.94077); 102(6.66584); 103(0.62733); 104(1.92537); 105(8.65873); 106(3.92829); 107(2.08746); 108(3.99918); 109(1.02563); 110(0.00317); 111(2.24063); 112(6.74831); 113(0.45856); 114(2.16696); 115(6.58201); 116(7.93941); 117(3.81164); 118(5.42877); 119(6.28567); 120(8.90991); 121(5.54431); 122(7.96501); 123(0.22386); 124(0.78115); 125(3.3931); 126(1.34456); 127(8.66352); 128(6.42387); 129(2.25318); 130(1.44669); 131(7.60918); 132(0.03502); 133(3.06615); 134(6.60537); 135(0.9286); 136(2.44199); 137(0.12711); 138(2.12542); 139(5.94096); 140(5.92908); 141(0.85529); 142(4.74333); 143(8.77762); 144(2.72096); 145(3.86187); 146(1.15902); 147(0.32144); 148(4.91098); 149(8.30911); 150(7.92207); 151(2.8728); 152(8.71618); 153(0.38041); 154(5.76652); 155(3.51882); 156(0.32096); 157(6.3425); 158(6.11083); 159(4.11699); 161(1.2839); 162(1.236); 163(7.35562); 164(1.69538); 165(5.13121); 166(3.89514); 167(0.22188); 168(6.01261); 169(2.62759); 170(4.54814); 171(0.40706); 172(6.43884); 173(7.9474); 174(7.48163); 175(6.92935); 176(8.46406); 177(1.92791); 178(6.86222); 179(4.26818); 180(7.765); 181(5.31827); 182(2.54297); 183(2.16599); 184(8.30029); 185(2.84115); 186(2.62835); 187(5.84495); 188(5.40995); 189(4.49354); 190(0.85885); 191(1.25184); 192(7.79179); 193(3.54274); 194(4.79223); 195(6.89104); 196(4.96154); 197(3.39808); 198(3.16901); 199(7.278); 200(6.15183); 201(0.75108); 202(5.19217); 203(4.95762); 204(2.23891); 205(2.64376); 206(3.79702); 207(2.93305); 208(2.90236); 209(2.03676); 210(2.15436); 211(3.21613); 212(0.30894); 213(5.61031); 214(8.36241); 215(8.58672); 216(5.84672); 217(7.21829); 218(6.53151); 219(1.73188); 220(1.2015); 221(2.8576); 222(2.4972); 223(4.14879); 224(2.13315); 225(7.51839); 226(5.58093); 227(4.44406); 228(4.05835); 229(8.23058); 230(2.56086); 231(5.57696); 232(5.11924); 233(4.90506); 234(3.47332); 235(0.52147); 236(2.2345); 237(4.66627); 238(0.58807); 239(3.36324); 240(8.10087); 241(8.60534); 242(5.01587); 243(8.2119); 244(4.71761); 245(4.9037); 246(5.15051); 247(0.02637); 248(4.67857); 249(2.78728); 250(4.45527); 251(7.31161); 252(8.73957); 253(5.78576); 254(0.78193); 255(0.65566); 256(3.91478); 257(3.14748); 258(8.71139); 259(6.0624); 260(4.68209); 261(5.43468); 262(4.98823); 263(6.07779); 264(7.69133); 265(5.3414); 266(0.47747); 267(3.80714); 268(5.73397); 269(2.79449); 270(7.71539); 271(6.13978); 272(1.57386); 273(2.63635); 274(3.16995); 275(8.97032); 276(2.57601); 277(6.91393); 278(7.99742); 279(8.13636); 280(3.00966); 281(5.83083); 282(0.00107); 283(1.69724); 284(3.33867); 285(2.06308); 286(5.92558); 287(5.0424); 288(4.20132); 289(8.42244); 290(7.31264); 291(8.2883); 292(5.12287); 293(5.4293); 294(0.826); 295(7.12061); 296(2.01926); 297(7.60329); 298(2.0854); 299(6.5968),1345.58925,1345.58925,4.500298494983277,2.5606979467903663,8.97032,0.00107,0.42027782261423297,1
161,0(2.49728); 1(1.80951); 2(8.90016); 3(8.01368); 4(3.26708); 5(6.95589); 6(2.6962); 7(3.83298); 8(8.79821); 9(7.1286); 10(6.29347); 11(1.63439); 12(4.04197); 13(0.54882); 14(4.21422); 15(0.80473); 16(6.77389); 17(4.15546); 18(8.40876); 19(1.46988); 20(2.55584); 21(3.12814); 22(4.20575); 23(3.60859); 24(2.32479); 25(2.25197); 26(1.38978); 27(2.6394); 28(0.76964); 29(8.33365); 30(6.87521); 31(2.2575); 32(0.59915); 33(8.81249); 34(3.4575); 35(6.70637); 36(6.20868); 37(2.57408); 38(4.19117); 39(6.82782); 40(4.29052); 41(6.38011); 42(5.42727); 43(2.18091); 44(0.00073); 45(2.21164); 46(2.6757); 47(5.561); 48(6.22367); 49(0.44114); 50(4.87391); 51(1.65858); 52(8.15462); 53(8.8255); 54(8.38272); 55(2.77248); 56(1.93292); 57(0.71702); 58(0.07859); 59(1.28735); 60(5.67411); 61(0.84421); 62(4.62615); 63(2.52593); 64(4.19066); 65(6.30059); 66(8.25841); 67(7.08974); 68(4.06632); 69(3.4953); 70(2.76632); 71(1.29317); 72(5.93307); 73(6.73436); 74(5.86075); 75(6.95265); 76(7.77197); 77(1.81083); 78(5.93805); 79(8.2007); 80(0.12956); 81(5.27976); 82(0.49321); 83(5.71018); 84(5.94754); 85(7.60964); 86(8.50892); 87(8.0031); 88(1.49885); 89(7.72517); 90(6.91292); 91(3.36527); 92(2.40566); 93(6.00767); 94(0.18826); 95(6.27729); 96(8.74979); 97(1.02662); 98(0.58286); 99(8.82305); 100(4.36178); 101(5.32607); 102(5.76576); 103(5.1308); 104(8.76753); 105(3.89601); 106(0.23624); 107(0.52552); 108(8.28163); 109(8.99123); 110(6.3379); 111(7.52739); 112(8.10946); 113(7.61646); 114(3.82301); 115(2.89408); 116(0.7705); 117(6.65976); 118(3.14762); 119(2.09449); 120(5.0118); 121(8.81415); 122(5.81038); 123(3.60329); 124(4.87552); 125(3.30098); 126(3.48163); 127(0.51009); 128(8.55294); 129(0.99549); 130(4.5324); 131(4.25904); 132(5.07439); 133(3.55016); 134(4.85698); 135(6.65859); 136(1.66038); 137(3.24791); 138(1.58127); 139(3.1833); 140(1.70337); 141(0.65027); 142(8.83613); 143(5.28499); 144(5.98576); 145(4.62905); 146(4.52865); 147(4.25643); 148(7.71015); 149(5.71318); 150(5.31135); 151(7.74112); 152(3.61648); 153(6.21291); 154(5.73502); 155(8.92004); 156(7.63408); 157(7.11672); 158(0.24019); 159(6.94229); 160(1.2839); 162(0.51805); 163(1.37619); 164(1.41919); 165(2.61083); 166(8.55333); 167(3.46317); 168(0.50639); 169(4.31613); 170(2.3028); 171(0.84361); 172(7.90174); 173(8.15917); 174(4.18344); 175(8.36083); 176(0.36997); 177(4.73898); 178(8.66924); 179(3.92314); 180(2.29261); 181(1.67214); 182(5.68958); 183(3.27034); 184(7.30481); 185(3.31176); 186(4.74679); 187(4.89218); 188(7.32501); 189(2.2313); 190(1.83635); 191(2.02844); 192(2.06374); 193(8.33256); 194(8.46251); 195(2.06139); 196(7.52872); 197(7.25244); 198(1.02922); 199(5.83968); 200(3.24838); 201(4.39851); 202(3.50872); 203(5.14401); 204(5.94311); 205(0.70066); 206(3.31745); 207(8.62045); 208(5.36774); 209(1.05149); 210(3.53273); 211(6.14555); 212(0.66212); 213(5.46061); 214(3.84464); 215(5.95332); 216(2.46115); 217(1.512); 218(4.51597); 219(6.97622); 220(4.00003); 221(4.05977); 222(4.2693); 223(8.15931); 224(8.30466); 225(5.67796); 226(4.79661); 227(5.69703); 228(8.93923); 229(3.94509); 230(1.16857); 231(5.92494); 232(6.39827); 233(1.06127); 234(2.8972); 235(0.14581); 236(8.23041); 237(7.45106); 238(5.48389); 239(2.62908); 240(4.27618); 241(5.28881); 242(8.85373); 243(3.82417); 244(3.4454); 245(0.32958); 246(8.49012); 247(1.73381); 248(1.85777); 249(2.04686); 250(6.65689); 251(8.1154); 252(2.52521); 253(7.97789); 254(2.60219); 255(0.8178); 256(7.33996); 257(5.42598); 258(5.94908); 259(7.85809); 260(4.79738); 261(3.05512); 262(5.49929); 263(0.89579); 264(0.81368); 265(4.79259); 266(4.53); 267(0.2125); 268(8.34893); 269(6.1014); 270(6.15262); 271(7.23501); 272(8.24377); 273(2.74082); 274(0.41721); 275(2.41104); 276(2.0925); 277(2.5815); 278(2.1865); 279(6.26124); 280(7.57098); 281(3.37848); 282(8.15505); 283(4.92873); 284(7.93343); 285(5.86805); 286(8.81533); 287(2.48591); 288(5.84987); 289(0.10082); 290(7.61252); 291(5.86821); 292(5.49106); 293(0.41032); 294(5.13875); 295(7.53464); 296(4.23225); 297(3.84258); 298(5.76256); 299(7.75484),1362.00398,1362.00398,4.555197257525084,2.62224235075201,8.99123,0.00073,0.42526864132175124,2
162,0(2.84952); 1(2.52745); 2(6.8507); 3(0.41117); 4(6.71739); 5(8.9162); 6(3.20495); 7(2.99922); 8(4.26006); 9(6.78596); 10(5.18046); 11(0.18412); 12(2.01123); 13(7.69733); 14(6.57857); 15(2.75844); 16(3.552); 17(8.66764); 18(0.38893); 19(4.24054); 20(5.13014); 21(8.92737); 22(0.11476); 23(2.01612); 24(8.94493); 25(2.81363); 26(6.21035); 27(5.16786); 28(3.9762); 29(4.06489); 30(1.22151); 31(7.92875); 32(5.72954); 33(0.0875); 34(7.12366); 35(1.28667); 36(7.00218); 37(8.99473); 38(0.55971); 39(8.29823); 40(4.6313); 41(0.10393); 42(1.48224); 43(4.69156); 44(7.6311); 45(1.17343); 46(0.09467); 47(2.93251); 48(8.05671); 49(6.17426); 50(5.94642); 51(0.24472); 52(3.54105); 53(4.70327); 54(4.13136); 55(1.00137); 56(4.03109); 57(7.53147); 58(0.22112); 59(2.29653); 60(4.37792); 61(6.43849); 62(7.32601); 63(7.13581); 64(5.90955); 65(6.93178); 66(6.24012); 67(2.21365); 68(5.30588); 69(5.55226); 70(6.20285); 71(4.71851); 72(8.98734); 73(6.86889); 74(3.76256); 75(7.70293); 76(5.1419); 77(6.10719); 78(4.73355); 79(3.9633); 80(4.2056); 81(0.72694); 82(8.96526); 83(6.23794); 84(3.50998); 85(3.92436); 86(1.73897); 87(0.73111); 88(8.08181); 89(5.66148); 90(8.23554); 91(1.95337); 92(4.09822); 93(2.91223); 94(1.78452); 95(2.40153); 96(1.43795); 97(1.89881); 98(8.49764); 99(4.07969); 100(6.14782); 101(5.54713); 102(1.46007); 103(0.95699); 104(2.31566); 105(3.31823); 106(6.94729); 107(3.96453); 108(0.25323); 109(0.03061); 110(2.32424); 111(2.79167); 112(2.74642); 113(3.84807); 114(3.69626); 115(7.03627); 116(5.61121); 117(3.58781); 118(7.32261); 119(8.00988); 120(5.74537); 121(4.94988); 122(3.15773); 123(2.7228); 124(7.88358); 125(7.42716); 126(8.34662); 127(8.11672); 128(0.06554); 129(3.68134); 130(3.04122); 131(1.55466); 132(3.3409); 133(6.68401); 134(2.79984); 135(2.62148); 136(1.34206); 137(2.87756); 138(4.37118); 139(7.44739); 140(1.75352); 141(8.00252); 142(6.37121); 143(1.60751); 144(4.71252); 145(6.3914); 146(8.91262); 147(4.50424); 148(0.21056); 149(3.18784); 150(1.59201); 151(7.61574); 152(5.90925); 153(7.30496); 154(0.07441); 155(3.28389); 156(0.85953); 157(3.41088); 158(7.8035); 159(5.06053); 160(1.236); 161(0.51805); 163(3.17365); 164(5.81965); 165(5.04633); 166(0.87522); 167(4.84725); 168(8.43986); 169(3.33802); 170(1.00678); 171(5.33514); 172(3.96567); 173(4.9881); 174(7.03393); 175(4.35497); 176(3.84112); 177(0.90067); 178(4.79295); 179(4.87888); 180(4.3443); 181(3.9644); 182(3.48653); 183(2.82089); 184(3.41824); 185(7.5428); 186(5.03987); 187(0.54283); 188(5.36399); 189(2.34583); 190(8.52583); 191(7.48271); 192(1.26319); 193(2.66529); 194(7.20452); 195(5.43027); 196(5.02636); 197(0.16755); 198(8.05369); 199(7.55116); 200(2.61338); 201(3.861); 202(1.46784); 203(7.90448); 204(5.5332); 205(2.12891); 206(2.0457); 207(5.2524); 208(7.91628); 209(2.19288); 210(7.69856); 211(2.21101); 212(3.21865); 213(3.91062); 214(6.94758); 215(1.46433); 216(5.85664); 217(7.70766); 218(3.25541); 219(3.20375); 220(5.96171); 221(4.39538); 222(3.4676); 223(3.308); 224(5.93772); 225(4.62874); 226(8.87987); 227(4.88249); 228(2.48436); 229(0.87067); 230(2.34217); 231(8.3187); 232(8.25673); 233(2.89471); 234(7.33393); 235(0.61978); 236(0.61561); 237(4.81725); 238(8.52271); 239(4.5766); 240(0.26648); 241(8.06775); 242(7.76836); 243(4.35863); 244(3.61814); 245(1.39804); 246(2.57714); 247(2.16139); 248(1.43429); 249(8.6499); 250(3.49834); 251(8.2727); 252(8.22475); 253(7.27119); 254(2.7709); 255(8.14737); 256(3.51929); 257(8.27924); 258(4.66808); 259(7.05173); 260(4.3123); 261(2.28362); 262(4.91366); 263(7.22912); 264(2.00392); 265(7.47439); 266(0.52178); 267(7.53016); 268(3.62048); 269(8.71788); 270(4.91948); 271(5.51498); 272(5.25408); 273(6.55384); 274(6.1026); 275(6.12159); 276(2.03639); 277(7.28552); 278(7.98287); 279(6.97295); 280(4.1135); 281(6.50797); 282(0.35078); 283(6.12827); 284(6.51096); 285(1.30762); 286(3.33114); 287(7.74584); 288(8.18647); 289(1.84485); 290(5.54736); 291(2.72645); 292(4.8545); 293(1.81259); 294(6.72999); 295(3.85549); 296(5.82731); 297(8.82717); 298(3.7924); 299(1.21155),1351.07087,1351.07087,4.518631672240803,2.547556070546792,8.99473,0.03061,0.42487131584127785,1
163,0(7.52345); 1(8.61893); 2(5.58514); 3(6.55501); 4(6.16496); 5(0.8091); 6(1.99766); 7(4.13952); 8(1.46286); 9(0.32038); 10(4.73811); 11(1.94408); 12(7.16575); 13(3.36526); 14(4.91997); 15(4.68027); 16(5.89205); 17(3.98359); 18(6.159); 19(1.26232); 20(2.50717); 21(3.51389); 22(1.0148); 23(6.34543); 24(0.79094); 25(5.35815); 26(7.16433); 27(6.68137); 28(0.37782); 29(5.22436); 30(1.10032); 31(4.09272); 32(1.42681); 33(6.84487); 34(1.45464); 35(7.50146); 36(2.67352); 37(6.79469); 38(6.40808); 39(5.41032); 40(0.1561); 41(5.55246); 42(0.14407); 43(4.69001); 44(3.89234); 45(2.36704); 46(5.32656); 47(8.81582); 48(2.07641); 49(4.31135); 50(4.47467); 51(3.33983); 52(8.26034); 53(2.13762); 54(3.34335); 55(1.17277); 56(5.70784); 57(5.07175); 58(3.48316); 59(8.41524); 60(2.00436); 61(5.00513); 62(6.06632); 63(3.099); 64(5.18502); 65(7.83912); 66(6.816); 67(6.51502); 68(3.64487); 69(4.06796); 70(1.82889); 71(6.35489); 72(2.6217); 73(7.32479); 74(0.20033); 75(6.18108); 76(4.64009); 77(8.47214); 78(7.6239); 79(8.08586); 80(0.2965); 81(3.47079); 82(7.15889); 83(6.63375); 84(7.20217); 85(1.15141); 86(8.30971); 87(2.02697); 88(0.43735); 89(8.45732); 90(0.71985); 91(2.57918); 92(5.74655); 93(6.46611); 94(8.98261); 95(8.27036); 96(2.92825); 97(5.90694); 98(7.53678); 99(5.84494); 100(2.75532); 101(6.91111); 102(3.15124); 103(7.31271); 104(4.94638); 105(0.61744); 106(2.41925); 107(7.48108); 108(4.23588); 109(4.28142); 110(0.44639); 111(6.68034); 112(4.96915); 113(4.40706); 114(7.03201); 115(5.509); 116(8.45569); 117(3.19516); 118(8.4656); 119(3.09901); 120(3.02376); 121(8.68017); 122(5.70947); 123(0.52711); 124(7.0027); 125(6.4238); 126(8.24341); 127(3.34933); 128(8.23776); 129(7.67126); 130(2.24925); 131(7.98484); 132(6.63959); 133(6.08157); 134(6.73306); 135(0.98158); 136(2.22579); 137(4.09563); 138(0.86782); 139(0.83492); 140(0.09471); 141(5.23868); 142(4.25425); 143(4.56164); 144(6.13774); 145(8.30817); 146(4.52331); 147(2.23544); 148(5.36719); 149(5.82578); 150(3.0517); 151(0.67193); 152(7.63087); 153(2.54675); 154(8.25755); 155(2.04201); 156(2.42047); 157(5.63293); 158(6.15451); 159(2.69825); 160(7.35562); 161(1.37619); 162(3.17365); 164(6.09597); 165(1.47504); 166(0.60432); 167(7.66981); 168(5.39109); 169(4.42121); 170(8.57603); 171(5.09176); 172(1.7949); 173(5.86567); 174(1.25484); 175(0.77438); 176(4.20663); 177(8.99421); 178(3.47896); 179(7.52108); 180(0.08925); 181(7.11939); 182(3.4196); 183(2.23711); 184(6.71929); 185(4.0456); 186(2.14221); 187(7.59694); 188(7.53802); 189(4.68706); 190(8.72531); 191(4.15477); 192(3.85805); 193(3.27123); 194(8.22262); 195(1.16477); 196(8.70122); 197(4.04156); 198(0.72766); 199(3.21722); 200(3.34752); 201(7.74707); 202(7.72951); 203(8.42511); 204(5.6921); 205(1.1362); 206(8.183); 207(8.49304); 208(7.83357); 209(7.53827); 210(5.24665); 211(0.68348); 212(5.07657); 213(8.31751); 214(4.98309); 215(2.71737); 216(1.8528); 217(4.27124); 218(7.99546); 219(8.08099); 220(2.91775); 221(8.67346); 222(7.90386); 223(2.85481); 224(0.35552); 225(4.34108); 226(0.79401); 227(7.89628); 228(6.24429); 229(6.44529); 230(3.49702); 231(5.53319); 232(3.45622); 233(2.37006); 234(6.11293); 235(7.73558); 236(3.09319); 237(6.89242); 238(3.08809); 239(2.19549); 240(0.38001); 241(4.70285); 242(5.28298); 243(7.4595); 244(8.76081); 245(1.77455); 246(4.39998); 247(0.67684); 248(2.007); 249(1.83321); 250(0.05515); 251(4.84676); 252(8.65393); 253(6.10147); 254(6.89304); 255(5.14922); 256(8.07602); 257(6.75295); 258(2.6955); 259(6.09008); 260(8.87649); 261(8.83037); 262(3.95387); 263(4.84573); 264(8.2336); 265(7.31715); 266(8.177); 267(5.64378); 268(1.84042); 269(0.44842); 270(5.33958); 271(2.55032); 272(1.50603); 273(5.28117); 274(3.97172); 275(1.23996); 276(7.48294); 277(6.93743); 278(6.00846); 279(0.65275); 280(4.18743); 281(3.80888); 282(8.13051); 283(1.4634); 284(3.44119); 285(1.44613); 286(2.77121); 287(0.08599); 288(4.03942); 289(1.94259); 290(2.53046); 291(5.85638); 292(7.08569); 293(1.90825); 294(0.13109); 295(4.17575); 296(4.30376); 297(2.37481); 298(4.0627); 299(5.48264),1383.51132,1383.51132,4.6271281605351176,2.581859232875586,8.99421,0.05515,0.4320652776775348,1
164,0(1.82842); 1(5.96107); 2(0.59159); 3(8.16769); 4(5.41383); 5(0.01626); 6(4.62962); 7(6.62664); 8(2.0022); 9(3.12385); 10(6.54846); 11(2.68124); 12(5.08245); 13(6.18619); 14(5.58725); 15(4.13771); 16(3.89514); 17(5.61894); 18(2.6366); 19(6.2502); 20(5.19375); 21(6.27415); 22(4.70666); 23(0.62183); 24(1.20353); 25(6.13476); 26(8.54916); 27(7.84463); 28(4.20068); 29(6.44932); 30(6.79495); 31(1.28444); 32(8.807); 33(3.51322); 34(1.39059); 35(3.2205); 36(4.37609); 37(2.27344); 38(2.80081); 39(2.31935); 40(7.54142); 41(7.53742); 42(0.32658); 43(4.12384); 44(6.7011); 45(8.49548); 46(3.25045); 47(2.14658); 48(2.72366); 49(4.52017); 50(5.83738); 51(6.85428); 52(3.63821); 53(4.19531); 54(7.75704); 55(4.80722); 56(1.04131); 57(1.01006); 58(3.88613); 59(5.66414); 60(1.66233); 61(2.22555); 62(4.41305); 63(8.36123); 64(6.58801); 65(5.21809); 66(2.47258); 67(6.57772); 68(3.13907); 69(3.24942); 70(0.61049); 71(3.69356); 72(0.88529); 73(2.61649); 74(6.12735); 75(0.56467); 76(6.04264); 77(8.40742); 78(2.07766); 79(8.08907); 80(1.27366); 81(3.07316); 82(2.93243); 83(1.39047); 84(8.19634); 85(7.60032); 86(3.36031); 87(0.93929); 88(2.31738); 89(8.19528); 90(0.58351); 91(1.5188); 92(3.75651); 93(8.01834); 94(4.05967); 95(0.0918); 96(1.88723); 97(6.30164); 98(5.70994); 99(1.50506); 100(4.01541); 101(2.29923); 102(0.58989); 103(8.91228); 104(2.80001); 105(2.87772); 106(2.4119); 107(7.65826); 108(0.92886); 109(8.0911); 110(0.97363); 111(6.69492); 112(1.80453); 113(6.18312); 114(4.39887); 115(4.45433); 116(5.64058); 117(6.62439); 118(2.41522); 119(6.22073); 120(5.35006); 121(4.93929); 122(5.04716); 123(2.06832); 124(0.95862); 125(4.16029); 126(6.6651); 127(7.43572); 128(3.95387); 129(7.34125); 130(1.57791); 131(8.25207); 132(5.40616); 133(0.13721); 134(0.15278); 135(6.77349); 136(6.92382); 137(0.29367); 138(8.86111); 139(7.98567); 140(7.127); 141(0.88778); 142(3.64763); 143(1.50189); 144(1.01642); 145(6.42645); 146(1.28828); 147(3.68085); 148(5.15402); 149(7.91058); 150(5.21066); 151(0.21939); 152(8.05516); 153(7.01497); 154(6.70712); 155(8.49606); 156(5.09439); 157(2.54655); 158(7.39428); 159(2.67033); 160(1.69538); 161(1.41919); 162(5.81965); 163(6.09597); 165(8.63578); 166(0.34174); 167(8.18688); 168(4.87577); 169(1.15005); 170(4.65605); 171(2.30121); 172(8.14635); 173(5.29632); 174(2.51925); 175(2.88015); 176(2.0219); 177(2.27408); 178(8.41313); 179(7.45333); 180(5.0112); 181(1.96492); 182(1.78864); 183(6.5554); 184(5.76402); 185(4.87487); 186(5.7637); 187(6.39152); 188(5.74018); 189(8.06642); 190(8.95804); 191(3.64552); 192(3.76979); 193(6.26233); 194(7.34999); 195(6.42734); 196(5.41905); 197(5.59383); 198(5.33029); 199(4.6542); 200(1.52408); 201(7.19876); 202(1.39148); 203(6.41049); 204(8.67639); 205(4.90287); 206(0.87854); 207(0.1059); 208(6.5919); 209(0.37766); 210(2.76937); 211(6.5926); 212(1.07674); 213(0.88891); 214(4.00483); 215(8.98877); 216(1.45738); 217(3.624); 218(0.39456); 219(1.08783); 220(4.82346); 221(1.54407); 222(6.88186); 223(2.04836); 224(5.08251); 225(8.43094); 226(8.82821); 227(2.55442); 228(4.40792); 229(4.33952); 230(5.66513); 231(4.77893); 232(7.28424); 233(6.90587); 234(6.17117); 235(4.89377); 236(0.43692); 237(1.09244); 238(0.06551); 239(4.71463); 240(3.53805); 241(3.69567); 242(1.45977); 243(5.78728); 244(4.3895); 245(5.81842); 246(3.77506); 247(6.41); 248(6.17348); 249(3.73739); 250(3.77782); 251(2.64739); 252(2.01588); 253(3.30482); 254(1.67061); 255(0.44863); 256(4.40646); 257(8.23857); 258(7.54445); 259(5.72517); 260(3.60711); 261(2.34818); 262(5.6628); 263(7.78334); 264(3.31566); 265(6.81142); 266(8.37944); 267(5.35946); 268(3.05754); 269(3.34302); 270(5.60991); 271(7.3115); 272(3.76895); 273(5.1672); 274(8.20678); 275(5.71959); 276(8.8256); 277(7.23145); 278(4.81318); 279(2.19538); 280(5.82281); 281(3.78252); 282(8.95247); 283(2.3013); 284(3.32904); 285(8.94481); 286(8.74302); 287(8.5597); 288(2.5743); 289(6.26977); 290(8.05315); 291(7.755); 292(3.60605); 293(3.65485); 294(3.22487); 295(2.50645); 296(6.50541); 297(4.64604); 298(7.08914); 299(3.52353),1351.39571,1351.39571,4.519718093645484,2.5193845756387807,8.98877,0.01626,0.4270989149369894,1
165,0(6.70205); 1(4.09693); 2(8.24141); 3(3.98618); 4(6.83415); 5(5.63354); 6(2.14085); 7(4.26709); 8(3.44422); 9(4.51889); 10(0.02989); 11(7.38765); 12(5.21819); 13(0.91152); 14(8.68418); 15(2.71528); 16(7.21684); 17(5.64137); 18(4.97997); 19(0.39432); 20(6.07374); 21(1.68337); 22(0.11773); 23(4.96878); 24(0.89121); 25(7.30905); 26(8.65888); 27(7.95968); 28(5.72608); 29(4.87695); 30(2.03347); 31(0.79246); 32(2.7863); 33(4.85612); 34(5.44491); 35(2.11403); 36(1.94487); 37(0.44451); 38(1.18052); 39(1.14641); 40(5.7437); 41(0.80784); 42(3.13592); 43(8.00807); 44(5.44207); 45(7.94749); 46(7.70506); 47(8.5756); 48(8.19944); 49(2.73746); 50(1.49456); 51(4.31223); 52(5.6714); 53(1.30854); 54(1.31274); 55(3.99148); 56(8.9433); 57(7.05927); 58(1.88005); 59(7.14159); 60(7.33599); 61(7.24066); 62(2.07516); 63(4.05971); 64(8.81196); 65(6.51964); 66(1.21251); 67(5.39997); 68(4.45158); 69(0.92723); 70(3.90949); 71(3.98663); 72(0.70015); 73(6.02424); 74(7.73914); 75(7.87529); 76(5.647); 77(4.5602); 78(7.01963); 79(5.16982); 80(0.55858); 81(2.03401); 82(8.85095); 83(8.81401); 84(6.24815); 85(7.47116); 86(7.75502); 87(8.56883); 88(6.80199); 89(6.51896); 90(6.98061); 91(4.88514); 92(7.98352); 93(3.45739); 94(0.34869); 95(1.88543); 96(1.30958); 97(4.25907); 98(2.40531); 99(3.25353); 100(6.51401); 101(6.82742); 102(7.29463); 103(0.86343); 104(0.07547); 105(6.77288); 106(5.28958); 107(3.45966); 108(1.8105); 109(0.73474); 110(5.1188); 111(6.3267); 112(1.03824); 113(2.29581); 114(0.44697); 115(4.9666); 116(7.23029); 117(1.96299); 118(5.80763); 119(2.04584); 120(6.4021); 121(7.55515); 122(4.99912); 123(8.7785); 124(1.46636); 125(1.08504); 126(0.03493); 127(0.70203); 128(7.72704); 129(5.45241); 130(0.49265); 131(5.30072); 132(3.0676); 133(1.32957); 134(2.84826); 135(2.98099); 136(1.085); 137(4.32439); 138(8.87695); 139(6.86798); 140(2.24945); 141(7.66536); 142(5.70882); 143(0.0507); 144(7.59402); 145(7.51016); 146(4.32938); 147(4.03559); 148(8.97188); 149(8.49195); 150(2.75908); 151(4.43344); 152(8.52703); 153(5.45125); 154(6.68419); 155(8.48176); 156(2.55729); 157(2.93062); 158(5.96635); 159(7.93753); 160(5.13121); 161(2.61083); 162(5.04633); 163(1.47504); 164(8.63578); 166(5.27148); 167(4.24237); 168(4.01166); 169(1.77479); 170(2.19794); 171(4.55933); 172(3.97988); 173(6.81555); 174(5.75582); 175(8.76669); 176(0.73593); 177(2.31316); 178(2.70328); 179(5.2486); 180(6.64135); 181(0.87113); 182(1.4532); 183(1.49896); 184(6.44351); 185(6.42408); 186(4.2228); 187(6.44201); 188(6.54883); 189(2.99154); 190(3.60374); 191(8.12563); 192(8.90974); 193(1.37552); 194(4.04565); 195(1.86321); 196(1.8857); 197(2.4933); 198(6.17649); 199(7.25213); 200(4.69073); 201(2.29252); 202(4.69331); 203(0.95387); 204(6.75698); 205(7.49308); 206(3.09526); 207(7.80415); 208(6.78321); 209(2.42665); 210(0.72363); 211(4.67167); 212(0.52842); 213(1.16249); 214(8.13059); 215(2.53945); 216(4.80095); 217(0.36436); 218(2.40627); 219(0.57441); 220(0.90302); 221(6.44517); 222(4.04221); 223(6.65568); 224(8.37659); 225(4.51974); 226(0.21976); 227(7.8399); 228(8.40739); 229(5.60239); 230(0.9693); 231(8.77437); 232(4.1712); 233(4.0659); 234(2.30285); 235(1.95025); 236(3.92191); 237(2.11484); 238(2.51602); 239(6.19852); 240(4.93422); 241(8.21181); 242(0.96758); 243(1.04654); 244(6.81937); 245(0.16874); 246(4.2231); 247(8.53653); 248(1.90016); 249(1.52961); 250(7.41466); 251(7.37984); 252(2.83728); 253(6.28772); 254(7.07495); 255(6.16275); 256(5.72105); 257(8.02651); 258(5.91003); 259(6.12354); 260(3.43927); 261(5.05684); 262(5.52375); 263(3.68109); 264(6.30837); 265(6.29709); 266(0.92522); 267(2.87444); 268(4.30625); 269(2.04378); 270(2.23452); 271(8.1994); 272(0.21828); 273(6.98797); 274(6.03545); 275(0.51868); 276(5.7034); 277(7.24789); 278(2.74335); 279(6.3705); 280(4.72796); 281(8.71175); 282(4.82506); 283(7.57217); 284(7.94478); 285(3.57141); 286(1.13074); 287(0.42307); 288(2.29993); 289(8.66013); 290(7.97274); 291(7.31395); 292(3.65537); 293(2.93582); 294(6.32327); 295(2.4617); 296(2.31711); 297(5.00076); 298(1.36555); 299(7.55883),1355.31899,1355.31899,4.532839431438127,2.6363435369889525,8.97188,0.02989,0.42329702559570176,1
166,0(3.45303); 1(3.06075); 2(4.41023); 3(2.46038); 4(1.03231); 5(6.5414); 6(5.24648); 7(4.64237); 8(1.18821); 9(6.70266); 10(2.39025); 11(7.20482); 12(5.67571); 13(6.60788); 14(5.98761); 15(3.35544); 16(3.02483); 17(6.45355); 18(7.31164); 19(1.22496); 20(1.87985); 21(5.1856); 22(0.4369); 23(1.71317); 24(7.89512); 25(5.90858); 26(0.71362); 27(6.15422); 28(8.61221); 29(5.18982); 30(8.61269); 31(4.07507); 32(6.87629); 33(8.84555); 34(0.6337); 35(1.05587); 36(7.89143); 37(0.71696); 38(1.39867); 39(0.068); 40(8.68578); 41(1.139); 42(2.63167); 43(6.17676); 44(6.9078); 45(0.90908); 46(3.03733); 47(7.11147); 48(7.27383); 49(3.80209); 50(1.67319); 51(1.12793); 52(6.22883); 53(0.75209); 54(0.72161); 55(1.14893); 56(8.64488); 57(4.16254); 58(0.35436); 59(0.26995); 60(3.87076); 61(3.70309); 62(0.14883); 63(6.23278); 64(2.53034); 65(8.89057); 66(8.50562); 67(8.88455); 68(0.71962); 69(0.03841); 70(1.26354); 71(0.95719); 72(6.92615); 73(2.51205); 74(1.88184); 75(5.76558); 76(2.60644); 77(6.01777); 78(2.1331); 79(3.57878); 80(0.20708); 81(0.26157); 82(8.1625); 83(3.25874); 84(3.25519); 85(0.63616); 86(2.37044); 87(4.25532); 88(4.57109); 89(7.07042); 90(8.60038); 91(3.2835); 92(3.72199); 93(5.71606); 94(0.05161); 95(2.86171); 96(6.65996); 97(0.47598); 98(4.76211); 99(3.85703); 100(1.66748); 101(0.54053); 102(7.73639); 103(2.37598); 104(3.59684); 105(3.704); 106(7.77999); 107(2.01221); 108(5.30411); 109(2.46572); 110(8.48164); 111(1.25006); 112(4.85385); 113(6.59903); 114(2.72077); 115(7.86665); 116(6.20571); 117(0.20706); 118(4.40488); 119(3.81721); 120(2.44167); 121(3.36405); 122(8.0657); 123(6.48046); 124(8.06861); 125(2.37855); 126(0.25409); 127(2.23028); 128(2.86782); 129(6.54842); 130(8.62029); 131(7.76487); 132(8.9129); 133(7.21879); 134(7.56803); 135(6.37758); 136(3.32279); 137(7.51039); 138(0.67135); 139(4.3241); 140(5.00209); 141(3.01081); 142(1.27627); 143(5.29483); 144(4.46551); 145(8.16615); 146(3.46109); 147(5.02831); 148(5.32782); 149(1.41173); 150(8.16384); 151(5.5481); 152(1.26484); 153(5.16937); 154(2.33907); 155(1.08507); 156(8.68779); 157(5.95446); 158(5.39334); 159(4.54608); 160(3.89514); 161(8.55333); 162(0.87522); 163(0.60432); 164(0.34174); 165(5.27148); 167(5.12953); 168(0.23821); 169(1.40788); 170(4.92082); 171(6.85723); 172(0.14522); 173(5.8686); 174(4.06174); 175(1.54645); 176(8.79367); 177(3.28092); 178(7.66124); 179(6.73712); 180(6.22082); 181(3.91583); 182(8.31288); 183(3.60143); 184(6.91021); 185(7.63226); 186(3.48692); 187(0.35221); 188(2.4848); 189(2.26983); 190(8.76837); 191(5.15439); 192(2.87398); 193(4.1764); 194(7.36628); 195(5.29834); 196(2.0565); 197(5.9071); 198(0.00623); 199(5.86816); 200(4.20278); 201(0.72496); 202(8.50697); 203(3.22182); 204(5.05791); 205(8.69421); 206(0.36386); 207(8.66136); 208(3.99123); 209(3.17817); 210(1.35126); 211(0.3092); 212(3.57835); 213(7.22072); 214(2.14994); 215(8.61592); 216(6.08651); 217(8.75115); 218(5.43393); 219(4.51188); 220(0.98295); 221(7.3076); 222(6.26086); 223(3.57562); 224(0.19829); 225(8.93867); 226(6.97293); 227(4.30423); 228(8.56795); 229(7.84133); 230(4.51254); 231(1.603); 232(6.46223); 233(2.22613); 234(5.21311); 235(3.86915); 236(8.69456); 237(5.46543); 238(5.43173); 239(0.96011); 240(3.89337); 241(7.95419); 242(8.22832); 243(0.28286); 244(5.33052); 245(4.62945); 246(3.42744); 247(1.46365); 248(0.50915); 249(4.55464); 250(1.49131); 251(5.00904); 252(8.3116); 253(6.39184); 254(1.8503); 255(6.52098); 256(2.61926); 257(8.49425); 258(0.41415); 259(5.59955); 260(0.66463); 261(5.10833); 262(1.38651); 263(2.25714); 264(0.77732); 265(7.86904); 266(6.28536); 267(8.99386); 268(8.35941); 269(6.58821); 270(2.8709); 271(1.67863); 272(2.22104); 273(3.92667); 274(5.81361); 275(7.94221); 276(0.09381); 277(6.53273); 278(7.40511); 279(4.9268); 280(7.33462); 281(8.67032); 282(4.49756); 283(2.58645); 284(5.53988); 285(4.07964); 286(1.60287); 287(7.1869); 288(4.44531); 289(2.2158); 290(7.96678); 291(0.35625); 292(1.36517); 293(1.45411); 294(3.59905); 295(2.84646); 296(0.3119); 297(2.3766); 298(1.86962); 299(5.71784),1292.53389,1292.53389,4.322855819397994,2.7154522839265383,8.99386,0.00623,0.4008815450536072,1
167,0(3.18401); 1(2.36842); 2(4.31083); 3(5.26871); 4(7.82063); 5(2.59214); 6(4.72865); 7(1.67002); 8(4.2507); 9(0.89904); 10(4.48125); 11(4.42621); 12(2.49504); 13(2.64569); 14(0.7198); 15(6.84878); 16(3.22201); 17(8.9952); 18(0.94008); 19(7.65711); 20(4.36457); 21(0.45724); 22(7.89006); 23(1.25753); 24(2.50928); 25(6.20846); 26(5.46975); 27(1.89074); 28(8.82815); 29(2.1564); 30(3.91769); 31(3.64266); 32(1.59108); 33(8.2628); 34(0.05713); 35(0.4295); 36(3.60158); 37(6.57409); 38(1.352); 39(6.09916); 40(5.40493); 41(8.17171); 42(5.87522); 43(8.82158); 44(0.89172); 45(8.01331); 46(4.33122); 47(2.89014); 48(0.24568); 49(5.3153); 50(1.03456); 51(2.12399); 52(6.59873); 53(8.21814); 54(0.63159); 55(3.74259); 56(6.50257); 57(1.45922); 58(1.58523); 59(7.97721); 60(6.19674); 61(1.15213); 62(0.20291); 63(8.76438); 64(0.0119); 65(4.26274); 66(3.24824); 67(8.64188); 68(0.97109); 69(2.20118); 70(8.02921); 71(8.32823); 72(7.79338); 73(1.78593); 74(4.80236); 75(3.8782); 76(1.74318); 77(3.60492); 78(0.16572); 79(2.54338); 80(1.08907); 81(2.52583); 82(6.79115); 83(2.59561); 84(2.79954); 85(0.3919); 86(8.61357); 87(6.43513); 88(2.15227); 89(8.11665); 90(3.82261); 91(8.80235); 92(6.30791); 93(3.64755); 94(4.57034); 95(7.67167); 96(0.81521); 97(3.77961); 98(7.9167); 99(3.44434); 100(5.72012); 101(7.81407); 102(4.11448); 103(4.15105); 104(5.31268); 105(6.99207); 106(1.6936); 107(3.90735); 108(4.87706); 109(2.44692); 110(6.39993); 111(5.58857); 112(5.81301); 113(3.30186); 114(3.15246); 115(1.4331); 116(2.52664); 117(1.43183); 118(2.22491); 119(2.25034); 120(1.09589); 121(4.24574); 122(1.5706); 123(2.3061); 124(4.53515); 125(7.18858); 126(4.41721); 127(8.70853); 128(8.05919); 129(8.8655); 130(3.18024); 131(3.15601); 132(3.00326); 133(8.87668); 134(4.41122); 135(5.08575); 136(3.59392); 137(8.45138); 138(4.12473); 139(3.71231); 140(5.72612); 141(0.7889); 142(6.82774); 143(5.38761); 144(0.37727); 145(7.5717); 146(7.38265); 147(1.12521); 148(4.7502); 149(6.94116); 150(7.56738); 151(5.61551); 152(2.18543); 153(2.09488); 154(4.79024); 155(2.11945); 156(7.25473); 157(1.96539); 158(5.25696); 159(1.66779); 160(0.22188); 161(3.46317); 162(4.84725); 163(7.66981); 164(8.18688); 165(4.24237); 166(5.12953); 168(1.6375); 169(0.26149); 170(3.04819); 171(0.99558); 172(5.09201); 173(1.62671); 174(7.88516); 175(6.62512); 176(0.51658); 177(0.83025); 178(7.48734); 179(1.87464); 180(3.48712); 181(1.80415); 182(6.01385); 183(1.52239); 184(5.30069); 185(8.33239); 186(3.15997); 187(3.43757); 188(4.72976); 189(7.30894); 190(4.36867); 191(0.06491); 192(2.29118); 193(6.17275); 194(1.72596); 195(8.05106); 196(7.9491); 197(7.14954); 198(8.22046); 199(0.41828); 200(8.19014); 201(0.89897); 202(8.61134); 203(3.5588); 204(0.44358); 205(0.1283); 206(1.63186); 207(0.2556); 208(8.00135); 209(1.9398); 210(6.92458); 211(0.32199); 212(8.53107); 213(3.64248); 214(6.2747); 215(4.29877); 216(1.63723); 217(5.21248); 218(5.08438); 219(2.28568); 220(8.21591); 221(2.99718); 222(4.36203); 223(5.53068); 224(8.43592); 225(3.45557); 226(6.50649); 227(1.3143); 228(6.86823); 229(1.9286); 230(5.73255); 231(3.53004); 232(8.11468); 233(2.50749); 234(6.83026); 235(6.52496); 236(2.02894); 237(8.89245); 238(2.03313); 239(6.79617); 240(5.32572); 241(4.08416); 242(8.19416); 243(3.46821); 244(4.6673); 245(7.76917); 246(6.133); 247(3.42903); 248(7.57076); 249(1.44901); 250(4.70103); 251(0.83199); 252(4.43159); 253(5.29365); 254(5.75757); 255(3.18501); 256(3.0132); 257(7.3107); 258(2.52159); 259(4.16463); 260(0.5594); 261(4.94924); 262(6.38489); 263(2.19023); 264(4.93579); 265(0.88475); 266(3.13842); 267(4.06048); 268(0.87284); 269(5.67931); 270(8.2072); 271(1.40994); 272(2.59414); 273(8.61464); 274(5.84678); 275(0.50452); 276(3.39175); 277(5.66583); 278(3.48446); 279(3.44404); 280(6.57459); 281(8.69947); 282(6.85387); 283(3.24083); 284(5.06248); 285(5.68783); 286(2.32577); 287(7.7654); 288(6.93928); 289(2.49175); 290(2.72528); 291(5.53184); 292(3.34351); 293(4.55109); 294(2.79555); 295(0.42731); 296(1.93862); 297(6.70758); 298(4.54303); 299(8.74765),1294.37364,1294.37364,4.329008829431438,2.5829053018701758,8.9952,0.0119,0.4100463651820252,1
168,0(3.64446); 1(5.8056); 2(2.73935); 3(4.91273); 4(3.30295); 5(6.81117); 6(4.43206); 7(0.47386); 8(2.94956); 9(4.31062); 10(7.99397); 11(5.4033); 12(3.74508); 13(6.03475); 14(2.80308); 15(5.22552); 16(8.29187); 17(4.68235); 18(6.74674); 19(5.27815); 20(0.08676); 21(0.4387); 22(1.05295); 23(8.18644); 24(5.6777); 25(6.68698); 26(6.71182); 27(6.87216); 28(7.41366); 29(7.61289); 30(3.9813); 31(8.82903); 32(0.46705); 33(3.20921); 34(4.34184); 35(8.80875); 36(7.48972); 37(4.49141); 38(6.6974); 39(4.17312); 40(5.54481); 41(7.46763); 42(0.25499); 43(6.04001); 44(8.85172); 45(7.44675); 46(8.64925); 47(1.08262); 48(5.53254); 49(6.57444); 50(1.64921); 51(7.3964); 52(1.16903); 53(4.29493); 54(5.91408); 55(1.82825); 56(8.07355); 57(3.12027); 58(5.30097); 59(1.00155); 60(3.20336); 61(8.36627); 62(1.08436); 63(1.0207); 64(2.79471); 65(3.61757); 66(6.38899); 67(4.26009); 68(5.95101); 69(0.45841); 70(8.76744); 71(0.08363); 72(3.56478); 73(0.24638); 74(7.4694); 75(8.04048); 76(2.17708); 77(8.95687); 78(6.9903); 79(6.36029); 80(2.22605); 81(4.78733); 82(6.38883); 83(6.60215); 84(8.22919); 85(5.6767); 86(5.26129); 87(2.85948); 88(8.17826); 89(3.46637); 90(0.10064); 91(8.24435); 92(6.91445); 93(3.21582); 94(8.10539); 95(8.82998); 96(4.94985); 97(8.05828); 98(3.99888); 99(1.58668); 100(8.39746); 101(4.26438); 102(3.35284); 103(5.02815); 104(2.15353); 105(2.09302); 106(4.21415); 107(6.23825); 108(4.23344); 109(5.00283); 110(6.93222); 111(2.35487); 112(0.88039); 113(0.56949); 114(3.77972); 115(3.58398); 116(3.22199); 117(2.92473); 118(5.68139); 119(6.58851); 120(3.54252); 121(5.48569); 122(4.37217); 123(3.76297); 124(0.87766); 125(4.2606); 126(2.857); 127(0.70595); 128(4.26237); 129(1.80793); 130(7.00732); 131(0.15263); 132(5.85246); 133(5.03328); 134(0.31355); 135(7.96792); 136(7.25215); 137(3.13264); 138(4.20283); 139(4.39824); 140(1.25835); 141(3.72891); 142(8.78597); 143(0.63473); 144(3.04612); 145(7.12691); 146(0.32438); 147(6.49301); 148(6.97288); 149(3.95277); 150(3.82574); 151(2.02335); 152(6.00059); 153(4.36753); 154(7.06975); 155(8.53306); 156(7.50988); 157(3.14016); 158(5.2841); 159(2.13628); 160(6.01261); 161(0.50639); 162(8.43986); 163(5.39109); 164(4.87577); 165(4.01166); 166(0.23821); 167(1.6375); 169(2.89175); 170(7.1761); 171(3.83617); 172(2.65219); 173(2.87288); 174(0.86314); 175(4.32401); 176(1.98783); 177(2.42787); 178(2.32306); 179(7.51618); 180(6.99185); 181(4.43485); 182(4.91182); 183(2.84493); 184(1.40324); 185(0.70211); 186(1.22384); 187(0.45045); 188(5.03802); 189(0.41312); 190(7.40923); 191(0.66617); 192(6.55946); 193(8.86057); 194(6.69475); 195(2.76391); 196(4.55519); 197(0.90592); 198(6.9922); 199(5.90064); 200(5.56644); 201(6.52533); 202(2.50982); 203(8.88404); 204(5.84029); 205(4.20195); 206(6.62966); 207(7.72344); 208(3.475); 209(8.12319); 210(6.76423); 211(3.38435); 212(0.33316); 213(0.32496); 214(5.25674); 215(3.46016); 216(4.4606); 217(3.31512); 218(3.97204); 219(1.96336); 220(4.5635); 221(8.95644); 222(1.3639); 223(2.15874); 224(3.57687); 225(8.98703); 226(6.49818); 227(2.08375); 228(1.07359); 229(2.20151); 230(7.802); 231(7.63589); 232(5.67548); 233(4.92962); 234(1.35833); 235(6.48621); 236(3.84832); 237(1.51495); 238(6.38563); 239(2.06715); 240(7.45547); 241(6.17116); 242(5.52453); 243(5.0164); 244(8.61051); 245(6.50018); 246(3.87915); 247(7.23806); 248(2.82275); 249(8.28886); 250(6.00238); 251(4.96562); 252(6.22811); 253(3.85666); 254(2.05937); 255(4.3117); 256(4.38943); 257(7.56337); 258(6.5997); 259(4.57827); 260(6.03081); 261(5.66295); 262(3.39514); 263(2.68474); 264(4.92849); 265(3.91816); 266(3.69629); 267(0.91275); 268(1.45119); 269(2.8398); 270(1.39833); 271(2.4999); 272(2.78581); 273(2.62071); 274(1.1144); 275(8.03954); 276(6.93041); 277(1.90347); 278(7.47477); 279(7.64005); 280(6.65814); 281(2.30469); 282(5.06904); 283(5.32908); 284(6.57442); 285(3.03313); 286(2.67915); 287(8.10275); 288(1.06939); 289(5.27825); 290(0.49388); 291(2.86243); 292(3.13846); 293(8.88212); 294(7.89364); 295(8.95976); 296(6.47853); 297(5.92453); 298(4.8655); 299(4.66195),1366.28458,1366.28458,4.56951364548495,2.495944168321683,8.98703,0.08363,0.43175664159146926,1
169,0(4.44282); 1(2.64242); 2(1.28184); 3(2.65621); 4(0.58086); 5(8.34446); 6(8.41273); 7(7.48037); 8(5.12401); 9(3.85175); 10(6.68766); 11(7.20306); 12(2.3885); 13(3.46941); 14(0.86868); 15(3.61177); 16(1.14852); 17(6.04758); 18(1.77242); 19(6.50529); 20(1.42153); 21(2.24839); 22(8.34697); 23(8.42679); 24(1.63125); 25(5.99782); 26(0.95928); 27(2.29404); 28(8.82216); 29(3.20412); 30(5.05079); 31(8.57327); 32(2.67091); 33(7.62725); 34(6.91433); 35(8.06838); 36(1.92639); 37(6.36017); 38(3.85418); 39(4.04229); 40(6.6541); 41(0.01113); 42(1.0568); 43(0.99358); 44(2.76062); 45(1.08968); 46(3.37212); 47(0.98008); 48(0.8127); 49(4.17304); 50(0.42562); 51(0.00416); 52(0.17252); 53(6.40769); 54(7.88978); 55(8.1532); 56(8.45612); 57(3.99902); 58(4.33983); 59(5.21306); 60(7.54647); 61(4.27872); 62(5.26151); 63(2.64892); 64(2.19171); 65(2.02692); 66(3.5403); 67(2.06106); 68(8.85127); 69(0.30068); 70(7.29749); 71(1.51652); 72(6.37193); 73(6.94801); 74(4.77312); 75(2.98479); 76(5.70548); 77(1.93179); 78(5.20665); 79(2.71787); 80(2.29783); 81(2.05679); 82(2.13742); 83(1.12413); 84(3.90612); 85(5.44762); 86(8.17452); 87(1.96677); 88(0.35843); 89(2.08615); 90(6.60214); 91(2.9159); 92(4.07213); 93(7.23234); 94(0.11652); 95(0.87083); 96(4.42406); 97(1.97925); 98(1.30846); 99(1.39608); 100(3.96493); 101(7.42573); 102(8.91181); 103(5.6891); 104(7.23374); 105(8.92438); 106(0.6717); 107(4.85649); 108(6.29236); 109(4.39265); 110(1.87352); 111(7.77379); 112(4.73097); 113(4.32302); 114(6.70493); 115(4.09908); 116(3.6774); 117(1.75988); 118(0.18682); 119(3.34785); 120(2.00257); 121(7.12835); 122(5.64496); 123(8.5267); 124(2.33965); 125(6.27964); 126(2.47625); 127(4.44986); 128(1.68843); 129(4.78019); 130(7.6825); 131(4.88447); 132(0.04772); 133(5.12887); 134(2.59619); 135(3.73316); 136(6.51994); 137(4.73747); 138(5.11822); 139(2.30309); 140(1.44492); 141(4.45165); 142(3.59421); 143(4.36659); 144(4.46331); 145(5.51313); 146(3.26396); 147(0.16045); 148(4.83188); 149(0.79188); 150(2.51838); 151(6.53281); 152(0.99206); 153(1.70887); 154(3.27842); 155(2.78337); 156(1.70449); 157(0.50998); 158(5.9333); 159(2.4618); 160(2.62759); 161(4.31613); 162(3.33802); 163(4.42121); 164(1.15005); 165(1.77479); 166(1.40788); 167(0.26149); 168(2.89175); 170(4.49476); 171(1.96377); 172(0.37093); 173(3.33374); 174(7.14797); 175(0.58531); 176(2.50829); 177(0.73031); 178(4.12527); 179(2.79382); 180(1.54684); 181(2.04912); 182(2.71475); 183(4.47359); 184(7.13974); 185(4.26565); 186(6.56578); 187(7.06151); 188(0.1133); 189(2.73791); 190(7.28129); 191(3.44453); 192(2.03542); 193(2.52967); 194(5.70407); 195(8.68227); 196(8.85811); 197(4.01637); 198(4.7703); 199(6.43606); 200(0.38603); 201(0.38169); 202(2.83999); 203(5.53921); 204(2.69066); 205(2.09598); 206(0.09005); 207(2.01835); 208(8.65067); 209(4.56436); 210(0.6975); 211(3.16005); 212(4.23361); 213(3.33678); 214(7.42115); 215(0.05115); 216(0.98205); 217(3.71861); 218(3.86762); 219(5.58062); 220(3.59846); 221(2.71086); 222(5.90247); 223(3.4086); 224(7.76636); 225(2.13573); 226(7.7037); 227(4.25005); 228(1.1035); 229(3.74247); 230(5.11455); 231(3.24888); 232(1.50486); 233(3.2188); 234(6.55884); 235(1.44726); 236(6.93926); 237(3.65143); 238(7.2237); 239(1.52128); 240(7.81328); 241(1.81159); 242(7.94625); 243(5.77436); 244(2.14756); 245(3.87041); 246(7.37335); 247(1.57876); 248(4.53094); 249(7.82636); 250(3.69714); 251(8.60495); 252(5.55953); 253(6.91753); 254(5.53234); 255(7.86184); 256(3.80869); 257(0.09373); 258(7.45471); 259(4.21059); 260(8.54179); 261(5.55551); 262(8.28579); 263(6.56276); 264(7.92863); 265(7.44334); 266(1.2021); 267(7.94497); 268(6.7644); 269(2.11945); 270(5.25927); 271(5.58826); 272(5.11331); 273(7.38136); 274(7.97647); 275(5.23826); 276(4.63683); 277(5.0956); 278(0.37941); 279(8.92133); 280(0.22376); 281(2.07618); 282(1.58007); 283(3.71416); 284(8.44625); 285(0.63883); 286(6.52155); 287(2.25225); 288(4.98779); 289(5.62108); 290(7.57684); 291(2.04212); 292(4.77118); 293(7.98568); 294(1.34752); 295(4.25566); 296(5.73337); 297(0.49611); 298(8.62756); 299(4.49516),1234.24648,1234.24648,4.127914648829431,2.538667514345555,8.92438,0.00416,0.39346568162810386,1
170,0(4.68991); 1(6.87329); 2(0.74173); 3(5.36322); 4(2.50447); 5(7.79579); 6(0.32429); 7(5.51868); 8(1.7384); 9(0.48949); 10(6.31447); 11(8.12487); 12(0.88029); 13(2.08115); 14(0.01274); 15(6.96658); 16(6.89223); 17(5.72646); 18(6.2729); 19(0.50952); 20(2.28919); 21(4.7115); 22(4.43949); 23(6.83277); 24(6.07651); 25(2.52083); 26(2.44811); 27(5.18535); 28(5.37932); 29(3.07607); 30(2.54284); 31(1.4326); 32(5.12914); 33(4.33454); 34(5.38377); 35(7.14311); 36(1.31107); 37(2.17208); 38(8.08473); 39(0.3879); 40(0.25111); 41(1.89016); 42(7.07544); 43(3.60955); 44(6.63724); 45(4.94885); 46(8.19026); 47(8.4304); 48(0.91013); 49(4.35918); 50(2.74598); 51(0.55081); 52(0.20553); 53(2.81043); 54(5.66653); 55(2.32008); 56(0.51136); 57(1.79229); 58(4.66993); 59(6.33177); 60(0.55467); 61(6.35769); 62(1.15564); 63(4.36387); 64(4.03574); 65(0.47497); 66(6.98552); 67(4.94691); 68(5.39131); 69(1.76325); 70(1.72933); 71(7.76281); 72(7.27256); 73(4.09094); 74(3.64178); 75(1.21521); 76(5.32805); 77(5.72223); 78(2.43275); 79(7.30259); 80(8.27139); 81(2.28035); 82(6.61854); 83(0.88616); 84(4.13743); 85(7.30123); 86(0.53164); 87(4.82233); 88(7.60935); 89(3.11419); 90(1.05021); 91(1.2627); 92(4.16191); 93(3.28153); 94(4.33744); 95(7.52755); 96(4.59738); 97(5.44889); 98(0.78656); 99(3.64965); 100(3.47878); 101(6.68793); 102(3.89556); 103(2.12989); 104(7.59174); 105(5.40558); 106(2.50151); 107(7.65125); 108(6.32987); 109(8.99624); 110(2.33978); 111(4.77039); 112(3.21899); 113(4.53657); 114(2.17615); 115(0.51714); 116(2.59619); 117(5.89822); 118(5.03269); 119(2.50212); 120(6.68255); 121(8.60106); 122(0.28637); 123(1.44834); 124(8.66266); 125(6.21054); 126(3.93779); 127(3.30665); 128(5.57906); 129(6.22407); 130(1.45029); 131(8.39494); 132(1.77713); 133(6.93869); 134(6.89938); 135(1.51418); 136(4.43125); 137(3.70137); 138(8.81432); 139(4.26665); 140(3.74039); 141(1.14645); 142(3.07138); 143(0.92791); 144(8.62263); 145(5.46373); 146(8.01942); 147(8.75719); 148(5.69129); 149(2.27173); 150(6.11122); 151(8.21552); 152(4.53103); 153(0.12716); 154(7.5746); 155(6.08568); 156(7.25647); 157(1.87675); 158(6.30308); 159(1.22634); 160(4.54814); 161(2.3028); 162(1.00678); 163(8.57603); 164(4.65605); 165(2.19794); 166(4.92082); 167(3.04819); 168(7.1761); 169(4.49476); 171(1.95228); 172(0.83753); 173(5.15592); 174(0.53944); 175(8.0695); 176(2.05233); 177(3.50323); 178(4.31049); 179(2.96801); 180(8.92082); 181(1.10751); 182(1.691); 183(1.60778); 184(7.64864); 185(4.54183); 186(3.61999); 187(2.79251); 188(8.43168); 189(8.98668); 190(5.47208); 191(6.2102); 192(0.85246); 193(3.53668); 194(5.71814); 195(1.58247); 196(3.52656); 197(0.46843); 198(5.69925); 199(1.68976); 200(7.06687); 201(2.44665); 202(8.13916); 203(0.184); 204(1.80437); 205(3.20518); 206(3.43714); 207(8.61924); 208(6.69753); 209(0.61145); 210(0.09154); 211(7.55975); 212(5.69648); 213(2.99123); 214(0.55008); 215(4.27094); 216(5.3749); 217(8.76126); 218(4.61559); 219(8.03348); 220(6.83105); 221(1.33573); 222(8.32669); 223(6.04537); 224(5.54353); 225(0.13477); 226(4.56958); 227(3.76915); 228(5.0218); 229(1.31222); 230(7.33384); 231(2.88097); 232(7.31929); 233(2.15103); 234(2.43304); 235(2.2364); 236(0.96487); 237(6.44214); 238(7.98787); 239(2.75381); 240(4.56649); 241(8.42639); 242(3.96351); 243(3.33817); 244(5.07878); 245(0.02373); 246(5.31569); 247(6.40077); 248(8.8031); 249(5.71529); 250(4.10623); 251(5.25402); 252(8.68818); 253(6.25605); 254(0.55857); 255(2.50014); 256(2.87192); 257(3.36236); 258(3.69923); 259(2.22696); 260(5.87557); 261(8.75601); 262(7.8358); 263(2.18346); 264(2.44317); 265(6.5963); 266(7.5822); 267(2.5312); 268(7.71133); 269(6.73022); 270(5.16804); 271(3.83197); 272(7.71574); 273(1.61974); 274(8.12756); 275(5.63811); 276(0.83258); 277(1.75157); 278(4.6554); 279(7.32102); 280(4.90917); 281(4.44322); 282(3.65479); 283(0.74205); 284(3.44639); 285(5.20074); 286(1.55592); 287(4.37492); 288(2.66188); 289(6.24255); 290(5.29441); 291(2.86122); 292(0.20168); 293(4.81658); 294(2.15433); 295(1.01208); 296(8.52881); 297(2.80721); 298(6.41943); 299(2.941),1285.51828,1285.51828,4.299392240802675,2.542278680999826,8.99624,0.01274,0.4081263710233769,1
171,0(5.32302); 1(5.45748); 2(6.29894); 3(6.73196); 4(3.12469); 5(6.52136); 6(0.78744); 7(2.78868); 8(8.44395); 9(1.31279); 10(3.5814); 11(7.12845); 12(0.41631); 13(5.91434); 14(1.46492); 15(1.67236); 16(5.67679); 17(5.6125); 18(1.35624); 19(7.82689); 20(0.87721); 21(8.91504); 22(8.26141); 23(7.57827); 24(7.77565); 25(2.67885); 26(2.83119); 27(6.7516); 28(0.23161); 29(1.93135); 30(4.05797); 31(1.48424); 32(1.33043); 33(8.22979); 34(0.26878); 35(5.32143); 36(8.7133); 37(2.45923); 38(7.33963); 39(7.43795); 40(4.98381); 41(3.17254); 42(2.60225); 43(5.32084); 44(2.63679); 45(7.64754); 46(1.45996); 47(0.5183); 48(6.27021); 49(0.24487); 50(6.19125); 51(4.29685); 52(8.6535); 53(6.79212); 54(1.25911); 55(1.45904); 56(8.80694); 57(1.31189); 58(3.33872); 59(8.60386); 60(6.29093); 61(7.98192); 62(3.67984); 63(2.95548); 64(7.76301); 65(1.85352); 66(7.10123); 67(8.93122); 68(4.59025); 69(5.68355); 70(0.65638); 71(8.84256); 72(4.95269); 73(4.29097); 74(0.6258); 75(4.24096); 76(7.63991); 77(5.12146); 78(5.03718); 79(4.97344); 80(3.74278); 81(5.46588); 82(3.31234); 83(6.22147); 84(0.55166); 85(8.37553); 86(0.21247); 87(8.23949); 88(6.26741); 89(4.46375); 90(5.05271); 91(7.84855); 92(2.9043); 93(6.97703); 94(6.47235); 95(4.72339); 96(7.36187); 97(3.93885); 98(3.94874); 99(4.51557); 100(6.1948); 101(7.49986); 102(3.69716); 103(0.394); 104(8.83107); 105(1.84611); 106(5.88714); 107(1.79835); 108(3.52857); 109(4.0448); 110(5.68865); 111(2.08498); 112(4.23218); 113(6.38447); 114(4.77714); 115(5.80135); 116(6.62499); 117(8.94452); 118(2.8402); 119(8.79509); 120(3.07217); 121(1.37806); 122(1.58902); 123(7.27963); 124(2.62829); 125(7.85529); 126(3.20926); 127(1.91637); 128(5.9845); 129(0.00488); 130(1.65053); 131(4.39213); 132(2.56482); 133(7.37915); 134(5.84291); 135(6.05645); 136(3.68578); 137(2.60474); 138(6.91403); 139(6.27208); 140(6.11001); 141(4.79491); 142(6.32463); 143(6.6113); 144(0.03566); 145(0.48042); 146(5.5507); 147(0.5722); 148(2.17954); 149(4.02996); 150(6.24654); 151(1.38003); 152(2.68536); 153(2.02243); 154(0.11937); 155(4.0737); 156(8.8239); 157(5.21509); 158(5.79801); 159(1.72442); 160(0.40706); 161(0.84361); 162(5.33514); 163(5.09176); 164(2.30121); 165(4.55933); 166(6.85723); 167(0.99558); 168(3.83617); 169(1.96377); 170(1.95228); 172(2.60624); 173(8.78703); 174(1.85357); 175(6.80248); 176(3.21094); 177(6.4583); 178(1.93423); 179(0.63085); 180(8.28787); 181(5.32341); 182(1.21998); 183(7.80005); 184(8.93893); 185(3.26315); 186(5.19427); 187(1.42737); 188(3.51777); 189(3.34105); 190(0.04022); 191(8.15332); 192(2.7413); 193(8.92151); 194(8.56788); 195(2.71256); 196(1.34602); 197(0.17112); 198(7.88933); 199(5.03572); 200(7.22307); 201(7.6332); 202(7.97887); 203(2.95681); 204(7.85778); 205(0.21631); 206(0.82566); 207(6.59392); 208(5.50294); 209(6.47247); 210(7.24127); 211(1.94251); 212(1.3062); 213(6.34343); 214(6.78891); 215(7.88166); 216(1.32963); 217(7.04543); 218(5.9355); 219(3.18199); 220(4.45852); 221(0.06661); 222(8.68279); 223(8.90039); 224(7.54282); 225(2.3302); 226(8.16147); 227(1.18597); 228(5.48881); 229(6.202); 230(0.03709); 231(1.93638); 232(1.22506); 233(1.44704); 234(3.84767); 235(1.74024); 236(5.54289); 237(1.27234); 238(0.26537); 239(5.99814); 240(6.12888); 241(0.07437); 242(4.34907); 243(2.95272); 244(4.07249); 245(7.93801); 246(3.44412); 247(1.45019); 248(5.41663); 249(6.25578); 250(5.18693); 251(5.827); 252(7.14472); 253(4.87831); 254(2.72722); 255(6.81008); 256(0.99841); 257(2.96938); 258(4.56588); 259(8.52162); 260(3.86503); 261(7.99278); 262(5.00927); 263(4.36017); 264(4.64309); 265(2.48734); 266(3.05923); 267(2.92142); 268(1.51534); 269(4.14944); 270(7.91604); 271(8.89269); 272(8.56428); 273(3.16581); 274(4.31048); 275(1.0421); 276(0.85063); 277(7.01444); 278(0.64892); 279(3.45838); 280(0.34091); 281(5.3242); 282(4.97319); 283(5.90068); 284(5.55845); 285(8.02445); 286(4.0045); 287(7.23508); 288(5.08361); 289(8.47518); 290(6.19484); 291(8.74472); 292(8.79309); 293(2.11318); 294(7.22225); 295(5.14885); 296(5.1687); 297(1.10954); 298(4.46829); 299(1.27167),1349.89101,1349.89101,4.514685652173913,2.642125489086915,8.94452,0.00488,0.4193194261404597,1
172,0(4.55701); 1(8.25503); 2(5.87547); 3(7.46004); 4(3.51799); 5(8.19741); 6(8.84487); 7(0.16888); 8(7.45377); 9(7.50043); 10(3.49187); 11(4.11541); 12(2.79463); 13(7.55382); 14(0.12373); 15(0.75098); 16(0.12931); 17(4.01556); 18(8.44202); 19(5.59225); 20(7.39075); 21(2.86639); 22(5.50686); 23(8.82799); 24(0.23705); 25(3.55888); 26(6.75991); 27(6.25473); 28(2.65078); 29(8.98964); 30(0.52714); 31(8.41196); 32(2.82501); 33(3.87812); 34(7.71785); 35(7.77223); 36(7.9711); 37(2.93423); 38(3.52368); 39(4.048); 40(2.484); 41(2.90924); 42(0.74271); 43(2.40036); 44(6.0971); 45(6.01118); 46(7.78911); 47(2.20708); 48(4.88916); 49(7.89034); 50(0.53372); 51(8.64052); 52(5.43931); 53(8.7075); 54(4.01291); 55(5.2931); 56(1.65514); 57(2.01141); 58(0.01431); 59(6.27751); 60(1.74601); 61(7.53294); 62(2.7479); 63(8.80899); 64(3.07876); 65(4.63239); 66(6.41717); 67(0.5208); 68(7.52916); 69(4.25906); 70(5.01399); 71(2.49311); 72(4.67779); 73(7.87415); 74(3.13615); 75(1.42685); 76(2.40384); 77(5.53925); 78(1.06558); 79(5.93443); 80(1.43618); 81(0.70107); 82(8.38602); 83(8.41907); 84(7.81815); 85(2.03204); 86(8.46115); 87(4.69749); 88(5.58284); 89(2.78323); 90(3.1376); 91(0.79255); 92(5.34315); 93(4.88001); 94(0.90104); 95(0.22263); 96(0.23089); 97(2.54675); 98(5.82344); 99(4.95239); 100(6.77164); 101(3.77554); 102(6.40216); 103(6.74277); 104(5.83069); 105(5.92796); 106(2.92632); 107(5.5622); 108(3.67655); 109(3.59785); 110(0.04063); 111(2.42239); 112(3.58175); 113(6.55337); 114(8.74551); 115(7.31974); 116(7.907); 117(2.49301); 118(5.62736); 119(5.52934); 120(6.15457); 121(3.44443); 122(0.19985); 123(2.19144); 124(0.60983); 125(5.31307); 126(2.58955); 127(7.40741); 128(5.0058); 129(0.0349); 130(0.61784); 131(7.94426); 132(0.79201); 133(8.09916); 134(5.35595); 135(0.01897); 136(7.26214); 137(0.64164); 138(6.23902); 139(0.68068); 140(4.68231); 141(4.71786); 142(3.84583); 143(6.38092); 144(0.67134); 145(5.65071); 146(0.29185); 147(7.48163); 148(3.6967); 149(2.66062); 150(1.68849); 151(8.08996); 152(3.84814); 153(1.67765); 154(5.01773); 155(4.44235); 156(1.52386); 157(0.46539); 158(8.6148); 159(4.16445); 160(6.43884); 161(7.90174); 162(3.96567); 163(1.7949); 164(8.14635); 165(3.97988); 166(0.14522); 167(5.09201); 168(2.65219); 169(0.37093); 170(0.83753); 171(2.60624); 173(5.90268); 174(8.75483); 175(5.2449); 176(1.77273); 177(6.09652); 178(2.21956); 179(5.19028); 180(0.47343); 181(8.2664); 182(8.90018); 183(7.05645); 184(6.67247); 185(7.62098); 186(5.68665); 187(0.72473); 188(7.19489); 189(8.10072); 190(4.48329); 191(1.22001); 192(2.92503); 193(0.56855); 194(7.73506); 195(6.13828); 196(5.37586); 197(0.20462); 198(6.03331); 199(5.27821); 200(0.36088); 201(0.46797); 202(6.87337); 203(7.53388); 204(1.9937); 205(7.31799); 206(4.95889); 207(7.85326); 208(3.51857); 209(3.32055); 210(5.15554); 211(7.95182); 212(0.29229); 213(3.89786); 214(7.70627); 215(1.63671); 216(6.63391); 217(8.13098); 218(5.95672); 219(4.2445); 220(1.81701); 221(0.95351); 222(3.56529); 223(1.25242); 224(2.84245); 225(6.60284); 226(2.08356); 227(6.7143); 228(4.14257); 229(2.5758); 230(5.23687); 231(0.44206); 232(2.75674); 233(0.77256); 234(0.81981); 235(6.20205); 236(2.98701); 237(6.50812); 238(0.56048); 239(1.30439); 240(7.15965); 241(5.1768); 242(1.0749); 243(2.1028); 244(6.81616); 245(3.09972); 246(1.39404); 247(6.08061); 248(5.34924); 249(6.04665); 250(8.05674); 251(2.27233); 252(7.75504); 253(6.10573); 254(2.82259); 255(8.50905); 256(1.84129); 257(6.07959); 258(8.24253); 259(6.28297); 260(6.1162); 261(3.80662); 262(2.38037); 263(3.36375); 264(8.03717); 265(3.41368); 266(5.49408); 267(0.15225); 268(0.01577); 269(0.35034); 270(8.04061); 271(8.13086); 272(2.09746); 273(6.39525); 274(1.1919); 275(3.1023); 276(8.55357); 277(6.81714); 278(3.02463); 279(7.25128); 280(4.29449); 281(2.08172); 282(0.1654); 283(3.20204); 284(3.43705); 285(6.90313); 286(8.12526); 287(6.22708); 288(3.92331); 289(2.55825); 290(6.40621); 291(6.72274); 292(5.02589); 293(1.77729); 294(7.59864); 295(3.28512); 296(4.85414); 297(8.27962); 298(4.49027); 299(1.6025),1321.81482,1321.81482,4.420785351170569,2.6696109539291655,8.98964,0.01431,0.40833661841253643,1
173,0(3.54185); 1(3.49465); 2(6.34618); 3(5.18702); 4(2.02387); 5(6.13019); 6(3.20792); 7(5.51505); 8(7.85272); 9(4.26274); 10(3.30737); 11(7.5477); 12(4.86757); 13(4.1617); 14(0.12442); 15(8.16189); 16(2.76194); 17(4.93977); 18(6.57979); 19(1.05016); 20(3.28558); 21(5.41929); 22(2.68722); 23(5.78506); 24(7.18872); 25(5.00209); 26(5.74895); 27(8.5577); 28(8.90629); 29(0.02642); 30(1.05605); 31(4.48371); 32(3.12712); 33(8.52992); 34(8.45935); 35(1.43282); 36(7.73528); 37(1.17726); 38(5.17685); 39(8.01896); 40(7.30024); 41(0.40773); 42(2.36191); 43(3.88489); 44(1.68992); 45(5.80797); 46(7.89032); 47(7.39835); 48(6.40083); 49(0.16739); 50(7.54877); 51(8.23097); 52(8.19831); 53(4.44464); 54(8.69713); 55(3.14556); 56(0.31507); 57(0.63465); 58(5.41255); 59(3.08444); 60(1.06092); 61(3.25668); 62(0.99921); 63(7.11786); 64(5.01716); 65(8.69024); 66(3.1931); 67(5.44175); 68(1.62242); 69(4.81357); 70(2.69121); 71(5.06188); 72(8.0311); 73(2.4158); 74(8.30216); 75(2.60084); 76(5.03356); 77(1.53906); 78(7.69159); 79(0.34365); 80(7.89308); 81(4.41072); 82(2.43279); 83(0.52483); 84(3.86028); 85(8.60206); 86(6.12402); 87(3.82154); 88(4.14526); 89(1.93121); 90(1.198); 91(4.85919); 92(6.79053); 93(7.23981); 94(2.02638); 95(5.92404); 96(2.39345); 97(8.55002); 98(4.76613); 99(0.16255); 100(6.38113); 101(1.56056); 102(1.17052); 103(7.51291); 104(4.74939); 105(8.80025); 106(3.60753); 107(4.06071); 108(7.63173); 109(4.83763); 110(0.71496); 111(1.25276); 112(2.72752); 113(7.89975); 114(8.76736); 115(5.38837); 116(4.56265); 117(6.74138); 118(2.89427); 119(7.10037); 120(0.78314); 121(7.06176); 122(0.92793); 123(4.61635); 124(0.66708); 125(2.83555); 126(2.40164); 127(7.01023); 128(8.44364); 129(7.47997); 130(7.63289); 131(3.93377); 132(5.91505); 133(6.52698); 134(2.47466); 135(2.56677); 136(6.89398); 137(7.3859); 138(2.40983); 139(3.91587); 140(4.18125); 141(6.72041); 142(5.51268); 143(2.79818); 144(1.60162); 145(8.36657); 146(5.92287); 147(4.14243); 148(0.33812); 149(8.08345); 150(2.93134); 151(1.80342); 152(0.94853); 153(8.96251); 154(0.28113); 155(5.74191); 156(3.18943); 157(6.44156); 158(7.85274); 159(4.01355); 160(7.9474); 161(8.15917); 162(4.9881); 163(5.86567); 164(5.29632); 165(6.81555); 166(5.8686); 167(1.62671); 168(2.87288); 169(3.33374); 170(5.15592); 171(8.78703); 172(5.90268); 174(0.8958); 175(4.58599); 176(8.62227); 177(6.31992); 178(8.19349); 179(6.07642); 180(5.29424); 181(2.72928); 182(8.40505); 183(1.38593); 184(2.33709); 185(4.18395); 186(7.79796); 187(8.78588); 188(4.70712); 189(3.8218); 190(5.57319); 191(0.8267); 192(3.43608); 193(2.90834); 194(5.67651); 195(4.64218); 196(6.61933); 197(1.57868); 198(5.77787); 199(2.60157); 200(3.16438); 201(1.60731); 202(4.14439); 203(6.81362); 204(6.26552); 205(6.03192); 206(1.64586); 207(8.44709); 208(4.63003); 209(4.24577); 210(5.90956); 211(6.64634); 212(5.98302); 213(7.26323); 214(7.22302); 215(1.70559); 216(7.03359); 217(4.57495); 218(1.25702); 219(0.1179); 220(0.42547); 221(8.51175); 222(8.90786); 223(5.24559); 224(5.18399); 225(8.27653); 226(5.00413); 227(2.47063); 228(4.40449); 229(2.17785); 230(3.91725); 231(3.13844); 232(3.76483); 233(0.78212); 234(0.8102); 235(4.13692); 236(5.68973); 237(0.6558); 238(3.21188); 239(6.5539); 240(1.88576); 241(6.37755); 242(3.92678); 243(8.29849); 244(2.68169); 245(0.76686); 246(3.77503); 247(7.63101); 248(1.72132); 249(3.69041); 250(4.42382); 251(2.36758); 252(6.46712); 253(6.7003); 254(3.99937); 255(4.97975); 256(3.52455); 257(7.23062); 258(2.72486); 259(0.41261); 260(1.48104); 261(3.75501); 262(3.79386); 263(3.44101); 264(0.85258); 265(8.8972); 266(5.71012); 267(4.42302); 268(0.1564); 269(6.21689); 270(0.55539); 271(4.65364); 272(8.42739); 273(5.82344); 274(3.7964); 275(7.1035); 276(5.45723); 277(0.36249); 278(2.42213); 279(8.66624); 280(4.34187); 281(3.03293); 282(6.57869); 283(3.16326); 284(0.5834); 285(2.22999); 286(2.60243); 287(8.05694); 288(2.62922); 289(8.44433); 290(2.37778); 291(3.55681); 292(3.36294); 293(6.99674); 294(1.6265); 295(0.89801); 296(4.05554); 297(7.58007); 298(0.59867); 299(6.72519),1361.95252,1361.95252,4.555025150501671,2.5457288543139303,8.96251,0.02642,0.42923336051356703,2
174,0(3.50876); 1(8.88979); 2(4.73487); 3(7.65235); 4(1.46536); 5(8.72358); 6(4.56531); 7(0.23339); 8(5.95436); 9(2.5109); 10(5.97921); 11(0.76422); 12(1.36852); 13(8.22564); 14(6.69824); 15(4.17851); 16(3.45925); 17(1.56736); 18(4.52279); 19(3.15799); 20(4.33377); 21(8.49559); 22(0.24191); 23(5.4584); 24(4.5537); 25(5.74548); 26(4.97946); 27(5.36686); 28(6.35575); 29(3.20971); 30(0.14224); 31(8.93026); 32(8.22914); 33(1.40385); 34(8.76451); 35(1.72403); 36(6.13265); 37(3.0124); 38(2.72856); 39(1.60332); 40(5.49001); 41(2.07979); 42(7.53481); 43(6.9075); 44(7.6283); 45(3.35767); 46(1.82982); 47(4.54384); 48(7.56121); 49(4.19668); 50(5.48163); 51(7.622); 52(2.18304); 53(5.6417); 54(7.75787); 55(7.63546); 56(5.33261); 57(2.51241); 58(3.2712); 59(0.59838); 60(3.47466); 61(3.12822); 62(2.40785); 63(7.08843); 64(6.01594); 65(2.31056); 66(5.39786); 67(5.65807); 68(1.12917); 69(5.06264); 70(3.84844); 71(0.58635); 72(8.54273); 73(1.05454); 74(1.36412); 75(1.67732); 76(7.99302); 77(3.58038); 78(4.54565); 79(0.05737); 80(2.00692); 81(4.34903); 82(7.20612); 83(0.54285); 84(5.33114); 85(4.23924); 86(4.18195); 87(1.96196); 88(1.84516); 89(1.30593); 90(7.54739); 91(8.18707); 92(3.44975); 93(4.70471); 94(2.64951); 95(2.3957); 96(0.67765); 97(0.04959); 98(1.32253); 99(0.07644); 100(6.06778); 101(4.37231); 102(4.51415); 103(0.68464); 104(7.6544); 105(2.19815); 106(5.4363); 107(7.6083); 108(5.10928); 109(6.70807); 110(2.0744); 111(5.49568); 112(7.73005); 113(1.48899); 114(5.54033); 115(7.31712); 116(8.56399); 117(0.12607); 118(4.86833); 119(3.12945); 120(8.94591); 121(5.6977); 122(5.70958); 123(2.63544); 124(0.78594); 125(8.16035); 126(7.69359); 127(1.01445); 128(0.22995); 129(2.93244); 130(6.4481); 131(8.03765); 132(4.12829); 133(8.9129); 134(7.84065); 135(5.10774); 136(3.33364); 137(2.85103); 138(5.73121); 139(4.66238); 140(8.52998); 141(4.30368); 142(7.13037); 143(1.51179); 144(6.36166); 145(8.01708); 146(6.58615); 147(7.39783); 148(1.82045); 149(0.69542); 150(3.60807); 151(8.15597); 152(7.26265); 153(4.82726); 154(3.16097); 155(2.55674); 156(7.82671); 157(2.05692); 158(1.41402); 159(6.26488); 160(7.48163); 161(4.18344); 162(7.03393); 163(1.25484); 164(2.51925); 165(5.75582); 166(4.06174); 167(7.88516); 168(0.86314); 169(7.14797); 170(0.53944); 171(1.85357); 172(8.75483); 173(0.8958); 175(3.79501); 176(2.91654); 177(0.70731); 178(2.06416); 179(4.1199); 180(1.00758); 181(6.53867); 182(0.2117); 183(6.6174); 184(1.09222); 185(0.07273); 186(3.70682); 187(0.11851); 188(8.0168); 189(7.0433); 190(8.79569); 191(7.69614); 192(2.02021); 193(2.59725); 194(7.80948); 195(6.07409); 196(8.8203); 197(8.08157); 198(6.08976); 199(1.81285); 200(5.85024); 201(6.93531); 202(4.42194); 203(7.30245); 204(3.50643); 205(1.55016); 206(4.91552); 207(0.76161); 208(6.09355); 209(1.31718); 210(5.06778); 211(0.93802); 212(5.96419); 213(3.88936); 214(5.45606); 215(7.27097); 216(4.50405); 217(8.44); 218(3.60423); 219(2.06009); 220(3.34096); 221(1.80397); 222(6.40166); 223(4.26351); 224(5.35401); 225(2.86817); 226(7.35424); 227(7.69548); 228(0.53863); 229(6.40502); 230(7.10272); 231(6.87173); 232(7.16977); 233(5.70459); 234(4.65921); 235(1.39386); 236(6.92284); 237(0.64833); 238(0.63819); 239(6.43139); 240(6.6371); 241(5.33472); 242(3.93048); 243(4.28051); 244(1.42184); 245(3.00718); 246(3.72347); 247(3.6929); 248(7.85678); 249(8.22139); 250(5.80377); 251(3.04101); 252(0.55518); 253(8.82314); 254(1.9012); 255(0.31169); 256(4.50372); 257(7.08612); 258(3.82092); 259(3.36111); 260(7.90312); 261(0.91097); 262(0.63891); 263(0.15056); 264(4.02682); 265(8.70792); 266(5.87867); 267(4.0682); 268(4.9332); 269(4.89288); 270(3.75689); 271(5.76893); 272(3.74996); 273(4.57323); 274(6.50564); 275(5.32648); 276(1.16639); 277(1.00763); 278(3.3973); 279(7.76524); 280(5.64592); 281(6.27033); 282(2.42195); 283(6.30834); 284(2.4374); 285(0.35426); 286(3.15779); 287(6.78434); 288(1.52748); 289(1.99519); 290(3.86558); 291(4.85088); 292(4.3888); 293(3.6706); 294(2.62583); 295(8.63612); 296(6.98542); 297(0.33033); 298(8.32102); 299(6.68838),1325.91031,1325.91031,4.434482642140468,2.587935604199931,8.94591,0.04959,0.4159694638114565,1
175,0(3.37339); 1(5.50128); 2(5.61207); 3(6.01838); 4(2.11008); 5(8.04466); 6(7.04152); 7(3.6624); 8(6.07937); 9(7.36337); 10(2.89793); 11(4.27311); 12(6.28146); 13(2.60589); 14(3.4011); 15(0.10058); 16(3.71138); 17(5.66463); 18(7.4659); 19(4.64082); 20(5.85678); 21(7.42271); 22(7.39801); 23(6.64238); 24(0.90511); 25(3.3458); 26(3.66073); 27(1.5518); 28(7.52355); 29(4.19779); 30(8.868); 31(8.60271); 32(7.39174); 33(3.7144); 34(3.67315); 35(4.06298); 36(0.40854); 37(7.68839); 38(7.8232); 39(7.98268); 40(7.46249); 41(4.04243); 42(1.27365); 43(2.9182); 44(5.50922); 45(3.35969); 46(5.81366); 47(2.82233); 48(6.37726); 49(0.42514); 50(5.84828); 51(1.52776); 52(0.23977); 53(8.44087); 54(4.20461); 55(1.38989); 56(8.86124); 57(6.00191); 58(2.6041); 59(1.40895); 60(4.19031); 61(6.66922); 62(8.16374); 63(1.97471); 64(7.80858); 65(6.74344); 66(2.1467); 67(8.15396); 68(6.81192); 69(2.02078); 70(1.61967); 71(4.66976); 72(0.42811); 73(4.7999); 74(1.25207); 75(4.23649); 76(1.71949); 77(4.12401); 78(3.99023); 79(3.35252); 80(2.24047); 81(5.43879); 82(7.16145); 83(7.55887); 84(7.66265); 85(4.93787); 86(4.45852); 87(6.21059); 88(6.41238); 89(1.59423); 90(1.60969); 91(6.02089); 92(4.48405); 93(0.59848); 94(1.52784); 95(3.11163); 96(4.87751); 97(3.24808); 98(6.71661); 99(0.40778); 100(3.96496); 101(1.12027); 102(0.89326); 103(7.67856); 104(6.79919); 105(1.9123); 106(2.73496); 107(4.66972); 108(8.03107); 109(6.78352); 110(3.27689); 111(6.47638); 112(2.48051); 113(6.26806); 114(7.37286); 115(4.35168); 116(0.86097); 117(2.63099); 118(6.15364); 119(6.24473); 120(7.30303); 121(8.22443); 122(2.17428); 123(5.43706); 124(6.81671); 125(0.06154); 126(6.6296); 127(0.79074); 128(2.34885); 129(1.27066); 130(3.47495); 131(1.90326); 132(7.80833); 133(3.57053); 134(1.36428); 135(7.76932); 136(3.34677); 137(6.78704); 138(2.38669); 139(2.60658); 140(5.13891); 141(1.59019); 142(5.36442); 143(6.19031); 144(8.88432); 145(0.66574); 146(5.81654); 147(1.86737); 148(1.24752); 149(6.01155); 150(3.12446); 151(2.55548); 152(7.78831); 153(3.29392); 154(4.51525); 155(5.73221); 156(5.20587); 157(3.84969); 158(5.68898); 159(3.13912); 160(6.92935); 161(8.36083); 162(4.35497); 163(0.77438); 164(2.88015); 165(8.76669); 166(1.54645); 167(6.62512); 168(4.32401); 169(0.58531); 170(8.0695); 171(6.80248); 172(5.2449); 173(4.58599); 174(3.79501); 176(7.44633); 177(5.60898); 178(1.50512); 179(3.3591); 180(1.18719); 181(4.36106); 182(6.751); 183(3.69506); 184(7.36446); 185(5.43491); 186(4.96927); 187(3.84918); 188(8.12985); 189(5.27818); 190(4.58285); 191(2.12445); 192(7.70055); 193(0.64186); 194(5.52753); 195(6.16191); 196(0.82289); 197(0.33193); 198(4.50059); 199(1.67326); 200(1.73803); 201(1.31444); 202(4.15171); 203(7.73466); 204(0.39353); 205(4.72776); 206(4.30307); 207(2.60485); 208(3.56422); 209(5.01899); 210(1.40705); 211(2.64596); 212(7.85836); 213(4.0042); 214(6.61645); 215(8.15004); 216(6.70654); 217(5.80033); 218(3.58225); 219(1.11607); 220(5.3347); 221(0.99447); 222(2.76638); 223(6.27364); 224(4.13464); 225(7.70945); 226(4.44667); 227(2.43918); 228(5.56914); 229(7.91437); 230(5.85119); 231(6.54061); 232(6.7518); 233(7.34122); 234(5.19317); 235(1.68629); 236(3.38364); 237(6.48891); 238(7.9754); 239(5.40269); 240(6.4307); 241(5.05086); 242(5.29691); 243(5.97722); 244(8.90286); 245(3.02078); 246(8.5179); 247(3.62096); 248(1.4652); 249(7.83548); 250(0.93118); 251(5.16579); 252(1.49182); 253(1.41745); 254(6.09997); 255(4.32559); 256(5.05114); 257(7.90721); 258(3.87555); 259(6.57403); 260(4.29398); 261(4.50086); 262(5.38566); 263(3.13054); 264(7.16285); 265(5.27984); 266(0.80069); 267(4.02684); 268(0.05159); 269(4.79863); 270(4.01696); 271(3.32023); 272(0.75525); 273(1.1492); 274(3.26743); 275(6.35115); 276(6.4532); 277(7.07872); 278(5.66591); 279(0.54319); 280(8.08217); 281(5.67895); 282(0.96145); 283(7.46421); 284(0.95796); 285(7.79484); 286(2.71436); 287(5.65374); 288(3.30513); 289(2.19472); 290(5.24049); 291(2.57709); 292(1.86808); 293(0.44253); 294(4.45478); 295(5.94358); 296(3.41333); 297(5.4366); 298(4.28733); 299(6.45739),1342.91331,1342.91331,4.491348862876254,2.38876874861421,8.90286,0.05159,0.4301939960671553,1
176,0(6.00598); 1(2.61709); 2(7.71765); 3(8.81899); 4(4.30921); 5(5.15142); 6(0.09447); 7(6.38545); 8(0.30297); 9(5.42007); 10(6.41957); 11(0.58546); 12(3.79373); 13(0.65409); 14(5.34067); 15(5.42765); 16(1.56267); 17(8.64148); 18(0.73437); 19(3.53925); 20(7.93257); 21(2.58678); 22(2.86344); 23(0.31978); 24(4.28763); 25(2.55594); 26(2.33026); 27(5.78187); 28(6.52828); 29(4.9246); 30(6.53601); 31(4.38315); 32(4.04373); 33(4.05757); 34(4.99527); 35(4.20387); 36(7.8091); 37(1.08916); 38(4.31967); 39(1.66412); 40(3.74615); 41(6.33462); 42(6.05754); 43(4.6707); 44(6.79404); 45(3.84438); 46(0.1673); 47(2.22456); 48(1.48996); 49(1.05672); 50(6.99635); 51(1.10404); 52(4.86531); 53(4.15682); 54(0.17753); 55(0.71912); 56(7.37869); 57(7.88096); 58(8.69772); 59(7.61039); 60(6.27376); 61(0.34054); 62(0.9461); 63(6.58526); 64(8.19857); 65(3.90814); 66(2.72485); 67(1.39459); 68(8.51851); 69(4.09408); 70(3.67126); 71(8.08135); 72(5.47518); 73(7.92163); 74(6.21091); 75(1.21427); 76(0.81392); 77(3.92789); 78(4.88989); 79(3.38945); 80(2.47461); 81(8.50878); 82(6.69452); 83(0.4942); 84(0.73002); 85(5.85693); 86(4.95394); 87(2.17952); 88(1.14984); 89(3.8641); 90(5.27985); 91(5.04463); 92(0.07305); 93(4.62868); 94(2.94452); 95(1.94679); 96(7.52044); 97(2.21185); 98(5.58818); 99(0.15122); 100(3.1099); 101(2.33804); 102(0.5621); 103(8.82824); 104(5.32432); 105(4.23931); 106(2.97984); 107(7.67691); 108(0.13131); 109(2.97813); 110(5.29954); 111(4.05481); 112(2.44186); 113(8.18754); 114(8.46228); 115(2.18581); 116(5.9208); 117(5.2035); 118(7.40131); 119(5.84654); 120(4.49951); 121(1.69901); 122(3.70969); 123(2.45225); 124(0.56471); 125(1.80897); 126(5.69215); 127(6.1091); 128(4.22393); 129(2.10034); 130(4.98797); 131(5.42242); 132(0.72018); 133(1.1705); 134(0.11434); 135(4.86953); 136(1.13637); 137(6.42072); 138(3.97437); 139(7.70328); 140(7.49392); 141(2.06655); 142(6.18607); 143(1.26854); 144(7.54705); 145(4.97374); 146(6.93929); 147(6.58808); 148(0.48367); 149(1.2307); 150(7.77669); 151(3.44186); 152(1.7821); 153(1.67345); 154(2.81727); 155(0.09802); 156(8.65928); 157(0.40708); 158(6.34978); 159(1.15419); 160(8.46406); 161(0.36997); 162(3.84112); 163(4.20663); 164(2.0219); 165(0.73593); 166(8.79367); 167(0.51658); 168(1.98783); 169(2.50829); 170(2.05233); 171(3.21094); 172(1.77273); 173(8.62227); 174(2.91654); 175(7.44633); 177(2.57879); 178(8.5418); 179(5.62191); 180(7.18956); 181(5.76746); 182(8.72162); 183(6.64721); 184(3.01381); 185(2.57215); 186(4.00169); 187(0.9798); 188(5.92265); 189(0.09824); 190(2.59176); 191(4.20189); 192(8.12688); 193(0.4093); 194(8.74073); 195(0.82751); 196(1.37258); 197(2.02267); 198(6.69114); 199(6.49823); 200(6.01066); 201(0.20903); 202(7.50505); 203(5.02039); 204(3.18323); 205(5.24422); 206(5.43901); 207(1.00022); 208(4.59357); 209(8.10713); 210(7.07333); 211(2.25646); 212(7.5648); 213(8.08025); 214(6.56265); 215(0.9448); 216(0.1441); 217(3.87284); 218(6.78066); 219(1.07554); 220(0.1593); 221(3.99544); 222(5.12247); 223(2.99228); 224(2.05666); 225(0.65303); 226(3.67148); 227(5.3725); 228(1.91298); 229(1.29864); 230(7.83428); 231(4.46861); 232(2.05212); 233(6.98621); 234(0.25439); 235(2.79537); 236(5.48078); 237(8.57562); 238(7.2361); 239(1.29819); 240(7.8534); 241(6.22075); 242(6.22567); 243(3.04439); 244(1.95003); 245(0.89957); 246(7.06397); 247(1.84738); 248(6.93989); 249(6.61336); 250(4.51016); 251(6.27944); 252(8.31599); 253(7.57603); 254(8.27138); 255(3.42524); 256(6.64884); 257(8.7406); 258(8.28834); 259(8.0862); 260(8.03191); 261(0.91752); 262(0.80883); 263(2.44011); 264(7.56979); 265(7.24157); 266(0.11814); 267(0.21097); 268(0.61426); 269(7.25469); 270(1.14166); 271(3.73062); 272(7.08516); 273(0.3168); 274(2.1383); 275(7.24509); 276(1.48551); 277(5.60166); 278(5.73841); 279(4.52348); 280(0.33376); 281(0.12898); 282(1.51189); 283(6.05467); 284(6.72935); 285(4.21865); 286(6.40776); 287(2.78206); 288(0.96616); 289(5.40103); 290(7.38162); 291(2.4211); 292(8.0199); 293(0.94833); 294(5.97794); 295(5.37231); 296(0.77485); 297(5.856); 298(4.71399); 299(2.09582),1253.67469,1253.67469,4.192891939799332,2.674271926434552,8.82824,0.07305,0.3909506212511401,1
177,0(2.1675); 1(8.25274); 2(5.41637); 3(4.00906); 4(7.31386); 5(2.27774); 6(5.85963); 7(8.89798); 8(3.17678); 9(3.43317); 10(0.90812); 11(5.24913); 12(8.75112); 13(3.26308); 14(3.39633); 15(1.10731); 16(2.67364); 17(5.92265); 18(0.41337); 19(4.80751); 20(8.987); 21(4.85845); 22(7.63272); 23(1.11146); 24(2.88435); 25(3.47659); 26(1.52032); 27(0.17384); 28(7.96499); 29(2.99921); 30(5.33727); 31(0.40667); 32(2.0458); 33(7.63077); 34(4.1689); 35(8.7126); 36(2.76185); 37(4.77135); 38(1.62101); 39(1.76659); 40(2.71516); 41(7.41119); 42(3.57125); 43(7.43782); 44(5.26144); 45(8.36432); 46(4.09522); 47(8.95575); 48(2.7992); 49(5.49236); 50(0.54599); 51(1.60606); 52(6.53199); 53(3.67611); 54(7.75128); 55(3.37151); 56(6.65556); 57(1.49184); 58(0.5466); 59(5.99126); 60(0.23502); 61(8.66629); 62(8.69854); 63(8.25522); 64(8.03934); 65(2.32559); 66(5.07368); 67(6.98734); 68(8.70936); 69(7.64717); 70(3.44065); 71(7.09077); 72(0.41114); 73(7.51172); 74(4.5587); 75(7.28306); 76(6.0144); 77(3.15895); 78(1.68884); 79(0.63065); 80(2.42056); 81(3.35954); 82(8.04478); 83(1.86704); 84(4.85401); 85(3.64511); 86(3.9488); 87(3.24612); 88(5.72858); 89(2.70315); 90(5.03368); 91(7.51735); 92(3.56268); 93(5.90556); 94(5.40713); 95(0.04034); 96(7.53826); 97(0.81448); 98(3.94456); 99(1.80546); 100(2.01998); 101(3.14602); 102(3.50967); 103(7.82613); 104(4.64253); 105(8.07634); 106(7.47373); 107(0.68101); 108(4.14711); 109(5.16993); 110(0.99102); 111(5.17802); 112(2.77335); 113(5.40678); 114(2.80052); 115(5.05032); 116(6.34317); 117(5.534); 118(3.30692); 119(8.29958); 120(4.36802); 121(7.91224); 122(6.79022); 123(0.31465); 124(2.26392); 125(5.85495); 126(3.92727); 127(1.32747); 128(2.06253); 129(3.19004); 130(0.00651); 131(0.2442); 132(8.72489); 133(8.84891); 134(0.28296); 135(5.30216); 136(2.43068); 137(4.22792); 138(1.61442); 139(8.29904); 140(6.45897); 141(5.35659); 142(5.16923); 143(2.45586); 144(4.2978); 145(1.92784); 146(8.06935); 147(6.63839); 148(4.69969); 149(3.8714); 150(8.37383); 151(6.07191); 152(1.63234); 153(3.07733); 154(7.20979); 155(1.80448); 156(2.12227); 157(4.51005); 158(0.22084); 159(7.58017); 160(1.92791); 161(4.73898); 162(0.90067); 163(8.99421); 164(2.27408); 165(2.31316); 166(3.28092); 167(0.83025); 168(2.42787); 169(0.73031); 170(3.50323); 171(6.4583); 172(6.09652); 173(6.31992); 174(0.70731); 175(5.60898); 176(2.57879); 178(0.50818); 179(7.4382); 180(0.03347); 181(8.61262); 182(4.37523); 183(2.51942); 184(4.87669); 185(4.73735); 186(8.70209); 187(7.88586); 188(8.65597); 189(0.88035); 190(4.37926); 191(0.23187); 192(6.08071); 193(0.32013); 194(1.72291); 195(6.76827); 196(1.90911); 197(1.35201); 198(5.01313); 199(6.61982); 200(2.91522); 201(7.6432); 202(7.40855); 203(4.0415); 204(7.09262); 205(8.89129); 206(5.34248); 207(5.62677); 208(7.15275); 209(3.41198); 210(3.8334); 211(7.66374); 212(6.38185); 213(7.46578); 214(2.53158); 215(2.24156); 216(6.73196); 217(3.88393); 218(5.99741); 219(0.291); 220(5.82423); 221(1.10167); 222(3.31989); 223(6.60362); 224(0.45583); 225(7.71116); 226(1.4117); 227(3.59094); 228(7.44707); 229(4.09188); 230(1.27629); 231(4.64175); 232(7.22379); 233(8.67263); 234(1.49932); 235(6.27585); 236(6.60717); 237(1.61359); 238(8.73553); 239(7.98159); 240(7.60727); 241(8.07332); 242(0.61623); 243(3.90098); 244(0.44286); 245(3.8956); 246(7.34609); 247(4.90274); 248(2.24885); 249(1.86113); 250(0.38483); 251(0.27775); 252(0.50693); 253(2.77887); 254(8.53682); 255(3.69284); 256(4.84729); 257(2.84897); 258(2.28944); 259(7.53574); 260(3.14704); 261(7.2687); 262(5.00603); 263(4.85208); 264(3.28886); 265(0.73263); 266(4.80721); 267(1.81034); 268(6.89808); 269(2.86355); 270(0.66317); 271(8.73391); 272(0.22644); 273(6.28048); 274(8.5907); 275(0.09032); 276(3.94623); 277(3.40781); 278(6.76547); 279(5.29987); 280(8.92817); 281(5.82343); 282(4.65155); 283(2.03722); 284(1.54605); 285(8.41145); 286(4.39251); 287(7.16506); 288(4.41438); 289(1.74504); 290(4.81622); 291(4.09653); 292(0.83215); 293(2.90877); 294(6.01204); 295(1.54191); 296(0.51558); 297(3.34857); 298(4.07168); 299(0.80396),1305.41549,1305.41549,4.365938093645485,2.6407670420836498,8.99421,0.00651,0.40899636928934224,1
178,0(4.48661); 1(1.10006); 2(2.52514); 3(6.60895); 4(6.05381); 5(4.60454); 6(0.99016); 7(3.98471); 8(4.31675); 9(4.39148); 10(6.26843); 11(0.70724); 12(2.9735); 13(5.81233); 14(3.62867); 15(4.25491); 16(5.1578); 17(0.52129); 18(1.74876); 19(6.9043); 20(4.04474); 21(8.15856); 22(1.5429); 23(2.66473); 24(0.32613); 25(4.12725); 26(3.24297); 27(3.42523); 28(2.49659); 29(3.87949); 30(0.45541); 31(8.25146); 32(7.22538); 33(3.2114); 34(5.14703); 35(8.55529); 36(2.05438); 37(1.6068); 38(4.28589); 39(3.04672); 40(7.24616); 41(4.55219); 42(1.76807); 43(6.92381); 44(2.07962); 45(1.00156); 46(5.31438); 47(2.5622); 48(3.14114); 49(7.62973); 50(6.84936); 51(2.2357); 52(0.18506); 53(8.35326); 54(5.83144); 55(5.8425); 56(5.843); 57(5.353); 58(0.68581); 59(4.1719); 60(8.46135); 61(1.97329); 62(1.02836); 63(0.26119); 64(1.18386); 65(2.5021); 66(3.19511); 67(6.37143); 68(7.33186); 69(5.62419); 70(8.5363); 71(5.381); 72(7.99671); 73(5.814); 74(8.84026); 75(4.49651); 76(3.43875); 77(3.0012); 78(1.07605); 79(1.75574); 80(6.82726); 81(4.24848); 82(2.67468); 83(6.6491); 84(4.09273); 85(1.87589); 86(5.85998); 87(1.80169); 88(2.9651); 89(0.4315); 90(8.99133); 91(8.16839); 92(5.03434); 93(6.23962); 94(1.65282); 95(8.30609); 96(5.97368); 97(4.56005); 98(3.77679); 99(2.32116); 100(5.8279); 101(3.02227); 102(8.61517); 103(8.21593); 104(1.5154); 105(5.10613); 106(6.92185); 107(7.51745); 108(7.83784); 109(1.7723); 110(3.58426); 111(2.10671); 112(4.41515); 113(2.47724); 114(8.2409); 115(2.75442); 116(4.53541); 117(4.41993); 118(2.5671); 119(5.86765); 120(2.3711); 121(6.50278); 122(6.46491); 123(3.29349); 124(8.94401); 125(3.12949); 126(5.46225); 127(8.13983); 128(1.27821); 129(8.91122); 130(2.21586); 131(1.19715); 132(8.53734); 133(3.68904); 134(5.8928); 135(8.51312); 136(0.25888); 137(4.36775); 138(0.0199); 139(2.51844); 140(7.63574); 141(5.76268); 142(0.93558); 143(3.68399); 144(8.44796); 145(5.534); 146(4.40753); 147(0.06581); 148(8.87661); 149(2.44487); 150(1.20326); 151(1.50159); 152(3.9037); 153(0.13384); 154(8.31417); 155(3.38724); 156(4.26983); 157(3.67483); 158(2.02645); 159(6.61141); 160(6.86222); 161(8.66924); 162(4.79295); 163(3.47896); 164(8.41313); 165(2.70328); 166(7.66124); 167(7.48734); 168(2.32306); 169(4.12527); 170(4.31049); 171(1.93423); 172(2.21956); 173(8.19349); 174(2.06416); 175(1.50512); 176(8.5418); 177(0.50818); 179(5.67703); 180(6.74198); 181(7.64978); 182(7.34357); 183(5.19584); 184(7.0132); 185(4.08786); 186(1.70686); 187(8.04811); 188(4.91772); 189(7.83481); 190(7.98749); 191(6.68515); 192(1.6739); 193(5.90919); 194(6.75); 195(3.0844); 196(3.37363); 197(1.29226); 198(2.35963); 199(8.11821); 200(2.27678); 201(2.78336); 202(8.05678); 203(6.18935); 204(7.39917); 205(1.60131); 206(4.82028); 207(4.52178); 208(4.40825); 209(0.34551); 210(8.26033); 211(3.49868); 212(0.10862); 213(5.34623); 214(4.6794); 215(4.10264); 216(1.88157); 217(5.50448); 218(4.55017); 219(8.84121); 220(0.17259); 221(7.61996); 222(7.81216); 223(5.26814); 224(8.20626); 225(5.24126); 226(7.22457); 227(2.44262); 228(3.30114); 229(4.66173); 230(4.7475); 231(2.60897); 232(0.74024); 233(1.55726); 234(0.31118); 235(5.66724); 236(4.54518); 237(2.18778); 238(3.57806); 239(8.60669); 240(6.21761); 241(0.89582); 242(1.82593); 243(3.53184); 244(1.75038); 245(0.40711); 246(7.73406); 247(6.82387); 248(8.37157); 249(6.00865); 250(8.36613); 251(7.0501); 252(2.28477); 253(2.68794); 254(8.09549); 255(2.01215); 256(6.66449); 257(8.79737); 258(1.14999); 259(2.57782); 260(4.3354); 261(7.92565); 262(2.3299); 263(7.93349); 264(2.47848); 265(6.2243); 266(1.60604); 267(5.93251); 268(3.8167); 269(1.58052); 270(3.56744); 271(8.30087); 272(4.38555); 273(3.45917); 274(1.71896); 275(5.66662); 276(8.50141); 277(3.11769); 278(5.15905); 279(1.21992); 280(8.73233); 281(6.4435); 282(1.7062); 283(6.85697); 284(0.42073); 285(0.90988); 286(0.80288); 287(5.53056); 288(4.17845); 289(8.39631); 290(4.67868); 291(3.69991); 292(3.43834); 293(2.05821); 294(4.80495); 295(2.97582); 296(5.42284); 297(3.68987); 298(5.25212); 299(0.051),1332.41037,1332.41037,4.456221973244148,2.5593886999701514,8.99133,0.0199,0.4219204189324225,1
179,0(0.452); 1(2.46491); 2(4.56088); 3(5.55992); 4(5.85508); 5(2.41639); 6(3.54061); 7(2.42753); 8(5.76302); 9(1.91288); 10(2.64473); 11(7.86524); 12(5.1811); 13(6.66878); 14(7.70737); 15(5.04742); 16(6.48705); 17(3.3345); 18(0.94222); 19(8.51049); 20(8.68395); 21(6.65346); 22(4.97794); 23(1.96022); 24(7.41893); 25(4.16424); 26(3.02814); 27(2.75044); 28(8.76468); 29(7.86194); 30(8.85851); 31(2.06058); 32(5.55392); 33(2.96575); 34(8.1482); 35(4.46237); 36(4.45383); 37(8.74583); 38(8.18187); 39(4.68625); 40(5.22144); 41(3.89466); 42(1.87988); 43(2.66931); 44(3.21711); 45(7.41778); 46(7.49797); 47(6.69753); 48(0.01591); 49(8.58835); 50(3.3787); 51(7.9789); 52(1.1133); 53(3.3714); 54(8.13716); 55(8.2374); 56(4.22364); 57(8.10157); 58(7.15142); 59(1.40205); 60(4.9187); 61(3.80538); 62(0.75586); 63(0.13951); 64(3.96693); 65(8.05971); 66(8.42696); 67(0.82447); 68(8.37706); 69(5.52089); 70(8.66233); 71(4.21706); 72(2.66068); 73(2.29422); 74(1.79603); 75(3.94742); 76(7.38832); 77(0.56303); 78(7.13172); 79(7.12683); 80(4.77181); 81(4.69872); 82(5.34438); 83(7.38014); 84(7.15308); 85(6.29112); 86(0.03693); 87(3.02844); 88(7.14694); 89(1.63811); 90(0.81237); 91(8.52921); 92(4.44123); 93(8.23194); 94(8.16105); 95(7.73955); 96(3.2821); 97(8.2877); 98(3.03994); 99(1.99191); 100(4.47113); 101(6.37476); 102(4.36254); 103(1.66787); 104(0.13296); 105(4.22804); 106(7.0035); 107(3.1746); 108(8.0794); 109(7.31902); 110(3.68955); 111(0.35159); 112(0.88462); 113(2.79727); 114(6.21062); 115(6.09819); 116(5.97319); 117(0.90507); 118(0.4639); 119(4.91172); 120(0.28892); 121(8.9141); 122(7.51376); 123(0.95122); 124(2.83488); 125(0.33077); 126(5.82616); 127(4.47011); 128(3.07087); 129(4.20617); 130(7.39451); 131(1.17328); 132(5.44701); 133(0.57186); 134(6.15255); 135(8.03376); 136(1.98895); 137(3.77132); 138(6.0452); 139(1.49565); 140(5.66494); 141(2.47345); 142(0.83922); 143(8.88125); 144(0.38394); 145(3.09733); 146(1.64053); 147(5.27663); 148(4.18711); 149(7.86367); 150(3.45751); 151(4.41647); 152(2.0949); 153(4.91223); 154(5.57643); 155(8.02106); 156(5.75275); 157(7.78215); 158(0.15721); 159(6.96187); 160(4.26818); 161(3.92314); 162(4.87888); 163(7.52108); 164(7.45333); 165(5.2486); 166(6.73712); 167(1.87464); 168(7.51618); 169(2.79382); 170(2.96801); 171(0.63085); 172(5.19028); 173(6.07642); 174(4.1199); 175(3.3591); 176(5.62191); 177(7.4382); 178(5.67703); 180(4.79281); 181(4.62418); 182(2.59807); 183(2.12431); 184(2.29311); 185(8.55599); 186(3.75247); 187(7.33087); 188(7.87946); 189(1.54892); 190(2.52769); 191(1.44839); 192(3.87853); 193(4.5407); 194(0.62307); 195(7.99856); 196(8.23434); 197(6.63909); 198(8.39614); 199(7.13509); 200(2.52993); 201(1.54921); 202(5.23018); 203(3.06967); 204(0.47269); 205(6.55922); 206(5.13927); 207(0.5355); 208(3.65865); 209(7.53089); 210(7.98911); 211(2.58103); 212(1.64668); 213(6.33944); 214(5.924); 215(7.50428); 216(7.19288); 217(0.41069); 218(2.17548); 219(2.1806); 220(0.35692); 221(3.51498); 222(4.09231); 223(3.54485); 224(8.29113); 225(7.66451); 226(5.97656); 227(7.72452); 228(3.61416); 229(0.98696); 230(5.39693); 231(2.86145); 232(3.87947); 233(3.32529); 234(5.90729); 235(0.83219); 236(3.15578); 237(4.64241); 238(8.27139); 239(2.171); 240(1.66752); 241(4.23659); 242(7.74263); 243(1.37585); 244(4.36461); 245(8.31657); 246(0.65583); 247(0.73223); 248(4.83356); 249(1.56449); 250(2.21659); 251(4.37834); 252(1.25948); 253(4.29605); 254(0.2581); 255(5.54428); 256(4.06936); 257(7.8598); 258(1.38346); 259(3.46216); 260(5.23041); 261(6.61114); 262(8.61094); 263(2.91153); 264(0.84388); 265(0.00085); 266(7.33738); 267(2.34582); 268(8.82706); 269(1.4271); 270(1.25837); 271(2.91909); 272(3.64794); 273(8.81428); 274(5.19484); 275(4.5855); 276(2.24784); 277(4.65683); 278(7.66979); 279(4.57194); 280(7.37097); 281(6.59174); 282(8.03607); 283(3.9262); 284(4.21653); 285(8.48782); 286(0.12272); 287(1.35467); 288(6.58683); 289(8.67353); 290(7.54759); 291(5.92751); 292(1.63821); 293(5.5604); 294(3.34498); 295(8.17067); 296(5.1623); 297(5.23281); 298(4.08036); 299(5.35546),1369.49503,1369.49503,4.580250936454849,2.5929953001141053,8.9141,0.00085,0.4273087770115892,1
180,0(8.81687); 1(5.98879); 2(1.55891); 3(3.23942); 4(2.5492); 5(5.44597); 6(2.60866); 7(4.00628); 8(6.5923); 9(4.49437); 10(1.06246); 11(4.08289); 12(4.41939); 13(0.49039); 14(8.43466); 15(1.35288); 16(8.94458); 17(0.37296); 18(2.56986); 19(1.87531); 20(5.0771); 21(8.29907); 22(1.13072); 23(4.99354); 24(2.44576); 25(2.22589); 26(1.4081); 27(5.08488); 28(2.1501); 29(8.54669); 30(5.5608); 31(0.75677); 32(1.95438); 33(1.68626); 34(5.08418); 35(2.24552); 36(2.37575); 37(0.74702); 38(6.69681); 39(6.77297); 40(6.96332); 41(6.55121); 42(0.05018); 43(0.29188); 44(2.80829); 45(8.33622); 46(1.00782); 47(0.93083); 48(7.16263); 49(1.1883); 50(0.03581); 51(1.93924); 52(7.06698); 53(2.82292); 54(7.00092); 55(1.93926); 56(4.17736); 57(6.79077); 58(8.82885); 59(4.72265); 60(7.44525); 61(7.33007); 62(1.6568); 63(1.85049); 64(4.11619); 65(2.88219); 66(7.54522); 67(5.20394); 68(4.83595); 69(8.61671); 70(8.8686); 71(6.44132); 72(3.51263); 73(5.3687); 74(0.86189); 75(5.75584); 76(5.91273); 77(1.20228); 78(4.95546); 79(8.38267); 80(3.62828); 81(7.44486); 82(3.59026); 83(5.29954); 84(7.67321); 85(2.92617); 86(4.56762); 87(8.39731); 88(4.36675); 89(6.71297); 90(0.57163); 91(5.83657); 92(7.56105); 93(7.23029); 94(8.1836); 95(0.57936); 96(5.70961); 97(6.4305); 98(8.77737); 99(6.50344); 100(8.85363); 101(6.08262); 102(0.50989); 103(4.65257); 104(4.9674); 105(7.20217); 106(8.13299); 107(1.08852); 108(3.65448); 109(3.5544); 110(1.04807); 111(2.03958); 112(0.66014); 113(5.47983); 114(2.37272); 115(6.90711); 116(7.2526); 117(3.28813); 118(4.65345); 119(4.28064); 120(2.34073); 121(2.85506); 122(7.00719); 123(5.49438); 124(2.79585); 125(4.75715); 126(8.6783); 127(4.41135); 128(8.44503); 129(4.47167); 130(5.85772); 131(7.46273); 132(8.64969); 133(1.82592); 134(8.82429); 135(0.03396); 136(5.03216); 137(7.70526); 138(6.87974); 139(5.75152); 140(2.97172); 141(6.36808); 142(0.54942); 143(5.67457); 144(8.17761); 145(1.56053); 146(3.70041); 147(0.25765); 148(7.00953); 149(3.20222); 150(7.01195); 151(1.07171); 152(5.72656); 153(2.74539); 154(1.20934); 155(2.78868); 156(2.6728); 157(3.47751); 158(1.63481); 159(1.16511); 160(7.765); 161(2.29261); 162(4.3443); 163(0.08925); 164(5.0112); 165(6.64135); 166(6.22082); 167(3.48712); 168(6.99185); 169(1.54684); 170(8.92082); 171(8.28787); 172(0.47343); 173(5.29424); 174(1.00758); 175(1.18719); 176(7.18956); 177(0.03347); 178(6.74198); 179(4.79281); 181(1.93487); 182(5.52848); 183(3.57802); 184(0.99358); 185(7.98934); 186(4.20708); 187(1.67949); 188(0.04402); 189(7.79949); 190(1.0087); 191(4.45439); 192(3.88332); 193(4.38901); 194(2.89322); 195(8.31172); 196(4.60552); 197(6.64255); 198(3.82434); 199(3.27473); 200(6.73745); 201(7.36848); 202(3.18626); 203(2.09214); 204(3.11888); 205(6.67684); 206(7.75675); 207(7.39651); 208(5.16094); 209(5.36162); 210(7.19314); 211(6.07493); 212(6.33962); 213(8.1013); 214(8.50495); 215(8.70517); 216(4.00633); 217(4.89467); 218(7.69228); 219(0.87193); 220(0.24494); 221(8.58141); 222(4.6732); 223(3.01734); 224(2.68099); 225(3.10979); 226(7.26489); 227(8.49651); 228(1.0792); 229(0.20825); 230(3.85128); 231(6.74359); 232(3.05202); 233(1.44712); 234(0.24574); 235(1.54243); 236(1.06931); 237(7.8634); 238(4.35479); 239(0.89226); 240(7.64865); 241(3.15585); 242(1.54833); 243(0.04476); 244(7.98413); 245(3.98364); 246(6.46303); 247(0.49375); 248(1.48634); 249(5.61457); 250(1.32025); 251(4.08308); 252(4.22409); 253(5.75062); 254(7.97183); 255(3.40929); 256(2.99944); 257(7.04299); 258(4.7598); 259(3.95274); 260(4.33276); 261(4.42097); 262(1.00393); 263(1.99819); 264(1.92152); 265(6.7772); 266(5.96761); 267(8.53319); 268(2.5219); 269(2.8445); 270(2.9115); 271(0.54972); 272(7.90135); 273(2.36922); 274(1.84361); 275(0.05196); 276(1.39925); 277(7.53641); 278(0.09397); 279(4.77697); 280(1.16665); 281(0.64923); 282(3.54026); 283(6.11237); 284(5.40383); 285(4.66536); 286(1.97534); 287(5.75181); 288(1.20275); 289(6.9311); 290(1.66668); 291(3.99223); 292(1.5529); 293(1.71405); 294(5.71648); 295(7.756); 296(7.82832); 297(8.69503); 298(6.40091); 299(8.1916),1312.06108,1312.06108,4.38816414715719,2.652893910772959,8.94458,0.03347,0.40923546347242545,1
181,0(2.30284); 1(4.80749); 2(1.87133); 3(3.99117); 4(8.68993); 5(8.61259); 6(7.96092); 7(5.4808); 8(5.04894); 9(8.15257); 10(2.21377); 11(3.86424); 12(8.03346); 13(8.40768); 14(8.62403); 15(0.84896); 16(4.66261); 17(3.40222); 18(6.39261); 19(7.95034); 20(8.92748); 21(2.1489); 22(6.16587); 23(8.55438); 24(6.7905); 25(1.61001); 26(1.15106); 27(8.55226); 28(3.76997); 29(2.12419); 30(5.14914); 31(5.34263); 32(0.53673); 33(6.59505); 34(2.03332); 35(7.52037); 36(0.2506); 37(6.96606); 38(1.00779); 39(4.15242); 40(2.92212); 41(4.1403); 42(8.36985); 43(6.53031); 44(2.23843); 45(0.4194); 46(5.45758); 47(1.60919); 48(2.62363); 49(8.39416); 50(5.67696); 51(4.82102); 52(1.02569); 53(8.05356); 54(0.81874); 55(4.26604); 56(1.87901); 57(3.4465); 58(7.94889); 59(7.70611); 60(1.71936); 61(6.30522); 62(5.38142); 63(2.01374); 64(3.17078); 65(8.89842); 66(7.98149); 67(6.11193); 68(8.30513); 69(7.10881); 70(1.39409); 71(2.52491); 72(8.03405); 73(3.87508); 74(6.59505); 75(4.08559); 76(3.23833); 77(8.02596); 78(0.24043); 79(6.35562); 80(5.26578); 81(7.74787); 82(6.00016); 83(2.87437); 84(7.26254); 85(1.01903); 86(8.29521); 87(4.64636); 88(8.50609); 89(1.5898); 90(8.741); 91(1.3666); 92(5.18757); 93(1.46852); 94(1.6954); 95(8.31869); 96(0.65969); 97(5.2611); 98(1.89348); 99(1.01931); 100(8.7634); 101(8.17388); 102(3.89131); 103(2.58048); 104(7.59687); 105(2.77904); 106(7.33406); 107(7.40323); 108(2.41646); 109(2.25662); 110(6.01194); 111(7.35412); 112(4.74484); 113(6.91783); 114(1.10393); 115(3.9361); 116(3.6511); 117(6.74472); 118(0.23909); 119(1.37499); 120(3.04736); 121(1.07616); 122(7.43924); 123(3.56481); 124(0.86476); 125(1.45906); 126(1.58521); 127(2.8255); 128(3.4748); 129(5.66635); 130(3.58618); 131(2.99954); 132(1.14233); 133(8.07624); 134(3.4228); 135(7.37422); 136(8.1026); 137(5.11497); 138(5.27611); 139(4.50134); 140(7.18957); 141(0.12032); 142(4.1892); 143(8.93588); 144(3.42208); 145(5.74393); 146(1.74877); 147(3.50221); 148(4.7765); 149(5.91503); 150(0.14556); 151(7.04998); 152(5.38751); 153(5.42913); 154(5.6144); 155(0.61047); 156(1.60267); 157(1.21617); 158(7.02761); 159(7.53436); 160(5.31827); 161(1.67214); 162(3.9644); 163(7.11939); 164(1.96492); 165(0.87113); 166(3.91583); 167(1.80415); 168(4.43485); 169(2.04912); 170(1.10751); 171(5.32341); 172(8.2664); 173(2.72928); 174(6.53867); 175(4.36106); 176(5.76746); 177(8.61262); 178(7.64978); 179(4.62418); 180(1.93487); 182(0.06353); 183(6.71817); 184(2.60314); 185(5.45313); 186(6.47214); 187(4.05492); 188(8.22956); 189(1.98847); 190(5.15711); 191(0.55627); 192(0.13597); 193(0.9545); 194(4.69299); 195(6.46822); 196(8.78951); 197(5.94431); 198(3.92586); 199(4.12656); 200(5.2996); 201(5.92748); 202(2.27224); 203(1.72181); 204(6.56765); 205(6.11243); 206(7.44656); 207(8.69463); 208(6.22256); 209(4.05646); 210(7.90027); 211(7.29859); 212(4.76933); 213(3.33751); 214(2.23411); 215(7.7632); 216(5.63886); 217(7.95406); 218(0.61683); 219(4.2691); 220(4.67607); 221(3.18678); 222(5.0194); 223(6.70251); 224(5.81659); 225(6.54167); 226(2.42557); 227(1.31506); 228(0.58811); 229(6.04734); 230(4.59564); 231(4.45241); 232(1.23047); 233(3.24132); 234(7.73631); 235(8.91331); 236(1.12857); 237(4.8898); 238(4.8949); 239(6.00494); 240(0.76581); 241(1.91104); 242(2.41692); 243(4.15347); 244(7.01091); 245(4.8685); 246(0.53485); 247(2.50727); 248(8.91403); 249(6.25544); 250(0.26138); 251(3.35698); 252(5.71978); 253(6.94235); 254(3.07263); 255(8.12072); 256(6.91064); 257(6.4021); 258(0.37773); 259(8.08282); 260(4.37785); 261(2.54289); 262(6.14864); 263(1.55034); 264(6.9554); 265(1.45089); 266(8.83209); 267(8.40221); 268(5.99527); 269(4.2573); 270(2.92031); 271(7.06572); 272(6.47666); 273(5.08371); 274(6.86661); 275(1.18447); 276(4.53491); 277(7.91833); 278(1.69601); 279(3.40759); 280(2.74831); 281(7.80612); 282(0.57543); 283(7.44626); 284(5.81383); 285(4.00641); 286(0.51911); 287(7.00867); 288(6.33994); 289(5.79643); 290(4.16699); 291(6.86207); 292(0.22506); 293(7.21434); 294(3.29199); 295(3.40703); 296(1.72576); 297(0.3083); 298(8.67572); 299(2.42864),1376.72647,1376.72647,4.60443635451505,2.607432533298628,8.93588,0.06353,0.4306673833439382,1
182,0(4.30722); 1(8.96798); 2(0.14433); 3(4.28218); 4(1.79854); 5(7.55371); 6(8.26597); 7(3.37622); 8(0.98775); 9(4.07559); 10(0.50237); 11(6.07673); 12(5.79654); 13(7.24738); 14(4.47318); 15(3.50964); 16(1.45693); 17(4.05254); 18(0.36172); 19(7.88785); 20(5.8008); 21(6.44848); 22(2.80886); 23(4.49758); 24(0.80855); 25(1.65531); 26(8.91663); 27(6.4989); 28(3.75809); 29(2.57899); 30(1.87135); 31(6.81225); 32(8.90354); 33(0.99191); 34(7.48181); 35(6.09295); 36(2.8378); 37(5.81585); 38(1.90138); 39(5.31943); 40(6.68346); 41(7.93985); 42(1.80447); 43(6.41041); 44(5.84323); 45(7.55127); 46(1.66334); 47(8.7901); 48(1.61983); 49(7.46056); 50(6.27008); 51(7.59722); 52(3.17356); 53(5.84788); 54(6.6486); 55(7.68944); 56(7.02244); 57(3.92753); 58(7.52552); 59(2.19659); 60(8.46934); 61(4.27427); 62(0.20946); 63(0.2885); 64(5.97921); 65(3.76383); 66(4.57602); 67(6.79153); 68(4.55837); 69(2.19894); 70(4.32133); 71(8.78328); 72(0.58845); 73(8.3089); 74(7.82934); 75(5.97888); 76(4.47265); 77(4.85881); 78(3.05248); 79(3.55649); 80(0.40287); 81(0.97148); 82(1.16588); 83(7.47135); 84(1.1557); 85(7.97895); 86(5.90781); 87(8.00665); 88(0.87646); 89(4.87823); 90(6.02063); 91(4.28192); 92(0.71931); 93(7.10981); 94(3.74913); 95(2.88796); 96(1.82374); 97(8.29948); 98(1.76086); 99(2.42823); 100(8.70613); 101(7.03049); 102(8.14251); 103(1.21096); 104(0.31814); 105(4.2243); 106(2.36123); 107(2.83494); 108(3.24411); 109(3.85471); 110(5.94465); 111(2.29807); 112(5.88201); 113(6.32908); 114(8.04707); 115(6.62354); 116(5.37132); 117(7.34523); 118(3.23145); 119(6.29731); 120(8.80489); 121(4.9263); 122(6.92864); 123(4.02355); 124(3.45904); 125(4.85272); 126(6.45564); 127(1.14963); 128(0.91786); 129(6.16469); 130(7.81502); 131(7.28132); 132(0.66754); 133(8.12241); 134(6.98588); 135(7.70894); 136(7.63054); 137(5.68003); 138(5.6003); 139(1.34916); 140(0.18365); 141(7.92864); 142(7.37728); 143(3.62286); 144(4.2783); 145(6.35993); 146(8.19355); 147(7.43505); 148(5.24325); 149(0.10118); 150(5.96338); 151(7.71151); 152(4.91375); 153(1.06084); 154(8.71412); 155(4.5369); 156(5.65507); 157(7.1059); 158(5.377); 159(1.31985); 160(2.54297); 161(5.68958); 162(3.48653); 163(3.4196); 164(1.78864); 165(1.4532); 166(8.31288); 167(6.01385); 168(4.91182); 169(2.71475); 170(1.691); 171(1.21998); 172(8.90018); 173(8.40505); 174(0.2117); 175(6.751); 176(8.72162); 177(4.37523); 178(7.34357); 179(2.59807); 180(5.52848); 181(0.06353); 183(2.19979); 184(2.78831); 185(0.94375); 186(4.50057); 187(4.47819); 188(0.35668); 189(1.35689); 190(7.83033); 191(6.14624); 192(5.749); 193(7.45737); 194(7.48708); 195(6.11861); 196(6.49369); 197(4.82986); 198(5.4832); 199(4.00868); 200(4.33512); 201(6.33657); 202(0.14512); 203(4.62021); 204(2.13758); 205(7.64653); 206(1.70179); 207(5.96819); 208(7.89618); 209(1.06119); 210(7.78991); 211(3.86287); 212(7.04625); 213(4.74905); 214(3.96812); 215(7.21052); 216(1.63872); 217(6.1463); 218(8.49143); 219(7.34473); 220(1.40451); 221(6.84428); 222(8.74843); 223(5.50516); 224(8.92908); 225(3.79129); 226(8.47263); 227(3.13488); 228(8.44849); 229(3.62015); 230(5.54027); 231(3.795); 232(8.83414); 233(0.98691); 234(4.97994); 235(0.95929); 236(5.47179); 237(8.42089); 238(6.04485); 239(0.42672); 240(8.17707); 241(1.46632); 242(4.15347); 243(2.84765); 244(1.26718); 245(3.16732); 246(5.89138); 247(5.88672); 248(7.93715); 249(3.65241); 250(6.44748); 251(0.85412); 252(8.6984); 253(5.52143); 254(3.02935); 255(3.61025); 256(4.96425); 257(3.34605); 258(8.39433); 259(8.02847); 260(7.71292); 261(0.49243); 262(5.52769); 263(6.66994); 264(4.42933); 265(4.80881); 266(5.99268); 267(6.93051); 268(0.0133); 269(2.72338); 270(5.23054); 271(5.17062); 272(8.29523); 273(8.61796); 274(1.81307); 275(0.19813); 276(4.40828); 277(5.93132); 278(3.36577); 279(2.82052); 280(3.74019); 281(6.27545); 282(0.88645); 283(8.52802); 284(1.66136); 285(5.85468); 286(6.86865); 287(0.88316); 288(4.95291); 289(7.07538); 290(3.42276); 291(3.68309); 292(2.39711); 293(3.95215); 294(4.48739); 295(2.82475); 296(0.97892); 297(2.05324); 298(0.80185); 299(8.21207),1417.10946,1417.10946,4.739496521739131,2.6012946324761264,8.96798,0.0133,0.43972421397353406,2
183,0(5.43975); 1(6.31874); 2(4.54902); 3(1.60502); 4(4.59689); 5(7.26212); 6(6.64474); 7(1.90087); 8(2.92407); 9(0.86421); 10(4.60695); 11(1.33175); 12(6.57585); 13(1.00805); 14(3.13832); 15(2.9688); 16(5.79826); 17(0.54239); 18(3.93455); 19(0.44863); 20(5.53588); 21(6.48375); 22(5.35594); 23(6.97316); 24(3.8746); 25(4.06384); 26(5.12558); 27(0.65234); 28(6.19145); 29(6.50331); 30(5.45457); 31(1.43146); 32(2.01786); 33(4.84568); 34(0.74441); 35(0.32067); 36(1.75043); 37(2.66591); 38(0.1437); 39(2.24008); 40(3.21175); 41(2.11832); 42(0.32274); 43(1.71239); 44(0.26199); 45(1.58992); 46(2.33328); 47(8.19599); 48(7.31577); 49(8.31405); 50(4.43454); 51(6.55148); 52(6.07043); 53(4.36162); 54(0.74849); 55(7.62608); 56(5.77246); 57(2.14852); 58(2.56864); 59(6.16198); 60(3.70363); 61(5.59431); 62(2.39578); 63(5.9081); 64(4.19248); 65(6.19326); 66(5.09897); 67(5.44411); 68(2.04848); 69(1.87564); 70(2.90736); 71(8.26434); 72(4.07868); 73(3.30828); 74(8.80352); 75(0.17152); 76(2.39284); 77(2.94363); 78(6.11234); 79(3.42392); 80(7.76156); 81(2.28486); 82(6.13984); 83(1.65663); 84(3.8232); 85(6.86601); 86(0.95712); 87(6.95892); 88(0.32069); 89(0.88745); 90(4.73844); 91(2.44433); 92(8.34692); 93(5.34099); 94(0.46471); 95(4.647); 96(2.98261); 97(6.0364); 98(2.63778); 99(4.27448); 100(4.30878); 101(2.76847); 102(6.7979); 103(6.38685); 104(4.83049); 105(4.02239); 106(4.30471); 107(2.75473); 108(0.959); 109(5.69487); 110(2.72241); 111(7.85841); 112(0.77722); 113(3.87749); 114(2.46948); 115(8.86508); 116(1.15684); 117(1.33307); 118(0.10946); 119(8.72167); 120(1.77528); 121(2.28391); 122(0.53493); 123(5.72253); 124(1.41382); 125(0.27669); 126(3.71968); 127(2.24414); 128(1.69743); 129(1.528); 130(6.60518); 131(6.61439); 132(5.14264); 133(5.32883); 134(0.09517); 135(8.23322); 136(6.23691); 137(3.52799); 138(2.23812); 139(0.00144); 140(6.96919); 141(0.31364); 142(0.46519); 143(3.74191); 144(3.19936); 145(0.65752); 146(6.11706); 147(2.11508); 148(4.6997); 149(8.08616); 150(7.78415); 151(5.95889); 152(4.57746); 153(2.19354); 154(2.07973); 155(7.13623); 156(2.879); 157(3.94746); 158(4.81281); 159(2.86454); 160(2.16599); 161(3.27034); 162(2.82089); 163(2.23711); 164(6.5554); 165(1.49896); 166(3.60143); 167(1.52239); 168(2.84493); 169(4.47359); 170(1.60778); 171(7.80005); 172(7.05645); 173(1.38593); 174(6.6174); 175(3.69506); 176(6.64721); 177(2.51942); 178(5.19584); 179(2.12431); 180(3.57802); 181(6.71817); 182(2.19979); 184(1.63959); 185(7.57966); 186(6.45325); 187(2.51341); 188(2.79386); 189(6.95294); 190(6.04772); 191(2.96738); 192(6.1694); 193(6.94719); 194(5.88285); 195(8.04068); 196(8.23536); 197(8.34342); 198(1.89662); 199(2.42782); 200(3.16243); 201(6.64333); 202(8.4574); 203(0.81583); 204(0.29142); 205(2.12482); 206(3.35424); 207(0.16456); 208(1.62334); 209(0.76047); 210(6.99406); 211(4.52482); 212(7.69188); 213(1.19556); 214(7.5471); 215(2.66857); 216(3.64638); 217(3.07544); 218(8.86264); 219(7.86299); 220(1.96007); 221(8.03794); 222(1.40828); 223(4.69927); 224(7.88867); 225(6.70969); 226(8.53172); 227(4.5986); 228(5.80411); 229(0.5588); 230(8.41333); 231(8.72613); 232(5.20711); 233(6.89812); 234(1.64195); 235(5.41238); 236(2.49379); 237(8.48601); 238(6.87291); 239(4.8733); 240(8.36969); 241(7.87478); 242(7.54882); 243(2.49406); 244(1.86238); 245(2.75505); 246(4.08109); 247(5.95125); 248(4.04143); 249(8.48708); 250(6.79254); 251(5.75927); 252(4.55982); 253(3.10571); 254(1.74335); 255(8.07878); 256(1.72518); 257(3.7179); 258(0.77711); 259(0.174); 260(4.47717); 261(6.11603); 262(6.48757); 263(6.33404); 264(4.32064); 265(3.37634); 266(2.89533); 267(8.65988); 268(7.50783); 269(8.75416); 270(3.05488); 271(0.41197); 272(1.58576); 273(6.92983); 274(4.94536); 275(4.83642); 276(7.25456); 277(6.73747); 278(1.04629); 279(7.1956); 280(3.19509); 281(6.55015); 282(5.77482); 283(5.10165); 284(1.12625); 285(8.18737); 286(7.88006); 287(6.25596); 288(5.25157); 289(0.54667); 290(8.3142); 291(8.6315); 292(7.26288); 293(0.34674); 294(1.34448); 295(1.09635); 296(7.20712); 297(5.32782); 298(8.94639); 299(8.81395),1281.32792,1281.32792,4.285377658862875,2.5663485411879257,8.94639,0.00144,0.4061551837501912,1
184,0(4.56025); 1(0.8783); 2(4.43209); 3(6.60405); 4(1.19305); 5(3.86152); 6(5.76249); 7(4.74374); 8(6.873); 9(0.96785); 10(3.17542); 11(1.25056); 12(4.02629); 13(3.40237); 14(4.68118); 15(0.19344); 16(3.238); 17(0.92913); 18(1.76814); 19(2.89719); 20(6.15877); 21(3.06843); 22(8.93553); 23(5.56379); 24(7.48484); 25(3.03207); 26(3.18581); 27(2.32308); 28(7.70318); 29(2.89926); 30(3.05838); 31(4.50765); 32(5.86038); 33(0.91538); 34(2.50233); 35(0.57283); 36(2.88889); 37(3.23713); 38(3.21264); 39(1.36487); 40(4.00793); 41(3.18786); 42(6.90896); 43(0.51393); 44(5.20272); 45(7.19635); 46(6.10168); 47(4.17311); 48(2.96326); 49(0.79037); 50(7.4178); 51(4.51857); 52(0.28595); 53(2.64544); 54(3.72532); 55(2.85735); 56(5.1276); 57(4.12098); 58(4.45995); 59(0.80226); 60(0.1273); 61(2.95418); 62(0.66983); 63(5.65713); 64(3.05501); 65(8.39707); 66(6.37299); 67(6.06017); 68(8.61893); 69(7.78855); 70(1.02075); 71(1.72183); 72(4.09097); 73(7.59873); 74(8.67517); 75(5.65489); 76(8.54961); 77(0.96129); 78(3.45977); 79(8.90321); 80(3.70681); 81(7.99796); 82(5.73598); 83(6.16943); 84(4.08498); 85(0.09023); 86(1.4985); 87(2.09862); 88(4.66772); 89(8.87135); 90(0.31672); 91(1.52355); 92(0.89783); 93(8.8409); 94(6.58197); 95(0.83306); 96(4.68341); 97(0.71542); 98(3.58636); 99(3.75331); 100(8.32705); 101(4.691); 102(2.77811); 103(6.70158); 104(8.17821); 105(8.33948); 106(7.02868); 107(7.24413); 108(2.61879); 109(7.02999); 110(6.187); 111(4.92423); 112(2.07206); 113(1.49916); 114(7.77593); 115(0.40204); 116(4.11895); 117(1.87149); 118(6.10444); 119(5.92162); 120(6.45593); 121(8.09186); 122(0.05726); 123(1.82841); 124(5.39836); 125(8.74005); 126(6.62374); 127(7.74718); 128(4.90585); 129(3.75113); 130(2.59528); 131(3.69885); 132(2.66928); 133(0.49715); 134(3.28739); 135(4.89457); 136(8.32654); 137(2.55551); 138(0.503); 139(2.07306); 140(0.48637); 141(3.26914); 142(0.3173); 143(3.14632); 144(0.58617); 145(0.32795); 146(3.03906); 147(1.51961); 148(4.86945); 149(8.6835); 150(4.06425); 151(8.02213); 152(8.13379); 153(3.30495); 154(2.86962); 155(7.39573); 156(8.47147); 157(3.73857); 158(0.157); 159(5.2516); 160(8.30029); 161(7.30481); 162(3.41824); 163(6.71929); 164(5.76402); 165(6.44351); 166(6.91021); 167(5.30069); 168(1.40324); 169(7.13974); 170(7.64864); 171(8.93893); 172(6.67247); 173(2.33709); 174(1.09222); 175(7.36446); 176(3.01381); 177(4.87669); 178(7.0132); 179(2.29311); 180(0.99358); 181(2.60314); 182(2.78831); 183(1.63959); 185(7.53747); 186(5.32157); 187(0.63947); 188(4.82656); 189(7.59083); 190(0.39335); 191(2.51537); 192(6.35008); 193(0.39933); 194(3.16514); 195(1.06654); 196(3.98837); 197(7.2814); 198(4.12111); 199(7.65206); 200(5.08538); 201(5.617); 202(2.34241); 203(7.10242); 204(4.36931); 205(2.76094); 206(4.7369); 207(7.17098); 208(3.90377); 209(7.72021); 210(6.26768); 211(4.45279); 212(7.91909); 213(0.88319); 214(1.68911); 215(7.7892); 216(2.35852); 217(0.35084); 218(8.87968); 219(1.51906); 220(0.33688); 221(5.83818); 222(0.65816); 223(7.84269); 224(4.76854); 225(3.02215); 226(8.88761); 227(7.88373); 228(2.94233); 229(3.86307); 230(2.33835); 231(8.6478); 232(4.3964); 233(7.12298); 234(5.47712); 235(1.32877); 236(2.41584); 237(0.87004); 238(7.7036); 239(1.22735); 240(7.20676); 241(8.37016); 242(3.96776); 243(6.54734); 244(6.80034); 245(5.99722); 246(4.84891); 247(8.847); 248(1.5337); 249(3.81566); 250(0.58388); 251(5.73495); 252(8.2459); 253(0.12722); 254(6.63279); 255(8.0541); 256(2.24363); 257(4.12237); 258(0.16024); 259(3.86727); 260(5.23801); 261(3.91798); 262(3.81925); 263(1.32856); 264(8.35413); 265(4.81132); 266(4.47446); 267(3.97575); 268(8.57814); 269(6.29071); 270(5.87554); 271(1.59418); 272(7.64644); 273(5.98449); 274(8.36644); 275(5.6282); 276(7.57195); 277(3.54085); 278(7.28636); 279(4.45913); 280(6.48781); 281(3.803); 282(1.44406); 283(3.14304); 284(5.25139); 285(7.19487); 286(2.34606); 287(5.83175); 288(5.26275); 289(6.77098); 290(4.5676); 291(1.65105); 292(7.40204); 293(6.17186); 294(7.65285); 295(7.43293); 296(0.09317); 297(7.3103); 298(6.70862); 299(6.34715),1334.72087,1334.72087,4.463949397993312,2.6032212531900756,8.93893,0.05726,0.41780153119915364,1
185,0(6.58559); 1(5.97184); 2(0.58228); 3(5.80059); 4(8.72514); 5(7.80864); 6(3.34351); 7(6.31689); 8(2.15346); 9(0.28741); 10(8.11905); 11(7.24267); 12(7.8258); 13(1.89448); 14(2.70408); 15(0.96072); 16(7.60439); 17(5.96106); 18(7.86943); 19(5.24741); 20(3.43822); 21(7.71475); 22(8.56743); 23(0.90014); 24(4.33834); 25(6.46501); 26(6.96859); 27(1.14992); 28(7.79231); 29(2.81517); 30(8.57965); 31(6.92349); 32(0.6908); 33(0.60672); 34(4.84607); 35(5.08392); 36(4.06141); 37(1.40942); 38(7.02604); 39(8.4656); 40(0.30015); 41(5.97742); 42(0.32982); 43(6.78593); 44(7.61717); 45(8.46973); 46(6.30947); 47(3.24129); 48(0.65652); 49(0.15326); 50(2.62332); 51(8.77717); 52(6.57222); 53(4.75052); 54(7.86535); 55(1.11281); 56(2.91101); 57(1.22964); 58(5.0086); 59(8.94095); 60(3.48974); 61(4.83651); 62(3.91964); 63(1.00812); 64(7.17798); 65(2.96346); 66(6.22552); 67(0.4409); 68(7.50498); 69(5.72186); 70(3.45797); 71(7.17979); 72(5.25459); 73(4.45835); 74(2.01688); 75(4.34126); 76(8.73875); 77(6.31685); 78(5.60667); 79(0.07042); 80(6.12001); 81(2.51292); 82(2.23595); 83(4.9761); 84(7.92279); 85(1.20351); 86(6.08517); 87(1.74802); 88(7.67633); 89(1.47608); 90(7.6365); 91(1.61891); 92(0.13372); 93(1.30106); 94(5.86099); 95(7.79332); 96(2.99797); 97(2.10021); 98(0.55099); 99(1.93353); 100(6.42202); 101(0.24452); 102(1.67431); 103(8.31573); 104(7.8852); 105(5.70252); 106(8.02332); 107(1.05503); 108(3.49803); 109(7.56929); 110(0.03142); 111(5.49174); 112(7.75944); 113(6.27); 114(4.18208); 115(6.36646); 116(8.15732); 117(8.33067); 118(7.76115); 119(5.34242); 120(6.79765); 121(5.6548); 122(7.62526); 123(5.76587); 124(5.19135); 125(2.99985); 126(2.04131); 127(1.03266); 128(3.37686); 129(3.35371); 130(8.91248); 131(6.15424); 132(8.7062); 133(2.08901); 134(6.51815); 135(1.9008); 136(8.16138); 137(6.37054); 138(4.87405); 139(3.71339); 140(0.13495); 141(7.89536); 142(0.0668); 143(8.48594); 144(1.63815); 145(2.72122); 146(4.08461); 147(6.44506); 148(1.64361); 149(2.00271); 150(4.4552); 151(7.57094); 152(8.32214); 153(8.80671); 154(2.4506); 155(5.76544); 156(6.02309); 157(4.67463); 158(4.83709); 159(5.05827); 160(2.84115); 161(3.31176); 162(7.5428); 163(4.0456); 164(4.87487); 165(6.42408); 166(7.63226); 167(8.33239); 168(0.70211); 169(4.26565); 170(4.54183); 171(3.26315); 172(7.62098); 173(4.18395); 174(0.07273); 175(5.43491); 176(2.57215); 177(4.73735); 178(4.08786); 179(8.55599); 180(7.98934); 181(5.45313); 182(0.94375); 183(7.57966); 184(7.53747); 186(8.4086); 187(4.52414); 188(2.05347); 189(0.55636); 190(4.60296); 191(8.83453); 192(0.41097); 193(3.255); 194(3.89239); 195(4.48668); 196(1.61226); 197(5.77); 198(2.64854); 199(4.10964); 200(7.18863); 201(1.22962); 202(8.27657); 203(8.14798); 204(8.75574); 205(3.40568); 206(1.85946); 207(5.89554); 208(7.7819); 209(6.94518); 210(5.49827); 211(4.01163); 212(6.6451); 213(7.78707); 214(1.86573); 215(3.6082); 216(1.42944); 217(3.27428); 218(2.33972); 219(3.66066); 220(5.48964); 221(2.89718); 222(4.49639); 223(2.65293); 224(7.90109); 225(4.90416); 226(8.5226); 227(3.54574); 228(2.6851); 229(6.71577); 230(1.11013); 231(6.45471); 232(3.83019); 233(6.5996); 234(8.8024); 235(4.85158); 236(1.65649); 237(3.76479); 238(3.81045); 239(5.17892); 240(2.46171); 241(0.30577); 242(7.28637); 243(7.13272); 244(1.7133); 245(4.83046); 246(7.96936); 247(0.68724); 248(4.3986); 249(6.5585); 250(1.59096); 251(8.90311); 252(1.23012); 253(1.20077); 254(5.08888); 255(0.81385); 256(5.28336); 257(0.78373); 258(6.12703); 259(3.80644); 260(5.04539); 261(8.67097); 262(1.91426); 263(5.81841); 264(2.23509); 265(0.45746); 266(1.48433); 267(2.12475); 268(1.66372); 269(3.33854); 270(2.07183); 271(8.45828); 272(4.16424); 273(4.67499); 274(5.84824); 275(4.05967); 276(4.98153); 277(0.91171); 278(0.7131); 279(3.89145); 280(6.97594); 281(4.8291); 282(2.29856); 283(3.8995); 284(1.6523); 285(0.4599); 286(6.37349); 287(6.27658); 288(6.96408); 289(5.26021); 290(6.32122); 291(6.14491); 292(8.21815); 293(7.56448); 294(5.76177); 295(4.84478); 296(6.72399); 297(1.44633); 298(1.03302); 299(3.47873),1381.91486,1381.91486,4.621788829431438,2.618782447149814,8.94095,0.03142,0.42999507565052975,1
186,0(0.24556); 1(5.1502); 2(5.75446); 3(0.85523); 4(5.57871); 5(7.05442); 6(2.52864); 7(4.33357); 8(0.44501); 9(3.86805); 10(7.25634); 11(1.72476); 12(8.6159); 13(8.90301); 14(6.41022); 15(5.20672); 16(5.00936); 17(7.29418); 18(7.16134); 19(0.49146); 20(0.64837); 21(8.87136); 22(3.21863); 23(4.37251); 24(0.23982); 25(1.55978); 26(4.6948); 27(6.40287); 28(7.39532); 29(8.36803); 30(3.39974); 31(8.80462); 32(3.90918); 33(8.79337); 34(7.22526); 35(5.80576); 36(6.92316); 37(8.54937); 38(3.0608); 39(4.13546); 40(4.41688); 41(3.79609); 42(4.0428); 43(7.21432); 44(6.6332); 45(7.70756); 46(2.64062); 47(1.02015); 48(6.79724); 49(4.76555); 50(4.39441); 51(3.70912); 52(8.32099); 53(6.0799); 54(8.47455); 55(0.06856); 56(7.5281); 57(8.16139); 58(4.09402); 59(0.1072); 60(4.12002); 61(5.54989); 62(0.60791); 63(7.84846); 64(6.68405); 65(6.39151); 66(5.96823); 67(3.51851); 68(8.30428); 69(2.37278); 70(1.28701); 71(4.20705); 72(8.47326); 73(5.47888); 74(8.91784); 75(4.25305); 76(4.08191); 77(0.54623); 78(7.57494); 79(7.93274); 80(2.91054); 81(8.26251); 82(5.27561); 83(5.54859); 84(3.05935); 85(3.85873); 86(7.42631); 87(4.14652); 88(0.26561); 89(7.03829); 90(3.25697); 91(3.9664); 92(6.60937); 93(4.59633); 94(2.26367); 95(0.76333); 96(4.67313); 97(2.89139); 98(8.81027); 99(3.84615); 100(1.64296); 101(1.89711); 102(4.32417); 103(8.84807); 104(8.86572); 105(5.28662); 106(6.77838); 107(2.99158); 108(5.06897); 109(2.05185); 110(3.94472); 111(7.66892); 112(4.39085); 113(7.36937); 114(7.45588); 115(5.14952); 116(6.65274); 117(1.70004); 118(3.82086); 119(2.12493); 120(6.01738); 121(5.68309); 122(8.22549); 123(4.71866); 124(8.28135); 125(0.55414); 126(3.44718); 127(2.25778); 128(5.32138); 129(1.62967); 130(7.69548); 131(4.28588); 132(4.40591); 133(3.92737); 134(8.78956); 135(3.89164); 136(8.57367); 137(7.81902); 138(6.79144); 139(6.47846); 140(5.10242); 141(7.27728); 142(0.06365); 143(7.7423); 144(2.35348); 145(7.17649); 146(6.66915); 147(4.54142); 148(2.70998); 149(0.14397); 150(1.46224); 151(2.19217); 152(4.26344); 153(5.02561); 154(2.99311); 155(4.67376); 156(0.62426); 157(6.07235); 158(3.06453); 159(1.55214); 160(2.62835); 161(4.74679); 162(5.03987); 163(2.14221); 164(5.7637); 165(4.2228); 166(3.48692); 167(3.15997); 168(1.22384); 169(6.56578); 170(3.61999); 171(5.19427); 172(5.68665); 173(7.79796); 174(3.70682); 175(4.96927); 176(4.00169); 177(8.70209); 178(1.70686); 179(3.75247); 180(4.20708); 181(6.47214); 182(4.50057); 183(6.45325); 184(5.32157); 185(8.4086); 187(7.07648); 188(8.00563); 189(2.35895); 190(6.34906); 191(4.50365); 192(8.72494); 193(7.09873); 194(2.78171); 195(7.41861); 196(1.99294); 197(2.31583); 198(8.63749); 199(1.47717); 200(1.49743); 201(8.16701); 202(1.82683); 203(6.04277); 204(2.40147); 205(6.33038); 206(6.85725); 207(8.17653); 208(4.95416); 209(0.54717); 210(0.03779); 211(8.16066); 212(7.84977); 213(4.42121); 214(5.7792); 215(1.73518); 216(1.04898); 217(5.98296); 218(5.37035); 219(5.88904); 220(3.74002); 221(8.3258); 222(4.83684); 223(8.36358); 224(5.87503); 225(7.74034); 226(2.3466); 227(3.38399); 228(2.5866); 229(0.78756); 230(5.30559); 231(3.37463); 232(6.10583); 233(8.19534); 234(5.88594); 235(3.17423); 236(3.90083); 237(7.50438); 238(8.68938); 239(0.73135); 240(3.96519); 241(4.51328); 242(5.978); 243(7.77498); 244(7.97963); 245(5.9392); 246(0.0809); 247(1.59935); 248(5.26402); 249(3.37015); 250(6.23986); 251(0.41459); 252(0.4113); 253(7.80906); 254(2.97045); 255(0.65974); 256(1.94491); 257(6.41478); 258(2.4649); 259(6.54908); 260(7.48619); 261(8.99827); 262(7.17058); 263(7.50717); 264(1.27994); 265(3.01755); 266(3.26135); 267(2.82572); 268(2.69783); 269(3.52661); 270(2.32575); 271(3.54511); 272(8.98709); 273(4.23803); 274(8.91906); 275(1.63825); 276(3.96524); 277(3.90168); 278(4.98068); 279(3.11184); 280(5.22622); 281(0.21852); 282(7.26844); 283(8.3703); 284(3.12394); 285(6.15858); 286(7.50543); 287(0.86665); 288(6.39231); 289(7.52479); 290(3.79635); 291(5.8961); 292(4.03952); 293(2.09264); 294(8.54989); 295(5.53699); 296(7.6221); 297(4.79504); 298(1.50531); 299(2.74215),1437.46846,1437.46846,4.807586822742475,2.5129748856428797,8.99827,0.03779,0.4487601005063576,2
187,0(6.36324); 1(8.2326); 2(7.3679); 3(8.14243); 4(7.43404); 5(8.6009); 6(2.63185); 7(6.26039); 8(5.21769); 9(5.93549); 10(0.19858); 11(6.11513); 12(2.79733); 13(8.23818); 14(5.50546); 15(5.80629); 16(4.16687); 17(8.93923); 18(3.28394); 19(0.97735); 20(1.65275); 21(4.2388); 22(3.31057); 23(3.25937); 24(0.96799); 25(2.31425); 26(7.51895); 27(8.70503); 28(4.2576); 29(8.65154); 30(7.10747); 31(5.0619); 32(7.06263); 33(4.77246); 34(3.59499); 35(7.34568); 36(5.74871); 37(7.31289); 38(5.93429); 39(3.46768); 40(5.25625); 41(5.85894); 42(7.46402); 43(1.5575); 44(3.65918); 45(1.83223); 46(7.70124); 47(0.66282); 48(3.57653); 49(5.65038); 50(2.49517); 51(6.83834); 52(7.61758); 53(4.24487); 54(1.99078); 55(0.34054); 56(5.77491); 57(2.01296); 58(1.74137); 59(2.51218); 60(2.63812); 61(5.20023); 62(2.73325); 63(4.84894); 64(0.66942); 65(2.39331); 66(1.12174); 67(6.20748); 68(8.21633); 69(5.62); 70(6.28032); 71(1.58811); 72(8.24816); 73(0.84971); 74(8.06439); 75(0.38248); 76(6.85028); 77(2.7916); 78(0.91715); 79(0.02102); 80(5.68873); 81(8.75332); 82(5.01647); 83(1.25121); 84(6.43403); 85(3.64215); 86(1.97327); 87(6.91871); 88(1.19039); 89(6.55809); 90(1.27581); 91(8.3967); 92(0.86575); 93(8.43156); 94(8.37066); 95(0.81424); 96(8.4776); 97(1.68551); 98(0.54425); 99(5.92558); 100(5.87325); 101(2.84355); 102(2.18008); 103(2.98071); 104(7.72775); 105(8.37857); 106(5.64701); 107(5.38834); 108(8.57991); 109(4.40705); 110(2.07151); 111(6.48754); 112(3.32598); 113(3.60511); 114(5.32709); 115(0.86169); 116(5.56038); 117(8.10054); 118(2.37499); 119(3.48018); 120(1.8317); 121(7.07744); 122(8.93995); 123(8.67195); 124(5.09302); 125(7.54128); 126(3.71156); 127(3.7131); 128(0.57484); 129(5.80392); 130(0.66614); 131(8.54278); 132(7.7448); 133(8.11701); 134(5.19881); 135(1.69752); 136(7.61277); 137(4.10908); 138(2.52311); 139(0.15661); 140(7.52831); 141(6.11183); 142(0.68724); 143(8.27677); 144(5.79323); 145(3.98829); 146(4.12581); 147(8.3055); 148(0.59276); 149(0.33635); 150(7.34896); 151(6.65972); 152(3.01255); 153(2.24263); 154(4.71525); 155(8.82064); 156(4.64184); 157(0.54093); 158(6.09956); 159(3.03043); 160(5.84495); 161(4.89218); 162(0.54283); 163(7.59694); 164(6.39152); 165(6.44201); 166(0.35221); 167(3.43757); 168(0.45045); 169(7.06151); 170(2.79251); 171(1.42737); 172(0.72473); 173(8.78588); 174(0.11851); 175(3.84918); 176(0.9798); 177(7.88586); 178(8.04811); 179(7.33087); 180(1.67949); 181(4.05492); 182(4.47819); 183(2.51341); 184(0.63947); 185(4.52414); 186(7.07648); 188(4.00553); 189(1.44128); 190(8.85953); 191(3.91711); 192(5.74397); 193(2.28551); 194(4.48925); 195(4.83546); 196(3.16583); 197(7.36293); 198(6.66273); 199(8.96844); 200(1.33616); 201(8.01561); 202(1.25561); 203(3.45555); 204(7.30349); 205(0.01993); 206(8.02754); 207(1.76154); 208(3.85109); 209(7.89087); 210(1.69409); 211(5.18479); 212(5.04224); 213(3.632); 214(7.69921); 215(6.33557); 216(2.94254); 217(7.80436); 218(5.19429); 219(7.82319); 220(4.71386); 221(5.97144); 222(3.95808); 223(0.37784); 224(8.43685); 225(5.40704); 226(0.03535); 227(8.43213); 228(3.17573); 229(4.20513); 230(1.30929); 231(0.75346); 232(4.13086); 233(1.05087); 234(0.67139); 235(2.57493); 236(1.41762); 237(1.11756); 238(8.71186); 239(1.86422); 240(6.24589); 241(1.81079); 242(2.91669); 243(3.39325); 244(8.07327); 245(7.27708); 246(3.78023); 247(2.75608); 248(5.5863); 249(2.24762); 250(6.05121); 251(3.22732); 252(4.34964); 253(4.39047); 254(2.21708); 255(3.96143); 256(7.56742); 257(3.34091); 258(1.73211); 259(2.65916); 260(3.68568); 261(4.48132); 262(3.66694); 263(6.54573); 264(5.2911); 265(8.70657); 266(8.08804); 267(2.30724); 268(5.98974); 269(7.86067); 270(2.58546); 271(7.14133); 272(8.32047); 273(5.6429); 274(2.97941); 275(2.84887); 276(2.57688); 277(7.70191); 278(2.39746); 279(1.95739); 280(7.24122); 281(2.09186); 282(7.19519); 283(6.25873); 284(7.05001); 285(4.69792); 286(0.65564); 287(4.81452); 288(1.66882); 289(6.65279); 290(5.03916); 291(3.41515); 292(0.85961); 293(1.8473); 294(0.09372); 295(2.25773); 296(7.65051); 297(5.97198); 298(1.77928); 299(4.76481),1351.14037,1351.14037,4.518864113712374,2.6277311603656592,8.96844,0.01993,0.4228651416226231,2
188,0(2.14215); 1(2.1383); 2(2.36603); 3(2.42119); 4(2.75304); 5(5.79977); 6(7.26536); 7(3.84466); 8(1.53588); 9(7.77837); 10(2.62982); 11(0.46174); 12(7.57644); 13(0.08235); 14(2.96275); 15(1.66225); 16(7.0952); 17(5.2979); 18(5.48836); 19(6.11628); 20(4.31446); 21(4.43694); 22(2.50658); 23(7.94029); 24(5.61829); 25(1.25346); 26(5.12627); 27(7.25946); 28(3.57375); 29(2.01693); 30(0.67619); 31(8.25987); 32(4.2455); 33(4.41203); 34(7.91745); 35(7.66154); 36(6.04156); 37(2.23098); 38(3.04192); 39(5.18315); 40(2.25055); 41(0.68975); 42(3.18449); 43(5.54448); 44(8.05315); 45(2.24682); 46(0.79134); 47(6.9582); 48(0.13215); 49(2.06101); 50(6.94245); 51(0.05346); 52(3.8845); 53(3.21881); 54(4.84476); 55(2.4093); 56(4.34905); 57(4.95832); 58(2.40144); 59(5.73697); 60(2.84763); 61(8.35908); 62(5.41071); 63(7.73977); 64(4.796); 65(3.01508); 66(8.48359); 67(7.65178); 68(0.67923); 69(3.95032); 70(5.29012); 71(5.46169); 72(0.30252); 73(3.33851); 74(3.02167); 75(5.62371); 76(1.50243); 77(2.31563); 78(8.25204); 79(3.17953); 80(6.56015); 81(1.83735); 82(3.75048); 83(8.57885); 84(8.8534); 85(6.29693); 86(2.41852); 87(7.80703); 88(1.04981); 89(5.52258); 90(6.35959); 91(2.24085); 92(5.21221); 93(1.57231); 94(0.43962); 95(5.62785); 96(5.12445); 97(0.08093); 98(3.2016); 99(7.49508); 100(4.08688); 101(6.42149); 102(5.55756); 103(0.57897); 104(7.79887); 105(0.05447); 106(3.70564); 107(1.88301); 108(3.5077); 109(2.16094); 110(6.94478); 111(5.02342); 112(8.94293); 113(7.09417); 114(0.34765); 115(1.33627); 116(4.3133); 117(2.36521); 118(5.37954); 119(1.33889); 120(0.61691); 121(2.91493); 122(8.97895); 123(4.32579); 124(6.11637); 125(8.46926); 126(4.99431); 127(3.86265); 128(6.99023); 129(8.72042); 130(3.03023); 131(5.07248); 132(0.82638); 133(1.06506); 134(2.81468); 135(2.67605); 136(3.58876); 137(1.68409); 138(7.77444); 139(0.73187); 140(5.12995); 141(7.55502); 142(5.70978); 143(3.51717); 144(7.75796); 145(3.28809); 146(8.86337); 147(3.53257); 148(2.03293); 149(0.27015); 150(0.39988); 151(4.48167); 152(3.31785); 153(0.85288); 154(5.23113); 155(8.92934); 156(7.4117); 157(6.57337); 158(7.50057); 159(4.6732); 160(5.40995); 161(7.32501); 162(5.36399); 163(7.53802); 164(5.74018); 165(6.54883); 166(2.4848); 167(4.72976); 168(5.03802); 169(0.1133); 170(8.43168); 171(3.51777); 172(7.19489); 173(4.70712); 174(8.0168); 175(8.12985); 176(5.92265); 177(8.65597); 178(4.91772); 179(7.87946); 180(0.04402); 181(8.22956); 182(0.35668); 183(2.79386); 184(4.82656); 185(2.05347); 186(8.00563); 187(4.00553); 189(5.82927); 190(4.68582); 191(3.56161); 192(7.79876); 193(2.92057); 194(8.08732); 195(0.83319); 196(8.50336); 197(7.78978); 198(6.69257); 199(4.70269); 200(1.08678); 201(3.35282); 202(2.75703); 203(8.74608); 204(8.03809); 205(3.33328); 206(5.00855); 207(1.3912); 208(3.08289); 209(7.88604); 210(6.96571); 211(0.41141); 212(0.8303); 213(4.65); 214(0.24193); 215(5.53139); 216(5.2559); 217(4.1429); 218(1.70408); 219(2.41323); 220(7.44518); 221(1.41133); 222(6.74902); 223(1.96866); 224(2.34221); 225(0.5207); 226(7.43455); 227(6.12872); 228(4.83866); 229(4.14338); 230(4.67384); 231(7.829); 232(6.93293); 233(4.88404); 234(2.47597); 235(2.12862); 236(1.53313); 237(6.78617); 238(8.5539); 239(5.02154); 240(6.98822); 241(1.56278); 242(8.74131); 243(8.37475); 244(1.72225); 245(6.51053); 246(5.50215); 247(7.53079); 248(0.33759); 249(8.38676); 250(0.07307); 251(7.15733); 252(1.2676); 253(8.10273); 254(5.66145); 255(8.77007); 256(5.10019); 257(4.77763); 258(8.80239); 259(1.95095); 260(7.76846); 261(4.01644); 262(5.473); 263(8.80985); 264(4.92825); 265(3.11931); 266(7.09442); 267(2.87936); 268(6.01609); 269(8.92634); 270(0.66773); 271(2.63006); 272(2.36916); 273(4.89855); 274(1.62262); 275(6.91097); 276(4.92916); 277(0.99846); 278(4.099); 279(5.39854); 280(7.98023); 281(5.35657); 282(8.78258); 283(6.73154); 284(4.14634); 285(1.95366); 286(3.39993); 287(0.85924); 288(8.8835); 289(3.58788); 290(2.3621); 291(4.17826); 292(5.06053); 293(7.33458); 294(0.74); 295(3.17185); 296(1.50977); 297(8.69946); 298(8.60493); 299(5.08532),1363.54198,1363.54198,4.560341070234114,2.6146265968878555,8.97895,0.04402,0.4252704592239506,1
189,0(0.45134); 1(1.92162); 2(6.25137); 3(5.2531); 4(2.81555); 5(2.64294); 6(5.07277); 7(5.67928); 8(3.92794); 9(0.13324); 10(7.01398); 11(6.43924); 12(0.87112); 13(4.02834); 14(5.72706); 15(1.25467); 16(2.36042); 17(8.99166); 18(3.23113); 19(3.27243); 20(0.47529); 21(8.15523); 22(8.76219); 23(1.05481); 24(0.47729); 25(8.39721); 26(2.30412); 27(5.65978); 28(1.9259); 29(5.20463); 30(4.3129); 31(4.80983); 32(4.40741); 33(3.4558); 34(2.30797); 35(3.21891); 36(5.23012); 37(2.11502); 38(1.87516); 39(7.12957); 40(0.82053); 41(3.99209); 42(1.4423); 43(5.69139); 44(7.96949); 45(3.70943); 46(5.82798); 47(3.29907); 48(0.84642); 49(1.08091); 50(0.01723); 51(1.7801); 52(8.46153); 53(0.84554); 54(1.2003); 55(3.09935); 56(1.00236); 57(2.56702); 58(5.96543); 59(4.02916); 60(6.95334); 61(4.85586); 62(3.92186); 63(3.36214); 64(3.73901); 65(4.46785); 66(3.19944); 67(0.73849); 68(5.75522); 69(5.34322); 70(8.28062); 71(0.02455); 72(2.85992); 73(7.2354); 74(1.60185); 75(4.00959); 76(0.03615); 77(5.01162); 78(0.29579); 79(3.9322); 80(3.95468); 81(8.37797); 82(1.48371); 83(3.43255); 84(0.55809); 85(5.46128); 86(6.96841); 87(1.60705); 88(5.93204); 89(8.29806); 90(0.1804); 91(0.18571); 92(6.22206); 93(4.18319); 94(7.5998); 95(3.46285); 96(0.28722); 97(0.85726); 98(1.9581); 99(8.96034); 100(0.76494); 101(7.84223); 102(6.31397); 103(3.90499); 104(2.07161); 105(5.20575); 106(2.79543); 107(6.92043); 108(0.83447); 109(0.90024); 110(0.19624); 111(2.65839); 112(8.77789); 113(1.3023); 114(7.52941); 115(4.76059); 116(0.4351); 117(4.3486); 118(6.17766); 119(4.34162); 120(7.98515); 121(2.83806); 122(6.98152); 123(4.51394); 124(3.42465); 125(1.75013); 126(4.89536); 127(6.19348); 128(0.07326); 129(6.93274); 130(0.96524); 131(2.58393); 132(0.25964); 133(4.60359); 134(4.07954); 135(4.16861); 136(8.4585); 137(6.18216); 138(8.33874); 139(4.29834); 140(7.71255); 141(7.26371); 142(5.14211); 143(2.36662); 144(5.23811); 145(2.03076); 146(3.27361); 147(6.85041); 148(4.99463); 149(3.05792); 150(5.68037); 151(4.85731); 152(2.16117); 153(1.27635); 154(6.63082); 155(0.40081); 156(0.13163); 157(7.60441); 158(1.81011); 159(2.123); 160(4.49354); 161(2.2313); 162(2.34583); 163(4.68706); 164(8.06642); 165(2.99154); 166(2.26983); 167(7.30894); 168(0.41312); 169(2.73791); 170(8.98668); 171(3.34105); 172(8.10072); 173(3.8218); 174(7.0433); 175(5.27818); 176(0.09824); 177(0.88035); 178(7.83481); 179(1.54892); 180(7.79949); 181(1.98847); 182(1.35689); 183(6.95294); 184(7.59083); 185(0.55636); 186(2.35895); 187(1.44128); 188(5.82927); 190(6.19136); 191(5.25018); 192(5.44066); 193(6.92606); 194(2.6062); 195(1.31376); 196(6.63528); 197(8.22517); 198(7.49326); 199(4.70534); 200(1.91368); 201(0.26603); 202(4.9857); 203(0.52883); 204(2.44519); 205(7.82341); 206(7.31441); 207(7.53569); 208(6.94519); 209(6.63778); 210(3.49752); 211(0.90077); 212(1.30155); 213(7.99127); 214(1.52258); 215(8.48256); 216(6.17347); 217(5.62419); 218(2.57969); 219(4.18882); 220(4.55702); 221(6.89437); 222(3.46555); 223(8.97216); 224(7.55779); 225(5.93535); 226(4.88741); 227(0.60297); 228(2.23747); 229(0.24945); 230(8.58992); 231(7.94379); 232(5.92922); 233(2.63445); 234(7.55364); 235(7.09212); 236(3.61495); 237(0.10698); 238(4.79359); 239(5.64291); 240(6.41389); 241(2.89169); 242(2.82903); 243(8.91417); 244(4.48477); 245(2.28238); 246(6.66692); 247(3.414); 248(2.03661); 249(0.89459); 250(1.74204); 251(5.25307); 252(7.27031); 253(4.52549); 254(5.50332); 255(0.73093); 256(5.04278); 257(5.26018); 258(1.12662); 259(6.50824); 260(4.41098); 261(0.82903); 262(8.85844); 263(6.77435); 264(1.99769); 265(2.91242); 266(4.05661); 267(8.4027); 268(2.97894); 269(3.99077); 270(1.97665); 271(8.55571); 272(2.3256); 273(8.10208); 274(0.03916); 275(5.64628); 276(1.81766); 277(7.27686); 278(2.75725); 279(4.42); 280(6.22512); 281(6.96356); 282(4.50567); 283(4.76064); 284(5.97651); 285(3.626); 286(8.25143); 287(5.03264); 288(4.89156); 289(1.55775); 290(0.99673); 291(1.88295); 292(1.94185); 293(8.02584); 294(1.34843); 295(5.94746); 296(6.52385); 297(0.46528); 298(6.44919); 299(4.38952),1250.81863,1250.81863,4.183339899665553,2.5887647626902703,8.99166,0.01723,0.39375309749671195,1
190,0(4.10964); 1(2.53446); 2(1.32267); 3(5.71503); 4(5.73856); 5(5.76515); 6(4.48942); 7(5.62636); 8(7.52877); 9(6.28542); 10(0.08972); 11(0.06068); 12(3.2736); 13(3.5316); 14(0.54648); 15(3.89122); 16(1.53317); 17(6.06179); 18(6.51901); 19(2.17499); 20(5.35394); 21(3.6642); 22(2.37987); 23(3.12939); 24(7.90545); 25(8.61584); 26(8.3958); 27(3.84714); 28(3.13919); 29(2.37037); 30(8.77506); 31(7.57862); 32(5.3094); 33(2.19655); 34(0.11333); 35(7.01124); 36(7.25296); 37(6.50663); 38(0.36241); 39(5.59562); 40(8.87509); 41(5.36839); 42(3.12946); 43(7.8126); 44(0.81365); 45(1.84434); 46(6.98955); 47(1.4906); 48(6.99811); 49(1.9671); 50(5.10332); 51(6.90997); 52(8.56697); 53(2.13878); 54(5.76014); 55(6.89444); 56(8.47466); 57(6.42737); 58(1.7425); 59(8.02753); 60(6.93176); 61(7.44159); 62(2.88406); 63(8.55337); 64(1.57155); 65(3.75767); 66(5.86192); 67(8.63965); 68(0.87321); 69(5.49349); 70(3.63786); 71(0.52491); 72(6.38176); 73(5.84217); 74(6.05229); 75(2.57813); 76(8.85503); 77(7.56572); 78(5.95851); 79(8.73278); 80(4.93982); 81(7.03785); 82(1.84395); 83(1.15275); 84(8.08203); 85(7.94589); 86(2.53919); 87(6.16758); 88(1.8632); 89(0.07361); 90(4.42704); 91(3.53924); 92(5.60031); 93(2.51052); 94(8.85583); 95(3.6527); 96(1.05243); 97(7.75586); 98(8.6582); 99(6.5415); 100(4.54762); 101(5.03363); 102(3.1873); 103(7.20514); 104(6.21466); 105(8.98985); 106(8.04719); 107(1.33211); 108(2.9802); 109(2.61508); 110(2.38419); 111(1.81145); 112(4.05559); 113(7.05317); 114(2.19368); 115(4.81442); 116(1.8394); 117(5.7223); 118(2.39735); 119(2.80686); 120(7.41351); 121(3.36861); 122(2.6813); 123(4.84067); 124(3.9817); 125(7.32503); 126(8.85357); 127(1.80704); 128(1.5227); 129(3.46853); 130(2.1811); 131(3.86217); 132(8.79529); 133(6.29199); 134(4.59271); 135(4.0369); 136(5.54219); 137(0.74316); 138(7.86064); 139(0.41104); 140(7.40895); 141(8.8154); 142(8.01244); 143(6.37769); 144(0.64393); 145(7.25972); 146(1.80743); 147(0.11375); 148(5.68558); 149(4.53424); 150(3.36991); 151(4.55247); 152(7.09291); 153(5.09949); 154(1.25433); 155(4.11239); 156(8.54625); 157(3.94506); 158(6.26743); 159(7.40743); 160(0.85885); 161(1.83635); 162(8.52583); 163(8.72531); 164(8.95804); 165(3.60374); 166(8.76837); 167(4.36867); 168(7.40923); 169(7.28129); 170(5.47208); 171(0.04022); 172(4.48329); 173(5.57319); 174(8.79569); 175(4.58285); 176(2.59176); 177(4.37926); 178(7.98749); 179(2.52769); 180(1.0087); 181(5.15711); 182(7.83033); 183(6.04772); 184(0.39335); 185(4.60296); 186(6.34906); 187(8.85953); 188(4.68582); 189(6.19136); 191(6.03644); 192(0.39687); 193(2.62486); 194(7.40655); 195(3.25561); 196(0.09458); 197(4.29103); 198(3.36025); 199(1.02601); 200(3.04704); 201(1.21366); 202(7.20295); 203(8.46144); 204(2.64713); 205(8.06373); 206(1.09572); 207(3.94778); 208(3.17948); 209(0.28584); 210(6.94388); 211(8.61101); 212(8.20369); 213(7.01648); 214(8.27899); 215(4.58562); 216(4.89863); 217(0.01371); 218(7.89937); 219(2.54356); 220(4.96467); 221(4.4708); 222(3.85098); 223(3.85162); 224(5.5858); 225(4.49408); 226(6.64933); 227(6.93355); 228(0.38756); 229(2.05163); 230(0.69984); 231(8.41811); 232(3.42679); 233(5.85127); 234(5.55356); 235(5.39689); 236(8.64615); 237(6.09294); 238(8.48981); 239(0.84639); 240(8.99147); 241(6.32988); 242(5.48343); 243(7.64267); 244(3.70259); 245(7.42519); 246(1.0441); 247(1.60969); 248(2.17489); 249(0.00202); 250(1.20392); 251(5.98433); 252(5.8492); 253(3.88993); 254(6.56877); 255(3.24533); 256(7.72613); 257(1.37963); 258(3.55475); 259(8.61761); 260(8.2085); 261(4.18307); 262(8.54568); 263(1.81361); 264(4.63361); 265(8.83384); 266(8.9975); 267(0.34063); 268(0.9478); 269(4.84983); 270(8.33958); 271(0.54264); 272(3.21077); 273(4.59108); 274(5.02095); 275(6.0342); 276(4.02655); 277(1.04631); 278(3.64696); 279(7.05639); 280(5.79503); 281(5.91907); 282(1.77271); 283(7.06033); 284(4.24234); 285(3.36274); 286(7.75829); 287(5.75841); 288(4.93218); 289(6.33399); 290(7.70141); 291(4.89954); 292(3.3245); 293(3.97207); 294(6.37334); 295(2.30655); 296(3.75911); 297(2.89445); 298(2.81572); 299(8.43646),1429.03218,1429.03218,4.779371839464883,2.618976807769351,8.9975,0.00202,0.44119135616430444,2
191,0(4.65678); 1(0.32601); 2(5.09753); 3(4.55541); 4(2.76366); 5(4.17831); 6(0.26617); 7(4.44829); 8(6.23064); 9(7.16979); 10(8.56176); 11(2.59673); 12(6.72501); 13(2.5647); 14(2.36128); 15(8.30742); 16(5.86258); 17(8.50314); 18(1.69041); 19(1.99035); 20(2.24082); 21(4.86863); 22(7.20792); 23(1.75474); 24(0.76553); 25(1.5874); 26(1.7064); 27(7.98333); 28(2.30348); 29(3.40477); 30(3.8042); 31(8.69114); 32(8.97946); 33(3.82621); 34(4.74786); 35(3.59178); 36(0.82551); 37(8.73794); 38(7.72147); 39(6.09194); 40(1.34883); 41(8.11307); 42(4.08598); 43(1.56476); 44(3.88501); 45(2.4694); 46(5.88626); 47(7.35482); 48(5.39658); 49(1.28957); 50(2.42421); 51(4.44426); 52(0.99372); 53(7.39878); 54(6.36846); 55(0.9382); 56(3.15843); 57(5.14548); 58(1.00659); 59(2.80653); 60(6.38578); 61(1.05583); 62(6.28948); 63(3.03429); 64(5.61892); 65(3.61528); 66(8.37048); 67(2.74508); 68(5.5459); 69(6.70218); 70(6.49448); 71(7.59019); 72(0.18459); 73(1.32572); 74(5.22758); 75(2.72731); 76(5.73303); 77(0.90666); 78(2.8899); 79(2.69005); 80(7.35455); 81(7.27507); 82(5.86647); 83(5.9869); 84(7.62259); 85(6.00946); 86(5.42888); 87(8.92296); 88(6.337); 89(4.46218); 90(5.58939); 91(1.79126); 92(1.36689); 93(1.06729); 94(1.12261); 95(1.24617); 96(1.63752); 97(4.035); 98(8.48818); 99(0.33784); 100(5.09167); 101(5.76595); 102(5.57536); 103(2.52294); 104(0.34912); 105(8.96695); 106(6.29232); 107(8.53431); 108(2.90091); 109(3.96365); 110(2.05255); 111(3.80579); 112(8.47326); 113(8.47876); 114(5.85989); 115(6.19888); 116(7.82072); 117(0.98496); 118(6.32112); 119(7.64652); 120(7.35625); 121(8.95791); 122(5.43939); 123(8.93379); 124(6.01669); 125(8.99026); 126(1.05717); 127(4.19614); 128(2.77554); 129(5.94739); 130(2.5716); 131(1.86439); 132(8.8967); 133(1.0765); 134(7.39093); 135(1.00277); 136(6.85749); 137(3.54587); 138(7.12682); 139(3.67747); 140(5.42154); 141(1.35649); 142(7.73493); 143(5.86257); 144(3.37735); 145(7.68344); 146(6.99545); 147(3.7725); 148(2.07981); 149(8.82465); 150(8.43595); 151(5.69149); 152(5.17875); 153(7.23359); 154(0.25783); 155(3.19251); 156(3.21839); 157(4.78179); 158(3.51197); 159(1.51077); 160(1.25184); 161(2.02844); 162(7.48271); 163(4.15477); 164(3.64552); 165(8.12563); 166(5.15439); 167(0.06491); 168(0.66617); 169(3.44453); 170(6.2102); 171(8.15332); 172(1.22001); 173(0.8267); 174(7.69614); 175(2.12445); 176(4.20189); 177(0.23187); 178(6.68515); 179(1.44839); 180(4.45439); 181(0.55627); 182(6.14624); 183(2.96738); 184(2.51537); 185(8.83453); 186(4.50365); 187(3.91711); 188(3.56161); 189(5.25018); 190(6.03644); 192(2.26709); 193(8.36924); 194(1.49901); 195(8.19018); 196(6.55408); 197(5.31767); 198(0.98935); 199(5.32367); 200(6.13191); 201(7.51359); 202(1.89763); 203(4.99061); 204(0.81412); 205(2.02724); 206(0.74084); 207(8.93822); 208(4.62718); 209(3.86964); 210(7.64655); 211(6.19332); 212(4.45673); 213(7.97626); 214(2.93298); 215(8.38607); 216(4.31939); 217(2.64207); 218(7.73025); 219(7.44137); 220(7.55406); 221(3.58878); 222(5.38975); 223(5.45015); 224(3.63899); 225(3.77376); 226(7.97084); 227(4.98342); 228(1.59075); 229(6.17312); 230(6.93653); 231(8.93304); 232(1.21492); 233(4.70867); 234(5.91432); 235(1.63043); 236(6.64647); 237(7.38466); 238(6.78459); 239(4.43358); 240(4.00271); 241(8.51186); 242(6.12354); 243(7.49472); 244(7.90741); 245(6.58141); 246(7.48988); 247(7.55838); 248(4.28815); 249(8.58381); 250(2.94978); 251(8.67338); 252(8.29066); 253(0.70099); 254(7.18544); 255(3.89577); 256(1.85594); 257(6.29402); 258(4.24651); 259(6.349); 260(5.11703); 261(5.36318); 262(2.37541); 263(8.1957); 264(5.14098); 265(6.67302); 266(5.56192); 267(5.1405); 268(2.80233); 269(1.8266); 270(0.02244); 271(7.00141); 272(3.60209); 273(4.88997); 274(6.72454); 275(0.04047); 276(4.1651); 277(7.96972); 278(6.42107); 279(2.15686); 280(7.4737); 281(7.7041); 282(8.63607); 283(6.97668); 284(1.25883); 285(1.33887); 286(6.67374); 287(3.68395); 288(2.95505); 289(1.899); 290(5.83811); 291(0.44098); 292(6.81094); 293(5.14049); 294(7.57114); 295(3.47629); 296(7.65657); 297(3.64493); 298(8.77649); 299(2.68147),1419.12324,1419.12324,4.746231571906355,2.578304084458942,8.99026,0.02244,0.4433797953404441,1
192,0(1.21185); 1(5.04018); 2(7.88804); 3(4.93963); 4(4.17297); 5(8.80014); 6(4.02264); 7(6.75233); 8(4.33573); 9(3.89074); 10(0.44435); 11(8.79132); 12(7.91729); 13(2.67856); 14(4.51133); 15(6.54533); 16(4.4958); 17(8.31086); 18(8.47976); 19(0.8745); 20(6.19809); 21(4.95186); 22(5.64775); 23(2.60576); 24(0.44164); 25(7.08104); 26(8.41537); 27(0.84704); 28(5.02915); 29(8.0407); 30(8.60751); 31(5.92754); 32(2.5875); 33(8.97194); 34(0.95105); 35(8.23352); 36(3.80074); 37(8.67128); 38(2.45146); 39(0.36438); 40(5.34891); 41(6.64816); 42(8.14152); 43(5.43456); 44(6.34361); 45(4.64815); 46(5.79229); 47(2.70263); 48(3.6815); 49(3.19064); 50(4.10941); 51(1.27794); 52(4.25502); 53(5.72386); 54(8.57688); 55(5.25386); 56(6.42576); 57(2.02531); 58(5.12986); 59(7.31713); 60(7.7284); 61(5.31206); 62(8.34341); 63(4.46712); 64(8.91292); 65(1.75197); 66(3.96609); 67(5.04593); 68(1.76523); 69(1.53219); 70(8.42114); 71(4.804); 72(1.48451); 73(7.1549); 74(8.80411); 75(4.41019); 76(1.56959); 77(1.21456); 78(0.59675); 79(2.79341); 80(5.4045); 81(7.13138); 82(3.33953); 83(5.12901); 84(4.96138); 85(6.84556); 86(0.56865); 87(5.74816); 88(5.88943); 89(5.0099); 90(5.29014); 91(1.84972); 92(5.75686); 93(0.30591); 94(3.85078); 95(1.45645); 96(4.22576); 97(3.77013); 98(2.0007); 99(5.98863); 100(2.42202); 101(3.11374); 102(3.78249); 103(4.83307); 104(5.34297); 105(0.33233); 106(1.47235); 107(0.44949); 108(7.54024); 109(2.5806); 110(0.71852); 111(7.66386); 112(7.90341); 113(0.13753); 114(1.03993); 115(5.60319); 116(7.94549); 117(3.01548); 118(7.32673); 119(5.12479); 120(4.00275); 121(8.23331); 122(5.41574); 123(3.17807); 124(8.4937); 125(3.23458); 126(1.26873); 127(5.18888); 128(3.83231); 129(8.05327); 130(4.79083); 131(1.24157); 132(8.11122); 133(4.14703); 134(8.97379); 135(2.4616); 136(4.31368); 137(0.58893); 138(7.95435); 139(5.54541); 140(0.1503); 141(8.38552); 142(5.83103); 143(4.54544); 144(3.70103); 145(7.9984); 146(2.05711); 147(0.37116); 148(5.5624); 149(7.07431); 150(2.17717); 151(8.22762); 152(7.67104); 153(1.10416); 154(8.32696); 155(5.17687); 156(6.38427); 157(6.50869); 158(7.64054); 159(7.36148); 160(7.79179); 161(2.06374); 162(1.26319); 163(3.85805); 164(3.76979); 165(8.90974); 166(2.87398); 167(2.29118); 168(6.55946); 169(2.03542); 170(0.85246); 171(2.7413); 172(2.92503); 173(3.43608); 174(2.02021); 175(7.70055); 176(8.12688); 177(6.08071); 178(1.6739); 179(3.87853); 180(3.88332); 181(0.13597); 182(5.749); 183(6.1694); 184(6.35008); 185(0.41097); 186(8.72494); 187(5.74397); 188(7.79876); 189(5.44066); 190(0.39687); 191(2.26709); 193(0.77782); 194(4.80154); 195(0.00395); 196(6.95723); 197(7.14638); 198(5.34009); 199(6.96066); 200(6.55426); 201(0.29054); 202(2.35013); 203(8.58016); 204(8.20438); 205(8.15067); 206(3.32869); 207(8.58357); 208(5.54961); 209(7.53632); 210(8.86876); 211(5.48406); 212(1.81134); 213(7.00775); 214(7.28704); 215(5.77884); 216(7.14835); 217(5.80887); 218(0.74539); 219(2.67451); 220(0.63351); 221(3.4524); 222(2.68193); 223(1.00337); 224(3.85376); 225(7.07356); 226(7.07816); 227(4.18216); 228(3.30316); 229(5.30428); 230(5.13854); 231(2.49241); 232(5.1786); 233(8.65095); 234(6.45824); 235(5.31495); 236(6.35675); 237(2.04466); 238(2.4232); 239(4.30049); 240(4.76902); 241(4.467); 242(7.43393); 243(3.74148); 244(8.666); 245(5.64258); 246(3.61785); 247(3.28282); 248(6.91714); 249(0.93579); 250(1.26495); 251(8.0455); 252(8.49885); 253(3.24197); 254(3.88058); 255(4.30748); 256(5.996); 257(6.61365); 258(0.26661); 259(6.93941); 260(7.96137); 261(1.47984); 262(4.90205); 263(0.25516); 264(5.00575); 265(3.89943); 266(4.65629); 267(4.37486); 268(4.83717); 269(2.69684); 270(2.47865); 271(4.01558); 272(1.09021); 273(6.30412); 274(6.56121); 275(2.40307); 276(8.62978); 277(4.75555); 278(8.16781); 279(1.86172); 280(1.21539); 281(1.24293); 282(7.32756); 283(3.32003); 284(6.92373); 285(2.27393); 286(2.2937); 287(2.53354); 288(4.18354); 289(1.38755); 290(3.14824); 291(6.82735); 292(8.15813); 293(6.11414); 294(8.68441); 295(4.7085); 296(6.20362); 297(1.60927); 298(4.10338); 299(3.68278),1399.57601,1399.57601,4.6808562207357856,2.5570386179203246,8.97379,0.00395,0.43817478007221544,2
193,0(6.42036); 1(4.76565); 2(1.16818); 3(2.6522); 4(1.2123); 5(3.23266); 6(5.40548); 7(8.61013); 8(4.68031); 9(1.97664); 10(0.31749); 11(0.20214); 12(8.26228); 13(3.39001); 14(5.11926); 15(2.14146); 16(2.39258); 17(5.63373); 18(5.60413); 19(8.79197); 20(1.9646); 21(8.19073); 22(6.02325); 23(5.98511); 24(4.97109); 25(7.75355); 26(7.31522); 27(4.14073); 28(8.79698); 29(3.28586); 30(1.93975); 31(5.27861); 32(8.91846); 33(8.6655); 34(0.31928); 35(3.65392); 36(3.19635); 37(6.29535); 38(4.13456); 39(2.63898); 40(2.07423); 41(1.52689); 42(5.49228); 43(8.58393); 44(7.97602); 45(2.86382); 46(0.83993); 47(4.5573); 48(1.37005); 49(5.93526); 50(1.11061); 51(8.92166); 52(6.3923); 53(4.04604); 54(2.12201); 55(4.0021); 56(7.92086); 57(7.86639); 58(2.01053); 59(2.01541); 60(1.51974); 61(4.92015); 62(5.34484); 63(4.37654); 64(8.17114); 65(3.83828); 66(3.35551); 67(2.26095); 68(3.11113); 69(7.36413); 70(8.42445); 71(3.28691); 72(0.04637); 73(4.45054); 74(1.64553); 75(1.76128); 76(5.9035); 77(3.28525); 78(3.87957); 79(5.03871); 80(0.90651); 81(5.87444); 82(0.19056); 83(8.82776); 84(6.0843); 85(6.89727); 86(5.44436); 87(0.79937); 88(1.0577); 89(0.85829); 90(4.23504); 91(0.44513); 92(2.06875); 93(4.82728); 94(8.3664); 95(7.3283); 96(8.89671); 97(1.34582); 98(1.63842); 99(4.45328); 100(4.57771); 101(5.40326); 102(7.09996); 103(4.36798); 104(5.87467); 105(0.2894); 106(0.48063); 107(7.40714); 108(5.50709); 109(4.95566); 110(0.23709); 111(5.34555); 112(2.64625); 113(7.93529); 114(1.4375); 115(2.67575); 116(5.15009); 117(8.50474); 118(3.45351); 119(4.36515); 120(6.83475); 121(8.77538); 122(1.88758); 123(1.57456); 124(5.05211); 125(6.61684); 126(1.27271); 127(3.50562); 128(0.15772); 129(6.12577); 130(2.10997); 131(5.23447); 132(6.59741); 133(8.50256); 134(3.89667); 135(4.0057); 136(7.99754); 137(7.77201); 138(7.16474); 139(8.10625); 140(3.05209); 141(1.21422); 142(8.01736); 143(6.80148); 144(7.54764); 145(4.03843); 146(2.22848); 147(5.27517); 148(2.25082); 149(2.06096); 150(5.03505); 151(8.71599); 152(6.82408); 153(7.26134); 154(8.04334); 155(3.46174); 156(1.14392); 157(2.55012); 158(6.24247); 159(2.5063); 160(3.54274); 161(8.33256); 162(2.66529); 163(3.27123); 164(6.26233); 165(1.37552); 166(4.1764); 167(6.17275); 168(8.86057); 169(2.52967); 170(3.53668); 171(8.92151); 172(0.56855); 173(2.90834); 174(2.59725); 175(0.64186); 176(0.4093); 177(0.32013); 178(5.90919); 179(4.5407); 180(4.38901); 181(0.9545); 182(7.45737); 183(6.94719); 184(0.39933); 185(3.255); 186(7.09873); 187(2.28551); 188(2.92057); 189(6.92606); 190(2.62486); 191(8.36924); 192(0.77782); 194(6.62145); 195(6.25553); 196(1.22368); 197(4.37679); 198(8.19043); 199(1.11086); 200(1.94757); 201(3.90205); 202(6.1826); 203(7.09876); 204(7.39794); 205(2.26066); 206(0.69868); 207(7.20448); 208(1.27528); 209(3.49129); 210(1.94307); 211(4.65659); 212(8.66349); 213(1.63133); 214(3.99002); 215(7.44072); 216(4.69098); 217(7.27208); 218(4.74454); 219(4.76639); 220(2.33244); 221(6.08654); 222(2.1166); 223(7.83518); 224(8.84581); 225(6.98239); 226(4.12217); 227(0.61523); 228(3.80928); 229(4.80503); 230(7.73949); 231(7.93492); 232(2.12137); 233(7.90941); 234(4.90374); 235(6.73221); 236(4.67092); 237(8.79749); 238(1.20737); 239(8.45541); 240(4.16223); 241(8.04122); 242(5.45653); 243(6.65153); 244(4.36378); 245(6.66852); 246(8.20273); 247(3.76031); 248(1.25292); 249(6.94648); 250(4.34317); 251(8.44508); 252(3.86475); 253(2.19755); 254(2.40328); 255(6.16976); 256(7.2734); 257(3.73384); 258(4.81868); 259(2.83568); 260(0.68893); 261(3.87935); 262(5.34694); 263(5.85768); 264(2.85353); 265(8.42302); 266(0.42488); 267(0.79945); 268(5.36291); 269(7.11255); 270(4.10783); 271(1.92586); 272(7.59088); 273(5.03312); 274(5.366); 275(6.29099); 276(7.19532); 277(5.00552); 278(4.28247); 279(0.04589); 280(7.96377); 281(3.35994); 282(3.13572); 283(4.49287); 284(3.48613); 285(8.63714); 286(4.72); 287(5.7291); 288(8.3203); 289(0.10609); 290(0.11513); 291(5.96507); 292(3.43184); 293(5.0174); 294(0.33025); 295(0.18312); 296(7.57744); 297(6.22938); 298(8.17232); 299(6.41415),1362.36019,1362.36019,4.556388595317726,2.5987465370332883,8.92166,0.04589,0.42627276136902403,1
194,0(2.70549); 1(8.61793); 2(8.93484); 3(3.09658); 4(3.24531); 5(6.88359); 6(7.5431); 7(6.62129); 8(1.63168); 9(4.17669); 10(5.27158); 11(5.74325); 12(8.04348); 13(7.67185); 14(5.28476); 15(0.56307); 16(7.58788); 17(1.58816); 18(5.86959); 19(6.9031); 20(3.15359); 21(8.40107); 22(4.72129); 23(6.459); 24(1.55742); 25(8.34271); 26(6.32152); 27(1.32124); 28(2.06723); 29(1.59464); 30(1.3858); 31(3.59255); 32(0.74257); 33(5.12881); 34(2.15475); 35(3.28364); 36(4.06693); 37(5.04042); 38(1.68791); 39(8.06652); 40(4.90549); 41(0.35608); 42(5.46937); 43(3.49155); 44(3.22049); 45(4.15855); 46(4.40672); 47(8.83786); 48(4.65788); 49(0.65285); 50(3.09437); 51(4.90544); 52(5.91315); 53(3.05026); 54(5.2463); 55(8.24243); 56(4.87726); 57(2.64913); 58(6.60915); 59(8.44891); 60(8.98218); 61(1.59384); 62(5.78392); 63(0.00201); 64(1.53173); 65(8.2243); 66(1.40549); 67(8.54976); 68(6.89389); 69(2.93581); 70(5.10265); 71(6.408); 72(0.75906); 73(4.81252); 74(4.00421); 75(7.35399); 76(5.16572); 77(1.8471); 78(6.52377); 79(3.52546); 80(7.8135); 81(3.11743); 82(2.96042); 83(0.01273); 84(8.92341); 85(7.23994); 86(3.05867); 87(4.77589); 88(2.48524); 89(2.3769); 90(5.79599); 91(1.23266); 92(6.87069); 93(2.0457); 94(7.17392); 95(4.12093); 96(8.68704); 97(7.98442); 98(3.68478); 99(2.03019); 100(1.93684); 101(1.03087); 102(7.06634); 103(5.93256); 104(8.25034); 105(4.35531); 106(0.6634); 107(6.79807); 108(8.15306); 109(2.16759); 110(7.50335); 111(0.5367); 112(4.90827); 113(4.57218); 114(7.89437); 115(7.27298); 116(8.98911); 117(2.91766); 118(6.84889); 119(3.40275); 120(6.56616); 121(8.74246); 122(0.51367); 123(2.40258); 124(4.15092); 125(5.16809); 126(7.67133); 127(7.4939); 128(5.15603); 129(2.97387); 130(6.81588); 131(7.21408); 132(1.36637); 133(7.76387); 134(6.46832); 135(1.61883); 136(3.32183); 137(1.74376); 138(7.40761); 139(7.0835); 140(6.46244); 141(2.45954); 142(7.98196); 143(7.07772); 144(8.01851); 145(5.58155); 146(7.37696); 147(1.92379); 148(2.17906); 149(4.50974); 150(8.2002); 151(2.03226); 152(6.1477); 153(6.99349); 154(3.7138); 155(6.69357); 156(5.40805); 157(4.93345); 158(3.74117); 159(6.08732); 160(4.79223); 161(8.46251); 162(7.20452); 163(8.22262); 164(7.34999); 165(4.04565); 166(7.36628); 167(1.72596); 168(6.69475); 169(5.70407); 170(5.71814); 171(8.56788); 172(7.73506); 173(5.67651); 174(7.80948); 175(5.52753); 176(8.74073); 177(1.72291); 178(6.75); 179(0.62307); 180(2.89322); 181(4.69299); 182(7.48708); 183(5.88285); 184(3.16514); 185(3.89239); 186(2.78171); 187(4.48925); 188(8.08732); 189(2.6062); 190(7.40655); 191(1.49901); 192(4.80154); 193(6.62145); 195(5.4814); 196(8.25608); 197(4.82007); 198(3.94388); 199(6.766); 200(6.25361); 201(4.29292); 202(7.06828); 203(4.27253); 204(3.66726); 205(0.18149); 206(8.6019); 207(4.30527); 208(5.56443); 209(2.03119); 210(6.47711); 211(3.45699); 212(6.97962); 213(7.29727); 214(8.57189); 215(0.68966); 216(4.31917); 217(4.92799); 218(7.92633); 219(8.89961); 220(5.45376); 221(0.71849); 222(0.13741); 223(0.67523); 224(7.70767); 225(4.95736); 226(6.71561); 227(4.39583); 228(5.36874); 229(8.15548); 230(5.11713); 231(0.90632); 232(1.33948); 233(7.72072); 234(4.79555); 235(7.44188); 236(8.74716); 237(7.10978); 238(6.30094); 239(6.8517); 240(7.80865); 241(1.72694); 242(7.47205); 243(7.53075); 244(5.79415); 245(6.96117); 246(5.77757); 247(2.37629); 248(0.61659); 249(3.08435); 250(7.01192); 251(6.35965); 252(4.00505); 253(3.19572); 254(2.38334); 255(8.9592); 256(4.43436); 257(2.80117); 258(6.80766); 259(4.87492); 260(7.61035); 261(7.98273); 262(0.77574); 263(5.73932); 264(0.34395); 265(1.34034); 266(3.19287); 267(1.66956); 268(7.07705); 269(1.56144); 270(6.59199); 271(1.47262); 272(3.16988); 273(5.2793); 274(2.79445); 275(8.48516); 276(3.44669); 277(0.76058); 278(6.55006); 279(4.01863); 280(1.15872); 281(8.08122); 282(4.28642); 283(0.11718); 284(2.10175); 285(1.65684); 286(4.46738); 287(0.30828); 288(8.53532); 289(4.03292); 290(8.62128); 291(4.66958); 292(3.55851); 293(7.58215); 294(8.16006); 295(7.42089); 296(3.7542); 297(0.31156); 298(2.61681); 299(0.47102),1458.59899,1458.59899,4.878257491638796,2.5533007554658087,8.98911,0.00201,0.453035878633446,1
195,0(5.97728); 1(8.87975); 2(4.1563); 3(0.74804); 4(6.57578); 5(4.24448); 6(1.01075); 7(7.31979); 8(6.35904); 9(1.68002); 10(1.91851); 11(8.42027); 12(1.6696); 13(1.9336); 14(1.43127); 15(7.17725); 16(6.20775); 17(3.97077); 18(4.54798); 19(5.60008); 20(1.23115); 21(6.606); 22(0.5634); 23(6.77552); 24(3.02617); 25(3.05711); 26(4.83715); 27(4.36061); 28(8.40737); 29(5.53043); 30(8.67589); 31(3.04595); 32(0.5951); 33(5.60103); 34(8.51284); 35(8.23991); 36(5.95779); 37(1.42356); 38(1.80159); 39(8.82425); 40(2.29736); 41(4.50771); 42(6.85696); 43(1.84059); 44(5.42533); 45(7.09253); 46(3.53307); 47(0.79646); 48(6.93256); 49(6.27035); 50(5.79794); 51(4.13124); 52(0.23485); 53(0.75062); 54(2.48901); 55(2.35123); 56(6.21997); 57(8.51897); 58(2.95914); 59(0.10601); 60(7.13647); 61(1.48653); 62(3.54168); 63(8.84619); 64(2.00823); 65(4.24916); 66(7.49861); 67(5.56207); 68(7.60259); 69(8.03947); 70(7.86376); 71(5.25532); 72(5.90108); 73(6.86895); 74(3.34455); 75(8.74139); 76(6.00601); 77(1.47131); 78(6.55069); 79(3.58224); 80(6.00623); 81(2.29517); 82(7.536); 83(2.84082); 84(0.53627); 85(5.26048); 86(1.80249); 87(2.47129); 88(4.42822); 89(1.59191); 90(3.30822); 91(7.1897); 92(3.23527); 93(2.20729); 94(8.09096); 95(7.84428); 96(5.06448); 97(1.03468); 98(8.52716); 99(7.57424); 100(6.60064); 101(6.69097); 102(2.27724); 103(7.80855); 104(1.06154); 105(7.55859); 106(3.62641); 107(5.8853); 108(5.70351); 109(0.26114); 110(1.40115); 111(7.14595); 112(0.38433); 113(7.63926); 114(4.29618); 115(7.06297); 116(3.35753); 117(8.7396); 118(5.30126); 119(5.18434); 120(2.62451); 121(3.5786); 122(2.19031); 123(2.5736); 124(5.06075); 125(8.14793); 126(5.74717); 127(6.05904); 128(0.96205); 129(5.68382); 130(0.25444); 131(2.93561); 132(1.40527); 133(8.0481); 134(4.05793); 135(7.2029); 136(5.69006); 137(7.89002); 138(7.68462); 139(1.02451); 140(6.36305); 141(0.75954); 142(8.39648); 143(7.8651); 144(7.01184); 145(0.95192); 146(4.42751); 147(1.62311); 148(2.73442); 149(8.3042); 150(7.84153); 151(0.08702); 152(3.37926); 153(8.44343); 154(8.49398); 155(4.12396); 156(6.6816); 157(3.05081); 158(5.16689); 159(2.10698); 160(6.89104); 161(2.06139); 162(5.43027); 163(1.16477); 164(6.42734); 165(1.86321); 166(5.29834); 167(8.05106); 168(2.76391); 169(8.68227); 170(1.58247); 171(2.71256); 172(6.13828); 173(4.64218); 174(6.07409); 175(6.16191); 176(0.82751); 177(6.76827); 178(3.0844); 179(7.99856); 180(8.31172); 181(6.46822); 182(6.11861); 183(8.04068); 184(1.06654); 185(4.48668); 186(7.41861); 187(4.83546); 188(0.83319); 189(1.31376); 190(3.25561); 191(8.19018); 192(0.00395); 193(6.25553); 194(5.4814); 196(2.39543); 197(3.50223); 198(7.52822); 199(8.05851); 200(8.39621); 201(7.66872); 202(6.51751); 203(7.00657); 204(2.43427); 205(8.78221); 206(3.54002); 207(6.75362); 208(6.37476); 209(4.01728); 210(1.16792); 211(6.82277); 212(3.79416); 213(8.91065); 214(1.23925); 215(5.79581); 216(6.04888); 217(3.17642); 218(4.15769); 219(0.15919); 220(1.13183); 221(5.30666); 222(1.35553); 223(1.89261); 224(5.57133); 225(5.25941); 226(2.79272); 227(3.47539); 228(5.73732); 229(0.31705); 230(1.9285); 231(5.18162); 232(2.34245); 233(4.59426); 234(1.62241); 235(1.35516); 236(4.09524); 237(4.05857); 238(1.92322); 239(1.06437); 240(6.31205); 241(7.07424); 242(0.61402); 243(4.37063); 244(2.22827); 245(7.43826); 246(0.10506); 247(4.52903); 248(3.95286); 249(7.60781); 250(6.62366); 251(7.11285); 252(6.83921); 253(5.91698); 254(8.77402); 255(1.53); 256(7.70569); 257(8.271); 258(5.67897); 259(3.64459); 260(8.96939); 261(6.78607); 262(0.12301); 263(2.02534); 264(6.94705); 265(4.39286); 266(6.10284); 267(0.89236); 268(0.27853); 269(0.48322); 270(6.2232); 271(4.2205); 272(2.52124); 273(1.36133); 274(3.11175); 275(7.01187); 276(5.35762); 277(3.51024); 278(1.91643); 279(4.77061); 280(0.84509); 281(0.91982); 282(4.60799); 283(0.95888); 284(0.94059); 285(8.12096); 286(7.78037); 287(0.60159); 288(7.1825); 289(8.0818); 290(1.76473); 291(6.881); 292(2.29213); 293(6.59639); 294(5.38162); 295(0.46166); 296(7.49008); 297(4.59386); 298(6.50064); 299(7.14809),1375.47719,1375.47719,4.600258160535117,2.6325867266678453,8.96939,0.00395,0.42828260037631927,1
196,0(2.38731); 1(5.52562); 2(4.89133); 3(7.1246); 4(5.54203); 5(0.31172); 6(7.70224); 7(1.20289); 8(7.07283); 9(8.59432); 10(6.26544); 11(8.11473); 12(2.85545); 13(4.40366); 14(2.3208); 15(0.07342); 16(6.46424); 17(5.14423); 18(1.04898); 19(7.69512); 20(3.78389); 21(4.8302); 22(3.94933); 23(8.86384); 24(6.629); 25(6.47106); 26(6.16081); 27(6.20738); 28(8.78186); 29(1.67631); 30(2.98603); 31(7.73208); 32(4.80468); 33(8.13661); 34(1.72774); 35(3.51005); 36(7.47554); 37(7.152); 38(1.73067); 39(8.87887); 40(6.00668); 41(1.66028); 42(7.18146); 43(6.91765); 44(3.97433); 45(6.86937); 46(8.89134); 47(3.8825); 48(5.90937); 49(2.26203); 50(6.8753); 51(0.87316); 52(0.33708); 53(3.4159); 54(1.48269); 55(5.95953); 56(5.90678); 57(0.06971); 58(1.88974); 59(7.90124); 60(0.40376); 61(6.48247); 62(2.91885); 63(0.90916); 64(5.07512); 65(6.12744); 66(2.88592); 67(4.34); 68(1.66273); 69(5.38128); 70(5.53164); 71(3.11954); 72(7.79904); 73(0.8514); 74(4.48874); 75(3.41426); 76(3.73865); 77(0.57551); 78(5.21834); 79(8.79235); 80(7.06692); 81(4.9383); 82(8.07466); 83(3.61855); 84(0.75407); 85(7.08769); 86(7.29344); 87(0.15742); 88(2.37625); 89(1.05152); 90(1.73707); 91(4.59208); 92(6.41696); 93(5.75374); 94(8.28275); 95(4.12429); 96(2.81744); 97(2.97509); 98(0.96962); 99(4.54745); 100(1.55832); 101(7.18153); 102(0.86483); 103(1.28293); 104(3.57956); 105(3.22775); 106(1.79684); 107(4.32698); 108(5.28161); 109(5.05938); 110(4.7618); 111(6.66659); 112(8.57499); 113(4.84094); 114(1.68316); 115(3.62489); 116(2.50369); 117(0.00214); 118(3.77189); 119(7.53123); 120(4.01414); 121(8.42284); 122(2.23467); 123(3.12682); 124(7.96763); 125(8.60481); 126(5.62564); 127(6.81393); 128(7.09426); 129(4.01999); 130(2.18602); 131(8.45159); 132(8.62703); 133(3.02882); 134(7.0226); 135(1.05715); 136(2.5429); 137(0.31552); 138(2.75982); 139(7.22644); 140(5.5624); 141(8.22025); 142(4.26814); 143(2.29972); 144(6.86596); 145(7.81697); 146(0.98766); 147(2.10617); 148(0.08421); 149(8.92649); 150(1.84458); 151(1.82548); 152(3.68592); 153(0.07304); 154(2.05557); 155(4.59877); 156(8.14903); 157(2.29665); 158(6.47397); 159(4.28223); 160(4.96154); 161(7.52872); 162(5.02636); 163(8.70122); 164(5.41905); 165(1.8857); 166(2.0565); 167(7.9491); 168(4.55519); 169(8.85811); 170(3.52656); 171(1.34602); 172(5.37586); 173(6.61933); 174(8.8203); 175(0.82289); 176(1.37258); 177(1.90911); 178(3.37363); 179(8.23434); 180(4.60552); 181(8.78951); 182(6.49369); 183(8.23536); 184(3.98837); 185(1.61226); 186(1.99294); 187(3.16583); 188(8.50336); 189(6.63528); 190(0.09458); 191(6.55408); 192(6.95723); 193(1.22368); 194(8.25608); 195(2.39543); 197(8.83762); 198(5.93004); 199(6.3731); 200(2.09851); 201(1.17206); 202(6.55913); 203(2.71615); 204(3.03525); 205(6.32073); 206(3.27905); 207(1.55248); 208(0.0642); 209(2.38863); 210(7.39514); 211(3.6518); 212(0.23826); 213(4.90059); 214(3.83762); 215(4.99184); 216(5.3419); 217(5.79763); 218(7.8522); 219(0.92221); 220(2.34348); 221(6.02202); 222(0.81955); 223(3.31746); 224(8.47409); 225(4.44616); 226(8.32355); 227(4.25491); 228(2.40539); 229(7.76714); 230(1.93682); 231(0.88267); 232(0.04944); 233(7.17031); 234(5.9656); 235(1.09432); 236(5.35061); 237(3.89267); 238(7.94272); 239(0.99027); 240(1.26731); 241(6.33243); 242(1.61025); 243(5.33088); 244(1.2294); 245(0.88466); 246(1.91925); 247(6.85205); 248(8.86522); 249(5.21821); 250(5.95466); 251(1.73172); 252(6.64701); 253(0.59614); 254(7.39918); 255(8.23545); 256(7.83466); 257(1.40323); 258(6.88856); 259(8.38831); 260(0.9105); 261(8.27231); 262(0.63336); 263(8.29334); 264(1.40904); 265(4.55134); 266(3.50697); 267(4.56999); 268(2.40687); 269(3.96277); 270(2.24817); 271(3.50583); 272(6.50488); 273(2.28422); 274(7.30528); 275(6.39584); 276(1.03713); 277(7.31451); 278(7.81219); 279(1.48972); 280(2.01256); 281(4.56381); 282(0.1701); 283(3.76669); 284(0.37642); 285(0.59916); 286(5.90809); 287(8.04288); 288(7.88638); 289(2.75895); 290(6.23373); 291(8.44383); 292(5.15091); 293(1.06997); 294(0.62211); 295(1.753); 296(7.38418); 297(4.14914); 298(4.87883); 299(3.4993),1335.35695,1335.35695,4.466076755852843,2.672735590194214,8.92649,0.00214,0.41583694133286847,1
197,0(2.99149); 1(0.28304); 2(4.059); 3(4.22461); 4(2.26765); 5(7.23283); 6(5.38649); 7(1.04464); 8(5.17759); 9(6.39622); 10(5.98397); 11(7.09069); 12(8.54441); 13(2.93217); 14(7.74289); 15(1.78985); 16(8.5071); 17(0.8919); 18(6.99651); 19(0.69216); 20(8.90762); 21(1.09664); 22(8.66848); 23(7.96245); 24(6.81575); 25(7.91778); 26(5.77788); 27(2.08887); 28(7.80487); 29(1.71221); 30(8.54231); 31(1.70567); 32(8.60888); 33(2.01695); 34(4.70371); 35(5.08018); 36(6.96975); 37(0.07922); 38(1.51207); 39(8.73852); 40(5.23133); 41(7.60724); 42(8.03797); 43(7.50724); 44(5.42125); 45(4.62204); 46(0.59705); 47(3.45749); 48(8.6612); 49(8.79026); 50(4.3298); 51(1.33444); 52(7.54529); 53(5.13557); 54(3.77375); 55(1.47386); 56(3.08508); 57(6.4885); 58(0.53073); 59(4.62577); 60(8.87056); 61(6.23985); 62(8.82279); 63(3.52284); 64(7.4292); 65(2.51541); 66(2.93536); 67(2.43122); 68(1.12491); 69(1.42146); 70(2.18333); 71(0.65339); 72(4.88015); 73(1.01961); 74(7.14889); 75(6.9127); 76(4.15798); 77(5.63217); 78(6.7201); 79(3.36508); 80(1.53057); 81(1.15593); 82(4.14894); 83(5.81387); 84(2.95855); 85(3.58466); 86(6.07615); 87(3.2); 88(1.69523); 89(4.55025); 90(8.96252); 91(7.09273); 92(0.82311); 93(0.47085); 94(5.48195); 95(5.51988); 96(3.14232); 97(6.55432); 98(2.61807); 99(4.30708); 100(5.90745); 101(1.97757); 102(2.47904); 103(2.49386); 104(0.68089); 105(8.76872); 106(8.85021); 107(6.21461); 108(4.15251); 109(6.4952); 110(7.97035); 111(1.19222); 112(4.79614); 113(6.2465); 114(3.27067); 115(0.80796); 116(3.29494); 117(2.28293); 118(0.24659); 119(1.26146); 120(8.46477); 121(2.15656); 122(3.71681); 123(6.6324); 124(0.45109); 125(4.37127); 126(0.9548); 127(2.46033); 128(6.723); 129(6.39734); 130(6.58668); 131(7.49557); 132(6.16475); 133(4.36539); 134(4.57701); 135(4.82627); 136(2.93083); 137(4.03463); 138(1.19353); 139(6.5862); 140(1.90931); 141(5.10304); 142(3.46845); 143(4.69279); 144(0.91057); 145(4.21891); 146(1.4431); 147(2.33442); 148(3.14791); 149(2.77029); 150(0.51741); 151(6.64017); 152(2.61623); 153(1.36302); 154(3.88813); 155(0.147); 156(7.02799); 157(1.45274); 158(5.7889); 159(4.37187); 160(3.39808); 161(7.25244); 162(0.16755); 163(4.04156); 164(5.59383); 165(2.4933); 166(5.9071); 167(7.14954); 168(0.90592); 169(4.01637); 170(0.46843); 171(0.17112); 172(0.20462); 173(1.57868); 174(8.08157); 175(0.33193); 176(2.02267); 177(1.35201); 178(1.29226); 179(6.63909); 180(6.64255); 181(5.94431); 182(4.82986); 183(8.34342); 184(7.2814); 185(5.77); 186(2.31583); 187(7.36293); 188(7.78978); 189(8.22517); 190(4.29103); 191(5.31767); 192(7.14638); 193(4.37679); 194(4.82007); 195(3.50223); 196(8.83762); 198(5.94874); 199(0.65771); 200(6.45366); 201(4.53726); 202(1.34291); 203(7.13209); 204(5.50173); 205(6.33023); 206(8.55369); 207(6.66028); 208(5.1905); 209(6.59047); 210(7.07621); 211(8.89099); 212(1.91036); 213(7.13811); 214(3.21313); 215(2.98034); 216(1.21981); 217(3.46743); 218(0.2076); 219(0.95023); 220(5.16283); 221(0.39348); 222(5.64071); 223(5.56889); 224(7.08369); 225(3.09429); 226(0.07358); 227(6.02896); 228(1.19606); 229(6.51423); 230(2.65675); 231(8.4404); 232(3.22449); 233(7.24229); 234(1.00742); 235(8.80357); 236(4.66818); 237(0.83156); 238(8.34449); 239(6.27194); 240(3.64096); 241(3.84126); 242(2.65064); 243(1.8489); 244(5.67252); 245(1.53366); 246(4.65996); 247(7.54691); 248(5.64207); 249(8.66431); 250(8.08091); 251(4.49488); 252(0.47829); 253(4.31995); 254(5.91569); 255(8.79819); 256(2.28372); 257(2.06367); 258(3.06965); 259(6.0813); 260(4.96258); 261(6.81681); 262(3.0028); 263(0.33319); 264(1.97762); 265(1.1224); 266(5.59032); 267(1.11699); 268(4.94767); 269(2.97457); 270(3.30203); 271(6.44967); 272(7.08728); 273(5.34562); 274(5.12745); 275(3.05435); 276(7.76748); 277(1.00657); 278(8.51426); 279(8.34219); 280(8.5282); 281(5.51719); 282(2.79914); 283(4.32167); 284(5.77441); 285(8.20194); 286(6.97604); 287(4.24302); 288(5.51822); 289(2.52167); 290(2.91944); 291(3.28368); 292(6.33834); 293(6.89659); 294(1.06728); 295(8.52332); 296(6.32258); 297(2.11055); 298(7.65256); 299(5.15859),1342.03628,1342.03628,4.488415652173912,2.600160140374396,8.96252,0.07358,0.4216654531580958,2
198,0(5.4009); 1(5.77271); 2(6.94405); 3(2.59757); 4(8.91553); 5(3.67884); 6(0.36314); 7(5.72133); 8(3.48985); 9(2.86786); 10(6.2281); 11(8.44878); 12(7.97839); 13(4.71103); 14(4.49744); 15(4.83011); 16(5.0801); 17(7.51742); 18(4.3008); 19(4.41027); 20(5.50105); 21(5.13905); 22(2.42791); 23(1.23517); 24(5.94684); 25(2.96175); 26(6.26524); 27(4.34004); 28(8.83303); 29(3.89329); 30(4.63022); 31(7.20781); 32(0.81999); 33(7.41614); 34(1.98107); 35(0.54356); 36(3.44684); 37(5.66804); 38(8.55011); 39(2.08876); 40(0.1536); 41(0.79675); 42(6.86301); 43(7.59475); 44(4.4984); 45(8.10633); 46(3.20906); 47(0.80294); 48(4.76836); 49(0.15704); 50(5.3004); 51(3.61495); 52(2.26345); 53(0.18868); 54(1.86998); 55(3.91824); 56(2.73447); 57(2.97641); 58(2.10734); 59(4.87706); 60(5.8556); 61(4.03591); 62(0.60157); 63(2.90377); 64(1.303); 65(7.4749); 66(3.23555); 67(0.56659); 68(6.27154); 69(4.14296); 70(6.15126); 71(5.89883); 72(8.3987); 73(4.96566); 74(7.28246); 75(8.40507); 76(6.56817); 77(0.50271); 78(5.24568); 79(3.12681); 80(4.77825); 81(1.95495); 82(8.44273); 83(0.11044); 84(1.34684); 85(5.88563); 86(0.18958); 87(0.4147); 88(4.26123); 89(4.42428); 90(7.80313); 91(7.97577); 92(3.73383); 93(3.07701); 94(3.2597); 95(2.55727); 96(5.99562); 97(3.49393); 98(4.75387); 99(5.00525); 100(5.64744); 101(2.00894); 102(6.52471); 103(3.12155); 104(3.47161); 105(3.59257); 106(1.91292); 107(6.16448); 108(8.6455); 109(5.85427); 110(3.56633); 111(0.58741); 112(1.42863); 113(0.64606); 114(7.12408); 115(6.54589); 116(1.37242); 117(0.49529); 118(1.59089); 119(8.04054); 120(8.35038); 121(0.82349); 122(6.96938); 123(5.89204); 124(7.5709); 125(5.08661); 126(5.75832); 127(5.3583); 128(1.1123); 129(0.67598); 130(0.43535); 131(6.34075); 132(2.30768); 133(6.84511); 134(2.3108); 135(6.91849); 136(1.04268); 137(2.39618); 138(6.72847); 139(2.45181); 140(3.91584); 141(1.8707); 142(8.83044); 143(4.61728); 144(5.08798); 145(5.79229); 146(4.844); 147(8.99895); 148(4.84755); 149(7.75321); 150(0.66572); 151(3.73497); 152(7.33222); 153(5.32225); 154(1.48706); 155(4.71498); 156(5.48819); 157(0.13145); 158(8.21466); 159(8.05402); 160(3.16901); 161(1.02922); 162(8.05369); 163(0.72766); 164(5.33029); 165(6.17649); 166(0.00623); 167(8.22046); 168(6.9922); 169(4.7703); 170(5.69925); 171(7.88933); 172(6.03331); 173(5.77787); 174(6.08976); 175(4.50059); 176(6.69114); 177(5.01313); 178(2.35963); 179(8.39614); 180(3.82434); 181(3.92586); 182(5.4832); 183(1.89662); 184(4.12111); 185(2.64854); 186(8.63749); 187(6.66273); 188(6.69257); 189(7.49326); 190(3.36025); 191(0.98935); 192(5.34009); 193(8.19043); 194(3.94388); 195(7.52822); 196(5.93004); 197(5.94874); 199(6.34761); 200(8.65709); 201(6.24294); 202(5.54025); 203(4.89996); 204(8.51934); 205(0.1415); 206(4.00973); 207(7.72033); 208(8.08537); 209(1.00142); 210(8.552); 211(0.53644); 212(7.70244); 213(8.61227); 214(6.67513); 215(5.67024); 216(2.3105); 217(8.86035); 218(0.99277); 219(5.68347); 220(1.08025); 221(7.7672); 222(7.18653); 223(5.25929); 224(8.9061); 225(0.7162); 226(6.41427); 227(0.64877); 228(1.88782); 229(4.76361); 230(6.42746); 231(6.02515); 232(2.8764); 233(5.54224); 234(5.32596); 235(8.3095); 236(3.68869); 237(7.95779); 238(2.21772); 239(0.23218); 240(1.09056); 241(2.58031); 242(4.6514); 243(5.32976); 244(6.23732); 245(7.7103); 246(7.80246); 247(7.20865); 248(3.1217); 249(4.16293); 250(6.00025); 251(5.52082); 252(4.54283); 253(2.24393); 254(8.74054); 255(3.97873); 256(5.60503); 257(6.31927); 258(7.97156); 259(8.33189); 260(8.7873); 261(0.33225); 262(1.71311); 263(1.61583); 264(8.114); 265(4.38577); 266(4.71488); 267(0.1004); 268(6.5228); 269(0.42953); 270(2.11941); 271(7.56325); 272(2.41933); 273(3.95901); 274(4.4667); 275(6.3369); 276(8.54587); 277(3.74868); 278(2.17444); 279(2.64733); 280(4.63449); 281(2.52213); 282(5.7264); 283(7.57459); 284(2.24161); 285(2.54073); 286(5.78465); 287(2.02606); 288(0.71213); 289(0.83855); 290(5.77362); 291(3.50728); 292(7.84995); 293(0.84414); 294(5.71615); 295(4.27976); 296(4.03951); 297(7.20759); 298(7.40535); 299(1.45585),1375.3366800000001,1375.3366800000001,4.599788227424749,2.5611093346762366,8.99895,0.00623,0.4291263118263649,1
199,0(4.70685); 1(4.68293); 2(6.08163); 3(1.7599); 4(1.18532); 5(4.31303); 6(8.55699); 7(4.18798); 8(7.28077); 9(7.89057); 10(0.71107); 11(4.78334); 12(4.94721); 13(2.16566); 14(5.21185); 15(8.1513); 16(7.36402); 17(2.63842); 18(1.31524); 19(4.09327); 20(0.90068); 21(3.92801); 22(1.62444); 23(3.41306); 24(1.96232); 25(5.60825); 26(7.63054); 27(4.1329); 28(1.44178); 29(1.0573); 30(4.02116); 31(8.1442); 32(6.48944); 33(8.09842); 34(6.98284); 35(2.92607); 36(8.85382); 37(5.52354); 38(8.66862); 39(2.24758); 40(8.47235); 41(6.72382); 42(3.88785); 43(3.17321); 44(6.52238); 45(2.7144); 46(4.60261); 47(2.46547); 48(6.75708); 49(3.65752); 50(4.55843); 51(2.73275); 52(7.32033); 53(6.25517); 54(3.42133); 55(1.94291); 56(0.35954); 57(5.07179); 58(6.75857); 59(8.98307); 60(4.01821); 61(6.43991); 62(0.81756); 63(5.51232); 64(2.26005); 65(6.75667); 66(5.74025); 67(3.17245); 68(4.38956); 69(0.6981); 70(6.24881); 71(7.97452); 72(0.53223); 73(3.88326); 74(3.73262); 75(3.75756); 76(2.28961); 77(4.31267); 78(0.04072); 79(7.58591); 80(3.41883); 81(3.01298); 82(1.24528); 83(3.49273); 84(7.8859); 85(1.97893); 86(4.5221); 87(1.47358); 88(3.41216); 89(2.96516); 90(5.63654); 91(7.56137); 92(8.12194); 93(6.0665); 94(6.72587); 95(6.19998); 96(4.50536); 97(1.39296); 98(5.87416); 99(7.59662); 100(1.71469); 101(8.86983); 102(0.11514); 103(2.94266); 104(3.51946); 105(0.11705); 106(4.36567); 107(0.59219); 108(7.36273); 109(4.30739); 110(1.38349); 111(0.13705); 112(4.84148); 113(8.58614); 114(3.14642); 115(5.9165); 116(4.90424); 117(3.84181); 118(4.30137); 119(5.18959); 120(3.11383); 121(1.08427); 122(7.45389); 123(4.57197); 124(1.30749); 125(3.44544); 126(0.87632); 127(6.55375); 128(8.6608); 129(1.73258); 130(7.84808); 131(6.75122); 132(1.19214); 133(8.68028); 134(4.0247); 135(0.99629); 136(3.6824); 137(5.77743); 138(4.30085); 139(1.06853); 140(6.29673); 141(6.47442); 142(2.10423); 143(7.45105); 144(5.80361); 145(6.3165); 146(5.4503); 147(7.48849); 148(3.10113); 149(6.04772); 150(5.68716); 151(4.86188); 152(6.48115); 153(8.44584); 154(4.51593); 155(7.40676); 156(8.15149); 157(8.08571); 158(0.9064); 159(7.29326); 160(7.278); 161(5.83968); 162(7.55116); 163(3.21722); 164(4.6542); 165(7.25213); 166(5.86816); 167(0.41828); 168(5.90064); 169(6.43606); 170(1.68976); 171(5.03572); 172(5.27821); 173(2.60157); 174(1.81285); 175(1.67326); 176(6.49823); 177(6.61982); 178(8.11821); 179(7.13509); 180(3.27473); 181(4.12656); 182(4.00868); 183(2.42782); 184(7.65206); 185(4.10964); 186(1.47717); 187(8.96844); 188(4.70269); 189(4.70534); 190(1.02601); 191(5.32367); 192(6.96066); 193(1.11086); 194(6.766); 195(8.05851); 196(6.3731); 197(0.65771); 198(6.34761); 200(7.14916); 201(4.20953); 202(0.32738); 203(6.29194); 204(8.69221); 205(2.3349); 206(1.61192); 207(8.55145); 208(3.01316); 209(5.1143); 210(0.43443); 211(5.81981); 212(0.51479); 213(4.6979); 214(7.87147); 215(1.2263); 216(5.5332); 217(1.71599); 218(5.27829); 219(7.83254); 220(2.2206); 221(6.65894); 222(4.31787); 223(7.49853); 224(1.58927); 225(6.46992); 226(1.90539); 227(1.56275); 228(3.34999); 229(3.90451); 230(2.13255); 231(3.26496); 232(0.44869); 233(3.80533); 234(1.05627); 235(1.47969); 236(6.84845); 237(3.69254); 238(1.36948); 239(7.78068); 240(6.38692); 241(3.90709); 242(2.07167); 243(6.30934); 244(1.81999); 245(3.36402); 246(4.29192); 247(0.83377); 248(5.37853); 249(0.1145); 250(2.50953); 251(7.22444); 252(8.45984); 253(6.08294); 254(8.82502); 255(1.85146); 256(0.45738); 257(7.97393); 258(8.56909); 259(3.66035); 260(1.51887); 261(2.91919); 262(3.03258); 263(3.01858); 264(5.62623); 265(7.24359); 266(6.07426); 267(0.84315); 268(8.74142); 269(6.8252); 270(2.54501); 271(7.43983); 272(7.14042); 273(3.64175); 274(4.41841); 275(4.34782); 276(4.99806); 277(8.8456); 278(6.18327); 279(3.8888); 280(3.08486); 281(2.00903); 282(2.4018); 283(5.39819); 284(0.94683); 285(6.36821); 286(4.13089); 287(0.69074); 288(4.99706); 289(6.58704); 290(2.93915); 291(4.00473); 292(8.67483); 293(0.37254); 294(3.64501); 295(2.08599); 296(8.65478); 297(5.88326); 298(1.74481); 299(6.92791),1352.42578,1352.42578,4.52316314381271,2.4985640101449182,8.98307,0.04072,0.42922474216331546,1
200,0(4.13847); 1(3.75556); 2(1.79438); 3(6.58392); 4(4.69567); 5(2.94089); 6(6.73456); 7(2.39563); 8(5.76751); 9(6.70726); 10(6.81344); 11(8.97187); 12(0.08135); 13(7.79855); 14(0.78072); 15(5.36033); 16(4.12507); 17(0.73789); 18(5.19467); 19(2.12964); 20(8.79914); 21(5.9533); 22(2.0849); 23(0.75497); 24(0.83873); 25(8.97648); 26(0.05311); 27(1.81888); 28(2.56605); 29(7.24611); 30(3.14185); 31(8.09141); 32(6.14811); 33(6.61168); 34(6.75); 35(7.71405); 36(0.56496); 37(0.2348); 38(6.79378); 39(7.2706); 40(8.28482); 41(5.52701); 42(5.97112); 43(6.04575); 44(6.24556); 45(2.09797); 46(3.41435); 47(4.38972); 48(4.96966); 49(3.39973); 50(6.82044); 51(3.40242); 52(6.75416); 53(2.60915); 54(7.81858); 55(8.08127); 56(1.71304); 57(5.37166); 58(3.48838); 59(5.95359); 60(1.29145); 61(4.89777); 62(5.09875); 63(5.48525); 64(8.8889); 65(2.82719); 66(5.35551); 67(1.28981); 68(5.3551); 69(3.88846); 70(5.02361); 71(1.62739); 72(7.88209); 73(7.51423); 74(8.13008); 75(3.11499); 76(5.13589); 77(7.82937); 78(2.48784); 79(4.93541); 80(3.90732); 81(4.79321); 82(6.91974); 83(8.85748); 84(4.14325); 85(1.45768); 86(5.90963); 87(0.9759); 88(0.66694); 89(8.51164); 90(0.119); 91(8.91055); 92(1.22388); 93(6.37647); 94(4.55698); 95(2.67425); 96(1.70427); 97(8.22569); 98(1.69647); 99(3.92714); 100(1.53368); 101(0.52598); 102(6.02021); 103(3.93409); 104(2.79101); 105(1.06249); 106(1.99533); 107(8.56972); 108(7.45163); 109(2.04967); 110(7.31981); 111(2.00455); 112(4.96056); 113(6.08247); 114(0.67527); 115(0.92688); 116(2.25201); 117(2.73537); 118(4.96898); 119(4.99184); 120(1.90187); 121(5.30263); 122(1.1938); 123(6.99345); 124(5.94449); 125(7.28179); 126(1.64169); 127(2.19829); 128(1.44754); 129(7.22534); 130(5.91473); 131(5.4959); 132(2.99196); 133(7.7258); 134(2.82429); 135(6.56092); 136(7.28964); 137(7.38535); 138(0.90906); 139(7.21632); 140(0.18936); 141(5.41506); 142(5.91545); 143(2.44313); 144(8.32689); 145(4.37759); 146(5.98112); 147(8.74786); 148(6.82763); 149(7.69292); 150(4.43699); 151(7.12956); 152(4.8969); 153(3.59123); 154(1.45551); 155(3.17629); 156(0.99911); 157(2.31314); 158(2.2016); 159(8.98732); 160(6.15183); 161(3.24838); 162(2.61338); 163(3.34752); 164(1.52408); 165(4.69073); 166(4.20278); 167(8.19014); 168(5.56644); 169(0.38603); 170(7.06687); 171(7.22307); 172(0.36088); 173(3.16438); 174(5.85024); 175(1.73803); 176(6.01066); 177(2.91522); 178(2.27678); 179(2.52993); 180(6.73745); 181(5.2996); 182(4.33512); 183(3.16243); 184(5.08538); 185(7.18863); 186(1.49743); 187(1.33616); 188(1.08678); 189(1.91368); 190(3.04704); 191(6.13191); 192(6.55426); 193(1.94757); 194(6.25361); 195(8.39621); 196(2.09851); 197(6.45366); 198(8.65709); 199(7.14916); 201(7.91155); 202(7.21472); 203(8.02112); 204(5.95064); 205(6.43956); 206(6.91735); 207(1.6377); 208(3.38142); 209(5.11205); 210(1.29362); 211(3.57663); 212(8.6888); 213(8.64444); 214(5.49397); 215(8.38146); 216(0.63123); 217(0.34312); 218(7.84746); 219(0.49586); 220(7.5919); 221(3.94093); 222(1.30355); 223(2.5958); 224(3.50874); 225(4.19689); 226(8.92167); 227(1.52372); 228(3.23742); 229(7.35145); 230(3.72729); 231(5.14476); 232(7.05705); 233(7.06683); 234(3.04141); 235(5.01809); 236(0.9501); 237(8.85373); 238(8.87153); 239(0.3957); 240(0.26202); 241(0.40673); 242(4.94758); 243(3.55841); 244(5.34294); 245(6.16322); 246(6.0427); 247(0.4417); 248(2.33546); 249(8.88788); 250(1.56397); 251(8.46679); 252(5.58323); 253(1.5702); 254(8.85656); 255(0.80082); 256(5.59165); 257(5.32945); 258(8.65389); 259(6.97751); 260(8.43111); 261(8.47111); 262(6.03484); 263(0.03222); 264(0.67653); 265(4.59262); 266(2.1226); 267(7.88701); 268(3.99875); 269(2.00281); 270(2.45514); 271(2.82473); 272(6.89241); 273(4.90323); 274(4.20023); 275(7.20571); 276(6.79364); 277(7.84134); 278(0.72326); 279(7.85706); 280(3.64169); 281(3.85566); 282(7.99502); 283(8.43482); 284(4.55477); 285(6.13786); 286(8.82639); 287(1.65075); 288(0.93033); 289(5.58719); 290(8.98676); 291(6.14145); 292(6.88026); 293(8.9373); 294(2.60406); 295(2.72766); 296(7.52388); 297(8.08651); 298(7.61914); 299(2.11908),1395.93627,1395.93627,4.668683177257526,2.6479978265280475,8.98732,0.03222,0.43451096587317517,1
201,0(7.47098); 1(1.78335); 2(2.94132); 3(5.08082); 4(0.00887); 5(3.26001); 6(6.10259); 7(2.68471); 8(7.72543); 9(2.35479); 10(2.72618); 11(4.52505); 12(3.49676); 13(3.23911); 14(0.71384); 15(6.76315); 16(3.13869); 17(6.8623); 18(5.65479); 19(1.40943); 20(6.20857); 21(8.49023); 22(3.8468); 23(6.80618); 24(2.11889); 25(0.09641); 26(1.97621); 27(1.32636); 28(5.57228); 29(1.53903); 30(5.29247); 31(7.39117); 32(4.41527); 33(4.53242); 34(3.35209); 35(5.70907); 36(3.81692); 37(7.35814); 38(1.38986); 39(2.3238); 40(3.62882); 41(3.46301); 42(1.16017); 43(4.25484); 44(4.70923); 45(2.80173); 46(3.73514); 47(6.87584); 48(1.96654); 49(3.2982); 50(7.30988); 51(8.9545); 52(4.39636); 53(1.53324); 54(0.53775); 55(1.06048); 56(5.42255); 57(8.55364); 58(0.94815); 59(2.3909); 60(3.03399); 61(2.86046); 62(3.75274); 63(0.5526); 64(2.07733); 65(3.82828); 66(4.15846); 67(4.13728); 68(1.47265); 69(2.72145); 70(0.82602); 71(3.05234); 72(5.89076); 73(2.86013); 74(5.99999); 75(8.9606); 76(6.17201); 77(2.66985); 78(3.24355); 79(2.50122); 80(5.31538); 81(5.61969); 82(8.03919); 83(0.92293); 84(8.68056); 85(6.08577); 86(2.99218); 87(0.66964); 88(2.0638); 89(1.38767); 90(8.89437); 91(5.43798); 92(1.09517); 93(6.95397); 94(8.97069); 95(0.98424); 96(8.79574); 97(6.76228); 98(2.62894); 99(0.49309); 100(0.41803); 101(5.10802); 102(0.94094); 103(0.09732); 104(2.45178); 105(7.12444); 106(1.18749); 107(1.86232); 108(7.14033); 109(5.80167); 110(8.25374); 111(6.37709); 112(2.36544); 113(0.62518); 114(4.23909); 115(1.43293); 116(5.26813); 117(7.2579); 118(5.64736); 119(0.61836); 120(6.06143); 121(3.739); 122(7.45046); 123(1.03762); 124(7.03573); 125(2.99355); 126(7.21262); 127(7.01223); 128(8.0684); 129(8.80267); 130(8.42063); 131(0.07319); 132(3.26879); 133(1.28945); 134(2.33499); 135(4.79929); 136(2.15437); 137(5.63494); 138(6.18787); 139(1.09002); 140(6.15164); 141(4.93443); 142(1.85646); 143(4.65344); 144(6.11681); 145(5.52189); 146(6.81334); 147(5.49123); 148(7.29561); 149(8.83255); 150(7.63476); 151(7.68225); 152(3.82792); 153(8.90802); 154(5.87245); 155(1.95547); 156(4.54739); 157(7.84095); 158(0.41105); 159(2.33322); 160(0.75108); 161(4.39851); 162(3.861); 163(7.74707); 164(7.19876); 165(2.29252); 166(0.72496); 167(0.89897); 168(6.52533); 169(0.38169); 170(2.44665); 171(7.6332); 172(0.46797); 173(1.60731); 174(6.93531); 175(1.31444); 176(0.20903); 177(7.6432); 178(2.78336); 179(1.54921); 180(7.36848); 181(5.92748); 182(6.33657); 183(6.64333); 184(5.617); 185(1.22962); 186(8.16701); 187(8.01561); 188(3.35282); 189(0.26603); 190(1.21366); 191(7.51359); 192(0.29054); 193(3.90205); 194(4.29292); 195(7.66872); 196(1.17206); 197(4.53726); 198(6.24294); 199(4.20953); 200(7.91155); 202(5.13734); 203(6.64608); 204(5.47379); 205(7.90282); 206(1.11445); 207(5.82946); 208(5.68895); 209(6.17585); 210(0.50333); 211(8.61242); 212(7.54914); 213(6.53913); 214(7.3997); 215(3.13964); 216(7.93388); 217(5.13445); 218(1.74562); 219(6.78126); 220(8.51762); 221(7.21987); 222(8.82255); 223(4.97117); 224(5.6767); 225(6.52183); 226(3.59414); 227(2.71653); 228(1.96943); 229(6.00966); 230(2.88612); 231(7.99322); 232(4.15781); 233(5.23961); 234(2.7333); 235(3.03904); 236(8.88161); 237(0.30532); 238(2.91404); 239(0.15741); 240(4.02838); 241(1.49658); 242(2.97156); 243(7.01329); 244(4.67534); 245(7.30249); 246(7.61593); 247(7.51279); 248(7.0127); 249(2.43777); 250(7.23768); 251(7.36406); 252(8.15389); 253(8.05996); 254(7.8507); 255(3.91399); 256(1.65898); 257(4.00159); 258(1.19255); 259(0.96267); 260(4.69821); 261(2.37954); 262(5.60853); 263(3.39113); 264(6.87491); 265(4.55484); 266(0.65599); 267(8.28541); 268(0.70896); 269(8.27482); 270(0.9501); 271(6.363); 272(4.78695); 273(2.56134); 274(3.33586); 275(4.3244); 276(3.76008); 277(4.63359); 278(4.71777); 279(8.12846); 280(2.45878); 281(6.99651); 282(7.02436); 283(5.9349); 284(3.76239); 285(5.34247); 286(5.35482); 287(4.60373); 288(1.47324); 289(0.89122); 290(1.34777); 291(3.21714); 292(5.27982); 293(4.77436); 294(5.76661); 295(3.98861); 296(7.3645); 297(8.18108); 298(5.06801); 299(5.34775),1328.15348,1328.15348,4.441984882943143,2.571228099413511,8.97069,0.00887,0.41931597818241756,1
202,0(0.27727); 1(2.06854); 2(3.61297); 3(6.32151); 4(8.93083); 5(1.99575); 6(1.73565); 7(1.34449); 8(1.05633); 9(8.28264); 10(5.59061); 11(0.46585); 12(8.47064); 13(0.46008); 14(3.36297); 15(4.10348); 16(0.25932); 17(6.63117); 18(8.12318); 19(7.85965); 20(7.13659); 21(5.09511); 22(6.14918); 23(7.41399); 24(6.27344); 25(1.41047); 26(0.38765); 27(3.74872); 28(3.80963); 29(1.04555); 30(4.46666); 31(8.35871); 32(0.74023); 33(1.55939); 34(8.69777); 35(5.0716); 36(1.97177); 37(3.7672); 38(6.01168); 39(2.35941); 40(6.7904); 41(0.87852); 42(5.04579); 43(4.02269); 44(7.06647); 45(7.49771); 46(8.32882); 47(0.1905); 48(6.59705); 49(0.47562); 50(3.36683); 51(2.50216); 52(5.79954); 53(6.76325); 54(5.42183); 55(2.43366); 56(4.78007); 57(7.63204); 58(4.73044); 59(3.62223); 60(4.57936); 61(0.00059); 62(2.44195); 63(4.01639); 64(3.48437); 65(3.4875); 66(8.8683); 67(5.86564); 68(4.48877); 69(1.61369); 70(4.7755); 71(7.11345); 72(8.58173); 73(5.69006); 74(5.92278); 75(1.79256); 76(8.23681); 77(2.21226); 78(1.04208); 79(4.63779); 80(2.12047); 81(4.8769); 82(7.44327); 83(4.91393); 84(3.97497); 85(4.81661); 86(3.39628); 87(1.15658); 88(2.58296); 89(5.33745); 90(2.26541); 91(8.44701); 92(0.43564); 93(2.68343); 94(6.15432); 95(8.22846); 96(2.10987); 97(8.41055); 98(5.66336); 99(3.15428); 100(4.04602); 101(6.37662); 102(4.59921); 103(6.62667); 104(8.495); 105(1.95507); 106(5.95083); 107(4.71756); 108(4.95143); 109(4.9831); 110(7.94244); 111(4.63112); 112(0.39894); 113(4.98065); 114(6.73887); 115(5.45405); 116(7.64848); 117(4.18577); 118(5.03449); 119(3.61047); 120(1.98582); 121(0.34916); 122(0.00213); 123(6.74326); 124(4.29971); 125(2.58237); 126(5.72962); 127(8.62439); 128(2.59323); 129(5.30291); 130(6.2359); 131(3.49005); 132(3.8117); 133(5.41852); 134(5.9864); 135(7.23127); 136(4.85176); 137(4.0211); 138(2.26031); 139(3.28747); 140(6.02568); 141(4.79744); 142(6.16965); 143(5.37679); 144(1.77425); 145(0.97159); 146(8.32588); 147(0.83368); 148(8.05559); 149(7.49874); 150(5.50787); 151(7.53831); 152(2.37031); 153(6.93924); 154(1.53263); 155(2.88588); 156(5.2043); 157(1.84641); 158(2.30285); 159(1.52049); 160(5.19217); 161(3.50872); 162(1.46784); 163(7.72951); 164(1.39148); 165(4.69331); 166(8.50697); 167(8.61134); 168(2.50982); 169(2.83999); 170(8.13916); 171(7.97887); 172(6.87337); 173(4.14439); 174(4.42194); 175(4.15171); 176(7.50505); 177(7.40855); 178(8.05678); 179(5.23018); 180(3.18626); 181(2.27224); 182(0.14512); 183(8.4574); 184(2.34241); 185(8.27657); 186(1.82683); 187(1.25561); 188(2.75703); 189(4.9857); 190(7.20295); 191(1.89763); 192(2.35013); 193(6.1826); 194(7.06828); 195(6.51751); 196(6.55913); 197(1.34291); 198(5.54025); 199(0.32738); 200(7.21472); 201(5.13734); 203(3.20067); 204(6.73775); 205(5.40788); 206(3.01007); 207(3.34116); 208(6.32537); 209(2.68106); 210(1.29652); 211(4.71814); 212(4.95831); 213(7.92455); 214(8.2504); 215(1.06907); 216(3.83987); 217(3.42563); 218(5.2264); 219(7.96802); 220(2.79747); 221(7.24621); 222(7.83915); 223(2.47922); 224(2.67209); 225(3.2883); 226(7.55813); 227(0.91503); 228(3.09965); 229(5.71388); 230(8.87305); 231(7.52721); 232(3.76167); 233(1.67629); 234(0.03531); 235(7.45048); 236(3.34472); 237(5.88713); 238(3.85323); 239(5.77009); 240(5.29792); 241(7.41053); 242(1.5112); 243(1.35432); 244(7.94647); 245(7.62817); 246(5.28125); 247(1.73148); 248(2.12727); 249(0.88837); 250(5.85314); 251(2.23291); 252(2.9842); 253(2.74073); 254(3.59444); 255(0.19032); 256(7.66411); 257(1.04983); 258(1.76916); 259(4.51045); 260(1.55346); 261(5.50853); 262(6.95058); 263(5.32676); 264(6.39346); 265(6.35403); 266(2.00933); 267(7.28298); 268(4.08292); 269(6.56973); 270(8.18414); 271(2.52159); 272(2.29052); 273(1.95253); 274(2.06734); 275(4.98464); 276(3.57444); 277(1.48032); 278(6.71422); 279(1.82849); 280(1.19247); 281(0.15896); 282(4.60712); 283(3.53871); 284(3.95942); 285(8.2219); 286(0.71888); 287(3.885); 288(4.86097); 289(3.80515); 290(1.23457); 291(5.89106); 292(1.92405); 293(6.33243); 294(3.3401); 295(1.99095); 296(5.6159); 297(3.57627); 298(0.96209); 299(7.93123),1322.52792,1322.52792,4.423170301003345,2.4716746084191428,8.93083,0.00059,0.42041932169725876,1
203,0(2.1778); 1(0.96916); 2(7.34747); 3(8.19069); 4(7.48146); 5(4.63145); 6(4.53357); 7(1.65958); 8(0.42489); 9(1.50024); 10(2.98548); 11(2.58586); 12(3.05097); 13(4.05205); 14(3.21529); 15(6.37087); 16(6.40557); 17(4.07131); 18(4.20103); 19(8.67953); 20(5.33093); 21(1.92267); 22(0.95528); 23(2.17058); 24(6.45102); 25(5.55085); 26(0.16383); 27(1.21815); 28(4.52184); 29(3.9956); 30(8.47671); 31(6.8259); 32(7.14685); 33(1.32101); 34(3.36992); 35(6.98822); 36(7.91079); 37(6.42595); 38(0.32455); 39(5.98757); 40(4.09722); 41(7.53655); 42(7.19698); 43(7.88325); 44(2.37378); 45(4.09878); 46(7.80717); 47(2.62793); 48(3.46411); 49(8.35211); 50(2.85561); 51(7.91631); 52(0.66617); 53(6.09703); 54(6.2568); 55(5.07467); 56(5.24761); 57(4.57308); 58(0.18395); 59(5.26261); 60(6.97227); 61(7.34129); 62(0.36078); 63(4.19985); 64(7.17062); 65(4.13914); 66(8.05622); 67(0.11355); 68(3.5588); 69(7.15105); 70(2.04779); 71(8.97503); 72(8.14306); 73(6.8401); 74(8.06343); 75(4.2838); 76(7.82687); 77(8.3493); 78(3.11917); 79(1.18342); 80(6.94669); 81(0.08706); 82(5.07241); 83(8.53089); 84(7.25852); 85(5.84225); 86(5.09668); 87(1.99687); 88(8.15565); 89(7.6052); 90(6.19509); 91(5.90754); 92(2.60795); 93(3.17634); 94(6.51093); 95(4.73083); 96(6.47391); 97(1.55188); 98(7.08394); 99(8.53515); 100(7.55694); 101(7.50083); 102(6.33542); 103(0.95356); 104(4.15655); 105(6.36668); 106(6.3872); 107(2.90812); 108(7.78344); 109(0.0487); 110(7.75989); 111(7.49582); 112(7.71754); 113(1.54186); 114(2.44737); 115(4.54404); 116(6.58862); 117(5.43272); 118(8.47246); 119(0.23824); 120(0.33488); 121(7.53565); 122(8.61418); 123(6.6338); 124(8.5514); 125(4.24232); 126(2.18367); 127(7.62652); 128(6.65069); 129(1.23135); 130(2.13184); 131(1.71559); 132(5.93171); 133(1.61649); 134(7.47303); 135(6.6418); 136(8.44245); 137(7.2409); 138(8.76836); 139(7.29873); 140(6.69172); 141(8.36633); 142(1.41304); 143(3.21388); 144(5.0724); 145(6.36835); 146(2.20061); 147(8.54613); 148(3.50595); 149(1.42527); 150(0.19485); 151(6.45018); 152(0.92862); 153(2.41659); 154(0.09382); 155(0.34012); 156(6.79036); 157(2.21848); 158(6.97094); 159(5.7362); 160(4.95762); 161(5.14401); 162(7.90448); 163(8.42511); 164(6.41049); 165(0.95387); 166(3.22182); 167(3.5588); 168(8.88404); 169(5.53921); 170(0.184); 171(2.95681); 172(7.53388); 173(6.81362); 174(7.30245); 175(7.73466); 176(5.02039); 177(4.0415); 178(6.18935); 179(3.06967); 180(2.09214); 181(1.72181); 182(4.62021); 183(0.81583); 184(7.10242); 185(8.14798); 186(6.04277); 187(3.45555); 188(8.74608); 189(0.52883); 190(8.46144); 191(4.99061); 192(8.58016); 193(7.09876); 194(4.27253); 195(7.00657); 196(2.71615); 197(7.13209); 198(4.89996); 199(6.29194); 200(8.02112); 201(6.64608); 202(3.20067); 204(7.38071); 205(2.29649); 206(7.27022); 207(4.33004); 208(0.13747); 209(6.73717); 210(8.67655); 211(4.46777); 212(1.24274); 213(7.33938); 214(0.74651); 215(6.39409); 216(2.98166); 217(4.91304); 218(2.13629); 219(6.02625); 220(6.52766); 221(7.76607); 222(0.23563); 223(4.81123); 224(1.60828); 225(0.06186); 226(2.56944); 227(8.0713); 228(4.43093); 229(2.19747); 230(2.09312); 231(6.61357); 232(7.93877); 233(1.14808); 234(4.32939); 235(3.674); 236(1.61713); 237(0.233); 238(3.09576); 239(1.69557); 240(1.34612); 241(6.38656); 242(8.98457); 243(2.12199); 244(6.87649); 245(5.54698); 246(2.27871); 247(3.60787); 248(4.18389); 249(7.93723); 250(1.20497); 251(7.08244); 252(6.58097); 253(8.90623); 254(2.31981); 255(8.31712); 256(7.25361); 257(8.28998); 258(4.47911); 259(0.65224); 260(5.88892); 261(4.903); 262(4.66252); 263(7.77992); 264(2.45991); 265(5.92577); 266(4.39752); 267(5.58299); 268(4.65512); 269(3.80155); 270(6.25064); 271(8.74813); 272(2.44587); 273(8.88104); 274(4.04105); 275(8.99298); 276(0.96702); 277(5.06865); 278(3.27843); 279(2.55139); 280(2.57955); 281(3.45887); 282(5.08034); 283(7.39258); 284(6.20568); 285(7.49477); 286(2.77948); 287(3.62486); 288(6.62718); 289(0.17864); 290(6.62066); 291(7.30353); 292(0.99997); 293(1.96219); 294(5.66094); 295(1.88201); 296(3.38524); 297(5.36786); 298(0.4781); 299(2.99839),1440.423,1440.423,4.817468227424748,2.6360504422968933,8.99298,0.0487,0.4430746634782872,2
204,0(7.39156); 1(4.30777); 2(7.93008); 3(5.54479); 4(1.02986); 5(8.95046); 6(8.42933); 7(4.11515); 8(5.18466); 9(1.75834); 10(2.16648); 11(4.37372); 12(0.72526); 13(6.63496); 14(8.6344); 15(3.47998); 16(8.91312); 17(2.57483); 18(3.13425); 19(6.25628); 20(0.87306); 21(8.18211); 22(0.0849); 23(4.3677); 24(0.00513); 25(4.91971); 26(5.3129); 27(6.71072); 28(0.97903); 29(1.41163); 30(5.94829); 31(1.16611); 32(2.13643); 33(6.76392); 34(1.4335); 35(1.56104); 36(1.80717); 37(6.05957); 38(0.34854); 39(1.82414); 40(1.35969); 41(7.70908); 42(6.84674); 43(7.47057); 44(4.11403); 45(2.03414); 46(8.17636); 47(7.95853); 48(6.98095); 49(1.35941); 50(8.80445); 51(7.74273); 52(6.36215); 53(4.1586); 54(2.13312); 55(8.6693); 56(2.08023); 57(3.40722); 58(3.10735); 59(0.04032); 60(2.63307); 61(7.07125); 62(4.84587); 63(4.93706); 64(8.16961); 65(3.15275); 66(2.39335); 67(7.65325); 68(3.61218); 69(7.47071); 70(3.07639); 71(8.70117); 72(2.1315); 73(7.33756); 74(7.5558); 75(8.39219); 76(8.10637); 77(1.97891); 78(6.34836); 79(2.41729); 80(2.78841); 81(6.82538); 82(3.41572); 83(0.5564); 84(2.38283); 85(0.38054); 86(2.59607); 87(3.95366); 88(5.80889); 89(8.78166); 90(5.0818); 91(6.90776); 92(7.39407); 93(8.18412); 94(6.4167); 95(7.27563); 96(4.43416); 97(8.90428); 98(3.55939); 99(7.51763); 100(3.01238); 101(5.87057); 102(4.26983); 103(1.12665); 104(2.91786); 105(0.02334); 106(6.50011); 107(0.626); 108(3.80372); 109(0.74232); 110(7.63295); 111(0.58744); 112(3.28418); 113(4.32773); 114(7.75312); 115(6.70626); 116(3.64186); 117(4.42215); 118(2.9215); 119(5.87979); 120(7.46377); 121(4.19791); 122(6.66229); 123(8.25902); 124(6.53559); 125(5.98706); 126(6.05225); 127(0.45899); 128(3.76664); 129(7.02219); 130(3.93924); 131(0.40237); 132(8.82581); 133(5.3389); 134(3.11432); 135(7.23368); 136(6.49284); 137(0.16282); 138(8.18287); 139(0.55121); 140(1.49101); 141(6.34681); 142(3.67896); 143(3.15412); 144(8.61479); 145(2.19664); 146(5.30965); 147(8.96294); 148(8.96026); 149(2.20955); 150(8.66778); 151(7.5988); 152(8.84647); 153(1.73162); 154(2.52923); 155(4.85103); 156(6.28557); 157(8.85192); 158(5.57661); 159(1.36844); 160(2.23891); 161(5.94311); 162(5.5332); 163(5.6921); 164(8.67639); 165(6.75698); 166(5.05791); 167(0.44358); 168(5.84029); 169(2.69066); 170(1.80437); 171(7.85778); 172(1.9937); 173(6.26552); 174(3.50643); 175(0.39353); 176(3.18323); 177(7.09262); 178(7.39917); 179(0.47269); 180(3.11888); 181(6.56765); 182(2.13758); 183(0.29142); 184(4.36931); 185(8.75574); 186(2.40147); 187(7.30349); 188(8.03809); 189(2.44519); 190(2.64713); 191(0.81412); 192(8.20438); 193(7.39794); 194(3.66726); 195(2.43427); 196(3.03525); 197(5.50173); 198(8.51934); 199(8.69221); 200(5.95064); 201(5.47379); 202(6.73775); 203(7.38071); 205(6.15928); 206(3.46531); 207(5.51894); 208(3.38259); 209(3.57959); 210(7.36418); 211(4.77576); 212(7.13894); 213(2.70331); 214(2.60677); 215(6.49685); 216(0.07307); 217(6.92742); 218(1.21093); 219(7.25113); 220(3.04361); 221(2.98703); 222(2.21174); 223(8.94346); 224(2.32198); 225(5.5148); 226(7.73923); 227(0.46725); 228(1.60376); 229(0.27008); 230(2.60296); 231(1.62535); 232(3.92958); 233(6.52152); 234(7.0736); 235(0.60045); 236(2.12113); 237(2.08854); 238(0.61401); 239(1.19155); 240(2.69925); 241(4.57607); 242(1.28502); 243(1.01137); 244(5.76048); 245(4.94118); 246(6.33556); 247(2.97411); 248(7.968); 249(2.23499); 250(2.49101); 251(7.67949); 252(4.17714); 253(8.16308); 254(4.58904); 255(2.65989); 256(7.25079); 257(8.55869); 258(7.57757); 259(3.58647); 260(8.63378); 261(7.19148); 262(5.91); 263(1.09878); 264(2.75488); 265(6.74539); 266(4.40171); 267(0.02018); 268(7.64423); 269(4.63371); 270(8.02158); 271(7.89723); 272(4.56145); 273(0.52604); 274(7.46415); 275(1.69615); 276(3.92758); 277(0.52989); 278(0.65516); 279(0.19837); 280(5.33159); 281(0.03087); 282(5.67879); 283(2.48911); 284(3.68865); 285(2.1329); 286(1.6044); 287(8.78767); 288(4.44016); 289(6.79158); 290(1.96917); 291(0.26321); 292(2.02901); 293(6.30845); 294(5.27126); 295(7.82367); 296(7.09701); 297(1.0977); 298(4.82497); 299(2.00753),1362.57917,1362.57917,4.557120969899666,2.7041930533911143,8.96294,0.00513,0.42065661368405605,1
205,0(1.84516); 1(4.91901); 2(6.70026); 3(4.26678); 4(3.66837); 5(0.37703); 6(2.95335); 7(5.01269); 8(2.30546); 9(1.30251); 10(7.49356); 11(6.50831); 12(4.03504); 13(2.17114); 14(0.60602); 15(7.23955); 16(1.83414); 17(5.80648); 18(5.97408); 19(1.82254); 20(8.85408); 21(2.77257); 22(6.84804); 23(2.55184); 24(2.68935); 25(1.62746); 26(7.2942); 27(8.3111); 28(2.9865); 29(5.21134); 30(1.81674); 31(6.96287); 32(2.09676); 33(5.18363); 34(2.62855); 35(2.27173); 36(6.73098); 37(2.76988); 38(2.28737); 39(4.41289); 40(4.70417); 41(4.65886); 42(0.53899); 43(3.50585); 44(8.05375); 45(8.81674); 46(5.99021); 47(5.177); 48(3.22821); 49(8.45552); 50(2.79885); 51(8.6053); 52(7.6984); 53(8.86203); 54(8.59261); 55(3.75865); 56(1.43287); 57(1.58436); 58(2.26891); 59(2.01627); 60(0.73874); 61(4.73223); 62(7.95524); 63(4.68495); 64(7.9806); 65(4.43579); 66(8.40797); 67(1.74476); 68(8.8895); 69(7.3859); 70(0.2455); 71(3.5768); 72(0.83655); 73(7.22053); 74(7.74798); 75(4.7705); 76(6.58788); 77(2.74539); 78(7.01566); 79(7.61295); 80(3.33181); 81(7.51905); 82(7.45433); 83(2.31973); 84(1.52583); 85(4.99996); 86(5.30371); 87(7.68521); 88(2.88395); 89(1.43398); 90(5.57435); 91(1.29464); 92(6.76795); 93(8.01195); 94(6.51733); 95(0.07439); 96(0.54979); 97(4.68608); 98(3.08386); 99(0.50648); 100(8.84039); 101(4.98768); 102(2.88876); 103(6.53247); 104(6.41221); 105(3.80924); 106(8.0489); 107(5.29068); 108(3.58023); 109(7.34897); 110(2.31608); 111(1.3715); 112(6.306); 113(5.6341); 114(3.80736); 115(2.13248); 116(1.95077); 117(0.049); 118(6.52479); 119(5.97783); 120(0.82179); 121(1.89608); 122(4.92256); 123(6.77464); 124(0.7697); 125(7.1642); 126(8.53774); 127(0.62476); 128(2.43058); 129(7.64588); 130(1.33073); 131(7.27113); 132(0.77243); 133(6.18915); 134(4.22792); 135(5.39955); 136(8.13224); 137(7.64732); 138(5.93717); 139(0.13601); 140(6.60062); 141(8.52468); 142(4.49031); 143(3.22641); 144(5.30249); 145(1.70498); 146(3.74105); 147(8.41459); 148(4.37576); 149(3.80671); 150(2.00072); 151(6.93032); 152(0.7427); 153(4.03138); 154(1.49692); 155(8.15986); 156(8.10104); 157(8.97649); 158(8.54132); 159(4.01091); 160(2.64376); 161(0.70066); 162(2.12891); 163(1.1362); 164(4.90287); 165(7.49308); 166(8.69421); 167(0.1283); 168(4.20195); 169(2.09598); 170(3.20518); 171(0.21631); 172(7.31799); 173(6.03192); 174(1.55016); 175(4.72776); 176(5.24422); 177(8.89129); 178(1.60131); 179(6.55922); 180(6.67684); 181(6.11243); 182(7.64653); 183(2.12482); 184(2.76094); 185(3.40568); 186(6.33038); 187(0.01993); 188(3.33328); 189(7.82341); 190(8.06373); 191(2.02724); 192(8.15067); 193(2.26066); 194(0.18149); 195(8.78221); 196(6.32073); 197(6.33023); 198(0.1415); 199(2.3349); 200(6.43956); 201(7.90282); 202(5.40788); 203(2.29649); 204(6.15928); 206(4.35401); 207(8.95137); 208(0.61248); 209(3.81808); 210(4.57223); 211(7.92931); 212(0.52958); 213(1.59245); 214(5.75223); 215(8.08188); 216(2.86938); 217(0.51671); 218(8.6561); 219(2.37562); 220(6.685); 221(3.56685); 222(6.10139); 223(4.19373); 224(3.40212); 225(5.47903); 226(7.25852); 227(1.89105); 228(1.15204); 229(3.32398); 230(7.19353); 231(1.11788); 232(3.02201); 233(7.06702); 234(3.99191); 235(0.81054); 236(1.86648); 237(0.29012); 238(2.86781); 239(2.6972); 240(5.62082); 241(0.49392); 242(5.45985); 243(8.14028); 244(8.09717); 245(7.8213); 246(0.25077); 247(3.74262); 248(5.38502); 249(3.33433); 250(4.48199); 251(1.77075); 252(1.12732); 253(6.85321); 254(1.74629); 255(0.61945); 256(3.03113); 257(2.66056); 258(2.4778); 259(0.33747); 260(3.7373); 261(7.744); 262(7.34877); 263(0.34698); 264(7.98024); 265(8.36963); 266(3.53375); 267(4.65811); 268(8.64863); 269(4.19655); 270(2.63225); 271(0.45013); 272(6.10485); 273(1.21795); 274(0.13894); 275(3.2246); 276(4.24712); 277(4.78888); 278(2.08981); 279(6.68072); 280(3.47476); 281(2.57235); 282(0.94458); 283(6.94771); 284(5.17455); 285(4.24407); 286(0.03779); 287(2.41145); 288(7.68374); 289(0.01779); 290(3.41685); 291(4.29308); 292(5.42339); 293(3.22372); 294(7.6594); 295(6.08728); 296(6.67421); 297(7.292); 298(6.03026); 299(6.21609),1320.86787,1320.86787,4.417618294314382,2.651810444262895,8.97649,0.01779,0.4118146585517158,2
206,0(7.11901); 1(4.7153); 2(5.42723); 3(3.83059); 4(1.94462); 5(6.37578); 6(7.88892); 7(2.28934); 8(3.38291); 9(6.20593); 10(1.87321); 11(8.40507); 12(7.31003); 13(7.31011); 14(4.48924); 15(7.24929); 16(5.16436); 17(3.7287); 18(6.66403); 19(5.95037); 20(8.24521); 21(8.2201); 22(0.77778); 23(8.67674); 24(3.6869); 25(1.02353); 26(0.09512); 27(1.23776); 28(7.15262); 29(1.52853); 30(2.30756); 31(3.49728); 32(3.01705); 33(5.52685); 34(5.67196); 35(5.93465); 36(1.68934); 37(3.92267); 38(1.79655); 39(3.61058); 40(6.22551); 41(0.81503); 42(1.22861); 43(3.4008); 44(8.19296); 45(7.24617); 46(4.08245); 47(7.17239); 48(8.11328); 49(4.36553); 50(4.98989); 51(4.16948); 52(7.5074); 53(7.72357); 54(8.69541); 55(5.09413); 56(7.45611); 57(7.50608); 58(0.73783); 59(2.30833); 60(3.67937); 61(2.5471); 62(4.60688); 63(2.23592); 64(5.76431); 65(1.22436); 66(8.14748); 67(1.12827); 68(7.52055); 69(7.1314); 70(5.62614); 71(7.49279); 72(5.71436); 73(3.53827); 74(1.40345); 75(6.17595); 76(0.55923); 77(0.49329); 78(4.8748); 79(5.37439); 80(1.66823); 81(0.20965); 82(4.32631); 83(8.01166); 84(4.24866); 85(7.04996); 86(4.93447); 87(3.70097); 88(5.52226); 89(8.18334); 90(1.85432); 91(8.75456); 92(7.00646); 93(1.09658); 94(2.59178); 95(3.32836); 96(2.1462); 97(0.55423); 98(4.63575); 99(0.45909); 100(6.24249); 101(1.85335); 102(3.72277); 103(6.07152); 104(7.47786); 105(7.2611); 106(8.43937); 107(7.67938); 108(2.78724); 109(4.9279); 110(6.68896); 111(5.90135); 112(0.61504); 113(3.49249); 114(2.88652); 115(7.76989); 116(4.76833); 117(8.11841); 118(2.19967); 119(2.23977); 120(8.87867); 121(6.55318); 122(1.45501); 123(6.16191); 124(5.55772); 125(3.65762); 126(2.74178); 127(2.93909); 128(1.48999); 129(3.69419); 130(4.57738); 131(3.97299); 132(8.75095); 133(1.89889); 134(1.22055); 135(0.65635); 136(4.06563); 137(5.87677); 138(8.92494); 139(6.74531); 140(0.80033); 141(1.58767); 142(6.52825); 143(7.93376); 144(1.83111); 145(8.48794); 146(0.6497); 147(6.8738); 148(2.29643); 149(3.44444); 150(7.92214); 151(5.43385); 152(8.51208); 153(3.71055); 154(1.1978); 155(4.84665); 156(6.66719); 157(6.16441); 158(2.20472); 159(3.88646); 160(3.79702); 161(3.31745); 162(2.0457); 163(8.183); 164(0.87854); 165(3.09526); 166(0.36386); 167(1.63186); 168(6.62966); 169(0.09005); 170(3.43714); 171(0.82566); 172(4.95889); 173(1.64586); 174(4.91552); 175(4.30307); 176(5.43901); 177(5.34248); 178(4.82028); 179(5.13927); 180(7.75675); 181(7.44656); 182(1.70179); 183(3.35424); 184(4.7369); 185(1.85946); 186(6.85725); 187(8.02754); 188(5.00855); 189(7.31441); 190(1.09572); 191(0.74084); 192(3.32869); 193(0.69868); 194(8.6019); 195(3.54002); 196(3.27905); 197(8.55369); 198(4.00973); 199(1.61192); 200(6.91735); 201(1.11445); 202(3.01007); 203(7.27022); 204(3.46531); 205(4.35401); 207(0.86342); 208(3.66429); 209(5.43043); 210(7.89018); 211(0.72894); 212(3.70528); 213(3.63154); 214(4.24645); 215(0.21462); 216(5.57127); 217(1.08804); 218(8.46511); 219(6.14712); 220(1.15039); 221(7.05374); 222(8.0558); 223(8.33265); 224(4.29461); 225(6.59317); 226(4.1789); 227(7.10892); 228(6.83318); 229(3.58552); 230(6.07469); 231(1.43914); 232(2.25909); 233(4.22898); 234(1.75768); 235(7.78215); 236(4.39915); 237(0.79436); 238(7.20922); 239(4.75252); 240(2.24175); 241(5.09431); 242(8.12671); 243(4.65183); 244(8.43851); 245(7.76629); 246(5.36909); 247(3.65657); 248(7.41987); 249(8.13592); 250(7.65594); 251(3.70283); 252(3.00158); 253(2.85238); 254(6.08919); 255(5.63489); 256(1.75646); 257(7.3519); 258(8.19879); 259(8.00982); 260(7.7299); 261(3.54788); 262(0.30742); 263(2.68396); 264(5.93131); 265(7.37694); 266(7.07249); 267(7.00899); 268(4.31464); 269(3.42358); 270(5.3589); 271(7.48759); 272(7.40684); 273(4.86225); 274(6.47909); 275(5.0634); 276(5.17068); 277(7.42825); 278(1.17128); 279(0.40674); 280(6.27308); 281(8.0262); 282(8.96725); 283(8.37291); 284(8.1915); 285(5.40193); 286(0.67615); 287(2.81297); 288(6.17186); 289(6.88678); 290(5.78742); 291(1.85577); 292(2.0831); 293(2.37234); 294(6.82171); 295(5.42073); 296(8.09889); 297(1.2951); 298(1.14708); 299(1.49869),1389.02999,1389.02999,4.64558525083612,2.5435748472462927,8.96725,0.09005,0.438097500069308,1
207,0(3.89466); 1(4.25448); 2(1.9662); 3(4.22465); 4(5.1389); 5(3.26978); 6(8.65612); 7(2.37484); 8(2.29669); 9(4.75953); 10(5.91325); 11(7.45321); 12(3.97913); 13(8.59842); 14(6.43351); 15(0.27082); 16(6.41998); 17(6.12598); 18(8.55668); 19(0.56073); 20(3.04586); 21(2.60515); 22(6.52691); 23(0.21709); 24(5.02207); 25(0.26156); 26(8.24005); 27(3.26945); 28(8.72643); 29(8.95016); 30(7.22332); 31(5.50812); 32(0.24092); 33(5.98187); 34(8.68646); 35(3.26069); 36(2.80055); 37(1.28363); 38(3.4413); 39(8.75208); 40(4.86782); 41(3.34461); 42(8.18136); 43(3.8904); 44(4.82048); 45(0.58856); 46(8.35426); 47(1.94012); 48(2.12977); 49(6.47576); 50(4.00143); 51(1.28225); 52(5.31963); 53(3.12804); 54(6.46544); 55(0.55962); 56(7.65099); 57(4.38217); 58(2.14253); 59(4.55231); 60(5.9187); 61(8.59848); 62(3.31106); 63(5.01296); 64(2.23112); 65(0.98902); 66(0.28206); 67(6.91576); 68(3.22768); 69(6.08551); 70(5.32298); 71(6.65219); 72(2.59132); 73(8.60002); 74(2.03032); 75(4.67396); 76(3.03367); 77(7.84304); 78(8.8972); 79(2.79159); 80(3.94812); 81(1.18268); 82(2.43283); 83(7.69559); 84(0.96254); 85(5.47623); 86(5.1439); 87(6.32499); 88(0.83487); 89(1.66127); 90(7.21999); 91(5.93141); 92(6.60095); 93(5.51855); 94(7.45658); 95(3.53259); 96(6.33986); 97(2.04089); 98(6.10509); 99(4.00877); 100(8.60695); 101(4.54673); 102(6.65252); 103(2.62853); 104(0.32431); 105(6.41398); 106(0.60653); 107(1.35705); 108(6.79202); 109(7.52576); 110(0.69642); 111(3.71891); 112(7.8984); 113(7.56657); 114(7.45264); 115(5.36303); 116(7.80107); 117(7.56312); 118(2.47422); 119(2.75027); 120(0.70372); 121(2.22527); 122(5.00819); 123(6.93473); 124(5.82576); 125(3.11894); 126(4.20211); 127(4.86391); 128(0.51465); 129(7.60379); 130(1.12426); 131(2.37404); 132(4.23668); 133(2.00216); 134(6.69778); 135(4.28589); 136(2.29138); 137(8.90612); 138(1.8087); 139(2.4049); 140(7.75369); 141(1.35866); 142(2.82259); 143(7.22421); 144(4.24095); 145(0.83913); 146(4.61559); 147(4.56029); 148(2.48915); 149(2.34968); 150(1.87873); 151(4.48604); 152(7.26555); 153(0.63249); 154(1.55207); 155(4.3106); 156(8.38056); 157(2.37993); 158(4.22919); 159(6.84829); 160(2.93305); 161(8.62045); 162(5.2524); 163(8.49304); 164(0.1059); 165(7.80415); 166(8.66136); 167(0.2556); 168(7.72344); 169(2.01835); 170(8.61924); 171(6.59392); 172(7.85326); 173(8.44709); 174(0.76161); 175(2.60485); 176(1.00022); 177(5.62677); 178(4.52178); 179(0.5355); 180(7.39651); 181(8.69463); 182(5.96819); 183(0.16456); 184(7.17098); 185(5.89554); 186(8.17653); 187(1.76154); 188(1.3912); 189(7.53569); 190(3.94778); 191(8.93822); 192(8.58357); 193(7.20448); 194(4.30527); 195(6.75362); 196(1.55248); 197(6.66028); 198(7.72033); 199(8.55145); 200(1.6377); 201(5.82946); 202(3.34116); 203(4.33004); 204(5.51894); 205(8.95137); 206(0.86342); 208(4.69364); 209(8.25584); 210(1.01899); 211(5.10254); 212(3.13346); 213(6.52935); 214(4.6505); 215(6.72036); 216(8.60939); 217(2.72005); 218(3.91168); 219(3.64234); 220(4.93886); 221(7.0691); 222(0.97216); 223(6.48707); 224(5.44052); 225(6.94205); 226(3.17906); 227(0.7186); 228(8.99107); 229(2.59501); 230(2.94624); 231(5.64362); 232(2.25957); 233(3.34462); 234(7.55279); 235(8.29608); 236(4.82579); 237(7.18351); 238(8.89312); 239(4.57923); 240(5.89661); 241(4.80982); 242(3.27588); 243(1.57324); 244(2.60713); 245(8.88143); 246(3.32553); 247(3.20296); 248(6.71507); 249(7.53082); 250(5.67442); 251(6.00871); 252(6.82508); 253(7.40655); 254(8.93782); 255(7.08259); 256(7.21779); 257(7.01248); 258(6.88474); 259(5.30398); 260(4.96764); 261(5.66032); 262(0.27628); 263(4.31347); 264(7.13047); 265(5.81235); 266(8.12192); 267(2.17558); 268(0.30213); 269(0.84585); 270(0.11576); 271(1.6008); 272(7.66047); 273(2.56669); 274(2.67609); 275(4.01043); 276(5.22064); 277(8.17367); 278(1.8987); 279(7.93963); 280(1.6426); 281(2.41179); 282(3.33933); 283(3.74449); 284(0.57709); 285(6.43171); 286(6.10998); 287(6.79375); 288(5.54273); 289(2.95505); 290(4.14404); 291(5.11707); 292(6.99856); 293(3.20868); 294(8.67371); 295(2.48345); 296(5.92112); 297(1.74141); 298(7.84622); 299(0.65379),1407.88576,1407.88576,4.708648026755853,2.612886787709283,8.99107,0.1059,0.43928600193207606,2
208,0(3.98256); 1(1.42925); 2(2.25916); 3(6.81675); 4(1.93994); 5(2.40574); 6(4.20561); 7(0.773); 8(4.49282); 9(2.29256); 10(5.46597); 11(7.26838); 12(7.39599); 13(0.21879); 14(0.57622); 15(7.78119); 16(7.07465); 17(1.62725); 18(5.78469); 19(0.91142); 20(1.90589); 21(1.60611); 22(7.45278); 23(0.82037); 24(6.91332); 25(3.56122); 26(8.30607); 27(0.84275); 28(5.54205); 29(0.33399); 30(4.28222); 31(3.87297); 32(7.59014); 33(5.23413); 34(5.59347); 35(8.97235); 36(0.66396); 37(5.49446); 38(6.48259); 39(8.3586); 40(3.5636); 41(6.59934); 42(4.83103); 43(7.27178); 44(6.60808); 45(5.21624); 46(2.54756); 47(2.08785); 48(3.49399); 49(1.66999); 50(5.2091); 51(7.87723); 52(5.05968); 53(3.99029); 54(1.92609); 55(8.74345); 56(6.2582); 57(2.49968); 58(5.11839); 59(7.61004); 60(7.44064); 61(5.31298); 62(4.18051); 63(5.03651); 64(0.29386); 65(5.71927); 66(4.07486); 67(7.06049); 68(0.77842); 69(4.47806); 70(1.80885); 71(8.16086); 72(8.98286); 73(4.93128); 74(4.83235); 75(3.55914); 76(3.55986); 77(6.4927); 78(6.06848); 79(0.03872); 80(7.28784); 81(8.82965); 82(2.8062); 83(8.74407); 84(1.18758); 85(0.71254); 86(6.72645); 87(2.44694); 88(8.6861); 89(3.78475); 90(1.58639); 91(2.82403); 92(5.04329); 93(3.60832); 94(5.0043); 95(0.7033); 96(5.28895); 97(4.90195); 98(1.74005); 99(4.43521); 100(3.94531); 101(6.96633); 102(2.74062); 103(6.43789); 104(3.6885); 105(1.53474); 106(1.77158); 107(0.47553); 108(4.3482); 109(5.58021); 110(3.48195); 111(4.82067); 112(0.10085); 113(0.89979); 114(8.29592); 115(1.95101); 116(0.87652); 117(2.79534); 118(0.08244); 119(5.22231); 120(7.73802); 121(3.14741); 122(0.87664); 123(7.73266); 124(0.44508); 125(3.53086); 126(3.06215); 127(6.53041); 128(5.55768); 129(1.43365); 130(3.14757); 131(5.46138); 132(8.25877); 133(7.88186); 134(1.77229); 135(6.48026); 136(6.46067); 137(6.71299); 138(1.84871); 139(3.91942); 140(5.65138); 141(1.93544); 142(0.634); 143(7.58138); 144(7.73648); 145(3.75049); 146(1.55473); 147(0.70905); 148(5.44273); 149(1.09428); 150(3.12092); 151(7.2934); 152(4.62344); 153(0.24424); 154(2.53935); 155(1.01215); 156(2.65526); 157(0.09763); 158(8.72114); 159(3.23749); 160(2.90236); 161(5.36774); 162(7.91628); 163(7.83357); 164(6.5919); 165(6.78321); 166(3.99123); 167(8.00135); 168(3.475); 169(8.65067); 170(6.69753); 171(5.50294); 172(3.51857); 173(4.63003); 174(6.09355); 175(3.56422); 176(4.59357); 177(7.15275); 178(4.40825); 179(3.65865); 180(5.16094); 181(6.22256); 182(7.89618); 183(1.62334); 184(3.90377); 185(7.7819); 186(4.95416); 187(3.85109); 188(3.08289); 189(6.94519); 190(3.17948); 191(4.62718); 192(5.54961); 193(1.27528); 194(5.56443); 195(6.37476); 196(0.0642); 197(5.1905); 198(8.08537); 199(3.01316); 200(3.38142); 201(5.68895); 202(6.32537); 203(0.13747); 204(3.38259); 205(0.61248); 206(3.66429); 207(4.69364); 209(7.41774); 210(3.11405); 211(4.33463); 212(0.29545); 213(0.88702); 214(0.12491); 215(4.17806); 216(4.5548); 217(7.49558); 218(4.73924); 219(7.24056); 220(7.69768); 221(3.2656); 222(5.6747); 223(6.396); 224(8.40212); 225(0.83001); 226(5.08988); 227(8.47491); 228(4.58629); 229(6.08603); 230(1.14211); 231(2.27559); 232(1.25311); 233(8.59207); 234(6.55176); 235(0.664); 236(0.75056); 237(7.16523); 238(2.46522); 239(6.39662); 240(5.86518); 241(1.02635); 242(6.58964); 243(6.80608); 244(0.10794); 245(5.35585); 246(4.97624); 247(3.79936); 248(8.54393); 249(7.70744); 250(3.72718); 251(3.79291); 252(4.20637); 253(5.90162); 254(2.11621); 255(7.07797); 256(2.80548); 257(5.19061); 258(6.42782); 259(6.70518); 260(7.85522); 261(8.24271); 262(5.17978); 263(2.59965); 264(5.81195); 265(3.05744); 266(8.06221); 267(4.26816); 268(6.46365); 269(1.18503); 270(4.48235); 271(3.38029); 272(5.35503); 273(3.00482); 274(0.69415); 275(4.66323); 276(3.99423); 277(0.77583); 278(0.97459); 279(3.99851); 280(7.65586); 281(1.61119); 282(3.39507); 283(6.96595); 284(4.27255); 285(8.28793); 286(3.85812); 287(8.196); 288(0.26879); 289(6.64159); 290(7.48876); 291(3.93091); 292(3.6786); 293(1.44567); 294(2.32591); 295(0.6634); 296(7.15803); 297(3.101); 298(3.61231); 299(6.22051),1318.78421,1318.78421,4.410649531772575,2.4917270377257537,8.98286,0.03872,0.4164365840256297,1
209,0(7.42283); 1(0.26845); 2(0.09972); 3(3.50764); 4(3.13154); 5(1.14552); 6(4.79018); 7(7.99275); 8(6.02906); 9(6.73513); 10(6.77991); 11(3.5453); 12(0.45672); 13(5.10883); 14(5.39524); 15(1.22062); 16(5.35188); 17(5.55269); 18(5.29336); 19(4.74317); 20(3.80629); 21(5.8342); 22(5.29089); 23(4.20083); 24(2.68317); 25(1.98136); 26(6.26951); 27(4.06178); 28(2.26501); 29(2.64081); 30(3.66638); 31(6.88275); 32(0.40831); 33(5.71594); 34(7.65908); 35(7.71869); 36(4.45099); 37(1.00773); 38(1.34757); 39(3.88151); 40(6.655); 41(6.51565); 42(4.0416); 43(3.82139); 44(8.48011); 45(6.44481); 46(2.17216); 47(6.42381); 48(2.51241); 49(3.7552); 50(4.11402); 51(3.00294); 52(3.81876); 53(8.15118); 54(4.19969); 55(1.67325); 56(0.72537); 57(2.56669); 58(5.98727); 59(7.84552); 60(4.03544); 61(5.4135); 62(5.07182); 63(1.37796); 64(3.13894); 65(5.57196); 66(6.05503); 67(4.81614); 68(0.94941); 69(8.57282); 70(6.20804); 71(6.18156); 72(6.55844); 73(5.6292); 74(2.65737); 75(2.96689); 76(6.25944); 77(5.66406); 78(7.44066); 79(8.64229); 80(8.47931); 81(2.18674); 82(3.77137); 83(8.61956); 84(1.22084); 85(5.65128); 86(2.87068); 87(1.91774); 88(4.98306); 89(4.60455); 90(8.45675); 91(6.04107); 92(3.47373); 93(4.14498); 94(8.90171); 95(5.26994); 96(4.79062); 97(0.61683); 98(1.32154); 99(6.1014); 100(4.65569); 101(2.24538); 102(2.13383); 103(4.63125); 104(1.10425); 105(7.13519); 106(5.58421); 107(3.06558); 108(0.8569); 109(3.26625); 110(2.67968); 111(7.11291); 112(3.66241); 113(0.95945); 114(5.09336); 115(4.73605); 116(7.22857); 117(3.86582); 118(6.68125); 119(8.04949); 120(7.11235); 121(0.6552); 122(7.31064); 123(1.92736); 124(8.09273); 125(4.74381); 126(2.66191); 127(6.29871); 128(8.65221); 129(1.4642); 130(4.03784); 131(2.28837); 132(7.42311); 133(3.20314); 134(1.31652); 135(3.44049); 136(1.39262); 137(0.32531); 138(8.98511); 139(5.66508); 140(2.73705); 141(8.19991); 142(5.64554); 143(4.45487); 144(3.91796); 145(7.30926); 146(3.78102); 147(5.27797); 148(1.59806); 149(4.08488); 150(8.48359); 151(4.67672); 152(6.56439); 153(1.43172); 154(3.06029); 155(1.52732); 156(2.47139); 157(8.86039); 158(5.2031); 159(6.23885); 160(2.03676); 161(1.05149); 162(2.19288); 163(7.53827); 164(0.37766); 165(2.42665); 166(3.17817); 167(1.9398); 168(8.12319); 169(4.56436); 170(0.61145); 171(6.47247); 172(3.32055); 173(4.24577); 174(1.31718); 175(5.01899); 176(8.10713); 177(3.41198); 178(0.34551); 179(7.53089); 180(5.36162); 181(4.05646); 182(1.06119); 183(0.76047); 184(7.72021); 185(6.94518); 186(0.54717); 187(7.89087); 188(7.88604); 189(6.63778); 190(0.28584); 191(3.86964); 192(7.53632); 193(3.49129); 194(2.03119); 195(4.01728); 196(2.38863); 197(6.59047); 198(1.00142); 199(5.1143); 200(5.11205); 201(6.17585); 202(2.68106); 203(6.73717); 204(3.57959); 205(3.81808); 206(5.43043); 207(8.25584); 208(7.41774); 210(8.63268); 211(2.15554); 212(1.73636); 213(1.60873); 214(6.12249); 215(2.31999); 216(4.3335); 217(5.02166); 218(4.46751); 219(3.04758); 220(5.7173); 221(6.72443); 222(4.5464); 223(4.95041); 224(0.73652); 225(1.29127); 226(1.33405); 227(3.41335); 228(5.53908); 229(3.40707); 230(2.71575); 231(1.26666); 232(4.11348); 233(3.86639); 234(5.361); 235(1.99366); 236(8.49839); 237(6.80807); 238(3.31228); 239(2.67638); 240(7.8895); 241(2.62133); 242(1.20079); 243(4.51774); 244(1.59628); 245(2.66034); 246(2.11298); 247(6.11051); 248(6.47458); 249(0.5661); 250(2.04222); 251(6.57681); 252(3.54921); 253(7.85886); 254(0.19511); 255(3.16057); 256(8.45824); 257(1.96356); 258(8.51962); 259(6.72103); 260(1.77168); 261(0.0879); 262(1.01222); 263(4.54696); 264(8.07904); 265(4.54022); 266(4.8466); 267(1.47238); 268(1.32961); 269(6.76065); 270(6.61118); 271(0.03564); 272(2.4284); 273(3.41305); 274(7.00156); 275(7.87811); 276(7.45895); 277(4.92764); 278(4.75048); 279(0.07476); 280(7.52556); 281(8.28185); 282(8.44854); 283(5.05905); 284(5.13499); 285(2.56077); 286(2.49218); 287(6.50081); 288(2.74653); 289(1.22334); 290(7.26918); 291(0.89312); 292(5.17159); 293(5.44774); 294(7.75314); 295(8.99519); 296(4.60951); 297(7.08195); 298(1.23866); 299(3.26223),1314.602,1314.602,4.396662207357859,2.4447954405392314,8.99519,0.03564,0.421151128276139,1
210,0(0.90199); 1(1.80057); 2(0.84217); 3(8.02345); 4(7.48947); 5(0.27025); 6(2.16814); 7(3.21215); 8(1.16039); 9(7.40095); 10(2.68223); 11(0.03752); 12(0.0117); 13(6.65859); 14(7.245); 15(1.72251); 16(5.119); 17(6.36223); 18(6.71431); 19(7.14331); 20(4.05718); 21(8.22545); 22(1.26052); 23(4.8537); 24(4.74156); 25(5.57029); 26(1.38464); 27(4.6134); 28(6.40618); 29(0.76167); 30(4.00928); 31(8.48335); 32(0.08582); 33(1.57027); 34(2.18943); 35(3.80634); 36(6.54094); 37(0.83892); 38(4.90541); 39(6.66908); 40(6.35148); 41(0.0274); 42(6.21353); 43(2.55787); 44(7.71794); 45(8.44549); 46(5.42655); 47(2.86671); 48(7.92027); 49(6.84007); 50(6.1923); 51(7.64385); 52(8.05199); 53(0.53088); 54(1.26893); 55(4.29889); 56(7.86749); 57(0.95148); 58(6.08578); 59(6.09615); 60(4.41509); 61(8.21513); 62(5.88541); 63(8.81664); 64(6.07072); 65(8.50189); 66(8.29323); 67(7.72036); 68(7.54458); 69(7.44376); 70(7.66034); 71(3.95507); 72(3.44573); 73(6.46302); 74(2.1563); 75(5.71067); 76(7.09818); 77(0.04258); 78(2.53324); 79(4.7723); 80(4.59915); 81(3.334); 82(3.37635); 83(8.73231); 84(8.96661); 85(1.94817); 86(1.49646); 87(3.78659); 88(6.65916); 89(5.36377); 90(0.99097); 91(4.47061); 92(6.76778); 93(0.1425); 94(2.82088); 95(3.8564); 96(4.44518); 97(5.37536); 98(1.96927); 99(6.58869); 100(0.26039); 101(3.40152); 102(5.94773); 103(5.7424); 104(4.91535); 105(5.82565); 106(3.49212); 107(4.07921); 108(1.31285); 109(7.71817); 110(6.19476); 111(3.26263); 112(5.04646); 113(7.50891); 114(5.99367); 115(6.10927); 116(3.79028); 117(4.25744); 118(0.34164); 119(0.30249); 120(6.54935); 121(3.89985); 122(6.21666); 123(3.93008); 124(4.30071); 125(8.9237); 126(8.77605); 127(1.11889); 128(4.13797); 129(2.33508); 130(4.61366); 131(3.43655); 132(1.88431); 133(0.5721); 134(0.36033); 135(3.47681); 136(4.97468); 137(6.97765); 138(4.41978); 139(7.32306); 140(0.02497); 141(6.2724); 142(6.77256); 143(3.92064); 144(1.53127); 145(7.2113); 146(6.21389); 147(8.4262); 148(6.18566); 149(5.15291); 150(0.49524); 151(1.706); 152(5.31338); 153(8.58903); 154(3.77203); 155(4.17853); 156(7.54146); 157(2.32743); 158(8.19408); 159(4.36742); 160(2.15436); 161(3.53273); 162(7.69856); 163(5.24665); 164(2.76937); 165(0.72363); 166(1.35126); 167(6.92458); 168(6.76423); 169(0.6975); 170(0.09154); 171(7.24127); 172(5.15554); 173(5.90956); 174(5.06778); 175(1.40705); 176(7.07333); 177(3.8334); 178(8.26033); 179(7.98911); 180(7.19314); 181(7.90027); 182(7.78991); 183(6.99406); 184(6.26768); 185(5.49827); 186(0.03779); 187(1.69409); 188(6.96571); 189(3.49752); 190(6.94388); 191(7.64655); 192(8.86876); 193(1.94307); 194(6.47711); 195(1.16792); 196(7.39514); 197(7.07621); 198(8.552); 199(0.43443); 200(1.29362); 201(0.50333); 202(1.29652); 203(8.67655); 204(7.36418); 205(4.57223); 206(7.89018); 207(1.01899); 208(3.11405); 209(8.63268); 211(2.14657); 212(6.41563); 213(4.14872); 214(0.2845); 215(0.38232); 216(1.73992); 217(4.70188); 218(8.32808); 219(4.32851); 220(0.91618); 221(3.42745); 222(0.16025); 223(4.0399); 224(2.17627); 225(8.60184); 226(7.08764); 227(0.61803); 228(4.01285); 229(1.91224); 230(7.14614); 231(0.80659); 232(0.72634); 233(0.34796); 234(4.59542); 235(3.9425); 236(2.95894); 237(6.53043); 238(0.71544); 239(7.53545); 240(7.373); 241(0.87241); 242(1.19873); 243(1.5532); 244(4.16237); 245(8.8485); 246(1.70657); 247(3.8902); 248(8.65685); 249(0.2155); 250(0.64336); 251(8.61291); 252(0.40005); 253(3.31196); 254(5.25408); 255(3.78567); 256(0.5028); 257(4.9846); 258(5.33685); 259(5.12375); 260(3.34644); 261(1.70092); 262(5.47543); 263(7.58562); 264(5.01694); 265(6.21655); 266(3.34554); 267(6.64035); 268(0.758); 269(2.07823); 270(8.20298); 271(7.18444); 272(5.88254); 273(5.16803); 274(4.77554); 275(6.30812); 276(2.96855); 277(1.27066); 278(6.38894); 279(1.55016); 280(8.54211); 281(8.20898); 282(7.59854); 283(6.77932); 284(1.83209); 285(2.9917); 286(0.20039); 287(2.13657); 288(7.76082); 289(3.70999); 290(1.95644); 291(1.87431); 292(6.15462); 293(3.02531); 294(2.68529); 295(7.66768); 296(1.91996); 297(2.47645); 298(3.13841); 299(3.97165),1333.91505,1333.91505,4.461254347826087,2.6771647314367217,8.96661,0.0117,0.4106271523360181,1
211,0(2.72906); 1(0.33421); 2(2.159); 3(7.12218); 4(6.98867); 5(4.71786); 6(1.37411); 7(7.27866); 8(6.65722); 9(7.10923); 10(0.43863); 11(6.44512); 12(2.1926); 13(4.02894); 14(4.84823); 15(6.48355); 16(5.33104); 17(7.17558); 18(4.29984); 19(7.12575); 20(4.11529); 21(1.513); 22(0.15028); 23(2.02135); 24(7.49942); 25(5.99403); 26(3.85802); 27(0.71299); 28(5.39156); 29(1.48278); 30(3.65014); 31(8.72128); 32(8.29053); 33(3.36598); 34(4.94283); 35(0.47297); 36(7.2234); 37(2.50833); 38(5.01285); 39(6.0418); 40(1.14412); 41(2.40293); 42(2.11367); 43(4.42831); 44(5.02947); 45(6.06154); 46(5.41598); 47(7.56895); 48(7.83839); 49(0.16322); 50(6.95755); 51(4.08429); 52(0.08019); 53(3.4259); 54(2.70516); 55(6.72074); 56(6.26383); 57(2.30617); 58(7.48574); 59(8.57618); 60(6.84472); 61(0.1634); 62(3.08726); 63(3.06416); 64(8.92647); 65(0.03746); 66(1.45984); 67(5.52753); 68(2.76672); 69(3.88276); 70(7.86266); 71(2.13066); 72(8.97284); 73(1.94863); 74(3.61619); 75(5.8576); 76(3.36374); 77(2.87442); 78(6.69686); 79(4.87428); 80(8.79733); 81(2.70802); 82(7.67418); 83(8.7461); 84(2.60768); 85(8.52705); 86(6.56063); 87(7.34639); 88(7.482); 89(0.27446); 90(6.55754); 91(6.995); 92(7.83393); 93(5.47894); 94(3.9437); 95(6.92378); 96(3.15604); 97(2.78864); 98(8.1963); 99(1.04701); 100(7.70724); 101(3.06443); 102(2.94726); 103(8.6888); 104(2.17471); 105(2.07962); 106(5.37886); 107(3.99994); 108(7.70508); 109(8.33216); 110(8.18794); 111(8.06809); 112(1.39954); 113(3.28652); 114(4.30557); 115(2.43726); 116(6.48855); 117(7.10018); 118(3.92866); 119(6.57397); 120(3.18594); 121(6.84894); 122(1.41191); 123(1.67814); 124(7.04609); 125(6.44639); 126(6.64686); 127(0.3482); 128(5.98337); 129(6.32347); 130(4.1371); 131(8.39211); 132(0.66671); 133(4.88883); 134(0.02815); 135(1.27683); 136(3.82248); 137(8.96151); 138(8.46366); 139(7.69823); 140(3.79003); 141(6.00746); 142(1.45162); 143(8.67148); 144(2.84496); 145(4.7982); 146(1.39934); 147(0.44888); 148(5.51547); 149(3.30791); 150(3.32141); 151(0.93663); 152(7.20008); 153(3.55982); 154(3.95254); 155(7.77312); 156(6.45518); 157(1.95838); 158(8.01602); 159(4.71022); 160(3.21613); 161(6.14555); 162(2.21101); 163(0.68348); 164(6.5926); 165(4.67167); 166(0.3092); 167(0.32199); 168(3.38435); 169(3.16005); 170(7.55975); 171(1.94251); 172(7.95182); 173(6.64634); 174(0.93802); 175(2.64596); 176(2.25646); 177(7.66374); 178(3.49868); 179(2.58103); 180(6.07493); 181(7.29859); 182(3.86287); 183(4.52482); 184(4.45279); 185(4.01163); 186(8.16066); 187(5.18479); 188(0.41141); 189(0.90077); 190(8.61101); 191(6.19332); 192(5.48406); 193(4.65659); 194(3.45699); 195(6.82277); 196(3.6518); 197(8.89099); 198(0.53644); 199(5.81981); 200(3.57663); 201(8.61242); 202(4.71814); 203(4.46777); 204(4.77576); 205(7.92931); 206(0.72894); 207(5.10254); 208(4.33463); 209(2.15554); 210(2.14657); 212(7.56345); 213(5.92511); 214(2.47265); 215(3.27368); 216(2.95564); 217(6.7889); 218(8.24667); 219(2.70841); 220(2.05868); 221(6.98045); 222(2.42739); 223(8.76409); 224(1.94924); 225(6.24954); 226(1.27376); 227(6.03408); 228(6.81732); 229(3.39952); 230(6.34837); 231(5.71901); 232(4.57767); 233(5.69926); 234(4.93324); 235(8.85147); 236(2.55916); 237(7.74403); 238(7.6435); 239(0.65065); 240(4.97189); 241(1.77723); 242(7.81529); 243(3.23498); 244(0.51094); 245(3.13429); 246(4.27711); 247(7.85026); 248(2.54197); 249(3.5769); 250(8.94608); 251(2.53077); 252(5.68664); 253(2.22338); 254(4.20128); 255(1.58644); 256(2.48113); 257(4.91375); 258(1.17833); 259(5.70655); 260(3.93623); 261(2.37658); 262(5.68196); 263(1.8533); 264(5.0162); 265(1.38359); 266(6.26481); 267(7.60631); 268(5.3535); 269(2.8706); 270(4.21889); 271(1.31911); 272(3.10227); 273(3.99598); 274(3.11523); 275(8.15436); 276(7.96777); 277(5.06471); 278(4.73297); 279(3.19635); 280(8.45253); 281(3.67309); 282(1.40907); 283(8.45286); 284(6.78706); 285(8.90488); 286(7.80843); 287(5.1879); 288(3.6012); 289(3.20255); 290(4.907); 291(8.92806); 292(4.82949); 293(3.74958); 294(8.5881); 295(7.42728); 296(8.09249); 297(0.16991); 298(6.16464); 299(7.9443),1397.59853,1397.59853,4.674242575250837,2.5405029448761,8.97284,0.02815,0.4385868178251953,2
212,0(1.8066); 1(8.57025); 2(2.92607); 3(4.77916); 4(8.01128); 5(5.92328); 6(1.21575); 7(6.27124); 8(8.08991); 9(4.87733); 10(6.71449); 11(7.59589); 12(8.6706); 13(4.68615); 14(4.19392); 15(8.39574); 16(3.08624); 17(0.04167); 18(3.43174); 19(5.43557); 20(4.71223); 21(0.6712); 22(0.91979); 23(8.92899); 24(7.8279); 25(5.91894); 26(4.44713); 27(8.42897); 28(0.76081); 29(5.41753); 30(2.16341); 31(2.11926); 32(1.77827); 33(0.64726); 34(3.54362); 35(1.8559); 36(1.21043); 37(0.873); 38(6.45171); 39(7.26908); 40(6.17149); 41(0.65895); 42(0.28541); 43(1.02543); 44(0.5983); 45(2.52417); 46(5.01431); 47(4.61633); 48(8.85024); 49(6.4547); 50(6.09355); 51(4.85593); 52(8.89844); 53(4.09579); 54(5.06566); 55(0.51482); 56(4.58962); 57(2.49864); 58(4.45925); 59(3.71754); 60(4.88139); 61(6.94483); 62(4.75198); 63(1.57741); 64(1.63939); 65(0.94296); 66(5.11561); 67(1.26368); 68(7.75116); 69(4.74675); 70(2.89687); 71(8.4294); 72(3.2664); 73(0.92958); 74(4.16188); 75(5.08985); 76(8.97876); 77(5.26508); 78(1.55834); 79(4.0389); 80(7.87708); 81(7.77353); 82(0.54805); 83(1.56282); 84(7.93506); 85(8.37968); 86(5.82208); 87(7.3906); 88(3.44141); 89(8.05821); 90(7.99858); 91(4.37777); 92(5.12077); 93(0.52592); 94(4.15961); 95(8.29289); 96(1.06928); 97(8.59202); 98(8.47106); 99(0.45116); 100(0.4096); 101(6.69248); 102(6.73902); 103(1.79931); 104(0.00367); 105(5.47089); 106(5.32864); 107(1.90875); 108(4.73311); 109(3.7799); 110(6.42785); 111(1.18785); 112(5.59224); 113(0.06054); 114(0.55442); 115(2.68415); 116(2.06648); 117(8.37554); 118(3.44156); 119(5.83822); 120(4.89549); 121(2.09696); 122(2.5672); 123(0.18097); 124(8.88414); 125(0.92936); 126(0.55759); 127(5.22462); 128(7.35443); 129(1.32986); 130(4.13506); 131(1.3079); 132(2.82317); 133(8.59381); 134(1.31472); 135(2.31151); 136(8.78453); 137(3.31843); 138(2.10621); 139(7.68404); 140(1.1452); 141(6.28823); 142(7.77714); 143(1.01194); 144(6.15909); 145(0.26181); 146(7.8988); 147(3.77149); 148(3.75794); 149(1.54617); 150(3.91828); 151(2.81741); 152(7.06366); 153(0.6555); 154(1.55593); 155(3.69019); 156(1.49803); 157(7.57209); 158(2.52111); 159(0.50944); 160(0.30894); 161(0.66212); 162(3.21865); 163(5.07657); 164(1.07674); 165(0.52842); 166(3.57835); 167(8.53107); 168(0.33316); 169(4.23361); 170(5.69648); 171(1.3062); 172(0.29229); 173(5.98302); 174(5.96419); 175(7.85836); 176(7.5648); 177(6.38185); 178(0.10862); 179(1.64668); 180(6.33962); 181(4.76933); 182(7.04625); 183(7.69188); 184(7.91909); 185(6.6451); 186(7.84977); 187(5.04224); 188(0.8303); 189(1.30155); 190(8.20369); 191(4.45673); 192(1.81134); 193(8.66349); 194(6.97962); 195(3.79416); 196(0.23826); 197(1.91036); 198(7.70244); 199(0.51479); 200(8.6888); 201(7.54914); 202(4.95831); 203(1.24274); 204(7.13894); 205(0.52958); 206(3.70528); 207(3.13346); 208(0.29545); 209(1.73636); 210(6.41563); 211(7.56345); 213(6.23848); 214(0.20992); 215(1.73277); 216(1.70606); 217(7.02181); 218(8.56839); 219(7.25691); 220(1.75015); 221(4.5444); 222(5.29357); 223(2.33845); 224(3.95588); 225(3.54635); 226(6.30588); 227(4.63089); 228(5.1115); 229(4.12482); 230(5.11514); 231(4.23633); 232(4.59723); 233(6.50876); 234(5.75292); 235(1.53009); 236(3.88702); 237(6.77443); 238(2.69572); 239(4.31424); 240(1.96005); 241(5.10536); 242(6.56898); 243(4.29084); 244(5.11322); 245(1.43972); 246(3.50149); 247(2.33294); 248(3.6005); 249(3.83936); 250(5.52101); 251(5.08183); 252(5.16937); 253(1.68138); 254(3.61563); 255(4.97658); 256(4.97246); 257(2.48886); 258(1.39983); 259(8.99503); 260(7.41905); 261(5.12617); 262(1.2412); 263(5.32173); 264(2.88548); 265(8.20994); 266(2.05693); 267(6.45315); 268(4.7144); 269(0.22063); 270(5.7769); 271(2.87189); 272(1.0577); 273(4.19855); 274(3.87435); 275(8.00804); 276(5.654); 277(7.79086); 278(8.17098); 279(7.67478); 280(2.16064); 281(4.13607); 282(7.86325); 283(8.66776); 284(4.78748); 285(3.22763); 286(7.94948); 287(5.06752); 288(7.48329); 289(1.1826); 290(4.7536); 291(1.16672); 292(5.63095); 293(2.77281); 294(8.95068); 295(4.8749); 296(4.87513); 297(6.84882); 298(8.3109); 299(4.02749),1302.53262,1302.53262,4.356296387959866,2.6537090118718676,8.99503,0.00367,0.4076462149333612,1
213,0(2.87647); 1(1.15473); 2(1.04221); 3(2.54755); 4(3.70605); 5(3.10762); 6(4.31437); 7(2.90247); 8(1.5477); 9(1.40175); 10(5.27252); 11(4.45822); 12(5.26365); 13(4.41169); 14(0.64372); 15(6.06664); 16(3.16699); 17(5.57867); 18(3.33656); 19(1.09747); 20(0.45518); 21(5.97042); 22(6.67844); 23(8.67239); 24(8.5555); 25(6.77725); 26(5.4834); 27(7.94972); 28(3.58856); 29(7.5564); 30(7.38438); 31(3.54403); 32(3.11448); 33(6.18226); 34(1.96129); 35(4.74955); 36(6.61227); 37(8.9962); 38(8.41768); 39(3.40743); 40(4.97932); 41(4.42873); 42(6.17206); 43(7.43614); 44(3.03877); 45(7.45966); 46(5.80188); 47(8.94794); 48(4.25788); 49(2.59859); 50(6.49312); 51(6.40698); 52(0.44112); 53(6.58264); 54(2.84306); 55(5.59081); 56(2.01328); 57(1.77566); 58(1.6189); 59(6.37201); 60(0.2515); 61(3.05447); 62(3.17361); 63(7.1703); 64(3.59692); 65(3.39245); 66(2.76233); 67(1.56749); 68(8.88544); 69(4.25027); 70(8.68264); 71(6.97312); 72(6.24208); 73(0.27982); 74(0.6255); 75(2.29486); 76(7.84983); 77(1.09502); 78(1.25485); 79(4.15074); 80(4.45151); 81(3.45158); 82(1.29399); 83(1.2381); 84(2.79054); 85(5.96745); 86(2.80499); 87(3.42072); 88(6.38232); 89(8.41126); 90(8.39554); 91(0.3831); 92(1.44203); 93(8.96124); 94(2.31188); 95(2.17583); 96(6.56214); 97(0.99462); 98(1.86578); 99(7.47751); 100(7.63398); 101(1.84205); 102(4.33457); 103(8.31416); 104(8.80819); 105(6.0294); 106(5.24313); 107(1.6335); 108(4.63217); 109(8.15657); 110(4.1059); 111(5.48104); 112(4.13881); 113(4.88395); 114(7.24978); 115(1.91935); 116(7.44765); 117(8.2938); 118(5.15365); 119(8.14711); 120(8.70199); 121(0.7606); 122(8.37149); 123(3.20319); 124(8.65262); 125(2.45616); 126(0.71434); 127(7.85865); 128(7.87769); 129(0.03172); 130(8.04971); 131(3.05379); 132(1.14352); 133(8.13615); 134(1.77582); 135(6.83539); 136(7.93387); 137(7.13424); 138(7.07351); 139(1.86339); 140(8.09153); 141(6.12212); 142(0.63186); 143(5.66174); 144(7.70919); 145(6.72898); 146(8.67161); 147(6.58499); 148(7.81683); 149(0.40166); 150(1.34295); 151(8.39415); 152(6.14978); 153(0.32798); 154(1.08367); 155(1.13233); 156(2.75); 157(0.84981); 158(4.58152); 159(5.40152); 160(5.61031); 161(5.46061); 162(3.91062); 163(8.31751); 164(0.88891); 165(1.16249); 166(7.22072); 167(3.64248); 168(0.32496); 169(3.33678); 170(2.99123); 171(6.34343); 172(3.89786); 173(7.26323); 174(3.88936); 175(4.0042); 176(8.08025); 177(7.46578); 178(5.34623); 179(6.33944); 180(8.1013); 181(3.33751); 182(4.74905); 183(1.19556); 184(0.88319); 185(7.78707); 186(4.42121); 187(3.632); 188(4.65); 189(7.99127); 190(7.01648); 191(7.97626); 192(7.00775); 193(1.63133); 194(7.29727); 195(8.91065); 196(4.90059); 197(7.13811); 198(8.61227); 199(4.6979); 200(8.64444); 201(6.53913); 202(7.92455); 203(7.33938); 204(2.70331); 205(1.59245); 206(3.63154); 207(6.52935); 208(0.88702); 209(1.60873); 210(4.14872); 211(5.92511); 212(6.23848); 214(6.77732); 215(5.12961); 216(6.86573); 217(6.76118); 218(3.86578); 219(1.05165); 220(4.37212); 221(7.96168); 222(0.84787); 223(5.8983); 224(0.04386); 225(5.13799); 226(7.80202); 227(2.89755); 228(1.25287); 229(4.76769); 230(5.99619); 231(3.39283); 232(3.42998); 233(1.93567); 234(2.85158); 235(8.50956); 236(3.20128); 237(2.65321); 238(7.21608); 239(1.96164); 240(0.96494); 241(7.91935); 242(7.56378); 243(1.55825); 244(1.65924); 245(8.04718); 246(7.27848); 247(6.55876); 248(5.92822); 249(7.53808); 250(8.7414); 251(2.93201); 252(7.88296); 253(8.10193); 254(6.87841); 255(6.97984); 256(2.33291); 257(3.17312); 258(2.65012); 259(2.94414); 260(2.44324); 261(1.39641); 262(5.93368); 263(5.00992); 264(2.48476); 265(5.83012); 266(0.12402); 267(3.50654); 268(6.41817); 269(5.51976); 270(1.81344); 271(0.86238); 272(5.35234); 273(0.41868); 274(1.88984); 275(6.98018); 276(4.67643); 277(8.27202); 278(1.27039); 279(2.25925); 280(4.33661); 281(8.06147); 282(1.9595); 283(0.96201); 284(3.96876); 285(3.98318); 286(0.0206); 287(8.78563); 288(8.46806); 289(5.79961); 290(1.55976); 291(8.68459); 292(2.47474); 293(1.90058); 294(2.14125); 295(5.83175); 296(7.37515); 297(1.44903); 298(0.82654); 299(5.33668),1386.8054300000001,1386.8054300000001,4.63814525083612,2.651933129415816,8.9962,0.0206,0.43294333027922294,2
214,0(5.07266); 1(5.45201); 2(5.99853); 3(3.1739); 4(2.98027); 5(5.91351); 6(5.65734); 7(1.29772); 8(4.56494); 9(1.74773); 10(0.95895); 11(1.07542); 12(7.39202); 13(1.66941); 14(7.67785); 15(1.78742); 16(6.26436); 17(6.21498); 18(5.49517); 19(3.38797); 20(1.18588); 21(5.27817); 22(6.50469); 23(1.18717); 24(5.15156); 25(6.45409); 26(4.10192); 27(3.92707); 28(8.84427); 29(7.3394); 30(2.36232); 31(0.8355); 32(4.50267); 33(4.82568); 34(8.5911); 35(6.37485); 36(1.58275); 37(7.39915); 38(7.32726); 39(6.01452); 40(6.56102); 41(0.49019); 42(3.56863); 43(2.01686); 44(4.21264); 45(2.24766); 46(4.74024); 47(8.6036); 48(1.42597); 49(8.06031); 50(0.56824); 51(5.99905); 52(4.45596); 53(8.02466); 54(7.00978); 55(6.16228); 56(1.21303); 57(4.29605); 58(8.03921); 59(0.79128); 60(8.40185); 61(8.8974); 62(8.24326); 63(6.38001); 64(8.30443); 65(1.99784); 66(2.268); 67(3.92564); 68(1.24674); 69(2.1512); 70(2.28211); 71(0.99485); 72(7.23065); 73(7.70073); 74(4.96534); 75(4.69038); 76(1.1717); 77(0.68967); 78(7.50363); 79(4.31422); 80(7.75407); 81(8.35657); 82(3.51457); 83(5.15906); 84(6.05784); 85(5.78323); 86(3.07554); 87(8.96963); 88(8.61876); 89(0.41611); 90(8.43); 91(1.95274); 92(8.36698); 93(8.89671); 94(4.36939); 95(6.72369); 96(4.68228); 97(1.73428); 98(4.10099); 99(1.52243); 100(3.49897); 101(2.18259); 102(4.29387); 103(0.5525); 104(0.48742); 105(4.30105); 106(4.83692); 107(1.49143); 108(2.1021); 109(5.9432); 110(1.24244); 111(7.05809); 112(8.42807); 113(4.55987); 114(5.36738); 115(1.90508); 116(3.78906); 117(6.11703); 118(4.39044); 119(0.22496); 120(6.48157); 121(6.48602); 122(5.90074); 123(1.88129); 124(0.22289); 125(2.43067); 126(4.0111); 127(1.3387); 128(0.48557); 129(2.98616); 130(3.56607); 131(8.95433); 132(6.36854); 133(2.87722); 134(5.38139); 135(8.12262); 136(8.11521); 137(0.03543); 138(8.82442); 139(6.9104); 140(4.67045); 141(5.96769); 142(8.9597); 143(7.16565); 144(7.55975); 145(4.60101); 146(4.10323); 147(3.75451); 148(0.71308); 149(8.68205); 150(8.9024); 151(7.38796); 152(0.30429); 153(3.14905); 154(8.69444); 155(6.18487); 156(3.24573); 157(0.8006); 158(8.53111); 159(6.73476); 160(8.36241); 161(3.84464); 162(6.94758); 163(4.98309); 164(4.00483); 165(8.13059); 166(2.14994); 167(6.2747); 168(5.25674); 169(7.42115); 170(0.55008); 171(6.78891); 172(7.70627); 173(7.22302); 174(5.45606); 175(6.61645); 176(6.56265); 177(2.53158); 178(4.6794); 179(5.924); 180(8.50495); 181(2.23411); 182(3.96812); 183(7.5471); 184(1.68911); 185(1.86573); 186(5.7792); 187(7.69921); 188(0.24193); 189(1.52258); 190(8.27899); 191(2.93298); 192(7.28704); 193(3.99002); 194(8.57189); 195(1.23925); 196(3.83762); 197(3.21313); 198(6.67513); 199(7.87147); 200(5.49397); 201(7.3997); 202(8.2504); 203(0.74651); 204(2.60677); 205(5.75223); 206(4.24645); 207(4.6505); 208(0.12491); 209(6.12249); 210(0.2845); 211(2.47265); 212(0.20992); 213(6.77732); 215(3.18338); 216(1.65636); 217(7.88324); 218(0.64401); 219(7.42885); 220(4.86738); 221(0.47797); 222(8.06388); 223(3.70945); 224(6.19118); 225(1.83903); 226(5.31494); 227(0.63321); 228(1.17163); 229(1.71568); 230(8.55365); 231(2.1053); 232(8.29776); 233(2.20364); 234(1.68026); 235(5.31373); 236(0.53524); 237(3.85536); 238(3.34158); 239(0.84569); 240(2.70245); 241(1.14404); 242(4.85376); 243(0.92565); 244(2.99135); 245(8.42143); 246(5.64538); 247(1.02461); 248(4.63943); 249(6.53813); 250(3.63814); 251(4.01799); 252(8.48944); 253(5.09016); 254(3.33286); 255(5.88382); 256(0.20472); 257(1.05222); 258(2.7482); 259(3.8876); 260(4.73347); 261(1.21951); 262(3.57177); 263(4.22136); 264(7.19766); 265(0.54764); 266(8.00488); 267(3.88339); 268(2.28701); 269(1.38427); 270(4.88566); 271(6.971); 272(5.91718); 273(2.89276); 274(1.6205); 275(8.10345); 276(0.86493); 277(7.91128); 278(3.95523); 279(6.03208); 280(5.00891); 281(1.55621); 282(2.31612); 283(4.52038); 284(4.83415); 285(7.65424); 286(8.13565); 287(7.53791); 288(2.3866); 289(1.09037); 290(7.47451); 291(5.25513); 292(8.60409); 293(6.14195); 294(3.61217); 295(3.50439); 296(8.43208); 297(0.94445); 298(8.63681); 299(2.15837),1364.42377,1364.42377,4.563290200668896,2.653854426345841,8.96963,0.03543,0.42653642144502973,2
215,0(2.25504); 1(7.19878); 2(1.60827); 3(7.57319); 4(6.95146); 5(1.77057); 6(7.96326); 7(6.17094); 8(5.55616); 9(8.89219); 10(1.97935); 11(6.12523); 12(6.47841); 13(4.63691); 14(7.28384); 15(1.79882); 16(1.22303); 17(5.52938); 18(3.03195); 19(4.87983); 20(4.91775); 21(5.65131); 22(4.45043); 23(7.61141); 24(6.43119); 25(4.04401); 26(8.27919); 27(0.42846); 28(6.41786); 29(7.0254); 30(5.57486); 31(1.71738); 32(4.44238); 33(2.8257); 34(3.94573); 35(6.45941); 36(8.54579); 37(1.59727); 38(2.56611); 39(5.95352); 40(8.76549); 41(7.82807); 42(1.88833); 43(4.9398); 44(7.53469); 45(8.05646); 46(6.97211); 47(5.43465); 48(0.50296); 49(1.44602); 50(0.01219); 51(6.18409); 52(8.10658); 53(4.02791); 54(8.52772); 55(7.07848); 56(3.26101); 57(6.72496); 58(8.24094); 59(3.06672); 60(8.27365); 61(6.76179); 62(1.60753); 63(3.35928); 64(6.30713); 65(8.39053); 66(8.31381); 67(5.69315); 68(3.7788); 69(8.08616); 70(6.35593); 71(3.93001); 72(5.04982); 73(6.27908); 74(7.19403); 75(2.83392); 76(8.12148); 77(2.01327); 78(6.63286); 79(0.53463); 80(2.79705); 81(8.2572); 82(7.22262); 83(3.39123); 84(2.22231); 85(1.47001); 86(8.92823); 87(1.63039); 88(0.79387); 89(0.1924); 90(2.49959); 91(2.44904); 92(4.96527); 93(6.36212); 94(7.06628); 95(1.20169); 96(3.20711); 97(4.29754); 98(5.10488); 99(3.96459); 100(7.3627); 101(2.91611); 102(5.44463); 103(7.95168); 104(8.04599); 105(1.35423); 106(8.94406); 107(5.76688); 108(8.51308); 109(3.99544); 110(0.59671); 111(7.47449); 112(6.03198); 113(4.8444); 114(3.12495); 115(0.23733); 116(5.82614); 117(5.2702); 118(5.53941); 119(2.60503); 120(0.68429); 121(6.70736); 122(3.82502); 123(8.04494); 124(4.00379); 125(4.59275); 126(7.22854); 127(5.25608); 128(3.5602); 129(5.65846); 130(7.71164); 131(1.67667); 132(8.0363); 133(5.91011); 134(8.70441); 135(4.03884); 136(2.8697); 137(2.92284); 138(6.85937); 139(4.84869); 140(3.51161); 141(3.58909); 142(4.50023); 143(2.35773); 144(6.89072); 145(8.01903); 146(2.83791); 147(8.49336); 148(4.93528); 149(0.50682); 150(5.43593); 151(6.10529); 152(4.03099); 153(2.11754); 154(2.76251); 155(4.66299); 156(8.4266); 157(3.24568); 158(2.10511); 159(6.93149); 160(8.58672); 161(5.95332); 162(1.46433); 163(2.71737); 164(8.98877); 165(2.53945); 166(8.61592); 167(4.29877); 168(3.46016); 169(0.05115); 170(4.27094); 171(7.88166); 172(1.63671); 173(1.70559); 174(7.27097); 175(8.15004); 176(0.9448); 177(2.24156); 178(4.10264); 179(7.50428); 180(8.70517); 181(7.7632); 182(7.21052); 183(2.66857); 184(7.7892); 185(3.6082); 186(1.73518); 187(6.33557); 188(5.53139); 189(8.48256); 190(4.58562); 191(8.38607); 192(5.77884); 193(7.44072); 194(0.68966); 195(5.79581); 196(4.99184); 197(2.98034); 198(5.67024); 199(1.2263); 200(8.38146); 201(3.13964); 202(1.06907); 203(6.39409); 204(6.49685); 205(8.08188); 206(0.21462); 207(6.72036); 208(4.17806); 209(2.31999); 210(0.38232); 211(3.27368); 212(1.73277); 213(5.12961); 214(3.18338); 216(0.33613); 217(6.77043); 218(5.90674); 219(2.73637); 220(3.52776); 221(8.78723); 222(8.37738); 223(8.88016); 224(6.16086); 225(0.67135); 226(3.10329); 227(8.77641); 228(6.48628); 229(8.66458); 230(8.31526); 231(4.68176); 232(5.56319); 233(2.21374); 234(6.55527); 235(5.05951); 236(2.33557); 237(5.82724); 238(1.11567); 239(3.36477); 240(7.1168); 241(4.9896); 242(5.5556); 243(7.2183); 244(2.0001); 245(6.1258); 246(8.89123); 247(2.43245); 248(7.16624); 249(3.31624); 250(0.70211); 251(2.48095); 252(6.04104); 253(5.22824); 254(4.38512); 255(4.15788); 256(8.2117); 257(2.20712); 258(1.66717); 259(4.54005); 260(3.62461); 261(4.80408); 262(5.47507); 263(1.98028); 264(8.32795); 265(2.12286); 266(6.93289); 267(8.40561); 268(1.65521); 269(8.33129); 270(2.43374); 271(0.31005); 272(6.0534); 273(4.557); 274(4.4148); 275(6.53303); 276(5.65721); 277(1.22853); 278(2.11076); 279(3.69236); 280(2.774); 281(3.00903); 282(7.93853); 283(2.35067); 284(0.96905); 285(4.67463); 286(2.82752); 287(4.83974); 288(4.74855); 289(5.91391); 290(7.16221); 291(7.20701); 292(3.87751); 293(8.43038); 294(7.76215); 295(7.43986); 296(7.392); 297(6.30251); 298(0.08131); 299(0.91162),1454.75412,1454.75412,4.86539839464883,2.529882910187537,8.98877,0.01219,0.4542186315644479,2
216,0(8.851); 1(6.63318); 2(5.86415); 3(1.26228); 4(1.21901); 5(4.24157); 6(8.83309); 7(6.29741); 8(5.17452); 9(5.20015); 10(2.34169); 11(0.72769); 12(0.29955); 13(1.60976); 14(0.35465); 15(5.42603); 16(4.79649); 17(3.78674); 18(4.15989); 19(8.13433); 20(5.11986); 21(5.47022); 22(8.29981); 23(8.36278); 24(7.1202); 25(1.67944); 26(4.34072); 27(0.39824); 28(1.66666); 29(0.11729); 30(4.43316); 31(4.56444); 32(3.55915); 33(0.88514); 34(8.597); 35(2.67403); 36(4.05687); 37(2.04851); 38(4.48535); 39(1.9949); 40(1.60372); 41(0.27745); 42(1.53961); 43(3.76115); 44(7.30413); 45(0.6135); 46(2.79021); 47(3.32568); 48(4.77961); 49(3.88833); 50(4.2825); 51(8.28272); 52(0.88358); 53(1.51524); 54(6.02746); 55(7.74176); 56(6.73869); 57(8.14872); 58(2.92209); 59(4.79498); 60(8.04388); 61(4.31338); 62(3.98361); 63(6.07844); 64(5.79467); 65(0.64128); 66(7.1426); 67(1.67795); 68(4.12114); 69(5.49308); 70(2.87971); 71(4.62044); 72(3.94605); 73(4.41387); 74(7.12145); 75(5.87175); 76(5.90072); 77(8.80523); 78(8.25623); 79(4.88966); 80(8.71138); 81(5.17846); 82(2.2182); 83(4.65572); 84(6.24679); 85(4.45684); 86(6.01006); 87(1.44802); 88(4.07041); 89(1.20571); 90(6.48293); 91(0.30266); 92(1.37022); 93(7.08685); 94(1.98506); 95(8.76681); 96(7.90236); 97(6.31376); 98(6.2558); 99(3.38336); 100(4.08874); 101(5.96979); 102(7.55585); 103(1.10318); 104(8.72874); 105(6.60287); 106(7.09001); 107(0.08363); 108(5.97272); 109(0.44025); 110(2.37919); 111(1.36638); 112(6.97426); 113(6.22891); 114(6.63704); 115(0.17657); 116(7.35038); 117(7.94099); 118(0.19847); 119(6.91691); 120(1.06389); 121(6.76248); 122(3.23176); 123(2.2707); 124(2.04915); 125(5.08102); 126(6.03527); 127(3.91049); 128(7.46435); 129(1.6848); 130(0.31153); 131(5.39753); 132(4.92194); 133(4.81795); 134(1.44988); 135(2.25154); 136(5.01604); 137(1.07889); 138(0.65358); 139(3.09354); 140(8.73516); 141(3.76693); 142(6.98404); 143(0.67749); 144(0.86341); 145(7.00955); 146(1.34386); 147(8.89115); 148(3.00309); 149(2.93581); 150(2.3815); 151(2.12999); 152(5.5789); 153(2.20256); 154(4.25719); 155(1.60076); 156(4.47868); 157(4.97969); 158(4.89827); 159(4.26603); 160(5.84672); 161(2.46115); 162(5.85664); 163(1.8528); 164(1.45738); 165(4.80095); 166(6.08651); 167(1.63723); 168(4.4606); 169(0.98205); 170(5.3749); 171(1.32963); 172(6.63391); 173(7.03359); 174(4.50405); 175(6.70654); 176(0.1441); 177(6.73196); 178(1.88157); 179(7.19288); 180(4.00633); 181(5.63886); 182(1.63872); 183(3.64638); 184(2.35852); 185(1.42944); 186(1.04898); 187(2.94254); 188(5.2559); 189(6.17347); 190(4.89863); 191(4.31939); 192(7.14835); 193(4.69098); 194(4.31917); 195(6.04888); 196(5.3419); 197(1.21981); 198(2.3105); 199(5.5332); 200(0.63123); 201(7.93388); 202(3.83987); 203(2.98166); 204(0.07307); 205(2.86938); 206(5.57127); 207(8.60939); 208(4.5548); 209(4.3335); 210(1.73992); 211(2.95564); 212(1.70606); 213(6.86573); 214(1.65636); 215(0.33613); 217(7.43115); 218(6.38774); 219(5.55312); 220(6.58323); 221(3.30545); 222(6.90503); 223(0.63447); 224(0.22344); 225(3.06177); 226(7.88866); 227(6.12711); 228(1.50018); 229(0.53304); 230(3.03931); 231(3.4693); 232(4.76516); 233(2.94976); 234(1.09243); 235(3.42815); 236(2.07144); 237(5.46204); 238(6.29533); 239(1.98354); 240(0.19602); 241(2.32709); 242(3.98731); 243(0.25268); 244(6.64024); 245(4.47044); 246(7.52449); 247(4.68874); 248(1.03068); 249(2.18729); 250(2.17727); 251(4.78359); 252(1.14318); 253(0.35169); 254(0.97309); 255(1.10707); 256(3.37918); 257(6.86135); 258(7.7869); 259(6.15489); 260(2.15654); 261(2.36123); 262(0.48064); 263(6.78727); 264(3.39235); 265(6.41916); 266(7.81309); 267(8.63768); 268(3.19648); 269(2.81171); 270(4.78869); 271(0.675); 272(2.35968); 273(4.84308); 274(8.06874); 275(7.87856); 276(1.77245); 277(2.18736); 278(6.98307); 279(4.95917); 280(1.21519); 281(4.82643); 282(3.22277); 283(6.90208); 284(7.43945); 285(1.57853); 286(6.82506); 287(7.27999); 288(8.2033); 289(2.11389); 290(2.52845); 291(1.09209); 292(3.84565); 293(3.60633); 294(7.40698); 295(5.22213); 296(3.84235); 297(4.27175); 298(8.59831); 299(5.04556),1249.64517,1249.64517,4.179415284280937,2.486548933827881,8.89115,0.07307,0.4007550763228913,1
217,0(8.63443); 1(0.4017); 2(2.48723); 3(8.01413); 4(2.78587); 5(3.41975); 6(4.58765); 7(6.60544); 8(3.96278); 9(1.59199); 10(7.2778); 11(1.78106); 12(6.42481); 13(4.3977); 14(1.55872); 15(0.38519); 16(2.0781); 17(6.85848); 18(6.27401); 19(2.82369); 20(5.97438); 21(6.96679); 22(7.98266); 23(2.48255); 24(4.90045); 25(4.26763); 26(4.07806); 27(6.74997); 28(5.67463); 29(3.91908); 30(7.71901); 31(0.40292); 32(3.12689); 33(0.02993); 34(3.92478); 35(4.02722); 36(4.97274); 37(7.8896); 38(7.03799); 39(8.78896); 40(7.20767); 41(3.24689); 42(2.95334); 43(5.47295); 44(2.23082); 45(6.96669); 46(4.61994); 47(6.507); 48(1.33932); 49(6.31919); 50(2.72538); 51(0.31321); 52(4.66646); 53(7.62803); 54(0.47975); 55(2.74958); 56(0.51168); 57(7.44936); 58(4.46578); 59(5.28641); 60(5.99072); 61(2.46441); 62(4.60531); 63(4.85198); 64(0.06415); 65(5.64649); 66(5.30881); 67(4.25812); 68(3.76246); 69(7.76081); 70(6.3917); 71(6.7524); 72(1.32051); 73(6.40435); 74(3.73476); 75(6.42192); 76(5.12795); 77(7.3128); 78(1.9959); 79(5.07088); 80(0.64308); 81(6.35981); 82(8.85734); 83(1.53997); 84(3.73726); 85(8.32467); 86(6.85353); 87(3.2328); 88(0.69691); 89(4.86189); 90(4.81999); 91(5.02384); 92(8.8911); 93(7.12723); 94(3.00765); 95(6.4394); 96(7.72755); 97(8.04559); 98(2.49781); 99(8.03432); 100(6.63788); 101(4.63814); 102(8.37921); 103(3.3493); 104(8.6949); 105(4.8393); 106(5.07888); 107(5.01303); 108(3.43615); 109(1.55389); 110(2.16048); 111(5.90361); 112(1.67073); 113(2.45367); 114(5.66306); 115(1.26068); 116(5.35695); 117(7.59945); 118(2.00896); 119(4.28661); 120(4.89129); 121(0.8723); 122(5.66615); 123(3.03087); 124(2.32513); 125(7.10814); 126(0.8035); 127(8.39926); 128(7.87204); 129(3.1787); 130(4.61999); 131(5.82897); 132(8.57229); 133(3.32035); 134(7.31047); 135(8.16244); 136(2.05509); 137(5.76568); 138(5.64908); 139(8.4089); 140(2.27759); 141(8.62692); 142(2.86361); 143(7.43984); 144(2.12915); 145(1.11601); 146(4.8103); 147(5.65972); 148(6.17342); 149(3.50566); 150(3.9838); 151(8.99238); 152(3.88559); 153(4.43424); 154(0.48539); 155(8.41003); 156(6.9939); 157(6.01557); 158(3.62858); 159(6.141); 160(7.21829); 161(1.512); 162(7.70766); 163(4.27124); 164(3.624); 165(0.36436); 166(8.75115); 167(5.21248); 168(3.31512); 169(3.71861); 170(8.76126); 171(7.04543); 172(8.13098); 173(4.57495); 174(8.44); 175(5.80033); 176(3.87284); 177(3.88393); 178(5.50448); 179(0.41069); 180(4.89467); 181(7.95406); 182(6.1463); 183(3.07544); 184(0.35084); 185(3.27428); 186(5.98296); 187(7.80436); 188(4.1429); 189(5.62419); 190(0.01371); 191(2.64207); 192(5.80887); 193(7.27208); 194(4.92799); 195(3.17642); 196(5.79763); 197(3.46743); 198(8.86035); 199(1.71599); 200(0.34312); 201(5.13445); 202(3.42563); 203(4.91304); 204(6.92742); 205(0.51671); 206(1.08804); 207(2.72005); 208(7.49558); 209(5.02166); 210(4.70188); 211(6.7889); 212(7.02181); 213(6.76118); 214(7.88324); 215(6.77043); 216(7.43115); 218(7.80258); 219(5.22205); 220(1.70671); 221(5.61738); 222(0.05962); 223(8.83302); 224(8.24422); 225(5.31124); 226(3.34262); 227(6.57209); 228(0.47741); 229(3.36852); 230(4.42613); 231(7.79091); 232(5.56902); 233(0.19571); 234(3.15084); 235(1.7396); 236(8.13698); 237(2.6899); 238(7.94184); 239(2.78083); 240(3.01994); 241(2.57681); 242(7.87413); 243(8.07362); 244(4.95053); 245(5.07311); 246(8.40275); 247(2.73277); 248(7.25878); 249(2.94419); 250(5.49931); 251(5.11884); 252(5.94727); 253(1.41413); 254(3.66725); 255(7.37879); 256(1.56503); 257(2.69535); 258(2.06357); 259(6.11348); 260(2.18674); 261(5.55123); 262(5.31217); 263(4.61802); 264(1.06753); 265(0.48488); 266(3.79211); 267(3.26599); 268(1.90533); 269(4.72238); 270(0.00134); 271(7.8779); 272(6.66132); 273(4.41678); 274(3.04394); 275(7.02943); 276(4.78147); 277(2.73419); 278(0.14872); 279(6.1423); 280(6.90752); 281(8.26597); 282(4.57829); 283(4.62575); 284(5.6712); 285(8.38328); 286(0.49079); 287(0.97714); 288(7.06254); 289(0.08013); 290(2.7725); 291(7.82707); 292(4.7005); 293(6.978); 294(8.08317); 295(1.89745); 296(8.11271); 297(6.22025); 298(0.99413); 299(5.96739),1411.45766,1411.45766,4.720594180602006,2.4813783785122485,8.99238,0.00134,0.44005897867965676,2
218,0(4.49211); 1(3.71383); 2(0.50004); 3(4.44919); 4(8.70397); 5(1.2377); 6(2.18699); 7(0.23967); 8(5.42571); 9(8.56107); 10(1.53153); 11(3.03067); 12(1.93454); 13(8.96203); 14(1.60959); 15(4.0874); 16(6.00316); 17(4.52083); 18(3.19275); 19(1.56942); 20(5.63063); 21(0.27402); 22(6.23222); 23(5.3798); 24(3.11739); 25(8.79523); 26(8.88306); 27(2.51245); 28(1.85488); 29(3.23999); 30(6.07185); 31(5.66482); 32(5.71375); 33(6.22777); 34(7.86931); 35(7.26362); 36(1.81344); 37(1.29042); 38(6.11592); 39(6.63286); 40(3.53104); 41(4.90541); 42(5.08877); 43(6.13192); 44(7.32008); 45(8.87508); 46(3.83494); 47(6.06665); 48(3.38139); 49(2.06435); 50(8.86157); 51(5.06591); 52(3.45231); 53(8.30947); 54(1.95746); 55(0.605); 56(8.77389); 57(8.27606); 58(8.91284); 59(0.90701); 60(3.65097); 61(1.4189); 62(0.4098); 63(4.8973); 64(0.43644); 65(6.14473); 66(8.66343); 67(8.53994); 68(7.34672); 69(1.48108); 70(6.364); 71(5.3973); 72(4.98962); 73(2.93837); 74(2.96618); 75(7.23745); 76(7.34301); 77(8.70795); 78(2.0685); 79(1.86219); 80(8.47616); 81(4.50791); 82(7.72569); 83(4.40244); 84(8.04424); 85(5.25609); 86(6.63535); 87(5.36797); 88(2.63934); 89(5.66381); 90(8.63434); 91(5.27791); 92(3.31994); 93(0.77601); 94(5.97187); 95(5.21844); 96(6.00389); 97(5.99813); 98(5.90985); 99(5.08628); 100(1.12998); 101(1.74414); 102(1.77839); 103(7.54181); 104(3.79867); 105(3.83077); 106(8.68491); 107(0.64274); 108(6.33243); 109(8.71603); 110(1.47472); 111(0.66867); 112(5.92979); 113(4.47798); 114(7.75977); 115(3.91336); 116(7.82691); 117(8.46991); 118(0.92117); 119(0.32858); 120(4.12708); 121(1.25304); 122(6.0256); 123(3.74181); 124(6.37106); 125(2.34832); 126(7.46939); 127(4.15924); 128(0.27604); 129(7.37847); 130(3.78579); 131(0.3063); 132(4.67576); 133(7.92594); 134(0.4896); 135(2.00261); 136(3.72698); 137(0.74085); 138(8.61434); 139(4.19276); 140(0.16711); 141(3.22316); 142(3.6007); 143(4.37362); 144(5.761); 145(8.56139); 146(8.8611); 147(7.64489); 148(6.80031); 149(6.46658); 150(4.6027); 151(2.79224); 152(2.26508); 153(5.05618); 154(2.71345); 155(2.92281); 156(2.91426); 157(8.32025); 158(8.57534); 159(6.26776); 160(6.53151); 161(4.51597); 162(3.25541); 163(7.99546); 164(0.39456); 165(2.40627); 166(5.43393); 167(5.08438); 168(3.97204); 169(3.86762); 170(4.61559); 171(5.9355); 172(5.95672); 173(1.25702); 174(3.60423); 175(3.58225); 176(6.78066); 177(5.99741); 178(4.55017); 179(2.17548); 180(7.69228); 181(0.61683); 182(8.49143); 183(8.86264); 184(8.87968); 185(2.33972); 186(5.37035); 187(5.19429); 188(1.70408); 189(2.57969); 190(7.89937); 191(7.73025); 192(0.74539); 193(4.74454); 194(7.92633); 195(4.15769); 196(7.8522); 197(0.2076); 198(0.99277); 199(5.27829); 200(7.84746); 201(1.74562); 202(5.2264); 203(2.13629); 204(1.21093); 205(8.6561); 206(8.46511); 207(3.91168); 208(4.73924); 209(4.46751); 210(8.32808); 211(8.24667); 212(8.56839); 213(3.86578); 214(0.64401); 215(5.90674); 216(6.38774); 217(7.80258); 219(6.63226); 220(8.61785); 221(6.35239); 222(4.10911); 223(0.50243); 224(5.02456); 225(2.12152); 226(7.44779); 227(3.48132); 228(4.48084); 229(7.89753); 230(2.28132); 231(2.78985); 232(5.80384); 233(5.92176); 234(8.39313); 235(3.15898); 236(2.11916); 237(3.55339); 238(8.61519); 239(0.43897); 240(4.57624); 241(2.34151); 242(7.02107); 243(3.32431); 244(4.50627); 245(5.28972); 246(0.20666); 247(6.19168); 248(4.29474); 249(8.66307); 250(0.78713); 251(7.71856); 252(3.79059); 253(6.72217); 254(6.98954); 255(7.43855); 256(5.5138); 257(0.21535); 258(0.68223); 259(6.20549); 260(6.74398); 261(5.83619); 262(8.76542); 263(2.52789); 264(0.35987); 265(0.92371); 266(4.74787); 267(3.86277); 268(2.12214); 269(7.89157); 270(3.19259); 271(4.80194); 272(5.42545); 273(4.17037); 274(8.74279); 275(4.48682); 276(5.16535); 277(8.80979); 278(1.90297); 279(1.34325); 280(0.61958); 281(5.95776); 282(0.67153); 283(5.30483); 284(8.75647); 285(5.43139); 286(3.96881); 287(1.24743); 288(7.15762); 289(6.88255); 290(1.80984); 291(6.46242); 292(2.27947); 293(6.07579); 294(2.34784); 295(7.46596); 296(5.44335); 297(8.94873); 298(6.3003); 299(4.95484),1421.573,1421.573,4.75442474916388,2.6182634568099536,8.96203,0.16711,0.44249814399428017,1
219,0(5.98211); 1(8.11152); 2(6.18829); 3(3.35742); 4(1.10892); 5(1.10517); 6(7.86458); 7(1.02214); 8(4.31787); 9(2.85709); 10(6.26242); 11(3.29592); 12(2.36986); 13(5.77444); 14(0.48779); 15(0.53148); 16(0.23518); 17(6.5214); 18(3.94765); 19(3.181); 20(4.99713); 21(3.75412); 22(5.45673); 23(6.14708); 24(4.77075); 25(0.91234); 26(6.40172); 27(3.8227); 28(0.02416); 29(5.70216); 30(1.47791); 31(4.62634); 32(2.127); 33(1.43058); 34(1.37463); 35(6.58724); 36(4.93053); 37(4.17699); 38(7.33834); 39(8.59158); 40(0.96628); 41(1.21031); 42(3.27612); 43(2.80309); 44(3.94792); 45(8.38044); 46(1.1627); 47(0.78859); 48(4.37028); 49(1.21192); 50(8.23888); 51(4.07526); 52(5.59839); 53(0.30211); 54(4.87136); 55(2.29932); 56(4.48304); 57(5.33124); 58(2.47974); 59(5.2415); 60(4.00838); 61(1.87686); 62(6.22806); 63(3.41035); 64(7.26727); 65(8.45033); 66(6.61414); 67(1.33868); 68(4.28804); 69(8.4193); 70(0.34771); 71(1.37018); 72(5.63493); 73(8.17416); 74(0.49014); 75(7.79893); 76(6.21105); 77(0.38194); 78(8.33045); 79(4.149); 80(4.92645); 81(4.68346); 82(0.15273); 83(3.54682); 84(8.71985); 85(3.53089); 86(8.28113); 87(4.15207); 88(6.83907); 89(7.50227); 90(2.15893); 91(7.06264); 92(5.8199); 93(1.17337); 94(0.36361); 95(7.73244); 96(3.19289); 97(4.82855); 98(5.42443); 99(3.7234); 100(8.2743); 101(0.81487); 102(2.96468); 103(4.00125); 104(5.16062); 105(2.90563); 106(6.88636); 107(2.97193); 108(8.9475); 109(6.57594); 110(0.90018); 111(1.40328); 112(4.45825); 113(8.70008); 114(6.34075); 115(0.53598); 116(2.39745); 117(0.61678); 118(3.80693); 119(2.32293); 120(1.93411); 121(7.95412); 122(1.54686); 123(5.3147); 124(6.52293); 125(4.89304); 126(8.19551); 127(5.32223); 128(7.96642); 129(0.89224); 130(3.78599); 131(2.67706); 132(6.75701); 133(2.03461); 134(5.69812); 135(4.3288); 136(5.70734); 137(0.88123); 138(4.87782); 139(4.62575); 140(6.19182); 141(5.91354); 142(0.83997); 143(2.05262); 144(7.43994); 145(5.72746); 146(4.56571); 147(1.999); 148(5.16964); 149(4.04891); 150(0.4103); 151(5.93156); 152(8.07309); 153(0.94725); 154(4.88069); 155(0.70952); 156(8.35724); 157(1.10408); 158(4.09415); 159(6.25985); 160(1.73188); 161(6.97622); 162(3.20375); 163(8.08099); 164(1.08783); 165(0.57441); 166(4.51188); 167(2.28568); 168(1.96336); 169(5.58062); 170(8.03348); 171(3.18199); 172(4.2445); 173(0.1179); 174(2.06009); 175(1.11607); 176(1.07554); 177(0.291); 178(8.84121); 179(2.1806); 180(0.87193); 181(4.2691); 182(7.34473); 183(7.86299); 184(1.51906); 185(3.66066); 186(5.88904); 187(7.82319); 188(2.41323); 189(4.18882); 190(2.54356); 191(7.44137); 192(2.67451); 193(4.76639); 194(8.89961); 195(0.15919); 196(0.92221); 197(0.95023); 198(5.68347); 199(7.83254); 200(0.49586); 201(6.78126); 202(7.96802); 203(6.02625); 204(7.25113); 205(2.37562); 206(6.14712); 207(3.64234); 208(7.24056); 209(3.04758); 210(4.32851); 211(2.70841); 212(7.25691); 213(1.05165); 214(7.42885); 215(2.73637); 216(5.55312); 217(5.22205); 218(6.63226); 220(4.92582); 221(5.51118); 222(1.17622); 223(6.98682); 224(8.32381); 225(2.80297); 226(4.67056); 227(7.14857); 228(2.51961); 229(6.01185); 230(4.09795); 231(8.26971); 232(1.68824); 233(7.35411); 234(1.64399); 235(6.80975); 236(8.81603); 237(1.2528); 238(5.28787); 239(7.76005); 240(5.94365); 241(8.11235); 242(8.418); 243(4.25057); 244(0.4518); 245(7.62279); 246(2.86526); 247(2.70639); 248(7.59636); 249(8.81851); 250(3.41129); 251(0.20863); 252(2.42511); 253(8.92272); 254(0.49283); 255(1.2544); 256(3.68794); 257(2.68804); 258(7.73517); 259(7.15638); 260(2.62372); 261(2.53407); 262(7.63415); 263(7.83272); 264(1.72522); 265(7.90046); 266(6.49058); 267(8.47335); 268(0.22162); 269(7.54798); 270(4.77325); 271(0.83443); 272(1.98467); 273(7.471); 274(1.6862); 275(2.1992); 276(3.3701); 277(4.53233); 278(6.2094); 279(4.27874); 280(5.15749); 281(2.89321); 282(2.40462); 283(8.18754); 284(5.21058); 285(3.82405); 286(2.6615); 287(2.91815); 288(4.86777); 289(5.11458); 290(2.28988); 291(1.2138); 292(7.00607); 293(1.33735); 294(0.76172); 295(6.80702); 296(3.14546); 297(8e-05); 298(2.0395); 299(2.805),1283.97685,1283.97685,4.294236956521739,2.5974598948952154,8.9475,8e-05,0.4057405918401092,1
220,0(8.43121); 1(8.85838); 2(2.00356); 3(2.13596); 4(4.15784); 5(4.45414); 6(3.08069); 7(5.20478); 8(4.14899); 9(6.85396); 10(6.85177); 11(3.38309); 12(8.42143); 13(3.89292); 14(0.31401); 15(7.44953); 16(1.70671); 17(7.0382); 18(7.48411); 19(7.11437); 20(7.63581); 21(4.62998); 22(2.20524); 23(4.45039); 24(0.97064); 25(4.56549); 26(1.20005); 27(2.74472); 28(7.12594); 29(6.79559); 30(4.11671); 31(3.68191); 32(1.64404); 33(7.61614); 34(6.50487); 35(0.49717); 36(2.57747); 37(2.11242); 38(7.64701); 39(3.21901); 40(4.0529); 41(6.75739); 42(3.10995); 43(5.97559); 44(7.54759); 45(7.7047); 46(7.88823); 47(6.56807); 48(7.05283); 49(6.44499); 50(0.70008); 51(7.91091); 52(4.24332); 53(8.86647); 54(8.51114); 55(2.22191); 56(1.81096); 57(0.08727); 58(0.51289); 59(0.86816); 60(1.74234); 61(6.16704); 62(8.27492); 63(1.22084); 64(5.02029); 65(2.83287); 66(3.80687); 67(3.45529); 68(2.18687); 69(5.04538); 70(8.7557); 71(7.47281); 72(0.82353); 73(7.15765); 74(6.16674); 75(7.08362); 76(5.8804); 77(1.58374); 78(7.84588); 79(7.55912); 80(1.47728); 81(8.08599); 82(1.73478); 83(0.04527); 84(2.49457); 85(4.77171); 86(7.11136); 87(4.78832); 88(8.52884); 89(8.69253); 90(4.43708); 91(0.61237); 92(7.54625); 93(2.903); 94(3.29834); 95(2.66331); 96(2.11227); 97(8.15879); 98(7.38135); 99(6.37542); 100(3.84616); 101(3.08094); 102(1.70877); 103(3.74691); 104(5.8431); 105(1.58929); 106(6.26772); 107(7.07124); 108(2.20458); 109(4.06774); 110(4.73748); 111(3.44519); 112(0.50461); 113(0.48562); 114(6.76057); 115(4.40591); 116(0.30919); 117(7.95693); 118(5.11705); 119(6.39956); 120(8.58542); 121(6.68349); 122(6.15161); 123(2.0772); 124(3.54311); 125(6.3839); 126(1.51362); 127(5.85011); 128(7.25494); 129(4.84931); 130(7.54654); 131(4.88293); 132(8.64436); 133(8.6539); 134(7.13374); 135(3.83037); 136(2.91648); 137(6.26546); 138(0.07438); 139(8.14893); 140(7.69919); 141(4.11307); 142(8.87967); 143(2.24349); 144(3.1502); 145(7.99318); 146(0.33889); 147(4.42727); 148(5.70871); 149(2.2013); 150(3.46711); 151(6.64302); 152(0.47721); 153(1.67575); 154(6.49022); 155(7.96012); 156(6.31351); 157(1.42238); 158(2.53718); 159(1.71675); 160(1.2015); 161(4.00003); 162(5.96171); 163(2.91775); 164(4.82346); 165(0.90302); 166(0.98295); 167(8.21591); 168(4.5635); 169(3.59846); 170(6.83105); 171(4.45852); 172(1.81701); 173(0.42547); 174(3.34096); 175(5.3347); 176(0.1593); 177(5.82423); 178(0.17259); 179(0.35692); 180(0.24494); 181(4.67607); 182(1.40451); 183(1.96007); 184(0.33688); 185(5.48964); 186(3.74002); 187(4.71386); 188(7.44518); 189(4.55702); 190(4.96467); 191(7.55406); 192(0.63351); 193(2.33244); 194(5.45376); 195(1.13183); 196(2.34348); 197(5.16283); 198(1.08025); 199(2.2206); 200(7.5919); 201(8.51762); 202(2.79747); 203(6.52766); 204(3.04361); 205(6.685); 206(1.15039); 207(4.93886); 208(7.69768); 209(5.7173); 210(0.91618); 211(2.05868); 212(1.75015); 213(4.37212); 214(4.86738); 215(3.52776); 216(6.58323); 217(1.70671); 218(8.61785); 219(4.92582); 221(6.44922); 222(4.41955); 223(6.10488); 224(5.4761); 225(3.41342); 226(3.92339); 227(0.75732); 228(1.34071); 229(3.92631); 230(3.49718); 231(2.87901); 232(5.788); 233(2.32935); 234(3.31611); 235(4.69816); 236(1.75827); 237(0.7445); 238(4.73742); 239(0.00015); 240(1.67795); 241(2.28859); 242(7.71483); 243(1.76765); 244(8.0468); 245(2.31251); 246(3.37989); 247(0.32779); 248(5.90617); 249(6.8171); 250(1.04236); 251(1.11547); 252(5.08117); 253(2.90217); 254(6.96584); 255(3.90955); 256(1.2114); 257(4.5395); 258(0.34365); 259(6.49376); 260(1.67005); 261(0.67426); 262(6.41376); 263(7.77584); 264(7.46456); 265(3.66192); 266(6.91786); 267(6.15186); 268(8.2298); 269(2.28674); 270(5.3238); 271(2.55349); 272(4.5657); 273(4.96989); 274(0.5698); 275(8.71936); 276(0.65576); 277(5.1448); 278(4.62142); 279(1.82557); 280(6.87756); 281(7.29692); 282(2.27775); 283(2.74124); 284(6.52214); 285(1.08226); 286(5.3262); 287(1.64808); 288(6.1588); 289(6.99852); 290(8.93176); 291(3.13432); 292(1.10206); 293(0.93808); 294(2.11301); 295(8.1037); 296(8.25428); 297(6.39698); 298(5.50546); 299(4.05611),1305.45161,1305.45161,4.3660588963210705,2.579278815163577,8.93176,0.00015,0.41161496530839264,1
221,0(0.7315); 1(0.81693); 2(4.33167); 3(0.57503); 4(3.30612); 5(7.53979); 6(7.08055); 7(5.0919); 8(5.14389); 9(1.69779); 10(5.83686); 11(4.6788); 12(0.01429); 13(6.10293); 14(3.41623); 15(2.66396); 16(0.7803); 17(7.72321); 18(5.36413); 19(7.13516); 20(5.20327); 21(5.74929); 22(6.17104); 23(5.02167); 24(4.13482); 25(8.57817); 26(3.84174); 27(4.85888); 28(8.30079); 29(6.97328); 30(2.13857); 31(5.98177); 32(8.13951); 33(4.10087); 34(6.39515); 35(7.00143); 36(6.55418); 37(7.11874); 38(1.98137); 39(2.3044); 40(2.77882); 41(0.05445); 42(4.72357); 43(3.3073); 44(5.39737); 45(7.96513); 46(1.10391); 47(5.73707); 48(4.21119); 49(8.56072); 50(1.21243); 51(2.37535); 52(8.20627); 53(1.52143); 54(2.71202); 55(6.75949); 56(1.64535); 57(5.22404); 58(6.09811); 59(2.37023); 60(3.64979); 61(4.90263); 62(2.72624); 63(7.05904); 64(8.95178); 65(0.52264); 66(0.79091); 67(3.03816); 68(3.10688); 69(8.6582); 70(4.64363); 71(8.20795); 72(0.96004); 73(8.66979); 74(5.32674); 75(8.6318); 76(0.80036); 77(3.31282); 78(3.51474); 79(1.40093); 80(7.14526); 81(6.3744); 82(1.75286); 83(7.63732); 84(0.81012); 85(1.54246); 86(3.54623); 87(6.94648); 88(4.0965); 89(4.78747); 90(6.10207); 91(8.07936); 92(4.45903); 93(0.57167); 94(5.2545); 95(7.74325); 96(3.62347); 97(8.84153); 98(4.75324); 99(1.50287); 100(1.82533); 101(5.29494); 102(1.33123); 103(7.85015); 104(3.87282); 105(1.07648); 106(2.63944); 107(2.45349); 108(0.05008); 109(8.60233); 110(8.30432); 111(8.68245); 112(1.57281); 113(8.02276); 114(5.97034); 115(3.35663); 116(1.85995); 117(1.97041); 118(7.18742); 119(0.33738); 120(5.24264); 121(3.53192); 122(3.95084); 123(8.34715); 124(8.90754); 125(5.39); 126(2.77624); 127(8.60886); 128(7.89843); 129(2.15413); 130(7.81875); 131(3.27641); 132(1.24954); 133(6.47686); 134(8.26997); 135(4.23213); 136(0.29819); 137(1.75287); 138(2.17111); 139(8.9782); 140(1.30429); 141(0.37552); 142(4.65312); 143(1.65272); 144(3.82099); 145(2.4209); 146(8.82316); 147(7.69422); 148(6.46031); 149(5.0453); 150(1.07481); 151(0.3878); 152(3.65074); 153(3.62309); 154(2.25648); 155(2.63215); 156(7.97062); 157(0.8099); 158(0.15847); 159(4.71125); 160(2.8576); 161(4.05977); 162(4.39538); 163(8.67346); 164(1.54407); 165(6.44517); 166(7.3076); 167(2.99718); 168(8.95644); 169(2.71086); 170(1.33573); 171(0.06661); 172(0.95351); 173(8.51175); 174(1.80397); 175(0.99447); 176(3.99544); 177(1.10167); 178(7.61996); 179(3.51498); 180(8.58141); 181(3.18678); 182(6.84428); 183(8.03794); 184(5.83818); 185(2.89718); 186(8.3258); 187(5.97144); 188(1.41133); 189(6.89437); 190(4.4708); 191(3.58878); 192(3.4524); 193(6.08654); 194(0.71849); 195(5.30666); 196(6.02202); 197(0.39348); 198(7.7672); 199(6.65894); 200(3.94093); 201(7.21987); 202(7.24621); 203(7.76607); 204(2.98703); 205(3.56685); 206(7.05374); 207(7.0691); 208(3.2656); 209(6.72443); 210(3.42745); 211(6.98045); 212(4.5444); 213(7.96168); 214(0.47797); 215(8.78723); 216(3.30545); 217(5.61738); 218(6.35239); 219(5.51118); 220(6.44922); 222(8.20505); 223(2.13353); 224(1.87469); 225(3.90599); 226(8.89957); 227(1.2594); 228(3.67299); 229(0.94818); 230(3.92809); 231(3.20445); 232(1.86485); 233(3.5742); 234(5.59341); 235(5.93345); 236(6.03005); 237(6.40192); 238(4.85995); 239(1.74282); 240(4.70385); 241(0.89003); 242(0.09339); 243(6.50355); 244(0.25043); 245(2.62315); 246(3.17583); 247(6.22324); 248(0.59275); 249(6.86339); 250(1.28015); 251(4.53435); 252(1.56078); 253(4.18626); 254(5.08977); 255(6.36457); 256(8.10212); 257(4.58016); 258(8.18436); 259(2.36645); 260(7.44572); 261(6.09207); 262(2.02341); 263(5.71643); 264(1.01909); 265(8.69876); 266(5.43229); 267(4.61576); 268(7.47346); 269(0.60508); 270(8.70079); 271(1.05837); 272(3.56849); 273(6.50905); 274(5.5365); 275(2.48945); 276(6.05798); 277(7.46412); 278(6.1216); 279(8.78587); 280(3.09721); 281(7.82892); 282(1.5792); 283(0.76971); 284(3.88217); 285(2.85258); 286(1.87502); 287(8.34047); 288(5.86745); 289(1.78238); 290(8.73374); 291(6.07804); 292(7.34735); 293(8.4646); 294(6.35821); 295(6.88811); 296(0.995); 297(5.22475); 298(6.56004); 299(4.18782),1364.99027,1364.99027,4.565184849498328,2.6362849500802503,8.9782,0.01429,0.4262448597692052,1
222,0(4.13392); 1(0.94139); 2(6.1788); 3(1.62844); 4(6.21579); 5(2.09616); 6(7.70076); 7(0.04161); 8(4.40078); 9(5.60435); 10(1.86453); 11(4.21962); 12(3.58103); 13(0.44242); 14(7.46919); 15(7.61275); 16(3.54257); 17(4.55251); 18(1.11832); 19(1.60849); 20(6.79603); 21(1.256); 22(5.68576); 23(5.50957); 24(3.49757); 25(1.24552); 26(7.67287); 27(0.19193); 28(2.65173); 29(6.35728); 30(7.23987); 31(5.04818); 32(0.33052); 33(2.04733); 34(0.49921); 35(2.90746); 36(8.5613); 37(3.86826); 38(4.28235); 39(3.74363); 40(3.94364); 41(7.91192); 42(3.40167); 43(5.35016); 44(5.28879); 45(3.39106); 46(6.51459); 47(0.07165); 48(0.53924); 49(4.05284); 50(0.17878); 51(0.53911); 52(0.49867); 53(6.38575); 54(4.36333); 55(7.00457); 56(4.9786); 57(6.27804); 58(7.55382); 59(4.85335); 60(0.58451); 61(1.80265); 62(7.36484); 63(2.39503); 64(3.1682); 65(6.45447); 66(2.77206); 67(6.45737); 68(2.93168); 69(1.1881); 70(1.52782); 71(2.70458); 72(4.47219); 73(2.09119); 74(0.91574); 75(1.31449); 76(8.19464); 77(8.82004); 78(8.22426); 79(5.55484); 80(2.58119); 81(4.46697); 82(6.94021); 83(1.92394); 84(0.47842); 85(3.44844); 86(1.24926); 87(1.41585); 88(6.74787); 89(5.6766); 90(5.49784); 91(8.78087); 92(5.90967); 93(0.63912); 94(2.21418); 95(6.76572); 96(0.16025); 97(2.91762); 98(2.8087); 99(0.66162); 100(7.60469); 101(8.78495); 102(7.62228); 103(7.60592); 104(2.6177); 105(5.65058); 106(7.2283); 107(5.31538); 108(7.72901); 109(1.40128); 110(3.30242); 111(4.26082); 112(3.14608); 113(8.62056); 114(7.57563); 115(2.29172); 116(4.24611); 117(5.84176); 118(2.24068); 119(2.19899); 120(7.31509); 121(7.4258); 122(2.33379); 123(0.14111); 124(2.79481); 125(4.48816); 126(2.0366); 127(5.3051); 128(0.25449); 129(3.02823); 130(8.933); 131(0.77655); 132(4.95563); 133(2.77249); 134(3.12002); 135(6.17385); 136(7.48618); 137(0.96449); 138(0.37199); 139(8.65773); 140(3.14488); 141(0.74732); 142(2.6496); 143(2.81038); 144(8.15803); 145(2.01482); 146(0.58591); 147(5.05282); 148(1.4964); 149(4.3254); 150(1.29527); 151(2.30877); 152(1.15957); 153(5.01342); 154(1.56762); 155(8.99388); 156(1.78417); 157(5.43812); 158(4.33992); 159(4.1654); 160(2.4972); 161(4.2693); 162(3.4676); 163(7.90386); 164(6.88186); 165(4.04221); 166(6.26086); 167(4.36203); 168(1.3639); 169(5.90247); 170(8.32669); 171(8.68279); 172(3.56529); 173(8.90786); 174(6.40166); 175(2.76638); 176(5.12247); 177(3.31989); 178(7.81216); 179(4.09231); 180(4.6732); 181(5.0194); 182(8.74843); 183(1.40828); 184(0.65816); 185(4.49639); 186(4.83684); 187(3.95808); 188(6.74902); 189(3.46555); 190(3.85098); 191(5.38975); 192(2.68193); 193(2.1166); 194(0.13741); 195(1.35553); 196(0.81955); 197(5.64071); 198(7.18653); 199(4.31787); 200(1.30355); 201(8.82255); 202(7.83915); 203(0.23563); 204(2.21174); 205(6.10139); 206(8.0558); 207(0.97216); 208(5.6747); 209(4.5464); 210(0.16025); 211(2.42739); 212(5.29357); 213(0.84787); 214(8.06388); 215(8.37738); 216(6.90503); 217(0.05962); 218(4.10911); 219(1.17622); 220(4.41955); 221(8.20505); 223(1.37082); 224(6.52805); 225(4.81758); 226(6.43037); 227(0.76711); 228(5.706); 229(6.59572); 230(5.10582); 231(6.44473); 232(4.09231); 233(2.84497); 234(0.27663); 235(2.30794); 236(6.78468); 237(6.74872); 238(3.63849); 239(3.27811); 240(0.53797); 241(6.03409); 242(6.12223); 243(3.07793); 244(5.87216); 245(2.37348); 246(2.06516); 247(1.80085); 248(2.38964); 249(0.44553); 250(4.86736); 251(0.44661); 252(6.86414); 253(3.45041); 254(4.86673); 255(4.58713); 256(5.1725); 257(2.77648); 258(7.3174); 259(2.44514); 260(3.15998); 261(1.83743); 262(5.05545); 263(2.77731); 264(1.24247); 265(5.49841); 266(8.84865); 267(4.36315); 268(7.517); 269(5.62469); 270(1.90382); 271(7.11365); 272(8.52442); 273(7.69327); 274(3.90258); 275(2.01778); 276(1.47431); 277(6.78095); 278(5.46203); 279(1.41333); 280(0.4114); 281(3.25286); 282(5.77429); 283(7.84442); 284(5.15263); 285(8.42974); 286(5.97346); 287(8.06778); 288(2.71622); 289(7.22869); 290(5.18512); 291(8.24709); 292(5.65758); 293(7.39259); 294(2.63502); 295(7.71325); 296(7.44206); 297(0.15925); 298(4.57945); 299(0.51788),1262.44953,1262.44953,4.222239230769231,2.5684940686998345,8.99388,0.04161,0.39972059585956704,1
223,0(7.90526); 1(2.83785); 2(8.6637); 3(3.9523); 4(2.91096); 5(6.0677); 6(6.51664); 7(3.22458); 8(0.37832); 9(3.33592); 10(8.55162); 11(3.07434); 12(4.14835); 13(4.6224); 14(0.61837); 15(7.84903); 16(8.65668); 17(5.40288); 18(7.71923); 19(4.77248); 20(7.93165); 21(1.95301); 22(2.15005); 23(3.69908); 24(2.44634); 25(1.53564); 26(6.77455); 27(6.59797); 28(0.31313); 29(2.9389); 30(4.47898); 31(2.2579); 32(7.05639); 33(7.45629); 34(0.37904); 35(5.24909); 36(6.31361); 37(7.66203); 38(2.99749); 39(3.24211); 40(4.60062); 41(8.68077); 42(0.82969); 43(2.82451); 44(6.0647); 45(7.3502); 46(3.13254); 47(6.38758); 48(3.73484); 49(6.56391); 50(6.2218); 51(1.78535); 52(4.95594); 53(4.09094); 54(7.56389); 55(3.33332); 56(1.40135); 57(0.42787); 58(4.57187); 59(0.47594); 60(8.1133); 61(4.89933); 62(6.59303); 63(0.69954); 64(4.9954); 65(1.37243); 66(0.79965); 67(1.61648); 68(2.28953); 69(7.51504); 70(6.43631); 71(7.55208); 72(2.65951); 73(2.42188); 74(7.60304); 75(8.83939); 76(5.32455); 77(1.99678); 78(5.15945); 79(2.03645); 80(7.3352); 81(6.78833); 82(5.14317); 83(2.62418); 84(0.53463); 85(2.78855); 86(6.85223); 87(3.87179); 88(1.63128); 89(2.48374); 90(0.05443); 91(8.90705); 92(8.69948); 93(6.5168); 94(2.94095); 95(6.63305); 96(8.99122); 97(3.25605); 98(1.22023); 99(5.3804); 100(3.07221); 101(8.07688); 102(0.00685); 103(3.19758); 104(0.15731); 105(8.21046); 106(7.4547); 107(1.93286); 108(3.22512); 109(5.22345); 110(0.33265); 111(0.8052); 112(0.39976); 113(2.35981); 114(7.31234); 115(0.84836); 116(1.93616); 117(0.25139); 118(3.76719); 119(8.77974); 120(5.58821); 121(5.99403); 122(6.27021); 123(3.94265); 124(0.75178); 125(1.03685); 126(7.60741); 127(1.67789); 128(2.05258); 129(7.74199); 130(7.13546); 131(0.12861); 132(5.27204); 133(1.76337); 134(2.09952); 135(4.89455); 136(8.55536); 137(4.78069); 138(2.38446); 139(6.89882); 140(5.22225); 141(8.68021); 142(3.32197); 143(0.80048); 144(8.24166); 145(7.32223); 146(2.15654); 147(2.9303); 148(7.20927); 149(0.73922); 150(2.793); 151(2.71704); 152(0.72985); 153(3.78005); 154(7.42796); 155(4.68348); 156(6.62355); 157(4.01797); 158(7.63368); 159(3.15184); 160(4.14879); 161(8.15931); 162(3.308); 163(2.85481); 164(2.04836); 165(6.65568); 166(3.57562); 167(5.53068); 168(2.15874); 169(3.4086); 170(6.04537); 171(8.90039); 172(1.25242); 173(5.24559); 174(4.26351); 175(6.27364); 176(2.99228); 177(6.60362); 178(5.26814); 179(3.54485); 180(3.01734); 181(6.70251); 182(5.50516); 183(4.69927); 184(7.84269); 185(2.65293); 186(8.36358); 187(0.37784); 188(1.96866); 189(8.97216); 190(3.85162); 191(5.45015); 192(1.00337); 193(7.83518); 194(0.67523); 195(1.89261); 196(3.31746); 197(5.56889); 198(5.25929); 199(7.49853); 200(2.5958); 201(4.97117); 202(2.47922); 203(4.81123); 204(8.94346); 205(4.19373); 206(8.33265); 207(6.48707); 208(6.396); 209(4.95041); 210(4.0399); 211(8.76409); 212(2.33845); 213(5.8983); 214(3.70945); 215(8.88016); 216(0.63447); 217(8.83302); 218(0.50243); 219(6.98682); 220(6.10488); 221(2.13353); 222(1.37082); 224(7.56617); 225(0.65716); 226(4.23842); 227(2.1907); 228(3.91087); 229(4.94235); 230(4.02613); 231(5.10445); 232(2.57282); 233(7.73499); 234(7.76862); 235(5.16063); 236(7.65017); 237(3.61225); 238(5.40381); 239(4.05467); 240(6.33802); 241(4.30247); 242(7.7671); 243(3.22773); 244(3.22438); 245(3.2101); 246(5.35366); 247(4.88265); 248(3.94341); 249(8.23046); 250(1.72491); 251(6.41938); 252(7.56898); 253(8.46304); 254(6.94502); 255(3.1432); 256(4.50501); 257(2.67437); 258(3.65879); 259(3.41225); 260(4.81315); 261(8.72199); 262(3.20875); 263(7.70441); 264(3.99401); 265(0.4051); 266(0.93167); 267(3.06706); 268(0.85369); 269(7.44356); 270(7.45997); 271(5.13686); 272(1.57271); 273(5.46437); 274(1.29524); 275(3.17186); 276(7.75737); 277(3.05221); 278(4.80155); 279(3.77602); 280(4.22214); 281(2.22072); 282(7.89793); 283(3.14852); 284(4.21482); 285(3.96717); 286(4.71908); 287(2.14636); 288(0.64121); 289(2.51283); 290(7.68297); 291(6.75088); 292(0.35651); 293(1.95343); 294(1.86797); 295(4.97938); 296(7.73736); 297(6.77307); 298(2.26856); 299(5.75405),1336.41005,1336.41005,4.469598829431438,2.533106739777327,8.99122,0.00685,0.42366739319847607,1
224,0(5.22273); 1(7.46981); 2(1.47549); 3(0.09674); 4(7.7471); 5(8.28523); 6(5.7973); 7(6.36778); 8(0.26425); 9(1.04561); 10(6.79134); 11(4.9394); 12(5.44993); 13(5.27363); 14(3.78593); 15(1.25455); 16(5.37926); 17(5.10152); 18(3.64912); 19(3.22237); 20(2.93589); 21(4.64011); 22(3.7877); 23(7.75594); 24(6.8583); 25(4.76729); 26(6.00726); 27(3.44327); 28(2.43316); 29(7.92842); 30(0.53507); 31(8.0838); 32(0.58263); 33(0.03122); 34(8.27511); 35(4.93991); 36(2.82961); 37(5.60661); 38(1.22491); 39(0.69435); 40(3.70622); 41(4.52985); 42(4.23192); 43(3.98682); 44(5.25823); 45(0.62052); 46(6.42773); 47(5.18077); 48(1.55329); 49(5.52561); 50(4.10158); 51(8.26995); 52(3.92393); 53(3.29716); 54(1.68096); 55(6.15245); 56(0.57716); 57(2.49107); 58(1.29295); 59(3.79168); 60(3.44007); 61(8.79268); 62(6.26767); 63(6.93238); 64(4.10445); 65(3.5861); 66(2.23625); 67(3.88976); 68(1.99962); 69(2.82714); 70(8.96029); 71(0.66426); 72(6.78976); 73(2.11105); 74(3.04677); 75(8.11698); 76(2.56942); 77(8.55313); 78(2.46329); 79(4.32969); 80(5.52971); 81(6.02192); 82(1.64242); 83(6.75708); 84(8.80691); 85(2.01136); 86(1.55394); 87(8.58371); 88(4.76368); 89(5.45709); 90(7.42399); 91(3.41872); 92(6.7275); 93(7.22216); 94(2.95071); 95(2.44103); 96(7.62163); 97(0.49165); 98(5.94262); 99(3.13078); 100(0.91011); 101(7.94035); 102(3.15759); 103(7.30322); 104(5.92225); 105(5.70615); 106(1.76123); 107(4.13502); 108(3.98902); 109(3.1367); 110(6.93288); 111(3.58486); 112(8.19804); 113(4.79074); 114(7.26969); 115(1.05827); 116(0.17298); 117(0.64335); 118(8.96952); 119(6.28361); 120(0.98517); 121(7.37444); 122(5.34272); 123(8.6335); 124(4.89093); 125(8.02391); 126(8.6236); 127(4.61661); 128(6.28886); 129(3.75717); 130(1.18351); 131(1.62337); 132(0.64538); 133(4.72213); 134(0.49414); 135(0.14132); 136(3.01644); 137(7.12892); 138(2.17518); 139(1.43281); 140(0.35362); 141(7.78825); 142(5.01329); 143(8.3331); 144(2.22931); 145(6.30136); 146(6.48813); 147(8.56035); 148(7.45212); 149(4.25954); 150(0.90713); 151(2.60745); 152(8.77661); 153(4.44282); 154(2.93912); 155(5.67435); 156(3.43705); 157(1.1721); 158(1.48122); 159(7.1704); 160(2.13315); 161(8.30466); 162(5.93772); 163(0.35552); 164(5.08251); 165(8.37659); 166(0.19829); 167(8.43592); 168(3.57687); 169(7.76636); 170(5.54353); 171(7.54282); 172(2.84245); 173(5.18399); 174(5.35401); 175(4.13464); 176(2.05666); 177(0.45583); 178(8.20626); 179(8.29113); 180(2.68099); 181(5.81659); 182(8.92908); 183(7.88867); 184(4.76854); 185(7.90109); 186(5.87503); 187(8.43685); 188(2.34221); 189(7.55779); 190(5.5858); 191(3.63899); 192(3.85376); 193(8.84581); 194(7.70767); 195(5.57133); 196(8.47409); 197(7.08369); 198(8.9061); 199(1.58927); 200(3.50874); 201(5.6767); 202(2.67209); 203(1.60828); 204(2.32198); 205(3.40212); 206(4.29461); 207(5.44052); 208(8.40212); 209(0.73652); 210(2.17627); 211(1.94924); 212(3.95588); 213(0.04386); 214(6.19118); 215(6.16086); 216(0.22344); 217(8.24422); 218(5.02456); 219(8.32381); 220(5.4761); 221(1.87469); 222(6.52805); 223(7.56617); 225(4.84821); 226(2.74632); 227(4.53569); 228(6.18894); 229(2.19137); 230(2.73203); 231(0.29008); 232(7.48553); 233(8.84285); 234(7.31037); 235(6.80992); 236(2.80568); 237(2.86908); 238(0.00249); 239(0.56914); 240(0.17858); 241(1.27083); 242(0.26944); 243(8.86006); 244(3.27539); 245(6.93705); 246(0.51388); 247(1.09754); 248(0.71555); 249(5.022); 250(4.97171); 251(4.59753); 252(0.03835); 253(3.88349); 254(8.51087); 255(5.32251); 256(5.35676); 257(8.29816); 258(7.2192); 259(8.1063); 260(0.07492); 261(5.09325); 262(5.91426); 263(4.04312); 264(7.26642); 265(4.06001); 266(7.63992); 267(1.89292); 268(5.02868); 269(2.18191); 270(7.97117); 271(0.54657); 272(4.48039); 273(1.40395); 274(4.86802); 275(0.1754); 276(8.24166); 277(6.68912); 278(4.11707); 279(5.47879); 280(8.55561); 281(5.29762); 282(2.55275); 283(6.0728); 284(7.7395); 285(3.59734); 286(4.35289); 287(1.9508); 288(8.16484); 289(5.57794); 290(0.43161); 291(6.86444); 292(1.70427); 293(0.62852); 294(2.49374); 295(6.55878); 296(0.94159); 297(5.27246); 298(2.51195); 299(1.86309),1347.11914,1347.11914,4.505415183946488,2.65862777014198,8.96952,0.00249,0.41678892098330467,1
225,0(0.30031); 1(7.48254); 2(5.49171); 3(8.38257); 4(7.41313); 5(0.83896); 6(6.41316); 7(0.82786); 8(8.19305); 9(5.98169); 10(5.31962); 11(2.27459); 12(5.17033); 13(0.38809); 14(4.56584); 15(5.85449); 16(2.74703); 17(6.88887); 18(1.15205); 19(0.62194); 20(0.49896); 21(3.46212); 22(7.07705); 23(8.37611); 24(8.73781); 25(0.52915); 26(8.17797); 27(7.69473); 28(5.35613); 29(1.37548); 30(7.26859); 31(3.34161); 32(0.81477); 33(0.27751); 34(1.0303); 35(5.95184); 36(5.92821); 37(6.83383); 38(7.31883); 39(3.53137); 40(2.2493); 41(6.15033); 42(6.02153); 43(7.67354); 44(1.98742); 45(7.16351); 46(6.52058); 47(5.02762); 48(4.73645); 49(0.77903); 50(6.44639); 51(8.92346); 52(3.98431); 53(5.93431); 54(3.4786); 55(1.13042); 56(4.13829); 57(7.54318); 58(4.79371); 59(0.66144); 60(6.98822); 61(4.89275); 62(7.00842); 63(3.64898); 64(1.78207); 65(6.4411); 66(8.42077); 67(8.32573); 68(3.31619); 69(2.71065); 70(0.12619); 71(8.52816); 72(3.44328); 73(5.25412); 74(8.04119); 75(8.36021); 76(2.6101); 77(2.35685); 78(1.2829); 79(7.72153); 80(1.92264); 81(8.16246); 82(6.93015); 83(8.60589); 84(7.76409); 85(4.00385); 86(1.94405); 87(0.85938); 88(6.76051); 89(6.5047); 90(8.68996); 91(8.16141); 92(2.17718); 93(7.57511); 94(2.59263); 95(7.33189); 96(3.20101); 97(7.44165); 98(4.36554); 99(3.92885); 100(5.15241); 101(6.02987); 102(2.86193); 103(0.00612); 104(0.75707); 105(4.03021); 106(8.69277); 107(4.67298); 108(3.71459); 109(5.51828); 110(3.9224); 111(4.96542); 112(1.67243); 113(8.56628); 114(4.51443); 115(7.29148); 116(1.21762); 117(0.50727); 118(5.219); 119(8.28113); 120(5.28609); 121(3.11207); 122(0.81452); 123(7.03909); 124(2.35401); 125(7.53287); 126(4.4171); 127(8.48434); 128(6.56434); 129(4.72562); 130(1.20445); 131(6.43236); 132(6.07481); 133(6.36402); 134(5.80427); 135(0.2531); 136(8.16912); 137(1.82139); 138(8.73341); 139(6.57184); 140(2.68415); 141(4.63996); 142(1.15275); 143(2.89578); 144(0.65216); 145(6.42656); 146(7.08445); 147(8.81628); 148(5.83426); 149(4.54142); 150(3.62164); 151(4.1798); 152(5.40615); 153(8.19702); 154(1.58119); 155(5.95297); 156(0.03875); 157(4.5553); 158(0.21174); 159(4.55537); 160(7.51839); 161(5.67796); 162(4.62874); 163(4.34108); 164(8.43094); 165(4.51974); 166(8.93867); 167(3.45557); 168(8.98703); 169(2.13573); 170(0.13477); 171(2.3302); 172(6.60284); 173(8.27653); 174(2.86817); 175(7.70945); 176(0.65303); 177(7.71116); 178(5.24126); 179(7.66451); 180(3.10979); 181(6.54167); 182(3.79129); 183(6.70969); 184(3.02215); 185(4.90416); 186(7.74034); 187(5.40704); 188(0.5207); 189(5.93535); 190(4.49408); 191(3.77376); 192(7.07356); 193(6.98239); 194(4.95736); 195(5.25941); 196(4.44616); 197(3.09429); 198(0.7162); 199(6.46992); 200(4.19689); 201(6.52183); 202(3.2883); 203(0.06186); 204(5.5148); 205(5.47903); 206(6.59317); 207(6.94205); 208(0.83001); 209(1.29127); 210(8.60184); 211(6.24954); 212(3.54635); 213(5.13799); 214(1.83903); 215(0.67135); 216(3.06177); 217(5.31124); 218(2.12152); 219(2.80297); 220(3.41342); 221(3.90599); 222(4.81758); 223(0.65716); 224(4.84821); 226(4.40746); 227(2.338); 228(3.51668); 229(2.10604); 230(0.42292); 231(3.76062); 232(0.93774); 233(4.93805); 234(5.48782); 235(4.61067); 236(0.77217); 237(2.94614); 238(5.03902); 239(1.39159); 240(5.76013); 241(1.19079); 242(2.03166); 243(0.20948); 244(8.03569); 245(4.00471); 246(5.67213); 247(8.10048); 248(6.36014); 249(3.86063); 250(2.67837); 251(3.75423); 252(7.82593); 253(4.26506); 254(4.55139); 255(8.9668); 256(4.2651); 257(2.40529); 258(2.46225); 259(5.34321); 260(3.50745); 261(4.80042); 262(8.78428); 263(8.4883); 264(5.20581); 265(7.16693); 266(7.6077); 267(3.89859); 268(5.53197); 269(3.38213); 270(3.81043); 271(2.07432); 272(0.73114); 273(4.34013); 274(6.71757); 275(0.93693); 276(6.22902); 277(8.85189); 278(7.63372); 279(3.82733); 280(3.85227); 281(5.36117); 282(8.46293); 283(5.07812); 284(5.3513); 285(0.47563); 286(3.50593); 287(7.07861); 288(6.42058); 289(7.00409); 290(0.54656); 291(6.92159); 292(7.97078); 293(5.5835); 294(6.3168); 295(2.22321); 296(8.40657); 297(8.63618); 298(3.02186); 299(3.3501),1401.78867,1401.78867,4.688256421404682,2.555423803610358,8.98703,0.00612,0.4365159239844032,1
226,0(8.88617); 1(3.8239); 2(8.66736); 3(1.96609); 4(2.84488); 5(0.15762); 6(7.11815); 7(6.71837); 8(5.87129); 9(2.3382); 10(7.40172); 11(1.85073); 12(6.02253); 13(5.07478); 14(3.08366); 15(1.819); 16(1.98689); 17(6.13738); 18(4.70332); 19(0.72389); 20(6.07882); 21(6.20167); 22(5.76959); 23(1.97124); 24(4.9471); 25(0.32986); 26(3.55422); 27(4.00643); 28(3.51142); 29(3.51386); 30(2.28988); 31(6.84628); 32(2.3209); 33(7.51867); 34(1.65142); 35(6.99105); 36(0.96388); 37(0.19709); 38(4.65926); 39(2.53885); 40(6.78374); 41(8.98883); 42(1.48255); 43(6.66393); 44(0.73766); 45(6.95045); 46(0.04826); 47(3.63274); 48(4.82899); 49(5.14611); 50(1.599); 51(5.17193); 52(1.96512); 53(3.72869); 54(6.93581); 55(7.71991); 56(8.36847); 57(8.8371); 58(7.41714); 59(8.28456); 60(2.48364); 61(3.61338); 62(4.6952); 63(2.15995); 64(3.96432); 65(5.40213); 66(5.77677); 67(4.22102); 68(6.7374); 69(2.8453); 70(8.35489); 71(7.48929); 72(3.25033); 73(7.7091); 74(5.80757); 75(0.50856); 76(0.79538); 77(6.57863); 78(1.31298); 79(7.04611); 80(6.8364); 81(0.97834); 82(7.03654); 83(4.643); 84(0.41105); 85(8.15693); 86(0.02223); 87(6.95391); 88(0.35764); 89(4.61598); 90(3.46009); 91(5.1928); 92(4.6225); 93(4.26691); 94(5.57497); 95(4.06096); 96(6.83929); 97(8.68776); 98(0.13769); 99(3.31622); 100(4.89736); 101(8.85046); 102(8.40043); 103(7.48269); 104(5.0887); 105(0.22736); 106(8.23739); 107(8.30215); 108(8.93008); 109(2.69118); 110(8.77702); 111(2.43037); 112(2.7699); 113(0.45591); 114(2.20712); 115(0.34522); 116(6.89041); 117(3.95209); 118(5.82625); 119(8.71633); 120(4.0098); 121(8.49006); 122(3.38193); 123(0.2672); 124(0.98467); 125(5.69174); 126(4.68588); 127(1.57394); 128(0.56024); 129(5.57984); 130(6.38064); 131(8.08869); 132(0.32935); 133(3.24671); 134(6.10958); 135(1.07392); 136(7.16401); 137(1.96004); 138(2.8562); 139(7.06526); 140(8.5923); 141(8.18574); 142(0.47827); 143(3.84629); 144(0.89225); 145(3.8632); 146(7.78174); 147(6.99462); 148(3.54573); 149(4.79597); 150(0.40157); 151(5.31045); 152(5.0871); 153(2.39684); 154(6.68476); 155(0.16333); 156(1.82981); 157(8.8734); 158(8.30584); 159(7.24086); 160(5.58093); 161(4.79661); 162(8.87987); 163(0.79401); 164(8.82821); 165(0.21976); 166(6.97293); 167(6.50649); 168(6.49818); 169(7.7037); 170(4.56958); 171(8.16147); 172(2.08356); 173(5.00413); 174(7.35424); 175(4.44667); 176(3.67148); 177(1.4117); 178(7.22457); 179(5.97656); 180(7.26489); 181(2.42557); 182(8.47263); 183(8.53172); 184(8.88761); 185(8.5226); 186(2.3466); 187(0.03535); 188(7.43455); 189(4.88741); 190(6.64933); 191(7.97084); 192(7.07816); 193(4.12217); 194(6.71561); 195(2.79272); 196(8.32355); 197(0.07358); 198(6.41427); 199(1.90539); 200(8.92167); 201(3.59414); 202(7.55813); 203(2.56944); 204(7.73923); 205(7.25852); 206(4.1789); 207(3.17906); 208(5.08988); 209(1.33405); 210(7.08764); 211(1.27376); 212(6.30588); 213(7.80202); 214(5.31494); 215(3.10329); 216(7.88866); 217(3.34262); 218(7.44779); 219(4.67056); 220(3.92339); 221(8.89957); 222(6.43037); 223(4.23842); 224(2.74632); 225(4.40746); 227(4.67373); 228(0.26082); 229(1.47214); 230(5.52726); 231(0.77088); 232(5.07543); 233(4.86073); 234(6.21883); 235(6.90417); 236(6.93188); 237(1.65799); 238(4.18894); 239(7.49544); 240(8.17013); 241(1.39382); 242(4.57022); 243(8.38557); 244(8.60135); 245(3.12125); 246(1.56221); 247(7.89465); 248(4.89794); 249(4.7491); 250(5.52839); 251(8.6818); 252(0.57789); 253(8.24851); 254(3.3815); 255(1.06929); 256(8.6074); 257(3.60814); 258(6.82913); 259(6.53138); 260(5.82854); 261(8.42841); 262(8.9407); 263(4.21808); 264(4.60973); 265(4.04093); 266(3.08184); 267(1.94612); 268(6.82822); 269(4.40798); 270(4.00545); 271(8.90227); 272(6.32085); 273(6.59849); 274(7.97448); 275(6.33108); 276(6.69495); 277(6.89253); 278(8.58004); 279(5.43887); 280(8.30773); 281(2.42958); 282(1.69895); 283(1.44114); 284(1.89437); 285(0.44484); 286(0.49516); 287(5.36401); 288(2.67572); 289(5.45537); 290(5.87163); 291(5.58627); 292(5.87212); 293(1.55162); 294(6.611); 295(6.14247); 296(3.55728); 297(2.12619); 298(1.67835); 299(4.5373),1435.62324,1435.62324,4.801415518394649,2.6589624833999466,8.98883,0.02223,0.4403810132221347,1
227,0(4.3334); 1(4.98266); 2(1.78233); 3(7.86975); 4(1.70652); 5(2.02346); 6(1.99462); 7(7.3863); 8(1.00903); 9(0.03307); 10(4.56516); 11(5.1609); 12(8.06117); 13(8.5155); 14(4.90935); 15(4.37379); 16(8.42976); 17(6.05458); 18(0.72485); 19(5.32394); 20(2.49428); 21(2.18512); 22(8.01242); 23(5.32598); 24(8.2343); 25(3.57444); 26(6.46807); 27(0.76532); 28(4.03989); 29(5.69355); 30(0.12846); 31(7.03834); 32(8.11814); 33(0.78206); 34(1.76084); 35(8.29558); 36(3.87422); 37(3.59185); 38(0.97283); 39(4.67047); 40(3.41587); 41(0.86597); 42(6.68107); 43(6.65072); 44(3.59759); 45(3.43055); 46(3.45274); 47(2.31651); 48(5.61552); 49(1.49609); 50(8.11222); 51(2.18421); 52(7.59623); 53(1.54989); 54(1.28878); 55(5.55923); 56(3.71966); 57(1.4468); 58(1.51283); 59(6.75668); 60(1.74518); 61(4.85027); 62(4.79697); 63(5.17007); 64(3.02657); 65(6.86153); 66(0.6272); 67(1.91625); 68(5.98681); 69(0.22605); 70(0.32851); 71(8.07935); 72(4.32102); 73(4.00098); 74(2.91756); 75(2.14872); 76(6.38465); 77(6.6454); 78(8.37887); 79(5.80069); 80(5.01066); 81(1.85084); 82(5.56561); 83(4.4494); 84(3.6453); 85(1.64709); 86(0.60375); 87(6.28605); 88(0.59077); 89(0.72879); 90(2.68321); 91(0.12987); 92(8.08406); 93(4.10437); 94(7.14317); 95(3.28906); 96(5.83531); 97(6.88928); 98(6.92677); 99(2.79544); 100(2.45577); 101(8.19088); 102(2.31996); 103(6.31805); 104(3.26489); 105(6.72215); 106(1.56179); 107(8.43047); 108(6.49736); 109(2.62284); 110(2.35673); 111(5.96098); 112(3.53725); 113(3.76685); 114(3.53758); 115(8.81561); 116(5.96535); 117(1.09087); 118(7.53676); 119(7.1675); 120(4.01566); 121(6.65812); 122(6.69309); 123(1.99268); 124(6.81922); 125(2.76882); 126(4.66494); 127(3.98496); 128(6.97415); 129(8.79636); 130(6.94271); 131(2.35845); 132(8.29554); 133(3.18419); 134(6.96855); 135(0.54849); 136(8.61521); 137(0.08373); 138(4.15588); 139(5.22417); 140(1.64678); 141(8.97614); 142(4.98941); 143(2.12951); 144(3.65809); 145(4.59162); 146(5.04618); 147(4.1956); 148(0.94072); 149(0.05079); 150(4.29034); 151(3.95145); 152(2.11743); 153(3.70233); 154(8.88199); 155(5.58378); 156(5.94805); 157(8.47879); 158(7.22199); 159(1.49591); 160(4.44406); 161(5.69703); 162(4.88249); 163(7.89628); 164(2.55442); 165(7.8399); 166(4.30423); 167(1.3143); 168(2.08375); 169(4.25005); 170(3.76915); 171(1.18597); 172(6.7143); 173(2.47063); 174(7.69548); 175(2.43918); 176(5.3725); 177(3.59094); 178(2.44262); 179(7.72452); 180(8.49651); 181(1.31506); 182(3.13488); 183(4.5986); 184(7.88373); 185(3.54574); 186(3.38399); 187(8.43213); 188(6.12872); 189(0.60297); 190(6.93355); 191(4.98342); 192(4.18216); 193(0.61523); 194(4.39583); 195(3.47539); 196(4.25491); 197(6.02896); 198(0.64877); 199(1.56275); 200(1.52372); 201(2.71653); 202(0.91503); 203(8.0713); 204(0.46725); 205(1.89105); 206(7.10892); 207(0.7186); 208(8.47491); 209(3.41335); 210(0.61803); 211(6.03408); 212(4.63089); 213(2.89755); 214(0.63321); 215(8.77641); 216(6.12711); 217(6.57209); 218(3.48132); 219(7.14857); 220(0.75732); 221(1.2594); 222(0.76711); 223(2.1907); 224(4.53569); 225(2.338); 226(4.67373); 228(5.38441); 229(6.26597); 230(5.19724); 231(2.88368); 232(5.95233); 233(4.59525); 234(0.77929); 235(7.98053); 236(4.68294); 237(5.55135); 238(0.79755); 239(0.54554); 240(4.78879); 241(4.38424); 242(7.12249); 243(7.95072); 244(5.32463); 245(4.67388); 246(1.40088); 247(5.8618); 248(8.68865); 249(7.27924); 250(1.35188); 251(7.69368); 252(0.52341); 253(5.75297); 254(2.61006); 255(1.37863); 256(8.26886); 257(2.31671); 258(4.79508); 259(3.31826); 260(5.68771); 261(7.0414); 262(5.03142); 263(0.24758); 264(6.29511); 265(1.27423); 266(3.37626); 267(8.57302); 268(3.5454); 269(5.03452); 270(4.18517); 271(3.54715); 272(8.99725); 273(6.25618); 274(4.36543); 275(8.2262); 276(6.98289); 277(0.79745); 278(1.37013); 279(7.15525); 280(3.65928); 281(2.61452); 282(4.81428); 283(2.51046); 284(2.47901); 285(8.08158); 286(6.65267); 287(2.55666); 288(4.21787); 289(0.95506); 290(2.15597); 291(1.37457); 292(7.91267); 293(2.46742); 294(3.31486); 295(2.30085); 296(1.80351); 297(8.50527); 298(1.66961); 299(7.48148),1294.38363,1294.38363,4.329042240802675,2.52678472852987,8.99725,0.03307,0.4129248698407823,1
228,0(3.73537); 1(2.6213); 2(8.85797); 3(6.22758); 4(5.50623); 5(1.08718); 6(1.66617); 7(5.37735); 8(0.95276); 9(6.82004); 10(3.56985); 11(1.97795); 12(5.16956); 13(8.32643); 14(3.81572); 15(7.45905); 16(6.34823); 17(8.62569); 18(3.50584); 19(6.03916); 20(8.18196); 21(2.03607); 22(3.53725); 23(8.78798); 24(4.00818); 25(2.51701); 26(8.99207); 27(5.01358); 28(2.70044); 29(7.53411); 30(1.17701); 31(3.60186); 32(3.34481); 33(6.17882); 34(7.95116); 35(6.50261); 36(3.49814); 37(6.17373); 38(5.59478); 39(2.29269); 40(2.6653); 41(7.87052); 42(4.49156); 43(7.4441); 44(4.67447); 45(1.43103); 46(4.65794); 47(6.66249); 48(4.89342); 49(6.62107); 50(1.50126); 51(6.4472); 52(5.06903); 53(7.89341); 54(6.26758); 55(5.45198); 56(6.47937); 57(5.39644); 58(2.25572); 59(0.91713); 60(7.23581); 61(7.36767); 62(5.87288); 63(3.1168); 64(4.86345); 65(3.99238); 66(4.32823); 67(3.00533); 68(5.76679); 69(0.77464); 70(1.00624); 71(0.15133); 72(6.57782); 73(5.87673); 74(5.49579); 75(3.26925); 76(6.49431); 77(8.80798); 78(4.2972); 79(0.86887); 80(7.50153); 81(1.72234); 82(1.7648); 83(5.34285); 84(1.55321); 85(0.6173); 86(3.93055); 87(1.021); 88(2.31708); 89(8.62724); 90(6.26521); 91(6.04417); 92(4.10489); 93(5.37685); 94(1.54705); 95(3.29654); 96(8.58698); 97(0.0018); 98(7.34522); 99(7.30462); 100(5.27376); 101(0.68488); 102(5.50648); 103(0.25809); 104(5.44572); 105(8.14795); 106(5.55533); 107(1.22342); 108(3.91289); 109(8.34507); 110(3.22174); 111(2.98481); 112(6.70055); 113(8.60424); 114(7.04409); 115(4.60289); 116(6.6932); 117(7.3398); 118(8.08658); 119(0.72149); 120(5.70477); 121(6.13456); 122(7.32507); 123(6.14383); 124(0.69588); 125(5.38679); 126(5.98889); 127(0.44883); 128(1.35229); 129(8.56575); 130(2.44324); 131(6.98657); 132(2.61997); 133(2.29555); 134(3.64134); 135(0.61003); 136(2.88987); 137(8.79563); 138(2.39823); 139(1.84218); 140(5.4988); 141(8.83377); 142(7.91241); 143(2.85924); 144(5.0992); 145(2.9258); 146(5.05792); 147(7.1677); 148(4.88456); 149(1.60911); 150(6.81671); 151(8.28134); 152(3.98857); 153(5.29188); 154(6.84508); 155(5.51977); 156(6.72383); 157(7.69533); 158(6.72); 159(2.27333); 160(4.05835); 161(8.93923); 162(2.48436); 163(6.24429); 164(4.40792); 165(8.40739); 166(8.56795); 167(6.86823); 168(1.07359); 169(1.1035); 170(5.0218); 171(5.48881); 172(4.14257); 173(4.40449); 174(0.53863); 175(5.56914); 176(1.91298); 177(7.44707); 178(3.30114); 179(3.61416); 180(1.0792); 181(0.58811); 182(8.44849); 183(5.80411); 184(2.94233); 185(2.6851); 186(2.5866); 187(3.17573); 188(4.83866); 189(2.23747); 190(0.38756); 191(1.59075); 192(3.30316); 193(3.80928); 194(5.36874); 195(5.73732); 196(2.40539); 197(1.19606); 198(1.88782); 199(3.34999); 200(3.23742); 201(1.96943); 202(3.09965); 203(4.43093); 204(1.60376); 205(1.15204); 206(6.83318); 207(8.99107); 208(4.58629); 209(5.53908); 210(4.01285); 211(6.81732); 212(5.1115); 213(1.25287); 214(1.17163); 215(6.48628); 216(1.50018); 217(0.47741); 218(4.48084); 219(2.51961); 220(1.34071); 221(3.67299); 222(5.706); 223(3.91087); 224(6.18894); 225(3.51668); 226(0.26082); 227(5.38441); 229(1.17697); 230(3.14071); 231(2.10594); 232(6.57577); 233(2.53957); 234(6.83295); 235(6.40192); 236(1.15885); 237(3.00148); 238(4.46451); 239(8.20612); 240(0.63577); 241(4.51472); 242(1.01033); 243(3.22204); 244(7.29855); 245(2.37491); 246(0.8664); 247(5.90161); 248(2.49437); 249(3.50563); 250(4.01296); 251(4.17395); 252(2.50093); 253(6.80759); 254(0.80202); 255(3.44621); 256(7.59495); 257(3.41139); 258(6.90404); 259(0.18775); 260(5.91894); 261(5.92897); 262(2.49085); 263(8.92281); 264(0.30575); 265(8.14198); 266(0.4097); 267(3.39056); 268(4.50637); 269(1.72412); 270(3.21519); 271(8.37213); 272(7.67455); 273(5.08774); 274(4.30333); 275(6.46581); 276(2.43143); 277(7.64663); 278(7.71297); 279(5.63584); 280(8.51141); 281(2.03493); 282(2.29594); 283(0.40557); 284(1.87662); 285(3.16359); 286(1.92482); 287(8.93185); 288(7.45735); 289(2.45263); 290(6.38142); 291(3.23779); 292(1.67118); 293(0.41001); 294(4.92481); 295(5.07926); 296(4.00274); 297(6.88112); 298(5.77119); 299(2.56109),1324.27617,1324.27617,4.4290172909699,2.479571700481985,8.99207,0.0018,0.42316722861336353,1
229,0(0.19225); 1(4.5806); 2(6.03006); 3(6.07803); 4(1.21851); 5(3.78706); 6(5.54558); 7(1.61621); 8(5.2996); 9(2.57556); 10(2.12316); 11(1.29093); 12(3.61321); 13(3.80935); 14(2.35594); 15(5.19603); 16(2.77427); 17(3.99907); 18(6.98318); 19(5.25619); 20(4.08727); 21(7.08775); 22(2.48152); 23(5.06577); 24(8.5599); 25(7.37701); 26(1.68727); 27(2.52951); 28(1.59268); 29(2.76618); 30(5.10815); 31(5.13273); 32(0.1973); 33(8.09982); 34(1.18304); 35(1.67272); 36(7.796); 37(2.06144); 38(7.61019); 39(1.03806); 40(8.89869); 41(5.51613); 42(3.07032); 43(1.19246); 44(2.66136); 45(0.07104); 46(7.58864); 47(7.57041); 48(2.989); 49(5.38033); 50(7.75877); 51(4.55517); 52(2.52721); 53(3.61422); 54(6.03808); 55(5.88228); 56(3.67829); 57(6.57041); 58(2.97022); 59(5.50442); 60(6.11196); 61(1.32352); 62(1.31318); 63(6.63693); 64(8.05856); 65(0.27744); 66(1.64768); 67(8.43469); 68(8.30344); 69(2.78478); 70(3.98993); 71(2.8065); 72(8.94182); 73(3.68266); 74(7.53606); 75(0.95064); 76(1.54292); 77(2.63492); 78(0.94142); 79(6.82791); 80(1.0088); 81(7.67048); 82(1.34648); 83(2.91163); 84(3.27751); 85(8.46792); 86(7.50485); 87(4.68777); 88(0.168); 89(7.9933); 90(8.83601); 91(3.67752); 92(1.56252); 93(3.90545); 94(5.42837); 95(1.63648); 96(8.45456); 97(1.07306); 98(8.23761); 99(4.5605); 100(1.71362); 101(2.10725); 102(8.50023); 103(1.32688); 104(0.74432); 105(2.90712); 106(5.97365); 107(8.10904); 108(0.87376); 109(5.23621); 110(8.46348); 111(4.79582); 112(1.4287); 113(8.3927); 114(4.19921); 115(3.26331); 116(7.7801); 117(4.42027); 118(4.83677); 119(5.04139); 120(5.37344); 121(7.38574); 122(2.58284); 123(5.28346); 124(4.5287); 125(2.60145); 126(5.43117); 127(3.35026); 128(8.92735); 129(5.64668); 130(1.01247); 131(3.65949); 132(7.31827); 133(1.54571); 134(5.51442); 135(8.92351); 136(0.15442); 137(3.81312); 138(3.70969); 139(5.12796); 140(4.58644); 141(7.44516); 142(4.20585); 143(4.20031); 144(3.3191); 145(1.46522); 146(0.50902); 147(0.19564); 148(2.87984); 149(3.89879); 150(6.14429); 151(6.11665); 152(2.54078); 153(4.45469); 154(5.37462); 155(1.53898); 156(0.20203); 157(0.40472); 158(6.04077); 159(1.92905); 160(8.23058); 161(3.94509); 162(0.87067); 163(6.44529); 164(4.33952); 165(5.60239); 166(7.84133); 167(1.9286); 168(2.20151); 169(3.74247); 170(1.31222); 171(6.202); 172(2.5758); 173(2.17785); 174(6.40502); 175(7.91437); 176(1.29864); 177(4.09188); 178(4.66173); 179(0.98696); 180(0.20825); 181(6.04734); 182(3.62015); 183(0.5588); 184(3.86307); 185(6.71577); 186(0.78756); 187(4.20513); 188(4.14338); 189(0.24945); 190(2.05163); 191(6.17312); 192(5.30428); 193(4.80503); 194(8.15548); 195(0.31705); 196(7.76714); 197(6.51423); 198(4.76361); 199(3.90451); 200(7.35145); 201(6.00966); 202(5.71388); 203(2.19747); 204(0.27008); 205(3.32398); 206(3.58552); 207(2.59501); 208(6.08603); 209(3.40707); 210(1.91224); 211(3.39952); 212(4.12482); 213(4.76769); 214(1.71568); 215(8.66458); 216(0.53304); 217(3.36852); 218(7.89753); 219(6.01185); 220(3.92631); 221(0.94818); 222(6.59572); 223(4.94235); 224(2.19137); 225(2.10604); 226(1.47214); 227(6.26597); 228(1.17697); 230(8.7604); 231(4.89644); 232(0.02179); 233(1.40485); 234(0.33789); 235(6.15956); 236(0.71593); 237(5.13749); 238(4.0011); 239(3.69359); 240(4.76745); 241(5.11156); 242(7.87058); 243(1.85155); 244(5.0066); 245(5.93025); 246(0.38798); 247(3.43232); 248(8.55834); 249(7.73257); 250(8.0912); 251(1.86808); 252(4.14193); 253(5.877); 254(3.42824); 255(7.93291); 256(0.9175); 257(4.18534); 258(4.08663); 259(8.80471); 260(5.30961); 261(1.14087); 262(3.73166); 263(6.75942); 264(0.99533); 265(5.80674); 266(6.27359); 267(0.2859); 268(8.12828); 269(7.28177); 270(2.26491); 271(1.48227); 272(7.10653); 273(2.07521); 274(7.89054); 275(0.42938); 276(8.37396); 277(5.31103); 278(1.83467); 279(0.94621); 280(8.11239); 281(8.40793); 282(6.59538); 283(1.66768); 284(8.94703); 285(5.46706); 286(4.27082); 287(4.66978); 288(2.62776); 289(4.53464); 290(2.12617); 291(3.35418); 292(1.4139); 293(4.37886); 294(6.95925); 295(6.41884); 296(6.90532); 297(2.10163); 298(5.58615); 299(5.02421),1271.70647,1271.70647,4.25319889632107,2.5359356570868936,8.94703,0.02179,0.4054289594955644,1
230,0(4.53292); 1(1.05655); 2(1.92748); 3(1.11275); 4(8.27418); 5(1.06504); 6(5.77592); 7(3.62718); 8(1.78109); 9(5.33465); 10(0.57246); 11(3.00362); 12(7.79098); 13(5.41009); 14(2.98627); 15(2.60966); 16(3.30667); 17(1.47205); 18(5.13227); 19(0.87557); 20(1.58187); 21(6.86069); 22(1.05229); 23(0.13953); 24(4.56241); 25(2.53984); 26(3.58762); 27(8.41052); 28(7.80358); 29(0.45497); 30(8.14171); 31(1.32029); 32(3.73903); 33(5.53717); 34(0.10555); 35(3.34435); 36(0.17268); 37(6.4533); 38(8.37003); 39(2.23714); 40(1.48781); 41(6.0173); 42(4.27428); 43(6.61204); 44(5.03703); 45(4.27043); 46(1.41782); 47(7.02502); 48(6.46433); 49(3.14505); 50(0.88334); 51(2.68886); 52(5.70609); 53(7.4528); 54(3.51955); 55(3.84846); 56(2.71665); 57(2.40616); 58(0.51956); 59(4.9576); 60(3.53246); 61(0.75622); 62(4.10529); 63(1.07667); 64(3.94565); 65(1.82743); 66(8.6033); 67(7.78357); 68(0.58777); 69(6.82839); 70(4.46465); 71(7.8153); 72(0.08479); 73(4.37814); 74(5.25483); 75(2.69558); 76(4.20713); 77(5.99243); 78(4.10385); 79(8.46096); 80(2.52107); 81(8.22663); 82(5.71549); 83(6.51205); 84(2.21072); 85(6.22696); 86(8.94848); 87(1.64269); 88(1.27276); 89(2.88525); 90(8.28114); 91(2.23734); 92(2.56138); 93(2.14924); 94(6.49656); 95(7.8884); 96(2.89257); 97(7.21578); 98(0.56417); 99(7.30536); 100(4.33401); 101(7.67195); 102(8.01202); 103(8.86989); 104(7.76871); 105(0.59845); 106(6.04241); 107(5.35369); 108(6.47202); 109(0.91347); 110(3.60255); 111(2.37576); 112(3.48014); 113(2.44198); 114(4.7551); 115(2.47484); 116(7.82345); 117(4.38645); 118(3.36385); 119(8.58597); 120(2.69979); 121(5.17456); 122(4.07811); 123(5.3706); 124(4.60216); 125(6.61008); 126(6.78422); 127(2.31293); 128(0.03794); 129(4.34314); 130(5.70356); 131(8.73249); 132(7.88814); 133(2.14527); 134(5.57647); 135(0.12211); 136(1.35597); 137(7.20809); 138(8.98946); 139(4.56275); 140(2.74814); 141(3.13677); 142(4.97542); 143(1.86951); 144(2.27348); 145(1.69044); 146(6.96576); 147(0.77463); 148(5.95398); 149(7.15015); 150(8.0291); 151(7.93363); 152(0.39558); 153(0.04347); 154(3.8514); 155(6.34138); 156(4.32664); 157(2.25755); 158(2.90242); 159(1.14387); 160(2.56086); 161(1.16857); 162(2.34217); 163(3.49702); 164(5.66513); 165(0.9693); 166(4.51254); 167(5.73255); 168(7.802); 169(5.11455); 170(7.33384); 171(0.03709); 172(5.23687); 173(3.91725); 174(7.10272); 175(5.85119); 176(7.83428); 177(1.27629); 178(4.7475); 179(5.39693); 180(3.85128); 181(4.59564); 182(5.54027); 183(8.41333); 184(2.33835); 185(1.11013); 186(5.30559); 187(1.30929); 188(4.67384); 189(8.58992); 190(0.69984); 191(6.93653); 192(5.13854); 193(7.73949); 194(5.11713); 195(1.9285); 196(1.93682); 197(2.65675); 198(6.42746); 199(2.13255); 200(3.72729); 201(2.88612); 202(8.87305); 203(2.09312); 204(2.60296); 205(7.19353); 206(6.07469); 207(2.94624); 208(1.14211); 209(2.71575); 210(7.14614); 211(6.34837); 212(5.11514); 213(5.99619); 214(8.55365); 215(8.31526); 216(3.03931); 217(4.42613); 218(2.28132); 219(4.09795); 220(3.49718); 221(3.92809); 222(5.10582); 223(4.02613); 224(2.73203); 225(0.42292); 226(5.52726); 227(5.19724); 228(3.14071); 229(8.7604); 231(2.53215); 232(2.86579); 233(0.0985); 234(5.17513); 235(7.34881); 236(3.5686); 237(6.40923); 238(1.51161); 239(7.16093); 240(2.46544); 241(0.27733); 242(6.81056); 243(1.58563); 244(7.36466); 245(2.06046); 246(4.63162); 247(7.85907); 248(4.32461); 249(4.12908); 250(2.30042); 251(0.1593); 252(3.75878); 253(8.38768); 254(1.55959); 255(0.34489); 256(0.66833); 257(0.96853); 258(3.21125); 259(0.60952); 260(4.88426); 261(2.65891); 262(4.10677); 263(2.73871); 264(1.85104); 265(4.12143); 266(0.66802); 267(4.01343); 268(1.58045); 269(7.32768); 270(2.0202); 271(1.47737); 272(0.05804); 273(8.15275); 274(6.50068); 275(4.95672); 276(1.52144); 277(8.63678); 278(6.31292); 279(3.58651); 280(3.0716); 281(5.70282); 282(8.63842); 283(0.15586); 284(8.52669); 285(1.89888); 286(3.64876); 287(2.80977); 288(6.20116); 289(7.81323); 290(3.81256); 291(3.52852); 292(6.48991); 293(0.01246); 294(5.40797); 295(7.59318); 296(4.01341); 297(8.83238); 298(0.05286); 299(2.99278),1254.1353,1254.1353,4.194432441471571,2.5493236312516148,8.98946,0.01246,0.3973076842954519,1
231,0(5.61148); 1(4.7953); 2(6.33468); 3(6.4337); 4(0.03176); 5(3.6382); 6(0.93784); 7(6.92379); 8(3.311); 9(5.34594); 10(2.82077); 11(3.66909); 12(3.74727); 13(3.53427); 14(0.06263); 15(0.32569); 16(0.9513); 17(0.75706); 18(5.28363); 19(2.2366); 20(7.24335); 21(7.5632); 22(1.41691); 23(0.86598); 24(0.9936); 25(8.72417); 26(3.93954); 27(4.90493); 28(8.84439); 29(2.41584); 30(4.99411); 31(5.65571); 32(0.84241); 33(3.38689); 34(5.41258); 35(4.55846); 36(2.8194); 37(6.47188); 38(8.42753); 39(2.35286); 40(1.83093); 41(2.95953); 42(4.19064); 43(8.74359); 44(3.89822); 45(2.09915); 46(4.3319); 47(6.69715); 48(2.13904); 49(8.89813); 50(3.28726); 51(7.14361); 52(0.647); 53(6.5948); 54(2.76916); 55(6.72927); 56(1.67388); 57(2.41098); 58(7.19939); 59(3.89492); 60(7.19373); 61(7.04737); 62(4.00063); 63(3.00389); 64(8.74531); 65(4.32044); 66(4.05382); 67(3.32492); 68(2.99369); 69(8.48181); 70(8.33926); 71(5.17621); 72(2.7561); 73(4.16382); 74(8.77762); 75(0.70492); 76(8.92737); 77(5.9605); 78(4.53532); 79(2.15834); 80(7.13581); 81(4.21762); 82(0.60885); 83(2.04556); 84(6.67467); 85(5.52223); 86(0.40434); 87(8.72818); 88(1.41083); 89(6.52072); 90(5.06732); 91(7.00769); 92(5.79479); 93(6.74201); 94(8.70691); 95(4.23206); 96(8.56013); 97(7.02644); 98(4.12102); 99(7.60795); 100(4.12283); 101(1.94575); 102(6.12578); 103(2.76483); 104(1.53031); 105(1.54407); 106(4.39621); 107(7.1417); 108(6.95169); 109(4.05619); 110(6.50827); 111(3.76036); 112(8.71476); 113(3.48967); 114(2.4544); 115(5.40156); 116(7.21666); 117(0.10785); 118(7.34247); 119(5.80815); 120(5.92692); 121(6.84401); 122(5.31559); 123(1.41605); 124(4.21152); 125(5.48127); 126(2.10698); 127(0.10745); 128(5.82146); 129(5.35052); 130(4.15161); 131(6.87557); 132(1.98809); 133(6.25326); 134(3.52349); 135(4.19913); 136(8.89505); 137(8.47584); 138(5.65991); 139(2.67746); 140(2.58005); 141(6.5633); 142(1.59239); 143(1.42663); 144(2.87383); 145(1.70935); 146(6.9762); 147(8.53766); 148(8.49485); 149(3.01747); 150(3.87043); 151(5.09981); 152(1.98625); 153(4.09879); 154(5.91999); 155(6.23204); 156(6.33253); 157(3.89604); 158(0.88875); 159(8.52917); 160(5.57696); 161(5.92494); 162(8.3187); 163(5.53319); 164(4.77893); 165(8.77437); 166(1.603); 167(3.53004); 168(7.63589); 169(3.24888); 170(2.88097); 171(1.93638); 172(0.44206); 173(3.13844); 174(6.87173); 175(6.54061); 176(4.46861); 177(4.64175); 178(2.60897); 179(2.86145); 180(6.74359); 181(4.45241); 182(3.795); 183(8.72613); 184(8.6478); 185(6.45471); 186(3.37463); 187(0.75346); 188(7.829); 189(7.94379); 190(8.41811); 191(8.93304); 192(2.49241); 193(7.93492); 194(0.90632); 195(5.18162); 196(0.88267); 197(8.4404); 198(6.02515); 199(3.26496); 200(5.14476); 201(7.99322); 202(7.52721); 203(6.61357); 204(1.62535); 205(1.11788); 206(1.43914); 207(5.64362); 208(2.27559); 209(1.26666); 210(0.80659); 211(5.71901); 212(4.23633); 213(3.39283); 214(2.1053); 215(4.68176); 216(3.4693); 217(7.79091); 218(2.78985); 219(8.26971); 220(2.87901); 221(3.20445); 222(6.44473); 223(5.10445); 224(0.29008); 225(3.76062); 226(0.77088); 227(2.88368); 228(2.10594); 229(4.89644); 230(2.53215); 232(1.51859); 233(1.85122); 234(2.30329); 235(1.30559); 236(5.4334); 237(2.20686); 238(5.88813); 239(6.16288); 240(3.75898); 241(6.41648); 242(5.34592); 243(8.27671); 244(4.46174); 245(7.57542); 246(3.28963); 247(5.87421); 248(4.27099); 249(4.6987); 250(1.1863); 251(6.88188); 252(0.95935); 253(1.44941); 254(8.8978); 255(6.82799); 256(4.83434); 257(8.29454); 258(0.54403); 259(6.50437); 260(8.73854); 261(1.36595); 262(2.68077); 263(6.42391); 264(1.02206); 265(5.6786); 266(4.27004); 267(7.68116); 268(0.73196); 269(7.58766); 270(1.59077); 271(3.75318); 272(2.19174); 273(1.46711); 274(1.76008); 275(7.18463); 276(3.83317); 277(0.47604); 278(3.19929); 279(5.27423); 280(5.40417); 281(7.04315); 282(5.60842); 283(7.19928); 284(5.06451); 285(6.63198); 286(0.88026); 287(0.32625); 288(8.60865); 289(2.36188); 290(8.9432); 291(4.46812); 292(0.36012); 293(0.55432); 294(0.74987); 295(1.624); 296(0.86441); 297(5.01904); 298(6.49222); 299(2.91651),1343.16172,1343.16172,4.49217966555184,2.538227393046163,8.9432,0.03176,0.42598179896631483,1
232,0(4.8154); 1(6.25127); 2(0.36648); 3(5.11822); 4(7.04685); 5(6.03218); 6(2.24857); 7(8.17619); 8(5.36887); 9(2.03211); 10(5.07001); 11(2.07915); 12(6.17114); 13(4.62585); 14(1.66004); 15(4.18648); 16(5.39669); 17(3.94721); 18(2.48306); 19(8.89831); 20(2.7291); 21(0.82318); 22(6.55107); 23(6.51244); 24(2.07907); 25(7.66554); 26(4.29145); 27(2.80334); 28(4.74326); 29(8.37121); 30(4.86886); 31(6.11766); 32(4.26517); 33(6.41787); 34(7.80601); 35(2.67288); 36(0.30779); 37(3.88996); 38(3.27424); 39(4.97037); 40(8.91832); 41(3.34888); 42(5.38326); 43(1.31347); 44(2.63927); 45(4.9268); 46(6.13332); 47(8.58043); 48(4.81641); 49(6.83735); 50(5.16262); 51(8.49324); 52(6.28719); 53(8.4001); 54(8.99435); 55(8.92988); 56(8.95137); 57(8.41751); 58(7.40146); 59(5.45695); 60(1.86376); 61(5.0034); 62(1.23397); 63(5.75973); 64(2.71395); 65(4.76857); 66(5.81657); 67(0.61949); 68(6.88705); 69(6.86494); 70(5.7605); 71(2.04849); 72(3.92486); 73(5.84263); 74(4.48903); 75(7.81204); 76(7.0275); 77(3.59541); 78(1.02289); 79(1.2528); 80(0.71918); 81(6.47582); 82(7.10718); 83(0.95787); 84(3.78938); 85(5.65713); 86(1.23681); 87(8.85479); 88(8.12928); 89(2.32309); 90(0.72114); 91(8.60831); 92(0.10894); 93(5.56482); 94(2.57513); 95(2.02157); 96(8.80935); 97(4.93875); 98(5.14282); 99(8.08818); 100(8.77599); 101(5.48211); 102(7.71333); 103(0.44715); 104(8.81338); 105(2.89079); 106(6.30991); 107(0.06795); 108(7.17313); 109(3.62786); 110(4.12018); 111(6.68478); 112(6.33903); 113(8.54937); 114(7.4756); 115(1.81017); 116(3.99043); 117(2.24613); 118(5.74066); 119(4.87731); 120(6.56727); 121(7.99028); 122(0.54595); 123(4.60726); 124(7.09946); 125(1.3984); 126(5.71272); 127(3.49575); 128(5.57682); 129(0.37744); 130(0.27913); 131(2.28443); 132(7.56992); 133(2.69638); 134(3.85293); 135(6.8906); 136(6.15785); 137(2.56901); 138(7.29932); 139(8.18583); 140(8.00228); 141(8.05437); 142(4.10143); 143(4.99044); 144(2.26821); 145(1.67906); 146(0.36604); 147(6.95567); 148(7.04071); 149(7.61927); 150(0.08464); 151(7.07972); 152(4.13692); 153(4.57423); 154(6.15132); 155(7.28624); 156(5.05716); 157(1.82541); 158(3.50438); 159(2.85443); 160(5.11924); 161(6.39827); 162(8.25673); 163(3.45622); 164(7.28424); 165(4.1712); 166(6.46223); 167(8.11468); 168(5.67548); 169(1.50486); 170(7.31929); 171(1.22506); 172(2.75674); 173(3.76483); 174(7.16977); 175(6.7518); 176(2.05212); 177(7.22379); 178(0.74024); 179(3.87947); 180(3.05202); 181(1.23047); 182(8.83414); 183(5.20711); 184(4.3964); 185(3.83019); 186(6.10583); 187(4.13086); 188(6.93293); 189(5.92922); 190(3.42679); 191(1.21492); 192(5.1786); 193(2.12137); 194(1.33948); 195(2.34245); 196(0.04944); 197(3.22449); 198(2.8764); 199(0.44869); 200(7.05705); 201(4.15781); 202(3.76167); 203(7.93877); 204(3.92958); 205(3.02201); 206(2.25909); 207(2.25957); 208(1.25311); 209(4.11348); 210(0.72634); 211(4.57767); 212(4.59723); 213(3.42998); 214(8.29776); 215(5.56319); 216(4.76516); 217(5.56902); 218(5.80384); 219(1.68824); 220(5.788); 221(1.86485); 222(4.09231); 223(2.57282); 224(7.48553); 225(0.93774); 226(5.07543); 227(5.95233); 228(6.57577); 229(0.02179); 230(2.86579); 231(1.51859); 233(2.39097); 234(7.04361); 235(2.22804); 236(3.36385); 237(5.63638); 238(2.33028); 239(2.71422); 240(4.5425); 241(8.19313); 242(3.09326); 243(6.64629); 244(2.00347); 245(6.9177); 246(2.16284); 247(8.789); 248(8.13565); 249(2.76934); 250(3.28333); 251(1.75014); 252(6.28447); 253(6.70774); 254(6.10472); 255(8.19296); 256(7.31359); 257(1.77103); 258(6.24761); 259(4.99266); 260(4.5273); 261(6.92242); 262(0.48519); 263(8.81019); 264(7.2916); 265(6.13548); 266(5.76849); 267(2.07442); 268(5.01231); 269(2.90258); 270(8.78829); 271(4.77987); 272(5.70047); 273(6.85715); 274(6.88698); 275(2.50862); 276(1.52356); 277(0.93636); 278(7.06348); 279(7.58225); 280(5.26477); 281(2.75151); 282(0.51722); 283(7.84613); 284(7.66458); 285(8.87274); 286(1.26712); 287(5.15226); 288(6.70777); 289(5.75641); 290(8.7054); 291(8.23291); 292(3.52192); 293(1.26255); 294(6.78501); 295(0.58293); 296(7.58486); 297(2.49391); 298(3.54744); 299(4.59758),1410.58818,1410.58818,4.717686220735786,2.5091385736980523,8.99435,0.02179,0.44289763677815464,2
233,0(3.57172); 1(7.33158); 2(3.55128); 3(0.79835); 4(0.4844); 5(3.82238); 6(4.94236); 7(1.24558); 8(6.37505); 9(3.40802); 10(3.75221); 11(5.31842); 12(2.61845); 13(8.83733); 14(2.29504); 15(1.15046); 16(7.41104); 17(6.60273); 18(5.69055); 19(2.0862); 20(4.35216); 21(4.35337); 22(2.72152); 23(7.17257); 24(1.6591); 25(3.30687); 26(8.40993); 27(4.33076); 28(8.75824); 29(3.60461); 30(4.41919); 31(5.73921); 32(0.28285); 33(4.13181); 34(7.70132); 35(6.70746); 36(7.08336); 37(5.09623); 38(3.8902); 39(2.00532); 40(4.14914); 41(2.56537); 42(2.37279); 43(1.24994); 44(1.24027); 45(7.25647); 46(1.30424); 47(0.16186); 48(4.22987); 49(7.0094); 50(0.96059); 51(0.46485); 52(1.04754); 53(4.52499); 54(8.16539); 55(7.51532); 56(8.03115); 57(8.93463); 58(8.16274); 59(7.58085); 60(2.53309); 61(0.83486); 62(4.03771); 63(1.21571); 64(8.88828); 65(5.94674); 66(6.83773); 67(5.15332); 68(5.39016); 69(4.60051); 70(0.00811); 71(3.9139); 72(8.70648); 73(7.81845); 74(3.98796); 75(3.06413); 76(4.38675); 77(8.26326); 78(7.25855); 79(1.45336); 80(5.33934); 81(2.77544); 82(0.31341); 83(1.19351); 84(1.7722); 85(5.36159); 86(2.4615); 87(6.59163); 88(6.09556); 89(5.61242); 90(2.34669); 91(2.79333); 92(6.5283); 93(4.48911); 94(4.73629); 95(1.01762); 96(3.5353); 97(2.33771); 98(0.07566); 99(1.00555); 100(5.72566); 101(0.24919); 102(7.94906); 103(2.51222); 104(7.23006); 105(5.16299); 106(0.88979); 107(4.53314); 108(1.6885); 109(3.91842); 110(5.47506); 111(4.34673); 112(6.06689); 113(3.32726); 114(1.29834); 115(0.55846); 116(8.9096); 117(1.09146); 118(1.39469); 119(6.53684); 120(8.5055); 121(2.33893); 122(4.69142); 123(3.74105); 124(3.28044); 125(3.36492); 126(2.52236); 127(3.59); 128(2.84629); 129(6.24418); 130(6.76371); 131(3.47685); 132(3.9915); 133(0.95137); 134(3.15809); 135(3.35933); 136(3.42632); 137(3.00011); 138(4.43914); 139(7.44664); 140(0.61524); 141(7.01753); 142(2.71303); 143(6.8861); 144(6.85198); 145(8.34316); 146(1.04815); 147(5.1096); 148(3.73618); 149(5.21812); 150(4.71714); 151(6.44965); 152(8.04684); 153(2.24977); 154(1.06886); 155(3.28956); 156(7.1043); 157(1.34947); 158(3.19668); 159(5.36779); 160(4.90506); 161(1.06127); 162(2.89471); 163(2.37006); 164(6.90587); 165(4.0659); 166(2.22613); 167(2.50749); 168(4.92962); 169(3.2188); 170(2.15103); 171(1.44704); 172(0.77256); 173(0.78212); 174(5.70459); 175(7.34122); 176(6.98621); 177(8.67263); 178(1.55726); 179(3.32529); 180(1.44712); 181(3.24132); 182(0.98691); 183(6.89812); 184(7.12298); 185(6.5996); 186(8.19534); 187(1.05087); 188(4.88404); 189(2.63445); 190(5.85127); 191(4.70867); 192(8.65095); 193(7.90941); 194(7.72072); 195(4.59426); 196(7.17031); 197(7.24229); 198(5.54224); 199(3.80533); 200(7.06683); 201(5.23961); 202(1.67629); 203(1.14808); 204(6.52152); 205(7.06702); 206(4.22898); 207(3.34462); 208(8.59207); 209(3.86639); 210(0.34796); 211(5.69926); 212(6.50876); 213(1.93567); 214(2.20364); 215(2.21374); 216(2.94976); 217(0.19571); 218(5.92176); 219(7.35411); 220(2.32935); 221(3.5742); 222(2.84497); 223(7.73499); 224(8.84285); 225(4.93805); 226(4.86073); 227(4.59525); 228(2.53957); 229(1.40485); 230(0.0985); 231(1.85122); 232(2.39097); 234(8.42291); 235(8.73187); 236(6.54278); 237(7.10034); 238(1.7308); 239(6.76973); 240(6.34016); 241(4.79252); 242(4.74896); 243(1.65067); 244(0.19164); 245(8.91505); 246(3.176); 247(3.86919); 248(6.46677); 249(6.81635); 250(1.44026); 251(7.35052); 252(7.4505); 253(4.9813); 254(2.61522); 255(8.96279); 256(5.18681); 257(1.76915); 258(5.16198); 259(4.06526); 260(3.83925); 261(1.92981); 262(8.33257); 263(4.73123); 264(7.94305); 265(4.10411); 266(4.8175); 267(5.52343); 268(5.66011); 269(4.18233); 270(2.96636); 271(2.79543); 272(2.52974); 273(2.22209); 274(1.91973); 275(0.1219); 276(0.0695); 277(5.33177); 278(3.89336); 279(6.92867); 280(3.55807); 281(8.22579); 282(0.45544); 283(2.52196); 284(1.94312); 285(4.78897); 286(8.43375); 287(5.68612); 288(8.04313); 289(1.97797); 290(3.88336); 291(3.41013); 292(5.9865); 293(2.02227); 294(2.29533); 295(2.71769); 296(2.02632); 297(4.55501); 298(4.16403); 299(2.81258),1281.77686,1281.77686,4.286879130434783,2.464474015222505,8.96279,0.00811,0.41163359459501014,1
234,0(5.0227); 1(0.0612); 2(6.68359); 3(4.60387); 4(6.50843); 5(7.37135); 6(6.55296); 7(2.2846); 8(5.64509); 9(7.6461); 10(5.11078); 11(8.28997); 12(1.02649); 13(0.51656); 14(0.61074); 15(6.8292); 16(4.30737); 17(0.76448); 18(7.77932); 19(4.78681); 20(1.75073); 21(3.76506); 22(3.33557); 23(8.34869); 24(2.07156); 25(1.29087); 26(8.56946); 27(3.09123); 28(1.23201); 29(7.95842); 30(2.152); 31(5.84561); 32(5.57446); 33(0.51444); 34(1.65456); 35(8.59822); 36(3.78382); 37(6.40126); 38(6.22915); 39(3.22948); 40(8.28937); 41(2.30444); 42(4.48929); 43(2.5548); 44(0.40305); 45(6.95386); 46(3.76639); 47(5.99134); 48(4.51672); 49(1.34804); 50(3.03506); 51(0.88464); 52(5.20495); 53(0.75365); 54(6.15592); 55(2.50167); 56(0.02738); 57(7.94956); 58(4.90544); 59(3.88603); 60(8.07224); 61(0.85222); 62(2.94672); 63(1.33049); 64(3.88809); 65(2.31789); 66(2.18873); 67(6.64408); 68(3.64823); 69(3.45667); 70(2.85431); 71(2.23751); 72(7.95393); 73(3.86695); 74(7.01592); 75(3.60557); 76(2.54858); 77(6.23726); 78(4.27022); 79(1.62894); 80(2.02667); 81(2.47849); 82(0.1404); 83(5.24734); 84(3.85927); 85(5.52641); 86(2.1014); 87(1.58847); 88(0.01908); 89(2.21566); 90(4.78344); 91(2.03758); 92(8.33314); 93(0.39304); 94(1.33116); 95(4.74631); 96(7.102); 97(6.91179); 98(6.58159); 99(4.30772); 100(0.05982); 101(4.03299); 102(4.80085); 103(7.04718); 104(0.29049); 105(6.96394); 106(3.201); 107(0.78286); 108(6.23386); 109(8.24024); 110(8.69632); 111(4.34689); 112(5.27732); 113(8.66038); 114(7.40083); 115(3.87953); 116(7.46185); 117(3.89163); 118(3.33813); 119(7.05589); 120(6.82145); 121(2.18132); 122(0.3811); 123(6.25485); 124(4.90961); 125(3.8928); 126(8.38443); 127(6.01922); 128(2.67748); 129(3.22629); 130(8.74719); 131(3.52259); 132(3.70604); 133(4.97836); 134(5.71324); 135(3.33222); 136(6.28356); 137(6.53106); 138(2.72949); 139(2.43564); 140(1.85373); 141(8.29479); 142(2.72003); 143(1.88214); 144(2.36851); 145(5.87472); 146(1.29147); 147(3.54916); 148(0.07403); 149(1.51334); 150(6.922); 151(1.12514); 152(8.01937); 153(7.84947); 154(1.77132); 155(7.57911); 156(2.16577); 157(8.2021); 158(2.19743); 159(0.86882); 160(3.47332); 161(2.8972); 162(7.33393); 163(6.11293); 164(6.17117); 165(2.30285); 166(5.21311); 167(6.83026); 168(1.35833); 169(6.55884); 170(2.43304); 171(3.84767); 172(0.81981); 173(0.8102); 174(4.65921); 175(5.19317); 176(0.25439); 177(1.49932); 178(0.31118); 179(5.90729); 180(0.24574); 181(7.73631); 182(4.97994); 183(1.64195); 184(5.47712); 185(8.8024); 186(5.88594); 187(0.67139); 188(2.47597); 189(7.55364); 190(5.55356); 191(5.91432); 192(6.45824); 193(4.90374); 194(4.79555); 195(1.62241); 196(5.9656); 197(1.00742); 198(5.32596); 199(1.05627); 200(3.04141); 201(2.7333); 202(0.03531); 203(4.32939); 204(7.0736); 205(3.99191); 206(1.75768); 207(7.55279); 208(6.55176); 209(5.361); 210(4.59542); 211(4.93324); 212(5.75292); 213(2.85158); 214(1.68026); 215(6.55527); 216(1.09243); 217(3.15084); 218(8.39313); 219(1.64399); 220(3.31611); 221(5.59341); 222(0.27663); 223(7.76862); 224(7.31037); 225(5.48782); 226(6.21883); 227(0.77929); 228(6.83295); 229(0.33789); 230(5.17513); 231(2.30329); 232(7.04361); 233(8.42291); 235(6.85333); 236(4.89111); 237(1.30369); 238(0.58216); 239(6.76588); 240(1.66913); 241(6.35086); 242(1.10718); 243(5.84042); 244(7.01652); 245(0.24748); 246(7.45234); 247(6.38018); 248(2.38792); 249(8.0272); 250(6.00303); 251(2.62075); 252(0.85315); 253(1.55232); 254(0.62201); 255(4.79961); 256(5.15715); 257(8.11213); 258(1.83053); 259(1.10214); 260(6.65622); 261(7.5558); 262(0.04741); 263(6.47614); 264(0.85337); 265(6.94861); 266(0.83881); 267(2.36265); 268(6.22638); 269(2.96665); 270(8.39229); 271(5.08923); 272(0.26506); 273(1.40231); 274(3.4651); 275(6.70198); 276(1.47209); 277(0.25116); 278(2.42923); 279(2.50254); 280(1.82847); 281(7.03807); 282(5.05117); 283(8.73003); 284(6.8881); 285(1.3621); 286(0.44086); 287(2.1388); 288(4.29298); 289(8.82401); 290(1.69797); 291(6.24398); 292(6.40655); 293(0.99984); 294(2.07592); 295(1.86044); 296(0.5753); 297(4.0095); 298(5.94389); 299(4.67451),1239.04623,1239.04623,4.143967324414716,2.573204595213322,8.82401,0.01908,0.3918958489193995,1
235,0(0.57539); 1(6.41168); 2(8.56394); 3(0.07252); 4(6.63782); 5(4.54655); 6(6.1352); 7(1.87794); 8(8.74269); 9(3.08565); 10(2.52508); 11(5.79739); 12(2.82726); 13(5.51975); 14(5.28506); 15(7.99782); 16(2.72042); 17(7.77131); 18(4.80515); 19(1.27989); 20(3.62337); 21(1.75125); 22(8.66554); 23(1.36299); 24(1.13318); 25(6.72595); 26(6.75616); 27(0.04477); 28(7.91059); 29(5.11459); 30(4.31356); 31(1.62204); 32(7.73983); 33(4.08774); 34(4.88944); 35(8.87604); 36(4.405); 37(5.12676); 38(2.74616); 39(7.77511); 40(0.50782); 41(0.33922); 42(3.47062); 43(2.47025); 44(1.16263); 45(4.43323); 46(0.89053); 47(4.61316); 48(0.19386); 49(1.76678); 50(0.30396); 51(4.44306); 52(5.1975); 53(7.12863); 54(6.43809); 55(6.87166); 56(0.01839); 57(0.31329); 58(7.03918); 59(3.31464); 60(0.87451); 61(3.67854); 62(1.31139); 63(3.28532); 64(3.04944); 65(5.21231); 66(4.35788); 67(1.87121); 68(8.98369); 69(3.92351); 70(2.64669); 71(1.93368); 72(6.60621); 73(1.88162); 74(2.43893); 75(2.73284); 76(0.15185); 77(3.89442); 78(0.89855); 79(6.38491); 80(8.64715); 81(3.67968); 82(8.03345); 83(5.92762); 84(8.39564); 85(8.44718); 86(3.05059); 87(1.54229); 88(1.48508); 89(8.87316); 90(4.81161); 91(2.95775); 92(4.37049); 93(1.28433); 94(2.47598); 95(6.83895); 96(5.79875); 97(2.08222); 98(1.03247); 99(4.3654); 100(3.73978); 101(1.27603); 102(7.93417); 103(5.19502); 104(6.98426); 105(8.21129); 106(8.91931); 107(8.17979); 108(8.54722); 109(2.46484); 110(1.9238); 111(3.75113); 112(8.67751); 113(5.99722); 114(6.03547); 115(5.93859); 116(6.51056); 117(7.41081); 118(0.09274); 119(7.06388); 120(2.91487); 121(5.62185); 122(3.76773); 123(8.66262); 124(7.37017); 125(8.41322); 126(3.15928); 127(5.59481); 128(6.46274); 129(3.76757); 130(5.10569); 131(8.33349); 132(4.62257); 133(7.81322); 134(8.6038); 135(1.76208); 136(6.31784); 137(5.82831); 138(7.88539); 139(8.78893); 140(5.96517); 141(8.20336); 142(3.65071); 143(2.58864); 144(5.60012); 145(0.44475); 146(3.80881); 147(5.66527); 148(1.28026); 149(5.29607); 150(6.64958); 151(5.12858); 152(6.67071); 153(0.77153); 154(8.05749); 155(4.14521); 156(8.01803); 157(1.4701); 158(6.91424); 159(1.06092); 160(0.52147); 161(0.14581); 162(0.61978); 163(7.73558); 164(4.89377); 165(1.95025); 166(3.86915); 167(6.52496); 168(6.48621); 169(1.44726); 170(2.2364); 171(1.74024); 172(6.20205); 173(4.13692); 174(1.39386); 175(1.68629); 176(2.79537); 177(6.27585); 178(5.66724); 179(0.83219); 180(1.54243); 181(8.91331); 182(0.95929); 183(5.41238); 184(1.32877); 185(4.85158); 186(3.17423); 187(2.57493); 188(2.12862); 189(7.09212); 190(5.39689); 191(1.63043); 192(5.31495); 193(6.73221); 194(7.44188); 195(1.35516); 196(1.09432); 197(8.80357); 198(8.3095); 199(1.47969); 200(5.01809); 201(3.03904); 202(7.45048); 203(3.674); 204(0.60045); 205(0.81054); 206(7.78215); 207(8.29608); 208(0.664); 209(1.99366); 210(3.9425); 211(8.85147); 212(1.53009); 213(8.50956); 214(5.31373); 215(5.05951); 216(3.42815); 217(1.7396); 218(3.15898); 219(6.80975); 220(4.69816); 221(5.93345); 222(2.30794); 223(5.16063); 224(6.80992); 225(4.61067); 226(6.90417); 227(7.98053); 228(6.40192); 229(6.15956); 230(7.34881); 231(1.30559); 232(2.22804); 233(8.73187); 234(6.85333); 236(6.5008); 237(2.2366); 238(5.16067); 239(7.00813); 240(2.33349); 241(0.85396); 242(3.81497); 243(3.42256); 244(6.18608); 245(1.70317); 246(2.562); 247(8.50272); 248(3.56571); 249(5.16349); 250(4.34333); 251(6.4205); 252(2.81768); 253(1.28563); 254(1.51341); 255(4.5051); 256(4.72886); 257(5.67232); 258(3.93726); 259(2.11434); 260(5.28339); 261(6.92178); 262(3.33892); 263(8.97461); 264(0.11981); 265(0.73749); 266(0.49896); 267(0.98778); 268(8.64466); 269(0.57444); 270(7.80072); 271(6.89896); 272(7.69916); 273(1.10573); 274(4.49796); 275(8.09797); 276(3.04059); 277(6.7562); 278(1.21478); 279(4.35035); 280(6.72962); 281(0.315); 282(6.03311); 283(7.08178); 284(1.19933); 285(6.47642); 286(6.25342); 287(1.72357); 288(3.52585); 289(0.13163); 290(1.34311); 291(1.25361); 292(3.28197); 293(4.13075); 294(1.51863); 295(6.28769); 296(6.26064); 297(1.95838); 298(7.48254); 299(6.23806),1322.947,1322.947,4.424571906354515,2.6443917470816403,8.98369,0.01839,0.4142751899838313,1
236,0(4.70921); 1(7.16375); 2(8.18156); 3(1.43805); 4(1.8448); 5(2.92959); 6(7.94553); 7(5.15657); 8(2.56251); 9(1.94941); 10(2.62757); 11(7.8339); 12(5.34134); 13(8.82561); 14(7.94592); 15(8.29035); 16(0.79438); 17(1.14595); 18(3.49648); 19(1.48996); 20(8.20597); 21(8.74236); 22(1.60869); 23(1.89694); 24(6.57701); 25(2.58232); 26(1.967); 27(3.62516); 28(3.03049); 29(3.52728); 30(7.43125); 31(4.75286); 32(4.96023); 33(6.24602); 34(6.24656); 35(3.1838); 36(4.89939); 37(3.17867); 38(7.1967); 39(1.99871); 40(6.75112); 41(5.0745); 42(0.90022); 43(4.60277); 44(5.75924); 45(4.59553); 46(4.81434); 47(6.36761); 48(1.12771); 49(8.68612); 50(8.51203); 51(5.36015); 52(4.84876); 53(0.34388); 54(2.54834); 55(7.24369); 56(1.41364); 57(4.91213); 58(2.24169); 59(0.0103); 60(7.42012); 61(4.86138); 62(6.64176); 63(5.81048); 64(2.98604); 65(1.82739); 66(0.48985); 67(0.58526); 68(1.37718); 69(3.21675); 70(5.51549); 71(5.54871); 72(5.75521); 73(2.14301); 74(3.47551); 75(8.14878); 76(8.44804); 77(7.21151); 78(1.75896); 79(5.13643); 80(6.95606); 81(2.65197); 82(6.95741); 83(2.11817); 84(5.93426); 85(3.95914); 86(0.07228); 87(7.77954); 88(3.04568); 89(1.11673); 90(3.09212); 91(4.28065); 92(2.21775); 93(1.02178); 94(3.05386); 95(1.25213); 96(2.38521); 97(7.86181); 98(0.72939); 99(1.0266); 100(0.39624); 101(4.70217); 102(5.20788); 103(6.41302); 104(3.44151); 105(3.13734); 106(2.35531); 107(1.59417); 108(4.3139); 109(4.39674); 110(3.54401); 111(0.27836); 112(1.85734); 113(3.5652); 114(2.72656); 115(5.35718); 116(2.75134); 117(0.86639); 118(4.41635); 119(1.28396); 120(4.71656); 121(8.30439); 122(6.12332); 123(7.93449); 124(5.28656); 125(7.62297); 126(8.26471); 127(8.97951); 128(7.22746); 129(0.58863); 130(5.79972); 131(3.58509); 132(7.5314); 133(1.28652); 134(2.16511); 135(2.37771); 136(8.71888); 137(0.70706); 138(1.40526); 139(7.63383); 140(8.96922); 141(1.08312); 142(7.69211); 143(0.20094); 144(3.58183); 145(5.46277); 146(4.28531); 147(1.23563); 148(6.33841); 149(5.10169); 150(2.6272); 151(0.89074); 152(0.07595); 153(7.12524); 154(4.59326); 155(4.94364); 156(1.06527); 157(1.97547); 158(8.82861); 159(0.51809); 160(2.2345); 161(8.23041); 162(0.61561); 163(3.09319); 164(0.43692); 165(3.92191); 166(8.69456); 167(2.02894); 168(3.84832); 169(6.93926); 170(0.96487); 171(5.54289); 172(2.98701); 173(5.68973); 174(6.92284); 175(3.38364); 176(5.48078); 177(6.60717); 178(4.54518); 179(3.15578); 180(1.06931); 181(1.12857); 182(5.47179); 183(2.49379); 184(2.41584); 185(1.65649); 186(3.90083); 187(1.41762); 188(1.53313); 189(3.61495); 190(8.64615); 191(6.64647); 192(6.35675); 193(4.67092); 194(8.74716); 195(4.09524); 196(5.35061); 197(4.66818); 198(3.68869); 199(6.84845); 200(0.9501); 201(8.88161); 202(3.34472); 203(1.61713); 204(2.12113); 205(1.86648); 206(4.39915); 207(4.82579); 208(0.75056); 209(8.49839); 210(2.95894); 211(2.55916); 212(3.88702); 213(3.20128); 214(0.53524); 215(2.33557); 216(2.07144); 217(8.13698); 218(2.11916); 219(8.81603); 220(1.75827); 221(6.03005); 222(6.78468); 223(7.65017); 224(2.80568); 225(0.77217); 226(6.93188); 227(4.68294); 228(1.15885); 229(0.71593); 230(3.5686); 231(5.4334); 232(3.36385); 233(6.54278); 234(4.89111); 235(6.5008); 237(0.97514); 238(4.6092); 239(5.57909); 240(1.85217); 241(3.83667); 242(7.44239); 243(5.01552); 244(2.619); 245(8.31137); 246(4.36682); 247(4.8712); 248(2.74098); 249(8.86988); 250(3.09165); 251(0.61668); 252(7.11302); 253(0.30361); 254(4.87002); 255(1.40491); 256(5.75882); 257(6.91196); 258(2.78673); 259(1.12905); 260(1.72258); 261(1.39147); 262(4.21089); 263(3.16652); 264(2.25287); 265(8.59863); 266(7.80013); 267(5.6807); 268(7.73646); 269(1.94324); 270(8.01808); 271(0.2482); 272(7.39271); 273(4.96831); 274(4.541); 275(2.60826); 276(8.86394); 277(1.52609); 278(3.02797); 279(7.76252); 280(1.78743); 281(5.2311); 282(5.38939); 283(7.98829); 284(5.69402); 285(7.07636); 286(6.98061); 287(6.45518); 288(5.41002); 289(5.67174); 290(5.11846); 291(8.05773); 292(0.40401); 293(0.40672); 294(6.65962); 295(2.29776); 296(6.57321); 297(3.91768); 298(4.93374); 299(2.13466),1270.90834,1270.90834,4.250529565217392,2.5532899790805303,8.97951,0.0103,0.4066453367891899,1
237,0(0.22024); 1(2.88976); 2(5.99303); 3(7.89516); 4(5.31542); 5(7.7299); 6(6.81025); 7(0.49068); 8(6.77479); 9(5.22905); 10(2.27249); 11(7.12811); 12(7.20067); 13(8.87569); 14(2.84854); 15(6.74157); 16(0.45072); 17(7.81218); 18(6.41974); 19(3.39818); 20(6.93979); 21(1.0735); 22(7.1701); 23(5.4304); 24(7.03476); 25(3.33078); 26(1.06103); 27(6.49292); 28(2.1063); 29(0.79041); 30(3.14735); 31(1.44012); 32(6.44751); 33(1.1133); 34(1.65364); 35(0.19589); 36(6.98667); 37(7.93097); 38(2.78333); 39(3.99004); 40(8.6891); 41(4.09899); 42(4.31626); 43(6.24412); 44(5.68825); 45(1.96577); 46(3.53756); 47(0.30393); 48(3.03357); 49(7.42068); 50(0.25013); 51(5.06732); 52(2.13637); 53(2.51062); 54(5.44423); 55(2.55555); 56(3.82146); 57(4.85362); 58(2.69646); 59(3.99632); 60(0.433); 61(8.85644); 62(0.3028); 63(5.45335); 64(0.31703); 65(6.91179); 66(4.99454); 67(3.33862); 68(3.3638); 69(4.04494); 70(4.0538); 71(0.18919); 72(0.06564); 73(8.5867); 74(5.07244); 75(7.9748); 76(5.30186); 77(1.70928); 78(3.04059); 79(2.03757); 80(7.80495); 81(3.51599); 82(5.9791); 83(3.0279); 84(8.05234); 85(6.57694); 86(7.68226); 87(0.54432); 88(6.6349); 89(5.5378); 90(6.21471); 91(3.29653); 92(3.97466); 93(0.72427); 94(5.40417); 95(0.69212); 96(0.76037); 97(0.31787); 98(1.66003); 99(4.69662); 100(6.60476); 101(3.99571); 102(1.80346); 103(7.91142); 104(6.84886); 105(5.66891); 106(5.15074); 107(5.08963); 108(7.01103); 109(2.03861); 110(2.92163); 111(1.03741); 112(0.77571); 113(1.87773); 114(8.63467); 115(2.6522); 116(8.10605); 117(3.25515); 118(8.0969); 119(4.77001); 120(6.0649); 121(3.2961); 122(0.74832); 123(4.14542); 124(6.52707); 125(6.56657); 126(1.71362); 127(5.05699); 128(5.64101); 129(5.82853); 130(1.88411); 131(2.968); 132(8.63474); 133(3.59057); 134(4.68136); 135(5.80523); 136(2.63827); 137(4.05409); 138(4.0865); 139(4.28103); 140(8.36293); 141(6.43745); 142(4.8958); 143(4.22896); 144(0.41778); 145(7.08939); 146(1.62202); 147(8.94939); 148(3.07084); 149(8.31968); 150(8.00144); 151(7.32457); 152(2.90584); 153(6.0123); 154(8.61414); 155(1.99275); 156(0.72751); 157(3.75109); 158(4.124); 159(1.84997); 160(4.66627); 161(7.45106); 162(4.81725); 163(6.89242); 164(1.09244); 165(2.11484); 166(5.46543); 167(8.89245); 168(1.51495); 169(3.65143); 170(6.44214); 171(1.27234); 172(6.50812); 173(0.6558); 174(0.64833); 175(6.48891); 176(8.57562); 177(1.61359); 178(2.18778); 179(4.64241); 180(7.8634); 181(4.8898); 182(8.42089); 183(8.48601); 184(0.87004); 185(3.76479); 186(7.50438); 187(1.11756); 188(6.78617); 189(0.10698); 190(6.09294); 191(7.38466); 192(2.04466); 193(8.79749); 194(7.10978); 195(4.05857); 196(3.89267); 197(0.83156); 198(7.95779); 199(3.69254); 200(8.85373); 201(0.30532); 202(5.88713); 203(0.233); 204(2.08854); 205(0.29012); 206(0.79436); 207(7.18351); 208(7.16523); 209(6.80807); 210(6.53043); 211(7.74403); 212(6.77443); 213(2.65321); 214(3.85536); 215(5.82724); 216(5.46204); 217(2.6899); 218(3.55339); 219(1.2528); 220(0.7445); 221(6.40192); 222(6.74872); 223(3.61225); 224(2.86908); 225(2.94614); 226(1.65799); 227(5.55135); 228(3.00148); 229(5.13749); 230(6.40923); 231(2.20686); 232(5.63638); 233(7.10034); 234(1.30369); 235(2.2366); 236(0.97514); 238(8.68395); 239(5.65935); 240(5.24828); 241(2.20279); 242(4.66158); 243(1.64092); 244(7.18047); 245(8.59416); 246(7.52214); 247(1.73864); 248(7.89289); 249(6.13298); 250(2.83412); 251(0.96051); 252(0.87594); 253(0.97645); 254(5.59583); 255(1.5267); 256(3.2549); 257(4.47723); 258(6.49075); 259(5.18975); 260(8.63718); 261(1.46086); 262(0.36071); 263(0.1626); 264(0.80486); 265(4.91719); 266(8.78973); 267(6.44211); 268(1.13013); 269(8.53341); 270(4.46696); 271(4.23195); 272(8.07413); 273(0.34447); 274(6.04201); 275(3.07597); 276(8.44468); 277(2.40233); 278(0.33841); 279(5.82214); 280(1.83235); 281(1.3589); 282(0.43985); 283(0.85173); 284(5.4396); 285(7.61589); 286(3.61206); 287(6.7193); 288(0.42281); 289(7.76919); 290(8.34862); 291(5.45971); 292(6.35581); 293(8.15676); 294(6.8873); 295(5.88719); 296(0.983); 297(4.57679); 298(6.72123); 299(8.08195),1317.65165,1317.65165,4.406861705685619,2.6516757861322278,8.94939,0.06564,0.4113615069863138,1
238,0(0.12577); 1(3.99134); 2(1.24714); 3(8.26966); 4(5.93524); 5(6.99136); 6(8.07633); 7(5.03197); 8(6.90502); 9(7.557); 10(0.92386); 11(8.70931); 12(7.56219); 13(5.95912); 14(1.37786); 15(7.32535); 16(4.41257); 17(1.73708); 18(7.92088); 19(4.99856); 20(1.3285); 21(7.69348); 22(7.50822); 23(8.90449); 24(8.10143); 25(7.55349); 26(3.09542); 27(6.34771); 28(2.1874); 29(4.02562); 30(6.93208); 31(4.52693); 32(7.89533); 33(3.05356); 34(1.52087); 35(6.72063); 36(5.55261); 37(0.54072); 38(3.22468); 39(1.9079); 40(3.94098); 41(0.16488); 42(1.54429); 43(6.99268); 44(6.97456); 45(7.5392); 46(8.65998); 47(2.32129); 48(5.73413); 49(4.58304); 50(3.60875); 51(5.19048); 52(4.35982); 53(6.87944); 54(4.70588); 55(3.89654); 56(2.05434); 57(0.19932); 58(5.04533); 59(6.8048); 60(8.89252); 61(4.72895); 62(5.6818); 63(5.62219); 64(6.26701); 65(3.58088); 66(7.53105); 67(1.6874); 68(7.78859); 69(4.96667); 70(3.78514); 71(6.54979); 72(5.67675); 73(5.33718); 74(7.88224); 75(3.75544); 76(8.57887); 77(6.72003); 78(7.6721); 79(4.17436); 80(6.47014); 81(7.04134); 82(8.24684); 83(8.53641); 84(0.40828); 85(2.84512); 86(1.68532); 87(1.6725); 88(6.59332); 89(3.4953); 90(3.76701); 91(3.27575); 92(7.27984); 93(8.95318); 94(1.7322); 95(6.92277); 96(1.19643); 97(8.28404); 98(8.63623); 99(7.83959); 100(7.72432); 101(4.96781); 102(2.82831); 103(4.99668); 104(3.70007); 105(5.86501); 106(4.58404); 107(8.23644); 108(0.23879); 109(6.25331); 110(6.29099); 111(2.9134); 112(8.96141); 113(1.4385); 114(5.18337); 115(1.68165); 116(5.96424); 117(3.41198); 118(2.07745); 119(8.11494); 120(5.27841); 121(0.38984); 122(6.38312); 123(5.00268); 124(0.93741); 125(0.11989); 126(4.07403); 127(3.34583); 128(6.80094); 129(2.05439); 130(3.72596); 131(5.1232); 132(7.9283); 133(0.47135); 134(8.12336); 135(0.88573); 136(2.63955); 137(7.85536); 138(8.59385); 139(3.28156); 140(7.89932); 141(7.29158); 142(7.93697); 143(8.72603); 144(8.10069); 145(8.77044); 146(7.68144); 147(0.17571); 148(2.5412); 149(7.08429); 150(7.92486); 151(2.12882); 152(6.70698); 153(8.66556); 154(0.98886); 155(8.52723); 156(6.87508); 157(1.96337); 158(6.85834); 159(1.41196); 160(0.58807); 161(5.48389); 162(8.52271); 163(3.08809); 164(0.06551); 165(2.51602); 166(5.43173); 167(2.03313); 168(6.38563); 169(7.2237); 170(7.98787); 171(0.26537); 172(0.56048); 173(3.21188); 174(0.63819); 175(7.9754); 176(7.2361); 177(8.73553); 178(3.57806); 179(8.27139); 180(4.35479); 181(4.8949); 182(6.04485); 183(6.87291); 184(7.7036); 185(3.81045); 186(8.68938); 187(8.71186); 188(8.5539); 189(4.79359); 190(8.48981); 191(6.78459); 192(2.4232); 193(1.20737); 194(6.30094); 195(1.92322); 196(7.94272); 197(8.34449); 198(2.21772); 199(1.36948); 200(8.87153); 201(2.91404); 202(3.85323); 203(3.09576); 204(0.61401); 205(2.86781); 206(7.20922); 207(8.89312); 208(2.46522); 209(3.31228); 210(0.71544); 211(7.6435); 212(2.69572); 213(7.21608); 214(3.34158); 215(1.11567); 216(6.29533); 217(7.94184); 218(8.61519); 219(5.28787); 220(4.73742); 221(4.85995); 222(3.63849); 223(5.40381); 224(0.00249); 225(5.03902); 226(4.18894); 227(0.79755); 228(4.46451); 229(4.0011); 230(1.51161); 231(5.88813); 232(2.33028); 233(1.7308); 234(0.58216); 235(5.16067); 236(4.6092); 237(8.68395); 239(1.13593); 240(2.93121); 241(5.52109); 242(3.64216); 243(5.3096); 244(3.31489); 245(2.38179); 246(0.29285); 247(1.81406); 248(6.30123); 249(6.97683); 250(8.08789); 251(2.04837); 252(7.40187); 253(6.51681); 254(2.07526); 255(6.97049); 256(6.76321); 257(5.00907); 258(1.0638); 259(5.71706); 260(0.86171); 261(0.54755); 262(0.1214); 263(5.67158); 264(3.61218); 265(2.81394); 266(7.40401); 267(2.49359); 268(2.83219); 269(5.70642); 270(3.44561); 271(5.2266); 272(1.99036); 273(2.41806); 274(1.18798); 275(0.69048); 276(0.28407); 277(4.86716); 278(3.35708); 279(8.9632); 280(5.27328); 281(3.14931); 282(4.47557); 283(4.62023); 284(4.90505); 285(6.09696); 286(1.02728); 287(4.9998); 288(3.76468); 289(7.43398); 290(0.41152); 291(3.01626); 292(1.22936); 293(2.86038); 294(5.34868); 295(7.02247); 296(6.41046); 297(8.90037); 298(6.20316); 299(3.84582),1423.93748,1423.93748,4.7623327090301,2.658199070392925,8.9632,0.00249,0.4397009991715042,2
239,0(0.2692); 1(6.96791); 2(2.25492); 3(0.76001); 4(6.31435); 5(4.07868); 6(4.10641); 7(2.61322); 8(3.31707); 9(7.66503); 10(6.54471); 11(2.70514); 12(8.22015); 13(4.80439); 14(1.14884); 15(8.21196); 16(0.02967); 17(0.68188); 18(5.2741); 19(1.77855); 20(5.3579); 21(7.02431); 22(8.93359); 23(6.74349); 24(1.05612); 25(0.74735); 26(1.2917); 27(2.50312); 28(2.16406); 29(4.26996); 30(6.82528); 31(7.46015); 32(2.9875); 33(0.3583); 34(7.61218); 35(2.90035); 36(3.50243); 37(6.42437); 38(1.95394); 39(0.47144); 40(5.52178); 41(0.33295); 42(4.41063); 43(5.98591); 44(0.9819); 45(0.60572); 46(7.04112); 47(7.42851); 48(3.88493); 49(3.01714); 50(6.49962); 51(4.28334); 52(7.10192); 53(6.32368); 54(7.82849); 55(6.76357); 56(5.95578); 57(5.67341); 58(6.07677); 59(2.45401); 60(5.32722); 61(2.93362); 62(3.81984); 63(8.19746); 64(5.7507); 65(1.31573); 66(3.84109); 67(4.68992); 68(0.88073); 69(5.55731); 70(0.24047); 71(7.07856); 72(5.76868); 73(7.92236); 74(4.97677); 75(1.4983); 76(3.91563); 77(2.48448); 78(1.65108); 79(8.19753); 80(0.50564); 81(4.89632); 82(8.08369); 83(0.79591); 84(4.11806); 85(1.33779); 86(1.18192); 87(0.58896); 88(4.10612); 89(2.60166); 90(5.34626); 91(8.77714); 92(0.60267); 93(6.25945); 94(3.61204); 95(3.32313); 96(3.569); 97(6.97041); 98(5.40179); 99(7.70988); 100(4.66894); 101(7.74439); 102(1.16718); 103(4.2644); 104(5.00535); 105(8.58234); 106(7.91572); 107(4.7673); 108(6.8815); 109(7.62827); 110(5.51511); 111(2.76602); 112(1.53542); 113(3.79696); 114(1.38202); 115(2.40014); 116(2.94863); 117(6.4092); 118(0.36392); 119(0.7926); 120(7.9564); 121(4.35561); 122(2.40715); 123(4.31879); 124(7.3048); 125(3.57616); 126(0.04848); 127(2.84721); 128(0.14602); 129(1.84881); 130(2.82321); 131(3.79219); 132(2.63384); 133(1.56938); 134(0.47571); 135(3.07009); 136(1.38546); 137(4.01749); 138(6.81787); 139(0.39574); 140(2.80478); 141(5.72988); 142(4.08439); 143(4.06329); 144(6.72681); 145(2.66005); 146(0.12528); 147(8.59386); 148(5.90929); 149(6.75962); 150(8.12806); 151(0.83628); 152(7.89336); 153(1.51634); 154(6.46547); 155(1.9111); 156(0.28862); 157(2.99016); 158(1.78962); 159(1.85937); 160(3.36324); 161(2.62908); 162(4.5766); 163(2.19549); 164(4.71463); 165(6.19852); 166(0.96011); 167(6.79617); 168(2.06715); 169(1.52128); 170(2.75381); 171(5.99814); 172(1.30439); 173(6.5539); 174(6.43139); 175(5.40269); 176(1.29819); 177(7.98159); 178(8.60669); 179(2.171); 180(0.89226); 181(6.00494); 182(0.42672); 183(4.8733); 184(1.22735); 185(5.17892); 186(0.73135); 187(1.86422); 188(5.02154); 189(5.64291); 190(0.84639); 191(4.43358); 192(4.30049); 193(8.45541); 194(6.8517); 195(1.06437); 196(0.99027); 197(6.27194); 198(0.23218); 199(7.78068); 200(0.3957); 201(0.15741); 202(5.77009); 203(1.69557); 204(1.19155); 205(2.6972); 206(4.75252); 207(4.57923); 208(6.39662); 209(2.67638); 210(7.53545); 211(0.65065); 212(4.31424); 213(1.96164); 214(0.84569); 215(3.36477); 216(1.98354); 217(2.78083); 218(0.43897); 219(7.76005); 220(0.00015); 221(1.74282); 222(3.27811); 223(4.05467); 224(0.56914); 225(1.39159); 226(7.49544); 227(0.54554); 228(8.20612); 229(3.69359); 230(7.16093); 231(6.16288); 232(2.71422); 233(6.76973); 234(6.76588); 235(7.00813); 236(5.57909); 237(5.65935); 238(1.13593); 240(1.40196); 241(0.14656); 242(7.42419); 243(1.96267); 244(5.75245); 245(8.53883); 246(4.46897); 247(1.47588); 248(2.25641); 249(2.18536); 250(6.62885); 251(6.46531); 252(2.14383); 253(1.16968); 254(2.53015); 255(8.06104); 256(2.73619); 257(0.61789); 258(5.19658); 259(7.68762); 260(1.06857); 261(6.39589); 262(0.49391); 263(2.89724); 264(2.59166); 265(8.44468); 266(2.43108); 267(2.59156); 268(6.04424); 269(0.58018); 270(5.03401); 271(7.21839); 272(3.3752); 273(6.90618); 274(0.75523); 275(1.89187); 276(7.30884); 277(5.75081); 278(7.68178); 279(2.47235); 280(2.5364); 281(6.93577); 282(8.80283); 283(7.17318); 284(0.99047); 285(7.47983); 286(1.60012); 287(2.45996); 288(4.40238); 289(7.13372); 290(5.36624); 291(8.49307); 292(5.37969); 293(3.74123); 294(1.978); 295(8.30137); 296(6.07941); 297(7.84437); 298(7.48308); 299(8.09038),1223.35326,1223.35326,4.091482474916388,2.6051328094478086,8.93359,0.00015,0.38739920099583536,1
240,0(4.22781); 1(1.58667); 2(5.21481); 3(3.63); 4(7.19328); 5(2.19333); 6(4.72165); 7(0.23005); 8(1.34191); 9(5.64549); 10(1.49484); 11(4.1047); 12(0.4909); 13(1.44478); 14(6.42161); 15(3.11933); 16(1.26967); 17(2.40464); 18(6.68821); 19(7.78409); 20(5.28301); 21(4.29578); 22(5.83764); 23(1.13228); 24(7.95007); 25(2.82462); 26(7.84121); 27(1.34571); 28(7.6364); 29(6.42731); 30(8.62098); 31(7.43948); 32(4.96356); 33(6.1456); 34(2.56446); 35(1.68021); 36(7.61294); 37(6.20785); 38(4.3298); 39(4.101); 40(0.83366); 41(0.07432); 42(7.42536); 43(6.07135); 44(3.26149); 45(0.05348); 46(8.29934); 47(2.20965); 48(3.47675); 49(1.66657); 50(1.2362); 51(3.4511); 52(0.74237); 53(0.99835); 54(2.12021); 55(7.55316); 56(7.13041); 57(2.76618); 58(2.37888); 59(3.43757); 60(2.69852); 61(4.85757); 62(2.69461); 63(6.94996); 64(6.19853); 65(6.64942); 66(3.7068); 67(8.50538); 68(4.99737); 69(2.75497); 70(0.07635); 71(5.59442); 72(0.3729); 73(0.21717); 74(7.12762); 75(0.40937); 76(6.05488); 77(3.51176); 78(0.51901); 79(0.05867); 80(2.58987); 81(7.40977); 82(2.23387); 83(3.06798); 84(4.76164); 85(5.89089); 86(3.55272); 87(5.72555); 88(8.76808); 89(2.0114); 90(3.07133); 91(0.32354); 92(6.5973); 93(7.34142); 94(7.53572); 95(7.97376); 96(3.59287); 97(3.25425); 98(5.16477); 99(7.06017); 100(2.07596); 101(6.68621); 102(5.47468); 103(5.45105); 104(8.01842); 105(3.04191); 106(0.00748); 107(5.63048); 108(7.72055); 109(1.26244); 110(5.27387); 111(0.09981); 112(3.29602); 113(5.52611); 114(7.44387); 115(6.56013); 116(2.31685); 117(3.80725); 118(5.75083); 119(1.55463); 120(0.42345); 121(4.85757); 122(2.381); 123(3.5826); 124(1.10543); 125(5.02121); 126(0.32439); 127(7.91357); 128(1.98972); 129(7.1041); 130(0.14964); 131(5.58264); 132(5.08661); 133(3.63428); 134(7.86459); 135(2.89465); 136(1.08763); 137(5.2159); 138(0.82611); 139(3.06023); 140(7.37615); 141(5.17199); 142(8.4095); 143(7.90451); 144(5.73232); 145(6.03089); 146(3.47178); 147(0.91349); 148(5.5816); 149(8.63849); 150(2.67252); 151(5.73118); 152(8.12978); 153(1.06668); 154(2.17498); 155(1.48238); 156(2.21393); 157(6.03962); 158(8.17202); 159(1.33725); 160(8.10087); 161(4.27618); 162(0.26648); 163(0.38001); 164(3.53805); 165(4.93422); 166(3.89337); 167(5.32572); 168(7.45547); 169(7.81328); 170(4.56649); 171(6.12888); 172(7.15965); 173(1.88576); 174(6.6371); 175(6.4307); 176(7.8534); 177(7.60727); 178(6.21761); 179(1.66752); 180(7.64865); 181(0.76581); 182(8.17707); 183(8.36969); 184(7.20676); 185(2.46171); 186(3.96519); 187(6.24589); 188(6.98822); 189(6.41389); 190(8.99147); 191(4.00271); 192(4.76902); 193(4.16223); 194(7.80865); 195(6.31205); 196(1.26731); 197(3.64096); 198(1.09056); 199(6.38692); 200(0.26202); 201(4.02838); 202(5.29792); 203(1.34612); 204(2.69925); 205(5.62082); 206(2.24175); 207(5.89661); 208(5.86518); 209(7.8895); 210(7.373); 211(4.97189); 212(1.96005); 213(0.96494); 214(2.70245); 215(7.1168); 216(0.19602); 217(3.01994); 218(4.57624); 219(5.94365); 220(1.67795); 221(4.70385); 222(0.53797); 223(6.33802); 224(0.17858); 225(5.76013); 226(8.17013); 227(4.78879); 228(0.63577); 229(4.76745); 230(2.46544); 231(3.75898); 232(4.5425); 233(6.34016); 234(1.66913); 235(2.33349); 236(1.85217); 237(5.24828); 238(2.93121); 239(1.40196); 241(5.05027); 242(0.2884); 243(4.46064); 244(5.72906); 245(6.65915); 246(2.99177); 247(6.55582); 248(5.10218); 249(6.10993); 250(5.13027); 251(4.4815); 252(7.50327); 253(1.6521); 254(6.53281); 255(6.44292); 256(8.20574); 257(3.87056); 258(6.83205); 259(0.11324); 260(1.26163); 261(3.0507); 262(5.09363); 263(8.78465); 264(7.5473); 265(6.04057); 266(0.20024); 267(5.79762); 268(3.80198); 269(4.54483); 270(0.29843); 271(4.85066); 272(1.03232); 273(2.57357); 274(1.58442); 275(6.15689); 276(6.82073); 277(3.50831); 278(4.83123); 279(1.88278); 280(0.32441); 281(0.49186); 282(4.60004); 283(2.64337); 284(6.86802); 285(6.79643); 286(7.68776); 287(8.68122); 288(6.01948); 289(8.90553); 290(3.72355); 291(8.17936); 292(7.33675); 293(8.72158); 294(5.23854); 295(6.81533); 296(5.92893); 297(4.05797); 298(3.48629); 299(1.18428),1307.82334,1307.82334,4.37399110367893,2.5502090567258353,8.99147,0.00748,0.4088259493979785,1
241,0(8.50895); 1(7.9771); 2(3.81913); 3(3.29912); 4(3.27142); 5(7.47664); 6(6.16472); 7(4.96129); 8(0.80383); 9(0.25386); 10(5.22652); 11(5.09239); 12(6.8937); 13(1.69229); 14(4.49348); 15(5.79658); 16(4.28187); 17(1.86606); 18(4.18142); 19(8.96178); 20(0.37973); 21(3.89218); 22(7.23238); 23(1.71557); 24(2.44388); 25(4.87207); 26(5.8198); 27(3.78028); 28(2.71892); 29(6.61829); 30(7.18044); 31(8.93767); 32(0.62161); 33(8.91989); 34(2.11735); 35(1.8424); 36(6.28042); 37(2.51994); 38(4.91976); 39(7.83821); 40(8.95995); 41(8.52393); 42(4.14649); 43(8.35531); 44(1.12313); 45(7.2576); 46(8.9312); 47(8.6231); 48(1.04369); 49(6.56716); 50(7.49178); 51(5.08754); 52(1.00241); 53(1.55134); 54(2.08923); 55(4.17705); 56(2.43179); 57(7.2916); 58(3.23506); 59(7.95822); 60(1.3386); 61(6.89823); 62(0.90218); 63(8.8156); 64(4.21045); 65(1.56242); 66(5.73347); 67(3.64093); 68(7.63359); 69(1.20384); 70(6.05102); 71(5.00208); 72(4.07036); 73(3.41459); 74(6.01039); 75(3.93786); 76(5.03823); 77(3.15807); 78(3.3215); 79(6.95103); 80(2.661); 81(0.54056); 82(0.70078); 83(4.50497); 84(2.33002); 85(6.73964); 86(2.8978); 87(8.50339); 88(2.99982); 89(1.39211); 90(5.68512); 91(7.84987); 92(5.4362); 93(0.95753); 94(2.41586); 95(4.04545); 96(6.82389); 97(0.06666); 98(6.34213); 99(4.25439); 100(8.62757); 101(6.3529); 102(4.9479); 103(2.26161); 104(6.038); 105(2.05661); 106(3.4425); 107(3.58175); 108(0.70394); 109(1.97443); 110(2.89994); 111(7.43031); 112(7.24296); 113(0.339); 114(0.19873); 115(0.62635); 116(1.72566); 117(6.80599); 118(4.06812); 119(4.67021); 120(4.23356); 121(3.21506); 122(4.78314); 123(8.26591); 124(4.63275); 125(7.09201); 126(6.87261); 127(2.88853); 128(3.57124); 129(0.55624); 130(7.16258); 131(0.09369); 132(5.26034); 133(7.51988); 134(4.34341); 135(1.19098); 136(6.59677); 137(8.47911); 138(5.82537); 139(2.06106); 140(6.62995); 141(0.67933); 142(3.14137); 143(2.20184); 144(3.25164); 145(0.65968); 146(7.47341); 147(7.7696); 148(1.09302); 149(2.85227); 150(1.62776); 151(5.42595); 152(1.31262); 153(4.14155); 154(0.55726); 155(7.40824); 156(5.42963); 157(4.96988); 158(6.47656); 159(5.60742); 160(8.60534); 161(5.28881); 162(8.06775); 163(4.70285); 164(3.69567); 165(8.21181); 166(7.95419); 167(4.08416); 168(6.17116); 169(1.81159); 170(8.42639); 171(0.07437); 172(5.1768); 173(6.37755); 174(5.33472); 175(5.05086); 176(6.22075); 177(8.07332); 178(0.89582); 179(4.23659); 180(3.15585); 181(1.91104); 182(1.46632); 183(7.87478); 184(8.37016); 185(0.30577); 186(4.51328); 187(1.81079); 188(1.56278); 189(2.89169); 190(6.32988); 191(8.51186); 192(4.467); 193(8.04122); 194(1.72694); 195(7.07424); 196(6.33243); 197(3.84126); 198(2.58031); 199(3.90709); 200(0.40673); 201(1.49658); 202(7.41053); 203(6.38656); 204(4.57607); 205(0.49392); 206(5.09431); 207(4.80982); 208(1.02635); 209(2.62133); 210(0.87241); 211(1.77723); 212(5.10536); 213(7.91935); 214(1.14404); 215(4.9896); 216(2.32709); 217(2.57681); 218(2.34151); 219(8.11235); 220(2.28859); 221(0.89003); 222(6.03409); 223(4.30247); 224(1.27083); 225(1.19079); 226(1.39382); 227(4.38424); 228(4.51472); 229(5.11156); 230(0.27733); 231(6.41648); 232(8.19313); 233(4.79252); 234(6.35086); 235(0.85396); 236(3.83667); 237(2.20279); 238(5.52109); 239(0.14656); 240(5.05027); 242(3.73357); 243(3.6713); 244(4.58634); 245(7.94888); 246(7.82324); 247(5.03339); 248(6.31093); 249(3.45918); 250(8.56895); 251(1.94298); 252(8.20639); 253(1.18257); 254(5.76325); 255(1.9385); 256(6.89889); 257(5.1715); 258(4.8898); 259(4.30119); 260(8.59541); 261(6.42384); 262(7.69076); 263(6.97774); 264(8.86806); 265(6.17955); 266(2.00014); 267(0.45477); 268(1.59041); 269(4.18131); 270(4.60841); 271(6.17823); 272(5.44051); 273(8.93199); 274(7.3405); 275(0.95378); 276(6.77071); 277(1.22428); 278(2.75819); 279(2.32204); 280(0.27065); 281(4.60258); 282(3.45711); 283(5.94294); 284(3.25847); 285(8.37964); 286(0.27644); 287(5.76366); 288(6.57578); 289(8.36009); 290(8.42289); 291(2.76858); 292(8.38605); 293(6.13092); 294(4.14676); 295(5.4508); 296(3.25707); 297(6.84097); 298(3.02566); 299(1.8061),1336.60043,1336.60043,4.4702355518394645,2.57105988688487,8.96178,0.06666,0.42149532946327045,1
242,0(4.80406); 1(2.51757); 2(4.00781); 3(8.98847); 4(2.74536); 5(5.71256); 6(4.27246); 7(4.82438); 8(0.2839); 9(4.88); 10(0.97367); 11(1.78276); 12(6.86448); 13(0.5159); 14(2.78497); 15(3.90738); 16(5.88826); 17(1.42546); 18(2.88482); 19(0.54515); 20(8.94608); 21(2.29842); 22(1.71234); 23(7.9855); 24(6.58512); 25(7.06615); 26(0.12011); 27(8.16831); 28(0.0842); 29(3.4865); 30(2.56745); 31(8.43214); 32(2.98024); 33(4.2113); 34(4.8827); 35(3.75213); 36(0.40306); 37(4.62142); 38(0.14741); 39(8.11528); 40(8.10021); 41(7.23677); 42(0.84452); 43(6.73757); 44(3.90102); 45(7.86444); 46(8.39575); 47(0.36475); 48(4.26487); 49(8.48605); 50(4.23978); 51(3.61477); 52(4.23026); 53(5.88601); 54(2.0033); 55(2.28984); 56(3.30372); 57(8.96393); 58(7.71116); 59(3.9934); 60(7.13518); 61(2.70586); 62(3.5171); 63(6.67031); 64(4.66719); 65(4.88729); 66(3.51816); 67(5.63279); 68(8.55582); 69(3.63496); 70(6.70989); 71(3.11002); 72(6.75125); 73(4.50086); 74(5.09388); 75(1.03136); 76(5.16954); 77(8.02888); 78(4.9256); 79(2.11113); 80(6.68331); 81(0.42243); 82(0.94585); 83(5.66745); 84(4.98685); 85(7.64538); 86(4.68644); 87(3.73749); 88(4.59009); 89(2.39521); 90(5.05997); 91(1.8836); 92(2.35008); 93(8.26016); 94(8.34553); 95(6.87609); 96(0.40077); 97(8.33887); 98(0.68457); 99(4.70059); 100(0.25802); 101(5.94891); 102(7.92091); 103(6.22066); 104(5.70657); 105(2.36107); 106(2.81525); 107(5.0911); 108(8.24894); 109(7.43222); 110(6.95213); 111(4.34515); 112(5.42158); 113(0.17296); 114(3.55054); 115(5.19888); 116(4.89676); 117(2.01927); 118(6.4976); 119(4.94194); 120(4.97491); 121(4.22609); 122(3.06661); 123(3.82376); 124(1.69196); 125(1.39726); 126(8.46441); 127(2.63404); 128(8.4843); 129(8.97079); 130(5.15645); 131(1.46211); 132(0.38947); 133(4.91729); 134(4.04661); 135(6.14058); 136(3.42466); 137(1.37315); 138(7.85296); 139(1.24367); 140(3.37161); 141(0.59932); 142(5.58509); 143(2.08375); 144(8.60662); 145(2.61787); 146(6.53753); 147(7.22479); 148(4.5336); 149(6.91613); 150(7.66427); 151(8.55605); 152(6.26092); 153(2.92307); 154(2.33293); 155(5.01509); 156(8.67839); 157(0.1113); 158(2.13434); 159(4.80695); 160(5.01587); 161(8.85373); 162(7.76836); 163(5.28298); 164(1.45977); 165(0.96758); 166(8.22832); 167(8.19416); 168(5.52453); 169(7.94625); 170(3.96351); 171(4.34907); 172(1.0749); 173(3.92678); 174(3.93048); 175(5.29691); 176(6.22567); 177(0.61623); 178(1.82593); 179(7.74263); 180(1.54833); 181(2.41692); 182(4.15347); 183(7.54882); 184(3.96776); 185(7.28637); 186(5.978); 187(2.91669); 188(8.74131); 189(2.82903); 190(5.48343); 191(6.12354); 192(7.43393); 193(5.45653); 194(7.47205); 195(0.61402); 196(1.61025); 197(2.65064); 198(4.6514); 199(2.07167); 200(4.94758); 201(2.97156); 202(1.5112); 203(8.98457); 204(1.28502); 205(5.45985); 206(8.12671); 207(3.27588); 208(6.58964); 209(1.20079); 210(1.19873); 211(7.81529); 212(6.56898); 213(7.56378); 214(4.85376); 215(5.5556); 216(3.98731); 217(7.87413); 218(7.02107); 219(8.418); 220(7.71483); 221(0.09339); 222(6.12223); 223(7.7671); 224(0.26944); 225(2.03166); 226(4.57022); 227(7.12249); 228(1.01033); 229(7.87058); 230(6.81056); 231(5.34592); 232(3.09326); 233(4.74896); 234(1.10718); 235(3.81497); 236(7.44239); 237(4.66158); 238(3.64216); 239(7.42419); 240(0.2884); 241(3.73357); 243(3.97116); 244(1.36099); 245(1.31305); 246(2.68779); 247(8.22783); 248(0.86393); 249(0.01988); 250(6.77372); 251(0.92535); 252(6.38222); 253(6.03512); 254(8.56439); 255(6.81168); 256(6.67797); 257(3.37215); 258(6.76495); 259(5.2748); 260(2.6519); 261(4.53341); 262(5.99668); 263(4.61723); 264(8.88421); 265(2.97483); 266(2.58858); 267(8.36189); 268(2.60991); 269(0.9078); 270(8.33609); 271(6.53633); 272(1.84656); 273(1.03497); 274(6.3406); 275(2.69332); 276(3.36085); 277(7.96078); 278(8.56074); 279(0.86439); 280(4.36592); 281(5.28785); 282(3.94493); 283(2.04138); 284(0.12136); 285(1.97973); 286(1.53454); 287(3.35045); 288(7.46674); 289(1.50449); 290(8.59839); 291(5.27236); 292(0.85359); 293(2.27948); 294(8.41572); 295(8.35249); 296(2.74212); 297(6.36644); 298(5.05001); 299(6.64041),1367.82549,1367.82549,4.574667190635451,2.5947588699373454,8.98847,0.01988,0.42765928568398415,1
243,0(3.37318); 1(7.53137); 2(6.81604); 3(3.25529); 4(1.09411); 5(1.43299); 6(5.75462); 7(7.63198); 8(1.26256); 9(8.82019); 10(3.26969); 11(3.17684); 12(4.86473); 13(6.15104); 14(8.65846); 15(3.88511); 16(3.91973); 17(2.37802); 18(0.31517); 19(0.68725); 20(3.81747); 21(5.66009); 22(2.81993); 23(2.09258); 24(3.62733); 25(2.02664); 26(8.35239); 27(3.92229); 28(5.68528); 29(1.09215); 30(6.40593); 31(2.885); 32(5.01895); 33(1.87674); 34(4.64658); 35(8.14411); 36(2.57315); 37(6.23983); 38(0.16701); 39(0.01623); 40(8.63473); 41(7.43201); 42(7.04722); 43(3.1028); 44(1.81905); 45(1.38453); 46(7.69196); 47(8.29053); 48(3.76456); 49(8.34088); 50(5.21659); 51(3.06796); 52(2.54442); 53(4.00196); 54(3.69092); 55(6.49226); 56(1.85396); 57(6.65953); 58(7.15822); 59(6.61261); 60(5.90579); 61(1.53996); 62(3.86924); 63(7.82972); 64(3.78824); 65(2.15748); 66(6.7256); 67(8.76155); 68(7.29188); 69(5.6868); 70(1.79113); 71(4.09915); 72(1.8187); 73(7.29251); 74(5.54808); 75(5.40523); 76(4.9552); 77(0.05739); 78(6.13323); 79(2.99609); 80(6.28337); 81(5.81018); 82(2.35496); 83(7.43339); 84(6.43828); 85(4.94385); 86(6.62039); 87(4.77898); 88(8.17621); 89(0.83929); 90(7.87448); 91(5.28912); 92(2.65263); 93(7.82725); 94(1.1965); 95(2.81597); 96(3.71302); 97(2.82429); 98(0.77557); 99(4.49018); 100(2.01451); 101(6.4556); 102(5.58986); 103(1.15603); 104(1.2232); 105(3.85648); 106(2.34451); 107(4.96641); 108(6.84469); 109(8.68769); 110(1.94928); 111(4.16125); 112(4.33875); 113(3.56768); 114(8.99213); 115(4.43547); 116(0.45185); 117(3.40018); 118(0.49076); 119(5.35692); 120(5.16982); 121(3.90667); 122(3.1152); 123(1.05367); 124(2.99425); 125(1.829); 126(4.99412); 127(6.59215); 128(6.13614); 129(1.1106); 130(8.61048); 131(0.80084); 132(4.44608); 133(1.4823); 134(7.15258); 135(8.57243); 136(6.25762); 137(6.76143); 138(4.95282); 139(4.24007); 140(3.22701); 141(4.05951); 142(5.76495); 143(6.85639); 144(7.19289); 145(7.72113); 146(5.64239); 147(8.25938); 148(4.58819); 149(5.84339); 150(2.11803); 151(3.44418); 152(7.1595); 153(3.27633); 154(1.09227); 155(1.26284); 156(4.96116); 157(0.29171); 158(4.99186); 159(7.72451); 160(8.2119); 161(3.82417); 162(4.35863); 163(7.4595); 164(5.78728); 165(1.04654); 166(0.28286); 167(3.46821); 168(5.0164); 169(5.77436); 170(3.33817); 171(2.95272); 172(2.1028); 173(8.29849); 174(4.28051); 175(5.97722); 176(3.04439); 177(3.90098); 178(3.53184); 179(1.37585); 180(0.04476); 181(4.15347); 182(2.84765); 183(2.49406); 184(6.54734); 185(7.13272); 186(7.77498); 187(3.39325); 188(8.37475); 189(8.91417); 190(7.64267); 191(7.49472); 192(3.74148); 193(6.65153); 194(7.53075); 195(4.37063); 196(5.33088); 197(1.8489); 198(5.32976); 199(6.30934); 200(3.55841); 201(7.01329); 202(1.35432); 203(2.12199); 204(1.01137); 205(8.14028); 206(4.65183); 207(1.57324); 208(6.80608); 209(4.51774); 210(1.5532); 211(3.23498); 212(4.29084); 213(1.55825); 214(0.92565); 215(7.2183); 216(0.25268); 217(8.07362); 218(3.32431); 219(4.25057); 220(1.76765); 221(6.50355); 222(3.07793); 223(3.22773); 224(8.86006); 225(0.20948); 226(8.38557); 227(7.95072); 228(3.22204); 229(1.85155); 230(1.58563); 231(8.27671); 232(6.64629); 233(1.65067); 234(5.84042); 235(3.42256); 236(5.01552); 237(1.64092); 238(5.3096); 239(1.96267); 240(4.46064); 241(3.6713); 242(3.97116); 244(3.82536); 245(6.39348); 246(0.34864); 247(0.83816); 248(0.46082); 249(3.79242); 250(2.6293); 251(7.88743); 252(0.95854); 253(3.81036); 254(8.48596); 255(3.03578); 256(7.87611); 257(3.70112); 258(2.07916); 259(4.10398); 260(4.60152); 261(4.99401); 262(5.07946); 263(5.75175); 264(7.4811); 265(5.75727); 266(8.64806); 267(1.81125); 268(2.68989); 269(5.33612); 270(2.17747); 271(1.55141); 272(4.24171); 273(0.18019); 274(5.4199); 275(0.30679); 276(2.59804); 277(2.96391); 278(8.69147); 279(6.74357); 280(4.59709); 281(4.33874); 282(3.37215); 283(2.36096); 284(1.46465); 285(4.25383); 286(4.57581); 287(6.55079); 288(1.14553); 289(8.93477); 290(3.71445); 291(2.46976); 292(2.75941); 293(6.74754); 294(8.83012); 295(4.39979); 296(3.28774); 297(1.26453); 298(0.40173); 299(0.07078),1307.5784,1307.5784,4.373171906354514,2.464423002984032,8.99213,0.01623,0.41846758486654384,1
244,0(7.72226); 1(8.3258); 2(4.98891); 3(4.45089); 4(1.22369); 5(3.4456); 6(4.95199); 7(4.70049); 8(7.6); 9(2.78858); 10(8.31394); 11(3.74545); 12(3.68005); 13(6.77196); 14(4.90808); 15(1.87236); 16(1.542); 17(4.50144); 18(3.22701); 19(3.2655); 20(2.30929); 21(3.6498); 22(8.34813); 23(3.69635); 24(8.59415); 25(5.42191); 26(5.76987); 27(1.78547); 28(4.24841); 29(0.98469); 30(6.17221); 31(3.03045); 32(3.67981); 33(6.02704); 34(8.46119); 35(8.33242); 36(6.08239); 37(5.51667); 38(2.70438); 39(2.90562); 40(7.73434); 41(6.68498); 42(6.86075); 43(6.85242); 44(0.6826); 45(6.09024); 46(0.21494); 47(0.83874); 48(5.96874); 49(7.01445); 50(4.81446); 51(8.15304); 52(4.9983); 53(2.96416); 54(5.11798); 55(1.16315); 56(6.9925); 57(8.74461); 58(5.37264); 59(6.13166); 60(5.12047); 61(1.40173); 62(6.9188); 63(0.84128); 64(6.45015); 65(2.0959); 66(8.292); 67(7.10518); 68(8.60986); 69(7.0698); 70(3.87821); 71(1.41493); 72(0.06746); 73(0.47005); 74(8.41935); 75(8.45583); 76(1.98529); 77(5.02932); 78(8.14424); 79(3.75467); 80(4.93615); 81(1.04071); 82(7.10431); 83(4.72802); 84(7.49803); 85(7.41069); 86(2.48117); 87(5.17812); 88(5.54638); 89(3.06243); 90(8.63407); 91(3.0336); 92(4.80732); 93(2.12774); 94(6.78043); 95(4.37571); 96(1.37574); 97(5.7785); 98(8.34825); 99(1.56428); 100(3.89146); 101(3.54067); 102(0.20494); 103(0.38417); 104(4.16013); 105(8.10759); 106(0.76731); 107(8.88977); 108(8.27376); 109(2.42927); 110(2.24917); 111(5.93327); 112(7.50528); 113(2.81293); 114(7.69197); 115(4.72017); 116(5.6404); 117(5.37968); 118(0.98066); 119(3.89806); 120(0.3059); 121(1.64557); 122(5.97062); 123(6.83641); 124(2.77896); 125(4.38438); 126(2.08014); 127(1.55775); 128(7.18483); 129(0.29157); 130(1.13197); 131(4.75171); 132(7.47429); 133(4.38067); 134(1.3937); 135(4.92579); 136(1.67358); 137(4.27425); 138(4.09654); 139(3.48788); 140(0.4357); 141(1.38109); 142(7.41263); 143(2.50611); 144(7.32364); 145(4.14369); 146(4.3755); 147(1.20971); 148(8.17301); 149(4.0644); 150(6.43466); 151(1.06416); 152(5.08303); 153(8.9621); 154(0.52216); 155(7.03246); 156(6.69277); 157(5.04967); 158(1.05278); 159(0.20061); 160(4.71761); 161(3.4454); 162(3.61814); 163(8.76081); 164(4.3895); 165(6.81937); 166(5.33052); 167(4.6673); 168(8.61051); 169(2.14756); 170(5.07878); 171(4.07249); 172(6.81616); 173(2.68169); 174(1.42184); 175(8.90286); 176(1.95003); 177(0.44286); 178(1.75038); 179(4.36461); 180(7.98413); 181(7.01091); 182(1.26718); 183(1.86238); 184(6.80034); 185(1.7133); 186(7.97963); 187(8.07327); 188(1.72225); 189(4.48477); 190(3.70259); 191(7.90741); 192(8.666); 193(4.36378); 194(5.79415); 195(2.22827); 196(1.2294); 197(5.67252); 198(6.23732); 199(1.81999); 200(5.34294); 201(4.67534); 202(7.94647); 203(6.87649); 204(5.76048); 205(8.09717); 206(8.43851); 207(2.60713); 208(0.10794); 209(1.59628); 210(4.16237); 211(0.51094); 212(5.11322); 213(1.65924); 214(2.99135); 215(2.0001); 216(6.64024); 217(4.95053); 218(4.50627); 219(0.4518); 220(8.0468); 221(0.25043); 222(5.87216); 223(3.22438); 224(3.27539); 225(8.03569); 226(8.60135); 227(5.32463); 228(7.29855); 229(5.0066); 230(7.36466); 231(4.46174); 232(2.00347); 233(0.19164); 234(7.01652); 235(6.18608); 236(2.619); 237(7.18047); 238(3.31489); 239(5.75245); 240(5.72906); 241(4.58634); 242(1.36099); 243(3.82536); 245(2.76142); 246(7.55695); 247(2.13546); 248(1.3729); 249(3.02277); 250(3.82157); 251(2.3376); 252(0.83291); 253(6.01819); 254(5.3982); 255(2.69914); 256(3.81078); 257(0.79938); 258(7.50296); 259(7.70224); 260(3.38636); 261(0.09639); 262(1.79327); 263(6.04192); 264(8.47401); 265(0.84574); 266(5.29758); 267(1.4051); 268(6.31873); 269(2.35318); 270(7.38431); 271(5.88329); 272(8.82673); 273(6.57355); 274(2.65422); 275(8.20594); 276(3.30646); 277(3.94996); 278(0.8258); 279(6.69061); 280(1.78424); 281(6.99002); 282(5.2653); 283(3.82395); 284(0.98306); 285(6.1876); 286(3.82203); 287(8.52858); 288(8.24976); 289(7.18489); 290(4.97743); 291(8.20312); 292(5.15784); 293(4.09865); 294(5.75806); 295(6.31142); 296(1.02338); 297(2.58159); 298(4.68422); 299(1.94386),1358.80026,1358.80026,4.5444824749163875,2.5404277682573473,8.9621,0.06746,0.42881068944478035,1
245,0(7.07192); 1(0.77612); 2(2.00109); 3(0.73434); 4(2.55172); 5(5.40921); 6(2.8416); 7(0.72626); 8(3.81283); 9(6.1882); 10(1.31501); 11(6.96648); 12(2.45471); 13(3.80326); 14(5.94779); 15(0.4732); 16(7.7759); 17(7.83655); 18(5.76706); 19(6.95371); 20(5.17047); 21(7.98708); 22(3.24488); 23(8.90117); 24(1.74856); 25(1.68805); 26(1.82409); 27(1.81142); 28(8.22133); 29(8.78354); 30(0.84213); 31(7.86281); 32(7.53569); 33(0.03247); 34(0.51941); 35(8.24917); 36(0.15242); 37(8.05324); 38(0.1581); 39(1.31496); 40(5.79621); 41(5.12933); 42(1.95591); 43(0.46104); 44(3.08137); 45(5.05195); 46(5.76439); 47(2.95153); 48(3.46663); 49(0.88562); 50(2.99646); 51(1.6098); 52(6.13291); 53(3.90838); 54(5.63863); 55(6.82042); 56(5.55902); 57(4.1439); 58(2.59452); 59(6.96296); 60(7.45963); 61(8.33486); 62(5.1823); 63(8.66593); 64(3.31021); 65(2.92857); 66(5.49811); 67(5.68935); 68(3.18999); 69(5.39373); 70(4.204); 71(1.27088); 72(0.77007); 73(0.29473); 74(1.95685); 75(0.03885); 76(7.30475); 77(0.39314); 78(3.85945); 79(1.32211); 80(0.75862); 81(1.39827); 82(1.85264); 83(5.52916); 84(2.43581); 85(6.606); 86(1.63893); 87(5.63983); 88(6.88028); 89(6.1439); 90(5.85434); 91(1.29084); 92(6.68306); 93(5.434); 94(2.9975); 95(1.01267); 96(3.64246); 97(3.83322); 98(4.65094); 99(6.81725); 100(1.61214); 101(3.92755); 102(5.28427); 103(3.86449); 104(7.82854); 105(1.69347); 106(4.77818); 107(8.77739); 108(7.94165); 109(8.64547); 110(1.04676); 111(8.64336); 112(3.79264); 113(4.26907); 114(2.79182); 115(5.59885); 116(6.92673); 117(1.57134); 118(0.727); 119(0.547); 120(0.13919); 121(8.59588); 122(0.91608); 123(6.10367); 124(2.46445); 125(6.8895); 126(6.19171); 127(0.15055); 128(8.38714); 129(0.96594); 130(7.76987); 131(6.26342); 132(8.88193); 133(4.63669); 134(2.73289); 135(6.75299); 136(0.87029); 137(3.72391); 138(2.21565); 139(2.21805); 140(1.22505); 141(3.73258); 142(8.72355); 143(7.55806); 144(5.58275); 145(6.11971); 146(2.7931); 147(6.74679); 148(7.51725); 149(4.71911); 150(7.05523); 151(8.66056); 152(4.35363); 153(5.58103); 154(6.30393); 155(6.92957); 156(8.72657); 157(8.48521); 158(1.827); 159(8.87357); 160(4.9037); 161(0.32958); 162(1.39804); 163(1.77455); 164(5.81842); 165(0.16874); 166(4.62945); 167(7.76917); 168(6.50018); 169(3.87041); 170(0.02373); 171(7.93801); 172(3.09972); 173(0.76686); 174(3.00718); 175(3.02078); 176(0.89957); 177(3.8956); 178(0.40711); 179(8.31657); 180(3.98364); 181(4.8685); 182(3.16732); 183(2.75505); 184(5.99722); 185(4.83046); 186(5.9392); 187(7.27708); 188(6.51053); 189(2.28238); 190(7.42519); 191(6.58141); 192(5.64258); 193(6.66852); 194(6.96117); 195(7.43826); 196(0.88466); 197(1.53366); 198(7.7103); 199(3.36402); 200(6.16322); 201(7.30249); 202(7.62817); 203(5.54698); 204(4.94118); 205(7.8213); 206(7.76629); 207(8.88143); 208(5.35585); 209(2.66034); 210(8.8485); 211(3.13429); 212(1.43972); 213(8.04718); 214(8.42143); 215(6.1258); 216(4.47044); 217(5.07311); 218(5.28972); 219(7.62279); 220(2.31251); 221(2.62315); 222(2.37348); 223(3.2101); 224(6.93705); 225(4.00471); 226(3.12125); 227(4.67388); 228(2.37491); 229(5.93025); 230(2.06046); 231(7.57542); 232(6.9177); 233(8.91505); 234(0.24748); 235(1.70317); 236(8.31137); 237(8.59416); 238(2.38179); 239(8.53883); 240(6.65915); 241(7.94888); 242(1.31305); 243(6.39348); 244(2.76142); 246(1.61677); 247(8.52477); 248(5.54964); 249(2.08576); 250(2.92268); 251(6.68542); 252(0.48525); 253(5.86806); 254(0.57059); 255(6.02597); 256(0.70962); 257(2.79337); 258(7.00667); 259(1.26964); 260(2.20059); 261(3.9014); 262(3.91542); 263(8.87868); 264(5.80358); 265(3.79117); 266(8.34336); 267(3.59832); 268(6.78083); 269(8.38094); 270(7.62658); 271(0.56883); 272(2.99357); 273(8.97604); 274(0.63708); 275(2.9667); 276(7.50241); 277(5.18886); 278(7.08642); 279(0.79669); 280(1.91804); 281(8.01144); 282(6.62172); 283(1.89196); 284(7.43147); 285(8.23076); 286(4.63609); 287(1.74699); 288(8.04857); 289(0.48272); 290(2.93762); 291(0.38039); 292(6.11679); 293(6.50551); 294(4.10867); 295(0.17489); 296(2.25082); 297(0.26082); 298(2.60243); 299(2.28738),1342.71614,1342.71614,4.490689431438127,2.710788099734137,8.97604,0.02373,0.4160606478116357,1
246,0(1.27785); 1(4.69856); 2(4.70681); 3(4.74104); 4(6.9039); 5(4.04697); 6(2.01532); 7(3.634); 8(5.57635); 9(2.86274); 10(8.96571); 11(2.77711); 12(2.67696); 13(2.47043); 14(5.01764); 15(4.90602); 16(1.9184); 17(0.1187); 18(0.04987); 19(7.4518); 20(7.97681); 21(7.94452); 22(2.56849); 23(4.86761); 24(1.78632); 25(1.22242); 26(5.66281); 27(2.95096); 28(7.84635); 29(4.92546); 30(5.58622); 31(5.03226); 32(7.67017); 33(8.35392); 34(2.93896); 35(0.32944); 36(6.58908); 37(8.454); 38(1.67853); 39(4.24417); 40(5.37828); 41(2.31116); 42(3.1419); 43(5.22048); 44(2.0366); 45(7.53061); 46(6.03763); 47(8.58877); 48(1.10264); 49(5.73364); 50(4.79285); 51(8.45996); 52(4.51891); 53(6.0043); 54(6.98387); 55(4.35716); 56(4.78058); 57(5.48415); 58(6.26133); 59(0.96662); 60(6.22528); 61(1.26656); 62(2.78789); 63(6.98598); 64(6.56729); 65(7.90043); 66(5.39259); 67(7.0304); 68(6.67187); 69(1.58545); 70(0.34991); 71(6.90442); 72(6.10038); 73(1.20681); 74(2.3911); 75(1.9534); 76(2.52442); 77(6.5153); 78(1.47987); 79(6.75786); 80(8.1942); 81(2.36715); 82(3.74241); 83(0.23639); 84(5.07019); 85(8.45489); 86(6.16463); 87(2.14292); 88(1.30279); 89(4.00112); 90(4.59605); 91(2.318); 92(0.36768); 93(3.70011); 94(1.67064); 95(7.60594); 96(6.25046); 97(3.52714); 98(5.59923); 99(6.64624); 100(4.00959); 101(7.50088); 102(7.63277); 103(3.24327); 104(4.30079); 105(1.14657); 106(1.16721); 107(0.16118); 108(4.37162); 109(0.67642); 110(6.97852); 111(0.69604); 112(6.95298); 113(3.03253); 114(8.55684); 115(8.45982); 116(2.58658); 117(3.79552); 118(6.56033); 119(7.97972); 120(6.69475); 121(0.58528); 122(0.81955); 123(7.15371); 124(8.21253); 125(2.5946); 126(0.01051); 127(2.79472); 128(3.2404); 129(1.19585); 130(0.41406); 131(8.52567); 132(6.9592); 133(8.42327); 134(1.25014); 135(2.00328); 136(4.97588); 137(2.9165); 138(2.27671); 139(7.62162); 140(3.70628); 141(3.65203); 142(0.27153); 143(5.39125); 144(6.88349); 145(3.99495); 146(7.43083); 147(5.7659); 148(0.55669); 149(3.91241); 150(8.52111); 151(0.13764); 152(4.43992); 153(6.88779); 154(3.71481); 155(5.83397); 156(3.39801); 157(0.39401); 158(7.18091); 159(8.94667); 160(5.15051); 161(8.49012); 162(2.57714); 163(4.39998); 164(3.77506); 165(4.2231); 166(3.42744); 167(6.133); 168(3.87915); 169(7.37335); 170(5.31569); 171(3.44412); 172(1.39404); 173(3.77503); 174(3.72347); 175(8.5179); 176(7.06397); 177(7.34609); 178(7.73406); 179(0.65583); 180(6.46303); 181(0.53485); 182(5.89138); 183(4.08109); 184(4.84891); 185(7.96936); 186(0.0809); 187(3.78023); 188(5.50215); 189(6.66692); 190(1.0441); 191(7.48988); 192(3.61785); 193(8.20273); 194(5.77757); 195(0.10506); 196(1.91925); 197(4.65996); 198(7.80246); 199(4.29192); 200(6.0427); 201(7.61593); 202(5.28125); 203(2.27871); 204(6.33556); 205(0.25077); 206(5.36909); 207(3.32553); 208(4.97624); 209(2.11298); 210(1.70657); 211(4.27711); 212(3.50149); 213(7.27848); 214(5.64538); 215(8.89123); 216(7.52449); 217(8.40275); 218(0.20666); 219(2.86526); 220(3.37989); 221(3.17583); 222(2.06516); 223(5.35366); 224(0.51388); 225(5.67213); 226(1.56221); 227(1.40088); 228(0.8664); 229(0.38798); 230(4.63162); 231(3.28963); 232(2.16284); 233(3.176); 234(7.45234); 235(2.562); 236(4.36682); 237(7.52214); 238(0.29285); 239(4.46897); 240(2.99177); 241(7.82324); 242(2.68779); 243(0.34864); 244(7.55695); 245(1.61677); 247(6.51757); 248(5.79648); 249(2.85099); 250(0.09963); 251(5.44577); 252(7.08534); 253(2.15601); 254(1.1815); 255(3.08966); 256(4.13013); 257(0.56244); 258(8.19748); 259(8.11038); 260(1.18207); 261(0.05884); 262(3.47464); 263(7.30668); 264(2.37296); 265(3.68019); 266(4.49615); 267(8.63455); 268(5.71392); 269(8.19421); 270(7.43997); 271(1.70351); 272(3.98344); 273(0.5779); 274(6.80934); 275(5.31859); 276(4.12076); 277(0.75682); 278(2.99606); 279(6.41998); 280(7.12256); 281(3.81146); 282(5.20584); 283(5.353); 284(6.19181); 285(1.12714); 286(7.53505); 287(5.09979); 288(3.3359); 289(1.38964); 290(3.49903); 291(6.37136); 292(4.83341); 293(3.25996); 294(5.74136); 295(4.68284); 296(1.04205); 297(4.87023); 298(2.73041); 299(6.68881),1307.88995,1307.88995,4.3742138795986625,2.528939630274629,8.96571,0.01051,0.41122012129753593,1
247,0(7.83868); 1(4.76366); 2(1.83127); 3(5.80103); 4(6.88365); 5(2.00974); 6(1.81193); 7(4.79081); 8(2.98384); 9(5.11766); 10(3.63982); 11(7.86376); 12(4.84071); 13(0.44281); 14(3.09264); 15(3.60258); 16(2.95353); 17(7.06352); 18(8.85412); 19(0.06266); 20(6.09262); 21(2.92523); 22(3.24622); 23(3.91765); 24(4.2577); 25(7.02792); 26(0.14264); 27(8.0331); 28(1.06493); 29(0.966); 30(3.50915); 31(5.99707); 32(4.74478); 33(7.64238); 34(8.76264); 35(3.28815); 36(3.33746); 37(7.13091); 38(0.80945); 39(2.27662); 40(0.2531); 41(8.18491); 42(1.36805); 43(8.6282); 44(8.37044); 45(4.82201); 46(7.8632); 47(2.57517); 48(8.3176); 49(0.60091); 50(0.89952); 51(4.81859); 52(4.62988); 53(3.90296); 54(4.25647); 55(6.05027); 56(5.66157); 57(8.7241); 58(0.67462); 59(3.2596); 60(7.17994); 61(3.9079); 62(6.23825); 63(7.1585); 64(7.69986); 65(6.83896); 66(7.08556); 67(5.08033); 68(5.97221); 69(0.71227); 70(3.75768); 71(2.02227); 72(7.6269); 73(0.0341); 74(5.06831); 75(2.9884); 76(6.1538); 77(1.66518); 78(3.06417); 79(3.8535); 80(0.10746); 81(6.54888); 82(6.62018); 83(1.90874); 84(6.01944); 85(7.61237); 86(3.37044); 87(2.49136); 88(8.37414); 89(5.92366); 90(1.58384); 91(0.58882); 92(6.54159); 93(0.88239); 94(5.89764); 95(2.08274); 96(1.80126); 97(7.80464); 98(3.91172); 99(4.30999); 100(7.88181); 101(2.44433); 102(3.99944); 103(1.36251); 104(1.53004); 105(1.05511); 106(2.26327); 107(5.60302); 108(7.242); 109(3.68094); 110(7.39079); 111(5.38292); 112(0.66059); 113(5.22886); 114(4.53648); 115(8.45477); 116(4.6696); 117(6.70394); 118(7.08214); 119(5.26935); 120(4.30654); 121(0.19675); 122(7.59158); 123(0.34118); 124(3.26798); 125(0.04255); 126(2.00955); 127(0.85269); 128(6.14376); 129(8.7338); 130(1.53011); 131(7.06476); 132(0.02108); 133(6.19636); 134(7.81625); 135(8.83743); 136(8.49564); 137(0.69421); 138(3.6005); 139(5.23842); 140(8.22446); 141(3.14145); 142(6.36379); 143(8.18316); 144(7.11409); 145(0.34604); 146(1.43255); 147(2.7534); 148(8.00434); 149(3.63778); 150(3.88424); 151(2.10788); 152(2.94093); 153(2.51019); 154(6.19496); 155(5.08337); 156(1.6593); 157(2.59084); 158(8.11327); 159(7.16829); 160(0.02637); 161(1.73381); 162(2.16139); 163(0.67684); 164(6.41); 165(8.53653); 166(1.46365); 167(3.42903); 168(7.23806); 169(1.57876); 170(6.40077); 171(1.45019); 172(6.08061); 173(7.63101); 174(3.6929); 175(3.62096); 176(1.84738); 177(4.90274); 178(6.82387); 179(0.73223); 180(0.49375); 181(2.50727); 182(5.88672); 183(5.95125); 184(8.847); 185(0.68724); 186(1.59935); 187(2.75608); 188(7.53079); 189(3.414); 190(1.60969); 191(7.55838); 192(3.28282); 193(3.76031); 194(2.37629); 195(4.52903); 196(6.85205); 197(7.54691); 198(7.20865); 199(0.83377); 200(0.4417); 201(7.51279); 202(1.73148); 203(3.60787); 204(2.97411); 205(3.74262); 206(3.65657); 207(3.20296); 208(3.79936); 209(6.11051); 210(3.8902); 211(7.85026); 212(2.33294); 213(6.55876); 214(1.02461); 215(2.43245); 216(4.68874); 217(2.73277); 218(6.19168); 219(2.70639); 220(0.32779); 221(6.22324); 222(1.80085); 223(4.88265); 224(1.09754); 225(8.10048); 226(7.89465); 227(5.8618); 228(5.90161); 229(3.43232); 230(7.85907); 231(5.87421); 232(8.789); 233(3.86919); 234(6.38018); 235(8.50272); 236(4.8712); 237(1.73864); 238(1.81406); 239(1.47588); 240(6.55582); 241(5.03339); 242(8.22783); 243(0.83816); 244(2.13546); 245(8.52477); 246(6.51757); 248(7.41782); 249(8.59106); 250(2.99074); 251(4.05342); 252(0.42727); 253(4.03536); 254(0.61496); 255(1.68825); 256(8.9018); 257(2.24516); 258(8.30001); 259(8.63886); 260(7.98409); 261(1.20675); 262(5.65175); 263(5.60124); 264(8.84261); 265(3.48633); 266(2.61341); 267(3.93775); 268(7.63502); 269(6.36546); 270(8.54227); 271(7.41721); 272(3.30253); 273(4.38719); 274(1.04299); 275(8.0755); 276(8.46995); 277(2.67949); 278(3.85827); 279(3.68979); 280(7.17362); 281(4.52895); 282(5.7585); 283(7.28485); 284(3.55369); 285(0.09784); 286(0.39493); 287(4.98665); 288(8.12727); 289(7.39126); 290(2.96891); 291(3.70961); 292(5.44661); 293(0.38397); 294(2.22896); 295(8.55699); 296(8.83846); 297(1.4272); 298(8.75777); 299(1.86269),1340.20932,1340.20932,4.482305418060201,2.6630693659253115,8.9018,0.02108,0.4173279900769775,1
248,0(6.92448); 1(5.31098); 2(8.86776); 3(2.852); 4(7.70859); 5(3.65842); 6(3.77894); 7(3.28302); 8(6.54243); 9(5.6157); 10(0.39835); 11(7.14888); 12(1.55557); 13(3.41286); 14(3.10174); 15(4.9663); 16(2.24823); 17(5.01882); 18(2.76506); 19(8.98709); 20(2.12484); 21(4.02284); 22(7.80003); 23(5.9436); 24(0.93531); 25(5.3372); 26(8.8298); 27(7.17995); 28(1.20228); 29(0.98338); 30(0.90127); 31(8.19057); 32(1.5412); 33(4.9899); 34(0.09919); 35(7.97814); 36(5.29962); 37(3.03376); 38(2.35999); 39(5.23235); 40(0.89054); 41(1.80556); 42(8.84504); 43(3.22262); 44(6.49441); 45(1.77013); 46(5.90401); 47(2.33493); 48(0.0307); 49(1.7446); 50(4.81582); 51(5.39414); 52(4.37435); 53(2.42677); 54(0.79995); 55(2.07274); 56(2.37946); 57(5.62073); 58(5.46247); 59(4.39264); 60(5.74119); 61(3.02351); 62(1.2499); 63(6.38108); 64(5.90671); 65(1.85259); 66(3.06532); 67(1.39885); 68(2.40067); 69(3.61139); 70(1.65031); 71(0.84533); 72(6.95244); 73(6.21198); 74(8.98329); 75(8.83294); 76(5.15377); 77(0.9995); 78(8.67315); 79(0.70248); 80(3.55923); 81(1.3079); 82(4.55013); 83(6.63349); 84(8.96472); 85(6.15233); 86(0.69586); 87(8.27942); 88(6.80211); 89(1.74484); 90(8.58685); 91(4.76092); 92(4.30516); 93(4.44481); 94(1.33627); 95(4.65235); 96(0.72142); 97(0.98415); 98(2.4971); 99(1.01369); 100(6.06166); 101(5.7896); 102(7.19761); 103(7.54528); 104(1.57621); 105(7.83911); 106(6.481); 107(7.05717); 108(8.66198); 109(6.83799); 110(8.66759); 111(1.71031); 112(3.34302); 113(5.90636); 114(0.5074); 115(6.76239); 116(2.05791); 117(1.53908); 118(0.72837); 119(2.4307); 120(1.98727); 121(5.29577); 122(6.38032); 123(8.62124); 124(8.37277); 125(1.09269); 126(4.82796); 127(2.5508); 128(4.16644); 129(5.99652); 130(5.05857); 131(7.6597); 132(0.81883); 133(1.57909); 134(1.20862); 135(7.42803); 136(2.74329); 137(3.85861); 138(7.53085); 139(7.03336); 140(1.86097); 141(1.25405); 142(2.5863); 143(5.03305); 144(7.5621); 145(7.49012); 146(8.63852); 147(1.31744); 148(8.45188); 149(3.32422); 150(8.57281); 151(2.13933); 152(7.02049); 153(7.66492); 154(4.45542); 155(1.33778); 156(6.69081); 157(0.17749); 158(8.55493); 159(0.13028); 160(4.67857); 161(1.85777); 162(1.43429); 163(2.007); 164(6.17348); 165(1.90016); 166(0.50915); 167(7.57076); 168(2.82275); 169(4.53094); 170(8.8031); 171(5.41663); 172(5.34924); 173(1.72132); 174(7.85678); 175(1.4652); 176(6.93989); 177(2.24885); 178(8.37157); 179(4.83356); 180(1.48634); 181(8.91403); 182(7.93715); 183(4.04143); 184(1.5337); 185(4.3986); 186(5.26402); 187(5.5863); 188(0.33759); 189(2.03661); 190(2.17489); 191(4.28815); 192(6.91714); 193(1.25292); 194(0.61659); 195(3.95286); 196(8.86522); 197(5.64207); 198(3.1217); 199(5.37853); 200(2.33546); 201(7.0127); 202(2.12727); 203(4.18389); 204(7.968); 205(5.38502); 206(7.41987); 207(6.71507); 208(8.54393); 209(6.47458); 210(8.65685); 211(2.54197); 212(3.6005); 213(5.92822); 214(4.63943); 215(7.16624); 216(1.03068); 217(7.25878); 218(4.29474); 219(7.59636); 220(5.90617); 221(0.59275); 222(2.38964); 223(3.94341); 224(0.71555); 225(6.36014); 226(4.89794); 227(8.68865); 228(2.49437); 229(8.55834); 230(4.32461); 231(4.27099); 232(8.13565); 233(6.46677); 234(2.38792); 235(3.56571); 236(2.74098); 237(7.89289); 238(6.30123); 239(2.25641); 240(5.10218); 241(6.31093); 242(0.86393); 243(0.46082); 244(1.3729); 245(5.54964); 246(5.79648); 247(7.41782); 249(0.73404); 250(5.27049); 251(5.22891); 252(0.84807); 253(3.89174); 254(5.61828); 255(3.56134); 256(8.71643); 257(1.25672); 258(1.01703); 259(1.90095); 260(5.70824); 261(7.61911); 262(4.76578); 263(4.92376); 264(4.35203); 265(8.32093); 266(2.72538); 267(0.97725); 268(0.7183); 269(8.04966); 270(4.9359); 271(4.18343); 272(7.80181); 273(7.89346); 274(6.28005); 275(2.6857); 276(4.02495); 277(3.5473); 278(8.14961); 279(7.51872); 280(0.6901); 281(0.13545); 282(1.6308); 283(6.33085); 284(2.93921); 285(7.09876); 286(4.76244); 287(8.64244); 288(8.43295); 289(0.84046); 290(0.28844); 291(3.1538); 292(0.27046); 293(6.78578); 294(5.88498); 295(4.71015); 296(0.45474); 297(4.89601); 298(1.70318); 299(5.51606),1326.98924,1326.98924,4.4380911036789294,2.6572812323854142,8.98709,0.0307,0.4175989629314693,2
249,0(2.22865); 1(1.32932); 2(5.28619); 3(3.28434); 4(7.43099); 5(4.05993); 6(3.16833); 7(2.69958); 8(4.34808); 9(8.10145); 10(4.08542); 11(6.94197); 12(5.10815); 13(5.88258); 14(6.2353); 15(7.10301); 16(2.45163); 17(0.59154); 18(6.76223); 19(6.26805); 20(5.72571); 21(1.99316); 22(0.47492); 23(8.08455); 24(1.08511); 25(5.7337); 26(0.14903); 27(4.58815); 28(4.47646); 29(6.96512); 30(8.7916); 31(1.8698); 32(6.17218); 33(4.13221); 34(8.95315); 35(8.54632); 36(0.69278); 37(1.88387); 38(8.2625); 39(5.49578); 40(2.62987); 41(2.97948); 42(5.49905); 43(1.13449); 44(3.04575); 45(1.8969); 46(6.27862); 47(5.91268); 48(3.46391); 49(7.381); 50(2.61026); 51(7.76617); 52(3.49106); 53(1.80146); 54(4.15248); 55(8.17213); 56(6.78566); 57(0.04722); 58(2.97276); 59(1.90189); 60(3.12467); 61(6.39455); 62(8.62715); 63(0.2343); 64(0.09482); 65(7.76982); 66(8.13451); 67(2.68483); 68(4.19086); 69(6.84844); 70(1.98988); 71(4.06671); 72(5.01857); 73(7.34353); 74(7.26014); 75(6.39507); 76(2.51981); 77(5.39579); 78(0.18208); 79(3.04367); 80(3.19629); 81(6.31086); 82(5.80079); 83(4.70839); 84(2.38687); 85(0.71143); 86(3.58726); 87(2.20502); 88(6.20669); 89(6.57492); 90(6.87506); 91(3.78801); 92(6.93966); 93(4.8139); 94(0.00745); 95(1.27941); 96(4.63485); 97(2.84108); 98(7.11661); 99(2.63545); 100(6.50125); 101(7.16687); 102(1.36174); 103(4.57595); 104(5.77915); 105(4.02352); 106(0.28273); 107(1.06916); 108(5.58627); 109(3.81517); 110(3.93232); 111(4.58614); 112(5.07579); 113(0.45091); 114(4.52862); 115(1.05113); 116(7.19392); 117(6.80529); 118(5.32841); 119(3.44519); 120(1.90183); 121(1.09815); 122(8.79901); 123(3.12862); 124(1.65662); 125(6.89046); 126(5.3619); 127(1.63939); 128(5.84189); 129(5.48924); 130(2.92427); 131(4.96368); 132(4.44229); 133(1.49601); 134(4.93374); 135(8.46397); 136(4.62872); 137(5.54435); 138(4.72127); 139(6.66052); 140(4.35657); 141(0.49411); 142(1.29853); 143(1.92471); 144(3.2231); 145(0.2878); 146(4.67344); 147(8.41143); 148(1.83825); 149(4.90723); 150(0.23897); 151(5.59571); 152(0.77338); 153(7.0294); 154(6.38443); 155(4.00015); 156(5.91958); 157(1.50906); 158(6.2413); 159(0.90463); 160(2.78728); 161(2.04686); 162(8.6499); 163(1.83321); 164(3.73739); 165(1.52961); 166(4.55464); 167(1.44901); 168(8.28886); 169(7.82636); 170(5.71529); 171(6.25578); 172(6.04665); 173(3.69041); 174(8.22139); 175(7.83548); 176(6.61336); 177(1.86113); 178(6.00865); 179(1.56449); 180(5.61457); 181(6.25544); 182(3.65241); 183(8.48708); 184(3.81566); 185(6.5585); 186(3.37015); 187(2.24762); 188(8.38676); 189(0.89459); 190(0.00202); 191(8.58381); 192(0.93579); 193(6.94648); 194(3.08435); 195(7.60781); 196(5.21821); 197(8.66431); 198(4.16293); 199(0.1145); 200(8.88788); 201(2.43777); 202(0.88837); 203(7.93723); 204(2.23499); 205(3.33433); 206(8.13592); 207(7.53082); 208(7.70744); 209(0.5661); 210(0.2155); 211(3.5769); 212(3.83936); 213(7.53808); 214(6.53813); 215(3.31624); 216(2.18729); 217(2.94419); 218(8.66307); 219(8.81851); 220(6.8171); 221(6.86339); 222(0.44553); 223(8.23046); 224(5.022); 225(3.86063); 226(4.7491); 227(7.27924); 228(3.50563); 229(7.73257); 230(4.12908); 231(4.6987); 232(2.76934); 233(6.81635); 234(8.0272); 235(5.16349); 236(8.86988); 237(6.13298); 238(6.97683); 239(2.18536); 240(6.10993); 241(3.45918); 242(0.01988); 243(3.79242); 244(3.02277); 245(2.08576); 246(2.85099); 247(8.59106); 248(0.73404); 250(8.90743); 251(4.76483); 252(1.45545); 253(5.41272); 254(4.2548); 255(1.81274); 256(3.17323); 257(4.99789); 258(3.90212); 259(0.7757); 260(1.44971); 261(8.20307); 262(1.13543); 263(1.47174); 264(4.1596); 265(7.87335); 266(8.40319); 267(7.45514); 268(1.36259); 269(3.15145); 270(7.23582); 271(3.02312); 272(5.9757); 273(5.91657); 274(1.90785); 275(7.29499); 276(6.10878); 277(7.34165); 278(4.8015); 279(1.42242); 280(0.82428); 281(6.09673); 282(4.79627); 283(5.14631); 284(6.10171); 285(4.25919); 286(5.02639); 287(2.15005); 288(4.51803); 289(8.53184); 290(0.71724); 291(3.12607); 292(6.53591); 293(0.3143); 294(4.62067); 295(4.01168); 296(0.82747); 297(3.93383); 298(4.18207); 299(8.26924),1332.95973,1332.95973,4.458059297658863,2.531715659773754,8.95315,0.00202,0.41896686650288395,1
250,0(4.5039); 1(1.48575); 2(3.01784); 3(8.8059); 4(5.89449); 5(8.21418); 6(4.03166); 7(3.65644); 8(8.55872); 9(1.50725); 10(4.40149); 11(2.82211); 12(3.13434); 13(6.94044); 14(8.6393); 15(7.56654); 16(1.72853); 17(3.27449); 18(8.39636); 19(0.67216); 20(5.06999); 21(4.09194); 22(3.07157); 23(5.92484); 24(7.57413); 25(5.23702); 26(3.69956); 27(0.60382); 28(6.16037); 29(6.67801); 30(6.56933); 31(7.81891); 32(3.19868); 33(6.7736); 34(0.81775); 35(3.3133); 36(4.96617); 37(3.92635); 38(0.18489); 39(8.70685); 40(8.34396); 41(7.37443); 42(7.63068); 43(5.19177); 44(8.92905); 45(8.97252); 46(1.41997); 47(5.00577); 48(5.00212); 49(0.59402); 50(8.68762); 51(5.84052); 52(6.83354); 53(4.51381); 54(4.71338); 55(5.1208); 56(8.96985); 57(6.50771); 58(0.87519); 59(4.15211); 60(8.8312); 61(2.19037); 62(2.25697); 63(5.14468); 64(8.87719); 65(8.61037); 66(4.5416); 67(1.62987); 68(2.26011); 69(7.51247); 70(6.14182); 71(7.90097); 72(8.36703); 73(1.62415); 74(6.41204); 75(5.07253); 76(1.45125); 77(1.49421); 78(0.86618); 79(3.70564); 80(7.13349); 81(3.68844); 82(6.77621); 83(4.95083); 84(7.33135); 85(3.94749); 86(5.90882); 87(8.29549); 88(2.77019); 89(6.89086); 90(5.61205); 91(0.73519); 92(2.72698); 93(2.74868); 94(2.63247); 95(6.97818); 96(5.36167); 97(1.38251); 98(2.55155); 99(0.30795); 100(6.07371); 101(7.48366); 102(3.44487); 103(8.7212); 104(0.3556); 105(8.05611); 106(6.15228); 107(1.30326); 108(5.67346); 109(0.35684); 110(6.12898); 111(2.22593); 112(1.22329); 113(1.14117); 114(8.94957); 115(6.6702); 116(8.52795); 117(4.91661); 118(1.60588); 119(3.24843); 120(4.76461); 121(6.79631); 122(0.46079); 123(7.47343); 124(0.68547); 125(5.65017); 126(8.60523); 127(6.18312); 128(6.51079); 129(5.852); 130(6.73873); 131(7.65468); 132(7.72149); 133(1.15552); 134(8.58347); 135(6.54204); 136(5.19075); 137(4.09802); 138(5.50199); 139(6.03734); 140(3.48382); 141(5.52127); 142(2.34356); 143(4.38366); 144(8.06608); 145(1.09854); 146(0.95852); 147(4.82823); 148(1.10254); 149(6.89456); 150(5.31647); 151(5.22296); 152(4.85481); 153(5.02776); 154(3.5547); 155(0.2326); 156(1.45713); 157(5.18553); 158(2.30791); 159(0.91808); 160(4.45527); 161(6.65689); 162(3.49834); 163(0.05515); 164(3.77782); 165(7.41466); 166(1.49131); 167(4.70103); 168(6.00238); 169(3.69714); 170(4.10623); 171(5.18693); 172(8.05674); 173(4.42382); 174(5.80377); 175(0.93118); 176(4.51016); 177(0.38483); 178(8.36613); 179(2.21659); 180(1.32025); 181(0.26138); 182(6.44748); 183(6.79254); 184(0.58388); 185(1.59096); 186(6.23986); 187(6.05121); 188(0.07307); 189(1.74204); 190(1.20392); 191(2.94978); 192(1.26495); 193(4.34317); 194(7.01192); 195(6.62366); 196(5.95466); 197(8.08091); 198(6.00025); 199(2.50953); 200(1.56397); 201(7.23768); 202(5.85314); 203(1.20497); 204(2.49101); 205(4.48199); 206(7.65594); 207(5.67442); 208(3.72718); 209(2.04222); 210(0.64336); 211(8.94608); 212(5.52101); 213(8.7414); 214(3.63814); 215(0.70211); 216(2.17727); 217(5.49931); 218(0.78713); 219(3.41129); 220(1.04236); 221(1.28015); 222(4.86736); 223(1.72491); 224(4.97171); 225(2.67837); 226(5.52839); 227(1.35188); 228(4.01296); 229(8.0912); 230(2.30042); 231(1.1863); 232(3.28333); 233(1.44026); 234(6.00303); 235(4.34333); 236(3.09165); 237(2.83412); 238(8.08789); 239(6.62885); 240(5.13027); 241(8.56895); 242(6.77372); 243(2.6293); 244(3.82157); 245(2.92268); 246(0.09963); 247(2.99074); 248(5.27049); 249(8.90743); 251(4.32186); 252(3.38833); 253(1.00594); 254(0.11788); 255(4.86665); 256(0.03989); 257(0.27477); 258(1.1372); 259(2.58959); 260(3.85823); 261(7.16772); 262(6.98781); 263(4.64521); 264(8.53956); 265(5.51481); 266(8.27394); 267(6.09925); 268(0.93345); 269(2.22484); 270(7.92231); 271(8.38656); 272(2.00231); 273(3.92546); 274(6.01922); 275(3.13164); 276(8.93691); 277(8.55446); 278(0.41454); 279(7.36128); 280(5.32898); 281(7.74295); 282(0.25042); 283(2.92602); 284(3.36867); 285(6.69877); 286(2.73208); 287(5.18481); 288(0.96586); 289(5.14401); 290(0.73905); 291(7.30928); 292(8.32523); 293(1.76836); 294(5.50823); 295(3.02421); 296(8.47965); 297(5.86891); 298(1.45559); 299(3.8075),1349.07738,1349.07738,4.511964481605351,2.6286329787710807,8.97252,0.03989,0.4217283323149757,1
251,0(7.02434); 1(5.1894); 2(3.06167); 3(3.12855); 4(7.57928); 5(3.0173); 6(8.4054); 7(1.15242); 8(0.44095); 9(3.66889); 10(3.69544); 11(5.60603); 12(5.34888); 13(0.29451); 14(2.91068); 15(2.0315); 16(6.09079); 17(4.73497); 18(6.63493); 19(4.45463); 20(0.57018); 21(4.63138); 22(8.45125); 23(8.43421); 24(0.82925); 25(7.93947); 26(4.17107); 27(4.39868); 28(6.48098); 29(6.54127); 30(5.71989); 31(3.1536); 32(5.76049); 33(0.16453); 34(3.31324); 35(2.72374); 36(2.73642); 37(0.21372); 38(1.21656); 39(3.60632); 40(7.892); 41(2.12696); 42(6.52707); 43(5.85664); 44(2.08881); 45(3.96393); 46(8.6888); 47(0.05937); 48(2.57426); 49(7.98822); 50(7.07136); 51(4.28779); 52(1.37319); 53(2.32526); 54(6.56544); 55(3.78947); 56(3.07311); 57(8.41916); 58(0.99973); 59(8.85009); 60(0.67149); 61(0.0438); 62(6.04692); 63(7.57708); 64(1.33406); 65(2.89109); 66(7.69324); 67(3.27319); 68(3.15651); 69(1.98748); 70(6.77667); 71(3.34148); 72(4.66633); 73(4.11872); 74(8.93756); 75(1.24159); 76(0.89908); 77(1.69609); 78(3.95214); 79(1.3292); 80(8.02921); 81(8.67158); 82(5.79356); 83(6.80699); 84(8.319); 85(4.9487); 86(1.14778); 87(2.1417); 88(4.57699); 89(6.70021); 90(3.44492); 91(6.53986); 92(7.21623); 93(8.04707); 94(2.72803); 95(1.58652); 96(0.19145); 97(3.90059); 98(0.51347); 99(5.11533); 100(1.76543); 101(0.95656); 102(7.41655); 103(6.85274); 104(0.70334); 105(8.25724); 106(3.17123); 107(8.33383); 108(5.92703); 109(8.81887); 110(7.69836); 111(8.05694); 112(7.62497); 113(5.55142); 114(3.56343); 115(7.74749); 116(5.81305); 117(2.69748); 118(7.19372); 119(8.19003); 120(4.8647); 121(2.21582); 122(0.20102); 123(2.65663); 124(1.06138); 125(2.45209); 126(5.77047); 127(8.32967); 128(3.71981); 129(1.90821); 130(3.83993); 131(0.62257); 132(7.80531); 133(2.26494); 134(2.89366); 135(5.46415); 136(5.78773); 137(1.18527); 138(8.86103); 139(8.45706); 140(0.66372); 141(1.77467); 142(2.53236); 143(6.50977); 144(6.94044); 145(4.90681); 146(0.17421); 147(5.79983); 148(0.55362); 149(8.58094); 150(7.66296); 151(7.40562); 152(2.85538); 153(4.86051); 154(3.99028); 155(4.73246); 156(6.16449); 157(2.44579); 158(4.62054); 159(5.1862); 160(7.31161); 161(8.1154); 162(8.2727); 163(4.84676); 164(2.64739); 165(7.37984); 166(5.00904); 167(0.83199); 168(4.96562); 169(8.60495); 170(5.25402); 171(5.827); 172(2.27233); 173(2.36758); 174(3.04101); 175(5.16579); 176(6.27944); 177(0.27775); 178(7.0501); 179(4.37834); 180(4.08308); 181(3.35698); 182(0.85412); 183(5.75927); 184(5.73495); 185(8.90311); 186(0.41459); 187(3.22732); 188(7.15733); 189(5.25307); 190(5.98433); 191(8.67338); 192(8.0455); 193(8.44508); 194(6.35965); 195(7.11285); 196(1.73172); 197(4.49488); 198(5.52082); 199(7.22444); 200(8.46679); 201(7.36406); 202(2.23291); 203(7.08244); 204(7.67949); 205(1.77075); 206(3.70283); 207(6.00871); 208(3.79291); 209(6.57681); 210(8.61291); 211(2.53077); 212(5.08183); 213(2.93201); 214(4.01799); 215(2.48095); 216(4.78359); 217(5.11884); 218(7.71856); 219(0.20863); 220(1.11547); 221(4.53435); 222(0.44661); 223(6.41938); 224(4.59753); 225(3.75423); 226(8.6818); 227(7.69368); 228(4.17395); 229(1.86808); 230(0.1593); 231(6.88188); 232(1.75014); 233(7.35052); 234(2.62075); 235(6.4205); 236(0.61668); 237(0.96051); 238(2.04837); 239(6.46531); 240(4.4815); 241(1.94298); 242(0.92535); 243(7.88743); 244(2.3376); 245(6.68542); 246(5.44577); 247(4.05342); 248(5.22891); 249(4.76483); 250(4.32186); 252(2.98016); 253(8.1987); 254(4.17105); 255(2.70462); 256(7.80699); 257(0.31621); 258(3.38007); 259(1.27682); 260(3.00476); 261(4.57257); 262(1.18817); 263(0.4382); 264(1.57187); 265(6.05319); 266(3.79984); 267(7.40275); 268(7.64812); 269(2.0936); 270(3.07663); 271(0.52996); 272(5.09037); 273(4.73242); 274(2.76313); 275(1.47055); 276(1.28361); 277(8.35772); 278(1.37898); 279(8.95269); 280(8.90497); 281(0.1697); 282(6.52545); 283(3.10203); 284(6.14805); 285(7.17363); 286(7.25768); 287(7.07299); 288(2.09337); 289(2.22746); 290(3.20404); 291(6.66812); 292(6.65771); 293(1.15176); 294(3.16865); 295(0.3209); 296(3.72304); 297(7.20572); 298(7.40147); 299(3.03492),1345.65057,1345.65057,4.500503578595318,2.6175334351512465,8.95269,0.0438,0.42131236686547385,1
252,0(7.77208); 1(1.75842); 2(6.51406); 3(7.27313); 4(7.82924); 5(4.31738); 6(5.54107); 7(4.53475); 8(3.31553); 9(8.91747); 10(0.75559); 11(3.78356); 12(8.82411); 13(7.68501); 14(0.69112); 15(6.86242); 16(0.15505); 17(7.57707); 18(5.335); 19(4.49908); 20(0.5037); 21(8.29831); 22(6.41889); 23(6.61575); 24(3.14114); 25(1.76828); 26(6.41888); 27(8.60298); 28(3.52527); 29(7.69147); 30(2.75919); 31(5.5845); 32(4.71709); 33(6.31401); 34(4.72133); 35(5.59359); 36(6.76425); 37(3.67448); 38(3.6648); 39(3.66735); 40(7.99005); 41(5.55408); 42(7.52808); 43(4.54987); 44(8.46221); 45(5.73172); 46(1.38787); 47(6.09643); 48(3.0392); 49(0.57146); 50(0.87585); 51(6.87165); 52(4.24474); 53(2.44859); 54(2.69538); 55(0.15414); 56(1.50307); 57(3.34626); 58(6.87954); 59(3.59503); 60(8.19992); 61(4.69647); 62(6.62124); 63(4.77131); 64(0.40464); 65(8.90451); 66(2.28548); 67(8.86131); 68(1.56198); 69(5.09623); 70(2.2681); 71(0.74911); 72(7.63881); 73(7.4194); 74(2.95315); 75(6.88292); 76(2.49532); 77(7.73742); 78(5.30828); 79(7.19801); 80(3.51887); 81(3.06117); 82(4.68609); 83(2.8007); 84(2.28833); 85(4.28514); 86(0.15028); 87(3.44738); 88(4.64154); 89(4.66303); 90(8.16049); 91(0.35299); 92(7.72309); 93(6.19078); 94(3.07149); 95(7.21281); 96(1.81925); 97(4.51967); 98(7.38205); 99(8.39211); 100(6.59682); 101(5.92725); 102(4.66148); 103(0.30695); 104(0.12521); 105(2.12266); 106(5.51964); 107(1.88227); 108(6.87621); 109(3.03574); 110(1.98711); 111(4.33198); 112(0.2075); 113(1.9561); 114(3.19427); 115(3.40817); 116(3.94434); 117(6.06706); 118(0.91611); 119(5.42009); 120(8.63231); 121(7.17105); 122(2.56274); 123(6.17563); 124(5.95485); 125(5.06701); 126(3.10641); 127(5.96919); 128(4.50513); 129(8.75844); 130(7.45582); 131(7.38818); 132(4.62136); 133(6.36972); 134(8.50297); 135(3.9483); 136(3.79939); 137(8.75811); 138(7.99536); 139(8.72939); 140(6.88703); 141(8.55703); 142(7.71432); 143(2.75824); 144(8.40753); 145(1.66915); 146(1.01838); 147(2.60464); 148(2.54812); 149(2.56735); 150(5.64818); 151(2.01338); 152(3.38611); 153(8.47875); 154(3.7899); 155(6.74571); 156(8.62446); 157(6.38108); 158(7.00629); 159(4.74881); 160(8.73957); 161(2.52521); 162(8.22475); 163(8.65393); 164(2.01588); 165(2.83728); 166(8.3116); 167(4.43159); 168(6.22811); 169(5.55953); 170(8.68818); 171(7.14472); 172(7.75504); 173(6.46712); 174(0.55518); 175(1.49182); 176(8.31599); 177(0.50693); 178(2.28477); 179(1.25948); 180(4.22409); 181(5.71978); 182(8.6984); 183(4.55982); 184(8.2459); 185(1.23012); 186(0.4113); 187(4.34964); 188(1.2676); 189(7.27031); 190(5.8492); 191(8.29066); 192(8.49885); 193(3.86475); 194(4.00505); 195(6.83921); 196(6.64701); 197(0.47829); 198(4.54283); 199(8.45984); 200(5.58323); 201(8.15389); 202(2.9842); 203(6.58097); 204(4.17714); 205(1.12732); 206(3.00158); 207(6.82508); 208(4.20637); 209(3.54921); 210(0.40005); 211(5.68664); 212(5.16937); 213(7.88296); 214(8.48944); 215(6.04104); 216(1.14318); 217(5.94727); 218(3.79059); 219(2.42511); 220(5.08117); 221(1.56078); 222(6.86414); 223(7.56898); 224(0.03835); 225(7.82593); 226(0.57789); 227(0.52341); 228(2.50093); 229(4.14193); 230(3.75878); 231(0.95935); 232(6.28447); 233(7.4505); 234(0.85315); 235(2.81768); 236(7.11302); 237(0.87594); 238(7.40187); 239(2.14383); 240(7.50327); 241(8.20639); 242(6.38222); 243(0.95854); 244(0.83291); 245(0.48525); 246(7.08534); 247(0.42727); 248(0.84807); 249(1.45545); 250(3.38833); 251(2.98016); 253(3.16272); 254(5.53661); 255(4.74435); 256(4.04379); 257(5.69862); 258(4.20841); 259(1.08064); 260(5.77406); 261(2.88528); 262(8.08524); 263(0.23702); 264(5.54843); 265(8.17276); 266(0.7669); 267(4.34721); 268(6.55729); 269(3.81425); 270(3.77682); 271(3.64164); 272(6.63869); 273(2.51731); 274(6.15773); 275(7.12361); 276(7.7538); 277(8.05079); 278(2.72565); 279(4.34017); 280(3.72391); 281(1.70955); 282(6.70342); 283(3.07044); 284(3.92357); 285(5.7139); 286(3.46519); 287(0.20088); 288(8.88357); 289(1.73985); 290(7.61919); 291(5.5141); 292(7.38429); 293(4.76555); 294(4.69587); 295(3.09144); 296(6.61158); 297(3.01336); 298(6.09589); 299(0.59006),1405.25994,1405.25994,4.69986602006689,2.5930594605026354,8.91747,0.03835,0.4373604799398948,1
253,0(1.70056); 1(6.56094); 2(2.61807); 3(2.9291); 4(2.86486); 5(5.47967); 6(4.16506); 7(6.48095); 8(2.66788); 9(8.27821); 10(1.1219); 11(0.07387); 12(8.92294); 13(5.15141); 14(3.17363); 15(1.49401); 16(8.76657); 17(1.99367); 18(1.18085); 19(0.16262); 20(4.11171); 21(1.08195); 22(0.87577); 23(3.92409); 24(7.60165); 25(5.71969); 26(7.0225); 27(1.87397); 28(6.34539); 29(7.03884); 30(2.98765); 31(5.63573); 32(3.35138); 33(3.10561); 34(8.0187); 35(3.3574); 36(1.77926); 37(2.3252); 38(5.82609); 39(1.50788); 40(8.99825); 41(4.5843); 42(8.02737); 43(6.6789); 44(7.00363); 45(7.80012); 46(4.53801); 47(7.93531); 48(4.84668); 49(8.20961); 50(6.79692); 51(5.98655); 52(3.46546); 53(4.46789); 54(7.59802); 55(7.7229); 56(8.74169); 57(8.24267); 58(3.30724); 59(5.0477); 60(2.46717); 61(3.176); 62(1.86709); 63(0.29586); 64(0.29855); 65(3.22738); 66(6.36338); 67(2.69329); 68(3.31078); 69(6.67069); 70(2.21265); 71(1.46076); 72(0.69518); 73(1.27352); 74(1.37438); 75(2.74453); 76(2.35331); 77(1.47016); 78(4.60768); 79(4.56185); 80(2.01505); 81(2.2134); 82(8.82638); 83(7.58159); 84(3.14869); 85(1.52978); 86(0.55867); 87(8.65663); 88(8.78122); 89(0.68944); 90(5.63626); 91(0.80086); 92(5.35375); 93(2.6927); 94(7.10196); 95(4.90309); 96(7.96484); 97(0.44472); 98(6.49462); 99(7.81457); 100(4.93094); 101(6.72845); 102(2.78251); 103(0.6908); 104(6.56541); 105(4.55058); 106(7.28186); 107(8.47461); 108(7.03495); 109(4.29767); 110(8.16586); 111(7.76461); 112(6.49493); 113(2.29179); 114(2.16554); 115(6.3468); 116(3.00669); 117(1.78971); 118(4.99772); 119(8.37398); 120(7.78973); 121(8.38082); 122(0.3232); 123(1.22229); 124(6.14663); 125(0.9689); 126(8.1459); 127(1.28301); 128(0.41); 129(0.32903); 130(6.52134); 131(5.31527); 132(6.04758); 133(0.11812); 134(6.97091); 135(6.44187); 136(5.8593); 137(3.586); 138(6.2908); 139(7.39124); 140(3.48433); 141(7.52426); 142(1.93839); 143(6.62206); 144(4.82977); 145(1.02466); 146(5.34767); 147(3.06943); 148(7.88677); 149(4.35706); 150(7.84405); 151(1.94414); 152(7.18777); 153(5.41615); 154(3.26228); 155(3.64105); 156(3.71469); 157(0.69621); 158(3.25729); 159(3.93077); 160(5.78576); 161(7.97789); 162(7.27119); 163(6.10147); 164(3.30482); 165(6.28772); 166(6.39184); 167(5.29365); 168(3.85666); 169(6.91753); 170(6.25605); 171(4.87831); 172(6.10573); 173(6.7003); 174(8.82314); 175(1.41745); 176(7.57603); 177(2.77887); 178(2.68794); 179(4.29605); 180(5.75062); 181(6.94235); 182(5.52143); 183(3.10571); 184(0.12722); 185(1.20077); 186(7.80906); 187(4.39047); 188(8.10273); 189(4.52549); 190(3.88993); 191(0.70099); 192(3.24197); 193(2.19755); 194(3.19572); 195(5.91698); 196(0.59614); 197(4.31995); 198(2.24393); 199(6.08294); 200(1.5702); 201(8.05996); 202(2.74073); 203(8.90623); 204(8.16308); 205(6.85321); 206(2.85238); 207(7.40655); 208(5.90162); 209(7.85886); 210(3.31196); 211(2.22338); 212(1.68138); 213(8.10193); 214(5.09016); 215(5.22824); 216(0.35169); 217(1.41413); 218(6.72217); 219(8.92272); 220(2.90217); 221(4.18626); 222(3.45041); 223(8.46304); 224(3.88349); 225(4.26506); 226(8.24851); 227(5.75297); 228(6.80759); 229(5.877); 230(8.38768); 231(1.44941); 232(6.70774); 233(4.9813); 234(1.55232); 235(1.28563); 236(0.30361); 237(0.97645); 238(6.51681); 239(1.16968); 240(1.6521); 241(1.18257); 242(6.03512); 243(3.81036); 244(6.01819); 245(5.86806); 246(2.15601); 247(4.03536); 248(3.89174); 249(5.41272); 250(1.00594); 251(8.1987); 252(3.16272); 254(3.86961); 255(0.80319); 256(7.14445); 257(4.16676); 258(7.07069); 259(3.34832); 260(8.72909); 261(6.0983); 262(7.48673); 263(4.68006); 264(5.19362); 265(0.64399); 266(4.4014); 267(5.48673); 268(7.42991); 269(4.49837); 270(5.15926); 271(1.68868); 272(4.7878); 273(7.21847); 274(4.35783); 275(3.17668); 276(4.83588); 277(7.445); 278(2.11571); 279(5.84898); 280(4.35933); 281(6.32931); 282(1.5466); 283(0.6063); 284(5.14457); 285(6.83729); 286(5.11784); 287(7.46148); 288(2.89937); 289(6.17015); 290(8.56471); 291(5.63278); 292(3.53276); 293(2.33001); 294(6.71848); 295(4.88369); 296(7.60759); 297(4.91403); 298(0.15288); 299(0.03387),1368.92123,1368.92123,4.578331872909699,2.5361071152210335,8.99825,0.03387,0.4308992511431355,1
254,0(1.06796); 1(0.69079); 2(4.86155); 3(4.40081); 4(0.58387); 5(2.55352); 6(5.96708); 7(8.26666); 8(8.70403); 9(6.44603); 10(6.74385); 11(1.85978); 12(7.10157); 13(0.18649); 14(5.27977); 15(7.7646); 16(8.42644); 17(4.2889); 18(2.06011); 19(2.32647); 20(4.45022); 21(6.90605); 22(0.95094); 23(3.66591); 24(4.33374); 25(5.90216); 26(8.33828); 27(4.92317); 28(3.17587); 29(6.86192); 30(0.32756); 31(0.76726); 32(4.86231); 33(0.1857); 34(5.28492); 35(2.69401); 36(8.06868); 37(2.76831); 38(2.43536); 39(6.44909); 40(7.2392); 41(6.83716); 42(1.37776); 43(5.31823); 44(7.84096); 45(3.81038); 46(1.49861); 47(8.85237); 48(1.50316); 49(8.43195); 50(0.64968); 51(3.65616); 52(4.66163); 53(1.04103); 54(8.20213); 55(7.51); 56(7.9216); 57(1.24037); 58(4.77125); 59(7.24809); 60(4.98599); 61(7.25018); 62(8.3022); 63(4.44751); 64(7.93397); 65(8.2537); 66(8.70128); 67(1.41858); 68(3.64976); 69(1.56727); 70(6.4786); 71(0.54192); 72(5.41396); 73(7.33544); 74(0.58501); 75(7.2093); 76(6.96338); 77(5.94773); 78(0.54953); 79(2.63712); 80(6.61351); 81(3.89544); 82(3.66035); 83(0.32622); 84(3.21338); 85(5.87804); 86(5.84247); 87(2.48492); 88(4.8974); 89(8.42614); 90(8.01731); 91(7.6118); 92(4.2926); 93(2.73356); 94(8.07306); 95(0.15555); 96(1.728); 97(4.02794); 98(8.16918); 99(0.54326); 100(3.89332); 101(3.02049); 102(0.10224); 103(1.54015); 104(7.7649); 105(7.60312); 106(2.51157); 107(5.12581); 108(6.46856); 109(6.1212); 110(8.21271); 111(5.11592); 112(2.18106); 113(4.45804); 114(4.97928); 115(8.85275); 116(1.12312); 117(7.82074); 118(5.05586); 119(6.16738); 120(0.74206); 121(4.94468); 122(0.26301); 123(7.81055); 124(6.02042); 125(4.46795); 126(3.11449); 127(5.39855); 128(7.11975); 129(7.95887); 130(8.17772); 131(1.69196); 132(3.08924); 133(3.88015); 134(2.97767); 135(1.09933); 136(1.43209); 137(0.90564); 138(7.3827); 139(1.47518); 140(0.13961); 141(5.58363); 142(6.85965); 143(3.10805); 144(1.35137); 145(0.54109); 146(8.6485); 147(3.33656); 148(3.17039); 149(7.24944); 150(6.68794); 151(4.04956); 152(3.39267); 153(3.17234); 154(2.72636); 155(1.63215); 156(8.2046); 157(4.70265); 158(8.75912); 159(7.72944); 160(0.78193); 161(2.60219); 162(2.7709); 163(6.89304); 164(1.67061); 165(7.07495); 166(1.8503); 167(5.75757); 168(2.05937); 169(5.53234); 170(0.55857); 171(2.72722); 172(2.82259); 173(3.99937); 174(1.9012); 175(6.09997); 176(8.27138); 177(8.53682); 178(8.09549); 179(0.2581); 180(7.97183); 181(3.07263); 182(3.02935); 183(1.74335); 184(6.63279); 185(5.08888); 186(2.97045); 187(2.21708); 188(5.66145); 189(5.50332); 190(6.56877); 191(7.18544); 192(3.88058); 193(2.40328); 194(2.38334); 195(8.77402); 196(7.39918); 197(5.91569); 198(8.74054); 199(8.82502); 200(8.85656); 201(7.8507); 202(3.59444); 203(2.31981); 204(4.58904); 205(1.74629); 206(6.08919); 207(8.93782); 208(2.11621); 209(0.19511); 210(5.25408); 211(4.20128); 212(3.61563); 213(6.87841); 214(3.33286); 215(4.38512); 216(0.97309); 217(3.66725); 218(6.98954); 219(0.49283); 220(6.96584); 221(5.08977); 222(4.86673); 223(6.94502); 224(8.51087); 225(4.55139); 226(3.3815); 227(2.61006); 228(0.80202); 229(3.42824); 230(1.55959); 231(8.8978); 232(6.10472); 233(2.61522); 234(0.62201); 235(1.51341); 236(4.87002); 237(5.59583); 238(2.07526); 239(2.53015); 240(6.53281); 241(5.76325); 242(8.56439); 243(8.48596); 244(5.3982); 245(0.57059); 246(1.1815); 247(0.61496); 248(5.61828); 249(4.2548); 250(0.11788); 251(4.17105); 252(5.53661); 253(3.86961); 255(2.11612); 256(1.18591); 257(6.89946); 258(0.28675); 259(2.34038); 260(2.36235); 261(4.64945); 262(2.70847); 263(0.73758); 264(6.61055); 265(4.44434); 266(7.85565); 267(0.55947); 268(5.66814); 269(6.12982); 270(1.45028); 271(4.13348); 272(8.31924); 273(4.0303); 274(7.39924); 275(7.15258); 276(1.95053); 277(1.96959); 278(0.19966); 279(5.72818); 280(1.9254); 281(8.31086); 282(5.52226); 283(7.79324); 284(8.97315); 285(2.16472); 286(1.58132); 287(2.75473); 288(1.8618); 289(8.50122); 290(7.9093); 291(5.70831); 292(5.48532); 293(7.1231); 294(2.11907); 295(0.74308); 296(1.79604); 297(2.95709); 298(4.05124); 299(3.85315),1336.97479,1336.97479,4.471487591973244,2.6570919112565723,8.97315,0.10224,0.4187821292770503,1
255,0(6.09848); 1(1.89662); 2(8.11781); 3(3.03921); 4(5.09958); 5(0.54272); 6(3.87308); 7(7.56588); 8(1.95204); 9(5.26929); 10(3.69893); 11(4.24979); 12(7.91466); 13(8.13265); 14(5.48435); 15(0.92473); 16(0.65851); 17(3.65635); 18(7.44728); 19(6.77624); 20(8.10352); 21(7.25879); 22(4.69401); 23(0.0403); 24(8.10905); 25(8.07891); 26(6.44678); 27(3.19228); 28(4.22926); 29(0.59073); 30(2.31344); 31(8.8857); 32(5.91829); 33(2.11952); 34(4.72611); 35(4.18919); 36(1.01192); 37(5.94799); 38(5.26334); 39(5.24506); 40(5.84361); 41(0.10808); 42(6.90607); 43(7.73887); 44(0.41894); 45(4.88239); 46(0.91061); 47(4.56316); 48(1.53262); 49(7.34499); 50(0.91053); 51(4.28846); 52(1.98376); 53(8.21122); 54(0.14231); 55(1.90751); 56(7.13505); 57(3.35824); 58(5.88779); 59(8.2687); 60(7.63558); 61(5.56427); 62(0.25576); 63(5.08188); 64(2.18017); 65(8.03416); 66(4.48294); 67(0.90445); 68(3.66918); 69(2.06272); 70(6.33603); 71(2.31714); 72(6.75186); 73(0.20457); 74(4.58386); 75(8.71055); 76(7.57366); 77(0.08779); 78(6.0546); 79(3.28699); 80(2.11962); 81(4.44077); 82(3.22153); 83(6.30699); 84(7.13554); 85(7.41381); 86(8.96944); 87(0.56148); 88(6.04265); 89(3.23228); 90(0.12102); 91(8.37589); 92(5.95695); 93(6.71398); 94(2.34433); 95(0.22273); 96(8.07326); 97(8.39345); 98(4.89258); 99(5.92495); 100(2.64245); 101(4.73333); 102(0.99405); 103(5.72629); 104(3.91826); 105(2.25768); 106(1.35935); 107(0.20005); 108(1.62815); 109(8.80553); 110(8.07786); 111(6.88195); 112(5.91199); 113(8.69775); 114(2.77643); 115(7.1588); 116(4.22749); 117(3.83723); 118(2.57499); 119(6.92368); 120(4.26553); 121(8.0724); 122(3.70114); 123(1.74702); 124(6.04913); 125(2.66274); 126(5.49009); 127(0.84609); 128(2.32046); 129(8.26193); 130(2.40467); 131(4.03865); 132(2.06491); 133(2.90893); 134(5.51491); 135(0.12309); 136(4.85918); 137(7.19433); 138(5.17097); 139(1.27289); 140(5.89155); 141(5.72695); 142(7.40438); 143(1.04559); 144(5.6636); 145(0.67265); 146(3.33809); 147(0.11847); 148(6.53279); 149(8.11512); 150(7.74469); 151(5.38308); 152(1.28286); 153(6.1264); 154(4.93131); 155(5.38704); 156(4.19656); 157(6.80401); 158(0.4914); 159(6.47606); 160(0.65566); 161(0.8178); 162(8.14737); 163(5.14922); 164(0.44863); 165(6.16275); 166(6.52098); 167(3.18501); 168(4.3117); 169(7.86184); 170(2.50014); 171(6.81008); 172(8.50905); 173(4.97975); 174(0.31169); 175(4.32559); 176(3.42524); 177(3.69284); 178(2.01215); 179(5.54428); 180(3.40929); 181(8.12072); 182(3.61025); 183(8.07878); 184(8.0541); 185(0.81385); 186(0.65974); 187(3.96143); 188(8.77007); 189(0.73093); 190(3.24533); 191(3.89577); 192(4.30748); 193(6.16976); 194(8.9592); 195(1.53); 196(8.23545); 197(8.79819); 198(3.97873); 199(1.85146); 200(0.80082); 201(3.91399); 202(0.19032); 203(8.31712); 204(2.65989); 205(0.61945); 206(5.63489); 207(7.08259); 208(7.07797); 209(3.16057); 210(3.78567); 211(1.58644); 212(4.97658); 213(6.97984); 214(5.88382); 215(4.15788); 216(1.10707); 217(7.37879); 218(7.43855); 219(1.2544); 220(3.90955); 221(6.36457); 222(4.58713); 223(3.1432); 224(5.32251); 225(8.9668); 226(1.06929); 227(1.37863); 228(3.44621); 229(7.93291); 230(0.34489); 231(6.82799); 232(8.19296); 233(8.96279); 234(4.79961); 235(4.5051); 236(1.40491); 237(1.5267); 238(6.97049); 239(8.06104); 240(6.44292); 241(1.9385); 242(6.81168); 243(3.03578); 244(2.69914); 245(6.02597); 246(3.08966); 247(1.68825); 248(3.56134); 249(1.81274); 250(4.86665); 251(2.70462); 252(4.74435); 253(0.80319); 254(2.11612); 256(0.61615); 257(2.40886); 258(6.77714); 259(2.12759); 260(6.52851); 261(0.64202); 262(1.79962); 263(3.59458); 264(1.31469); 265(1.81382); 266(2.08375); 267(4.76535); 268(2.74023); 269(7.16534); 270(3.66863); 271(6.03367); 272(0.35223); 273(1.55246); 274(2.26032); 275(6.8105); 276(8.31798); 277(8.01976); 278(0.66751); 279(3.62542); 280(4.12734); 281(0.90455); 282(7.55917); 283(2.39372); 284(1.72251); 285(4.75847); 286(4.42822); 287(5.83005); 288(7.90597); 289(1.96707); 290(2.15766); 291(5.28093); 292(6.99067); 293(5.52915); 294(7.33075); 295(8.09595); 296(8.24307); 297(0.41116); 298(2.85342); 299(3.0126),1312.78738,1312.78738,4.390593244147158,2.6297489615416922,8.96944,0.0403,0.410852272457306,1
256,0(1.89065); 1(2.84861); 2(2.13916); 3(7.60371); 4(2.37455); 5(3.02199); 6(6.09805); 7(3.47982); 8(0.80295); 9(7.27289); 10(7.27788); 11(0.71755); 12(2.12699); 13(3.26853); 14(8.61605); 15(2.30992); 16(7.54838); 17(5.60852); 18(3.03222); 19(8.37549); 20(3.82728); 21(7.04468); 22(6.9013); 23(1.55531); 24(4.2059); 25(3.39243); 26(8.88447); 27(8.0919); 28(2.10316); 29(8.66343); 30(8.03505); 31(5.29144); 32(2.09838); 33(6.66655); 34(7.15363); 35(3.01635); 36(8.82978); 37(0.0111); 38(7.87672); 39(1.04115); 40(1.64313); 41(6.58301); 42(1.99867); 43(8.66574); 44(2.67843); 45(2.84231); 46(1.83988); 47(5.24306); 48(7.13812); 49(4.99915); 50(3.7805); 51(1.55586); 52(8.00346); 53(8.13261); 54(6.49755); 55(7.4797); 56(7.40204); 57(6.70838); 58(1.68113); 59(1.99517); 60(6.30251); 61(2.20216); 62(3.81148); 63(1.92582); 64(8.51783); 65(2.53522); 66(4.63336); 67(3.08868); 68(7.39834); 69(0.8087); 70(4.80843); 71(1.17592); 72(3.84757); 73(5.449); 74(3.27138); 75(3.91453); 76(2.69693); 77(3.07681); 78(1.62189); 79(4.34108); 80(1.58401); 81(4.64221); 82(4.7525); 83(4.10971); 84(8.15171); 85(7.85666); 86(7.76488); 87(6.935); 88(6.61989); 89(2.72651); 90(0.51592); 91(5.70527); 92(1.93055); 93(3.5585); 94(3.75954); 95(4.02688); 96(7.40276); 97(1.75813); 98(6.57397); 99(5.95261); 100(3.81488); 101(2.19801); 102(4.13175); 103(2.98508); 104(6.65752); 105(7.36527); 106(6.178); 107(3.42491); 108(0.83015); 109(1.56344); 110(2.69368); 111(6.87745); 112(4.33714); 113(8.438); 114(7.82038); 115(5.67768); 116(6.7289); 117(2.54591); 118(2.91759); 119(7.76815); 120(7.13785); 121(1.75794); 122(5.86458); 123(6.14859); 124(1.4532); 125(3.44133); 126(4.14721); 127(4.79601); 128(3.55959); 129(6.41769); 130(5.3686); 131(3.94502); 132(5.88767); 133(6.00265); 134(0.28606); 135(7.09522); 136(8.2836); 137(8.73427); 138(8.73411); 139(8.28598); 140(5.00483); 141(6.68241); 142(5.25963); 143(5.44203); 144(4.59183); 145(5.80973); 146(8.31783); 147(8.32282); 148(4.06804); 149(6.49683); 150(5.59147); 151(3.0444); 152(2.37928); 153(6.89765); 154(3.08778); 155(8.05216); 156(1.90304); 157(7.51635); 158(8.4615); 159(8.45912); 160(3.91478); 161(7.33996); 162(3.51929); 163(8.07602); 164(4.40646); 165(5.72105); 166(2.61926); 167(3.0132); 168(4.38943); 169(3.80869); 170(2.87192); 171(0.99841); 172(1.84129); 173(3.52455); 174(4.50372); 175(5.05114); 176(6.64884); 177(4.84729); 178(6.66449); 179(4.06936); 180(2.99944); 181(6.91064); 182(4.96425); 183(1.72518); 184(2.24363); 185(5.28336); 186(1.94491); 187(7.56742); 188(5.10019); 189(5.04278); 190(7.72613); 191(1.85594); 192(5.996); 193(7.2734); 194(4.43436); 195(7.70569); 196(7.83466); 197(2.28372); 198(5.60503); 199(0.45738); 200(5.59165); 201(1.65898); 202(7.66411); 203(7.25361); 204(7.25079); 205(3.03113); 206(1.75646); 207(7.21779); 208(2.80548); 209(8.45824); 210(0.5028); 211(2.48113); 212(4.97246); 213(2.33291); 214(0.20472); 215(8.2117); 216(3.37918); 217(1.56503); 218(5.5138); 219(3.68794); 220(1.2114); 221(8.10212); 222(5.1725); 223(4.50501); 224(5.35676); 225(4.2651); 226(8.6074); 227(8.26886); 228(7.59495); 229(0.9175); 230(0.66833); 231(4.83434); 232(7.31359); 233(5.18681); 234(5.15715); 235(4.72886); 236(5.75882); 237(3.2549); 238(6.76321); 239(2.73619); 240(8.20574); 241(6.89889); 242(6.67797); 243(7.87611); 244(3.81078); 245(0.70962); 246(4.13013); 247(8.9018); 248(8.71643); 249(3.17323); 250(0.03989); 251(7.80699); 252(4.04379); 253(7.14445); 254(1.18591); 255(0.61615); 257(7.60036); 258(4.88824); 259(2.08543); 260(8.37878); 261(2.62364); 262(3.57511); 263(0.27097); 264(0.80783); 265(2.22441); 266(8.71577); 267(2.48878); 268(0.29351); 269(3.11698); 270(5.69578); 271(4.77377); 272(4.60298); 273(0.93265); 274(7.30407); 275(8.67638); 276(6.60082); 277(4.35727); 278(6.54584); 279(3.0923); 280(0.49485); 281(8.90185); 282(3.58579); 283(6.8048); 284(6.97147); 285(1.89164); 286(8.519); 287(3.65151); 288(6.11872); 289(4.09574); 290(6.12245); 291(7.84046); 292(6.49698); 293(8.39954); 294(5.47184); 295(3.80349); 296(5.37492); 297(4.863); 298(0.63195); 299(2.3831),1428.15608,1428.15608,4.776441739130435,2.4753035465334867,8.90185,0.0111,0.4511392478099222,2
257,0(0.71637); 1(3.75948); 2(5.65397); 3(7.99197); 4(3.24237); 5(8.53998); 6(6.76295); 7(2.81723); 8(5.54268); 9(3.70121); 10(5.97909); 11(7.54307); 12(2.4193); 13(6.80402); 14(2.77134); 15(2.59145); 16(3.32543); 17(6.73539); 18(1.74161); 19(3.44711); 20(0.71556); 21(6.2598); 22(4.69212); 23(8.01478); 24(3.79143); 25(1.90901); 26(8.47847); 27(8.77345); 28(8.61252); 29(0.32699); 30(7.12933); 31(8.15325); 32(0.95667); 33(4.77777); 34(0.44614); 35(7.62566); 36(2.93034); 37(0.30365); 38(4.86743); 39(4.84994); 40(4.10491); 41(7.66552); 42(0.73734); 43(2.56176); 44(1.02907); 45(0.16506); 46(4.56277); 47(3.81465); 48(0.39126); 49(4.94327); 50(5.03931); 51(3.75233); 52(6.26871); 53(3.59903); 54(8.36095); 55(0.45695); 56(4.76354); 57(5.70726); 58(8.30178); 59(0.57136); 60(3.63706); 61(3.82944); 62(7.10238); 63(6.331); 64(3.41109); 65(1.48552); 66(7.00199); 67(4.28906); 68(4.83916); 69(0.76046); 70(5.75066); 71(2.01372); 72(8.01922); 73(2.7354); 74(7.95921); 75(6.1704); 76(5.00968); 77(4.45299); 78(4.86911); 79(3.52343); 80(3.02549); 81(5.84572); 82(7.34846); 83(0.91662); 84(3.60676); 85(7.59899); 86(1.99105); 87(0.76638); 88(3.45971); 89(1.41539); 90(7.81234); 91(2.39411); 92(1.69628); 93(4.1631); 94(4.50066); 95(5.19363); 96(1.74381); 97(2.93038); 98(1.67859); 99(8.1398); 100(6.5479); 101(8.95764); 102(5.0866); 103(7.166); 104(0.25476); 105(1.56691); 106(2.68689); 107(6.5746); 108(6.02093); 109(8.46061); 110(3.74527); 111(3.58158); 112(4.69771); 113(4.98807); 114(4.83846); 115(2.27676); 116(0.97271); 117(5.26847); 118(1.55409); 119(0.07788); 120(5.51686); 121(7.32668); 122(4.96456); 123(0.95772); 124(3.72741); 125(5.96858); 126(4.04637); 127(8.99395); 128(1.30314); 129(4.14998); 130(7.10482); 131(2.1356); 132(0.21108); 133(5.02336); 134(7.03396); 135(5.86041); 136(1.90731); 137(2.92003); 138(0.083); 139(3.78636); 140(8.7186); 141(3.1121); 142(4.53945); 143(8.52881); 144(0.05549); 145(5.24935); 146(0.75072); 147(0.03312); 148(3.9462); 149(3.23064); 150(4.19788); 151(1.39728); 152(3.23317); 153(6.54785); 154(1.47419); 155(5.40749); 156(8.78056); 157(3.67696); 158(7.89611); 159(3.73859); 160(3.14748); 161(5.42598); 162(8.27924); 163(6.75295); 164(8.23857); 165(8.02651); 166(8.49425); 167(7.3107); 168(7.56337); 169(0.09373); 170(3.36236); 171(2.96938); 172(6.07959); 173(7.23062); 174(7.08612); 175(7.90721); 176(8.7406); 177(2.84897); 178(8.79737); 179(7.8598); 180(7.04299); 181(6.4021); 182(3.34605); 183(3.7179); 184(4.12237); 185(0.78373); 186(6.41478); 187(3.34091); 188(4.77763); 189(5.26018); 190(1.37963); 191(6.29402); 192(6.61365); 193(3.73384); 194(2.80117); 195(8.271); 196(1.40323); 197(2.06367); 198(6.31927); 199(7.97393); 200(5.32945); 201(4.00159); 202(1.04983); 203(8.28998); 204(8.55869); 205(2.66056); 206(7.3519); 207(7.01248); 208(5.19061); 209(1.96356); 210(4.9846); 211(4.91375); 212(2.48886); 213(3.17312); 214(1.05222); 215(2.20712); 216(6.86135); 217(2.69535); 218(0.21535); 219(2.68804); 220(4.5395); 221(4.58016); 222(2.77648); 223(2.67437); 224(8.29816); 225(2.40529); 226(3.60814); 227(2.31671); 228(3.41139); 229(4.18534); 230(0.96853); 231(8.29454); 232(1.77103); 233(1.76915); 234(8.11213); 235(5.67232); 236(6.91196); 237(4.47723); 238(5.00907); 239(0.61789); 240(3.87056); 241(5.1715); 242(3.37215); 243(3.70112); 244(0.79938); 245(2.79337); 246(0.56244); 247(2.24516); 248(1.25672); 249(4.99789); 250(0.27477); 251(0.31621); 252(5.69862); 253(4.16676); 254(6.89946); 255(2.40886); 256(7.60036); 258(4.21035); 259(1.4443); 260(1.94682); 261(8.28091); 262(2.11375); 263(6.70824); 264(1.25133); 265(5.83012); 266(2.77323); 267(8.10377); 268(2.04953); 269(0.02599); 270(5.77048); 271(0.09919); 272(6.12326); 273(2.72481); 274(3.56524); 275(0.78496); 276(1.94189); 277(4.15629); 278(6.076); 279(7.90551); 280(8.84688); 281(1.06351); 282(7.64624); 283(8.04861); 284(3.29775); 285(0.04536); 286(3.87716); 287(7.04872); 288(1.07057); 289(7.72232); 290(1.99889); 291(6.81707); 292(3.23987); 293(8.44745); 294(1.71113); 295(4.99115); 296(3.49679); 297(7.24616); 298(8.95284); 299(1.72077),1305.45018,1305.45018,4.366054113712375,2.5753264394534456,8.99395,0.02599,0.4109844679094095,1
258,0(7.25835); 1(0.04828); 2(6.71104); 3(2.74144); 4(8.35761); 5(7.92083); 6(8.62588); 7(2.2498); 8(6.26533); 9(4.57163); 10(7.35915); 11(4.63904); 12(1.85139); 13(7.95975); 14(1.14567); 15(4.01009); 16(5.4119); 17(3.1613); 18(2.35976); 19(8.56128); 20(3.82091); 21(0.23598); 22(1.39838); 23(7.88028); 24(6.6759); 25(3.70344); 26(3.57938); 27(3.11866); 28(4.71624); 29(7.60742); 30(5.63578); 31(0.57281); 32(0.67347); 33(8.67917); 34(1.83044); 35(5.66184); 36(4.4905); 37(0.07272); 38(3.99439); 39(3.01664); 40(4.64888); 41(3.93863); 42(6.87728); 43(4.09467); 44(5.61466); 45(4.28353); 46(2.5348); 47(0.80576); 48(7.24465); 49(5.03778); 50(6.32529); 51(0.66112); 52(6.06229); 53(4.18717); 54(2.88068); 55(3.36446); 56(7.44415); 57(4.3583); 58(0.56664); 59(7.20043); 60(4.30806); 61(3.88705); 62(6.20679); 63(5.59582); 64(8.62167); 65(6.68739); 66(0.96783); 67(4.42616); 68(8.52241); 69(8.03046); 70(7.07896); 71(4.93724); 72(0.57488); 73(8.92646); 74(5.39104); 75(5.17219); 76(6.45153); 77(8.36901); 78(7.51067); 79(1.59786); 80(4.41596); 81(0.5571); 82(5.67586); 83(1.32723); 84(3.37738); 85(7.0138); 86(1.81602); 87(0.52756); 88(8.79893); 89(7.25191); 90(5.04759); 91(4.94727); 92(1.4577); 93(8.08217); 94(5.00083); 95(5.97982); 96(8.05735); 97(3.97357); 98(6.65907); 99(7.52862); 100(5.63947); 101(6.80512); 102(8.1203); 103(4.16977); 104(5.32645); 105(0.11424); 106(5.43062); 107(1.77284); 108(0.17614); 109(8.30199); 110(7.8502); 111(5.53071); 112(4.40075); 113(4.2812); 114(5.55393); 115(2.83648); 116(1.55483); 117(3.37088); 118(7.723); 119(0.23753); 120(7.30262); 121(6.66016); 122(6.1751); 123(3.49472); 124(0.02319); 125(2.91591); 126(1.41093); 127(6.09882); 128(7.15488); 129(3.99012); 130(6.81144); 131(1.57338); 132(1.43298); 133(7.01008); 134(0.04727); 135(4.82678); 136(1.66623); 137(1.15933); 138(7.10556); 139(3.26727); 140(7.05943); 141(4.37027); 142(1.42275); 143(6.70642); 144(7.18332); 145(1.57628); 146(8.07142); 147(2.79264); 148(5.65095); 149(6.87157); 150(7.99351); 151(0.99965); 152(1.61113); 153(6.78447); 154(6.55448); 155(8.09868); 156(2.04547); 157(3.02658); 158(6.71504); 159(5.11786); 160(8.71139); 161(5.94908); 162(4.66808); 163(2.6955); 164(7.54445); 165(5.91003); 166(0.41415); 167(2.52159); 168(6.5997); 169(7.45471); 170(3.69923); 171(4.56588); 172(8.24253); 173(2.72486); 174(3.82092); 175(3.87555); 176(8.28834); 177(2.28944); 178(1.14999); 179(1.38346); 180(4.7598); 181(0.37773); 182(8.39433); 183(0.77711); 184(0.16024); 185(6.12703); 186(2.4649); 187(1.73211); 188(8.80239); 189(1.12662); 190(3.55475); 191(4.24651); 192(0.26661); 193(4.81868); 194(6.80766); 195(5.67897); 196(6.88856); 197(3.06965); 198(7.97156); 199(8.56909); 200(8.65389); 201(1.19255); 202(1.76916); 203(4.47911); 204(7.57757); 205(2.4778); 206(8.19879); 207(6.88474); 208(6.42782); 209(8.51962); 210(5.33685); 211(1.17833); 212(1.39983); 213(2.65012); 214(2.7482); 215(1.66717); 216(7.7869); 217(2.06357); 218(0.68223); 219(7.73517); 220(0.34365); 221(8.18436); 222(7.3174); 223(3.65879); 224(7.2192); 225(2.46225); 226(6.82913); 227(4.79508); 228(6.90404); 229(4.08663); 230(3.21125); 231(0.54403); 232(6.24761); 233(5.16198); 234(1.83053); 235(3.93726); 236(2.78673); 237(6.49075); 238(1.0638); 239(5.19658); 240(6.83205); 241(4.8898); 242(6.76495); 243(2.07916); 244(7.50296); 245(7.00667); 246(8.19748); 247(8.30001); 248(1.01703); 249(3.90212); 250(1.1372); 251(3.38007); 252(4.20841); 253(7.07069); 254(0.28675); 255(6.77714); 256(4.88824); 257(4.21035); 259(2.84207); 260(4.46122); 261(1.90151); 262(3.3743); 263(1.75449); 264(4.56144); 265(7.62962); 266(6.36016); 267(0.53926); 268(0.81817); 269(3.12765); 270(4.34051); 271(6.41965); 272(1.71066); 273(8.29907); 274(2.74127); 275(5.26047); 276(2.20151); 277(5.2744); 278(4.927); 279(7.52762); 280(1.86599); 281(6.54921); 282(3.93889); 283(6.43966); 284(5.79469); 285(2.84321); 286(8.56077); 287(0.98418); 288(3.12174); 289(3.1637); 290(7.96274); 291(6.34813); 292(0.92338); 293(2.81981); 294(8.05358); 295(5.35157); 296(1.42453); 297(2.83126); 298(7.8449); 299(5.6386),1371.22672,1371.22672,4.586042541806019,2.5683889618269156,8.92646,0.02319,0.4285585622752677,1
259,0(2.27173); 1(8.30672); 2(1.82783); 3(6.35703); 4(1.33998); 5(2.29361); 6(7.46243); 7(5.15153); 8(2.73958); 9(8.93366); 10(8.22153); 11(8.00444); 12(0.6724); 13(1.14918); 14(4.47603); 15(3.96945); 16(6.02042); 17(2.45823); 18(4.96297); 19(5.07883); 20(1.92681); 21(6.86564); 22(0.94036); 23(6.16861); 24(8.56542); 25(8.024); 26(8.89598); 27(5.02367); 28(1.3578); 29(8.82802); 30(8.75525); 31(0.95072); 32(8.11021); 33(8.45059); 34(0.50981); 35(4.56717); 36(2.24286); 37(7.28222); 38(4.98685); 39(7.68349); 40(3.41907); 41(4.72573); 42(6.44171); 43(4.8573); 44(6.96184); 45(0.87482); 46(7.40036); 47(3.40864); 48(0.23008); 49(4.50198); 50(0.40983); 51(8.39791); 52(8.85474); 53(0.4547); 54(8.09706); 55(2.76976); 56(5.63649); 57(8.39248); 58(6.49804); 59(1.7389); 60(7.6075); 61(0.06629); 62(6.97469); 63(3.83177); 64(7.53074); 65(1.59527); 66(7.68756); 67(8.18977); 68(4.03606); 69(8.12675); 70(0.72019); 71(1.578); 72(1.62668); 73(5.30711); 74(4.33584); 75(3.75525); 76(6.99819); 77(1.16965); 78(1.18201); 79(3.12485); 80(3.36802); 81(7.29394); 82(8.42537); 83(4.10719); 84(3.44405); 85(0.66165); 86(7.36169); 87(1.44366); 88(3.39133); 89(4.13775); 90(3.21879); 91(4.73383); 92(6.02787); 93(2.91968); 94(1.49975); 95(3.9844); 96(4.91789); 97(2.66056); 98(1.76961); 99(5.72882); 100(4.39922); 101(1.04253); 102(4.64172); 103(1.20652); 104(4.8944); 105(1.94442); 106(5.19469); 107(1.77636); 108(0.01755); 109(8.79624); 110(0.30061); 111(5.9935); 112(4.67552); 113(5.22258); 114(7.00581); 115(7.20246); 116(7.2191); 117(5.71359); 118(1.27002); 119(3.14667); 120(4.13102); 121(8.90863); 122(7.47519); 123(4.64414); 124(7.97244); 125(2.45937); 126(8.16474); 127(7.14612); 128(4.84628); 129(2.40233); 130(1.78834); 131(3.81516); 132(3.83349); 133(4.62928); 134(8.46905); 135(4.79685); 136(6.02054); 137(1.04234); 138(1.0299); 139(4.5505); 140(4.02999); 141(5.90462); 142(1.57639); 143(7.84815); 144(2.26173); 145(3.7298); 146(5.92873); 147(0.12486); 148(1.99673); 149(4.01703); 150(2.12603); 151(8.50045); 152(5.36331); 153(8.80333); 154(3.28296); 155(4.44285); 156(0.41205); 157(5.33227); 158(5.08598); 159(7.99988); 160(6.0624); 161(7.85809); 162(7.05173); 163(6.09008); 164(5.72517); 165(6.12354); 166(5.59955); 167(4.16463); 168(4.57827); 169(4.21059); 170(2.22696); 171(8.52162); 172(6.28297); 173(0.41261); 174(3.36111); 175(6.57403); 176(8.0862); 177(7.53574); 178(2.57782); 179(3.46216); 180(3.95274); 181(8.08282); 182(8.02847); 183(0.174); 184(3.86727); 185(3.80644); 186(6.54908); 187(2.65916); 188(1.95095); 189(6.50824); 190(8.61761); 191(6.349); 192(6.93941); 193(2.83568); 194(4.87492); 195(3.64459); 196(8.38831); 197(6.0813); 198(8.33189); 199(3.66035); 200(6.97751); 201(0.96267); 202(4.51045); 203(0.65224); 204(3.58647); 205(0.33747); 206(8.00982); 207(5.30398); 208(6.70518); 209(6.72103); 210(5.12375); 211(5.70655); 212(8.99503); 213(2.94414); 214(3.8876); 215(4.54005); 216(6.15489); 217(6.11348); 218(6.20549); 219(7.15638); 220(6.49376); 221(2.36645); 222(2.44514); 223(3.41225); 224(8.1063); 225(5.34321); 226(6.53138); 227(3.31826); 228(0.18775); 229(8.80471); 230(0.60952); 231(6.50437); 232(4.99266); 233(4.06526); 234(1.10214); 235(2.11434); 236(1.12905); 237(5.18975); 238(5.71706); 239(7.68762); 240(0.11324); 241(4.30119); 242(5.2748); 243(4.10398); 244(7.70224); 245(1.26964); 246(8.11038); 247(8.63886); 248(1.90095); 249(0.7757); 250(2.58959); 251(1.27682); 252(1.08064); 253(3.34832); 254(2.34038); 255(2.12759); 256(2.08543); 257(1.4443); 258(2.84207); 260(1.25273); 261(5.87091); 262(2.02233); 263(1.95422); 264(7.01961); 265(8.76424); 266(0.81142); 267(5.91598); 268(0.51592); 269(7.57168); 270(7.13251); 271(7.01168); 272(2.26994); 273(6.3566); 274(4.92044); 275(8.32793); 276(6.28684); 277(6.82761); 278(2.69115); 279(1.79461); 280(6.8063); 281(1.20181); 282(0.82456); 283(7.22657); 284(8.96895); 285(4.3768); 286(2.41324); 287(8.76223); 288(4.5121); 289(2.31817); 290(8.18024); 291(1.96543); 292(6.71224); 293(0.91296); 294(7.80458); 295(6.82177); 296(1.44725); 297(2.46879); 298(5.85727); 299(7.05171),1382.80098,1382.80098,4.624752441471572,2.614924360251845,8.99503,0.01755,0.4324330479040918,1
260,0(6.8008); 1(7.58833); 2(1.01047); 3(1.66589); 4(2.63826); 5(2.37449); 6(4.07251); 7(3.03353); 8(1.46408); 9(0.44302); 10(8.17887); 11(0.21702); 12(6.01116); 13(8.16851); 14(7.4437); 15(4.2679); 16(4.0642); 17(3.98007); 18(7.61935); 19(5.72843); 20(0.85809); 21(4.68909); 22(1.62984); 23(3.79747); 24(8.38571); 25(8.94549); 26(5.00391); 27(1.49238); 28(4.57488); 29(4.88968); 30(1.7004); 31(5.07682); 32(7.13604); 33(2.75803); 34(4.47901); 35(8.10446); 36(6.69331); 37(1.28295); 38(1.78383); 39(0.51951); 40(6.4556); 41(6.19998); 42(5.95185); 43(4.44483); 44(6.67191); 45(1.20029); 46(4.76057); 47(1.87725); 48(2.67063); 49(1.74908); 50(2.5456); 51(0.52714); 52(6.30219); 53(1.77273); 54(1.33878); 55(0.14229); 56(8.46773); 57(8.72474); 58(4.94303); 59(7.39547); 60(3.21645); 61(3.69892); 62(3.98977); 63(4.14627); 64(7.2493); 65(0.86188); 66(1.52715); 67(5.81445); 68(0.12059); 69(2.67041); 70(3.54165); 71(1.02095); 72(2.26832); 73(7.31158); 74(6.55415); 75(8.96953); 76(8.86677); 77(0.6733); 78(2.81582); 79(3.83113); 80(8.01341); 81(2.93919); 82(7.57206); 83(2.50638); 84(8.63731); 85(3.80836); 86(3.43225); 87(5.2327); 88(0.80127); 89(3.92719); 90(5.70873); 91(2.89194); 92(8.44645); 93(0.21583); 94(5.78091); 95(6.02406); 96(7.57534); 97(1.69338); 98(7.02532); 99(0.20172); 100(5.72132); 101(5.02845); 102(5.15571); 103(2.67468); 104(4.58369); 105(2.02147); 106(4.64583); 107(4.55935); 108(5.58076); 109(5.52856); 110(8.90227); 111(6.22541); 112(3.01489); 113(7.59634); 114(0.80511); 115(5.48264); 116(1.76466); 117(4.76788); 118(4.13958); 119(4.53036); 120(0.57938); 121(5.51479); 122(1.14744); 123(2.6823); 124(2.08625); 125(1.68423); 126(5.35901); 127(4.61202); 128(6.37586); 129(7.23162); 130(3.85432); 131(1.18782); 132(6.02909); 133(3.53998); 134(5.99367); 135(3.4727); 136(6.1586); 137(5.9057); 138(1.77732); 139(6.44697); 140(6.00701); 141(8.2059); 142(3.53646); 143(8.39972); 144(6.80116); 145(4.1156); 146(0.78541); 147(3.96824); 148(0.80529); 149(6.00283); 150(8.50441); 151(6.88953); 152(8.84739); 153(7.13899); 154(0.81877); 155(6.54803); 156(0.91962); 157(1.46771); 158(2.84078); 159(5.69147); 160(4.68209); 161(4.79738); 162(4.3123); 163(8.87649); 164(3.60711); 165(3.43927); 166(0.66463); 167(0.5594); 168(6.03081); 169(8.54179); 170(5.87557); 171(3.86503); 172(6.1162); 173(1.48104); 174(7.90312); 175(4.29398); 176(8.03191); 177(3.14704); 178(4.3354); 179(5.23041); 180(4.33276); 181(4.37785); 182(7.71292); 183(4.47717); 184(5.23801); 185(5.04539); 186(7.48619); 187(3.68568); 188(7.76846); 189(4.41098); 190(8.2085); 191(5.11703); 192(7.96137); 193(0.68893); 194(7.61035); 195(8.96939); 196(0.9105); 197(4.96258); 198(8.7873); 199(1.51887); 200(8.43111); 201(4.69821); 202(1.55346); 203(5.88892); 204(8.63378); 205(3.7373); 206(7.7299); 207(4.96764); 208(7.85522); 209(1.77168); 210(3.34644); 211(3.93623); 212(7.41905); 213(2.44324); 214(4.73347); 215(3.62461); 216(2.15654); 217(2.18674); 218(6.74398); 219(2.62372); 220(1.67005); 221(7.44572); 222(3.15998); 223(4.81315); 224(0.07492); 225(3.50745); 226(5.82854); 227(5.68771); 228(5.91894); 229(5.30961); 230(4.88426); 231(8.73854); 232(4.5273); 233(3.83925); 234(6.65622); 235(5.28339); 236(1.72258); 237(8.63718); 238(0.86171); 239(1.06857); 240(1.26163); 241(8.59541); 242(2.6519); 243(4.60152); 244(3.38636); 245(2.20059); 246(1.18207); 247(7.98409); 248(5.70824); 249(1.44971); 250(3.85823); 251(3.00476); 252(5.77406); 253(8.72909); 254(2.36235); 255(6.52851); 256(8.37878); 257(1.94682); 258(4.46122); 259(1.25273); 261(1.09049); 262(4.20037); 263(7.13488); 264(2.742); 265(1.73875); 266(8.12487); 267(6.40591); 268(7.34593); 269(0.13885); 270(4.16207); 271(6.25615); 272(6.13104); 273(4.7213); 274(2.84987); 275(1.35372); 276(2.30441); 277(2.13268); 278(5.79419); 279(7.25536); 280(2.93414); 281(4.05125); 282(3.48249); 283(5.85795); 284(5.23751); 285(6.5857); 286(1.38976); 287(1.9391); 288(0.10981); 289(1.99616); 290(0.06761); 291(0.57388); 292(7.8079); 293(7.67414); 294(6.44894); 295(2.91046); 296(7.8663); 297(6.57405); 298(4.00562); 299(8.20364),1341.05255,1341.05255,4.4851255852842815,2.518574625997339,8.96953,0.06761,0.4255809214663158,1
261,0(6.91746); 1(7.01309); 2(4.95392); 3(5.39143); 4(4.19929); 5(8.44416); 6(1.11989); 7(5.37554); 8(3.61932); 9(5.17737); 10(3.6617); 11(1.69976); 12(8.35213); 13(0.23271); 14(6.32382); 15(8.60155); 16(8.97787); 17(8.01363); 18(6.31853); 19(6.11813); 20(1.15473); 21(1.41745); 22(0.06503); 23(8.64058); 24(1.22346); 25(6.02073); 26(6.78313); 27(1.76806); 28(8.7972); 29(3.83521); 30(3.73926); 31(1.4062); 32(5.10206); 33(1.81155); 34(8.00775); 35(3.48072); 36(0.88985); 37(8.10574); 38(4.00736); 39(4.5562); 40(8.04833); 41(4.95151); 42(2.78438); 43(1.26585); 44(3.25444); 45(7.215); 46(8.63804); 47(8.0733); 48(5.50054); 49(3.40155); 50(4.67); 51(7.35221); 52(4.57024); 53(1.20642); 54(0.20361); 55(6.6414); 56(6.91333); 57(4.03445); 58(5.22321); 59(5.33583); 60(4.31882); 61(2.26363); 62(5.03786); 63(7.34593); 64(0.06063); 65(4.67125); 66(0.86659); 67(1.11758); 68(8.64222); 69(2.51134); 70(0.81429); 71(2.16956); 72(7.48415); 73(5.47944); 74(2.71143); 75(3.2915); 76(3.44059); 77(1.85016); 78(1.94678); 79(1.2689); 80(1.31495); 81(5.2855); 82(2.72095); 83(6.90445); 84(2.22884); 85(4.06841); 86(3.35055); 87(1.38554); 88(2.377); 89(0.64215); 90(7.32345); 91(2.73518); 92(7.5078); 93(3.97605); 94(6.81074); 95(8.41536); 96(1.98878); 97(4.77857); 98(3.15712); 99(7.8571); 100(3.65611); 101(7.16931); 102(1.71535); 103(7.90546); 104(1.58052); 105(1.18077); 106(1.38408); 107(7.03959); 108(8.9254); 109(2.47272); 110(3.80596); 111(4.86851); 112(2.15073); 113(6.75321); 114(3.10645); 115(5.69729); 116(2.39331); 117(8.70024); 118(2.62259); 119(4.27995); 120(2.72007); 121(8.15136); 122(4.29803); 123(3.55215); 124(1.98733); 125(5.2877); 126(4.79348); 127(0.36038); 128(2.07669); 129(3.49916); 130(4.04189); 131(3.7016); 132(1.90398); 133(2.07608); 134(4.16145); 135(2.45545); 136(3.08813); 137(8.63782); 138(4.54179); 139(4.09538); 140(0.40522); 141(3.31273); 142(4.5013); 143(5.98601); 144(5.41656); 145(2.59609); 146(7.29506); 147(4.55924); 148(0.37869); 149(1.15233); 150(1.55781); 151(1.05867); 152(6.71196); 153(5.19678); 154(6.83036); 155(5.62075); 156(2.11564); 157(7.80429); 158(2.34069); 159(3.36151); 160(5.43468); 161(3.05512); 162(2.28362); 163(8.83037); 164(2.34818); 165(5.05684); 166(5.10833); 167(4.94924); 168(5.66295); 169(5.55551); 170(8.75601); 171(7.99278); 172(3.80662); 173(3.75501); 174(0.91097); 175(4.50086); 176(0.91752); 177(7.2687); 178(7.92565); 179(6.61114); 180(4.42097); 181(2.54289); 182(0.49243); 183(6.11603); 184(3.91798); 185(8.67097); 186(8.99827); 187(4.48132); 188(4.01644); 189(0.82903); 190(4.18307); 191(5.36318); 192(1.47984); 193(3.87935); 194(7.98273); 195(6.78607); 196(8.27231); 197(6.81681); 198(0.33225); 199(2.91919); 200(8.47111); 201(2.37954); 202(5.50853); 203(4.903); 204(7.19148); 205(7.744); 206(3.54788); 207(5.66032); 208(8.24271); 209(0.0879); 210(1.70092); 211(2.37658); 212(5.12617); 213(1.39641); 214(1.21951); 215(4.80408); 216(2.36123); 217(5.55123); 218(5.83619); 219(2.53407); 220(0.67426); 221(6.09207); 222(1.83743); 223(8.72199); 224(5.09325); 225(4.80042); 226(8.42841); 227(7.0414); 228(5.92897); 229(1.14087); 230(2.65891); 231(1.36595); 232(6.92242); 233(1.92981); 234(7.5558); 235(6.92178); 236(1.39147); 237(1.46086); 238(0.54755); 239(6.39589); 240(3.0507); 241(6.42384); 242(4.53341); 243(4.99401); 244(0.09639); 245(3.9014); 246(0.05884); 247(1.20675); 248(7.61911); 249(8.20307); 250(7.16772); 251(4.57257); 252(2.88528); 253(6.0983); 254(4.64945); 255(0.64202); 256(2.62364); 257(8.28091); 258(1.90151); 259(5.87091); 260(1.09049); 262(5.90376); 263(7.66073); 264(1.56951); 265(3.6076); 266(7.82517); 267(1.75431); 268(4.60807); 269(4.39307); 270(0.9993); 271(5.7084); 272(5.64706); 273(0.13805); 274(6.59891); 275(5.21338); 276(5.80245); 277(3.50553); 278(7.94429); 279(6.78494); 280(3.82142); 281(6.99336); 282(3.04485); 283(5.59452); 284(4.31265); 285(3.94624); 286(6.85218); 287(5.30483); 288(6.72689); 289(5.83394); 290(5.11327); 291(7.31119); 292(2.17735); 293(0.74835); 294(5.57713); 295(4.07309); 296(1.62414); 297(3.15681); 298(7.32864); 299(6.64636),1318.27317,1318.27317,4.408940367892976,2.4872052238060207,8.99827,0.05884,0.42043854997936075,1
262,0(4.99073); 1(6.8788); 2(7.63902); 3(8.31618); 4(7.93022); 5(2.45943); 6(2.73425); 7(2.88465); 8(6.47938); 9(2.09169); 10(6.02259); 11(2.33945); 12(2.48486); 13(5.07252); 14(1.47799); 15(3.95883); 16(3.18762); 17(7.25579); 18(2.73075); 19(7.72902); 20(8.60727); 21(6.04088); 22(2.12336); 23(2.39227); 24(0.09922); 25(1.5984); 26(7.64568); 27(4.53073); 28(3.27318); 29(2.02231); 30(2.66415); 31(6.37035); 32(0.66056); 33(8.05617); 34(1.94922); 35(2.2753); 36(8.32713); 37(2.80924); 38(5.90153); 39(4.17668); 40(8.76039); 41(7.81465); 42(6.47418); 43(0.85201); 44(2.25); 45(3.19131); 46(0.56096); 47(5.08194); 48(1.83112); 49(3.26557); 50(0.97931); 51(6.24815); 52(5.61385); 53(2.47147); 54(1.03657); 55(0.34998); 56(6.17145); 57(4.2166); 58(8.18698); 59(7.45537); 60(6.51122); 61(2.04697); 62(3.84311); 63(7.53484); 64(3.42711); 65(2.20365); 66(3.53809); 67(3.08594); 68(4.10438); 69(1.32727); 70(0.75894); 71(3.08366); 72(5.99753); 73(6.55149); 74(6.03053); 75(4.28258); 76(2.62539); 77(0.68248); 78(4.96655); 79(7.25318); 80(5.09095); 81(2.48991); 82(0.98083); 83(4.1423); 84(1.33783); 85(4.63471); 86(4.72704); 87(3.19283); 88(0.82713); 89(8.6026); 90(8.28994); 91(1.79302); 92(5.59669); 93(6.44288); 94(2.12897); 95(8.21153); 96(6.36613); 97(4.63162); 98(1.73255); 99(2.22188); 100(8.64646); 101(0.98111); 102(3.43538); 103(1.91996); 104(4.58408); 105(5.4965); 106(3.95212); 107(8.50493); 108(0.96149); 109(7.46952); 110(3.06068); 111(0.8694); 112(3.42102); 113(0.52712); 114(4.73178); 115(2.3283); 116(4.99755); 117(0.32184); 118(6.46244); 119(5.82414); 120(3.41966); 121(6.55446); 122(7.47792); 123(4.53697); 124(4.85416); 125(0.25859); 126(1.79197); 127(0.03141); 128(5.84112); 129(4.11242); 130(2.24767); 131(4.48396); 132(1.56575); 133(2.8006); 134(7.723); 135(0.41953); 136(7.03555); 137(6.76034); 138(1.15722); 139(1.2324); 140(6.76056); 141(5.72472); 142(6.32432); 143(2.69566); 144(3.89854); 145(1.82792); 146(8.30199); 147(8.42405); 148(7.3497); 149(2.81146); 150(3.13883); 151(8.30542); 152(7.58411); 153(4.66592); 154(0.53757); 155(7.581); 156(6.32886); 157(1.30199); 158(4.78801); 159(7.25028); 160(4.98823); 161(5.49929); 162(4.91366); 163(3.95387); 164(5.6628); 165(5.52375); 166(1.38651); 167(6.38489); 168(3.39514); 169(8.28579); 170(7.8358); 171(5.00927); 172(2.38037); 173(3.79386); 174(0.63891); 175(5.38566); 176(0.80883); 177(5.00603); 178(2.3299); 179(8.61094); 180(1.00393); 181(6.14864); 182(5.52769); 183(6.48757); 184(3.81925); 185(1.91426); 186(7.17058); 187(3.66694); 188(5.473); 189(8.85844); 190(8.54568); 191(2.37541); 192(4.90205); 193(5.34694); 194(0.77574); 195(0.12301); 196(0.63336); 197(3.0028); 198(1.71311); 199(3.03258); 200(6.03484); 201(5.60853); 202(6.95058); 203(4.66252); 204(5.91); 205(7.34877); 206(0.30742); 207(0.27628); 208(5.17978); 209(1.01222); 210(5.47543); 211(5.68196); 212(1.2412); 213(5.93368); 214(3.57177); 215(5.47507); 216(0.48064); 217(5.31217); 218(8.76542); 219(7.63415); 220(6.41376); 221(2.02341); 222(5.05545); 223(3.20875); 224(5.91426); 225(8.78428); 226(8.9407); 227(5.03142); 228(2.49085); 229(3.73166); 230(4.10677); 231(2.68077); 232(0.48519); 233(8.33257); 234(0.04741); 235(3.33892); 236(4.21089); 237(0.36071); 238(0.1214); 239(0.49391); 240(5.09363); 241(7.69076); 242(5.99668); 243(5.07946); 244(1.79327); 245(3.91542); 246(3.47464); 247(5.65175); 248(4.76578); 249(1.13543); 250(6.98781); 251(1.18817); 252(8.08524); 253(7.48673); 254(2.70847); 255(1.79962); 256(3.57511); 257(2.11375); 258(3.3743); 259(2.02233); 260(4.20037); 261(5.90376); 263(0.50109); 264(4.3646); 265(3.40194); 266(5.71162); 267(4.85711); 268(1.54646); 269(6.50351); 270(1.2818); 271(0.01262); 272(3.96731); 273(6.63648); 274(6.13542); 275(6.4848); 276(3.68023); 277(6.71929); 278(5.04286); 279(5.26746); 280(2.93373); 281(5.97828); 282(3.29809); 283(7.9016); 284(0.66695); 285(3.64973); 286(1.53079); 287(6.15837); 288(1.8591); 289(4.65929); 290(0.25919); 291(0.72434); 292(5.49025); 293(1.75614); 294(0.21198); 295(0.08773); 296(4.25382); 297(6.09851); 298(1.25542); 299(2.05905),1248.63637,1248.63637,4.176041371237459,2.4857983070893384,8.9407,0.01262,0.3990880215166317,1
263,0(6.95978); 1(0.83658); 2(3.42766); 3(4.79945); 4(2.9104); 5(0.55672); 6(4.34112); 7(4.51405); 8(2.45087); 9(5.82754); 10(8.99823); 11(3.98486); 12(5.70387); 13(7.8948); 14(1.65004); 15(4.38499); 16(0.76728); 17(0.89005); 18(8.33491); 19(7.20219); 20(6.13283); 21(0.5444); 22(0.92995); 23(6.05929); 24(5.45222); 25(2.35842); 26(2.18808); 27(3.84159); 28(3.68207); 29(3.72274); 30(0.51575); 31(7.8504); 32(2.8139); 33(5.40169); 34(7.51075); 35(2.04436); 36(6.69466); 37(5.4165); 38(3.88218); 39(8.05709); 40(4.13591); 41(3.28143); 42(7.97246); 43(6.4068); 44(7.26197); 45(2.88036); 46(7.16712); 47(6.4922); 48(6.87192); 49(5.9717); 50(6.81123); 51(8.49398); 52(2.76252); 53(4.89124); 54(7.26433); 55(3.57999); 56(7.03082); 57(7.54944); 58(2.52556); 59(5.77607); 60(2.18672); 61(0.87516); 62(8.30299); 63(8.60395); 64(4.92465); 65(4.40621); 66(7.29768); 67(1.21803); 68(3.26005); 69(4.15124); 70(4.76889); 71(3.00966); 72(8.43991); 73(2.12156); 74(3.54375); 75(7.24348); 76(8.34209); 77(5.13604); 78(6.80753); 79(7.75686); 80(7.77747); 81(1.56681); 82(8.72181); 83(7.58711); 84(4.22308); 85(4.72443); 86(2.15179); 87(1.71528); 88(1.77795); 89(8.72837); 90(6.64671); 91(5.56308); 92(6.73017); 93(3.91713); 94(2.94911); 95(6.62629); 96(8.97583); 97(5.89834); 98(1.69867); 99(1.00483); 100(1.25914); 101(6.46038); 102(4.70806); 103(2.06468); 104(1.29135); 105(1.46726); 106(5.61679); 107(5.07813); 108(2.64039); 109(0.23654); 110(7.64382); 111(6.10055); 112(5.46096); 113(4.61365); 114(2.76108); 115(5.627); 116(8.78023); 117(3.90806); 118(8.93061); 119(3.11147); 120(3.19358); 121(6.75158); 122(2.93293); 123(4.74881); 124(4.06611); 125(5.39905); 126(2.8482); 127(0.71877); 128(4.11616); 129(0.34558); 130(4.80614); 131(8.13997); 132(3.56472); 133(6.17022); 134(0.00852); 135(2.76919); 136(1.35396); 137(0.3324); 138(1.18558); 139(6.19733); 140(5.71454); 141(3.42392); 142(3.97129); 143(3.8776); 144(4.33642); 145(7.08702); 146(3.53925); 147(0.90932); 148(4.87794); 149(5.1057); 150(6.65423); 151(4.31622); 152(7.55475); 153(3.29714); 154(4.58619); 155(4.04806); 156(5.31751); 157(5.16517); 158(5.38384); 159(3.51017); 160(6.07779); 161(0.89579); 162(7.22912); 163(4.84573); 164(7.78334); 165(3.68109); 166(2.25714); 167(2.19023); 168(2.68474); 169(6.56276); 170(2.18346); 171(4.36017); 172(3.36375); 173(3.44101); 174(0.15056); 175(3.13054); 176(2.44011); 177(4.85208); 178(7.93349); 179(2.91153); 180(1.99819); 181(1.55034); 182(6.66994); 183(6.33404); 184(1.32856); 185(5.81841); 186(7.50717); 187(6.54573); 188(8.80985); 189(6.77435); 190(1.81361); 191(8.1957); 192(0.25516); 193(5.85768); 194(5.73932); 195(2.02534); 196(8.29334); 197(0.33319); 198(1.61583); 199(3.01858); 200(0.03222); 201(3.39113); 202(5.32676); 203(7.77992); 204(1.09878); 205(0.34698); 206(2.68396); 207(4.31347); 208(2.59965); 209(4.54696); 210(7.58562); 211(1.8533); 212(5.32173); 213(5.00992); 214(4.22136); 215(1.98028); 216(6.78727); 217(4.61802); 218(2.52789); 219(7.83272); 220(7.77584); 221(5.71643); 222(2.77731); 223(7.70441); 224(4.04312); 225(8.4883); 226(4.21808); 227(0.24758); 228(8.92281); 229(6.75942); 230(2.73871); 231(6.42391); 232(8.81019); 233(4.73123); 234(6.47614); 235(8.97461); 236(3.16652); 237(0.1626); 238(5.67158); 239(2.89724); 240(8.78465); 241(6.97774); 242(4.61723); 243(5.75175); 244(6.04192); 245(8.87868); 246(7.30668); 247(5.60124); 248(4.92376); 249(1.47174); 250(4.64521); 251(0.4382); 252(0.23702); 253(4.68006); 254(0.73758); 255(3.59458); 256(0.27097); 257(6.70824); 258(1.75449); 259(1.95422); 260(7.13488); 261(7.66073); 262(0.50109); 264(1.03768); 265(2.48819); 266(5.01503); 267(4.76757); 268(2.90466); 269(5.9774); 270(7.67165); 271(7.9922); 272(3.83089); 273(7.45214); 274(3.58741); 275(8.69466); 276(6.55531); 277(6.97796); 278(3.27589); 279(5.0881); 280(8.22477); 281(8.43304); 282(6.41717); 283(4.97987); 284(8.85721); 285(6.6325); 286(6.46389); 287(6.18807); 288(7.66207); 289(3.30107); 290(1.00806); 291(7.75254); 292(7.96792); 293(0.32772); 294(4.62062); 295(3.44081); 296(0.40815); 297(6.78368); 298(0.54637); 299(4.07892),1382.23383,1382.23383,4.622855618729097,2.506298824481869,8.99823,0.00852,0.43440753619640854,1
264,0(6.16921); 1(4.79815); 2(6.16331); 3(0.39164); 4(2.09226); 5(3.62511); 6(6.66857); 7(0.13617); 8(5.09774); 9(4.98602); 10(0.51537); 11(8.97997); 12(4.61233); 13(1.46599); 14(0.30093); 15(6.45616); 16(3.44446); 17(2.8715); 18(7.15606); 19(5.51286); 20(4.44268); 21(4.79643); 22(0.96388); 23(3.74774); 24(4.52948); 25(1.90705); 26(4.27745); 27(6.62275); 28(7.86584); 29(2.75996); 30(0.47557); 31(1.25319); 32(1.45966); 33(6.37947); 34(0.40092); 35(8.18175); 36(7.33101); 37(7.35344); 38(4.70468); 39(6.15198); 40(2.11511); 41(8.87152); 42(1.30658); 43(0.28583); 44(8.49914); 45(6.41186); 46(1.77218); 47(4.20103); 48(4.4221); 49(7.74553); 50(5.21352); 51(8.14616); 52(0.77229); 53(1.27129); 54(7.65571); 55(6.29239); 56(4.79035); 57(6.88217); 58(1.79965); 59(6.84978); 60(2.74217); 61(4.8034); 62(6.40396); 63(5.43883); 64(1.79885); 65(6.00936); 66(2.3094); 67(3.61008); 68(7.74021); 69(5.48177); 70(4.95855); 71(1.29012); 72(0.97299); 73(5.76094); 74(2.27732); 75(0.96359); 76(3.24137); 77(8.20428); 78(6.56521); 79(5.42358); 80(5.25514); 81(4.34867); 82(2.99176); 83(6.95531); 84(1.14181); 85(4.09455); 86(8.11424); 87(8.5273); 88(1.85689); 89(0.21393); 90(2.42273); 91(1.10084); 92(6.52634); 93(2.01313); 94(1.46155); 95(7.22287); 96(0.6772); 97(6.76037); 98(0.7931); 99(5.79439); 100(1.60285); 101(5.44902); 102(4.85085); 103(7.56398); 104(3.33186); 105(4.56776); 106(5.25706); 107(0.64627); 108(3.96912); 109(3.97392); 110(4.16196); 111(7.46964); 112(5.41593); 113(0.6455); 114(6.792); 115(0.23539); 116(5.1456); 117(0.24659); 118(0.31878); 119(2.99715); 120(1.85156); 121(2.43355); 122(2.17684); 123(0.25461); 124(2.13859); 125(4.87609); 126(4.22623); 127(8.1362); 128(6.10541); 129(2.36374); 130(1.9296); 131(0.57395); 132(7.23264); 133(0.84737); 134(7.94586); 135(8.41201); 136(7.85318); 137(7.89643); 138(3.47762); 139(8.35202); 140(6.66059); 141(3.15068); 142(3.92689); 143(6.69707); 144(3.91135); 145(2.10396); 146(5.89977); 147(3.76471); 148(6.09559); 149(5.72042); 150(6.15991); 151(7.73107); 152(4.84047); 153(2.2248); 154(3.92766); 155(6.40362); 156(4.90467); 157(5.51267); 158(0.83554); 159(0.74161); 160(7.69133); 161(0.81368); 162(2.00392); 163(8.2336); 164(3.31566); 165(6.30837); 166(0.77732); 167(4.93579); 168(4.92849); 169(7.92863); 170(2.44317); 171(4.64309); 172(8.03717); 173(0.85258); 174(4.02682); 175(7.16285); 176(7.56979); 177(3.28886); 178(2.47848); 179(0.84388); 180(1.92152); 181(6.9554); 182(4.42933); 183(4.32064); 184(8.35413); 185(2.23509); 186(1.27994); 187(5.2911); 188(4.92825); 189(1.99769); 190(4.63361); 191(5.14098); 192(5.00575); 193(2.85353); 194(0.34395); 195(6.94705); 196(1.40904); 197(1.97762); 198(8.114); 199(5.62623); 200(0.67653); 201(6.87491); 202(6.39346); 203(2.45991); 204(2.75488); 205(7.98024); 206(5.93131); 207(7.13047); 208(5.81195); 209(8.07904); 210(5.01694); 211(5.0162); 212(2.88548); 213(2.48476); 214(7.19766); 215(8.32795); 216(3.39235); 217(1.06753); 218(0.35987); 219(1.72522); 220(7.46456); 221(1.01909); 222(1.24247); 223(3.99401); 224(7.26642); 225(5.20581); 226(4.60973); 227(6.29511); 228(0.30575); 229(0.99533); 230(1.85104); 231(1.02206); 232(7.2916); 233(7.94305); 234(0.85337); 235(0.11981); 236(2.25287); 237(0.80486); 238(3.61218); 239(2.59166); 240(7.5473); 241(8.86806); 242(8.88421); 243(7.4811); 244(8.47401); 245(5.80358); 246(2.37296); 247(8.84261); 248(4.35203); 249(4.1596); 250(8.53956); 251(1.57187); 252(5.54843); 253(5.19362); 254(6.61055); 255(1.31469); 256(0.80783); 257(1.25133); 258(4.56144); 259(7.01961); 260(2.742); 261(1.56951); 262(4.3646); 263(1.03768); 265(5.39305); 266(5.08484); 267(1.21353); 268(5.01405); 269(0.35296); 270(7.35274); 271(8.5581); 272(3.77662); 273(2.9738); 274(8.70831); 275(0.371); 276(2.51132); 277(7.65278); 278(6.81998); 279(7.04749); 280(3.79497); 281(5.69318); 282(6.86974); 283(8.91771); 284(1.53787); 285(5.6641); 286(7.7043); 287(0.76419); 288(6.13494); 289(4.75505); 290(6.22032); 291(7.3427); 292(2.466); 293(7.69882); 294(7.53727); 295(8.39801); 296(1.38321); 297(8.33478); 298(1.49609); 299(6.39082),1312.7674,1312.7674,4.390526421404682,2.6139203816776955,8.97997,0.11981,0.4132556259915167,1
265,0(5.89612); 1(2.42568); 2(0.54241); 3(3.61465); 4(3.02517); 5(6.96852); 6(3.762); 7(1.02673); 8(1.02073); 9(3.35611); 10(6.80657); 11(0.35844); 12(5.32195); 13(8.49877); 14(4.83541); 15(7.43666); 16(7.57996); 17(1.87068); 18(7.91513); 19(2.36074); 20(5.51823); 21(4.17492); 22(7.21209); 23(8.88749); 24(1.72152); 25(2.82822); 26(7.52049); 27(6.67059); 28(8.90322); 29(3.75877); 30(6.56149); 31(8.30971); 32(8.47007); 33(0.33017); 34(4.08865); 35(6.59738); 36(3.65074); 37(4.98122); 38(5.31938); 39(1.44389); 40(1.20489); 41(2.39889); 42(6.35456); 43(8.21623); 44(8.02738); 45(8.96353); 46(0.12987); 47(5.1088); 48(3.61189); 49(3.26258); 50(6.03037); 51(8.5027); 52(0.35719); 53(0.14241); 54(7.90416); 55(7.04716); 56(7.94858); 57(4.39844); 58(2.83644); 59(4.4921); 60(3.14057); 61(4.88042); 62(2.65053); 63(5.13368); 64(8.67075); 65(8.58026); 66(4.66023); 67(0.44317); 68(7.23081); 69(6.82772); 70(4.03452); 71(3.52298); 72(5.20811); 73(3.83821); 74(6.32537); 75(2.24262); 76(1.96629); 77(2.27591); 78(4.85093); 79(2.77247); 80(4.16193); 81(0.3858); 82(2.6005); 83(4.52403); 84(6.1793); 85(4.35458); 86(5.74702); 87(0.33869); 88(2.94189); 89(8.58522); 90(8.72026); 91(2.74002); 92(8.65064); 93(7.63356); 94(2.61182); 95(5.19962); 96(3.54944); 97(6.05675); 98(3.12335); 99(2.51162); 100(6.17782); 101(8.08094); 102(8.52613); 103(8.1084); 104(3.10789); 105(0.62488); 106(3.346); 107(2.15065); 108(1.6842); 109(7.33912); 110(0.37436); 111(6.56263); 112(3.15402); 113(0.96475); 114(7.58215); 115(2.27595); 116(2.13926); 117(2.1829); 118(8.79465); 119(8.92559); 120(1.55697); 121(2.22115); 122(3.56936); 123(4.00646); 124(0.92343); 125(7.28331); 126(4.76844); 127(3.00122); 128(4.56144); 129(8.60686); 130(7.87603); 131(0.97948); 132(6.59469); 133(5.99783); 134(5.84623); 135(7.48398); 136(1.21584); 137(5.18826); 138(5.82215); 139(1.41794); 140(8.33098); 141(1.26515); 142(6.54447); 143(8.90994); 144(5.73564); 145(8.98442); 146(8.68809); 147(4.24819); 148(3.81722); 149(2.1032); 150(7.01732); 151(2.19566); 152(5.02155); 153(4.17733); 154(3.39062); 155(0.58252); 156(0.34383); 157(4.91713); 158(4.23212); 159(4.39129); 160(5.3414); 161(4.79259); 162(7.47439); 163(7.31715); 164(6.81142); 165(6.29709); 166(7.86904); 167(0.88475); 168(3.91816); 169(7.44334); 170(6.5963); 171(2.48734); 172(3.41368); 173(8.8972); 174(8.70792); 175(5.27984); 176(7.24157); 177(0.73263); 178(6.2243); 179(0.00085); 180(6.7772); 181(1.45089); 182(4.80881); 183(3.37634); 184(4.81132); 185(0.45746); 186(3.01755); 187(8.70657); 188(3.11931); 189(2.91242); 190(8.83384); 191(6.67302); 192(3.89943); 193(8.42302); 194(1.34034); 195(4.39286); 196(4.55134); 197(1.1224); 198(4.38577); 199(7.24359); 200(4.59262); 201(4.55484); 202(6.35403); 203(5.92577); 204(6.74539); 205(8.36963); 206(7.37694); 207(5.81235); 208(3.05744); 209(4.54022); 210(6.21655); 211(1.38359); 212(8.20994); 213(5.83012); 214(0.54764); 215(2.12286); 216(6.41916); 217(0.48488); 218(0.92371); 219(7.90046); 220(3.66192); 221(8.69876); 222(5.49841); 223(0.4051); 224(4.06001); 225(7.16693); 226(4.04093); 227(1.27423); 228(8.14198); 229(5.80674); 230(4.12143); 231(5.6786); 232(6.13548); 233(4.10411); 234(6.94861); 235(0.73749); 236(8.59863); 237(4.91719); 238(2.81394); 239(8.44468); 240(6.04057); 241(6.17955); 242(2.97483); 243(5.75727); 244(0.84574); 245(3.79117); 246(3.68019); 247(3.48633); 248(8.32093); 249(7.87335); 250(5.51481); 251(6.05319); 252(8.17276); 253(0.64399); 254(4.44434); 255(1.81382); 256(2.22441); 257(5.83012); 258(7.62962); 259(8.76424); 260(1.73875); 261(3.6076); 262(3.40194); 263(2.48819); 264(5.39305); 266(7.17503); 267(0.27708); 268(1.81351); 269(5.56359); 270(7.62533); 271(4.44448); 272(5.24153); 273(5.47175); 274(1.94774); 275(3.47703); 276(7.46977); 277(8.99511); 278(2.18723); 279(3.95141); 280(5.09008); 281(3.00053); 282(4.76774); 283(2.34977); 284(6.61794); 285(1.60646); 286(4.40411); 287(1.10179); 288(5.47639); 289(8.12997); 290(0.08576); 291(6.23817); 292(4.88501); 293(7.5836); 294(6.37273); 295(5.1066); 296(5.37947); 297(0.35246); 298(7.31571); 299(8.86649),1418.00034,1418.00034,4.742476053511706,2.5746269133560045,8.99511,0.00085,0.44190022467904255,1
266,0(3.80849); 1(5.50073); 2(2.41685); 3(8.16969); 4(6.08068); 5(7.26063); 6(8.20729); 7(0.76747); 8(6.42518); 9(7.671); 10(4.48214); 11(4.86441); 12(5.09088); 13(2.85266); 14(0.14242); 15(8.74193); 16(7.20856); 17(7.42982); 18(8.77888); 19(4.9466); 20(2.48887); 21(8.82639); 22(2.33969); 23(5.27193); 24(3.13395); 25(1.81855); 26(1.77077); 27(7.62628); 28(5.34019); 29(6.75469); 30(5.24517); 31(2.85246); 32(0.00249); 33(0.78414); 34(0.07739); 35(7.71814); 36(4.42277); 37(0.77989); 38(5.86667); 39(5.06159); 40(6.97708); 41(2.82775); 42(3.65369); 43(4.27239); 44(4.34422); 45(0.7959); 46(5.48602); 47(2.29633); 48(8.77889); 49(6.94266); 50(8.82038); 51(6.43519); 52(2.69489); 53(5.80293); 54(8.50839); 55(7.82052); 56(6.35506); 57(0.9663); 58(1.06074); 59(5.02004); 60(7.68856); 61(4.3488); 62(2.34835); 63(0.0739); 64(3.71339); 65(0.00681); 66(2.37107); 67(1.03862); 68(3.10292); 69(4.06131); 70(6.42352); 71(6.98189); 72(8.41813); 73(1.1345); 74(3.50675); 75(3.03655); 76(6.64428); 77(8.26565); 78(0.10323); 79(3.76421); 80(5.28118); 81(1.15299); 82(0.65711); 83(1.80539); 84(4.85453); 85(4.30753); 86(5.83955); 87(3.07574); 88(5.3358); 89(4.7129); 90(7.28894); 91(3.71868); 92(2.98925); 93(8.03096); 94(1.25925); 95(0.48962); 96(4.00029); 97(4.54297); 98(5.75648); 99(3.14642); 100(7.71512); 101(1.81216); 102(8.31407); 103(5.13821); 104(1.62699); 105(7.61618); 106(7.29229); 107(8.11188); 108(8.86945); 109(8.25582); 110(3.53155); 111(3.38767); 112(5.87731); 113(6.13871); 114(1.07203); 115(5.17222); 116(2.12673); 117(3.90483); 118(2.55897); 119(8.31722); 120(2.45143); 121(8.89592); 122(8.05082); 123(4.24418); 124(1.02575); 125(7.86129); 126(6.49043); 127(3.11724); 128(7.6785); 129(1.18914); 130(4.17932); 131(8.11207); 132(1.80644); 133(4.19095); 134(4.21715); 135(2.68627); 136(5.81507); 137(5.22872); 138(2.25681); 139(7.43278); 140(5.25056); 141(8.60187); 142(6.55604); 143(6.47672); 144(3.74514); 145(6.2729); 146(2.42216); 147(1.41401); 148(3.83215); 149(7.39241); 150(0.78238); 151(6.70565); 152(6.73521); 153(2.63965); 154(2.44853); 155(5.0571); 156(0.71455); 157(6.84067); 158(5.8948); 159(4.0878); 160(0.47747); 161(4.53); 162(0.52178); 163(8.177); 164(8.37944); 165(0.92522); 166(6.28536); 167(3.13842); 168(3.69629); 169(1.2021); 170(7.5822); 171(3.05923); 172(5.49408); 173(5.71012); 174(5.87867); 175(0.80069); 176(0.11814); 177(4.80721); 178(1.60604); 179(7.33738); 180(5.96761); 181(8.83209); 182(5.99268); 183(2.89533); 184(4.47446); 185(1.48433); 186(3.26135); 187(8.08804); 188(7.09442); 189(4.05661); 190(8.9975); 191(5.56192); 192(4.65629); 193(0.42488); 194(3.19287); 195(6.10284); 196(3.50697); 197(5.59032); 198(4.71488); 199(6.07426); 200(2.1226); 201(0.65599); 202(2.00933); 203(4.39752); 204(4.40171); 205(3.53375); 206(7.07249); 207(8.12192); 208(8.06221); 209(4.8466); 210(3.34554); 211(6.26481); 212(2.05693); 213(0.12402); 214(8.00488); 215(6.93289); 216(7.81309); 217(3.79211); 218(4.74787); 219(6.49058); 220(6.91786); 221(5.43229); 222(8.84865); 223(0.93167); 224(7.63992); 225(7.6077); 226(3.08184); 227(3.37626); 228(0.4097); 229(6.27359); 230(0.66802); 231(4.27004); 232(5.76849); 233(4.8175); 234(0.83881); 235(0.49896); 236(7.80013); 237(8.78973); 238(7.40401); 239(2.43108); 240(0.20024); 241(2.00014); 242(2.58858); 243(8.64806); 244(5.29758); 245(8.34336); 246(4.49615); 247(2.61341); 248(2.72538); 249(8.40319); 250(8.27394); 251(3.79984); 252(0.7669); 253(4.4014); 254(7.85565); 255(2.08375); 256(8.71577); 257(2.77323); 258(6.36016); 259(0.81142); 260(8.12487); 261(7.82517); 262(5.71162); 263(5.01503); 264(5.08484); 265(7.17503); 267(2.38304); 268(1.01136); 269(1.24841); 270(6.23184); 271(8.3581); 272(8.69256); 273(4.41883); 274(2.86913); 275(8.45026); 276(8.19478); 277(6.69369); 278(1.85959); 279(6.22117); 280(0.99511); 281(6.13281); 282(5.34787); 283(5.0598); 284(7.99825); 285(8.94624); 286(6.48199); 287(1.96302); 288(2.87014); 289(6.36755); 290(2.01196); 291(7.70518); 292(5.82526); 293(5.88948); 294(7.76551); 295(3.17762); 296(7.59744); 297(8.37503); 298(7.9251); 299(4.67086),1420.93898,1420.93898,4.752304280936454,2.601079069903753,8.9975,0.00249,0.44079465672154,2
267,0(5.22593); 1(8.41045); 2(4.85529); 3(5.03513); 4(0.40364); 5(6.57697); 6(0.77316); 7(4.52499); 8(7.87439); 9(5.27252); 10(8.85793); 11(3.14844); 12(0.89127); 13(3.04683); 14(0.76536); 15(8.4637); 16(7.95726); 17(0.8011); 18(5.33934); 19(3.83609); 20(2.61593); 21(0.44303); 22(2.55123); 23(8.17933); 24(3.81393); 25(7.82319); 26(5.97037); 27(6.79766); 28(1.96694); 29(1.06416); 30(3.17968); 31(4.61403); 32(6.15132); 33(6.37959); 34(5.77491); 35(3.53404); 36(7.55877); 37(6.10115); 38(1.23984); 39(1.00842); 40(8.02916); 41(2.11829); 42(8.63473); 43(3.42623); 44(4.98038); 45(2.68523); 46(1.50839); 47(8.12734); 48(2.04752); 49(8.73991); 50(5.58823); 51(4.84341); 52(5.88171); 53(7.95794); 54(0.04462); 55(0.26139); 56(1.72553); 57(8.79916); 58(5.43924); 59(8.74553); 60(0.93201); 61(5.44821); 62(6.24343); 63(3.61385); 64(4.26266); 65(5.33859); 66(4.02994); 67(1.09311); 68(5.67231); 69(0.47718); 70(7.18049); 71(8.15695); 72(7.98766); 73(6.26325); 74(1.19447); 75(4.8877); 76(6.86447); 77(0.26505); 78(8.10586); 79(4.94521); 80(8.00203); 81(0.90004); 82(7.53425); 83(7.45271); 84(3.7096); 85(3.66978); 86(3.2719); 87(0.64416); 88(4.05247); 89(0.68246); 90(2.35922); 91(2.94476); 92(4.5076); 93(5.17557); 94(3.227); 95(1.84186); 96(8.65812); 97(4.14819); 98(6.54615); 99(0.71978); 100(0.75159); 101(7.2915); 102(4.05322); 103(4.02474); 104(5.81442); 105(3.73867); 106(1.56542); 107(3.92163); 108(8.38748); 109(1.6925); 110(2.94894); 111(1.03875); 112(1.38696); 113(1.30838); 114(8.49236); 115(3.46565); 116(1.114); 117(5.34611); 118(0.51539); 119(3.01622); 120(8.58332); 121(1.88136); 122(0.15972); 123(5.34173); 124(6.49441); 125(3.92395); 126(5.97069); 127(0.4244); 128(7.44197); 129(4.58072); 130(8.26348); 131(8.82679); 132(1.21231); 133(1.77276); 134(7.53751); 135(0.51342); 136(1.78585); 137(2.05375); 138(6.02475); 139(8.09678); 140(8.23713); 141(6.00348); 142(5.01125); 143(7.72331); 144(5.33296); 145(0.9911); 146(5.29233); 147(6.804); 148(7.70209); 149(5.82992); 150(3.49767); 151(4.63801); 152(8.84747); 153(1.55399); 154(6.56335); 155(1.77866); 156(6.62761); 157(4.56147); 158(2.07852); 159(7.29794); 160(3.80714); 161(0.2125); 162(7.53016); 163(5.64378); 164(5.35946); 165(2.87444); 166(8.99386); 167(4.06048); 168(0.91275); 169(7.94497); 170(2.5312); 171(2.92142); 172(0.15225); 173(4.42302); 174(4.0682); 175(4.02684); 176(0.21097); 177(1.81034); 178(5.93251); 179(2.34582); 180(8.53319); 181(8.40221); 182(6.93051); 183(8.65988); 184(3.97575); 185(2.12475); 186(2.82572); 187(2.30724); 188(2.87936); 189(8.4027); 190(0.34063); 191(5.1405); 192(4.37486); 193(0.79945); 194(1.66956); 195(0.89236); 196(4.56999); 197(1.11699); 198(0.1004); 199(0.84315); 200(7.88701); 201(8.28541); 202(7.28298); 203(5.58299); 204(0.02018); 205(4.65811); 206(7.00899); 207(2.17558); 208(4.26816); 209(1.47238); 210(6.64035); 211(7.60631); 212(6.45315); 213(3.50654); 214(3.88339); 215(8.40561); 216(8.63768); 217(3.26599); 218(3.86277); 219(8.47335); 220(6.15186); 221(4.61576); 222(4.36315); 223(3.06706); 224(1.89292); 225(3.89859); 226(1.94612); 227(8.57302); 228(3.39056); 229(0.2859); 230(4.01343); 231(7.68116); 232(2.07442); 233(5.52343); 234(2.36265); 235(0.98778); 236(5.6807); 237(6.44211); 238(2.49359); 239(2.59156); 240(5.79762); 241(0.45477); 242(8.36189); 243(1.81125); 244(1.4051); 245(3.59832); 246(8.63455); 247(3.93775); 248(0.97725); 249(7.45514); 250(6.09925); 251(7.40275); 252(4.34721); 253(5.48673); 254(0.55947); 255(4.76535); 256(2.48878); 257(8.10377); 258(0.53926); 259(5.91598); 260(6.40591); 261(1.75431); 262(4.85711); 263(4.76757); 264(1.21353); 265(0.27708); 266(2.38304); 268(6.43622); 269(2.56679); 270(3.70328); 271(8.47738); 272(3.27671); 273(8.06018); 274(4.42875); 275(5.30528); 276(8.58024); 277(8.45595); 278(8.12416); 279(8.01408); 280(5.67001); 281(4.3548); 282(8.22699); 283(4.62402); 284(1.93502); 285(7.26572); 286(4.76128); 287(5.15372); 288(3.77686); 289(8.72226); 290(0.85004); 291(3.47401); 292(2.88359); 293(0.32434); 294(5.38913); 295(8.5912); 296(5.4161); 297(1.41564); 298(2.56097); 299(4.36589),1331.61252,1331.61252,4.453553578595318,2.665046114577567,8.99386,0.02018,0.41597146069504143,1
268,0(1.43253); 1(0.4329); 2(7.3968); 3(6.03002); 4(5.61146); 5(0.8112); 6(3.78564); 7(3.99783); 8(8.446); 9(5.79886); 10(4.63681); 11(3.98483); 12(3.25177); 13(7.4922); 14(7.1967); 15(7.33543); 16(2.89728); 17(6.59726); 18(5.16011); 19(4.16775); 20(2.7232); 21(6.11229); 22(3.30476); 23(7.97068); 24(7.32547); 25(8.73719); 26(1.96653); 27(2.39147); 28(0.87624); 29(2.08161); 30(5.81297); 31(7.38602); 32(6.95376); 33(6.64083); 34(0.13365); 35(7.23651); 36(7.31158); 37(6.56203); 38(1.93632); 39(7.66762); 40(7.13106); 41(7.82353); 42(7.94595); 43(5.15224); 44(6.99855); 45(8.79078); 46(2.67191); 47(7.37836); 48(1.48129); 49(0.75899); 50(8.09136); 51(0.43201); 52(7.8138); 53(5.78928); 54(1.91642); 55(4.57574); 56(8.71844); 57(3.1391); 58(0.80027); 59(4.86885); 60(3.73501); 61(2.33546); 62(3.65715); 63(6.1647); 64(1.10351); 65(4.04057); 66(0.98721); 67(5.08424); 68(7.13573); 69(4.70315); 70(2.99385); 71(5.44247); 72(7.53869); 73(1.2858); 74(7.04955); 75(1.7019); 76(4.24031); 77(4.24908); 78(4.90997); 79(2.56992); 80(2.4162); 81(4.01431); 82(1.57018); 83(4.50538); 84(1.90302); 85(5.88727); 86(0.57502); 87(8.41831); 88(7.72072); 89(1.09401); 90(1.01831); 91(3.67884); 92(7.9551); 93(7.5387); 94(1.98038); 95(3.06578); 96(0.29083); 97(6.72471); 98(8.07687); 99(5.03968); 100(5.28888); 101(0.12365); 102(4.12189); 103(2.09408); 104(4.8822); 105(0.20521); 106(4.34959); 107(3.08169); 108(5.97571); 109(6.50193); 110(0.69725); 111(0.57402); 112(8.62688); 113(4.03453); 114(1.25786); 115(6.86871); 116(1.30359); 117(0.66823); 118(1.0504); 119(2.87793); 120(7.11584); 121(3.80545); 122(5.173); 123(6.84568); 124(1.10802); 125(4.23004); 126(5.33656); 127(7.59252); 128(5.78545); 129(6.41092); 130(1.48386); 131(4.94854); 132(8.4537); 133(6.18143); 134(3.71571); 135(6.61631); 136(4.1795); 137(5.16303); 138(2.01898); 139(3.53436); 140(2.14962); 141(3.15275); 142(1.24968); 143(1.99311); 144(1.4311); 145(6.03736); 146(8.74032); 147(8.76757); 148(1.38485); 149(5.41874); 150(3.53331); 151(2.61429); 152(4.71072); 153(8.52439); 154(2.97443); 155(0.79751); 156(3.30078); 157(1.25263); 158(1.27448); 159(0.78269); 160(5.73397); 161(8.34893); 162(3.62048); 163(1.84042); 164(3.05754); 165(4.30625); 166(8.35941); 167(0.87284); 168(1.45119); 169(6.7644); 170(7.71133); 171(1.51534); 172(0.01577); 173(0.1564); 174(4.9332); 175(0.05159); 176(0.61426); 177(6.89808); 178(3.8167); 179(8.82706); 180(2.5219); 181(5.99527); 182(0.0133); 183(7.50783); 184(8.57814); 185(1.66372); 186(2.69783); 187(5.98974); 188(6.01609); 189(2.97894); 190(0.9478); 191(2.80233); 192(4.83717); 193(5.36291); 194(7.07705); 195(0.27853); 196(2.40687); 197(4.94767); 198(6.5228); 199(8.74142); 200(3.99875); 201(0.70896); 202(4.08292); 203(4.65512); 204(7.64423); 205(8.64863); 206(4.31464); 207(0.30213); 208(6.46365); 209(1.32961); 210(0.758); 211(5.3535); 212(4.7144); 213(6.41817); 214(2.28701); 215(1.65521); 216(3.19648); 217(1.90533); 218(2.12214); 219(0.22162); 220(8.2298); 221(7.47346); 222(7.517); 223(0.85369); 224(5.02868); 225(5.53197); 226(6.82822); 227(3.5454); 228(4.50637); 229(8.12828); 230(1.58045); 231(0.73196); 232(5.01231); 233(5.66011); 234(6.22638); 235(8.64466); 236(7.73646); 237(1.13013); 238(2.83219); 239(6.04424); 240(3.80198); 241(1.59041); 242(2.60991); 243(2.68989); 244(6.31873); 245(6.78083); 246(5.71392); 247(7.63502); 248(0.7183); 249(1.36259); 250(0.93345); 251(7.64812); 252(6.55729); 253(7.42991); 254(5.66814); 255(2.74023); 256(0.29351); 257(2.04953); 258(0.81817); 259(0.51592); 260(7.34593); 261(4.60807); 262(1.54646); 263(2.90466); 264(5.01405); 265(1.81351); 266(1.01136); 267(6.43622); 269(7.32087); 270(5.62361); 271(6.67658); 272(7.93431); 273(8.48482); 274(3.42474); 275(3.17002); 276(0.22396); 277(7.17254); 278(7.76848); 279(8.68496); 280(0.07044); 281(5.88929); 282(2.16533); 283(8.0198); 284(6.71428); 285(3.51582); 286(1.04088); 287(3.66872); 288(4.38562); 289(6.47635); 290(8.69556); 291(3.13375); 292(1.55396); 293(0.60685); 294(7.92363); 295(0.35254); 296(5.5942); 297(7.14994); 298(6.82404); 299(6.47008),1300.7442,1300.7442,4.350315050167224,2.6436891887094527,8.82706,0.0133,0.4063753773718631,1
269,0(4.69901); 1(0.36258); 2(0.27094); 3(0.61387); 4(8.76468); 5(1.43458); 6(7.89085); 7(7.09133); 8(3.6022); 9(3.66718); 10(8.48232); 11(0.56024); 12(1.46295); 13(2.16421); 14(6.9967); 15(2.83926); 16(4.35045); 17(3.5845); 18(8.16795); 19(3.91624); 20(5.17715); 21(5.46402); 22(0.0282); 23(8.52396); 24(2.10936); 25(8.43707); 26(2.70454); 27(7.78558); 28(2.34859); 29(0.56449); 30(4.53822); 31(7.01476); 32(4.41438); 33(4.19834); 34(5.47303); 35(6.31133); 36(6.3918); 37(0.49254); 38(2.06536); 39(7.17612); 40(5.05371); 41(6.14424); 42(6.53675); 43(2.04444); 44(1.83309); 45(2.8185); 46(3.69904); 47(3.75895); 48(8.83044); 49(1.48893); 50(5.60336); 51(2.44423); 52(0.67523); 53(6.76562); 54(3.54275); 55(2.48455); 56(7.45239); 57(8.84447); 58(1.30135); 59(2.30319); 60(1.94805); 61(5.16288); 62(1.59887); 63(0.13844); 64(8.58078); 65(2.50671); 66(3.01056); 67(3.64738); 68(6.70527); 69(5.06741); 70(0.55952); 71(0.5398); 72(0.25285); 73(2.35695); 74(4.70932); 75(0.13122); 76(6.76535); 77(7.8449); 78(7.4836); 79(2.09243); 80(4.27715); 81(4.84074); 82(4.64514); 83(2.04154); 84(6.18359); 85(2.6589); 86(8.6211); 87(2.32615); 88(4.09687); 89(7.39045); 90(7.68911); 91(2.61856); 92(5.68205); 93(7.59613); 94(0.63493); 95(5.11051); 96(4.62961); 97(5.16454); 98(7.92772); 99(4.0589); 100(2.82158); 101(1.82251); 102(4.48873); 103(3.17565); 104(4.37827); 105(4.30835); 106(2.17313); 107(7.60033); 108(8.40643); 109(1.97925); 110(8.39758); 111(0.47076); 112(5.28115); 113(1.87404); 114(7.1344); 115(5.80424); 116(1.88848); 117(1.95361); 118(2.9797); 119(7.18337); 120(4.42127); 121(3.63265); 122(6.32788); 123(7.52105); 124(8.86625); 125(4.19329); 126(0.54228); 127(6.68387); 128(3.04365); 129(4.1309); 130(6.65494); 131(1.75791); 132(6.3115); 133(2.16715); 134(3.27479); 135(4.46782); 136(2.21714); 137(6.25297); 138(5.3171); 139(2.89767); 140(2.14621); 141(8.44094); 142(5.80539); 143(5.91954); 144(0.35505); 145(8.4598); 146(8.94936); 147(6.32899); 148(1.64221); 149(5.48938); 150(1.44576); 151(8.66037); 152(0.64979); 153(7.62673); 154(6.89052); 155(2.6389); 156(0.23834); 157(5.41671); 158(6.56569); 159(1.4462); 160(2.79449); 161(6.1014); 162(8.71788); 163(0.44842); 164(3.34302); 165(2.04378); 166(6.58821); 167(5.67931); 168(2.8398); 169(2.11945); 170(6.73022); 171(4.14944); 172(0.35034); 173(6.21689); 174(4.89288); 175(4.79863); 176(7.25469); 177(2.86355); 178(1.58052); 179(1.4271); 180(2.8445); 181(4.2573); 182(2.72338); 183(8.75416); 184(6.29071); 185(3.33854); 186(3.52661); 187(7.86067); 188(8.92634); 189(3.99077); 190(4.84983); 191(1.8266); 192(2.69684); 193(7.11255); 194(1.56144); 195(0.48322); 196(3.96277); 197(2.97457); 198(0.42953); 199(6.8252); 200(2.00281); 201(8.27482); 202(6.56973); 203(3.80155); 204(4.63371); 205(4.19655); 206(3.42358); 207(0.84585); 208(1.18503); 209(6.76065); 210(2.07823); 211(2.8706); 212(0.22063); 213(5.51976); 214(1.38427); 215(8.33129); 216(2.81171); 217(4.72238); 218(7.89157); 219(7.54798); 220(2.28674); 221(0.60508); 222(5.62469); 223(7.44356); 224(2.18191); 225(3.38213); 226(4.40798); 227(5.03452); 228(1.72412); 229(7.28177); 230(7.32768); 231(7.58766); 232(2.90258); 233(4.18233); 234(2.96665); 235(0.57444); 236(1.94324); 237(8.53341); 238(5.70642); 239(0.58018); 240(4.54483); 241(4.18131); 242(0.9078); 243(5.33612); 244(2.35318); 245(8.38094); 246(8.19421); 247(6.36546); 248(8.04966); 249(3.15145); 250(2.22484); 251(2.0936); 252(3.81425); 253(4.49837); 254(6.12982); 255(7.16534); 256(3.11698); 257(0.02599); 258(3.12765); 259(7.57168); 260(0.13885); 261(4.39307); 262(6.50351); 263(5.9774); 264(0.35296); 265(5.56359); 266(1.24841); 267(2.56679); 268(7.32087); 270(4.61375); 271(3.20332); 272(4.97154); 273(4.98253); 274(6.95329); 275(3.84757); 276(2.02364); 277(8.82659); 278(7.64823); 279(1.52038); 280(5.39499); 281(7.24727); 282(2.76419); 283(4.90327); 284(6.33233); 285(7.4772); 286(4.99326); 287(3.07943); 288(5.56094); 289(3.19368); 290(0.921); 291(6.92497); 292(3.42758); 293(3.82235); 294(7.37021); 295(6.39502); 296(4.27601); 297(0.22378); 298(8.04998); 299(1.20667),1295.96085,1295.96085,4.334317224080268,2.5324728158423713,8.94936,0.02599,0.4116940507990465,1
270,0(2.44753); 1(5.89799); 2(2.13986); 3(5.76958); 4(3.12029); 5(6.04842); 6(7.02346); 7(0.17931); 8(4.3375); 9(2.28357); 10(0.81706); 11(5.41011); 12(7.18326); 13(2.02734); 14(4.51216); 15(2.63934); 16(8.79934); 17(2.39876); 18(3.42803); 19(3.47967); 20(3.44228); 21(2.94106); 22(7.13538); 23(8.28286); 24(3.01383); 25(5.43378); 26(1.17899); 27(4.45849); 28(5.83129); 29(6.05505); 30(6.60888); 31(5.44722); 32(8.83743); 33(4.9753); 34(5.57562); 35(7.31495); 36(2.44914); 37(7.5016); 38(7.80774); 39(8.4264); 40(7.2019); 41(6.60198); 42(2.60331); 43(6.40816); 44(2.84218); 45(7.18006); 46(0.95527); 47(6.70689); 48(3.0973); 49(4.10043); 50(2.3293); 51(2.87457); 52(7.11564); 53(2.32789); 54(6.6318); 55(0.40948); 56(6.70335); 57(3.67552); 58(5.26747); 59(4.62881); 60(2.36654); 61(2.0335); 62(5.08556); 63(2.44211); 64(8.94494); 65(7.47415); 66(6.18517); 67(5.96729); 68(7.64665); 69(6.63104); 70(4.96007); 71(7.34145); 72(3.95567); 73(3.37458); 74(7.54435); 75(7.63578); 76(5.41802); 77(5.1566); 78(7.2581); 79(8.85268); 80(2.75808); 81(1.72124); 82(6.56545); 83(3.12159); 84(6.73368); 85(8.7279); 86(7.12601); 87(2.83644); 88(2.38009); 89(1.21971); 90(5.60076); 91(0.49311); 92(7.84207); 93(3.59483); 94(2.68083); 95(4.55029); 96(1.30539); 97(5.14262); 98(1.21146); 99(0.98818); 100(7.48689); 101(5.8218); 102(6.94487); 103(5.75929); 104(4.44153); 105(3.08577); 106(7.63915); 107(0.5814); 108(8.4766); 109(1.41626); 110(8.34102); 111(2.05342); 112(0.82266); 113(2.59107); 114(2.7991); 115(0.17386); 116(2.09239); 117(4.62677); 118(3.27265); 119(0.79611); 120(8.75318); 121(3.73972); 122(8.59442); 123(0.71319); 124(5.80596); 125(1.12971); 126(6.88538); 127(8.89538); 128(3.0774); 129(6.65255); 130(2.93707); 131(7.11175); 132(0.78181); 133(7.0094); 134(6.77127); 135(8.87329); 136(4.76479); 137(2.74175); 138(0.8654); 139(2.65637); 140(4.3175); 141(3.69613); 142(5.54242); 143(8.60975); 144(0.19924); 145(3.75132); 146(5.40695); 147(7.34696); 148(6.63751); 149(7.52344); 150(6.57335); 151(0.23637); 152(1.91913); 153(6.00353); 154(3.99846); 155(3.91513); 156(8.57234); 157(6.67144); 158(2.13889); 159(4.30536); 160(7.71539); 161(6.15262); 162(4.91948); 163(5.33958); 164(5.60991); 165(2.23452); 166(2.8709); 167(8.2072); 168(1.39833); 169(5.25927); 170(5.16804); 171(7.91604); 172(8.04061); 173(0.55539); 174(3.75689); 175(4.01696); 176(1.14166); 177(0.66317); 178(3.56744); 179(1.25837); 180(2.9115); 181(2.92031); 182(5.23054); 183(3.05488); 184(5.87554); 185(2.07183); 186(2.32575); 187(2.58546); 188(0.66773); 189(1.97665); 190(8.33958); 191(0.02244); 192(2.47865); 193(4.10783); 194(6.59199); 195(6.2232); 196(2.24817); 197(3.30203); 198(2.11941); 199(2.54501); 200(2.45514); 201(0.9501); 202(8.18414); 203(6.25064); 204(8.02158); 205(2.63225); 206(5.3589); 207(0.11576); 208(4.48235); 209(6.61118); 210(8.20298); 211(4.21889); 212(5.7769); 213(1.81344); 214(4.88566); 215(2.43374); 216(4.78869); 217(0.00134); 218(3.19259); 219(4.77325); 220(5.3238); 221(8.70079); 222(1.90382); 223(7.45997); 224(7.97117); 225(3.81043); 226(4.00545); 227(4.18517); 228(3.21519); 229(2.26491); 230(2.0202); 231(1.59077); 232(8.78829); 233(2.96636); 234(8.39229); 235(7.80072); 236(8.01808); 237(4.46696); 238(3.44561); 239(5.03401); 240(0.29843); 241(4.60841); 242(8.33609); 243(2.17747); 244(7.38431); 245(7.62658); 246(7.43997); 247(8.54227); 248(4.9359); 249(7.23582); 250(7.92231); 251(3.07663); 252(3.77682); 253(5.15926); 254(1.45028); 255(3.66863); 256(5.69578); 257(5.77048); 258(4.34051); 259(7.13251); 260(4.16207); 261(0.9993); 262(1.2818); 263(7.67165); 264(7.35274); 265(7.62533); 266(6.23184); 267(3.70328); 268(5.62361); 269(4.61375); 271(2.99673); 272(5.06429); 273(5.89166); 274(6.60496); 275(2.08047); 276(5.52685); 277(8.69873); 278(7.71693); 279(0.87781); 280(4.83875); 281(3.80246); 282(8.79501); 283(0.59266); 284(3.81588); 285(5.85771); 286(5.55855); 287(4.03098); 288(1.18863); 289(7.60415); 290(5.09801); 291(6.1461); 292(2.39817); 293(0.1402); 294(6.90948); 295(1.76549); 296(8.46996); 297(8.87147); 298(7.3095); 299(6.92292),1391.8649,1391.8649,4.6550665551839465,2.4967456529089165,8.94494,0.00134,0.43865730744126147,1
271,0(3.77995); 1(0.8033); 2(5.19332); 3(2.97024); 4(8.31722); 5(4.68556); 6(1.87477); 7(4.52021); 8(3.99694); 9(1.20482); 10(8.7809); 11(7.99981); 12(6.86931); 13(3.31438); 14(5.70927); 15(3.97784); 16(2.61598); 17(3.2839); 18(4.41965); 19(1.75679); 20(2.30689); 21(0.67544); 22(5.32812); 23(4.2626); 24(7.23096); 25(4.69108); 26(8.7066); 27(3.97389); 28(3.46736); 29(4.29572); 30(2.59957); 31(3.95414); 32(0.46246); 33(2.83253); 34(3.09581); 35(5.537); 36(8.03783); 37(3.40362); 38(7.22102); 39(8.61684); 40(3.82787); 41(5.38636); 42(5.679); 43(2.62295); 44(0.56433); 45(6.39479); 46(1.80763); 47(1.59204); 48(4.71495); 49(2.95027); 50(1.6807); 51(3.21711); 52(6.85238); 53(4.88906); 54(5.61825); 55(7.58609); 56(6.02225); 57(1.25793); 58(1.3109); 59(5.68946); 60(6.31832); 61(7.78105); 62(3.80837); 63(6.91815); 64(0.10868); 65(4.2294); 66(2.51101); 67(4.50901); 68(1.83722); 69(8.24631); 70(4.83919); 71(4.11539); 72(3.23236); 73(4.51722); 74(6.82485); 75(5.67157); 76(0.95332); 77(5.00797); 78(0.20006); 79(6.82807); 80(2.25095); 81(8.61575); 82(7.81152); 83(0.79791); 84(2.86614); 85(7.21264); 86(8.29771); 87(5.5264); 88(8.49929); 89(0.94609); 90(3.86877); 91(5.12528); 92(8.13263); 93(5.18145); 94(7.66691); 95(0.50549); 96(8.33874); 97(3.43685); 98(0.89295); 99(1.12688); 100(6.68732); 101(3.28328); 102(2.02331); 103(6.44301); 104(4.98954); 105(5.0206); 106(4.78347); 107(1.94521); 108(5.50882); 109(6.41419); 110(0.37677); 111(3.14467); 112(5.72057); 113(2.78286); 114(5.88361); 115(7.20945); 116(3.03709); 117(5.66295); 118(7.26099); 119(7.93031); 120(3.52651); 121(8.02334); 122(0.38013); 123(8.29613); 124(4.12035); 125(4.74077); 126(5.56173); 127(8.91764); 128(0.82143); 129(6.51183); 130(1.47565); 131(5.82795); 132(6.23802); 133(4.03492); 134(2.32261); 135(7.48186); 136(7.49649); 137(3.17148); 138(7.92447); 139(2.75967); 140(0.43063); 141(5.98083); 142(8.00877); 143(6.68876); 144(2.774); 145(4.54587); 146(5.11965); 147(0.6028); 148(6.59787); 149(3.63); 150(7.47982); 151(2.33492); 152(2.41819); 153(3.1128); 154(4.28869); 155(7.51758); 156(4.60099); 157(6.85169); 158(0.72053); 159(3.35992); 160(6.13978); 161(7.23501); 162(5.51498); 163(2.55032); 164(7.3115); 165(8.1994); 166(1.67863); 167(1.40994); 168(2.4999); 169(5.58826); 170(3.83197); 171(8.89269); 172(8.13086); 173(4.65364); 174(5.76893); 175(3.32023); 176(3.73062); 177(8.73391); 178(8.30087); 179(2.91909); 180(0.54972); 181(7.06572); 182(5.17062); 183(0.41197); 184(1.59418); 185(8.45828); 186(3.54511); 187(7.14133); 188(2.63006); 189(8.55571); 190(0.54264); 191(7.00141); 192(4.01558); 193(1.92586); 194(1.47262); 195(4.2205); 196(3.50583); 197(6.44967); 198(7.56325); 199(7.43983); 200(2.82473); 201(6.363); 202(2.52159); 203(8.74813); 204(7.89723); 205(0.45013); 206(7.48759); 207(1.6008); 208(3.38029); 209(0.03564); 210(7.18444); 211(1.31911); 212(2.87189); 213(0.86238); 214(6.971); 215(0.31005); 216(0.675); 217(7.8779); 218(4.80194); 219(0.83443); 220(2.55349); 221(1.05837); 222(7.11365); 223(5.13686); 224(0.54657); 225(2.07432); 226(8.90227); 227(3.54715); 228(8.37213); 229(1.48227); 230(1.47737); 231(3.75318); 232(4.77987); 233(2.79543); 234(5.08923); 235(6.89896); 236(0.2482); 237(4.23195); 238(5.2266); 239(7.21839); 240(4.85066); 241(6.17823); 242(6.53633); 243(1.55141); 244(5.88329); 245(0.56883); 246(1.70351); 247(7.41721); 248(4.18343); 249(3.02312); 250(8.38656); 251(0.52996); 252(3.64164); 253(1.68868); 254(4.13348); 255(6.03367); 256(4.77377); 257(0.09919); 258(6.41965); 259(7.01168); 260(6.25615); 261(5.7084); 262(0.01262); 263(7.9922); 264(8.5581); 265(4.44448); 266(8.3581); 267(8.47738); 268(6.67658); 269(3.20332); 270(2.99673); 272(6.5835); 273(6.04351); 274(8.21133); 275(3.99135); 276(6.72858); 277(7.632); 278(4.69539); 279(4.47288); 280(0.19211); 281(6.82289); 282(8.49922); 283(7.12691); 284(8.37926); 285(2.47315); 286(8.10899); 287(4.904); 288(6.20193); 289(2.78057); 290(5.70648); 291(1.74677); 292(7.15547); 293(5.05951); 294(7.13107); 295(6.98758); 296(8.87149); 297(7.53782); 298(4.29047); 299(5.63186),1389.25954,1389.25954,4.646352976588629,2.53690436195913,8.91764,0.01262,0.43519314548681975,1
272,0(5.48719); 1(1.47802); 2(1.04366); 3(1.57125); 4(2.23401); 5(2.29006); 6(8.87281); 7(1.00132); 8(5.4642); 9(0.28859); 10(8.75576); 11(4.9627); 12(7.29238); 13(3.48974); 14(3.27621); 15(6.26836); 16(0.03646); 17(8.06449); 18(3.67976); 19(6.10144); 20(6.28698); 21(2.45181); 22(1.13621); 23(8.51735); 24(2.93291); 25(3.2278); 26(8.24831); 27(1.24872); 28(1.43084); 29(1.95842); 30(4.37721); 31(6.77562); 32(0.77207); 33(7.20344); 34(4.77873); 35(8.74002); 36(0.75052); 37(5.74586); 38(7.75153); 39(3.19132); 40(7.46964); 41(6.5805); 42(1.154); 43(6.76725); 44(1.97182); 45(0.33246); 46(2.05544); 47(4.70836); 48(1.70164); 49(8.50789); 50(3.4062); 51(6.42364); 52(0.36777); 53(7.516); 54(1.63183); 55(6.89757); 56(2.56694); 57(2.65979); 58(1.92938); 59(5.69146); 60(5.79931); 61(7.23881); 62(5.33839); 63(4.27847); 64(1.06311); 65(3.99699); 66(3.6614); 67(3.75794); 68(0.51778); 69(3.17705); 70(1.77495); 71(8.30503); 72(0.99812); 73(8.33927); 74(8.41352); 75(7.65444); 76(6.10486); 77(0.09663); 78(5.88681); 79(3.70987); 80(0.68739); 81(7.84447); 82(0.57746); 83(4.13652); 84(2.6007); 85(1.71849); 86(4.55083); 87(1.21118); 88(5.80532); 89(2.6453); 90(8.37621); 91(8.33743); 92(5.53867); 93(6.46231); 94(5.56872); 95(5.42147); 96(3.28643); 97(4.86999); 98(3.63274); 99(4.62257); 100(1.13835); 101(4.83941); 102(5.93823); 103(2.95636); 104(3.52463); 105(8.91546); 106(2.29641); 107(3.64033); 108(5.2801); 109(4.34209); 110(7.12861); 111(1.77819); 112(8.68807); 113(2.67232); 114(6.46053); 115(8.98767); 116(2.27692); 117(0.51007); 118(5.05188); 119(7.52091); 120(3.96899); 121(8.45878); 122(2.86605); 123(6.01133); 124(5.65498); 125(0.27298); 126(8.51412); 127(5.11847); 128(6.2726); 129(7.97432); 130(6.98368); 131(6.78602); 132(7.6055); 133(8.41431); 134(0.85774); 135(4.41088); 136(0.26112); 137(3.96993); 138(6.17194); 139(7.05957); 140(3.54962); 141(3.47916); 142(6.1399); 143(4.71726); 144(2.43404); 145(4.57197); 146(5.50899); 147(1.20096); 148(4.91014); 149(8.73758); 150(3.91345); 151(2.95444); 152(6.25328); 153(0.68996); 154(4.03262); 155(1.24405); 156(0.08194); 157(6.37159); 158(2.44799); 159(6.60906); 160(1.57386); 161(8.24377); 162(5.25408); 163(1.50603); 164(3.76895); 165(0.21828); 166(2.22104); 167(2.59414); 168(2.78581); 169(5.11331); 170(7.71574); 171(8.56428); 172(2.09746); 173(8.42739); 174(3.74996); 175(0.75525); 176(7.08516); 177(0.22644); 178(4.38555); 179(3.64794); 180(7.90135); 181(6.47666); 182(8.29523); 183(1.58576); 184(7.64644); 185(4.16424); 186(8.98709); 187(8.32047); 188(2.36916); 189(2.3256); 190(3.21077); 191(3.60209); 192(1.09021); 193(7.59088); 194(3.16988); 195(2.52124); 196(6.50488); 197(7.08728); 198(2.41933); 199(7.14042); 200(6.89241); 201(4.78695); 202(2.29052); 203(2.44587); 204(4.56145); 205(6.10485); 206(7.40684); 207(7.66047); 208(5.35503); 209(2.4284); 210(5.88254); 211(3.10227); 212(1.0577); 213(5.35234); 214(5.91718); 215(6.0534); 216(2.35968); 217(6.66132); 218(5.42545); 219(1.98467); 220(4.5657); 221(3.56849); 222(8.52442); 223(1.57271); 224(4.48039); 225(0.73114); 226(6.32085); 227(8.99725); 228(7.67455); 229(7.10653); 230(0.05804); 231(2.19174); 232(5.70047); 233(2.52974); 234(0.26506); 235(7.69916); 236(7.39271); 237(8.07413); 238(1.99036); 239(3.3752); 240(1.03232); 241(5.44051); 242(1.84656); 243(4.24171); 244(8.82673); 245(2.99357); 246(3.98344); 247(3.30253); 248(7.80181); 249(5.9757); 250(2.00231); 251(5.09037); 252(6.63869); 253(4.7878); 254(8.31924); 255(0.35223); 256(4.60298); 257(6.12326); 258(1.71066); 259(2.26994); 260(6.13104); 261(5.64706); 262(3.96731); 263(3.83089); 264(3.77662); 265(5.24153); 266(8.69256); 267(3.27671); 268(7.93431); 269(4.97154); 270(5.06429); 271(6.5835); 273(1.5217); 274(7.7862); 275(0.47108); 276(6.23683); 277(8.46566); 278(6.20987); 279(2.60734); 280(1.25106); 281(8.56878); 282(8.62608); 283(5.16673); 284(8.95912); 285(5.73305); 286(2.70838); 287(5.91769); 288(4.86315); 289(3.30555); 290(2.2563); 291(1.24603); 292(0.79385); 293(4.97885); 294(2.7311); 295(0.4564); 296(3.96087); 297(2.46701); 298(6.69284); 299(8.97622),1353.26732,1353.26732,4.525977658862876,2.5812444626360946,8.99725,0.03646,0.42622519738066,2
273,0(7.99819); 1(3.07961); 2(3.7894); 3(3.43509); 4(4.94023); 5(3.65759); 6(4.1685); 7(1.07731); 8(5.60143); 9(8.52085); 10(3.28065); 11(8.92144); 12(1.82834); 13(2.61161); 14(1.0354); 15(5.58554); 16(8.23554); 17(2.28032); 18(1.19986); 19(8.50628); 20(5.59015); 21(0.21191); 22(2.25122); 23(1.69132); 24(2.8358); 25(3.73226); 26(7.56044); 27(6.28676); 28(8.40949); 29(5.86659); 30(3.10951); 31(4.47364); 32(3.55836); 33(0.10452); 34(1.29887); 35(3.80722); 36(1.23842); 37(6.99092); 38(1.69066); 39(8.27597); 40(2.8282); 41(6.98112); 42(4.88456); 43(1.93504); 44(1.71328); 45(2.58888); 46(4.27873); 47(6.92364); 48(3.91188); 49(5.88266); 50(4.96733); 51(0.20376); 52(4.1766); 53(3.11001); 54(0.54825); 55(0.1856); 56(0.9612); 57(4.27944); 58(7.75472); 59(0.23424); 60(6.59454); 61(8.5455); 62(4.56359); 63(3.52515); 64(3.96655); 65(3.27088); 66(7.96877); 67(2.18206); 68(8.04023); 69(0.84064); 70(3.23431); 71(2.95167); 72(4.33482); 73(4.65012); 74(1.38928); 75(8.32879); 76(3.87783); 77(8.42523); 78(4.5485); 79(8.10473); 80(0.06685); 81(4.37029); 82(1.36561); 83(8.60704); 84(2.63106); 85(5.251); 86(4.29643); 87(5.54141); 88(6.09428); 89(7.14949); 90(0.91357); 91(2.35244); 92(0.82463); 93(2.20058); 94(5.67677); 95(8.9029); 96(0.91113); 97(4.15507); 98(4.54369); 99(7.18017); 100(7.45589); 101(3.6969); 102(2.9348); 103(2.16849); 104(5.42346); 105(5.89322); 106(6.9692); 107(8.69876); 108(5.43108); 109(2.96267); 110(6.80655); 111(4.90683); 112(0.78001); 113(4.80883); 114(4.97423); 115(5.42803); 116(5.64837); 117(4.00125); 118(4.28893); 119(7.28662); 120(7.86531); 121(0.59197); 122(2.18424); 123(1.23664); 124(5.20793); 125(4.97972); 126(1.37276); 127(1.15564); 128(2.67798); 129(0.9841); 130(1.26184); 131(2.66569); 132(7.62627); 133(2.59584); 134(5.84241); 135(3.78927); 136(0.66638); 137(4.87485); 138(1.18036); 139(7.50848); 140(8.36125); 141(7.85075); 142(7.46905); 143(6.53359); 144(6.82223); 145(1.29508); 146(3.62502); 147(1.58535); 148(1.97542); 149(1.81349); 150(4.98153); 151(1.38778); 152(8.6919); 153(8.97099); 154(0.39114); 155(3.80972); 156(2.33974); 157(3.88828); 158(5.24872); 159(2.62519); 160(2.63635); 161(2.74082); 162(6.55384); 163(5.28117); 164(5.1672); 165(6.98797); 166(3.92667); 167(8.61464); 168(2.62071); 169(7.38136); 170(1.61974); 171(3.16581); 172(6.39525); 173(5.82344); 174(4.57323); 175(1.1492); 176(0.3168); 177(6.28048); 178(3.45917); 179(8.81428); 180(2.36922); 181(5.08371); 182(8.61796); 183(6.92983); 184(5.98449); 185(4.67499); 186(4.23803); 187(5.6429); 188(4.89855); 189(8.10208); 190(4.59108); 191(4.88997); 192(6.30412); 193(5.03312); 194(5.2793); 195(1.36133); 196(2.28422); 197(5.34562); 198(3.95901); 199(3.64175); 200(4.90323); 201(2.56134); 202(1.95253); 203(8.88104); 204(0.52604); 205(1.21795); 206(4.86225); 207(2.56669); 208(3.00482); 209(3.41305); 210(5.16803); 211(3.99598); 212(4.19855); 213(0.41868); 214(2.89276); 215(4.557); 216(4.84308); 217(4.41678); 218(4.17037); 219(7.471); 220(4.96989); 221(6.50905); 222(7.69327); 223(5.46437); 224(1.40395); 225(4.34013); 226(6.59849); 227(6.25618); 228(5.08774); 229(2.07521); 230(8.15275); 231(1.46711); 232(6.85715); 233(2.22209); 234(1.40231); 235(1.10573); 236(4.96831); 237(0.34447); 238(2.41806); 239(6.90618); 240(2.57357); 241(8.93199); 242(1.03497); 243(0.18019); 244(6.57355); 245(8.97604); 246(0.5779); 247(4.38719); 248(7.89346); 249(5.91657); 250(3.92546); 251(4.73242); 252(2.51731); 253(7.21847); 254(4.0303); 255(1.55246); 256(0.93265); 257(2.72481); 258(8.29907); 259(6.3566); 260(4.7213); 261(0.13805); 262(6.63648); 263(7.45214); 264(2.9738); 265(5.47175); 266(4.41883); 267(8.06018); 268(8.48482); 269(4.98253); 270(5.89166); 271(6.04351); 272(1.5217); 274(4.39601); 275(7.80666); 276(8.07476); 277(4.58256); 278(4.11738); 279(4.47334); 280(4.06218); 281(2.3601); 282(3.07801); 283(8.16427); 284(4.65611); 285(6.83527); 286(7.15564); 287(5.8998); 288(2.54375); 289(0.89524); 290(5.85729); 291(8.01438); 292(8.92018); 293(3.08236); 294(4.34473); 295(5.87731); 296(7.31088); 297(7.93985); 298(4.12393); 299(6.43678),1328.10549,1328.10549,4.441824381270902,2.4594942993530946,8.97604,0.06685,0.4244206938596237,1
274,0(6.2658); 1(4.11067); 2(1.60265); 3(1.99991); 4(5.15857); 5(6.7918); 6(0.15924); 7(3.17685); 8(3.51318); 9(2.36973); 10(2.44304); 11(7.03483); 12(2.09399); 13(8.95452); 14(1.58495); 15(4.12838); 16(8.63566); 17(1.34634); 18(1.12112); 19(7.89175); 20(0.45289); 21(7.56918); 22(0.33174); 23(4.42434); 24(1.13223); 25(2.31339); 26(7.7605); 27(1.86024); 28(2.79222); 29(4.1318); 30(3.98307); 31(0.72318); 32(5.12068); 33(1.50394); 34(3.7862); 35(3.65441); 36(4.82833); 37(8.31029); 38(5.39882); 39(2.4942); 40(3.63983); 41(0.3218); 42(4.73515); 43(1.89581); 44(1.94079); 45(0.02189); 46(7.52849); 47(7.60742); 48(8.00142); 49(0.41055); 50(4.29432); 51(1.01633); 52(6.60348); 53(1.52766); 54(5.33757); 55(6.6224); 56(6.94269); 57(5.64721); 58(6.29404); 59(7.05917); 60(8.35239); 61(8.2938); 62(8.61603); 63(4.43019); 64(8.61684); 65(1.52659); 66(6.27302); 67(2.22604); 68(4.55395); 69(1.91878); 70(2.80605); 71(4.87693); 72(3.0206); 73(0.20527); 74(0.31565); 75(4.80872); 76(5.4411); 77(2.83705); 78(5.13277); 79(6.61781); 80(8.89383); 81(3.24131); 82(3.99814); 83(8.95821); 84(6.52126); 85(4.19953); 86(3.59139); 87(3.13861); 88(1.04376); 89(4.33495); 90(4.63338); 91(7.85721); 92(0.40839); 93(4.67797); 94(5.43605); 95(0.97362); 96(8.99806); 97(5.13315); 98(7.66224); 99(2.39116); 100(7.88832); 101(3.93095); 102(6.38511); 103(0.67032); 104(7.54836); 105(7.30696); 106(6.08048); 107(6.95417); 108(6.51193); 109(8.54135); 110(4.99165); 111(6.16934); 112(0.45644); 113(0.95465); 114(5.47392); 115(7.21698); 116(7.96203); 117(7.77092); 118(3.44191); 119(7.08861); 120(8.88464); 121(5.55494); 122(2.98559); 123(8.02155); 124(3.38372); 125(1.18976); 126(3.20863); 127(1.05513); 128(3.24705); 129(1.79369); 130(1.98709); 131(8.64481); 132(2.69335); 133(4.51304); 134(4.12818); 135(7.90371); 136(0.81377); 137(3.06909); 138(8.22568); 139(5.55685); 140(0.8215); 141(7.47554); 142(5.40592); 143(5.28634); 144(1.69979); 145(2.89309); 146(1.49723); 147(4.09607); 148(6.74877); 149(6.86801); 150(1.58347); 151(5.11181); 152(2.32334); 153(0.64949); 154(7.89273); 155(8.50529); 156(3.29307); 157(3.93857); 158(5.78019); 159(0.70582); 160(3.16995); 161(0.41721); 162(6.1026); 163(3.97172); 164(8.20678); 165(6.03545); 166(5.81361); 167(5.84678); 168(1.1144); 169(7.97647); 170(8.12756); 171(4.31048); 172(1.1919); 173(3.7964); 174(6.50564); 175(3.26743); 176(2.1383); 177(8.5907); 178(1.71896); 179(5.19484); 180(1.84361); 181(6.86661); 182(1.81307); 183(4.94536); 184(8.36644); 185(5.84824); 186(8.91906); 187(2.97941); 188(1.62262); 189(0.03916); 190(5.02095); 191(6.72454); 192(6.56121); 193(5.366); 194(2.79445); 195(3.11175); 196(7.30528); 197(5.12745); 198(4.4667); 199(4.41841); 200(4.20023); 201(3.33586); 202(2.06734); 203(4.04105); 204(7.46415); 205(0.13894); 206(6.47909); 207(2.67609); 208(0.69415); 209(7.00156); 210(4.77554); 211(3.11523); 212(3.87435); 213(1.88984); 214(1.6205); 215(4.4148); 216(8.06874); 217(3.04394); 218(8.74279); 219(1.6862); 220(0.5698); 221(5.5365); 222(3.90258); 223(1.29524); 224(4.86802); 225(6.71757); 226(7.97448); 227(4.36543); 228(4.30333); 229(7.89054); 230(6.50068); 231(1.76008); 232(6.88698); 233(1.91973); 234(3.4651); 235(4.49796); 236(4.541); 237(6.04201); 238(1.18798); 239(0.75523); 240(1.58442); 241(7.3405); 242(6.3406); 243(5.4199); 244(2.65422); 245(0.63708); 246(6.80934); 247(1.04299); 248(6.28005); 249(1.90785); 250(6.01922); 251(2.76313); 252(6.15773); 253(4.35783); 254(7.39924); 255(2.26032); 256(7.30407); 257(3.56524); 258(2.74127); 259(4.92044); 260(2.84987); 261(6.59891); 262(6.13542); 263(3.58741); 264(8.70831); 265(1.94774); 266(2.86913); 267(4.42875); 268(3.42474); 269(6.95329); 270(6.60496); 271(8.21133); 272(7.7862); 273(4.39601); 275(3.94637); 276(4.94858); 277(6.26377); 278(1.47231); 279(3.42496); 280(1.51779); 281(1.93859); 282(4.52243); 283(0.66507); 284(3.74657); 285(8.29534); 286(5.07685); 287(4.7899); 288(4.36977); 289(3.51648); 290(8.91145); 291(1.83197); 292(2.65741); 293(0.20504); 294(6.19117); 295(2.38595); 296(4.69173); 297(3.0918); 298(8.24235); 299(3.17899),1323.98344,1323.98344,4.428038260869565,2.503497384080648,8.99806,0.02189,0.4219742001895802,1
275,0(3.3427); 1(3.59335); 2(5.1831); 3(4.94287); 4(6.79146); 5(8.71192); 6(1.77472); 7(8.46992); 8(6.96654); 9(6.36206); 10(4.25417); 11(5.97884); 12(0.46721); 13(0.70818); 14(3.79366); 15(4.45641); 16(1.03994); 17(8.10963); 18(6.52088); 19(2.38143); 20(3.18665); 21(5.68373); 22(1.68508); 23(1.8311); 24(3.05008); 25(4.48076); 26(7.40309); 27(8.58947); 28(0.69826); 29(2.46854); 30(2.07684); 31(6.50227); 32(4.75766); 33(7.6772); 34(0.53093); 35(8.83905); 36(4.77323); 37(6.44109); 38(8.61862); 39(0.74471); 40(1.73547); 41(1.5052); 42(3.16197); 43(7.93416); 44(2.07656); 45(4.41896); 46(4.23199); 47(7.2762); 48(8.81739); 49(4.19099); 50(6.7696); 51(1.57549); 52(1.9326); 53(5.01916); 54(7.11284); 55(6.4351); 56(2.78927); 57(3.74967); 58(8.04004); 59(0.49903); 60(8.43634); 61(3.83562); 62(1.39503); 63(2.59266); 64(8.77331); 65(2.33467); 66(8.97932); 67(0.18587); 68(2.56386); 69(7.38477); 70(8.54804); 71(0.07287); 72(2.62602); 73(7.99783); 74(4.71266); 75(6.37657); 76(8.30181); 77(3.41229); 78(4.66303); 79(4.23986); 80(0.70219); 81(1.3496); 82(7.44556); 83(7.25259); 84(4.48236); 85(2.27419); 86(3.19417); 87(7.8074); 88(7.80813); 89(5.84244); 90(4.44987); 91(0.52621); 92(1.34584); 93(7.28537); 94(5.03586); 95(4.08598); 96(5.42235); 97(1.29957); 98(2.86155); 99(0.68378); 100(5.57152); 101(0.8831); 102(4.02529); 103(0.46126); 104(0.28742); 105(7.44948); 106(8.31308); 107(5.87698); 108(2.53804); 109(4.87893); 110(3.35583); 111(5.3665); 112(8.07884); 113(6.6078); 114(8.12928); 115(6.8899); 116(8.91527); 117(2.77134); 118(8.90469); 119(7.88922); 120(5.6033); 121(8.52934); 122(1.71963); 123(4.32293); 124(3.9465); 125(4.02596); 126(2.09561); 127(8.2631); 128(7.98042); 129(3.23902); 130(8.40571); 131(2.82379); 132(2.60103); 133(5.58832); 134(5.43811); 135(7.10019); 136(8.23175); 137(2.0298); 138(8.7635); 139(0.71526); 140(5.56549); 141(3.19543); 142(8.12768); 143(4.17993); 144(5.93907); 145(6.19608); 146(7.12735); 147(6.83042); 148(6.43263); 149(3.80933); 150(2.9902); 151(1.51722); 152(4.4756); 153(6.51535); 154(7.24572); 155(3.92953); 156(0.60985); 157(8.61255); 158(8.75358); 159(1.50937); 160(8.97032); 161(2.41104); 162(6.12159); 163(1.23996); 164(5.71959); 165(0.51868); 166(7.94221); 167(0.50452); 168(8.03954); 169(5.23826); 170(5.63811); 171(1.0421); 172(3.1023); 173(7.1035); 174(5.32648); 175(6.35115); 176(7.24509); 177(0.09032); 178(5.66662); 179(4.5855); 180(0.05196); 181(1.18447); 182(0.19813); 183(4.83642); 184(5.6282); 185(4.05967); 186(1.63825); 187(2.84887); 188(6.91097); 189(5.64628); 190(6.0342); 191(0.04047); 192(2.40307); 193(6.29099); 194(8.48516); 195(7.01187); 196(6.39584); 197(3.05435); 198(6.3369); 199(4.34782); 200(7.20571); 201(4.3244); 202(4.98464); 203(8.99298); 204(1.69615); 205(3.2246); 206(5.0634); 207(4.01043); 208(4.66323); 209(7.87811); 210(6.30812); 211(8.15436); 212(8.00804); 213(6.98018); 214(8.10345); 215(6.53303); 216(7.87856); 217(7.02943); 218(4.48682); 219(2.1992); 220(8.71936); 221(2.48945); 222(2.01778); 223(3.17186); 224(0.1754); 225(0.93693); 226(6.33108); 227(8.2262); 228(6.46581); 229(0.42938); 230(4.95672); 231(7.18463); 232(2.50862); 233(0.1219); 234(6.70198); 235(8.09797); 236(2.60826); 237(3.07597); 238(0.69048); 239(1.89187); 240(6.15689); 241(0.95378); 242(2.69332); 243(0.30679); 244(8.20594); 245(2.9667); 246(5.31859); 247(8.0755); 248(2.6857); 249(7.29499); 250(3.13164); 251(1.47055); 252(7.12361); 253(3.17668); 254(7.15258); 255(6.8105); 256(8.67638); 257(0.78496); 258(5.26047); 259(8.32793); 260(1.35372); 261(5.21338); 262(6.4848); 263(8.69466); 264(0.371); 265(3.47703); 266(8.45026); 267(5.30528); 268(3.17002); 269(3.84757); 270(2.08047); 271(3.99135); 272(0.47108); 273(7.80666); 274(3.94637); 276(5.68893); 277(5.91691); 278(0.79483); 279(0.10673); 280(7.91642); 281(0.38279); 282(8.41597); 283(1.35204); 284(4.6395); 285(8.49612); 286(5.61065); 287(3.00311); 288(1.8131); 289(8.29663); 290(6.51059); 291(4.87409); 292(3.87612); 293(2.13093); 294(8.72423); 295(5.35029); 296(6.03991); 297(2.27379); 298(4.43377); 299(4.20104),1406.7988,1406.7988,4.7050127090301,2.6720405964448184,8.99298,0.04047,0.4341768123577456,2
276,0(4.85291); 1(2.30076); 2(1.87702); 3(1.35468); 4(3.95124); 5(5.37868); 6(3.92773); 7(0.12516); 8(2.63758); 9(5.37741); 10(6.96354); 11(5.51418); 12(7.95202); 13(5.66153); 14(4.93344); 15(7.55056); 16(1.57386); 17(7.97757); 18(6.69297); 19(7.77094); 20(1.12392); 21(1.63823); 22(6.89927); 23(1.19379); 24(3.4081); 25(2.66116); 26(8.14407); 27(8.95303); 28(6.94138); 29(5.12272); 30(8.95029); 31(8.79048); 32(0.86011); 33(6.25442); 34(3.85276); 35(7.20582); 36(3.47199); 37(0.72952); 38(5.80595); 39(2.68378); 40(5.58351); 41(0.83757); 42(2.0236); 43(1.69674); 44(2.05932); 45(8.9916); 46(2.64085); 47(1.65652); 48(0.56202); 49(0.45587); 50(1.34525); 51(5.72905); 52(6.9569); 53(8.17655); 54(3.55862); 55(6.58341); 56(3.59505); 57(8.6952); 58(0.89098); 59(6.46861); 60(8.06452); 61(6.1203); 62(6.10099); 63(2.32753); 64(6.80111); 65(4.77961); 66(6.23357); 67(8.94935); 68(0.74615); 69(0.5419); 70(5.8395); 71(4.03408); 72(2.62512); 73(3.00459); 74(1.11389); 75(3.73371); 76(3.34825); 77(2.64989); 78(1.09234); 79(0.44197); 80(5.87462); 81(3.49209); 82(8.97341); 83(6.85787); 84(8.78653); 85(3.28133); 86(5.31557); 87(7.67217); 88(4.51907); 89(5.08843); 90(3.79334); 91(6.56646); 92(0.50358); 93(3.19896); 94(3.886); 95(1.32915); 96(1.21534); 97(1.14741); 98(8.46099); 99(3.01804); 100(5.30531); 101(0.10527); 102(6.80758); 103(5.71719); 104(8.54888); 105(4.62071); 106(4.9593); 107(7.00322); 108(6.39169); 109(3.76152); 110(2.79402); 111(3.23399); 112(0.88425); 113(2.88845); 114(6.87792); 115(2.83011); 116(5.47415); 117(2.50935); 118(5.75865); 119(3.73039); 120(2.92504); 121(5.78711); 122(7.58999); 123(5.16225); 124(1.1327); 125(2.86813); 126(7.50043); 127(0.88256); 128(8.00207); 129(1.90181); 130(7.44992); 131(8.05327); 132(0.54758); 133(0.96658); 134(1.63202); 135(8.09211); 136(0.37593); 137(3.08984); 138(3.15623); 139(3.18609); 140(8.9316); 141(3.5279); 142(7.72908); 143(6.87829); 144(3.36902); 145(1.09817); 146(8.05199); 147(6.96608); 148(6.07768); 149(2.89094); 150(2.3673); 151(3.89097); 152(1.79271); 153(3.43394); 154(0.26345); 155(0.70491); 156(8.22784); 157(1.46681); 158(7.18607); 159(0.91961); 160(2.57601); 161(2.0925); 162(2.03639); 163(7.48294); 164(8.8256); 165(5.7034); 166(0.09381); 167(3.39175); 168(6.93041); 169(4.63683); 170(0.83258); 171(0.85063); 172(8.55357); 173(5.45723); 174(1.16639); 175(6.4532); 176(1.48551); 177(3.94623); 178(8.50141); 179(2.24784); 180(1.39925); 181(4.53491); 182(4.40828); 183(7.25456); 184(7.57195); 185(4.98153); 186(3.96524); 187(2.57688); 188(4.92916); 189(1.81766); 190(4.02655); 191(4.1651); 192(8.62978); 193(7.19532); 194(3.44669); 195(5.35762); 196(1.03713); 197(7.76748); 198(8.54587); 199(4.99806); 200(6.79364); 201(3.76008); 202(3.57444); 203(0.96702); 204(3.92758); 205(4.24712); 206(5.17068); 207(5.22064); 208(3.99423); 209(7.45895); 210(2.96855); 211(7.96777); 212(5.654); 213(4.67643); 214(0.86493); 215(5.65721); 216(1.77245); 217(4.78147); 218(5.16535); 219(3.3701); 220(0.65576); 221(6.05798); 222(1.47431); 223(7.75737); 224(8.24166); 225(6.22902); 226(6.69495); 227(6.98289); 228(2.43143); 229(8.37396); 230(1.52144); 231(3.83317); 232(1.52356); 233(0.0695); 234(1.47209); 235(3.04059); 236(8.86394); 237(8.44468); 238(0.28407); 239(7.30884); 240(6.82073); 241(6.77071); 242(3.36085); 243(2.59804); 244(3.30646); 245(7.50241); 246(4.12076); 247(8.46995); 248(4.02495); 249(6.10878); 250(8.93691); 251(1.28361); 252(7.7538); 253(4.83588); 254(1.95053); 255(8.31798); 256(6.60082); 257(1.94189); 258(2.20151); 259(6.28684); 260(2.30441); 261(5.80245); 262(3.68023); 263(6.55531); 264(2.51132); 265(7.46977); 266(8.19478); 267(8.58024); 268(0.22396); 269(2.02364); 270(5.52685); 271(6.72858); 272(6.23683); 273(8.07476); 274(4.94858); 275(5.68893); 277(5.37454); 278(6.96655); 279(8.72171); 280(8.56535); 281(7.98482); 282(3.91575); 283(7.81239); 284(3.74086); 285(2.74375); 286(3.16169); 287(5.24134); 288(2.14095); 289(4.71764); 290(2.2713); 291(3.3747); 292(5.81009); 293(3.68443); 294(1.69073); 295(0.40007); 296(0.69982); 297(0.27286); 298(6.12857); 299(5.73532),1345.40487,1345.40487,4.499681839464883,2.603113848859742,8.9916,0.0695,0.424579573499168,1
277,0(8.10716); 1(1.54154); 2(8.79625); 3(3.03717); 4(3.98815); 5(6.76347); 6(5.11803); 7(1.90266); 8(1.76635); 9(0.92081); 10(4.93165); 11(2.36647); 12(5.3448); 13(3.19045); 14(8.4978); 15(4.83331); 16(1.84148); 17(7.32116); 18(5.2089); 19(6.34544); 20(6.06277); 21(7.71477); 22(4.333); 23(7.22342); 24(6.78434); 25(8.51415); 26(7.7843); 27(1.69724); 28(3.93644); 29(7.57102); 30(1.71118); 31(2.61195); 32(7.02007); 33(6.63437); 34(1.92118); 35(1.11707); 36(0.75232); 37(7.57041); 38(8.33069); 39(1.74856); 40(0.74678); 41(1.63026); 42(3.73501); 43(2.98877); 44(4.21476); 45(8.73567); 46(4.25935); 47(1.37697); 48(6.6525); 49(1.01475); 50(0.53858); 51(5.03477); 52(7.01468); 53(0.79427); 54(1.30897); 55(7.14285); 56(6.96531); 57(0.34361); 58(3.94298); 59(4.15351); 60(0.80416); 61(7.25307); 62(3.55454); 63(0.5806); 64(7.53657); 65(6.47026); 66(1.9642); 67(4.22676); 68(6.45231); 69(6.28779); 70(5.40883); 71(3.45022); 72(2.71206); 73(2.67591); 74(7.70454); 75(7.99794); 76(5.96156); 77(8.34366); 78(8.07588); 79(8.63881); 80(4.53337); 81(3.50143); 82(5.24589); 83(1.04323); 84(0.27685); 85(5.16952); 86(3.58397); 87(6.64749); 88(2.86181); 89(4.57557); 90(5.86426); 91(8.15421); 92(6.49211); 93(2.55887); 94(2.86359); 95(4.52938); 96(3.24477); 97(5.40149); 98(6.35239); 99(2.85061); 100(5.35372); 101(5.48099); 102(3.10663); 103(8.62065); 104(6.21143); 105(8.92839); 106(2.57276); 107(5.25048); 108(0.16429); 109(2.24688); 110(6.78502); 111(3.14773); 112(7.70211); 113(2.05); 114(6.56252); 115(1.94196); 116(1.6029); 117(6.67066); 118(1.05992); 119(7.35981); 120(5.90706); 121(7.39834); 122(0.15068); 123(1.2197); 124(1.35478); 125(7.96864); 126(7.01924); 127(3.39144); 128(2.4755); 129(0.05629); 130(0.6007); 131(4.55287); 132(0.17141); 133(4.54252); 134(8.96833); 135(2.54595); 136(5.83709); 137(5.31844); 138(7.06487); 139(4.82981); 140(1.31989); 141(2.36184); 142(4.88008); 143(7.56906); 144(7.20686); 145(5.90088); 146(1.86567); 147(2.36416); 148(4.77504); 149(0.39099); 150(8.63278); 151(7.29855); 152(2.30405); 153(3.04886); 154(0.03721); 155(2.297); 156(4.34961); 157(5.48568); 158(8.74515); 159(8.02246); 160(6.91393); 161(2.5815); 162(7.28552); 163(6.93743); 164(7.23145); 165(7.24789); 166(6.53273); 167(5.66583); 168(1.90347); 169(5.0956); 170(1.75157); 171(7.01444); 172(6.81714); 173(0.36249); 174(1.00763); 175(7.07872); 176(5.60166); 177(3.40781); 178(3.11769); 179(4.65683); 180(7.53641); 181(7.91833); 182(5.93132); 183(6.73747); 184(3.54085); 185(0.91171); 186(3.90168); 187(7.70191); 188(0.99846); 189(7.27686); 190(1.04631); 191(7.96972); 192(4.75555); 193(5.00552); 194(0.76058); 195(3.51024); 196(7.31451); 197(1.00657); 198(3.74868); 199(8.8456); 200(7.84134); 201(4.63359); 202(1.48032); 203(5.06865); 204(0.52989); 205(4.78888); 206(7.42825); 207(8.17367); 208(0.77583); 209(4.92764); 210(1.27066); 211(5.06471); 212(7.79086); 213(8.27202); 214(7.91128); 215(1.22853); 216(2.18736); 217(2.73419); 218(8.80979); 219(4.53233); 220(5.1448); 221(7.46412); 222(6.78095); 223(3.05221); 224(6.68912); 225(8.85189); 226(6.89253); 227(0.79745); 228(7.64663); 229(5.31103); 230(8.63678); 231(0.47604); 232(0.93636); 233(5.33177); 234(0.25116); 235(6.7562); 236(1.52609); 237(2.40233); 238(4.86716); 239(5.75081); 240(3.50831); 241(1.22428); 242(7.96078); 243(2.96391); 244(3.94996); 245(5.18886); 246(0.75682); 247(2.67949); 248(3.5473); 249(7.34165); 250(8.55446); 251(8.35772); 252(8.05079); 253(7.445); 254(1.96959); 255(8.01976); 256(4.35727); 257(4.15629); 258(5.2744); 259(6.82761); 260(2.13268); 261(3.50553); 262(6.71929); 263(6.97796); 264(7.65278); 265(8.99511); 266(6.69369); 267(8.45595); 268(7.17254); 269(8.82659); 270(8.69873); 271(7.632); 272(8.46566); 273(4.58256); 274(6.26377); 275(5.91691); 276(5.37454); 278(1.17089); 279(0.28163); 280(0.12518); 281(1.85463); 282(6.48967); 283(6.48453); 284(2.35408); 285(4.16613); 286(0.9673); 287(2.93967); 288(8.44071); 289(4.7412); 290(0.11296); 291(7.6683); 292(4.7682); 293(3.18751); 294(7.08425); 295(8.31716); 296(6.88201); 297(7.55234); 298(2.99336); 299(4.78755),1415.57009,1415.57009,4.734348127090301,2.6403932591050894,8.99511,0.03721,0.4384404410598826,1
278,0(5.06674); 1(8.51153); 2(3.38052); 3(5.57016); 4(8.29051); 5(1.93115); 6(8.24466); 7(0.26734); 8(5.09116); 9(1.66667); 10(8.52494); 11(6.22651); 12(4.1754); 13(0.64792); 14(8.3604); 15(8.27944); 16(8.17919); 17(7.78039); 18(0.66905); 19(5.24959); 20(8.37129); 21(8.75942); 22(7.43075); 23(8.5027); 24(0.43254); 25(2.24565); 26(1.23958); 27(3.67064); 28(4.30793); 29(2.88097); 30(4.39187); 31(6.13587); 32(4.16234); 33(4.75899); 34(4.27935); 35(1.92322); 36(2.20229); 37(6.81804); 38(0.49073); 39(3.68); 40(1.03844); 41(6.12759); 42(2.88403); 43(7.41656); 44(3.80921); 45(7.77836); 46(6.16126); 47(2.84104); 48(4.47539); 49(5.27346); 50(5.85078); 51(8.05478); 52(6.79413); 53(3.42999); 54(0.08251); 55(4.20073); 56(8.30664); 57(7.19058); 58(7.23649); 59(4.09757); 60(6.78997); 61(3.79616); 62(1.77613); 63(6.72714); 64(2.55803); 65(2.65881); 66(1.66608); 67(4.81413); 68(3.62513); 69(8.39063); 70(0.55893); 71(5.18626); 72(1.53924); 73(0.87172); 74(1.47928); 75(8.09396); 76(1.34199); 77(2.56931); 78(2.22893); 79(8.93077); 80(5.32048); 81(6.8901); 82(5.29433); 83(3.38327); 84(7.14866); 85(2.66782); 86(8.29688); 87(0.61594); 88(2.1008); 89(0.75395); 90(7.4298); 91(1.50197); 92(6.61647); 93(4.4237); 94(3.00076); 95(3.86557); 96(7.33108); 97(3.37218); 98(5.71636); 99(3.41889); 100(7.81187); 101(1.07266); 102(8.83152); 103(4.17363); 104(5.27089); 105(6.77005); 106(8.69852); 107(3.06992); 108(5.31789); 109(1.049); 110(0.15082); 111(3.91073); 112(8.82685); 113(2.13649); 114(6.12053); 115(4.51753); 116(6.26307); 117(2.07619); 118(7.26388); 119(1.65089); 120(4.55321); 121(6.12967); 122(6.38913); 123(0.26414); 124(3.44356); 125(0.89816); 126(0.96452); 127(4.1307); 128(6.1125); 129(5.70579); 130(3.14667); 131(6.2637); 132(4.04973); 133(4.85407); 134(2.60136); 135(0.48056); 136(4.6368); 137(6.2824); 138(3.93043); 139(3.35088); 140(7.46935); 141(8.78332); 142(7.86174); 143(8.84438); 144(2.79765); 145(3.95298); 146(7.18852); 147(4.0379); 148(7.97712); 149(1.69138); 150(3.4901); 151(0.92955); 152(0.90627); 153(4.44807); 154(6.16783); 155(5.29369); 156(0.1952); 157(4.08998); 158(8.32753); 159(1.57621); 160(7.99742); 161(2.1865); 162(7.98287); 163(6.00846); 164(4.81318); 165(2.74335); 166(7.40511); 167(3.48446); 168(7.47477); 169(0.37941); 170(4.6554); 171(0.64892); 172(3.02463); 173(2.42213); 174(3.3973); 175(5.66591); 176(5.73841); 177(6.76547); 178(5.15905); 179(7.66979); 180(0.09397); 181(1.69601); 182(3.36577); 183(1.04629); 184(7.28636); 185(0.7131); 186(4.98068); 187(2.39746); 188(4.099); 189(2.75725); 190(3.64696); 191(6.42107); 192(8.16781); 193(4.28247); 194(6.55006); 195(1.91643); 196(7.81219); 197(8.51426); 198(2.17444); 199(6.18327); 200(0.72326); 201(4.71777); 202(6.71422); 203(3.27843); 204(0.65516); 205(2.08981); 206(1.17128); 207(1.8987); 208(0.97459); 209(4.75048); 210(6.38894); 211(4.73297); 212(8.17098); 213(1.27039); 214(3.95523); 215(2.11076); 216(6.98307); 217(0.14872); 218(1.90297); 219(6.2094); 220(4.62142); 221(6.1216); 222(5.46203); 223(4.80155); 224(4.11707); 225(7.63372); 226(8.58004); 227(1.37013); 228(7.71297); 229(1.83467); 230(6.31292); 231(3.19929); 232(7.06348); 233(3.89336); 234(2.42923); 235(1.21478); 236(3.02797); 237(0.33841); 238(3.35708); 239(7.68178); 240(4.83123); 241(2.75819); 242(8.56074); 243(8.69147); 244(0.8258); 245(7.08642); 246(2.99606); 247(3.85827); 248(8.14961); 249(4.8015); 250(0.41454); 251(1.37898); 252(2.72565); 253(2.11571); 254(0.19966); 255(0.66751); 256(6.54584); 257(6.076); 258(4.927); 259(2.69115); 260(5.79419); 261(7.94429); 262(5.04286); 263(3.27589); 264(6.81998); 265(2.18723); 266(1.85959); 267(8.12416); 268(7.76848); 269(7.64823); 270(7.71693); 271(4.69539); 272(6.20987); 273(4.11738); 274(1.47231); 275(0.79483); 276(6.96655); 277(1.17089); 279(5.36281); 280(6.41575); 281(4.7929); 282(3.94676); 283(7.31203); 284(5.80633); 285(2.45906); 286(1.0934); 287(0.82787); 288(6.49292); 289(3.98625); 290(0.77727); 291(6.70396); 292(7.70212); 293(3.92367); 294(3.33895); 295(0.75477); 296(1.58761); 297(2.16256); 298(2.48574); 299(5.67081),1322.66021,1322.66021,4.4236127424749165,2.558885947557621,8.93077,0.08251,0.41902782606237654,1
279,0(5.17249); 1(1.4128); 2(4.17648); 3(5.29201); 4(8.54595); 5(5.47342); 6(8.26079); 7(1.61285); 8(2.83924); 9(8.6873); 10(8.69125); 11(0.15328); 12(2.32873); 13(1.07995); 14(4.11374); 15(3.57099); 16(2.17562); 17(5.00899); 18(5.84843); 19(2.23147); 20(1.54987); 21(3.64291); 22(4.18905); 23(6.69981); 24(6.17621); 25(5.96714); 26(1.83356); 27(3.71604); 28(8.78578); 29(5.10672); 30(1.42797); 31(2.18399); 32(4.19245); 33(5.345); 34(2.7319); 35(5.60252); 36(5.26351); 37(8.41029); 38(0.41991); 39(4.59655); 40(3.24291); 41(1.89617); 42(1.98863); 43(1.41522); 44(1.23779); 45(5.52541); 46(7.69609); 47(8.3705); 48(3.32216); 49(8.04749); 50(6.90624); 51(2.58824); 52(1.01242); 53(6.92583); 54(5.17339); 55(6.61624); 56(7.23201); 57(1.57809); 58(2.31129); 59(6.19158); 60(4.65018); 61(8.70571); 62(8.47295); 63(5.92591); 64(2.02328); 65(4.76728); 66(3.49095); 67(0.30894); 68(6.71846); 69(0.66109); 70(1.5494); 71(5.52799); 72(0.74137); 73(0.41589); 74(1.36203); 75(5.38062); 76(8.8072); 77(7.27878); 78(4.08287); 79(6.41188); 80(0.88688); 81(0.8788); 82(7.89896); 83(8.45376); 84(6.7719); 85(2.72883); 86(8.28642); 87(6.83); 88(3.88207); 89(2.52057); 90(4.40755); 91(8.7676); 92(0.89621); 93(2.30953); 94(3.83092); 95(4.34338); 96(2.05401); 97(2.80637); 98(2.37938); 99(4.97554); 100(2.55468); 101(2.95941); 102(6.43449); 103(6.91978); 104(5.31282); 105(1.22622); 106(2.5442); 107(2.78747); 108(3.76786); 109(3.83103); 110(6.79524); 111(8.47026); 112(4.02574); 113(8.25977); 114(4.32263); 115(3.33029); 116(7.30405); 117(8.39298); 118(4.63547); 119(1.54683); 120(3.43652); 121(8.24267); 122(3.55058); 123(8.74014); 124(1.6604); 125(8.12019); 126(5.34701); 127(5.36958); 128(2.7673); 129(5.29421); 130(7.88029); 131(4.84361); 132(8.95762); 133(3.58425); 134(8.49374); 135(3.05928); 136(1.00803); 137(1.43519); 138(1.94508); 139(7.06085); 140(2.84721); 141(5.01191); 142(7.65777); 143(6.97534); 144(4.54607); 145(2.78918); 146(2.73441); 147(2.57207); 148(7.38868); 149(1.45677); 150(8.49685); 151(5.56286); 152(8.46637); 153(0.95515); 154(7.64119); 155(5.58623); 156(3.38615); 157(2.80227); 158(3.3117); 159(5.02473); 160(8.13636); 161(6.26124); 162(6.97295); 163(0.65275); 164(2.19538); 165(6.3705); 166(4.9268); 167(3.44404); 168(7.64005); 169(8.92133); 170(7.32102); 171(3.45838); 172(7.25128); 173(8.66624); 174(7.76524); 175(0.54319); 176(4.52348); 177(5.29987); 178(1.21992); 179(4.57194); 180(4.77697); 181(3.40759); 182(2.82052); 183(7.1956); 184(4.45913); 185(3.89145); 186(3.11184); 187(1.95739); 188(5.39854); 189(4.42); 190(7.05639); 191(2.15686); 192(1.86172); 193(0.04589); 194(4.01863); 195(4.77061); 196(1.48972); 197(8.34219); 198(2.64733); 199(3.8888); 200(7.85706); 201(8.12846); 202(1.82849); 203(2.55139); 204(0.19837); 205(6.68072); 206(0.40674); 207(7.93963); 208(3.99851); 209(0.07476); 210(1.55016); 211(3.19635); 212(7.67478); 213(2.25925); 214(6.03208); 215(3.69236); 216(4.95917); 217(6.1423); 218(1.34325); 219(4.27874); 220(1.82557); 221(8.78587); 222(1.41333); 223(3.77602); 224(5.47879); 225(3.82733); 226(5.43887); 227(7.15525); 228(5.63584); 229(0.94621); 230(3.58651); 231(5.27423); 232(7.58225); 233(6.92867); 234(2.50254); 235(4.35035); 236(7.76252); 237(5.82214); 238(8.9632); 239(2.47235); 240(1.88278); 241(2.32204); 242(0.86439); 243(6.74357); 244(6.69061); 245(0.79669); 246(6.41998); 247(3.68979); 248(7.51872); 249(1.42242); 250(7.36128); 251(8.95269); 252(4.34017); 253(5.84898); 254(5.72818); 255(3.62542); 256(3.0923); 257(7.90551); 258(7.52762); 259(1.79461); 260(7.25536); 261(6.78494); 262(5.26746); 263(5.0881); 264(7.04749); 265(3.95141); 266(6.22117); 267(8.01408); 268(8.68496); 269(1.52038); 270(0.87781); 271(4.47288); 272(2.60734); 273(4.47334); 274(3.42496); 275(0.10673); 276(8.72171); 277(0.28163); 278(5.36281); 280(4.29533); 281(6.41536); 282(2.85626); 283(6.7251); 284(1.3448); 285(3.47818); 286(5.84759); 287(5.4896); 288(3.51634); 289(0.47287); 290(3.09755); 291(3.82453); 292(5.97081); 293(7.10566); 294(5.42598); 295(4.22274); 296(8.22499); 297(0.83996); 298(2.37716); 299(3.94327),1362.76272,1362.76272,4.5577348494983285,2.505416697923189,8.9632,0.04589,0.43318281501356065,1
280,0(0.95026); 1(6.58177); 2(6.54609); 3(1.3954); 4(3.14212); 5(4.97128); 6(3.64202); 7(2.03256); 8(6.7439); 9(5.79553); 10(7.6375); 11(7.96454); 12(8.98999); 13(6.80637); 14(7.45529); 15(1.96744); 16(4.81311); 17(0.88598); 18(6.41566); 19(5.09974); 20(5.16242); 21(2.12791); 22(7.97455); 23(5.77276); 24(3.95152); 25(4.3017); 26(4.64104); 27(4.96944); 28(0.16727); 29(8.36175); 30(2.82678); 31(5.92717); 32(0.63422); 33(2.27529); 34(0.30228); 35(3.15126); 36(6.60334); 37(5.27023); 38(0.31189); 39(7.51965); 40(0.9594); 41(5.80524); 42(2.92821); 43(5.84277); 44(3.18733); 45(1.33115); 46(7.58359); 47(5.34322); 48(2.06942); 49(6.61645); 50(8.13695); 51(6.36178); 52(4.77355); 53(7.21265); 54(6.99182); 55(0.80894); 56(6.64603); 57(3.09879); 58(3.23816); 59(4.03693); 60(1.11401); 61(1.42097); 62(8.65653); 63(4.24823); 64(5.60941); 65(1.65734); 66(1.98762); 67(4.27294); 68(2.70996); 69(6.74351); 70(6.64539); 71(3.85099); 72(7.96023); 73(1.90666); 74(3.42408); 75(0.35228); 76(0.55522); 77(4.91575); 78(7.51348); 79(6.37838); 80(7.98318); 81(6.12826); 82(4.79911); 83(0.53358); 84(0.1685); 85(4.32831); 86(0.91074); 87(2.45991); 88(1.64008); 89(3.09447); 90(6.73984); 91(4.18353); 92(2.8367); 93(0.94781); 94(2.86555); 95(0.0405); 96(8.37906); 97(5.76982); 98(1.74673); 99(2.36536); 100(3.25547); 101(0.87307); 102(5.25826); 103(3.50287); 104(5.97531); 105(2.12156); 106(5.97019); 107(0.96447); 108(1.04996); 109(1.16644); 110(2.42861); 111(4.10616); 112(1.10155); 113(5.27486); 114(8.69918); 115(1.89719); 116(0.54264); 117(1.81157); 118(4.66415); 119(7.84228); 120(4.16745); 121(1.45735); 122(5.70454); 123(5.65237); 124(4.77868); 125(4.88733); 126(1.32003); 127(0.08207); 128(3.81545); 129(6.7441); 130(0.81611); 131(3.53091); 132(4.06736); 133(5.2461); 134(4.41997); 135(4.87251); 136(4.84786); 137(1.77243); 138(3.77425); 139(0.74813); 140(8.21611); 141(4.59399); 142(7.79603); 143(8.01596); 144(4.79748); 145(6.91169); 146(5.74329); 147(6.19373); 148(1.09779); 149(0.52858); 150(0.14425); 151(1.9836); 152(8.96257); 153(3.62496); 154(0.51081); 155(3.59054); 156(4.96679); 157(0.44383); 158(6.32788); 159(3.74005); 160(3.00966); 161(7.57098); 162(4.1135); 163(4.18743); 164(5.82281); 165(4.72796); 166(7.33462); 167(6.57459); 168(6.65814); 169(0.22376); 170(4.90917); 171(0.34091); 172(4.29449); 173(4.34187); 174(5.64592); 175(8.08217); 176(0.33376); 177(8.92817); 178(8.73233); 179(7.37097); 180(1.16665); 181(2.74831); 182(3.74019); 183(3.19509); 184(6.48781); 185(6.97594); 186(5.22622); 187(7.24122); 188(7.98023); 189(6.22512); 190(5.79503); 191(7.4737); 192(1.21539); 193(7.96377); 194(1.15872); 195(0.84509); 196(2.01256); 197(8.5282); 198(4.63449); 199(3.08486); 200(3.64169); 201(2.45878); 202(1.19247); 203(2.57955); 204(5.33159); 205(3.47476); 206(6.27308); 207(1.6426); 208(7.65586); 209(7.52556); 210(8.54211); 211(8.45253); 212(2.16064); 213(4.33661); 214(5.00891); 215(2.774); 216(1.21519); 217(6.90752); 218(0.61958); 219(5.15749); 220(6.87756); 221(3.09721); 222(0.4114); 223(4.22214); 224(8.55561); 225(3.85227); 226(8.30773); 227(3.65928); 228(8.51141); 229(8.11239); 230(3.0716); 231(5.40417); 232(5.26477); 233(3.55807); 234(1.82847); 235(6.72962); 236(1.78743); 237(1.83235); 238(5.27328); 239(2.5364); 240(0.32441); 241(0.27065); 242(4.36592); 243(4.59709); 244(1.78424); 245(1.91804); 246(7.12256); 247(7.17362); 248(0.6901); 249(0.82428); 250(5.32898); 251(8.90497); 252(3.72391); 253(4.35933); 254(1.9254); 255(4.12734); 256(0.49485); 257(8.84688); 258(1.86599); 259(6.8063); 260(2.93414); 261(3.82142); 262(2.93373); 263(8.22477); 264(3.79497); 265(5.09008); 266(0.99511); 267(5.67001); 268(0.07044); 269(5.39499); 270(4.83875); 271(0.19211); 272(1.25106); 273(4.06218); 274(1.51779); 275(7.91642); 276(8.56535); 277(0.12518); 278(6.41575); 279(4.29533); 281(1.56717); 282(1.12312); 283(2.84957); 284(5.32872); 285(0.23989); 286(5.3953); 287(3.45869); 288(1.79365); 289(5.11383); 290(2.74554); 291(1.61125); 292(1.2735); 293(4.60647); 294(5.97957); 295(7.23944); 296(8.86405); 297(7.93289); 298(4.55187); 299(0.05208),1256.34266,1256.34266,4.20181491638796,2.5588133969789144,8.98999,0.0405,0.3978531156479951,1
281,0(5.88041); 1(8.76449); 2(8.41367); 3(0.67013); 4(0.61612); 5(6.04347); 6(6.19708); 7(2.12568); 8(5.74157); 9(4.19202); 10(5.45508); 11(7.18037); 12(3.1777); 13(4.88698); 14(2.60676); 15(3.30187); 16(8.49173); 17(5.8351); 18(6.74871); 19(2.01498); 20(0.82577); 21(6.68529); 22(1.47362); 23(0.729); 24(4.40699); 25(7.3932); 26(1.9361); 27(5.35146); 28(3.65476); 29(2.01904); 30(1.01953); 31(6.11924); 32(8.09475); 33(7.04331); 34(5.6226); 35(6.86006); 36(3.04596); 37(7.43783); 38(3.74684); 39(1.21736); 40(5.12079); 41(3.10729); 42(8.5096); 43(0.20006); 44(3.58459); 45(3.87573); 46(1.27736); 47(8.2807); 48(2.04197); 49(2.47419); 50(2.40522); 51(5.22682); 52(0.75028); 53(5.47594); 54(2.37049); 55(5.29017); 56(0.13206); 57(5.56694); 58(4.57624); 59(7.79044); 60(1.67335); 61(5.28439); 62(7.49734); 63(5.7912); 64(2.24544); 65(6.50217); 66(4.26768); 67(4.86276); 68(5.72638); 69(0.21486); 70(0.81127); 71(7.84464); 72(1.01522); 73(1.06003); 74(3.94565); 75(7.49379); 76(3.39668); 77(5.5744); 78(6.78132); 79(6.17311); 80(2.20174); 81(2.52299); 82(0.502); 83(6.31269); 84(7.92432); 85(4.577); 86(3.2667); 87(6.49519); 88(6.70254); 89(3.80861); 90(8.91318); 91(0.77122); 92(6.72142); 93(6.80175); 94(5.67704); 95(4.97267); 96(5.01851); 97(3.54419); 98(5.73525); 99(8.66449); 100(3.00702); 101(0.79507); 102(0.48524); 103(3.76575); 104(3.55972); 105(1.43997); 106(2.8422); 107(4.02033); 108(1.24739); 109(8.51117); 110(4.8862); 111(2.01943); 112(8.97715); 113(7.69079); 114(7.63707); 115(1.81147); 116(2.58331); 117(5.2777); 118(3.73622); 119(8.51684); 120(5.69517); 121(2.89142); 122(5.25273); 123(3.98212); 124(3.16183); 125(4.88218); 126(8.64702); 127(8.51366); 128(7.76004); 129(7.9342); 130(8.76236); 131(7.60128); 132(2.42371); 133(0.98278); 134(5.14542); 135(6.44038); 136(1.03564); 137(2.58738); 138(2.39708); 139(5.75887); 140(7.61634); 141(0.80038); 142(6.41105); 143(4.52562); 144(8.56372); 145(5.2318); 146(4.13958); 147(4.41402); 148(2.99571); 149(2.07136); 150(5.6851); 151(7.6373); 152(8.92272); 153(8.55031); 154(5.71811); 155(8.83709); 156(4.09141); 157(6.76459); 158(4.93317); 159(8.29174); 160(5.83083); 161(3.37848); 162(6.50797); 163(3.80888); 164(3.78252); 165(8.71175); 166(8.67032); 167(8.69947); 168(2.30469); 169(2.07618); 170(4.44322); 171(5.3242); 172(2.08172); 173(3.03293); 174(6.27033); 175(5.67895); 176(0.12898); 177(5.82343); 178(6.4435); 179(6.59174); 180(0.64923); 181(7.80612); 182(6.27545); 183(6.55015); 184(3.803); 185(4.8291); 186(0.21852); 187(2.09186); 188(5.35657); 189(6.96356); 190(5.91907); 191(7.7041); 192(1.24293); 193(3.35994); 194(8.08122); 195(0.91982); 196(4.56381); 197(5.51719); 198(2.52213); 199(2.00903); 200(3.85566); 201(6.99651); 202(0.15896); 203(3.45887); 204(0.03087); 205(2.57235); 206(8.0262); 207(2.41179); 208(1.61119); 209(8.28185); 210(8.20898); 211(3.67309); 212(4.13607); 213(8.06147); 214(1.55621); 215(3.00903); 216(4.82643); 217(8.26597); 218(5.95776); 219(2.89321); 220(7.29692); 221(7.82892); 222(3.25286); 223(2.22072); 224(5.29762); 225(5.36117); 226(2.42958); 227(2.61452); 228(2.03493); 229(8.40793); 230(5.70282); 231(7.04315); 232(2.75151); 233(8.22579); 234(7.03807); 235(0.315); 236(5.2311); 237(1.3589); 238(3.14931); 239(6.93577); 240(0.49186); 241(4.60258); 242(5.28785); 243(4.33874); 244(6.99002); 245(8.01144); 246(3.81146); 247(4.52895); 248(0.13545); 249(6.09673); 250(7.74295); 251(0.1697); 252(1.70955); 253(6.32931); 254(8.31086); 255(0.90455); 256(8.90185); 257(1.06351); 258(6.54921); 259(1.20181); 260(4.05125); 261(6.99336); 262(5.97828); 263(8.43304); 264(5.69318); 265(3.00053); 266(6.13281); 267(4.3548); 268(5.88929); 269(7.24727); 270(3.80246); 271(6.82289); 272(8.56878); 273(2.3601); 274(1.93859); 275(0.38279); 276(7.98482); 277(1.85463); 278(4.7929); 279(6.41536); 280(1.56717); 282(5.3127); 283(3.44148); 284(0.31085); 285(4.76488); 286(0.96009); 287(5.87724); 288(5.15815); 289(7.80864); 290(1.9043); 291(4.49481); 292(0.18904); 293(2.71974); 294(4.38504); 295(0.28732); 296(2.62784); 297(1.74698); 298(1.29412); 299(4.56778),1369.00075,1369.00075,4.578597826086957,2.55020233575559,8.97715,0.03087,0.4298757680337282,1
282,0(3.467); 1(6.41434); 2(5.83455); 3(1.71109); 4(2.63917); 5(0.72828); 6(1.71274); 7(8.76967); 8(4.25123); 9(4.76379); 10(2.75618); 11(4.45085); 12(3.22652); 13(1.24941); 14(1.02432); 15(3.77598); 16(0.63603); 17(8.38389); 18(2.28008); 19(5.50087); 20(3.08633); 21(8.50929); 22(8.26403); 23(1.50817); 24(2.62107); 25(8.21881); 26(7.00393); 27(3.51505); 28(8.67967); 29(8.92202); 30(5.04969); 31(8.84798); 32(0.92936); 33(2.33543); 34(5.72651); 35(1.74988); 36(8.72938); 37(0.8483); 38(2.8256); 39(2.13578); 40(2.94632); 41(1.35608); 42(5.29075); 43(7.66692); 44(5.95948); 45(1.31959); 46(1.19201); 47(4.46094); 48(7.95117); 49(4.85305); 50(0.6999); 51(6.36746); 52(6.84132); 53(3.47704); 54(3.2475); 55(7.25048); 56(4.68664); 57(6.32954); 58(3.52275); 59(4.31362); 60(4.28336); 61(8.26891); 62(4.7223); 63(3.29618); 64(0.36637); 65(8.35218); 66(5.42223); 67(8.37927); 68(0.81079); 69(2.08386); 70(7.19693); 71(3.27435); 72(5.22263); 73(6.79761); 74(3.27935); 75(6.05516); 76(2.57394); 77(1.7506); 78(5.10876); 79(5.79113); 80(0.54036); 81(4.98691); 82(5.49923); 83(6.15603); 84(1.4266); 85(5.74095); 86(6.57936); 87(6.07253); 88(6.00249); 89(7.8718); 90(2.05684); 91(5.06229); 92(3.74788); 93(4.33932); 94(2.89972); 95(2.198); 96(8.39348); 97(2.15602); 98(0.47334); 99(0.77027); 100(1.98488); 101(8.43267); 102(8.72645); 103(4.69074); 104(5.02159); 105(4.9301); 106(8.0432); 107(8.67823); 108(1.5109); 109(0.20214); 110(8.63182); 111(2.61719); 112(4.60694); 113(4.44468); 114(2.96833); 115(3.06214); 116(8.7583); 117(6.44749); 118(1.73345); 119(0.54422); 120(0.08738); 121(4.71333); 122(5.87404); 123(0.68444); 124(0.79974); 125(7.30874); 126(0.74987); 127(2.58792); 128(4.54778); 129(0.98779); 130(8.70103); 131(7.68039); 132(0.73388); 133(0.18772); 134(8.59761); 135(2.5492); 136(1.81455); 137(0.94001); 138(7.65372); 139(3.93832); 140(3.1514); 141(6.48159); 142(5.60148); 143(4.17174); 144(8.18429); 145(8.24826); 146(0.69753); 147(6.78875); 148(1.23208); 149(0.44964); 150(6.64786); 151(1.46286); 152(1.90603); 153(0.98149); 154(7.45471); 155(0.81583); 156(7.8541); 157(7.64808); 158(6.44539); 159(1.12521); 160(0.00107); 161(8.15505); 162(0.35078); 163(8.13051); 164(8.95247); 165(4.82506); 166(4.49756); 167(6.85387); 168(5.06904); 169(1.58007); 170(3.65479); 171(4.97319); 172(0.1654); 173(6.57869); 174(2.42195); 175(0.96145); 176(1.51189); 177(4.65155); 178(1.7062); 179(8.03607); 180(3.54026); 181(0.57543); 182(0.88645); 183(5.77482); 184(1.44406); 185(2.29856); 186(7.26844); 187(7.19519); 188(8.78258); 189(4.50567); 190(1.77271); 191(8.63607); 192(7.32756); 193(3.13572); 194(4.28642); 195(4.60799); 196(0.1701); 197(2.79914); 198(5.7264); 199(2.4018); 200(7.99502); 201(7.02436); 202(4.60712); 203(5.08034); 204(5.67879); 205(0.94458); 206(8.96725); 207(3.33933); 208(3.39507); 209(8.44854); 210(7.59854); 211(1.40907); 212(7.86325); 213(1.9595); 214(2.31612); 215(7.93853); 216(3.22277); 217(4.57829); 218(0.67153); 219(2.40462); 220(2.27775); 221(1.5792); 222(5.77429); 223(7.89793); 224(2.55275); 225(8.46293); 226(1.69895); 227(4.81428); 228(2.29594); 229(6.59538); 230(8.63842); 231(5.60842); 232(0.51722); 233(0.45544); 234(5.05117); 235(6.03311); 236(5.38939); 237(0.43985); 238(4.47557); 239(8.80283); 240(4.60004); 241(3.45711); 242(3.94493); 243(3.37215); 244(5.2653); 245(6.62172); 246(5.20584); 247(5.7585); 248(1.6308); 249(4.79627); 250(0.25042); 251(6.52545); 252(6.70342); 253(1.5466); 254(5.52226); 255(7.55917); 256(3.58579); 257(7.64624); 258(3.93889); 259(0.82456); 260(3.48249); 261(3.04485); 262(3.29809); 263(6.41717); 264(6.86974); 265(4.76774); 266(5.34787); 267(8.22699); 268(2.16533); 269(2.76419); 270(8.79501); 271(8.49922); 272(8.62608); 273(3.07801); 274(4.52243); 275(8.41597); 276(3.91575); 277(6.48967); 278(3.94676); 279(2.85626); 280(1.12312); 281(5.3127); 283(1.76415); 284(1.35997); 285(8.6353); 286(7.71035); 287(8.17561); 288(6.54087); 289(3.9077); 290(0.29191); 291(1.5839); 292(0.88088); 293(7.76924); 294(3.56189); 295(4.86749); 296(5.1096); 297(0.44914); 298(3.30666); 299(4.21846),1315.21489,1315.21489,4.398712006688963,2.6671631479007276,8.96725,0.00107,0.4130627076196114,1
283,0(7.99924); 1(4.93347); 2(4.77208); 3(8.02737); 4(6.71741); 5(4.75105); 6(4.52425); 7(7.36832); 8(1.83799); 9(7.60609); 10(1.45036); 11(8.63881); 12(1.21899); 13(2.22991); 14(1.52621); 15(6.02043); 16(8.86083); 17(4.65239); 18(4.84737); 19(1.06881); 20(5.29515); 21(2.011); 22(6.98688); 23(8.8256); 24(5.57695); 25(6.00467); 26(1.11466); 27(7.353); 28(0.0678); 29(1.30269); 30(7.67364); 31(6.42163); 32(3.29617); 33(4.10181); 34(6.28905); 35(2.6515); 36(3.15628); 37(6.81047); 38(0.47045); 39(4.32192); 40(0.58496); 41(5.22739); 42(8.87213); 43(6.66899); 44(6.48285); 45(3.44221); 46(5.99146); 47(1.85764); 48(2.49977); 49(4.47404); 50(2.30422); 51(0.02441); 52(5.49974); 53(3.55022); 54(5.91577); 55(3.92993); 56(6.71368); 57(2.1175); 58(8.78943); 59(5.08982); 60(5.15088); 61(4.3413); 62(1.93713); 63(5.35426); 64(8.69247); 65(4.55658); 66(7.42167); 67(8.21616); 68(7.4259); 69(8.11471); 70(8.89003); 71(2.13035); 72(2.59095); 73(1.96779); 74(3.86036); 75(6.51977); 76(4.29304); 77(3.67642); 78(4.34638); 79(8.73248); 80(7.3109); 81(2.29401); 82(1.2679); 83(7.63547); 84(4.26822); 85(8.50102); 86(8.11033); 87(1.08649); 88(8.35832); 89(0.68001); 90(4.66835); 91(0.15943); 92(6.46148); 93(1.08298); 94(6.32124); 95(5.05128); 96(2.21862); 97(3.04643); 98(4.51167); 99(8.89671); 100(1.20512); 101(3.05682); 102(7.88295); 103(6.3639); 104(5.50747); 105(7.63274); 106(8.46001); 107(6.16838); 108(5.26152); 109(8.30982); 110(1.64349); 111(8.9491); 112(0.23284); 113(0.71598); 114(5.45018); 115(3.21906); 116(4.11393); 117(2.7737); 118(6.01454); 119(1.24293); 120(2.12852); 121(8.45091); 122(4.68339); 123(1.12735); 124(1.20384); 125(3.70292); 126(1.5877); 127(4.89866); 128(7.28448); 129(8.1935); 130(6.30275); 131(1.93168); 132(1.2967); 133(4.07583); 134(3.55086); 135(6.32259); 136(1.78139); 137(3.07885); 138(1.1835); 139(0.81559); 140(6.82251); 141(5.21181); 142(8.46545); 143(1.26257); 144(2.13632); 145(6.12871); 146(4.32602); 147(1.08415); 148(4.24281); 149(0.18501); 150(5.65734); 151(2.98985); 152(3.71355); 153(0.45077); 154(6.96984); 155(2.95854); 156(3.61115); 157(3.83505); 158(5.36698); 159(4.76366); 160(1.69724); 161(4.92873); 162(6.12827); 163(1.4634); 164(2.3013); 165(7.57217); 166(2.58645); 167(3.24083); 168(5.32908); 169(3.71416); 170(0.74205); 171(5.90068); 172(3.20204); 173(3.16326); 174(6.30834); 175(7.46421); 176(6.05467); 177(2.03722); 178(6.85697); 179(3.9262); 180(6.11237); 181(7.44626); 182(8.52802); 183(5.10165); 184(3.14304); 185(3.8995); 186(8.3703); 187(6.25873); 188(6.73154); 189(4.76064); 190(7.06033); 191(6.97668); 192(3.32003); 193(4.49287); 194(0.11718); 195(0.95888); 196(3.76669); 197(4.32167); 198(7.57459); 199(5.39819); 200(8.43482); 201(5.9349); 202(3.53871); 203(7.39258); 204(2.48911); 205(6.94771); 206(8.37291); 207(3.74449); 208(6.96595); 209(5.05905); 210(6.77932); 211(8.45286); 212(8.66776); 213(0.96201); 214(4.52038); 215(2.35067); 216(6.90208); 217(4.62575); 218(5.30483); 219(8.18754); 220(2.74124); 221(0.76971); 222(7.84442); 223(3.14852); 224(6.0728); 225(5.07812); 226(1.44114); 227(2.51046); 228(0.40557); 229(1.66768); 230(0.15586); 231(7.19928); 232(7.84613); 233(2.52196); 234(8.73003); 235(7.08178); 236(7.98829); 237(0.85173); 238(4.62023); 239(7.17318); 240(2.64337); 241(5.94294); 242(2.04138); 243(2.36096); 244(3.82395); 245(1.89196); 246(5.353); 247(7.28485); 248(6.33085); 249(5.14631); 250(2.92602); 251(3.10203); 252(3.07044); 253(0.6063); 254(7.79324); 255(2.39372); 256(6.8048); 257(8.04861); 258(6.43966); 259(7.22657); 260(5.85795); 261(5.59452); 262(7.9016); 263(4.97987); 264(8.91771); 265(2.34977); 266(5.0598); 267(4.62402); 268(8.0198); 269(4.90327); 270(0.59266); 271(7.12691); 272(5.16673); 273(8.16427); 274(0.66507); 275(1.35204); 276(7.81239); 277(6.48453); 278(7.31203); 279(6.7251); 280(2.84957); 281(3.44148); 282(1.76415); 284(1.02538); 285(6.40368); 286(2.16474); 287(4.16758); 288(5.12985); 289(0.49681); 290(8.92124); 291(5.02826); 292(1.96023); 293(0.37762); 294(2.29511); 295(2.2232); 296(2.28724); 297(7.34999); 298(0.73103); 299(7.27213),1384.12421,1384.12421,4.629177959866221,2.5480314462441425,8.9491,0.02441,0.43519034368412896,1
284,0(7.43677); 1(6.47557); 2(3.60208); 3(2.4638); 4(4.7413); 5(5.41073); 6(2.95748); 7(7.4367); 8(0.57146); 9(5.85683); 10(7.71068); 11(7.78543); 12(7.8074); 13(0.99224); 14(8.53984); 15(5.61227); 16(3.81905); 17(5.12803); 18(5.29796); 19(1.30131); 20(4.68988); 21(5.5879); 22(8.00927); 23(5.73056); 24(2.98801); 25(1.32922); 26(4.56023); 27(1.85348); 28(6.48187); 29(0.08115); 30(2.27901); 31(1.7339); 32(2.26983); 33(5.89605); 34(8.21614); 35(5.21103); 36(2.26429); 37(3.8227); 38(3.57653); 39(5.0636); 40(8.41377); 41(2.47836); 42(0.95192); 43(8.7754); 44(0.77208); 45(7.86993); 46(6.41596); 47(6.49054); 48(5.68524); 49(3.23275); 50(0.16413); 51(0.45534); 52(6.99322); 53(3.30373); 54(3.40988); 55(7.30206); 56(2.00045); 57(2.85722); 58(7.19686); 59(4.54976); 60(6.93181); 61(7.26301); 62(0.78848); 63(4.61522); 64(3.09783); 65(1.83109); 66(2.15343); 67(3.21823); 68(2.16018); 69(6.84931); 70(6.80158); 71(1.50275); 72(5.80021); 73(1.46874); 74(0.35373); 75(6.09543); 76(6.87733); 77(8.75532); 78(8.22718); 79(3.63638); 80(5.73635); 81(2.11101); 82(1.65041); 83(2.34876); 84(8.45208); 85(2.7426); 86(4.46062); 87(6.6548); 88(1.91895); 89(0.08202); 90(2.23913); 91(2.90391); 92(4.47164); 93(8.48207); 94(2.12302); 95(7.34597); 96(8.01365); 97(2.82483); 98(5.08705); 99(8.06893); 100(7.34066); 101(6.65713); 102(8.75949); 103(8.81056); 104(1.13045); 105(6.80716); 106(0.12121); 107(6.50331); 108(8.92285); 109(1.29278); 110(4.12987); 111(4.34539); 112(4.54206); 113(5.17487); 114(6.54546); 115(2.35721); 116(3.38083); 117(6.63466); 118(1.33252); 119(0.12112); 120(8.47773); 121(8.24168); 122(7.86666); 123(4.68947); 124(4.67579); 125(2.84192); 126(1.71559); 127(2.02967); 128(4.13166); 129(5.73536); 130(1.9753); 131(4.52077); 132(3.79304); 133(2.06127); 134(7.2857); 135(4.70885); 136(7.78167); 137(7.89914); 138(8.00546); 139(7.57876); 140(6.47235); 141(2.22847); 142(0.44495); 143(1.68011); 144(4.91838); 145(4.47289); 146(3.87494); 147(3.25594); 148(3.75974); 149(7.29357); 150(7.44576); 151(1.00766); 152(0.86373); 153(0.97535); 154(1.94663); 155(7.37795); 156(6.21227); 157(5.73332); 158(5.47865); 159(7.21023); 160(3.33867); 161(7.93343); 162(6.51096); 163(3.44119); 164(3.32904); 165(7.94478); 166(5.53988); 167(5.06248); 168(6.57442); 169(8.44625); 170(3.44639); 171(5.55845); 172(3.43705); 173(0.5834); 174(2.4374); 175(0.95796); 176(6.72935); 177(1.54605); 178(0.42073); 179(4.21653); 180(5.40383); 181(5.81383); 182(1.66136); 183(1.12625); 184(5.25139); 185(1.6523); 186(3.12394); 187(7.05001); 188(4.14634); 189(5.97651); 190(4.24234); 191(1.25883); 192(6.92373); 193(3.48613); 194(2.10175); 195(0.94059); 196(0.37642); 197(5.77441); 198(2.24161); 199(0.94683); 200(4.55477); 201(3.76239); 202(3.95942); 203(6.20568); 204(3.68865); 205(5.17455); 206(8.1915); 207(0.57709); 208(4.27255); 209(5.13499); 210(1.83209); 211(6.78706); 212(4.78748); 213(3.96876); 214(4.83415); 215(0.96905); 216(7.43945); 217(5.6712); 218(8.75647); 219(5.21058); 220(6.52214); 221(3.88217); 222(5.15263); 223(4.21482); 224(7.7395); 225(5.3513); 226(1.89437); 227(2.47901); 228(1.87662); 229(8.94703); 230(8.52669); 231(5.06451); 232(7.66458); 233(1.94312); 234(6.8881); 235(1.19933); 236(5.69402); 237(5.4396); 238(4.90505); 239(0.99047); 240(6.86802); 241(3.25847); 242(0.12136); 243(1.46465); 244(0.98306); 245(7.43147); 246(6.19181); 247(3.55369); 248(2.93921); 249(6.10171); 250(3.36867); 251(6.14805); 252(3.92357); 253(5.14457); 254(8.97315); 255(1.72251); 256(6.97147); 257(3.29775); 258(5.79469); 259(8.96895); 260(5.23751); 261(4.31265); 262(0.66695); 263(8.85721); 264(1.53787); 265(6.61794); 266(7.99825); 267(1.93502); 268(6.71428); 269(6.33233); 270(3.81588); 271(8.37926); 272(8.95912); 273(4.65611); 274(3.74657); 275(4.6395); 276(3.74086); 277(2.35408); 278(5.80633); 279(1.3448); 280(5.32872); 281(0.31085); 282(1.35997); 283(1.02538); 285(1.27896); 286(5.98281); 287(2.95186); 288(2.84807); 289(2.09629); 290(5.66823); 291(4.34371); 292(5.56068); 293(2.26711); 294(1.17401); 295(5.90383); 296(3.53718); 297(8.40593); 298(2.99489); 299(0.20027),1334.85704,1334.85704,4.464404816053512,2.497735593391047,8.97315,0.08115,0.4242213195837241,2
285,0(1.83348); 1(7.41204); 2(7.2726); 3(0.66414); 4(0.07157); 5(4.29622); 6(3.02886); 7(7.20107); 8(7.62277); 9(3.07239); 10(0.27156); 11(1.8409); 12(3.09877); 13(5.17717); 14(0.1534); 15(1.44266); 16(0.46915); 17(8.94033); 18(6.68041); 19(4.00062); 20(1.04039); 21(2.14379); 22(6.00028); 23(4.93398); 24(6.68451); 25(4.8799); 26(1.11603); 27(8.02299); 28(6.31058); 29(8.50947); 30(4.28487); 31(3.0087); 32(1.84333); 33(0.86228); 34(3.15678); 35(8.37971); 36(2.55524); 37(5.96617); 38(5.46354); 39(6.74536); 40(1.54897); 41(6.70072); 42(3.33958); 43(4.84241); 44(5.04007); 45(1.60155); 46(3.491); 47(5.20949); 48(2.8488); 49(8.04862); 50(0.45426); 51(4.03456); 52(8.77146); 53(8.95702); 54(4.22696); 55(6.08563); 56(3.24116); 57(1.44037); 58(4.27156); 59(3.91614); 60(1.48529); 61(2.0302); 62(4.63386); 63(2.29304); 64(5.21436); 65(0.04243); 66(1.31976); 67(1.63556); 68(2.3504); 69(4.96045); 70(2.57205); 71(5.69676); 72(8.10894); 73(4.63172); 74(5.0462); 75(8.23128); 76(1.65367); 77(4.38666); 78(0.73988); 79(2.86614); 80(0.09875); 81(2.2379); 82(2.82301); 83(2.28836); 84(4.81516); 85(2.93271); 86(6.11378); 87(1.63419); 88(3.70945); 89(6.95707); 90(3.30225); 91(3.19255); 92(6.3622); 93(8.03153); 94(3.96436); 95(0.77353); 96(2.91389); 97(7.60254); 98(1.09118); 99(4.07946); 100(8.10076); 101(6.83564); 102(3.95934); 103(5.73226); 104(1.96522); 105(6.35672); 106(8.13162); 107(1.31657); 108(4.368); 109(8.15022); 110(1.87231); 111(5.40932); 112(8.66508); 113(2.28435); 114(1.65039); 115(7.78939); 116(5.40094); 117(3.22642); 118(0.69431); 119(3.77673); 120(4.68392); 121(1.4071); 122(6.49532); 123(8.6234); 124(6.51274); 125(1.93342); 126(3.9704); 127(3.78849); 128(1.79669); 129(3.17715); 130(6.25557); 131(6.13333); 132(7.70275); 133(0.53008); 134(5.30112); 135(0.09465); 136(0.83826); 137(8.31185); 138(6.56002); 139(2.49035); 140(5.59639); 141(6.53845); 142(6.32626); 143(0.26074); 144(1.11068); 145(7.01618); 146(1.38997); 147(2.13898); 148(6.75209); 149(4.40032); 150(8.3523); 151(3.35181); 152(1.76572); 153(5.49502); 154(2.13372); 155(2.17827); 156(5.40059); 157(0.68932); 158(2.87502); 159(3.18614); 160(2.06308); 161(5.86805); 162(1.30762); 163(1.44613); 164(8.94481); 165(3.57141); 166(4.07964); 167(5.68783); 168(3.03313); 169(0.63883); 170(5.20074); 171(8.02445); 172(6.90313); 173(2.22999); 174(0.35426); 175(7.79484); 176(4.21865); 177(8.41145); 178(0.90988); 179(8.48782); 180(4.66536); 181(4.00641); 182(5.85468); 183(8.18737); 184(7.19487); 185(0.4599); 186(6.15858); 187(4.69792); 188(1.95366); 189(3.626); 190(3.36274); 191(1.33887); 192(2.27393); 193(8.63714); 194(1.65684); 195(8.12096); 196(0.59916); 197(8.20194); 198(2.54073); 199(6.36821); 200(6.13786); 201(5.34247); 202(8.2219); 203(7.49477); 204(2.1329); 205(4.24407); 206(5.40193); 207(6.43171); 208(8.28793); 209(2.56077); 210(2.9917); 211(8.90488); 212(3.22763); 213(3.98318); 214(7.65424); 215(4.67463); 216(1.57853); 217(8.38328); 218(5.43139); 219(3.82405); 220(1.08226); 221(2.85258); 222(8.42974); 223(3.96717); 224(3.59734); 225(0.47563); 226(0.44484); 227(8.08158); 228(3.16359); 229(5.46706); 230(1.89888); 231(6.63198); 232(8.87274); 233(4.78897); 234(1.3621); 235(6.47642); 236(7.07636); 237(7.61589); 238(6.09696); 239(7.47983); 240(6.79643); 241(8.37964); 242(1.97973); 243(4.25383); 244(6.1876); 245(8.23076); 246(1.12714); 247(0.09784); 248(7.09876); 249(4.25919); 250(6.69877); 251(7.17363); 252(5.7139); 253(6.83729); 254(2.16472); 255(4.75847); 256(1.89164); 257(0.04536); 258(2.84321); 259(4.3768); 260(6.5857); 261(3.94624); 262(3.64973); 263(6.6325); 264(5.6641); 265(1.60646); 266(8.94624); 267(7.26572); 268(3.51582); 269(7.4772); 270(5.85771); 271(2.47315); 272(5.73305); 273(6.83527); 274(8.29534); 275(8.49612); 276(2.74375); 277(4.16613); 278(2.45906); 279(3.47818); 280(0.23989); 281(4.76488); 282(8.6353); 283(6.40368); 284(1.27896); 286(7.56818); 287(2.39296); 288(5.45959); 289(7.55328); 290(6.57942); 291(8.29016); 292(3.92529); 293(3.73863); 294(5.97388); 295(3.73701); 296(0.16472); 297(3.68221); 298(0.31799); 299(6.03868),1323.94067,1323.94067,4.427895217391305,2.56736493703328,8.95702,0.04243,0.4177000635935262,2
286,0(8.73958); 1(8.60268); 2(1.46295); 3(7.92911); 4(7.18417); 5(6.26961); 6(2.39309); 7(4.33242); 8(2.24223); 9(2.07006); 10(7.14345); 11(4.99496); 12(8.6995); 13(0.82627); 14(0.06603); 15(7.41046); 16(1.21986); 17(0.35962); 18(3.32053); 19(2.16387); 20(6.76044); 21(4.77579); 22(8.3795); 23(3.61148); 24(2.39274); 25(1.0853); 26(0.12656); 27(8.05044); 28(1.32909); 29(7.50909); 30(8.49243); 31(6.33175); 32(8.77068); 33(3.97605); 34(5.9028); 35(2.21906); 36(7.12502); 37(4.82658); 38(3.93512); 39(3.0474); 40(6.90599); 41(6.43117); 42(3.27771); 43(3.69993); 44(7.15743); 45(1.85288); 46(7.81932); 47(2.35406); 48(0.54516); 49(0.29849); 50(4.58147); 51(7.55891); 52(8.22896); 53(1.30894); 54(5.53789); 55(1.62273); 56(8.1409); 57(7.573); 58(0.97851); 59(4.73746); 60(6.82829); 61(8.24676); 62(2.87595); 63(4.70143); 64(0.535); 65(3.15613); 66(2.25901); 67(4.35197); 68(4.98233); 69(5.37913); 70(5.90051); 71(4.7485); 72(8.2646); 73(0.81959); 74(1.94736); 75(6.24009); 76(2.15252); 77(7.32738); 78(7.27356); 79(5.92813); 80(2.21453); 81(3.62421); 82(0.05958); 83(3.75829); 84(5.71139); 85(0.13712); 86(0.03614); 87(3.2718); 88(1.79126); 89(6.23558); 90(7.65847); 91(4.37411); 92(2.82358); 93(2.78497); 94(2.16408); 95(8.17514); 96(0.07045); 97(4.19363); 98(4.46318); 99(1.40367); 100(3.28413); 101(5.25808); 102(1.44857); 103(5.92693); 104(3.19504); 105(2.25999); 106(3.63972); 107(4.06901); 108(7.4752); 109(0.10903); 110(0.22021); 111(8.16376); 112(0.86546); 113(3.46571); 114(7.34288); 115(5.75799); 116(2.76739); 117(2.82863); 118(0.71912); 119(4.35815); 120(8.83916); 121(0.44162); 122(6.16663); 123(2.1077); 124(0.83885); 125(3.866); 126(4.5341); 127(2.25922); 128(6.55027); 129(0.24358); 130(4.45406); 131(0.10879); 132(3.36509); 133(3.08705); 134(6.00128); 135(5.88162); 136(6.98884); 137(2.03201); 138(6.66523); 139(0.94565); 140(4.39883); 141(7.54391); 142(5.26602); 143(8.72365); 144(0.59944); 145(1.07605); 146(4.95078); 147(8.55358); 148(4.41227); 149(2.79958); 150(5.18295); 151(2.19739); 152(1.05495); 153(6.0488); 154(0.72262); 155(8.20179); 156(5.95352); 157(7.39803); 158(5.86432); 159(7.52374); 160(5.92558); 161(8.81533); 162(3.33114); 163(2.77121); 164(8.74302); 165(1.13074); 166(1.60287); 167(2.32577); 168(2.67915); 169(6.52155); 170(1.55592); 171(4.0045); 172(8.12526); 173(2.60243); 174(3.15779); 175(2.71436); 176(6.40776); 177(4.39251); 178(0.80288); 179(0.12272); 180(1.97534); 181(0.51911); 182(6.86865); 183(7.88006); 184(2.34606); 185(6.37349); 186(7.50543); 187(0.65564); 188(3.39993); 189(8.25143); 190(7.75829); 191(6.67374); 192(2.2937); 193(4.72); 194(4.46738); 195(7.78037); 196(5.90809); 197(6.97604); 198(5.78465); 199(4.13089); 200(8.82639); 201(5.35482); 202(0.71888); 203(2.77948); 204(1.6044); 205(0.03779); 206(0.67615); 207(6.10998); 208(3.85812); 209(2.49218); 210(0.20039); 211(7.80843); 212(7.94948); 213(0.0206); 214(8.13565); 215(2.82752); 216(6.82506); 217(0.49079); 218(3.96881); 219(2.6615); 220(5.3262); 221(1.87502); 222(5.97346); 223(4.71908); 224(4.35289); 225(3.50593); 226(0.49516); 227(6.65267); 228(1.92482); 229(4.27082); 230(3.64876); 231(0.88026); 232(1.26712); 233(8.43375); 234(0.44086); 235(6.25342); 236(6.98061); 237(3.61206); 238(1.02728); 239(1.60012); 240(7.68776); 241(0.27644); 242(1.53454); 243(4.57581); 244(3.82203); 245(4.63609); 246(7.53505); 247(0.39493); 248(4.76244); 249(5.02639); 250(2.73208); 251(7.25768); 252(3.46519); 253(5.11784); 254(1.58132); 255(4.42822); 256(8.519); 257(3.87716); 258(8.56077); 259(2.41324); 260(1.38976); 261(6.85218); 262(1.53079); 263(6.46389); 264(7.7043); 265(4.40411); 266(6.48199); 267(4.76128); 268(1.04088); 269(4.99326); 270(5.55855); 271(8.10899); 272(2.70838); 273(7.15564); 274(5.07685); 275(5.61065); 276(3.16169); 277(0.9673); 278(1.0934); 279(5.84759); 280(5.3953); 281(0.96009); 282(7.71035); 283(2.16474); 284(5.98281); 285(7.56818); 287(7.22194); 288(0.63027); 289(6.41184); 290(8.67864); 291(0.70945); 292(8.92968); 293(0.77357); 294(8.59903); 295(7.26339); 296(3.50142); 297(7.75759); 298(8.61731); 299(1.88636),1289.02698,1289.02698,4.3111270234113706,2.6709986024359664,8.92968,0.0206,0.40082174593520326,1
287,0(7.93088); 1(4.68693); 2(7.85105); 3(0.7279); 4(6.72322); 5(6.75627); 6(4.56541); 7(5.49691); 8(5.94332); 9(4.60771); 10(6.78823); 11(2.94925); 12(5.80656); 13(6.50452); 14(7.89391); 15(2.74448); 16(4.48796); 17(8.0975); 18(7.65859); 19(0.49069); 20(4.35987); 21(4.1519); 22(6.47903); 23(0.58901); 24(8.50094); 25(5.76126); 26(5.58314); 27(1.03428); 28(0.61767); 29(8.33773); 30(1.98834); 31(2.12498); 32(1.36877); 33(5.57603); 34(7.22776); 35(2.42582); 36(6.42426); 37(7.17944); 38(0.95532); 39(8.33487); 40(5.57859); 41(3.66277); 42(1.45669); 43(3.60662); 44(8.71476); 45(5.12263); 46(3.0424); 47(0.98535); 48(4.49319); 49(6.4913); 50(0.83818); 51(1.12262); 52(6.23186); 53(1.39122); 54(5.88888); 55(0.48193); 56(0.94437); 57(0.2418); 58(6.33429); 59(2.7252); 60(3.73002); 61(2.91499); 62(4.9363); 63(0.48808); 64(6.43781); 65(1.16614); 66(8.86669); 67(1.17274); 68(2.22134); 69(2.49614); 70(6.1384); 71(5.89969); 72(7.46344); 73(0.2392); 74(7.22883); 75(2.0303); 76(3.9032); 77(2.72037); 78(1.43428); 79(8.6903); 80(2.12351); 81(5.09445); 82(8.67958); 83(2.99873); 84(4.52158); 85(4.47951); 86(4.77494); 87(5.99649); 88(2.61619); 89(7.05283); 90(8.28151); 91(5.00956); 92(6.01483); 93(6.19278); 94(6.47468); 95(8.92025); 96(0.96636); 97(6.67048); 98(3.20774); 99(7.57729); 100(2.95725); 101(5.5835); 102(7.05929); 103(4.48962); 104(4.30706); 105(0.04354); 106(6.18354); 107(3.91552); 108(4.55232); 109(5.35541); 110(7.49079); 111(2.10769); 112(0.91177); 113(4.26405); 114(1.65199); 115(8.22619); 116(0.89054); 117(4.2991); 118(2.73197); 119(5.05453); 120(5.98976); 121(4.40039); 122(7.028); 123(3.08893); 124(0.13434); 125(3.95308); 126(8.27874); 127(8.32984); 128(6.55535); 129(5.69202); 130(0.20494); 131(3.53892); 132(7.1801); 133(2.99912); 134(1.25559); 135(8.12369); 136(0.09837); 137(3.37888); 138(5.8504); 139(8.69457); 140(0.09489); 141(3.38147); 142(2.94593); 143(3.06897); 144(1.67457); 145(8.09115); 146(6.76751); 147(0.15248); 148(4.48491); 149(7.22976); 150(2.92547); 151(7.26803); 152(4.24727); 153(6.09294); 154(5.93127); 155(2.15377); 156(8.91084); 157(5.62231); 158(3.09136); 159(8.79068); 160(5.0424); 161(2.48591); 162(7.74584); 163(0.08599); 164(8.5597); 165(0.42307); 166(7.1869); 167(7.7654); 168(8.10275); 169(2.25225); 170(4.37492); 171(7.23508); 172(6.22708); 173(8.05694); 174(6.78434); 175(5.65374); 176(2.78206); 177(7.16506); 178(5.53056); 179(1.35467); 180(5.75181); 181(7.00867); 182(0.88316); 183(6.25596); 184(5.83175); 185(6.27658); 186(0.86665); 187(4.81452); 188(0.85924); 189(5.03264); 190(5.75841); 191(3.68395); 192(2.53354); 193(5.7291); 194(0.30828); 195(0.60159); 196(8.04288); 197(4.24302); 198(2.02606); 199(0.69074); 200(1.65075); 201(4.60373); 202(3.885); 203(3.62486); 204(8.78767); 205(2.41145); 206(2.81297); 207(6.79375); 208(8.196); 209(6.50081); 210(2.13657); 211(5.1879); 212(5.06752); 213(8.78563); 214(7.53791); 215(4.83974); 216(7.27999); 217(0.97714); 218(1.24743); 219(2.91815); 220(1.64808); 221(8.34047); 222(8.06778); 223(2.14636); 224(1.9508); 225(7.07861); 226(5.36401); 227(2.55666); 228(8.93185); 229(4.66978); 230(2.80977); 231(0.32625); 232(5.15226); 233(5.68612); 234(2.1388); 235(1.72357); 236(6.45518); 237(6.7193); 238(4.9998); 239(2.45996); 240(8.68122); 241(5.76366); 242(3.35045); 243(6.55079); 244(8.52858); 245(1.74699); 246(5.09979); 247(4.98665); 248(8.64244); 249(2.15005); 250(5.18481); 251(7.07299); 252(0.20088); 253(7.46148); 254(2.75473); 255(5.83005); 256(3.65151); 257(7.04872); 258(0.98418); 259(8.76223); 260(1.9391); 261(5.30483); 262(6.15837); 263(6.18807); 264(0.76419); 265(1.10179); 266(1.96302); 267(5.15372); 268(3.66872); 269(3.07943); 270(4.03098); 271(4.904); 272(5.91769); 273(5.8998); 274(4.7899); 275(3.00311); 276(5.24134); 277(2.93967); 278(0.82787); 279(5.4896); 280(3.45869); 281(5.87724); 282(8.17561); 283(4.16758); 284(2.95186); 285(2.39296); 286(7.22194); 288(3.42951); 289(7.71516); 290(2.81952); 291(1.12187); 292(0.62861); 293(0.29714); 294(7.75259); 295(2.52018); 296(4.13817); 297(7.90005); 298(2.77133); 299(2.26812),1351.60331,1351.60331,4.520412408026756,2.550996810890231,8.93185,0.04354,0.4241292631780452,1
288,0(3.86341); 1(2.84247); 2(0.91439); 3(1.00917); 4(8.27288); 5(3.10911); 6(6.35154); 7(6.72505); 8(2.91097); 9(7.13456); 10(6.89782); 11(3.11408); 12(7.53289); 13(7.30078); 14(1.87902); 15(5.50659); 16(7.77078); 17(0.67336); 18(2.64333); 19(4.47742); 20(4.69286); 21(0.73671); 22(7.00916); 23(5.28702); 24(1.99645); 25(7.36329); 26(2.00272); 27(6.06457); 28(4.61818); 29(7.52417); 30(6.28241); 31(0.76585); 32(4.72609); 33(4.64835); 34(6.66927); 35(2.59581); 36(7.85609); 37(0.15978); 38(8.6584); 39(0.65305); 40(4.95058); 41(3.98585); 42(4.37014); 43(7.88562); 44(6.50858); 45(4.5058); 46(8.03721); 47(4.20583); 48(4.15604); 49(3.31262); 50(2.59936); 51(4.32011); 52(6.18321); 53(1.54589); 54(7.58336); 55(2.43629); 56(7.62097); 57(1.94727); 58(7.46737); 59(6.31642); 60(3.49728); 61(4.71116); 62(1.36252); 63(6.61331); 64(8.0288); 65(4.37504); 66(8.26217); 67(7.89062); 68(2.07987); 69(0.92661); 70(3.89128); 71(8.16226); 72(2.49382); 73(1.55432); 74(2.78857); 75(4.38743); 76(1.98574); 77(1.52855); 78(0.50548); 79(5.82914); 80(5.4278); 81(1.33635); 82(8.37689); 83(1.28047); 84(0.64828); 85(2.8415); 86(7.53943); 87(6.88106); 88(4.61498); 89(6.82199); 90(4.01452); 91(2.96746); 92(2.78983); 93(3.41258); 94(8.44773); 95(2.78224); 96(5.53572); 97(2.01986); 98(0.769); 99(2.11948); 100(2.74061); 101(7.13158); 102(4.35369); 103(0.25768); 104(4.025); 105(7.73148); 106(0.88147); 107(4.89377); 108(7.72755); 109(4.02197); 110(2.14301); 111(7.55433); 112(7.53426); 113(8.45338); 114(8.55328); 115(0.63689); 116(0.69551); 117(4.57608); 118(7.77163); 119(2.34017); 120(1.69334); 121(8.75071); 122(3.72615); 123(7.59206); 124(2.00663); 125(0.43863); 126(1.50747); 127(4.68691); 128(2.6547); 129(4.84046); 130(8.85974); 131(8.34129); 132(1.97316); 133(7.5357); 134(6.47765); 135(6.49586); 136(7.62486); 137(3.28429); 138(8.60474); 139(6.14096); 140(4.85028); 141(7.6334); 142(2.11303); 143(8.4895); 144(4.05566); 145(8.87289); 146(6.08052); 147(7.9114); 148(7.51103); 149(6.17945); 150(1.97078); 151(8.5302); 152(1.53515); 153(0.23012); 154(8.53228); 155(1.08714); 156(8.9806); 157(4.8571); 158(5.74298); 159(1.30382); 160(4.20132); 161(5.84987); 162(8.18647); 163(4.03942); 164(2.5743); 165(2.29993); 166(4.44531); 167(6.93928); 168(1.06939); 169(4.98779); 170(2.66188); 171(5.08361); 172(3.92331); 173(2.62922); 174(1.52748); 175(3.30513); 176(0.96616); 177(4.41438); 178(4.17845); 179(6.58683); 180(1.20275); 181(6.33994); 182(4.95291); 183(5.25157); 184(5.26275); 185(6.96408); 186(6.39231); 187(1.66882); 188(8.8835); 189(4.89156); 190(4.93218); 191(2.95505); 192(4.18354); 193(8.3203); 194(8.53532); 195(7.1825); 196(7.88638); 197(5.51822); 198(0.71213); 199(4.99706); 200(0.93033); 201(1.47324); 202(4.86097); 203(6.62718); 204(4.44016); 205(7.68374); 206(6.17186); 207(5.54273); 208(0.26879); 209(2.74653); 210(7.76082); 211(3.6012); 212(7.48329); 213(8.46806); 214(2.3866); 215(4.74855); 216(8.2033); 217(7.06254); 218(7.15762); 219(4.86777); 220(6.1588); 221(5.86745); 222(2.71622); 223(0.64121); 224(8.16484); 225(6.42058); 226(2.67572); 227(4.21787); 228(7.45735); 229(2.62776); 230(6.20116); 231(8.60865); 232(6.70777); 233(8.04313); 234(4.29298); 235(3.52585); 236(5.41002); 237(0.42281); 238(3.76468); 239(4.40238); 240(6.01948); 241(6.57578); 242(7.46674); 243(1.14553); 244(8.24976); 245(8.04857); 246(3.3359); 247(8.12727); 248(8.43295); 249(4.51803); 250(0.96586); 251(2.09337); 252(8.88357); 253(2.89937); 254(1.8618); 255(7.90597); 256(6.11872); 257(1.07057); 258(3.12174); 259(4.5121); 260(0.10981); 261(6.72689); 262(1.8591); 263(7.66207); 264(6.13494); 265(5.47639); 266(2.87014); 267(3.77686); 268(4.38562); 269(5.56094); 270(1.18863); 271(6.20193); 272(4.86315); 273(2.54375); 274(4.36977); 275(1.8131); 276(2.14095); 277(8.44071); 278(6.49292); 279(3.51634); 280(1.79365); 281(5.15815); 282(6.54087); 283(5.12985); 284(2.84807); 285(5.45959); 286(0.63027); 287(3.42951); 289(4.6718); 290(1.49587); 291(3.58226); 292(6.65159); 293(8.70083); 294(8.66386); 295(3.25806); 296(3.59685); 297(6.0901); 298(2.44874); 299(7.9188),1409.67621,1409.67621,4.714636153846154,2.5260961304756933,8.9806,0.10981,0.4451839071332133,1
289,0(8.5187); 1(3.10244); 2(1.79527); 3(4.06221); 4(8.66757); 5(8.50076); 6(5.4653); 7(2.38448); 8(6.1652); 9(4.20386); 10(1.67221); 11(7.91798); 12(8.38376); 13(0.55658); 14(5.05647); 15(5.13578); 16(0.12602); 17(1.4094); 18(4.55821); 19(2.50036); 20(6.06714); 21(5.98443); 22(6.88974); 23(5.66713); 24(4.66684); 25(1.83756); 26(0.89318); 27(5.58235); 28(5.74924); 29(5.84461); 30(0.72405); 31(2.11173); 32(4.11925); 33(8.61066); 34(4.59831); 35(2.61317); 36(7.56426); 37(3.06593); 38(0.40265); 39(6.06041); 40(2.19987); 41(2.40765); 42(0.71025); 43(2.84474); 44(2.30691); 45(2.94702); 46(1.15984); 47(4.55435); 48(3.75888); 49(7.85469); 50(4.38337); 51(6.49663); 52(1.11443); 53(5.34456); 54(6.54776); 55(4.89535); 56(1.63303); 57(5.22686); 58(7.00685); 59(4.77246); 60(4.55547); 61(5.88299); 62(1.30811); 63(0.56771); 64(0.15931); 65(6.511); 66(2.39421); 67(3.2929); 68(7.72796); 69(2.82004); 70(8.69472); 71(7.17376); 72(7.83075); 73(3.26287); 74(2.84955); 75(6.97456); 76(5.92428); 77(7.61083); 78(0.95709); 79(7.01238); 80(6.51966); 81(0.65609); 82(5.58085); 83(7.29462); 84(2.30573); 85(8.6426); 86(3.76464); 87(3.05827); 88(5.97433); 89(3.76625); 90(6.60065); 91(2.37941); 92(7.62005); 93(5.52033); 94(0.85883); 95(6.32055); 96(4.25147); 97(3.68496); 98(6.85681); 99(7.10923); 100(8.56996); 101(6.48024); 102(5.5556); 103(1.73173); 104(1.50094); 105(2.6263); 106(7.0855); 107(0.95012); 108(6.67462); 109(0.73136); 110(1.19356); 111(4.70617); 112(3.15557); 113(5.53063); 114(7.78132); 115(1.1633); 116(1.57215); 117(3.39519); 118(0.91029); 119(6.70587); 120(0.83572); 121(5.32715); 122(7.94885); 123(0.51333); 124(5.98144); 125(5.52404); 126(7.69474); 127(7.32137); 128(5.30227); 129(8.87521); 130(4.12103); 131(7.00556); 132(7.8912); 133(0.96685); 134(2.72464); 135(0.60559); 136(7.66424); 137(3.69137); 138(0.80579); 139(8.17586); 140(0.11781); 141(1.73574); 142(8.41989); 143(8.36086); 144(2.66595); 145(2.39423); 146(8.46687); 147(2.99372); 148(1.88074); 149(8.05042); 150(6.14422); 151(5.62761); 152(7.14457); 153(2.12028); 154(2.72685); 155(3.12866); 156(6.55581); 157(0.50512); 158(8.32144); 159(8.92904); 160(8.42244); 161(0.10082); 162(1.84485); 163(1.94259); 164(6.26977); 165(8.66013); 166(2.2158); 167(2.49175); 168(5.27825); 169(5.62108); 170(6.24255); 171(8.47518); 172(2.55825); 173(8.44433); 174(1.99519); 175(2.19472); 176(5.40103); 177(1.74504); 178(8.39631); 179(8.67353); 180(6.9311); 181(5.79643); 182(7.07538); 183(0.54667); 184(6.77098); 185(5.26021); 186(7.52479); 187(6.65279); 188(3.58788); 189(1.55775); 190(6.33399); 191(1.899); 192(1.38755); 193(0.10609); 194(4.03292); 195(8.0818); 196(2.75895); 197(2.52167); 198(0.83855); 199(6.58704); 200(5.58719); 201(0.89122); 202(3.80515); 203(0.17864); 204(6.79158); 205(0.01779); 206(6.88678); 207(2.95505); 208(6.64159); 209(1.22334); 210(3.70999); 211(3.20255); 212(1.1826); 213(5.79961); 214(1.09037); 215(5.91391); 216(2.11389); 217(0.08013); 218(6.88255); 219(5.11458); 220(6.99852); 221(1.78238); 222(7.22869); 223(2.51283); 224(5.57794); 225(7.00409); 226(5.45537); 227(0.95506); 228(2.45263); 229(4.53464); 230(7.81323); 231(2.36188); 232(5.75641); 233(1.97797); 234(8.82401); 235(0.13163); 236(5.67174); 237(7.76919); 238(7.43398); 239(7.13372); 240(8.90553); 241(8.36009); 242(1.50449); 243(8.93477); 244(7.18489); 245(0.48272); 246(1.38964); 247(7.39126); 248(0.84046); 249(8.53184); 250(5.14401); 251(2.22746); 252(1.73985); 253(6.17015); 254(8.50122); 255(1.96707); 256(4.09574); 257(7.72232); 258(3.1637); 259(2.31817); 260(1.99616); 261(5.83394); 262(4.65929); 263(3.30107); 264(4.75505); 265(8.12997); 266(6.36755); 267(8.72226); 268(6.47635); 269(3.19368); 270(7.60415); 271(2.78057); 272(3.30555); 273(0.89524); 274(3.51648); 275(8.29663); 276(4.71764); 277(4.7412); 278(3.98625); 279(0.47287); 280(5.11383); 281(7.80864); 282(3.9077); 283(0.49681); 284(2.09629); 285(7.55328); 286(6.41184); 287(7.71516); 288(4.6718); 290(0.753); 291(0.63957); 292(7.3676); 293(4.97842); 294(5.32325); 295(2.74118); 296(4.68372); 297(0.48592); 298(0.25453); 299(4.51651),1343.47892,1343.47892,4.493240535117057,2.65717093522133,8.93477,0.01779,0.41900090125910155,1
290,0(0.89545); 1(0.64128); 2(8.60697); 3(4.05523); 4(1.8861); 5(0.76634); 6(2.11056); 7(5.53601); 8(1.25856); 9(2.96302); 10(2.66071); 11(2.37488); 12(0.03024); 13(4.93975); 14(0.22938); 15(5.56172); 16(8.86871); 17(6.44769); 18(0.55119); 19(7.97169); 20(8.79337); 21(5.92323); 22(3.496); 23(3.09797); 24(4.53559); 25(3.23419); 26(0.62837); 27(0.03866); 28(5.32973); 29(7.66794); 30(3.68994); 31(0.40096); 32(8.04766); 33(8.20724); 34(0.91494); 35(2.44242); 36(1.29857); 37(0.32994); 38(6.64479); 39(4.01401); 40(3.04065); 41(2.96289); 42(4.2785); 43(7.04375); 44(2.79372); 45(2.92414); 46(3.83846); 47(2.52422); 48(7.74677); 49(0.85946); 50(4.07326); 51(6.94291); 52(0.29324); 53(2.45367); 54(8.48672); 55(0.47866); 56(3.37223); 57(2.60522); 58(3.66288); 59(0.39554); 60(3.24638); 61(4.80911); 62(2.96151); 63(2.55021); 64(2.50617); 65(6.22725); 66(0.13045); 67(4.24341); 68(3.29095); 69(5.17538); 70(2.77117); 71(2.81264); 72(4.44968); 73(0.91197); 74(2.54822); 75(3.00631); 76(3.64412); 77(8.77048); 78(4.63036); 79(5.92557); 80(3.77206); 81(3.80179); 82(8.15634); 83(7.39242); 84(2.19461); 85(7.6043); 86(2.30645); 87(3.46643); 88(7.49229); 89(7.63636); 90(8.55334); 91(0.20894); 92(7.30483); 93(2.92417); 94(0.81299); 95(3.49816); 96(2.00526); 97(7.24996); 98(1.796); 99(5.7358); 100(2.41667); 101(7.39004); 102(0.29208); 103(1.70872); 104(5.76411); 105(5.35316); 106(4.68576); 107(0.40095); 108(6.72372); 109(3.7439); 110(2.19893); 111(0.34899); 112(0.75501); 113(0.39832); 114(8.1062); 115(6.25874); 116(7.74012); 117(4.80882); 118(0.87323); 119(0.86317); 120(0.39798); 121(3.48485); 122(3.92068); 123(0.89513); 124(2.68302); 125(3.37257); 126(4.02698); 127(7.85313); 128(0.64288); 129(0.04502); 130(3.97209); 131(1.54257); 132(1.44757); 133(8.57558); 134(3.67699); 135(2.96909); 136(0.89555); 137(5.81048); 138(6.76909); 139(2.47675); 140(5.54137); 141(4.83306); 142(2.96042); 143(7.04296); 144(7.36467); 145(5.03619); 146(1.42095); 147(6.46721); 148(5.90771); 149(1.33004); 150(4.98463); 151(4.03259); 152(4.87212); 153(1.0358); 154(4.86232); 155(0.14896); 156(6.41579); 157(4.59514); 158(2.40087); 159(2.57888); 160(7.31264); 161(7.61252); 162(5.54736); 163(2.53046); 164(8.05315); 165(7.97274); 166(7.96678); 167(2.72528); 168(0.49388); 169(7.57684); 170(5.29441); 171(6.19484); 172(6.40621); 173(2.37778); 174(3.86558); 175(5.24049); 176(7.38162); 177(4.81622); 178(4.67868); 179(7.54759); 180(1.66668); 181(4.16699); 182(3.42276); 183(8.3142); 184(4.5676); 185(6.32122); 186(3.79635); 187(5.03916); 188(2.3621); 189(0.99673); 190(7.70141); 191(5.83811); 192(3.14824); 193(0.11513); 194(8.62128); 195(1.76473); 196(6.23373); 197(2.91944); 198(5.77362); 199(2.93915); 200(8.98676); 201(1.34777); 202(1.23457); 203(6.62066); 204(1.96917); 205(3.41685); 206(5.78742); 207(4.14404); 208(7.48876); 209(7.26918); 210(1.95644); 211(4.907); 212(4.7536); 213(1.55976); 214(7.47451); 215(7.16221); 216(2.52845); 217(2.7725); 218(1.80984); 219(2.28988); 220(8.93176); 221(8.73374); 222(5.18512); 223(7.68297); 224(0.43161); 225(0.54656); 226(5.87163); 227(2.15597); 228(6.38142); 229(2.12617); 230(3.81256); 231(8.9432); 232(8.7054); 233(3.88336); 234(1.69797); 235(1.34311); 236(5.11846); 237(8.34862); 238(0.41152); 239(5.36624); 240(3.72355); 241(8.42289); 242(8.59839); 243(3.71445); 244(4.97743); 245(2.93762); 246(3.49903); 247(2.96891); 248(0.28844); 249(0.71724); 250(0.73905); 251(3.20404); 252(7.61919); 253(8.56471); 254(7.9093); 255(2.15766); 256(6.12245); 257(1.99889); 258(7.96274); 259(8.18024); 260(0.06761); 261(5.11327); 262(0.25919); 263(1.00806); 264(6.22032); 265(0.08576); 266(2.01196); 267(0.85004); 268(8.69556); 269(0.921); 270(5.09801); 271(5.70648); 272(2.2563); 273(5.85729); 274(8.91145); 275(6.51059); 276(2.2713); 277(0.11296); 278(0.77727); 279(3.09755); 280(2.74554); 281(1.9043); 282(0.29191); 283(8.92124); 284(5.66823); 285(6.57942); 286(8.67864); 287(2.81952); 288(1.49587); 289(0.753); 291(8.74045); 292(3.01065); 293(3.66294); 294(4.19652); 295(4.84356); 296(5.24172); 297(5.84866); 298(0.98736); 299(7.6962),1229.19643,1229.19643,4.111024849498327,2.6472890333439425,8.98676,0.03024,0.3873369550857262,1
291,0(8.0898); 1(6.94655); 2(8.67495); 3(0.30573); 4(6.62536); 5(1.8777); 6(5.19662); 7(6.90039); 8(8.83529); 9(6.67819); 10(0.60319); 11(4.35047); 12(3.48937); 13(1.59965); 14(3.96533); 15(3.95942); 16(8.35189); 17(4.98043); 18(4.00464); 19(1.29081); 20(6.99238); 21(5.49756); 22(4.16808); 23(4.06814); 24(0.71215); 25(7.26041); 26(8.64042); 27(3.04823); 28(7.22552); 29(0.91503); 30(3.05581); 31(0.76423); 32(8.15284); 33(5.28117); 34(3.486); 35(7.38086); 36(6.07944); 37(8.21758); 38(4.71525); 39(4.48349); 40(1.47194); 41(3.8176); 42(8.98758); 43(5.37665); 44(0.84426); 45(5.25914); 46(8.42161); 47(3.12942); 48(4.61412); 49(1.5521); 50(6.9492); 51(0.56971); 52(3.25823); 53(8.3566); 54(5.26837); 55(0.61232); 56(3.83137); 57(2.51867); 58(8.50844); 59(4.45013); 60(8.744); 61(5.11796); 62(4.40346); 63(2.05578); 64(0.24487); 65(5.98375); 66(7.97384); 67(4.8098); 68(5.73092); 69(6.08068); 70(6.97602); 71(1.15602); 72(1.14375); 73(7.14895); 74(4.27725); 75(1.59094); 76(5.22597); 77(6.3803); 78(1.70355); 79(4.31987); 80(3.28048); 81(1.42001); 82(2.42555); 83(5.80291); 84(0.1865); 85(8.56079); 86(2.13425); 87(3.35259); 88(5.21999); 89(7.82224); 90(5.3232); 91(8.13423); 92(7.11823); 93(5.64957); 94(0.09083); 95(0.93376); 96(1.63308); 97(6.7486); 98(0.63163); 99(1.30312); 100(2.63422); 101(0.54112); 102(5.9923); 103(2.11035); 104(5.72764); 105(8.75246); 106(4.53051); 107(7.48235); 108(1.52478); 109(3.24697); 110(8.41249); 111(2.46125); 112(5.90784); 113(8.78214); 114(7.90765); 115(1.16708); 116(4.08248); 117(8.78141); 118(3.19671); 119(5.44003); 120(0.84598); 121(7.69797); 122(8.06768); 123(8.39869); 124(1.69587); 125(7.66846); 126(3.46136); 127(1.34606); 128(0.11629); 129(2.60149); 130(2.83204); 131(6.87219); 132(2.48123); 133(7.62114); 134(2.53549); 135(4.54063); 136(4.73874); 137(0.54163); 138(1.8414); 139(2.52322); 140(1.87632); 141(2.41076); 142(7.36762); 143(2.38712); 144(5.2029); 145(7.0257); 146(3.32615); 147(1.74968); 148(6.17596); 149(3.93697); 150(8.82561); 151(2.55077); 152(6.04332); 153(0.11895); 154(1.96964); 155(5.56696); 156(8.71404); 157(5.34383); 158(8.34489); 159(4.74783); 160(8.2883); 161(5.86821); 162(2.72645); 163(5.85638); 164(7.755); 165(7.31395); 166(0.35625); 167(5.53184); 168(2.86243); 169(2.04212); 170(2.86122); 171(8.74472); 172(6.72274); 173(3.55681); 174(4.85088); 175(2.57709); 176(2.4211); 177(4.09653); 178(3.69991); 179(5.92751); 180(3.99223); 181(6.86207); 182(3.68309); 183(8.6315); 184(1.65105); 185(6.14491); 186(5.8961); 187(3.41515); 188(4.17826); 189(1.88295); 190(4.89954); 191(0.44098); 192(6.82735); 193(5.96507); 194(4.66958); 195(6.881); 196(8.44383); 197(3.28368); 198(3.50728); 199(4.00473); 200(6.14145); 201(3.21714); 202(5.89106); 203(7.30353); 204(0.26321); 205(4.29308); 206(1.85577); 207(5.11707); 208(3.93091); 209(0.89312); 210(1.87431); 211(8.92806); 212(1.16672); 213(8.68459); 214(5.25513); 215(7.20701); 216(1.09209); 217(7.82707); 218(6.46242); 219(1.2138); 220(3.13432); 221(6.07804); 222(8.24709); 223(6.75088); 224(6.86444); 225(6.92159); 226(5.58627); 227(1.37457); 228(3.23779); 229(3.35418); 230(3.52852); 231(4.46812); 232(8.23291); 233(3.41013); 234(6.24398); 235(1.25361); 236(8.05773); 237(5.45971); 238(3.01626); 239(8.49307); 240(8.17936); 241(2.76858); 242(5.27236); 243(2.46976); 244(8.20312); 245(0.38039); 246(6.37136); 247(3.70961); 248(3.1538); 249(3.12607); 250(7.30928); 251(6.66812); 252(5.5141); 253(5.63278); 254(5.70831); 255(5.28093); 256(7.84046); 257(6.81707); 258(6.34813); 259(1.96543); 260(0.57388); 261(7.31119); 262(0.72434); 263(7.75254); 264(7.3427); 265(6.23817); 266(7.70518); 267(3.47401); 268(3.13375); 269(6.92497); 270(6.1461); 271(1.74677); 272(1.24603); 273(8.01438); 274(1.83197); 275(4.87409); 276(3.3747); 277(7.6683); 278(6.70396); 279(3.82453); 280(1.61125); 281(4.49481); 282(1.5839); 283(5.02826); 284(4.34371); 285(8.29016); 286(0.70945); 287(1.12187); 288(3.58226); 289(0.63957); 290(8.74045); 292(3.34296); 293(8.83847); 294(1.82895); 295(0.29228); 296(3.42934); 297(0.48246); 298(1.5406); 299(1.63418),1366.81748,1366.81748,4.571295919732441,2.583759045501491,8.98758,0.09083,0.43077554052595757,2
292,0(5.65462); 1(0.42406); 2(1.58503); 3(1.37469); 4(8.52919); 5(1.9015); 6(6.07533); 7(3.80521); 8(8.73172); 9(8.58375); 10(5.99674); 11(7.50475); 12(5.37914); 13(5.30625); 14(4.67179); 15(8.09978); 16(7.86907); 17(6.63522); 18(5.71433); 19(6.65994); 20(5.60604); 21(7.52802); 22(7.62195); 23(6.52623); 24(4.72874); 25(6.99368); 26(1.06741); 27(3.02073); 28(2.68367); 29(1.9749); 30(0.97496); 31(4.66464); 32(8.44032); 33(3.52194); 34(7.00479); 35(0.37861); 36(3.12912); 37(0.48815); 38(3.79057); 39(1.54943); 40(1.9738); 41(3.29387); 42(1.29054); 43(6.7018); 44(6.16783); 45(5.09549); 46(5.24162); 47(2.31426); 48(6.52599); 49(8.38886); 50(7.55272); 51(1.14628); 52(5.55157); 53(3.76293); 54(5.92377); 55(5.44431); 56(5.48008); 57(3.80036); 58(7.10719); 59(2.80672); 60(4.67082); 61(8.42313); 62(5.61049); 63(1.56635); 64(4.33622); 65(2.61726); 66(1.11978); 67(7.95591); 68(4.37557); 69(0.32222); 70(0.39867); 71(1.07576); 72(5.97019); 73(6.92104); 74(7.96125); 75(2.67935); 76(3.63361); 77(3.72881); 78(1.35123); 79(6.35746); 80(2.78046); 81(1.59719); 82(7.58052); 83(1.5374); 84(6.51862); 85(6.11607); 86(8.67117); 87(8.60631); 88(5.56342); 89(7.54101); 90(8.48077); 91(7.06275); 92(0.44333); 93(3.74307); 94(6.71883); 95(8.97914); 96(6.65429); 97(3.84517); 98(0.68566); 99(4.38063); 100(5.53017); 101(6.35963); 102(7.57498); 103(8.26246); 104(6.46929); 105(5.74382); 106(4.80813); 107(5.74538); 108(7.736); 109(7.72187); 110(3.51285); 111(0.88666); 112(3.4917); 113(4.82886); 114(7.93299); 115(7.87298); 116(2.78541); 117(0.14376); 118(7.98221); 119(0.83496); 120(6.97985); 121(2.36266); 122(6.78532); 123(7.08732); 124(6.77485); 125(4.94868); 126(7.11476); 127(2.05903); 128(6.43174); 129(5.9362); 130(7.49379); 131(1.25661); 132(8.87405); 133(5.73143); 134(2.34543); 135(2.57767); 136(5.78068); 137(4.78416); 138(1.04256); 139(0.70278); 140(2.24265); 141(7.87132); 142(3.1986); 143(1.13768); 144(0.36741); 145(0.34449); 146(5.05179); 147(3.17818); 148(4.89202); 149(3.70804); 150(3.56354); 151(3.19666); 152(1.16034); 153(7.58606); 154(8.99988); 155(6.06438); 156(3.60271); 157(6.46403); 158(6.60944); 159(2.73225); 160(5.12287); 161(5.49106); 162(4.8545); 163(7.08569); 164(3.60605); 165(3.65537); 166(1.36517); 167(3.34351); 168(3.13846); 169(4.77118); 170(0.20168); 171(8.79309); 172(5.02589); 173(3.36294); 174(4.3888); 175(1.86808); 176(8.0199); 177(0.83215); 178(3.43834); 179(1.63821); 180(1.5529); 181(0.22506); 182(2.39711); 183(7.26288); 184(7.40204); 185(8.21815); 186(4.03952); 187(0.85961); 188(5.06053); 189(1.94185); 190(3.3245); 191(6.81094); 192(8.15813); 193(3.43184); 194(3.55851); 195(2.29213); 196(5.15091); 197(6.33834); 198(7.84995); 199(8.67483); 200(6.88026); 201(5.27982); 202(1.92405); 203(0.99997); 204(2.02901); 205(5.42339); 206(2.0831); 207(6.99856); 208(3.6786); 209(5.17159); 210(6.15462); 211(4.82949); 212(5.63095); 213(2.47474); 214(8.60409); 215(3.87751); 216(3.84565); 217(4.7005); 218(2.27947); 219(7.00607); 220(1.10206); 221(7.34735); 222(5.65758); 223(0.35651); 224(1.70427); 225(7.97078); 226(5.87212); 227(7.91267); 228(1.67118); 229(1.4139); 230(6.48991); 231(0.36012); 232(3.52192); 233(5.9865); 234(6.40655); 235(3.28197); 236(0.40401); 237(6.35581); 238(1.22936); 239(5.37969); 240(7.33675); 241(8.38605); 242(0.85359); 243(2.75941); 244(5.15784); 245(6.11679); 246(4.83341); 247(5.44661); 248(0.27046); 249(6.53591); 250(8.32523); 251(6.65771); 252(7.38429); 253(3.53276); 254(5.48532); 255(6.99067); 256(6.49698); 257(3.23987); 258(0.92338); 259(6.71224); 260(7.8079); 261(2.17735); 262(5.49025); 263(7.96792); 264(2.466); 265(4.88501); 266(5.82526); 267(2.88359); 268(1.55396); 269(3.42758); 270(2.39817); 271(7.15547); 272(0.79385); 273(8.92018); 274(2.65741); 275(3.87612); 276(5.81009); 277(4.7682); 278(7.70212); 279(5.97081); 280(1.2735); 281(0.18904); 282(0.88088); 283(1.96023); 284(5.56068); 285(3.92529); 286(8.92968); 287(0.62861); 288(6.65159); 289(7.3676); 290(3.01065); 291(3.34296); 293(1.37299); 294(2.42133); 295(1.5342); 296(1.62574); 297(7.89037); 298(7.3006); 299(5.12622),1375.43512,1375.43512,4.6001174581939805,2.532131887133651,8.99988,0.14376,0.4334950473090838,1
293,0(0.49915); 1(1.90092); 2(3.62773); 3(3.27662); 4(0.29499); 5(7.66322); 6(5.84013); 7(2.6986); 8(8.21157); 9(4.44388); 10(1.17783); 11(6.49646); 12(2.86008); 13(3.99197); 14(8.90716); 15(1.61054); 16(6.75332); 17(4.90026); 18(5.33839); 19(5.0878); 20(6.91485); 21(2.67969); 22(2.84448); 23(1.96368); 24(3.88048); 25(7.86486); 26(5.08918); 27(0.36458); 28(5.60608); 29(4.80127); 30(0.67301); 31(2.97942); 32(5.85181); 33(3.65439); 34(8.86228); 35(2.50525); 36(6.6203); 37(1.23181); 38(4.63835); 39(0.08185); 40(6.67416); 41(8.57457); 42(3.69699); 43(5.86057); 44(3.75181); 45(1.71734); 46(7.79203); 47(0.5853); 48(8.21823); 49(4.10935); 50(4.48927); 51(6.64481); 52(6.35054); 53(1.01862); 54(2.47603); 55(3.45652); 56(4.1628); 57(2.55705); 58(7.77373); 59(8.92073); 60(6.7525); 61(3.64729); 62(7.13673); 63(3.88807); 64(0.98698); 65(4.21849); 66(6.54055); 67(2.23877); 68(7.41886); 69(7.17778); 70(1.34858); 71(5.90362); 72(6.32155); 73(8.02786); 74(4.5828); 75(5.02409); 76(5.605); 77(5.40732); 78(1.62999); 79(7.8596); 80(0.59829); 81(2.75992); 82(5.51248); 83(0.53802); 84(1.63167); 85(4.07202); 86(6.5105); 87(7.3232); 88(2.21507); 89(8.15997); 90(2.61922); 91(2.99968); 92(4.34232); 93(8.63813); 94(4.53153); 95(3.13679); 96(1.08957); 97(2.3525); 98(6.16805); 99(2.51187); 100(7.66131); 101(7.26189); 102(8.02315); 103(2.82644); 104(4.18183); 105(0.39891); 106(3.2426); 107(3.6973); 108(0.20327); 109(8.93056); 110(7.71441); 111(3.97415); 112(2.52173); 113(6.37053); 114(4.72382); 115(0.8755); 116(8.00278); 117(7.41986); 118(6.13267); 119(3.97423); 120(2.09448); 121(3.39715); 122(2.8242); 123(4.41445); 124(2.82241); 125(1.71663); 126(1.80935); 127(5.52128); 128(3.16273); 129(0.0727); 130(5.6963); 131(5.05745); 132(4.58117); 133(6.27187); 134(2.78355); 135(2.25051); 136(2.22381); 137(7.77274); 138(8.00782); 139(1.14909); 140(0.00459); 141(4.83209); 142(0.77697); 143(7.30412); 144(6.50721); 145(4.751); 146(6.14993); 147(5.40374); 148(2.10239); 149(7.24566); 150(7.30002); 151(8.20233); 152(0.83527); 153(8.60962); 154(6.70827); 155(8.08176); 156(0.62097); 157(8.77504); 158(1.57996); 159(5.69191); 160(5.4293); 161(0.41032); 162(1.81259); 163(1.90825); 164(3.65485); 165(2.93582); 166(1.45411); 167(4.55109); 168(8.88212); 169(7.98568); 170(4.81658); 171(2.11318); 172(1.77729); 173(6.99674); 174(3.6706); 175(0.44253); 176(0.94833); 177(2.90877); 178(2.05821); 179(5.5604); 180(1.71405); 181(7.21434); 182(3.95215); 183(0.34674); 184(6.17186); 185(7.56448); 186(2.09264); 187(1.8473); 188(7.33458); 189(8.02584); 190(3.97207); 191(5.14049); 192(6.11414); 193(5.0174); 194(7.58215); 195(6.59639); 196(1.06997); 197(6.89659); 198(0.84414); 199(0.37254); 200(8.9373); 201(4.77436); 202(6.33243); 203(1.96219); 204(6.30845); 205(3.22372); 206(2.37234); 207(3.20868); 208(1.44567); 209(5.44774); 210(3.02531); 211(3.74958); 212(2.77281); 213(1.90058); 214(6.14195); 215(8.43038); 216(3.60633); 217(6.978); 218(6.07579); 219(1.33735); 220(0.93808); 221(8.4646); 222(7.39259); 223(1.95343); 224(0.62852); 225(5.5835); 226(1.55162); 227(2.46742); 228(0.41001); 229(4.37886); 230(0.01246); 231(0.55432); 232(1.26255); 233(2.02227); 234(0.99984); 235(4.13075); 236(0.40672); 237(8.15676); 238(2.86038); 239(3.74123); 240(8.72158); 241(6.13092); 242(2.27948); 243(6.74754); 244(4.09865); 245(6.50551); 246(3.25996); 247(0.38397); 248(6.78578); 249(0.3143); 250(1.76836); 251(1.15176); 252(4.76555); 253(2.33001); 254(7.1231); 255(5.52915); 256(8.39954); 257(8.44745); 258(2.81981); 259(0.91296); 260(7.67414); 261(0.74835); 262(1.75614); 263(0.32772); 264(7.69882); 265(7.5836); 266(5.88948); 267(0.32434); 268(0.60685); 269(3.82235); 270(0.1402); 271(5.05951); 272(4.97885); 273(3.08236); 274(0.20504); 275(2.13093); 276(3.68443); 277(3.18751); 278(3.92367); 279(7.10566); 280(4.60647); 281(2.71974); 282(7.76924); 283(0.37762); 284(2.26711); 285(3.73863); 286(0.77357); 287(0.29714); 288(8.70083); 289(4.97842); 290(3.66294); 291(8.83847); 292(1.37299); 294(3.6709); 295(6.78611); 296(5.79328); 297(2.83434); 298(7.61195); 299(3.41878),1260.95275,1260.95275,4.217233277591973,2.5973825617777955,8.9373,0.00459,0.3987429203763438,1
294,0(6.71216); 1(7.85971); 2(7.81057); 3(3.42244); 4(5.66408); 5(3.84055); 6(4.19468); 7(1.24191); 8(4.22981); 9(3.74221); 10(1.13194); 11(5.45317); 12(1.47281); 13(2.55805); 14(2.48125); 15(2.15284); 16(8.88799); 17(8.76775); 18(8.14546); 19(4.67829); 20(7.65134); 21(3.92484); 22(5.04759); 23(7.42337); 24(0.16679); 25(4.84801); 26(5.02532); 27(3.177); 28(2.46197); 29(3.12796); 30(3.06225); 31(1.74651); 32(5.1587); 33(5.36319); 34(4.73108); 35(6.11092); 36(5.19009); 37(2.63726); 38(5.90529); 39(4.28273); 40(6.91151); 41(8.87815); 42(7.05814); 43(0.81894); 44(3.38888); 45(4.69313); 46(6.94659); 47(6.16971); 48(4.71103); 49(6.00248); 50(4.19073); 51(2.37628); 52(1.2685); 53(1.90666); 54(4.38849); 55(6.00728); 56(4.47899); 57(4.23548); 58(6.59199); 59(3.53716); 60(5.1651); 61(6.76894); 62(7.27114); 63(5.27563); 64(4.20665); 65(2.51453); 66(6.05234); 67(6.88455); 68(1.70794); 69(2.52089); 70(5.93849); 71(0.7475); 72(8.84214); 73(8.80096); 74(8.28319); 75(6.43006); 76(1.3263); 77(8.64167); 78(8.49891); 79(0.4503); 80(2.45399); 81(2.19802); 82(7.88977); 83(8.7029); 84(0.92052); 85(2.52281); 86(5.98454); 87(1.17525); 88(3.17889); 89(1.79089); 90(5.42342); 91(0.57043); 92(0.1852); 93(8.92877); 94(2.234); 95(1.453); 96(6.07557); 97(3.60508); 98(7.2968); 99(0.25844); 100(5.53387); 101(8.8815); 102(0.47436); 103(5.50415); 104(0.65711); 105(3.8509); 106(6.19769); 107(6.83494); 108(6.59596); 109(7.65266); 110(4.85324); 111(8.56512); 112(3.14947); 113(8.76765); 114(5.88601); 115(6.08306); 116(7.94217); 117(6.96911); 118(3.31708); 119(5.55587); 120(1.1773); 121(6.56672); 122(7.77315); 123(7.44712); 124(3.08913); 125(6.85355); 126(4.36429); 127(3.66208); 128(3.61523); 129(7.12731); 130(5.96004); 131(1.9397); 132(6.91774); 133(5.71423); 134(4.60244); 135(8.08659); 136(1.17026); 137(2.83812); 138(4.2947); 139(3.04596); 140(5.16348); 141(7.19268); 142(4.27057); 143(7.99114); 144(8.50806); 145(7.18561); 146(8.52308); 147(2.01831); 148(8.44142); 149(4.76757); 150(0.18893); 151(2.4633); 152(0.38869); 153(4.46896); 154(0.77164); 155(6.37592); 156(6.34945); 157(5.09363); 158(5.90985); 159(3.77024); 160(0.826); 161(5.13875); 162(6.72999); 163(0.13109); 164(3.22487); 165(6.32327); 166(3.59905); 167(2.79555); 168(7.89364); 169(1.34752); 170(2.15433); 171(7.22225); 172(7.59864); 173(1.6265); 174(2.62583); 175(4.45478); 176(5.97794); 177(6.01204); 178(4.80495); 179(3.34498); 180(5.71648); 181(3.29199); 182(4.48739); 183(1.34448); 184(7.65285); 185(5.76177); 186(8.54989); 187(0.09372); 188(0.74); 189(1.34843); 190(6.37334); 191(7.57114); 192(8.68441); 193(0.33025); 194(8.16006); 195(5.38162); 196(0.62211); 197(1.06728); 198(5.71615); 199(3.64501); 200(2.60406); 201(5.76661); 202(3.3401); 203(5.66094); 204(5.27126); 205(7.6594); 206(6.82171); 207(8.67371); 208(2.32591); 209(7.75314); 210(2.68529); 211(8.5881); 212(8.95068); 213(2.14125); 214(3.61217); 215(7.76215); 216(7.40698); 217(8.08317); 218(2.34784); 219(0.76172); 220(2.11301); 221(6.35821); 222(2.63502); 223(1.86797); 224(2.49374); 225(6.3168); 226(6.611); 227(3.31486); 228(4.92481); 229(6.95925); 230(5.40797); 231(0.74987); 232(6.78501); 233(2.29533); 234(2.07592); 235(1.51863); 236(6.65962); 237(6.8873); 238(5.34868); 239(1.978); 240(5.23854); 241(4.14676); 242(8.41572); 243(8.83012); 244(5.75806); 245(4.10867); 246(5.74136); 247(2.22896); 248(5.88498); 249(4.62067); 250(5.50823); 251(3.16865); 252(4.69587); 253(6.71848); 254(2.11907); 255(7.33075); 256(5.47184); 257(1.71113); 258(8.05358); 259(7.80458); 260(6.44894); 261(5.57713); 262(0.21198); 263(4.62062); 264(7.53727); 265(6.37273); 266(7.76551); 267(5.38913); 268(7.92363); 269(7.37021); 270(6.90948); 271(7.13107); 272(2.7311); 273(4.34473); 274(6.19117); 275(8.72423); 276(1.69073); 277(7.08425); 278(3.33895); 279(5.42598); 280(5.97957); 281(4.38504); 282(3.56189); 283(2.29511); 284(1.17401); 285(5.97388); 286(8.59903); 287(7.75259); 288(8.66386); 289(5.32325); 290(4.19652); 291(1.82895); 292(2.42133); 293(3.6709); 295(8.27881); 296(4.51224); 297(4.22589); 298(8.75836); 299(8.65604),1447.07529,1447.07529,4.839716688963211,2.4859246283467265,8.95068,0.09372,0.45442876989069547,2
295,0(6.07852); 1(0.96106); 2(2.57492); 3(0.88868); 4(2.42807); 5(3.51345); 6(2.83251); 7(3.68824); 8(6.92213); 9(2.59461); 10(3.67505); 11(8.32111); 12(1.90034); 13(3.67606); 14(8.78845); 15(4.32964); 16(8.26216); 17(0.84834); 18(0.10057); 19(1.78861); 20(2.59825); 21(6.72684); 22(8.68549); 23(6.33778); 24(5.20095); 25(0.79456); 26(4.46489); 27(2.41451); 28(8.46386); 29(2.51078); 30(1.97324); 31(7.81997); 32(8.51295); 33(6.82498); 34(1.96435); 35(0.94281); 36(3.33782); 37(8.94226); 38(0.32289); 39(3.09488); 40(3.41482); 41(0.16926); 42(7.9965); 43(7.18304); 44(1.33901); 45(1.41235); 46(2.49257); 47(4.90935); 48(5.4022); 49(8.94994); 50(1.08837); 51(8.16119); 52(7.57306); 53(5.96919); 54(0.77333); 55(2.47421); 56(8.19536); 57(5.67109); 58(1.80673); 59(5.23803); 60(4.60479); 61(4.50707); 62(3.32541); 63(5.54641); 64(6.16606); 65(7.02537); 66(6.98134); 67(5.65335); 68(5.29409); 69(6.96893); 70(0.34513); 71(5.87942); 72(5.48226); 73(7.08754); 74(3.03112); 75(1.13391); 76(6.391); 77(1.89392); 78(5.55129); 79(0.12889); 80(3.996); 81(8.85492); 82(6.41513); 83(5.42402); 84(7.489); 85(3.80287); 86(2.88244); 87(5.24537); 88(2.47512); 89(4.72457); 90(3.78641); 91(6.05065); 92(6.83451); 93(1.97246); 94(2.99817); 95(3.26918); 96(7.55026); 97(3.70616); 98(6.76159); 99(6.4638); 100(0.35607); 101(3.73179); 102(5.52113); 103(7.36317); 104(2.93254); 105(4.63821); 106(1.73362); 107(0.03978); 108(2.11674); 109(8.44709); 110(2.90691); 111(3.64432); 112(4.87553); 113(2.85599); 114(2.3982); 115(0.16648); 116(3.22971); 117(6.82976); 118(7.22278); 119(8.51764); 120(8.47677); 121(1.42644); 122(3.82481); 123(3.91043); 124(2.9321); 125(5.617); 126(1.3895); 127(6.21754); 128(8.26095); 129(3.10144); 130(0.30394); 131(0.49375); 132(8.16401); 133(4.06279); 134(4.42466); 135(4.87258); 136(4.20934); 137(1.57005); 138(6.62973); 139(2.9186); 140(2.89999); 141(3.03767); 142(3.15758); 143(0.36876); 144(1.78261); 145(5.37581); 146(2.63266); 147(6.72361); 148(8.06776); 149(3.70219); 150(1.48807); 151(2.24323); 152(1.72858); 153(2.44707); 154(0.82091); 155(2.20458); 156(1.4443); 157(3.49558); 158(4.14255); 159(1.02897); 160(7.12061); 161(7.53464); 162(3.85549); 163(4.17575); 164(2.50645); 165(2.4617); 166(2.84646); 167(0.42731); 168(8.95976); 169(4.25566); 170(1.01208); 171(5.14885); 172(3.28512); 173(0.89801); 174(8.63612); 175(5.94358); 176(5.37231); 177(1.54191); 178(2.97582); 179(8.17067); 180(7.756); 181(3.40703); 182(2.82475); 183(1.09635); 184(7.43293); 185(4.84478); 186(5.53699); 187(2.25773); 188(3.17185); 189(5.94746); 190(2.30655); 191(3.47629); 192(4.7085); 193(0.18312); 194(7.42089); 195(0.46166); 196(1.753); 197(8.52332); 198(4.27976); 199(2.08599); 200(2.72766); 201(3.98861); 202(1.99095); 203(1.88201); 204(7.82367); 205(6.08728); 206(5.42073); 207(2.48345); 208(0.6634); 209(8.99519); 210(7.66768); 211(7.42728); 212(4.8749); 213(5.83175); 214(3.50439); 215(7.43986); 216(5.22213); 217(1.89745); 218(7.46596); 219(6.80702); 220(8.1037); 221(6.88811); 222(7.71325); 223(4.97938); 224(6.55878); 225(2.22321); 226(6.14247); 227(2.30085); 228(5.07926); 229(6.41884); 230(7.59318); 231(1.624); 232(0.58293); 233(2.71769); 234(1.86044); 235(6.28769); 236(2.29776); 237(5.88719); 238(7.02247); 239(8.30137); 240(6.81533); 241(5.4508); 242(8.35249); 243(4.39979); 244(6.31142); 245(0.17489); 246(4.68284); 247(8.55699); 248(4.71015); 249(4.01168); 250(3.02421); 251(0.3209); 252(3.09144); 253(4.88369); 254(0.74308); 255(8.09595); 256(3.80349); 257(4.99115); 258(5.35157); 259(6.82177); 260(2.91046); 261(4.07309); 262(0.08773); 263(3.44081); 264(8.39801); 265(5.1066); 266(3.17762); 267(8.5912); 268(0.35254); 269(6.39502); 270(1.76549); 271(6.98758); 272(0.4564); 273(5.87731); 274(2.38595); 275(5.35029); 276(0.40007); 277(8.31716); 278(0.75477); 279(4.22274); 280(7.23944); 281(0.28732); 282(4.86749); 283(2.2232); 284(5.90383); 285(3.73701); 286(7.26339); 287(2.52018); 288(3.25806); 289(2.74118); 290(4.84356); 291(0.29228); 292(1.5342); 293(6.78611); 294(8.27881); 296(2.02346); 297(4.3891); 298(0.37935); 299(5.91153),1286.66364,1286.66364,4.303222876254181,2.533086612497185,8.99519,0.03978,0.40895773484826126,1
296,0(6.89123); 1(2.78023); 2(2.10432); 3(4.12275); 4(7.88132); 5(0.28463); 6(4.23823); 7(3.8199); 8(7.24995); 9(4.5645); 10(0.16915); 11(1.19689); 12(8.87288); 13(8.55682); 14(6.31822); 15(6.05303); 16(7.48239); 17(1.98847); 18(3.28361); 19(2.71438); 20(8.10525); 21(1.31425); 22(0.59637); 23(7.82026); 24(5.74923); 25(6.94095); 26(3.65236); 27(7.00622); 28(6.30319); 29(8.98644); 30(1.41822); 31(1.33633); 32(5.9519); 33(2.2582); 34(8.28187); 35(8.93386); 36(1.06865); 37(6.10933); 38(7.74987); 39(5.54303); 40(4.49673); 41(1.70461); 42(1.28944); 43(5.59507); 44(3.90345); 45(5.44179); 46(8.0367); 47(7.57936); 48(7.37247); 49(5.70879); 50(1.51121); 51(4.71493); 52(8.89885); 53(8.17247); 54(7.54393); 55(5.85056); 56(7.83209); 57(8.84635); 58(3.20148); 59(8.87988); 60(2.49358); 61(8.01041); 62(3.49761); 63(1.03412); 64(3.60425); 65(8.83723); 66(2.17345); 67(1.67448); 68(2.82455); 69(8.98206); 70(4.92566); 71(5.68535); 72(7.04102); 73(5.63774); 74(5.34806); 75(1.14055); 76(4.85991); 77(4.41314); 78(3.78839); 79(0.0806); 80(4.90714); 81(8.63295); 82(0.34522); 83(8.485); 84(2.59125); 85(7.97062); 86(4.15786); 87(2.72969); 88(1.40101); 89(4.71336); 90(6.65595); 91(7.80914); 92(8.34258); 93(8.00856); 94(5.13515); 95(3.56802); 96(4.27693); 97(4.54461); 98(5.76841); 99(0.56726); 100(0.34812); 101(6.93319); 102(8.66379); 103(8.4624); 104(6.11573); 105(0.64759); 106(4.32985); 107(0.97561); 108(0.70402); 109(0.18561); 110(4.08573); 111(6.98587); 112(8.07666); 113(4.75635); 114(1.28504); 115(7.73007); 116(0.69543); 117(1.67434); 118(2.38273); 119(0.03911); 120(2.3235); 121(0.92192); 122(7.35228); 123(4.16928); 124(5.90392); 125(7.1313); 126(6.15347); 127(8.76934); 128(0.51649); 129(6.60581); 130(3.30328); 131(3.11466); 132(5.31281); 133(1.44516); 134(8.13315); 135(4.18315); 136(2.73574); 137(6.58311); 138(2.40143); 139(0.69987); 140(8.29967); 141(0.54813); 142(6.51721); 143(5.7103); 144(4.2875); 145(1.57851); 146(3.11301); 147(1.90881); 148(6.55094); 149(2.60136); 150(0.99017); 151(2.10596); 152(6.56911); 153(3.98649); 154(4.37354); 155(3.2728); 156(8.70712); 157(7.0372); 158(5.58236); 159(3.264); 160(2.01926); 161(4.23225); 162(5.82731); 163(4.30376); 164(6.50541); 165(2.31711); 166(0.3119); 167(1.93862); 168(6.47853); 169(5.73337); 170(8.52881); 171(5.1687); 172(4.85414); 173(4.05554); 174(6.98542); 175(3.41333); 176(0.77485); 177(0.51558); 178(5.42284); 179(5.1623); 180(7.82832); 181(1.72576); 182(0.97892); 183(7.20712); 184(0.09317); 185(6.72399); 186(7.6221); 187(7.65051); 188(1.50977); 189(6.52385); 190(3.75911); 191(7.65657); 192(6.20362); 193(7.57744); 194(3.7542); 195(7.49008); 196(7.38418); 197(6.32258); 198(4.03951); 199(8.65478); 200(7.52388); 201(7.3645); 202(5.6159); 203(3.38524); 204(7.09701); 205(6.67421); 206(8.09889); 207(5.92112); 208(7.15803); 209(4.60951); 210(1.91996); 211(8.09249); 212(4.87513); 213(7.37515); 214(8.43208); 215(7.392); 216(3.84235); 217(8.11271); 218(5.44335); 219(3.14546); 220(8.25428); 221(0.995); 222(7.44206); 223(7.73736); 224(0.94159); 225(8.40657); 226(3.55728); 227(1.80351); 228(4.00274); 229(6.90532); 230(4.01341); 231(0.86441); 232(7.58486); 233(2.02632); 234(0.5753); 235(6.26064); 236(6.57321); 237(0.983); 238(6.41046); 239(6.07941); 240(5.92893); 241(3.25707); 242(2.74212); 243(3.28774); 244(1.02338); 245(2.25082); 246(1.04205); 247(8.83846); 248(0.45474); 249(0.82747); 250(8.47965); 251(3.72304); 252(6.61158); 253(7.60759); 254(1.79604); 255(8.24307); 256(5.37492); 257(3.49679); 258(1.42453); 259(1.44725); 260(7.8663); 261(1.62414); 262(4.25382); 263(0.40815); 264(1.38321); 265(5.37947); 266(7.59744); 267(5.4161); 268(5.5942); 269(4.27601); 270(8.46996); 271(8.87149); 272(3.96087); 273(7.31088); 274(4.69173); 275(6.03991); 276(0.69982); 277(6.88201); 278(1.58761); 279(8.22499); 280(8.86405); 281(2.62784); 282(5.1096); 283(2.28724); 284(3.53718); 285(0.16472); 286(3.50142); 287(4.13817); 288(3.59685); 289(4.68372); 290(5.24172); 291(3.42934); 292(1.62574); 293(5.79328); 294(4.51224); 295(2.02346); 297(6.2197); 298(3.58361); 299(1.06906),1407.93741,1407.93741,4.708820769230769,2.6494114112822342,8.98644,0.03911,0.4368916517285065,1
297,0(7.67631); 1(8.41192); 2(7.87171); 3(2.04357); 4(5.79959); 5(6.74363); 6(1.85064); 7(8.55091); 8(2.39645); 9(1.84574); 10(0.01597); 11(4.82464); 12(1.09438); 13(7.29026); 14(6.77943); 15(7.61581); 16(4.84497); 17(1.19923); 18(2.12544); 19(3.6631); 20(6.96645); 21(0.64045); 22(0.36818); 23(1.02271); 24(5.57793); 25(7.82958); 26(3.95198); 27(6.14696); 28(3.90364); 29(3.98145); 30(2.07851); 31(1.66105); 32(0.73037); 33(6.10366); 34(7.08422); 35(1.11656); 36(5.19219); 37(8.39124); 38(6.4101); 39(2.67637); 40(8.21707); 41(2.18147); 42(5.64145); 43(4.14281); 44(6.08544); 45(0.50489); 46(6.13814); 47(4.48998); 48(5.10507); 49(2.10382); 50(3.79852); 51(5.12282); 52(3.79208); 53(2.13881); 54(1.05975); 55(4.41106); 56(8.12442); 57(6.2018); 58(6.16215); 59(5.26861); 60(6.8929); 61(2.9512); 62(8.92039); 63(4.54146); 64(6.52568); 65(7.33743); 66(7.95457); 67(0.71632); 68(5.95051); 69(8.57868); 70(4.64612); 71(2.2563); 72(6.25202); 73(3.67423); 74(5.85741); 75(7.86158); 76(7.57252); 77(5.30692); 78(7.74294); 79(8.25746); 80(5.88317); 81(4.9224); 82(8.02918); 83(0.21047); 84(7.17953); 85(8.72323); 86(8.72398); 87(2.28578); 88(5.98734); 89(4.79106); 90(3.98788); 91(8.97508); 92(1.62847); 93(0.66179); 94(3.51632); 95(1.58257); 96(5.40909); 97(7.46124); 98(3.36012); 99(8.64824); 100(8.45753); 101(1.80019); 102(3.00371); 103(0.8528); 104(5.84596); 105(1.17571); 106(8.24319); 107(0.60048); 108(0.78152); 109(2.01513); 110(3.73112); 111(7.02608); 112(4.82635); 113(2.78203); 114(8.05055); 115(0.78744); 116(4.96494); 117(8.79477); 118(1.15453); 119(1.7706); 120(8.01593); 121(0.72155); 122(4.2865); 123(0.88303); 124(8.03522); 125(5.04208); 126(7.83006); 127(1.18307); 128(2.42724); 129(8.14182); 130(3.02567); 131(6.07878); 132(7.28388); 133(0.08946); 134(5.40195); 135(1.04508); 136(8.66924); 137(0.99162); 138(3.75008); 139(6.79876); 140(2.27991); 141(5.3571); 142(0.31015); 143(3.45077); 144(4.22543); 145(3.46967); 146(7.13521); 147(4.42977); 148(4.60604); 149(5.02975); 150(1.8308); 151(7.64237); 152(1.31912); 153(3.32839); 154(5.80475); 155(6.55936); 156(7.05651); 157(7.49312); 158(7.43434); 159(6.47448); 160(7.60329); 161(3.84258); 162(8.82717); 163(2.37481); 164(4.64604); 165(5.00076); 166(2.3766); 167(6.70758); 168(5.92453); 169(0.49611); 170(2.80721); 171(1.10954); 172(8.27962); 173(7.58007); 174(0.33033); 175(5.4366); 176(5.856); 177(3.34857); 178(3.68987); 179(5.23281); 180(8.69503); 181(0.3083); 182(2.05324); 183(5.32782); 184(7.3103); 185(1.44633); 186(4.79504); 187(5.97198); 188(8.69946); 189(0.46528); 190(2.89445); 191(3.64493); 192(1.60927); 193(6.22938); 194(0.31156); 195(4.59386); 196(4.14914); 197(2.11055); 198(7.20759); 199(5.88326); 200(8.08651); 201(8.18108); 202(3.57627); 203(5.36786); 204(1.0977); 205(7.292); 206(1.2951); 207(1.74141); 208(3.101); 209(7.08195); 210(2.47645); 211(0.16991); 212(6.84882); 213(1.44903); 214(0.94445); 215(6.30251); 216(4.27175); 217(6.22025); 218(8.94873); 219(8e-05); 220(6.39698); 221(5.22475); 222(0.15925); 223(6.77307); 224(5.27246); 225(8.63618); 226(2.12619); 227(8.50527); 228(6.88112); 229(2.10163); 230(8.83238); 231(5.01904); 232(2.49391); 233(4.55501); 234(4.0095); 235(1.95838); 236(3.91768); 237(4.57679); 238(8.90037); 239(7.84437); 240(4.05797); 241(6.84097); 242(6.36644); 243(1.26453); 244(2.58159); 245(0.26082); 246(4.87023); 247(1.4272); 248(4.89601); 249(3.93383); 250(5.86891); 251(7.20572); 252(3.01336); 253(4.91403); 254(2.95709); 255(0.41116); 256(4.863); 257(7.24616); 258(2.83126); 259(2.46879); 260(6.57405); 261(3.15681); 262(6.09851); 263(6.78368); 264(8.33478); 265(0.35246); 266(8.37503); 267(1.41564); 268(7.14994); 269(0.22378); 270(8.87147); 271(7.53782); 272(2.46701); 273(7.93985); 274(3.0918); 275(2.27379); 276(0.27286); 277(7.55234); 278(2.16256); 279(0.83996); 280(7.93289); 281(1.74698); 282(0.44914); 283(7.34999); 284(8.40593); 285(3.68221); 286(7.75759); 287(7.90005); 288(6.0901); 289(0.48592); 290(5.84866); 291(0.48246); 292(7.89037); 293(2.83434); 294(4.22589); 295(4.3891); 296(6.2197); 298(5.22823); 299(2.19657),1373.21711,1373.21711,4.592699364548495,2.6690368295016182,8.97508,8e-05,0.42475437669845145,1
298,0(5.94255); 1(6.29112); 2(7.2776); 3(6.44362); 4(4.64571); 5(5.99385); 6(6.98152); 7(0.06961); 8(3.33742); 9(7.10648); 10(4.36402); 11(0.02182); 12(0.74438); 13(7.65415); 14(0.13619); 15(5.23559); 16(7.42001); 17(4.77966); 18(0.53873); 19(7.67151); 20(7.42723); 21(1.75454); 22(4.69083); 23(8.07391); 24(7.35468); 25(3.93624); 26(5.81502); 27(7.32151); 28(1.64418); 29(0.09864); 30(3.08718); 31(5.75457); 32(5.19028); 33(7.80248); 34(4.62103); 35(8.11709); 36(5.61269); 37(3.89142); 38(8.11696); 39(1.10894); 40(5.17516); 41(6.33052); 42(4.38141); 43(0.76737); 44(1.84125); 45(6.84454); 46(0.69527); 47(3.97803); 48(8.26427); 49(4.50273); 50(8.16594); 51(7.85536); 52(4.97795); 53(2.32995); 54(8.85093); 55(2.14844); 56(0.4379); 57(6.60659); 58(5.96622); 59(3.28736); 60(3.64384); 61(5.94693); 62(8.16594); 63(4.62514); 64(8.22238); 65(2.15892); 66(7.30014); 67(6.01202); 68(5.19386); 69(3.522); 70(4.11858); 71(5.99205); 72(0.39925); 73(4.42078); 74(8.22326); 75(6.94316); 76(7.17103); 77(2.62212); 78(3.91035); 79(0.11176); 80(2.83625); 81(0.64508); 82(4.96497); 83(5.22093); 84(2.49547); 85(3.93937); 86(3.2623); 87(0.40797); 88(6.08639); 89(7.88953); 90(4.42586); 91(6.70744); 92(8.92311); 93(8.02133); 94(3.67184); 95(5.84517); 96(2.29369); 97(0.25515); 98(2.42883); 99(0.60937); 100(0.29999); 101(6.90645); 102(0.39644); 103(1.58523); 104(6.78901); 105(0.4455); 106(6.15186); 107(3.42578); 108(4.33819); 109(4.62962); 110(4.48965); 111(7.02008); 112(2.04778); 113(5.02687); 114(3.75471); 115(6.08736); 116(0.79121); 117(7.02835); 118(7.19291); 119(0.67007); 120(7.44264); 121(8.02982); 122(7.60891); 123(2.36543); 124(0.82727); 125(1.06318); 126(5.15005); 127(0.65131); 128(5.52262); 129(3.67052); 130(1.80365); 131(3.30828); 132(0.61117); 133(4.68755); 134(5.75432); 135(6.91034); 136(1.51476); 137(0.10024); 138(7.77085); 139(7.11268); 140(3.44869); 141(8.89107); 142(7.85599); 143(3.57607); 144(2.91161); 145(8.84926); 146(7.45549); 147(8.06241); 148(8.82785); 149(0.1679); 150(4.86515); 151(1.51452); 152(3.8927); 153(0.48607); 154(8.16401); 155(5.61801); 156(1.63126); 157(3.8702); 158(2.61623); 159(5.80257); 160(2.0854); 161(5.76256); 162(3.7924); 163(4.0627); 164(7.08914); 165(1.36555); 166(1.86962); 167(4.54303); 168(4.8655); 169(8.62756); 170(6.41943); 171(4.46829); 172(4.49027); 173(0.59867); 174(8.32102); 175(4.28733); 176(4.71399); 177(4.07168); 178(5.25212); 179(4.08036); 180(6.40091); 181(8.67572); 182(0.80185); 183(8.94639); 184(6.70862); 185(1.03302); 186(1.50531); 187(1.77928); 188(8.60493); 189(6.44919); 190(2.81572); 191(8.77649); 192(4.10338); 193(8.17232); 194(2.61681); 195(6.50064); 196(4.87883); 197(7.65256); 198(7.40535); 199(1.74481); 200(7.61914); 201(5.06801); 202(0.96209); 203(0.4781); 204(4.82497); 205(6.03026); 206(1.14708); 207(7.84622); 208(3.61231); 209(1.23866); 210(3.13841); 211(6.16464); 212(8.3109); 213(0.82654); 214(8.63681); 215(0.08131); 216(8.59831); 217(0.99413); 218(6.3003); 219(2.0395); 220(5.50546); 221(6.56004); 222(4.57945); 223(2.26856); 224(2.51195); 225(3.02186); 226(1.67835); 227(1.66961); 228(5.77119); 229(5.58615); 230(0.05286); 231(6.49222); 232(3.54744); 233(4.16403); 234(5.94389); 235(7.48254); 236(4.93374); 237(6.72123); 238(6.20316); 239(7.48308); 240(3.48629); 241(3.02566); 242(5.05001); 243(0.40173); 244(4.68422); 245(2.60243); 246(2.73041); 247(8.75777); 248(1.70318); 249(4.18207); 250(1.45559); 251(7.40147); 252(6.09589); 253(0.15288); 254(4.05124); 255(2.85342); 256(0.63195); 257(8.95284); 258(7.8449); 259(5.85727); 260(4.00562); 261(7.32864); 262(1.25542); 263(0.54637); 264(1.49609); 265(7.31571); 266(7.9251); 267(2.56097); 268(6.82404); 269(8.04998); 270(7.3095); 271(4.29047); 272(6.69284); 273(4.12393); 274(8.24235); 275(4.43377); 276(6.12857); 277(2.99336); 278(2.48574); 279(2.37716); 280(4.55187); 281(1.29412); 282(3.30666); 283(0.73103); 284(2.99489); 285(0.31799); 286(8.61731); 287(2.77133); 288(2.44874); 289(0.25453); 290(0.98736); 291(1.5406); 292(7.3006); 293(7.61195); 294(8.75836); 295(0.37935); 296(3.58361); 297(5.22823); 299(1.84062),1341.86467,1341.86467,4.487841705685619,2.6460169256880284,8.95284,0.02182,0.41553936656118384,1
299,0(6.67237); 1(7.05934); 2(3.40752); 3(2.395); 4(6.74872); 5(8.11876); 6(2.51247); 7(8.35495); 8(7.82991); 9(4.5592); 10(0.96977); 11(0.8109); 12(5.58096); 13(4.8406); 14(1.95407); 15(1.26614); 16(3.43427); 17(4.39836); 18(8.21976); 19(4.33973); 20(0.62668); 21(8.62368); 22(5.28382); 23(8.53289); 24(5.27836); 25(6.48438); 26(3.09518); 27(5.80677); 28(0.14111); 29(1.33655); 30(0.43214); 31(3.9321); 32(6.40268); 33(4.43778); 34(7.6868); 35(2.14053); 36(3.25188); 37(7.39895); 38(3.1716); 39(6.81475); 40(6.26664); 41(7.17023); 42(1.03406); 43(5.12939); 44(4.41371); 45(5.47242); 46(1.4138); 47(3.31448); 48(1.97146); 49(4.2727); 50(1.01755); 51(0.55247); 52(2.48023); 53(4.90101); 54(8.17688); 55(0.56997); 56(5.77095); 57(0.75632); 58(5.98669); 59(5.18049); 60(3.89089); 61(7.50163); 62(6.9659); 63(7.36779); 64(0.93272); 65(7.86376); 66(6.85258); 67(7.82473); 68(4.39466); 69(0.42931); 70(6.77937); 71(4.67523); 72(7.38204); 73(2.92268); 74(7.89491); 75(0.38218); 76(7.82925); 77(1.54673); 78(5.72236); 79(8.59618); 80(6.06036); 81(3.74823); 82(3.82602); 83(7.63121); 84(2.25905); 85(8.93495); 86(5.84574); 87(7.19296); 88(4.47411); 89(7.67541); 90(7.18461); 91(5.84937); 92(3.43404); 93(4.17854); 94(8.69542); 95(1.47776); 96(8.80638); 97(4.31552); 98(0.40393); 99(0.4334); 100(4.94396); 101(4.09474); 102(3.8636); 103(5.02894); 104(7.19443); 105(8.69381); 106(4.7997); 107(4.32981); 108(7.87537); 109(8.37406); 110(1.38691); 111(7.21817); 112(3.16081); 113(0.87144); 114(4.80196); 115(1.09); 116(0.09358); 117(7.3884); 118(8.61434); 119(7.68221); 120(8.05855); 121(2.76197); 122(5.5886); 123(0.7451); 124(0.97586); 125(3.18127); 126(2.93167); 127(8.53847); 128(5.09275); 129(1.54301); 130(8.65928); 131(5.82194); 132(1.99674); 133(5.90875); 134(7.91011); 135(1.31453); 136(0.44093); 137(1.50504); 138(5.89297); 139(7.02773); 140(6.47895); 141(0.01274); 142(8.11252); 143(5.7655); 144(1.80724); 145(7.55439); 146(4.56102); 147(0.16153); 148(3.47163); 149(5.57708); 150(7.15921); 151(3.65932); 152(6.25261); 153(1.67307); 154(6.4495); 155(3.56616); 156(6.80083); 157(4.57952); 158(0.02259); 159(5.2276); 160(6.5968); 161(7.75484); 162(1.21155); 163(5.48264); 164(3.52353); 165(7.55883); 166(5.71784); 167(8.74765); 168(4.66195); 169(4.49516); 170(2.941); 171(1.27167); 172(1.6025); 173(6.72519); 174(6.68838); 175(6.45739); 176(2.09582); 177(0.80396); 178(0.051); 179(5.35546); 180(8.1916); 181(2.42864); 182(8.21207); 183(8.81395); 184(6.34715); 185(3.47873); 186(2.74215); 187(4.76481); 188(5.08532); 189(4.38952); 190(8.43646); 191(2.68147); 192(3.68278); 193(6.41415); 194(0.47102); 195(7.14809); 196(3.4993); 197(5.15859); 198(1.45585); 199(6.92791); 200(2.11908); 201(5.34775); 202(7.93123); 203(2.99839); 204(2.00753); 205(6.21609); 206(1.49869); 207(0.65379); 208(6.22051); 209(3.26223); 210(3.97165); 211(7.9443); 212(4.02749); 213(5.33668); 214(2.15837); 215(0.91162); 216(5.04556); 217(5.96739); 218(4.95484); 219(2.805); 220(4.05611); 221(4.18782); 222(0.51788); 223(5.75405); 224(1.86309); 225(3.3501); 226(4.5373); 227(7.48148); 228(2.56109); 229(5.02421); 230(2.99278); 231(2.91651); 232(4.59758); 233(2.81258); 234(4.67451); 235(6.23806); 236(2.13466); 237(8.08195); 238(3.84582); 239(8.09038); 240(1.18428); 241(1.8061); 242(6.64041); 243(0.07078); 244(1.94386); 245(2.28738); 246(6.68881); 247(1.86269); 248(5.51606); 249(8.26924); 250(3.8075); 251(3.03492); 252(0.59006); 253(0.03387); 254(3.85315); 255(3.0126); 256(2.3831); 257(1.72077); 258(5.6386); 259(7.05171); 260(8.20364); 261(6.64636); 262(2.05905); 263(4.07892); 264(6.39082); 265(8.86649); 266(4.67086); 267(4.36589); 268(6.47008); 269(1.20667); 270(6.92292); 271(5.63186); 272(8.97622); 273(6.43678); 274(3.17899); 275(4.20104); 276(5.73532); 277(4.78755); 278(5.67081); 279(3.94327); 280(0.05208); 281(4.56778); 282(4.21846); 283(7.27213); 284(0.20027); 285(6.03868); 286(1.88636); 287(2.26812); 288(7.9188); 289(4.51651); 290(7.6962); 291(1.63418); 292(5.12622); 293(3.41878); 294(8.65604); 295(5.91153); 296(1.06906); 297(2.19657); 298(1.84062),1356.176,1356.176,4.535705685618729,2.539972588146356,8.97622,0.01274,0.42459452386963387,1
