Vértices,0,1,2,3,4,5,6,7,8,9,10,11,12,13,14,15,16,17,18,19,20,21,22,23,24,Grau (Ponderado),Número de Vizinhos,Soma dos Pesos das Arestas,Peso Médio das Arestas,Desvio Padrão dos Pesos,Peso Máximo das Arestas,Peso Mínimo das Arestas,Densidade Local,Conjuntos
0,0.0,192.62187,173.19641,171.32497,211.03464,210.75606,191.88908,186.72931,209.35223,194.84261,217.21791,219.53381,222.35118,198.74423,209.12198,184.33791,180.64203,153.65593,183.4321,173.50641,182.18254,189.97263,157.55013,169.92877,186.61163,4570.53637,24,4570.53637,190.43901541666665,18.601941865902507,222.35118,153.65593,0.7488251043502102,1
1,192.62187,0.0,200.89415,207.04201,148.14354,225.87564,189.41257,221.77814,219.69395,148.98265,165.78709,247.39558,214.06526,147.88139,178.46638,176.33179,204.90149,162.08763,187.04211,167.07462,202.64111,147.81941,194.6158,146.25235,176.51404,4473.32057,24,4473.32057,186.38835708333332,28.033678999271345,247.39558,146.25235,0.7370064078748884,2
2,173.19641,200.89415,0.0,156.70731,180.45628,206.6752,200.6555,146.78619,160.7321,174.83409,176.9301,157.77774,188.06854,186.25049,187.5045,165.29179,165.61664,167.87303,169.04721,148.60681,161.41022,146.74086,163.56737,169.28629,149.2326,4104.14142,24,4104.14142,171.0058925,16.889566582428746,206.6752,146.74086,0.6991041856824274,1
3,171.32497,207.04201,156.70731,0.0,193.57303,134.91203,162.24783,144.67213,165.94762,186.01956,177.17401,180.42116,187.37616,199.27397,166.25333,151.40857,131.22908,148.33105,195.15556,126.00803,190.45547,174.3195,171.97057,137.71233,177.42934,4036.96462,24,4036.96462,168.20685916666665,22.354169340226353,207.04201,126.00803,0.6905118911135614,1
4,211.03464,148.14354,180.45628,193.57303,0.0,217.07439,190.63319,181.03705,191.82484,126.5886,166.62973,191.85054,164.63815,162.56956,116.18085,143.70654,178.82954,160.85094,178.81052,138.47224,147.45064,141.95856,217.61209,173.69176,178.29286,4101.91008,24,4101.91008,170.91291999999999,26.59025020924775,217.61209,116.18085,0.6968718177295243,1
5,210.75606,225.87564,206.6752,134.91203,217.07439,0.0,140.83093,183.58347,177.17715,207.31351,174.57443,212.19949,178.14655,213.57181,190.78029,194.04001,183.53911,171.14557,236.65034,158.80383,193.67735,152.61652,203.28612,195.30519,199.14557,4561.68056,24,4561.68056,190.07002333333335,25.31168461073457,236.65034,134.91203,0.7465397872835138,1
6,191.88908,189.41257,200.6555,162.24783,190.63319,140.83093,0.0,204.14536,153.31387,159.10941,178.24532,237.00806,221.1434,212.04601,192.20406,166.10843,194.36993,171.64746,195.39886,175.17896,175.5666,159.0118,170.17326,193.99651,185.81602,4420.15242,24,4420.15242,184.17301750000001,21.956739865736417,237.00806,140.83093,0.7323205180512563,1
7,186.72931,221.77814,146.78619,144.67213,181.03705,183.58347,204.14536,0.0,193.13704,168.93982,188.49582,206.11913,176.20435,186.72202,151.93333,181.78993,144.57898,169.28397,153.84448,150.56856,196.9834,155.49976,187.42166,194.04558,183.68506,4257.98454,24,4257.98454,177.41602249999997,20.96907633173595,221.77814,144.57898,0.7152759755209298,1
8,209.35223,219.69395,160.7321,165.94762,191.82484,177.17715,153.31387,193.13704,0.0,178.63864,177.23262,163.20088,218.93188,172.42003,213.80147,172.211,195.08116,178.81598,195.01631,150.04694,180.50888,180.15298,188.22681,216.18704,190.57707,4442.22849,24,4442.22849,185.09285375,19.71130621518477,219.69395,150.04694,0.7349993458423962,1
9,194.84261,148.98265,174.83409,186.01956,126.5886,207.31351,159.10941,168.93982,178.63864,0.0,168.04059,235.67979,215.75014,166.08899,138.61992,173.39461,168.77606,178.82358,152.06108,161.15027,161.2943,149.36777,190.96439,191.05284,194.74023,4191.07345,24,4191.07345,174.62806041666667,24.31911651844259,235.67979,126.5886,0.707333197166797,1
10,217.21791,165.78709,176.9301,177.17401,166.62973,174.57443,178.24532,188.49582,177.23262,168.04059,0.0,195.43364,184.87697,123.81171,195.45537,148.79485,156.26494,123.91291,176.68813,174.29955,185.15726,141.06615,190.23004,183.2971,185.88554,4155.50178,24,4155.50178,173.1459075,21.397205016625854,217.21791,123.81171,0.7039482205942832,1
11,219.53381,247.39558,157.77774,180.42116,191.85054,212.19949,237.00806,206.11913,163.20088,235.67979,195.43364,0.0,201.89569,218.78429,209.57903,196.15271,173.90523,179.35248,246.29993,176.53072,173.82924,200.08389,235.80942,213.21577,200.86882,4872.92704,24,4872.92704,203.03862666666666,25.207563994269105,247.39558,157.77774,0.7790122564195973,2
12,222.35118,214.06526,188.06854,187.37616,164.63815,178.14655,221.1434,176.20435,218.93188,215.75014,184.87697,201.89569,0.0,205.08008,178.61821,182.99979,206.45045,188.47314,190.48033,175.12819,190.31863,131.8685,208.35396,189.42,200.85843,4621.49798,24,4621.49798,192.56241583333335,20.233421284021624,222.35118,131.8685,0.7540109791253669,1
13,198.74423,147.88139,186.25049,199.27397,162.56956,213.57181,212.04601,186.72202,172.42003,166.08899,123.81171,218.78429,205.08008,0.0,189.27748,155.7971,189.26892,141.18956,156.5338,149.38844,205.14244,162.2229,198.1561,178.24431,178.83153,4297.29716,24,4297.29716,179.05404833333333,24.875005218760197,218.78429,123.81171,0.7187205882610904,1
14,209.12198,178.46638,187.5045,166.25333,116.18085,190.78029,192.20406,151.93333,213.80147,138.61992,195.45537,209.57903,178.61821,189.27748,0.0,170.73602,169.72467,174.20465,188.37753,148.68829,162.10713,144.50894,234.37463,161.9525,172.87195,4245.34251,24,4245.34251,176.88927125,26.00831061430434,234.37463,116.18085,0.712857695626366,1
15,184.33791,176.33179,165.29179,151.40857,143.70654,194.04001,166.10843,181.78993,172.211,173.39461,148.79485,196.15271,182.99979,155.7971,170.73602,0.0,194.41605,119.90035,166.66029,144.68361,190.81068,147.67336,150.39738,149.02972,133.56404,3960.23653,24,3960.23653,165.00985541666668,20.20921431409424,196.15271,119.90035,0.6828988420063791,1
16,180.64203,204.90149,165.61664,131.22908,178.82954,183.53911,194.36993,144.57898,195.08116,168.77606,156.26494,173.90523,206.45045,189.26892,169.72467,194.41605,0.0,171.26245,192.31195,158.49356,157.91568,197.16812,203.09245,166.93224,215.59167,4300.3624,24,4300.3624,179.18176666666668,20.576609223126116,215.59167,131.22908,0.7196294731651937,1
17,153.65593,162.08763,167.87303,148.33105,160.85094,171.14557,171.64746,169.28397,178.81598,178.82358,123.91291,179.35248,188.47314,141.18956,174.20465,119.90035,171.26245,0.0,177.08179,147.87923,188.61819,134.93369,177.86107,161.02408,147.44424,3895.65297,24,3895.65297,162.31887375,18.608414765679893,188.61819,119.90035,0.675888695504171,1
18,183.4321,187.04211,169.04721,195.15556,178.81052,236.65034,195.39886,153.84448,195.01631,152.06108,176.68813,246.29993,190.48033,156.5338,188.37753,166.66029,192.31195,177.08179,0.0,187.79166,206.58481,160.17995,151.15947,191.95242,196.11922,4434.67985,24,4434.67985,184.77832708333335,23.15812892576177,246.29993,151.15947,0.7338236294043537,1
19,173.50641,167.07462,148.60681,126.00803,138.47224,158.80383,175.17896,150.56856,150.04694,161.15027,174.29955,176.53072,175.12819,149.38844,148.68829,144.68361,158.49356,147.87923,187.79166,0.0,155.01898,150.26547,182.51892,123.18638,171.68509,3794.97476,24,3794.97476,158.12394833333335,16.507131109479037,187.79166,123.18638,0.6650123652318632,1
20,182.18254,202.64111,161.41022,190.45547,147.45064,193.67735,175.5666,196.9834,180.50888,161.2943,185.15726,173.82924,190.31863,205.14244,162.10713,190.81068,157.91568,188.61819,206.58481,155.01898,0.0,167.14487,215.07654,179.41325,223.24536,4392.55357,24,4392.55357,183.02306541666667,19.42610433061807,223.24536,147.45064,0.7297951457428482,1
21,189.97263,147.81941,146.74086,174.3195,141.95856,152.61652,159.0118,155.49976,180.15298,149.36777,141.06615,200.08389,131.8685,162.2229,144.50894,147.67336,197.16812,134.93369,160.17995,150.26547,167.14487,0.0,163.5072,173.5554,139.34096,3810.97919,24,3810.97919,158.79079958333332,18.534695589831987,200.08389,131.8685,0.666347909751159,1
22,157.55013,194.6158,163.56737,171.97057,217.61209,203.28612,170.17326,187.42166,188.22681,190.96439,190.23004,235.80942,208.35396,198.1561,234.37463,150.39738,203.09245,177.86107,151.15947,182.51892,215.07654,163.5072,0.0,189.38945,185.97354,4531.28837,24,4531.28837,188.8036820833333,22.982323431406105,235.80942,150.39738,0.7438914431395269,1
23,169.92877,146.25235,169.28629,137.71233,173.69176,195.30519,193.99651,194.04558,216.18704,191.05284,183.2971,213.21577,189.42,178.24431,161.9525,149.02972,166.93224,161.02408,191.95242,123.18638,179.41325,173.5554,189.38945,0.0,172.31976,4220.39104,24,4220.39104,175.8496266666667,21.804254673281402,216.18704,123.18638,0.7110973631976029,1
24,186.61163,176.51404,149.2326,177.42934,178.29286,199.14557,185.81602,183.68506,190.57707,194.74023,185.88554,200.86882,200.85843,178.83153,172.87195,133.56404,215.59167,147.44424,196.11922,171.68509,223.24536,139.34096,185.97354,172.31976,0.0,4346.64457,24,4346.64457,181.11019041666668,21.518249521169523,223.24536,133.56404,0.7248354792853247,1
