Vértices,0,1,2,3,4,5,6,7,8,9,10,11,12,13,14,15,16,17,18,19,20,21,22,23,24,25,26,27,28,29,Grau (Ponderado),Número de Vizinhos,Soma dos Pesos das Arestas,Peso Médio das Arestas,Desvio Padrão dos Pesos,Peso Máximo das Arestas,Peso Mínimo das Arestas,Densidade Local,Conjuntos
0,0.0,113.34547,112.8863,118.68069,80.00243,82.07304,91.08211,97.8721,110.10209,87.55927,66.48973,95.33981,102.06007,127.55544,86.42958,143.52385,117.16606,112.29778,68.8373,114.56033,136.05043,89.51116,139.61414,92.33681,123.46194,89.65701,79.17914,113.94836,103.81152,130.80579,3026.23975,29,3026.23975,104.35309482758622,20.43336112848614,143.52385,66.48973,0.6042034015836846,1
1,113.34547,0.0,107.66373,107.62261,102.65923,92.7333,114.57986,75.15376,92.06973,119.33312,109.29457,111.48038,94.56058,101.89092,110.3651,123.67117,111.80018,96.82114,103.62342,103.77537,132.08327,98.22083,91.83954,86.98873,114.31806,145.79849,117.81963,141.38364,108.10981,109.69693,3138.70257,29,3138.70257,108.23112310344827,14.986516655920873,145.79849,75.15376,0.6206061057149171,1
2,112.8863,107.66373,0.0,105.07169,89.32391,91.96045,164.8602,95.31887,134.76474,59.5564,89.92229,149.91628,148.78635,139.61032,139.01044,134.12651,138.08693,74.54115,119.26938,146.03476,153.21301,118.58833,122.97806,132.90649,124.666,115.9452,151.39319,162.27748,134.86646,112.08601,3569.63093,29,3569.63093,123.09072172413795,25.857706675526728,164.8602,59.5564,0.6693025087926406,2
3,118.68069,107.62261,105.07169,0.0,76.00563,116.01334,145.77196,128.05339,155.88866,85.5496,94.02149,153.77621,104.26955,165.60814,125.22606,167.51765,157.45866,59.42687,121.07135,149.02356,139.30394,158.02631,159.74719,100.44101,148.25719,136.39211,149.61516,158.0527,118.79311,146.93242,3751.61825,29,3751.61825,129.3661465517241,28.304630021455214,167.51765,59.42687,0.6907483397005428,2
4,80.00243,102.65923,89.32391,76.00563,0.0,102.52583,116.91253,101.82033,147.74054,69.90499,90.17528,138.8163,106.7179,159.07082,128.4362,159.22646,133.97093,79.88229,111.31381,151.48299,144.18307,120.79189,149.26633,105.80952,126.14894,113.23943,118.16711,140.77023,120.4258,130.4243,3415.21502,29,3415.21502,117.7660351724138,25.08938192045607,159.22646,69.90499,0.6511706327123609,1
5,82.07304,92.7333,91.96045,116.01334,102.52583,0.0,131.76811,100.29611,105.26965,105.24016,94.4754,99.87028,120.34034,104.55863,109.8157,130.62045,125.96629,94.49258,82.34485,112.56759,157.81978,73.46414,97.52448,111.49399,118.5289,129.0842,126.4677,153.24989,103.30293,144.41077,3218.27888,29,3218.27888,110.97513379310345,20.206076418941223,157.81978,73.46414,0.6292190643239228,1
6,91.08211,114.57986,164.8602,145.77196,116.91253,131.76811,0.0,105.16609,111.88137,146.92723,125.24586,124.53874,86.14455,161.0573,92.44077,132.82687,134.96057,153.28764,110.44254,119.66605,116.14337,107.12842,142.22311,68.00309,126.33952,126.87162,46.09102,134.43472,137.80606,143.57886,3518.18014,29,3518.18014,121.31655655172413,26.187557977570492,164.8602,46.09102,0.6629607495957218,2
7,97.8721,75.15376,95.31887,128.05339,101.82033,100.29611,105.16609,0.0,86.22052,98.99839,93.58914,119.52049,111.04591,135.8432,104.53323,108.28353,128.9554,115.92242,120.27803,89.57136,113.59149,90.0558,79.16897,90.21608,91.29944,124.24194,100.15712,137.95052,111.92184,74.87796,3029.92343,29,3029.92343,104.48011827586205,16.907229959671927,137.95052,74.87796,0.6055422883885855,1
8,110.10209,92.06973,134.76474,155.88866,147.74054,105.26965,111.88137,86.22052,0.0,141.26189,106.44655,79.35056,107.42294,93.07735,66.88482,97.58084,112.36718,131.93106,92.22186,76.24466,105.24814,82.96255,81.81519,87.16531,93.96863,121.85928,105.29173,123.81647,104.7133,122.77195,3078.33956,29,3078.33956,106.14963999999999,21.715326265571683,155.88866,66.88482,0.6097938354232912,1
9,87.55927,119.33312,59.5564,85.5496,69.90499,105.24016,146.92723,98.99839,141.26189,0.0,60.37313,144.89159,128.99704,152.85059,122.83024,154.70235,149.0867,77.65333,110.60887,135.04201,143.51588,136.27856,151.05217,115.78174,135.54369,103.10803,130.9462,148.26292,123.2477,112.0324,3451.13619,29,3451.13619,119.00469620689654,28.180829185313247,154.70235,59.5564,0.6530296682223277,1
10,66.48973,109.29457,89.92229,94.02149,90.17528,94.4754,125.24586,93.58914,106.44655,60.37313,0.0,111.25956,111.98762,129.73306,76.40001,134.3044,116.82764,89.04215,83.68812,109.80508,110.8017,119.19044,135.77328,90.41887,127.64162,79.67897,114.61678,101.05958,93.52157,101.86191,2967.6458,29,2967.6458,102.33261379310343,19.07663371635399,135.77328,60.37313,0.596435516499724,1
11,95.33981,111.48038,149.91628,153.77621,138.8163,99.87028,124.53874,119.52049,79.35056,144.89159,111.25956,0.0,95.05278,92.39416,89.27525,163.14441,129.68555,126.25433,89.95608,101.22527,145.59117,97.34457,120.83244,111.70524,104.06712,139.37271,124.18318,123.43813,65.11522,166.00432,3413.40213,29,3413.40213,117.70352172413794,25.116881878117297,166.00432,65.11522,0.6514221938480714,1
12,102.06007,94.56058,148.78635,104.26955,106.7179,120.34034,86.14455,111.04591,107.42294,128.99704,111.98762,95.05278,0.0,140.00911,84.63195,160.44812,153.01282,104.46282,101.42476,101.95531,117.66276,128.3381,137.89172,56.96555,105.91076,140.93895,97.6226,143.57661,88.21501,159.12616,3339.57874,29,3339.57874,115.15788758620691,24.625546418770732,160.44812,56.96555,0.6426352982479969,1
13,127.55544,101.89092,139.61032,165.60814,159.07082,104.55863,161.0573,135.8432,93.07735,152.85059,129.73306,92.39416,140.00911,0.0,123.79988,153.81741,117.85493,134.09164,84.47538,120.32851,178.32378,108.76659,131.87193,137.93634,150.65666,157.44226,145.99777,154.1411,128.69354,160.51831,3891.97507,29,3891.97507,134.20603689655172,23.689376878448556,178.32378,84.47538,0.710644546980935,2
14,86.42958,110.3651,139.01044,125.22606,128.4362,109.8157,92.44077,104.53323,66.88482,122.83024,76.40001,89.27525,84.63195,123.79988,0.0,113.37767,117.4188,119.07529,75.30045,88.44328,78.88409,109.48907,123.91223,54.60883,111.93868,92.4127,90.69424,101.80915,95.65807,130.6797,2963.78148,29,2963.78148,102.19936137931033,20.671967531933227,139.01044,54.60883,0.5952913869591916,1
15,143.52385,123.67117,134.12651,167.51765,159.22646,130.62045,132.82687,108.28353,97.58084,154.70235,134.3044,163.14441,160.44812,153.81741,113.37767,0.0,117.33625,155.3488,130.11282,141.3602,108.3306,103.72021,101.66351,114.2501,131.89389,117.27459,128.74684,154.33502,173.07002,116.73819,3871.35273,29,3871.35273,133.49492172413792,21.26178282530906,173.07002,97.58084,0.7086973140597038,2
16,117.16606,111.80018,138.08693,157.45866,133.97093,125.96629,134.96057,128.9554,112.36718,149.0867,116.82764,129.68555,153.01282,117.85493,117.4188,117.33625,0.0,142.88928,104.14107,165.30379,133.35501,100.21854,139.73672,129.96695,149.64479,105.46244,137.46271,82.88181,146.17688,124.79003,3723.98491,29,3723.98491,128.41327275862068,18.3561082636519,165.30379,82.88181,0.6916029837998044,2
17,112.29778,96.82114,74.54115,59.42687,79.88229,94.49258,153.28764,115.92242,131.93106,77.65333,89.04215,126.25433,104.46282,134.09164,119.07529,155.3488,142.88928,0.0,104.3347,140.8354,138.92809,132.48297,134.38608,107.9605,114.26202,123.17282,150.75403,153.10091,99.85394,146.18779,3413.67982,29,3413.67982,117.71309724137932,25.887237676649555,155.3488,59.42687,0.6499418750236406,1
18,68.8373,103.62342,119.26938,121.07135,111.31381,82.34485,110.44254,120.27803,92.22186,110.60887,83.68812,89.95608,101.42476,84.47538,75.30045,130.11282,104.14107,104.3347,0.0,113.52307,137.96948,93.50891,139.74059,88.12927,132.76044,97.07841,93.73109,124.82195,115.48651,147.37801,3097.57252,29,3097.57252,106.81284551724139,19.79023411127954,147.37801,68.8373,0.6137791428078275,1
19,114.56033,103.77537,146.03476,149.02356,151.48299,112.56759,119.66605,89.57136,76.24466,135.04201,109.80508,101.22527,101.95531,120.32851,88.44328,141.3602,165.30379,140.8354,113.52307,0.0,136.45036,123.22326,109.28178,89.90467,126.51868,157.82976,107.27629,161.82657,105.92879,131.67538,3530.66413,29,3530.66413,121.74703896551725,23.209176492532272,165.30379,76.24466,0.6675668334623891,2
20,136.05043,132.08327,153.21301,139.30394,144.18307,157.81978,116.14337,113.59149,105.24814,143.51588,110.8017,145.59117,117.66276,178.32378,78.88409,108.3306,133.35501,138.92809,137.96948,136.45036,0.0,144.18832,135.64853,82.59478,114.22438,102.20926,127.22562,109.78551,132.2422,121.67107,3697.23909,29,3697.23909,127.49100310344829,21.241958160158514,178.32378,78.88409,0.6877458441042683,2
21,89.51116,98.22083,118.58833,158.02631,120.79189,73.46414,107.12842,90.0558,82.96255,136.27856,119.19044,97.34457,128.3381,108.76659,109.48907,103.72021,100.21854,132.48297,93.50891,123.22326,144.18832,0.0,83.89146,113.98151,97.55047,118.9581,104.16355,138.56569,125.81314,137.22589,3255.64878,29,3255.64878,112.26375103448278,20.07074303300897,158.02631,73.46414,0.6335327455449197,1
22,139.61414,91.83954,122.97806,159.74719,149.26633,97.52448,142.22311,79.16897,81.81519,151.05217,135.77328,120.83244,137.89172,131.87193,123.91223,101.66351,139.73672,134.38608,139.74059,109.28178,135.64853,83.89146,0.0,121.97282,88.20019,157.31932,146.44635,165.3903,121.39991,129.37817,3639.9665099999997,29,3639.9665099999997,125.51608655172416,24.06769796022465,165.3903,79.16897,0.679315665167772,1
23,92.33681,86.98873,132.90649,100.44101,105.80952,111.49399,68.00309,90.21608,87.16531,115.78174,90.41887,111.70524,56.96555,137.93634,54.60883,114.2501,129.96695,107.9605,88.12927,89.90467,82.59478,113.98151,121.97282,0.0,109.96013,111.40916,74.48386,127.27876,107.70209,124.52737,2946.89957,29,2946.89957,101.61722655172416,21.325625186518952,137.93634,54.60883,0.5924975020449302,1
24,123.46194,114.31806,124.666,148.25719,126.14894,118.5289,126.33952,91.29944,93.96863,135.54369,127.64162,104.06712,105.91076,150.65666,111.93868,131.89389,149.64479,114.26202,132.76044,126.51868,114.22438,97.55047,88.20019,109.96013,0.0,129.62303,131.69304,152.21364,102.57836,150.69727,3534.56748,29,3534.56748,121.88163724137931,18.119627300362843,152.21364,88.20019,0.6694875425333743,2
25,89.65701,145.79849,115.9452,136.39211,113.23943,129.0842,126.87162,124.24194,121.85928,103.10803,79.67897,139.37271,140.93895,157.44226,92.4127,117.27459,105.46244,123.17282,97.07841,157.82976,102.20926,118.9581,157.31932,111.40916,129.62303,0.0,116.28118,100.28615,142.76945,128.2375,3523.9540700000002,29,3523.9540700000002,121.51565758620691,20.29128924895941,157.82976,79.67897,0.6670342370245887,1
26,79.17914,117.81963,151.39319,149.61516,118.16711,126.4677,46.09102,100.15712,105.29173,130.9462,114.61678,124.18318,97.6226,145.99777,90.69424,128.74684,137.46271,150.75403,93.73109,107.27629,127.22562,104.16355,146.44635,74.48386,131.69304,116.28118,0.0,142.5419,145.21117,134.7352,3438.9954,29,3438.9954,118.58604827586208,25.298243699974996,151.39319,46.09102,0.6536980552394751,1
27,113.94836,141.38364,162.27748,158.0527,140.77023,153.24989,134.43472,137.95052,123.81647,148.26292,101.05958,123.43813,143.57661,154.1411,101.80915,154.33502,82.88181,153.10091,124.82195,161.82657,109.78551,138.56569,165.3903,127.27876,152.21364,100.28615,142.5419,0.0,122.578,130.37373,3904.15144,29,3904.15144,134.62591172413792,21.062779885301687,165.3903,82.88181,0.7124583632432817,2
28,103.81152,108.10981,134.86646,118.79311,120.4258,103.30293,137.80606,111.92184,104.7133,123.2477,93.52157,65.11522,88.21501,128.69354,95.65807,173.07002,146.17688,99.85394,115.48651,105.92879,132.2422,125.81314,121.39991,107.70209,102.57836,142.76945,145.21117,122.578,0.0,154.08887,3433.10127,29,3433.10127,118.38280241379313,21.92183397217009,173.07002,65.11522,0.6555220412461664,2
29,130.80579,109.69693,112.08601,146.93242,130.4243,144.41077,143.57886,74.87796,122.77195,112.0324,101.86191,166.00432,159.12616,160.51831,130.6797,116.73819,124.79003,146.18779,147.37801,131.67538,121.67107,137.22589,129.37817,124.52737,150.69727,128.2375,134.7352,130.37373,154.08887,0.0,3823.51226,29,3823.51226,131.8452503448276,19.075009967654918,166.00432,74.87796,0.7035350617760309,2
