Vértices,0,1,2,3,4,5,6,7,8,9,10,11,12,13,14,15,16,17,18,19,20,21,22,23,24,25,26,27,28,29,30,31,32,33,34,35,36,37,38,39,40,41,42,43,44,45,46,47,48,49,50,51,52,53,54,55,56,57,58,59,60,61,62,63,64,65,66,67,68,69,70,71,72,73,74,75,76,77,78,79,80,81,82,83,84,85,86,87,88,89,90,91,92,93,94,95,96,97,98,99,Grau (Ponderado),Número de Vizinhos,Soma dos Pesos das Arestas,Peso Médio das Arestas,Desvio Padrão dos Pesos,Peso Máximo das Arestas,Peso Mínimo das Arestas,Densidade Local,Conjuntos
0,0.0,178.84938,169.63881,180.49565,221.47408,222.63846,132.85742,187.37929,205.84874,153.2034,177.95465,138.74001,225.42015,153.88217,180.62538,218.81001,177.31863,200.39598,198.65634,235.89566,171.73366,191.79784,177.56741,164.5148,167.84135,151.42183,158.88446,183.73303,167.94315,204.47713,167.38594,172.01068,168.02379,206.2852,134.98854,165.7605,182.80325,203.3577,201.16173,152.95477,179.06116,201.35097,220.11783,185.1044,144.18713,148.13553,194.49448,207.59152,169.50876,146.30949,164.27919,161.40706,142.63629,210.86836,140.89343,165.99139,173.27892,182.42557,202.29245,178.5486,159.39554,217.71086,134.76976,179.3055,181.15047,171.73811,212.94547,206.37865,194.31923,143.72487,169.76971,189.46513,189.0786,168.92885,201.29291,166.93018,174.00687,158.2337,179.43254,188.92662,181.74875,181.87448,181.97122,207.32343,199.03644,178.2034,172.01088,215.20337,167.9559,192.60466,133.22641,177.02203,175.65135,215.19376,164.04012,175.39128,216.86664,151.19292,174.64824,152.14531,17774.02766,99,17774.02766,179.53563292929292,23.557091715101237,235.89566,132.85742,0.6385643725048753,1
1,178.84938,0.0,187.47252,184.39003,202.05165,228.07086,214.94479,231.78629,197.01653,154.66028,192.51779,151.09175,190.09882,173.20119,217.96867,166.54045,206.91922,246.39882,195.45401,202.89125,181.64709,110.56658,151.78943,194.33914,193.42717,226.01299,189.08124,165.63474,152.54482,201.05708,177.41423,208.23643,175.88239,185.3806,149.93118,159.86789,195.95944,196.94136,185.30844,185.95232,193.46201,220.66507,195.41917,180.43289,182.65137,179.22044,185.73265,227.98331,205.54732,187.04771,171.69647,175.52782,169.58676,216.7782,170.20949,182.9489,188.59447,168.81943,200.01259,131.84067,207.862,189.7532,170.80688,219.0871,174.52815,186.49515,207.86758,192.25203,200.20207,153.86629,204.08743,188.33466,153.89911,201.27681,221.91878,195.3217,212.47638,201.47501,196.71255,155.13631,165.03336,206.64828,186.96091,173.12642,180.85841,184.30978,192.96838,178.31946,208.97658,165.30353,161.12167,229.40285,186.1272,207.93591,202.58923,221.75957,202.27525,180.99771,163.75548,141.53445,18616.83922,99,18616.83922,188.04888101010098,23.17412235698605,246.39882,110.56658,0.6586283533853814,1
2,169.63881,187.47252,0.0,164.72572,236.42746,223.56198,162.5601,178.89598,202.007,183.98164,180.36285,197.45593,204.51872,156.44547,180.43187,180.67699,179.85135,199.7484,182.1163,211.82962,142.34294,160.36494,161.44025,198.18944,190.4552,231.1416,195.36586,196.30365,210.97145,147.94943,193.57323,183.90765,184.79115,211.43576,182.90865,150.59509,145.38504,209.91704,186.76611,173.88519,196.17108,189.19542,192.53807,165.79021,176.13815,198.16455,194.81551,257.68231,208.25082,195.16434,173.03494,196.79375,159.96657,209.46982,163.88205,180.52908,175.70113,186.06935,174.0802,189.58018,196.21301,167.15533,160.03561,172.75392,191.54138,143.40433,201.09422,207.88524,208.8345,192.56288,220.36171,223.03401,187.23215,158.92661,193.10732,206.36517,249.05635,104.3036,160.62721,179.87599,199.30263,174.84097,211.31425,158.34541,208.05934,187.41615,191.99908,121.87498,137.56619,147.99152,176.19066,185.76442,177.63655,195.02383,160.31398,168.84787,178.65906,196.36722,156.32744,181.31482,18262.94282,99,18262.94282,184.4741698989899,24.708599243653033,257.68231,104.3036,0.6500438368069067,1
3,180.49565,184.39003,164.72572,0.0,190.09229,205.25768,168.17082,188.39091,162.7301,174.72324,174.28683,176.82846,171.67963,158.73564,142.37447,146.31438,159.95033,177.57283,192.05614,207.33319,147.52283,162.53885,154.88257,174.65486,189.00838,203.974,175.98479,199.16856,203.62103,159.71619,123.67691,171.59314,185.63167,173.89542,194.80264,127.3961,174.72398,168.27588,182.30376,201.92072,225.6927,173.13373,179.69189,164.71573,170.60535,190.30133,175.17857,185.42896,182.31024,190.46179,169.92197,136.94792,171.21524,184.68384,179.78831,164.23024,161.32434,180.541,156.27301,164.63054,171.82964,174.3765,157.38255,138.53374,193.60146,197.30856,206.20615,167.83496,183.34998,162.91464,211.13396,193.91914,167.63696,167.35559,182.77025,208.18805,199.4359,163.9527,152.08272,166.49266,187.28851,189.82373,213.02333,189.37492,179.91165,185.9502,173.55882,160.14911,179.34314,173.56497,201.17409,178.44968,201.7139,182.55266,169.79758,145.06107,184.41838,179.9709,175.11957,185.42714,17510.45678,99,17510.45678,176.87330080808078,18.56717588494138,225.6927,123.67691,0.633111249693895,1
4,221.47408,202.05165,236.42746,190.09229,0.0,194.22598,210.29153,231.70819,188.88788,219.59247,198.1066,198.22688,167.19328,233.73598,194.1172,208.75069,260.82031,212.64774,253.31433,231.22606,202.23517,193.06932,208.11575,218.80969,225.83362,245.41661,144.53171,237.25525,225.2657,214.01036,211.26924,214.20743,204.67697,223.31741,183.70166,144.46263,217.31282,181.81242,191.85756,191.55714,261.12073,235.05322,196.17772,204.51424,175.20097,218.783,239.08792,216.64568,202.63292,252.9456,210.96582,212.95424,217.56572,185.51625,194.22536,208.78967,177.58861,235.27802,163.27885,221.61269,208.37769,236.11044,200.12454,209.82648,209.77248,224.87486,219.41879,218.53452,219.13583,175.9812,218.83708,226.87837,193.36372,225.03551,239.14578,219.05643,199.75259,242.52837,234.22527,203.88844,225.16942,182.27478,197.95941,222.70671,173.52272,224.52745,215.77516,235.56604,217.36877,204.86269,221.40024,236.3362,207.66887,195.38304,209.22804,236.8159,216.97336,209.27005,187.83713,199.73969,20906.80035,99,20906.80035,211.1798015151515,22.17279585132607,261.12073,144.46263,0.7114261668135168,2
5,222.63846,228.07086,223.56198,205.25768,194.22598,0.0,210.78528,195.06082,197.08243,256.79645,207.92188,240.50061,173.63486,248.03923,183.95068,193.59509,263.61337,226.65381,276.203,231.61366,223.6385,208.39503,203.01854,248.21284,210.06261,226.45168,196.26326,256.92886,242.4081,215.40221,208.80055,246.82256,202.16925,229.9724,231.91595,180.18953,221.84773,237.21068,178.58737,208.08937,270.8974,198.76337,203.67305,193.90788,179.42758,235.61214,222.32961,249.6534,257.18103,274.19037,214.83562,220.05856,209.09673,185.45221,191.64308,210.71379,236.0726,249.59566,210.03348,185.93332,239.51305,232.92761,170.85681,189.82051,174.15947,224.819,204.95006,202.71275,226.76204,223.99933,238.82442,227.35495,199.53677,211.43436,208.58455,224.22424,210.688,185.83043,208.43953,204.06711,210.23959,202.79962,213.1707,262.23074,254.30254,253.18716,223.61281,231.58153,213.22458,189.75354,241.84752,213.93121,194.77422,194.08711,212.54634,208.4902,258.64035,225.28728,173.32695,240.72601,21581.92902,99,21581.92902,217.999283030303,24.534437819074007,276.203,170.85681,0.7263033320983978,2
6,132.85742,214.94479,162.5601,168.17082,210.29153,210.78528,0.0,132.71478,166.86528,193.79424,147.72086,154.44614,174.72366,162.97345,168.4436,206.26768,197.33775,182.85834,187.7919,212.99947,149.05798,202.7137,152.99754,163.88681,163.84135,133.36371,151.88857,189.03008,220.34688,165.84077,180.71092,170.63675,182.14983,209.52921,162.12437,179.70114,176.29712,200.64609,201.55055,138.36542,197.57523,183.4859,206.05206,182.50089,166.95518,146.21315,168.76622,210.03134,180.26071,188.92203,148.56775,176.15495,168.22665,171.4962,144.4474,170.60756,167.43285,188.36275,175.89726,194.05887,172.73694,194.59262,158.1925,165.71677,196.82733,208.285,206.19296,217.97728,208.59378,167.46954,171.82982,199.99573,171.47885,152.98262,188.19348,164.25893,219.89386,165.97049,180.19467,191.07388,194.98582,171.47005,176.69385,194.23238,217.40753,181.85268,161.0742,211.12416,133.18343,174.99043,167.02087,166.44489,161.48418,202.63826,178.89088,131.72333,156.7798,166.66223,181.11592,178.05954,17629.53231,99,17629.53231,178.07608393939395,22.15178674467811,220.34688,131.72333,0.6353317719582269,1
7,187.37929,231.78629,178.89598,188.39091,231.70819,195.06082,132.71478,0.0,191.95712,185.32408,158.22069,215.4926,168.40196,181.75293,154.21754,190.13403,244.40714,161.47455,174.76427,182.13255,140.1505,213.2655,152.2301,160.9277,157.69775,182.98331,211.19344,182.70406,193.57941,178.06136,179.67793,194.87085,185.6133,189.56293,210.98975,167.61406,167.01979,186.91786,197.524,166.08028,209.33401,164.88385,224.99583,158.97609,186.51955,185.5853,183.54861,205.19876,196.77962,186.83716,179.11224,159.69365,161.92249,149.534,193.92279,164.52057,149.16942,176.39035,171.28568,222.41765,176.72845,167.14391,177.2877,166.41856,182.7245,230.5928,200.26549,195.70505,222.37709,205.40321,211.16882,184.22476,166.17139,174.8905,183.9716,167.39999,249.33618,170.3075,176.28705,170.52605,156.90211,185.20821,181.89259,206.30655,222.26715,173.0388,173.30573,199.03036,163.49776,164.78821,188.61536,201.75836,163.67722,190.96715,198.66817,171.85214,157.12259,204.59383,188.42941,233.4278,18307.78732,99,18307.78732,184.9271446464647,22.901694518003737,249.33618,132.71478,0.6515932711405121,1
8,205.84874,197.01653,202.007,162.7301,188.88788,197.08243,166.86528,191.95712,0.0,180.40215,160.65785,153.61244,148.33199,220.52107,184.69391,187.94426,178.6385,205.34555,198.76929,171.96414,168.57425,171.73764,154.69556,195.21559,194.69305,173.3696,178.41084,189.35226,233.31219,177.56982,171.74852,190.57799,211.44835,228.33012,191.43138,176.24266,171.43526,198.75087,183.35078,152.44305,208.17914,170.34099,162.99112,185.10149,176.96304,204.83127,182.27248,207.72784,205.84677,216.74066,171.79501,179.6293,203.29431,180.39455,169.00514,195.20255,193.90668,196.29747,161.40845,157.88896,168.10898,212.27808,212.6611,158.21236,173.71658,224.25087,203.32257,189.49396,237.65338,175.55019,201.6468,195.29784,193.80009,208.1295,197.6143,205.51178,187.38425,198.62544,148.11028,187.26996,174.96838,194.23616,213.08208,185.80521,219.65356,164.86063,196.80963,221.00018,163.95741,169.09465,193.25682,177.65256,187.88835,166.98427,190.3042,191.36115,182.06476,180.576,167.01529,227.46458,18592.45741,99,18592.45741,187.80260010101009,19.755988890430903,237.65338,148.11028,0.6585509539049851,1
9,153.2034,154.66028,183.98164,174.72324,219.59247,256.79645,193.79424,185.32408,180.40215,0.0,197.11423,152.25653,200.28818,179.67143,197.45901,180.22067,182.72147,195.15688,156.3932,191.85027,130.62424,176.91698,169.45985,162.22031,187.52708,208.53249,200.37355,157.28271,143.06123,205.8076,148.33348,198.34465,180.9425,173.20586,157.30783,164.11028,180.23486,186.782,214.83179,160.78377,159.2966,205.96875,212.37033,172.51984,173.65532,194.23961,216.24866,207.74084,160.66835,127.19585,188.49832,147.56981,150.08339,194.41856,183.67836,185.84882,143.91269,161.36876,168.22116,182.37178,165.5784,199.06561,203.29013,192.17632,186.4249,203.97595,222.95387,167.75246,208.34256,153.08611,194.80908,158.42302,173.6297,210.39742,202.75346,170.35255,208.31941,183.14117,174.26492,161.52884,131.99899,200.90062,187.94174,186.72856,172.21837,116.0864,183.67159,185.69447,193.04874,194.24738,145.52208,209.6572,190.64647,197.08423,171.94458,217.528,180.43788,171.4879,157.8031,206.18808,17919.27094,99,17919.27094,181.00273676767677,23.65888355439888,256.79645,116.0864,0.642060862387705,1
10,177.95465,192.51779,180.36285,174.28683,198.1066,207.92188,147.72086,158.22069,160.65785,197.11423,0.0,166.93524,161.82233,169.76749,135.73877,182.25327,225.86093,190.16466,186.52505,200.53311,155.00121,194.06728,148.8631,167.95265,196.31903,178.72665,189.47638,136.16425,190.28822,168.74582,174.44398,157.30852,192.32439,220.44809,161.48349,157.64247,182.25485,168.03935,187.42934,186.71165,177.08795,196.90186,223.10138,152.44717,181.63977,172.84468,140.44341,225.15501,193.61954,200.44127,171.05588,169.5152,170.77859,182.52151,191.29547,157.15312,183.3924,174.63091,175.6109,195.31891,145.40085,142.37027,166.73708,184.27792,147.8721,201.79732,187.43452,214.78229,201.95981,207.19316,233.13637,194.60901,209.90958,201.62688,179.40034,213.57849,201.60005,177.90323,173.33289,172.53108,189.41438,168.5571,170.20828,168.36426,194.25784,167.72789,176.24223,212.94115,171.78047,159.97659,202.97252,194.76814,189.60199,222.68721,187.99648,191.80847,191.91531,186.36475,185.02907,185.58734,18038.76544,99,18038.76544,182.20975191919192,20.813668103336322,233.13637,135.73877,0.6454441384572777,1
11,138.74001,151.09175,197.45593,176.82846,198.22688,240.50061,154.44614,215.4926,153.61244,152.25653,166.93524,0.0,192.35468,195.69214,206.31992,184.21205,156.59056,214.29884,177.04166,212.81229,191.39418,168.63562,168.10011,202.97112,178.91052,163.44228,155.89633,169.73294,186.73705,186.17006,163.76346,182.84262,196.3273,207.34302,138.34447,180.24869,198.62561,198.63766,207.77798,151.72881,178.78844,193.89583,219.23274,193.17915,145.82426,138.65225,178.99065,214.89854,166.0298,187.83212,160.58368,169.08109,178.13847,195.22359,146.04199,190.61925,192.59633,168.80772,181.39212,146.66698,163.44168,196.97894,178.05302,203.19424,160.83792,208.95543,229.4856,207.79124,202.75861,148.87767,142.6465,197.94629,190.42227,173.34778,209.34555,185.74501,149.73268,193.36748,195.29849,180.74747,177.08601,188.23508,194.63904,180.73596,173.89478,177.44757,195.19269,204.11436,152.39622,181.98236,164.62209,205.13304,170.83018,201.70067,184.19543,178.91223,207.01457,149.16315,174.31766,167.09749,17976.69801,99,17976.69801,181.5828081818182,21.86424569068993,240.50061,138.34447,0.643584534460478,1
12,225.42015,190.09882,204.51872,171.67963,167.19328,173.63486,174.72366,168.40196,148.33199,200.28818,161.82233,192.35468,0.0,226.05328,176.86595,156.91434,243.78175,197.63977,194.34276,140.10432,161.90607,177.43645,158.6998,201.41307,185.73067,231.8275,169.93596,191.83592,202.54384,171.64319,183.15483,208.4005,197.48256,186.99078,187.48767,173.56465,214.32312,185.97067,167.81914,161.29141,206.50934,194.09875,193.56674,162.60416,174.52806,212.2765,185.09602,217.94876,202.56601,232.08832,210.31242,181.38895,192.86868,119.03942,192.56963,199.66406,186.33287,192.82111,183.25945,166.44858,209.85788,171.80325,197.60213,182.1013,162.33382,223.55307,177.80501,180.95103,215.91435,199.46587,215.96538,172.03842,149.84282,190.94966,178.09387,187.38872,233.66919,186.98767,200.06749,152.40205,184.6241,193.91533,178.41022,195.57004,209.05196,198.49193,182.65985,180.87265,187.05527,145.58751,213.87955,187.58589,195.93091,188.31091,194.70943,185.53989,182.58719,220.42171,159.3214,212.56319,18625.49797,99,18625.49797,188.13634313131314,21.911654441468734,243.78175,119.03942,0.6588747621393735,1
13,153.88217,173.20119,156.44547,158.73564,233.73598,248.03923,162.97345,181.75293,220.52107,179.67143,169.76749,195.69214,226.05328,0.0,158.2934,215.00327,186.78485,195.25029,187.04941,238.05785,137.75285,168.19801,128.99474,141.91766,176.5135,196.04102,196.62886,180.98698,159.32913,210.90257,182.37712,176.9767,184.41803,182.47469,162.51036,158.63391,189.06108,174.95273,222.36401,205.28842,196.76328,198.95288,198.21683,188.76866,208.64081,163.95859,143.27727,240.24413,185.05411,154.51962,172.32437,151.8925,161.98515,231.85083,194.52118,132.14262,152.392,148.83098,192.82356,214.3607,173.24036,175.22466,161.03867,182.6888,213.065,186.56665,182.47722,198.14732,194.32857,157.03549,199.73596,206.70601,191.07642,197.44936,224.98096,193.13469,234.43146,170.4218,180.70198,186.69693,199.82372,151.728,187.79968,183.90602,193.20107,182.20039,182.59015,195.64476,187.79643,166.98265,141.18675,224.64986,174.52435,236.42644,186.68283,185.12552,191.25256,194.8909,219.39326,138.18904,18341.89567,99,18341.89567,185.27167343434343,25.93741002963329,248.03923,128.99474,0.6518316489302837,1
14,180.62538,217.96867,180.43187,142.37447,194.1172,183.95068,168.4436,154.21754,184.69391,197.45901,135.73877,206.31992,176.86595,158.2934,0.0,171.89513,206.65956,129.75827,202.20363,221.90065,153.84215,205.06837,157.77365,178.46217,173.41147,199.58307,190.278,186.52469,187.51682,202.30211,156.97377,162.97722,179.88875,222.63441,184.89172,128.84779,184.51642,154.7408,188.16756,202.24825,200.75903,186.34569,200.04526,166.84158,157.66183,193.50449,182.72655,205.38129,190.29271,185.50294,200.114,159.96483,174.47495,190.25665,200.11571,128.35083,161.85426,159.58324,165.80511,218.64572,162.57304,171.78726,148.18594,143.33704,156.46767,208.41214,172.69606,163.5295,166.97592,193.51805,228.26375,187.39944,195.09673,177.26823,167.64359,192.64522,184.63591,150.35095,175.94902,159.49132,195.04779,169.05817,185.6319,185.29176,200.77979,159.21924,164.22717,209.12566,170.80887,181.25017,199.1378,176.44331,203.37787,216.28516,178.86137,199.32741,203.51768,197.66162,182.78447,205.55193,17932.40939,99,17932.40939,181.1354483838384,21.739859009400163,228.26375,128.35083,0.6426991506888602,1
15,218.81001,166.54045,180.67699,146.31438,208.75069,193.59509,206.26768,190.13403,187.94426,180.22067,182.25327,184.21205,156.91434,215.00327,171.89513,0.0,217.23218,186.25186,197.51263,201.38356,169.38356,184.41211,169.90431,218.03508,204.26262,229.69179,219.43152,185.4706,208.46169,157.93965,136.52774,209.53142,176.52843,181.42868,214.9032,146.99509,194.30255,193.22029,193.01945,219.4503,210.77434,202.67628,211.35512,156.62172,178.56804,212.69928,206.60254,213.12852,192.23326,218.30513,195.77641,189.54936,190.50529,162.65372,188.30585,199.89784,199.87083,183.3022,161.49278,153.4805,201.013,164.44075,177.77545,198.56935,155.91209,209.96956,213.54559,171.52913,163.63567,211.83202,233.98888,178.20122,158.6974,165.30962,155.04367,222.75082,205.7282,163.35242,184.79787,149.14345,147.03456,217.18546,196.38127,182.21756,195.4442,176.92899,166.84932,140.55829,195.73232,188.08493,234.31747,212.99825,209.52489,190.60889,173.34251,210.08951,201.88683,176.57169,157.21063,220.8914,18711.70676,99,18711.70676,189.00713898989903,22.981137844191228,234.31747,136.52774,0.6607879261392748,1
16,177.31863,206.91922,179.85135,159.95033,260.82031,263.61337,197.33775,244.40714,178.6385,182.72147,225.86093,156.59056,243.78175,186.78485,206.65956,217.23218,0.0,218.19325,203.74132,256.28821,196.6805,198.13617,190.09451,230.67102,203.08424,205.47424,206.85309,237.76227,227.10924,213.1998,174.27313,219.67299,215.1131,227.54124,201.96939,198.45407,195.64857,222.0367,242.00484,195.30412,223.10123,201.64977,186.09598,225.07788,185.18622,198.86081,186.5444,251.12404,215.18727,193.91029,221.91008,177.5957,212.364,242.05496,192.54201,203.72636,223.384,182.73822,209.54646,187.53954,188.51546,214.03682,217.89861,177.46294,205.10883,202.09656,247.44423,202.40196,226.9236,171.17429,190.48654,242.53409,229.91382,204.76088,246.49092,219.78499,195.57289,176.46355,190.78107,221.29074,217.81601,209.06395,245.89084,201.16219,217.84718,209.35542,238.22054,202.2155,165.43416,200.76231,182.94431,200.71356,209.24811,214.3382,208.5627,183.04968,251.64278,176.91902,222.31171,211.42249,20627.99658,99,20627.99658,208.36360181818185,23.130612775683367,263.61337,156.59056,0.7051984404698616,2
17,200.39598,246.39882,199.7484,177.57283,212.64774,226.65381,182.85834,161.47455,205.34555,195.15688,190.16466,214.29884,197.63977,195.25029,129.75827,186.25186,218.19325,0.0,205.32979,236.23274,161.03806,224.27499,154.57707,164.29654,174.1458,215.51268,207.37067,196.07008,203.78358,199.60341,193.6199,151.31435,201.9575,212.75479,217.63158,161.65947,205.14932,174.54018,195.70335,217.97032,182.32478,179.41359,221.78906,175.76251,200.97261,223.3185,222.36371,210.22757,182.66478,189.10439,207.43037,178.68675,188.54674,177.58505,181.43306,192.01826,157.03412,176.52995,161.03838,229.13268,157.82504,189.97986,196.11426,155.93323,196.00653,229.74072,194.59464,190.44173,150.01134,197.97623,221.26796,177.23488,216.50073,170.78889,198.69708,176.60976,207.14264,185.65167,214.1795,181.02298,177.75768,167.61041,189.01062,186.9348,203.7664,168.02586,182.61011,213.92867,163.88393,193.00568,190.59944,201.35475,193.71274,235.97052,175.99217,230.59671,212.90358,198.14682,213.11867,226.65077,19185.02287,99,19185.02287,193.7881097979798,22.403378002097195,246.39882,129.75827,0.6721218335419393,2
18,198.65634,195.45401,182.1163,192.05614,253.31433,276.203,187.7919,174.76427,198.76929,156.3932,186.52505,177.04166,194.34276,187.04941,202.20363,197.51263,203.74132,205.32979,0.0,185.0262,164.40886,182.8754,155.02834,203.42545,140.70462,211.50282,216.24788,170.16563,161.58252,206.83798,193.27713,182.23396,172.81366,172.80478,207.34953,182.46912,181.4176,160.85828,227.90594,156.43208,172.31941,160.81438,242.10747,166.92172,211.0647,210.83873,189.79646,202.10272,160.82579,159.39717,200.65356,159.32948,201.92213,213.87967,235.33543,159.38695,176.60576,112.95759,188.67189,198.93094,188.54173,173.80969,202.40472,203.46454,159.71844,197.2556,193.56148,189.53554,232.15639,201.13705,183.15636,162.68835,168.96738,173.04881,215.81244,187.61198,247.74545,183.27754,188.57115,182.03075,191.52199,214.88593,176.54054,157.41733,160.50833,156.6897,180.18307,159.58035,184.90961,154.44302,168.25493,226.96053,180.0459,216.93156,185.31432,186.81822,171.81149,229.85335,213.1489,234.7282,18713.53742,99,18713.53742,189.02563050505051,25.841801929998915,276.203,112.95759,0.6606010874695383,1
19,235.89566,202.89125,211.82962,207.33319,231.22606,231.61366,212.99947,182.13255,171.96414,191.85027,200.53311,212.81229,140.10432,238.05785,221.90065,201.38356,256.28821,236.23274,185.0262,0.0,186.9955,174.48099,187.19769,201.91072,183.60207,248.86324,223.98607,183.52003,203.17601,181.45737,187.42163,214.75714,235.96553,214.59457,218.99869,183.92892,195.8394,216.40276,176.8084,173.22159,224.95569,197.1615,213.66998,204.13522,188.56084,217.97592,204.08592,213.07411,192.73964,214.0892,223.06181,190.68463,208.83231,174.44438,217.96523,204.08238,187.28294,197.18617,211.52907,191.50604,192.58241,216.06293,230.61867,199.21837,188.81284,232.27208,185.5266,185.8224,271.55591,220.97804,223.97679,192.81596,157.66951,196.99031,185.15382,228.74031,254.04456,203.16951,166.90463,165.45406,172.61522,226.6064,250.537,193.83884,246.08694,202.70517,193.1618,184.16203,213.58456,145.1599,216.72176,212.28989,226.12758,154.24922,202.28404,210.97871,186.51842,236.20143,196.70677,232.91432,20244.04581,99,20244.04581,204.48531121212122,24.319519149733726,271.55591,140.10432,0.6962057103537129,2
20,171.73366,181.64709,142.34294,147.52283,202.23517,223.6385,149.05798,140.1505,168.57425,130.62424,155.00121,191.39418,161.90607,137.75285,153.84215,169.38356,196.6805,161.03806,164.40886,186.9955,0.0,172.72357,130.29955,126.87227,182.70183,191.37909,197.58902,147.86493,169.66969,166.59462,170.24948,176.13857,170.729,152.78941,154.55798,139.47186,173.05165,145.49124,187.6749,169.95128,173.2977,191.50226,185.64227,159.7003,194.56204,203.01732,172.05276,215.67781,161.26094,143.70973,177.27156,139.43654,137.02951,179.67996,179.12952,168.26094,135.33057,153.43027,144.28902,194.76009,149.46545,173.80632,178.21078,177.28262,193.99571,185.12283,176.48039,162.76649,190.04214,157.92889,220.91171,173.46101,164.84731,197.09367,160.46051,176.68266,240.32541,151.8981,147.6855,185.17122,155.0417,161.87329,158.45456,162.85172,176.98651,135.75404,136.6563,170.88116,179.84535,158.67458,160.81503,186.26517,165.60011,196.17917,160.20819,184.32228,148.2966,179.15027,169.02541,192.60614,16773.89745,99,16773.89745,169.43330757575754,21.655940479838442,240.32541,126.87227,0.6149169998322158,1
21,191.79784,110.56658,160.36494,162.53885,193.06932,208.39503,202.7137,213.2655,171.73764,176.91698,194.06728,168.63562,177.43645,168.19801,205.06837,184.41211,198.13617,224.27499,182.8754,174.48099,172.72357,0.0,119.1026,190.33836,167.5705,230.42857,169.4819,168.37073,162.37883,176.56824,202.71645,174.08827,204.74898,182.10023,164.14609,145.19559,181.24008,182.28548,149.98878,175.54478,207.24898,154.02626,179.55058,183.6703,183.63481,198.59021,183.98264,226.13271,202.0007,193.43871,138.15207,156.75229,165.08952,218.42542,160.39291,169.29799,159.96237,164.73705,182.16599,139.24699,198.38188,193.26076,154.99701,196.05605,178.65581,192.23752,183.79529,180.1543,219.87607,136.89511,183.44823,204.44046,159.11377,174.53461,214.14626,181.45532,222.62157,184.39595,164.77943,167.5155,181.17091,180.26378,207.55272,165.42961,173.73271,199.4556,192.05998,158.46645,180.63889,111.00746,143.49843,226.68701,150.9359,187.92227,187.18758,188.34476,176.2552,213.96762,157.62886,152.41542,17779.85036,99,17779.85036,179.5944480808081,24.005054005111855,230.42857,110.56658,0.6386175427977414,1
22,177.56741,151.78943,161.44025,154.88257,208.11575,203.01854,152.99754,152.2301,154.69556,169.45985,148.8631,168.10011,158.6998,128.99474,157.77365,169.90431,190.09451,154.57707,155.02834,187.19769,130.29955,119.1026,0.0,134.32011,141.44547,181.10329,172.32481,140.3907,154.1313,170.8188,185.02415,139.923,179.76437,162.5546,170.39195,153.82411,174.44035,156.5041,170.97208,174.34747,156.05669,124.65067,173.88379,147.60941,201.40819,186.91885,143.01994,209.16354,182.25714,165.61147,129.12561,134.243,160.70641,180.7309,152.81534,148.58401,140.80605,127.80988,167.56622,152.76126,164.87654,151.62184,158.30869,162.15671,164.09715,198.97188,155.39476,178.22244,180.43422,141.20894,175.34647,155.87796,165.48999,163.35995,200.83725,142.21594,215.36394,169.50777,161.82748,152.5602,147.83473,150.53526,150.26483,153.20442,178.04805,156.7923,161.00511,175.61028,151.71849,111.5359,118.72537,208.96208,128.34798,215.81821,168.59271,183.62241,158.62105,189.8936,179.73271,163.34425,16112.73136,99,16112.73136,162.75486222222221,21.699122096290214,215.81821,111.5359,0.5986135381213935,1
23,164.5148,194.33914,198.18944,174.65486,218.80969,248.21284,163.88681,160.9277,195.21559,162.22031,167.95265,202.97112,201.41307,141.91766,178.46217,218.03508,230.67102,164.29654,203.42545,201.91072,126.87227,190.33836,134.32011,0.0,192.9101,182.94914,214.08212,157.11501,177.53975,202.81543,185.01221,159.84074,204.60252,194.02449,189.37737,162.78604,189.20697,172.31726,185.62155,203.11665,180.75964,204.41376,212.54634,165.17241,220.12225,185.22453,179.1869,193.20064,185.81749,159.5341,165.78139,153.40816,150.52122,189.36687,165.81718,190.76085,139.88611,176.50209,192.68365,207.63387,136.7916,199.13579,189.50475,167.48248,228.95926,214.45123,186.74741,218.60445,200.23297,162.7265,228.61386,164.21497,195.58382,207.19011,206.00902,189.83504,230.94075,213.01735,173.19922,183.42146,145.28639,177.50995,193.82222,194.62476,221.57387,156.48952,162.69183,228.24936,194.4684,185.765,153.49956,199.85806,191.14755,228.62625,189.77614,218.62729,178.31148,187.39207,216.78268,178.42566,18534.80428,99,18534.80428,187.2202452525253,24.45769456985395,248.21284,126.87227,0.6565902456365841,1
24,167.84135,193.42717,190.4552,189.00838,225.83362,210.06261,163.84135,157.69775,194.69305,187.52708,196.31903,178.91052,185.73067,176.5135,173.41147,204.26262,203.08424,174.1458,140.70462,183.60207,182.70183,167.5705,141.44547,192.9101,0.0,174.11197,177.1282,181.63202,163.65884,201.96576,184.81651,157.04317,145.97502,183.91977,185.67696,162.71584,182.44954,185.11353,166.4032,141.67976,181.10394,146.69408,216.63089,183.74179,171.81181,172.99028,181.05481,187.63785,168.22095,157.29665,180.48706,157.37799,174.59729,208.88609,185.27724,117.46856,171.16978,138.66084,167.29895,174.87535,179.95285,199.85965,160.9202,157.42844,150.62865,190.86349,151.24817,138.74393,184.283,184.38261,152.26422,159.19963,135.67528,127.56761,199.22198,150.37375,215.37134,169.21786,200.22101,157.91234,191.47302,171.702,174.22455,156.37376,189.95306,177.26482,170.82117,189.46422,167.79962,124.53828,147.46812,181.25133,146.35097,183.76306,180.12775,168.36169,185.89169,200.55894,197.47523,193.93863,17283.41021,99,17283.41021,174.5799011111111,20.95850272631683,225.83362,117.46856,0.6272527587662424,1
25,151.42183,226.01299,231.1416,203.974,245.41661,226.45168,133.36371,182.98331,173.3696,208.53249,178.72665,163.44228,231.8275,196.04102,199.58307,229.69179,205.47424,215.51268,211.50282,248.86324,191.37909,230.42857,181.10329,182.94914,174.11197,0.0,219.04292,200.04701,234.2787,227.56636,190.30682,199.42096,183.05269,228.06387,203.80695,201.02251,203.44994,206.65941,220.90889,182.23885,218.67035,201.00562,241.45995,207.16566,207.89517,167.00073,176.05783,197.4902,197.99957,196.32475,166.39001,186.71967,192.22604,230.5773,179.50723,187.21251,226.37163,191.41904,195.37898,193.5869,160.66945,246.58647,180.68121,195.72891,201.31812,226.68428,214.95869,219.99124,216.03975,192.20818,197.01373,199.98015,206.32828,197.97601,200.34253,214.54581,188.50395,213.37421,185.44745,235.81987,190.72623,205.50002,195.14294,219.88615,239.05817,183.89894,170.6104,267.72266,191.30777,216.37566,194.49182,190.65558,172.14142,216.97578,208.23271,184.66167,217.759,164.54184,228.85558,227.59091,20063.96373,99,20063.96373,202.6663003030303,23.110730053820987,267.72266,133.36371,0.6922403026935823,2
26,158.88446,189.08124,195.36586,175.98479,144.53171,196.26326,151.88857,211.19344,178.41084,200.37355,189.47638,155.89633,169.93596,196.62886,190.278,219.43152,206.85309,207.37067,216.24788,223.98607,197.58902,169.4819,172.32481,214.08212,177.1282,219.04292,0.0,218.37192,201.40353,184.7952,195.79662,172.38708,189.34201,210.16591,140.55093,174.11354,197.10739,214.09354,201.15866,142.47495,215.22267,189.44321,171.54895,206.94156,150.45822,196.79895,217.73051,221.81752,183.01787,207.52045,180.24438,188.70859,208.87346,186.45892,161.75633,169.04518,156.71121,220.97276,185.63324,184.2995,210.00842,219.94014,179.79349,181.90688,184.75459,205.25246,215.89929,204.95358,218.05421,144.3187,149.76846,210.86497,176.7267,181.61041,245.59784,149.22839,201.8519,195.8884,218.93941,176.597,228.73344,173.57799,175.26176,207.98845,172.49075,218.465,210.14311,210.90379,180.38005,167.77434,156.2475,211.3335,187.19629,208.32613,175.58656,186.17752,200.65889,186.84958,163.99225,148.30644,18815.04479,99,18815.04479,190.05095747474746,22.98080796520903,245.59784,140.55093,0.6631713485353218,1
27,183.73303,165.63474,196.30365,199.16856,237.25525,256.92886,189.03008,182.70406,189.35226,157.28271,136.16425,169.73294,191.83592,180.98698,186.52469,185.4706,237.76227,196.07008,170.16563,183.52003,147.86493,168.37073,140.3907,157.11501,181.63202,200.04701,218.37192,0.0,157.40619,173.97406,196.01764,133.95837,212.33046,209.64336,148.81561,174.88751,202.42041,180.41122,175.40247,205.38576,144.43298,202.28564,248.28387,195.63239,207.37851,205.87592,193.39262,218.18779,175.77776,138.73476,161.55922,155.42659,155.27246,226.09119,190.0078,169.61913,165.10431,161.18811,183.43762,187.98773,148.79932,190.18002,183.44798,226.0405,174.45305,232.18483,203.57297,186.19849,199.5125,195.83031,240.04317,183.82097,196.5181,198.6716,166.13637,190.2502,234.40984,200.8533,179.84848,178.88013,167.09497,206.74356,187.02377,139.99263,189.1713,144.58411,148.89987,214.74643,209.70822,165.49263,179.02933,219.02287,195.83063,236.42558,194.98866,231.11482,171.34491,192.34015,182.44562,185.32874,18536.7293,99,18536.7293,187.2396898989899,26.581803195440912,256.92886,133.95837,0.6562712287166801,2
28,167.94315,152.54482,210.97145,203.62103,225.2657,242.4081,220.34688,193.57941,233.31219,143.06123,190.28822,186.73705,202.54384,159.32913,187.51682,208.46169,227.10924,203.78358,161.58252,203.17601,169.66969,162.37883,154.1313,177.53975,163.65884,234.2787,201.40353,157.40619,0.0,233.7619,193.306,196.24129,190.86716,150.82478,157.98656,166.06348,222.35361,154.7108,211.77693,191.03732,175.98225,189.58653,237.71101,182.69109,191.3439,201.97433,187.73213,224.8542,169.70168,142.03491,211.87721,121.3949,160.52031,212.93021,219.75677,157.30693,157.17589,128.3634,217.77582,200.42596,181.47147,181.01663,174.56677,221.81166,157.57162,207.16782,189.32091,173.26114,211.00198,162.15836,190.24648,171.7124,186.0235,209.75589,223.9639,163.45105,216.85503,190.95403,205.70425,172.39246,171.18388,188.37187,166.48285,204.20403,152.39261,188.32661,192.83948,193.47852,218.7598,158.46861,138.91814,251.94171,176.47108,239.05557,197.19624,223.17474,229.01387,225.16444,204.51077,181.67433,18796.15465,99,18796.15465,189.86014797979803,27.79200374743597,251.94171,121.3949,0.6620411994467215,1
29,204.47713,201.05708,147.94943,159.71619,214.01036,215.40221,165.84077,178.06136,177.56982,205.8076,168.74582,186.17006,171.64319,210.90257,202.30211,157.93965,213.1998,199.60341,206.83798,181.45737,166.59462,176.56824,170.8188,202.81543,201.96576,227.56636,184.7952,173.97406,233.7619,0.0,173.83759,165.12297,210.45845,205.0434,197.72476,154.81689,150.61743,215.00912,169.50719,196.16183,229.49602,190.17693,189.32567,201.44347,180.18477,212.35985,198.63243,216.75499,190.31052,202.87891,177.0103,183.17303,197.84256,174.3443,164.98099,195.94948,172.50925,221.54854,166.4193,180.73438,170.62669,179.49477,196.42961,193.53825,191.59953,208.54227,237.09525,207.22382,222.20984,204.21707,233.07063,235.30542,178.02548,159.37367,190.11566,214.86345,248.61205,178.66042,170.84184,186.10072,188.3728,209.93828,223.59181,157.80582,202.83089,217.21924,185.33031,154.88182,181.8703,148.48019,218.85922,205.8075,208.51869,168.17595,186.66982,182.05602,178.57462,157.49785,178.58551,186.8586,18939.80128,99,18939.80128,191.31112404040402,22.35150018694919,248.61205,147.94943,0.6664054766889494,1
30,167.38594,177.41423,193.57323,123.67691,211.26924,208.80055,180.71092,179.67793,171.74852,148.33348,174.44398,163.76346,183.15483,182.37712,156.97377,136.52774,174.27313,193.6199,193.27713,187.42163,170.24948,202.71645,185.02415,185.01221,184.81651,190.30682,195.79662,196.01764,193.306,173.83759,0.0,200.7525,162.38118,187.28192,198.58081,139.3351,160.4653,199.46721,209.4135,190.24847,214.15871,207.54898,181.41539,172.39932,143.33405,164.51816,177.77214,172.81941,159.88513,173.76862,206.31575,158.6951,190.93504,161.99226,191.42242,159.38609,178.56506,184.28456,170.96008,167.58127,154.05222,183.5448,191.58482,146.49162,164.55266,193.15869,211.99588,157.46083,190.96472,190.83316,204.39751,169.92206,154.80266,178.75284,183.3445,220.22679,168.91499,167.04749,158.47256,135.94536,146.77573,207.31786,213.27583,194.78915,206.05779,164.3174,176.97076,177.10405,197.61307,193.77643,209.38068,181.25108,227.74718,155.60329,166.19908,187.37784,211.26628,128.96924,184.99832,198.62376,17827.07162,99,17827.07162,180.07143050505044,21.18368530789022,227.74718,123.67691,0.640092611570242,1
31,172.01068,208.23643,183.90765,171.59314,214.20743,246.82256,170.63675,194.87085,190.57799,198.34465,157.30852,182.84262,208.4005,176.9767,162.97722,209.53142,219.67299,151.31435,182.23396,214.75714,176.13857,174.08827,139.923,159.84074,157.04317,199.42096,172.38708,133.95837,196.24129,165.12297,200.7525,0.0,200.78786,228.00305,178.75822,156.87041,178.39363,184.60738,163.2469,203.69905,166.004,168.79649,223.68929,193.64738,202.70068,215.51382,213.69231,189.22968,165.74263,156.0175,149.48474,173.04018,189.63004,229.53247,173.18694,149.40836,147.50191,185.21008,168.18411,196.67191,145.33026,209.59285,171.45441,175.32031,187.66573,208.30598,188.83287,197.19299,180.61211,188.37904,218.00441,185.67906,204.11082,155.39243,199.03644,184.45139,215.77928,197.00748,186.86981,179.31227,207.26398,186.99654,194.03218,135.41652,182.08583,167.86729,158.94765,214.96599,186.7767,161.28404,168.66844,197.16359,201.00922,234.00485,162.72235,217.94746,178.16388,190.32141,198.95146,172.43774,18338.74855,99,18338.74855,185.23988434343437,23.02997793747581,246.82256,133.95837,0.6522404037908234,1
32,168.02379,175.88239,184.79115,185.63167,204.67697,202.16925,182.14983,185.6133,211.44835,180.9425,192.32439,196.3273,197.48256,184.41803,179.88875,176.52843,215.1131,201.9575,172.81366,235.96553,170.729,204.74898,179.76437,204.60252,145.97502,183.05269,189.34201,212.33046,190.86716,210.45845,162.38118,200.78786,0.0,175.07271,195.0665,147.68085,168.50832,187.04477,199.43297,159.07809,195.91649,215.20898,204.54669,148.88034,187.37914,196.30415,199.34296,193.04025,184.57137,181.02757,205.3557,194.12564,190.19168,204.83687,201.20198,146.21564,200.63617,179.10835,157.19962,174.62057,200.5984,198.36014,171.08377,170.65677,157.40356,132.81401,176.96747,167.63916,161.02557,203.72939,208.99458,149.75589,138.61093,179.94093,212.56364,195.46942,218.15939,173.38739,211.91718,171.3483,193.06664,191.8591,124.13363,173.55191,176.25343,167.22156,172.57471,186.5343,205.05237,181.41983,186.90585,181.12524,182.09016,191.97815,171.46977,201.56343,207.71101,166.42157,189.40257,205.86488,18337.40852,99,18337.40852,185.22634868686865,20.09859527100021,235.96553,124.13363,0.6524478961009124,1
33,206.2852,185.3806,211.43576,173.89542,223.31741,229.9724,209.52921,189.56293,228.33012,173.20586,220.44809,207.34302,186.99078,182.47469,222.63441,181.42868,227.54124,212.75479,172.80478,214.59457,152.78941,182.10023,162.5546,194.02449,183.91977,228.06387,210.16591,209.64336,150.82478,205.0434,187.28192,228.00305,175.07271,0.0,210.75826,177.44656,229.33044,169.62944,229.85973,205.43414,225.03839,183.31876,226.10432,179.07149,230.83704,228.93439,184.95274,224.70139,164.78777,191.43495,214.98212,143.05135,189.91833,187.62004,225.94611,197.75786,185.30701,176.94687,195.65388,183.3475,203.53444,190.75586,200.60641,222.73677,199.09004,202.37161,201.11826,178.48347,212.80861,179.92294,192.51282,178.72223,164.27861,209.87637,225.73256,199.57684,251.89476,194.94612,206.56107,209.52728,177.40388,192.59544,162.41411,227.87837,153.13348,224.41946,191.74004,158.47337,234.95952,166.1022,189.90656,259.89377,165.91481,215.57982,182.86299,184.30565,223.74023,218.5692,223.51984,213.42354,19683.48169,99,19683.48169,198.82304737373738,23.73747052149176,259.89377,143.05135,0.683447434343474,2
34,134.98854,149.93118,182.90865,194.80264,183.70166,231.91595,162.12437,210.98975,191.43138,157.30783,161.48349,138.34447,187.48767,162.51036,184.89172,214.9032,201.96939,217.63158,207.34953,218.99869,154.55798,164.14609,170.39195,189.37737,185.67696,203.80695,140.55093,148.81561,157.98656,197.72476,198.58081,178.75822,195.0665,210.75826,0.0,174.30615,216.9752,197.16022,191.43445,158.2394,171.0013,230.3954,212.65875,216.20088,153.97168,171.78865,193.44276,251.82614,179.84464,159.84676,182.85081,169.25705,146.2303,223.37946,164.23712,165.27823,166.59222,185.76154,183.6821,190.60754,181.88484,208.73479,168.23019,219.19263,183.96165,204.63336,209.83786,182.52882,197.72838,147.46532,195.46472,216.13261,189.87794,209.85826,201.40135,162.93024,211.37898,182.34198,210.3849,188.36902,212.22009,164.94327,172.39841,175.65958,174.09029,181.68459,185.4575,220.2238,191.37886,172.53564,149.39618,201.61617,179.01172,225.44183,192.81998,203.01274,197.25075,177.06133,154.41946,124.96241,18376.76219,99,18376.76219,185.62386050505052,24.37107814850559,251.82614,124.96241,0.6527680482190641,1
35,165.7605,159.86789,150.59509,127.3961,144.46263,180.18953,179.70114,167.61406,176.24266,164.11028,157.64247,180.24869,173.56465,158.63391,128.84779,146.99509,198.45407,161.65947,182.46912,183.92892,139.47186,145.19559,153.82411,162.78604,162.71584,201.02251,174.11354,174.88751,166.06348,154.81689,139.3351,156.87041,147.68085,177.44656,174.30615,0.0,124.8364,123.07843,143.97516,172.79245,219.17342,174.22275,166.44737,151.65436,135.79103,178.40341,181.94627,158.99574,153.04724,167.54424,169.45435,140.94926,157.81847,176.40433,168.17897,131.67828,129.76001,154.28421,130.03214,182.89392,131.89041,177.59238,131.97122,153.27518,152.299,154.59576,172.41481,155.79266,177.32024,151.79462,204.84274,185.71635,142.64789,149.98401,170.41757,197.67874,177.85318,160.53824,140.71274,156.11545,155.41064,166.4897,185.0065,151.69885,148.80077,164.95189,144.84453,155.62677,173.40059,146.36281,177.21252,188.59946,175.62653,140.05138,158.11935,188.98814,179.64217,158.869,164.87964,173.26711,16055.58425,99,16055.58425,162.1776186868687,18.866094941629736,219.17342,123.07843,0.5975947518391495,1
