Vértices,0,1,2,3,4,5,6,7,8,9,10,11,12,13,14,15,16,17,18,19,20,21,22,23,24,25,26,27,28,29,30,31,32,33,34,35,36,37,38,39,40,41,42,43,44,45,46,47,48,49,50,51,52,53,54,55,56,57,58,59,60,61,62,63,64,65,66,67,68,69,70,71,72,73,74,75,76,77,78,79,80,81,82,83,84,85,86,87,88,89,90,91,92,93,94,95,96,97,98,99,100,101,102,103,104,105,106,107,108,109,110,111,112,113,114,115,116,117,118,119,120,121,122,123,124,125,126,127,128,129,130,131,132,133,134,135,136,137,138,139,140,141,142,143,144,145,146,147,148,149,Grau (Ponderado),Número de Vizinhos,Soma dos Pesos das Arestas,Peso Médio das Arestas,Desvio Padrão dos Pesos,Peso Máximo das Arestas,Peso Mínimo das Arestas,Densidade Local,Conjuntos
0,0.0,148.35486,108.51186,112.00338,161.76901,158.31442,151.65898,185.98116,119.63005,155.21355,107.9062,135.95331,98.34483,158.39934,124.13793,131.90733,153.95854,157.08632,121.14901,157.9863,116.89651,116.48016,146.56178,177.14188,147.09416,187.97659,103.76818,164.33,140.8689,137.42093,115.66592,136.82057,121.90997,98.71937,174.9332,124.79042,131.15739,97.57016,148.1629,119.71173,147.7274,150.16084,162.46448,115.76392,143.15271,151.21234,135.09521,156.03641,141.22751,170.57515,158.81949,123.50243,85.49205,97.30175,150.89896,159.38844,60.90391,192.71161,135.82408,149.27817,148.1257,132.46948,103.19492,159.17381,132.04416,140.97208,170.38242,131.52257,174.63895,148.13434,124.55492,148.91815,154.70244,142.23383,119.37704,133.51933,153.9214,105.08405,145.94107,171.34799,167.82553,102.95207,135.47641,157.35196,155.47998,166.8539,108.65083,159.94147,97.41151,158.32344,133.45511,98.19155,139.10783,164.72066,119.57792,209.43626,177.14293,118.99953,128.41672,134.28194,157.89395,138.269,127.217,95.40984,134.87344,108.24507,124.10477,110.18238,160.96353,145.52187,156.67792,152.54295,151.02852,148.36894,138.61891,115.6569,160.47549,122.26708,151.09093,156.2411,104.07182,115.38184,151.63925,116.65524,135.00064,165.57845,150.72386,120.61866,112.18172,136.87106,140.60489,159.89752,141.10895,125.6505,103.42599,87.47019,157.68158,141.89799,106.66244,182.60004,106.33036,169.06682,157.44049,159.62469,151.24319,105.03489,153.5892,111.2189,137.81445,111.27253,20591.6479,149,20591.6479,138.1989791946309,24.650619642753842,209.43626,60.90391,0.6201198959249654,1
1,148.35486,0.0,107.23417,169.35941,160.0789,133.32806,122.11375,159.17308,155.16357,190.4534,151.44914,163.42537,136.89766,124.54182,122.47849,156.08202,150.54079,111.48392,125.50093,177.66818,165.24123,150.84181,111.78989,143.55823,173.38051,150.22606,178.42203,164.01295,122.45418,115.23138,142.67729,104.55159,133.03523,157.33195,119.36259,149.44171,138.95631,124.82027,159.39012,175.05164,157.72514,168.27258,165.09805,127.57079,151.58653,167.83,194.23,150.45012,126.15018,181.66064,203.96678,136.61243,116.5919,126.06225,171.65237,172.44803,142.33339,143.1317,172.11342,200.15918,179.64153,156.71207,117.0458,155.50127,169.31029,141.02524,154.53687,166.68867,165.66608,120.02084,149.4236,162.20625,128.36371,164.87292,187.20325,185.60168,136.20494,158.87526,181.56841,137.04907,171.17206,108.63914,200.58609,132.94678,162.82066,131.27022,157.01297,151.4184,160.12309,155.68034,121.58223,166.69167,127.1864,181.49078,190.59404,140.85451,169.22327,161.19435,146.97928,152.68777,155.51866,135.36162,150.39346,132.50224,149.63173,137.16785,185.57466,129.19196,187.17784,175.99445,159.97063,152.68697,152.59538,161.40807,124.03082,162.80127,171.92961,71.8627,176.65802,139.57628,157.38982,182.51189,177.95409,148.0692,144.23199,109.7103,114.83953,165.14349,151.19142,127.04456,156.60616,153.32513,154.02293,190.95871,110.46489,141.91011,190.55653,193.38292,151.37584,158.45438,113.23656,139.07713,124.7337,210.02274,188.40176,148.84915,163.20055,164.22348,137.61467,149.00545,22657.96507,149,22657.96507,152.06687966442954,23.982133683491234,210.02274,71.8627,0.6611680054516978,2
2,108.51186,107.23417,0.0,146.63164,149.96086,135.60576,119.83533,134.13824,133.03096,123.21112,109.25934,149.8656,68.47604,133.17641,133.31827,132.90941,95.20662,119.363,113.2334,132.01859,149.02348,115.43465,104.60793,154.98103,138.56833,128.39532,111.9279,161.55368,149.1104,109.8639,137.92693,87.8214,91.97221,114.15202,158.15828,122.39318,102.71355,84.13852,108.21151,151.55621,125.89729,152.37271,139.25174,97.5281,102.62054,123.17499,151.51105,142.56993,126.19532,127.66381,167.47327,91.69052,117.41714,98.68439,156.10352,108.68201,106.61121,124.92879,126.59466,130.99387,125.46808,133.12173,80.34343,148.68471,126.88208,138.22452,145.86888,109.58402,143.93907,122.29986,128.95474,136.87856,112.5541,97.15533,128.935,125.55625,132.1144,103.0408,166.05824,115.48261,108.61852,90.30301,175.09067,148.70808,125.38802,154.575,117.80595,122.15022,117.47559,160.45049,104.97079,120.20024,89.80538,146.22314,134.13466,146.89461,151.47516,116.44803,113.47911,116.72348,135.97354,135.92349,121.87933,117.02309,112.44254,72.81847,126.61796,137.04901,158.24478,128.89233,159.90303,147.85226,136.07297,146.43526,111.52789,121.12125,141.58441,98.23862,138.61427,112.56026,116.95963,126.41763,143.83797,131.25441,124.39714,110.86994,125.44643,105.61822,114.64958,148.67638,128.6378,154.52209,129.87035,155.50923,126.34553,105.05186,129.52896,151.23515,102.94045,150.39365,123.50429,135.62247,123.20531,137.25616,158.26645,116.342,117.11015,138.35048,116.10915,112.99639,18849.22848,149,18849.22848,126.50488912751679,20.187267493187363,175.09067,68.47604,0.5856019043024702,1
3,112.00338,169.35941,146.63164,0.0,177.53992,160.3942,138.23994,179.59792,130.53545,174.099,129.54669,165.11928,146.1149,154.39346,121.62627,163.75969,154.47168,151.84909,157.63927,151.5054,137.31664,81.0793,162.56458,162.29491,171.69011,203.28238,124.81676,135.09523,124.56151,129.70065,141.91653,136.62088,180.43954,105.12421,164.61061,139.55493,157.18997,127.07807,150.96373,143.60292,187.15646,157.28429,169.90965,119.95219,156.38261,176.78078,158.49446,155.72383,167.66486,137.97546,146.6393,111.6262,102.13943,151.81306,135.92142,192.7095,141.53139,196.25333,160.34935,183.71553,178.40004,148.47084,152.75787,145.16409,142.44145,140.64055,151.10674,147.69856,198.82507,135.32265,121.49909,118.21259,155.07051,159.12643,168.12357,165.13625,171.60936,129.48863,126.66932,170.54224,183.34256,160.54259,139.00684,152.12082,208.68373,158.52879,148.18411,171.6855,87.80167,157.42918,146.70525,121.93322,156.96133,174.25961,115.77994,203.02859,148.51494,164.62065,150.14673,161.75484,137.10831,150.88106,135.2986,117.27699,177.30464,151.49059,152.81407,153.69324,153.68651,154.25368,174.98517,140.9445,127.74963,151.82104,169.11594,134.55215,174.49727,152.30049,163.46982,161.26801,84.33709,129.23474,131.04355,127.44794,179.22371,183.7962,162.10767,134.4706,83.48115,115.77191,169.76564,198.27145,152.85233,159.93066,152.00862,140.2178,155.29527,154.7964,104.62867,169.86642,129.61369,182.27563,193.77126,167.15451,191.5486,121.67335,172.44899,134.25916,132.92383,134.8486,22494.86704,149,22494.86704,150.9722620134228,24.385844107966165,208.68373,81.0793,0.6580502991914379,2
4,161.76901,160.0789,149.96086,177.53992,0.0,152.1781,120.42905,125.56963,133.79337,142.92885,127.67312,175.02414,123.9008,117.03228,142.02165,152.8139,134.14282,184.38605,141.38698,117.79884,143.53195,175.83458,132.51146,150.10712,149.72633,124.78767,161.97713,124.79594,143.95667,168.66653,130.49403,156.0282,170.6731,169.29604,150.68359,163.54715,159.11539,152.17854,126.54704,163.20352,115.34186,169.08055,85.50336,174.45743,137.78375,126.10679,117.86393,108.82336,146.79858,162.89902,151.20259,154.399,127.53864,139.02039,137.44905,146.60577,121.07382,135.75546,91.93227,163.36511,171.21053,133.77921,143.64746,134.24556,163.00821,156.71835,112.36948,140.44574,161.38147,156.49852,144.49709,133.68948,150.7643,171.32155,135.99742,119.53317,134.40062,120.52549,152.17693,135.5701,146.8261,111.5685,131.72897,175.59659,153.5295,171.97893,112.41122,141.76314,156.00784,111.384,148.94768,123.30595,133.04227,111.42258,150.9295,170.34235,139.91429,139.16663,130.47346,142.80463,133.01048,92.31277,148.27661,164.04123,166.92387,133.54967,148.66469,118.49903,165.338,143.12303,118.91142,108.92088,120.06105,170.71574,178.71509,99.55398,150.79498,126.44028,124.74137,179.04103,159.46159,119.26248,107.49648,144.78029,125.40752,143.71021,173.73734,139.39574,146.05795,147.86339,135.80092,148.44052,133.21507,180.63818,132.37372,112.27312,177.38379,162.4744,125.94182,151.35223,164.15016,136.24362,131.79247,198.41161,125.66325,151.5854,159.04094,149.13322,134.15186,161.38753,21316.27781,149,21316.27781,143.06226718120806,20.91034438847472,198.41161,85.50336,0.6357599459791418,1
5,158.31442,133.32806,135.60576,160.3942,152.1781,0.0,162.27498,146.49129,155.41846,182.35995,139.94028,147.7263,123.26339,127.2598,153.48868,192.54108,126.53745,127.15656,149.88098,171.21164,163.79839,128.79794,150.90076,149.31056,182.01424,178.23085,185.8309,145.44725,120.80197,118.64981,185.41141,136.47816,181.94305,141.68646,128.19431,181.62108,183.01727,142.52046,136.49663,187.20068,189.77747,190.93211,122.78666,138.36615,165.14168,181.78296,176.38821,192.88908,150.10393,169.84262,178.5826,141.38081,135.10977,169.14313,164.2717,190.5827,158.02293,154.50624,168.26128,205.22804,158.60439,187.4496,163.16081,188.14818,159.34879,193.68655,115.5023,162.69147,170.06468,88.39668,157.68591,164.37747,188.73622,197.98534,207.51939,190.71562,201.96436,181.37717,176.58473,124.55741,189.82851,137.82349,198.04974,119.54717,161.01137,130.66046,180.13387,176.30121,163.15329,150.57317,152.90691,161.71269,121.40621,172.46135,170.78404,152.53934,146.28946,184.39896,138.0343,145.44981,119.13018,137.47165,93.14232,166.86716,198.56392,157.29625,168.56575,151.23099,166.66954,133.8367,178.86768,154.70663,181.72531,179.26347,187.40681,157.20595,142.45108,111.33409,162.76482,120.37775,160.43567,187.37537,167.1189,120.91332,163.19789,159.56302,195.00984,192.17529,169.77504,114.17932,136.01353,195.14496,159.41223,146.60991,144.82042,129.06143,192.29611,169.73463,140.9855,192.88989,137.4286,165.80571,186.46161,206.05098,193.32031,143.07877,151.87782,193.7905,136.38281,187.21599,23855.44947,149,23855.44947,160.1036877181208,25.156600823729836,207.51939,88.39668,0.6840708669506624,2
6,151.65898,122.11375,119.83533,138.23994,120.42905,162.27498,0.0,110.63364,132.4781,167.52077,122.22523,172.63618,135.14168,105.21031,105.17613,148.13419,139.62161,144.85187,143.38109,143.3143,125.33267,140.81552,142.45729,133.91042,179.76483,122.91982,148.97374,132.10239,117.11108,118.10118,128.12288,124.90317,154.71725,162.27936,131.46956,142.67163,136.25661,120.41045,154.28798,149.59341,142.01176,143.53038,128.38295,138.55432,123.66518,150.1286,161.61206,92.23975,136.88016,103.49252,176.8602,100.91013,128.03986,98.62448,128.27362,156.56319,134.06464,127.21445,149.52969,164.50504,186.60933,119.44818,111.55609,106.4487,131.5554,131.52487,116.44801,133.5778,144.04057,126.7409,92.00869,137.16702,70.15038,126.10883,140.99518,135.54794,114.66036,100.03785,115.70988,136.71982,126.57523,106.74129,133.95966,154.60986,175.2641,139.50761,95.65057,136.04404,121.62188,116.96032,121.55143,139.22215,130.95638,129.10236,136.57138,154.36992,114.96915,154.74985,158.43434,161.27283,145.02409,126.56624,147.60188,124.98779,146.87558,142.83682,153.70479,127.5397,161.43224,171.75545,158.7345,119.09639,101.06509,161.21095,148.21538,109.22562,150.56651,120.2914,121.00526,150.99254,134.29642,126.05531,134.38789,137.01981,135.25822,133.46446,139.90446,117.0517,121.36362,126.96572,137.23735,173.17317,85.30988,180.15323,125.25781,146.168,174.95639,183.20004,101.6171,92.5054,133.55095,102.56846,87.0234,180.08711,159.47874,122.94311,159.64511,149.81319,133.46654,124.201,20068.20331,149,20068.20331,134.68592825503353,21.866440751069906,186.60933,70.15038,0.6101146523017714,1
7,185.98116,159.17308,134.13824,179.59792,125.56963,146.49129,110.63364,0.0,131.83168,127.51488,122.08632,156.58646,131.45834,125.92958,161.67691,147.77391,100.20995,133.14833,141.84656,166.91798,152.09312,143.94522,151.53613,151.15802,174.67175,124.76448,153.36833,136.66013,154.52051,128.29543,163.28795,133.53221,151.16513,160.8143,138.07402,176.73721,149.17279,153.09544,129.00885,171.79543,166.91084,142.91208,109.49274,142.41113,148.22598,162.37744,163.22377,137.66035,151.13895,101.62019,161.26456,139.07542,151.58723,145.24248,146.85661,136.82831,171.59444,111.70082,135.59552,170.02113,162.13422,125.00761,166.27499,132.06087,102.26074,196.44096,123.31802,140.01721,131.48558,132.38104,116.64845,164.75154,142.17856,127.81908,173.14426,128.7366,153.84889,151.13203,129.01982,105.98956,129.92253,143.052,164.1846,163.13376,149.28276,134.86604,128.04137,106.03645,150.06259,119.81306,162.47023,155.96828,114.07877,108.74942,147.61957,128.30203,95.15972,190.5538,153.99747,155.62346,133.7542,156.15169,141.02399,152.1936,162.59296,149.63789,168.36629,153.49521,154.97441,167.75204,177.27695,136.76741,116.40367,202.28778,162.88806,125.14564,120.51741,138.27399,87.52895,142.06935,160.67683,147.58392,158.54063,144.42073,149.61427,154.33121,194.05023,147.66322,155.52829,153.92432,115.65607,175.24463,112.96549,167.14867,171.66876,136.97598,175.0751,160.50232,122.5932,118.77641,189.56863,95.27136,132.07297,179.20157,172.12476,135.65166,129.13353,168.99515,148.32721,141.45935,21651.4182,149,21651.4182,145.31153154362414,22.0684011486392,202.28778,87.52895,0.6418873743165935,1
8,119.63005,155.16357,133.03096,130.53545,133.79337,155.41846,132.4781,131.83168,0.0,151.58839,100.41946,150.55228,126.32896,152.29164,131.08244,141.57004,139.73834,120.8457,122.00837,160.8894,145.6346,129.23297,134.36435,171.36571,128.02338,181.13057,102.64995,121.15363,110.88759,148.30121,130.07106,156.93497,129.19728,137.93677,124.28703,112.71213,149.82419,152.84224,137.41959,100.80894,150.65167,148.88312,152.34444,114.3935,135.65567,137.01591,119.84596,134.61783,101.09861,134.51302,145.71773,137.04649,75.13,138.32645,149.10007,132.57971,130.54128,144.03606,104.33902,158.36423,161.69817,115.48241,123.45004,95.6106,91.05795,164.69078,139.65051,106.32524,139.47015,124.49371,99.85371,134.66721,147.7769,121.68932,162.75705,131.18616,115.49441,141.78566,121.70036,119.26669,140.94421,119.00225,109.09066,149.56163,164.80017,120.97434,122.48103,129.3627,112.77402,103.47723,153.88553,85.48712,132.47922,118.73553,131.98759,160.59598,140.6391,164.41855,100.23145,123.00202,99.92636,138.26288,120.64667,106.14642,155.52834,119.61166,160.08224,118.74268,154.57036,163.45485,142.85716,124.19588,105.80012,201.77985,171.3933,76.91973,125.44512,135.55649,121.00948,122.0583,127.045,127.27474,127.86727,65.66206,149.95218,155.49443,174.6185,121.63519,107.37999,107.96912,146.53906,145.26324,138.5499,124.08072,139.61938,92.53025,161.52376,110.76547,97.91209,133.51668,155.24742,140.27209,147.72404,163.96429,155.90855,116.24345,127.63572,141.92712,115.60712,119.49644,19683.42611,149,19683.42611,132.1035309395973,21.93295856117303,201.77985,65.66206,0.6023815311072013,1
9,155.21355,190.4534,123.21112,174.099,142.92885,182.35995,167.52077,127.51488,151.58839,0.0,136.84393,164.65262,112.33439,161.10005,192.08348,129.73427,91.07027,179.05429,135.72095,145.56755,166.04268,146.31975,140.6593,191.62387,129.00337,140.45367,114.80112,166.04837,208.2854,156.35191,143.09105,120.51953,133.67216,129.6382,210.83905,164.68611,137.13797,141.54118,88.53215,187.4769,141.81311,156.7793,142.54947,156.28163,155.8844,143.03822,144.01675,160.96916,190.45326,149.45985,129.40305,153.36673,150.12218,152.09236,167.13753,116.20367,145.55901,164.84074,98.81636,153.53468,127.71407,124.40956,168.91068,171.49556,137.12891,178.86896,175.48344,142.76256,183.04631,189.6783,164.05579,153.15742,175.3181,121.41334,128.50449,94.40269,169.12566,122.57293,173.23695,144.98225,145.62495,157.57727,177.29727,207.51926,153.08276,206.63792,126.19193,105.69855,141.28247,174.71506,163.80183,128.8266,130.27203,143.80728,133.2328,178.31142,162.37083,148.12816,132.06618,138.78073,163.72572,162.61578,158.46289,162.43355,150.04353,110.15652,139.94461,156.61705,167.08723,152.18253,169.86383,158.7303,125.0185,181.92543,145.16048,139.51628,164.33803,158.76152,113.65992,188.01634,133.68346,104.16126,150.87804,178.26164,152.05199,177.38161,187.21022,108.64368,137.90535,200.32639,141.26582,161.14308,159.35716,187.24649,186.94019,109.47929,137.93858,141.46814,130.58841,184.82965,200.12418,159.20016,179.65359,160.70889,165.47514,150.33125,135.19495,114.31564,150.32159,138.13969,22646.07575,149,22646.07575,151.9870855704698,25.166053048274144,210.83905,88.53215,0.6608635167701739,2
10,107.9062,151.44914,109.25934,129.54669,127.67312,139.94028,122.22523,122.08632,100.41946,136.84393,0.0,132.85609,82.29297,155.82076,119.86235,106.21384,105.19431,128.78937,107.18822,124.3873,120.202,113.75829,125.99426,159.16116,155.75755,156.16435,83.55917,155.08757,116.71735,143.24585,150.51547,147.07545,128.66408,97.65712,126.52767,134.19194,98.81952,111.63978,117.82213,102.55247,156.04274,140.69473,113.86919,91.93127,134.04709,150.5314,139.46761,122.70987,119.83002,132.80542,138.72034,110.05156,94.1508,119.08041,104.29762,119.71531,105.19606,158.37248,102.13535,128.40227,121.91297,97.13211,121.56988,104.52695,89.79647,169.24435,144.35251,94.111,162.32346,112.04782,100.32271,149.1998,142.05193,127.27979,133.33804,116.64612,125.63582,115.50594,115.53765,116.78024,133.83737,113.8056,116.0502,137.89087,110.58122,114.42481,104.17121,121.05109,115.40604,141.01155,163.22018,125.77679,111.35271,113.29144,121.02393,188.5287,98.1639,161.58755,135.07083,117.94005,108.95497,146.49272,122.57044,107.41008,131.83556,111.99049,158.09627,140.32681,132.43037,112.06249,135.00803,125.18929,128.20917,166.33052,140.02396,65.97515,123.83022,108.57459,131.0728,119.17248,98.33248,124.59164,125.90332,90.82034,113.08434,148.32115,174.27553,132.35544,101.83744,130.71478,115.39799,149.60722,119.00034,122.50289,126.91359,99.11375,134.22643,135.15292,88.7108,129.3652,143.24249,135.97772,131.43927,135.55148,138.83246,81.82783,122.4925,129.20529,146.80656,91.00048,18572.78132,149,18572.78132,124.6495390604027,20.649785009480205,188.5287,65.97515,0.5798761426061803,1
11,135.95331,163.42537,149.8656,165.11928,175.02414,147.7263,172.63618,156.58646,150.55228,164.65262,132.85609,0.0,114.65298,128.6665,133.8974,139.28856,143.14647,126.52422,85.71973,192.85182,96.10477,144.96722,160.54546,134.24438,147.63878,157.86034,149.01401,173.18814,145.90834,158.12984,147.91504,140.79919,158.77721,115.63773,160.79675,158.36334,149.09839,107.21544,147.30446,129.27545,161.29376,161.76218,140.79892,154.10034,198.26558,162.93665,179.67523,194.97217,147.88966,182.24847,147.93143,182.13303,129.87828,131.77223,114.72954,169.65125,136.56955,169.79944,161.00072,172.98036,118.69188,141.60309,172.68541,166.75534,120.42596,175.98422,148.15349,144.35109,139.23376,146.28452,148.90309,172.28008,168.29065,157.92477,156.64307,168.84642,183.47763,168.61215,118.50179,155.45346,207.245,158.02274,153.80351,106.01215,123.96503,144.77362,146.54771,119.48807,112.66708,154.56342,149.49252,170.1917,102.55254,131.15314,148.283,166.55406,136.51038,180.61493,142.13202,122.83376,159.26758,142.50262,108.36811,142.94933,140.26682,141.55182,168.43391,154.25153,89.19878,172.1683,166.42798,140.12125,168.48338,157.20656,152.61267,158.64856,92.05934,111.85121,131.95189,153.73683,144.45148,149.74498,179.23747,146.66064,144.78703,189.8954,184.56757,191.10013,177.67943,160.13397,138.18993,131.27136,148.85776,101.35532,117.05042,120.84637,161.57602,110.19033,156.72934,165.30392,125.98182,119.71819,169.17641,159.71683,125.92087,88.77983,111.52272,160.39301,157.77696,147.45523,22050.95584,149,22050.95584,147.9929922147651,23.75828168541489,207.245,85.71973,0.6493304394780492,2
12,98.34483,136.89766,68.47604,146.1149,123.9008,123.26339,135.14168,131.45834,126.32896,112.33439,82.29297,114.65298,0.0,125.95034,120.84634,117.95354,85.65278,131.24529,94.32266,110.27029,120.11763,117.46356,108.16146,135.31874,123.39605,123.12285,102.63473,152.70497,139.71364,136.53195,134.42836,111.8427,111.27116,89.19775,152.34384,130.15755,98.01273,75.19067,89.4778,123.84101,113.12228,147.28088,97.33896,109.41709,112.92634,105.00863,122.93976,141.07594,117.73556,138.93977,136.76073,116.19579,107.69284,101.20112,121.1758,101.69964,81.54256,128.39484,95.60638,102.82391,92.42488,124.27831,104.78644,142.78801,119.28358,146.71312,125.48743,92.43998,134.34105,119.94686,128.34526,126.6377,132.1194,116.63954,106.26042,109.1338,139.86633,101.75297,143.53143,115.20212,122.30509,95.72886,145.64029,128.34023,82.29382,149.58815,108.47616,112.98248,105.0029,146.33537,114.82188,113.30566,64.05241,109.74029,115.13221,159.24692,129.67276,108.66458,101.03448,94.61543,118.91119,111.98746,102.34104,120.20871,104.01721,64.36855,112.02534,136.96634,117.65679,91.51732,136.33691,125.48385,138.62111,127.69052,124.66055,101.02234,106.94632,89.82701,126.07196,116.06937,113.73906,105.96271,120.13654,120.92492,106.99176,122.96911,143.78142,126.74828,120.60405,144.95663,110.36481,134.85661,127.96204,117.65294,107.41514,77.9223,109.49769,114.85844,102.15817,150.86469,117.77601,129.08136,131.66629,114.82574,112.27776,95.08897,95.4296,135.03981,117.59518,113.98819,17404.08086,149,17404.08086,116.80591181208055,18.5437634211975,159.24692,64.05241,0.5555505700904669,1
13,158.39934,124.54182,133.17641,154.39346,117.03228,127.2598,105.21031,125.92958,152.29164,161.10005,155.82076,128.6665,125.95034,0.0,116.38096,166.48621,135.02112,140.9597,123.24853,154.10454,110.51385,149.9064,137.2934,94.65703,145.54977,102.15723,175.99324,121.88756,125.65864,122.19151,116.06276,101.51018,171.83754,157.10803,145.53386,148.50578,164.70787,110.61279,132.56206,168.108,121.0327,164.57439,109.63088,168.83589,155.40485,128.4809,158.19019,151.71283,144.28525,142.25143,153.50844,144.70825,133.56477,118.16766,125.90466,169.62473,136.65756,112.2836,152.86275,183.11131,166.57016,153.93166,141.21803,152.56395,154.94704,126.26885,75.36807,149.00906,121.44614,130.10178,140.26721,123.47017,113.98224,156.54912,148.1516,154.63246,158.1243,132.28497,131.49574,137.77516,170.94778,125.72487,153.38512,124.88139,166.74742,157.06635,129.12112,128.57964,116.66523,115.34282,82.99726,144.65956,101.6012,126.19728,139.05455,114.42837,133.36563,142.35138,127.30509,138.29567,145.38837,77.9956,106.91806,155.6857,155.0444,136.26044,135.65685,124.40223,127.30042,168.76196,149.51125,101.12042,130.13362,133.33652,164.42534,146.51071,120.47147,102.31369,111.90814,160.09329,149.82742,126.75828,136.58295,153.69121,136.99193,147.86487,144.64548,153.07462,161.23956,131.73473,142.48358,152.3035,113.45416,163.509,110.16544,132.5625,175.26537,151.37794,130.80858,136.51588,109.80182,94.06382,132.70251,188.82347,134.67787,128.114,134.81747,161.03041,104.15738,165.98648,20448.27004,149,20448.27004,137.23671167785233,21.438400796533255,188.82347,75.36807,0.6177781435874178,1
14,124.13793,122.47849,133.31827,121.62627,142.02165,153.48868,105.17613,161.67691,131.08244,192.08348,119.86235,133.8974,120.84634,116.38096,0.0,147.36296,153.0388,132.78561,124.73923,142.50917,116.35873,129.60451,141.98557,89.54696,166.75356,156.30659,150.47639,123.28352,86.61669,152.82239,130.44623,138.99767,163.03255,126.46539,114.37553,142.43437,127.14709,100.29189,163.00249,92.58222,137.47504,144.62918,125.95007,128.10292,128.86427,136.41238,151.14842,114.67842,106.89431,154.44843,177.33597,141.88237,97.35863,109.01775,103.39731,172.82489,114.34887,141.18552,147.55328,139.24532,163.07944,127.70465,126.36327,113.64706,145.00453,113.61914,110.75822,124.83944,141.73056,117.61281,101.77348,109.61861,103.76087,148.36917,146.70972,166.5836,129.38245,127.33002,106.17158,146.45125,160.5773,115.46204,129.73674,91.63237,153.59869,128.03763,129.48085,150.80194,102.58632,113.25618,113.81012,140.38591,109.42744,122.13504,149.43062,163.06401,123.26254,137.57901,140.00349,142.66293,124.49131,94.70291,140.36479,102.50751,128.29224,134.45372,152.87462,141.85754,119.54193,148.15544,151.35217,120.04981,120.62854,123.22924,134.85645,126.77982,127.90027,100.40607,160.76114,130.29448,136.22664,135.70929,124.34664,124.00928,155.05215,122.80833,107.08572,162.45633,116.64874,103.85154,140.19984,144.2901,142.60017,137.01997,70.04746,129.8912,142.30133,145.5145,135.11948,126.75891,79.55919,131.7339,129.45697,148.10928,128.30743,105.83687,153.8669,164.46916,134.31273,129.98401,19542.31186,149,19542.31186,131.15645543624163,20.42862519483507,192.08348,70.04746,0.5996834507684761,1
15,131.90733,156.08202,132.90941,163.75969,152.8139,192.54108,148.13419,147.77391,141.57004,129.73427,106.21384,139.28856,117.95354,166.48621,147.36296,0.0,145.15332,151.5815,112.94057,154.69177,124.85162,141.11957,119.90354,162.11052,154.30313,154.08836,111.42989,188.36244,163.17479,157.04587,111.70623,134.55229,96.57111,110.60334,157.95114,154.15411,62.91632,132.44749,132.76183,137.39456,162.71552,102.2042,156.07405,117.9701,163.10709,156.18488,149.58798,122.85711,141.26537,169.32095,127.9005,143.20067,114.37646,123.49213,138.1636,118.09255,124.05862,181.49998,119.09673,152.07979,160.73547,111.0463,151.75427,123.66606,135.40489,179.39081,186.9977,158.68872,172.8826,160.13661,145.16345,166.8353,149.25146,138.00587,133.71799,100.59531,117.94489,131.95128,142.46973,172.0708,151.10257,150.36505,144.332,168.08037,117.19049,149.03818,115.73288,98.91833,130.56711,169.40622,160.58884,149.0928,129.90103,140.30528,129.69414,206.06128,152.14514,156.67805,163.8485,158.90698,173.11737,163.89351,171.98813,105.10358,84.69439,113.81352,167.91966,152.69102,151.03679,148.03133,126.36861,126.10487,132.18352,148.51875,114.85806,126.66669,159.38095,115.6315,146.12431,182.90717,128.74532,127.40744,157.99652,168.30048,103.83057,149.42154,153.17928,140.10745,130.37515,165.81158,155.02701,141.45264,136.70905,170.34647,144.04922,127.28205,156.14542,151.82181,124.82999,139.60503,170.21086,127.92228,130.02478,163.79312,150.8343,136.31181,131.91293,92.32456,155.66037,57.75212,21110.48417,149,21110.48417,141.6811018120805,23.767307713424504,206.06128,57.75212,0.6304779331749896,1
16,153.95854,150.54079,95.20662,154.47168,134.14282,126.53745,139.62161,100.20995,139.73834,91.07027,105.19431,143.14647,85.65278,135.02112,153.0388,145.15332,0.0,128.21524,111.50587,121.44299,161.42931,121.70152,116.30009,153.20625,135.55795,119.68221,118.44939,142.96638,161.87897,137.06328,167.76811,105.89486,147.09955,111.55709,161.32292,149.59421,126.01327,111.23998,71.82671,165.41632,139.69365,169.58507,105.64146,125.7954,138.08647,139.05812,162.81883,154.22508,158.98784,129.5537,145.38931,132.0565,132.55917,148.51508,129.64223,119.03115,145.83783,123.63893,106.92134,144.65083,85.95725,118.4711,150.33902,147.53796,119.4314,159.39215,131.61581,102.30569,166.73238,136.09367,141.19073,132.44376,150.78123,119.5076,149.6711,137.85258,158.37265,131.06693,156.29111,74.50921,139.45465,137.99338,177.5688,152.19945,128.31784,159.17122,139.28107,102.16518,134.16869,156.95253,150.86292,143.76569,86.3008,124.66172,148.52367,133.64699,105.83839,160.20967,112.59866,100.51199,105.28994,140.91911,121.55493,155.40771,153.05405,107.23227,156.85352,160.9373,135.28529,121.27294,162.38556,144.50308,122.3655,167.7917,133.06302,127.0457,128.61969,119.53436,127.20945,123.46881,116.36384,131.60669,131.31653,138.20799,149.44528,146.69873,170.43123,135.54007,122.48107,166.23367,117.98184,147.36926,153.0715,163.80009,160.43916,108.27215,108.10365,134.82976,125.00848,157.80045,162.97876,143.42426,165.36539,136.98067,157.02228,113.75682,114.28796,149.33505,138.74129,143.7106,20139.68042,149,20139.68042,135.16564040268457,21.265370759228286,177.5688,71.82671,0.6116463875341419,1
17,157.08632,111.48392,119.363,151.84909,184.38605,127.15656,144.85187,133.14833,120.8457,179.05429,128.78937,126.52422,131.24529,140.9597,132.78561,151.5815,128.21524,0.0,109.66137,182.43257,160.43193,121.52515,118.8606,140.78339,152.24208,165.91782,144.3844,162.68031,107.68742,127.04585,167.11636,124.34448,136.40738,131.43936,99.09007,131.24333,138.37372,136.32491,137.50284,141.78375,181.15271,165.34032,166.93762,99.2937,166.38614,163.7802,190.9752,177.21265,104.47551,146.64827,167.5136,140.61006,114.20242,156.76576,149.57529,148.05057,171.83005,128.92206,163.5432,188.29822,150.6674,154.04312,145.3419,128.5446,117.74409,175.70563,143.49512,135.20566,139.18816,84.3968,139.00789,157.04695,141.93059,137.55472,203.16705,184.24876,144.52858,183.09061,150.07365,104.88381,168.5403,153.242,180.44615,93.49677,149.98106,80.84475,173.59343,119.04881,131.79074,154.29535,144.29843,165.55751,102.42448,150.77188,166.61917,119.37989,129.65665,196.62553,128.80844,126.96337,113.47285,160.72758,113.0442,128.72029,149.14197,132.66179,195.49507,169.0594,138.45483,168.25066,164.60031,138.01701,149.76978,183.7598,153.41841,149.53546,116.98625,101.77872,159.07146,84.78805,138.70108,180.33716,168.42311,114.9577,157.0343,143.47398,161.61749,175.75687,146.13219,119.72214,164.86842,153.60445,155.75217,143.6911,147.3519,142.7144,160.14027,137.75201,137.32661,129.93063,138.65599,125.72738,156.32426,164.99832,184.90454,119.94638,104.23308,177.83974,125.77642,137.07826,21539.89474,149,21539.89474,144.5630519463087,24.665668422113487,203.16705,80.84475,0.6387378861777293,1
18,121.14901,125.50093,113.2334,157.63927,141.38698,149.88098,143.38109,141.84656,122.00837,135.72095,107.18822,85.71973,94.32266,123.24853,124.73923,112.94057,111.50587,109.66137,0.0,152.52451,115.96401,150.5498,97.58479,146.65829,98.90836,118.42786,109.90661,167.77742,133.54568,153.80028,126.27261,120.12041,127.64089,117.41911,146.2841,100.56312,116.41491,94.0149,107.98647,122.07286,114.45159,169.93774,139.4294,138.46843,175.17944,129.25943,171.77603,161.7903,126.36864,173.57109,135.11098,158.16193,97.11407,117.36058,104.3588,120.77775,113.26713,143.84088,117.02816,161.89008,93.87529,103.84084,126.05775,124.37929,117.54807,131.30325,148.54471,104.45364,150.29048,141.81522,146.19016,148.86578,134.33278,125.64737,129.95601,147.31905,122.19051,136.71843,136.56294,111.22702,177.60954,127.20674,140.78468,124.38241,112.99562,139.25926,122.46265,76.30227,112.45911,154.2466,137.3214,147.35857,93.28019,121.67155,151.61011,146.70514,129.67458,159.56256,102.60406,68.11217,132.27489,125.97662,109.07672,137.27837,121.7897,96.28811,175.34555,131.41315,110.49854,160.33464,114.83564,116.51964,135.10725,154.05806,126.98083,122.89359,112.05061,78.03924,130.77226,140.61888,107.51488,128.59789,145.71724,126.74915,107.92983,159.57877,154.24492,148.16843,141.16541,158.18425,144.92845,69.14275,141.89972,141.92632,107.41606,99.82288,134.65163,112.60905,134.50281,137.76286,118.92897,112.43736,135.71642,153.15242,110.37296,80.5453,95.46992,123.09789,134.81625,124.99306,19065.5771,149,19065.5771,127.95689328859062,22.151412554965727,177.60954,68.11217,0.589388224081279,1
19,157.9863,177.66818,132.01859,151.5054,117.79884,171.21164,143.3143,166.91798,160.8894,145.56755,124.3873,192.85182,110.27029,154.10454,142.50917,154.69177,121.44299,182.43257,152.52451,0.0,167.93924,157.55573,110.35031,152.61986,142.57095,137.55779,132.96695,165.22443,157.69283,187.27719,161.0112,153.38069,178.40318,138.87128,174.47226,143.66136,128.83603,135.74211,97.8531,161.78293,130.09047,189.2178,121.68691,156.07306,125.57281,110.00652,136.46037,128.85289,155.46642,153.77567,134.94987,130.53955,139.65993,164.797,127.95756,125.43743,135.10707,149.86607,98.24217,134.83383,152.17572,159.45644,138.39919,135.45535,184.21289,141.3674,135.91815,120.71574,193.29308,154.04042,172.8398,99.02203,142.53479,161.32014,133.44395,135.2597,135.91922,113.41631,178.11906,142.74089,133.27513,151.89049,151.92453,172.38277,154.64632,188.3342,150.36018,149.38496,140.6171,178.8557,145.12506,136.8261,126.10207,134.31259,138.33952,193.81201,144.95976,128.744,132.55249,134.26248,122.32919,123.84388,156.24048,170.86537,150.4955,105.69515,153.39859,186.29315,148.23769,91.11882,118.93784,116.13449,139.37201,128.16013,177.22217,113.90646,167.25813,139.91319,177.83269,166.99814,124.2144,117.4966,59.31794,163.40514,139.78421,137.80891,153.52281,137.01883,111.68601,168.93604,181.1377,168.81483,166.95801,195.5146,159.79684,145.35332,111.38688,157.89825,122.19678,156.29494,159.33467,175.72246,166.85966,141.49686,140.5434,155.32845,146.65927,156.00735,127.81509,153.72163,21767.09864,149,21767.09864,146.08791033557048,23.221174148823724,195.5146,59.31794,0.6439414959769122,2
20,116.89651,165.24123,149.02348,137.31664,143.53195,163.79839,125.33267,152.09312,145.6346,166.04268,120.202,96.10477,120.11763,110.51385,116.35873,124.85162,161.42931,160.43193,115.96401,167.93924,0.0,142.34731,164.23859,134.00084,164.64922,146.62646,140.79807,165.49458,130.4234,141.51743,108.76697,142.11565,160.80736,129.94052,162.33128,149.02699,141.99435,100.45477,154.88373,127.48215,151.88269,139.39651,129.9258,157.22881,178.80611,157.50583,153.71306,154.07782,150.55145,153.82411,133.28366,143.33374,124.77552,92.07479,97.6953,170.4558,103.78696,178.5596,155.46727,167.91321,164.26521,133.00911,144.73099,145.42162,126.50932,156.5825,136.11015,148.88422,143.49831,145.71469,123.4109,161.43149,133.9209,156.17506,114.70673,129.68584,160.77876,117.71379,86.30317,179.3354,185.12062,136.29153,99.58829,137.35947,149.29794,152.16505,93.76601,133.55807,89.17265,139.63365,131.09639,145.66214,128.75378,126.57267,99.82358,196.46271,132.95468,156.36388,161.65324,151.73569,173.25693,128.02919,119.14835,127.15434,133.99019,143.47949,137.81923,126.79102,112.01975,167.78244,146.35803,108.47861,150.11003,133.37447,162.71686,124.3207,122.89394,118.46745,109.54198,180.23935,125.68774,109.12116,154.14223,146.89005,109.91257,186.16145,174.96165,153.60515,157.52634,144.16617,139.58653,159.8643,85.58777,125.68562,102.19048,129.45413,179.76537,145.04448,113.94061,136.36909,114.47431,103.89779,130.72745,173.1461,116.73222,91.77103,138.34352,128.54134,145.70157,122.71613,20687.88897,149,20687.88897,138.84489241610737,23.130852172970997,196.46271,85.58777,0.6224344017291408,1
21,116.48016,150.84181,115.43465,81.0793,175.83458,128.79794,140.81552,143.94522,129.23297,146.31975,113.75829,144.96722,117.46356,149.9064,129.60451,141.11957,121.70152,121.52515,150.5498,157.55573,142.34731,0.0,152.78497,145.04987,175.81342,191.85896,125.69398,129.98221,133.33846,93.43182,147.39989,106.3455,141.916,71.08414,145.78596,163.60698,129.21805,118.61376,133.37677,148.04845,191.86044,115.86557,147.1494,70.45189,130.17067,173.20905,145.95018,151.08099,150.40392,118.20256,149.26512,97.24648,106.62356,142.20291,149.83871,170.76469,143.03838,172.12534,151.58717,161.31372,159.23657,144.32166,156.10338,154.46092,117.91161,172.78847,144.86748,149.63191,170.83299,107.25867,106.92247,129.60196,159.08368,141.6682,175.04431,146.61055,176.95613,138.94711,130.66362,150.94962,152.73946,147.76753,167.59732,133.97325,170.11357,133.80295,147.63184,153.0071,100.77668,146.57971,139.36555,123.50358,122.43659,161.78741,112.75573,178.33476,135.81241,157.5455,146.52277,162.03529,128.87558,154.76131,128.55194,91.31378,151.54861,135.58014,133.06812,153.84671,149.1003,125.03033,186.99164,149.9818,128.54944,150.9422,136.88354,139.43092,151.41495,133.62622,146.78639,128.84258,110.10812,139.88739,149.01759,127.19771,171.50439,151.41632,155.41971,140.23825,95.08498,108.19559,130.57362,198.64577,145.30026,136.31964,152.28307,120.76264,145.10797,144.66196,101.81588,168.70963,142.25996,162.85089,181.49428,150.1846,195.81348,122.64133,147.48337,141.16309,128.76501,112.96902,21021.93323,149,21021.93323,141.08680020134227,23.220004023778085,198.64577,70.45189,0.6288430922236693,1
22,146.56178,111.78989,104.60793,162.56458,132.51146,150.90076,142.45729,151.53613,134.36435,140.6593,125.99426,160.54546,108.16146,137.2934,141.98557,119.90354,116.30009,118.8606,97.58479,110.35031,164.23859,152.78497,0.0,149.8576,101.04617,123.30743,126.81021,172.50322,135.87674,155.83562,131.56766,114.59259,122.94553,132.90808,135.81412,103.23398,106.55318,130.59178,82.71329,158.14705,125.83572,174.8851,151.46912,127.62627,147.02872,112.32472,158.61275,142.35129,115.8789,169.59125,130.45459,132.73726,103.34769,151.41875,143.66138,98.24841,136.18544,130.00809,104.065,170.63062,142.76749,146.76428,116.08453,118.73157,165.16264,136.94914,150.82922,129.63199,170.53371,129.46213,173.32837,124.74292,132.81218,144.9599,157.51172,144.16327,95.32819,142.43524,183.19157,114.22957,145.66331,137.16879,168.03879,145.7005,133.07707,145.20073,153.30342,101.73971,141.04086,172.55989,127.58962,140.45209,105.53302,146.11372,156.63557,149.65569,155.22905,144.54846,101.733,104.52715,121.21088,127.63652,136.05855,148.17375,124.1759,76.22944,177.9599,156.82112,152.26883,130.58418,83.38103,102.88344,134.76891,143.03706,145.18816,125.61277,154.17966,84.08295,168.18269,144.55632,119.50267,142.72441,115.45863,146.54904,106.94614,114.43938,129.72272,137.08443,123.13123,149.5293,181.79503,116.85857,160.41254,189.48712,140.73616,126.69498,135.90097,144.13451,124.96006,139.22926,143.1424,141.29794,140.56773,167.77188,151.36267,145.93721,108.10569,131.35567,100.97527,130.63513,20181.1927,149,20181.1927,135.44424630872484,22.142692898500307,189.48712,76.22944,0.6123707457911168,1
23,177.14188,143.55823,154.98103,162.29491,150.10712,149.31056,133.91042,151.15802,171.36571,191.62387,159.16116,134.24438,135.31874,94.65703,89.54696,162.11052,153.20625,140.78339,146.65829,152.61986,134.00084,145.04987,149.8576,0.0,175.20952,139.63969,189.84364,132.58157,123.70885,160.51411,147.19835,131.61607,182.7813,143.69992,126.66724,181.58348,145.14427,126.7914,156.23607,147.59196,154.53412,147.40576,112.60986,156.5748,148.40343,136.56659,160.21426,144.42448,129.03842,158.11426,169.28853,165.71272,143.41885,146.76859,122.01319,179.91978,159.58673,120.75575,164.26007,158.80988,176.94229,169.36383,172.96227,148.48007,173.90189,153.53391,89.70634,162.63966,126.53281,124.03833,146.73938,114.53126,127.83954,173.05199,175.1297,176.46373,165.58453,163.28819,131.92535,157.91347,170.21854,158.14383,169.12743,86.54701,151.97758,144.36555,166.02617,147.3194,128.8804,127.81657,107.17953,171.25237,92.18466,120.77635,156.97209,139.19402,127.84892,152.0755,155.26944,165.54448,141.38632,96.95672,147.83557,144.64525,135.07649,149.41866,154.2854,178.30072,105.90222,147.21494,164.46255,114.53624,142.48759,109.89684,157.9639,167.17838,117.87833,112.99346,163.68745,150.74835,173.4866,154.91376,137.22644,172.13577,167.46706,123.03622,124.62206,194.5695,161.42134,128.33054,156.85921,166.12862,156.88264,157.66824,116.8315,157.70084,153.6312,148.99336,160.17357,137.48228,121.76865,119.73744,152.88756,161.38269,140.94763,147.36533,143.15654,192.74785,129.72353,161.68521,21965.00109,149,21965.00109,147.41611469798656,21.983587968619794,194.5695,86.54701,0.6478034265483855,1
