Vértices,0,1,2,3,4,5,6,7,8,9,10,11,12,13,14,15,16,17,18,19,20,21,22,23,24,25,26,27,28,29,30,31,32,33,34,35,36,37,38,39,40,41,42,43,44,45,46,47,48,49,50,51,52,53,54,55,56,57,58,59,60,61,62,63,64,65,66,67,68,69,70,71,72,73,74,75,76,77,78,79,80,81,82,83,84,85,86,87,88,89,90,91,92,93,94,95,96,97,98,99,Grau (Ponderado),Número de Vizinhos,Soma dos Pesos das Arestas,Peso Médio das Arestas,Desvio Padrão dos Pesos,Peso Máximo das Arestas,Peso Mínimo das Arestas,Densidade Local,Conjuntos
0,0.0,202.22343,207.67677,207.03772,160.80161,189.50417,206.66246,172.25597,157.65746,222.85161,198.13545,147.6021,171.20326,176.82762,189.45691,161.38162,155.50461,199.8481,174.33441,148.94606,158.12105,222.82578,186.73695,187.43933,201.3501,201.71062,207.14001,190.97719,167.09227,177.51393,149.35419,203.937,181.22066,182.43256,158.87598,186.87434,159.59178,163.17189,163.69595,178.48363,210.76947,179.65944,188.95747,183.9232,178.42635,185.56554,170.53142,187.2999,191.39299,191.45692,170.11201,168.16716,198.60527,155.42119,175.56107,197.61482,152.36444,183.37988,114.42865,150.09505,143.94014,228.46466,206.75327,184.86212,208.58636,169.07082,204.09964,188.55032,175.35394,174.73656,203.57092,232.23096,146.00894,189.84531,193.17551,155.256,148.61626,169.80481,181.10149,189.13579,187.2543,186.86951,176.10843,186.02089,202.14627,139.42261,164.24937,165.9937,203.27974,168.24643,204.56145,220.69618,194.11627,177.28677,183.34801,178.78159,196.47899,205.6445,185.41972,192.69713,18023.97447,99,18023.97447,182.0603481818182,21.292001142658208,232.23096,114.42865,0.6811030307445194,1
1,202.22343,0.0,186.59583,181.12465,213.27278,203.13928,138.87321,193.37056,133.90701,137.43704,160.55135,190.01317,161.48802,155.87817,162.67523,136.77852,176.49715,175.26279,200.88547,183.81871,182.24232,217.55211,121.98983,181.5975,165.93634,139.0141,184.18466,145.11633,224.82872,192.99873,207.03084,167.9339,196.62009,182.91963,192.10841,167.15172,172.20285,186.61948,197.85329,148.24701,144.01981,213.52962,157.74712,157.85036,186.6463,209.7513,157.71661,184.34453,170.63802,222.32651,119.28316,153.18489,170.12964,198.7876,183.66539,181.20044,234.38687,191.93855,197.92282,192.36394,167.98463,169.99355,182.78485,167.0847,200.86258,168.19925,150.52628,160.46149,87.04281,228.27971,141.32265,163.19127,201.92523,188.96542,178.80495,163.80563,176.72908,201.44643,154.04091,150.82468,179.60887,146.45248,165.46379,165.18094,182.01125,177.53038,183.95554,154.16302,180.20567,176.01385,197.66974,204.36143,163.59747,201.40701,140.05859,156.81526,156.74609,137.6263,214.95816,147.83372,17331.30937,99,17331.30937,175.063731010101,25.86354307562227,234.38687,87.04281,0.6626729494245561,1
2,207.67677,186.59583,0.0,184.18344,156.14452,204.62682,192.34453,188.58395,163.59714,128.25827,166.07715,218.80707,136.08031,166.68913,166.62468,169.41745,174.59618,174.80391,187.74464,188.73593,198.9099,173.21761,189.43767,148.98611,190.21468,207.91364,128.19489,167.25055,208.87033,160.06775,167.92093,150.9903,154.65073,177.59109,174.33147,175.58925,155.97122,203.40375,167.65732,199.6386,181.20433,164.61855,197.9214,145.64575,202.908,172.4946,175.61916,170.57436,181.39345,159.42813,181.20155,169.98991,183.47665,165.03769,167.24141,173.89095,195.12309,197.35339,203.99637,207.0108,214.02885,174.55391,176.14563,163.96837,221.14481,187.54013,100.8534,192.70798,197.8911,241.91013,157.60176,226.47864,196.32664,136.15028,200.38722,172.42744,172.11137,178.49954,160.07782,200.10214,184.60167,210.71593,200.75874,193.01471,177.8483,155.67729,225.87633,180.64809,193.97455,192.6002,175.74286,158.69907,180.93579,196.93936,199.11136,184.14447,171.17642,188.10597,179.37845,158.63329,17838.01506,99,17838.01506,180.1819703030303,22.65103045075016,241.91013,100.8534,0.6763336934749922,1
3,207.03772,181.12465,184.18344,0.0,161.33351,208.04953,214.67361,208.09709,156.46043,127.37673,159.57126,176.0845,156.22527,187.68126,183.21866,180.49004,205.25209,174.12633,174.84468,186.43912,153.41719,157.83769,150.26854,135.90439,186.51042,155.09454,175.51537,191.46901,205.53954,172.00661,161.25702,180.47253,192.86108,143.74623,158.82339,199.41846,140.19749,194.43318,177.78441,188.22151,159.16022,165.84813,134.69626,178.21657,138.55394,143.7888,184.39871,158.99997,140.88014,168.10551,157.67215,169.47813,156.05029,171.95023,127.56646,134.8201,191.26894,152.86365,199.72404,165.81833,195.48058,159.80432,143.767,173.63156,165.22179,148.73784,174.05237,183.42561,176.76439,155.70821,161.55464,156.91051,172.61705,169.19273,164.07555,183.70699,221.61014,180.45747,104.44816,182.3873,164.62019,167.67914,175.70764,192.81929,140.4025,170.01276,157.10938,132.35628,129.54239,162.45502,190.42162,97.2794,183.23007,173.46404,154.86362,182.08072,158.34395,172.07466,149.64706,175.63831,16656.21134,99,16656.21134,168.24455898989896,22.551718237450256,221.61014,97.2794,0.6461291284136695,1
4,160.80161,213.27278,156.14452,161.33351,0.0,185.22409,181.41431,181.00208,181.90463,172.79681,182.2937,191.07719,144.94131,194.38307,203.91887,161.15698,180.72975,210.60593,200.53256,206.61409,142.02963,157.53812,184.21143,165.17175,213.7581,215.6819,145.54712,202.51424,173.68011,151.24161,147.19601,167.65469,132.74606,131.16928,156.35368,175.10295,164.68379,221.70844,144.32141,206.15346,191.30971,158.73848,158.99136,157.46799,172.5005,152.4079,161.38742,167.49327,199.35492,167.44331,174.1451,169.04718,211.61064,144.67848,151.77983,157.61017,164.54233,172.16328,175.39258,175.58713,151.45073,182.58223,141.14488,189.68182,179.80504,160.18402,169.28249,183.00375,204.94475,167.31726,185.47095,204.72813,138.99698,144.04008,178.18526,167.30122,198.6189,149.69675,152.56712,192.15936,184.67494,214.35239,152.13879,200.27315,149.7471,110.10204,159.9072,127.74812,187.68463,127.77573,164.38448,161.85938,162.65723,169.40921,180.79053,180.91953,135.40915,187.88219,157.57544,174.51259,16983.22869,99,16983.22869,171.54776454545456,22.974702077713555,221.70844,110.10204,0.6545688719770963,1
5,189.50417,203.13928,204.62682,208.04953,185.22409,0.0,181.34158,162.28741,189.0546,206.72716,193.93233,207.21367,157.52885,218.05722,221.42142,211.50664,197.26341,218.52686,180.79916,183.72461,191.1138,205.74478,175.64316,199.16737,204.14334,185.28406,168.6073,160.3636,158.90211,186.66615,164.5721,201.08022,157.25197,209.86331,174.62833,185.00793,189.2943,205.67514,177.95999,190.6667,236.32761,209.70541,177.06374,174.81651,189.99519,204.07309,178.2308,231.37457,204.94469,198.5919,182.99501,199.36032,193.23367,144.72139,209.18155,138.79752,161.10989,178.41022,201.99025,211.77789,196.49069,192.53903,198.90851,186.89644,210.21294,191.60765,193.29036,172.77541,214.14552,215.22209,157.82629,263.1698,209.99123,215.65897,210.02858,185.87024,215.67386,207.03038,188.00499,168.28944,180.19183,158.41406,161.87439,202.20454,187.75792,196.38278,187.33176,172.61325,188.16399,224.18456,129.57938,186.50624,182.89662,204.60606,215.83839,189.99522,165.85138,179.9541,194.59286,183.42244,18924.25988,99,18924.25988,191.1541402020202,21.226680940173505,263.1698,129.57938,0.7036435531793211,1
6,206.66246,138.87321,192.34453,214.67361,181.41431,181.34158,0.0,190.56764,171.66966,154.39069,197.84352,222.21936,180.7682,192.642,197.39494,164.14203,214.21786,207.17937,244.03391,223.99294,181.21924,230.93575,162.31792,214.46356,198.98311,196.27974,167.04564,179.7491,188.4133,182.77077,229.11952,221.4381,167.56459,173.48418,194.6882,146.25667,171.11673,219.89638,207.71182,191.22763,194.32474,240.11324,171.36295,127.43664,200.64377,221.90245,159.25531,191.36154,224.80272,227.29027,150.89505,193.20866,201.34662,175.88495,207.62025,179.2403,237.56815,197.24991,236.07855,173.47569,158.53456,191.1403,161.24152,168.30898,187.51761,194.52635,167.52968,157.32475,149.8217,236.96901,170.36116,186.23871,208.17336,208.56783,210.0094,207.83815,195.13057,216.43404,171.94357,144.61475,168.64224,177.99051,193.55553,190.65677,175.03722,171.79488,201.46692,175.46236,192.0291,183.6369,192.50464,218.45921,157.74869,193.45792,207.20204,202.02791,141.49719,162.60805,232.22664,141.38445,18783.7307,99,18783.7307,189.73465353535354,25.633082443135994,244.03391,127.43664,0.6994732562700806,2
7,172.25597,193.37056,188.58395,208.09709,181.00208,162.28741,190.56764,0.0,148.75003,203.51529,191.46298,157.14688,140.59778,162.66658,196.47415,159.98254,181.98518,225.92674,148.39711,195.85782,216.40559,207.13243,147.44022,215.15646,167.02327,183.48048,169.77155,159.31575,200.55502,144.19359,180.0006,203.82187,118.10364,203.41154,147.35966,148.50941,189.80882,183.39262,182.55435,185.34315,225.79695,201.54515,196.15271,167.52538,167.83601,228.85042,147.01302,224.48738,213.15251,211.18073,190.27815,171.00215,179.90074,120.78424,182.73373,183.01471,188.32504,218.4025,182.40855,198.5262,146.2643,188.06961,185.5807,173.72415,185.39194,165.73422,175.37723,206.95334,199.6938,195.28307,187.7679,210.01964,187.25584,185.16817,163.12764,158.01738,173.40654,198.5403,162.94086,173.61813,172.05948,196.85306,174.12022,186.93539,193.58197,174.24092,156.99086,183.92474,175.95915,215.3632,160.10626,213.35016,144.02876,179.96461,205.82191,164.83459,157.24651,162.26311,180.51404,152.911,17933.62877,99,17933.62877,181.14776535353533,23.0880316788019,228.85042,118.10364,0.6786521277246645,1
8,157.65746,133.90701,163.59714,156.46043,181.90463,189.0546,171.66966,148.75003,0.0,149.52856,125.05465,168.83778,154.68272,137.31543,151.11147,120.7642,170.59906,178.24309,155.73174,150.96214,157.50407,194.2885,122.56508,163.68394,143.88426,133.98218,171.09755,132.49261,208.88882,139.01137,159.37953,175.53215,144.90291,139.00298,149.47525,148.24692,135.32478,88.99235,157.80704,112.01292,155.96843,169.34705,147.06497,151.95569,158.73656,189.12946,105.80276,168.59084,126.99735,176.1608,119.04482,146.12813,149.07219,152.21301,147.23874,168.6301,163.82298,184.28757,154.72874,164.72464,164.59979,158.07144,156.89563,149.51779,195.23245,147.94865,122.3526,172.35515,156.62184,193.42319,171.77805,169.38811,148.25911,143.50804,160.22362,156.82713,152.03659,181.54089,119.95531,164.4202,164.11626,172.59593,178.03162,135.90149,177.46078,152.77414,173.87802,137.10576,161.46291,164.64978,183.65518,185.16408,173.6579,170.43913,142.39021,172.26031,143.73692,153.25908,163.59308,131.14116,15465.78116,99,15465.78116,156.22001171717173,20.636439075253186,208.88882,88.99235,0.6153794741869211,1
9,222.85161,137.43704,128.25827,127.37673,172.79681,206.72716,154.39069,203.51529,149.52856,0.0,153.74913,198.07208,136.31587,171.42607,173.23671,157.5999,187.3679,138.21107,202.82915,188.88615,172.04784,172.88271,136.017,137.37761,174.5446,158.22704,130.28494,179.4865,212.69725,163.61589,185.9727,163.87476,188.54361,164.86443,174.1404,165.2001,144.29027,198.78888,178.77188,177.43181,141.19069,190.30751,147.17821,150.93602,164.84039,171.66937,178.4639,155.52328,160.29056,160.66397,133.67853,162.44733,162.49982,179.0779,156.34499,158.79237,219.9137,162.57899,227.60304,171.23447,210.70387,131.3409,157.42726,158.41406,174.74765,162.29065,117.31287,189.245,162.3002,217.5665,132.48744,155.94547,196.02271,163.77089,183.45354,173.27086,198.85918,189.99055,127.74689,164.54842,148.5648,165.34908,194.83064,190.79582,146.15662,169.32974,196.52168,147.09489,135.95323,167.16826,182.11137,143.20287,161.00371,180.44968,166.70404,196.55676,139.34715,163.57553,191.78326,123.49976,16622.31525,99,16622.31525,167.9021742424242,24.249311242162086,227.60304,117.31287,0.6450153614952883,1
10,198.13545,160.55135,166.07715,159.57126,182.2937,193.93233,197.84352,191.46298,125.05465,153.74913,0.0,207.23244,148.41083,197.90616,194.79164,172.39822,190.02927,209.61041,192.12514,172.59821,202.63092,176.64444,151.72157,157.7258,169.9859,158.64008,188.22868,142.78854,235.83139,193.11166,176.80769,159.80264,182.04601,180.16211,209.79524,192.57065,167.2614,181.85774,167.19933,121.57442,204.45828,144.54825,171.6246,152.84106,211.45926,177.07368,149.60036,197.29877,173.7527,186.62473,151.84006,206.78142,212.0858,158.92749,138.44919,180.98126,190.286,207.37193,193.18217,188.19267,197.81607,130.18069,169.81209,193.90158,210.14569,162.40012,149.79196,187.29292,191.89616,208.77315,180.20761,184.26668,169.70892,177.50423,170.60664,158.01398,200.00801,224.32585,141.05659,208.83888,171.54077,178.435,145.75938,178.33012,202.75912,162.64087,208.62016,147.0648,188.62076,166.41945,188.01015,191.17879,180.42686,235.22624,160.1613,182.46217,181.13895,118.97256,186.15506,183.15509,17701.16515,99,17701.16515,178.79964797979798,23.66872797223613,235.83139,118.97256,0.6727158760453082,1
11,147.6021,190.01317,218.80707,176.0845,191.07719,207.21367,222.21936,157.14688,168.83778,198.07208,207.23244,0.0,181.17729,185.45815,192.18826,171.97859,205.12215,180.03186,168.88826,193.77669,187.4986,200.50516,159.24292,197.14526,184.72121,167.56277,199.09538,191.7394,199.98781,191.93222,170.87012,211.04601,209.13301,195.5399,167.07993,185.46687,158.63251,194.83711,201.32979,174.04405,187.62767,172.23912,157.47279,216.50064,149.68466,225.5459,189.63959,206.69086,200.46358,192.10202,195.66942,180.18501,175.33211,159.73465,185.29724,181.02499,216.34607,216.84947,164.29047,154.45143,145.86531,211.42415,186.5407,188.87987,206.84549,128.30498,201.96678,220.71613,184.0152,180.07396,184.86832,191.80371,176.72223,182.14929,169.48607,161.35983,164.95471,170.75787,158.57448,161.08527,187.92946,188.83133,181.87971,236.80937,196.36223,178.8994,143.32367,164.17528,182.69304,204.11942,202.17195,198.19659,156.6731,174.93867,182.26389,154.77966,173.94867,183.49416,218.88542,195.58951,18319.84409,99,18319.84409,185.0489302020202,20.46934323716777,236.80937,128.30498,0.688836055149166,2
12,171.20326,161.48802,136.08031,156.22527,144.94131,157.52885,180.7682,140.59778,154.68272,136.31587,148.41083,181.17729,0.0,146.733,180.10756,141.4614,116.94078,167.04324,155.53435,146.01459,190.09721,153.20276,157.41042,126.31322,167.16641,149.21175,109.20184,149.58183,181.75327,127.74183,130.22588,131.63332,154.06416,177.93535,146.58514,168.15843,177.8208,186.30515,144.3101,169.9227,174.02129,179.42009,175.07045,137.18648,163.91165,147.47067,163.94524,189.28734,174.71498,161.65999,142.11591,147.01201,161.18379,136.088,156.85977,159.795,167.58304,170.59677,173.79985,180.60889,173.89583,144.3336,169.11893,148.70627,162.64648,162.31964,140.59698,176.0441,164.90457,169.2522,133.93068,186.76042,159.00172,175.85677,133.30096,125.43782,161.90587,163.22998,158.00517,180.99127,140.53618,136.55067,150.57594,157.19513,131.23335,115.43201,143.4583,143.96349,154.73515,144.14198,154.68307,148.85455,135.46584,169.35707,157.41544,167.4256,164.92862,160.66452,123.71243,142.27972,15417.07573,99,15417.07573,155.72803767676768,17.79422986175489,190.09721,109.20184,0.6145983298890563,1
13,176.82762,155.87817,166.68913,187.68126,194.38307,218.05722,192.642,162.66658,137.31543,171.42607,197.90616,185.45815,146.733,0.0,168.74152,107.57156,171.55267,154.97261,164.38834,157.77501,188.13077,190.58563,167.95554,164.98271,120.15871,173.10439,177.2878,177.97672,195.26439,121.38473,183.80026,169.3156,165.03152,162.89543,148.097,150.013,173.66763,158.59926,174.00008,159.75589,192.49852,200.23265,178.63361,169.15408,159.9621,207.75642,159.76648,172.02263,135.75522,183.93718,163.89293,106.27166,165.3541,157.5813,165.61066,181.69301,194.23643,171.43138,171.00258,172.05699,164.22334,192.6694,177.29726,175.15134,196.13316,173.47946,172.15881,199.61765,140.45805,164.67372,189.76486,181.59886,191.10461,150.50504,170.02737,176.16664,150.59959,185.3165,161.45647,162.37579,191.99391,171.85992,184.23645,129.94727,191.65251,149.11093,157.45222,182.06631,208.71623,166.88615,190.90802,199.54683,189.6427,159.08632,143.98636,176.99303,165.11923,187.00018,161.33673,169.32394,16901.16572,99,16901.16572,170.71884565656563,20.45656218387048,218.05722,106.27166,0.6528436940538267,1
14,189.45691,162.67523,166.62468,183.21866,203.91887,221.42142,197.39494,196.47415,151.11147,173.23671,194.79164,192.18826,180.10756,168.74152,0.0,174.68047,196.2628,173.63029,175.95642,209.79073,181.83279,256.59348,174.96761,204.9257,202.7771,166.0181,209.4986,141.94493,250.06262,209.21266,200.58916,202.44588,182.14548,197.58823,164.94063,132.91522,154.86546,157.93887,177.5015,194.35474,160.12071,173.90163,173.5144,142.69566,191.02927,163.39345,214.57248,145.2494,191.54118,210.31686,160.29054,184.53671,175.8405,194.9462,165.10699,153.50638,210.47519,215.12608,176.80321,214.07715,177.0296,228.56114,173.84723,189.08295,223.97163,197.45627,157.57094,182.92169,157.30321,219.85617,185.37598,192.14711,162.31517,178.89116,205.68443,172.70096,147.12909,152.69485,169.14615,158.41125,202.63417,182.26515,221.84271,185.34276,173.01892,173.11517,189.69649,178.84171,212.64775,190.65898,181.56024,186.93069,185.65366,226.80545,166.09207,152.80214,195.74094,189.21793,185.02161,188.01961,18291.85061,99,18291.85061,184.76616777777775,23.139364845454196,256.59348,132.91522,0.6877177263280708,2
15,161.38162,136.77852,169.41745,180.49004,161.15698,211.50664,164.14203,159.98254,120.7642,157.5999,172.39822,171.97859,141.4614,107.57156,174.68047,0.0,159.38411,159.10172,179.0773,185.56445,171.92122,180.31593,135.08424,164.8073,151.85381,168.40839,171.83032,170.36569,201.5287,113.47651,158.40256,165.99776,159.68243,153.04185,153.27573,141.29295,161.69867,157.41826,133.2276,139.73553,149.45412,196.37976,142.97702,172.22606,159.74385,189.19853,136.23859,144.68002,167.37767,183.60988,148.24049,124.50092,171.3139,165.22043,144.6579,184.20474,171.63908,186.11076,147.51372,162.34309,138.98148,152.6584,175.28551,190.54204,195.23538,168.32018,131.86739,190.33281,130.20595,167.57979,178.82578,151.00391,150.43553,156.81795,124.67549,162.77357,168.07898,152.3642,138.69469,161.8327,173.4066,183.90433,164.29523,126.68224,169.47313,110.33636,146.77083,156.63188,192.13475,131.26118,174.25037,194.04218,136.85437,149.36211,110.27235,188.47894,151.37384,173.26907,172.27257,138.51776,15805.53554,99,15805.53554,159.65187414141414,21.34420287947616,211.50664,107.57156,0.6242975249426851,1
16,155.50461,176.49715,174.59618,205.25209,180.72975,197.26341,214.21786,181.98518,170.59906,187.3679,190.02927,205.12215,116.94078,171.55267,196.2628,159.38411,0.0,182.16669,186.53326,142.85687,180.22333,200.29898,176.52011,189.86223,199.50536,189.74109,172.56798,168.12714,209.67392,169.32283,156.11749,145.67773,180.81493,205.9651,185.5843,215.64384,222.1687,181.21349,161.24028,185.33391,182.95938,215.86723,213.87553,194.05824,171.83273,158.54541,192.20695,206.74719,180.6848,182.43361,156.06908,153.52196,182.37595,201.24046,190.53816,213.17816,178.43755,183.6664,140.82065,218.68161,201.61389,195.60355,227.57611,165.33313,224.15582,201.45265,183.14067,195.16757,176.60808,212.70636,162.79968,221.39262,173.78419,190.36668,181.92676,160.88118,173.68413,183.94397,204.51688,227.82909,182.41869,180.056,187.39139,156.83092,185.09943,150.74883,196.55933,166.70723,188.68883,176.84341,198.24496,201.86583,198.07155,183.98773,158.23817,195.55211,194.05772,202.11685,159.30466,171.64803,18307.12026,99,18307.12026,184.92040666666665,20.829456599080537,227.82909,116.94078,0.6883799980373126,1
17,199.8481,175.26279,174.80391,174.12633,210.60593,218.52686,207.17937,225.92674,178.24309,138.21107,209.61041,180.03186,167.04324,154.97261,173.63029,159.10172,182.16669,0.0,195.33334,187.44566,179.1042,184.39275,171.80128,160.44765,152.00078,184.5058,182.72351,186.95268,192.56418,187.01932,172.69479,204.65578,220.39751,191.20689,175.59253,184.17508,170.29216,172.96335,164.86464,163.51988,160.61742,214.2393,143.0985,204.13388,172.33156,189.82085,213.57004,167.87849,152.69621,170.58655,179.87323,157.09906,147.38098,196.8701,181.87889,162.25804,208.6772,175.84979,186.73589,164.69258,221.0051,186.85544,211.0332,184.08443,232.42384,208.20996,171.18388,232.59366,163.76953,199.83072,178.4747,189.19142,201.83955,185.2209,195.41063,194.80316,184.75258,188.20189,169.66429,161.45923,201.52037,156.15923,228.68161,184.92534,185.50655,180.36923,204.24541,197.42647,205.13234,189.31917,181.57419,174.12314,188.33508,184.21141,149.33693,210.5094,187.79224,212.36493,200.35585,196.55165,18342.68198,99,18342.68198,185.27961595959593,20.370816404079214,232.59366,138.21107,0.6894455470358793,1
18,174.33441,200.88547,187.74464,174.84468,200.53256,180.79916,244.03391,148.39711,155.73174,202.82915,192.12514,168.88826,155.53435,164.38834,175.95642,179.0773,186.53326,195.33334,0.0,159.43317,220.25974,206.97256,160.33362,182.65353,164.84428,161.50809,207.12279,160.69627,203.8791,175.99353,127.10043,200.5748,172.4693,199.03073,154.92018,183.9967,162.54805,164.94165,173.61787,186.29524,216.77791,174.38966,189.0858,191.0424,188.40074,196.61156,185.1855,215.6716,157.06868,217.00853,207.6732,139.50816,183.63225,169.23425,177.54999,173.99591,138.71661,192.51718,143.05045,205.40273,203.35495,173.92612,220.42407,196.13513,209.67116,160.25041,180.51826,199.29944,201.61159,196.79208,170.52403,245.228,197.28453,184.22353,165.73799,122.35421,208.71599,179.85648,156.17595,165.91383,205.88435,201.97563,179.39287,176.84186,182.54619,200.19038,172.591,195.59454,174.13965,209.85779,167.61499,181.75089,180.09418,215.55365,179.98828,158.28149,194.78752,181.10864,175.47911,180.32178,18131.67652,99,18131.67652,183.14824767676765,22.270278595089298,245.228,122.35421,0.6837480257379955,1
19,148.94606,183.81871,188.73593,186.43912,206.61409,183.72461,223.99294,195.85782,150.96214,188.88615,172.59821,193.77669,146.01459,157.77501,209.79073,185.56445,142.85687,187.44566,159.43317,0.0,189.60143,201.11363,189.23024,153.2337,180.67021,153.25529,182.28908,174.41727,188.11475,166.59175,160.31525,158.29262,203.56883,187.95537,198.18741,218.51605,176.5484,166.74571,192.15573,162.92406,220.71057,191.14415,216.54063,196.94974,177.58504,185.42406,186.12202,213.5692,130.36232,166.77203,157.06432,153.81102,189.28909,181.50586,192.55135,211.48442,165.67262,151.33278,166.48952,185.65242,217.6498,191.36806,214.5822,164.93689,221.42902,153.92921,197.89253,170.55502,188.31863,202.16081,152.97264,242.4054,191.98631,196.87802,204.50252,165.35995,181.08952,205.96666,186.28867,212.7739,177.02264,167.83339,173.42319,179.50925,206.07396,179.46292,194.52701,165.23329,179.15924,194.04924,219.74252,193.59476,221.99402,193.12352,183.55521,189.27042,202.2262,187.90529,184.19788,175.85042,18287.79302,99,18287.79302,184.725182020202,21.193471984272545,242.4054,130.36232,0.687789039555207,1
20,158.12105,182.24232,198.9099,153.41719,142.02963,191.1138,181.21924,216.40559,157.50407,172.04784,202.63092,187.4986,190.09721,188.13077,181.83279,171.92122,180.22333,179.1042,220.25974,189.60143,0.0,204.06505,163.49789,182.12784,210.82838,199.11024,181.87241,203.31024,188.35323,179.16046,183.18437,180.34299,168.16208,137.42757,153.21753,179.61513,166.0414,174.50981,159.24257,189.26572,161.01352,191.90575,131.22928,188.26567,128.60359,164.34167,175.3436,142.23967,149.89723,158.66147,120.92551,158.25069,173.62341,186.14154,160.63777,147.3271,185.12701,128.87109,175.99629,179.86166,171.48897,220.31255,159.37268,179.89862,203.07576,177.30891,190.85519,184.52863,173.66924,177.04102,190.41208,194.72882,154.21461,153.49574,223.10161,203.98508,190.91362,166.3936,157.51048,181.81807,194.39754,180.50682,188.34923,189.71107,180.11224,160.35645,172.25484,110.24934,185.37849,161.1114,182.85072,174.95355,215.68007,150.96991,156.01289,192.08182,127.0629,209.39345,172.74271,180.18877,17394.39876,99,17394.39876,175.70099757575758,22.279606126661935,223.10161,110.24934,0.6651613215319017,1
21,222.82578,217.55211,173.21761,157.83769,157.53812,205.74478,230.93575,207.13243,194.2885,172.88271,176.64444,200.50516,153.20276,190.58563,256.59348,180.31593,200.29898,184.39275,206.97256,201.11363,204.06505,0.0,198.88521,148.59363,161.96129,215.62375,150.0183,202.80836,168.04089,161.46465,150.13426,180.3756,189.58459,149.72372,198.52232,240.50899,200.97226,232.19037,186.75681,174.48071,207.61975,195.66287,171.76192,215.82623,190.96277,208.85429,159.97377,229.6382,171.81371,174.81317,218.60966,180.87665,186.54536,163.28625,188.09833,177.02605,202.19112,202.16988,200.95462,180.02988,211.92029,152.50389,179.61174,180.65813,224.32991,186.46878,187.20227,227.27759,219.65773,184.79424,189.5994,208.95384,209.2018,161.3898,160.86064,208.42239,227.03983,221.12094,162.07912,221.31255,208.82974,206.79944,173.04401,204.34648,191.57506,165.40086,204.02116,182.01532,205.23595,184.65961,196.04103,153.1416,188.55054,174.52417,183.66628,208.69751,166.75668,189.61801,176.78735,216.6989,18936.82062,99,18936.82062,191.28101636363633,23.146335232057336,256.59348,148.59363,0.7037706209964771,2
22,186.73695,121.98983,189.43767,150.26854,184.21143,175.64316,162.31792,147.44022,122.56508,136.017,151.72157,159.24292,157.41042,167.95554,174.96761,135.08424,176.52011,171.80128,160.33362,189.23024,163.49789,198.88521,0.0,190.65181,146.37903,152.06279,190.41521,157.30055,213.62122,171.68657,181.91216,180.70393,157.07121,185.38878,160.64642,142.09798,156.69395,169.1752,153.60091,146.53873,175.09517,191.84911,125.33687,170.66824,140.43159,195.5632,150.94133,166.51877,159.54929,196.66521,137.09946,144.133,169.08986,166.02789,131.76416,156.20125,189.07019,159.53645,179.97479,177.00378,169.90738,126.44568,187.18774,187.64034,175.95601,148.21837,153.03729,192.77748,147.27318,193.85751,154.83774,156.56027,187.10951,172.46068,166.66386,148.20863,212.08272,198.85075,105.98338,139.84682,159.23714,167.10321,152.28571,162.4626,183.95964,187.10783,168.7206,145.26152,132.43651,186.5824,142.81929,190.64943,146.77805,186.06508,136.05403,168.71718,119.61252,125.0093,198.78943,125.38766,16231.68898,99,16231.68898,163.95645434343436,22.530553875173045,213.62122,105.98338,0.6352049118425652,1
23,187.43933,181.5975,148.98611,135.90439,165.17175,199.16737,214.46356,215.15646,163.68394,137.37761,157.7258,197.14526,126.31322,164.98271,204.9257,164.8073,189.86223,160.44765,182.65353,153.2337,182.12784,148.59363,190.65181,0.0,184.99976,181.12222,137.96352,201.14996,182.21313,158.58997,139.50867,156.62886,203.7131,161.4175,161.40346,199.20146,144.69145,194.24698,158.96414,182.85468,172.54773,178.49864,164.98534,175.54285,195.60448,174.35448,170.77933,174.6404,145.8284,162.36902,151.85176,153.85841,167.18549,164.79845,156.60248,167.65558,178.14134,156.87422,204.15222,166.87424,213.25784,168.23407,182.21861,179.42416,191.00443,172.85188,145.70534,202.01904,176.14944,179.4449,171.70056,213.2038,181.92934,181.49147,181.92419,161.57295,191.12759,179.40962,144.06468,195.65352,185.37082,157.59842,177.74982,192.68324,170.3138,146.5629,174.18021,159.77881,179.46519,153.22202,192.57782,143.28574,185.94803,177.42323,174.66014,194.18291,189.70284,202.92784,156.56351,179.1214,17209.93824,99,17209.93824,173.83775999999995,19.61734424011311,215.15646,126.31322,0.6610727382884138,1
24,201.3501,165.93634,190.21468,186.51042,213.7581,204.14334,198.98311,167.02327,143.88426,174.5446,169.9859,184.72121,167.16641,120.15871,202.7771,151.85381,199.50536,152.00078,164.84428,180.67021,210.82838,161.96129,146.37903,184.99976,0.0,185.07587,198.96774,161.30936,184.32466,173.77734,189.52672,210.93666,171.60449,171.43095,179.80763,176.27364,184.72464,166.65726,184.21014,117.26649,223.27632,206.2007,159.19576,179.55884,190.29878,235.90039,143.81694,218.69104,138.16656,213.70082,194.45012,146.19868,173.85571,149.17802,174.64861,169.22662,208.05473,193.13365,182.96848,158.16292,188.97772,158.75555,194.5421,176.6447,212.93266,186.70248,190.2373,228.7693,169.21002,181.98297,205.01721,182.19127,218.12166,166.78963,174.52586,180.53769,192.3093,244.48805,147.88039,156.65446,210.82108,170.08435,184.49495,146.04237,218.31236,192.4456,199.17358,205.38129,211.99741,195.6254,177.10144,214.9518,188.59966,202.91525,157.2618,180.11676,162.22327,150.65469,193.03069,202.21928,18079.50108,99,18079.50108,182.62122303030304,24.137765227206355,244.48805,117.26649,0.6820658309095826,1
25,201.71062,139.0141,207.91364,155.09454,215.6819,185.28406,196.27974,183.48048,133.98218,158.22704,158.64008,167.56277,149.21175,173.10439,166.0181,168.40839,189.74109,184.5058,161.50809,153.25529,199.11024,215.62375,152.06279,181.12222,185.07587,0.0,184.55237,140.88342,236.48415,176.43999,173.69229,170.02618,210.77409,186.57245,192.1862,178.01591,170.34373,165.45844,202.90991,141.90611,167.36465,179.41136,163.85608,181.53334,162.90704,184.27628,193.75604,205.37506,164.36688,188.11789,145.57388,181.85922,181.48236,187.42242,192.75459,175.24097,200.06271,201.30412,187.03113,195.93582,187.47858,163.91571,165.38953,180.8409,197.50844,130.45248,173.38815,157.82957,172.6071,197.22496,129.1346,178.15457,173.22266,196.45718,151.62387,158.12531,183.42162,172.83368,170.13905,161.24576,158.3439,150.62874,171.20544,188.06714,150.71527,178.3362,149.25679,133.52185,163.80307,176.09866,201.4046,170.1757,168.47446,207.83586,146.29967,173.81302,177.13315,151.57132,192.42403,157.8071,17319.40569,99,17319.40569,174.94349181818183,20.651352890437774,236.48415,129.1346,0.6636274362338308,1
26,207.14001,184.18466,128.19489,175.51537,145.54712,168.6073,167.04564,169.77155,171.09755,130.28494,188.22868,199.09538,109.20184,177.2878,209.4986,171.83032,172.56798,182.72351,207.12279,182.28908,181.87241,150.0183,190.41521,137.96352,198.96774,184.55237,0.0,178.27744,175.99345,134.58896,166.34488,161.13847,155.28241,156.78667,166.1588,182.76807,181.46004,210.45323,180.60468,198.58469,166.54428,210.63277,182.62315,165.90652,177.27391,197.72261,160.9745,206.47206,190.08669,162.02931,155.76643,163.6026,153.34789,160.24437,201.8456,170.33047,206.58208,188.03757,221.90009,197.45926,198.03946,176.23842,154.39687,131.289,198.68178,176.80566,129.6906,190.40724,199.4532,215.99158,142.67064,210.08942,181.73323,173.73677,189.12122,183.15079,171.77121,173.23175,168.52628,194.68379,174.41582,179.8961,195.29019,211.50261,147.23756,146.00342,182.0925,152.84549,170.5356,182.97772,177.25641,147.78894,155.03358,151.40245,207.34129,188.40042,144.79988,194.28833,169.90698,142.49605,17360.06876,99,17360.06876,175.35422989898993,22.712736504410714,221.90009,109.20184,0.6641875903080766,1
27,190.97719,145.11633,167.25055,191.46901,202.51424,160.3636,179.7491,159.31575,132.49261,179.4865,142.78854,191.7394,149.58183,177.97672,141.94493,170.36569,168.12714,186.95268,160.69627,174.41727,203.31024,202.80836,157.30055,201.14996,161.30936,140.88342,178.27744,0.0,215.89247,194.86504,176.11797,187.60135,150.61937,181.23723,201.07642,169.78413,177.71375,156.25668,168.55942,128.89285,184.94777,187.36502,176.25737,152.72206,201.04709,185.71169,166.21745,206.32008,182.0804,214.48807,168.47337,184.63837,162.78477,175.01855,183.15591,159.22653,187.96638,223.04677,154.77098,213.8392,176.39445,173.25581,176.53772,154.84732,247.19054,186.51328,146.29237,154.96448,168.78123,224.78987,146.71463,198.58459,162.45555,190.66209,173.18596,169.41803,164.19875,192.53453,158.78438,176.15634,196.6629,168.65767,177.35611,167.26085,184.6689,170.03194,202.50555,175.55031,205.60895,204.09149,156.72108,181.76401,151.10326,226.68008,163.75861,131.62589,180.90416,119.81595,188.66679,183.00894,17475.76455,99,17475.76455,176.52287424242425,22.74299551830312,247.19054,119.81595,0.667053702884951,1
28,167.09227,224.82872,208.87033,205.53954,173.68011,158.90211,188.4133,200.55502,208.88882,212.69725,235.83139,199.98781,181.75327,195.26439,250.06262,201.5287,209.67392,192.56418,203.8791,188.11475,188.35323,168.04089,213.62122,182.21313,184.32466,236.48415,175.99345,215.89247,0.0,172.12717,162.40852,241.96783,186.88306,166.77632,167.37363,224.58577,174.01231,223.98381,208.19637,211.38223,235.68532,236.9509,189.1976,191.85623,195.58479,223.99933,165.4615,232.3293,196.20567,211.63152,219.71846,175.58981,178.39157,147.82549,223.51654,170.53278,186.59082,172.61366,198.28914,138.06628,190.18796,217.87341,206.32646,155.21843,203.57152,206.0407,219.83389,193.33028,194.95415,197.03673,193.13608,258.2796,231.20752,208.44614,207.12366,217.17877,211.80753,223.68518,185.83806,175.5294,199.41531,181.95673,198.50528,199.65778,189.54303,183.08649,199.83293,211.58557,201.10641,208.89536,202.70532,189.91711,203.28163,154.48308,231.3479,214.29565,182.95813,219.84898,200.67102,209.47655,19681.96026,99,19681.96026,198.80767939393937,22.888168742693544,258.2796,138.06628,0.7218791730865378,2
29,177.51393,192.99873,160.06775,172.00661,151.24161,186.66615,182.77077,144.19359,139.01137,163.61589,193.11166,191.93222,127.74183,121.38473,209.21266,113.47651,169.32283,187.01932,175.99353,166.59175,179.16046,161.46465,171.68657,158.58997,173.77734,176.43999,134.58896,194.86504,172.12717,0.0,145.9203,168.44734,145.23845,149.87888,132.60799,170.2516,166.51552,171.34891,164.91245,181.64525,186.19086,200.90465,179.28098,175.54813,132.52879,185.19258,141.83653,175.53026,164.87486,144.09731,168.74388,141.27269,164.38338,136.53955,169.19943,181.99672,152.90527,168.54788,183.01241,166.30869,171.48555,164.99196,161.42404,166.04555,169.66515,163.70169,150.5567,182.81468,186.95163,164.70554,170.18852,194.84042,176.82451,154.80444,140.54875,191.68433,182.69148,162.92462,156.56525,185.24156,140.96811,191.45442,180.49785,145.32834,150.99442,125.92673,148.6722,158.68393,162.41766,162.96198,187.27505,161.43486,171.40543,101.65858,174.37105,218.17085,147.77394,201.67696,140.14313,123.71332,16358.42031,99,16358.42031,165.2365687878788,21.182929834622403,218.17085,101.65858,0.6387103465831995,1
30,149.35419,207.03084,167.92093,161.25702,147.19601,164.5721,229.11952,180.0006,159.37953,185.9727,176.80769,170.87012,130.22588,183.80026,200.58916,158.40256,156.11749,172.69479,127.10043,160.31525,183.18437,150.13426,181.91216,139.50867,189.52672,173.69229,166.34488,176.11797,162.40852,145.9203,0.0,174.61646,180.22311,166.6682,141.12234,207.17703,159.78917,167.3508,144.58621,173.28981,173.90327,161.76584,160.32167,191.75829,177.88176,154.26727,164.29306,200.86877,161.47632,166.75119,192.54182,156.3257,174.01335,156.93404,178.71135,161.05127,101.97304,186.1906,122.74532,176.03278,194.69566,163.12001,200.28061,179.5955,202.4913,168.83253,157.65694,189.55028,202.4565,180.29247,162.01817,239.44453,165.28069,163.50308,132.66583,140.52141,192.79094,142.0687,166.62239,184.29959,180.8421,187.9061,170.93147,169.71327,141.18353,142.66351,165.40079,160.89503,173.65233,159.49963,172.34657,144.49811,172.19443,170.74519,161.97414,195.61168,183.91501,206.94122,143.05383,179.39972,16803.66184,99,16803.66184,169.73395797979802,21.701008710487038,239.44453,101.97304,0.6499920570732722,1
31,203.937,167.9339,150.9903,180.47253,167.65469,201.08022,221.4381,203.82187,175.53215,163.87476,159.80264,211.04601,131.63332,169.3156,202.44588,165.99776,145.67773,204.65578,200.5748,158.29262,180.34299,180.3756,180.70393,156.62886,210.93666,170.02618,161.13847,187.60135,241.96783,168.44734,174.61646,0.0,191.78462,196.65332,199.15987,203.59163,205.39861,220.13338,174.55902,184.85933,188.49774,155.85728,196.83641,194.71158,174.05855,166.79442,195.05017,187.75975,166.98439,142.17139,148.99454,167.20705,219.06189,191.14723,169.76221,195.33443,198.89789,175.30458,191.41226,234.49648,204.05652,178.80136,183.7261,208.62798,217.05508,152.68979,168.95876,186.35287,194.57745,209.97191,150.55676,220.11307,186.76109,148.53622,192.10609,161.67987,192.55402,172.27023,191.0145,223.38312,184.49762,193.80919,134.49593,196.56163,193.74423,154.349,183.42787,117.43425,201.39304,167.5551,191.46381,179.43411,206.19769,200.80537,148.48541,180.8177,166.51471,182.52603,175.95129,175.65306,18114.35318,99,18114.35318,182.97326444444445,22.917643598412756,241.96783,117.43425,0.6833161222814349,2
32,181.22066,196.62009,154.65073,192.86108,132.74606,157.25197,167.56459,118.10364,144.90291,188.54361,182.04601,209.13301,154.06416,165.03152,182.14548,159.68243,180.81493,220.39751,172.4693,203.56883,168.16208,189.58459,157.07121,203.7131,171.60449,210.77409,155.28241,150.61937,186.88306,145.23845,180.22311,191.78462,0.0,150.79353,150.4398,139.14444,180.81029,178.09998,144.00153,187.4361,214.80328,195.94962,176.19618,141.981,176.34528,196.82831,129.19995,189.1727,185.51604,202.03125,172.08969,153.5808,181.52589,137.09634,160.3118,152.55681,163.33229,185.14841,176.93517,208.84265,157.50288,185.06026,158.78773,169.45575,206.10654,188.0497,155.83833,185.46388,200.55821,195.39737,192.63145,211.58913,164.66655,153.19812,195.75089,181.13249,190.43832,191.33849,143.71902,180.51024,200.50023,210.91565,174.45966,162.31143,186.99742,158.84789,184.80066,168.48053,195.21405,192.44049,127.48466,191.45261,167.96506,182.93752,192.07985,162.39507,124.69846,163.51688,156.46443,159.84248,17275.92861,99,17275.92861,174.50432939393937,22.33187183301837,220.39751,118.10364,0.6621678017647352,1
33,182.43256,182.91963,177.59109,143.74623,131.16928,209.86331,173.48418,203.41154,139.00298,164.86443,180.16211,195.5399,177.93535,162.89543,197.58823,153.04185,205.9651,191.20689,199.03073,187.95537,137.42757,149.72372,185.38878,161.4175,171.43095,186.57245,156.78667,181.23723,166.77632,149.87888,166.6682,196.65332,150.79353,0.0,172.44974,189.36868,151.10155,179.53798,182.32285,165.02058,167.20894,188.40942,144.01166,168.8772,175.4742,191.21231,124.74798,183.67188,141.47052,192.2858,166.17766,146.05409,173.86304,169.8031,179.24934,161.28297,186.55525,178.27904,176.11964,155.63023,162.26022,182.81335,120.21631,150.04504,205.48804,160.27515,169.32982,166.84549,180.1335,174.99023,186.99562,179.61664,154.4671,138.10489,178.84048,198.74963,190.05811,180.91148,134.4825,177.6286,208.64305,205.90079,182.2924,175.23825,157.45531,140.97606,175.81268,142.8391,195.15556,137.37439,203.69984,160.32843,186.88298,160.40065,165.92302,177.37651,131.13058,179.70062,168.12646,181.65598,16959.91182,99,16959.91182,171.3122406060606,20.359672818771323,209.86331,120.21631,0.6545273190890167,1
34,158.87598,192.10841,174.33147,158.82339,156.35368,174.62833,194.6882,147.35966,149.47525,174.1404,209.79524,167.07993,146.58514,148.097,164.94063,153.27573,185.5843,175.59253,154.92018,198.18741,153.21753,198.52232,160.64642,161.40346,179.80763,192.1862,166.1588,201.07642,167.37363,132.60799,141.12234,199.15987,150.4398,172.44974,0.0,147.62979,150.79361,158.07977,162.57404,205.97403,171.84334,187.8533,145.61568,152.8185,139.59554,181.28189,156.41171,169.25342,168.79498,177.24734,162.27242,142.10677,142.51567,126.38059,161.61479,125.5442,162.80284,164.2482,178.52531,163.86139,159.45946,209.32646,170.79895,166.08528,136.51692,181.96565,166.15547,204.90636,170.37323,160.54662,194.64955,209.77702,184.98778,153.20763,170.48479,164.17522,165.92931,155.33929,153.02823,140.41786,166.04266,161.14931,197.95085,160.08438,142.71173,155.21626,131.75319,163.49449,160.81863,171.18126,162.77574,165.86378,183.66699,130.57953,179.88152,192.24864,150.12883,219.75575,123.14054,159.18478,16462.41407,99,16462.41407,166.2870108080808,20.54438295947245,219.75575,123.14054,0.6416139435309801,1
35,186.87434,167.15172,175.58925,199.41846,175.10295,185.00793,146.25667,148.50941,148.24692,165.2001,192.57065,185.46687,168.15843,150.013,132.91522,141.29295,215.64384,184.17508,183.9967,218.51605,179.61513,240.50899,142.09798,199.20146,176.27364,178.01591,182.76807,169.78413,224.58577,170.2516,207.17703,203.59163,139.14444,189.36868,147.62979,0.0,152.21669,173.44235,149.78938,180.33813,198.68135,189.51346,144.89999,133.58266,181.11905,206.77695,180.02769,147.90703,201.19359,202.88484,149.66122,166.83186,197.09587,150.15355,153.32227,147.5679,198.10524,190.17094,203.80322,190.37746,150.94231,194.14207,160.18829,211.17751,189.8412,178.26094,150.80167,204.03709,171.86229,191.61897,197.57686,181.92619,166.31306,178.24493,202.10489,163.52359,171.10956,169.69023,148.85214,117.89206,189.84979,183.05098,191.55412,184.54854,185.77054,164.9028,158.79388,169.94313,206.07051,179.11978,129.82169,212.67987,147.62096,206.3688,174.42993,170.84366,145.61539,170.69711,198.64583,152.27451,17432.29115,99,17432.29115,176.083748989899,23.66142727424461,240.50899,117.89206,0.6659596265211151,1
