Vértices,0,1,2,3,4,5,6,7,8,9,10,11,12,13,14,15,16,17,18,19,20,21,22,23,24,25,26,27,28,29,30,31,32,33,34,35,36,37,38,39,40,41,42,43,44,45,46,47,48,49,50,51,52,53,54,55,56,57,58,59,60,61,62,63,64,65,66,67,68,69,70,71,72,73,74,75,76,77,78,79,80,81,82,83,84,85,86,87,88,89,90,91,92,93,94,95,96,97,98,99,100,101,102,103,104,105,106,107,108,109,110,111,112,113,114,115,116,117,118,119,120,121,122,123,124,Grau (Ponderado),Número de Vizinhos,Soma dos Pesos das Arestas,Peso Médio das Arestas,Desvio Padrão dos Pesos,Peso Máximo das Arestas,Peso Mínimo das Arestas,Densidade Local,Conjuntos
0,0.0,76.9642,103.14025,76.6424,118.07736,106.25508,132.89201,71.14468,104.25146,121.38216,116.51694,89.96757,138.08029,109.10477,98.27901,135.88719,75.48263,104.4519,89.49209,121.00698,131.98798,100.45537,87.02758,84.68761,87.93006,111.27116,82.41003,105.16525,100.24109,121.75883,120.55382,144.72363,85.92596,108.4346,85.52338,114.96767,67.2523,121.78865,115.46918,153.64018,126.58098,100.83506,120.84169,112.45176,141.65793,102.83716,97.65257,83.94894,84.67441,76.25533,109.76137,74.5168,109.24426,100.79305,102.71176,133.50092,90.98328,122.14966,94.70132,88.47424,58.15295,127.92968,95.15369,109.74093,60.51199,80.65894,88.7636,104.55364,73.13905,132.16386,96.40827,90.2918,146.95972,136.93896,82.48909,71.7914,96.5127,101.1618,78.43692,50.33535,74.18394,104.69742,122.13294,97.79841,105.18075,125.02757,105.20969,106.29647,137.8036,118.05839,112.68419,92.72672,67.80022,99.15971,136.64102,160.20346,123.90765,120.02731,134.57452,77.13805,144.60587,130.05592,127.93995,107.45493,81.09158,130.07979,86.38014,110.4603,84.82931,125.77136,117.34734,74.47903,103.63226,145.07004,73.23927,35.4017,97.17023,103.01203,97.73676,74.0826,80.39845,96.09374,90.1817,117.44806,95.9966,12828.11112,124,12828.11112,103.45250903225808,23.102384297030216,160.20346,35.4017,0.5124780418321742,1
1,76.9642,0.0,109.35934,57.33716,144.04922,131.8763,157.07678,103.188,96.73734,106.51344,133.21442,87.42946,164.95285,125.36738,100.02404,132.72466,94.93575,124.7895,105.32802,98.56905,113.14265,112.61776,88.32847,124.25408,94.5726,113.4557,115.94575,53.44447,111.39637,130.32811,109.7513,179.28723,89.26289,128.22501,83.37162,90.41576,64.92138,134.69984,137.18791,172.77939,131.94048,82.22389,107.45858,127.03179,141.47031,93.3857,87.42645,88.0819,107.69186,78.2859,122.42614,75.26655,119.0724,97.65562,107.49238,101.47298,100.94392,138.379,104.91189,99.90793,80.58172,140.35988,109.98914,87.36652,61.70155,99.99697,66.86939,61.63518,89.90893,129.94949,121.8299,110.73004,144.41582,126.14837,93.62367,96.4472,116.22312,73.04774,68.06819,87.18296,79.06473,127.28312,128.49097,79.40494,87.56444,153.91978,106.08305,113.59546,135.40366,111.69341,100.57185,101.54203,111.83732,68.77766,122.09095,123.23097,120.06902,135.76036,128.76376,94.5938,107.19392,113.75379,133.96892,120.88224,123.28168,131.51492,105.86037,122.67755,113.13129,132.04308,122.02726,86.3448,117.86462,131.11223,88.1841,66.63519,90.5533,114.53612,79.68982,74.297,115.96554,130.81436,110.70061,141.45251,99.21199,13479.86514,124,13479.86514,108.70858983870968,24.385494657654018,179.28723,53.44447,0.5295243588190751,1
2,103.14025,109.35934,0.0,126.81147,107.44315,91.30781,153.33427,122.82883,119.39456,125.6957,123.42021,127.23582,126.13498,95.7589,128.98436,92.06431,104.65608,87.04653,96.76126,101.99824,123.13096,121.88721,128.11823,140.99344,138.94411,118.15486,97.5573,122.09663,135.49431,83.55034,112.66048,122.52301,106.46944,119.83057,68.71036,125.73548,124.60851,137.68892,165.35898,139.34373,88.74962,92.50614,126.72874,130.07288,116.12115,71.19379,64.61248,66.45296,135.6355,133.14709,154.62312,58.32516,100.5968,103.23472,71.17664,118.24517,114.51511,130.25299,123.16658,73.93301,112.64082,134.56204,81.64655,96.58041,69.33713,95.5175,74.47108,120.16555,146.79761,143.43636,92.72467,156.85127,135.08434,169.8031,87.77879,115.01109,115.23814,125.73588,105.67857,115.32675,128.87332,145.0192,117.80772,108.23297,119.20244,149.15465,132.65616,109.12904,99.23013,81.31834,138.24402,86.27659,127.56239,110.23466,109.35941,126.74449,127.88288,134.59372,119.22649,76.78009,169.11237,122.96137,93.16146,49.28653,128.51884,142.98016,93.39986,83.58826,93.3886,101.536,139.61707,142.84129,153.45383,89.27973,98.26288,85.34985,133.72708,126.85031,104.63107,127.87063,139.37115,131.81793,72.53729,160.93143,105.15248,14181.06642,124,14181.06642,114.36343887096776,24.82017462335471,169.8031,49.28653,0.547538347748509,1
3,76.6424,57.33716,126.81147,0.0,145.23569,123.45758,131.65869,101.28748,99.31821,87.48247,123.15855,75.77158,142.81595,118.13041,81.62479,119.90013,114.29154,124.28721,106.78317,93.16676,113.22039,116.45629,61.59629,112.7338,103.02366,106.21011,100.96802,59.83231,108.40475,137.02254,116.12382,160.937,96.80982,133.37614,86.44936,118.27006,79.67432,103.1038,96.05962,149.59946,128.38174,93.90613,121.00925,116.09447,121.82401,107.54798,96.00529,93.98097,99.68043,78.71467,113.22637,92.51009,110.3548,105.65353,117.38595,90.76817,85.57055,123.59509,70.50687,116.84881,68.81956,127.10561,108.51259,89.15928,79.69355,99.43063,88.50027,82.60935,79.02819,108.90733,126.81767,86.86639,139.25633,90.16705,103.4531,94.47441,110.52758,57.87336,81.00112,74.75817,49.66755,101.41397,150.37785,55.40566,92.7141,123.4486,76.22324,103.15234,119.76804,108.29115,118.18703,93.08192,91.93604,88.70506,131.44853,152.54642,79.34364,138.44803,113.66562,104.06916,79.69093,117.41496,130.97778,120.84745,121.19347,121.7381,89.43473,117.41573,114.64033,121.32634,87.05689,63.20213,91.37836,129.52911,83.57851,63.86279,82.84331,108.84619,79.80784,67.09983,102.2128,98.36961,121.25927,110.29205,105.39628,12810.86825,124,12810.86825,103.31345362903227,22.684463783079753,160.937,49.66755,0.5119517896651605,1
4,118.07736,144.04922,107.44315,145.23569,0.0,99.7767,156.31964,112.03094,102.82871,120.30825,90.05534,124.05135,138.45819,139.21637,97.82498,117.82535,111.00062,119.07921,88.19965,132.70338,130.26048,113.66254,134.40102,141.79594,125.5853,139.17516,74.7485,133.77998,135.09286,117.65638,80.09041,126.47581,100.46885,65.20271,85.39463,150.58189,153.23679,156.55986,166.46526,147.24232,115.68224,131.2556,140.45712,109.68806,165.22826,144.46326,94.40131,124.24875,110.65499,140.71477,109.964,129.52672,116.86468,80.06869,63.12549,159.38623,152.82761,79.44253,153.52113,130.22052,113.6464,112.41209,79.53899,106.17374,112.30676,123.41637,136.52029,128.84688,139.6378,140.8757,83.41032,160.99379,98.42899,152.40848,72.2643,136.8886,145.23087,140.53969,128.87108,130.74644,157.61125,160.30255,147.73569,146.96541,110.34185,94.22141,169.68234,132.82597,156.1281,155.2299,110.35056,134.04012,105.26044,144.64149,142.2802,138.96825,140.42642,138.1228,91.09471,134.76334,183.66003,161.44331,101.29663,87.09068,133.27312,117.12835,142.41072,81.68198,58.7958,126.72352,116.51638,152.29716,155.25204,127.85412,123.79871,107.83812,161.21233,78.2714,123.44296,149.00752,132.97885,111.57323,93.68394,133.52701,135.56737,15444.57841,124,15444.57841,124.55305169354841,25.806326168860117,183.66003,58.7958,0.5794257507957044,2
5,106.25508,131.8763,91.30781,123.45758,99.7767,0.0,105.52538,122.47189,144.89394,108.82639,71.87205,85.49952,99.10558,47.7273,92.57021,94.6324,129.16235,83.63171,108.41399,79.25095,103.91831,133.92117,132.01808,110.27003,135.2451,92.88892,58.07809,126.7003,114.24589,102.15588,107.86678,76.53569,95.24515,115.5692,90.33456,145.81805,130.57635,116.60511,151.02408,113.22304,97.12499,132.86978,123.80079,60.24554,115.9448,134.17198,76.78946,104.71358,105.06044,123.65448,114.99686,116.6573,69.49174,103.74933,91.05337,119.87315,130.68451,125.2265,106.75031,96.99126,81.85101,99.25688,95.49251,113.03786,109.63279,106.1324,111.65417,152.27258,141.84207,131.11729,78.77339,141.40286,127.09225,127.10247,97.17255,133.15553,129.6514,120.19566,119.42596,86.52144,108.94788,104.3093,121.51719,115.42346,106.21386,114.86864,153.57889,103.32691,102.34631,111.91316,123.66238,81.52348,108.53507,106.06557,102.83092,154.34818,111.54925,109.70728,92.23604,80.27586,148.52472,129.92239,56.23918,73.16393,108.99557,135.20596,76.20026,70.10392,64.62316,86.84301,89.4547,124.11935,155.36494,101.78508,71.25726,79.45552,111.68144,96.08584,95.89179,143.81795,102.5392,73.62002,107.74007,101.48237,98.79652,13347.22393,124,13347.22393,107.63890266129032,22.844959808599135,155.36494,47.7273,0.5262982073866822,1
6,132.89201,157.07678,153.33427,131.65869,156.31964,105.52538,0.0,128.5047,169.22264,95.60156,94.11,113.57885,118.62196,110.35373,136.00337,132.83699,161.99382,82.80177,162.2365,118.9757,120.98174,114.11981,163.28287,94.85475,123.83704,145.12228,128.91951,145.20485,78.2674,128.99065,140.39404,96.80106,141.76491,155.33171,144.17845,143.45773,138.30943,66.35637,99.99854,67.94388,127.46661,136.24866,102.89233,112.19989,108.27193,148.06554,137.76125,151.13095,140.82507,132.38365,113.44727,156.01953,98.61282,143.62296,137.9436,120.4826,107.23689,123.43046,104.59151,117.53854,96.83134,119.24245,115.25427,122.73341,157.19737,123.45531,137.58673,174.52565,138.04559,121.62059,136.88742,93.49052,123.21826,104.02811,119.693,112.08839,127.76456,133.64825,116.00143,97.92767,114.06717,103.01441,138.50049,121.5215,156.20293,146.59041,138.03328,105.29681,106.74053,147.14937,140.89484,99.92237,108.5321,132.32414,101.59986,177.51399,119.25201,89.58511,123.90501,110.61598,145.26077,104.29287,123.76437,134.18085,93.59473,101.79268,115.31615,95.33135,133.21118,69.58598,98.217,124.98917,117.61768,129.50903,93.5505,120.24609,101.807,138.20091,129.91856,130.26169,84.44311,84.76166,157.05553,121.66995,113.78278,15234.80166,124,15234.80166,122.86130370967743,22.73817716947164,177.51399,66.35637,0.575295324900372,2
7,71.14468,103.188,122.82883,101.28748,112.03094,122.47189,128.5047,0.0,108.09989,109.63682,97.5947,93.44731,146.11642,137.6902,101.13951,137.23663,72.47492,112.71148,126.77863,130.21938,128.13852,70.25201,127.0332,104.14469,80.04989,156.31929,103.79694,116.84765,81.66458,93.74812,94.7503,141.69415,67.3203,69.46413,112.61696,115.78734,116.16901,109.30517,109.93359,136.35297,151.00885,84.62411,112.22771,130.8096,149.25987,116.63371,119.91566,116.14066,126.80553,69.90615,107.29246,102.91848,100.62704,87.74441,87.24323,152.69917,109.05524,96.3716,114.51491,113.94286,82.48096,130.83913,71.14825,98.51075,103.17801,80.79123,117.09537,98.13023,104.41962,102.9356,132.72472,102.41681,134.06531,137.54945,71.57446,72.14298,110.50443,89.55042,97.86186,85.06976,99.51719,135.93111,122.48813,114.05988,114.8596,117.55621,120.58378,93.94971,152.36101,148.87787,101.85362,108.78401,77.66008,116.82063,124.74521,159.9743,133.47821,88.11951,119.39156,115.68689,166.99312,107.00461,151.29399,118.30447,86.81009,107.41602,128.50804,97.58738,106.74508,123.44378,122.21276,122.09486,81.02021,147.36484,109.63494,79.18835,114.83145,86.75782,125.01575,103.26328,64.98134,107.61945,97.88691,133.40071,136.21413,13735.01371,124,13735.01371,110.76623959677418,22.518986965818364,166.99312,64.98134,0.5369512511694629,1
8,104.25146,96.73734,119.39456,99.31821,102.82871,144.89394,169.22264,108.09989,0.0,105.32819,125.08092,122.84004,141.83376,157.85052,108.45181,112.70824,83.93449,140.83496,70.73459,127.04385,114.00235,98.64461,82.99074,159.11757,117.41208,127.48117,113.51833,93.60095,138.22568,132.38177,88.79412,166.6273,116.05165,107.40578,69.85374,108.88382,117.97782,150.77994,129.11954,168.25832,135.65529,96.76284,133.85315,139.28503,144.46281,108.90472,89.1985,91.1974,110.47563,107.72763,129.32083,98.3581,124.86324,106.44763,86.25629,126.9281,107.85258,88.71928,120.85001,138.20549,105.53635,109.759,95.59138,84.91446,79.79885,135.56354,97.81941,65.52023,88.98271,146.73503,116.65087,134.86165,114.7484,133.30078,83.33048,105.10346,148.99281,111.82462,91.2742,123.63654,130.82161,142.64755,145.31729,120.28432,87.86655,109.53223,119.06975,111.64835,147.65871,125.97591,110.26299,143.32309,88.68434,118.61566,152.76669,137.19568,124.6148,160.65329,111.11372,135.75665,141.52669,147.83934,136.34428,104.18001,133.37889,106.44877,134.69914,113.88767,108.8814,135.34888,118.67798,117.47999,109.09346,142.76984,121.25635,102.37893,155.6666,117.05204,91.988,96.62042,138.13472,124.08195,121.811,134.37187,134.08693,14713.59905,124,14713.59905,118.6580568548387,22.13337865804701,169.22264,65.52023,0.5626710558794145,2
9,121.38216,106.51344,125.6957,87.48247,120.30825,108.82639,95.60156,109.63682,105.32819,0.0,79.83774,85.08501,127.76195,121.59122,86.38979,90.74374,132.52432,95.74569,122.86694,75.85782,77.47134,88.36496,118.24908,121.36478,99.3187,126.36771,107.3801,71.549,83.16934,109.99015,74.8055,127.70528,102.56396,115.90797,92.46281,110.34103,122.66371,79.95618,102.49939,95.87123,104.0069,86.31934,82.84912,103.92007,103.09265,115.54887,90.10452,120.04158,120.80813,108.17963,91.50437,123.71238,87.38916,88.50745,89.24588,73.79866,98.66171,77.39927,97.41055,115.48847,85.30318,100.47051,77.50703,46.00115,117.4677,107.85414,103.38663,100.58374,115.65987,82.26547,121.81773,102.68986,70.31139,63.54034,79.14439,104.72191,120.85825,76.4609,85.05952,105.25149,104.30751,121.45911,139.41483,78.88721,101.66293,115.85086,111.49178,90.1472,97.84638,124.0914,97.18423,93.92424,101.28537,100.16848,83.8368,115.69154,75.32135,106.44945,58.59195,116.58679,96.22346,85.61281,103.59959,104.80865,121.3184,60.3095,117.06161,67.75411,109.59569,69.57572,61.08604,113.21997,98.9543,86.11316,92.79315,99.84252,98.28484,95.34806,87.24605,103.16847,104.37698,92.45263,126.30476,117.27711,107.22563,12325.27795,124,12325.27795,99.39740282258067,18.006756585136472,139.41483,46.00115,0.5004486352442972,1
10,116.51694,133.21442,123.42021,123.15855,90.05534,71.87205,94.11,97.5947,125.08092,79.83774,0.0,71.8234,106.16277,100.67336,82.69595,99.8171,114.33227,98.70158,120.12138,86.82647,74.25098,100.1853,141.50723,119.04194,111.74131,121.20463,84.48991,117.25951,86.67757,93.00726,66.09852,90.38415,84.56635,85.61241,104.30342,122.18437,137.85564,109.44353,131.41769,105.45003,127.36741,121.3092,99.03415,66.97227,125.04633,145.28233,92.52593,124.48841,110.99528,100.25152,86.27573,135.88388,56.91022,93.56028,77.3103,126.69534,129.68051,89.77842,112.17844,121.0619,76.19814,70.51475,81.03346,94.39928,127.75999,119.79521,121.95567,134.15134,127.84801,116.16032,104.64188,129.02798,97.37302,100.02116,77.39394,121.79284,147.08562,105.84064,109.75364,93.95311,116.21976,111.63369,109.16566,127.64295,91.19053,96.76962,158.23862,83.41001,125.84325,141.08607,85.1759,111.16368,89.2198,102.53881,92.83385,145.25563,120.11351,81.64214,67.3111,112.60281,145.84073,112.05006,92.23267,95.25154,94.99973,92.58134,116.75806,59.68873,80.64315,84.42461,74.58053,129.55908,127.51833,118.71166,89.9395,97.75504,120.65553,76.47015,96.75784,140.08305,78.82304,69.14123,128.26392,90.74415,121.22107,13025.75688,124,13025.75688,105.0464264516129,21.768314549678962,158.23862,56.91022,0.5181473342249499,1
11,89.96757,87.42946,127.23582,75.77158,124.05135,85.49952,113.57885,93.44731,122.84004,85.08501,71.8234,0.0,131.15724,90.48529,54.64415,116.3797,109.4223,116.75554,116.82802,68.32647,81.24087,118.08788,109.06143,106.78038,101.34217,99.77383,82.52656,80.10383,88.59786,116.36683,86.89713,133.67223,62.28421,105.74405,97.97727,115.43476,102.00784,110.88461,126.32323,140.40009,137.31647,115.2038,104.57474,64.77077,131.29967,138.74327,88.53448,111.35981,92.26734,63.95245,86.21006,118.13357,73.57671,91.13581,100.87003,110.48884,121.6723,123.59535,89.48232,117.06844,49.17363,98.6599,103.69374,97.3438,104.92152,107.15059,104.68336,109.79828,104.40049,111.08823,114.10184,110.83537,131.71773,83.08166,93.24842,117.67701,135.51917,63.80738,96.59466,63.02306,64.99879,93.46159,119.20744,97.29463,66.23478,112.69254,136.89812,91.15298,130.37115,128.93448,82.42448,97.08425,93.15361,67.62637,104.56615,148.29358,106.15919,99.88459,90.05293,99.58121,103.99718,110.76324,107.63903,114.24082,102.96533,120.09586,95.19251,96.85501,88.82852,111.16474,70.38849,91.01733,121.10477,129.2068,71.70422,67.12185,81.75793,74.46995,75.43199,116.10564,71.23067,76.60992,126.91353,81.17511,108.78947,12471.85452,124,12471.85452,100.57947193548388,21.02841802454324,148.29358,49.17363,0.5036975091376888,1
12,138.08029,164.95285,126.13498,142.81595,138.45819,99.10558,118.62196,146.11642,141.83376,127.76195,106.16277,131.15724,0.0,98.35041,142.10712,75.95934,137.07347,125.91939,122.68512,112.13424,108.47871,147.46135,137.54337,165.57419,179.0528,111.2876,113.83756,162.55101,152.68193,116.0442,137.80667,63.89121,150.06152,154.98972,116.93082,157.19858,161.58249,122.73746,126.29398,115.20705,141.93416,148.00858,159.68787,119.70963,77.33282,140.40335,108.57423,100.99165,144.718,136.59224,168.02675,130.89838,77.00309,164.12312,121.96208,131.70001,114.5316,133.57867,85.89346,147.55516,116.59156,77.09898,122.11507,138.22676,134.87286,159.08253,124.23459,171.83475,147.87433,168.01859,130.65746,158.35086,154.24947,142.37671,135.1196,138.80795,175.54051,147.11687,140.06598,119.38995,129.086,91.35781,134.73813,143.44777,128.8452,109.37119,145.44424,78.39791,97.34354,97.78867,168.29442,134.04674,105.95647,135.05586,145.39886,204.15315,121.8526,151.58115,121.26513,122.1095,165.524,150.24539,113.6595,85.78628,120.98852,145.75694,91.66997,105.74883,129.21243,99.79084,112.75527,143.57375,140.1041,142.69142,112.67012,124.23079,166.51086,156.54291,110.42782,156.10184,130.22038,83.50854,162.25951,103.89096,147.62994,16218.52873,124,16218.52873,130.79458653225808,25.303194299189396,204.15315,63.89121,0.5990435151826883,2
13,109.10477,125.36738,95.7589,118.13041,139.21637,47.7273,110.35373,137.6902,157.85052,121.59122,100.67336,90.48529,98.35041,0.0,114.54737,100.21737,136.05318,93.89561,120.87063,72.19572,104.68961,149.53728,132.11417,120.13557,149.74232,79.52433,88.07958,129.53572,124.32749,112.40762,132.63692,92.85236,113.20576,148.04999,101.84375,141.92297,120.58675,118.12843,151.56264,126.8464,111.36904,136.58757,129.24068,78.88057,99.84038,127.99538,83.28976,94.98758,117.39984,120.69782,140.0092,109.64527,72.92949,131.43665,116.10311,107.73034,121.17101,154.87221,89.95196,95.88475,85.55357,110.32998,119.06625,126.50257,109.08112,117.57404,98.1352,159.41382,143.29449,148.15204,99.73178,141.88188,154.97878,133.76685,120.31007,134.94817,137.45285,121.35769,118.43555,80.84212,92.77872,85.91592,115.72901,110.82928,113.03484,141.79839,146.56969,99.29054,89.13844,89.13624,141.09534,80.28413,120.95406,91.75059,106.08044,168.09235,116.05174,122.07926,119.38416,64.19939,138.07358,126.68855,75.80058,87.18955,111.48359,154.92555,49.30805,97.28844,97.25739,93.33485,105.59648,116.31171,158.90633,113.06602,63.56758,82.19883,104.92819,128.69022,89.74198,141.14656,109.93093,88.54173,128.65128,109.25745,95.84916,14110.56794,124,14110.56794,113.79490274193549,24.126853800452288,168.09235,47.7273,0.5460342598825622,1
14,98.27901,100.02404,128.98436,81.62479,97.82498,92.57021,136.00337,101.13951,108.45181,86.38979,82.69595,54.64415,142.10712,114.54737,0.0,115.17611,120.84573,128.96925,102.353,88.21751,106.37731,126.13197,93.95658,118.31601,109.07587,110.53014,60.35236,79.22063,113.43713,130.65332,79.98611,142.73906,64.0221,89.89037,84.79438,143.38719,122.80115,124.37474,135.52414,147.42618,127.07529,122.4424,129.70917,75.74197,149.18159,147.20476,88.86056,119.49188,86.6301,97.75946,81.58265,125.18377,99.63896,69.29925,93.66637,122.89159,138.21683,104.20477,111.06312,133.06448,74.80462,110.09697,97.96328,93.50071,103.80718,107.07824,124.21934,102.8522,113.31693,101.60164,108.02206,126.78217,118.12987,87.99233,91.02608,132.60197,132.93967,73.93536,114.57839,93.14749,95.10279,123.00418,155.46945,98.61382,71.20145,84.47253,138.77858,117.34046,142.17273,141.64206,94.55466,107.1204,98.40815,105.98783,129.68413,145.47925,92.57192,128.93938,70.72034,124.36647,112.5809,138.52211,104.95602,111.22654,132.37012,120.48695,112.98225,96.62366,74.48818,125.68437,60.90347,105.04281,130.71124,124.06058,96.82258,75.98418,106.92934,44.71605,91.55594,124.03966,102.45176,81.90658,111.47086,88.49763,122.01948,13357.81411,124,13357.81411,107.72430733870968,22.736796701840664,155.46945,44.71605,0.5265944838953173,1
15,135.88719,132.72466,92.06431,119.90013,117.82535,94.6324,132.83699,137.23663,112.70824,90.74374,99.8171,116.3797,75.95934,100.21737,115.17611,0.0,129.93611,113.65485,108.61249,72.57096,84.8523,132.03412,120.23666,166.83147,161.97308,110.31837,102.06902,118.96971,143.5903,90.44294,97.83871,94.01617,121.60747,131.28156,79.9407,139.52962,154.01761,113.58658,135.88962,109.66927,109.26553,107.86555,138.19278,118.48148,68.39719,107.57468,69.36496,82.89023,144.04964,132.00476,155.72461,104.4617,70.76682,123.11014,83.02632,92.86914,112.0011,110.53696,92.40981,129.99818,115.3783,91.01722,90.33604,88.67624,109.32872,133.31914,98.5693,127.37602,150.18439,131.14583,122.65683,159.89577,120.03817,126.56487,108.96452,134.33438,153.36778,110.20258,122.84541,126.9149,124.60408,122.92163,138.76543,106.16756,103.28557,108.53951,126.73906,77.34888,71.32161,76.11612,146.17656,109.04121,120.50307,115.23817,113.59608,152.61131,86.90093,145.33113,74.80251,117.58455,137.83299,121.83359,90.90244,53.04535,142.61404,125.08492,95.68273,75.79318,115.6004,82.12965,97.05664,145.31393,136.51923,86.91479,110.33984,111.38939,148.79274,129.26414,90.08795,142.70924,140.73065,102.59362,129.33128,125.09216,134.52722,14190.46402,124,14190.46402,114.43922596774195,23.549997863068388,166.83147,53.04535,0.548060091143354,1
16,75.48263,94.93575,104.65608,114.29154,111.00062,129.16235,161.99382,72.47492,83.93449,132.52432,114.33227,109.4223,137.07347,136.05318,120.84573,129.93611,0.0,129.87534,95.56118,129.71097,115.85836,93.09017,117.87162,142.32925,110.65224,132.70517,113.00165,121.57866,120.53049,100.94365,98.04591,152.21323,90.61131,90.89944,95.09832,92.21835,107.12771,151.72404,141.28114,170.94376,157.32321,97.15005,124.85402,133.8562,149.54387,107.33564,98.54922,82.67709,119.27536,71.38177,136.44238,81.30644,103.1601,112.47076,83.07949,152.87518,111.61456,120.83476,119.12856,117.34045,91.00729,114.8898,94.54932,111.2131,77.45838,120.71924,90.52132,92.60268,97.48925,156.76854,118.60494,135.47093,150.14964,160.93285,80.7353,89.28497,147.1347,114.61488,92.0575,96.15746,115.78855,131.4003,93.37604,136.52867,91.71174,130.57368,138.77777,91.70152,156.88574,127.64269,102.71753,134.64771,83.69191,99.0434,139.83202,157.00499,156.4724,125.13698,136.0963,108.9285,173.81615,132.63892,145.49503,103.65662,92.24738,131.17702,123.15382,114.51028,104.64922,137.75647,142.61801,123.55067,114.27048,160.36966,108.94505,84.66667,145.50075,117.4807,103.13402,110.37779,103.5214,124.12521,113.42064,136.76692,134.95447,14595.31453,124,14595.31453,117.70414943548388,23.381743055962808,173.81615,71.38177,0.55946614263105,2
17,104.4519,124.7895,87.04653,124.28721,119.07921,83.63171,82.80177,112.71148,140.83496,95.74569,98.70158,116.75554,125.91939,93.89561,128.96925,113.65485,129.87534,0.0,125.91711,106.52171,118.8045,88.86231,146.86392,85.36813,101.67857,130.53285,105.77666,122.9882,77.83777,94.71255,117.62084,100.64794,116.97768,127.40755,101.17994,116.74702,112.23218,90.12863,129.81334,83.98077,71.14386,95.93425,79.5668,113.20191,107.43958,93.42063,97.00854,112.87173,126.93429,131.05142,113.4594,105.72209,96.16122,104.32283,93.34059,105.62785,93.41415,108.95655,115.50778,47.44126,91.53175,127.17842,74.62228,89.21008,109.9175,79.58738,94.97168,142.28621,132.48102,116.89264,91.99815,105.85785,100.54338,135.93967,75.98495,87.60442,83.41613,127.22695,84.72733,93.70046,118.80797,125.57857,113.40717,100.29047,141.34612,152.25697,125.18574,105.50417,87.14027,115.24982,122.8554,60.98983,108.86901,113.96103,73.37971,124.4006,118.88611,85.51743,114.65804,64.80503,154.94965,90.22642,90.21715,89.10741,90.80429,97.82491,98.65005,60.56192,96.81149,51.80991,116.01187,124.28606,127.85658,83.61876,73.76927,89.58759,93.84776,121.03795,112.96896,108.56958,101.07526,106.27525,95.72241,147.56572,72.51537,13012.71772,124,13012.71772,104.94127193548387,20.93033574694999,154.94965,47.44126,0.5180303244461882,1
18,89.49209,105.32802,96.76126,106.78317,88.19965,108.41399,162.2365,126.77863,70.73459,122.86694,120.12138,116.82802,122.68512,120.87063,102.353,108.61249,95.56118,125.91711,0.0,117.13303,118.58853,126.59274,72.39081,142.67836,130.63362,80.2727,78.50074,108.17527,146.28874,140.09987,109.37811,144.44647,118.88197,120.07811,45.09587,127.31872,105.11292,158.6763,148.17168,169.2252,109.06306,126.41747,143.39598,106.18988,141.45177,117.58754,64.49138,73.12165,71.63137,121.25259,126.43928,92.86814,118.91643,112.08036,92.2696,125.07538,116.017,113.37215,115.89757,119.21886,91.67714,99.20059,107.64832,108.92406,61.67883,133.41289,91.77255,110.20783,93.1713,165.25706,64.7245,141.50571,127.15044,140.50018,91.0171,120.80188,144.75693,131.61966,97.80488,105.464,125.27821,118.81029,138.83577,123.95579,84.62892,107.10058,135.33272,121.59859,135.86946,107.17609,120.1525,129.28891,86.71656,113.11901,154.78444,146.55882,124.52384,165.13187,117.19749,106.68558,142.85576,166.15907,95.80943,82.27131,124.77425,133.01794,100.55949,110.49966,70.0787,130.71902,111.59359,100.54073,143.46301,137.00345,93.44164,81.63689,148.3078,116.124,75.61771,108.50803,137.71458,103.80016,111.28598,112.789,104.6319,14239.28538,124,14239.28538,114.83294661290326,24.213686768350158,169.2252,45.09587,0.5493370789175529,1
19,121.00698,98.56905,101.99824,93.16676,132.70338,79.25095,118.9757,130.21938,127.04385,75.85782,86.82647,68.32647,112.13424,72.19572,88.21751,72.57096,129.71097,106.52171,117.13303,0.0,58.66478,132.10091,117.7139,139.19617,135.32982,87.35984,97.52757,81.4167,114.63711,102.66615,90.82079,118.94425,94.90559,132.04152,84.37975,116.71194,121.22494,109.39637,141.63176,124.90392,111.43942,107.45938,106.68548,82.60416,90.68533,117.44656,60.98569,93.92381,120.77094,104.24263,125.41182,107.78419,62.41003,106.08545,94.31141,67.86553,116.20993,131.02754,86.0973,110.47888,84.53642,96.31497,103.06227,83.26786,104.25895,119.29712,83.97556,116.99606,134.95279,119.83578,114.81277,138.97333,123.78203,95.95693,103.81604,132.16248,142.95718,78.55933,101.98997,97.04525,89.88731,103.47997,120.07885,86.74429,77.35732,130.21838,133.48636,83.4444,83.95624,89.01859,111.95853,87.55219,122.18088,65.57822,82.03032,130.31194,89.37313,120.00467,76.30027,93.2023,95.95213,99.82375,79.22005,86.38779,129.10573,125.20199,82.11326,83.38502,104.00125,84.0093,78.78128,116.51115,140.71083,87.10072,77.2032,88.75772,100.22626,109.06191,61.59006,129.56644,116.05328,96.82505,130.64503,109.38813,104.31013,12806.57716,124,12806.57716,103.27884806451613,20.781497353967175,142.95718,58.66478,0.5128967759422237,1
20,131.98798,113.14265,123.13096,113.22039,130.26048,103.91831,120.98174,128.13852,114.00235,77.47134,74.25098,81.24087,108.47871,104.68961,106.37731,84.8523,115.85836,118.8045,118.58853,58.66478,0.0,115.80255,133.18591,154.04922,131.28169,100.7729,119.53082,96.09505,110.51305,105.20374,76.18708,123.98802,109.89324,128.2746,98.67348,89.27086,126.71492,125.99477,139.42157,133.36497,136.20721,113.71765,94.07489,90.03879,102.29844,130.15224,75.73043,105.70053,123.02519,95.33745,121.95739,125.38248,61.61415,121.01529,93.45844,89.60225,117.19827,120.95488,99.37807,127.39722,87.61358,63.37043,107.7374,88.13319,119.77523,146.28175,90.2018,118.17867,124.27869,142.95245,121.28703,140.67691,113.96574,97.23515,98.88276,128.45958,169.41136,99.8045,95.18607,106.71248,112.45326,103.67519,95.09953,122.31556,70.27213,130.54321,151.59407,70.58874,110.74363,112.10056,91.12097,124.94244,110.49811,64.80112,88.76765,131.95648,122.19085,115.45654,85.1654,111.30907,114.15183,104.22897,99.03777,99.46816,114.68048,105.69712,111.7252,89.52409,113.56393,89.19666,90.39017,124.2781,133.45851,118.70562,90.05463,109.63745,127.35166,120.18015,60.18421,133.2021,112.70547,101.15473,154.5547,105.80741,118.63387,13617.83264,124,13617.83264,109.82123096774193,20.798640254736156,169.41136,58.66478,0.5344339764432146,1
21,100.45537,112.61776,121.88721,116.45629,113.66254,133.92117,114.11981,70.25201,98.64461,88.36496,100.1853,118.08788,147.46135,149.53728,126.13197,132.03412,93.09017,88.86231,126.59274,132.10091,115.80255,0.0,141.13974,110.29268,65.37656,159.33803,127.36029,112.16817,65.98203,98.59612,90.20727,142.2347,107.48501,95.94686,110.33442,84.99644,113.09621,106.38822,107.38149,117.44569,127.81201,70.18316,72.98106,138.98874,136.83511,100.1301,116.04405,123.08372,131.96619,100.79943,101.75747,112.40016,109.75782,96.49078,84.07107,131.06284,90.15543,72.79549,125.60808,99.38145,93.91467,123.17754,63.63959,73.9926,112.69754,98.35316,104.95597,100.71593,102.43916,113.1049,123.91724,92.37266,90.87681,131.48904,52.80029,55.0332,109.65508,113.09929,69.868,105.38933,126.24772,143.36292,112.72282,117.36152,128.85565,139.6152,119.99887,97.1327,136.98135,146.65559,92.20493,113.83679,84.52299,118.04121,102.68136,124.48623,137.03645,86.3168,116.82425,113.64072,161.58301,89.80498,140.96092,116.30424,84.62164,55.95269,140.50203,83.14799,115.22449,95.2566,124.82276,126.79209,79.90829,128.72278,107.48209,102.64014,120.18578,111.87744,119.73266,88.70441,90.47789,120.01429,111.47298,151.02335,116.61317,13572.18918,124,13572.18918,109.45313854838709,22.558318685604892,161.58301,52.80029,0.532122544293826,1
22,87.02758,88.32847,128.11823,61.59629,134.40102,132.01808,163.28287,127.0332,82.99074,118.24908,141.50723,109.06143,137.54337,132.11417,93.95658,120.23666,117.87162,146.86392,72.39081,117.7139,133.18591,141.13974,0.0,142.03238,135.54123,93.50323,93.97076,91.61346,150.38535,158.91333,131.08401,167.20024,122.37824,142.83124,72.83298,144.33633,100.68892,141.29845,119.39185,174.36781,131.01285,124.3127,158.50334,125.1,137.5876,122.1186,94.34944,85.00999,88.6542,110.93806,135.49287,97.14879,131.09775,124.24839,124.43621,115.05434,105.23932,128.92488,90.19589,139.4252,93.03464,125.22462,124.83244,113.93543,71.76517,129.59219,102.9275,99.29064,83.13372,147.29092,115.98065,122.7082,151.18158,119.16008,118.52773,119.96623,136.87881,103.90579,106.0962,101.02288,92.59706,111.31435,170.67751,93.39787,94.85705,107.90284,96.22913,124.95261,135.89122,107.61711,141.64107,124.68161,93.66504,118.18247,169.21237,171.86572,93.68584,177.98578,126.05597,122.93354,107.00053,164.04076,130.3549,115.57421,142.07625,144.52724,95.69431,134.08147,109.89548,145.12827,101.40211,76.32069,120.24239,147.99376,103.56683,80.22817,132.20525,124.47849,85.42583,89.59114,136.58832,104.62277,127.75456,108.64314,121.27544,14848.36502,124,14848.36502,119.74487919354839,24.419708856420787,177.98578,61.59629,0.5652787278260901,2
23,84.68761,124.25408,140.99344,112.7338,141.79594,110.27003,94.85475,104.14469,159.11757,121.36478,119.04194,106.78038,165.57419,120.13557,118.31601,166.83147,142.32925,85.36813,142.67836,139.19617,154.04922,110.29268,142.03238,0.0,77.84811,144.12148,108.25414,128.65012,72.16267,146.85738,145.16228,146.07829,116.11839,135.99319,130.69608,142.62497,95.98267,106.71117,124.68966,130.95114,119.94738,130.99913,107.16079,113.53953,159.70201,140.87256,135.99884,146.47775,106.33096,122.30713,84.97493,135.70401,131.88303,112.82355,135.47925,142.7312,117.72124,132.08873,127.24936,88.12083,80.19574,153.765,114.13897,126.38155,126.27018,81.31741,132.41556,153.56586,112.24731,121.03156,111.57427,71.02367,136.92284,129.74246,102.17257,96.26868,78.83965,129.12759,100.91762,73.75951,102.92496,124.48096,147.40562,111.70943,152.16736,155.77032,133.84517,140.18272,145.56133,160.77267,123.55878,85.82477,102.59419,130.4771,125.07388,162.42395,134.743,98.67779,145.04016,93.04165,152.85049,127.73557,131.69214,143.67722,90.13911,122.41858,116.71554,114.03973,104.5616,117.08363,118.70929,97.19437,126.35682,143.25543,83.09686,84.32538,69.47138,112.17446,134.39555,100.98706,77.88754,104.34315,114.53511,136.46271,86.96977,14970.88869,124,14970.88869,120.73297330645161,23.437663280082074,166.83147,69.47138,0.568617418859145,2
24,87.93006,94.5726,138.94411,103.02366,125.5853,135.2451,123.83704,80.04989,117.41208,99.3187,111.74131,101.34217,179.0528,149.74232,109.07587,161.97308,110.65224,101.67857,130.63362,135.32982,131.28169,65.37656,135.54123,77.84811,0.0,153.43419,122.47856,94.49433,55.9931,135.1749,105.29895,170.91211,97.81409,105.76469,117.0381,96.89105,86.6783,123.17553,126.60642,148.07973,131.30394,97.68894,72.90839,125.18317,167.82085,126.22412,124.00859,140.64188,107.00922,98.4015,65.67327,126.41543,131.24136,84.50941,109.29812,136.18852,114.07548,104.25481,137.75452,96.83082,80.52883,143.4288,95.24155,91.56355,113.32817,90.99959,116.04281,103.09459,90.09299,114.48747,117.3708,75.62659,107.04193,121.83971,66.95937,78.38636,98.79382,108.73213,69.41319,91.8633,114.91322,144.58203,130.23668,113.55102,126.37533,153.29552,133.24292,130.21658,159.53716,165.96683,72.27287,110.81213,95.84023,111.70679,113.57298,118.71141,142.93745,92.96627,129.60214,111.50182,144.90361,110.00714,142.34393,142.40919,94.03599,84.53395,143.07887,108.08893,105.69198,121.8263,121.61263,103.78413,105.88457,141.87068,97.75083,90.61326,88.37438,95.74159,120.15875,81.10073,85.23098,123.9311,111.7443,146.96016,98.41451,14101.22374,124,14101.22374,113.7195462903226,24.694614997487992,179.0528,55.9931,0.5455588565748766,1
25,111.27116,113.4557,118.15486,106.21011,139.17516,92.88892,145.12228,156.31929,127.48117,126.36771,121.20463,99.77383,111.2876,79.52433,110.53014,110.31837,132.70517,130.53285,80.2727,87.35984,100.7729,159.33803,93.50323,144.12148,153.43419,0.0,95.34914,112.9194,149.04512,154.32555,135.03673,137.4122,134.37076,161.71133,82.72396,134.2682,102.55912,153.82866,155.23277,168.99258,120.69388,151.84758,143.80861,78.08868,122.28536,139.97598,72.04678,87.01723,78.3008,122.41408,137.28659,116.5586,106.43816,143.22659,128.69392,101.3947,122.84627,156.19701,95.00886,124.22738,85.12511,92.56065,141.38191,131.3093,95.2219,152.26717,92.26221,145.7644,111.31473,178.15994,85.22665,144.81549,154.06201,122.48283,127.35886,144.83157,164.16524,132.27956,109.30846,92.94798,104.02456,76.09277,132.73364,123.23056,86.18853,134.30916,149.12871,118.66074,117.65411,92.24415,133.7717,123.83942,111.21419,88.1102,144.64783,166.06882,121.86662,165.29114,127.9361,91.93725,110.2117,162.82637,80.83151,102.89733,127.50229,156.45033,68.10219,125.89095,95.69312,124.84062,100.54774,86.8096,163.81693,140.43227,69.93487,90.11468,129.81146,139.07898,53.38726,127.49805,135.7851,94.14714,150.97333,89.368,92.75318,14908.7594,124,14908.7594,120.23193064516128,26.83790716670866,178.15994,53.38726,0.5656689367384289,2
26,82.41003,115.94575,97.5573,100.96802,74.7485,58.07809,128.91951,103.79694,113.51833,107.3801,84.48991,82.52656,113.83756,88.07958,60.35236,102.06902,113.00165,105.77666,78.50074,97.52757,119.53082,127.36029,93.97076,108.25414,122.47856,95.34914,0.0,111.19718,122.22989,117.89319,99.09433,108.37136,79.95181,92.39458,68.37344,151.51234,122.15796,124.02673,138.31918,134.03752,101.97506,126.3967,139.06488,72.62894,135.76682,132.61349,75.98444,97.2306,80.19944,114.13284,101.8312,106.32189,92.41475,82.52717,83.60822,129.70425,128.19455,104.38131,106.02431,111.87561,75.61909,104.80921,87.21189,105.89087,87.40773,96.85567,115.81976,126.35577,118.28122,120.8662,73.96264,132.12029,123.52528,121.16051,86.4168,124.83163,119.60103,106.98633,116.24037,84.75194,102.934,112.81628,145.63837,105.49914,91.47708,78.79297,136.1942,113.41309,124.81629,120.47593,118.60054,92.69372,87.46606,117.03964,133.35718,156.93707,97.56183,130.79909,86.45735,100.09254,142.33112,147.59811,80.1625,78.04241,117.62885,130.97394,86.18269,82.38662,43.65961,113.2255,79.32101,107.85525,139.075,116.23405,83.55954,61.4934,118.1461,68.79884,95.22092,125.92548,104.58094,67.78225,87.40762,90.93056,108.38947,13027.55225,124,13027.55225,105.06090524193549,21.977901906206593,156.93707,43.65961,0.5181904042092063,1
27,105.16525,53.44447,122.09663,59.83231,133.77998,126.7003,145.20485,116.84765,93.60095,71.549,117.25951,80.10383,162.55101,129.53572,79.22063,118.96971,121.57866,122.9882,108.17527,81.4167,96.09505,112.16817,91.61346,128.65012,94.49433,112.9194,111.19718,0.0,107.17223,135.5265,89.37848,173.18651,93.01711,125.20565,79.40575,101.43581,91.29289,124.91233,133.91423,156.72902,116.82299,88.99241,98.61625,112.58096,136.55403,111.60077,81.79056,108.53937,104.48664,97.56309,101.16831,105.6329,116.02797,83.09688,102.18559,78.80508,111.56036,117.77458,109.69985,113.77345,84.41138,127.83396,104.55266,63.37857,88.04824,109.04221,86.28183,63.94146,100.55729,110.14166,119.59123,112.71824,111.32462,90.25055,89.36343,113.80792,122.72513,64.53554,75.84297,102.73195,93.67116,131.75998,145.25536,71.95366,80.83855,139.54433,113.54884,117.37757,126.85115,122.32805,88.82347,102.8915,116.03847,78.72467,110.44286,101.87774,96.48305,135.77586,95.83295,112.85041,76.68887,111.29478,116.83997,120.15162,137.74489,107.4516,117.05942,108.18198,108.51968,117.90901,91.58884,93.85484,121.06766,109.17776,92.4545,84.37269,90.24876,98.36549,73.12578,87.76555,122.8659,121.10674,119.70222,130.936,98.94106,13186.97297,124,13186.97297,106.34655620967742,21.245667979241865,173.18651,53.44447,0.5229612573744976,1
28,100.24109,111.39637,135.49431,108.40475,135.09286,114.24589,78.2674,81.66458,138.22568,83.16934,86.67757,88.59786,152.68193,124.32749,113.43713,143.5903,120.53049,77.83777,146.28874,114.63711,110.51305,65.98203,150.38535,72.16267,55.9931,149.04512,122.22989,107.17223,0.0,110.50085,104.40932,136.67984,98.25684,113.82192,125.70458,96.80545,102.17288,87.5378,110.92216,108.74635,128.5695,96.06147,52.34521,112.047,137.21371,124.66743,122.20821,138.86609,123.27844,93.30952,76.8282,130.0584,100.3559,98.67784,108.02011,121.96978,102.99432,106.53406,117.44736,89.71452,73.37095,127.24186,88.19191,90.40491,127.80949,89.26291,113.3518,125.71687,109.51391,100.97455,124.83883,72.28468,106.53378,107.76529,75.63947,77.58064,102.78818,102.02751,76.21459,80.18951,101.70093,123.73022,110.6054,107.90607,129.75694,150.65459,131.59468,102.67915,132.41656,152.91447,85.05412,91.87598,96.0184,101.58986,78.91879,132.33673,131.468,48.56405,117.45855,97.67171,141.04353,74.50937,130.82581,132.0748,74.0864,77.23381,126.96487,87.34705,112.93739,87.68223,107.98721,111.31264,98.68587,126.6437,84.47063,93.63164,73.20163,102.97263,116.6115,98.42589,57.32098,105.13671,123.85945,134.84618,98.22429,13239.67021,124,13239.67021,106.77153395161291,23.003928478806223,152.91447,48.56405,0.5230490235903293,1
29,121.75883,130.32811,83.55034,137.02254,117.65638,102.15588,128.99065,93.74812,132.38177,109.99015,93.00726,116.36683,116.0442,112.40762,130.65332,90.44294,100.94365,94.71255,140.09987,102.66615,105.20374,98.59612,158.91333,146.85738,135.1749,154.32555,117.89319,135.5265,110.50085,0.0,90.96492,101.48402,92.09364,97.17901,110.99188,120.47988,151.98572,109.77219,145.53969,106.9149,133.56076,80.93718,112.81406,136.88724,107.50592,97.5466,100.07822,102.84652,164.08499,112.90511,151.3484,97.19916,67.01982,106.81636,65.30022,134.7276,118.78097,114.17458,119.55695,105.66994,115.27757,123.75265,63.40503,92.57098,116.31332,100.9784,104.44954,125.11057,158.51796,116.99195,137.01817,153.23662,131.48242,158.70656,87.4769,108.76711,133.81096,108.94271,118.08734,119.09935,128.00174,147.65443,101.72565,121.73835,124.24157,139.54875,141.08603,71.61658,109.53883,115.76133,129.41577,99.80237,123.32767,114.48531,85.36156,146.57939,133.82562,89.47151,104.17876,107.57195,180.75546,82.98188,125.8405,76.918,114.34983,122.16823,120.71039,67.45648,120.2457,87.99995,135.13907,163.64812,126.79383,104.92316,117.43832,107.46486,137.63779,119.27348,124.1072,145.01059,110.66949,125.51102,105.09679,157.04822,142.43796,14505.64077,124,14505.64077,116.98097395161291,22.642747185754033,180.75546,63.40503,0.5570315736313511,2
