Vértices,0,1,2,3,4,5,6,7,8,9,10,11,12,13,14,15,16,17,18,19,20,21,22,23,24,25,26,27,28,29,30,31,32,33,34,35,36,37,38,39,40,41,42,43,44,45,46,47,48,49,50,51,52,53,54,55,56,57,58,59,60,61,62,63,64,65,66,67,68,69,70,71,72,73,74,75,76,77,78,79,80,81,82,83,84,85,86,87,88,89,90,91,92,93,94,95,96,97,98,99,100,101,102,103,104,105,106,107,108,109,110,111,112,113,114,115,116,117,118,119,120,121,122,123,124,125,126,127,128,129,130,131,132,133,134,135,136,137,138,139,140,141,142,143,144,145,146,147,148,149,Grau (Ponderado),Número de Vizinhos,Soma dos Pesos das Arestas,Peso Médio das Arestas,Desvio Padrão dos Pesos,Peso Máximo das Arestas,Peso Mínimo das Arestas,Densidade Local,Conjuntos
0,0.0,130.46434,170.38187,155.07985,146.31268,95.8194,163.71985,134.23323,119.5228,112.7263,131.66786,105.38697,152.14461,138.68814,155.96992,135.69803,87.39092,83.39452,132.84465,113.20053,149.72534,122.5091,168.4697,162.53397,151.57613,150.37692,121.91818,137.62289,137.05528,152.99181,87.04237,123.29587,138.53822,134.22107,173.06139,158.80191,161.26019,125.364,159.50136,167.1076,130.7001,118.25687,127.2933,157.24933,133.82596,134.11665,139.43881,117.07813,106.07487,103.37135,136.65414,156.46953,89.28596,162.12219,121.28929,119.82952,167.02556,157.90218,144.55214,125.01918,116.65461,126.32838,112.84321,132.59541,102.34566,147.34573,113.24724,141.65558,126.15414,138.88348,153.39754,126.99422,155.43913,136.18484,124.25671,133.50623,196.66846,121.27461,108.68314,89.91678,173.77678,132.99104,124.20016,160.79225,123.67758,145.54575,122.6203,134.25591,110.55042,164.78584,143.62119,122.00274,162.56291,96.62962,141.75519,140.78508,139.18607,122.83205,138.83298,119.1786,177.04726,106.1359,137.07178,124.59319,150.56042,143.84631,140.75385,111.00578,135.16576,152.05605,158.93715,155.27977,114.70778,82.10326,123.8512,158.1581,145.77782,162.70341,141.56462,153.03212,165.48573,126.79473,160.10896,85.91267,124.86466,131.78769,114.5954,135.53824,119.3094,122.27081,127.07312,120.92352,169.05931,189.41434,128.09174,161.51282,123.75776,143.14812,123.14702,95.82369,101.18743,150.92599,187.91013,134.34906,157.86913,139.05171,119.72913,137.64223,145.32587,124.53217,20161.6265,149,20161.6265,135.31292953020136,22.482553359706944,196.66846,82.10326,0.5962036805226792,2
1,130.46434,0.0,82.43507,141.6815,127.54465,133.51288,128.70116,120.00304,106.71799,121.46055,123.15477,144.88234,120.50472,100.88615,111.26299,104.62695,136.07494,126.06391,115.47841,96.47005,112.29305,121.02039,74.60629,120.08171,82.53628,86.92091,87.42285,65.60844,114.69283,113.7212,78.3062,125.17097,106.91125,116.07153,106.67791,68.01277,114.28655,70.86149,95.93296,114.05027,81.35193,114.37499,76.43668,93.01707,96.55518,103.16817,75.33408,97.77754,120.55573,106.77107,92.99161,143.47769,105.69376,118.42416,112.3202,86.35184,105.51597,118.25368,129.93523,109.43373,70.54578,71.91872,98.34072,107.23299,108.96613,103.97126,116.11699,137.78539,105.95045,118.34798,81.28014,117.25706,104.02834,106.93288,143.76437,136.96265,139.08763,65.22518,138.70726,106.82549,130.00804,98.15252,82.66216,127.32047,71.21049,92.40646,101.77939,89.86556,98.27238,110.90589,94.77957,114.52878,105.62416,112.37332,75.86367,136.97275,111.06722,111.79142,138.12836,127.51973,102.36763,116.57208,94.17835,112.82899,92.39879,75.38177,116.10757,88.37718,139.54434,122.06449,104.85416,108.31247,79.14404,108.76882,90.38322,91.26549,109.69897,69.39538,99.31032,99.88074,82.70792,113.08426,105.5647,107.67297,135.47025,107.56245,148.9879,101.03738,99.37215,81.33878,54.22958,102.06138,134.74442,118.52872,119.0807,115.73815,123.85128,106.76769,110.26307,120.67496,130.45956,113.5529,114.06361,107.5385,130.20663,127.01977,85.4201,106.46229,77.8307,97.63314,15945.09303,149,15945.09303,107.01404718120807,19.6811385340447,148.9879,54.22958,0.5100381980455613,1
2,170.38187,82.43507,0.0,144.56377,108.68579,137.86142,143.8353,153.25337,121.2339,138.92236,144.60446,149.48068,91.27971,77.33095,95.07132,135.5504,146.9894,152.75456,109.91404,104.73683,118.54581,152.65324,100.98009,131.9192,79.78851,117.21144,127.67532,103.4436,163.18944,113.15429,122.56247,154.16063,123.25544,138.41432,106.72257,62.729,132.03259,102.27464,82.86218,83.09834,102.05943,116.00835,131.35678,111.37928,115.8067,135.69434,108.3967,92.48495,145.05496,164.63885,137.5354,155.02032,112.21246,141.24973,144.75558,133.59872,108.73574,82.96957,131.53003,145.61853,104.59016,96.22911,115.65562,139.99925,126.98761,117.92488,125.68409,139.64772,129.85007,100.76549,92.85515,134.8369,136.76682,116.37434,159.75146,152.28052,130.32231,107.62281,135.98135,133.28368,141.12418,137.4567,122.73104,134.57375,142.06551,109.82164,116.57497,112.48045,125.62872,116.85995,121.51781,136.84068,89.39499,139.18889,82.21014,160.29019,119.92647,144.81569,127.8741,122.60263,78.90867,121.60969,84.76876,136.87126,128.07079,86.07583,121.85784,110.28824,138.25929,117.17392,123.23508,123.9724,126.18391,134.03473,122.92063,116.13392,133.52335,108.1599,119.50518,109.01014,129.34624,138.85216,125.73103,160.52878,155.30704,118.95174,159.90851,128.82628,105.38545,86.85175,85.0465,123.67703,167.32391,107.01443,138.35535,130.88847,134.96426,150.10472,143.66542,137.82658,144.71025,167.3434,129.68825,138.48578,149.09715,149.85555,142.54385,134.38515,137.79767,99.16215,18605.24096,149,18605.24096,124.86738899328859,21.976783702943173,170.38187,62.729,0.5650027977167388,1
3,155.07985,141.6815,144.56377,0.0,131.6722,124.92245,60.46466,182.04855,145.89958,161.29326,174.37268,109.30878,151.31065,143.08221,149.10051,149.33549,162.61032,123.81727,153.67455,140.08502,117.23835,169.64761,118.0443,149.98145,126.69098,143.43756,142.25082,128.74617,143.58548,120.85385,144.18024,146.00043,139.16353,139.00851,81.5863,132.52708,111.42019,155.28427,145.39011,116.77649,133.32401,108.02156,169.97383,156.69836,130.5536,169.27794,107.15217,138.58255,120.18594,169.81822,99.61472,149.42345,141.39992,136.5018,158.50111,116.06635,111.07146,115.61684,126.1112,159.88208,120.48331,136.87508,156.09161,117.99174,145.48753,107.56985,96.1204,77.38137,136.98907,177.40887,103.43632,94.58435,168.94139,124.97399,133.86078,163.8593,131.10789,144.83449,127.04543,108.78009,163.58348,152.70616,142.79503,115.55163,165.66479,162.59836,141.88675,130.77457,161.08501,150.19063,163.12938,112.82462,174.19987,130.35081,145.88293,116.05173,147.18787,124.96588,143.49199,143.63472,163.78535,91.24203,145.16698,118.23637,113.39699,165.62038,117.34982,133.60262,66.63564,96.87936,154.80031,146.17953,140.90395,137.52536,149.3186,151.15039,129.59009,131.36299,122.22655,184.19154,136.74699,124.74348,127.78817,136.54791,121.98755,94.97237,135.22591,166.20999,154.0831,150.9995,141.28571,135.57918,169.42262,118.11003,178.56091,139.94849,99.43225,114.2513,200.33528,111.49774,120.81496,151.81036,172.97829,71.41093,110.34019,121.93872,168.42188,126.48712,154.75851,174.62732,20346.77481,149,20346.77481,136.5555356375839,24.577194085208383,200.33528,60.46466,0.5988329571103079,2
4,146.31268,127.54465,108.68579,131.6722,0.0,120.22449,136.77698,160.49007,108.40177,115.96636,133.0276,140.32578,119.35406,125.39795,95.27673,133.82957,151.69576,127.82037,133.49815,145.11705,152.46121,152.29959,133.53618,169.84192,131.72264,138.63477,104.75632,146.10284,164.70091,124.08265,131.61659,149.44589,90.333,157.73863,146.05751,111.50865,127.69861,115.5298,128.26622,135.02524,118.38406,140.99956,133.13464,136.52911,136.23114,152.30673,115.36415,117.48231,119.71928,154.04623,148.18645,162.91882,73.85369,107.46258,156.64967,144.54501,113.04374,69.0744,115.65276,110.79561,143.57661,102.94775,126.52109,175.45383,128.95554,131.98575,98.17582,114.13446,148.48698,99.46387,99.59058,133.4915,165.24124,124.66997,136.15118,137.49443,135.51428,137.61523,100.88462,139.0199,130.51392,160.18414,167.7634,142.07401,149.23326,145.77582,135.10912,132.79315,145.82155,120.14102,188.21327,152.09418,158.52596,140.22243,127.29609,165.22006,135.92686,150.26161,145.95895,95.5432,116.51485,73.37987,109.24867,113.21395,145.14119,121.2122,106.13477,141.68112,110.94488,135.06413,111.90124,147.95302,135.30984,137.40131,135.12201,181.86938,113.45067,135.16133,114.67149,110.14346,164.66942,116.25449,137.72121,152.30545,112.41388,107.2588,148.65793,154.99873,139.94063,122.33208,93.21675,150.37733,156.7393,126.50862,158.00238,119.53516,153.86494,155.76625,148.39017,125.09524,145.51283,150.25046,147.33461,156.83818,110.09476,150.0621,170.02078,107.58835,148.01721,120.54239,19813.03356,149,19813.03356,132.97337959731547,21.396597430672355,188.21327,69.0744,0.5893827761016764,1
5,95.8194,133.51288,137.86142,124.92245,120.22449,0.0,148.53525,118.6558,86.24786,137.54787,132.27959,75.99971,133.64392,90.41708,131.52174,136.70134,96.23727,89.47826,118.34796,80.59238,103.63052,138.80302,150.24197,114.94401,137.87128,126.59866,145.74088,113.6944,120.69607,108.65624,92.30158,127.45493,142.83167,135.05904,152.40663,133.30066,152.08131,137.40607,133.99899,143.54283,97.03974,74.39919,150.25056,136.18195,112.07409,117.65051,143.16675,77.23873,96.52512,127.33423,138.86449,136.10678,93.1398,148.86452,118.43952,107.25507,149.10733,129.01709,99.61398,152.28992,118.25426,125.06532,119.49838,131.48454,108.02898,108.51234,82.29382,119.86359,92.7866,114.3501,127.09074,88.52356,161.86713,94.81618,103.61528,95.94683,172.2482,119.28572,97.15019,112.84639,158.43974,138.20161,104.96829,139.47308,157.87973,132.10109,128.97856,91.85841,91.93286,138.96991,141.3094,112.34241,127.14532,116.08562,129.76279,110.1529,130.75449,114.85642,92.37614,84.48357,155.49826,102.18698,130.25061,106.51479,144.84872,149.05963,90.44261,87.93228,98.97717,130.46811,120.49004,109.82324,139.19965,101.2906,142.74991,151.73372,130.51605,141.48563,137.28226,149.52322,145.07114,118.90534,121.70387,131.55447,150.33655,109.10274,115.16351,145.8244,114.26495,94.25924,127.83023,93.48126,175.54831,144.45157,141.87027,141.48599,91.64845,123.58522,123.00883,51.40065,88.47239,172.82187,174.6866,125.1753,132.38731,142.83322,161.5533,108.49921,150.54726,130.49022,18308.20444,149,18308.20444,122.87385530201342,23.381308689868757,175.54831,51.40065,0.5584178265682385,1
6,163.71985,128.70116,143.8353,60.46466,136.77698,148.53525,0.0,179.66977,136.017,155.57716,159.8663,135.62439,147.91325,157.27963,148.61766,127.09129,185.47958,143.42731,146.98445,160.04758,134.63327,171.53877,107.34698,167.4274,128.7596,126.94677,135.79672,133.87881,143.45407,120.84006,150.17059,144.30093,135.90359,148.88715,77.44193,119.28168,77.1741,154.15266,146.7538,129.78981,120.45795,120.10194,148.49959,155.56549,130.34456,149.97238,102.14283,145.86151,141.00511,162.89227,108.12423,142.08635,148.79639,135.19884,158.46729,112.8271,107.40604,124.93951,147.2968,145.08,119.84205,125.03686,150.55571,109.95609,155.15787,105.66334,121.41942,96.66628,155.99669,175.85907,95.2443,109.35908,139.86232,118.47943,148.54442,167.41446,98.32441,149.24374,149.53403,103.88587,140.61136,163.29048,144.00302,123.73621,154.00873,163.07117,140.16344,135.60005,176.13063,153.16841,160.94894,107.02678,176.6993,149.94559,130.54401,104.86257,145.67116,128.29625,144.41641,157.12376,158.15935,94.93127,151.83336,115.03171,104.91061,149.12254,115.56066,135.36603,81.89584,115.25384,143.78085,141.09821,137.62801,145.10886,126.24167,140.81804,130.85509,114.38518,103.45918,169.55612,119.9763,116.1041,113.57904,142.2603,121.35792,81.7951,137.33972,147.93501,169.37827,143.72047,130.42604,137.68901,147.40508,119.04641,172.23454,121.99665,110.1701,104.49268,191.48911,131.01682,131.05099,120.89645,160.45746,84.5754,98.6032,106.34193,160.9426,128.7693,130.09412,186.82756,20165.50525,149,20165.50525,135.33896140939598,23.981109259241627,191.48911,60.46466,0.5954100085506995,2
7,134.23323,120.00304,153.25337,182.04855,160.49007,118.6558,179.66977,0.0,102.85253,165.3423,94.3148,171.18681,166.53094,137.24084,170.48926,111.8577,165.17455,121.42072,142.38168,114.16452,146.77515,160.17746,154.28455,103.93591,156.72821,125.77392,153.16476,123.54952,129.53337,148.31551,110.68642,105.23372,168.54269,171.17935,178.36421,130.62169,157.33124,109.18466,144.70779,176.43217,102.69554,145.36107,127.5132,101.23515,118.08696,91.93073,138.51671,104.62122,148.91579,86.57261,154.00726,114.42908,127.51369,161.27176,94.85629,102.8168,179.54364,159.38583,117.26669,150.61485,153.50511,104.81261,156.05423,147.14937,123.29985,155.34718,122.88051,149.16966,99.85675,133.16553,142.80554,117.36458,145.47311,101.23428,151.97276,55.59304,164.72311,127.8111,175.0584,152.75069,119.97308,154.29268,104.48296,133.40828,123.60992,139.37839,160.24565,112.07895,107.92159,111.5456,144.47437,138.17238,144.58867,152.24738,142.76768,139.55875,121.43642,79.51876,124.92626,124.53575,160.90968,161.83093,131.56546,137.99634,144.7877,133.16129,92.4971,94.42624,165.00131,142.53194,107.81345,142.01009,146.20833,123.03081,152.28217,139.38136,161.07303,144.33316,174.96762,115.67213,139.58771,131.55086,141.95493,140.27824,171.83578,123.92357,131.78658,99.69698,114.05889,109.35248,106.30357,131.0598,109.71394,144.25371,108.78089,129.35789,140.57809,110.61494,72.43811,108.35102,144.66438,136.11668,175.29993,161.20753,160.26622,134.9584,153.53067,118.70514,131.40767,141.07404,20046.36736,149,20046.36736,134.53937825503354,24.683468720362413,182.04855,55.59304,0.5931329048327229,2
8,119.5228,106.71799,121.2339,145.89958,108.40177,86.24786,136.017,102.85253,0.0,106.90017,81.13287,125.13459,127.89779,103.08716,111.01255,91.24751,135.80251,126.90332,114.15683,113.7776,118.39119,120.70398,122.05453,126.77731,124.44031,103.24166,135.46597,115.12897,119.75027,90.3272,99.91383,131.05388,120.64972,132.84248,146.21199,91.41599,109.65411,120.552,108.97968,157.72713,63.26738,101.7411,106.12903,104.46691,115.68956,62.2183,131.34306,91.77676,118.92873,107.85783,148.33713,121.58607,98.74267,131.90805,107.53343,110.39906,130.50624,129.98401,108.51455,119.64402,121.55536,84.30915,106.95811,130.77354,103.21365,90.71076,107.28822,133.30756,122.1813,87.81624,111.26244,116.50687,111.286,56.09435,105.73483,84.15622,133.22646,122.82411,122.7375,114.22935,112.08646,155.99654,105.54089,136.60341,133.7765,125.32475,113.34483,84.88847,104.70028,123.62609,138.9558,111.78292,124.25947,135.03384,107.66843,96.05038,111.04781,116.15295,93.67547,82.4405,115.84577,106.77618,130.16006,101.00912,134.53081,115.43658,77.78905,78.22,118.5021,142.98155,74.48465,84.82256,126.11,115.13446,97.0688,133.91801,125.95646,108.46146,106.22506,116.09956,118.87683,119.09859,97.05839,137.74423,145.25044,79.32524,114.52605,116.7253,127.71471,65.93918,95.89009,109.75488,138.44226,140.85252,118.77134,119.85574,109.6333,114.47456,91.83588,88.31941,121.42933,135.11337,150.62129,145.54494,119.90011,136.27472,144.31331,91.67262,121.36789,135.90852,17010.69751,149,17010.69751,114.16575510067113,19.49146375238856,157.72713,56.09435,0.5327534807525107,1
9,112.7263,121.46055,138.92236,161.29326,115.96636,137.54787,155.57716,165.3423,106.90017,0.0,111.22208,146.99968,142.04001,137.11469,126.62052,115.84501,114.9283,140.40182,154.31512,143.22763,154.19357,73.63456,134.58078,174.65843,114.5567,162.80663,128.67422,153.3291,175.90544,142.33452,127.50053,156.29366,88.47517,102.17436,149.26198,117.18548,128.12738,110.92387,111.44794,165.58379,135.18234,145.30948,106.33942,126.70844,168.03893,137.2616,127.36884,140.35321,129.32658,140.06358,153.98128,162.11552,103.17612,146.4425,127.92765,163.46744,132.3847,140.93849,140.23216,92.14827,128.58917,89.78561,121.04257,151.37379,79.59454,127.85739,126.03616,139.71008,161.59906,122.687,149.52534,172.15056,133.34323,122.87474,101.09534,155.14522,168.4007,144.87595,107.15707,102.02832,152.49789,165.23923,153.09404,148.58931,124.3511,142.3774,95.4435,145.2981,125.17094,158.99942,155.57455,144.27596,163.58803,94.52195,136.59798,154.92813,124.12656,149.19124,156.02184,106.13731,102.59384,104.39283,128.07037,140.00812,156.61801,115.54938,155.72919,120.1489,153.00964,146.63779,147.42929,149.31168,93.53002,122.59673,80.29289,148.22536,151.54565,147.85101,108.16616,150.45146,167.0246,165.78123,159.63515,117.13711,105.78902,108.0516,118.33772,137.07542,125.81827,120.4992,109.52235,163.40712,163.94342,194.43117,114.18664,178.55743,146.09782,167.93227,147.88458,129.6411,158.33549,144.89006,180.93315,162.59404,170.24806,162.15434,108.03254,137.33742,165.50195,112.98281,20305.68357,149,20305.68357,136.2797555033557,23.690809216840616,194.43117,73.63456,0.5983518826406261,2
10,131.66786,123.15477,144.60446,174.37268,133.0276,132.27959,159.8663,94.3148,81.13287,111.22208,0.0,165.66888,137.68263,149.01405,139.3279,72.51281,162.89984,148.30809,128.48027,140.89642,150.20297,135.65256,145.0043,145.50691,143.19107,142.75629,152.3573,153.0155,159.99347,135.97664,129.52495,118.95444,149.70113,161.27838,163.40396,108.10331,119.65286,100.61954,127.6514,167.18459,114.35178,146.85509,109.97479,97.81148,135.48523,85.54221,125.70312,126.37537,141.20268,96.39752,162.09624,94.13029,113.87228,144.44626,95.96508,137.05969,162.90173,138.09448,111.93486,111.07228,151.64594,75.195,135.54692,157.12372,91.93027,145.91069,117.57955,141.11543,144.49252,110.94702,141.28259,148.61565,97.48096,77.8034,131.27603,79.95676,135.87733,155.21661,144.02586,124.21337,82.84214,173.19991,135.38928,115.78673,122.51432,144.01346,117.49625,137.44495,130.15329,111.04913,148.69165,117.61861,149.92914,143.57262,134.50896,125.61018,100.41257,101.48625,112.06017,98.90435,129.76616,133.94357,114.97065,153.35136,134.95534,121.30959,105.19897,99.09879,158.62216,142.59676,120.97015,147.03957,131.94868,110.34854,111.27287,133.80171,152.76044,147.75293,155.38504,111.09786,161.18466,137.95274,151.29674,129.62263,126.97269,89.24527,102.83817,93.32359,121.18514,108.06053,93.00217,151.21243,95.95967,159.62238,95.11339,133.11673,145.91078,144.97849,94.3325,129.97826,143.57491,130.65382,161.31241,170.59392,161.85098,116.48779,141.93365,117.30977,149.59105,142.7356,19318.50151,149,19318.50151,129.65437255033555,23.327516830930023,174.37268,72.51281,0.5787078782076847,1
11,105.38697,144.88234,149.48068,109.30878,140.32578,75.99971,135.62439,171.18681,125.13459,146.99968,165.66888,0.0,135.96495,108.99253,121.38893,167.17122,103.86752,120.71564,113.26669,100.49125,109.81926,160.46703,154.6731,149.87225,134.79843,152.26767,148.34879,123.45336,126.95638,102.18688,101.0023,164.71321,159.32579,136.01315,144.08084,145.99756,147.72925,160.524,146.6736,126.0001,133.26509,62.78291,175.61653,168.31599,109.28596,152.85654,148.24673,117.74229,88.19827,149.02379,135.29012,166.82204,110.35715,161.91457,160.35892,119.07196,136.92557,133.24249,132.71931,172.78178,106.72707,148.7048,98.62774,126.38884,124.8275,117.6207,107.92784,140.33066,136.63951,134.92847,126.83013,100.83714,159.35393,125.38622,135.95882,150.09291,178.90706,125.25555,83.71768,97.04158,192.59219,144.80817,119.14154,159.52928,172.9097,160.16995,108.73992,114.27725,128.87419,160.1996,138.95033,100.68091,143.95502,126.09888,141.38011,115.0379,138.06126,144.38788,109.63206,109.27692,175.776,97.25263,145.59721,129.01701,137.57591,173.17378,129.49388,108.99617,85.67208,144.40164,166.39455,134.09195,153.01479,91.7019,137.50119,158.01181,132.92181,152.24976,131.95309,179.87791,155.80309,128.42999,147.58342,124.95737,150.87735,129.60208,135.68494,175.30959,133.57637,125.11561,148.83078,104.11847,202.39377,156.61885,172.24339,151.91873,85.64814,150.07021,167.53885,99.23995,64.043,194.40025,171.55995,109.87415,135.26991,146.14351,157.41087,137.17853,161.90652,151.70775,20266.11597,149,20266.11597,136.01420114093958,26.069187219666944,202.39377,62.78291,0.596979897860477,2
12,152.14461,120.50472,91.27971,151.31065,119.35406,133.64392,147.91325,166.53094,127.89779,142.04001,137.68263,135.96495,0.0,120.82605,115.22887,122.40321,140.70041,158.9715,70.30103,128.35236,132.30309,168.10092,153.14261,175.23898,137.58151,121.84805,151.37158,149.69666,187.46985,144.29848,142.12415,132.38501,158.75613,177.42657,130.14078,116.55412,153.81326,128.13657,144.33188,89.94122,114.42504,106.02782,136.82536,159.97737,127.78774,130.92288,129.84035,95.65749,151.05716,170.21361,153.68779,129.04991,110.38113,153.58586,139.66644,149.4173,161.31947,94.58401,150.36064,135.79904,107.46408,127.38663,112.75769,158.21053,138.55571,140.59084,126.90525,146.23738,144.77431,113.8528,127.43204,147.69489,128.60452,124.61395,165.20752,157.80296,149.20274,150.67854,116.63364,108.56261,130.36931,139.343,146.77129,140.55482,161.69591,109.36597,117.28947,155.97816,151.49857,150.10777,126.60023,107.57857,90.22058,150.84036,69.18001,148.41055,150.63596,156.11693,99.08096,137.03108,138.64627,103.46088,83.0838,162.52266,134.13264,107.12498,130.06825,130.86208,139.81671,142.91173,154.2206,142.72144,137.99438,123.59234,139.71126,130.75352,133.32593,147.9295,149.59851,109.87548,172.77354,118.51006,139.06866,163.26524,135.8398,122.23129,148.04071,123.14829,131.79808,91.17605,113.72319,107.94135,180.08435,139.14316,152.61508,135.55827,148.04645,174.7155,140.00266,151.02284,110.79794,183.4131,134.258,144.58211,164.50348,117.1571,169.59303,151.52986,154.59596,133.32211,20304.94685,149,20304.94685,136.2748110738255,22.04807226243741,187.46985,69.18001,0.599008202551885,2
13,138.68814,100.88615,77.33095,143.08221,125.39795,90.41708,157.27963,137.24084,103.08716,137.11469,149.01405,108.99253,120.82605,0.0,107.50694,153.16779,106.20477,124.64325,112.17828,58.17079,104.60786,139.98274,122.57191,103.98493,84.0193,127.41307,138.16679,84.31463,136.54976,94.14231,91.52083,159.93935,130.52644,111.30567,132.03574,92.79599,145.74338,123.46155,80.40383,112.27392,97.09746,82.05527,149.24551,116.4953,107.61522,128.57953,137.99515,70.48782,126.45927,152.71771,145.51979,164.33301,103.31632,164.34894,140.59488,120.17849,117.52469,116.06901,124.49079,167.7486,102.38573,110.46693,103.71496,117.84531,112.00233,106.4714,120.5248,142.90117,111.1912,91.59954,112.5704,112.0629,153.61853,108.61632,138.85695,133.1266,159.25414,87.33434,124.05223,126.19691,172.83649,141.06377,90.90632,152.6517,155.14429,124.10915,115.94127,75.3546,90.62714,133.25594,113.27743,134.27432,92.09369,123.1134,107.4242,143.19662,111.52498,136.44666,109.61095,98.58191,107.18693,124.85204,116.74479,115.26973,148.44217,116.12057,117.18004,77.785,122.05751,122.40129,125.1034,106.68703,136.30936,115.09982,121.91592,124.59796,147.38525,122.7232,117.32632,139.74277,124.62334,147.16798,127.19152,150.80038,174.59412,125.70412,142.40688,141.80971,89.99834,74.8177,111.66653,105.36294,185.46898,132.86534,129.66177,148.07042,95.28324,138.46883,134.3851,94.57094,122.40587,182.38435,164.2807,134.07506,149.99602,166.44653,137.73856,135.02931,147.05312,94.99704,18330.34537,149,18330.34537,123.02245214765102,24.157004528636946,185.46898,58.17079,0.5588446881845234,1
14,155.96992,111.26299,95.07132,149.10051,95.27673,131.52174,148.61766,170.48926,111.01255,126.62052,139.3279,121.38893,115.22887,107.50694,0.0,151.90125,148.99178,167.54889,108.67007,126.87701,124.64241,157.99991,115.0847,157.73689,109.49588,141.87315,121.68474,121.26344,140.25177,78.42738,107.92623,185.36447,131.13345,149.42651,143.65134,89.2361,122.44235,123.57265,109.27805,115.46269,127.0232,120.52719,145.31265,130.23705,106.75539,143.30695,123.41979,132.39294,99.80527,143.09528,145.49457,176.40379,98.12794,116.31869,170.22079,138.26938,96.01099,93.22613,122.83879,142.84254,120.35716,112.50478,72.53949,167.94577,122.61466,119.73428,121.80727,164.9538,160.45369,80.98593,86.28818,140.94406,123.71011,118.48819,158.10623,150.85271,148.82449,117.72496,96.09901,136.2502,157.61476,150.43729,140.06219,156.33598,146.99158,147.2908,83.68299,112.70459,134.77293,110.60695,150.78613,129.93895,126.89385,151.64175,121.7955,152.25949,117.80719,164.10942,134.03261,90.9168,114.66931,108.95375,114.43421,145.00391,120.49872,140.73488,127.37811,122.86565,129.33879,159.7915,132.69524,128.98439,145.3925,115.95506,113.67904,158.09938,103.20158,116.3585,114.77443,127.78011,146.25414,131.68347,144.66345,142.89656,147.28381,129.00099,172.78459,171.53281,132.81747,114.91863,99.7693,136.29434,179.7406,128.13667,171.52669,121.99891,144.76109,171.3044,147.50926,148.6424,128.43323,182.47746,102.23836,153.5338,125.43805,160.14528,148.45445,113.11874,141.87599,125.90179,19607.56078,149,19607.56078,131.5943676510067,23.087631634534777,185.36447,72.53949,0.5849999693637924,1
15,135.69803,104.62695,135.5504,149.33549,133.82957,136.70134,127.09129,111.8577,91.24751,115.84501,72.51281,167.17122,122.40321,153.16779,151.90125,0.0,160.31303,141.02849,133.72751,143.98723,131.33179,120.56712,122.36811,148.58604,142.02393,101.30411,144.46219,140.83397,156.96883,147.4902,136.70477,82.53974,134.93575,154.66789,126.74064,105.67342,117.69701,102.45949,138.49237,156.16034,88.29846,135.28983,73.42883,110.56373,142.89107,74.56371,101.90574,117.51031,146.02902,114.53812,128.9826,73.77069,128.89153,123.3093,68.18993,123.98637,160.29562,139.0123,123.28141,80.45784,121.76981,83.63603,146.95943,139.4021,112.42916,117.86553,109.34873,119.86595,122.38436,144.10638,130.3569,143.22845,96.59579,80.26825,115.75342,112.20197,132.13275,152.64491,146.27031,104.70023,59.51112,141.87689,128.44257,97.79528,106.87938,103.36686,127.39439,139.82378,131.06685,132.78664,133.50545,102.23679,136.62166,129.96648,100.63686,108.62106,136.10522,101.18631,121.38933,134.63995,129.22221,117.73656,111.53356,140.70256,113.50223,101.8149,105.03027,110.31279,151.66399,132.0419,106.6707,122.52621,96.30339,130.84433,116.3572,109.3911,129.63454,117.9121,138.89246,112.31221,135.8085,119.11178,108.7821,129.20959,109.35233,69.3271,113.33772,76.00091,137.18416,98.06903,92.08851,126.38288,107.17435,148.64355,114.28902,132.56853,144.14445,118.03053,108.96568,126.38773,142.16203,101.85944,147.5462,136.64662,150.99475,95.25305,140.97127,106.59128,124.12924,151.17233,18167.56315,149,18167.56315,121.92995402684565,21.941832529606437,167.17122,59.51112,0.5554815482272125,1
16,87.39092,136.07494,146.9894,162.61032,151.69576,96.23727,185.47958,165.17455,135.80251,114.9283,162.89984,103.86752,140.70041,106.20477,148.99178,160.31303,0.0,115.8616,145.72231,89.12525,125.18706,103.97697,164.89476,151.02963,133.91167,161.57205,152.4382,133.48836,165.32593,155.30791,105.5131,153.74446,141.19745,110.9763,163.43788,154.76248,187.86732,135.93651,140.49622,151.47427,141.05328,107.99764,148.76158,157.58054,157.35059,154.55045,154.65416,111.94946,116.65202,154.42844,146.92058,175.94542,110.40726,174.48434,128.74377,153.07309,168.29678,158.22903,144.66034,150.18434,105.36861,142.80655,122.87977,145.86368,99.55449,135.116,120.38991,155.52753,119.35214,140.48079,166.82184,153.20268,175.50906,145.62743,113.01385,161.93143,219.79994,126.29044,94.28043,108.34535,199.90207,125.21149,126.26048,166.45152,151.95547,123.6862,117.78307,136.69826,86.88561,179.83794,127.15739,140.94196,130.70921,77.57663,138.02429,161.25082,155.02988,154.90308,144.8575,121.79375,154.20207,124.4454,131.26617,150.33577,168.20215,147.32576,165.90408,115.44084,155.22198,152.28799,171.93878,142.98224,113.79251,111.55323,142.08432,149.06035,155.31216,166.15598,149.34615,175.31828,174.58728,166.60619,163.92953,122.66264,151.9987,149.97198,140.81236,160.84938,106.34749,116.69237,144.96979,122.92333,215.24896,199.13734,143.63358,198.41209,130.72446,172.94994,150.09151,107.13873,125.03797,197.91193,194.57523,142.90198,191.22435,177.51524,130.96758,154.11938,179.05698,100.70488,21459.48962,149,21459.48962,144.02342026845636,26.6658252261362,219.79994,77.57663,0.620458438290989,2
17,83.39452,126.06391,152.75456,123.81727,127.82037,89.47826,143.42731,121.42072,126.90332,140.40182,148.30809,120.71564,158.9715,124.64325,167.54889,141.02849,115.8616,0.0,147.02209,106.16045,149.22043,142.89139,154.23009,137.70842,139.78369,138.57155,108.3037,121.28294,135.1091,152.04639,100.2514,103.60727,119.51417,133.24106,152.00757,149.43285,153.79816,118.92128,148.36559,152.8862,117.01836,122.39279,138.203,144.40178,127.17836,148.74391,122.96205,95.00924,121.67004,126.15201,122.64974,153.52304,91.22253,157.30278,124.91711,101.09689,149.53923,134.57323,130.34756,138.04987,127.06635,118.13652,145.64746,119.23973,120.92077,143.44597,96.41971,93.97838,98.49099,147.88356,133.21585,89.04986,184.80833,135.60066,127.44461,123.83412,171.45134,108.5183,132.55803,113.77617,164.91893,135.68813,124.85849,142.64798,131.82623,146.15982,156.32848,118.68806,116.15086,148.61861,160.26564,141.0565,168.7095,100.21731,142.19652,150.25632,136.63087,98.21448,145.41161,125.10567,166.96002,102.10329,131.27032,85.39265,151.51352,131.42276,112.88507,113.82961,108.23518,108.543,137.54836,156.50854,120.83416,110.965,145.27568,161.57283,149.67465,152.57043,136.01094,145.88097,148.97176,116.57172,143.8349,113.08204,129.65538,119.27084,111.9537,128.55779,112.55414,125.87262,118.00465,124.81729,150.62419,152.22552,125.23959,144.22762,110.99133,105.5672,139.28143,62.67495,119.68403,130.08182,197.69531,116.05405,133.86459,136.12569,140.21732,130.43469,138.7083,118.65382,19503.80081,149,19503.80081,130.89799201342282,20.913218366606696,197.69531,62.67495,0.5835764924578791,1
18,132.84465,115.47841,109.91404,153.67455,133.49815,118.34796,146.98445,142.38168,114.15683,154.31512,128.48027,113.26669,70.30103,112.17828,108.67007,133.72751,145.72231,147.02209,0.0,112.84653,136.12785,183.61513,157.68549,163.01149,137.89841,120.55237,140.50999,132.19553,152.64334,118.87315,111.71313,139.2205,171.41452,178.89734,148.504,117.92438,140.51454,132.53781,144.51842,100.76538,107.55586,88.67709,145.8367,157.72073,81.06858,115.71297,137.41533,89.60188,137.9584,139.886,155.23187,134.7513,98.61813,164.57703,149.33224,117.59197,154.57574,106.95722,150.84315,155.57704,109.32478,125.07124,79.20998,137.87202,137.99541,145.57791,132.52991,157.69511,145.52092,93.59742,114.18826,116.59384,114.05819,116.57321,179.56296,135.2812,141.05577,127.02625,126.40286,106.08273,141.67999,146.51907,120.62137,155.23651,157.27353,137.70586,111.15949,131.17711,147.29131,136.196,118.59068,91.51764,100.75662,162.54277,85.93966,130.87567,125.74186,139.89893,74.55994,124.20898,159.33273,110.943,104.63406,146.10445,127.2276,121.55976,111.25774,107.92919,122.02305,149.50764,150.65118,141.24852,156.09085,90.87682,125.88513,133.63507,137.2363,145.70108,145.32362,105.95741,157.04628,97.83152,142.5262,149.34978,154.12686,126.69164,140.98668,121.07721,125.49335,86.02184,110.76353,91.4893,165.27353,129.27753,145.47009,103.7486,122.8263,157.39044,118.52789,138.0015,72.71609,177.27335,132.82437,139.84882,143.00304,107.42419,158.96896,147.95686,132.69406,140.17894,19423.06953,149,19423.06953,130.3561713422819,23.078098376205546,183.61513,70.30103,0.5811355142444176,1
19,113.20053,96.47005,104.73683,140.08502,145.11705,80.59238,160.04758,114.16452,113.7776,143.22763,140.89642,100.49125,128.35236,58.17079,126.87701,143.98723,89.12525,106.16045,112.84653,0.0,86.92321,133.50809,125.95279,79.50231,96.99612,126.8873,137.75688,72.66558,120.21738,110.16694,70.28001,134.71944,147.18124,112.21289,132.3472,108.90199,154.77727,107.61722,101.45362,110.32159,104.83741,77.74456,143.75693,109.64542,94.86661,123.50766,123.81493,73.13615,106.50587,124.3027,119.99273,144.38893,104.70333,158.16147,113.50055,98.74158,137.45758,127.78735,108.80259,161.68181,89.57684,111.42816,108.5881,108.97813,93.70564,115.72714,100.84268,137.37476,77.57616,115.33489,119.83063,98.25832,146.65709,106.3436,131.36871,117.80074,175.07674,78.97163,119.01015,112.39589,169.55234,110.69448,63.27238,131.97514,132.75391,112.38629,109.11405,79.94253,62.90589,123.28374,87.09888,112.53155,91.5491,100.16242,114.73686,132.46974,108.63625,106.62919,106.95432,101.99799,133.31158,130.13376,103.81457,128.28893,127.41055,127.56499,116.7831,62.42745,130.57144,112.93572,136.61118,115.67687,121.28238,86.87952,131.27399,106.99376,139.52179,127.36404,141.27623,143.48132,124.98899,137.08006,134.67293,117.35488,162.20436,125.87521,131.94052,130.03891,62.96943,86.44902,109.93469,90.65327,173.49295,135.49316,121.70966,148.9122,90.75525,126.75851,122.01409,84.36902,101.66181,175.56561,160.31825,112.72823,158.68324,146.0965,120.57793,125.85351,142.13895,92.74222,17447.18129,149,17447.18129,117.09517644295302,24.373578878429246,175.56561,58.17079,0.5402222009230971,1
20,149.72534,112.29305,118.54581,117.23835,152.46121,103.63052,134.63327,146.77515,118.39119,154.19357,150.20297,109.81926,132.30309,104.60786,124.64241,131.33179,125.18706,149.22043,136.12785,86.92321,0.0,133.09354,99.28317,91.09842,115.31688,114.44717,164.09505,87.27959,119.3473,101.91668,111.3855,144.96806,159.33539,125.22203,102.45811,107.01384,145.29848,133.76895,120.3604,116.53693,107.9242,79.7771,146.11368,116.46811,118.01263,121.11713,117.07354,115.60141,99.42918,141.17683,98.49348,129.26506,144.66301,124.96365,112.16148,111.11197,136.58508,138.3029,95.45979,156.78773,85.61382,129.28825,131.51816,129.38483,113.84838,72.9669,91.86314,139.18893,89.07342,151.77147,113.55156,117.49655,130.97189,89.66473,111.82377,136.47438,172.92281,122.87428,114.88757,117.55908,156.14767,105.18632,85.56259,108.62733,143.26509,100.637,106.06659,96.82809,91.32931,130.75839,95.90619,90.6377,95.3398,116.33398,118.21165,98.60126,141.23938,124.23273,115.65636,122.88064,138.25677,132.26299,122.2001,150.79024,95.75675,156.97874,119.86269,93.75511,134.94104,129.74736,131.40353,82.25471,119.97911,123.08073,145.64175,100.79411,107.09364,100.41328,143.70018,168.66457,112.82278,140.11671,105.1039,129.45065,156.42305,111.56563,154.41843,156.02094,121.23894,107.56171,129.24979,92.56264,185.89223,128.37654,166.97157,155.32675,109.58844,127.36115,152.649,112.36258,115.07095,181.18948,131.89592,94.72607,152.37134,142.22269,148.67839,99.4929,146.53966,147.30972,18379.29678,149,18379.29678,123.35098510067112,22.554021705732954,185.89223,72.9669,0.5605228429731808,1
21,122.5091,121.02039,152.65324,169.64761,152.29959,138.80302,171.53877,160.17746,120.70398,73.63456,135.65256,160.46703,168.10092,139.98274,157.99991,120.56712,103.97697,142.89139,183.61513,133.50809,133.09354,0.0,126.69354,151.2384,124.34839,154.57198,150.93468,138.35934,166.75386,158.45412,128.84293,152.83545,105.16083,83.18542,148.73543,131.25954,158.61429,119.8497,121.53666,183.19385,133.69815,148.52853,102.96091,119.97095,183.4807,134.91853,134.69835,144.98247,133.94327,142.7394,139.20784,164.93988,138.7653,148.20432,102.82046,161.53906,153.39281,174.69458,139.00816,107.29279,120.47787,111.62999,150.82771,149.50572,88.38007,112.51315,127.97402,150.59724,133.70157,159.4548,165.21834,178.561,150.84584,127.80547,73.66814,161.1904,201.76015,142.90521,129.45239,119.91914,168.44049,142.48907,136.24312,146.83888,116.85083,117.31147,119.21923,139.04686,93.88371,173.45787,141.18581,153.29083,156.34833,73.77891,144.39597,154.12575,151.99036,148.09587,173.39444,132.55165,114.5736,137.72746,144.62306,149.70203,158.84874,132.57375,168.24492,120.56126,177.59286,153.99504,143.59668,128.98259,70.92834,145.32616,115.21818,134.3448,152.9314,136.80811,128.31429,174.88142,150.60863,183.01871,146.31808,119.1358,135.77263,124.03213,141.03841,147.28716,129.80679,125.37853,129.12935,156.48975,184.25647,205.34012,129.09538,203.7429,152.01598,156.26662,151.20457,124.12757,174.88004,153.13203,189.85951,153.7966,189.78101,181.53185,107.24223,132.05209,167.12003,121.33427,21171.09559,149,21171.09559,142.08788986577179,25.46438677811665,205.34012,70.92834,0.6148836622387015,2
22,168.4697,74.60629,100.98009,118.0443,133.53618,150.24197,107.34698,154.28455,122.05453,134.58078,145.0043,154.6731,153.14261,122.57191,115.0847,122.36811,164.89476,154.23009,157.68549,125.95279,99.28317,126.69354,0.0,116.18225,78.46413,114.74191,119.60238,79.88941,118.99464,99.56734,116.61198,157.7205,109.13922,106.81851,79.96416,64.41721,94.97054,106.71468,89.56706,126.38363,108.63101,130.44569,115.11639,87.10435,124.21378,132.42947,75.76943,138.9052,119.5531,136.1496,86.75793,155.10973,142.37238,101.99866,134.5141,109.33365,75.937,126.4832,116.26913,130.17784,99.44669,89.90549,134.22292,122.64654,120.79855,79.8704,114.8861,131.38618,126.55431,151.01245,77.37047,129.54179,120.15939,104.65212,131.86124,154.3056,131.37985,104.46907,145.27383,129.04462,140.94228,127.6263,108.9157,113.75897,105.07103,122.88737,110.88108,94.58765,120.5359,112.30737,127.11278,127.17348,139.11742,123.15987,120.01105,131.17537,121.61169,125.4408,159.853,133.97295,95.62624,128.56064,125.66396,126.66434,86.33813,125.61071,125.09571,109.48374,137.42136,119.83502,110.27368,106.64691,99.0409,141.16005,108.99186,107.67084,109.25928,53.95895,97.79383,149.72862,75.2392,142.51875,105.60721,124.47073,140.52473,99.85798,163.56696,145.60739,130.69337,122.41838,91.9163,136.91148,147.67574,113.61909,154.31477,136.00209,128.53784,109.3397,162.07391,133.03191,158.16649,126.56315,121.81737,105.0705,125.44418,147.72578,114.80818,95.05428,113.62183,138.49669,17973.20155,149,17973.20155,120.62551375838927,22.426431264386427,168.4697,53.95895,0.5517670728974308,1
23,162.53397,120.08171,131.9192,149.98145,169.84192,114.94401,167.4274,103.93591,126.77731,174.65843,145.50691,149.87225,175.23898,103.98493,157.73689,148.58604,151.02963,137.70842,163.01149,79.50231,91.09842,151.2384,116.18225,0.0,116.06448,141.41382,169.97267,84.67712,120.10458,118.41298,112.69293,148.72293,167.91586,129.38638,138.63832,112.74056,155.21033,124.7601,107.2858,147.11888,120.41659,123.15364,162.53589,81.6428,120.72939,131.61906,131.6115,117.21955,130.494,131.4122,128.64145,140.10313,151.98622,158.69363,115.65849,109.02419,147.46028,154.34367,91.10201,182.71091,134.9286,119.37073,161.8994,130.10175,114.76295,121.04751,111.29587,142.28249,83.16085,153.1006,130.79019,111.45023,160.07094,99.6405,135.0965,106.47545,172.63498,114.60436,163.06522,155.21083,163.75998,142.74327,79.77782,115.96664,144.42395,137.24974,144.57082,82.62359,84.50839,110.13114,120.93314,136.91389,128.99931,131.11382,154.01437,133.79346,117.08083,95.17011,134.5585,121.32156,139.57182,169.00627,135.72343,147.52843,131.16953,158.63431,114.31122,81.53049,155.20496,115.68291,127.43336,121.32404,144.51454,132.48061,159.4408,115.90376,156.93893,125.79695,166.93513,168.74986,116.02638,164.09703,137.98476,141.81644,185.3354,127.39116,149.61549,147.16536,98.43098,123.59812,127.94374,132.42873,159.71381,128.73245,139.25533,160.12508,113.09695,113.20263,144.08316,102.47983,150.40593,174.18362,174.39334,131.22859,167.6747,162.63924,148.38644,117.38749,157.63271,138.58786,20022.04295,149,20022.04295,134.37612718120806,24.064792802435953,185.3354,79.50231,0.5932729037349256,2
24,151.57613,82.53628,79.78851,126.69098,131.72264,137.87128,128.7596,156.72821,124.44031,114.5567,143.19107,134.79843,137.58151,84.0193,109.49588,142.02393,133.91167,139.78369,137.89841,96.99612,115.31688,124.34839,78.46413,116.06448,0.0,146.5625,122.45393,89.86327,145.94202,97.97562,107.94847,165.66089,108.50963,76.52438,91.23652,63.1385,103.39176,101.16269,41.03078,102.70564,122.31824,115.45016,137.55678,92.10691,120.80127,145.59065,98.96548,119.43093,128.12125,149.4796,121.28517,163.73741,119.9525,151.91032,142.91148,126.21159,74.41917,111.94449,126.17982,150.49344,100.24937,80.58609,114.86121,101.5234,94.37119,107.69716,123.47302,127.94541,136.91257,122.77861,102.05886,129.96126,130.47141,112.50105,138.63484,155.58591,131.88736,94.11404,133.84615,111.58365,164.8745,148.19281,105.16195,127.41442,126.9269,139.11644,91.03051,97.79215,114.52935,121.83279,111.48487,131.40402,130.43552,105.04279,121.3681,146.6433,83.5109,125.27024,141.95169,112.5419,76.13327,124.03296,111.03782,127.58373,122.9609,108.7318,136.92079,85.36848,128.87498,95.04004,142.75836,133.33276,110.74354,114.37972,86.7874,100.69267,150.25546,110.97313,98.10617,152.187,114.84967,160.66763,143.73251,124.02576,144.57381,108.14972,134.56126,134.32561,87.70217,111.02301,95.27087,142.93622,157.95958,134.38588,116.40394,153.0405,101.50082,135.51204,164.16928,121.08702,146.18913,152.3812,159.97935,119.73988,152.5349,154.14297,92.70061,137.20459,146.42538,100.74711,18073.9289,149,18073.9289,121.30153624161073,23.535281718443883,165.66089,41.03078,0.5532929545522245,1
