Vértices,0,1,2,3,4,5,6,7,8,9,10,11,12,13,14,15,16,17,18,19,20,21,22,23,24,25,26,27,28,29,30,31,32,33,34,35,36,37,38,39,40,41,42,43,44,45,46,47,48,49,50,51,52,53,54,55,56,57,58,59,60,61,62,63,64,65,66,67,68,69,70,71,72,73,74,75,76,77,78,79,80,81,82,83,84,85,86,87,88,89,90,91,92,93,94,95,96,97,98,99,100,101,102,103,104,105,106,107,108,109,110,111,112,113,114,115,116,117,118,119,120,121,122,123,124,Grau (Ponderado),Número de Vizinhos,Soma dos Pesos das Arestas,Peso Médio das Arestas,Desvio Padrão dos Pesos,Peso Máximo das Arestas,Peso Mínimo das Arestas,Densidade Local,Conjuntos
0,0.0,106.4234,133.96359,118.17388,118.91171,152.06902,120.06357,78.98415,54.64048,148.71071,127.9389,94.69743,113.75471,172.26439,116.51585,139.49852,146.67705,155.53273,104.08377,122.45712,134.40529,138.81116,119.34795,109.78909,66.59274,116.03577,120.62337,85.23051,138.853,100.7558,105.17802,133.03694,112.50361,139.03545,132.1432,118.40382,99.22319,95.73104,123.99558,121.53596,146.15579,136.34911,125.69296,151.48026,94.74256,135.21362,124.45036,162.86209,113.1435,131.23712,68.88101,125.86388,128.08615,121.936,134.71231,92.35059,124.327,101.09932,134.96053,127.93941,137.17792,112.71169,109.65112,137.6622,112.01583,137.42967,125.44183,153.23369,95.49679,130.16026,122.35219,152.83,104.83077,149.11964,140.57118,85.56628,133.88678,107.76017,132.27718,97.81417,98.46667,119.27135,113.60223,100.39381,126.87594,125.25599,97.072,91.26974,130.4662,104.13589,86.98589,95.781,127.27794,122.96719,93.85847,92.59436,51.06886,139.22897,119.36405,129.78522,122.59216,126.9611,116.02086,95.37626,148.16798,98.16763,84.93017,131.64592,138.95839,119.96099,68.62852,143.91376,118.76466,151.73413,140.65274,94.41454,136.1588,149.41449,77.39494,124.09866,102.02684,139.39597,121.74628,98.99107,131.13977,14743.0438,124,14743.0438,118.89551451612901,22.510719787272798,172.26439,51.06886,0.5996684029279807,1
1,106.4234,0.0,118.32901,101.77871,117.84548,137.74876,154.9968,132.75066,96.16338,115.18619,129.71718,129.33286,146.74586,170.30013,93.88134,94.59264,138.12289,139.69501,127.29311,119.98042,165.18634,133.22917,127.76963,151.05701,100.76948,144.40584,130.5231,123.92152,82.76699,95.47768,129.83446,119.59722,102.92685,131.52602,146.84409,139.10492,105.61513,146.12704,106.23676,112.4748,141.75003,102.89503,138.19981,127.43259,139.53323,152.99449,147.38214,151.00671,120.619,150.99821,87.06107,137.51918,105.78848,133.03314,128.70781,83.61022,113.09802,122.07133,100.20332,125.06423,94.30315,61.61507,129.10561,150.07985,96.22121,82.90283,66.78072,107.69929,123.43944,122.06649,112.59904,148.55556,155.72429,131.82201,155.99004,138.26352,149.56705,102.28249,168.88376,96.6144,118.27721,142.72929,122.66077,83.09443,127.60486,124.73361,114.49577,108.76487,103.38279,140.30727,90.74212,96.63807,120.50533,111.94083,82.62534,168.06328,106.06713,111.27341,123.02101,93.1263,111.93337,136.53912,147.13737,139.3119,163.78259,79.99693,139.04332,123.00755,126.46552,135.14836,88.34272,130.76724,95.41525,154.65619,183.37985,110.6122,123.06197,161.62581,136.13495,135.3177,88.11285,102.77583,130.01663,138.15704,137.99223,15278.54992,124,15278.54992,123.21411225806452,23.59273816384421,183.37985,61.61507,0.6144229923157726,1
2,133.96359,118.32901,0.0,125.19857,124.14159,146.00427,169.75575,146.54834,147.8632,134.31898,142.76482,94.23293,152.69519,151.17651,152.29657,124.31717,147.69328,165.53259,129.51093,123.44272,148.5813,164.16374,100.94902,183.32452,101.00288,147.60867,124.25111,129.72337,91.82048,163.33739,143.22346,96.68524,111.15324,117.11182,147.95982,119.48038,114.52164,162.94046,101.07722,137.16374,161.54216,107.6316,107.84184,128.19107,143.65919,177.90666,122.23954,96.40242,81.66344,140.27548,132.25464,127.95433,124.5832,158.12743,151.55843,163.07675,151.64481,91.16405,66.51054,165.92892,100.39693,125.01035,109.75835,165.02643,137.30716,127.21474,92.58763,135.51627,146.80432,170.6394,108.18818,146.74309,167.85789,149.92619,160.68086,150.00635,151.29973,124.98182,171.76202,146.86609,154.84944,152.62175,97.08009,121.73038,71.17859,122.15133,127.90663,119.76225,115.41473,121.06014,76.24045,122.48444,164.94917,108.84749,77.79532,158.81953,161.74548,109.24818,76.20103,133.08922,151.79065,138.25455,101.17777,150.67503,122.77233,119.50761,152.13916,75.33337,156.21486,174.35347,140.8476,107.01084,123.89632,163.21762,195.6593,120.25007,146.76704,153.31612,155.42342,101.90039,136.66893,72.80657,126.52348,122.17061,126.45346,16352.90202,124,16352.90202,131.87824209677422,26.796223026914067,195.6593,66.51054,0.6417127673772945,2
3,118.17388,101.77871,125.19857,0.0,83.93396,119.03894,111.29614,131.74922,124.45741,101.64667,98.97076,118.82717,127.23743,130.87563,129.78685,71.11513,102.50545,95.23364,131.93858,98.71626,105.16446,102.85752,127.9196,115.79661,123.27949,126.76078,128.59669,110.23678,86.06576,82.29907,84.62174,92.83791,65.24178,98.62243,108.38871,122.36835,114.13951,117.79083,126.17711,103.0456,124.48142,79.35253,94.3858,80.92468,111.38604,101.83356,108.52171,108.37456,92.26992,129.82886,98.59486,83.15682,107.95777,112.47277,76.66495,101.72675,44.04839,132.34201,128.41136,66.93776,86.21972,101.68131,106.67301,94.0555,100.66679,82.65878,90.42982,84.88908,117.28335,98.10211,130.9108,92.44091,129.06522,91.31513,101.54523,137.68089,90.56023,128.89282,108.84815,99.36148,109.74223,98.8111,89.0223,90.52469,129.43912,80.46464,98.5638,94.68774,85.85951,117.23107,93.43401,111.56754,97.63865,62.51899,113.1506,132.11703,145.84804,137.95586,124.91682,117.44221,128.70441,80.6257,122.34843,88.28262,140.23569,99.16225,105.8159,85.44504,126.47018,100.19637,84.05116,120.12125,72.14185,125.75867,135.32819,103.66259,53.01003,122.45781,135.59669,119.5779,104.65658,98.95187,79.99574,88.9874,103.0638,13077.22805,124,13077.22805,105.46151653225807,19.844286569576905,145.84804,44.04839,0.5545462152155791,1
4,118.91171,117.84548,124.14159,83.93396,0.0,113.52151,92.26307,97.37663,131.99432,128.23691,143.14743,136.57941,154.84258,147.98206,120.55169,95.4747,146.36719,136.71541,149.3763,89.73727,119.77731,149.60928,128.03758,136.06204,132.49345,59.82905,122.52716,88.69853,120.82764,103.38777,119.38742,100.99834,96.52783,128.9597,142.03172,112.95601,110.37626,129.95749,111.04984,92.19305,140.54373,108.98166,127.27959,97.96087,103.96922,128.62929,108.4447,135.60815,102.55087,122.5332,113.75352,110.34304,105.35184,82.15485,131.90582,124.7653,103.19314,116.10993,114.93966,127.37095,134.19426,119.6468,84.2605,128.74927,128.54948,99.32856,100.03162,83.87805,112.08984,121.35068,101.85753,123.07227,136.61617,110.47903,117.66058,142.24474,88.19037,124.11579,126.95385,129.07187,145.0583,103.79322,120.02857,109.90464,127.57767,77.89702,109.72164,108.89017,126.14717,92.8571,115.11656,105.91741,135.61296,82.04462,89.62702,153.80765,151.32211,127.1686,145.09766,89.10234,129.76443,91.54181,124.21111,134.71333,138.74106,106.17113,130.6133,123.19924,176.21481,110.80016,105.24759,111.58183,100.16019,148.80199,164.07382,106.38826,94.63673,114.92652,131.64624,97.67056,114.46743,100.04914,72.74587,103.36544,96.4073,14498.249,124,14498.249,116.92136290322578,20.314418468092367,176.21481,59.82905,0.5944859298638794,1
5,152.06902,137.74876,146.00427,119.03894,113.52151,0.0,109.07595,126.63216,140.51994,67.20522,141.94077,120.52741,171.41394,139.26024,169.64548,104.38739,148.4624,162.80792,177.17117,132.46284,154.87209,125.02929,94.21555,152.19188,144.20491,132.07179,113.23513,127.71305,103.85215,162.64442,161.08997,92.21949,123.83187,156.90906,156.43195,107.43288,178.04164,144.78664,131.54752,110.59914,128.14963,107.38062,135.98375,97.62371,149.65361,170.2029,112.86542,143.517,134.854,106.21217,157.04416,119.63358,128.96651,158.10689,159.13747,137.40308,132.62009,130.73915,128.15794,124.23737,145.54579,157.29942,115.4503,157.04837,171.90909,116.11256,129.53893,92.92941,185.097,89.31724,104.56848,135.86101,156.71133,93.16714,165.53976,165.52629,114.06883,139.76524,136.48412,122.65528,157.32245,112.82911,142.68092,133.06664,132.95012,79.45557,106.39033,123.93056,107.88787,105.76263,116.10341,174.78209,149.67032,142.65677,137.93697,162.82561,180.43611,150.6293,175.38646,110.35339,105.17361,145.02515,124.00505,131.5708,136.87703,121.94908,152.85529,136.96774,121.63064,129.17863,152.55452,121.85099,148.28479,156.57664,161.58386,112.03259,124.88266,55.5821,143.50793,116.12697,149.79596,126.56958,110.72987,142.65233,130.05502,16570.97585,124,16570.97585,133.63690201612903,24.26296252288714,185.097,55.5821,0.6485086239433603,2
6,120.06357,154.9968,169.75575,111.29614,92.26307,109.07595,0.0,89.66729,127.90248,140.98994,159.55576,133.19609,142.31569,156.77408,136.78044,132.79524,141.66498,135.09575,148.77112,137.13078,119.57657,154.35555,139.18539,131.53592,146.21172,97.3705,127.86783,106.24451,151.62198,124.57178,151.40421,107.80653,131.46024,171.20287,154.07294,131.2382,147.8396,98.95393,166.71748,89.26694,125.7373,143.55029,146.78151,133.15462,114.02497,128.73172,99.79348,158.28017,121.80839,135.54416,137.35432,109.82977,133.41769,126.19543,143.18216,112.2911,113.06741,145.64592,166.99075,131.73238,169.54155,161.07997,121.87162,135.47444,159.62837,142.40643,146.46883,117.04866,138.89815,105.9021,144.82072,129.37758,119.96147,127.7714,108.41228,152.21605,75.24011,138.77487,83.19473,110.2013,151.85172,90.62341,140.56339,155.10663,159.78702,103.56621,104.80577,137.5497,131.24432,107.39297,128.32603,140.05833,161.65076,116.09415,139.0822,128.8653,155.66454,166.57072,166.29123,119.47802,136.15633,124.15522,123.34019,114.83979,121.36893,123.89697,108.45817,159.74095,161.33546,110.26009,130.29387,140.61415,148.50757,177.4548,133.76041,117.89896,125.28146,107.86188,114.30367,116.6112,132.17332,152.84297,100.69125,118.62202,120.25231,16329.29414,124,16329.29414,131.68785596774194,21.077253312075094,177.4548,75.24011,0.6432470177613435,1
7,78.98415,132.75066,146.54834,131.74922,97.37663,126.63216,89.66729,0.0,93.27194,145.31322,137.38832,118.24316,118.51666,144.70493,114.95549,140.77983,144.60341,156.95419,126.98573,134.65933,124.31577,150.54497,111.80396,112.67411,108.19205,97.52709,98.78403,50.07379,147.76436,123.3287,131.0275,135.72826,137.21735,159.26198,146.67035,91.72256,123.76047,103.65881,129.53426,107.83252,128.80975,140.3974,146.26418,144.04758,102.36047,136.35214,111.07175,167.12045,127.64015,106.90943,97.20194,120.62049,114.43921,103.3612,146.09271,116.11036,137.32091,89.8613,137.51068,142.94322,167.75787,133.51489,85.64318,127.87852,142.87329,139.59871,137.49599,140.47188,103.67197,130.73051,107.34978,139.08324,116.90446,130.52711,134.78491,97.22908,122.19387,115.4205,119.14292,116.79219,114.96986,114.01352,142.99138,124.89027,119.22855,102.46664,105.41004,118.82444,142.14281,83.93612,116.40365,125.58418,155.49342,132.52083,106.26022,112.86773,110.71619,118.05625,156.14058,110.27859,103.03822,121.79629,105.48838,129.49327,130.47006,115.52784,108.84417,151.97321,161.47722,99.56622,102.87453,128.43042,130.08978,149.89687,132.74075,75.52164,147.93236,116.15596,65.14406,108.1965,109.44154,131.50925,115.02934,120.88313,111.03629,15182.76031,124,15182.76031,122.44161540322578,20.860058832160696,167.75787,50.07379,0.6124820337191554,1
8,54.64048,96.16338,147.8632,124.45741,131.99432,140.51994,127.90248,93.27194,0.0,141.52274,127.55046,106.2374,126.4668,178.7131,127.9143,139.2059,147.60132,161.72856,102.78616,116.60972,141.04239,127.77121,128.27835,111.75892,63.02388,132.49174,116.61315,107.46069,136.97247,106.92071,125.01361,135.68492,114.73019,157.33302,145.74921,121.45527,111.46494,123.95865,138.97256,130.69189,120.93384,127.48667,134.21725,157.71675,121.39809,135.38885,147.01862,170.10565,135.0054,125.28609,75.71647,145.85056,128.26651,135.80879,135.0274,80.37003,123.63401,108.66755,146.62605,121.81112,149.46704,108.10397,132.53746,144.73192,126.37233,116.19887,127.04744,140.10175,108.26247,123.36611,122.42048,157.63388,127.69129,137.58372,158.68925,110.0686,146.74673,89.01727,128.61055,104.85368,100.87924,122.00784,114.7979,101.34334,128.8728,120.64205,107.35308,88.01778,136.20247,109.71735,97.32835,106.44254,125.59118,137.29251,106.43906,115.91457,71.07478,141.86365,133.77745,120.62749,120.08641,145.22481,133.48204,105.71637,150.92062,78.01186,86.93587,141.35722,121.74488,118.82629,78.15778,130.76901,116.65007,157.93332,157.09039,98.53321,144.08865,144.85387,102.90714,139.49535,115.2354,145.47948,119.94846,117.42284,128.38991,15391.82457,124,15391.82457,124.1276175,21.70983580905552,178.7131,54.64048,0.6179041369790612,1
9,148.71071,115.18619,134.31898,101.64667,128.23691,67.20522,140.98994,145.31322,141.52274,0.0,116.62777,116.58371,152.13901,123.73459,161.84198,70.91425,123.37023,156.5659,179.20384,142.81851,156.10278,108.11987,84.5744,147.46558,141.69997,158.31767,127.89014,131.13734,64.57694,150.35274,136.25356,99.18761,118.78961,128.51788,134.90192,110.46656,177.45494,147.15256,116.31424,114.14783,143.82294,86.80553,131.79323,92.69875,159.73575,160.46321,123.14639,140.90402,127.41167,125.19817,144.43533,112.6758,125.18633,157.69919,135.1895,133.34265,115.90791,128.96574,114.62817,98.21806,99.79516,141.19003,109.39384,145.58102,152.9942,110.74125,104.93368,109.32945,182.35329,90.8368,119.00055,117.24404,161.74425,81.36353,172.25337,151.33224,120.17741,151.12151,155.16217,105.23038,129.69398,131.91602,133.45027,110.08672,126.93302,94.92802,109.87801,111.12115,69.04181,124.89631,98.56491,169.13348,130.00761,135.22095,135.02727,162.68753,168.76588,136.07378,165.45703,128.4034,85.26461,126.05018,122.58064,117.91572,151.95435,119.93815,159.54446,115.44822,88.1195,131.43401,139.78427,136.18869,133.22044,138.10574,152.31589,101.78701,100.35481,91.83978,140.03879,137.13591,139.06787,116.28168,132.36078,139.03061,137.08839,15884.498669999999,124,15884.498669999999,128.10079572580645,24.475276323682763,182.35329,64.57694,0.6302054933210258,1
10,127.9389,129.71718,142.76482,98.97076,143.14743,141.94077,159.55576,137.38832,127.55046,116.62777,0.0,119.07674,120.94455,117.79139,165.43977,128.22142,108.79066,122.32725,130.68095,141.67615,128.37883,56.02643,116.29302,101.39458,117.43318,180.21298,105.46738,102.80869,108.64719,135.23099,74.80394,152.50443,108.21292,115.76965,120.37607,108.30087,145.99792,133.07292,134.81265,163.51193,122.32006,96.67335,94.97453,103.90563,126.91248,136.55919,124.88086,127.37457,135.69919,93.68478,99.68982,95.13097,114.93936,139.89935,89.58957,138.35049,106.95683,117.26299,147.61156,81.05788,119.58337,106.59826,115.50011,69.99431,107.23553,119.31515,142.05711,143.0899,134.9501,122.40498,126.8541,114.70281,145.28706,108.85122,137.17255,101.09324,160.14677,149.27809,133.10558,127.07738,72.04243,136.92137,123.45313,89.66259,113.09479,96.2313,123.66634,110.03876,123.38425,123.03239,120.21625,164.3246,90.87518,130.49542,149.26234,107.2233,150.03572,132.20961,149.11005,148.46967,127.40887,122.40919,120.47166,106.01073,163.41344,142.34557,116.61281,89.32391,112.92403,99.90089,93.0153,140.3237,81.56589,58.28058,105.05219,96.44747,124.54607,123.00188,130.36835,139.24063,113.30479,110.36488,120.35632,131.18166,130.90317,15020.10217,124,15020.10217,121.12985620967741,22.25931898461832,180.21298,56.02643,0.6075369629269485,1
11,94.69743,129.33286,94.23293,118.82717,136.57941,120.52741,133.19609,118.24316,106.2374,116.58371,119.07674,0.0,123.32179,140.40433,161.76628,135.69028,138.96375,155.27032,113.01513,124.39014,132.06169,127.43727,81.64223,134.31639,69.84559,144.64098,113.07311,114.35474,106.60046,151.40814,127.01593,94.67007,99.67986,115.82447,113.54001,95.93836,128.26512,107.92341,115.92416,125.54594,143.17122,121.79015,81.87716,127.09683,111.98749,162.60202,99.07915,106.42054,97.29109,116.13435,115.26677,102.8132,142.72307,170.38777,145.54559,129.01816,140.12378,99.1714,108.63636,130.99251,118.2206,141.25087,106.18807,146.9697,142.36673,139.9595,127.75992,143.74312,149.68257,135.14442,116.40325,145.77551,111.11402,137.7675,148.35866,125.43609,134.88022,110.99767,130.98598,112.02297,122.24225,107.49212,95.36851,113.20332,93.87751,108.53131,77.63609,102.03273,104.70844,105.65469,51.70282,140.26997,147.17349,129.91193,104.5125,94.49203,126.86932,143.76678,98.40762,147.65527,127.16751,142.50157,86.94915,88.60992,118.7454,110.83782,99.30769,89.55136,108.38911,140.44829,121.79205,119.50393,135.78574,152.33025,147.95126,96.41237,142.34039,120.1358,108.23177,94.53874,134.92996,115.66733,116.44171,92.85826,126.19273,14910.34905,124,14910.34905,120.24475040322581,20.7634500467027,170.38777,51.70282,0.6053868523305495,1
12,113.75471,146.74586,152.69519,127.23743,154.84258,171.41394,142.31569,118.51666,126.4668,152.13901,120.94455,123.32179,0.0,110.7482,131.50456,138.25253,78.7499,143.77647,119.59136,173.00034,94.68502,156.14539,138.6541,122.28703,129.07036,179.3907,143.82292,110.94218,139.03645,128.58655,125.33979,147.69704,155.57742,147.97845,118.83227,117.52071,139.79723,128.34105,170.65099,128.6261,134.67905,139.63092,152.63223,172.30159,153.3358,97.94894,143.679,157.43524,130.25082,159.14795,103.55302,125.1514,140.05095,145.5887,98.08432,132.25493,123.25551,122.07137,165.50584,128.71471,145.48024,148.68002,121.32071,106.05754,153.08745,154.37355,135.85051,172.19138,109.86951,165.65958,178.39307,98.32838,142.94806,129.26064,140.96019,117.27998,133.92351,144.51389,118.35606,118.19802,76.31763,146.05296,129.34479,145.23241,122.08537,137.34845,134.36008,136.58141,118.85072,142.83482,112.16822,134.67847,175.21738,131.54106,140.78275,115.59758,136.04218,118.76814,143.5049,171.44481,121.38952,106.45,108.63652,117.51511,125.36379,127.41022,110.8357,139.931,134.88559,123.77438,120.6208,143.98207,132.37416,163.32068,122.47243,81.12872,146.40604,163.66705,93.22217,160.21468,132.35571,142.71039,156.8575,121.36996,113.25111,16607.90333,124,16607.90333,133.9347042741936,20.99417819128871,179.3907,76.31763,0.6505805952836414,2
13,172.26439,170.30013,151.17651,130.87563,147.98206,139.26024,156.77408,144.70493,178.7131,123.73459,117.79139,140.40433,110.7482,0.0,173.82022,129.44606,109.15051,147.92157,170.91809,171.16922,112.99278,149.80867,132.41232,134.14464,168.12158,186.01576,149.51154,124.38808,124.11999,164.94911,142.80789,147.54797,153.56766,124.86474,107.07957,88.53984,173.63017,153.89941,150.66566,136.09404,149.82098,136.30391,143.96988,131.93993,162.69315,141.13342,139.46208,128.49857,155.30965,140.35628,143.99493,111.89187,154.17081,167.92924,131.17198,172.1078,146.66957,137.5385,146.36964,132.07744,153.29425,171.37793,100.72865,106.8216,183.44278,148.17453,148.78709,149.02609,162.11205,170.10075,163.51128,100.18797,156.41136,96.8305,155.24142,161.11749,143.31218,161.71136,142.7225,157.80489,117.89014,136.8186,159.05974,145.51003,116.45615,106.59993,133.61154,159.52898,127.40615,151.62061,137.25861,187.72563,187.77769,152.76408,156.65233,158.80609,197.93704,120.15603,182.77887,176.58182,114.19696,117.68886,126.47807,152.68623,146.86919,157.35847,155.88254,132.19891,156.15627,115.31281,157.79501,127.79449,138.67842,145.92969,143.70885,87.29301,147.98735,127.61276,132.60165,141.81769,160.95326,113.27404,148.41669,138.81265,105.8774,17824.7643,124,17824.7643,143.74809919354837,22.097602014768974,197.93704,87.29301,0.6820465955187903,2
14,116.51585,93.88134,152.29657,129.78685,120.55169,169.64548,136.78044,114.95549,127.9143,161.84198,165.43977,161.76628,131.50456,173.82022,0.0,129.16737,135.96722,130.67436,132.34703,167.29352,165.18222,180.17052,155.78802,168.03163,142.62686,145.56012,144.66727,114.38136,133.11018,98.82121,158.21126,144.18274,153.58449,169.91777,170.32564,161.52791,113.72642,133.76831,149.76126,97.60791,154.0522,150.12973,179.78424,161.21648,144.24065,149.7336,143.77164,178.70088,128.11305,181.19536,105.57198,140.10664,109.95612,119.42712,140.74348,96.17262,131.78096,141.97708,138.63748,163.59393,140.47282,102.53134,136.98419,149.86946,115.348,137.48962,103.37203,140.36368,107.12736,148.79073,150.76227,147.74525,158.22258,162.46854,130.28365,142.46527,144.61836,132.85585,166.47353,99.51267,136.51718,159.33034,161.64871,143.25604,156.1133,153.92351,136.48138,159.84346,128.05652,158.82556,127.94112,98.33356,170.93268,114.60167,108.20348,173.8336,117.67128,110.61588,145.98154,104.0179,127.12537,136.27255,150.15837,167.0298,155.4985,120.7245,149.64124,168.31206,173.33101,140.76674,112.87057,160.0941,131.93149,185.27127,174.29933,122.12655,152.47087,186.39745,119.32637,144.49553,75.37342,130.64958,157.14258,160.78511,149.23158,17547.22051,124,17547.22051,141.50984282258068,22.979629869528576,186.39745,75.37342,0.6744313962805512,2
15,139.49852,94.59264,124.31717,71.11513,95.4747,104.38739,132.79524,140.77983,139.2059,70.91425,128.22142,135.69028,138.25253,129.44606,129.16737,0.0,106.17849,144.17818,168.87035,123.78926,131.20653,134.34467,114.97769,148.85167,143.30112,135.06194,141.17514,125.07359,68.34943,112.4788,121.07019,90.0488,110.12466,120.937,132.53539,121.69434,147.58473,154.03311,119.38617,92.04021,142.54352,72.19529,140.75734,104.07064,157.69769,121.25237,133.84998,141.7113,106.46339,147.25859,126.49562,119.98813,108.48933,118.64571,105.78326,122.92392,81.06439,126.58573,113.34132,96.60894,83.6098,121.59617,103.70244,135.00597,136.44139,85.56798,58.26695,92.23071,146.16968,110.01156,132.06355,90.44403,167.18492,74.95959,154.80765,151.45627,90.31695,143.65868,146.81055,106.3326,125.97945,134.31239,112.29995,105.5919,126.83548,97.06293,123.07164,99.87829,66.63302,124.51082,96.7092,123.32746,130.13521,92.69302,110.71136,172.94704,160.83197,117.15872,148.98387,115.11034,100.90547,81.72984,126.07905,123.15459,143.84558,95.30692,154.23648,112.34482,123.2387,129.5206,121.03649,124.38965,106.07088,150.62213,164.79533,100.64972,60.15111,124.20386,144.22792,144.00658,126.61803,105.20947,120.61443,120.49046,111.95737,14899.70333,124,14899.70333,120.15889782258064,24.15639900240609,172.94704,58.26695,0.6036751868073849,1
16,146.67705,138.12289,147.69328,102.50545,146.36719,148.4624,141.66498,144.60341,147.60132,123.37023,108.79066,138.96375,78.7499,109.15051,135.96722,106.17849,0.0,119.53767,135.04376,173.09544,103.96855,134.34076,131.27792,150.38715,148.61865,187.99464,127.27277,125.7316,106.8974,137.88014,130.97044,126.56764,148.95531,156.972,146.26436,135.34998,157.75816,150.64636,178.33434,130.72299,106.44387,96.96809,149.19571,144.88577,172.09897,99.53462,132.21315,141.70096,112.43692,151.4915,130.18845,112.69939,104.9916,136.75874,59.99174,138.6355,88.80299,130.23204,165.20288,112.39707,119.88826,135.21985,134.28563,95.97163,140.0789,129.53168,116.00349,143.3605,134.17494,138.66278,171.71852,48.62044,177.56277,105.33004,130.92694,136.18661,121.40474,161.97624,113.81127,109.51936,102.93338,158.33598,118.34681,150.16496,123.38899,123.68118,149.22549,136.64375,88.61179,139.35059,117.95899,143.90591,155.71663,103.47437,154.15521,141.54092,173.1463,114.62473,142.09561,147.80928,130.09311,98.2078,103.12001,122.58056,109.70403,130.37807,134.63068,122.27906,113.67314,134.65659,133.27708,139.12125,118.72653,147.83537,121.18954,102.62512,119.95824,146.52742,137.69193,163.94339,124.65162,127.33453,146.8243,143.06079,118.71774,16236.48008,124,16236.48008,130.93935548387094,22.830942627074805,187.99464,48.62044,0.639804956774597,1
17,155.53273,139.69501,165.53259,95.23364,136.71541,162.80792,135.09575,156.95419,161.72856,156.5659,122.32725,155.27032,143.77647,147.92157,130.67436,144.17818,119.53767,0.0,122.84927,161.6506,145.79431,126.881,169.8739,148.01347,158.96298,180.73108,140.88412,135.90405,127.96621,117.82603,139.79451,143.23926,119.90569,145.53404,145.37033,166.53102,131.57378,116.89001,174.39125,136.52864,129.79228,141.08745,124.7149,113.13141,122.08739,147.95068,116.41892,117.30763,133.1718,160.45178,124.80621,85.27831,128.70958,157.00668,109.86888,116.0377,105.95458,175.74527,168.14932,126.24017,136.67493,115.72179,155.68427,93.98619,105.88769,134.31145,147.59412,121.97055,137.64168,131.51112,166.3996,132.53171,140.05467,152.12906,56.86282,166.85802,151.59065,151.84639,127.23257,118.45756,138.47255,128.70119,151.6974,146.20369,166.5047,130.2894,124.27542,173.20712,131.20795,170.45029,143.4529,155.49066,144.16116,106.20368,159.45712,147.18353,173.50333,160.69743,147.46318,138.07179,166.47362,146.59138,155.83711,141.77554,158.82283,155.29715,121.26756,133.05965,160.31876,116.84988,119.60448,157.9881,112.61489,147.32726,136.74454,143.10065,141.9362,165.62209,155.33055,128.79402,95.73696,121.66782,124.92888,152.38141,149.5119,17281.77857,124,17281.77857,139.36918201612906,20.85468762042284,180.73108,56.86282,0.6680902453274637,2
18,104.08377,127.29311,129.51093,131.93858,149.3763,177.17117,148.77112,126.98573,102.78616,179.20384,130.68095,113.01513,119.59136,170.91809,132.34703,168.87035,135.04376,122.84927,0.0,137.21263,129.37344,148.46219,154.08614,147.66263,80.61194,168.661,115.58091,125.37031,144.10239,131.92586,144.397,140.87453,121.38685,159.80838,153.99008,143.79932,79.94247,134.07593,167.82268,152.21333,109.01868,140.5972,116.44852,163.72472,122.05138,146.19028,138.09618,125.09707,121.72398,142.73245,92.02279,133.25987,129.44366,159.19957,126.31197,117.56384,137.80772,124.41099,155.49709,155.85783,155.09131,106.70811,154.47742,129.7982,118.56756,133.07121,142.35034,148.87459,95.24309,167.00571,147.73169,155.89026,140.97353,168.06247,116.6455,138.55669,170.4565,94.40636,120.93836,133.90894,125.53974,137.19519,110.24877,139.01804,117.65738,136.48006,127.77219,140.47363,151.64726,139.14854,111.93093,111.21284,160.14235,120.34221,120.51285,116.33116,127.55686,138.13512,88.41299,137.5563,170.34798,161.05179,129.41125,136.8512,124.17694,116.09225,78.22397,124.16148,154.0822,142.51874,106.39365,120.43749,113.04162,167.45393,166.09442,124.94781,174.87534,175.80679,137.0298,124.11187,112.63254,124.67119,121.82018,130.77449,127.65325,16669.58687,124,16669.58687,134.43215217741934,21.477918935495182,179.20384,78.22397,0.6521377537015781,2
19,122.45712,119.98042,123.44272,98.71626,89.73727,132.46284,137.13078,134.65933,116.60972,142.81851,141.67615,124.39014,173.00034,171.16922,167.29352,123.78926,173.09544,161.6506,137.21263,0.0,125.80953,141.85167,150.161,129.39375,104.57006,99.05054,144.11426,132.08661,132.04257,116.18682,122.13647,114.38667,61.14417,117.60247,130.87329,116.67347,98.16623,157.31172,117.41273,135.70862,144.03978,114.51138,99.63284,120.4808,114.40247,140.98668,151.31635,125.04033,132.10466,124.61843,109.35735,144.66823,147.44604,138.50246,145.5535,131.45425,122.02427,129.24596,125.64388,124.3147,145.10651,124.86513,122.59204,150.29326,146.07484,81.78458,119.47913,92.4286,124.16512,147.56061,113.63857,158.9389,138.58623,121.45701,154.39915,166.35803,133.76288,92.58103,135.40036,159.53879,148.79875,95.74884,95.29559,91.20528,125.49845,85.51357,112.1696,87.74525,151.53883,111.8191,112.45444,112.56517,131.30252,116.52964,93.57319,157.72827,151.66045,157.9839,135.64165,127.68823,157.65794,132.60431,153.54149,129.90773,162.0817,87.65876,113.68785,109.91611,171.04953,126.79285,105.6351,89.69293,94.04079,160.90317,198.1993,124.42472,117.60249,134.78612,161.38934,115.66565,152.23869,114.14777,58.56126,84.28268,95.9978,15807.25685,124,15807.25685,127.47787782258062,24.458353397872415,198.1993,58.56126,0.6285986335334389,2
20,134.40529,165.18634,148.5813,105.16446,119.77731,154.87209,119.57657,124.31577,141.04239,156.10278,128.37883,132.06169,94.68502,112.99278,165.18222,131.20653,103.96855,145.79431,129.37344,125.80953,0.0,155.23627,153.30255,116.56762,137.21504,145.14694,143.95375,118.00305,149.22917,129.59787,119.22191,128.72659,128.52423,141.64819,119.91608,105.80327,130.51888,149.28352,173.80241,134.00945,117.39577,121.72246,129.43813,153.20575,143.50793,65.26266,143.11131,132.00133,125.60278,137.34419,120.11214,127.82548,143.49226,128.73421,93.49201,152.15955,104.86114,125.80228,171.39159,118.61945,161.13647,160.01944,117.13174,99.03561,168.66794,128.25616,139.68152,138.85023,104.55123,166.75403,169.84506,85.99508,148.16272,101.8734,129.33124,148.90576,104.06934,137.42979,72.94606,155.1389,117.15086,117.00743,98.58886,144.49748,117.58874,97.94014,138.62573,118.05576,140.38426,115.33723,125.64996,129.72256,169.10806,109.31519,139.31236,126.8204,174.5164,140.92146,147.1104,164.78619,153.26079,85.26128,114.76646,116.13769,112.8793,118.33079,98.98333,123.31816,164.57123,115.87806,126.91116,103.11653,113.09207,162.45062,145.57201,98.48397,121.68657,136.43391,136.64337,146.80328,160.00879,134.45351,104.17542,85.8186,58.06625,16080.59075,124,16080.59075,129.68218346774194,23.18564153400075,174.5164,58.06625,0.6358006584030264,1
21,138.81116,133.22917,164.16374,102.85752,149.60928,125.02929,154.35555,150.54497,127.77121,108.11987,56.02643,127.43727,156.14539,149.80867,180.17052,134.34467,134.34076,126.881,148.46219,141.85167,155.23627,0.0,124.77657,111.83578,128.18413,181.45845,111.04642,125.24847,115.21372,143.33034,100.72994,151.53485,104.37875,136.60399,141.05702,131.26166,165.40837,134.13275,146.34952,168.79144,123.87013,104.21746,99.40966,95.13337,130.80258,157.96062,127.73735,140.62283,148.87221,95.11027,122.24805,104.27341,126.63828,157.24773,114.27246,130.6339,108.95667,143.3551,161.71556,74.63532,130.11908,116.94619,139.71266,101.23899,115.06892,120.21123,155.59032,134.2494,163.39973,90.81289,126.33792,139.08054,148.56245,117.27002,146.01689,126.24624,164.07817,155.90686,137.01617,122.85931,105.79144,132.35185,135.8604,98.88103,143.78804,100.68815,121.10851,116.17496,128.79173,130.28558,131.38705,180.53268,70.51568,143.65114,165.39746,119.63187,158.39197,165.4828,165.95247,143.55591,137.4446,148.72832,141.93091,102.55651,178.34302,147.49248,123.29782,109.1956,101.83383,107.45888,105.38899,155.42407,103.5826,76.67342,114.82888,122.90804,125.72322,112.66935,148.29082,144.62549,122.93508,133.20015,118.09772,145.97182,153.9169,16245.71495,124,16245.71495,131.0138302419355,23.599406260207243,181.45845,56.02643,0.6400652231468854,1
22,119.34795,127.76963,100.94902,127.9196,128.03758,94.21555,139.18539,111.80396,128.27835,84.5744,116.29302,81.64223,138.6541,132.41232,155.78802,114.97769,131.27792,169.8739,154.08614,150.161,153.30255,124.77657,0.0,155.25444,109.36094,145.74876,85.9167,96.50032,91.2446,168.952,132.88669,105.54296,131.09352,139.76509,150.42758,92.82452,163.0072,132.37196,104.34698,128.80261,144.93883,100.67773,122.59689,112.84152,140.45303,174.6931,90.24265,138.1861,99.48613,97.45064,137.41077,105.02344,107.24653,145.96635,147.88208,150.14972,142.54843,74.80974,98.24731,137.37099,114.0976,139.23114,86.28418,148.716,142.48787,141.14598,118.23473,143.91544,166.73019,116.28136,87.60165,129.04543,154.85126,122.12366,166.26117,106.18892,133.38452,147.85597,154.83116,109.34046,128.94579,144.64659,125.34656,119.3247,88.50901,103.96276,112.01591,106.4911,92.62771,86.01381,83.01836,159.53445,140.66072,133.98386,117.30276,125.86615,148.44868,115.15333,135.3653,123.37547,98.62266,131.56747,66.71795,119.69263,122.99636,131.28056,149.32463,105.01414,108.33459,146.9269,136.89897,135.45447,140.97327,128.3508,137.60817,90.80167,135.42203,92.32697,112.31383,110.59545,125.42487,109.32898,134.75626,136.4249,140.13387,15454.08985,124,15454.08985,124.62975685483872,23.068735279916446,174.6931,66.71795,0.6192264477774696,1
23,109.78909,151.05701,183.32452,115.79661,136.06204,152.19188,131.53592,112.67411,111.75892,147.46558,101.39458,134.31639,122.28703,134.14464,168.03163,148.85167,150.38715,148.01347,147.66263,129.39375,116.56762,111.83578,155.25444,0.0,129.80148,149.95192,151.4743,105.12406,158.65982,106.13815,90.96839,168.70262,117.45788,123.82771,91.82695,103.1726,142.34264,110.97436,146.5498,146.5822,148.1757,150.70404,125.68669,139.96353,105.63178,116.78666,151.67998,165.39867,169.99979,123.61839,87.70335,124.56536,164.55049,144.27943,128.21858,119.20338,123.41224,146.41689,173.05048,85.41937,169.07237,146.70918,115.38061,95.77634,151.2498,138.04591,166.99869,152.11098,122.58553,137.66893,153.93462,145.91612,94.50137,115.88799,146.16811,124.8649,146.35098,134.27104,118.79404,140.7919,78.35059,93.9201,148.79135,99.47245,153.33856,104.78163,104.62706,117.95181,157.1844,135.24132,138.48703,161.15929,128.68567,157.23418,150.31519,108.71274,127.85234,167.09123,185.76256,170.53423,122.80643,125.90267,156.52994,102.18395,187.24719,134.29373,91.26715,146.58006,153.08586,53.50288,86.68449,148.86615,113.70457,127.11241,122.23974,93.70617,132.99194,133.31949,101.99689,147.6853,143.02324,153.14824,118.30888,103.31009,118.99244,16382.87918,124,16382.87918,132.1199933870968,24.88403558011956,187.24719,53.50288,0.6432107473491049,2
24,66.59274,100.76948,101.00288,123.27949,132.49345,144.20491,146.21172,108.19205,63.02388,141.69997,117.43318,69.84559,129.07036,168.12158,142.62686,143.30112,148.61865,158.96298,80.61194,104.57006,137.21504,128.18413,109.36094,129.80148,0.0,138.20454,104.66154,108.25703,120.51389,130.19765,119.71561,120.99598,95.90727,132.46309,135.46086,108.92989,92.05109,128.36514,117.3656,140.72517,129.04787,117.82507,97.608,144.52577,110.97815,153.73299,130.66248,131.2383,111.1712,113.66547,80.98087,132.3474,127.08337,149.43637,138.5836,112.67628,136.50206,85.6034,116.02188,135.8763,130.40611,103.58986,121.30253,145.95706,118.88125,118.18397,120.22608,141.18947,113.04673,143.57176,104.37466,158.77145,127.32989,146.2079,153.57988,111.0443,156.20842,81.2216,137.76773,121.06274,111.27318,123.59037,89.72141,94.40361,91.92126,114.91479,101.39098,86.00687,131.61888,102.76001,71.86126,106.88781,130.73248,127.0759,85.78458,106.4277,93.40576,130.52023,89.76033,127.42573,136.24806,147.81885,111.87629,109.29496,135.26508,88.22906,88.54359,102.09431,125.60838,137.37451,90.06165,111.3295,109.18828,148.47569,166.08542,99.91782,150.76917,144.70087,115.96296,111.78532,118.22282,115.89797,110.54317,104.1664,122.88051,14818.32283,124,14818.32283,119.50260346774196,21.9755512040258,168.12158,63.02388,0.6024241898793443,1
25,116.03577,144.40584,147.60867,126.76078,59.82905,132.07179,97.3705,97.52709,132.49174,158.31767,180.21298,144.64098,179.3907,186.01576,145.56012,135.06194,187.99464,180.73108,168.661,99.05054,145.14694,181.45845,145.74876,149.95192,138.20454,0.0,147.99734,110.51904,160.56631,127.36103,147.28072,121.74411,121.66352,156.92856,162.96762,130.03323,127.48312,139.16983,126.28606,109.81389,171.25883,149.5043,151.60492,139.87102,111.70754,156.01472,132.87929,170.86348,128.76414,142.60316,134.95662,146.59865,145.60379,111.34999,174.81281,140.09659,142.64857,131.93129,136.27762,159.02518,170.18875,155.5988,106.6789,171.23346,162.19949,137.15483,133.82133,122.6684,133.26424,144.08681,117.40456,166.45149,137.05005,146.245,152.81834,157.23132,105.45413,132.1179,146.29027,150.70102,172.07056,112.47845,140.73375,133.72615,153.21469,112.01208,120.6862,119.40613,158.89198,100.60826,131.35956,117.92003,162.46278,124.11457,99.8952,162.43758,147.94969,162.65746,164.33908,117.43849,149.57549,127.49105,145.1808,147.13684,158.99863,118.6899,141.02345,157.9156,199.61707,137.91901,127.64637,136.06425,142.95697,184.97327,189.47284,130.38693,128.99979,133.14226,136.97202,114.28308,147.89632,143.98543,98.03876,110.3766,123.30825,17443.5489,124,17443.5489,140.67378145161288,23.2148358170743,199.61707,59.82905,0.6720618680039798,2
26,120.62337,130.5231,124.25111,128.59669,122.52716,113.23513,127.86783,98.78403,116.61315,127.89014,105.46738,113.07311,143.82292,149.51154,144.66727,141.17514,127.27277,140.88412,115.58091,144.11426,143.95375,111.04642,85.9167,151.4743,104.66154,147.99734,0.0,84.39448,118.48674,161.07378,137.38304,127.08723,130.68652,169.51082,176.49431,112.5567,142.82307,137.24014,140.96486,148.67068,90.77455,98.91634,121.31158,117.42767,129.08383,163.81274,92.55482,136.81685,109.99624,65.69079,125.41082,108.29882,68.75795,124.75698,130.80841,141.3951,132.52296,79.80955,135.04608,142.70905,147.23082,110.80177,117.55379,121.77081,119.92123,125.58171,136.90424,130.35027,137.71019,115.0639,81.18937,130.16353,163.69064,131.99329,133.83063,103.18262,151.25861,134.56345,126.22942,121.61697,130.80582,145.87978,126.56414,130.67181,94.2909,95.48882,130.15573,121.64152,130.6899,76.92389,117.44553,151.36008,129.61212,122.6329,131.02353,117.46463,153.75089,113.15722,132.89578,89.39745,132.95313,144.92812,83.63457,136.22574,111.59489,134.04309,127.12453,116.13564,131.80275,132.52698,121.93671,122.58147,117.10942,112.77675,129.76489,105.55641,153.83466,100.26725,128.50061,107.15165,101.40393,107.74268,110.84888,153.20247,132.96329,15423.874890000001,124,15423.874890000001,124.38608782258063,20.552395449504864,176.49431,65.69079,0.6191727430657469,1
27,85.23051,123.92152,129.72337,110.23678,88.69853,127.71305,106.24451,50.07379,107.46069,131.13734,102.80869,114.35474,110.94218,124.38808,114.38136,125.07359,125.7316,135.90405,125.37031,132.08661,118.00305,125.24847,96.50032,105.12406,108.25703,110.51904,84.39448,0.0,126.94089,117.31731,96.56426,134.98778,121.92237,133.39107,133.18465,84.5184,119.2181,99.33317,110.75948,116.97833,129.10223,118.65412,124.77981,115.35768,91.0476,130.97404,91.73533,147.37296,111.35972,90.16943,86.1048,91.76044,91.6493,84.53981,121.51711,123.39003,119.85355,77.93475,123.1967,123.90089,140.91702,111.60793,62.25518,96.06256,112.87594,130.28685,126.44296,135.85539,97.35327,121.54685,94.21349,118.0032,119.09148,119.008,117.94484,69.89445,123.0605,129.40526,123.39284,111.43643,94.88998,119.44038,132.98508,103.28579,104.15892,88.86884,104.93462,109.51655,127.36284,79.24617,110.36425,127.63947,128.01067,113.50197,105.99965,101.41254,116.99164,101.53076,144.98189,108.34046,100.81191,99.14966,90.5677,120.22295,134.74812,125.60149,112.1528,122.95844,153.00172,89.45946,85.27852,129.85088,102.81687,107.4875,108.67664,66.83504,128.14554,109.65035,72.15926,100.7477,86.75317,105.83016,107.67738,116.57208,110.27672,13780.59283,124,13780.59283,111.13381314516127,18.36512956019467,153.00172,50.07379,0.5747597082891133,1
28,138.853,82.76699,91.82048,86.06576,120.82764,103.85215,151.62198,147.76436,136.97247,64.57694,108.64719,106.60046,139.03645,124.11999,133.11018,68.34943,106.8974,127.96621,144.10239,132.04257,149.22917,115.21372,91.2446,158.65982,120.51389,160.56631,118.48674,126.94089,0.0,134.84305,128.77069,85.55555,99.72104,109.24392,130.11386,118.57769,139.54494,145.42026,104.46525,109.72181,135.4379,71.5685,112.47572,88.80407,148.61278,156.28351,115.29926,105.94972,97.1618,134.08311,122.84402,101.41535,103.20811,150.53807,116.57786,123.24088,107.69318,116.48546,83.95367,112.01952,58.65352,102.94253,110.74873,135.70168,118.58598,92.18303,68.33366,98.52171,156.52325,113.57455,112.49328,112.44737,160.69443,103.24119,148.35896,146.9926,130.44211,129.94536,156.94508,99.18922,124.2114,136.79414,110.29514,99.48502,102.82206,101.40993,108.03667,113.84388,55.50043,131.34123,75.03098,137.43507,128.63194,102.73376,105.76783,160.65523,156.9064,107.06047,119.11167,112.36917,106.16382,121.8719,113.70205,126.33823,135.58109,106.02832,148.77098,82.60635,98.6392,139.24109,123.6389,118.24703,105.82872,136.74211,163.17203,102.04574,105.88754,126.52166,143.84747,119.02506,110.39177,74.01935,124.59966,132.29662,128.07649,14605.72357,124,14605.72357,117.7880933064516,23.448918593452465,163.17203,55.50043,0.5958385685918893,1
