Vértices,0,1,2,3,4,5,6,7,8,9,10,11,12,13,14,15,16,17,18,19,20,21,22,23,24,25,26,27,28,29,30,31,32,33,34,35,36,37,38,39,40,41,42,43,44,45,46,47,48,49,50,51,52,53,54,55,56,57,58,59,60,61,62,63,64,65,66,67,68,69,70,71,72,73,74,75,76,77,78,79,80,81,82,83,84,85,86,87,88,89,90,91,92,93,94,95,96,97,98,99,Grau (Ponderado),Número de Vizinhos,Soma dos Pesos das Arestas,Peso Médio das Arestas,Desvio Padrão dos Pesos,Peso Máximo das Arestas,Peso Mínimo das Arestas,Densidade Local,Conjuntos
0,0.0,178.96069,155.86995,145.02576,139.89983,154.07059,151.92336,156.11513,143.34491,204.49896,201.29428,187.42644,178.40814,191.89883,164.42384,153.62396,205.64656,151.1651,137.57806,103.56872,152.10062,167.43892,153.10391,187.36002,166.74289,194.1279,149.53548,206.67413,138.56393,146.08789,182.80589,144.28517,171.33751,171.55066,175.23531,188.58806,168.01547,169.94745,144.4552,176.67831,138.29491,206.19394,168.49579,169.51349,170.8857,182.54172,151.07211,179.67923,152.03734,153.5573,175.4068,159.54063,184.68951,185.07867,184.69379,141.88235,170.35172,198.96278,155.04587,167.88257,119.71299,177.63907,188.23875,144.88451,140.20773,137.81712,187.50021,138.59079,209.93274,178.56708,170.24161,166.58966,167.58749,187.64589,180.06294,195.6454,186.50293,186.37442,186.14302,208.77939,158.57765,164.49414,177.49249,156.29529,189.24095,186.1111,188.13405,166.99129,143.78558,151.88335,191.3903,154.36057,210.53409,182.26952,140.65822,166.20229,213.4668,180.41217,181.30101,168.46558,16785.91423,99,16785.91423,169.55468919191918,21.628264114373078,213.4668,103.56872,0.66855209841603,1
1,178.96069,0.0,166.17287,153.00615,142.61044,145.14015,178.38229,169.38365,156.97449,185.03088,170.78395,198.52586,185.22484,191.38411,125.8047,172.93745,166.21021,115.86409,171.46927,190.11469,168.96516,177.26703,192.64326,210.91286,184.26784,190.58066,103.47353,188.88676,183.52592,134.0309,190.92242,152.99574,215.07367,142.68649,102.95815,216.9191,198.70586,159.62508,163.85522,179.34183,147.32428,198.86948,165.59914,143.52393,124.85791,207.97617,163.93584,200.72807,167.82478,156.24832,144.64142,161.6241,188.20827,193.76436,157.40005,156.91954,159.89218,216.15509,179.3577,155.46709,155.36882,161.95518,207.16911,148.84171,185.54379,195.90483,159.60556,170.64606,157.21533,167.00639,194.10579,166.33023,157.45433,171.83969,189.15219,170.88266,190.67516,237.84863,170.58961,202.79874,206.16986,183.93304,149.29431,168.67813,194.06483,143.80345,183.23329,197.58769,141.77895,164.90501,159.13896,214.95239,233.30969,160.13301,158.89529,149.42558,136.65257,133.8092,199.9413,165.48997,17018.06631,99,17018.06631,171.89965969696968,25.795068806727322,237.84863,102.95815,0.6739267122064014,2
2,155.86995,166.17287,0.0,139.14853,161.16722,166.88821,166.6559,162.48775,165.11986,226.03535,160.90294,166.63895,134.86214,132.25522,187.83769,178.68713,200.2379,125.09934,131.9352,140.90225,163.66432,127.99242,170.44125,188.26189,194.70157,170.94629,153.13475,194.0849,149.75829,147.31215,160.45403,152.37117,178.4975,157.98752,176.64285,154.43889,194.53821,171.01189,173.56165,163.14923,170.84575,164.87448,167.32574,175.76212,178.19949,150.87741,174.42612,200.77449,178.91835,146.0907,152.71269,153.25839,146.70218,199.99071,184.31264,166.57918,167.14751,173.4895,133.70071,158.77744,114.05064,156.86096,176.06198,180.20613,147.64902,178.41763,182.10533,161.38608,159.25818,179.50932,169.54597,164.79761,181.46767,193.01019,176.98744,146.71445,178.65732,159.12773,159.84578,169.86185,189.29137,168.44736,156.84631,141.37328,168.46048,159.2659,171.11981,200.0327,170.52844,157.93777,190.06332,154.94676,191.88959,149.30553,149.29544,172.37947,153.16716,144.34537,137.46098,179.57402,16397.87311,99,16397.87311,165.63508191919192,18.939263017590523,226.03535,114.05064,0.6586187939056595,1
3,145.02576,153.00615,139.14853,0.0,127.15039,174.55656,140.51535,102.82684,122.25204,165.17052,167.07214,131.86914,127.11775,159.05128,130.14255,176.92549,177.16685,147.24612,147.23656,128.94951,146.03171,139.41174,160.71989,168.62248,190.1035,200.05132,128.7267,153.27951,122.29762,137.51118,156.40814,120.93548,159.54468,133.85818,121.98614,201.64235,154.90167,160.54062,174.98137,133.6669,154.71266,188.78392,127.09568,146.24028,161.74994,149.35674,149.89655,152.6161,149.57773,162.51517,169.56937,114.78477,146.45332,189.37541,126.08411,140.55975,130.79541,151.50266,144.01991,138.47546,140.12051,167.83592,134.50929,179.65826,118.37016,168.83733,140.27567,124.62708,173.11461,162.53561,177.20189,176.38583,178.18108,177.38889,168.7563,159.65944,139.89923,168.86351,141.71835,167.62045,153.52242,142.28531,151.63005,106.45696,140.08134,179.41626,170.91136,156.71536,140.26309,170.99724,145.33986,166.63426,164.33467,152.59671,140.13599,134.87627,159.12221,133.65286,178.14648,162.23357,15036.72733,99,15036.72733,151.88613464646465,20.351550703432167,201.64235,102.82684,0.6216092160884904,1
4,139.89983,142.61044,161.16722,127.15039,0.0,161.56419,151.35101,153.9158,158.48764,219.5605,171.1554,162.28072,188.19722,182.63197,155.59227,200.68686,217.99405,141.35042,165.90283,157.85617,168.68074,161.55382,213.02879,172.37819,224.91257,207.87878,130.68173,187.25584,175.69368,169.11017,187.38905,141.67311,193.54318,167.23853,141.61848,197.5815,205.81909,153.67642,142.70555,193.89764,176.38405,211.08122,160.09863,122.02769,177.45912,222.48753,160.63867,136.19682,195.39032,144.7495,179.97359,146.90059,195.43832,182.52962,170.67973,194.87509,166.87965,190.97433,180.51987,179.52707,135.40817,168.19273,171.06488,160.09332,140.96518,195.55286,158.16795,130.80881,200.12317,179.46948,187.92514,190.97821,169.24768,187.60114,190.42398,183.36633,154.81766,233.4391,148.46454,183.95157,202.4543,172.25883,152.50897,138.77673,197.4174,189.25417,203.54408,207.70082,176.31342,160.4371,172.77028,181.13434,230.0303,166.86607,195.40425,138.96248,144.59444,163.52774,224.60722,168.82083,17247.92887,99,17247.92887,174.22150373737378,25.383756491951303,233.4391,122.02769,0.6801014133410231,2
5,154.07059,145.14015,166.88821,174.55656,161.56419,0.0,184.52657,155.03377,144.59666,212.7234,179.79984,185.87108,151.32382,191.90442,154.95442,168.48685,167.33177,133.96823,175.79253,184.83131,166.60013,156.21904,172.075,202.1024,150.41287,183.72701,111.01612,194.98128,181.31146,142.00287,186.72293,151.61821,177.65688,184.10684,155.91794,121.01846,203.1292,150.86252,143.49069,202.35161,167.28926,185.71542,182.77762,154.02261,138.51933,216.99481,178.7048,168.48851,187.87302,157.85352,177.67494,197.91701,216.03963,220.51337,178.93895,154.79268,204.06094,213.3208,170.69125,144.18044,135.63211,176.36801,192.95494,129.19479,140.40277,171.26317,163.3954,164.51335,180.74092,169.99075,217.10954,151.86588,169.78873,158.92101,197.06323,195.40852,163.87669,190.02473,185.09586,194.17146,163.06853,160.36572,184.19627,162.51204,215.15729,172.56557,183.05664,197.87357,143.32213,156.56996,187.30299,166.08865,199.11607,136.32426,166.52545,187.52521,181.87965,178.74222,220.21109,138.62537,17095.86728,99,17095.86728,172.6855280808081,23.35126681203964,220.51337,111.01612,0.6763315527129844,1
6,151.92336,178.38229,166.6559,140.51535,151.35101,184.52657,0.0,158.66039,163.24623,193.5898,156.22739,132.37415,155.88074,175.11877,141.1591,166.67783,204.3914,142.35771,154.02386,152.33823,128.06926,156.3755,178.59689,185.03789,202.72757,189.25763,169.81683,192.26266,178.30235,155.57799,169.81798,134.85283,186.94481,179.73549,144.89755,192.08102,185.61185,146.86726,155.95575,167.61258,126.071,200.81798,144.48547,137.08131,155.25987,199.53555,122.8701,143.66963,140.41016,170.49083,193.56165,155.27245,167.39915,168.2314,149.05045,152.82831,160.12672,162.57048,185.08966,162.49542,144.94089,150.50305,158.48036,150.06657,146.36189,203.10448,141.56442,155.40404,177.14468,151.20926,141.35161,173.43523,173.21333,195.48366,164.47046,169.15685,159.29912,196.11151,201.58083,167.9118,159.8078,179.17952,141.93575,152.40694,178.47508,173.04468,201.93674,144.69891,182.57436,114.06172,159.81708,107.94597,175.21649,168.19307,168.53728,120.73691,166.45978,109.02431,169.64302,148.01498,16109.62379,99,16109.62379,162.72347262626263,21.79249146208171,204.3914,107.94597,0.6504795029865783,1
7,156.11513,169.38365,162.48775,102.82684,153.9158,155.03377,158.66039,0.0,156.2543,149.84753,181.48859,152.34605,116.9009,193.09454,135.78572,157.04004,143.06839,154.29105,166.06261,158.06137,161.58081,129.6683,155.85449,140.84151,164.97794,203.30632,142.8752,154.62482,104.99593,172.45972,118.09869,136.58234,145.76111,119.45203,152.14066,179.99934,147.08827,171.1694,153.47641,168.28793,139.60913,158.79497,141.34515,134.24734,162.62318,170.75485,141.24002,133.49171,144.79912,159.81764,156.63239,168.31958,172.98679,193.7558,138.72269,142.35835,140.7903,155.63986,129.19449,146.32571,127.91765,137.20912,154.80089,188.98219,139.93437,161.4742,155.1411,142.19891,183.31992,171.05673,181.42879,150.36935,154.54033,181.28137,153.88943,161.70494,170.53258,154.9192,156.45563,149.91275,136.91277,117.83809,168.85944,121.35191,124.36787,184.77577,188.67331,158.10228,146.00476,174.9259,154.13446,164.40227,149.20859,92.9665,151.19547,136.88008,169.5892,142.89886,194.91621,138.59285,15171.02075,99,15171.02075,153.24263383838382,20.401534716217743,203.30632,92.9665,0.6251867204740138,1
8,143.34491,156.97449,165.11986,122.25204,158.48764,144.59666,163.24623,156.2543,0.0,159.20271,142.86502,155.93166,147.86218,163.78517,149.77147,175.87845,169.89091,166.52086,173.33429,144.72026,133.59029,151.81104,154.15755,210.94597,160.21617,180.4034,119.63566,161.77312,156.09956,116.8973,171.06683,123.28186,158.42148,172.8038,143.77478,184.21602,151.67259,148.98077,186.63048,144.22917,161.79785,192.09796,165.12308,152.9207,133.47359,167.29181,166.48146,171.76614,152.16653,176.40469,167.98453,137.55258,171.46786,215.03674,186.87068,116.88554,164.11143,146.25706,161.30054,146.38982,145.50424,173.49239,147.57549,145.90749,134.28604,161.86374,146.5369,120.99617,158.48248,174.81932,196.95938,163.69131,143.72481,152.2164,225.8593,180.56096,120.97767,204.35258,171.41539,206.25681,145.09006,137.53256,157.62306,147.06644,181.34709,141.36615,153.83044,127.22878,160.1671,181.63365,154.32864,165.82967,175.96194,179.35278,159.91437,170.26059,189.54021,163.98351,208.83505,156.491,15876.8895,99,15876.8895,160.3726212121212,21.63251663799382,225.8593,116.88554,0.6443122861988925,1
9,204.49896,185.03088,226.03535,165.17052,219.5605,212.7234,193.5898,149.84753,159.20271,0.0,172.07254,198.03236,198.90474,197.68018,139.45665,161.59052,123.10057,210.49069,179.53546,184.90019,177.63718,201.29549,176.83008,189.73648,156.00932,198.58765,165.90689,141.36594,153.54993,184.74574,189.99255,177.95082,163.35078,153.19336,153.41982,250.44775,134.35481,168.84503,194.45215,157.99809,141.71342,163.59538,162.10637,145.9077,175.25084,187.84209,171.28633,190.22537,138.47685,191.10872,151.73616,170.84891,155.36676,169.65033,157.86404,147.65845,166.64755,148.9061,182.21544,168.42892,198.24608,158.05841,179.85979,171.95483,216.08704,180.72745,162.14877,161.24553,167.85701,167.97365,182.85298,139.03821,132.95874,169.08661,185.49376,175.03052,186.90085,200.70175,179.68993,191.2885,132.85152,135.38379,171.47244,184.30867,113.75934,161.38942,173.22226,131.95442,181.07664,212.46716,154.11317,207.0571,161.87624,173.33121,152.00356,154.96249,201.45064,153.13661,196.46512,170.97188,17088.38323,99,17088.38323,172.60993161616165,24.048878396458996,250.44775,113.75934,0.676128009562702,2
10,201.29428,170.78395,160.90294,167.07214,171.1554,179.79984,156.22739,181.48859,142.86502,172.07254,0.0,157.11356,164.47086,142.92072,180.51462,185.14381,154.1937,156.7522,177.19266,187.49474,155.92886,139.77103,181.58942,191.51698,206.85188,122.31447,147.21852,121.44021,181.965,183.86319,173.509,158.26253,162.70316,170.12004,130.89714,188.34903,163.04947,136.07939,156.9268,137.90352,167.95357,153.94933,154.88289,106.16884,163.06342,179.58282,150.11546,156.39636,190.25943,174.89262,136.83162,147.87091,138.87585,199.02103,179.36467,165.51883,158.98228,112.31159,181.07153,173.3633,149.57867,147.78787,142.39195,144.46225,169.78989,192.53767,114.73756,147.12283,156.93478,137.45775,188.7876,145.37636,128.28285,168.62964,193.15242,139.19618,146.53252,215.1393,160.46489,195.78453,160.52791,142.21156,149.90359,176.7088,174.83725,105.91302,147.22807,164.9787,186.02588,171.85522,166.87996,159.56885,177.03442,166.83229,183.38768,174.52501,136.28,126.64323,189.67712,148.00694,16003.36796,99,16003.36796,161.6501814141414,22.223973373792237,215.1393,105.91302,0.6474215767573006,1
11,187.42644,198.52586,166.63895,131.86914,162.28072,185.87108,132.37415,152.34605,155.93166,198.03236,157.11356,0.0,144.99893,180.09166,170.33095,215.81599,196.6433,179.19585,188.99226,179.5331,183.43974,137.85103,175.85835,230.96794,201.08157,192.32141,153.62308,192.34837,154.99361,177.72845,177.5605,155.2,204.36192,184.175,177.30502,174.46599,174.85947,194.70976,153.77267,163.25972,198.58815,198.55197,135.45602,151.03943,207.31105,173.90411,128.3542,165.36333,161.88054,183.46596,212.26236,185.17673,160.72046,198.14471,152.51698,181.66052,186.91827,133.51199,181.30383,136.01567,150.80252,174.79431,114.90739,190.2926,141.42729,241.79843,169.85513,123.20925,155.25583,181.81213,158.98387,192.22432,181.88969,173.847,201.94804,179.70064,110.76743,178.75468,201.05241,146.37033,177.10756,151.92833,142.09775,149.49026,160.26657,184.78036,205.16252,154.12537,201.69829,161.57736,149.78821,163.41162,170.79855,150.82867,187.46423,152.42,166.4446,158.16185,209.99225,118.64367,16961.9232,99,16961.9232,171.3325575757576,25.082538564292097,241.79843,110.76743,0.6723337890416736,1
12,178.40814,185.22484,134.86214,127.11775,188.19722,151.32382,155.88074,116.9009,147.86218,198.90474,164.47086,144.99893,0.0,170.25023,170.62782,171.65126,164.51982,147.98836,187.21991,175.36221,173.43323,121.41719,137.96962,195.04857,168.15829,184.40228,145.11726,167.75853,154.77332,166.35001,140.14008,131.25316,149.78255,143.84889,163.65952,150.29546,160.79718,194.37949,175.13219,159.62941,178.68916,180.18607,148.49756,169.76808,163.11382,143.30969,145.74332,158.11253,168.64026,171.17105,173.85866,191.45607,163.64709,227.20656,171.43118,125.7923,179.53456,160.49893,154.0226,133.6962,131.3414,175.51189,154.5135,197.69891,131.61911,176.57047,170.04961,180.98671,182.41052,155.91528,212.04329,171.24716,182.57121,177.34657,183.78813,140.10674,166.96783,156.71112,192.55396,172.73506,157.38969,151.30066,183.93855,128.18277,169.62965,164.34145,159.81599,145.80411,153.40039,166.41225,190.68369,162.18036,164.67723,133.7616,149.25381,174.77901,176.75467,154.35477,187.74689,147.90608,16208.49588,99,16208.49588,163.72218060606062,20.24848827080867,227.20656,116.9009,0.6533907303222217,1
13,191.89883,191.38411,132.25522,159.05128,182.63197,191.90442,175.11877,193.09454,163.78517,197.68018,142.92072,180.09166,170.25023,0.0,161.63129,177.51363,204.07849,159.87589,127.82266,147.41441,150.48412,158.77829,216.84615,186.43297,182.78008,176.59198,155.1814,163.5502,199.32405,174.59824,202.80138,161.84695,148.05095,187.69292,164.49651,171.37491,185.33923,133.49368,190.38289,173.44371,189.39139,154.45422,166.55721,155.64523,188.9695,200.95837,191.31494,173.21333,173.01047,149.49826,147.41995,157.1089,151.29565,166.7733,188.52896,166.12598,189.9704,148.88307,179.54897,172.99115,174.27864,175.51476,185.8983,163.9343,153.01053,169.56604,160.8748,165.53108,165.10986,143.64879,184.55156,150.29871,185.606,160.01181,170.44031,128.59184,149.96111,169.33386,172.7646,185.42279,174.2166,185.57762,142.55034,167.58925,162.68935,153.87675,131.23767,190.30621,204.21793,177.77583,198.55765,160.70715,182.06114,177.61151,165.06876,166.81737,178.02177,150.67854,144.20708,192.38576,16866.0573,99,16866.0573,170.3642151515152,18.704619428114725,216.84615,127.82266,0.6711123983352293,1
14,164.42384,125.8047,187.83769,130.14255,155.59227,154.95442,141.1591,135.78572,149.77147,139.45665,180.51462,170.33095,170.62782,161.63129,0.0,159.46213,148.08546,130.1879,157.16817,168.5461,125.49285,168.08398,198.10263,178.42659,147.56764,206.27414,111.46745,180.34673,180.4798,146.10248,179.68175,122.65693,174.04045,154.80431,119.58063,203.24544,179.99794,131.636,164.8791,174.20898,134.47557,182.68382,154.93173,121.62653,152.23517,220.37923,154.1076,148.43045,110.26971,166.00621,164.53305,163.07385,188.36607,148.80034,132.76585,130.4234,145.20818,184.16235,157.50252,157.20088,169.86226,151.48988,200.19458,140.67365,159.6694,175.3618,139.52046,143.38501,155.60323,135.79558,158.97649,140.36717,158.86024,150.89955,146.24005,164.3381,162.49225,186.10112,171.99217,166.04706,147.45602,171.54887,132.11441,147.15143,151.12746,160.82155,179.05327,149.80006,155.99191,153.36211,157.0072,178.75182,171.61298,133.93498,140.52399,126.04648,175.3815,127.96085,187.14551,144.08859,15564.49222,99,15564.49222,157.2170931313131,21.439482227225554,220.37923,110.26971,0.6359557311369124,1
15,153.62396,172.93745,178.68713,176.92549,200.68686,168.48685,166.67783,157.04004,175.87845,161.59052,185.14381,215.81599,171.65126,177.51363,159.46213,0.0,183.13528,157.16042,124.88987,134.85913,166.45966,175.8976,158.97391,177.74725,156.42223,187.81987,176.35727,172.50499,153.30408,170.19844,189.86832,192.77162,154.9548,139.96373,152.03305,192.91515,148.95724,154.89755,162.93869,200.99466,96.66604,189.356,126.31114,156.92223,116.64615,181.96332,150.19185,192.27455,135.19563,143.01952,124.53284,194.57468,162.79607,175.52808,171.26587,141.01425,183.19498,203.87117,191.51611,144.68993,174.26068,138.95082,206.35226,147.6517,180.05302,132.92422,182.64798,202.70726,191.87428,170.17442,194.71843,108.00325,159.17482,186.8331,145.14391,155.16116,213.72427,183.60181,217.14362,202.65964,148.82219,179.86368,175.49054,197.9608,172.35495,155.00806,149.47884,164.23413,145.46503,129.19579,201.04585,156.07573,191.4552,172.79944,149.37868,140.29993,209.4868,138.59444,134.84021,156.62,16551.90756,99,16551.90756,167.19098545454546,24.72481469787511,217.14362,96.66604,0.6614970483705322,1
16,205.64656,166.21021,200.2379,177.16685,217.99405,167.33177,204.3914,143.06839,169.89091,123.10057,154.1937,196.6433,164.51982,204.07849,148.08546,183.13528,0.0,165.77313,207.51759,216.47565,182.9646,161.96675,165.61951,196.85492,153.74622,165.30588,133.81064,152.68102,165.69916,193.01889,159.00237,158.57964,163.44858,151.83746,154.6909,211.50916,161.65781,180.41568,166.88496,148.06883,162.22598,147.12776,182.95038,143.97115,183.66261,185.91037,165.9041,187.29988,168.14534,200.98616,147.0717,195.03015,174.70193,205.89545,161.75061,142.48245,148.54083,169.32254,137.44984,176.19928,169.69914,165.17679,200.00528,169.68782,206.8553,183.69731,156.71085,163.39685,172.25128,146.96458,197.40881,128.18318,137.63921,174.65613,178.39508,167.21527,197.49951,182.50793,166.34367,192.40387,129.36829,124.41053,190.67493,175.61104,146.76634,139.50124,173.53287,154.82336,153.14592,203.72903,177.66162,213.25658,167.91116,125.95925,141.88892,201.91838,180.17865,162.83174,207.06862,141.12508,16897.91393,99,16897.91393,170.68599929292935,23.212530514292013,217.99405,123.10057,0.6712393916851813,1
17,151.1651,115.86409,125.09934,147.24612,141.35042,133.96823,142.35771,154.29105,166.52086,210.49069,156.7522,179.19585,147.98836,159.87589,130.1879,157.16042,165.77313,0.0,158.26727,176.46994,129.47289,125.18983,192.42896,178.92081,185.77844,153.30678,118.57991,182.72545,182.69409,166.87199,152.34796,122.74695,186.90378,155.08974,132.90779,162.88911,194.16068,141.63429,141.36351,163.76976,138.57771,188.12119,163.30464,132.85669,146.11719,203.22235,143.62923,174.86423,156.72311,169.22899,137.98837,175.71758,181.09897,193.83388,165.40758,152.00838,129.35973,202.07982,148.43501,176.04187,134.6601,154.09497,213.14027,145.22926,136.79907,180.93712,138.91464,158.99445,164.8212,147.54655,185.0735,152.29648,165.07101,182.04704,147.63707,138.32018,191.42674,187.24734,177.37984,185.9846,177.04175,189.54619,136.02655,169.34084,195.33115,150.66512,189.10918,185.59413,153.48164,126.49429,176.85477,166.89894,199.38631,129.8584,158.31577,169.08943,159.45592,118.20789,169.40186,140.24042,15916.38579,99,15916.38579,160.77157363636363,22.881983447061067,213.14027,115.86409,0.6450590881231405,1
18,137.57806,171.46927,131.9352,147.23656,165.90283,175.79253,154.02386,166.06261,173.33429,179.53546,177.19266,188.99226,187.21991,127.82266,157.16817,124.88987,207.51759,158.26727,0.0,100.38934,144.88768,182.63084,173.23555,154.4939,166.66003,177.24109,162.94945,171.97392,142.27417,140.07539,206.25423,174.64995,166.45822,160.93855,148.82782,189.7133,169.86693,121.822,159.81265,172.33348,119.70291,157.17317,143.24252,154.13307,157.99562,179.3492,172.15422,187.17839,152.62817,119.55844,140.19141,128.60664,139.12535,139.22496,150.79869,160.74222,186.93599,177.19476,181.84641,144.79407,147.09683,149.10237,169.03105,134.27992,154.11217,142.38283,159.8799,159.02835,164.96167,156.45929,154.32422,141.36192,171.61536,167.05954,129.0851,160.45715,178.93167,158.16281,164.4171,175.38458,164.35829,172.95653,140.76779,166.19545,150.97733,179.11429,162.40436,196.14395,162.36166,151.24785,169.58109,130.31718,176.69958,174.42572,129.47951,123.64981,180.00336,124.88452,107.72223,187.32326,15699.75335,99,15699.75335,158.58336717171716,20.914817162335204,207.51759,100.38934,0.6393003145713116,1
19,103.56872,190.11469,140.90225,128.94951,157.85617,184.83131,152.33823,158.06137,144.72026,184.90019,187.49474,179.5331,175.36221,147.41441,168.5461,134.85913,216.47565,176.46994,100.38934,0.0,163.00821,156.6974,168.46939,184.0181,179.40388,211.88419,172.99614,189.65088,129.68201,132.99879,181.02852,174.2843,141.38501,172.32442,166.54236,186.20061,159.08534,157.4109,171.12178,183.84453,139.66618,181.93697,139.9778,176.37769,159.96753,167.83168,167.01793,181.99574,144.03282,120.89599,165.53,136.78908,152.16791,162.80815,162.87839,147.44753,171.03549,172.76955,157.41602,142.04889,149.20441,167.44096,169.21172,159.86942,151.03339,135.77531,192.08902,150.96536,206.22557,185.36058,153.23065,144.82808,187.51459,202.26277,179.84476,181.04456,158.87636,162.62508,185.25677,195.78075,145.73245,151.51021,179.16051,145.60306,150.68193,178.3465,150.78456,173.44292,159.74434,153.8336,185.63887,138.88086,199.80701,188.35847,140.61522,138.45419,192.33632,168.0661,127.71353,182.9702,16235.53638,99,16235.53638,163.99531696969697,22.01547246521361,216.47565,100.38934,0.6535761036541198,1
20,152.10062,168.96516,163.66432,146.03171,168.68074,166.60013,128.06926,161.58081,133.59029,177.63718,155.92886,183.43974,173.43323,150.48412,125.49285,166.45966,182.9646,129.47289,144.88768,163.00821,0.0,158.82671,196.07533,166.22153,175.01376,176.47932,158.05553,180.23239,183.33112,157.847,169.92911,126.35291,182.45026,187.73004,150.66183,192.9426,178.99806,102.4715,190.76099,159.30972,121.53522,179.19122,191.07144,137.42754,144.84462,216.40334,173.40852,160.93857,134.10197,201.39192,161.68115,133.20303,198.12282,204.07233,194.0677,129.59641,139.07536,159.92911,167.20653,199.53491,147.89438,145.069,191.70169,148.26782,124.40195,156.83005,110.26299,139.77397,157.32799,160.97618,173.04469,162.11781,154.9975,171.8835,170.68593,180.76479,177.74416,195.96399,179.84224,208.17473,155.83369,190.4729,128.82581,182.80388,189.85059,166.71414,197.99553,164.90092,184.07228,170.65656,163.83998,120.0323,139.13165,163.51152,173.76808,164.21942,205.98242,114.94659,182.92448,175.33537,16276.52895,99,16276.52895,164.40938333333332,23.907490005483066,216.40334,102.4715,0.6543499523336794,1
21,167.43892,177.26703,127.99242,139.41174,161.55382,156.21904,156.3755,129.6683,151.81104,201.29549,139.77103,137.85103,121.41719,158.77829,168.08398,175.8976,161.96675,125.18983,182.63084,156.6974,158.82671,0.0,186.50102,200.0,192.44173,178.75529,152.91418,177.56752,149.49355,184.19917,93.60374,154.25528,156.7178,172.70135,168.44627,127.11061,163.08316,172.5421,147.897,173.54843,170.11516,158.29913,154.78294,148.30423,168.60861,181.7688,138.51141,159.48221,153.60233,169.84111,155.25735,183.49869,178.72606,218.70743,172.35875,151.21873,123.48439,147.3578,116.67181,163.74823,127.93202,151.01382,178.54109,189.37451,127.35365,187.13371,166.22661,138.36983,189.98808,182.69904,173.09535,140.67096,175.91747,207.76132,189.66927,158.53561,149.53629,159.17241,193.62817,188.34677,149.57477,139.37796,170.33675,158.18707,162.87865,151.48323,175.17523,174.05753,177.30206,157.33176,175.35207,153.07764,181.94981,112.23896,182.33864,179.26656,160.42169,155.82851,176.15216,121.2272,16010.79155,99,16010.79155,161.72516717171715,22.090039042749563,218.70743,93.60374,0.6475063121995681,1
22,153.10391,192.64326,170.44125,160.71989,213.02879,172.075,178.59689,155.85449,154.15755,176.83008,181.58942,175.85835,137.96962,216.84615,198.10263,158.97391,165.61951,192.42896,173.23555,168.46939,196.07533,186.50102,0.0,223.55792,156.44627,177.58945,163.36517,187.76289,111.71718,151.86888,201.82283,179.58707,188.31255,132.8676,171.95215,214.86018,136.94724,213.80803,167.92697,152.16827,157.25987,201.2558,145.08052,185.60081,173.72787,88.4243,140.89967,209.50302,170.50218,180.50505,180.99554,181.81654,146.22649,223.35368,176.90125,128.1655,203.33087,179.56223,180.67696,123.46596,133.48596,175.97427,141.39735,178.5739,183.44572,165.04405,195.67699,185.99507,183.4834,169.04091,197.16563,169.68823,159.63536,170.87579,188.20079,190.08653,204.72107,187.4176,199.75725,206.00647,162.42197,144.50272,201.44647,168.07382,173.65523,159.22749,160.23878,140.21965,112.57886,174.03552,199.38336,179.21611,177.40637,183.87683,119.34021,181.42604,209.80144,170.38318,185.88574,157.35274,17135.08058,99,17135.08058,173.08162202020205,25.527847298956534,223.55792,88.4243,0.6765978619042504,2
23,187.36002,210.91286,188.26189,168.62248,172.37819,202.1024,185.03789,140.84151,210.94597,189.73648,191.51698,230.96794,195.04857,186.43297,178.42659,177.74725,196.85492,178.92081,154.4939,184.0181,166.22153,200.0,223.55792,0.0,221.31061,205.15816,192.01115,149.40404,186.78218,216.76857,184.5975,165.13249,142.62003,173.02927,174.95303,220.70264,210.13199,135.04567,192.55171,196.17076,151.95625,165.44562,199.83159,143.28589,195.77942,234.78442,210.71358,141.59927,215.18909,178.41267,160.63115,163.51096,192.1246,180.12987,186.47044,203.65244,179.34431,189.10664,184.444,222.77499,175.74428,164.7471,202.62967,181.04544,185.89867,157.67764,147.14093,185.91528,219.98262,170.6698,218.21382,175.18449,175.31787,212.00986,145.09467,168.76614,218.60759,196.3773,130.85196,178.03819,167.38394,176.51082,191.56458,166.69432,174.40276,219.71716,214.50345,220.72482,199.7581,207.34895,200.46027,167.19362,177.96481,164.99454,186.80219,171.75774,190.21863,156.43622,202.15915,218.13474,18370.6083,99,18370.6083,185.56170000000003,23.359289455925733,234.78442,130.85196,0.7094839455692679,2
24,166.74289,184.26784,194.70157,190.1035,224.91257,150.41287,202.72757,164.97794,160.21617,156.00932,206.85188,201.08157,168.15829,182.78008,147.56764,156.42223,153.74622,185.77844,166.66003,179.40388,175.01376,192.44173,156.44627,221.31061,0.0,185.73831,135.97655,193.90031,167.31441,164.96887,199.43776,160.71718,176.02216,174.18059,187.61871,184.18056,143.22173,188.71303,168.13594,180.77014,167.06689,157.70514,187.15042,180.69646,177.43768,194.14937,167.31851,201.74065,129.02721,165.92093,158.81845,209.82944,190.80002,191.79839,193.4485,106.51666,218.41354,185.89987,181.71555,144.44296,156.34361,186.64734,201.81818,165.3744,178.37688,157.94626,195.31494,173.24092,169.68797,156.05994,196.09903,149.69781,155.94995,120.21758,186.2963,176.46176,191.05722,170.02393,215.55534,204.34335,161.69594,165.91013,171.74489,184.40237,164.14293,171.07399,167.37195,148.7813,172.76021,200.59554,183.47687,196.28416,187.77446,158.84776,123.8955,177.93321,228.77638,184.48383,193.34412,167.41882,17426.75483,99,17426.75483,176.0278265656566,22.14611075685113,228.77638,106.51666,0.6852406354195394,2
25,194.1279,190.58066,170.94629,200.05132,207.87878,183.72701,189.25763,203.30632,180.4034,198.58765,122.31447,192.32141,184.40228,176.59198,206.27414,187.81987,165.30588,153.30678,177.24109,211.88419,176.47932,178.75529,177.58945,205.15816,185.73831,0.0,151.81807,134.60938,189.49811,213.30675,196.66246,159.99695,192.59233,188.45314,169.02386,194.23082,161.71323,168.13066,145.88329,114.56905,175.41571,167.48924,185.60767,150.30861,192.8692,181.64113,156.15442,210.37453,203.29961,197.62595,131.9351,191.23674,141.01663,211.73882,199.31204,178.05359,193.87955,166.58755,207.90739,191.74968,155.73521,195.84059,182.67409,148.01949,176.80031,205.4269,135.31111,163.89113,164.61545,141.7077,222.19751,179.98967,143.89197,159.38269,187.57451,133.94409,198.42992,203.0663,191.04129,215.36734,184.40199,179.45758,150.89015,216.82263,203.66818,161.88988,191.88725,182.72934,201.52296,195.99672,167.8831,188.77553,201.93904,186.46419,172.21376,212.22276,191.55428,150.41219,192.25278,169.2148,17841.84722,99,17841.84722,180.220678989899,23.009433511547392,222.19751,114.56905,0.6958637844993629,2
26,149.53548,103.47353,153.13475,128.7267,130.68173,111.01612,169.81683,142.8752,119.63566,165.90689,147.21852,153.62308,145.11726,155.1814,111.46745,176.35727,133.81064,118.57991,162.94945,172.99614,158.05553,152.91418,163.36517,192.01115,135.97655,151.81807,0.0,150.91634,162.93275,137.46675,179.04747,100.17484,166.06938,138.17526,113.90814,172.92133,162.7814,149.35228,126.28527,137.92723,166.66782,169.51936,148.8933,117.12472,157.03029,181.14262,140.73145,156.17445,158.82979,140.63834,140.35469,159.46129,160.06654,172.16483,145.97096,132.03255,167.03094,171.88736,153.91426,129.83133,127.43986,171.50558,166.32968,123.69465,141.55774,171.55775,136.37581,120.60349,143.45255,118.20697,189.38382,151.33763,133.55823,106.75954,172.38052,139.09404,138.89787,189.53096,140.63196,169.53517,162.64067,140.14383,132.26115,129.38815,166.06261,137.28455,151.19019,154.73979,135.3623,163.61362,149.56554,194.69751,196.70824,133.61296,125.62527,155.45956,146.91724,149.19632,202.35298,131.04959,14783.37588,99,14783.37588,149.3270290909091,21.47863360476089,202.35298,100.17484,0.6143258198535978,1
27,206.67413,188.88676,194.0849,153.27951,187.25584,194.98128,192.26266,154.62482,161.77312,141.36594,121.44021,192.34837,167.75853,163.5502,180.34673,172.50499,152.68102,182.72545,171.97392,189.65088,180.23239,177.56752,187.76289,149.40404,193.90031,134.60938,150.91634,0.0,171.37451,208.65358,182.50204,157.71078,130.7614,158.2549,126.34898,214.39217,135.47334,147.69417,169.93428,126.63295,169.61034,151.98019,154.6368,124.90815,171.43492,181.88527,169.0276,156.55244,202.79868,175.06677,120.02511,158.63451,131.81464,196.32939,163.25621,170.44537,177.77327,136.21684,204.03079,175.49747,176.74313,187.87943,149.57076,166.59738,169.90536,172.27507,108.33136,163.10901,190.69264,134.32779,236.49956,168.62254,149.81467,163.49997,178.70555,121.24207,169.16034,200.52391,151.62935,200.85596,153.43542,142.5526,169.59355,179.44186,162.71452,173.67744,158.1586,174.65573,186.19244,214.17946,153.87143,192.58202,182.02367,178.89824,171.55899,177.30132,170.07231,145.743,200.7731,182.47495,16696.10649,99,16696.10649,168.6475403030303,23.83486892924447,236.49956,108.33136,0.6655969295462473,1
28,138.56393,183.52592,149.75829,122.29762,175.69368,181.31146,178.30235,104.99593,156.09956,153.54993,181.965,154.99361,154.77332,199.32405,180.4798,153.30408,165.69916,182.69409,142.27417,129.68201,183.33112,149.49355,111.71718,186.78218,167.31441,189.49811,162.93275,171.37451,0.0,163.13211,158.76566,179.03897,174.59593,121.11161,170.63266,203.10788,118.91042,193.84148,151.76112,155.31357,141.21492,166.97141,128.51936,162.91191,178.4994,111.76237,136.84677,193.41193,145.18712,158.30676,154.10553,156.12701,139.42632,197.50363,152.13074,150.05083,158.6442,152.30099,143.19809,130.63454,122.26424,142.98566,134.80861,189.63293,162.10493,162.40631,185.67267,138.57547,177.5627,192.38048,161.15723,152.13921,152.37315,185.15494,169.86484,182.21288,183.20903,158.53607,171.06282,178.7932,153.46861,113.81058,173.73451,154.73323,119.30134,176.61378,178.00543,163.74193,138.08612,179.68628,159.97897,170.99944,165.73695,145.59915,138.41823,148.92336,187.83426,156.32394,168.00299,148.91586,15804.50934,99,15804.50934,159.6415084848485,21.892508259232113,203.10788,104.99593,0.6420400188147205,1
29,146.08789,134.0309,147.31215,137.51118,169.11017,142.00287,155.57799,172.45972,116.8973,184.74574,183.86319,177.72845,166.35001,174.59824,146.10248,170.19844,193.01889,166.87199,140.07539,132.99879,157.847,184.19917,151.86888,216.76857,164.96887,213.30675,137.46675,208.65358,163.13211,0.0,200.5694,153.20023,186.69977,176.46693,142.02992,193.95995,200.77493,153.97163,192.54953,177.08972,144.80138,194.07271,170.31781,182.91937,126.43826,176.57304,188.16339,202.38974,158.9144,146.2326,191.46761,131.34956,175.10432,189.17502,156.33743,134.1564,190.29578,196.52455,164.66699,119.67819,149.26895,172.99434,168.38358,136.61806,172.82985,173.92126,178.36929,161.74548,158.71207,179.16463,166.19427,163.46713,181.69408,178.43649,209.20705,201.67816,151.27164,195.04735,172.28256,187.50192,165.87105,158.11281,176.4568,127.73505,180.53851,160.47903,165.82761,173.42195,138.11183,159.2415,167.51099,161.62982,197.08708,183.59961,125.50937,150.01561,165.56694,156.75983,171.6772,182.24138,16598.82615,99,16598.82615,167.6649106060606,22.15568564607921,216.76857,116.8973,0.6634460840494585,1
30,182.80589,190.92242,160.45403,156.40814,187.38905,186.72293,169.81798,118.09869,171.06683,189.99255,173.509,177.5605,140.14008,202.80138,179.68175,189.86832,159.00237,152.34796,206.25423,181.02852,169.92911,93.60374,201.82283,184.5975,199.43776,196.66246,179.04747,182.50204,158.76566,200.5694,0.0,146.55417,161.86014,183.30573,191.08423,170.74142,175.67004,189.27145,179.76952,175.2001,160.52956,153.76161,195.68645,171.33546,174.17062,201.68448,162.95052,177.63794,162.30182,192.05811,162.37111,193.12303,194.44882,227.70273,189.06204,158.60355,118.50026,159.60826,118.09502,196.55849,142.48401,163.23825,202.00131,212.19067,168.8445,201.15546,177.26588,154.8692,207.03514,205.43466,187.9651,167.33124,175.41728,235.04684,212.09001,168.73653,184.81281,178.17787,197.5928,193.29851,157.22717,140.94252,189.47226,162.4299,160.93697,183.62299,217.47079,174.99335,204.75253,199.06976,161.59869,176.84842,194.87843,121.65635,190.76714,189.67802,173.50597,165.23523,197.18526,163.96439,17547.68148,99,17547.68148,177.24930787878787,23.676854591786782,235.04684,93.60374,0.687971774557791,2
31,144.28517,152.99574,152.37117,120.93548,141.67311,151.61821,134.85283,136.58234,123.28186,177.95082,158.26253,155.2,131.25316,161.84695,122.65693,192.77162,158.57964,122.74695,174.64995,174.2843,126.35291,154.25528,179.58707,165.13249,160.71718,159.99695,100.17484,157.71078,179.03897,153.20023,146.55417,0.0,156.23004,165.55684,146.45987,180.9185,176.9892,147.50974,163.20917,120.59334,159.62701,174.81334,182.07689,136.35295,168.793,193.59187,153.20096,143.00169,158.34267,173.4857,164.3353,151.53638,168.38554,181.58983,169.69453,130.45967,151.37445,157.05447,147.48672,173.97562,127.46877,180.2843,172.233,148.55099,132.39919,180.02133,124.54397,120.60242,160.19598,130.29349,188.52097,181.10045,146.78441,149.69521,183.45302,136.8515,149.43842,184.76419,146.92255,164.77638,155.38916,154.91168,135.05145,117.23062,171.62958,169.15475,191.6508,135.28429,176.58916,178.13901,144.63292,170.22069,179.53462,145.72287,140.82936,164.42645,167.37538,142.93391,205.07668,163.64427,15486.49311,99,15486.49311,156.42922333333334,20.40974179956744,205.07668,100.17484,0.6338833934123719,1
32,171.33751,215.07367,178.4975,159.54468,193.54318,177.65688,186.94481,145.76111,158.42148,163.35078,162.70316,204.36192,149.78255,148.05095,174.04045,154.9548,163.44858,186.90378,166.45822,141.38501,182.45026,156.7178,188.31255,142.62003,176.02216,192.59233,166.06938,130.7614,174.59593,186.69977,161.86014,156.23004,0.0,177.83281,169.32051,172.4122,166.62776,151.57858,180.48662,177.50771,170.21626,146.02548,170.6562,159.36281,177.0155,193.52736,190.42662,139.66129,189.64232,147.27296,152.82513,176.13971,160.13548,178.01028,174.2263,154.1819,180.28206,156.75238,152.83633,172.29279,174.35356,185.09032,183.06543,163.48094,174.32402,129.09445,169.1604,172.68521,222.59711,150.34412,212.58093,129.07307,176.21744,196.14299,183.03365,146.95941,162.06071,153.46539,161.30779,186.2574,97.85461,121.45897,209.33014,138.40048,149.78406,173.36125,132.65564,164.95193,177.01608,192.4989,204.47121,164.76959,181.97986,167.89635,150.6304,184.63503,188.13342,185.42708,176.39651,184.81404,16732.16805,99,16732.16805,169.0117984848485,20.847353698727403,222.59711,97.85461,0.6670253180559204,1
33,171.55066,142.68649,157.98752,133.85818,167.23853,184.10684,179.73549,119.45203,172.8038,153.19336,170.12004,184.175,143.84889,187.69292,154.80431,139.96373,151.83746,155.08974,160.93855,172.32442,187.73004,172.70135,132.8676,173.02927,174.18059,188.45314,138.17526,158.2549,121.11161,176.46693,183.30573,165.55684,177.83281,0.0,137.95607,228.58183,141.43346,193.21109,157.86433,166.64807,147.48528,189.30951,111.64281,133.70007,168.02554,132.43097,128.51807,177.09627,156.6183,150.30721,124.17799,173.34196,136.99606,181.42444,161.42758,148.33626,162.57019,177.36092,165.8569,142.65108,142.84668,127.48287,169.91251,185.56018,186.61588,158.00677,180.11084,183.81345,166.57867,152.49954,189.44455,146.952,129.52655,158.37854,137.5439,133.14195,213.09775,204.72499,160.48238,172.24692,184.17528,156.13358,160.68578,153.08905,136.51335,136.78835,147.68726,156.30858,118.70985,161.4342,195.26575,204.58707,187.89325,144.09264,135.90912,130.34482,169.57399,131.67514,179.99864,151.77402,15889.65293,99,15889.65293,160.50154474747472,22.759634527695994,228.58183,111.64281,0.6444453148902427,1
34,175.23531,102.95815,176.64285,121.98614,141.61848,155.91794,144.89755,152.14066,143.77478,153.41982,130.89714,177.30502,163.65952,164.49651,119.58063,152.03305,154.6909,132.90779,148.82782,166.54236,150.66183,168.44627,171.95215,174.95303,187.61871,169.02386,113.90814,126.34898,170.63266,142.02992,191.08423,146.45987,169.32051,137.95607,0.0,214.59926,161.93808,126.1806,150.64836,145.30954,130.3157,182.07375,125.17454,112.29696,114.19451,186.9382,143.90662,151.8343,168.95816,150.12875,139.084,124.44082,153.46434,178.82779,112.64662,138.62851,151.22238,177.01981,189.81618,138.27307,157.46086,165.41858,159.03748,129.51007,156.69525,165.39867,103.07159,161.03026,175.73204,115.13857,197.28896,153.50058,160.30016,162.18867,155.67134,151.03067,160.31143,214.31448,154.0784,199.82916,161.23233,159.70416,155.28563,154.40311,174.88539,144.50716,145.82939,174.04848,120.8331,157.08595,147.91846,177.81647,195.98456,168.82616,142.34081,134.15656,131.67792,107.9827,179.3588,157.85178,15256.58564,99,15256.58564,154.1069256565657,23.4049761746206,214.59926,102.95815,0.6270019914360135,1
35,188.58806,216.9191,154.43889,201.64235,197.5815,121.01846,192.08102,179.99934,184.21602,250.44775,188.34903,174.46599,150.29546,171.37491,203.24544,192.91515,211.50916,162.88911,189.7133,186.20061,192.9426,127.11061,214.86018,220.70264,184.18056,194.23082,172.92133,214.39217,203.10788,193.95995,170.74142,180.9185,172.4122,228.58183,214.59926,0.0,219.21776,178.53207,164.80928,225.85165,207.30984,175.55733,199.89348,188.15649,189.54482,232.79099,195.85904,183.5537,202.97256,168.84367,199.16887,234.07027,219.39745,231.71884,208.77454,192.64426,224.91289,200.9561,178.94489,170.21011,159.47258,196.16441,206.14279,180.54938,142.69728,211.10574,198.7316,180.45987,204.35655,203.86678,218.96294,167.99622,210.35962,203.6254,219.29083,190.13008,156.60551,156.64977,226.38118,188.60349,174.7545,177.72433,197.4256,184.19447,216.75133,201.77823,203.97125,217.41078,217.11282,170.88037,208.60347,150.427,206.6116,144.26964,206.24719,210.85585,198.76733,202.77217,207.54684,156.74696,19074.24725,99,19074.24725,192.66916414141414,23.97140501587867,250.44775,121.01846,0.7271243720581799,2
