Vértices,0,1,2,3,4,5,6,7,8,9,10,11,12,13,14,15,16,17,18,19,20,21,22,23,24,Grau (Ponderado),Número de Vizinhos,Soma dos Pesos das Arestas,Peso Médio das Arestas,Desvio Padrão dos Pesos,Peso Máximo das Arestas,Peso Mínimo das Arestas,Densidade Local,Conjuntos
0,0.0,30.93947,23.26737,53.73113,41.51727,17.15516,48.9077,38.7672,29.91322,19.15451,42.89697,59.53064,56.83101,65.80286,29.12976,69.30912,49.73856,45.03945,26.0975,29.92127,46.79992,40.22845,65.86984,34.77732,51.10479,1016.43049,24,1016.43049,42.351270416666665,14.658035129919492,69.30912,17.15516,0.3410602260831191,1
1,30.93947,0.0,46.91855,81.11978,66.73322,30.32613,79.784,50.22246,29.54267,31.27464,73.61547,75.84655,51.97998,93.3195,7.68805,90.67687,24.76201,72.35094,46.91163,10.90335,15.86054,45.42889,46.97633,59.6689,40.11409,1202.96402,24,1202.96402,50.12350083333333,24.389821960497326,93.3195,7.68805,0.36305386906653264,1
2,23.26737,46.91855,0.0,60.53032,53.24622,40.24079,44.58967,59.96221,53.16577,42.18239,33.8676,36.76756,47.15892,71.16705,41.69971,46.22115,69.72752,53.15053,44.82897,49.99635,61.57817,62.82149,65.33731,48.12012,74.17144,1230.71718,24,1230.71718,51.27988250000001,12.28666167468787,74.17144,23.26737,0.38624733524432153,1
3,53.73113,81.11978,60.53032,0.0,15.58183,51.58273,26.91983,43.98952,60.26308,51.28356,37.27253,89.78054,106.69737,12.21291,81.67666,87.39854,90.37355,8.79757,35.64851,74.95778,96.02121,53.22811,119.43343,22.06566,76.49163,1437.05778,24,1437.05778,59.877407500000004,30.270772464442807,119.43343,8.79757,0.4024350027718604,1
4,41.51727,66.73322,53.24622,15.58183,0.0,36.68426,32.9159,28.97534,44.7132,36.19032,39.23496,86.45461,97.08141,27.23416,67.98287,87.52488,74.86205,8.43793,20.33805,59.93765,81.23344,38.07079,107.26287,7.07814,61.14655,1220.43792,24,1220.43792,50.851580000000006,27.581965053748135,107.26287,7.07814,0.36286774175030384,1
5,17.15516,30.32613,40.24079,51.58273,36.68426,0.0,55.48965,23.34422,13.85888,2.03767,52.9841,76.68031,70.32433,63.67538,32.77967,85.87508,40.34785,42.9612,16.60045,23.38194,44.5499,23.25628,74.14838,29.69401,35.48451,983.46288,24,983.46288,40.977619999999995,21.36656201982824,85.87508,2.03767,0.3207130548869961,1
6,48.9077,79.784,44.58967,26.91983,32.9159,55.48965,0.0,59.05683,68.02249,56.19485,12.44646,66.41405,91.50156,32.35921,77.7804,61.40768,95.63499,25.79134,44.62989,77.03745,95.63063,67.10049,109.27412,34.55832,88.15487,1451.60238,24,1451.60238,60.4834325,25.170809679615036,109.27412,12.44646,0.41535227069878483,1
7,38.7672,50.22246,59.96221,43.98952,28.97534,23.34422,59.05683,0.0,21.49456,21.47258,61.45964,96.67375,93.66796,54.37224,54.45844,103.08291,50.18179,37.36904,16.41832,40.50039,61.58155,9.29563,96.29362,24.7632,32.70404,1180.10744,24,1180.10744,49.171143333333326,26.162304105807888,103.08291,9.29563,0.36314598365192874,1
8,29.91322,29.54267,53.16577,60.26308,44.7132,13.85888,68.02249,21.49456,0.0,12.43482,66.45461,89.00192,77.33189,71.85687,34.85851,99.19215,30.19904,52.18285,24.931,19.23602,40.08889,15.89521,76.38632,38.36443,21.63036,1091.01876,24,1091.01876,45.459115,24.88343284639685,99.19215,12.43482,0.3437538011675304,1
9,19.15451,31.27464,42.18239,51.28356,36.19032,2.03767,56.19485,21.47258,12.43482,0.0,54.09664,78.66676,72.21999,63.30859,34.10732,87.72222,39.98383,42.7454,15.91429,23.74752,45.12349,21.2188,75.64207,29.28027,33.98276,989.98529,24,989.98529,41.24938708333333,22.047262394160466,87.72222,2.03767,0.3210829811173513,1
10,42.89697,73.61547,33.8676,37.27253,39.23496,52.9841,12.44646,61.45964,66.45461,54.09664,0.0,54.03492,80.08331,44.30612,70.59963,50.12606,91.87627,33.84523,45.59527,72.45943,89.41673,68.46133,99.16575,38.68022,87.59692,1400.57617,24,1400.57617,58.357340416666666,21.484443606184858,99.16575,12.44646,0.4100387866574218,1
11,59.53064,75.84655,36.76756,89.78054,86.45461,76.68031,66.41405,96.67375,89.00192,78.66676,54.03492,0.0,44.45161,98.14673,68.76577,19.56523,100.49615,84.15083,81.22058,82.15088,87.29156,99.52535,71.34901,82.52046,109.21514,1838.70091,24,1838.70091,76.61253791666667,20.997960822419554,109.21514,19.56523,0.4883342456547711,1
12,56.83101,51.97998,47.15892,106.69737,97.08141,70.32433,91.50156,93.66796,77.33189,72.21999,80.08331,44.45161,0.0,117.85493,44.52201,63.99117,74.68739,98.7103,82.87086,62.14896,56.27392,92.23478,27.29726,90.83219,91.94272,1792.69583,24,1792.69583,74.69565958333332,22.24588608744069,117.85493,27.29726,0.4819811269210348,1
13,65.80286,93.3195,71.16705,12.21291,27.23416,63.67538,32.35921,54.37224,71.85687,63.30859,44.30612,98.14673,117.85493,0.0,93.87911,93.73237,102.04252,21.00869,47.54337,87.02747,108.16693,63.6675,131.36134,34.0291,87.07392,1685.14887,24,1685.14887,70.21453625,31.240813671213658,131.36134,12.21291,0.4541033612644727,2
14,29.12976,7.68805,41.69971,81.67666,67.98287,32.77967,77.7804,54.45844,34.85851,34.10732,70.59963,68.76577,44.52201,93.87911,0.0,84.14992,32.2366,72.88067,48.93544,17.69942,19.89303,50.6593,41.84062,60.91608,47.42646,1216.56545,24,1216.56545,50.69022708333333,22.417424296519787,93.87911,7.68805,0.36991191338770474,1
15,69.30912,90.67687,46.22115,87.39854,87.52488,85.87508,61.40768,103.08291,99.19215,87.72222,50.12606,19.56523,63.99117,93.73237,84.14992,0.0,114.76405,83.4337,86.82721,95.50006,103.4865,107.4671,90.75484,85.02743,120.36586,2017.6021,24,2017.6021,84.06675416666667,22.374848660173644,120.36586,19.56523,0.5191842351309615,1
16,49.73856,24.76201,69.72752,90.37355,74.86205,40.34785,95.63499,50.18179,30.19904,39.98383,91.87627,100.49615,74.68739,102.04252,32.2366,114.76405,0.0,82.14957,54.81122,19.93085,20.10487,42.00292,63.12025,68.37293,24.42751,1456.83429,24,1456.83429,60.70142875000001,28.43671550254285,114.76405,19.93085,0.4158546257468462,1
17,45.03945,72.35094,53.15053,8.79757,8.43793,42.9612,25.79134,37.36904,52.18285,42.7454,33.84523,84.15083,98.7103,21.00869,72.88067,83.4337,82.14957,0.0,27.33845,66.34265,87.31552,46.40412,110.82634,13.82078,69.34209,1286.39519,24,1286.39519,53.59979958333333,28.420178376130707,110.82634,8.43793,0.3737981729059797,1
18,26.0975,46.91163,44.82897,35.64851,20.33805,16.60045,44.62989,16.41832,24.931,15.91429,45.59527,81.22058,82.87086,47.54337,48.93544,86.82721,54.81122,27.33845,0.0,39.64409,61.03459,22.88018,89.60887,13.58749,43.65879,1037.87502,24,1037.87502,43.244792499999996,22.85348677512749,89.60887,13.58749,0.33568621833301054,1
19,29.92127,10.90335,49.99635,74.95778,59.93765,23.38194,77.03745,40.50039,19.23602,23.74752,72.45943,82.15088,62.14896,87.02747,17.69942,95.50006,19.93085,66.34265,39.64409,0.0,21.55332,34.97242,57.78715,53.00988,29.82784,1149.67414,24,1149.67414,47.90308916666667,24.726572569861613,95.50006,10.90335,0.35427758284525973,1
20,46.79992,15.86054,61.57817,96.02121,81.23344,44.5499,95.63063,61.58155,40.08889,45.12349,89.41673,87.29156,56.27392,108.16693,19.89303,103.4865,20.10487,87.31552,61.03459,21.55332,0.0,55.13292,43.01607,74.2382,42.92787,1458.31977,24,1458.31977,60.763323750000005,27.427933250767488,108.16693,15.86054,0.41446110582645745,1
21,40.22845,45.42889,62.82149,53.22811,38.07079,23.25628,67.10049,9.29563,15.89521,21.2188,68.46133,99.52535,92.23478,63.6675,50.6593,107.4671,42.00292,46.40412,22.88018,34.97242,55.13292,0.0,92.27457,33.37464,23.41241,1209.01368,24,1209.01368,50.37557,26.6052541145081,107.4671,9.29563,0.36852429385216773,1
22,65.86984,46.97633,65.33731,119.43343,107.26287,74.14838,109.27412,96.29362,76.38632,75.64207,99.16575,71.34901,27.29726,131.36134,41.84062,90.75484,63.12025,110.82634,89.60887,57.78715,43.01607,92.27457,0.0,100.3715,85.05794,1940.4558,24,1940.4558,80.852325,25.968181443005562,131.36134,27.29726,0.5063471441860333,2
23,34.77732,59.6689,48.12012,22.06566,7.07814,29.69401,34.55832,24.7632,38.36443,29.28027,38.68022,82.52046,90.83219,34.0291,60.91608,85.02743,68.37293,13.82078,13.58749,53.00988,74.2382,33.37464,100.3715,0.0,55.87655,1133.02782,24,1133.02782,47.2094925,25.40351799770084,100.3715,7.07814,0.3495350454552399,1
24,51.10479,40.11409,74.17144,76.49163,61.14655,35.48451,88.15487,32.70404,21.63036,33.98276,87.59692,109.21514,91.94272,87.07392,47.42646,120.36586,24.42751,69.34209,43.65879,29.82784,42.92787,23.41241,85.05794,55.87655,0.0,1433.13706,24,1433.13706,59.71404416666667,27.972382486447817,120.36586,21.63036,0.41545178539429334,1
