Vértices,0,1,2,3,4,5,6,7,8,9,10,11,12,13,14,15,16,17,18,19,20,21,22,23,24,25,26,27,28,29,30,31,32,33,34,35,36,37,38,39,40,41,42,43,44,45,46,47,48,49,50,51,52,53,54,55,56,57,58,59,60,61,62,63,64,65,66,67,68,69,70,71,72,73,74,75,76,77,78,79,80,81,82,83,84,85,86,87,88,89,90,91,92,93,94,95,96,97,98,99,Grau (Ponderado),Número de Vizinhos,Soma dos Pesos das Arestas,Peso Médio das Arestas,Desvio Padrão dos Pesos,Peso Máximo das Arestas,Peso Mínimo das Arestas,Densidade Local,Conjuntos
0,0.0,105.56528,84.07375,91.41879,110.21884,101.76591,77.08698,124.36002,129.12665,61.19466,97.51317,89.69262,76.96431,111.12988,80.28254,135.00977,87.10398,95.9557,61.94589,105.59349,82.64722,82.93703,115.29013,125.40047,46.03188,43.18393,92.4579,100.05748,54.5383,88.11434,86.64448,46.12004,84.84056,148.8028,87.23259,90.89195,42.69249,105.80982,147.0744,112.49007,115.0722,92.97105,105.21071,73.25858,145.57175,89.17798,85.18692,124.79109,123.58616,85.84928,85.12909,107.41172,102.37621,75.78432,112.30171,76.92432,87.08633,110.97955,99.30907,80.87588,107.71108,92.50908,53.73853,88.08176,61.40119,98.04576,117.33183,113.18185,97.57363,123.29679,116.16122,87.21125,96.08984,96.25063,94.82234,84.27955,113.79495,100.3318,136.82971,72.42599,127.24514,105.5338,72.51273,102.52641,96.87634,137.5726,66.49425,106.24567,121.67878,96.32764,54.44917,43.83882,92.11698,133.07962,71.62434,40.94667,99.68403,62.48507,100.49475,137.12253,9408.03815,99,9408.03815,95.03068838383838,24.631834080725113,148.8028,40.94667,0.5346819423202915,1
1,105.56528,0.0,62.06361,91.86613,105.18946,135.84859,114.61372,91.84454,91.44581,106.025,113.99706,51.96172,48.58102,30.17462,114.98633,71.29417,124.14805,123.09461,123.46906,58.28796,51.27143,79.45222,66.26242,91.61454,96.92182,104.74178,108.39896,91.74904,112.67136,80.10049,61.79638,120.76804,84.36163,100.79116,125.8625,93.84237,91.2306,66.13518,115.15278,89.56807,118.88766,110.47626,68.57031,99.60985,130.274,99.10196,38.457,113.16761,58.70297,83.34026,131.0376,112.60477,93.42327,118.33283,123.77785,65.22649,121.21233,53.23392,80.46272,92.05044,114.09317,95.73402,77.52361,59.88192,96.82362,115.73114,114.47097,90.9431,94.43959,97.26827,90.53636,124.23888,120.93221,81.58089,99.46861,92.62359,103.54827,22.19305,96.83429,86.2757,111.18024,65.72701,74.97183,89.54499,57.78617,92.7298,61.66273,88.30005,85.76475,87.77735,104.44836,108.56164,80.74136,76.27959,78.31859,99.02922,54.12548,106.56391,91.61555,109.45757,9108.82706,99,9108.82706,92.00835414141416,23.68392415986959,135.84859,22.19305,0.5227998190954043,1
2,84.07375,62.06361,0.0,99.37907,89.46357,128.33789,129.93593,70.24998,111.23813,105.25802,103.52841,67.2867,47.55598,56.39723,81.61103,70.70812,106.85886,92.96058,121.06558,61.75498,32.3887,98.95592,88.18742,100.69818,76.12329,90.99786,109.82236,85.86723,106.76538,113.01805,66.39574,104.40229,91.742,126.61852,92.73111,99.63843,59.31171,111.80932,131.29918,122.05351,88.78749,119.1508,91.35773,76.64066,156.33276,103.0046,67.91878,112.73244,100.06049,65.3843,138.01784,126.09812,82.08494,119.04326,121.2269,71.65991,82.86909,60.96014,70.07388,102.86578,109.85585,98.92843,39.68675,93.06076,88.71206,108.62459,126.64435,71.72502,107.64133,110.66102,131.04807,105.7824,128.10335,109.86235,67.86481,76.54639,114.94015,55.37275,120.32005,77.37038,131.63841,63.84229,62.80277,77.02593,82.03075,110.91549,64.16674,74.59917,101.80347,102.20042,82.42411,104.01541,70.52785,111.97691,73.4655,79.945,90.02079,98.31945,104.01015,118.20018,9301.50518,99,9301.50518,93.95459777777778,23.82779927196207,156.33276,32.3887,0.5314239650731439,1
3,91.41879,91.86613,99.37907,0.0,89.96021,84.48125,88.32518,86.89384,69.56851,80.90822,107.16927,97.25231,65.68804,90.17587,74.65121,92.02389,52.19133,94.65784,96.73157,98.7299,84.90519,110.78783,60.04723,102.82994,63.32259,104.08131,96.98425,118.56093,83.46175,72.03672,69.26102,86.36607,120.97598,96.52744,75.26962,93.03948,83.02446,76.73669,133.3255,64.73785,99.69791,99.39042,32.57636,91.39854,86.25692,45.64555,80.40314,112.96181,99.11677,99.7339,97.40028,100.57784,49.09092,47.80927,55.29536,96.72297,100.40913,89.00043,87.97459,79.51744,103.88681,98.76691,102.08839,67.86377,52.01417,125.25534,38.29216,94.80119,75.05353,66.53236,77.30135,98.45412,43.06508,42.56772,66.28034,119.7872,112.51753,79.42304,73.46097,56.65243,109.0566,71.98344,52.48291,50.92708,66.14381,86.35499,51.79135,66.28654,105.28255,79.54261,85.79416,99.53078,91.66246,86.40838,76.27724,64.40462,48.88255,38.47386,81.06195,121.6156,8227.36172,99,8227.36172,83.10466383838384,21.618739397168195,133.3255,32.57636,0.4891404565101385,1
4,110.21884,105.18946,89.46357,89.96021,0.0,63.93244,120.40129,62.61303,83.10684,92.34255,51.04287,91.81631,80.07213,83.14861,58.79209,87.47473,103.88863,51.94323,102.24062,94.56171,71.11803,107.02428,103.43951,48.52765,74.92598,99.33171,73.13279,64.90099,88.55539,123.81062,110.61444,94.8765,100.04553,74.20844,68.10452,109.84272,95.97673,119.37943,82.42102,107.56055,32.68642,96.35915,93.28903,50.00556,109.43766,74.09516,85.07607,73.73687,98.86163,63.24286,107.8857,91.60708,87.13992,101.90833,66.02082,105.16388,60.39999,108.76193,58.27,79.328,113.82959,98.37638,102.2925,105.96007,114.98889,83.85255,98.14946,28.45741,113.62376,122.50861,141.89301,99.9039,97.19475,116.91908,67.79382,88.3068,79.98328,83.58676,79.54447,47.37284,89.0915,44.88908,50.59003,68.23438,122.25432,57.45473,91.89881,38.43712,62.23393,74.72476,62.93593,106.28587,67.65562,89.93487,93.70568,92.32161,93.40028,91.01091,61.53623,67.30478,8493.72042,99,8493.72042,85.79515575757577,22.44577266785918,141.89301,28.45741,0.49964398872411514,1
5,101.76591,135.84859,128.33789,84.48125,63.93244,0.0,89.00957,112.76183,97.636,70.31987,59.93524,115.75958,105.10664,124.077,70.68855,135.24779,93.87422,69.11816,67.89617,128.35112,108.48241,109.55267,123.04439,84.92854,70.70005,92.3799,64.6396,93.78231,60.91944,112.79576,128.55775,69.97582,111.11906,95.88178,73.24955,113.83346,105.64724,118.42434,103.53911,98.55081,80.19652,81.19527,104.04428,66.45977,88.79775,63.34956,105.26312,92.40334,121.22372,93.57326,64.7534,77.42381,105.42643,69.68204,48.96305,119.79211,80.79264,141.98193,93.02322,67.93018,119.08053,104.65748,123.65041,108.4258,109.43079,90.54427,83.87438,88.74223,112.31348,131.14233,132.69452,96.45635,63.0143,109.12563,96.10514,110.67799,86.61765,117.58085,92.23174,55.24551,86.16819,90.93537,70.57448,93.51037,135.21957,88.05045,102.53954,80.29731,90.09232,74.8241,59.85822,87.70815,96.67307,108.86949,104.35198,86.03612,102.7853,71.97076,64.02654,94.12411,9380.65403,99,9380.65403,94.75408111111112,21.571569220682832,141.98193,48.96305,0.5359889038681498,1
6,77.08698,114.61372,129.93593,88.32518,120.40129,89.00957,0.0,149.19664,121.39494,62.61039,95.33541,104.83526,103.18941,121.1306,117.42686,155.23174,114.26243,127.13139,46.55371,131.67749,114.52998,69.39666,123.09429,119.05627,83.42835,66.22283,87.29039,106.16174,45.78223,59.29364,105.79392,74.05943,84.39817,122.33325,122.9356,82.5689,95.52661,70.44753,129.80194,83.36916,137.90993,82.10951,100.56274,100.24622,106.45649,73.11346,86.52647,130.65862,100.81052,114.56361,42.67945,87.22849,121.12402,59.81342,100.95536,101.72346,129.39192,129.65466,121.52162,65.81492,131.68687,82.73794,112.94438,77.4018,92.73227,93.34464,103.3672,132.8922,80.68565,133.58855,86.47802,120.55341,68.96924,77.52718,130.35699,103.00716,102.70364,109.60931,119.2205,79.50196,101.52758,117.34281,92.27254,119.40186,110.40926,122.06313,82.48585,122.86409,110.79232,85.01469,82.28532,48.23327,102.38879,104.67876,83.92915,75.92165,84.93211,73.96739,74.38658,129.73134,9871.64212,99,9871.64212,99.71355676767678,24.192635425795142,155.23174,42.67945,0.5525500572318778,1
7,124.36002,91.84454,70.24998,86.89384,62.61303,112.76183,149.19664,0.0,88.93472,124.97698,104.27299,102.11314,72.97224,68.70419,71.63128,39.9748,98.51772,82.53741,141.80328,87.3604,66.56743,135.09602,83.26251,87.52237,92.60262,127.25779,118.42632,104.07571,123.87745,134.54347,87.52373,125.30878,129.95946,96.45832,76.5351,115.5439,95.05582,126.84042,126.13173,121.91199,54.70636,134.30319,79.90344,88.89734,135.78294,90.24623,95.0443,108.94415,106.46352,87.22544,150.22113,132.80774,57.23114,118.30501,88.0761,113.49804,83.79514,75.35944,72.90409,115.54808,123.95691,112.91976,100.46304,113.61361,107.27689,125.32847,103.63914,47.39542,113.32881,104.15971,143.81706,119.03526,115.83709,115.61369,43.22722,109.35017,123.20608,73.21175,92.20092,74.20861,130.78127,42.71579,62.71098,42.68729,103.01673,77.80623,84.03988,36.81658,99.33868,107.30768,99.59944,137.4138,77.4548,97.68434,93.66998,99.83202,92.15254,100.42091,99.21365,109.93025,9801.86524,99,9801.86524,99.00873979797979,25.95079900400211,150.22113,36.81658,0.5487557883475181,1
8,129.12665,91.44581,111.23813,69.56851,83.10684,97.636,121.39494,88.93472,0.0,91.81209,112.7049,81.18266,70.34537,85.90192,94.65727,80.18895,97.25001,91.78043,118.95772,74.64516,83.10561,113.55826,50.27752,69.25554,90.96185,133.87796,81.03889,113.26168,115.92446,90.37251,111.93556,110.71944,125.00497,69.4961,101.72978,136.55679,125.86453,89.62351,93.0993,52.36036,106.26452,84.17822,57.66565,91.70348,61.22192,90.70256,77.10751,68.8622,100.15732,84.37138,114.56037,76.62164,94.55022,104.78116,83.1738,90.14707,103.73234,114.05312,61.54409,74.36821,80.24652,134.42368,120.28639,69.09586,102.44772,138.82254,55.23994,79.90099,125.66546,62.39447,90.21995,92.8851,91.17691,76.98532,90.22159,138.5309,81.11632,77.11079,22.28889,81.42774,72.37218,62.57851,68.10242,83.97523,84.26806,56.55108,95.93683,63.02206,72.62826,55.75487,103.18271,127.16296,115.24052,86.46734,120.07471,115.79838,60.48952,95.00794,89.83153,78.87038,9007.47205,99,9007.47205,90.98456616161616,22.778824585323957,138.82254,22.28889,0.519936631859565,1
9,61.19466,106.025,105.25802,80.90822,92.34255,70.31987,62.61039,124.97698,91.81209,0.0,82.39995,72.84598,73.58746,109.55593,79.36374,131.96251,88.33929,78.84431,35.78628,92.93076,83.55777,67.79491,99.9297,92.53631,44.8374,66.41172,41.42947,89.21008,48.8278,67.71212,110.3936,31.40683,80.42197,116.86301,88.67141,112.04616,86.6629,88.86388,105.95715,71.68818,112.27874,35.27801,93.17934,56.35722,95.73717,82.2065,71.4808,80.89889,113.35133,68.07913,45.3533,49.51629,112.61133,70.93533,92.73273,64.6695,81.54237,129.50122,75.63809,30.5595,75.65397,108.09052,84.06025,63.91831,77.71957,97.53226,87.44534,100.30407,112.29504,105.67152,94.65683,60.1824,76.80871,81.77431,101.82814,102.70354,66.82848,96.38001,97.90852,63.48242,74.01517,93.31328,62.95858,106.03077,97.631,107.46361,83.06945,93.31732,86.83595,47.47057,47.64126,48.8634,103.9597,116.10439,96.88039,72.48914,82.88641,64.22703,79.11869,96.41034,8214.12381,99,8214.12381,82.97094757575759,22.309537139561975,131.96251,30.5595,0.48812669501761713,1
10,97.51317,113.99706,103.52841,107.16927,51.04287,59.93524,95.33541,104.27299,112.7049,82.39995,0.0,96.16828,96.98538,98.21469,83.52722,124.91537,124.84822,78.46703,75.17019,115.34004,87.58595,82.20522,130.49168,64.23743,79.97234,68.9487,66.28973,41.05669,61.88298,118.68188,118.69199,84.85706,70.22194,90.23453,93.21059,93.22437,92.87309,114.71563,80.79247,115.31573,68.04407,88.84115,114.12161,52.80165,120.41067,75.92636,85.58511,91.91399,94.18073,74.42806,82.385,86.1258,113.00696,98.59847,84.20763,107.9287,81.39322,122.79964,85.1655,70.93845,132.09613,76.15518,103.72751,109.05012,124.47479,38.03861,120.18833,69.68848,105.88703,150.60481,144.65041,113.78718,99.67664,124.26974,101.75254,62.06584,74.44478,97.06216,106.54881,52.64304,86.88985,77.47243,69.98301,98.31898,137.3102,83.44108,96.47817,81.25621,66.46399,78.8548,51.2635,77.17043,61.70099,94.5696,86.18308,87.82738,103.9961,96.26541,45.41825,77.0161,9040.52015,99,9040.52015,91.31838535353538,22.977424111970304,150.60481,38.03861,0.5215095422610917,1
11,89.69262,51.96172,67.2867,97.25231,91.81631,115.75958,104.83526,102.11314,81.18266,72.84598,96.16828,0.0,41.82375,59.99473,98.72029,91.12891,117.66292,95.46788,96.5466,35.99194,41.13487,57.65635,74.77964,72.57824,76.01488,89.4552,68.8106,72.41152,95.82486,76.39355,93.42612,91.22147,65.23318,103.7914,112.72749,114.196,92.68959,79.00712,88.85786,79.26286,112.32059,69.09647,84.61713,68.06153,117.25934,104.325,29.94008,73.29455,82.85516,44.77858,105.87967,74.72298,111.1981,115.44526,120.91334,25.93328,94.0533,94.92145,50.1685,59.88414,76.20745,110.11323,63.84499,50.64725,96.18568,104.59659,110.43985,79.78366,118.48012,97.05775,95.97371,86.0606,118.20508,89.85936,100.04991,90.90662,63.94888,48.6517,90.55511,78.46755,78.95912,67.1683,64.369,102.55412,74.06425,92.46693,78.11743,84.12808,63.44977,54.83411,78.38638,87.47103,92.41484,97.44742,95.64595,97.50281,68.35997,101.46843,87.20912,79.61234,8309.05732,99,8309.05732,83.92987191919192,21.20054154930323,120.91334,25.93328,0.49295606204476894,1
12,76.96431,48.58102,47.55598,65.68804,80.07213,105.10664,103.18941,72.97224,70.34537,73.58746,96.98538,41.82375,0.0,51.13856,71.92576,66.0238,82.95301,80.84196,98.08543,38.9691,25.90472,80.9631,49.23001,80.69566,54.78301,88.13234,80.42374,85.64861,89.26356,74.49754,63.28984,82.90411,86.37585,101.42554,83.28967,99.17924,68.14194,78.25973,110.26556,76.15603,92.60172,84.07823,55.49473,64.58679,113.59007,81.41341,39.83065,85.37407,85.49776,52.19817,108.78855,89.90995,72.24657,92.38319,96.91521,44.18609,78.87055,69.27921,46.30411,68.08083,75.77024,99.72547,52.83551,50.62255,64.21271,110.15521,86.39197,67.88509,97.5888,71.39102,89.81346,78.87418,96.35885,70.11634,63.34027,91.64755,86.99624,37.95411,82.15771,59.02233,97.09863,48.05521,37.83947,66.40594,49.43297,86.24179,48.84041,58.28447,79.41737,63.85308,70.77483,89.38174,78.51763,91.31651,74.54837,71.71696,52.18897,73.01224,84.42287,96.42268,7403.9007599999995,99,7403.9007599999995,74.78687636363637,19.00892671011108,113.59007,25.90472,0.45736068182687944,1
13,111.12988,30.17462,56.39723,90.17587,83.14861,124.077,121.1306,68.70419,85.90192,109.55593,98.21469,59.99473,51.13856,0.0,103.1102,53.81589,122.21884,109.77606,125.14897,61.89209,44.40856,87.446,71.14851,73.95203,94.85031,105.08942,104.47578,78.06618,110.7523,96.59818,65.89152,121.71177,85.72459,83.43781,113.89827,90.21292,89.74705,79.99121,102.90835,96.65839,95.11807,113.43102,68.73884,89.54168,127.48684,89.99667,45.46982,104.85825,52.88062,76.08245,132.49591,112.57248,82.89253,117.74361,110.02532,78.55377,109.06866,48.73054,70.87685,92.72849,119.48107,87.96867,82.21357,74.97504,104.61712,104.11591,111.95582,67.61503,92.7892,104.04395,108.34792,124.98758,117.89874,92.57872,85.85528,82.87041,99.03726,16.78623,87.74955,74.47366,107.49859,43.82381,65.13377,74.16531,75.60046,73.23663,63.9294,68.98315,72.93671,86.5111,97.50021,112.83593,63.05287,64.2277,74.13038,97.74197,59.31678,105.54984,79.22112,95.89796,8703.62187,99,8703.62187,87.91537242424242,23.243794301352743,132.49591,16.78623,0.5069863528368925,1
14,80.28254,114.98633,81.61103,74.65121,58.79209,70.68855,117.42686,71.63128,94.65727,79.36374,83.52722,98.72029,71.92576,103.1102,0.0,97.56341,57.83981,32.98955,94.03833,95.0309,72.59731,119.40677,97.36476,94.98736,41.5934,92.56437,84.10349,98.34262,81.7899,118.89592,100.2599,66.51006,116.98764,118.55127,15.63319,115.61823,70.7103,127.94066,127.32396,111.43552,55.17397,98.7214,90.70904,50.31675,123.86043,76.97826,96.81927,92.19588,129.18263,68.87339,106.92677,103.77628,71.26427,82.52968,69.57204,97.62189,32.23369,111.0858,65.65305,86.02627,93.88994,111.90486,81.30931,104.78566,77.82265,109.76129,88.21305,63.67818,115.22754,103.60353,136.99579,68.69073,87.06471,107.19767,38.88413,103.68677,105.33527,97.23807,101.92208,51.85604,115.77704,69.17253,44.05893,61.32553,107.52206,100.38712,80.77347,50.3752,103.21013,87.02693,52.09261,97.218,87.55469,123.15447,91.32719,64.96956,99.58041,60.78232,93.20905,108.74982,8708.30809,99,8708.30809,87.962707979798,24.228115658348734,136.99579,15.63319,0.5062293561012506,1
15,135.00977,71.29417,70.70812,92.02389,87.47473,135.24779,155.23174,39.9748,80.18895,131.96251,124.91537,91.12891,66.0238,53.81589,97.56341,0.0,112.21908,105.58411,153.9411,70.15919,63.89457,133.02477,62.85858,91.94363,106.47798,140.29056,125.85469,114.43932,139.28882,125.97932,84.5275,139.27225,132.32767,96.9909,104.57408,125.23119,109.29005,115.46285,127.02016,113.01672,90.38034,136.30559,71.67172,105.34792,134.97472,105.93017,86.15381,111.17819,98.40873,92.28439,160.66832,134.58652,71.61171,131.94373,109.86774,104.0095,106.97021,65.82814,74.40074,119.08114,118.68618,125.34167,103.25108,101.8916,110.48773,142.09045,106.74188,66.51205,120.36596,88.9577,129.312,125.84571,128.30263,107.88082,67.98734,122.37643,124.45686,58.22953,86.81266,92.12159,130.06259,48.90337,75.22738,62.92819,84.84285,80.43697,86.67063,57.46113,99.49227,107.07797,117.83988,147.36963,93.70226,93.59163,104.14048,115.64569,81.63813,114.31641,110.46692,112.50984,10289.81236,99,10289.81236,103.93749858585859,26.222968379372844,160.66832,39.9748,0.5676248465888388,2
16,87.10398,124.14805,106.85886,52.19133,103.88863,93.87422,114.26243,98.51772,97.25001,88.33929,124.84822,117.66292,82.95301,122.21884,57.83981,112.21908,0.0,82.80356,106.03082,111.97353,99.23743,137.42511,86.12224,129.49712,57.82536,114.37995,110.25061,139.61574,96.50233,105.36388,94.96349,78.2598,144.52528,137.18806,51.81493,123.78535,84.22637,121.22308,160.79652,101.0768,104.00933,112.84874,77.10229,94.33356,118.4501,80.11325,111.47338,122.98293,143.53427,106.60041,113.65604,119.58679,65.04774,64.8827,75.7084,109.0003,84.91715,116.7945,97.36087,101.08482,97.27361,128.93376,101.51237,99.92616,46.74017,146.24529,64.54981,107.82284,111.25542,77.14882,113.71695,80.52342,70.17547,82.62193,59.40961,138.30815,133.36441,111.72195,107.76948,77.56104,135.42934,97.0114,68.32116,69.25336,89.68641,122.1922,79.18137,80.50424,134.37746,102.86388,87.89753,110.80139,116.97605,134.09,101.25396,67.99951,94.38878,43.06314,116.15868,143.92285,10030.5047,99,10030.5047,101.3182292929293,24.928539968756603,160.79652,43.06314,0.5586017560239859,2
17,95.9557,123.09461,92.96058,94.65784,51.94323,69.11816,127.13139,82.53741,91.78043,78.84431,78.46703,95.46788,80.84196,109.77606,32.98955,105.58411,82.80356,0.0,96.26302,92.22045,76.84775,118.69643,106.78864,81.69904,56.22942,101.58112,69.38564,91.02068,90.8444,128.1559,123.48869,71.59594,115.44642,115.44236,43.83391,134.84801,93.92888,137.22552,108.96468,114.07189,58.04549,87.59889,106.13354,40.01513,120.65022,94.87214,99.96962,68.27139,135.06685,56.50367,107.24895,90.69484,97.89331,102.7896,82.17415,97.09488,19.20073,129.95035,54.33322,81.22401,84.81533,127.15059,91.68568,110.50356,101.59213,109.87052,98.80289,56.92957,137.05119,113.67395,147.25124,59.79302,103.22047,122.36519,63.23173,110.07249,88.18295,104.53619,98.76547,64.06961,100.95214,72.79539,55.86514,84.06192,122.59957,96.77351,102.22144,56.32774,90.79552,78.61237,54.24981,104.00351,100.1535,129.76305,112.3634,89.81113,110.39794,84.33556,96.01257,88.40712,9216.32968,99,9216.32968,93.09423919191919,24.949349594009547,147.25124,19.20073,0.526345168428928,1
18,61.94589,123.46906,121.06558,96.73157,102.24062,67.89617,46.55371,141.80328,118.95772,35.78628,75.17019,96.5466,98.08543,125.14897,94.03833,153.9411,106.03082,96.26302,0.0,121.66911,104.12836,69.29057,127.81956,106.8103,62.21013,51.49319,59.46291,89.85236,28.43787,82.15466,119.88519,39.28522,77.31995,127.14266,101.33039,102.48292,89.09121,98.81414,116.62703,94.26975,119.4231,59.27711,112.77898,70.01601,111.51456,82.30589,88.83796,106.10725,118.26401,90.16511,26.57291,69.07809,125.12029,69.31441,98.06612,91.27047,97.49209,140.90942,102.34849,50.72098,110.87173,96.49332,98.61681,87.16877,94.66642,81.80828,107.52148,116.14505,107.11951,135.9706,112.16904,90.47624,79.34121,98.8134,118.94604,95.4259,83.1694,114.11618,119.91478,70.23089,90.01122,111.10699,81.12101,119.15612,121.41096,121.43369,92.58651,111.76804,100.66708,72.51012,51.29934,31.00232,102.51605,122.1461,94.57171,72.4434,100.56805,72.44525,76.74442,112.09594,9337.42444,99,9337.42444,94.31741858585858,25.95359515641673,153.9411,26.57291,0.5295498777454408,1
19,105.59349,58.28796,61.75498,98.7299,94.56171,128.35112,131.67749,87.3604,74.64516,92.93076,115.34004,35.99194,38.9691,61.89209,95.0309,70.15919,111.97353,92.22045,121.66911,0.0,38.86528,93.0838,60.55584,81.97141,83.58553,114.44225,88.12216,94.57966,118.7156,96.48612,96.50945,106.38412,97.99316,111.4932,108.0317,132.54944,101.39597,99.39537,104.90907,90.46857,110.14604,90.27946,82.92361,78.73122,125.74801,115.79529,54.84945,75.22409,101.46165,50.98637,131.22652,94.79239,104.73541,127.88792,125.26916,43.56721,90.71169,92.88488,42.50353,83.23475,67.38287,130.48199,69.44466,67.50176,97.30219,129.76561,109.42191,74.96452,133.18311,81.07744,107.85969,83.63455,128.89125,98.02153,88.29622,111.89621,84.96799,53.09867,89.5194,89.68057,97.64605,63.51266,67.83514,96.45271,69.70863,95.78438,86.605,76.16277,79.50571,71.85323,93.91271,114.65549,105.24184,110.08302,109.54446,108.53542,77.17498,108.70094,107.68912,89.85069,9146.48276,99,9146.48276,92.38871474747474,23.22003478518029,133.18311,35.99194,0.5254044433811502,1
20,82.64722,51.27143,32.3887,84.90519,71.11803,108.48241,114.52998,66.56743,83.10561,83.55777,87.58595,41.13487,25.90472,44.40856,72.59731,63.89457,99.23743,76.84775,104.12836,38.86528,0.0,80.71479,69.73857,72.94324,63.00205,85.97387,82.02011,69.8552,93.71668,94.03531,72.65444,90.19336,78.23603,102.18329,85.97687,100.63181,68.68302,93.35665,102.91399,95.30714,81.62597,91.34166,75.02986,57.19205,127.79461,90.16933,43.97952,82.88573,85.00308,40.39457,117.28918,96.24309,81.42983,107.25723,104.8456,51.22321,72.1156,70.01767,41.41005,75.65315,87.12527,97.2468,47.41708,69.92818,84.36616,99.3614,105.63804,54.02491,105.50333,94.00211,112.25377,86.79089,111.80676,93.33019,65.56493,77.54086,84.91376,38.24733,92.22605,61.15998,100.33278,42.78034,43.09014,71.87933,72.42545,86.09126,60.7365,57.11065,72.96205,71.51659,68.18523,92.94108,69.0209,94.30527,76.18969,79.14437,69.77241,88.15662,84.04944,88.99742,7786.3513,99,7786.3513,78.65001313131313,20.765142202459558,127.79461,25.90472,0.4719709311807635,1
21,82.93703,79.45222,98.95592,110.78783,107.02428,109.55267,69.39666,135.09602,113.55826,67.79491,82.20522,57.65635,80.9631,87.446,119.40677,133.02477,137.42511,118.69643,69.29057,93.0838,80.71479,0.0,114.26955,88.62218,87.67554,61.62249,70.39597,63.64384,70.9803,70.12351,105.00921,87.2085,27.29467,111.50375,131.8345,93.40883,95.4713,70.42414,92.77068,89.58002,128.80026,68.87157,106.50498,80.70094,122.49033,99.23777,48.83849,102.18325,76.00297,77.78194,76.96051,74.38688,131.29974,106.90572,125.61832,63.8522,117.46887,114.24283,92.33808,55.6989,115.24072,86.15241,85.13049,65.31422,110.99522,74.26757,127.07459,108.19506,104.16299,135.18492,99.87244,113.45523,113.09702,97.77745,129.08173,73.4407,68.49113,78.3658,114.16216,82.06802,80.71287,96.73938,85.38405,123.94569,103.86814,108.71678,85.62897,113.27372,74.44411,67.95124,76.65581,55.49777,88.64394,96.30619,87.70856,94.54797,82.61498,104.76871,71.88974,95.12393,9212.44466,99,9212.44466,93.05499656565658,22.34122967804403,137.42511,27.29467,0.5285404395927988,1
22,115.29013,66.26242,88.18742,60.04723,103.43951,123.04439,123.09429,83.26251,50.27752,99.9297,130.49168,74.77964,49.23001,71.14851,97.36476,62.85858,86.12224,106.78864,127.81956,60.55584,69.73857,114.26955,0.0,98.19161,87.32923,129.78572,105.42587,124.24059,120.75193,79.27206,79.17719,113.95856,126.09363,99.43011,103.79873,124.26865,106.61968,80.03671,126.68022,64.11176,117.35707,104.16994,37.12091,102.65499,98.63092,93.87474,69.45896,100.64452,98.5349,90.82254,130.14658,104.89632,75.38003,103.30513,100.76564,77.22788,111.1378,83.06522,71.8371,90.88554,83.33472,128.59238,99.0279,57.66104,75.92299,148.14444,67.28769,92.45213,111.45174,34.02802,74.92052,98.83202,98.45465,58.77943,79.52213,134.46515,108.84463,59.63267,65.54824,86.90305,107.47495,66.40891,67.51743,73.59843,40.33558,86.41364,72.48106,71.43758,98.73351,79.31478,109.48929,125.92731,110.99242,93.34261,103.90919,102.35332,47.76064,87.91046,105.74607,113.12468,9123.16908,99,9123.16908,92.15322303030301,24.117373339669786,148.14444,34.02802,0.5234850348395171,1
23,125.40047,91.61454,100.69818,102.82994,48.52765,84.92854,119.05627,87.52237,69.25554,92.53631,64.23743,72.57824,80.69566,73.95203,94.98736,91.94363,129.49712,81.69904,106.8103,81.97141,72.94324,88.62218,98.19161,0.0,94.2953,109.86738,61.64593,57.39685,100.99277,111.66866,121.42169,109.13072,86.74405,52.2528,106.87614,121.27547,118.98042,102.51181,39.02479,90.23959,79.20303,80.72402,94.74183,65.60263,93.90812,92.26083,68.36903,53.90612,79.75034,60.93196,106.69627,70.20161,112.95533,119.46403,91.77231,93.015,90.82095,115.8725,54.78753,67.11868,107.98918,109.13154,112.11004,90.57795,130.07477,89.50608,104.48859,49.2547,124.78354,121.71961,127.62917,107.71281,111.25212,113.78233,100.54749,97.19112,48.91037,73.51863,62.59211,69.07114,55.41206,51.40823,67.95213,95.52887,118.99133,40.85783,103.03642,63.46474,18.11689,55.05557,82.24802,111.04366,84.4811,75.5584,109.39545,115.82387,84.11231,112.21178,59.07846,27.49744,8720.0434,99,8720.0434,88.08124646464647,24.67882076631044,130.07477,18.11689,0.5060928908221005,1
24,46.03188,96.92182,76.12329,63.32259,74.92598,70.70005,83.42835,92.60262,90.96185,44.8374,79.97234,76.01488,54.78301,94.85031,41.5934,106.47798,57.82536,56.22942,62.21013,83.58553,63.00205,87.67554,87.32923,94.2953,0.0,64.07793,65.90691,88.79462,54.03835,84.13338,85.22865,34.74508,91.10969,118.00967,50.74744,98.55022,53.74314,99.36401,121.12858,88.1428,83.36631,72.36481,79.24551,44.07394,112.97414,67.96548,72.71905,89.7876,113.37914,60.23756,78.07169,82.54469,78.22005,62.39921,77.5302,68.84634,53.51206,104.07038,64.39278,58.7488,79.64389,96.9933,60.73393,74.46551,53.38961,97.73182,81.97152,79.24542,98.55492,94.25453,107.18339,57.04198,73.10431,81.59307,61.68098,90.85707,89.68473,83.94131,99.45156,43.4266,100.31886,73.45451,36.36987,72.84657,85.54465,103.42133,60.19299,67.12013,95.14897,67.0028,34.08569,62.02929,83.43778,113.80373,75.21027,42.99702,79.69081,41.15499,81.31193,106.45233,7594.41449,99,7594.41449,76.71125747474747,20.075515541812777,121.12858,34.08569,0.46475741456359565,1
25,43.18393,104.74178,90.99786,104.08131,99.33171,92.3799,66.22283,127.25779,133.87796,66.41172,68.9487,89.4552,88.13234,105.08942,92.56437,140.29056,114.37995,101.58112,51.49319,114.44225,85.97387,61.62249,129.78572,109.86738,64.07793,0.0,84.06481,71.44627,38.1842,94.10127,95.58582,60.43982,54.86388,133.4144,101.55142,73.26794,55.94786,101.4333,126.25921,116.56877,107.86012,90.69126,114.21497,68.30801,143.5351,83.48367,79.33865,121.97056,104.43655,84.67164,73.60201,100.64296,113.74039,83.72789,110.66882,87.12891,94.99957,113.13575,102.58816,74.36497,127.64925,66.54551,69.97375,94.31664,93.28749,58.30796,128.95425,106.79148,89.54,145.6757,125.87503,108.2242,100.08185,108.36532,108.73087,53.08406,100.14437,97.8121,135.51907,65.87688,114.93174,102.02055,76.82903,109.03651,116.11404,126.05231,74.26772,108.17516,104.43501,92.60489,48.22069,26.00125,72.2285,117.03316,63.63238,55.04108,101.68163,79.72163,77.089,121.8727,9278.17497,99,9278.17497,93.71893909090909,25.291472011261355,145.6757,26.00125,0.5285943989970318,1
26,92.4579,108.39896,109.82236,96.98425,73.13279,64.6396,87.29039,118.42632,81.03889,41.42947,66.28973,68.8106,80.42374,104.47578,84.10349,125.85469,110.25061,69.38564,59.46291,88.12216,82.02011,70.39597,105.42587,61.64593,65.90691,84.06481,0.0,70.4391,68.82617,89.82409,127.46557,61.83772,77.48098,95.88953,95.94057,125.42511,107.41566,99.85323,68.62052,77.03922,100.44291,26.35361,102.29648,46.43216,87.37095,91.82539,71.63957,47.99124,107.63342,53.88714,61.04379,26.31997,123.46919,96.51396,93.48705,72.9978,77.13078,137.12645,60.29203,27.04902,78.42308,115.79207,98.65263,76.60054,108.32174,89.88863,96.04633,81.85171,128.46776,116.78371,113.31992,68.34671,94.1057,102.39494,107.07845,102.49394,30.66569,94.89714,83.14547,66.43565,42.97483,82.65254,66.18623,110.85479,115.24244,86.46193,101.22482,84.74153,56.47489,30.53082,53.962,73.67295,103.25115,108.3508,111.63357,97.69684,90.08704,90.20884,69.92567,58.25224,8365.71799,99,8365.71799,84.50220191919193,24.569172738660633,137.12645,26.31997,0.4919586273637337,1
27,100.05748,91.74904,85.86723,118.56093,64.90099,93.78231,106.16174,104.07571,113.26168,89.21008,41.05669,72.41152,85.64861,78.06618,98.34262,114.43932,139.61574,91.02068,89.85236,94.57966,69.8552,63.64384,124.24059,57.39685,88.79462,71.44627,70.4391,0.0,80.56603,115.28852,113.65066,97.68747,45.22828,93.83397,111.6217,97.37318,94.36252,108.15642,70.12709,116.36737,83.32395,89.24852,115.65437,56.86864,132.96689,95.97565,66.98203,87.06458,80.12083,59.64404,100.10934,88.31225,121.63541,119.63981,111.29765,89.05843,89.78357,111.13195,75.6322,73.28588,126.5898,81.14429,88.71913,100.26649,129.29137,43.82712,134.44524,66.9744,113.67903,149.18417,141.52905,116.75481,122.41075,126.71079,109.10464,48.20274,66.08267,78.78907,110.2113,67.6559,85.5449,72.49583,74.45758,107.37151,128.03784,86.5213,95.63756,87.08144,53.35326,77.44444,63.87228,81.8683,61.25578,92.45272,88.10618,98.98969,100.36475,112.81062,58.98295,68.56329,9127.26122,99,9127.26122,92.19455777777777,23.56271919220282,149.18417,41.05669,0.5245909652678653,1
28,54.5383,112.67136,106.76538,83.46175,88.55539,60.91944,45.78223,123.87745,115.92446,48.8278,61.88298,95.82486,89.26356,110.7523,81.7899,139.28882,96.50233,90.8444,28.43787,118.7156,93.71668,70.9803,120.75193,100.99277,54.03835,38.1842,68.82617,80.56603,0.0,83.06739,100.26109,45.5216,73.49342,116.80381,88.08708,77.6269,69.17266,92.89947,117.94301,96.30602,101.38761,75.50111,100.36929,64.72311,114.103,60.47935,82.14993,111.36034,104.2673,88.00767,43.83576,82.26482,104.35084,54.85056,82.22783,94.03024,90.91518,120.94318,98.7283,57.36286,119.59626,71.59721,90.14795,86.74094,85.38509,66.91304,101.81767,103.38337,83.56806,132.55948,112.35886,98.36945,67.72827,92.23261,102.21552,77.13301,90.73941,101.63358,115.19968,50.97581,98.06804,96.82891,67.43353,98.81219,114.0172,110.6316,73.74253,97.48833,97.42781,76.96069,41.97841,30.69778,78.58575,106.82463,69.82737,51.19765,90.49885,58.1107,61.32586,112.78976,8559.2662,99,8559.2662,86.45723434343434,23.685209150723228,139.28882,28.43787,0.500837031778165,1
29,88.11434,80.10049,113.01805,72.03672,123.81062,112.79576,59.29364,134.54347,90.37251,67.71212,118.68188,76.39355,74.49754,96.59818,118.89592,125.97932,105.36388,128.1559,82.15466,96.48612,94.03531,70.12351,79.27206,111.66866,84.13338,94.10127,89.82409,115.28852,83.06739,0.0,87.39457,89.4675,93.10416,113.10755,126.29357,99.58807,100.85715,34.82617,125.77925,46.20061,143.99734,77.1601,68.49503,104.86627,92.89042,84.93665,61.01122,116.91586,88.26112,103.43244,80.06023,82.40569,109.29995,77.67748,109.7791,71.32929,130.9391,107.96806,102.17476,63.41592,102.22424,104.631,101.28969,30.04305,74.92854,123.16778,84.39703,125.43839,89.80682,89.67151,33.25776,108.11033,80.20107,38.25126,120.11318,119.00123,97.27587,81.20957,94.84193,86.4442,93.57396,101.53915,83.63307,109.46287,63.3451,110.25726,69.69714,111.3643,102.06927,70.08543,97.69239,79.03963,111.07635,93.88084,91.20555,88.02394,49.87639,78.46579,88.69847,122.34635,9179.79119,99,9179.79119,92.72516353535352,22.888893799447548,143.99734,30.04305,0.5259711796520894,1
30,86.64448,61.79638,66.39574,69.26102,110.61444,128.55775,105.79392,87.52373,111.93556,110.3936,118.69199,93.42612,63.28984,65.89152,100.2599,84.5275,94.96349,123.48869,119.88519,96.50945,72.65444,105.00921,79.17719,121.42169,85.22865,95.58582,127.46557,113.65066,100.26109,87.39457,0.0,112.20409,107.46101,121.55269,104.83385,63.82582,58.72713,80.4748,152.71175,105.70247,111.78125,131.22102,61.64555,107.29324,142.32121,75.39603,74.0013,143.23044,84.26722,107.19796,130.36305,136.23723,55.80397,88.4606,105.82482,94.90263,119.37904,34.39692,104.74575,108.33913,133.53139,76.28308,77.87581,81.60416,66.18981,119.26694,105.54423,104.47804,56.80648,100.11533,97.96104,130.7025,98.20864,72.73182,78.9936,93.43131,136.09129,60.43536,116.46044,76.7925,142.09358,79.63445,71.99295,63.86527,59.63066,112.47588,28.38507,89.05276,120.71822,111.63184,100.72611,103.25569,70.50953,90.12022,43.81814,63.93504,64.08475,76.80777,97.00233,144.27005,9429.51525,99,9429.51525,95.24762878787877,25.977990644921345,152.71175,28.38507,0.5342207479753563,1
31,46.12004,120.76804,104.40229,86.36607,94.8765,69.97582,74.05943,125.30878,110.71944,31.40683,84.85706,91.22147,82.90411,121.71177,66.51006,139.27225,78.2598,71.59594,39.28522,106.38412,90.19336,87.2085,113.95856,109.13072,34.74508,60.43982,61.83772,97.68747,45.5216,89.4675,112.20409,0.0,92.8848,135.08298,73.47057,112.83276,74.41938,110.66695,126.99931,97.25546,106.51064,63.18967,105.26665,55.70246,117.9631,84.97936,90.22482,97.48376,130.85507,75.98765,58.44065,76.9905,109.71462,68.22321,93.61069,80.47436,69.92854,133.82295,86.14088,58.04959,87.20414,109.54926,79.57257,87.14791,73.15282,99.51595,98.0226,104.37358,115.03897,116.96011,116.159,59.30272,80.67935,96.93869,94.80174,101.95403,90.29806,109.98631,117.61024,65.17105,100.6842,102.0405,66.46669,104.74117,109.16197,123.47951,85.71198,96.63396,106.94922,73.44389,38.97221,48.81001,104.64127,132.94696,95.32333,60.08885,100.78371,57.44795,91.73649,115.17852,8954.25233,99,8954.25233,90.44699323232321,24.29540896575209,139.27225,31.40683,0.5167040124573412,1
32,84.84056,84.36163,91.742,120.97598,100.04553,111.11906,84.39817,129.95946,125.00497,80.42197,70.22194,65.23318,86.37585,85.72459,116.98764,132.32767,144.52528,115.44642,77.31995,97.99316,78.23603,27.29467,126.09363,86.74405,91.10969,54.86388,77.48098,45.22828,73.49342,93.10416,107.46101,92.8848,0.0,114.85355,129.96887,89.50305,90.64201,89.64402,92.52948,109.90771,118.34534,83.82933,117.41993,75.73893,138.62628,102.86514,57.96453,106.24686,78.25289,74.75075,89.34192,88.55712,132.5164,116.06801,128.89655,74.95567,111.91413,112.37952,93.53782,69.44441,127.10785,78.15353,81.21148,85.28381,120.91886,55.41936,140.35159,100.73466,106.72942,149.45834,122.84117,120.84924,123.66871,115.51482,127.07027,51.71097,75.04998,80.93649,124.58524,81.24831,92.40045,94.87418,86.86005,123.5634,117.31286,110.87299,89.84135,111.88634,74.93414,80.79073,72.68891,59.76519,76.47917,100.25095,83.91168,95.09123,96.01715,112.12666,71.56351,94.85358,9562.64845,99,9562.64845,96.59240858585859,23.63424835798877,149.45834,27.29467,0.5412356091025206,1
33,148.8028,100.79116,126.61852,96.52744,74.20844,95.88178,122.33325,96.45832,69.4961,116.86301,90.23453,103.7914,101.42554,83.43781,118.55127,96.9909,137.18806,115.44236,127.14266,111.4932,102.18329,111.50375,99.43011,52.2528,118.00967,133.4144,95.88953,93.83397,116.80381,113.10755,121.55269,135.08298,114.85355,0.0,125.7154,117.59017,137.12202,93.77645,70.78992,86.15121,99.15304,109.02554,84.77872,104.56405,77.79736,84.07363,86.90858,95.2295,69.22082,105.08804,119.30093,95.07767,108.95007,117.28033,82.83981,123.26649,126.96165,115.39108,92.5246,90.28764,137.90382,109.05106,142.94791,98.9256,139.07382,110.83791,94.41572,80.58813,112.31451,123.50687,119.43604,140.56754,101.89571,105.9588,114.24958,120.6366,86.72357,84.32246,50.20105,82.929,76.65247,67.19853,87.365,94.28141,122.94669,21.70693,107.56232,77.85851,57.33524,79.46639,112.96273,132.86824,93.8661,45.90807,113.38357,128.03159,76.98412,117.81072,60.3506,70.92757,10062.41387,99,10062.41387,101.64054414141414,23.54230152655913,148.8028,21.70693,0.5596093892070806,1
34,87.23259,125.8625,92.73111,75.26962,68.10452,73.24955,122.9356,76.5351,101.72978,88.67141,93.21059,112.72749,83.28967,113.89827,15.63319,104.57408,51.81493,43.83391,101.33039,108.0317,85.97687,131.8345,103.79873,106.87614,50.74744,101.55142,95.94057,111.6217,88.08708,126.29357,104.83385,73.47057,129.96887,125.7154,0.0,120.06865,76.47454,135.74942,139.59438,118.37286,60.31598,109.72607,94.87064,64.80565,127.89149,78.57765,109.12178,104.60867,138.62984,84.38012,113.08794,114.4057,69.75863,81.36732,67.18994,110.73511,44.54068,117.25478,79.58827,96.93394,103.50613,117.68156,92.89089,114.34142,79.4529,119.41537,88.00825,75.15507,117.50065,107.02844,142.69164,77.41836,85.7084,111.21594,40.55086,114.24386,118.31597,108.19234,108.39377,60.07645,126.71912,79.4444,54.98522,62.07035,114.06738,108.06104,86.63158,58.08514,115.84032,98.38013,63.45579,105.87251,95.4166,130.17313,96.62537,67.97001,106.83065,60.4422,101.35088,121.19386,9470.83671,99,9470.83671,95.66501727272727,25.24855346113595,142.69164,15.63319,0.5358566607605848,1
35,90.89195,93.84237,99.63843,93.03948,109.84272,113.83346,82.5689,115.5439,136.55679,112.04616,93.22437,114.196,99.17924,90.21292,115.61823,125.23119,123.78535,134.84801,102.48292,132.54944,100.63181,93.40883,124.26865,121.27547,98.55022,73.26794,125.42511,97.37318,77.6269,99.58807,63.82582,112.83276,89.50305,117.59017,120.06865,0.0,69.5342,86.5718,145.16426,121.04123,112.98471,133.3434,95.77719,109.85405,146.04527,64.11263,88.35857,154.78351,75.17938,121.46888,110.64078,135.70534,89.1757,83.62155,102.9211,120.27603,132.18744,77.4214,127.04034,107.45716,164.41579,20.95727,103.18489,103.4951,101.57359,80.16879,125.7609,116.1631,29.52096,146.5649,119.72203,153.04716,94.60573,97.81902,109.77448,67.37582,134.15506,88.4978,132.20103,74.31089,139.58299,98.68318,89.04192,89.80202,110.24227,115.85877,58.14225,109.09915,118.80676,118.58015,95.50048,85.14314,51.45355,82.65189,29.3072,66.65849,87.02586,87.5005,73.13284,143.97627,10218.53837,99,10218.53837,103.21755929292928,26.752655587475562,164.41579,20.95727,0.562786584627552,2
36,42.69249,91.2306,59.31171,83.02446,95.97673,105.64724,95.52661,95.05582,125.86453,86.6629,92.87309,92.68959,68.14194,89.74705,70.7103,109.29005,84.22637,93.92888,89.09121,101.39597,68.68302,95.4713,106.61968,118.98042,53.74314,55.94786,107.41566,94.36252,69.17266,100.85715,58.72713,74.41938,90.64201,137.12202,76.47454,69.5342,0.0,106.82915,148.24255,120.35452,92.41296,114.95337,92.69479,75.69015,151.73018,76.41872,82.29314,131.08324,109.32483,86.81419,108.8513,124.6846,73.48709,79.23837,101.97939,88.31529,83.95971,78.63761,95.69918,95.76198,122.85508,72.92476,49.07519,95.42918,62.82383,93.24319,116.47041,95.49541,77.7603,121.04653,124.36286,105.10546,97.28363,97.52922,70.58486,68.59864,124.37044,83.58576,131.74695,61.21855,137.69548,86.26985,61.38407,74.7111,91.09756,124.69202,46.08504,87.73592,119.10471,105.99535,61.85482,70.27116,64.09564,117.10828,43.69649,29.25643,92.3784,62.6244,93.59668,137.41751,9049.2977,99,9049.2977,91.40704747474749,24.577485909641837,151.73018,29.25643,0.520798121793084,1
37,105.80982,66.13518,111.80932,76.73669,119.37943,118.42434,70.44753,126.84042,89.62351,88.86388,114.71563,79.00712,78.25973,79.99121,127.94066,115.46285,121.22308,137.22552,98.81414,99.39537,93.35665,70.42414,80.03671,102.51181,99.36401,101.4333,99.85323,108.15642,92.89947,34.82617,80.4748,110.66695,89.64402,93.77645,135.74942,86.5718,106.82915,0.0,117.03226,53.65139,139.98579,93.75912,63.27369,112.09947,94.11166,80.39987,54.84622,122.52525,59.07833,108.99785,94.93803,93.22783,105.89683,88.72912,108.90918,84.43256,140.79451,93.20901,105.92871,74.26275,122.6193,90.9444,110.60318,41.15816,93.37447,116.14624,91.83493,120.07768,76.56647,100.35147,44.41798,129.86714,87.1416,47.05277,122.84481,111.54518,99.90185,68.03627,88.17875,86.33279,94.54563,92.89763,86.66413,104.57962,69.2553,95.16157,68.10703,108.28687,92.81419,77.08445,107.36213,92.69491,98.40857,65.90668,83.82146,97.04117,38.18673,91.8339,76.86337,117.33456,9310.6147,99,9310.6147,94.04661313131311,22.472100077544308,140.79451,34.82617,0.5316100324266364,1
