Vértices,0,1,2,3,4,5,6,7,8,9,10,11,12,13,14,15,16,17,18,19,20,21,22,23,24,25,26,27,28,29,30,31,32,33,34,35,36,37,38,39,40,41,42,43,44,45,46,47,48,49,50,51,52,53,54,55,56,57,58,59,60,61,62,63,64,65,66,67,68,69,70,71,72,73,74,75,76,77,78,79,80,81,82,83,84,85,86,87,88,89,90,91,92,93,94,95,96,97,98,99,Grau (Ponderado),Número de Vizinhos,Soma dos Pesos das Arestas,Peso Médio das Arestas,Desvio Padrão dos Pesos,Peso Máximo das Arestas,Peso Mínimo das Arestas,Densidade Local,Conjuntos
0,0.0,91.48454,96.11961,81.96268,126.05643,87.55038,52.27804,98.25208,108.88296,112.19103,99.48431,109.77226,98.37995,94.42147,127.44443,92.72992,55.58433,144.25877,84.13411,65.52948,108.03427,117.55566,122.25742,87.91045,113.43846,87.79062,75.26903,76.30763,85.76866,120.81931,99.20951,88.24671,71.46328,66.45998,78.68748,104.69947,127.3045,109.60643,66.7041,60.01727,108.60616,73.23177,134.32829,72.87801,149.35728,86.2772,118.78,136.60966,100.58284,28.36032,76.68806,94.43058,37.34303,108.07089,53.2497,85.17836,141.68939,130.94658,125.4222,91.61592,83.20011,65.80622,81.2952,92.21349,75.66123,70.73349,106.96349,125.39014,56.07075,111.13245,76.49379,138.96686,118.40649,111.06488,145.23157,92.72828,90.69975,48.60257,93.34032,145.92722,84.30808,110.53706,81.61604,76.06258,86.57068,118.38315,100.56638,98.11829,90.23271,82.5916,139.90883,101.87321,113.69754,110.65309,117.54722,105.51443,113.53914,92.48982,102.17834,70.66959,9574.69934,99,9574.69934,96.71413474747476,25.001561107843386,149.35728,28.36032,0.499353164215159,2
1,91.48454,0.0,110.65785,101.49793,93.66764,80.51226,57.71204,61.04242,37.59032,82.07162,60.81345,56.64662,85.95303,89.94533,95.27982,75.60381,82.2773,119.85358,80.71129,60.09404,75.6254,74.21375,65.75523,58.47987,103.8963,84.24744,77.07909,100.87843,63.98205,109.70609,87.76448,82.523,37.35249,96.02715,47.89699,115.39399,93.34324,50.49919,98.08247,74.07632,60.38045,80.68437,66.33534,78.20627,97.90345,73.51309,55.35751,107.58666,56.93685,84.34251,97.1917,55.41504,83.18526,69.95183,73.64378,85.30956,100.33453,77.72781,60.17483,78.70975,73.17474,82.66346,52.69053,104.48892,86.8832,71.3251,86.52308,74.91545,74.41502,110.47773,69.6894,96.26393,95.93439,114.65485,68.17369,70.39133,104.10649,83.08211,82.68468,77.61123,89.40606,50.74314,91.82847,96.49619,62.41106,83.14197,69.06602,80.56934,84.26095,68.13621,66.90318,77.57863,56.87498,59.82689,71.259,89.41777,76.84258,108.13752,86.13705,52.7886,7865.10339,99,7865.10339,79.4454887878788,17.737718196359506,119.85358,37.35249,0.4408768418780696,1
2,96.11961,110.65785,0.0,104.50269,94.52888,109.87376,113.42711,118.79243,116.2319,120.6922,118.96711,99.1431,56.91218,134.89684,89.5881,93.97936,96.1759,110.61315,125.86378,70.84065,98.74053,82.29865,112.40244,112.87726,93.04284,108.7505,117.86034,34.71685,93.18449,91.37919,84.80606,98.75858,113.34071,66.1335,121.19854,74.30748,140.22276,103.29294,71.20131,55.36381,108.70841,123.40684,99.74516,102.33637,126.31646,56.72992,91.18539,101.27627,126.65977,101.51774,119.55973,105.84106,99.93539,109.15375,110.71531,88.93112,128.26309,119.84838,95.84268,130.29471,43.76923,120.94791,101.67918,102.26238,103.07962,126.68419,131.19165,116.67633,112.96291,140.90225,78.27126,122.19446,156.31944,102.22639,136.30646,116.46503,99.1106,68.56074,61.60455,120.8913,67.85117,115.5929,83.27948,68.25854,108.75465,103.43113,66.80775,85.86919,47.71542,79.31194,113.77177,77.35445,141.59096,137.14764,91.62516,64.16402,88.68707,118.08447,134.92001,116.42632,10074.70285,99,10074.70285,101.76467525252525,23.810855833522417,156.31944,34.71685,0.5172256071611211,2
3,81.96268,101.49793,104.50269,0.0,89.16024,71.27499,71.77329,78.27464,93.8021,97.10686,76.77494,91.90691,77.11987,52.07686,125.44984,42.90147,72.39065,82.86226,59.5333,107.33121,74.84999,83.32628,84.88676,64.64121,119.67799,79.55867,48.50759,81.43764,48.42267,122.63803,56.31729,84.65974,77.27413,63.28183,99.09617,70.76871,100.19981,124.67497,39.68404,60.20835,78.04396,139.25877,122.6581,61.95305,97.15299,96.03925,113.9546,93.11389,73.40855,83.45071,89.12002,114.94361,50.89421,114.8541,108.73145,90.0946,94.487,90.21506,132.55104,83.71966,97.56658,64.00484,92.96529,64.29662,106.37023,102.13609,72.84872,85.65219,71.7956,48.78193,67.31368,88.12104,101.72246,72.9203,133.10939,115.10676,114.33881,56.42991,105.46282,111.43799,78.87048,125.66039,43.26142,95.15562,95.31896,114.34835,94.79351,101.66234,98.47726,60.93267,123.15121,108.94506,103.46121,78.47921,101.99115,95.11092,146.21715,59.04307,77.83501,106.32059,8771.87605,99,8771.87605,88.60480858585859,23.329666867067292,146.21715,39.68404,0.4718818057214718,1
4,126.05643,93.66764,94.52888,89.16024,0.0,72.93357,113.72119,68.41079,66.60683,88.75521,106.16162,77.86615,45.51661,97.01892,120.86707,53.75679,94.01117,71.03112,97.19319,102.86762,66.59993,44.67075,77.70592,94.89907,127.70963,100.50169,87.70591,98.96753,71.71679,113.35071,82.07267,109.57211,89.64298,105.35989,98.85751,103.6021,115.79793,107.3149,87.56968,71.18618,80.93701,148.02637,85.54137,89.10222,76.86761,73.22586,88.46161,60.38819,79.21375,127.51671,139.90036,123.69807,111.2387,83.69164,132.3817,88.80491,90.12337,86.78733,97.91696,122.68906,91.02412,122.63841,98.98346,63.52206,121.96138,139.11501,114.45215,61.4809,125.52055,90.00982,73.44218,75.79974,126.69687,120.99629,106.9821,138.74536,133.19452,101.15313,78.26698,80.11047,108.46647,92.72522,57.10124,109.24997,86.98489,122.81361,74.24841,120.04308,83.84138,88.09089,64.37537,87.05048,102.84676,95.01737,96.59515,51.54646,113.66935,77.21755,116.03383,132.71486,9466.17556,99,9466.17556,95.61793494949495,22.833270856665084,148.02637,44.67075,0.4970909291386564,2
5,87.55038,80.51226,109.87376,71.27499,72.93357,0.0,71.38941,70.4409,65.5414,45.32677,99.40981,71.23409,64.97551,50.63927,144.65288,63.03009,36.86019,95.90071,39.36245,94.00283,53.31655,80.27898,87.91171,65.00834,108.74737,47.8237,36.74109,104.65899,74.84985,95.22041,80.07732,73.44965,57.03123,103.19178,54.04667,105.19184,81.812,95.41855,69.42023,64.37187,96.96404,118.90112,109.59518,31.36849,115.52288,67.32977,109.1927,77.11917,48.06174,79.85974,93.23988,101.96915,78.93217,54.79214,83.98595,45.59172,88.43709,93.55698,110.87621,75.16331,100.62816,74.60603,58.87356,43.31998,71.5762,91.61408,82.78149,95.93705,84.91468,70.67155,42.2033,83.33234,71.14754,118.37137,105.28337,131.57816,93.30527,81.72141,103.27038,109.2682,103.21512,74.79518,47.36822,79.99776,90.72392,115.7868,76.2274,112.70081,107.4029,87.20568,92.32354,72.98434,65.16964,84.66812,104.63592,64.70301,114.95914,46.11763,70.14954,101.99809,8081.47571,99,8081.47571,81.63106777777779,23.112468445103875,144.65288,31.36849,0.4460532647834565,1
6,52.27804,57.71204,113.42711,71.77329,113.72119,71.38941,0.0,75.17003,74.98486,84.7874,60.1188,77.72874,94.66967,62.74537,116.1824,73.95055,57.63692,123.63474,52.47369,72.7523,80.96584,96.98631,85.50784,45.01725,101.8144,65.67209,49.46058,91.91241,61.59694,112.73126,79.11813,66.08526,37.0598,75.93362,53.82528,100.32047,88.06194,84.54298,71.69576,66.07562,78.09402,81.75681,108.36992,54.27069,119.26298,85.50624,95.56413,117.65621,60.36728,40.66525,57.50607,67.02973,38.91327,90.57546,50.87249,78.5182,107.3319,93.18707,104.89592,51.00658,85.59466,33.28006,53.43083,93.41918,70.22364,39.13285,66.03952,98.86861,25.29237,90.39987,62.80858,106.32893,78.82773,95.69278,106.41474,74.22081,87.71152,55.14529,102.14449,111.87686,77.67304,88.53655,79.5061,82.40826,78.62688,92.14175,86.24117,80.66932,98.30495,62.50719,112.84176,91.86584,69.46152,66.4052,90.86913,103.1933,111.19327,89.90911,62.02897,42.26524,7806.37242,99,7806.37242,78.85224666666666,22.0659367982988,123.63474,25.29237,0.4357992080101635,1
7,98.25208,61.04242,118.79243,78.27464,68.41079,70.4409,75.17003,0.0,44.31494,97.06262,74.88686,85.29858,82.94212,72.79491,120.19458,47.13207,83.44139,109.92661,76.56911,87.49664,84.22358,74.68652,77.79016,75.17715,141.52817,100.93134,61.66226,107.05342,51.53033,139.47841,93.16814,110.65141,44.53143,96.70515,65.07859,121.17931,115.29204,103.92997,91.78239,71.41167,56.54151,112.00325,98.4137,82.94247,85.60879,92.15621,88.58414,106.54333,52.31633,102.82378,124.10042,109.16657,79.00986,91.431,107.3903,100.76473,109.0603,91.6172,104.00455,103.3216,95.25966,95.64561,89.18382,72.2107,117.72502,108.93826,100.77033,47.24356,95.03207,68.77524,81.03242,98.22191,110.70045,122.74427,108.04956,103.37337,137.86806,90.62035,79.1689,90.33224,110.17012,85.62627,66.76387,120.11151,38.68529,124.92773,95.09767,117.62007,87.64833,79.79877,82.64948,107.09728,79.96951,52.91654,103.98398,91.78539,117.15327,71.16722,101.27132,97.4407,9022.81532,99,9022.81532,91.13954868686866,21.90552750163852,141.52817,38.68529,0.4812562771642317,1
8,108.88296,37.59032,116.2319,93.8021,66.60683,65.5414,74.98486,44.31494,0.0,69.63657,69.37248,51.37584,74.81261,77.36267,110.19292,59.61932,83.40827,98.94139,73.01122,82.85065,60.47149,57.7212,53.87975,59.76129,115.29229,82.71041,68.37874,109.96929,59.11194,112.15981,83.27328,89.6269,43.97018,106.27314,54.39647,115.94306,87.24411,68.89115,97.37948,76.38391,56.60291,110.78901,66.09267,74.5282,78.73573,75.60088,64.44781,86.3656,38.16335,103.04785,112.40524,82.52664,93.95158,62.94548,97.54528,83.45492,83.13756,66.08958,71.69919,85.89347,87.42476,92.67106,63.51582,87.0568,99.4838,95.37884,85.55717,54.68079,92.40526,90.78761,66.8397,75.07167,90.65569,118.57197,65.17183,100.39244,117.39457,94.37852,87.23961,63.10443,101.70748,53.44241,78.33379,105.98463,65.40182,97.46458,69.91401,99.00396,92.14671,74.93761,47.07402,79.92263,49.61148,50.59631,77.66483,78.10957,94.54456,90.91812,84.68687,85.97189,7960.61971,99,7960.61971,80.4103001010101,19.621271775411053,118.57197,37.59032,0.4434639370865567,1
9,112.19103,82.07162,120.6922,97.10686,88.75521,45.32677,84.7874,97.06262,69.63657,0.0,102.33699,51.33779,75.77945,70.60705,143.66118,85.83164,65.15351,92.06082,54.9332,106.27884,39.39621,80.51968,78.84609,62.08092,85.81263,34.99387,66.02758,118.78456,91.20211,70.47843,79.49261,56.77488,75.41777,120.98361,67.97324,106.98418,50.34587,76.34046,89.68496,87.08178,105.60047,131.879,95.49717,45.03307,116.73182,70.2438,103.11325,65.47223,55.78726,94.61659,87.44284,87.07321,104.4248,43.79383,89.2043,42.77312,65.49009,78.52421,97.4894,63.15664,107.16476,81.75639,45.89789,84.38193,63.61864,87.86919,72.16077,109.34589,92.27423,100.91238,47.22602,67.18108,52.74947,118.34644,76.37422,136.50905,78.16431,97.82742,123.82224,97.69565,103.59843,66.84479,80.18361,77.4436,118.07285,95.10194,65.62437,102.60427,123.69678,93.04478,81.95921,57.39034,50.0052,92.12491,89.70844,71.10701,110.44027,89.19392,57.72556,102.68523,8298.01277,99,8298.01277,83.8183108080808,23.477948218649757,143.66118,34.99387,0.45443028203782015,1
10,99.48431,60.81345,118.96711,76.77494,106.16162,99.40981,60.1188,74.88686,69.37248,102.33699,0.0,68.13795,97.16886,79.78979,83.48402,64.21497,101.79547,101.07863,80.53053,93.69599,78.93462,75.7055,48.8804,44.06605,108.45862,92.91726,77.35171,95.36418,41.96856,125.3202,63.64927,82.211,63.54679,76.32168,91.06245,89.72914,87.52771,88.17305,86.40553,81.77822,35.54227,119.94509,82.64439,86.47997,73.17736,101.52402,69.30221,108.53589,65.74117,92.93836,86.89431,72.70128,71.90792,113.02635,101.64877,108.15701,86.62828,57.32824,93.45712,71.03113,84.92588,67.8746,79.50667,115.25955,110.83731,79.27821,58.79956,66.66364,61.07392,94.341,82.26917,83.7221,99.51302,71.74458,88.9781,60.78945,117.20908,72.75533,104.71062,71.52762,70.21716,105.69607,92.72607,108.8819,86.09496,74.53351,85.8517,68.21597,94.72799,42.2905,97.57019,106.14894,79.73404,40.71618,63.13446,112.35143,123.02291,113.74027,73.99014,66.07698,8313.70644,99,8313.70644,83.97683272727272,19.753536222366748,125.3202,35.54227,0.4567283393712268,1
11,109.77226,56.64662,99.1431,91.90691,77.86615,71.23409,77.72874,85.29858,51.37584,51.33779,68.13795,0.0,61.98659,83.46934,95.93784,69.23071,82.63702,76.00271,72.97373,85.7145,30.78694,45.94782,38.02353,45.66982,69.10973,57.93802,77.14009,94.15795,64.49593,69.83977,53.64747,51.73314,68.57768,96.17716,76.08302,83.81082,55.41612,47.76349,82.75989,73.00565,68.41962,122.94917,48.74924,63.28031,80.67216,59.36824,55.69735,59.59229,56.42883,95.52757,85.91806,57.75135,96.3139,60.92171,91.79584,63.29561,50.58594,40.74664,58.09671,65.08134,74.2518,81.27969,43.91132,98.52232,77.64323,83.24419,62.36519,79.724,82.0343,106.96362,46.72836,49.69335,79.57117,89.61954,45.96573,100.54371,82.50917,81.03233,99.35858,54.34111,72.06669,64.17582,80.97071,75.85798,101.03049,55.23522,35.79379,64.48138,93.32636,58.32435,54.49309,50.0924,56.31942,71.97549,40.59978,66.22063,89.25919,105.7953,64.7931,82.04932,7033.83961,99,7033.83961,71.04888494949495,18.740200801560178,122.94917,30.78694,0.40841851734928936,1
12,98.37995,85.95303,56.91218,77.11987,45.51661,64.97551,94.66967,82.94212,74.81261,75.77945,97.16886,61.98659,0.0,93.69192,102.29166,55.17696,70.52084,69.22023,86.59746,77.64284,51.38945,41.20097,75.32516,79.87015,89.39108,75.00154,79.88194,62.9587,64.80238,77.01788,57.54605,77.09823,83.17794,76.84399,90.70905,70.58057,101.53555,86.27539,56.33689,41.13464,82.74653,127.83857,77.65674,66.93129,91.73877,37.33874,77.46147,52.70399,81.6868,97.08313,108.1488,96.99162,89.98306,71.78799,103.98799,58.30643,84.41168,82.45852,83.16927,101.9583,59.38405,99.9577,74.52293,62.83949,88.76591,113.5368,98.86633,81.50198,100.40741,99.54004,42.56255,75.39365,116.23059,95.56848,102.41609,120.41977,94.01332,68.31423,67.03022,86.30586,73.17426,85.31451,45.11008,66.58856,91.1368,94.75062,41.59941,87.74693,63.6054,65.01795,74.64855,54.59034,100.09879,100.64724,75.06622,22.86508,91.83552,79.2595,99.88869,109.9164,7854.26385,99,7854.26385,79.33599848484847,19.73135060236975,127.83857,22.86508,0.4389856107609306,1
13,94.42147,89.94533,134.89684,52.07686,97.01892,50.63927,62.74537,72.79491,77.36267,70.60705,79.78979,83.46934,93.69192,0.0,148.44109,60.60176,66.02347,96.36836,21.7847,117.00925,66.9094,93.86465,82.42918,50.72949,123.80695,62.20787,22.99415,117.20164,66.19466,122.74563,76.27786,80.12408,60.91323,102.10542,75.03151,104.42173,74.28191,115.71008,74.13869,83.3938,87.51892,136.15002,124.27752,47.47614,106.86682,102.99774,120.5294,95.44136,41.61631,85.6354,85.00014,109.73013,69.19234,95.89087,99.54618,82.70599,84.41557,85.74489,132.22939,60.60587,119.02839,54.54521,77.45447,69.80969,96.01435,87.77991,57.33236,92.59894,71.11381,41.9255,67.61779,81.32441,59.21771,102.6141,114.7231,125.31577,112.56873,84.28527,126.75968,110.55752,104.55824,107.10501,63.64427,104.55296,100.47495,118.21716,100.67312,114.81292,125.61171,82.68787,114.62677,106.98141,66.67142,61.70641,109.2784,103.36061,147.58455,58.29,49.75465,101.00928,8772.92972,99,8772.92972,88.61545171717175,26.377769464625995,148.44109,21.7847,0.4693468471736101,1
14,127.44443,95.27982,89.5881,125.44984,120.86707,144.65288,116.1824,120.19458,110.19292,143.66118,83.48402,95.93784,102.29166,148.44109,0.0,104.90194,139.20741,122.4988,143.73811,89.00677,114.3101,84.93176,88.49694,107.34539,108.13641,135.81516,137.95619,78.82354,87.59168,127.42128,91.76063,114.59223,116.5334,81.54169,135.48944,94.33122,139.48148,94.55418,112.04235,96.02124,76.33698,131.92088,70.58797,133.01805,95.92982,102.34447,52.67145,126.58125,128.45865,127.56464,129.44719,88.23304,116.31469,137.38969,131.18987,133.40387,124.97676,96.51241,75.77766,130.93985,59.38117,128.17355,114.60706,150.26558,136.97816,125.5107,123.26518,97.6273,113.56641,156.53224,111.47018,120.53697,163.77864,91.36117,112.13684,69.46778,132.06987,93.52588,87.06014,86.61855,69.6008,126.20801,124.70113,116.56731,110.73732,76.56239,86.67794,63.68907,67.89342,68.66409,106.56754,110.746,137.79338,114.51302,62.37098,115.27547,101.5453,159.12415,137.71973,99.99345,10910.68023,99,10910.68023,110.20889121212122,24.645221653682526,163.77864,52.67145,0.5458781258474416,2
15,92.72992,75.60381,93.97936,42.90147,53.75679,63.03009,73.95055,47.13207,59.61932,85.83164,64.21497,69.23071,55.17696,60.60176,104.90194,0.0,75.02911,69.97675,65.42174,90.20329,58.3137,49.17324,58.43509,58.6035,116.46334,81.89146,52.43836,78.86407,24.57231,115.6396,52.87051,86.76097,60.57639,68.85517,83.58706,78.58096,96.73007,102.4174,55.73396,49.64143,48.3036,129.26846,90.04324,65.36642,66.11617,77.67697,82.67085,74.99565,54.71339,94.4583,104.44502,102.74223,66.32516,93.64356,108.65063,84.67929,81.16079,68.98962,102.38937,89.33071,79.47852,80.253,82.3432,58.85115,107.16512,105.62047,77.94641,46.54233,82.84093,55.37212,58.6028,69.81779,103.70718,83.85555,106.2066,104.254,118.29195,64.84355,79.01505,78.10242,79.08428,98.97184,37.0953,96.84064,69.0414,103.67435,74.11641,94.88422,76.29025,50.83869,85.16596,92.24531,86.80177,58.59188,82.04959,72.91629,121.26877,61.32873,83.90517,100.18974,7727.821,99,7727.821,78.05879797979797,20.54235927753709,129.26846,24.57231,0.4339615274192074,1
16,55.58433,82.2773,96.1759,72.39065,94.01117,36.86019,57.63692,83.44139,83.40827,65.15351,101.79547,82.63702,70.52084,66.02347,139.20741,75.02911,0.0,114.98711,50.38532,75.84707,71.33673,94.34303,103.04674,70.6149,99.63695,48.77007,45.79567,88.23063,79.63597,91.66858,83.86957,67.1064,58.05834,87.37449,53.66494,99.90207,95.60735,94.04964,57.96964,52.39914,105.04512,95.8142,118.30144,30.8847,133.80357,61.02822,112.36347,97.89448,69.79792,48.70972,76.4042,92.80151,59.79884,65.48537,57.42945,40.67564,109.20473,109.59252,112.91582,74.03454,88.55346,63.20548,54.80377,55.23088,51.52962,75.02218,89.65386,112.2103,68.3541,88.50357,41.34046,106.20155,84.10899,114.33022,119.8102,119.05967,75.02076,62.24084,96.12912,126.4515,91.19077,81.3017,53.6114,60.06847,89.41392,112.62941,77.42841,102.86479,98.01779,83.51806,111.01208,71.2271,82.22585,98.63374,107.43729,71.03353,105.99833,58.76251,77.24261,86.40678,8130.22383,99,8130.22383,82.12347303030303,23.060127142201186,139.20741,30.8847,0.44807471195350906,1
17,144.25877,119.85358,110.61315,82.86226,71.03112,95.90071,123.63474,109.92661,98.94139,92.06082,101.07863,76.00271,69.22023,96.36836,122.4988,69.97675,114.98711,0.0,99.02322,135.78532,57.50424,55.92595,66.02948,87.11595,109.58206,94.7346,98.89733,105.65512,79.80395,103.56897,53.59958,94.02594,116.62153,106.92419,131.62923,70.77798,90.01316,120.87345,84.21603,94.25325,90.51159,182.50943,95.72307,93.60785,67.67205,98.72894,103.32277,38.18629,92.79575,137.33636,124.3259,125.67859,120.65379,114.17997,149.33408,100.23938,49.78513,62.09035,117.87753,109.15971,109.27049,114.85545,107.88335,97.56948,128.90103,140.56563,87.48647,86.99398,122.56193,96.26655,81.51527,40.08551,117.02044,82.96011,108.1321,147.89716,126.48936,103.43372,124.28062,76.36839,93.88083,128.75903,78.55412,109.7313,134.18044,103.11649,80.97591,106.32772,115.18991,81.78202,95.85938,99.6701,112.61107,101.83617,83.1586,83.44206,147.75504,104.54256,97.37729,142.82523,10031.60711,99,10031.60711,101.32936474747476,25.080648034751768,182.50943,38.18629,0.5159556603880913,2
18,84.13411,80.71129,125.86378,59.5333,97.19319,39.36245,52.47369,76.56911,73.01122,54.9332,80.53053,72.97373,86.59746,21.7847,143.73811,65.42174,50.38532,99.02322,0.0,104.83475,58.27606,91.05228,81.45263,43.35191,107.81438,43.0093,20.09466,110.44717,68.66927,105.90816,73.04855,63.81726,53.43238,99.0339,61.42963,100.51416,64.36172,100.50668,69.32935,75.93504,90.56753,122.76109,116.74615,29.3798,113.38922,88.98865,113.65283,91.01377,39.34118,70.92973,70.5593,94.91451,65.64717,79.77583,81.239,64.54462,82.08965,84.55964,120.86913,46.76051,109.47987,44.59126,58.73986,69.24702,74.91915,72.02361,53.58629,98.7141,61.18155,60.82773,53.23289,81.02327,47.38537,102.14795,105.2466,119.7014,93.13447,76.62645,121.34051,109.7517,96.63206,92.61272,62.88732,87.65798,99.53636,107.13857,88.24242,104.34795,120.09806,78.98344,108.38236,90.46309,56.22742,67.65382,101.41289,93.20579,132.63773,62.04094,39.63705,88.77671,8019.76443,99,8019.76443,81.00772151515153,25.511152854241566,143.73811,20.09466,0.4414209217209129,1
19,65.52948,60.09404,70.84065,107.33121,102.86762,94.00283,72.7523,87.49664,82.85065,106.27884,93.69599,85.7145,77.64284,117.00925,89.00677,90.20329,75.84707,135.78532,104.83475,0.0,97.55518,89.18288,102.44809,90.71211,99.10797,97.07198,96.54724,67.26981,81.1517,103.75421,97.25185,91.05695,68.138,74.8216,71.41459,107.63416,127.60298,68.48703,86.14896,53.9991,89.83225,56.43478,88.21885,88.1678,128.02106,54.9011,71.86221,121.32831,98.50491,69.77857,102.23515,69.45684,77.26838,83.42087,63.36341,82.19087,131.89474,114.05419,71.43101,105.82178,41.65039,97.0575,70.22218,102.86566,80.24203,84.89077,117.68756,103.69854,83.02412,132.28798,72.19718,127.05519,131.2704,118.56271,111.50537,74.7272,93.04369,65.37379,50.84771,113.51472,78.52377,73.11927,89.59683,74.85311,66.35606,96.08488,68.9568,79.87075,51.4674,74.51775,97.12645,72.77463,105.2343,106.60307,88.05853,79.33311,53.47194,112.53878,116.60947,64.36476,8780.513860000001,99,8780.513860000001,88.6920591919192,20.898609392086097,135.78532,41.65039,0.47289614913494366,1
20,108.03427,75.6254,98.74053,74.84999,66.59993,53.31655,80.96584,84.22358,60.47149,39.39621,78.93462,30.78694,51.38945,66.9094,114.3101,58.3137,71.33673,57.50424,58.27606,97.55518,0.0,46.65313,48.387,47.00939,77.2326,45.21177,62.84328,93.61283,62.97673,69.50189,44.61318,50.67734,72.61272,95.01856,80.07654,75.47645,51.80387,74.07906,68.15559,67.76922,77.28069,135.91908,73.27824,47.749,82.87602,60.7541,79.58578,39.26211,51.75637,95.0199,85.72138,81.07829,91.88446,62.57891,98.46269,52.53591,40.84676,48.57183,84.38591,64.97545,85.11378,77.22811,52.54303,77.75755,77.85598,92.4071,58.47923,82.11379,84.66318,87.90343,35.55363,37.45427,72.26506,86.84373,71.20897,119.24443,83.63766,78.28593,104.76251,69.31347,76.88794,78.01361,61.76581,72.70399,106.00556,75.75772,45.15661,80.6627,99.74543,63.08834,68.84051,55.45574,62.52827,76.29529,61.83952,57.55384,107.83819,84.65769,57.71338,98.56102,7141.48024,99,7141.48024,72.13616404040404,19.88127858384567,135.91908,30.78694,0.41222087975343763,1
21,117.55566,74.21375,82.29865,83.32628,44.67075,80.27898,96.98631,74.68652,57.7212,80.51968,75.7055,45.94782,41.20097,93.86465,84.93176,49.17324,94.34303,55.92595,91.05228,89.18288,46.65313,0.0,42.06242,69.80754,95.79941,86.34582,86.10677,80.45255,52.42394,92.10297,51.36958,82.99115,81.40436,85.44648,96.03572,76.08871,91.65637,79.32276,76.82469,63.13146,55.61125,137.87122,50.13559,81.38063,54.29431,62.33732,53.37094,50.45934,71.56509,113.57618,114.79818,90.74357,99.87717,82.14511,117.81799,82.18008,64.31096,50.96182,68.89643,99.2755,66.55576,103.44144,78.94984,86.41727,107.28725,115.84949,87.71429,53.58555,102.90538,98.76987,59.81389,52.64407,113.71615,88.04967,77.97949,108.96232,111.46867,81.9327,77.17902,46.20739,74.96928,85.78417,66.03985,91.51706,89.90408,81.28696,45.65389,80.85739,71.31876,55.69219,51.53349,69.57229,89.22778,78.53132,53.08789,54.56552,98.61422,97.2804,95.39498,106.9845,7808.4659,99,7808.4659,78.87339292929292,20.87200959080764,137.87122,41.20097,0.43671383159011556,1
22,122.25742,65.75523,112.40244,84.88676,77.70592,87.91171,85.50784,77.79016,53.87975,78.84609,48.8804,38.02353,75.32516,82.42918,88.49694,58.43509,103.04674,66.02948,81.45263,102.44809,48.387,42.06242,0.0,47.94242,96.29887,82.99176,81.85108,100.56241,50.38755,102.83175,50.83092,75.96861,75.25973,94.47598,94.30634,84.17991,68.51938,76.31611,88.96593,82.99282,43.48338,140.37791,53.9794,82.04572,46.99458,86.39644,56.23604,68.90025,57.69572,112.55382,101.36811,78.41394,98.46914,92.4567,115.82306,93.94349,47.81673,15.86609,75.5391,77.65266,85.41557,88.32237,74.02409,106.23073,109.23412,99.96257,60.21569,55.73223,88.9554,95.83928,70.0871,41.7314,93.37669,79.18414,59.3802,96.60362,113.3317,88.01046,104.61977,31.64578,77.0667,91.02671,85.30795,103.51558,98.90633,67.09926,62.99205,73.51595,96.68829,52.26001,62.65895,85.08352,69.56163,52.44491,44.0618,87.64302,114.59904,109.95457,73.09538,93.223,7825.26139,99,7825.26139,79.04304434343433,22.355349340474255,140.37791,15.86609,0.4356806649409614,1
23,87.91045,58.47987,112.87726,64.64121,94.89907,65.00834,45.01725,75.17715,59.76129,62.08092,44.06605,45.66982,79.87015,50.72949,107.34539,58.6035,70.6149,87.11595,43.35191,90.71211,47.00939,69.80754,47.94242,0.0,85.96029,50.60003,48.40513,94.56853,48.2369,95.33682,49.54137,47.96597,50.12887,82.24703,68.40078,81.36268,51.39894,74.78807,68.71262,70.08723,61.29826,116.44125,84.70733,47.69067,87.67387,80.71708,79.92847,84.02426,39.96744,72.94685,60.53994,63.62909,65.20322,82.58499,79.9657,72.04359,63.48579,51.36747,92.02848,34.54761,86.41489,41.85343,46.99579,91.99301,77.04446,59.34135,30.00285,80.59805,47.05789,80.56912,50.31976,63.87103,60.04527,75.03103,77.23796,87.7556,86.38506,64.35326,109.20893,78.13005,68.5556,85.66171,73.2463,81.87813,93.76566,69.40104,67.37152,68.59582,102.14562,47.88411,89.74964,79.49422,50.82523,48.15485,63.40586,90.57324,115.38222,90.6959,34.58066,65.28388,6938.08405,99,6938.08405,70.08165707070707,19.291375531286246,116.44125,30.00285,0.40445888551929393,1
24,113.43846,103.8963,93.04284,119.67799,127.70963,108.74737,101.8144,141.52817,115.29229,85.81263,108.45862,69.10973,89.39108,123.80695,108.13641,116.46334,99.63695,109.58206,107.81438,99.10797,77.2326,95.79941,96.29887,85.96029,0.0,70.98335,115.26887,91.47794,108.58934,37.49737,75.81715,45.13863,113.5855,102.58938,114.8643,77.60629,82.46314,69.56729,91.90704,93.65557,119.87746,132.92561,91.16562,86.48623,135.0899,72.77859,94.11695,93.17622,113.74061,94.10388,71.9459,62.43942,113.60574,94.54659,91.61999,71.78567,91.95792,93.39018,86.96169,82.27063,82.43908,94.74046,66.83589,132.68103,65.63822,87.3136,89.67746,139.10928,91.79217,152.41843,70.47027,98.60081,108.37505,90.94403,94.70605,117.21465,41.7589,85.51019,126.16475,111.45892,64.26132,103.96016,113.20028,49.81459,145.66647,48.52227,56.82652,53.65567,112.52309,83.55939,112.93649,55.97866,107.92738,129.17178,65.30515,90.4514,97.97221,142.07008,90.237,94.92545,9449.5693,99,9449.5693,95.45019494949494,23.959331690697077,152.41843,37.49737,0.49583609263467876,2
25,87.79062,84.24744,108.7505,79.55867,100.50169,47.8237,65.67209,100.93134,82.71041,34.99387,92.91726,57.93802,75.00154,62.20787,135.81516,81.89146,48.77007,94.7346,43.0093,97.07198,45.21177,86.34582,82.99176,50.60003,70.98335,0.0,55.2462,100.35652,82.94115,65.34597,65.77739,31.85526,71.70909,99.46477,69.99947,87.18842,51.06318,80.12606,67.09785,73.53744,103.63503,121.43626,104.41872,24.17883,122.6608,67.50087,105.71964,76.23368,62.5258,67.32413,55.92376,77.11472,80.95816,62.87867,70.50113,34.2572,73.55476,82.75495,104.55386,43.17925,96.7748,54.60785,38.08114,82.2495,43.78196,66.58054,57.80533,115.08025,66.23154,96.59112,34.88369,76.97485,51.85983,97.57244,93.13017,122.69706,55.19526,73.34003,120.52243,108.50042,82.56808,82.53375,72.09463,55.39754,116.77029,85.23932,64.68056,86.10547,116.01716,78.26779,102.38644,59.17261,63.32523,92.83817,86.1224,76.23615,113.22672,84.99915,42.69711,87.15719,7661.78528,99,7661.78528,77.3917705050505,23.65275018200497,135.81516,24.17883,0.4296213921085829,1
26,75.26903,77.07909,117.86034,48.50759,87.70591,36.74109,49.46058,61.66226,68.37874,66.02758,77.35171,77.14009,79.88194,22.99415,137.95619,52.43836,45.79567,98.89733,20.09466,96.54724,62.84328,86.10677,81.85108,48.40513,115.26887,55.2462,0.0,101.58962,57.88146,113.11787,72.62939,73.34892,45.14149,88.92734,58.41901,98.89668,80.41705,103.678,61.81721,64.57449,82.16216,116.53282,115.74828,34.47805,108.06886,85.44478,109.85528,93.13731,39.44894,68.83952,79.74233,99.02902,54.39252,82.27449,82.35142,68.37527,90.30544,88.08232,119.82278,61.03204,102.21063,49.98905,64.93021,56.05128,81.79508,78.41637,64.70625,87.95661,62.12468,49.37826,53.13857,85.92078,66.62148,101.79703,111.71373,114.21442,101.18883,69.28476,107.76247,108.8677,94.56042,92.78351,49.70205,89.68206,83.66353,112.52349,88.26529,105.89618,108.07748,73.76246,106.39187,93.07806,65.23298,63.55672,102.91058,88.4577,129.43852,47.72774,56.20787,88.52053,7905.58027,99,7905.58027,79.85434616161616,24.32447512671592,137.95619,20.09466,0.43788787812759317,1
27,76.30763,100.87843,34.71685,81.43764,98.96753,104.65899,91.91241,107.05342,109.96929,118.78456,95.36418,94.15795,62.9587,117.20164,78.82354,78.86407,88.23063,105.65512,110.44717,67.26981,93.61283,80.45255,100.56241,94.56853,91.47794,100.35652,101.58962,0.0,72.50699,99.73569,68.03954,87.48494,99.05779,32.10628,113.80425,56.41905,129.46829,103.16822,51.33186,43.17511,90.80347,115.69693,101.15139,91.37222,115.41753,66.44927,87.41183,104.68181,114.26312,83.00762,99.43548,95.35807,73.10947,115.05103,100.00711,90.38905,120.8233,108.30255,100.5671,112.58421,39.66971,97.59089,94.58437,98.37675,99.16109,108.51231,111.36429,105.47002,87.93234,123.33132,72.32114,115.47253,143.81926,76.52345,134.04701,93.95126,95.83362,40.96068,65.09636,115.23846,44.59111,119.39592,74.05208,67.25332,98.00315,92.99241,70.22468,69.94636,45.48241,55.75534,118.80541,86.06558,132.19919,118.33725,83.04596,77.97054,101.19474,109.1039,117.9858,97.84836,9127.9709,99,9127.9709,92.20172626262627,23.096297296179188,143.81926,32.10628,0.4835073594606356,1
28,85.76866,63.98205,93.18449,48.42267,71.71679,74.84985,61.59694,51.53033,59.11194,91.20211,41.96856,64.49593,64.80238,66.19466,87.59168,24.57231,79.63597,79.80395,68.66927,81.1517,62.97673,52.42394,50.38755,48.2369,108.58934,82.94115,57.88146,72.50699,0.0,115.28116,48.23807,80.37025,54.68979,57.28783,82.16732,74.05357,93.75532,92.5965,57.94432,50.22173,31.53925,118.5741,82.03018,69.03196,64.52462,79.31235,69.9867,86.22159,56.67463,86.13059,93.52177,86.92538,57.35288,98.27869,99.98725,89.31177,82.92888,62.22204,93.30856,80.60639,69.50541,70.51373,76.58128,78.4528,103.83972,91.95186,69.36298,47.09404,68.07565,69.40982,61.13603,74.29253,103.14027,71.57333,99.3079,81.1717,112.99363,55.05513,77.73664,72.47213,65.02319,98.03162,54.48959,94.32944,65.97982,88.59632,71.42424,77.68498,70.55871,32.4194,86.85426,92.24416,84.04251,48.9698,68.87054,82.86451,115.10751,79.80108,79.17795,82.00919,7383.41714,99,7383.41714,74.57997111111112,18.63085533902154,118.5741,24.57231,0.4217040363140302,1
29,120.81931,109.70609,91.37919,122.63803,113.35071,95.22041,112.73126,139.47841,112.15981,70.47843,125.3202,69.83977,77.01788,122.74563,127.42128,115.6396,91.66858,103.56897,105.90816,103.75421,69.50189,92.10297,102.83175,95.33682,37.49737,65.34597,113.11787,99.73569,115.28116,0.0,83.73033,55.67176,115.86742,115.94739,110.91678,89.02374,85.42115,75.23621,93.73474,92.77974,129.3851,140.13094,95.04935,81.02391,139.08923,60.52951,103.2241,76.57025,111.69054,103.42345,91.01468,83.13799,123.28951,75.76979,98.45003,54.03075,90.28951,100.55473,90.60727,93.76627,90.63894,107.33543,68.03828,118.22168,62.71782,104.00537,102.04612,140.41083,108.94997,149.11893,63.54323,94.81126,107.46274,111.42267,97.00987,140.29178,47.50366,96.81694,124.45916,115.38021,85.33965,94.16744,104.82355,47.82189,146.56129,76.26533,52.61414,82.24735,116.07746,97.97234,104.16521,38.87464,106.67744,136.45586,81.30229,70.29778,95.17078,130.53352,97.08,113.87612,9709.46256,99,9709.46256,98.07537939393941,24.245430370732958,149.11893,37.49737,0.5049566856407073,2
30,99.20951,87.76448,84.80606,56.31729,82.07267,80.07732,79.11813,93.16814,83.27328,79.49261,63.64927,53.64747,57.54605,76.27786,91.76063,52.87051,83.86957,53.59958,73.04855,97.25185,44.61318,51.36958,50.83092,49.54137,75.81715,65.77739,72.62939,68.03954,48.23807,83.73033,0.0,54.11404,84.01279,63.22585,102.35841,36.64497,72.57321,90.48129,47.73257,59.92094,66.47787,140.13994,81.56374,63.52549,75.72861,73.44083,78.80455,60.88248,74.31726,90.43784,77.36337,83.09553,76.49521,98.6134,105.33752,75.87506,57.13527,51.34834,95.39049,71.22261,72.72992,70.41718,72.51383,89.72583,92.11024,93.9367,55.12968,81.56885,73.06609,89.60707,50.47443,54.2121,96.38044,43.88047,95.53703,102.28868,88.7664,55.30143,100.67725,75.31445,44.63237,108.23852,62.63612,72.74711,108.27937,66.01653,55.46001,60.20813,86.7615,34.74436,94.72367,76.73508,92.17612,79.77252,52.92829,75.48006,120.13987,94.87965,67.4465,95.22446,7450.53554,99,7450.53554,75.25793474747475,19.119117136971333,140.13994,34.74436,0.4246669226564906,1
31,88.24671,82.523,98.75858,84.65974,109.57211,73.44965,66.08526,110.65141,89.6269,56.77488,82.211,51.73314,77.09823,80.12408,114.59223,86.76097,67.1064,94.02594,63.81726,91.05695,50.67734,82.99115,75.96861,47.96597,45.13863,31.85526,73.34892,87.48494,80.37025,55.67176,54.11404,0.0,79.96893,87.28143,84.25005,70.35711,52.27723,69.24494,66.12843,73.30515,97.49942,119.76653,92.71674,46.50946,117.94366,66.91319,92.32578,80.61072,76.32833,66.28923,41.42602,57.41691,80.8919,77.63179,70.4077,49.81048,71.89594,74.35946,92.85582,41.33656,82.85603,53.80009,39.15723,102.02673,46.98423,58.96912,52.26863,116.08357,57.84449,112.52872,41.79697,77.61478,69.20724,77.59613,87.15884,105.84163,42.14705,63.53547,117.94193,100.94448,59.26161,89.98372,83.88474,46.0398,121.42255,57.39238,54.78603,57.97973,107.7477,63.7338,103.82426,56.28966,75.06086,95.3961,65.409,82.04939,106.25225,106.46658,48.03728,75.34241,7514.87343,99,7514.87343,75.90781242424242,21.620780494571292,121.42255,31.85526,0.42562687080748723,1
32,71.46328,37.35249,113.34071,77.27413,89.64298,57.03123,37.0598,44.53143,43.97018,75.41777,63.54679,68.57768,83.17794,60.91323,116.5334,60.57639,58.05834,116.62153,53.43238,68.138,72.61272,81.40436,75.25973,50.12887,113.5855,71.70909,45.14149,99.05779,54.68979,115.86742,84.01279,79.96893,0.0,88.48873,31.32989,111.85346,91.33904,77.48985,81.05085,63.10883,65.80721,82.96596,93.99498,57.08261,104.40258,76.98726,83.49765,106.73383,39.81741,66.98814,87.6278,75.65419,58.97342,71.74148,66.28534,76.36684,102.01118,86.43045,91.6441,68.70043,84.40141,62.70894,53.63565,79.03324,80.97455,66.10627,78.18488,76.20484,60.33342,81.27586,60.36667,97.01769,81.91952,112.00716,92.80688,84.45549,103.49886,71.69935,87.0355,95.91642,92.50099,65.42321,70.54491,93.25852,54.19893,101.33077,80.0875,94.32822,90.53662,68.67834,86.86621,85.87572,54.35681,52.24789,90.41669,88.83501,99.77157,77.57715,73.2531,59.92868,7638.07111,99,7638.07111,77.15223343434343,19.270188055813165,116.62153,31.32989,0.4314228630072451,1
33,66.45998,96.02715,66.1335,63.28183,105.35989,103.19178,75.93362,96.70515,106.27314,120.98361,76.32168,96.17716,76.84399,102.10542,81.54169,68.85517,87.37449,106.92419,99.0339,74.8216,95.01856,85.44648,94.47598,82.24703,102.58938,99.46477,88.92734,32.10628,57.28783,115.94739,63.22585,87.28143,88.48873,0.0,109.68362,57.60256,124.25798,109.90594,46.23896,47.03188,77.44537,114.39739,108.46616,87.4229,108.34893,83.45734,91.66129,112.85889,104.4485,74.64921,89.51514,94.97112,51.34252,123.42557,97.88828,98.94985,118.76726,102.65949,111.07594,101.33964,55.77242,80.46783,95.11433,97.98324,104.18816,98.03394,97.45287,96.82057,70.04608,106.81061,76.10577,113.65459,134.93187,62.94854,135.6722,79.63331,104.19854,28.7985,76.33021,114.08276,43.32041,125.59871,71.95698,80.58636,90.17954,94.62922,83.29293,70.18027,58.65834,43.66965,125.55348,101.23902,125.5505,101.28606,85.52229,95.09015,117.81129,102.77454,106.54189,87.2974,8950.453089999999,99,8950.453089999999,90.40861707070708,22.352402417829236,135.6722,28.7985,0.477841368992996,1
34,78.68748,47.89699,121.19854,99.09617,98.85751,54.04667,53.82528,65.07859,54.39647,67.97324,91.06245,76.08302,90.70905,75.03151,135.48944,83.58706,53.66494,131.62923,61.42963,71.41459,80.07654,96.03572,94.30634,68.40078,114.8643,69.99947,58.41901,113.80425,82.16732,110.91678,102.35841,84.25005,31.32989,109.68362,0.0,128.91611,95.75664,74.54553,95.9771,76.11764,93.23246,76.37691,103.24166,59.47268,127.26738,75.15684,97.0154,113.0531,53.19206,70.53913,94.43306,80.12544,79.05292,54.05598,57.45484,68.13892,112.92477,103.66039,94.39015,76.23984,95.87973,76.5965,49.41473,83.77441,69.735,69.04646,94.08599,99.72346,76.21607,99.98223,64.5085,109.5226,80.0488,134.20103,94.88626,104.5244,98.0858,88.59568,97.46486,112.06178,109.42818,48.65665,83.2013,92.08112,70.70096,111.97328,84.58369,108.13302,104.76867,91.81932,89.92036,79.87141,52.78389,78.08011,104.63086,88.47181,92.1571,84.57408,82.15561,69.60847,8514.06147,99,8514.06147,86.00062090909091,21.349704243362215,135.48944,31.32989,0.46346843467788523,1
35,104.69947,115.39399,74.30748,70.76871,103.6021,105.19184,100.32047,121.17931,115.94306,106.98418,89.72914,83.81082,70.58057,104.42173,94.33122,78.58096,99.90207,70.77798,100.51416,107.63416,75.47645,76.08871,84.17991,81.36268,77.60629,87.18842,98.89668,56.41905,74.05357,89.02374,36.64497,70.35711,111.85346,57.60256,128.91611,0.0,100.91055,111.56707,49.71376,70.02075,93.01406,152.95171,103.35155,85.85714,100.93057,85.44217,98.54543,80.95488,108.78845,99.20972,86.7187,100.50651,87.52995,122.85838,118.92115,91.68464,86.54387,83.86233,114.05891,95.79882,76.3659,88.89236,96.33989,106.39407,104.36404,111.56586,83.09749,108.90176,88.47843,113.78368,71.47237,85.1229,125.02868,36.84229,125.05988,114.22574,92.46502,57.68056,108.93584,103.66247,39.48232,134.10344,78.73538,73.14841,129.00766,78.14522,72.16003,65.33733,90.15379,53.11424,122.61325,91.32211,125.88239,112.98395,71.75612,88.64986,132.02032,113.48122,94.93229,112.61752,9232.41028,99,9232.41028,93.25666949494948,22.03499713773282,152.95171,36.64497,0.4890595143788836,2
36,127.3045,93.34324,140.22276,100.19981,115.79793,81.812,88.06194,115.29204,87.24411,50.34587,87.52771,55.41612,101.53555,74.28191,139.48148,96.73007,95.60735,90.01316,64.36172,127.60298,51.80387,91.65637,68.51938,51.39894,82.46314,51.06318,80.41705,129.46829,93.75532,85.42115,72.57321,52.27723,91.33904,124.25798,95.75664,100.91055,0.0,86.8401,100.08147,107.69795,102.82837,151.61734,99.9279,66.51357,110.12726,100.61838,107.11205,79.61526,66.23837,105.57391,74.55196,83.19078,110.58852,87.61237,105.37282,78.82677,46.49216,60.22277,108.98797,43.9004,120.44963,73.55071,62.6563,116.97165,84.62106,83.29724,40.29699,115.67888,85.56091,108.47804,71.23669,57.93006,42.5251,98.42107,72.03841,130.2101,86.95676,103.98705,148.08093,91.93576,98.17512,99.1441,103.61018,94.93238,138.7662,77.54314,82.10986,91.48908,141.12735,88.86777,101.20213,85.2961,56.47746,85.36513,80.18082,105.58801,135.65529,116.90373,34.09034,101.1695,9052.37907,99,9052.37907,91.43817242424244,25.527953747987915,151.61734,34.09034,0.480917871337401,2
37,109.60643,50.49919,103.29294,124.67497,107.3149,95.41855,84.54298,103.92997,68.89115,76.34046,88.17305,47.76349,86.27539,115.71008,94.55418,102.4174,94.04964,120.87345,100.50668,68.48703,74.07906,79.32276,76.31611,74.78807,69.56729,80.12606,103.678,103.16822,92.5965,75.23621,90.48129,69.24494,77.48985,109.90594,74.54553,111.56707,86.8401,0.0,107.74837,87.52889,91.58086,95.89254,53.40278,86.80412,115.8342,62.13463,54.6613,99.98385,85.40846,94.89476,94.7048,35.85403,109.5501,61.84404,76.71526,75.68245,95.93201,81.61798,35.72518,83.70372,70.92805,98.35813,46.19814,124.48212,72.46497,77.37339,94.92737,107.00548,90.74326,142.58368,69.96825,96.79881,102.07769,117.57615,52.05104,90.55621,79.0124,94.04408,98.72758,82.81763,85.33214,48.42488,110.08379,79.1092,104.50573,59.02109,50.07543,66.27165,95.01639,80.80157,67.03499,50.23058,72.25426,97.83745,57.52334,83.02548,54.8664,133.30278,93.24802,67.47279,8443.61165,99,8443.61165,85.28900656565655,21.38956847189317,142.58368,35.72518,0.46023128468163915,1
