Vértice,Adjacentes,Conjuntos
0,1(238.29); 2(675.63); 3(231.28); 4(138.33); 5(287.64); 6(64.13); 7(849.2); 8(775.86); 9(536.31); 10(453.13); 11(852.33); 12(510.48); 13(702.95); 14(970.79); 15(276.5); 16(129.02); 17(938.92); 18(447.46); 19(137.0); 20(844.82); 21(594.19); 22(605.17); 23(226.18); 24(552.01); 25(157.61); 26(607.52); 27(372.51); 28(439.45); 29(872.98); 30(254.78); 31(185.88); 32(189.12); 33(189.69); 34(1.51); 35(747.87); 36(637.79); 37(328.99); 38(835.6); 39(152.8); 40(147.52); 41(150.21); 42(889.91); 43(726.89); 44(17.14); 45(158.61); 46(107.06); 47(765.3); 48(257.32); 49(25.38); 50(484.95); 51(930.21); 52(421.02); 53(465.35); 54(399.9); 55(256.52); 56(417.23); 57(521.38); 58(814.55); 59(591.61); 60(532.56); 61(279.01); 62(54.44); 63(156.56); 64(714.29); 65(122.21); 66(750.26); 67(777.54); 68(340.22); 69(431.35); 70(928.94); 71(514.0); 72(435.25); 73(341.55); 74(317.8); 75(234.05); 76(483.18); 77(96.94); 78(18.0); 79(461.13); 80(378.22); 81(755.67); 82(762.62); 83(456.58); 84(178.19); 85(911.94); 86(118.2); 87(850.34); 88(224.97); 89(139.39); 90(799.67); 91(552.41); 92(301.3); 93(961.34); 94(939.1); 95(791.64); 96(4.22); 97(11.92); 98(172.63); 99(570.46); 100(784.2); 101(683.25); 102(745.17); 103(64.38); 104(220.46); 105(223.61); 106(382.82); 107(39.43); 108(477.28); 109(569.39); 110(846.68); 111(434.62); 112(280.48); 113(422.04); 114(520.44); 115(582.62); 116(319.46); 117(70.8); 118(711.24); 119(565.96); 120(461.99); 121(77.87); 122(255.65); 123(891.69); 124(619.79); 125(120.06); 126(648.67); 127(942.55); 128(845.74); 129(315.17); 130(972.28); 131(52.94); 132(101.06); 133(672.58); 134(922.58); 135(9.29); 136(633.76); 137(78.61); 138(384.86); 139(789.89); 140(530.25); 141(784.37); 142(122.15); 143(456.23); 144(546.32); 145(777.0); 146(545.21); 147(475.81); 148(724.59); 149(242.86); 150(208.39); 151(661.21); 152(834.16); 153(629.87); 154(538.99); 155(753.59); 156(705.28); 157(368.93); 158(384.36); 159(458.94); 160(651.83); 161(236.97); 162(490.6); 163(922.34); 164(597.71); 165(767.5); 166(347.2); 167(371.64); 168(638.84); 169(709.32); 170(392.25); 171(573.45); 172(461.24); 173(616.18); 174(197.71); 175(440.0); 176(57.14); 177(389.36); 178(777.41); 179(106.83); 180(323.9); 181(856.93); 182(140.75); 183(146.7); 184(6.48); 185(755.21); 186(96.29); 187(851.17); 188(202.5); 189(529.96); 190(893.52); 191(787.97); 192(421.77); 193(659.27); 194(496.86); 195(558.79); 196(673.95); 197(205.45); 198(594.13); 199(189.77); 200(989.64); 201(983.04); 202(743.45); 203(83.9); 204(99.39); 205(866.55); 206(666.66); 207(609.76); 208(758.89); 209(603.68); 210(209.47); 211(350.41); 212(945.63); 213(129.33); 214(974.78); 215(867.48); 216(483.25); 217(713.9); 218(199.64); 219(6.86); 220(372.83); 221(55.42); 222(818.27); 223(392.82); 224(319.35); 225(540.28); 226(540.02); 227(946.26); 228(44.13); 229(502.81); 230(827.67); 231(877.85); 232(167.6); 233(929.91); 234(432.57); 235(449.42); 236(725.67); 237(777.2); 238(951.76); 239(144.26); 240(777.13); 241(383.3); 242(657.75); 243(548.85); 244(402.9); 245(576.0); 246(360.51); 247(405.86); 248(617.97); 249(680.84); 250(742.3); 251(771.39); 252(611.44); 253(682.92); 254(6.41); 255(924.17); 256(911.84); 257(505.32); 258(389.58); 259(858.02); 260(268.78); 261(203.42); 262(168.14); 263(507.32); 264(627.39); 265(914.06); 266(769.08); 267(197.57); 268(203.5); 269(185.49); 270(540.15); 271(49.4); 272(919.43); 273(340.71); 274(307.85); 275(934.96); 276(21.62); 277(352.73); 278(541.04); 279(471.1); 280(323.71); 281(652.68); 282(416.93); 283(25.51); 284(692.76); 285(753.54); 286(679.19); 287(74.54); 288(444.03); 289(502.14); 290(378.01); 291(134.51); 292(521.94); 293(13.11); 294(129.94); 295(140.67); 296(71.87); 297(554.25); 298(501.84); 299(552.33); 300(481.76); 301(504.04); 302(822.06); 303(637.21); 304(227.98); 305(668.3); 306(925.35); 307(349.89); 308(893.33); 309(163.58); 310(887.9); 311(631.94); 312(419.41); 313(367.5); 314(635.64); 315(666.59); 316(479.68); 317(125.81); 318(661.57); 319(773.84); 320(486.14); 321(909.92); 322(803.93); 323(90.04); 324(758.41); 325(787.18); 326(374.32); 327(466.06); 328(457.61); 329(25.3); 330(776.1); 331(86.61); 332(295.26); 333(857.08); 334(965.27); 335(885.16); 336(695.4); 337(42.58); 338(68.63); 339(213.07); 340(991.88); 341(97.97); 342(411.25); 343(52.91); 344(634.44); 345(514.26); 346(49.56); 347(475.67); 348(510.89); 349(374.83); 350(308.95); 351(95.46); 352(610.7); 353(436.9); 354(582.1); 355(346.35); 356(975.64); 357(599.96); 358(928.01); 359(934.85); 360(56.7); 361(618.47); 362(619.91); 363(379.43); 364(566.14); 365(211.06); 366(841.41); 367(731.1); 368(349.79); 369(78.38); 370(909.61); 371(481.34); 372(547.67); 373(667.06); 374(883.11); 375(184.03); 376(665.58); 377(772.78); 378(391.63); 379(200.07); 380(122.6); 381(936.42); 382(38.23); 383(820.8); 384(59.08); 385(625.07); 386(88.11); 387(293.41); 388(431.84); 389(25.96); 390(429.22); 391(762.25); 392(379.4); 393(656.79); 394(520.18); 395(952.53); 396(757.47); 397(799.46); 398(509.12); 399(485.34); 400(896.98); 401(744.85); 402(327.88); 403(250.03); 404(486.04); 405(268.18); 406(976.34); 407(925.63); 408(191.38); 409(148.55); 410(201.15); 411(490.72); 412(424.64); 413(714.63); 414(723.67); 415(93.15); 416(551.49); 417(85.09); 418(895.95); 419(267.6); 420(14.72); 421(669.22); 422(124.89); 423(929.05); 424(993.17); 425(119.27); 426(208.57); 427(754.03); 428(688.96); 429(604.91); 430(458.5); 431(303.7); 432(834.31); 433(587.57); 434(627.97); 435(791.48); 436(463.31); 437(691.3); 438(274.95); 439(254.46); 440(509.38); 441(798.48); 442(678.85); 443(744.59); 444(29.59); 445(135.3); 446(298.17); 447(237.29); 448(983.65); 449(404.98); 450(766.82); 451(106.81); 452(889.26); 453(324.22); 454(607.37); 455(630.27); 456(527.9); 457(421.5); 458(630.38); 459(524.3); 460(735.98); 461(761.63); 462(573.27); 463(189.3); 464(133.91); 465(425.14); 466(382.85); 467(674.33); 468(484.1); 469(603.07); 470(921.23); 471(533.23); 472(257.59); 473(133.73); 474(227.89); 475(248.34); 476(951.96); 477(206.01); 478(342.64); 479(506.66); 480(905.86); 481(839.34); 482(908.71); 483(943.07); 484(114.18); 485(47.68); 486(804.32); 487(322.93); 488(882.63); 489(590.84); 490(988.47); 491(551.59); 492(793.56); 493(945.4); 494(720.64); 495(142.51); 496(65.71); 497(688.28); 498(662.41); 499(713.4),1
1,0(238.29); 2(368.76); 3(531.85); 4(350.43); 5(417.57); 6(861.84); 7(620.69); 8(780.39); 9(14.88); 10(709.68); 11(161.45); 12(945.33); 13(206.7); 14(823.84); 15(117.32); 16(870.91); 17(590.8); 18(166.26); 19(343.33); 20(958.99); 21(717.55); 22(648.03); 23(122.54); 24(922.36); 25(917.17); 26(948.34); 27(554.96); 28(211.47); 29(317.49); 30(950.88); 31(570.02); 32(366.02); 33(84.43); 34(126.73); 35(726.24); 36(810.94); 37(608.51); 38(913.46); 39(549.15); 40(570.38); 41(657.0); 42(763.75); 43(727.59); 44(83.83); 45(422.03); 46(445.36); 47(103.54); 48(196.64); 49(565.99); 50(556.91); 51(577.32); 52(256.39); 53(366.37); 54(204.38); 55(147.88); 56(112.26); 57(299.71); 58(759.9); 59(813.07); 60(720.45); 61(536.57); 62(719.65); 63(800.8); 64(366.06); 65(224.58); 66(588.19); 67(562.99); 68(146.5); 69(210.34); 70(125.34); 71(143.77); 72(517.01); 73(26.92); 74(301.04); 75(423.37); 76(970.62); 77(815.82); 78(425.8); 79(861.71); 80(965.06); 81(175.39); 82(803.85); 83(458.31); 84(881.22); 85(900.83); 86(204.02); 87(126.1); 88(155.09); 89(367.99); 90(142.56); 91(910.04); 92(86.11); 93(572.59); 94(30.89); 95(690.84); 96(858.24); 97(900.75); 98(961.28); 99(557.84); 100(714.21); 101(750.37); 102(892.62); 103(932.04); 104(258.18); 105(348.85); 106(184.35); 107(675.55); 108(866.93); 109(981.71); 110(395.62); 111(804.51); 112(606.03); 113(694.42); 114(950.78); 115(46.87); 116(31.44); 117(641.5); 118(855.05); 119(758.36); 120(669.68); 121(959.21); 122(216.22); 123(352.78); 124(125.32); 125(391.12); 126(100.5); 127(955.91); 128(100.03); 129(446.62); 130(133.09); 131(807.35); 132(644.81); 133(874.63); 134(272.96); 135(295.24); 136(331.91); 137(858.03); 138(591.21); 139(709.72); 140(100.03); 141(806.55); 142(849.31); 143(13.19); 144(698.68); 145(962.93); 146(977.59); 147(277.52); 148(452.16); 149(392.86); 150(927.39); 151(987.09); 152(456.43); 153(892.65); 154(326.41); 155(609.43); 156(898.64); 157(422.84); 158(475.96); 159(925.54); 160(987.89); 161(436.96); 162(262.81); 163(487.44); 164(438.64); 165(284.85); 166(834.52); 167(3.44); 168(381.78); 169(917.32); 170(96.95); 171(491.85); 172(527.85); 173(576.5); 174(855.37); 175(254.95); 176(806.35); 177(917.94); 178(737.2); 179(157.24); 180(425.62); 181(29.73); 182(498.8); 183(958.87); 184(983.95); 185(504.37); 186(934.83); 187(273.0); 188(292.94); 189(85.68); 190(559.59); 191(786.55); 192(833.28); 193(993.31); 194(838.06); 195(11.16); 196(268.37); 197(915.37); 198(727.55); 199(724.33); 200(4.23); 201(614.19); 202(183.76); 203(523.49); 204(722.99); 205(304.96); 206(541.16); 207(367.4); 208(769.02); 209(469.58); 210(567.62); 211(64.32); 212(908.61); 213(634.43); 214(630.28); 215(761.52); 216(653.72); 217(812.64); 218(384.88); 219(101.39); 220(348.22); 221(452.48); 222(106.69); 223(769.93); 224(138.95); 225(980.51); 226(845.7); 227(664.86); 228(749.07); 229(288.95); 230(227.7); 231(951.27); 232(219.5); 233(108.99); 234(188.68); 235(102.61); 236(833.87); 237(724.23); 238(514.7); 239(356.93); 240(662.05); 241(9.53); 242(715.01); 243(341.17); 244(517.2); 245(379.21); 246(754.45); 247(424.03); 248(404.69); 249(666.05); 250(385.11); 251(891.92); 252(548.31); 253(741.81); 254(726.27); 255(905.65); 256(805.4); 257(646.56); 258(202.66); 259(964.84); 260(277.01); 261(548.3); 262(974.2); 263(890.82); 264(195.8); 265(805.21); 266(510.54); 267(206.3); 268(145.02); 269(60.74); 270(421.11); 271(600.85); 272(582.83); 273(713.18); 274(630.99); 275(910.45); 276(259.35); 277(994.84); 278(661.11); 279(480.7); 280(491.44); 281(9.47); 282(749.73); 283(110.27); 284(845.32); 285(487.91); 286(790.1); 287(618.64); 288(354.1); 289(873.67); 290(248.73); 291(369.41); 292(577.72); 293(71.38); 294(789.74); 295(290.58); 296(692.41); 297(451.9); 298(724.8); 299(784.42); 300(198.74); 301(340.89); 302(102.85); 303(857.75); 304(925.9); 305(16.98); 306(101.29); 307(590.27); 308(992.34); 309(903.23); 310(146.86); 311(872.51); 312(908.36); 313(290.58); 314(328.42); 315(349.35); 316(773.5); 317(851.68); 318(999.31); 319(32.03); 320(585.38); 321(924.95); 322(860.58); 323(497.21); 324(803.73); 325(204.36); 326(7.6); 327(163.38); 328(80.52); 329(833.9); 330(399.21); 331(160.2); 332(172.41); 333(854.22); 334(74.66); 335(522.88); 336(505.41); 337(513.38); 338(375.22); 339(800.03); 340(901.97); 341(479.93); 342(720.39); 343(356.02); 344(567.8); 345(662.76); 346(143.27); 347(583.44); 348(169.34); 349(914.84); 350(602.37); 351(968.09); 352(798.96); 353(32.91); 354(813.58); 355(193.56); 356(758.89); 357(720.12); 358(588.19); 359(763.0); 360(321.63); 361(512.36); 362(517.01); 363(208.37); 364(569.45); 365(634.26); 366(606.74); 367(190.53); 368(128.34); 369(519.37); 370(965.59); 371(757.72); 372(70.39); 373(838.5); 374(896.67); 375(46.9); 376(345.71); 377(30.38); 378(349.55); 379(492.65); 380(507.17); 381(94.72); 382(625.95); 383(184.96); 384(226.1); 385(828.86); 386(686.0); 387(561.43); 388(802.82); 389(86.14); 390(548.01); 391(748.84); 392(939.32); 393(582.31); 394(138.61); 395(816.28); 396(864.07); 397(417.2); 398(340.69); 399(763.48); 400(522.58); 401(263.9); 402(420.65); 403(170.72); 404(421.78); 405(983.97); 406(65.87); 407(215.53); 408(754.73); 409(952.11); 410(868.86); 411(599.26); 412(244.52); 413(347.37); 414(727.32); 415(800.62); 416(804.24); 417(519.75); 418(678.67); 419(570.73); 420(431.42); 421(336.69); 422(700.8); 423(890.79); 424(387.26); 425(318.71); 426(357.77); 427(288.38); 428(949.45); 429(538.95); 430(825.3); 431(68.43); 432(4.99); 433(394.59); 434(154.9); 435(33.07); 436(793.56); 437(637.15); 438(367.11); 439(276.46); 440(134.67); 441(388.57); 442(561.66); 443(364.42); 444(274.72); 445(510.76); 446(763.7); 447(361.38); 448(604.1); 449(326.8); 450(675.6); 451(706.23); 452(195.42); 453(21.75); 454(479.23); 455(154.23); 456(400.44); 457(206.01); 458(508.13); 459(387.99); 460(214.56); 461(224.58); 462(788.57); 463(860.03); 464(421.78); 465(556.03); 466(528.75); 467(323.75); 468(254.09); 469(445.28); 470(172.91); 471(119.4); 472(772.28); 473(157.17); 474(431.06); 475(332.29); 476(436.67); 477(768.47); 478(519.02); 479(650.27); 480(908.5); 481(196.12); 482(612.78); 483(327.03); 484(885.29); 485(293.25); 486(610.53); 487(430.46); 488(85.12); 489(792.49); 490(177.23); 491(339.88); 492(625.46); 493(601.14); 494(57.47); 495(933.94); 496(145.27); 497(593.15); 498(111.39); 499(731.54),1
2,0(675.63); 1(368.76); 3(395.45); 4(221.13); 5(702.77); 6(872.71); 7(237.96); 8(398.85); 9(488.21); 10(17.73); 11(559.08); 12(747.99); 13(796.13); 14(559.98); 15(374.86); 16(649.7); 17(212.01); 18(402.42); 19(805.01); 20(207.18); 21(603.56); 22(976.86); 23(721.1); 24(797.33); 25(118.06); 26(949.68); 27(925.75); 28(694.32); 29(211.55); 30(252.75); 31(183.02); 32(73.94); 33(153.62); 34(806.61); 35(170.94); 36(11.48); 37(718.15); 38(494.58); 39(842.93); 40(118.65); 41(305.92); 42(700.41); 43(818.5); 44(381.0); 45(981.34); 46(382.14); 47(822.39); 48(373.66); 49(762.47); 50(708.25); 51(860.67); 52(784.69); 53(298.81); 54(45.55); 55(84.58); 56(968.25); 57(224.82); 58(797.28); 59(101.93); 60(501.57); 61(219.34); 62(971.44); 63(69.66); 64(372.66); 65(917.2); 66(472.31); 67(935.02); 68(951.53); 69(883.39); 70(488.8); 71(358.5); 72(828.24); 73(897.68); 74(721.32); 75(837.53); 76(176.36); 77(893.14); 78(131.29); 79(902.81); 80(418.41); 81(33.93); 82(627.27); 83(990.28); 84(678.2); 85(249.5); 86(424.37); 87(359.85); 88(593.86); 89(718.52); 90(960.74); 91(195.86); 92(396.22); 93(978.98); 94(421.39); 95(468.58); 96(954.15); 97(885.09); 98(281.4); 99(273.42); 100(843.84); 101(952.45); 102(383.45); 103(448.92); 104(172.61); 105(861.71); 106(302.98); 107(993.32); 108(993.32); 109(388.68); 110(729.21); 111(898.12); 112(111.27); 113(781.05); 114(153.13); 115(697.54); 116(685.41); 117(715.46); 118(225.93); 119(362.32); 120(708.12); 121(936.65); 122(726.86); 123(432.02); 124(637.85); 125(214.24); 126(515.08); 127(122.95); 128(866.58); 129(211.91); 130(997.13); 131(962.58); 132(706.4); 133(701.46); 134(396.98); 135(192.15); 136(22.92); 137(542.6); 138(767.37); 139(555.16); 140(936.7); 141(817.31); 142(209.31); 143(974.41); 144(319.2); 145(331.72); 146(880.9); 147(867.88); 148(289.78); 149(635.85); 150(525.26); 151(748.5); 152(475.83); 153(362.65); 154(449.96); 155(709.58); 156(263.82); 157(943.84); 158(511.82); 159(767.3); 160(785.89); 161(410.05); 162(785.03); 163(46.56); 164(340.44); 165(87.79); 166(660.05); 167(361.49); 168(521.04); 169(467.77); 170(5.24); 171(572.64); 172(774.13); 173(652.86); 174(371.18); 175(324.9); 176(639.97); 177(113.46); 178(77.51); 179(748.67); 180(983.39); 181(266.51); 182(665.02); 183(149.82); 184(122.87); 185(112.43); 186(435.48); 187(409.81); 188(954.98); 189(716.57); 190(668.68); 191(308.17); 192(685.17); 193(965.12); 194(838.35); 195(943.57); 196(124.09); 197(912.91); 198(867.15); 199(23.0); 200(445.77); 201(630.78); 202(214.11); 203(51.9); 204(524.61); 205(775.8); 206(99.43); 207(492.58); 208(704.63); 209(211.22); 210(602.54); 211(380.39); 212(370.15); 213(828.13); 214(105.55); 215(943.75); 216(211.21); 217(973.51); 218(845.76); 219(784.15); 220(683.46); 221(613.23); 222(629.02); 223(56.3); 224(10.28); 225(521.6); 226(489.71); 227(318.58); 228(194.82); 229(603.13); 230(647.57); 231(369.55); 232(68.49); 233(357.31); 234(21.51); 235(62.51); 236(35.3); 237(486.39); 238(629.1); 239(199.56); 240(621.73); 241(230.75); 242(48.83); 243(671.28); 244(774.83); 245(24.93); 246(178.3); 247(273.96); 248(300.82); 249(824.0); 250(846.57); 251(608.6); 252(284.02); 253(58.46); 254(265.29); 255(583.53); 256(691.8); 257(101.45); 258(818.08); 259(237.19); 260(866.56); 261(825.95); 262(357.46); 263(904.85); 264(377.77); 265(684.63); 266(749.54); 267(748.44); 268(171.23); 269(997.35); 270(995.64); 271(391.62); 272(886.64); 273(405.42); 274(134.74); 275(671.43); 276(475.31); 277(243.03); 278(383.64); 279(501.89); 280(922.56); 281(526.11); 282(397.03); 283(694.11); 284(507.06); 285(656.58); 286(418.57); 287(697.0); 288(573.34); 289(72.04); 290(735.49); 291(303.36); 292(878.19); 293(37.21); 294(151.7); 295(363.68); 296(39.79); 297(607.69); 298(526.27); 299(576.13); 300(68.94); 301(180.08); 302(317.2); 303(288.45); 304(964.69); 305(723.06); 306(693.93); 307(766.89); 308(387.72); 309(305.19); 310(696.57); 311(215.19); 312(282.75); 313(109.4); 314(861.21); 315(973.32); 316(51.89); 317(379.99); 318(309.38); 319(451.39); 320(113.26); 321(582.47); 322(883.55); 323(407.66); 324(716.02); 325(903.7); 326(134.65); 327(336.05); 328(723.53); 329(290.39); 330(682.52); 331(959.97); 332(754.37); 333(373.12); 334(849.47); 335(674.78); 336(934.13); 337(663.69); 338(42.46); 339(510.31); 340(628.56); 341(293.34); 342(71.87); 343(661.21); 344(477.93); 345(554.89); 346(548.87); 347(155.93); 348(375.94); 349(889.65); 350(948.12); 351(914.91); 352(885.95); 353(938.39); 354(712.64); 355(28.74); 356(340.28); 357(986.79); 358(452.27); 359(933.41); 360(869.46); 361(47.45); 362(837.02); 363(992.55); 364(292.63); 365(506.43); 366(256.12); 367(116.86); 368(279.67); 369(71.21); 370(19.72); 371(741.03); 372(52.52); 373(658.78); 374(147.63); 375(54.23); 376(723.26); 377(522.64); 378(619.38); 379(656.11); 380(730.83); 381(1.5); 382(190.15); 383(387.55); 384(557.92); 385(751.5); 386(829.52); 387(69.71); 388(898.77); 389(319.38); 390(869.95); 391(645.34); 392(527.67); 393(719.24); 394(925.81); 395(747.8); 396(41.12); 397(110.67); 398(359.54); 399(948.72); 400(524.57); 401(132.9); 402(122.13); 403(793.38); 404(279.58); 405(211.73); 406(23.93); 407(418.74); 408(927.8); 409(928.69); 410(352.4); 411(481.86); 412(862.88); 413(109.12); 414(619.75); 415(310.72); 416(272.31); 417(61.68); 418(78.78); 419(246.9); 420(977.92); 421(417.15); 422(511.02); 423(268.25); 424(891.08); 425(749.63); 426(89.32); 427(439.98); 428(564.28); 429(27.19); 430(314.8); 431(254.49); 432(269.98); 433(710.17); 434(137.41); 435(700.24); 436(875.01); 437(471.06); 438(490.36); 439(497.0); 440(394.01); 441(810.48); 442(744.17); 443(612.14); 444(242.6); 445(665.92); 446(295.71); 447(209.57); 448(939.28); 449(197.74); 450(439.23); 451(372.12); 452(666.85); 453(770.27); 454(749.84); 455(21.67); 456(955.34); 457(435.09); 458(407.75); 459(181.74); 460(322.06); 461(552.47); 462(225.73); 463(517.87); 464(552.98); 465(808.12); 466(881.5); 467(786.07); 468(71.79); 469(184.92); 470(399.15); 471(99.32); 472(177.22); 473(385.99); 474(408.0); 475(384.37); 476(845.85); 477(50.69); 478(963.65); 479(156.63); 480(768.76); 481(194.07); 482(592.82); 483(372.88); 484(583.59); 485(490.2); 486(72.98); 487(438.22); 488(860.62); 489(650.65); 490(474.03); 491(397.49); 492(868.32); 493(125.48); 494(376.83); 495(2.44); 496(109.06); 497(499.76); 498(230.64); 499(840.65),1
3,0(231.28); 1(531.85); 2(395.45); 4(990.57); 5(677.18); 6(201.67); 7(878.83); 8(399.84); 9(29.54); 10(131.96); 11(240.04); 12(334.13); 13(231.19); 14(668.98); 15(528.06); 16(987.58); 17(646.11); 18(485.92); 19(942.46); 20(505.13); 21(758.67); 22(186.81); 23(271.05); 24(313.29); 25(632.01); 26(533.67); 27(123.46); 28(641.93); 29(430.25); 30(828.05); 31(469.25); 32(752.3); 33(771.38); 34(42.73); 35(563.44); 36(30.97); 37(54.01); 38(652.34); 39(464.27); 40(636.85); 41(98.67); 42(151.51); 43(697.15); 44(485.87); 45(680.12); 46(961.44); 47(168.58); 48(427.88); 49(414.96); 50(454.92); 51(34.47); 52(784.07); 53(721.63); 54(675.75); 55(765.65); 56(624.46); 57(280.52); 58(687.42); 59(754.32); 60(451.7); 61(149.57); 62(963.59); 63(485.1); 64(397.83); 65(433.65); 66(949.65); 67(23.73); 68(815.82); 69(73.17); 70(937.06); 71(146.78); 72(589.17); 73(401.7); 74(319.24); 75(962.42); 76(4.38); 77(839.13); 78(387.2); 79(731.71); 80(264.38); 81(372.31); 82(478.53); 83(936.26); 84(938.18); 85(837.39); 86(586.72); 87(476.77); 88(677.7); 89(276.83); 90(676.97); 91(768.98); 92(443.66); 93(32.69); 94(500.62); 95(997.89); 96(459.0); 97(865.96); 98(36.66); 99(43.49); 100(20.34); 101(225.57); 102(968.3); 103(766.38); 104(663.79); 105(917.72); 106(226.01); 107(993.85); 108(600.76); 109(851.0); 110(588.79); 111(482.44); 112(829.48); 113(997.75); 114(82.61); 115(644.87); 116(85.62); 117(154.88); 118(217.84); 119(929.44); 120(857.64); 121(113.51); 122(664.4); 123(903.34); 124(338.06); 125(584.18); 126(179.42); 127(891.78); 128(26.0); 129(214.99); 130(719.66); 131(611.04); 132(602.81); 133(931.21); 134(317.19); 135(20.86); 136(812.34); 137(220.51); 138(797.72); 139(30.89); 140(25.65); 141(762.31); 142(253.6); 143(619.72); 144(471.47); 145(840.97); 146(702.37); 147(878.91); 148(630.55); 149(862.96); 150(262.05); 151(50.6); 152(57.44); 153(691.35); 154(830.14); 155(899.61); 156(22.11); 157(801.05); 158(156.23); 159(512.1); 160(969.08); 161(955.04); 162(231.71); 163(936.29); 164(479.41); 165(344.88); 166(127.55); 167(772.56); 168(940.41); 169(191.15); 170(422.97); 171(101.08); 172(941.91); 173(104.09); 174(495.18); 175(577.1); 176(31.32); 177(10.54); 178(94.56); 179(985.42); 180(414.24); 181(393.95); 182(639.92); 183(865.91); 184(508.95); 185(689.77); 186(597.51); 187(181.78); 188(437.1); 189(310.52); 190(198.47); 191(440.72); 192(933.43); 193(42.53); 194(306.43); 195(970.83); 196(994.45); 197(312.59); 198(965.67); 199(385.13); 200(265.93); 201(567.77); 202(282.28); 203(585.83); 204(830.25); 205(712.08); 206(644.17); 207(893.1); 208(699.42); 209(657.78); 210(112.3); 211(538.91); 212(376.48); 213(945.1); 214(78.48); 215(812.02); 216(250.31); 217(745.16); 218(751.81); 219(753.35); 220(951.85); 221(773.84); 222(484.23); 223(229.54); 224(670.7); 225(872.88); 226(539.53); 227(272.77); 228(239.61); 229(28.15); 230(500.94); 231(730.12); 232(927.96); 233(159.57); 234(100.34); 235(404.26); 236(626.64); 237(885.43); 238(645.15); 239(415.69); 240(204.71); 241(532.21); 242(988.89); 243(75.24); 244(349.97); 245(560.82); 246(343.64); 247(459.1); 248(578.62); 249(178.24); 250(255.52); 251(113.91); 252(743.17); 253(575.16); 254(201.51); 255(619.2); 256(665.4); 257(209.8); 258(74.92); 259(406.64); 260(542.73); 261(787.48); 262(180.99); 263(83.49); 264(902.64); 265(313.99); 266(60.02); 267(94.24); 268(883.99); 269(322.33); 270(450.14); 271(49.11); 272(676.74); 273(698.52); 274(359.67); 275(547.22); 276(320.49); 277(757.53); 278(980.31); 279(717.65); 280(107.74); 281(123.99); 282(844.46); 283(792.12); 284(807.36); 285(182.12); 286(207.46); 287(259.84); 288(372.22); 289(487.2); 290(358.16); 291(836.36); 292(325.38); 293(174.58); 294(133.47); 295(537.51); 296(217.17); 297(980.55); 298(396.32); 299(512.16); 300(177.04); 301(309.92); 302(326.03); 303(274.36); 304(753.12); 305(432.34); 306(691.74); 307(667.32); 308(374.17); 309(476.39); 310(119.48); 311(137.31); 312(895.43); 313(313.89); 314(904.33); 315(551.55); 316(461.7); 317(620.25); 318(873.98); 319(85.39); 320(904.96); 321(860.97); 322(553.62); 323(407.75); 324(619.15); 325(172.23); 326(802.41); 327(197.36); 328(818.67); 329(674.51); 330(290.14); 331(139.81); 332(252.22); 333(809.21); 334(715.6); 335(672.84); 336(312.83); 337(423.38); 338(214.73); 339(244.62); 340(761.54); 341(707.48); 342(982.18); 343(904.59); 344(148.17); 345(827.36); 346(451.23); 347(707.49); 348(231.22); 349(290.44); 350(434.17); 351(293.53); 352(499.15); 353(332.96); 354(116.53); 355(0.15); 356(585.81); 357(346.48); 358(75.94); 359(990.95); 360(130.08); 361(469.84); 362(741.91); 363(474.75); 364(852.39); 365(152.41); 366(211.57); 367(342.48); 368(106.56); 369(435.62); 370(815.27); 371(430.14); 372(411.46); 373(295.65); 374(177.9); 375(585.95); 376(866.93); 377(275.18); 378(248.1); 379(114.79); 380(639.97); 381(756.11); 382(238.66); 383(946.46); 384(445.5); 385(666.94); 386(118.86); 387(132.3); 388(435.06); 389(667.3); 390(787.59); 391(710.18); 392(328.76); 393(121.48); 394(491.47); 395(122.9); 396(858.14); 397(278.29); 398(558.85); 399(970.07); 400(273.79); 401(130.75); 402(987.74); 403(850.04); 404(99.46); 405(928.77); 406(177.15); 407(643.22); 408(747.81); 409(495.0); 410(619.39); 411(753.02); 412(559.98); 413(541.28); 414(938.52); 415(323.34); 416(117.69); 417(44.92); 418(785.44); 419(101.74); 420(96.03); 421(7.88); 422(976.89); 423(419.85); 424(529.89); 425(149.82); 426(830.14); 427(985.27); 428(617.26); 429(301.51); 430(21.2); 431(24.73); 432(664.22); 433(554.15); 434(800.71); 435(19.99); 436(254.73); 437(787.3); 438(733.31); 439(910.71); 440(413.09); 441(187.06); 442(963.24); 443(811.58); 444(706.29); 445(615.62); 446(421.15); 447(581.35); 448(460.96); 449(739.26); 450(302.88); 451(266.77); 452(601.53); 453(576.16); 454(709.53); 455(501.23); 456(19.11); 457(218.98); 458(31.15); 459(114.35); 460(839.15); 461(83.54); 462(546.33); 463(831.32); 464(206.2); 465(728.48); 466(536.41); 467(810.23); 468(167.64); 469(134.92); 470(52.67); 471(376.44); 472(444.3); 473(228.99); 474(475.45); 475(554.8); 476(928.31); 477(72.26); 478(840.15); 479(382.91); 480(675.84); 481(592.64); 482(862.28); 483(806.22); 484(251.69); 485(135.88); 486(715.09); 487(826.24); 488(949.8); 489(801.75); 490(462.57); 491(356.51); 492(972.0); 493(357.81); 494(842.75); 495(159.69); 496(781.87); 497(338.32); 498(542.09); 499(76.86),2
4,0(138.33); 1(350.43); 2(221.13); 3(990.57); 5(424.55); 6(27.87); 7(817.85); 8(648.37); 9(596.23); 10(250.18); 11(838.53); 12(751.33); 13(928.66); 14(475.79); 15(173.82); 16(374.73); 17(484.4); 18(788.7); 19(0.78); 20(228.82); 21(946.6); 22(527.36); 23(177.86); 24(465.28); 25(244.58); 26(776.99); 27(16.26); 28(933.97); 29(909.57); 30(953.18); 31(51.24); 32(784.11); 33(834.77); 34(963.68); 35(623.83); 36(262.66); 37(158.63); 38(701.92); 39(986.48); 40(793.14); 41(878.01); 42(106.75); 43(746.44); 44(192.56); 45(844.08); 46(798.73); 47(55.83); 48(729.0); 49(798.1); 50(327.91); 51(33.81); 52(723.92); 53(360.84); 54(51.65); 55(924.42); 56(462.55); 57(241.06); 58(220.95); 59(52.6); 60(998.4); 61(313.21); 62(855.81); 63(171.35); 64(684.74); 65(924.89); 66(325.7); 67(910.07); 68(131.4); 69(972.99); 70(809.13); 71(905.06); 72(580.91); 73(183.47); 74(668.45); 75(228.95); 76(535.83); 77(114.51); 78(577.31); 79(299.76); 80(635.0); 81(248.02); 82(711.42); 83(106.24); 84(339.86); 85(397.38); 86(514.87); 87(282.9); 88(213.33); 89(956.3); 90(891.76); 91(319.33); 92(940.67); 93(161.63); 94(856.15); 95(713.57); 96(205.92); 97(875.08); 98(880.41); 99(405.86); 100(280.84); 101(334.28); 102(73.05); 103(513.74); 104(895.2); 105(206.15); 106(77.79); 107(7.08); 108(350.75); 109(185.16); 110(508.89); 111(319.56); 112(695.58); 113(428.92); 114(413.61); 115(185.17); 116(920.95); 117(334.96); 118(442.05); 119(191.09); 120(450.07); 121(94.62); 122(776.07); 123(314.82); 124(25.51); 125(77.42); 126(438.66); 127(949.74); 128(688.47); 129(17.88); 130(599.35); 131(149.32); 132(699.75); 133(265.94); 134(854.73); 135(672.4); 136(806.61); 137(711.25); 138(645.36); 139(836.48); 140(403.39); 141(184.33); 142(57.68); 143(746.12); 144(632.37); 145(417.4); 146(418.33); 147(229.53); 148(125.87); 149(23.53); 150(491.9); 151(528.67); 152(368.35); 153(378.31); 154(698.61); 155(543.93); 156(362.25); 157(508.81); 158(781.12); 159(181.37); 160(802.83); 161(552.62); 162(498.55); 163(755.48); 164(320.82); 165(779.44); 166(881.84); 167(776.9); 168(627.99); 169(349.46); 170(61.22); 171(996.19); 172(466.82); 173(849.71); 174(299.33); 175(818.05); 176(133.07); 177(230.63); 178(26.44); 179(94.09); 180(592.93); 181(387.76); 182(609.88); 183(475.32); 184(263.7); 185(149.57); 186(92.89); 187(433.19); 188(856.69); 189(687.61); 190(573.77); 191(797.3); 192(732.63); 193(220.51); 194(591.46); 195(838.78); 196(175.18); 197(580.01); 198(710.45); 199(104.41); 200(589.15); 201(962.02); 202(755.94); 203(173.1); 204(222.35); 205(158.05); 206(372.53); 207(860.11); 208(29.99); 209(698.58); 210(38.31); 211(379.67); 212(346.51); 213(401.52); 214(20.38); 215(892.47); 216(315.77); 217(610.46); 218(813.3); 219(69.94); 220(355.54); 221(394.52); 222(105.78); 223(628.4); 224(995.75); 225(995.27); 226(456.99); 227(933.67); 228(459.79); 229(121.21); 230(72.58); 231(505.75); 232(359.35); 233(745.76); 234(315.24); 235(229.63); 236(380.34); 237(336.97); 238(502.19); 239(968.52); 240(713.15); 241(96.09); 242(602.51); 243(669.87); 244(914.08); 245(669.52); 246(815.02); 247(189.44); 248(441.83); 249(421.25); 250(790.22); 251(589.23); 252(570.07); 253(716.42); 254(3.7); 255(739.46); 256(466.98); 257(673.68); 258(43.8); 259(227.24); 260(415.19); 261(982.73); 262(269.09); 263(831.08); 264(168.83); 265(287.76); 266(855.95); 267(289.21); 268(88.53); 269(726.2); 270(255.23); 271(551.47); 272(426.55); 273(403.39); 274(662.96); 275(425.33); 276(963.25); 277(178.83); 278(954.68); 279(585.65); 280(396.5); 281(971.85); 282(340.22); 283(467.42); 284(459.99); 285(131.23); 286(80.65); 287(580.04); 288(923.71); 289(829.69); 290(857.94); 291(775.17); 292(706.67); 293(581.38); 294(309.81); 295(21.87); 296(342.41); 297(674.19); 298(869.32); 299(662.15); 300(218.98); 301(572.83); 302(888.34); 303(494.38); 304(312.2); 305(629.8); 306(409.68); 307(910.93); 308(875.55); 309(693.39); 310(14.29); 311(401.85); 312(699.17); 313(601.2); 314(801.28); 315(169.18); 316(497.42); 317(260.2); 318(546.45); 319(489.85); 320(362.91); 321(149.8); 322(665.25); 323(768.28); 324(850.26); 325(706.21); 326(254.97); 327(580.85); 328(813.5); 329(582.02); 330(0.54); 331(796.08); 332(348.47); 333(431.75); 334(359.06); 335(419.62); 336(744.4); 337(195.1); 338(598.57); 339(433.54); 340(511.89); 341(349.78); 342(122.58); 343(909.96); 344(293.41); 345(892.68); 346(449.85); 347(474.86); 348(313.74); 349(88.72); 350(940.1); 351(325.2); 352(1.63); 353(466.14); 354(325.22); 355(924.62); 356(679.54); 357(310.16); 358(34.67); 359(667.46); 360(799.45); 361(768.37); 362(981.64); 363(351.32); 364(998.83); 365(957.22); 366(597.99); 367(243.13); 368(563.02); 369(727.08); 370(259.08); 371(362.06); 372(394.77); 373(585.96); 374(592.55); 375(246.96); 376(557.77); 377(905.28); 378(616.82); 379(44.51); 380(442.96); 381(315.39); 382(548.16); 383(166.2); 384(267.38); 385(229.77); 386(723.85); 387(315.01); 388(117.43); 389(161.2); 390(899.04); 391(586.89); 392(23.48); 393(282.54); 394(16.59); 395(144.23); 396(724.99); 397(230.14); 398(306.07); 399(889.12); 400(316.31); 401(208.11); 402(349.41); 403(79.14); 404(685.85); 405(13.37); 406(656.23); 407(514.34); 408(112.31); 409(412.19); 410(973.02); 411(722.52); 412(564.63); 413(13.76); 414(303.54); 415(285.35); 416(824.78); 417(267.33); 418(865.34); 419(452.45); 420(282.22); 421(477.68); 422(542.13); 423(639.12); 424(736.01); 425(403.67); 426(817.14); 427(419.29); 428(783.89); 429(165.02); 430(474.25); 431(849.73); 432(652.63); 433(509.58); 434(96.08); 435(784.58); 436(940.09); 437(318.34); 438(988.26); 439(984.09); 440(700.39); 441(187.43); 442(548.62); 443(679.21); 444(984.17); 445(773.31); 446(332.88); 447(705.86); 448(816.11); 449(401.2); 450(139.89); 451(528.99); 452(292.8); 453(19.08); 454(777.13); 455(395.39); 456(303.26); 457(15.21); 458(13.81); 459(890.66); 460(771.21); 461(153.57); 462(451.82); 463(951.28); 464(78.86); 465(238.04); 466(163.04); 467(737.13); 468(999.73); 469(720.49); 470(127.07); 471(229.28); 472(990.78); 473(872.96); 474(40.51); 475(152.77); 476(358.27); 477(782.75); 478(349.58); 479(779.2); 480(274.64); 481(164.19); 482(83.35); 483(955.56); 484(431.45); 485(692.97); 486(463.1); 487(709.65); 488(148.51); 489(524.77); 490(877.92); 491(452.88); 492(773.35); 493(407.96); 494(33.72); 495(607.34); 496(673.3); 497(290.07); 498(878.94); 499(576.68),1
5,0(287.64); 1(417.57); 2(702.77); 3(677.18); 4(424.55); 6(469.69); 7(976.19); 8(397.91); 9(515.99); 10(0.34); 11(182.34); 12(836.49); 13(536.71); 14(805.42); 15(338.13); 16(517.72); 17(457.16); 18(924.78); 19(404.71); 20(587.02); 21(855.07); 22(534.37); 23(234.76); 24(394.67); 25(427.33); 26(61.75); 27(856.98); 28(857.31); 29(455.59); 30(951.28); 31(877.33); 32(873.13); 33(689.88); 34(890.76); 35(30.71); 36(440.35); 37(963.83); 38(826.7); 39(341.65); 40(946.33); 41(135.81); 42(409.8); 43(817.3); 44(459.31); 45(670.45); 46(579.31); 47(382.46); 48(616.89); 49(906.26); 50(592.32); 51(809.76); 52(777.16); 53(985.16); 54(140.64); 55(9.43); 56(512.2); 57(492.13); 58(734.62); 59(111.8); 60(920.6); 61(854.72); 62(161.58); 63(715.18); 64(858.31); 65(757.43); 66(765.68); 67(929.17); 68(459.29); 69(253.18); 70(7.65); 71(90.11); 72(492.58); 73(105.82); 74(432.03); 75(594.42); 76(23.62); 77(487.76); 78(334.55); 79(740.42); 80(837.73); 81(134.46); 82(610.44); 83(57.83); 84(250.33); 85(320.8); 86(640.32); 87(712.01); 88(733.83); 89(147.25); 90(514.86); 91(71.73); 92(47.51); 93(589.1); 94(195.71); 95(966.45); 96(209.43); 97(541.22); 98(192.72); 99(774.82); 100(384.28); 101(439.86); 102(300.99); 103(562.81); 104(50.38); 105(289.49); 106(259.19); 107(80.39); 108(745.01); 109(783.95); 110(605.99); 111(824.88); 112(319.19); 113(744.52); 114(896.03); 115(777.53); 116(783.94); 117(67.73); 118(716.2); 119(791.11); 120(398.52); 121(216.33); 122(147.93); 123(416.4); 124(270.87); 125(151.46); 126(409.13); 127(561.81); 128(859.74); 129(291.36); 130(469.58); 131(557.03); 132(546.58); 133(926.17); 134(547.29); 135(85.06); 136(844.02); 137(76.9); 138(625.05); 139(844.26); 140(123.31); 141(339.68); 142(146.57); 143(255.27); 144(862.16); 145(743.55); 146(957.55); 147(209.39); 148(774.72); 149(699.39); 150(68.51); 151(536.37); 152(507.11); 153(272.83); 154(800.05); 155(836.28); 156(330.05); 157(804.52); 158(12.18); 159(761.53); 160(869.39); 161(844.73); 162(270.93); 163(122.61); 164(350.79); 165(728.8); 166(648.42); 167(753.34); 168(36.78); 169(161.1); 170(344.53); 171(246.61); 172(745.36); 173(204.65); 174(215.1); 175(982.52); 176(28.27); 177(450.56); 178(556.48); 179(625.95); 180(698.17); 181(109.27); 182(589.68); 183(455.0); 184(355.59); 185(293.59); 186(123.54); 187(87.66); 188(595.57); 189(689.1); 190(473.7); 191(133.62); 192(253.25); 193(149.52); 194(521.57); 195(779.0); 196(796.71); 197(691.28); 198(391.44); 199(787.31); 200(206.85); 201(234.14); 202(53.05); 203(620.45); 204(571.54); 205(53.76); 206(700.12); 207(706.35); 208(702.94); 209(343.32); 210(454.46); 211(297.18); 212(917.53); 213(24.93); 214(944.29); 215(855.4); 216(11.91); 217(796.19); 218(554.77); 219(1.42); 220(964.2); 221(864.22); 222(677.98); 223(577.41); 224(798.53); 225(12.43); 226(70.78); 227(599.95); 228(276.21); 229(193.95); 230(653.59); 231(526.72); 232(687.61); 233(431.68); 234(630.13); 235(385.39); 236(370.05); 237(922.07); 238(854.17); 239(480.7); 240(181.45); 241(213.79); 242(502.56); 243(931.06); 244(660.68); 245(744.41); 246(781.04); 247(307.45); 248(79.22); 249(505.17); 250(298.68); 251(589.05); 252(851.44); 253(669.03); 254(909.27); 255(718.01); 256(152.62); 257(857.89); 258(784.21); 259(525.46); 260(402.55); 261(156.99); 262(589.69); 263(456.3); 264(980.13); 265(791.56); 266(807.16); 267(265.17); 268(270.96); 269(527.67); 270(414.26); 271(182.15); 272(722.91); 273(333.18); 274(567.3); 275(53.31); 276(221.49); 277(568.65); 278(145.72); 279(305.28); 280(56.1); 281(333.4); 282(655.58); 283(322.79); 284(759.37); 285(818.21); 286(781.81); 287(277.95); 288(480.44); 289(899.93); 290(849.35); 291(55.99); 292(266.07); 293(996.64); 294(744.45); 295(442.46); 296(533.0); 297(742.68); 298(905.84); 299(663.75); 300(144.26); 301(396.12); 302(974.1); 303(498.48); 304(263.74); 305(570.76); 306(275.21); 307(456.68); 308(321.1); 309(503.21); 310(276.89); 311(872.3); 312(312.17); 313(468.69); 314(702.83); 315(186.93); 316(579.51); 317(872.6); 318(921.35); 319(861.46); 320(514.4); 321(270.77); 322(385.46); 323(451.59); 324(444.3); 325(212.79); 326(638.47); 327(115.13); 328(829.75); 329(301.24); 330(188.48); 331(654.58); 332(316.56); 333(131.29); 334(729.87); 335(889.22); 336(801.39); 337(236.42); 338(589.84); 339(99.66); 340(34.97); 341(612.74); 342(371.64); 343(333.21); 344(14.0); 345(355.76); 346(126.11); 347(71.6); 348(834.48); 349(598.61); 350(884.8); 351(848.56); 352(262.92); 353(898.1); 354(452.25); 355(983.63); 356(341.4); 357(83.9); 358(350.3); 359(143.69); 360(39.46); 361(717.19); 362(441.78); 363(264.75); 364(614.31); 365(601.45); 366(395.97); 367(940.44); 368(611.92); 369(439.65); 370(876.01); 371(542.58); 372(690.57); 373(652.99); 374(210.51); 375(33.2); 376(433.76); 377(378.52); 378(528.44); 379(616.23); 380(860.04); 381(514.65); 382(721.19); 383(1.11); 384(991.35); 385(81.26); 386(644.31); 387(477.79); 388(755.18); 389(434.52); 390(265.1); 391(376.96); 392(147.12); 393(881.19); 394(43.69); 395(737.16); 396(112.74); 397(251.4); 398(245.25); 399(16.53); 400(542.79); 401(725.47); 402(714.83); 403(438.4); 404(356.29); 405(565.23); 406(820.86); 407(44.92); 408(996.33); 409(306.15); 410(667.53); 411(216.6); 412(722.47); 413(105.03); 414(785.61); 415(786.06); 416(920.73); 417(2.38); 418(285.86); 419(608.52); 420(805.89); 421(793.07); 422(200.98); 423(187.66); 424(645.04); 425(579.1); 426(779.61); 427(995.8); 428(783.58); 429(295.48); 430(431.15); 431(640.12); 432(12.68); 433(433.21); 434(254.39); 435(740.79); 436(417.14); 437(48.54); 438(718.77); 439(92.33); 440(75.97); 441(244.22); 442(126.32); 443(108.3); 444(635.93); 445(169.2); 446(184.6); 447(289.08); 448(722.99); 449(850.72); 450(508.86); 451(754.89); 452(586.76); 453(735.89); 454(596.36); 455(2.02); 456(677.75); 457(185.22); 458(212.83); 459(986.8); 460(580.89); 461(276.64); 462(570.7); 463(792.41); 464(42.32); 465(481.03); 466(530.32); 467(336.81); 468(612.0); 469(861.18); 470(957.2); 471(331.11); 472(271.57); 473(19.37); 474(171.43); 475(574.3); 476(505.54); 477(457.98); 478(320.52); 479(819.01); 480(846.46); 481(0.54); 482(770.86); 483(438.89); 484(608.0); 485(494.29); 486(658.23); 487(80.85); 488(34.91); 489(742.76); 490(276.58); 491(11.92); 492(985.39); 493(784.35); 494(484.98); 495(922.47); 496(311.79); 497(997.3); 498(75.71); 499(536.98),1
6,0(64.13); 1(861.84); 2(872.71); 3(201.67); 4(27.87); 5(469.69); 7(92.51); 8(118.05); 9(393.12); 10(41.45); 11(232.89); 12(270.68); 13(188.82); 14(129.82); 15(936.91); 16(16.87); 17(401.42); 18(886.44); 19(349.3); 20(810.34); 21(813.62); 22(483.74); 23(46.9); 24(612.14); 25(480.42); 26(813.29); 27(534.11); 28(490.77); 29(39.35); 30(203.17); 31(788.9); 32(900.27); 33(17.62); 34(555.65); 35(294.63); 36(278.84); 37(182.24); 38(393.9); 39(902.21); 40(758.81); 41(310.86); 42(254.53); 43(791.82); 44(610.58); 45(317.05); 46(227.25); 47(764.04); 48(220.5); 49(400.71); 50(860.51); 51(915.77); 52(252.93); 53(565.1); 54(365.22); 55(513.76); 56(789.8); 57(664.2); 58(776.15); 59(718.61); 60(673.68); 61(498.85); 62(959.78); 63(288.54); 64(801.85); 65(189.19); 66(646.68); 67(371.24); 68(180.92); 69(640.06); 70(813.25); 71(935.23); 72(317.77); 73(443.39); 74(360.9); 75(289.47); 76(873.71); 77(364.97); 78(870.04); 79(603.92); 80(304.69); 81(364.84); 82(932.51); 83(440.55); 84(107.62); 85(677.58); 86(277.9); 87(350.87); 88(150.15); 89(936.89); 90(396.46); 91(900.77); 92(512.7); 93(394.29); 94(672.78); 95(214.69); 96(820.03); 97(118.86); 98(696.5); 99(76.63); 100(274.41); 101(919.92); 102(640.07); 103(740.21); 104(936.91); 105(90.46); 106(829.39); 107(821.44); 108(198.51); 109(882.1); 110(38.28); 111(215.89); 112(995.59); 113(378.45); 114(137.19); 115(714.3); 116(502.16); 117(746.33); 118(271.53); 119(516.5); 120(664.84); 121(667.85); 122(252.28); 123(571.87); 124(497.44); 125(971.65); 126(345.34); 127(411.47); 128(723.32); 129(845.68); 130(730.98); 131(561.32); 132(771.98); 133(81.02); 134(532.64); 135(754.71); 136(48.07); 137(326.14); 138(646.74); 139(410.24); 140(83.52); 141(753.36); 142(742.63); 143(72.0); 144(159.3); 145(630.24); 146(140.56); 147(60.04); 148(481.35); 149(780.5); 150(364.15); 151(263.1); 152(477.06); 153(503.53); 154(399.41); 155(537.03); 156(154.03); 157(81.91); 158(610.27); 159(705.72); 160(442.68); 161(583.15); 162(423.93); 163(634.08); 164(257.55); 165(861.16); 166(79.34); 167(197.89); 168(245.36); 169(717.21); 170(931.57); 171(847.83); 172(545.2); 173(547.17); 174(373.16); 175(881.87); 176(604.0); 177(661.88); 178(992.04); 179(985.5); 180(377.22); 181(864.54); 182(869.09); 183(490.38); 184(487.33); 185(900.91); 186(620.06); 187(647.88); 188(552.84); 189(300.1); 190(79.32); 191(806.23); 192(186.3); 193(65.73); 194(876.28); 195(937.4); 196(926.36); 197(714.41); 198(627.99); 199(676.26); 200(498.92); 201(526.09); 202(485.88); 203(822.63); 204(425.29); 205(356.0); 206(156.96); 207(2.23); 208(670.49); 209(327.33); 210(90.43); 211(491.65); 212(142.21); 213(434.58); 214(687.8); 215(365.88); 216(713.01); 217(915.48); 218(208.91); 219(467.87); 220(614.67); 221(539.64); 222(271.52); 223(885.65); 224(538.1); 225(732.25); 226(405.81); 227(516.0); 228(416.71); 229(206.94); 230(877.37); 231(214.52); 232(271.86); 233(838.18); 234(849.7); 235(150.76); 236(330.7); 237(632.22); 238(911.92); 239(248.84); 240(358.56); 241(426.55); 242(439.39); 243(525.76); 244(594.38); 245(541.23); 246(201.21); 247(405.42); 248(520.79); 249(90.44); 250(188.59); 251(651.3); 252(40.4); 253(468.32); 254(272.66); 255(809.79); 256(287.47); 257(278.7); 258(246.85); 259(827.52); 260(759.35); 261(422.54); 262(388.13); 263(370.16); 264(282.13); 265(729.14); 266(583.9); 267(596.59); 268(351.01); 269(373.73); 270(959.47); 271(969.04); 272(198.69); 273(624.95); 274(982.31); 275(118.53); 276(764.44); 277(945.35); 278(191.38); 279(397.53); 280(721.69); 281(667.94); 282(497.91); 283(290.22); 284(68.82); 285(590.76); 286(36.41); 287(883.09); 288(476.44); 289(349.97); 290(425.76); 291(886.55); 292(598.18); 293(850.85); 294(682.96); 295(980.47); 296(211.3); 297(365.01); 298(810.91); 299(209.57); 300(279.69); 301(435.86); 302(987.36); 303(49.45); 304(748.48); 305(639.17); 306(52.61); 307(386.25); 308(737.1); 309(795.11); 310(934.51); 311(784.93); 312(225.75); 313(684.01); 314(179.51); 315(297.3); 316(584.11); 317(895.77); 318(914.2); 319(197.87); 320(940.84); 321(642.12); 322(311.74); 323(441.51); 324(483.58); 325(52.89); 326(293.92); 327(643.51); 328(966.81); 329(723.47); 330(52.23); 331(346.28); 332(612.05); 333(17.63); 334(43.75); 335(423.94); 336(901.99); 337(871.39); 338(757.15); 339(863.25); 340(852.55); 341(774.7); 342(520.74); 343(700.68); 344(994.11); 345(520.06); 346(686.68); 347(189.5); 348(141.22); 349(323.81); 350(961.48); 351(77.2); 352(236.72); 353(748.03); 354(50.9); 355(388.97); 356(277.93); 357(639.36); 358(451.75); 359(666.37); 360(214.0); 361(364.38); 362(908.9); 363(81.34); 364(749.56); 365(185.8); 366(248.46); 367(456.04); 368(832.08); 369(271.97); 370(719.1); 371(959.82); 372(969.57); 373(745.34); 374(724.04); 375(22.71); 376(718.73); 377(404.75); 378(87.62); 379(409.86); 380(857.32); 381(32.45); 382(825.01); 383(443.26); 384(675.52); 385(840.18); 386(900.87); 387(362.35); 388(966.74); 389(499.17); 390(788.45); 391(568.41); 392(79.39); 393(401.98); 394(398.59); 395(377.35); 396(807.27); 397(934.65); 398(556.18); 399(306.99); 400(384.07); 401(131.3); 402(430.34); 403(14.68); 404(197.18); 405(52.08); 406(996.73); 407(23.37); 408(176.41); 409(843.19); 410(841.4); 411(689.34); 412(827.4); 413(22.25); 414(396.07); 415(817.74); 416(794.36); 417(625.71); 418(263.18); 419(295.41); 420(14.34); 421(228.26); 422(420.62); 423(813.89); 424(781.96); 425(777.16); 426(633.46); 427(576.95); 428(322.84); 429(405.99); 430(817.48); 431(333.31); 432(517.04); 433(514.65); 434(412.76); 435(947.27); 436(105.3); 437(519.74); 438(307.22); 439(402.08); 440(959.41); 441(751.77); 442(458.58); 443(494.38); 444(334.29); 445(289.36); 446(629.88); 447(43.89); 448(240.55); 449(733.08); 450(518.7); 451(582.92); 452(728.08); 453(904.65); 454(446.58); 455(413.58); 456(358.52); 457(689.47); 458(966.55); 459(649.01); 460(387.42); 461(382.41); 462(412.69); 463(822.82); 464(80.12); 465(637.86); 466(166.06); 467(930.37); 468(766.85); 469(55.49); 470(106.28); 471(65.65); 472(225.11); 473(544.95); 474(514.13); 475(442.37); 476(5.56); 477(187.74); 478(218.66); 479(787.84); 480(480.15); 481(15.5); 482(861.15); 483(882.64); 484(247.08); 485(8.63); 486(870.76); 487(553.84); 488(658.63); 489(336.05); 490(511.38); 491(803.1); 492(174.74); 493(382.54); 494(468.92); 495(374.13); 496(513.39); 497(836.06); 498(736.07); 499(294.39),1
7,0(849.2); 1(620.69); 2(237.96); 3(878.83); 4(817.85); 5(976.19); 6(92.51); 8(385.29); 9(640.69); 10(74.53); 11(703.53); 12(35.18); 13(749.8); 14(190.73); 15(908.88); 16(292.19); 17(542.15); 18(844.88); 19(679.59); 20(403.7); 21(831.1); 22(673.62); 23(383.47); 24(625.24); 25(816.66); 26(919.89); 27(118.48); 28(69.97); 29(119.96); 30(880.96); 31(696.21); 32(811.77); 33(195.28); 34(553.87); 35(996.04); 36(308.53); 37(476.65); 38(829.96); 39(956.87); 40(397.36); 41(155.95); 42(890.53); 43(636.13); 44(944.06); 45(285.46); 46(69.89); 47(493.59); 48(267.99); 49(880.93); 50(95.59); 51(693.8); 52(53.25); 53(513.14); 54(746.12); 55(741.17); 56(618.95); 57(560.56); 58(897.79); 59(342.1); 60(564.28); 61(332.46); 62(488.63); 63(949.31); 64(406.31); 65(994.98); 66(673.32); 67(466.73); 68(759.77); 69(407.03); 70(864.33); 71(94.08); 72(226.28); 73(446.67); 74(554.61); 75(838.73); 76(196.54); 77(915.93); 78(157.84); 79(450.97); 80(203.34); 81(304.49); 82(8.41); 83(940.87); 84(798.81); 85(664.63); 86(126.85); 87(469.42); 88(302.58); 89(949.36); 90(339.36); 91(89.99); 92(119.39); 93(74.69); 94(136.63); 95(828.87); 96(28.62); 97(624.18); 98(193.15); 99(766.27); 100(361.75); 101(641.93); 102(900.0); 103(513.5); 104(356.12); 105(303.83); 106(565.98); 107(837.16); 108(508.17); 109(878.08); 110(982.87); 111(511.31); 112(406.39); 113(475.01); 114(292.89); 115(954.12); 116(406.6); 117(571.28); 118(277.82); 119(631.95); 120(303.82); 121(269.19); 122(13.89); 123(948.62); 124(413.55); 125(602.5); 126(294.07); 127(401.03); 128(61.73); 129(703.53); 130(629.38); 131(144.12); 132(513.02); 133(301.71); 134(918.32); 135(249.2); 136(428.49); 137(713.52); 138(779.2); 139(776.02); 140(685.89); 141(151.73); 142(259.77); 143(402.47); 144(51.09); 145(565.75); 146(928.76); 147(445.01); 148(856.49); 149(536.93); 150(740.83); 151(825.89); 152(4.74); 153(383.74); 154(90.97); 155(117.1); 156(576.88); 157(192.97); 158(995.71); 159(697.13); 160(2.11); 161(227.08); 162(810.98); 163(641.97); 164(646.76); 165(25.09); 166(255.69); 167(303.72); 168(412.76); 169(363.63); 170(430.68); 171(278.2); 172(997.93); 173(725.7); 174(77.66); 175(256.28); 176(605.26); 177(398.25); 178(821.76); 179(772.0); 180(429.94); 181(350.97); 182(543.58); 183(437.09); 184(573.61); 185(643.74); 186(639.3); 187(363.52); 188(419.53); 189(843.61); 190(766.58); 191(5.68); 192(911.73); 193(498.23); 194(236.17); 195(572.64); 196(10.11); 197(71.36); 198(423.82); 199(212.22); 200(912.08); 201(815.86); 202(504.57); 203(816.75); 204(987.67); 205(528.32); 206(76.06); 207(957.74); 208(274.46); 209(711.03); 210(84.0); 211(243.98); 212(646.47); 213(0.63); 214(830.81); 215(573.59); 216(774.37); 217(940.39); 218(107.54); 219(992.66); 220(594.63); 221(179.46); 222(548.11); 223(865.4); 224(539.46); 225(297.21); 226(958.82); 227(242.96); 228(787.71); 229(745.48); 230(834.21); 231(547.16); 232(88.75); 233(49.56); 234(339.03); 235(792.26); 236(632.09); 237(24.11); 238(115.56); 239(675.17); 240(786.29); 241(691.15); 242(204.67); 243(885.69); 244(109.79); 245(236.09); 246(996.07); 247(792.66); 248(465.71); 249(108.64); 250(551.44); 251(895.16); 252(694.87); 253(953.71); 254(790.51); 255(977.1); 256(125.84); 257(709.09); 258(885.53); 259(712.92); 260(866.27); 261(134.16); 262(666.99); 263(301.92); 264(258.53); 265(379.66); 266(850.63); 267(161.56); 268(407.33); 269(646.87); 270(581.89); 271(51.02); 272(92.23); 273(548.57); 274(651.77); 275(769.66); 276(70.85); 277(979.37); 278(104.03); 279(121.79); 280(742.08); 281(44.95); 282(374.51); 283(232.94); 284(305.67); 285(602.92); 286(814.17); 287(997.38); 288(519.03); 289(222.96); 290(656.15); 291(668.01); 292(322.91); 293(518.31); 294(25.66); 295(601.19); 296(13.34); 297(581.48); 298(66.69); 299(111.44); 300(883.72); 301(122.64); 302(379.45); 303(23.94); 304(858.06); 305(384.72); 306(238.63); 307(571.73); 308(556.75); 309(531.16); 310(386.03); 311(919.84); 312(810.1); 313(429.61); 314(23.42); 315(502.11); 316(241.12); 317(912.64); 318(442.93); 319(156.51); 320(133.07); 321(861.5); 322(348.15); 323(814.74); 324(170.66); 325(927.07); 326(956.31); 327(156.32); 328(43.82); 329(223.22); 330(956.0); 331(612.94); 332(524.45); 333(676.76); 334(479.27); 335(74.62); 336(776.94); 337(158.49); 338(800.37); 339(494.89); 340(101.81); 341(197.25); 342(442.3); 343(333.28); 344(288.65); 345(548.27); 346(414.77); 347(997.39); 348(550.01); 349(18.31); 350(895.53); 351(51.38); 352(717.34); 353(23.37); 354(926.91); 355(774.13); 356(991.32); 357(930.74); 358(200.57); 359(269.25); 360(762.69); 361(865.77); 362(253.78); 363(194.27); 364(923.3); 365(747.39); 366(61.92); 367(868.2); 368(126.92); 369(582.36); 370(94.44); 371(408.87); 372(91.66); 373(556.18); 374(901.75); 375(29.18); 376(181.75); 377(326.13); 378(641.61); 379(364.52); 380(719.65); 381(841.64); 382(997.52); 383(441.71); 384(550.0); 385(71.69); 386(502.92); 387(39.77); 388(526.05); 389(641.55); 390(330.15); 391(604.87); 392(508.83); 393(24.16); 394(127.68); 395(674.88); 396(132.02); 397(293.07); 398(385.85); 399(289.85); 400(59.75); 401(992.01); 402(123.06); 403(877.64); 404(233.38); 405(81.33); 406(286.25); 407(323.09); 408(865.55); 409(929.61); 410(154.54); 411(490.48); 412(581.43); 413(655.43); 414(497.01); 415(844.56); 416(474.16); 417(209.44); 418(206.42); 419(251.62); 420(805.8); 421(346.63); 422(646.15); 423(247.43); 424(892.06); 425(320.79); 426(195.38); 427(364.75); 428(169.81); 429(720.87); 430(136.42); 431(417.98); 432(379.94); 433(438.61); 434(102.56); 435(542.76); 436(863.58); 437(928.72); 438(606.68); 439(814.33); 440(737.64); 441(380.99); 442(477.36); 443(332.43); 444(138.5); 445(625.76); 446(471.26); 447(45.86); 448(880.23); 449(975.21); 450(287.34); 451(482.41); 452(615.46); 453(515.39); 454(638.59); 455(249.6); 456(636.69); 457(214.15); 458(518.46); 459(4.59); 460(98.22); 461(672.08); 462(786.28); 463(392.16); 464(49.89); 465(991.55); 466(468.9); 467(362.3); 468(488.67); 469(99.42); 470(420.77); 471(497.39); 472(253.84); 473(292.68); 474(122.39); 475(895.93); 476(414.4); 477(897.08); 478(921.41); 479(602.76); 480(741.78); 481(458.81); 482(760.84); 483(525.09); 484(234.65); 485(311.43); 486(443.29); 487(493.39); 488(512.12); 489(368.7); 490(572.13); 491(60.43); 492(393.52); 493(179.03); 494(220.01); 495(126.9); 496(408.69); 497(756.27); 498(403.56); 499(659.14),1
8,0(775.86); 1(780.39); 2(398.85); 3(399.84); 4(648.37); 5(397.91); 6(118.05); 7(385.29); 9(431.05); 10(868.5); 11(247.95); 12(244.78); 13(803.86); 14(715.84); 15(468.24); 16(91.18); 17(822.68); 18(86.98); 19(545.76); 20(210.8); 21(299.33); 22(765.75); 23(592.68); 24(4.47); 25(485.81); 26(476.28); 27(377.24); 28(794.6); 29(100.01); 30(213.03); 31(727.91); 32(451.19); 33(654.39); 34(305.57); 35(718.77); 36(954.24); 37(253.78); 38(835.05); 39(242.83); 40(896.87); 41(17.45); 42(289.86); 43(836.98); 44(615.14); 45(482.5); 46(39.81); 47(492.17); 48(420.79); 49(73.01); 50(385.75); 51(968.11); 52(393.75); 53(327.11); 54(36.6); 55(37.13); 56(690.49); 57(336.39); 58(177.51); 59(448.26); 60(804.18); 61(10.24); 62(91.65); 63(415.93); 64(623.23); 65(68.72); 66(975.83); 67(512.27); 68(39.25); 69(863.21); 70(638.88); 71(865.84); 72(840.66); 73(562.44); 74(153.75); 75(931.67); 76(69.61); 77(820.05); 78(408.6); 79(496.45); 80(359.95); 81(693.52); 82(471.38); 83(414.53); 84(792.63); 85(415.72); 86(445.95); 87(698.98); 88(314.82); 89(162.03); 90(352.69); 91(201.78); 92(144.07); 93(986.47); 94(477.75); 95(386.35); 96(283.89); 97(627.76); 98(818.8); 99(19.55); 100(991.01); 101(321.07); 102(696.49); 103(46.38); 104(605.08); 105(3.72); 106(919.69); 107(387.87); 108(400.42); 109(859.88); 110(311.72); 111(4.33); 112(364.86); 113(505.68); 114(468.68); 115(403.33); 116(547.69); 117(629.29); 118(128.17); 119(924.93); 120(518.35); 121(790.86); 122(551.78); 123(210.69); 124(660.66); 125(537.53); 126(613.38); 127(973.04); 128(91.18); 129(989.72); 130(219.96); 131(75.27); 132(58.09); 133(204.94); 134(702.54); 135(961.83); 136(540.85); 137(90.93); 138(373.53); 139(415.62); 140(320.18); 141(424.14); 142(960.82); 143(746.11); 144(963.34); 145(494.0); 146(129.25); 147(957.65); 148(531.5); 149(187.02); 150(811.22); 151(269.12); 152(9.61); 153(77.12); 154(852.36); 155(931.71); 156(847.58); 157(522.49); 158(747.52); 159(39.41); 160(979.69); 161(309.87); 162(987.68); 163(180.07); 164(261.7); 165(481.17); 166(599.77); 167(357.4); 168(559.38); 169(918.03); 170(83.96); 171(969.44); 172(701.38); 173(987.35); 174(617.67); 175(463.7); 176(927.97); 177(810.19); 178(763.71); 179(84.64); 180(936.08); 181(85.73); 182(716.67); 183(604.45); 184(785.68); 185(510.96); 186(933.88); 187(965.77); 188(299.11); 189(919.08); 190(164.75); 191(272.65); 192(585.85); 193(387.48); 194(203.48); 195(865.15); 196(970.55); 197(756.42); 198(392.68); 199(657.18); 200(902.71); 201(919.14); 202(322.41); 203(215.76); 204(927.79); 205(206.12); 206(977.67); 207(857.52); 208(900.95); 209(825.1); 210(908.3); 211(738.52); 212(345.29); 213(478.12); 214(567.86); 215(958.11); 216(460.94); 217(201.36); 218(10.77); 219(271.58); 220(616.67); 221(107.8); 222(690.85); 223(957.53); 224(281.48); 225(318.32); 226(192.1); 227(422.51); 228(770.21); 229(188.54); 230(919.0); 231(198.37); 232(76.27); 233(212.55); 234(422.14); 235(79.09); 236(914.91); 237(156.64); 238(95.7); 239(417.38); 240(131.06); 241(71.9); 242(342.86); 243(755.41); 244(887.4); 245(603.27); 246(497.12); 247(449.01); 248(644.67); 249(612.91); 250(38.02); 251(367.12); 252(202.61); 253(577.55); 254(151.17); 255(737.28); 256(822.89); 257(560.29); 258(205.97); 259(102.07); 260(50.91); 261(616.71); 262(775.21); 263(243.72); 264(659.77); 265(143.81); 266(912.34); 267(602.84); 268(122.78); 269(992.26); 270(73.2); 271(512.17); 272(446.05); 273(277.52); 274(842.85); 275(306.94); 276(376.17); 277(466.36); 278(132.88); 279(682.72); 280(351.92); 281(816.99); 282(418.57); 283(462.9); 284(274.57); 285(97.98); 286(92.62); 287(540.38); 288(492.44); 289(712.05); 290(475.05); 291(291.91); 292(105.04); 293(131.68); 294(428.28); 295(709.47); 296(75.66); 297(359.07); 298(820.69); 299(535.55); 300(294.54); 301(134.65); 302(231.79); 303(763.32); 304(346.49); 305(25.06); 306(881.22); 307(404.99); 308(558.25); 309(565.57); 310(864.39); 311(817.36); 312(721.29); 313(594.4); 314(88.51); 315(533.23); 316(324.69); 317(914.77); 318(341.17); 319(968.94); 320(610.28); 321(203.49); 322(164.4); 323(715.37); 324(373.51); 325(979.45); 326(103.88); 327(253.02); 328(86.19); 329(504.24); 330(987.08); 331(576.9); 332(539.93); 333(271.07); 334(189.55); 335(101.47); 336(289.49); 337(767.68); 338(89.75); 339(437.81); 340(508.19); 341(110.57); 342(190.65); 343(986.12); 344(367.92); 345(117.15); 346(686.72); 347(986.02); 348(997.79); 349(160.73); 350(408.43); 351(697.27); 352(795.84); 353(605.27); 354(470.26); 355(722.5); 356(675.8); 357(202.4); 358(775.92); 359(332.06); 360(330.06); 361(192.7); 362(495.09); 363(294.45); 364(291.47); 365(276.35); 366(208.32); 367(219.17); 368(191.66); 369(844.21); 370(241.98); 371(101.69); 372(455.69); 373(180.26); 374(331.92); 375(664.7); 376(869.22); 377(146.33); 378(551.47); 379(829.96); 380(616.42); 381(793.34); 382(659.03); 383(804.04); 384(887.78); 385(773.56); 386(314.25); 387(315.44); 388(660.2); 389(813.87); 390(155.26); 391(329.12); 392(72.93); 393(176.97); 394(414.2); 395(30.95); 396(969.95); 397(974.66); 398(803.53); 399(925.89); 400(29.79); 401(740.38); 402(289.83); 403(59.28); 404(545.66); 405(402.48); 406(475.43); 407(272.82); 408(111.59); 409(740.7); 410(997.77); 411(12.3); 412(24.04); 413(508.26); 414(850.44); 415(603.54); 416(244.29); 417(922.51); 418(720.55); 419(37.63); 420(891.75); 421(663.05); 422(464.25); 423(679.96); 424(336.48); 425(135.66); 426(803.24); 427(252.66); 428(250.28); 429(295.77); 430(197.49); 431(941.06); 432(281.5); 433(379.9); 434(223.49); 435(815.85); 436(794.83); 437(431.29); 438(148.98); 439(699.47); 440(28.74); 441(986.9); 442(323.51); 443(231.89); 444(60.5); 445(832.8); 446(183.78); 447(14.52); 448(632.81); 449(667.12); 450(61.46); 451(481.63); 452(277.1); 453(741.15); 454(794.0); 455(167.06); 456(392.05); 457(933.43); 458(31.15); 459(543.63); 460(382.53); 461(61.37); 462(126.68); 463(277.61); 464(999.21); 465(347.04); 466(305.03); 467(852.01); 468(444.53); 469(886.74); 470(881.06); 471(835.66); 472(103.24); 473(39.01); 474(149.69); 475(860.81); 476(385.85); 477(101.3); 478(536.44); 479(375.04); 480(855.62); 481(431.13); 482(1.57); 483(301.55); 484(717.71); 485(973.21); 486(479.68); 487(969.18); 488(93.62); 489(211.89); 490(213.71); 491(271.12); 492(852.75); 493(931.28); 494(418.01); 495(439.44); 496(919.77); 497(850.54); 498(426.04); 499(31.42),1
9,0(536.31); 1(14.88); 2(488.21); 3(29.54); 4(596.23); 5(515.99); 6(393.12); 7(640.69); 8(431.05); 10(604.56); 11(725.54); 12(256.03); 13(149.29); 14(655.34); 15(847.79); 16(248.31); 17(576.55); 18(892.37); 19(436.05); 20(650.25); 21(935.08); 22(699.59); 23(902.48); 24(299.44); 25(35.21); 26(936.02); 27(931.83); 28(194.38); 29(73.89); 30(496.03); 31(331.07); 32(898.68); 33(525.03); 34(538.85); 35(874.42); 36(150.72); 37(801.19); 38(131.25); 39(883.83); 40(267.08); 41(625.2); 42(516.92); 43(7.2); 44(40.82); 45(124.03); 46(852.08); 47(108.22); 48(318.9); 49(620.25); 50(682.95); 51(505.01); 52(270.63); 53(656.59); 54(350.38); 55(259.28); 56(359.98); 57(508.61); 58(870.23); 59(161.51); 60(193.24); 61(918.35); 62(86.52); 63(804.73); 64(159.07); 65(283.16); 66(279.29); 67(782.8); 68(648.9); 69(864.08); 70(681.39); 71(790.89); 72(125.16); 73(528.8); 74(183.21); 75(121.23); 76(319.71); 77(350.1); 78(88.92); 79(892.68); 80(490.64); 81(988.45); 82(320.38); 83(12.83); 84(541.4); 85(46.06); 86(321.0); 87(731.94); 88(52.53); 89(438.57); 90(906.15); 91(452.26); 92(855.07); 93(284.87); 94(561.7); 95(115.4); 96(7.83); 97(668.84); 98(631.76); 99(448.42); 100(348.52); 101(889.64); 102(185.47); 103(85.18); 104(509.47); 105(151.42); 106(352.91); 107(496.18); 108(778.71); 109(770.82); 110(50.78); 111(356.77); 112(379.34); 113(243.0); 114(183.48); 115(170.69); 116(757.44); 117(153.06); 118(429.28); 119(578.91); 120(76.7); 121(541.18); 122(845.74); 123(69.46); 124(515.4); 125(938.39); 126(761.43); 127(364.3); 128(276.23); 129(474.68); 130(129.23); 131(853.19); 132(749.16); 133(157.72); 134(157.17); 135(943.38); 136(948.5); 137(245.75); 138(547.21); 139(901.14); 140(13.32); 141(600.17); 142(272.42); 143(941.26); 144(182.25); 145(461.36); 146(612.33); 147(372.52); 148(228.69); 149(979.06); 150(665.96); 151(385.56); 152(38.47); 153(907.15); 154(883.12); 155(181.37); 156(941.31); 157(213.27); 158(856.33); 159(181.7); 160(54.58); 161(165.34); 162(458.86); 163(442.89); 164(152.12); 165(727.77); 166(86.98); 167(583.6); 168(209.62); 169(378.76); 170(297.59); 171(90.41); 172(627.17); 173(70.59); 174(661.71); 175(259.28); 176(547.75); 177(380.49); 178(697.54); 179(819.5); 180(629.74); 181(42.82); 182(69.08); 183(983.62); 184(616.23); 185(599.37); 186(961.18); 187(243.88); 188(790.61); 189(440.85); 190(466.83); 191(343.04); 192(442.04); 193(268.17); 194(369.22); 195(179.82); 196(633.75); 197(880.63); 198(299.85); 199(83.97); 200(242.55); 201(625.4); 202(609.25); 203(838.67); 204(14.67); 205(601.72); 206(542.66); 207(805.05); 208(869.28); 209(36.66); 210(916.61); 211(726.74); 212(358.29); 213(487.6); 214(73.28); 215(457.35); 216(948.5); 217(862.42); 218(351.28); 219(186.75); 220(335.41); 221(901.44); 222(109.2); 223(460.85); 224(645.64); 225(358.54); 226(27.37); 227(226.81); 228(692.14); 229(279.46); 230(940.42); 231(509.06); 232(774.31); 233(567.37); 234(201.09); 235(794.67); 236(165.0); 237(804.76); 238(595.04); 239(70.86); 240(783.5); 241(862.36); 242(569.48); 243(623.46); 244(901.77); 245(332.38); 246(900.18); 247(297.5); 248(150.92); 249(655.28); 250(546.42); 251(509.45); 252(576.21); 253(301.19); 254(65.32); 255(457.06); 256(484.39); 257(231.94); 258(807.82); 259(575.6); 260(10.99); 261(418.99); 262(990.8); 263(142.57); 264(979.07); 265(466.74); 266(703.23); 267(541.99); 268(617.41); 269(849.33); 270(767.12); 271(569.15); 272(605.78); 273(974.54); 274(333.21); 275(730.97); 276(344.12); 277(284.86); 278(272.12); 279(321.4); 280(446.32); 281(934.05); 282(907.95); 283(842.15); 284(225.29); 285(338.21); 286(883.69); 287(565.07); 288(440.85); 289(624.2); 290(500.43); 291(601.91); 292(841.49); 293(452.39); 294(44.99); 295(865.22); 296(333.96); 297(212.77); 298(766.53); 299(55.19); 300(261.53); 301(241.29); 302(694.86); 303(448.5); 304(743.11); 305(249.65); 306(310.94); 307(455.65); 308(336.69); 309(548.52); 310(331.6); 311(531.71); 312(151.78); 313(795.96); 314(873.51); 315(319.75); 316(8.63); 317(793.06); 318(513.87); 319(64.86); 320(894.64); 321(403.08); 322(691.5); 323(269.88); 324(197.24); 325(626.81); 326(135.81); 327(827.19); 328(8.68); 329(821.55); 330(353.18); 331(250.04); 332(236.75); 333(504.99); 334(63.15); 335(17.42); 336(388.43); 337(408.2); 338(250.89); 339(927.04); 340(844.03); 341(612.63); 342(266.42); 343(145.44); 344(519.65); 345(735.04); 346(494.37); 347(170.9); 348(642.02); 349(397.51); 350(498.45); 351(396.92); 352(865.38); 353(829.93); 354(870.59); 355(258.5); 356(586.98); 357(171.55); 358(413.94); 359(842.71); 360(244.4); 361(602.82); 362(239.88); 363(146.42); 364(576.46); 365(826.09); 366(138.02); 367(23.37); 368(283.45); 369(607.85); 370(764.32); 371(631.27); 372(312.85); 373(18.27); 374(704.07); 375(807.4); 376(204.18); 377(873.12); 378(827.15); 379(596.29); 380(414.42); 381(325.59); 382(590.99); 383(870.06); 384(882.22); 385(254.01); 386(298.27); 387(820.74); 388(826.83); 389(827.56); 390(366.01); 391(624.8); 392(942.3); 393(61.73); 394(255.53); 395(952.68); 396(31.55); 397(362.77); 398(616.37); 399(817.91); 400(990.17); 401(147.69); 402(817.39); 403(67.94); 404(23.48); 405(391.01); 406(624.01); 407(806.84); 408(24.35); 409(561.77); 410(328.15); 411(184.59); 412(746.17); 413(737.08); 414(601.35); 415(340.22); 416(223.06); 417(910.77); 418(378.98); 419(368.81); 420(284.9); 421(321.35); 422(612.14); 423(545.74); 424(692.0); 425(409.62); 426(901.39); 427(537.54); 428(184.26); 429(772.08); 430(852.89); 431(222.64); 432(557.12); 433(38.78); 434(614.4); 435(332.79); 436(218.07); 437(428.41); 438(540.96); 439(96.75); 440(540.0); 441(53.9); 442(279.78); 443(180.18); 444(382.18); 445(652.2); 446(177.33); 447(874.08); 448(123.46); 449(791.21); 450(41.88); 451(197.52); 452(16.72); 453(846.92); 454(382.46); 455(657.92); 456(198.08); 457(552.27); 458(506.86); 459(73.98); 460(545.45); 461(90.55); 462(834.63); 463(235.45); 464(591.83); 465(70.91); 466(803.01); 467(39.1); 468(348.15); 469(595.97); 470(308.61); 471(900.15); 472(676.71); 473(55.5); 474(694.84); 475(644.74); 476(356.29); 477(738.23); 478(79.51); 479(640.43); 480(896.39); 481(351.94); 482(91.91); 483(872.49); 484(176.2); 485(831.05); 486(849.64); 487(401.12); 488(704.98); 489(920.23); 490(941.57); 491(677.0); 492(294.06); 493(306.59); 494(145.56); 495(763.06); 496(911.2); 497(495.41); 498(407.47); 499(762.9),1
10,0(453.13); 1(709.68); 2(17.73); 3(131.96); 4(250.18); 5(0.34); 6(41.45); 7(74.53); 8(868.5); 9(604.56); 11(64.5); 12(888.79); 13(151.9); 14(761.5); 15(470.71); 16(177.95); 17(419.14); 18(279.93); 19(61.7); 20(369.37); 21(159.27); 22(516.05); 23(897.8); 24(664.03); 25(153.66); 26(79.29); 27(912.55); 28(85.41); 29(533.71); 30(217.24); 31(629.46); 32(945.25); 33(911.64); 34(482.35); 35(775.98); 36(82.3); 37(246.1); 38(636.43); 39(622.02); 40(333.84); 41(372.03); 42(344.48); 43(927.33); 44(201.07); 45(64.86); 46(763.06); 47(981.83); 48(247.05); 49(315.32); 50(73.36); 51(275.87); 52(825.56); 53(409.17); 54(380.11); 55(438.29); 56(816.33); 57(383.74); 58(398.43); 59(986.89); 60(158.87); 61(114.78); 62(912.69); 63(641.07); 64(415.82); 65(694.55); 66(126.92); 67(503.45); 68(269.98); 69(301.51); 70(358.35); 71(415.68); 72(957.7); 73(599.97); 74(405.33); 75(462.24); 76(300.04); 77(658.91); 78(797.12); 79(212.98); 80(458.52); 81(748.05); 82(205.05); 83(527.9); 84(265.67); 85(362.06); 86(221.67); 87(476.03); 88(880.58); 89(724.78); 90(376.81); 91(336.22); 92(193.63); 93(17.13); 94(123.7); 95(137.18); 96(721.3); 97(402.13); 98(553.29); 99(470.08); 100(647.6); 101(460.09); 102(821.69); 103(12.82); 104(381.11); 105(509.22); 106(275.95); 107(175.59); 108(60.81); 109(764.42); 110(61.97); 111(57.9); 112(777.54); 113(337.95); 114(440.38); 115(155.54); 116(299.73); 117(372.19); 118(491.9); 119(971.72); 120(952.07); 121(385.72); 122(729.78); 123(937.21); 124(936.73); 125(745.44); 126(978.35); 127(101.85); 128(33.64); 129(946.69); 130(615.95); 131(174.85); 132(230.41); 133(215.4); 134(332.24); 135(585.02); 136(550.0); 137(552.24); 138(141.62); 139(291.96); 140(436.85); 141(347.41); 142(57.87); 143(399.96); 144(976.17); 145(761.1); 146(64.67); 147(841.25); 148(717.55); 149(95.22); 150(219.65); 151(210.8); 152(360.87); 153(337.05); 154(592.81); 155(192.47); 156(519.7); 157(536.5); 158(983.56); 159(680.66); 160(424.48); 161(187.57); 162(561.51); 163(537.48); 164(549.87); 165(29.54); 166(426.85); 167(742.53); 168(932.21); 169(102.87); 170(112.58); 171(58.22); 172(746.1); 173(292.49); 174(403.13); 175(409.61); 176(473.54); 177(345.89); 178(675.19); 179(555.6); 180(591.87); 181(25.43); 182(53.56); 183(132.65); 184(130.69); 185(880.17); 186(243.11); 187(819.99); 188(247.98); 189(547.83); 190(54.16); 191(696.23); 192(673.75); 193(292.98); 194(350.98); 195(242.05); 196(916.51); 197(547.51); 198(787.73); 199(388.42); 200(460.97); 201(772.56); 202(577.79); 203(323.49); 204(468.88); 205(386.16); 206(505.66); 207(500.11); 208(177.03); 209(126.5); 210(990.48); 211(829.26); 212(44.27); 213(934.22); 214(952.18); 215(789.43); 216(111.29); 217(768.94); 218(350.51); 219(815.08); 220(461.25); 221(346.06); 222(572.39); 223(91.98); 224(595.04); 225(99.51); 226(128.49); 227(571.58); 228(563.85); 229(508.08); 230(182.56); 231(494.64); 232(168.18); 233(105.67); 234(172.69); 235(552.7); 236(656.8); 237(570.09); 238(619.39); 239(179.87); 240(800.05); 241(511.39); 242(595.76); 243(23.97); 244(720.31); 245(284.83); 246(686.11); 247(920.32); 248(933.9); 249(77.69); 250(902.7); 251(284.71); 252(513.51); 253(183.65); 254(543.85); 255(116.37); 256(367.19); 257(881.13); 258(21.76); 259(222.67); 260(754.46); 261(376.9); 262(24.65); 263(221.1); 264(920.17); 265(435.33); 266(163.79); 267(524.9); 268(761.27); 269(735.69); 270(622.93); 271(380.52); 272(580.51); 273(647.31); 274(132.67); 275(520.61); 276(179.58); 277(455.52); 278(590.1); 279(907.69); 280(441.72); 281(383.47); 282(570.04); 283(745.07); 284(161.14); 285(109.0); 286(733.67); 287(377.15); 288(146.24); 289(693.94); 290(462.65); 291(234.72); 292(172.16); 293(866.28); 294(921.53); 295(708.79); 296(593.84); 297(452.93); 298(713.06); 299(374.74); 300(96.02); 301(617.4); 302(37.5); 303(959.49); 304(99.74); 305(639.51); 306(941.76); 307(371.95); 308(723.72); 309(197.05); 310(164.37); 311(824.91); 312(465.49); 313(622.16); 314(918.94); 315(122.43); 316(219.21); 317(800.01); 318(50.01); 319(83.44); 320(46.21); 321(489.53); 322(808.32); 323(526.93); 324(202.72); 325(797.58); 326(125.62); 327(336.65); 328(14.08); 329(209.09); 330(624.98); 331(391.7); 332(541.83); 333(76.23); 334(223.99); 335(49.45); 336(477.77); 337(534.64); 338(418.79); 339(904.35); 340(411.39); 341(197.35); 342(409.6); 343(125.19); 344(631.09); 345(493.41); 346(948.81); 347(934.93); 348(353.11); 349(878.99); 350(462.21); 351(125.28); 352(428.78); 353(551.17); 354(440.22); 355(549.54); 356(910.75); 357(177.64); 358(829.33); 359(691.94); 360(796.2); 361(320.39); 362(306.82); 363(62.08); 364(822.4); 365(35.93); 366(832.73); 367(683.73); 368(868.44); 369(285.18); 370(509.18); 371(393.28); 372(120.7); 373(612.99); 374(196.1); 375(649.02); 376(441.29); 377(422.09); 378(973.84); 379(957.78); 380(160.21); 381(192.14); 382(622.21); 383(356.86); 384(537.29); 385(709.74); 386(855.43); 387(516.37); 388(266.38); 389(966.9); 390(619.61); 391(712.52); 392(622.09); 393(687.92); 394(827.46); 395(66.81); 396(629.12); 397(814.06); 398(774.75); 399(814.97); 400(256.72); 401(102.11); 402(919.52); 403(837.04); 404(816.82); 405(563.08); 406(406.41); 407(212.7); 408(541.18); 409(584.17); 410(899.47); 411(870.59); 412(448.58); 413(10.77); 414(962.75); 415(601.77); 416(2.78); 417(659.86); 418(77.09); 419(666.27); 420(265.71); 421(256.26); 422(230.23); 423(360.96); 424(361.11); 425(209.96); 426(346.77); 427(220.54); 428(438.58); 429(923.89); 430(427.49); 431(291.07); 432(574.8); 433(794.89); 434(238.4); 435(991.63); 436(170.07); 437(579.32); 438(18.15); 439(288.51); 440(159.58); 441(113.92); 442(96.37); 443(117.06); 444(948.15); 445(904.5); 446(503.35); 447(120.78); 448(934.95); 449(505.5); 450(37.41); 451(833.74); 452(288.7); 453(674.26); 454(278.28); 455(709.68); 456(767.76); 457(218.26); 458(109.74); 459(580.75); 460(321.5); 461(540.37); 462(159.11); 463(433.56); 464(378.16); 465(470.31); 466(676.8); 467(526.93); 468(765.53); 469(130.55); 470(634.63); 471(482.63); 472(858.19); 473(902.93); 474(197.08); 475(388.24); 476(262.53); 477(65.2); 478(597.36); 479(794.06); 480(35.02); 481(674.2); 482(843.87); 483(821.77); 484(9.5); 485(182.71); 486(431.22); 487(854.88); 488(546.92); 489(314.94); 490(222.82); 491(565.19); 492(267.53); 493(980.38); 494(632.6); 495(347.14); 496(513.73); 497(52.45); 498(466.17); 499(505.35),1
11,0(852.33); 1(161.45); 2(559.08); 3(240.04); 4(838.53); 5(182.34); 6(232.89); 7(703.53); 8(247.95); 9(725.54); 10(64.5); 12(551.23); 13(540.69); 14(795.89); 15(371.69); 16(279.03); 17(647.15); 18(281.89); 19(861.22); 20(621.58); 21(559.58); 22(265.89); 23(563.5); 24(446.9); 25(432.01); 26(42.64); 27(187.87); 28(23.84); 29(913.19); 30(6.52); 31(42.07); 32(179.3); 33(280.2); 34(663.38); 35(848.1); 36(667.43); 37(28.09); 38(732.94); 39(972.86); 40(477.69); 41(986.27); 42(999.23); 43(743.92); 44(118.7); 45(297.94); 46(185.47); 47(926.16); 48(405.27); 49(268.33); 50(271.95); 51(786.41); 52(308.36); 53(1.59); 54(646.67); 55(176.94); 56(475.9); 57(987.23); 58(104.85); 59(546.91); 60(744.28); 61(561.12); 62(214.98); 63(126.69); 64(785.95); 65(514.17); 66(981.22); 67(995.81); 68(752.75); 69(947.97); 70(165.77); 71(795.96); 72(40.37); 73(832.52); 74(923.8); 75(138.26); 76(830.39); 77(560.08); 78(553.03); 79(592.25); 80(641.26); 81(931.58); 82(312.41); 83(970.12); 84(76.05); 85(11.61); 86(865.74); 87(989.5); 88(976.94); 89(435.49); 90(35.61); 91(332.21); 92(548.94); 93(172.72); 94(425.47); 95(173.29); 96(328.51); 97(54.01); 98(21.05); 99(506.21); 100(408.48); 101(896.96); 102(899.28); 103(935.83); 104(157.59); 105(455.73); 106(53.65); 107(749.73); 108(496.59); 109(28.92); 110(997.37); 111(891.62); 112(179.76); 113(583.31); 114(238.56); 115(875.28); 116(277.14); 117(479.09); 118(42.24); 119(410.03); 120(638.42); 121(896.0); 122(672.62); 123(55.63); 124(783.68); 125(417.76); 126(583.93); 127(618.39); 128(425.56); 129(663.87); 130(827.45); 131(661.03); 132(977.44); 133(988.05); 134(163.36); 135(232.88); 136(295.9); 137(488.74); 138(748.55); 139(637.25); 140(497.18); 141(245.46); 142(617.88); 143(256.25); 144(821.42); 145(254.12); 146(254.56); 147(245.18); 148(722.95); 149(936.4); 150(939.67); 151(984.03); 152(184.12); 153(599.08); 154(60.87); 155(120.9); 156(719.58); 157(796.4); 158(514.13); 159(573.47); 160(337.42); 161(57.36); 162(856.58); 163(475.5); 164(380.57); 165(141.02); 166(749.98); 167(18.58); 168(51.7); 169(114.41); 170(867.03); 171(44.85); 172(107.2); 173(545.35); 174(195.07); 175(479.76); 176(558.03); 177(931.08); 178(353.79); 179(564.03); 180(953.28); 181(560.31); 182(238.36); 183(303.38); 184(142.16); 185(123.47); 186(462.83); 187(59.28); 188(897.64); 189(71.19); 190(563.09); 191(507.45); 192(427.61); 193(132.42); 194(332.53); 195(685.29); 196(69.4); 197(325.65); 198(185.36); 199(939.51); 200(393.93); 201(284.92); 202(547.22); 203(99.5); 204(746.03); 205(103.47); 206(639.27); 207(526.78); 208(374.71); 209(79.26); 210(387.59); 211(212.56); 212(93.77); 213(914.89); 214(683.25); 215(131.02); 216(502.03); 217(51.01); 218(229.46); 219(328.75); 220(26.87); 221(150.82); 222(312.11); 223(549.71); 224(235.29); 225(488.24); 226(803.15); 227(731.89); 228(369.09); 229(405.6); 230(277.2); 231(562.45); 232(79.63); 233(27.83); 234(619.48); 235(817.99); 236(291.71); 237(486.77); 238(745.26); 239(64.45); 240(591.35); 241(737.3); 242(534.07); 243(410.66); 244(616.17); 245(260.42); 246(650.28); 247(181.7); 248(144.62); 249(272.93); 250(862.92); 251(752.33); 252(807.85); 253(531.97); 254(637.7); 255(493.41); 256(707.45); 257(298.97); 258(543.68); 259(430.38); 260(843.19); 261(706.04); 262(59.88); 263(49.01); 264(43.77); 265(961.3); 266(778.73); 267(615.56); 268(895.72); 269(547.31); 270(184.26); 271(751.54); 272(244.57); 273(23.23); 274(442.65); 275(893.62); 276(94.88); 277(135.3); 278(634.94); 279(182.41); 280(773.93); 281(374.92); 282(691.03); 283(714.83); 284(342.89); 285(386.92); 286(780.03); 287(947.96); 288(498.52); 289(102.52); 290(659.4); 291(470.49); 292(473.09); 293(233.77); 294(239.0); 295(397.9); 296(38.83); 297(819.59); 298(181.6); 299(598.91); 300(848.64); 301(441.38); 302(447.72); 303(305.79); 304(540.06); 305(500.07); 306(193.88); 307(330.59); 308(962.99); 309(639.39); 310(774.96); 311(822.07); 312(414.28); 313(910.09); 314(12.47); 315(996.02); 316(688.83); 317(896.87); 318(929.35); 319(478.24); 320(939.95); 321(530.56); 322(724.3); 323(209.08); 324(772.09); 325(134.26); 326(471.73); 327(55.95); 328(388.19); 329(735.19); 330(38.17); 331(308.79); 332(82.1); 333(688.15); 334(240.49); 335(978.86); 336(626.5); 337(615.9); 338(366.58); 339(490.42); 340(955.11); 341(879.68); 342(164.21); 343(127.39); 344(583.46); 345(90.23); 346(188.75); 347(363.71); 348(547.21); 349(370.74); 350(820.06); 351(574.54); 352(760.52); 353(774.22); 354(63.67); 355(877.44); 356(217.72); 357(117.26); 358(969.3); 359(85.23); 360(263.68); 361(39.26); 362(751.13); 363(569.99); 364(966.42); 365(715.7); 366(919.23); 367(251.07); 368(512.98); 369(544.33); 370(61.68); 371(619.08); 372(980.25); 373(693.43); 374(634.44); 375(986.82); 376(602.28); 377(931.24); 378(478.15); 379(93.76); 380(210.21); 381(243.39); 382(173.23); 383(295.99); 384(487.84); 385(654.48); 386(137.47); 387(161.96); 388(233.11); 389(466.43); 390(641.04); 391(956.46); 392(331.74); 393(59.14); 394(209.35); 395(260.54); 396(439.43); 397(107.06); 398(474.37); 399(669.04); 400(183.85); 401(314.59); 402(978.28); 403(205.11); 404(949.64); 405(567.6); 406(124.05); 407(381.54); 408(45.15); 409(864.61); 410(117.95); 411(436.37); 412(630.13); 413(379.69); 414(148.85); 415(796.3); 416(515.31); 417(867.23); 418(36.37); 419(745.3); 420(335.23); 421(732.74); 422(51.4); 423(818.71); 424(365.29); 425(718.1); 426(485.34); 427(89.56); 428(691.49); 429(438.78); 430(719.83); 431(595.01); 432(415.67); 433(624.62); 434(992.1); 435(535.99); 436(394.77); 437(904.45); 438(957.71); 439(374.64); 440(754.43); 441(804.13); 442(734.26); 443(349.84); 444(131.78); 445(541.71); 446(817.76); 447(606.18); 448(683.95); 449(170.92); 450(89.05); 451(292.93); 452(660.97); 453(406.15); 454(835.88); 455(180.68); 456(785.33); 457(200.64); 458(933.13); 459(772.67); 460(839.87); 461(575.77); 462(215.74); 463(732.71); 464(613.92); 465(709.78); 466(26.79); 467(879.82); 468(238.32); 469(118.82); 470(626.74); 471(248.73); 472(321.56); 473(947.78); 474(185.22); 475(147.25); 476(156.82); 477(897.86); 478(186.26); 479(736.86); 480(675.94); 481(293.08); 482(496.88); 483(149.0); 484(127.68); 485(711.37); 486(227.91); 487(864.14); 488(103.1); 489(127.51); 490(445.15); 491(964.89); 492(113.71); 493(3.11); 494(604.4); 495(694.55); 496(613.75); 497(971.49); 498(430.26); 499(959.97),1
12,0(510.48); 1(945.33); 2(747.99); 3(334.13); 4(751.33); 5(836.49); 6(270.68); 7(35.18); 8(244.78); 9(256.03); 10(888.79); 11(551.23); 13(914.73); 14(377.51); 15(632.78); 16(715.54); 17(633.12); 18(122.38); 19(797.02); 20(288.11); 21(934.37); 22(846.38); 23(983.06); 24(237.1); 25(905.37); 26(844.39); 27(370.6); 28(161.73); 29(201.77); 30(149.08); 31(577.8); 32(168.61); 33(885.61); 34(18.75); 35(954.69); 36(674.0); 37(945.75); 38(5.66); 39(776.93); 40(363.96); 41(621.38); 42(143.29); 43(640.7); 44(754.43); 45(336.55); 46(568.16); 47(998.9); 48(253.88); 49(552.87); 50(406.27); 51(262.98); 52(638.73); 53(635.42); 54(293.19); 55(56.35); 56(284.58); 57(433.16); 58(548.4); 59(559.37); 60(91.76); 61(253.34); 62(892.26); 63(466.12); 64(523.21); 65(619.34); 66(584.45); 67(964.73); 68(188.81); 69(222.53); 70(155.22); 71(997.36); 72(327.14); 73(271.51); 74(88.21); 75(899.64); 76(443.21); 77(756.17); 78(807.33); 79(762.08); 80(724.21); 81(921.49); 82(251.51); 83(884.48); 84(535.32); 85(172.35); 86(963.0); 87(195.26); 88(367.19); 89(836.31); 90(540.55); 91(157.49); 92(389.67); 93(528.89); 94(311.54); 95(714.62); 96(807.65); 97(588.71); 98(680.18); 99(201.08); 100(148.84); 101(131.25); 102(780.67); 103(402.61); 104(69.26); 105(271.3); 106(813.89); 107(599.69); 108(572.29); 109(500.19); 110(316.27); 111(604.92); 112(282.09); 113(165.95); 114(783.26); 115(562.4); 116(517.35); 117(777.92); 118(470.85); 119(920.64); 120(760.27); 121(192.85); 122(389.03); 123(905.3); 124(285.46); 125(280.5); 126(351.11); 127(821.43); 128(607.13); 129(521.96); 130(427.4); 131(84.38); 132(651.81); 133(102.37); 134(86.23); 135(20.93); 136(870.48); 137(232.64); 138(219.37); 139(573.32); 140(386.99); 141(396.35); 142(956.33); 143(774.44); 144(176.65); 145(40.16); 146(668.11); 147(124.0); 148(732.33); 149(543.97); 150(552.55); 151(633.16); 152(126.36); 153(679.43); 154(973.29); 155(502.41); 156(259.51); 157(385.41); 158(33.8); 159(384.68); 160(148.31); 161(183.99); 162(363.87); 163(234.71); 164(767.64); 165(28.02); 166(131.48); 167(158.68); 168(116.88); 169(400.8); 170(860.44); 171(791.96); 172(518.15); 173(112.45); 174(762.64); 175(647.24); 176(313.67); 177(926.83); 178(575.77); 179(262.99); 180(235.98); 181(336.0); 182(525.03); 183(118.27); 184(273.05); 185(120.25); 186(82.91); 187(223.63); 188(866.65); 189(93.96); 190(724.21); 191(369.95); 192(869.63); 193(395.25); 194(628.69); 195(108.22); 196(569.61); 197(664.26); 198(217.8); 199(96.81); 200(514.06); 201(699.14); 202(771.63); 203(139.32); 204(834.28); 205(318.92); 206(672.25); 207(762.01); 208(15.72); 209(918.62); 210(635.51); 211(18.41); 212(152.23); 213(690.93); 214(977.02); 215(316.93); 216(762.03); 217(686.29); 218(958.95); 219(992.63); 220(648.43); 221(272.15); 222(137.82); 223(964.3); 224(77.33); 225(775.06); 226(831.5); 227(634.54); 228(602.41); 229(386.07); 230(763.24); 231(517.3); 232(320.57); 233(978.65); 234(336.58); 235(75.23); 236(57.48); 237(488.96); 238(917.44); 239(714.99); 240(499.11); 241(755.71); 242(123.42); 243(287.14); 244(221.14); 245(417.93); 246(674.51); 247(924.68); 248(504.01); 249(178.09); 250(711.32); 251(612.56); 252(238.46); 253(741.62); 254(523.5); 255(257.27); 256(3.47); 257(306.26); 258(653.89); 259(302.74); 260(598.84); 261(851.84); 262(977.25); 263(990.68); 264(367.89); 265(279.52); 266(551.8); 267(693.88); 268(517.05); 269(718.14); 270(640.66); 271(64.48); 272(398.38); 273(290.52); 274(87.34); 275(205.85); 276(471.01); 277(102.03); 278(309.78); 279(462.76); 280(412.51); 281(10.27); 282(438.14); 283(550.25); 284(196.52); 285(602.36); 286(851.46); 287(670.4); 288(825.22); 289(517.16); 290(347.63); 291(250.12); 292(215.8); 293(87.11); 294(689.92); 295(650.53); 296(60.4); 297(283.23); 298(810.58); 299(391.89); 300(918.01); 301(862.71); 302(551.76); 303(459.05); 304(715.82); 305(938.32); 306(844.18); 307(357.77); 308(442.67); 309(20.93); 310(369.59); 311(163.81); 312(106.61); 313(534.72); 314(673.48); 315(177.09); 316(191.81); 317(914.9); 318(206.31); 319(217.01); 320(868.17); 321(751.35); 322(951.34); 323(958.58); 324(407.07); 325(762.18); 326(148.57); 327(184.46); 328(243.68); 329(958.12); 330(159.17); 331(712.19); 332(411.14); 333(470.83); 334(843.97); 335(890.97); 336(751.15); 337(15.97); 338(822.69); 339(602.54); 340(421.84); 341(697.59); 342(245.24); 343(80.85); 344(441.31); 345(278.56); 346(562.25); 347(131.06); 348(489.22); 349(93.9); 350(492.17); 351(236.13); 352(361.68); 353(171.48); 354(283.7); 355(285.05); 356(515.03); 357(80.13); 358(891.79); 359(916.18); 360(424.41); 361(840.72); 362(204.44); 363(703.91); 364(660.91); 365(130.4); 366(265.31); 367(30.39); 368(324.51); 369(134.99); 370(680.8); 371(110.06); 372(651.03); 373(472.11); 374(529.63); 375(672.84); 376(276.76); 377(585.63); 378(29.78); 379(581.34); 380(91.94); 381(920.16); 382(452.04); 383(658.5); 384(605.03); 385(745.79); 386(873.91); 387(427.4); 388(695.89); 389(106.37); 390(123.59); 391(554.83); 392(647.63); 393(152.03); 394(205.89); 395(74.34); 396(275.28); 397(934.58); 398(574.43); 399(188.8); 400(46.57); 401(595.73); 402(288.86); 403(950.62); 404(187.59); 405(634.3); 406(522.03); 407(744.77); 408(674.85); 409(347.5); 410(404.79); 411(357.47); 412(751.45); 413(124.77); 414(730.89); 415(222.87); 416(938.64); 417(91.27); 418(945.75); 419(46.02); 420(933.41); 421(132.69); 422(562.32); 423(469.57); 424(834.53); 425(562.81); 426(257.93); 427(385.09); 428(839.1); 429(956.8); 430(31.2); 431(659.65); 432(454.04); 433(843.18); 434(745.86); 435(43.31); 436(544.74); 437(807.89); 438(746.57); 439(989.03); 440(733.64); 441(216.77); 442(999.27); 443(464.15); 444(470.45); 445(469.57); 446(383.2); 447(624.88); 448(715.81); 449(879.19); 450(89.88); 451(464.81); 452(769.27); 453(450.47); 454(392.17); 455(403.43); 456(895.36); 457(29.54); 458(136.83); 459(978.3); 460(344.77); 461(963.26); 462(403.27); 463(471.32); 464(310.75); 465(758.48); 466(433.9); 467(21.1); 468(610.32); 469(472.8); 470(537.98); 471(283.71); 472(819.01); 473(42.27); 474(755.96); 475(649.84); 476(453.7); 477(66.12); 478(476.76); 479(547.17); 480(725.17); 481(9.08); 482(499.41); 483(531.41); 484(878.66); 485(680.76); 486(343.42); 487(619.98); 488(257.97); 489(482.94); 490(283.8); 491(14.48); 492(81.14); 493(144.42); 494(544.63); 495(662.48); 496(454.35); 497(393.13); 498(707.21); 499(218.52),1
13,0(702.95); 1(206.7); 2(796.13); 3(231.19); 4(928.66); 5(536.71); 6(188.82); 7(749.8); 8(803.86); 9(149.29); 10(151.9); 11(540.69); 12(914.73); 14(175.77); 15(676.46); 16(196.37); 17(205.51); 18(529.28); 19(609.53); 20(650.79); 21(315.73); 22(26.45); 23(879.0); 24(587.58); 25(881.94); 26(0.58); 27(39.47); 28(285.34); 29(408.41); 30(132.79); 31(822.7); 32(734.7); 33(413.04); 34(348.58); 35(795.53); 36(753.57); 37(448.15); 38(738.78); 39(672.56); 40(575.0); 41(596.58); 42(170.1); 43(68.98); 44(13.19); 45(306.99); 46(533.17); 47(464.95); 48(205.98); 49(569.15); 50(992.68); 51(345.16); 52(451.46); 53(839.76); 54(597.58); 55(670.49); 56(951.5); 57(355.62); 58(359.62); 59(361.93); 60(801.81); 61(100.16); 62(558.54); 63(966.37); 64(450.2); 65(404.35); 66(528.44); 67(425.73); 68(734.83); 69(395.51); 70(20.15); 71(487.18); 72(13.43); 73(575.09); 74(167.99); 75(240.96); 76(171.09); 77(379.17); 78(585.72); 79(741.07); 80(715.42); 81(796.24); 82(632.53); 83(215.73); 84(782.08); 85(967.49); 86(350.83); 87(353.57); 88(922.29); 89(682.41); 90(109.12); 91(493.4); 92(405.76); 93(496.14); 94(564.17); 95(696.74); 96(399.54); 97(953.48); 98(223.33); 99(930.63); 100(348.62); 101(26.08); 102(804.06); 103(290.01); 104(363.98); 105(369.75); 106(826.11); 107(898.89); 108(697.77); 109(130.64); 110(949.17); 111(454.97); 112(889.67); 113(473.43); 114(249.23); 115(76.87); 116(263.73); 117(503.27); 118(567.76); 119(312.51); 120(937.35); 121(365.44); 122(932.85); 123(201.81); 124(556.92); 125(503.36); 126(257.58); 127(802.34); 128(436.39); 129(592.9); 130(256.43); 131(221.59); 132(222.62); 133(557.55); 134(132.21); 135(797.79); 136(43.51); 137(512.94); 138(364.27); 139(286.76); 140(900.82); 141(944.21); 142(924.32); 143(598.86); 144(514.22); 145(439.14); 146(26.99); 147(254.83); 148(860.83); 149(671.04); 150(698.93); 151(270.25); 152(200.04); 153(952.97); 154(331.77); 155(674.36); 156(426.47); 157(610.45); 158(35.89); 159(611.32); 160(971.9); 161(446.15); 162(673.71); 163(520.4); 164(341.21); 165(195.29); 166(145.38); 167(922.08); 168(675.22); 169(152.75); 170(131.05); 171(329.91); 172(907.69); 173(0.55); 174(568.03); 175(608.38); 176(711.61); 177(602.22); 178(211.29); 179(752.53); 180(993.61); 181(349.82); 182(74.5); 183(511.77); 184(741.44); 185(912.32); 186(605.84); 187(263.13); 188(573.92); 189(384.58); 190(149.63); 191(314.24); 192(366.66); 193(329.48); 194(988.02); 195(531.92); 196(752.43); 197(482.15); 198(108.0); 199(923.13); 200(769.84); 201(296.04); 202(634.34); 203(873.3); 204(697.48); 205(898.63); 206(990.76); 207(58.54); 208(11.66); 209(529.4); 210(107.82); 211(418.1); 212(700.12); 213(322.94); 214(534.37); 215(194.51); 216(116.68); 217(583.5); 218(597.36); 219(826.04); 220(521.63); 221(996.76); 222(956.66); 223(787.89); 224(408.09); 225(211.2); 226(787.81); 227(878.37); 228(47.17); 229(957.28); 230(104.53); 231(381.53); 232(639.59); 233(757.95); 234(179.74); 235(626.71); 236(313.81); 237(871.83); 238(827.5); 239(6.14); 240(829.49); 241(121.95); 242(880.68); 243(978.54); 244(738.23); 245(744.09); 246(804.14); 247(534.85); 248(456.06); 249(445.11); 250(780.22); 251(208.44); 252(601.56); 253(70.56); 254(502.42); 255(781.51); 256(712.39); 257(403.94); 258(769.43); 259(818.18); 260(974.83); 261(636.59); 262(417.98); 263(328.87); 264(373.18); 265(677.66); 266(578.23); 267(436.36); 268(293.74); 269(626.25); 270(449.35); 271(334.96); 272(614.25); 273(437.86); 274(90.7); 275(184.06); 276(903.34); 277(784.99); 278(491.19); 279(323.2); 280(628.82); 281(187.55); 282(982.29); 283(392.09); 284(568.62); 285(376.73); 286(677.72); 287(736.92); 288(398.42); 289(127.75); 290(13.07); 291(112.38); 292(934.95); 293(897.41); 294(925.16); 295(260.06); 296(811.6); 297(674.69); 298(685.99); 299(823.16); 300(418.23); 301(10.81); 302(716.95); 303(830.97); 304(703.35); 305(366.64); 306(153.53); 307(398.11); 308(403.95); 309(666.06); 310(975.56); 311(397.88); 312(83.76); 313(356.75); 314(863.9); 315(841.51); 316(300.7); 317(840.87); 318(198.05); 319(92.89); 320(658.71); 321(763.87); 322(990.05); 323(298.9); 324(570.48); 325(243.75); 326(16.38); 327(689.15); 328(916.07); 329(623.9); 330(203.8); 331(788.48); 332(491.63); 333(144.74); 334(551.48); 335(890.8); 336(436.54); 337(667.22); 338(0.67); 339(269.26); 340(750.82); 341(343.46); 342(855.07); 343(820.98); 344(301.7); 345(526.76); 346(320.04); 347(543.76); 348(44.94); 349(382.97); 350(248.1); 351(645.37); 352(236.73); 353(883.37); 354(321.43); 355(729.44); 356(839.42); 357(432.01); 358(878.28); 359(362.97); 360(693.54); 361(175.37); 362(693.33); 363(520.16); 364(830.67); 365(9.63); 366(61.63); 367(613.7); 368(705.85); 369(354.0); 370(506.93); 371(660.33); 372(630.98); 373(947.3); 374(233.08); 375(931.78); 376(998.19); 377(243.18); 378(198.31); 379(469.81); 380(475.76); 381(11.02); 382(451.83); 383(394.94); 384(408.97); 385(293.15); 386(878.37); 387(892.94); 388(677.78); 389(319.17); 390(9.53); 391(927.89); 392(476.87); 393(89.78); 394(773.03); 395(950.47); 396(599.56); 397(135.55); 398(506.52); 399(783.59); 400(543.96); 401(826.3); 402(601.92); 403(157.73); 404(672.2); 405(796.68); 406(863.08); 407(11.98); 408(566.59); 409(319.98); 410(619.7); 411(952.87); 412(580.49); 413(196.52); 414(821.39); 415(105.1); 416(603.49); 417(573.77); 418(957.45); 419(632.76); 420(672.55); 421(892.65); 422(316.46); 423(499.68); 424(894.56); 425(458.22); 426(915.12); 427(273.57); 428(598.84); 429(324.72); 430(634.99); 431(323.24); 432(259.61); 433(708.29); 434(660.4); 435(337.66); 436(981.34); 437(923.61); 438(478.24); 439(987.84); 440(148.59); 441(588.29); 442(567.69); 443(70.84); 444(427.28); 445(152.79); 446(274.74); 447(800.86); 448(226.76); 449(921.46); 450(875.75); 451(719.14); 452(909.88); 453(186.61); 454(42.68); 455(660.51); 456(893.98); 457(726.33); 458(854.78); 459(108.2); 460(451.78); 461(176.53); 462(416.25); 463(439.41); 464(687.93); 465(140.45); 466(918.76); 467(315.74); 468(624.34); 469(944.24); 470(675.03); 471(407.38); 472(137.94); 473(765.08); 474(665.19); 475(228.35); 476(382.99); 477(13.93); 478(428.33); 479(1.06); 480(466.45); 481(620.22); 482(510.75); 483(254.03); 484(941.66); 485(279.55); 486(931.09); 487(316.65); 488(217.71); 489(616.94); 490(336.02); 491(970.21); 492(992.76); 493(133.16); 494(747.65); 495(307.16); 496(153.51); 497(928.43); 498(53.13); 499(997.72),1
14,0(970.79); 1(823.84); 2(559.98); 3(668.98); 4(475.79); 5(805.42); 6(129.82); 7(190.73); 8(715.84); 9(655.34); 10(761.5); 11(795.89); 12(377.51); 13(175.77); 15(313.51); 16(694.28); 17(718.58); 18(41.65); 19(370.34); 20(531.89); 21(74.11); 22(335.64); 23(868.22); 24(785.97); 25(562.38); 26(685.91); 27(101.44); 28(65.77); 29(910.45); 30(881.19); 31(657.82); 32(233.49); 33(500.27); 34(104.48); 35(16.38); 36(746.65); 37(954.17); 38(717.85); 39(878.47); 40(704.59); 41(563.5); 42(463.79); 43(275.34); 44(231.19); 45(926.3); 46(196.15); 47(871.1); 48(563.13); 49(372.11); 50(99.65); 51(690.92); 52(628.72); 53(47.47); 54(771.69); 55(421.48); 56(281.59); 57(383.54); 58(362.51); 59(992.85); 60(926.44); 61(859.8); 62(92.12); 63(992.59); 64(40.39); 65(206.96); 66(948.79); 67(227.09); 68(729.38); 69(639.47); 70(840.17); 71(209.73); 72(389.56); 73(437.08); 74(109.6); 75(813.35); 76(851.09); 77(131.42); 78(379.98); 79(925.55); 80(832.3); 81(996.85); 82(812.19); 83(613.58); 84(640.55); 85(742.61); 86(434.98); 87(726.84); 88(108.66); 89(951.1); 90(271.9); 91(964.31); 92(846.73); 93(553.14); 94(433.89); 95(817.77); 96(995.87); 97(682.46); 98(650.83); 99(342.19); 100(359.74); 101(369.0); 102(362.83); 103(340.21); 104(955.39); 105(238.89); 106(467.5); 107(3.39); 108(774.47); 109(813.22); 110(721.55); 111(106.52); 112(696.46); 113(457.91); 114(43.68); 115(888.34); 116(475.48); 117(540.41); 118(308.24); 119(289.79); 120(593.76); 121(148.77); 122(643.71); 123(55.26); 124(107.58); 125(132.81); 126(592.39); 127(423.34); 128(571.34); 129(322.83); 130(419.51); 131(370.83); 132(368.36); 133(849.75); 134(42.76); 135(156.36); 136(177.13); 137(636.76); 138(904.47); 139(830.74); 140(708.13); 141(612.93); 142(426.58); 143(524.84); 144(461.89); 145(748.36); 146(288.67); 147(130.62); 148(390.4); 149(670.0); 150(903.73); 151(439.76); 152(831.25); 153(619.69); 154(352.93); 155(667.59); 156(80.38); 157(319.98); 158(94.45); 159(721.48); 160(981.98); 161(509.54); 162(786.89); 163(480.46); 164(865.08); 165(265.21); 166(7.77); 167(460.14); 168(864.0); 169(600.8); 170(735.42); 171(684.18); 172(40.32); 173(264.84); 174(780.9); 175(713.48); 176(313.52); 177(243.4); 178(781.54); 179(396.82); 180(757.14); 181(98.68); 182(202.14); 183(443.58); 184(83.31); 185(703.94); 186(185.48); 187(468.7); 188(443.78); 189(341.72); 190(259.61); 191(694.18); 192(392.13); 193(248.21); 194(917.83); 195(968.47); 196(557.19); 197(618.54); 198(43.5); 199(909.34); 200(262.02); 201(744.64); 202(379.08); 203(252.17); 204(949.71); 205(340.07); 206(844.31); 207(228.28); 208(417.44); 209(515.0); 210(569.1); 211(621.44); 212(903.48); 213(890.8); 214(462.55); 215(897.28); 216(841.47); 217(43.0); 218(973.36); 219(814.17); 220(840.66); 221(321.74); 222(894.98); 223(3.67); 224(272.05); 225(782.16); 226(723.19); 227(535.15); 228(381.73); 229(82.48); 230(604.73); 231(115.39); 232(229.93); 233(426.43); 234(281.15); 235(798.91); 236(140.69); 237(951.24); 238(24.64); 239(912.14); 240(32.45); 241(77.99); 242(78.73); 243(846.65); 244(467.93); 245(740.62); 246(511.98); 247(950.35); 248(445.09); 249(383.15); 250(997.79); 251(919.25); 252(64.62); 253(943.5); 254(990.95); 255(27.54); 256(340.14); 257(41.78); 258(799.92); 259(708.04); 260(581.65); 261(57.5); 262(745.64); 263(606.7); 264(809.6); 265(891.43); 266(323.38); 267(609.89); 268(315.28); 269(406.42); 270(407.71); 271(272.45); 272(260.85); 273(742.03); 274(763.93); 275(134.02); 276(216.23); 277(69.49); 278(524.59); 279(644.31); 280(631.28); 281(444.93); 282(206.08); 283(137.04); 284(132.32); 285(90.34); 286(744.07); 287(507.4); 288(381.55); 289(631.53); 290(362.69); 291(7.76); 292(66.31); 293(449.09); 294(344.68); 295(764.65); 296(265.27); 297(575.03); 298(711.29); 299(440.85); 300(392.43); 301(234.04); 302(953.65); 303(264.41); 304(611.93); 305(430.06); 306(163.74); 307(431.26); 308(843.3); 309(946.52); 310(598.92); 311(472.19); 312(907.82); 313(552.95); 314(101.65); 315(721.8); 316(586.5); 317(928.26); 318(252.24); 319(354.32); 320(626.41); 321(480.09); 322(526.02); 323(148.48); 324(111.6); 325(899.01); 326(350.48); 327(154.28); 328(145.7); 329(541.58); 330(377.72); 331(61.86); 332(54.08); 333(707.41); 334(654.2); 335(150.78); 336(88.87); 337(503.45); 338(207.92); 339(775.66); 340(591.6); 341(683.54); 342(854.14); 343(525.3); 344(78.24); 345(170.41); 346(329.12); 347(625.38); 348(199.72); 349(729.21); 350(985.16); 351(17.27); 352(834.14); 353(348.56); 354(99.91); 355(534.65); 356(654.25); 357(421.49); 358(22.85); 359(25.55); 360(611.96); 361(73.53); 362(307.32); 363(673.93); 364(244.1); 365(954.95); 366(556.65); 367(371.39); 368(633.59); 369(913.69); 370(821.12); 371(475.12); 372(916.7); 373(483.07); 374(218.58); 375(837.86); 376(50.96); 377(737.75); 378(814.27); 379(880.49); 380(383.35); 381(340.63); 382(923.36); 383(399.66); 384(46.3); 385(995.56); 386(919.56); 387(711.63); 388(748.25); 389(21.25); 390(774.88); 391(120.51); 392(869.52); 393(297.03); 394(763.59); 395(348.92); 396(342.49); 397(381.96); 398(937.54); 399(100.88); 400(98.73); 401(912.54); 402(911.87); 403(218.87); 404(183.29); 405(180.73); 406(881.64); 407(619.96); 408(863.79); 409(806.62); 410(252.62); 411(769.93); 412(498.63); 413(218.49); 414(515.08); 415(82.71); 416(10.06); 417(226.04); 418(896.96); 419(838.15); 420(774.05); 421(875.38); 422(1.92); 423(44.07); 424(894.85); 425(106.39); 426(153.27); 427(587.62); 428(769.14); 429(832.41); 430(900.36); 431(768.79); 432(594.69); 433(643.39); 434(3.9); 435(317.85); 436(790.1); 437(823.81); 438(95.29); 439(410.87); 440(782.64); 441(82.83); 442(458.8); 443(941.08); 444(525.5); 445(47.04); 446(974.93); 447(204.14); 448(861.92); 449(457.07); 450(41.67); 451(416.02); 452(828.35); 453(902.65); 454(600.16); 455(908.63); 456(692.15); 457(293.07); 458(532.91); 459(805.39); 460(234.82); 461(487.66); 462(56.26); 463(145.66); 464(569.77); 465(141.69); 466(601.53); 467(58.02); 468(507.47); 469(614.09); 470(628.72); 471(523.26); 472(199.97); 473(598.74); 474(437.96); 475(424.62); 476(260.41); 477(695.91); 478(550.35); 479(99.39); 480(311.75); 481(89.7); 482(802.34); 483(803.27); 484(791.18); 485(972.59); 486(428.89); 487(643.34); 488(731.22); 489(198.06); 490(312.83); 491(857.88); 492(334.96); 493(734.06); 494(952.69); 495(235.99); 496(319.6); 497(96.2); 498(728.83); 499(626.15),1
15,0(276.5); 1(117.32); 2(374.86); 3(528.06); 4(173.82); 5(338.13); 6(936.91); 7(908.88); 8(468.24); 9(847.79); 10(470.71); 11(371.69); 12(632.78); 13(676.46); 14(313.51); 16(837.13); 17(241.11); 18(236.12); 19(445.31); 20(644.31); 21(760.02); 22(17.75); 23(622.4); 24(889.12); 25(468.05); 26(532.46); 27(716.87); 28(135.69); 29(637.2); 30(742.13); 31(728.26); 32(736.33); 33(476.4); 34(246.32); 35(523.19); 36(142.47); 37(191.19); 38(21.4); 39(588.17); 40(707.87); 41(671.6); 42(588.18); 43(124.72); 44(772.75); 45(808.02); 46(601.7); 47(82.99); 48(626.09); 49(185.79); 50(478.2); 51(925.28); 52(664.08); 53(338.67); 54(378.52); 55(600.72); 56(406.39); 57(735.23); 58(278.81); 59(128.23); 60(673.01); 61(395.84); 62(872.32); 63(59.0); 64(870.22); 65(152.16); 66(432.87); 67(359.31); 68(511.28); 69(274.45); 70(262.23); 71(446.91); 72(802.78); 73(190.38); 74(852.3); 75(688.72); 76(935.81); 77(319.25); 78(2.34); 79(237.8); 80(642.38); 81(413.76); 82(874.58); 83(801.0); 84(975.88); 85(936.46); 86(724.43); 87(715.89); 88(66.5); 89(493.04); 90(894.95); 91(834.58); 92(897.58); 93(412.47); 94(370.91); 95(757.66); 96(581.79); 97(245.74); 98(506.4); 99(724.05); 100(379.6); 101(671.47); 102(423.91); 103(90.94); 104(944.42); 105(18.8); 106(38.75); 107(432.71); 108(977.64); 109(461.9); 110(777.88); 111(38.79); 112(362.14); 113(551.3); 114(551.49); 115(596.61); 116(404.09); 117(328.4); 118(992.38); 119(420.69); 120(228.67); 121(982.35); 122(918.76); 123(915.97); 124(640.91); 125(219.12); 126(956.69); 127(136.99); 128(203.11); 129(378.92); 130(151.08); 131(568.46); 132(379.1); 133(352.56); 134(852.38); 135(468.64); 136(245.74); 137(686.88); 138(691.69); 139(514.49); 140(27.26); 141(962.35); 142(619.51); 143(136.18); 144(300.17); 145(408.3); 146(814.3); 147(722.73); 148(241.76); 149(46.74); 150(219.78); 151(240.31); 152(418.88); 153(674.73); 154(524.42); 155(523.5); 156(925.28); 157(110.24); 158(142.2); 159(683.39); 160(927.81); 161(644.03); 162(595.79); 163(776.13); 164(605.66); 165(646.45); 166(877.36); 167(464.87); 168(337.87); 169(622.92); 170(13.31); 171(631.32); 172(528.25); 173(365.56); 174(197.75); 175(611.73); 176(99.03); 177(588.95); 178(606.43); 179(60.89); 180(110.09); 181(839.79); 182(266.0); 183(765.63); 184(269.12); 185(523.32); 186(70.99); 187(570.39); 188(434.89); 189(982.13); 190(634.65); 191(47.34); 192(470.59); 193(993.07); 194(766.77); 195(31.75); 196(515.25); 197(83.73); 198(249.68); 199(418.33); 200(944.83); 201(747.89); 202(566.04); 203(390.38); 204(397.91); 205(621.55); 206(775.03); 207(172.84); 208(37.08); 209(556.2); 210(415.14); 211(837.98); 212(77.54); 213(853.97); 214(378.27); 215(71.15); 216(197.48); 217(407.4); 218(86.68); 219(915.12); 220(898.12); 221(505.17); 222(743.5); 223(530.91); 224(993.05); 225(825.93); 226(94.98); 227(209.75); 228(965.99); 229(747.17); 230(699.74); 231(564.77); 232(876.23); 233(682.71); 234(524.74); 235(247.42); 236(23.71); 237(298.66); 238(429.44); 239(267.28); 240(349.51); 241(807.97); 242(892.01); 243(681.95); 244(962.29); 245(129.27); 246(634.16); 247(138.9); 248(869.23); 249(857.08); 250(47.0); 251(571.78); 252(377.14); 253(32.95); 254(653.86); 255(479.12); 256(349.61); 257(729.35); 258(975.8); 259(490.88); 260(555.22); 261(604.16); 262(994.6); 263(631.96); 264(110.81); 265(162.41); 266(846.67); 267(385.85); 268(114.42); 269(621.01); 270(949.98); 271(110.21); 272(568.51); 273(867.86); 274(261.24); 275(808.2); 276(62.07); 277(578.87); 278(455.87); 279(327.56); 280(74.82); 281(943.2); 282(451.25); 283(169.36); 284(865.07); 285(583.19); 286(142.37); 287(647.82); 288(95.56); 289(656.76); 290(883.84); 291(395.64); 292(917.49); 293(924.91); 294(657.62); 295(511.68); 296(952.74); 297(751.89); 298(859.67); 299(758.86); 300(518.98); 301(38.89); 302(82.08); 303(219.54); 304(402.99); 305(317.45); 306(7.88); 307(634.08); 308(677.05); 309(324.7); 310(56.79); 311(119.17); 312(9.67); 313(982.25); 314(871.44); 315(517.18); 316(177.46); 317(896.35); 318(49.89); 319(491.58); 320(403.73); 321(601.38); 322(578.93); 323(236.62); 324(1.19); 325(835.35); 326(114.09); 327(417.52); 328(578.59); 329(417.41); 330(161.48); 331(498.72); 332(935.19); 333(936.32); 334(931.28); 335(519.63); 336(231.97); 337(44.52); 338(727.41); 339(301.1); 340(692.2); 341(152.4); 342(933.38); 343(197.06); 344(607.42); 345(437.15); 346(839.05); 347(270.3); 348(952.38); 349(928.07); 350(370.99); 351(535.07); 352(30.89); 353(86.17); 354(367.66); 355(805.92); 356(573.99); 357(962.75); 358(667.12); 359(568.97); 360(452.78); 361(619.46); 362(467.36); 363(380.3); 364(836.36); 365(280.71); 366(318.83); 367(779.05); 368(210.35); 369(664.3); 370(639.71); 371(917.72); 372(270.12); 373(51.52); 374(604.02); 375(708.01); 376(20.98); 377(309.69); 378(829.29); 379(765.77); 380(844.65); 381(304.53); 382(894.74); 383(986.04); 384(195.16); 385(706.4); 386(616.25); 387(285.16); 388(678.77); 389(310.06); 390(344.53); 391(858.54); 392(865.86); 393(688.76); 394(41.38); 395(427.12); 396(551.07); 397(413.01); 398(22.76); 399(458.78); 400(281.18); 401(29.26); 402(509.62); 403(423.37); 404(673.6); 405(653.62); 406(899.68); 407(102.59); 408(241.35); 409(901.36); 410(26.08); 411(656.28); 412(708.21); 413(413.78); 414(701.29); 415(357.55); 416(178.38); 417(160.08); 418(362.8); 419(308.53); 420(9.25); 421(10.24); 422(313.95); 423(253.42); 424(516.58); 425(691.77); 426(646.15); 427(676.73); 428(39.44); 429(531.48); 430(973.89); 431(954.46); 432(597.92); 433(462.47); 434(892.18); 435(889.1); 436(710.66); 437(737.31); 438(210.22); 439(53.8); 440(975.12); 441(936.44); 442(581.99); 443(547.35); 444(898.87); 445(833.33); 446(229.59); 447(715.8); 448(633.61); 449(646.38); 450(10.46); 451(704.1); 452(39.6); 453(235.93); 454(131.61); 455(866.75); 456(790.19); 457(646.6); 458(93.23); 459(725.53); 460(557.8); 461(335.47); 462(926.83); 463(437.72); 464(492.28); 465(588.28); 466(92.5); 467(846.44); 468(978.65); 469(987.85); 470(508.77); 471(53.14); 472(3.98); 473(233.08); 474(926.6); 475(954.22); 476(740.07); 477(870.76); 478(369.45); 479(681.4); 480(437.06); 481(370.16); 482(859.35); 483(879.51); 484(430.93); 485(17.67); 486(597.45); 487(404.54); 488(527.08); 489(705.6); 490(30.71); 491(725.78); 492(239.77); 493(561.15); 494(868.82); 495(742.19); 496(347.95); 497(95.32); 498(117.1); 499(544.29),1
16,0(129.02); 1(870.91); 2(649.7); 3(987.58); 4(374.73); 5(517.72); 6(16.87); 7(292.19); 8(91.18); 9(248.31); 10(177.95); 11(279.03); 12(715.54); 13(196.37); 14(694.28); 15(837.13); 17(59.24); 18(435.73); 19(869.13); 20(453.11); 21(444.18); 22(505.59); 23(100.97); 24(184.84); 25(331.26); 26(32.4); 27(426.61); 28(41.64); 29(318.24); 30(268.31); 31(109.49); 32(993.54); 33(770.3); 34(707.03); 35(681.16); 36(727.75); 37(279.92); 38(638.6); 39(658.28); 40(878.04); 41(907.57); 42(147.68); 43(112.0); 44(245.29); 45(627.25); 46(107.34); 47(302.11); 48(604.0); 49(350.34); 50(976.01); 51(733.55); 52(408.53); 53(601.45); 54(88.23); 55(463.52); 56(859.11); 57(124.84); 58(570.14); 59(775.63); 60(518.38); 61(267.68); 62(838.28); 63(733.12); 64(997.99); 65(45.2); 66(857.31); 67(366.73); 68(350.84); 69(48.87); 70(21.64); 71(872.79); 72(395.52); 73(626.43); 74(536.12); 75(120.75); 76(35.52); 77(806.69); 78(492.09); 79(527.64); 80(543.65); 81(289.47); 82(917.76); 83(796.09); 84(54.34); 85(114.09); 86(674.89); 87(764.77); 88(344.92); 89(337.22); 90(470.76); 91(726.05); 92(733.5); 93(670.4); 94(285.01); 95(851.48); 96(307.44); 97(208.52); 98(345.17); 99(510.14); 100(933.93); 101(625.17); 102(455.35); 103(816.96); 104(758.88); 105(950.63); 106(355.07); 107(171.5); 108(332.26); 109(610.21); 110(799.01); 111(590.75); 112(550.34); 113(381.21); 114(692.69); 115(706.78); 116(86.5); 117(739.66); 118(521.75); 119(780.44); 120(858.66); 121(543.1); 122(815.78); 123(560.89); 124(172.67); 125(889.93); 126(143.9); 127(246.08); 128(569.23); 129(281.92); 130(225.41); 131(419.2); 132(679.04); 133(24.02); 134(353.96); 135(118.24); 136(189.45); 137(428.47); 138(848.18); 139(985.49); 140(504.98); 141(879.2); 142(642.41); 143(252.68); 144(295.41); 145(603.72); 146(414.52); 147(612.13); 148(599.91); 149(47.99); 150(744.51); 151(494.24); 152(754.56); 153(404.21); 154(560.22); 155(462.79); 156(969.37); 157(669.85); 158(940.0); 159(942.69); 160(394.47); 161(109.18); 162(633.43); 163(176.02); 164(248.53); 165(591.17); 166(837.19); 167(589.79); 168(774.06); 169(136.59); 170(947.97); 171(935.9); 172(570.61); 173(878.9); 174(448.81); 175(663.12); 176(810.19); 177(872.35); 178(36.67); 179(576.44); 180(390.63); 181(822.83); 182(870.55); 183(594.2); 184(735.6); 185(752.27); 186(949.09); 187(487.46); 188(535.54); 189(155.02); 190(452.73); 191(216.26); 192(910.08); 193(956.48); 194(760.31); 195(55.58); 196(610.01); 197(328.79); 198(780.18); 199(434.21); 200(416.42); 201(269.64); 202(634.3); 203(271.49); 204(733.61); 205(289.58); 206(576.32); 207(905.25); 208(436.6); 209(955.8); 210(433.59); 211(401.9); 212(36.0); 213(57.12); 214(814.72); 215(511.18); 216(184.75); 217(293.97); 218(8.59); 219(242.02); 220(427.87); 221(774.93); 222(356.13); 223(419.35); 224(961.14); 225(666.33); 226(706.31); 227(933.79); 228(95.07); 229(366.56); 230(626.82); 231(143.46); 232(367.21); 233(273.0); 234(945.52); 235(5.81); 236(163.65); 237(497.63); 238(735.17); 239(116.65); 240(748.57); 241(140.75); 242(206.45); 243(596.34); 244(243.73); 245(521.36); 246(365.78); 247(255.31); 248(982.37); 249(784.89); 250(999.87); 251(389.37); 252(566.82); 253(790.45); 254(106.59); 255(617.94); 256(372.44); 257(416.51); 258(822.4); 259(953.09); 260(83.3); 261(727.58); 262(401.32); 263(784.72); 264(511.36); 265(542.73); 266(50.52); 267(107.1); 268(363.18); 269(317.65); 270(177.93); 271(183.93); 272(382.04); 273(373.6); 274(33.14); 275(643.79); 276(460.92); 277(977.99); 278(458.67); 279(407.8); 280(143.42); 281(204.13); 282(360.79); 283(334.56); 284(247.11); 285(756.7); 286(788.04); 287(822.84); 288(418.72); 289(928.73); 290(837.07); 291(185.67); 292(863.89); 293(473.11); 294(918.12); 295(417.0); 296(427.15); 297(462.87); 298(561.44); 299(602.82); 300(687.41); 301(359.13); 302(494.77); 303(570.41); 304(34.69); 305(549.67); 306(851.32); 307(974.93); 308(652.82); 309(336.98); 310(924.17); 311(289.24); 312(247.59); 313(673.76); 314(370.88); 315(389.28); 316(178.06); 317(267.57); 318(333.11); 319(167.03); 320(543.91); 321(519.39); 322(884.37); 323(907.32); 324(227.78); 325(515.26); 326(765.49); 327(438.96); 328(538.38); 329(506.6); 330(647.71); 331(49.03); 332(752.66); 333(51.61); 334(181.85); 335(176.87); 336(440.62); 337(364.07); 338(110.56); 339(433.74); 340(701.94); 341(661.56); 342(254.85); 343(247.33); 344(913.51); 345(701.22); 346(127.47); 347(12.23); 348(150.66); 349(436.13); 350(65.83); 351(602.84); 352(877.97); 353(784.76); 354(382.62); 355(690.41); 356(147.35); 357(313.63); 358(401.23); 359(329.1); 360(471.27); 361(401.79); 362(373.07); 363(486.56); 364(933.2); 365(709.45); 366(211.64); 367(333.71); 368(680.5); 369(64.67); 370(270.7); 371(203.11); 372(190.74); 373(656.89); 374(687.44); 375(363.9); 376(436.14); 377(90.17); 378(384.89); 379(513.62); 380(795.58); 381(258.3); 382(856.81); 383(409.24); 384(818.18); 385(788.21); 386(221.21); 387(304.48); 388(428.93); 389(318.77); 390(615.45); 391(684.8); 392(945.45); 393(841.88); 394(264.68); 395(823.09); 396(661.07); 397(855.08); 398(881.52); 399(804.91); 400(521.86); 401(397.92); 402(281.12); 403(488.0); 404(422.16); 405(555.88); 406(890.74); 407(787.39); 408(839.3); 409(683.99); 410(259.46); 411(254.85); 412(595.87); 413(863.21); 414(963.31); 415(191.05); 416(461.67); 417(897.97); 418(995.91); 419(423.09); 420(795.61); 421(941.42); 422(67.4); 423(820.89); 424(464.23); 425(916.74); 426(673.3); 427(241.05); 428(501.91); 429(810.26); 430(19.02); 431(575.91); 432(114.89); 433(271.31); 434(271.26); 435(788.47); 436(781.16); 437(964.14); 438(568.54); 439(726.23); 440(555.85); 441(374.99); 442(295.04); 443(767.15); 444(600.79); 445(527.35); 446(339.63); 447(678.5); 448(922.18); 449(183.86); 450(739.45); 451(713.81); 452(861.71); 453(592.57); 454(505.06); 455(996.42); 456(463.39); 457(124.69); 458(947.36); 459(524.49); 460(617.24); 461(600.66); 462(955.01); 463(47.08); 464(957.81); 465(756.45); 466(225.23); 467(316.09); 468(751.72); 469(526.84); 470(834.0); 471(116.0); 472(714.17); 473(969.21); 474(84.88); 475(523.18); 476(893.19); 477(331.24); 478(508.33); 479(229.4); 480(664.16); 481(525.35); 482(731.26); 483(161.17); 484(369.49); 485(919.05); 486(769.26); 487(568.95); 488(850.33); 489(70.92); 490(656.47); 491(325.97); 492(658.75); 493(972.74); 494(87.91); 495(561.36); 496(739.61); 497(252.67); 498(271.92); 499(794.67),2
17,0(938.92); 1(590.8); 2(212.01); 3(646.11); 4(484.4); 5(457.16); 6(401.42); 7(542.15); 8(822.68); 9(576.55); 10(419.14); 11(647.15); 12(633.12); 13(205.51); 14(718.58); 15(241.11); 16(59.24); 18(867.52); 19(643.54); 20(752.08); 21(783.39); 22(689.48); 23(210.06); 24(239.46); 25(68.66); 26(26.02); 27(521.86); 28(406.62); 29(791.53); 30(58.14); 31(58.35); 32(500.32); 33(270.35); 34(316.98); 35(492.13); 36(979.14); 37(742.16); 38(222.42); 39(711.33); 40(39.83); 41(516.46); 42(923.24); 43(207.66); 44(528.84); 45(493.96); 46(654.73); 47(116.2); 48(918.85); 49(188.07); 50(479.27); 51(146.57); 52(552.76); 53(87.65); 54(33.82); 55(515.26); 56(254.32); 57(190.1); 58(908.28); 59(687.13); 60(238.46); 61(365.08); 62(97.59); 63(330.22); 64(148.58); 65(283.22); 66(478.21); 67(767.37); 68(826.17); 69(353.37); 70(658.99); 71(234.19); 72(670.06); 73(8.6); 74(481.49); 75(399.11); 76(800.1); 77(559.07); 78(731.9); 79(871.19); 80(235.97); 81(83.39); 82(739.96); 83(185.38); 84(842.0); 85(897.68); 86(858.86); 87(926.89); 88(927.86); 89(595.84); 90(420.72); 91(344.03); 92(210.71); 93(632.77); 94(760.33); 95(674.41); 96(993.84); 97(590.2); 98(707.69); 99(177.27); 100(540.05); 101(637.81); 102(896.6); 103(384.22); 104(64.79); 105(67.42); 106(897.57); 107(197.17); 108(941.78); 109(815.4); 110(664.93); 111(775.41); 112(490.82); 113(691.94); 114(689.88); 115(502.69); 116(576.63); 117(227.41); 118(946.44); 119(119.12); 120(702.1); 121(433.17); 122(673.8); 123(761.14); 124(14.91); 125(557.07); 126(840.91); 127(282.57); 128(502.55); 129(177.91); 130(308.88); 131(846.39); 132(713.75); 133(159.1); 134(801.01); 135(982.29); 136(130.89); 137(246.54); 138(402.54); 139(335.65); 140(983.88); 141(669.06); 142(622.7); 143(148.95); 144(915.92); 145(470.38); 146(74.53); 147(143.49); 148(278.15); 149(396.63); 150(216.09); 151(643.46); 152(28.02); 153(184.42); 154(492.17); 155(98.94); 156(779.41); 157(899.88); 158(476.6); 159(448.16); 160(283.7); 161(592.6); 162(0.05); 163(416.48); 164(660.95); 165(626.99); 166(597.1); 167(443.43); 168(834.65); 169(509.11); 170(252.62); 171(154.05); 172(329.1); 173(962.05); 174(501.65); 175(250.24); 176(39.25); 177(96.44); 178(128.39); 179(918.75); 180(354.02); 181(329.61); 182(281.08); 183(871.68); 184(86.52); 185(128.64); 186(226.91); 187(107.5); 188(45.78); 189(711.11); 190(0.99); 191(976.17); 192(13.92); 193(75.8); 194(778.88); 195(7.94); 196(970.7); 197(886.72); 198(875.65); 199(872.5); 200(716.09); 201(123.58); 202(612.58); 203(812.23); 204(610.39); 205(388.11); 206(32.88); 207(21.12); 208(799.02); 209(449.47); 210(241.29); 211(219.48); 212(606.18); 213(541.53); 214(598.68); 215(469.94); 216(418.28); 217(355.92); 218(518.36); 219(759.86); 220(449.31); 221(703.21); 222(353.27); 223(978.12); 224(162.57); 225(536.43); 226(982.46); 227(57.13); 228(933.91); 229(746.21); 230(190.01); 231(672.58); 232(141.46); 233(277.62); 234(616.86); 235(591.84); 236(298.28); 237(656.96); 238(748.38); 239(305.73); 240(963.48); 241(915.29); 242(661.46); 243(882.76); 244(171.48); 245(932.32); 246(812.04); 247(533.02); 248(638.8); 249(32.71); 250(564.82); 251(879.38); 252(758.01); 253(913.47); 254(406.19); 255(320.52); 256(904.99); 257(566.62); 258(26.93); 259(588.2); 260(714.18); 261(481.26); 262(849.94); 263(393.62); 264(831.83); 265(530.66); 266(425.92); 267(146.15); 268(202.5); 269(591.79); 270(722.29); 271(995.85); 272(239.2); 273(478.93); 274(435.59); 275(990.63); 276(169.95); 277(429.56); 278(935.27); 279(299.79); 280(112.81); 281(971.11); 282(667.45); 283(195.25); 284(305.49); 285(967.7); 286(907.13); 287(178.04); 288(681.02); 289(132.33); 290(808.18); 291(910.99); 292(452.19); 293(547.41); 294(489.96); 295(676.0); 296(414.75); 297(54.38); 298(961.45); 299(436.02); 300(872.82); 301(700.8); 302(472.58); 303(257.94); 304(222.21); 305(992.14); 306(873.88); 307(843.53); 308(494.67); 309(541.74); 310(383.83); 311(434.59); 312(231.37); 313(307.43); 314(116.82); 315(433.71); 316(711.95); 317(376.44); 318(472.09); 319(124.03); 320(274.42); 321(884.16); 322(617.36); 323(244.74); 324(518.64); 325(111.84); 326(360.5); 327(837.95); 328(809.17); 329(207.38); 330(101.53); 331(676.88); 332(867.28); 333(403.03); 334(34.12); 335(804.07); 336(2.36); 337(540.32); 338(784.96); 339(275.01); 340(728.38); 341(977.16); 342(217.43); 343(749.06); 344(321.67); 345(192.12); 346(121.65); 347(930.29); 348(770.51); 349(382.86); 350(471.55); 351(63.96); 352(215.87); 353(498.73); 354(885.7); 355(76.29); 356(567.17); 357(283.52); 358(357.26); 359(529.54); 360(286.57); 361(773.56); 362(185.33); 363(404.57); 364(270.87); 365(864.42); 366(186.28); 367(99.24); 368(483.1); 369(367.8); 370(685.32); 371(280.43); 372(240.34); 373(896.59); 374(567.59); 375(395.58); 376(760.67); 377(620.49); 378(381.71); 379(59.33); 380(142.01); 381(987.6); 382(620.75); 383(582.69); 384(523.92); 385(247.71); 386(281.93); 387(206.56); 388(49.43); 389(858.51); 390(325.54); 391(853.89); 392(234.53); 393(918.5); 394(841.81); 395(583.0); 396(608.45); 397(28.71); 398(754.7); 399(789.91); 400(384.63); 401(934.02); 402(242.26); 403(868.73); 404(296.48); 405(286.07); 406(415.27); 407(816.96); 408(452.42); 409(315.94); 410(44.1); 411(178.36); 412(908.0); 413(227.41); 414(692.32); 415(891.16); 416(415.35); 417(984.1); 418(78.91); 419(193.96); 420(444.91); 421(647.17); 422(632.84); 423(537.23); 424(265.99); 425(630.24); 426(644.56); 427(13.92); 428(182.57); 429(375.03); 430(24.43); 431(579.09); 432(895.82); 433(818.52); 434(401.63); 435(302.05); 436(717.33); 437(255.26); 438(364.91); 439(991.08); 440(815.65); 441(363.43); 442(155.26); 443(584.53); 444(586.58); 445(766.74); 446(832.38); 447(595.26); 448(329.38); 449(776.8); 450(169.67); 451(872.09); 452(475.47); 453(512.79); 454(104.09); 455(292.21); 456(485.69); 457(824.44); 458(571.36); 459(869.9); 460(642.75); 461(712.78); 462(310.2); 463(746.84); 464(969.85); 465(212.6); 466(848.01); 467(79.03); 468(90.67); 469(565.5); 470(104.59); 471(260.61); 472(706.3); 473(218.26); 474(304.08); 475(771.9); 476(533.52); 477(5.61); 478(151.0); 479(191.31); 480(482.02); 481(488.79); 482(847.27); 483(171.9); 484(589.25); 485(646.2); 486(51.46); 487(605.71); 488(462.3); 489(129.76); 490(205.68); 491(193.78); 492(86.22); 493(639.14); 494(505.34); 495(713.64); 496(319.4); 497(26.64); 498(142.89); 499(987.93),1
18,0(447.46); 1(166.26); 2(402.42); 3(485.92); 4(788.7); 5(924.78); 6(886.44); 7(844.88); 8(86.98); 9(892.37); 10(279.93); 11(281.89); 12(122.38); 13(529.28); 14(41.65); 15(236.12); 16(435.73); 17(867.52); 19(258.72); 20(508.81); 21(468.9); 22(224.67); 23(862.14); 24(56.49); 25(809.43); 26(148.61); 27(734.03); 28(362.29); 29(523.51); 30(297.52); 31(273.34); 32(455.05); 33(237.54); 34(405.97); 35(513.28); 36(679.16); 37(698.92); 38(239.44); 39(341.68); 40(389.85); 41(974.68); 42(327.41); 43(428.83); 44(587.08); 45(724.8); 46(463.33); 47(294.42); 48(677.33); 49(581.2); 50(358.17); 51(499.77); 52(316.33); 53(374.63); 54(718.31); 55(289.29); 56(861.97); 57(77.36); 58(228.1); 59(532.25); 60(300.12); 61(283.02); 62(270.97); 63(944.2); 64(65.44); 65(718.79); 66(766.42); 67(378.18); 68(297.74); 69(902.26); 70(272.32); 71(367.99); 72(38.61); 73(796.47); 74(156.48); 75(76.38); 76(530.32); 77(30.94); 78(178.47); 79(440.25); 80(951.11); 81(58.46); 82(459.35); 83(852.82); 84(20.03); 85(868.29); 86(781.97); 87(23.02); 88(158.53); 89(639.56); 90(85.39); 91(865.73); 92(247.03); 93(4.8); 94(979.88); 95(944.51); 96(768.88); 97(52.37); 98(161.44); 99(422.37); 100(592.3); 101(835.95); 102(903.4); 103(59.41); 104(780.44); 105(529.68); 106(732.74); 107(376.14); 108(29.66); 109(531.35); 110(304.88); 111(429.38); 112(956.35); 113(325.07); 114(378.86); 115(366.24); 116(520.48); 117(918.89); 118(734.74); 119(55.82); 120(391.85); 121(671.86); 122(661.31); 123(45.92); 124(726.25); 125(316.0); 126(747.58); 127(915.96); 128(161.55); 129(212.83); 130(41.78); 131(49.74); 132(589.52); 133(442.38); 134(220.42); 135(49.25); 136(846.96); 137(359.48); 138(234.36); 139(691.54); 140(532.78); 141(247.81); 142(57.88); 143(663.39); 144(275.99); 145(679.78); 146(597.84); 147(225.66); 148(778.6); 149(951.95); 150(513.41); 151(927.66); 152(324.25); 153(771.45); 154(281.04); 155(183.51); 156(253.83); 157(738.54); 158(24.44); 159(294.83); 160(200.91); 161(689.31); 162(443.88); 163(265.11); 164(54.81); 165(120.74); 166(5.21); 167(85.28); 168(983.4); 169(881.19); 170(206.65); 171(294.54); 172(798.53); 173(763.37); 174(609.25); 175(317.32); 176(93.94); 177(654.05); 178(586.68); 179(933.85); 180(836.79); 181(282.48); 182(670.53); 183(414.34); 184(352.43); 185(586.63); 186(886.44); 187(280.59); 188(148.95); 189(99.92); 190(279.79); 191(483.31); 192(309.35); 193(336.17); 194(692.33); 195(510.38); 196(37.91); 197(428.54); 198(996.01); 199(455.2); 200(737.85); 201(316.53); 202(196.42); 203(457.91); 204(503.62); 205(291.75); 206(191.71); 207(187.75); 208(152.95); 209(820.93); 210(205.72); 211(817.35); 212(715.98); 213(956.25); 214(888.18); 215(736.64); 216(83.6); 217(588.2); 218(389.06); 219(215.56); 220(654.84); 221(544.5); 222(186.85); 223(168.94); 224(525.76); 225(266.54); 226(929.35); 227(398.77); 228(262.63); 229(183.38); 230(825.78); 231(468.46); 232(684.47); 233(426.13); 234(972.22); 235(552.06); 236(493.95); 237(354.33); 238(547.85); 239(252.2); 240(991.51); 241(50.91); 242(166.02); 243(933.23); 244(251.0); 245(142.34); 246(323.46); 247(908.16); 248(333.0); 249(558.74); 250(746.99); 251(541.29); 252(695.29); 253(850.35); 254(472.81); 255(108.04); 256(113.72); 257(308.08); 258(435.37); 259(49.84); 260(348.07); 261(798.08); 262(163.62); 263(167.44); 264(429.8); 265(610.72); 266(296.73); 267(959.06); 268(640.33); 269(332.68); 270(454.12); 271(904.42); 272(658.79); 273(943.28); 274(14.63); 275(918.07); 276(878.82); 277(882.31); 278(258.75); 279(32.88); 280(94.31); 281(277.33); 282(399.82); 283(505.74); 284(424.71); 285(835.37); 286(293.54); 287(283.07); 288(548.85); 289(345.06); 290(306.19); 291(891.27); 292(705.1); 293(607.71); 294(21.38); 295(631.13); 296(80.28); 297(915.33); 298(71.73); 299(540.81); 300(756.7); 301(125.07); 302(904.01); 303(961.62); 304(629.34); 305(95.33); 306(424.44); 307(674.58); 308(503.07); 309(593.79); 310(378.34); 311(948.64); 312(63.79); 313(823.52); 314(933.71); 315(327.62); 316(697.45); 317(893.47); 318(441.39); 319(930.15); 320(695.19); 321(316.46); 322(54.83); 323(874.82); 324(96.93); 325(729.73); 326(237.47); 327(166.46); 328(266.01); 329(246.84); 330(648.45); 331(447.48); 332(877.29); 333(986.06); 334(153.32); 335(393.55); 336(127.56); 337(341.85); 338(310.19); 339(701.56); 340(169.81); 341(512.3); 342(460.6); 343(602.36); 344(968.59); 345(27.57); 346(999.27); 347(510.5); 348(347.85); 349(734.43); 350(219.03); 351(351.07); 352(344.56); 353(189.81); 354(292.4); 355(180.57); 356(528.89); 357(260.78); 358(709.01); 359(805.84); 360(580.63); 361(778.65); 362(913.14); 363(744.39); 364(859.48); 365(228.92); 366(690.65); 367(731.67); 368(831.75); 369(506.41); 370(536.36); 371(379.78); 372(282.5); 373(832.77); 374(678.33); 375(709.76); 376(376.08); 377(342.58); 378(109.93); 379(339.93); 380(747.18); 381(704.04); 382(441.81); 383(321.37); 384(112.73); 385(956.52); 386(386.46); 387(871.15); 388(892.23); 389(872.29); 390(382.0); 391(340.69); 392(782.12); 393(314.32); 394(688.99); 395(321.17); 396(241.38); 397(707.54); 398(616.84); 399(550.68); 400(670.08); 401(69.74); 402(335.12); 403(178.75); 404(245.85); 405(704.27); 406(451.7); 407(743.25); 408(446.53); 409(715.15); 410(514.52); 411(773.82); 412(236.23); 413(265.62); 414(131.28); 415(717.24); 416(686.79); 417(447.12); 418(544.45); 419(560.32); 420(931.05); 421(275.07); 422(96.77); 423(930.12); 424(9.97); 425(252.02); 426(201.33); 427(546.1); 428(316.36); 429(287.36); 430(358.08); 431(981.7); 432(865.5); 433(524.3); 434(729.14); 435(23.3); 436(163.08); 437(98.73); 438(538.85); 439(174.02); 440(832.69); 441(981.79); 442(501.27); 443(634.4); 444(970.38); 445(55.24); 446(542.44); 447(135.9); 448(519.31); 449(266.54); 450(146.28); 451(750.57); 452(280.41); 453(323.32); 454(704.99); 455(640.87); 456(747.51); 457(439.68); 458(843.21); 459(20.39); 460(446.97); 461(954.57); 462(933.99); 463(739.6); 464(448.46); 465(227.82); 466(534.87); 467(269.82); 468(500.05); 469(972.73); 470(138.18); 471(153.09); 472(404.35); 473(747.9); 474(824.32); 475(599.9); 476(22.38); 477(494.74); 478(278.22); 479(732.52); 480(919.12); 481(638.96); 482(849.87); 483(433.54); 484(674.45); 485(220.73); 486(512.05); 487(795.25); 488(884.68); 489(335.01); 490(125.68); 491(45.02); 492(602.25); 493(599.16); 494(297.09); 495(703.04); 496(447.0); 497(404.5); 498(852.75); 499(187.98),1
19,0(137.0); 1(343.33); 2(805.01); 3(942.46); 4(0.78); 5(404.71); 6(349.3); 7(679.59); 8(545.76); 9(436.05); 10(61.7); 11(861.22); 12(797.02); 13(609.53); 14(370.34); 15(445.31); 16(869.13); 17(643.54); 18(258.72); 20(102.51); 21(810.68); 22(910.03); 23(365.09); 24(37.43); 25(932.54); 26(226.29); 27(994.02); 28(350.61); 29(732.44); 30(583.12); 31(228.17); 32(818.0); 33(469.4); 34(354.11); 35(44.0); 36(935.04); 37(685.46); 38(137.42); 39(9.94); 40(46.84); 41(304.66); 42(258.9); 43(19.75); 44(260.23); 45(96.75); 46(676.79); 47(245.98); 48(97.15); 49(157.81); 50(512.21); 51(665.38); 52(634.72); 53(104.02); 54(360.41); 55(328.32); 56(443.81); 57(446.28); 58(979.89); 59(241.83); 60(698.23); 61(676.97); 62(490.79); 63(208.04); 64(10.24); 65(272.45); 66(662.54); 67(51.86); 68(369.47); 69(907.76); 70(750.89); 71(752.58); 72(700.86); 73(387.87); 74(602.88); 75(641.14); 76(981.22); 77(468.52); 78(196.67); 79(273.5); 80(691.95); 81(162.15); 82(93.96); 83(365.96); 84(212.82); 85(757.14); 86(743.57); 87(569.99); 88(212.59); 89(415.3); 90(199.77); 91(401.82); 92(832.13); 93(90.72); 94(554.09); 95(792.44); 96(463.08); 97(468.79); 98(10.22); 99(801.46); 100(698.37); 101(756.23); 102(370.97); 103(421.57); 104(531.72); 105(794.59); 106(477.98); 107(66.56); 108(126.34); 109(263.07); 110(409.97); 111(659.46); 112(614.53); 113(922.51); 114(215.77); 115(323.03); 116(725.91); 117(379.18); 118(511.72); 119(42.97); 120(494.52); 121(790.48); 122(670.64); 123(95.65); 124(729.59); 125(667.93); 126(540.48); 127(451.79); 128(367.74); 129(47.91); 130(264.13); 131(790.6); 132(671.53); 133(194.23); 134(61.81); 135(17.74); 136(240.27); 137(235.79); 138(580.83); 139(330.5); 140(431.22); 141(600.6); 142(748.57); 143(200.66); 144(852.05); 145(66.13); 146(502.69); 147(589.18); 148(327.2); 149(816.26); 150(639.59); 151(42.82); 152(757.09); 153(606.27); 154(833.25); 155(61.4); 156(139.61); 157(286.52); 158(888.11); 159(742.04); 160(282.77); 161(643.55); 162(642.21); 163(730.37); 164(412.19); 165(800.66); 166(821.25); 167(539.98); 168(561.11); 169(334.75); 170(808.9); 171(257.89); 172(350.26); 173(703.46); 174(594.02); 175(632.16); 176(172.9); 177(828.49); 178(846.49); 179(487.18); 180(664.74); 181(261.69); 182(85.91); 183(810.68); 184(149.37); 185(995.15); 186(89.06); 187(809.14); 188(591.13); 189(518.55); 190(392.11); 191(818.15); 192(938.39); 193(41.97); 194(745.69); 195(190.31); 196(686.05); 197(618.91); 198(118.25); 199(10.79); 200(694.28); 201(802.52); 202(690.01); 203(393.23); 204(311.95); 205(448.94); 206(418.86); 207(358.02); 208(616.41); 209(237.53); 210(904.22); 211(902.13); 212(364.99); 213(823.0); 214(968.33); 215(671.11); 216(913.8); 217(987.16); 218(659.78); 219(203.29); 220(180.27); 221(380.48); 222(931.13); 223(61.15); 224(859.11); 225(419.79); 226(649.75); 227(632.32); 228(732.26); 229(340.98); 230(978.95); 231(764.67); 232(982.35); 233(114.09); 234(346.28); 235(107.36); 236(998.45); 237(878.96); 238(44.01); 239(237.26); 240(845.13); 241(266.58); 242(928.49); 243(943.52); 244(389.23); 245(314.28); 246(951.99); 247(627.27); 248(464.69); 249(606.41); 250(872.76); 251(12.29); 252(729.62); 253(780.66); 254(868.12); 255(437.07); 256(437.88); 257(27.28); 258(66.51); 259(410.8); 260(513.45); 261(125.51); 262(727.38); 263(125.01); 264(586.84); 265(145.14); 266(139.15); 267(224.17); 268(815.58); 269(219.84); 270(426.57); 271(780.02); 272(848.11); 273(826.26); 274(108.51); 275(152.8); 276(50.53); 277(329.15); 278(729.43); 279(122.71); 280(502.25); 281(789.49); 282(568.69); 283(148.49); 284(991.51); 285(846.39); 286(898.35); 287(590.53); 288(854.78); 289(29.11); 290(794.65); 291(843.92); 292(753.71); 293(60.48); 294(712.79); 295(7.71); 296(566.99); 297(562.9); 298(564.36); 299(276.7); 300(864.63); 301(75.13); 302(683.0); 303(105.67); 304(586.88); 305(812.3); 306(976.29); 307(935.39); 308(387.53); 309(550.06); 310(382.43); 311(736.99); 312(941.14); 313(634.75); 314(729.9); 315(118.01); 316(30.85); 317(38.95); 318(386.6); 319(539.45); 320(916.25); 321(992.53); 322(706.33); 323(2.09); 324(416.64); 325(805.75); 326(303.56); 327(10.05); 328(675.33); 329(151.52); 330(385.2); 331(610.66); 332(38.21); 333(661.58); 334(1.67); 335(662.67); 336(481.24); 337(281.31); 338(259.99); 339(510.09); 340(905.26); 341(251.88); 342(373.93); 343(358.99); 344(196.93); 345(572.38); 346(425.04); 347(84.84); 348(47.45); 349(926.61); 350(685.48); 351(532.04); 352(391.87); 353(285.02); 354(790.13); 355(593.94); 356(994.09); 357(107.87); 358(560.18); 359(810.41); 360(87.98); 361(435.66); 362(321.23); 363(283.84); 364(562.45); 365(805.47); 366(644.01); 367(860.37); 368(907.44); 369(487.48); 370(91.93); 371(670.77); 372(290.49); 373(929.9); 374(577.08); 375(124.06); 376(851.69); 377(987.83); 378(778.49); 379(117.13); 380(476.28); 381(114.01); 382(559.31); 383(397.7); 384(688.8); 385(80.48); 386(819.76); 387(368.76); 388(595.95); 389(685.01); 390(367.24); 391(383.94); 392(970.72); 393(828.74); 394(474.27); 395(46.31); 396(468.63); 397(747.81); 398(658.15); 399(553.22); 400(988.36); 401(162.26); 402(778.0); 403(370.43); 404(473.06); 405(156.02); 406(64.78); 407(223.26); 408(712.16); 409(144.29); 410(785.66); 411(566.83); 412(913.92); 413(934.14); 414(763.44); 415(51.07); 416(681.28); 417(676.98); 418(932.22); 419(930.32); 420(939.5); 421(264.58); 422(678.35); 423(116.54); 424(239.59); 425(835.66); 426(122.41); 427(241.03); 428(544.67); 429(612.16); 430(433.36); 431(108.87); 432(403.08); 433(95.16); 434(819.37); 435(629.63); 436(656.44); 437(780.85); 438(656.8); 439(472.77); 440(363.14); 441(256.26); 442(449.1); 443(303.35); 444(147.35); 445(912.62); 446(42.03); 447(80.65); 448(838.98); 449(682.01); 450(326.57); 451(49.58); 452(380.08); 453(234.11); 454(775.69); 455(190.17); 456(29.89); 457(822.04); 458(314.19); 459(302.88); 460(649.4); 461(978.97); 462(254.5); 463(727.65); 464(252.05); 465(277.08); 466(761.73); 467(170.85); 468(889.45); 469(492.09); 470(709.88); 471(907.55); 472(347.5); 473(246.18); 474(29.85); 475(790.24); 476(847.55); 477(889.76); 478(526.58); 479(857.28); 480(603.12); 481(127.3); 482(727.26); 483(911.76); 484(78.79); 485(774.27); 486(304.68); 487(822.39); 488(155.91); 489(210.49); 490(206.91); 491(286.87); 492(329.19); 493(313.81); 494(830.97); 495(917.93); 496(750.98); 497(393.92); 498(481.01); 499(574.42),1
20,0(844.82); 1(958.99); 2(207.18); 3(505.13); 4(228.82); 5(587.02); 6(810.34); 7(403.7); 8(210.8); 9(650.25); 10(369.37); 11(621.58); 12(288.11); 13(650.79); 14(531.89); 15(644.31); 16(453.11); 17(752.08); 18(508.81); 19(102.51); 21(252.83); 22(221.54); 23(247.08); 24(919.36); 25(534.86); 26(359.72); 27(168.38); 28(308.95); 29(776.64); 30(857.03); 31(153.95); 32(15.71); 33(405.48); 34(173.17); 35(33.99); 36(971.42); 37(735.41); 38(496.47); 39(998.61); 40(762.09); 41(392.06); 42(388.62); 43(557.9); 44(931.45); 45(267.64); 46(519.25); 47(633.88); 48(848.14); 49(276.89); 50(702.59); 51(144.72); 52(527.57); 53(428.68); 54(235.32); 55(434.4); 56(520.06); 57(902.54); 58(180.26); 59(586.39); 60(543.35); 61(141.71); 62(433.07); 63(400.99); 64(764.17); 65(950.03); 66(306.09); 67(132.41); 68(826.15); 69(657.49); 70(836.34); 71(260.09); 72(746.47); 73(646.87); 74(572.55); 75(360.5); 76(143.8); 77(109.78); 78(442.21); 79(23.14); 80(517.71); 81(633.3); 82(619.51); 83(863.17); 84(825.4); 85(694.28); 86(912.83); 87(408.64); 88(691.12); 89(19.58); 90(54.11); 91(838.27); 92(416.93); 93(164.66); 94(326.19); 95(710.75); 96(853.13); 97(999.19); 98(307.14); 99(228.43); 100(312.41); 101(145.66); 102(379.02); 103(414.65); 104(323.84); 105(851.15); 106(791.64); 107(223.34); 108(697.72); 109(161.24); 110(458.69); 111(129.23); 112(438.57); 113(36.1); 114(742.2); 115(68.41); 116(460.82); 117(247.93); 118(86.74); 119(635.43); 120(747.41); 121(414.99); 122(693.22); 123(766.04); 124(860.09); 125(975.94); 126(365.88); 127(330.42); 128(269.32); 129(385.96); 130(496.99); 131(176.05); 132(643.73); 133(780.54); 134(240.65); 135(131.1); 136(274.02); 137(772.86); 138(486.81); 139(776.2); 140(626.15); 141(57.88); 142(404.59); 143(130.38); 144(781.34); 145(485.26); 146(363.36); 147(314.2); 148(134.3); 149(606.8); 150(328.09); 151(495.77); 152(386.54); 153(632.35); 154(290.05); 155(597.71); 156(421.98); 157(500.56); 158(962.0); 159(940.19); 160(925.2); 161(801.4); 162(257.13); 163(180.9); 164(729.11); 165(494.75); 166(779.21); 167(24.46); 168(790.19); 169(301.45); 170(743.06); 171(594.67); 172(622.78); 173(710.74); 174(230.69); 175(156.11); 176(378.83); 177(645.92); 178(486.0); 179(111.81); 180(612.06); 181(449.63); 182(790.31); 183(529.05); 184(507.92); 185(813.56); 186(676.37); 187(881.2); 188(707.37); 189(219.07); 190(336.15); 191(698.97); 192(859.8); 193(371.42); 194(152.67); 195(222.84); 196(62.69); 197(339.22); 198(414.99); 199(555.58); 200(723.85); 201(94.15); 202(244.93); 203(784.05); 204(208.27); 205(658.6); 206(978.85); 207(329.96); 208(605.38); 209(649.71); 210(233.26); 211(121.98); 212(204.9); 213(690.87); 214(670.6); 215(834.35); 216(291.6); 217(260.48); 218(940.61); 219(690.69); 220(327.63); 221(905.48); 222(139.0); 223(250.98); 224(225.71); 225(119.34); 226(243.45); 227(329.81); 228(447.62); 229(248.15); 230(70.02); 231(556.14); 232(677.09); 233(309.23); 234(456.62); 235(908.29); 236(229.55); 237(998.18); 238(500.56); 239(965.54); 240(64.48); 241(592.37); 242(379.78); 243(412.16); 244(888.17); 245(437.59); 246(996.64); 247(306.69); 248(455.42); 249(991.67); 250(478.38); 251(836.14); 252(923.22); 253(486.6); 254(373.03); 255(364.42); 256(354.05); 257(703.35); 258(998.04); 259(406.9); 260(650.97); 261(873.95); 262(793.01); 263(921.89); 264(531.14); 265(646.75); 266(385.69); 267(717.77); 268(178.02); 269(517.65); 270(812.8); 271(949.04); 272(141.45); 273(610.26); 274(171.13); 275(126.19); 276(32.88); 277(122.69); 278(605.79); 279(339.63); 280(673.36); 281(171.9); 282(805.96); 283(118.43); 284(830.19); 285(884.82); 286(285.35); 287(71.48); 288(580.81); 289(19.98); 290(336.62); 291(854.65); 292(404.04); 293(483.29); 294(237.13); 295(628.46); 296(6.85); 297(847.46); 298(100.21); 299(990.5); 300(583.87); 301(255.53); 302(907.77); 303(831.57); 304(80.77); 305(612.07); 306(546.67); 307(452.75); 308(360.29); 309(957.71); 310(362.21); 311(593.69); 312(716.69); 313(393.55); 314(636.73); 315(303.7); 316(494.43); 317(763.2); 318(590.08); 319(969.99); 320(254.76); 321(138.0); 322(198.01); 323(10.9); 324(550.51); 325(447.95); 326(586.97); 327(719.52); 328(320.47); 329(819.94); 330(902.29); 331(523.21); 332(215.5); 333(634.61); 334(291.61); 335(406.23); 336(304.56); 337(50.87); 338(422.39); 339(322.97); 340(5.11); 341(857.53); 342(44.78); 343(21.86); 344(67.48); 345(303.26); 346(330.42); 347(412.75); 348(633.35); 349(981.98); 350(31.69); 351(316.01); 352(153.85); 353(974.68); 354(339.31); 355(917.39); 356(638.55); 357(794.52); 358(81.66); 359(217.29); 360(424.43); 361(889.97); 362(317.69); 363(485.18); 364(299.78); 365(253.52); 366(516.56); 367(15.79); 368(902.46); 369(408.39); 370(567.74); 371(439.71); 372(174.06); 373(285.64); 374(666.72); 375(544.11); 376(748.15); 377(431.91); 378(497.4); 379(102.77); 380(820.85); 381(299.36); 382(227.87); 383(908.53); 384(506.16); 385(362.6); 386(744.07); 387(288.46); 388(952.04); 389(722.36); 390(277.67); 391(768.09); 392(449.28); 393(430.67); 394(674.85); 395(484.84); 396(356.96); 397(714.02); 398(444.35); 399(890.4); 400(342.99); 401(657.32); 402(597.4); 403(230.68); 404(956.91); 405(704.9); 406(686.3); 407(308.81); 408(179.14); 409(207.11); 410(969.66); 411(208.44); 412(192.01); 413(858.92); 414(254.11); 415(477.94); 416(468.51); 417(87.9); 418(530.37); 419(476.6); 420(345.71); 421(192.58); 422(782.4); 423(794.87); 424(895.43); 425(841.37); 426(718.14); 427(216.21); 428(528.69); 429(101.16); 430(222.72); 431(865.84); 432(198.85); 433(752.25); 434(708.69); 435(561.31); 436(515.99); 437(548.08); 438(528.73); 439(399.62); 440(533.97); 441(771.85); 442(585.36); 443(353.18); 444(111.54); 445(876.21); 446(218.51); 447(893.75); 448(304.44); 449(518.62); 450(984.61); 451(750.98); 452(993.8); 453(333.32); 454(366.46); 455(267.28); 456(474.3); 457(683.07); 458(7.88); 459(944.69); 460(666.74); 461(561.75); 462(227.77); 463(680.69); 464(978.23); 465(595.31); 466(928.15); 467(96.08); 468(722.67); 469(848.34); 470(122.39); 471(863.62); 472(896.57); 473(482.93); 474(613.47); 475(221.22); 476(820.4); 477(774.33); 478(796.35); 479(311.78); 480(740.71); 481(33.75); 482(634.34); 483(272.53); 484(646.46); 485(994.2); 486(339.68); 487(900.4); 488(715.35); 489(172.86); 490(541.69); 491(675.4); 492(832.17); 493(646.03); 494(432.16); 495(255.22); 496(308.08); 497(553.54); 498(377.47); 499(455.97),1
21,0(594.19); 1(717.55); 2(603.56); 3(758.67); 4(946.6); 5(855.07); 6(813.62); 7(831.1); 8(299.33); 9(935.08); 10(159.27); 11(559.58); 12(934.37); 13(315.73); 14(74.11); 15(760.02); 16(444.18); 17(783.39); 18(468.9); 19(810.68); 20(252.83); 22(636.2); 23(70.22); 24(611.08); 25(385.62); 26(659.09); 27(774.44); 28(843.29); 29(426.45); 30(477.35); 31(307.89); 32(873.59); 33(456.11); 34(815.67); 35(729.58); 36(262.14); 37(577.34); 38(157.31); 39(709.71); 40(780.22); 41(459.95); 42(256.24); 43(334.32); 44(28.36); 45(985.71); 46(498.48); 47(951.32); 48(397.43); 49(861.94); 50(8.22); 51(124.33); 52(25.66); 53(413.79); 54(891.92); 55(896.85); 56(511.29); 57(557.45); 58(445.29); 59(775.66); 60(949.56); 61(174.29); 62(197.66); 63(141.53); 64(481.05); 65(916.32); 66(407.58); 67(30.13); 68(147.85); 69(349.27); 70(136.21); 71(660.35); 72(329.79); 73(915.94); 74(579.24); 75(379.35); 76(969.54); 77(963.4); 78(797.2); 79(810.85); 80(285.11); 81(152.34); 82(920.43); 83(695.57); 84(234.52); 85(478.09); 86(889.92); 87(197.21); 88(922.16); 89(694.15); 90(101.07); 91(999.94); 92(922.89); 93(486.83); 94(973.67); 95(684.41); 96(934.42); 97(157.06); 98(827.7); 99(131.95); 100(743.55); 101(141.49); 102(761.51); 103(188.55); 104(774.03); 105(420.17); 106(237.43); 107(459.62); 108(850.16); 109(358.26); 110(938.33); 111(924.99); 112(899.85); 113(556.62); 114(556.47); 115(116.69); 116(106.71); 117(973.4); 118(171.04); 119(462.28); 120(757.3); 121(923.31); 122(234.76); 123(5.65); 124(173.62); 125(606.11); 126(771.66); 127(732.31); 128(112.64); 129(989.69); 130(48.8); 131(891.69); 132(577.4); 133(846.93); 134(653.06); 135(148.58); 136(4.84); 137(267.05); 138(549.62); 139(328.09); 140(230.71); 141(13.2); 142(750.4); 143(786.8); 144(767.74); 145(986.72); 146(130.49); 147(814.36); 148(118.78); 149(522.82); 150(962.84); 151(616.77); 152(78.52); 153(126.65); 154(652.52); 155(954.98); 156(272.14); 157(423.33); 158(779.84); 159(85.31); 160(882.25); 161(973.95); 162(730.26); 163(27.08); 164(949.43); 165(694.52); 166(84.82); 167(592.81); 168(235.58); 169(28.48); 170(929.83); 171(785.07); 172(343.22); 173(730.4); 174(580.86); 175(779.49); 176(374.07); 177(723.29); 178(564.45); 179(888.65); 180(886.52); 181(554.72); 182(197.71); 183(28.4); 184(392.33); 185(128.52); 186(668.6); 187(831.13); 188(822.72); 189(937.31); 190(958.96); 191(534.78); 192(242.36); 193(773.06); 194(992.71); 195(330.37); 196(937.33); 197(295.14); 198(507.36); 199(681.48); 200(6.26); 201(739.55); 202(806.78); 203(383.93); 204(29.72); 205(693.48); 206(81.86); 207(580.04); 208(93.64); 209(491.37); 210(733.07); 211(489.12); 212(128.65); 213(159.66); 214(347.37); 215(765.51); 216(513.28); 217(985.49); 218(196.25); 219(470.95); 220(633.38); 221(210.76); 222(38.54); 223(945.16); 224(855.46); 225(271.1); 226(797.01); 227(948.41); 228(716.83); 229(574.56); 230(394.82); 231(102.51); 232(801.27); 233(402.26); 234(339.19); 235(224.88); 236(330.75); 237(784.18); 238(69.43); 239(188.14); 240(613.89); 241(886.22); 242(736.19); 243(87.01); 244(240.86); 245(811.8); 246(586.54); 247(131.68); 248(260.09); 249(657.75); 250(552.82); 251(467.81); 252(271.81); 253(946.72); 254(833.12); 255(801.51); 256(76.37); 257(749.19); 258(724.01); 259(410.21); 260(653.89); 261(32.31); 262(77.51); 263(983.5); 264(509.5); 265(322.85); 266(128.04); 267(437.62); 268(743.35); 269(269.06); 270(478.89); 271(183.88); 272(266.55); 273(663.63); 274(222.24); 275(890.98); 276(212.22); 277(566.4); 278(669.55); 279(563.71); 280(899.77); 281(165.36); 282(340.59); 283(32.67); 284(530.43); 285(474.54); 286(650.13); 287(423.1); 288(584.74); 289(944.27); 290(946.53); 291(640.37); 292(666.75); 293(494.19); 294(928.04); 295(366.52); 296(826.96); 297(708.8); 298(10.73); 299(348.29); 300(295.97); 301(886.45); 302(91.07); 303(600.63); 304(852.66); 305(415.43); 306(19.37); 307(494.68); 308(186.49); 309(518.19); 310(404.95); 311(23.96); 312(601.59); 313(474.24); 314(695.25); 315(110.4); 316(644.42); 317(360.49); 318(656.07); 319(812.92); 320(701.82); 321(316.92); 322(572.99); 323(998.79); 324(11.09); 325(225.1); 326(256.81); 327(753.6); 328(959.3); 329(945.57); 330(32.23); 331(761.66); 332(532.39); 333(763.71); 334(201.89); 335(738.52); 336(906.82); 337(927.51); 338(394.68); 339(790.8); 340(901.7); 341(930.8); 342(42.21); 343(113.13); 344(236.23); 345(33.48); 346(663.03); 347(931.39); 348(68.18); 349(79.62); 350(654.09); 351(252.96); 352(910.7); 353(18.92); 354(821.34); 355(608.19); 356(319.05); 357(252.54); 358(177.86); 359(903.4); 360(971.47); 361(385.67); 362(422.07); 363(168.89); 364(530.53); 365(343.34); 366(853.09); 367(724.17); 368(231.04); 369(313.56); 370(101.16); 371(581.02); 372(283.12); 373(201.15); 374(640.76); 375(271.99); 376(347.52); 377(281.75); 378(521.46); 379(511.09); 380(920.81); 381(378.09); 382(405.16); 383(374.99); 384(550.93); 385(21.11); 386(559.1); 387(556.89); 388(714.73); 389(599.7); 390(412.59); 391(777.9); 392(756.6); 393(648.47); 394(457.67); 395(711.32); 396(899.35); 397(485.14); 398(28.78); 399(246.34); 400(252.87); 401(5.1); 402(529.8); 403(77.86); 404(168.08); 405(380.97); 406(122.68); 407(820.07); 408(752.06); 409(428.2); 410(95.82); 411(478.77); 412(375.17); 413(114.21); 414(301.43); 415(21.96); 416(833.76); 417(533.31); 418(496.55); 419(722.1); 420(356.89); 421(43.47); 422(889.67); 423(847.12); 424(896.42); 425(182.75); 426(138.98); 427(334.18); 428(671.5); 429(966.87); 430(379.34); 431(253.64); 432(583.3); 433(428.47); 434(842.49); 435(608.46); 436(653.83); 437(41.64); 438(833.96); 439(163.71); 440(837.92); 441(711.37); 442(570.25); 443(663.76); 444(938.06); 445(865.43); 446(246.53); 447(741.6); 448(199.68); 449(989.27); 450(60.2); 451(809.06); 452(549.17); 453(737.64); 454(99.1); 455(745.64); 456(539.18); 457(751.64); 458(340.31); 459(143.12); 460(915.99); 461(635.54); 462(674.15); 463(882.92); 464(342.13); 465(67.22); 466(778.19); 467(368.44); 468(113.52); 469(759.83); 470(593.97); 471(686.77); 472(81.3); 473(986.33); 474(758.25); 475(455.82); 476(121.18); 477(5.87); 478(128.06); 479(354.44); 480(904.72); 481(634.45); 482(9.54); 483(182.94); 484(426.72); 485(759.37); 486(386.1); 487(921.19); 488(814.53); 489(320.1); 490(242.89); 491(512.18); 492(963.16); 493(315.0); 494(627.43); 495(654.38); 496(793.75); 497(939.32); 498(154.99); 499(90.74),1
22,0(605.17); 1(648.03); 2(976.86); 3(186.81); 4(527.36); 5(534.37); 6(483.74); 7(673.62); 8(765.75); 9(699.59); 10(516.05); 11(265.89); 12(846.38); 13(26.45); 14(335.64); 15(17.75); 16(505.59); 17(689.48); 18(224.67); 19(910.03); 20(221.54); 21(636.2); 23(348.87); 24(632.89); 25(191.05); 26(324.38); 27(935.3); 28(351.13); 29(206.95); 30(771.3); 31(826.43); 32(230.21); 33(294.46); 34(141.14); 35(121.17); 36(50.07); 37(476.31); 38(422.91); 39(108.11); 40(99.94); 41(454.94); 42(11.63); 43(338.72); 44(478.48); 45(338.82); 46(377.27); 47(682.15); 48(267.67); 49(418.09); 50(767.35); 51(738.85); 52(831.41); 53(974.29); 54(342.67); 55(421.08); 56(195.66); 57(556.34); 58(394.56); 59(512.02); 60(776.88); 61(821.11); 62(85.51); 63(983.84); 64(466.81); 65(537.6); 66(83.42); 67(96.58); 68(204.92); 69(156.91); 70(576.14); 71(814.9); 72(653.05); 73(921.98); 74(592.33); 75(955.16); 76(906.46); 77(310.27); 78(135.65); 79(325.45); 80(764.26); 81(277.54); 82(760.6); 83(289.69); 84(709.21); 85(513.97); 86(118.51); 87(819.36); 88(448.49); 89(2.08); 90(168.72); 91(373.76); 92(64.7); 93(634.9); 94(848.69); 95(680.47); 96(709.53); 97(202.68); 98(867.64); 99(951.09); 100(885.34); 101(693.47); 102(75.4); 103(951.79); 104(419.14); 105(96.01); 106(394.68); 107(525.86); 108(971.6); 109(20.73); 110(793.44); 111(318.34); 112(348.98); 113(129.47); 114(771.35); 115(31.0); 116(125.57); 117(800.58); 118(737.01); 119(713.89); 120(893.08); 121(496.18); 122(30.32); 123(83.02); 124(21.03); 125(330.13); 126(594.45); 127(735.54); 128(653.76); 129(742.82); 130(616.87); 131(205.63); 132(57.47); 133(289.4); 134(564.57); 135(87.37); 136(783.49); 137(421.96); 138(230.85); 139(113.93); 140(695.37); 141(805.42); 142(353.02); 143(269.55); 144(480.26); 145(329.13); 146(776.19); 147(356.85); 148(517.04); 149(424.43); 150(565.19); 151(708.23); 152(964.83); 153(248.31); 154(374.92); 155(14.33); 156(869.05); 157(460.9); 158(4.52); 159(226.97); 160(271.91); 161(144.98); 162(928.75); 163(128.9); 164(68.36); 165(599.47); 166(737.82); 167(606.52); 168(918.63); 169(486.99); 170(742.09); 171(365.34); 172(137.27); 173(943.7); 174(751.86); 175(513.94); 176(624.08); 177(635.67); 178(17.57); 179(463.63); 180(637.52); 181(953.96); 182(13.1); 183(13.11); 184(718.12); 185(479.87); 186(970.95); 187(119.42); 188(928.16); 189(682.58); 190(978.58); 191(367.97); 192(752.31); 193(252.21); 194(498.96); 195(817.83); 196(797.69); 197(850.86); 198(190.73); 199(63.49); 200(229.61); 201(648.29); 202(581.06); 203(894.54); 204(271.29); 205(301.42); 206(185.32); 207(633.83); 208(958.43); 209(599.75); 210(657.8); 211(383.05); 212(461.73); 213(355.53); 214(632.05); 215(864.28); 216(936.6); 217(542.43); 218(332.7); 219(901.32); 220(221.55); 221(112.33); 222(349.55); 223(235.88); 224(190.1); 225(674.49); 226(911.0); 227(633.09); 228(666.74); 229(104.9); 230(666.32); 231(729.09); 232(403.39); 233(197.96); 234(945.26); 235(392.6); 236(657.64); 237(163.16); 238(198.61); 239(68.47); 240(255.49); 241(323.58); 242(807.34); 243(282.73); 244(451.02); 245(158.91); 246(438.98); 247(120.73); 248(379.86); 249(265.68); 250(725.29); 251(978.4); 252(184.2); 253(792.19); 254(685.7); 255(195.2); 256(723.32); 257(181.55); 258(564.29); 259(914.44); 260(744.07); 261(65.98); 262(608.34); 263(288.89); 264(741.3); 265(534.49); 266(990.51); 267(918.03); 268(903.56); 269(795.13); 270(251.79); 271(693.54); 272(822.17); 273(262.02); 274(6.43); 275(933.45); 276(903.88); 277(408.17); 278(71.91); 279(730.11); 280(796.46); 281(237.1); 282(912.19); 283(898.64); 284(447.6); 285(361.69); 286(491.84); 287(270.93); 288(864.61); 289(697.03); 290(624.33); 291(891.24); 292(558.07); 293(434.1); 294(873.76); 295(799.36); 296(359.76); 297(55.24); 298(702.01); 299(377.43); 300(716.17); 301(465.86); 302(294.87); 303(582.83); 304(41.82); 305(224.18); 306(167.65); 307(100.89); 308(736.77); 309(569.58); 310(359.97); 311(281.5); 312(295.53); 313(633.46); 314(678.75); 315(461.74); 316(557.22); 317(932.56); 318(317.14); 319(135.25); 320(799.39); 321(172.39); 322(737.77); 323(827.25); 324(870.96); 325(792.47); 326(213.64); 327(704.55); 328(216.23); 329(188.68); 330(836.26); 331(229.49); 332(673.81); 333(505.0); 334(63.08); 335(887.29); 336(793.99); 337(487.04); 338(421.19); 339(58.65); 340(698.5); 341(122.41); 342(928.27); 343(740.09); 344(490.59); 345(843.7); 346(884.05); 347(639.99); 348(454.77); 349(173.68); 350(676.27); 351(717.82); 352(89.44); 353(857.0); 354(590.38); 355(961.72); 356(732.22); 357(870.04); 358(356.0); 359(150.53); 360(186.46); 361(188.75); 362(171.2); 363(59.94); 364(127.69); 365(886.53); 366(863.72); 367(441.76); 368(110.39); 369(356.44); 370(840.07); 371(536.78); 372(711.91); 373(83.39); 374(125.8); 375(759.03); 376(915.3); 377(242.71); 378(918.15); 379(179.93); 380(586.53); 381(159.47); 382(248.18); 383(302.31); 384(116.98); 385(88.79); 386(608.45); 387(321.25); 388(594.15); 389(755.2); 390(214.13); 391(459.54); 392(997.82); 393(519.89); 394(462.32); 395(473.3); 396(953.74); 397(147.74); 398(840.39); 399(796.11); 400(579.11); 401(491.06); 402(306.58); 403(956.56); 404(514.62); 405(202.56); 406(912.0); 407(366.37); 408(881.85); 409(783.98); 410(554.92); 411(28.42); 412(438.32); 413(430.59); 414(771.28); 415(334.03); 416(961.85); 417(544.79); 418(532.45); 419(337.49); 420(728.68); 421(95.97); 422(170.57); 423(618.01); 424(264.09); 425(498.0); 426(924.06); 427(911.56); 428(849.04); 429(672.19); 430(424.84); 431(323.15); 432(992.49); 433(743.88); 434(279.64); 435(87.67); 436(184.05); 437(808.62); 438(207.67); 439(814.99); 440(241.61); 441(375.3); 442(408.14); 443(297.87); 444(198.77); 445(627.97); 446(165.0); 447(674.89); 448(289.54); 449(896.02); 450(47.29); 451(489.28); 452(907.89); 453(473.98); 454(522.31); 455(51.69); 456(787.1); 457(612.73); 458(200.83); 459(853.46); 460(730.04); 461(622.16); 462(559.74); 463(105.07); 464(607.56); 465(945.24); 466(761.19); 467(119.54); 468(482.31); 469(918.58); 470(91.77); 471(366.17); 472(680.36); 473(890.54); 474(353.24); 475(49.55); 476(589.5); 477(451.08); 478(403.88); 479(880.16); 480(627.01); 481(689.53); 482(227.12); 483(955.39); 484(778.31); 485(317.9); 486(236.43); 487(320.54); 488(742.04); 489(673.81); 490(363.97); 491(510.42); 492(778.84); 493(360.53); 494(475.98); 495(566.64); 496(330.17); 497(610.04); 498(486.51); 499(269.65),1
23,0(226.18); 1(122.54); 2(721.1); 3(271.05); 4(177.86); 5(234.76); 6(46.9); 7(383.47); 8(592.68); 9(902.48); 10(897.8); 11(563.5); 12(983.06); 13(879.0); 14(868.22); 15(622.4); 16(100.97); 17(210.06); 18(862.14); 19(365.09); 20(247.08); 21(70.22); 22(348.87); 24(602.4); 25(317.0); 26(836.98); 27(783.0); 28(832.29); 29(360.18); 30(101.25); 31(351.53); 32(191.14); 33(0.6); 34(118.22); 35(919.78); 36(198.4); 37(487.93); 38(184.37); 39(314.73); 40(880.25); 41(724.04); 42(472.85); 43(717.27); 44(298.74); 45(73.4); 46(169.81); 47(15.54); 48(853.59); 49(582.81); 50(344.66); 51(883.49); 52(830.75); 53(479.74); 54(460.49); 55(653.22); 56(558.36); 57(744.53); 58(533.02); 59(790.3); 60(359.35); 61(891.7); 62(281.22); 63(320.89); 64(159.19); 65(697.33); 66(472.28); 67(185.53); 68(329.71); 69(437.35); 70(92.95); 71(248.54); 72(989.32); 73(67.13); 74(304.71); 75(393.82); 76(532.42); 77(649.92); 78(775.65); 79(244.92); 80(661.69); 81(432.13); 82(630.32); 83(123.84); 84(770.89); 85(653.07); 86(264.41); 87(932.48); 88(797.16); 89(871.74); 90(103.92); 91(913.12); 92(456.96); 93(601.79); 94(9.24); 95(809.22); 96(46.82); 97(884.5); 98(712.12); 99(271.83); 100(320.04); 101(810.51); 102(367.49); 103(778.01); 104(124.36); 105(436.43); 106(546.8); 107(684.63); 108(184.5); 109(959.37); 110(637.26); 111(136.58); 112(844.24); 113(75.42); 114(67.4); 115(861.15); 116(492.43); 117(781.34); 118(618.46); 119(954.69); 120(499.32); 121(562.12); 122(940.14); 123(653.94); 124(41.99); 125(892.46); 126(616.32); 127(763.37); 128(23.19); 129(72.47); 130(823.8); 131(746.94); 132(424.33); 133(366.12); 134(741.37); 135(607.94); 136(659.66); 137(1.83); 138(399.91); 139(190.04); 140(607.48); 141(782.69); 142(527.46); 143(339.13); 144(461.9); 145(637.71); 146(347.18); 147(257.85); 148(55.05); 149(257.8); 150(215.65); 151(188.11); 152(899.13); 153(205.5); 154(930.18); 155(813.19); 156(152.67); 157(957.27); 158(304.79); 159(283.88); 160(292.55); 161(871.54); 162(112.34); 163(467.13); 164(218.53); 165(482.98); 166(743.76); 167(119.58); 168(739.13); 169(929.93); 170(440.02); 171(538.94); 172(354.05); 173(272.03); 174(318.33); 175(280.72); 176(680.71); 177(338.48); 178(686.45); 179(389.13); 180(530.86); 181(420.19); 182(888.42); 183(867.12); 184(102.45); 185(555.29); 186(693.18); 187(129.53); 188(951.75); 189(304.54); 190(156.0); 191(521.9); 192(671.14); 193(742.54); 194(301.44); 195(917.82); 196(571.76); 197(875.93); 198(891.21); 199(442.95); 200(595.19); 201(67.69); 202(398.58); 203(198.46); 204(224.78); 205(337.25); 206(344.47); 207(939.77); 208(213.19); 209(134.37); 210(626.07); 211(987.84); 212(826.99); 213(380.41); 214(771.21); 215(103.47); 216(942.68); 217(12.51); 218(501.76); 219(84.93); 220(174.26); 221(384.1); 222(616.09); 223(366.01); 224(863.11); 225(715.36); 226(273.92); 227(63.9); 228(899.97); 229(776.84); 230(407.98); 231(917.74); 232(93.67); 233(816.02); 234(11.76); 235(338.97); 236(486.35); 237(977.24); 238(369.37); 239(737.72); 240(476.43); 241(455.84); 242(236.76); 243(571.2); 244(880.1); 245(826.42); 246(179.06); 247(824.7); 248(281.58); 249(963.07); 250(685.83); 251(189.08); 252(386.23); 253(45.75); 254(471.81); 255(194.73); 256(574.1); 257(210.78); 258(133.86); 259(325.68); 260(205.37); 261(462.49); 262(737.42); 263(585.02); 264(219.65); 265(875.74); 266(884.23); 267(305.0); 268(311.5); 269(604.29); 270(67.4); 271(558.62); 272(709.53); 273(640.59); 274(775.25); 275(742.4); 276(200.44); 277(155.35); 278(508.88); 279(622.48); 280(861.27); 281(325.15); 282(980.67); 283(59.04); 284(341.92); 285(764.33); 286(70.3); 287(361.75); 288(413.42); 289(597.57); 290(585.28); 291(957.77); 292(927.5); 293(180.59); 294(976.83); 295(919.93); 296(840.5); 297(764.58); 298(285.5); 299(598.33); 300(700.43); 301(315.21); 302(419.25); 303(915.08); 304(714.18); 305(451.89); 306(79.0); 307(228.09); 308(87.88); 309(143.78); 310(246.21); 311(752.37); 312(499.5); 313(303.52); 314(3.89); 315(177.22); 316(698.26); 317(922.66); 318(762.16); 319(877.06); 320(583.43); 321(144.01); 322(171.88); 323(657.81); 324(172.46); 325(565.41); 326(688.33); 327(576.46); 328(869.23); 329(144.34); 330(23.67); 331(54.27); 332(984.25); 333(117.37); 334(788.67); 335(905.72); 336(204.46); 337(122.04); 338(277.04); 339(999.92); 340(95.86); 341(907.31); 342(58.27); 343(680.67); 344(487.38); 345(234.74); 346(894.22); 347(92.51); 348(794.55); 349(557.21); 350(761.43); 351(583.98); 352(68.93); 353(581.92); 354(412.75); 355(751.67); 356(210.8); 357(384.24); 358(262.81); 359(690.42); 360(505.24); 361(984.65); 362(472.41); 363(393.77); 364(231.09); 365(986.66); 366(345.59); 367(313.91); 368(562.24); 369(405.34); 370(137.09); 371(398.37); 372(705.05); 373(815.72); 374(36.17); 375(639.0); 376(397.49); 377(18.82); 378(581.42); 379(890.37); 380(0.31); 381(773.23); 382(365.51); 383(26.17); 384(667.82); 385(600.44); 386(133.45); 387(126.91); 388(172.65); 389(563.31); 390(779.26); 391(397.44); 392(83.68); 393(685.34); 394(929.67); 395(584.48); 396(596.61); 397(268.81); 398(293.96); 399(189.63); 400(323.24); 401(352.99); 402(22.08); 403(570.77); 404(867.87); 405(613.78); 406(119.38); 407(164.99); 408(427.05); 409(614.01); 410(47.06); 411(767.29); 412(516.43); 413(269.13); 414(63.7); 415(694.06); 416(907.14); 417(617.82); 418(254.31); 419(191.43); 420(908.12); 421(315.75); 422(337.77); 423(147.68); 424(64.38); 425(664.4); 426(29.04); 427(982.75); 428(26.06); 429(59.3); 430(705.61); 431(968.05); 432(836.24); 433(281.86); 434(756.3); 435(224.92); 436(998.86); 437(9.11); 438(641.2); 439(226.55); 440(926.43); 441(775.79); 442(277.98); 443(238.93); 444(807.02); 445(527.1); 446(62.6); 447(301.56); 448(206.57); 449(588.93); 450(442.67); 451(730.74); 452(764.88); 453(851.39); 454(190.1); 455(390.4); 456(369.45); 457(50.63); 458(363.78); 459(250.76); 460(373.5); 461(145.99); 462(348.44); 463(220.3); 464(759.34); 465(813.08); 466(608.48); 467(947.81); 468(779.0); 469(422.52); 470(23.94); 471(33.79); 472(772.78); 473(787.61); 474(28.64); 475(153.32); 476(159.17); 477(118.89); 478(466.31); 479(311.6); 480(660.95); 481(109.24); 482(417.49); 483(462.06); 484(328.32); 485(633.12); 486(203.24); 487(919.53); 488(319.51); 489(303.23); 490(336.87); 491(166.43); 492(892.76); 493(124.95); 494(394.41); 495(985.08); 496(590.19); 497(61.62); 498(155.03); 499(635.14),1
24,0(552.01); 1(922.36); 2(797.33); 3(313.29); 4(465.28); 5(394.67); 6(612.14); 7(625.24); 8(4.47); 9(299.44); 10(664.03); 11(446.9); 12(237.1); 13(587.58); 14(785.97); 15(889.12); 16(184.84); 17(239.46); 18(56.49); 19(37.43); 20(919.36); 21(611.08); 22(632.89); 23(602.4); 25(905.86); 26(783.66); 27(329.95); 28(190.46); 29(250.52); 30(832.81); 31(731.83); 32(176.48); 33(222.8); 34(786.01); 35(933.58); 36(195.96); 37(663.29); 38(987.84); 39(363.98); 40(591.05); 41(942.71); 42(951.73); 43(957.29); 44(639.24); 45(516.25); 46(510.64); 47(809.55); 48(985.57); 49(50.48); 50(208.14); 51(568.77); 52(686.54); 53(664.05); 54(990.32); 55(738.95); 56(136.1); 57(299.17); 58(513.04); 59(422.99); 60(223.58); 61(660.08); 62(538.85); 63(704.25); 64(962.29); 65(852.2); 66(782.61); 67(998.13); 68(281.3); 69(97.76); 70(571.2); 71(825.71); 72(394.74); 73(892.98); 74(4.18); 75(461.7); 76(185.07); 77(909.93); 78(992.79); 79(45.48); 80(780.67); 81(219.96); 82(986.19); 83(114.55); 84(677.79); 85(953.04); 86(266.41); 87(750.13); 88(798.77); 89(315.92); 90(59.63); 91(52.7); 92(445.03); 93(488.78); 94(381.61); 95(188.78); 96(159.96); 97(133.0); 98(947.28); 99(655.2); 100(397.66); 101(205.86); 102(700.77); 103(478.0); 104(538.4); 105(914.72); 106(700.44); 107(524.95); 108(397.38); 109(590.39); 110(559.27); 111(691.52); 112(194.3); 113(955.6); 114(816.7); 115(255.05); 116(834.61); 117(244.43); 118(932.74); 119(407.75); 120(523.46); 121(299.91); 122(336.95); 123(394.87); 124(709.91); 125(983.44); 126(720.74); 127(302.01); 128(837.39); 129(736.89); 130(892.05); 131(892.25); 132(83.64); 133(377.74); 134(554.95); 135(972.67); 136(162.59); 137(559.02); 138(390.9); 139(101.8); 140(848.95); 141(233.15); 142(10.46); 143(910.96); 144(468.3); 145(659.05); 146(185.27); 147(94.78); 148(302.65); 149(276.95); 150(31.81); 151(924.38); 152(662.55); 153(685.63); 154(426.86); 155(75.2); 156(840.31); 157(182.92); 158(5.05); 159(200.71); 160(285.59); 161(870.71); 162(555.7); 163(786.85); 164(104.46); 165(205.83); 166(507.97); 167(956.59); 168(93.2); 169(846.4); 170(866.54); 171(334.51); 172(391.72); 173(525.56); 174(834.12); 175(66.01); 176(156.55); 177(195.14); 178(373.87); 179(467.35); 180(516.02); 181(938.87); 182(332.6); 183(210.19); 184(932.94); 185(635.9); 186(204.33); 187(96.3); 188(700.98); 189(329.12); 190(915.82); 191(509.85); 192(875.28); 193(839.58); 194(331.62); 195(289.57); 196(861.06); 197(32.29); 198(199.26); 199(685.14); 200(353.9); 201(383.52); 202(939.86); 203(978.58); 204(203.86); 205(358.48); 206(864.93); 207(249.18); 208(441.43); 209(59.67); 210(680.82); 211(589.55); 212(298.31); 213(861.47); 214(881.36); 215(3.28); 216(276.31); 217(233.51); 218(739.1); 219(193.33); 220(397.55); 221(234.87); 222(133.3); 223(693.62); 224(825.44); 225(465.41); 226(228.26); 227(660.66); 228(525.22); 229(752.23); 230(464.8); 231(492.41); 232(335.49); 233(604.5); 234(733.4); 235(14.96); 236(487.68); 237(434.15); 238(107.39); 239(963.54); 240(322.53); 241(111.45); 242(974.1); 243(259.91); 244(48.05); 245(633.41); 246(581.16); 247(601.52); 248(149.3); 249(156.71); 250(951.12); 251(981.27); 252(414.08); 253(362.44); 254(304.48); 255(385.91); 256(55.94); 257(800.83); 258(38.22); 259(439.72); 260(572.76); 261(840.2); 262(401.62); 263(361.87); 264(188.05); 265(522.67); 266(721.72); 267(723.33); 268(278.85); 269(364.17); 270(535.1); 271(783.55); 272(521.97); 273(613.89); 274(771.31); 275(784.36); 276(879.92); 277(184.84); 278(591.66); 279(196.64); 280(587.78); 281(337.13); 282(779.84); 283(778.1); 284(214.72); 285(472.31); 286(448.31); 287(620.75); 288(900.73); 289(811.2); 290(919.68); 291(533.17); 292(467.62); 293(165.35); 294(927.44); 295(857.82); 296(596.73); 297(73.39); 298(619.5); 299(103.43); 300(29.35); 301(855.71); 302(558.0); 303(360.72); 304(531.38); 305(700.32); 306(188.05); 307(896.97); 308(824.9); 309(662.33); 310(186.66); 311(111.9); 312(491.35); 313(45.8); 314(224.28); 315(197.07); 316(843.68); 317(805.09); 318(455.61); 319(683.71); 320(950.35); 321(319.87); 322(831.71); 323(307.35); 324(262.58); 325(837.75); 326(505.87); 327(483.77); 328(819.34); 329(672.4); 330(490.92); 331(259.95); 332(81.82); 333(778.92); 334(68.57); 335(115.53); 336(329.77); 337(690.96); 338(297.29); 339(368.78); 340(395.2); 341(663.34); 342(874.9); 343(463.12); 344(798.91); 345(223.47); 346(431.03); 347(994.37); 348(189.12); 349(828.7); 350(310.35); 351(53.02); 352(586.31); 353(212.31); 354(225.38); 355(396.82); 356(435.14); 357(754.34); 358(948.77); 359(52.82); 360(139.85); 361(245.21); 362(599.74); 363(479.95); 364(609.76); 365(634.94); 366(928.28); 367(174.85); 368(593.32); 369(290.64); 370(749.19); 371(858.86); 372(531.49); 373(951.31); 374(263.15); 375(265.82); 376(939.03); 377(503.29); 378(254.4); 379(452.25); 380(484.5); 381(214.09); 382(551.37); 383(343.22); 384(838.35); 385(209.78); 386(280.18); 387(720.37); 388(61.75); 389(792.9); 390(365.52); 391(793.31); 392(385.16); 393(295.06); 394(30.27); 395(823.35); 396(233.5); 397(693.03); 398(146.01); 399(1.79); 400(854.54); 401(533.92); 402(817.19); 403(754.46); 404(567.69); 405(626.35); 406(859.12); 407(188.42); 408(365.63); 409(868.51); 410(791.38); 411(308.07); 412(797.43); 413(700.72); 414(695.56); 415(4.72); 416(399.68); 417(452.99); 418(677.0); 419(82.11); 420(836.09); 421(803.83); 422(611.54); 423(829.96); 424(791.23); 425(788.09); 426(591.07); 427(446.24); 428(719.71); 429(428.65); 430(775.61); 431(393.76); 432(723.13); 433(365.48); 434(32.03); 435(188.45); 436(437.18); 437(938.33); 438(104.44); 439(778.09); 440(739.77); 441(317.63); 442(191.66); 443(478.37); 444(853.19); 445(889.33); 446(164.64); 447(640.38); 448(958.82); 449(435.38); 450(641.09); 451(559.45); 452(128.52); 453(488.3); 454(166.14); 455(586.29); 456(930.84); 457(748.21); 458(308.06); 459(873.72); 460(901.53); 461(841.71); 462(372.99); 463(801.34); 464(793.87); 465(435.03); 466(466.45); 467(847.79); 468(872.16); 469(988.81); 470(392.49); 471(552.44); 472(655.33); 473(927.68); 474(732.14); 475(868.86); 476(375.83); 477(173.97); 478(692.06); 479(681.64); 480(790.9); 481(257.73); 482(187.67); 483(49.04); 484(997.26); 485(33.65); 486(41.62); 487(555.72); 488(877.85); 489(294.45); 490(363.55); 491(632.25); 492(221.64); 493(20.83); 494(96.45); 495(629.6); 496(997.18); 497(40.12); 498(470.43); 499(312.65),1
25,0(157.61); 1(917.17); 2(118.06); 3(632.01); 4(244.58); 5(427.33); 6(480.42); 7(816.66); 8(485.81); 9(35.21); 10(153.66); 11(432.01); 12(905.37); 13(881.94); 14(562.38); 15(468.05); 16(331.26); 17(68.66); 18(809.43); 19(932.54); 20(534.86); 21(385.62); 22(191.05); 23(317.0); 24(905.86); 26(647.42); 27(574.01); 28(550.84); 29(748.5); 30(946.35); 31(694.85); 32(200.97); 33(84.85); 34(554.31); 35(603.7); 36(561.45); 37(420.28); 38(863.57); 39(868.58); 40(799.54); 41(990.59); 42(602.9); 43(117.03); 44(244.2); 45(974.79); 46(276.14); 47(390.32); 48(794.94); 49(315.86); 50(992.57); 51(873.73); 52(823.56); 53(493.48); 54(837.27); 55(291.61); 56(164.76); 57(111.06); 58(924.24); 59(361.06); 60(530.51); 61(910.85); 62(557.03); 63(234.91); 64(172.27); 65(17.52); 66(88.37); 67(462.23); 68(313.42); 69(749.56); 70(425.85); 71(745.54); 72(980.54); 73(416.01); 74(476.59); 75(408.22); 76(559.93); 77(761.86); 78(55.2); 79(752.57); 80(179.84); 81(173.26); 82(40.58); 83(958.55); 84(237.3); 85(557.14); 86(426.21); 87(997.81); 88(752.81); 89(158.64); 90(90.3); 91(932.09); 92(406.5); 93(292.66); 94(462.74); 95(781.66); 96(13.82); 97(955.13); 98(869.32); 99(891.67); 100(403.46); 101(558.57); 102(540.48); 103(537.38); 104(814.36); 105(918.27); 106(322.0); 107(649.08); 108(42.4); 109(860.03); 110(629.72); 111(292.58); 112(546.61); 113(930.17); 114(485.1); 115(299.08); 116(83.63); 117(169.52); 118(417.3); 119(942.0); 120(611.54); 121(552.23); 122(46.57); 123(808.25); 124(66.86); 125(227.36); 126(763.05); 127(70.3); 128(508.31); 129(153.28); 130(808.79); 131(494.79); 132(542.1); 133(688.4); 134(13.96); 135(744.4); 136(888.21); 137(546.42); 138(449.66); 139(865.43); 140(311.38); 141(132.81); 142(974.54); 143(334.68); 144(893.74); 145(206.83); 146(614.11); 147(418.01); 148(991.84); 149(12.19); 150(441.91); 151(938.21); 152(912.34); 153(186.51); 154(816.58); 155(566.65); 156(749.77); 157(357.13); 158(154.9); 159(629.46); 160(698.02); 161(587.38); 162(127.18); 163(642.43); 164(766.67); 165(911.2); 166(90.67); 167(346.95); 168(776.08); 169(713.18); 170(156.79); 171(255.09); 172(221.56); 173(339.15); 174(907.78); 175(170.78); 176(399.57); 177(289.49); 178(317.43); 179(407.33); 180(292.55); 181(455.26); 182(538.3); 183(48.4); 184(925.45); 185(890.04); 186(354.46); 187(729.44); 188(606.23); 189(43.09); 190(882.21); 191(842.56); 192(832.94); 193(401.37); 194(969.11); 195(240.73); 196(983.26); 197(421.54); 198(933.65); 199(356.37); 200(543.65); 201(441.3); 202(825.49); 203(28.93); 204(855.49); 205(200.18); 206(266.45); 207(718.96); 208(402.13); 209(618.92); 210(223.82); 211(839.73); 212(824.97); 213(49.84); 214(441.56); 215(691.36); 216(44.44); 217(753.47); 218(228.84); 219(877.24); 220(637.81); 221(130.16); 222(902.63); 223(252.89); 224(155.85); 225(232.61); 226(917.86); 227(85.47); 228(490.12); 229(492.72); 230(650.92); 231(318.35); 232(696.01); 233(553.07); 234(498.47); 235(727.8); 236(234.1); 237(123.95); 238(267.71); 239(466.24); 240(750.96); 241(799.19); 242(391.68); 243(706.53); 244(213.48); 245(980.25); 246(121.39); 247(8.87); 248(933.75); 249(265.27); 250(875.4); 251(473.12); 252(956.97); 253(562.51); 254(777.37); 255(816.93); 256(969.4); 257(746.34); 258(465.67); 259(460.85); 260(689.68); 261(776.59); 262(215.31); 263(987.46); 264(162.97); 265(231.98); 266(757.75); 267(690.98); 268(678.9); 269(760.18); 270(328.84); 271(338.48); 272(224.47); 273(114.82); 274(559.14); 275(703.06); 276(744.66); 277(359.75); 278(971.76); 279(969.36); 280(956.75); 281(266.37); 282(953.32); 283(809.71); 284(47.96); 285(200.68); 286(419.17); 287(95.29); 288(246.53); 289(611.61); 290(407.25); 291(401.92); 292(336.16); 293(873.6); 294(346.23); 295(379.85); 296(399.99); 297(730.48); 298(811.62); 299(609.46); 300(79.33); 301(477.88); 302(82.38); 303(729.12); 304(756.88); 305(295.32); 306(864.89); 307(226.85); 308(452.76); 309(812.02); 310(641.19); 311(365.31); 312(562.56); 313(283.91); 314(989.02); 315(889.91); 316(394.24); 317(881.66); 318(965.47); 319(834.76); 320(363.95); 321(180.54); 322(458.35); 323(206.85); 324(620.59); 325(802.04); 326(487.52); 327(180.25); 328(88.75); 329(860.38); 330(128.53); 331(481.49); 332(222.96); 333(745.43); 334(939.18); 335(557.12); 336(782.17); 337(139.91); 338(935.73); 339(652.73); 340(627.51); 341(281.87); 342(251.73); 343(126.15); 344(644.75); 345(837.57); 346(78.7); 347(610.4); 348(800.51); 349(337.61); 350(497.48); 351(854.46); 352(556.6); 353(424.28); 354(136.86); 355(236.33); 356(623.91); 357(454.14); 358(477.08); 359(347.93); 360(389.76); 361(535.53); 362(212.96); 363(152.93); 364(167.35); 365(384.48); 366(270.21); 367(259.1); 368(446.29); 369(299.26); 370(70.47); 371(321.3); 372(832.76); 373(53.6); 374(923.37); 375(515.61); 376(468.78); 377(467.21); 378(406.23); 379(195.2); 380(358.57); 381(612.25); 382(416.5); 383(329.16); 384(376.71); 385(641.61); 386(101.32); 387(188.86); 388(590.83); 389(765.83); 390(419.83); 391(490.01); 392(172.5); 393(184.35); 394(370.88); 395(211.12); 396(656.37); 397(971.94); 398(96.76); 399(56.85); 400(95.91); 401(643.07); 402(301.97); 403(187.01); 404(140.72); 405(741.41); 406(939.11); 407(115.06); 408(632.88); 409(657.2); 410(258.1); 411(70.46); 412(331.48); 413(68.3); 414(322.5); 415(385.62); 416(92.39); 417(893.9); 418(110.03); 419(372.63); 420(252.18); 421(444.81); 422(564.99); 423(702.25); 424(484.39); 425(119.82); 426(588.46); 427(502.62); 428(446.41); 429(914.19); 430(776.37); 431(104.52); 432(719.7); 433(415.75); 434(484.99); 435(577.11); 436(551.37); 437(709.48); 438(987.39); 439(305.82); 440(229.96); 441(433.78); 442(839.17); 443(964.67); 444(705.33); 445(605.24); 446(563.55); 447(448.19); 448(956.63); 449(666.75); 450(471.96); 451(739.37); 452(877.51); 453(755.56); 454(320.19); 455(472.21); 456(29.99); 457(921.7); 458(585.34); 459(847.11); 460(337.91); 461(844.38); 462(545.65); 463(301.59); 464(68.57); 465(912.23); 466(886.45); 467(876.56); 468(201.12); 469(616.03); 470(29.88); 471(605.5); 472(987.56); 473(92.89); 474(102.76); 475(412.41); 476(412.32); 477(197.65); 478(830.32); 479(687.34); 480(674.83); 481(520.69); 482(573.93); 483(683.87); 484(825.81); 485(723.42); 486(730.71); 487(35.21); 488(13.47); 489(519.15); 490(233.53); 491(492.61); 492(933.73); 493(798.4); 494(172.31); 495(805.5); 496(812.2); 497(298.76); 498(787.38); 499(874.8),1
26,0(607.52); 1(948.34); 2(949.68); 3(533.67); 4(776.99); 5(61.75); 6(813.29); 7(919.89); 8(476.28); 9(936.02); 10(79.29); 11(42.64); 12(844.39); 13(0.58); 14(685.91); 15(532.46); 16(32.4); 17(26.02); 18(148.61); 19(226.29); 20(359.72); 21(659.09); 22(324.38); 23(836.98); 24(783.66); 25(647.42); 27(806.77); 28(883.62); 29(938.22); 30(497.29); 31(611.11); 32(727.69); 33(850.38); 34(283.04); 35(909.53); 36(649.31); 37(212.22); 38(77.05); 39(540.85); 40(698.63); 41(574.93); 42(599.41); 43(149.29); 44(324.01); 45(233.48); 46(644.06); 47(652.68); 48(913.89); 49(616.91); 50(635.66); 51(982.25); 52(331.83); 53(522.46); 54(822.89); 55(911.0); 56(609.72); 57(893.5); 58(836.55); 59(600.99); 60(528.06); 61(686.82); 62(344.41); 63(720.01); 64(190.63); 65(415.96); 66(334.04); 67(171.95); 68(259.74); 69(188.38); 70(582.44); 71(123.47); 72(126.18); 73(325.6); 74(80.15); 75(640.52); 76(507.49); 77(676.51); 78(832.73); 79(348.67); 80(132.23); 81(125.0); 82(96.13); 83(104.53); 84(125.6); 85(386.47); 86(903.73); 87(838.0); 88(672.32); 89(125.85); 90(508.17); 91(794.22); 92(388.75); 93(521.67); 94(497.47); 95(116.0); 96(22.05); 97(815.48); 98(573.46); 99(232.63); 100(61.1); 101(431.34); 102(353.33); 103(812.15); 104(431.39); 105(310.09); 106(419.96); 107(455.09); 108(290.98); 109(872.9); 110(757.87); 111(599.92); 112(418.62); 113(882.31); 114(734.43); 115(934.49); 116(297.5); 117(501.85); 118(379.62); 119(443.6); 120(154.22); 121(286.87); 122(529.96); 123(523.88); 124(9.38); 125(292.31); 126(693.45); 127(468.06); 128(74.81); 129(534.75); 130(201.09); 131(678.95); 132(608.92); 133(538.46); 134(69.64); 135(358.17); 136(632.55); 137(33.67); 138(808.06); 139(888.39); 140(443.23); 141(207.7); 142(144.75); 143(518.84); 144(320.21); 145(944.3); 146(680.24); 147(331.57); 148(977.07); 149(533.15); 150(195.98); 151(752.61); 152(504.41); 153(209.25); 154(724.24); 155(210.23); 156(830.3); 157(860.39); 158(267.07); 159(181.08); 160(855.7); 161(165.93); 162(153.87); 163(147.07); 164(72.91); 165(652.56); 166(36.21); 167(45.8); 168(131.71); 169(442.0); 170(608.74); 171(828.47); 172(740.63); 173(352.65); 174(248.3); 175(442.53); 176(129.78); 177(48.72); 178(842.27); 179(727.32); 180(846.22); 181(618.71); 182(980.54); 183(670.13); 184(11.65); 185(825.13); 186(137.68); 187(906.17); 188(192.81); 189(737.48); 190(105.38); 191(739.96); 192(351.63); 193(949.76); 194(147.1); 195(548.12); 196(359.38); 197(454.62); 198(284.02); 199(939.96); 200(414.72); 201(943.16); 202(95.35); 203(217.16); 204(727.19); 205(834.38); 206(124.29); 207(991.27); 208(719.95); 209(608.13); 210(290.81); 211(181.9); 212(621.36); 213(13.5); 214(79.97); 215(971.31); 216(282.11); 217(337.79); 218(83.27); 219(144.79); 220(270.27); 221(11.23); 222(9.59); 223(758.92); 224(362.68); 225(763.61); 226(208.68); 227(81.64); 228(960.67); 229(603.8); 230(754.25); 231(275.41); 232(971.14); 233(55.27); 234(576.52); 235(514.12); 236(160.32); 237(136.11); 238(543.91); 239(142.94); 240(742.55); 241(406.29); 242(190.19); 243(813.49); 244(312.71); 245(487.43); 246(851.95); 247(734.78); 248(850.79); 249(93.09); 250(194.85); 251(663.42); 252(842.61); 253(378.09); 254(740.67); 255(718.08); 256(231.3); 257(253.28); 258(854.52); 259(316.08); 260(636.8); 261(610.37); 262(176.56); 263(801.07); 264(778.37); 265(563.63); 266(981.26); 267(114.18); 268(509.92); 269(766.81); 270(319.35); 271(716.33); 272(505.17); 273(22.08); 274(39.58); 275(358.92); 276(841.61); 277(46.91); 278(78.19); 279(736.9); 280(594.6); 281(772.84); 282(567.28); 283(144.81); 284(534.7); 285(26.11); 286(338.3); 287(622.71); 288(556.55); 289(708.5); 290(143.85); 291(266.23); 292(383.38); 293(978.45); 294(844.77); 295(61.22); 296(548.16); 297(20.75); 298(582.44); 299(725.11); 300(194.79); 301(328.87); 302(239.68); 303(690.4); 304(436.02); 305(630.83); 306(380.57); 307(999.47); 308(528.36); 309(636.66); 310(226.7); 311(145.93); 312(695.2); 313(475.63); 314(351.07); 315(197.89); 316(256.38); 317(804.03); 318(417.98); 319(149.03); 320(68.8); 321(668.53); 322(236.33); 323(563.22); 324(459.7); 325(620.11); 326(229.43); 327(359.96); 328(157.86); 329(682.16); 330(730.63); 331(626.42); 332(250.29); 333(467.33); 334(452.99); 335(870.2); 336(971.2); 337(813.26); 338(113.76); 339(66.17); 340(553.95); 341(615.15); 342(49.48); 343(557.7); 344(159.44); 345(47.5); 346(537.38); 347(385.83); 348(865.37); 349(396.25); 350(500.75); 351(408.89); 352(225.0); 353(26.95); 354(578.9); 355(525.8); 356(746.31); 357(869.46); 358(539.93); 359(768.47); 360(123.28); 361(765.09); 362(367.23); 363(206.56); 364(826.79); 365(135.21); 366(225.29); 367(163.63); 368(821.83); 369(22.85); 370(816.62); 371(12.4); 372(476.16); 373(10.13); 374(714.97); 375(295.32); 376(701.39); 377(600.59); 378(684.11); 379(989.08); 380(472.85); 381(557.2); 382(238.69); 383(318.22); 384(577.72); 385(397.19); 386(818.41); 387(526.6); 388(740.22); 389(440.35); 390(938.82); 391(97.11); 392(965.73); 393(840.45); 394(485.13); 395(778.73); 396(434.45); 397(558.94); 398(358.75); 399(445.29); 400(542.56); 401(405.04); 402(240.64); 403(206.65); 404(860.68); 405(438.74); 406(417.34); 407(239.4); 408(68.07); 409(482.92); 410(685.83); 411(435.32); 412(492.58); 413(105.51); 414(490.78); 415(568.16); 416(914.04); 417(459.28); 418(917.84); 419(558.71); 420(811.12); 421(278.84); 422(129.89); 423(435.31); 424(258.44); 425(790.7); 426(447.97); 427(488.47); 428(158.24); 429(394.28); 430(335.37); 431(269.63); 432(56.95); 433(567.06); 434(100.85); 435(321.7); 436(132.62); 437(778.3); 438(863.13); 439(103.34); 440(559.97); 441(227.8); 442(611.98); 443(792.27); 444(73.92); 445(157.54); 446(48.69); 447(365.41); 448(65.03); 449(203.34); 450(637.48); 451(937.7); 452(100.25); 453(378.51); 454(895.06); 455(300.47); 456(687.58); 457(995.81); 458(601.88); 459(906.19); 460(2.31); 461(388.25); 462(754.27); 463(853.34); 464(444.51); 465(55.69); 466(962.94); 467(785.78); 468(479.02); 469(859.2); 470(411.54); 471(562.12); 472(629.36); 473(377.21); 474(813.21); 475(31.63); 476(342.75); 477(198.73); 478(6.16); 479(50.71); 480(113.77); 481(959.01); 482(617.7); 483(249.46); 484(691.52); 485(105.95); 486(966.75); 487(28.93); 488(384.2); 489(47.42); 490(832.59); 491(238.07); 492(146.43); 493(336.33); 494(155.68); 495(474.45); 496(747.52); 497(628.73); 498(361.63); 499(538.64),1
27,0(372.51); 1(554.96); 2(925.75); 3(123.46); 4(16.26); 5(856.98); 6(534.11); 7(118.48); 8(377.24); 9(931.83); 10(912.55); 11(187.87); 12(370.6); 13(39.47); 14(101.44); 15(716.87); 16(426.61); 17(521.86); 18(734.03); 19(994.02); 20(168.38); 21(774.44); 22(935.3); 23(783.0); 24(329.95); 25(574.01); 26(806.77); 28(958.6); 29(993.73); 30(578.89); 31(980.53); 32(366.96); 33(945.56); 34(132.76); 35(246.92); 36(502.78); 37(872.31); 38(77.71); 39(722.32); 40(997.54); 41(279.73); 42(398.41); 43(938.34); 44(75.23); 45(499.0); 46(409.31); 47(973.95); 48(262.84); 49(587.9); 50(332.94); 51(962.56); 52(543.49); 53(69.27); 54(816.06); 55(260.25); 56(54.94); 57(710.61); 58(826.5); 59(148.88); 60(176.18); 61(2.87); 62(517.52); 63(991.41); 64(909.25); 65(805.99); 66(359.5); 67(66.1); 68(431.37); 69(334.13); 70(190.68); 71(465.7); 72(446.9); 73(118.67); 74(879.59); 75(581.0); 76(783.71); 77(794.15); 78(887.67); 79(604.17); 80(338.0); 81(711.26); 82(406.12); 83(133.75); 84(873.5); 85(96.94); 86(551.43); 87(318.33); 88(46.13); 89(657.47); 90(912.75); 91(758.87); 92(837.6); 93(9.1); 94(137.71); 95(935.77); 96(366.57); 97(381.99); 98(976.2); 99(311.31); 100(834.22); 101(587.92); 102(571.44); 103(198.25); 104(165.33); 105(705.55); 106(870.88); 107(808.58); 108(831.92); 109(500.66); 110(433.86); 111(647.94); 112(884.4); 113(513.64); 114(782.97); 115(346.82); 116(905.09); 117(253.28); 118(103.6); 119(652.77); 120(234.35); 121(559.42); 122(488.42); 123(286.77); 124(934.15); 125(317.67); 126(47.31); 127(609.52); 128(644.96); 129(936.02); 130(249.97); 131(353.21); 132(342.28); 133(873.73); 134(36.1); 135(675.23); 136(189.21); 137(542.95); 138(854.33); 139(127.4); 140(117.86); 141(874.42); 142(890.31); 143(728.57); 144(71.14); 145(580.44); 146(177.41); 147(483.79); 148(864.76); 149(212.36); 150(795.11); 151(56.97); 152(569.68); 153(175.36); 154(313.71); 155(927.84); 156(436.63); 157(408.13); 158(204.99); 159(590.73); 160(655.96); 161(266.78); 162(287.91); 163(272.83); 164(623.16); 165(785.04); 166(239.37); 167(38.24); 168(131.34); 169(598.4); 170(538.68); 171(142.61); 172(542.0); 173(289.85); 174(942.66); 175(568.22); 176(339.85); 177(475.64); 178(880.68); 179(14.26); 180(108.63); 181(233.96); 182(256.4); 183(194.93); 184(946.1); 185(878.33); 186(925.49); 187(379.33); 188(287.69); 189(775.72); 190(109.15); 191(142.44); 192(658.07); 193(86.7); 194(740.84); 195(133.04); 196(239.28); 197(198.08); 198(195.86); 199(371.98); 200(788.42); 201(627.28); 202(88.04); 203(313.82); 204(601.82); 205(855.04); 206(73.78); 207(283.82); 208(758.86); 209(48.6); 210(694.69); 211(903.18); 212(225.51); 213(442.44); 214(455.78); 215(30.01); 216(700.83); 217(581.13); 218(748.97); 219(189.43); 220(653.53); 221(341.79); 222(76.1); 223(35.73); 224(144.69); 225(941.63); 226(377.97); 227(963.72); 228(89.48); 229(654.35); 230(685.9); 231(910.07); 232(962.73); 233(78.19); 234(938.4); 235(775.95); 236(725.04); 237(484.27); 238(32.33); 239(436.78); 240(406.15); 241(71.73); 242(271.58); 243(922.76); 244(409.52); 245(902.72); 246(333.99); 247(91.76); 248(977.49); 249(318.49); 250(750.84); 251(488.82); 252(611.68); 253(428.82); 254(537.5); 255(782.17); 256(823.13); 257(62.74); 258(582.42); 259(647.41); 260(267.59); 261(555.9); 262(138.28); 263(252.63); 264(602.04); 265(867.55); 266(299.65); 267(776.47); 268(290.91); 269(321.62); 270(56.56); 271(898.9); 272(184.97); 273(460.74); 274(736.13); 275(945.97); 276(272.55); 277(931.21); 278(735.91); 279(307.3); 280(578.43); 281(534.07); 282(415.22); 283(971.93); 284(99.48); 285(503.57); 286(703.58); 287(694.92); 288(941.88); 289(168.26); 290(693.81); 291(609.71); 292(78.02); 293(784.16); 294(947.38); 295(62.19); 296(472.24); 297(497.94); 298(83.14); 299(395.59); 300(137.01); 301(610.84); 302(910.23); 303(802.61); 304(337.36); 305(117.13); 306(32.48); 307(693.52); 308(17.9); 309(463.08); 310(35.62); 311(840.18); 312(534.88); 313(85.89); 314(901.67); 315(164.41); 316(422.54); 317(744.69); 318(412.45); 319(949.26); 320(472.6); 321(209.85); 322(49.98); 323(898.84); 324(791.23); 325(430.39); 326(230.0); 327(657.92); 328(142.33); 329(297.9); 330(376.26); 331(522.71); 332(424.89); 333(97.09); 334(180.14); 335(207.08); 336(718.44); 337(324.89); 338(801.21); 339(819.21); 340(160.41); 341(912.7); 342(743.62); 343(552.96); 344(796.74); 345(936.4); 346(700.36); 347(501.95); 348(359.19); 349(748.37); 350(335.23); 351(27.34); 352(624.65); 353(75.89); 354(575.23); 355(319.58); 356(186.64); 357(135.37); 358(407.25); 359(504.6); 360(752.28); 361(680.77); 362(973.39); 363(271.36); 364(300.81); 365(884.97); 366(407.91); 367(706.7); 368(661.82); 369(540.61); 370(762.96); 371(102.58); 372(393.03); 373(767.32); 374(804.33); 375(384.11); 376(414.6); 377(795.37); 378(488.17); 379(304.12); 380(552.63); 381(58.51); 382(756.66); 383(508.2); 384(403.72); 385(634.5); 386(24.99); 387(577.64); 388(271.6); 389(33.05); 390(838.49); 391(156.9); 392(670.68); 393(451.62); 394(248.36); 395(980.63); 396(339.54); 397(734.36); 398(253.37); 399(856.65); 400(48.69); 401(320.07); 402(696.1); 403(723.82); 404(96.27); 405(649.95); 406(521.35); 407(818.95); 408(579.38); 409(925.75); 410(978.09); 411(204.86); 412(764.16); 413(154.32); 414(710.78); 415(149.36); 416(182.85); 417(692.22); 418(360.39); 419(695.41); 420(905.72); 421(83.1); 422(781.4); 423(532.6); 424(90.76); 425(509.5); 426(212.23); 427(961.67); 428(172.42); 429(438.9); 430(673.72); 431(979.01); 432(732.86); 433(346.24); 434(519.9); 435(660.29); 436(525.32); 437(996.85); 438(212.99); 439(971.62); 440(901.23); 441(65.93); 442(40.56); 443(279.34); 444(314.7); 445(380.97); 446(551.77); 447(902.34); 448(637.34); 449(122.0); 450(837.93); 451(892.06); 452(150.79); 453(202.25); 454(639.96); 455(920.18); 456(429.46); 457(251.21); 458(178.41); 459(637.98); 460(128.76); 461(839.02); 462(115.88); 463(953.96); 464(970.94); 465(195.08); 466(903.84); 467(839.78); 468(321.57); 469(923.82); 470(966.69); 471(777.52); 472(313.23); 473(4.87); 474(558.08); 475(625.83); 476(960.77); 477(962.83); 478(127.66); 479(665.71); 480(336.75); 481(195.85); 482(235.1); 483(32.3); 484(270.51); 485(918.55); 486(554.51); 487(932.89); 488(755.77); 489(95.25); 490(970.79); 491(779.79); 492(69.34); 493(699.39); 494(682.79); 495(735.31); 496(844.78); 497(738.75); 498(506.5); 499(112.36),1
28,0(439.45); 1(211.47); 2(694.32); 3(641.93); 4(933.97); 5(857.31); 6(490.77); 7(69.97); 8(794.6); 9(194.38); 10(85.41); 11(23.84); 12(161.73); 13(285.34); 14(65.77); 15(135.69); 16(41.64); 17(406.62); 18(362.29); 19(350.61); 20(308.95); 21(843.29); 22(351.13); 23(832.29); 24(190.46); 25(550.84); 26(883.62); 27(958.6); 29(926.88); 30(549.79); 31(476.26); 32(743.95); 33(716.65); 34(422.68); 35(970.61); 36(368.1); 37(975.9); 38(84.07); 39(97.09); 40(425.26); 41(446.59); 42(868.0); 43(625.07); 44(95.61); 45(762.18); 46(73.88); 47(843.17); 48(494.15); 49(866.93); 50(61.61); 51(772.5); 52(955.65); 53(56.3); 54(629.88); 55(966.83); 56(977.53); 57(605.84); 58(202.93); 59(463.06); 60(609.72); 61(506.36); 62(594.21); 63(709.73); 64(752.09); 65(721.2); 66(98.79); 67(589.82); 68(573.29); 69(899.99); 70(956.41); 71(106.32); 72(929.39); 73(509.86); 74(282.04); 75(259.64); 76(939.61); 77(113.29); 78(346.8); 79(855.33); 80(543.87); 81(38.0); 82(249.37); 83(186.14); 84(687.02); 85(542.04); 86(782.49); 87(135.56); 88(554.21); 89(628.04); 90(929.89); 91(760.18); 92(685.36); 93(366.69); 94(18.08); 95(377.27); 96(45.35); 97(684.53); 98(141.95); 99(618.99); 100(45.67); 101(819.42); 102(58.24); 103(904.79); 104(851.93); 105(427.37); 106(774.81); 107(232.06); 108(311.72); 109(818.92); 110(775.47); 111(432.99); 112(847.48); 113(117.0); 114(16.78); 115(844.45); 116(416.34); 117(296.9); 118(695.28); 119(980.74); 120(868.08); 121(179.63); 122(513.62); 123(802.71); 124(690.37); 125(626.11); 126(337.15); 127(408.81); 128(812.57); 129(559.09); 130(935.88); 131(729.38); 132(175.81); 133(747.62); 134(410.16); 135(804.76); 136(152.56); 137(179.73); 138(992.52); 139(913.19); 140(282.74); 141(281.91); 142(157.15); 143(881.99); 144(644.38); 145(438.33); 146(728.72); 147(128.85); 148(46.56); 149(449.78); 150(279.66); 151(439.6); 152(16.94); 153(804.78); 154(50.16); 155(672.57); 156(292.42); 157(827.56); 158(65.21); 159(318.09); 160(292.69); 161(29.35); 162(900.74); 163(139.98); 164(69.99); 165(574.2); 166(483.87); 167(423.83); 168(294.16); 169(180.42); 170(645.3); 171(229.6); 172(314.95); 173(424.6); 174(780.41); 175(957.13); 176(897.24); 177(358.95); 178(67.02); 179(333.39); 180(771.96); 181(436.56); 182(187.81); 183(830.68); 184(902.32); 185(535.82); 186(767.06); 187(960.67); 188(656.46); 189(779.57); 190(106.61); 191(850.76); 192(781.53); 193(6.77); 194(625.79); 195(393.57); 196(606.16); 197(233.34); 198(663.15); 199(47.24); 200(562.63); 201(862.6); 202(162.22); 203(885.77); 204(873.43); 205(315.94); 206(440.35); 207(487.02); 208(112.41); 209(15.14); 210(357.02); 211(574.55); 212(147.9); 213(760.87); 214(359.4); 215(884.91); 216(712.22); 217(209.99); 218(465.85); 219(694.76); 220(274.41); 221(668.76); 222(408.9); 223(674.36); 224(636.87); 225(378.86); 226(353.96); 227(294.74); 228(97.5); 229(516.82); 230(566.89); 231(356.8); 232(99.72); 233(190.09); 234(617.06); 235(74.22); 236(29.95); 237(73.99); 238(282.45); 239(255.64); 240(7.83); 241(75.53); 242(939.71); 243(999.69); 244(432.89); 245(394.48); 246(554.69); 247(588.46); 248(25.5); 249(69.73); 250(530.94); 251(551.19); 252(422.09); 253(800.34); 254(476.69); 255(669.72); 256(930.3); 257(99.8); 258(991.6); 259(467.03); 260(837.34); 261(559.2); 262(554.15); 263(252.03); 264(321.1); 265(724.43); 266(777.33); 267(970.98); 268(185.66); 269(569.04); 270(825.25); 271(763.75); 272(558.35); 273(318.14); 274(518.37); 275(364.63); 276(313.98); 277(364.53); 278(232.54); 279(599.05); 280(792.85); 281(237.82); 282(168.99); 283(247.83); 284(840.16); 285(36.97); 286(154.44); 287(380.23); 288(959.56); 289(363.02); 290(852.73); 291(756.64); 292(688.62); 293(891.01); 294(868.96); 295(752.68); 296(928.77); 297(739.32); 298(360.58); 299(679.46); 300(707.29); 301(831.65); 302(362.01); 303(791.4); 304(74.47); 305(808.47); 306(651.95); 307(17.59); 308(710.6); 309(113.67); 310(259.29); 311(782.73); 312(415.36); 313(339.98); 314(933.89); 315(261.22); 316(925.21); 317(146.77); 318(847.68); 319(18.4); 320(320.14); 321(154.26); 322(285.45); 323(95.49); 324(188.96); 325(898.75); 326(550.88); 327(366.34); 328(347.39); 329(965.55); 330(288.51); 331(467.25); 332(768.58); 333(242.34); 334(409.25); 335(26.0); 336(483.01); 337(571.23); 338(829.67); 339(968.83); 340(987.74); 341(875.35); 342(662.02); 343(718.11); 344(269.07); 345(674.56); 346(297.16); 347(761.39); 348(593.89); 349(617.94); 350(439.62); 351(841.67); 352(354.62); 353(417.58); 354(479.39); 355(460.99); 356(86.12); 357(462.35); 358(472.91); 359(44.27); 360(70.61); 361(93.46); 362(467.15); 363(217.26); 364(237.25); 365(291.19); 366(817.36); 367(659.2); 368(279.72); 369(699.27); 370(141.99); 371(433.29); 372(774.11); 373(873.93); 374(565.03); 375(571.82); 376(600.4); 377(47.75); 378(77.59); 379(375.34); 380(118.29); 381(383.66); 382(915.09); 383(597.3); 384(971.86); 385(639.64); 386(414.9); 387(296.13); 388(241.7); 389(581.51); 390(899.66); 391(606.32); 392(169.54); 393(27.79); 394(743.45); 395(263.16); 396(255.49); 397(939.38); 398(446.22); 399(914.67); 400(717.34); 401(126.49); 402(892.75); 403(186.58); 404(14.65); 405(769.87); 406(134.69); 407(546.83); 408(260.19); 409(591.07); 410(667.69); 411(264.68); 412(578.95); 413(854.05); 414(67.3); 415(212.77); 416(772.55); 417(11.27); 418(182.15); 419(167.92); 420(543.33); 421(962.02); 422(992.31); 423(944.04); 424(756.44); 425(631.78); 426(141.3); 427(819.42); 428(291.44); 429(502.96); 430(136.48); 431(145.06); 432(648.38); 433(279.63); 434(444.83); 435(445.51); 436(196.87); 437(248.29); 438(919.77); 439(55.6); 440(553.1); 441(203.43); 442(820.63); 443(974.52); 444(380.53); 445(118.61); 446(707.17); 447(162.4); 448(523.34); 449(722.2); 450(630.75); 451(235.26); 452(499.86); 453(885.26); 454(785.42); 455(327.96); 456(457.0); 457(336.71); 458(808.68); 459(257.75); 460(422.69); 461(15.99); 462(522.83); 463(835.57); 464(6.87); 465(499.97); 466(554.7); 467(113.33); 468(870.22); 469(79.63); 470(428.34); 471(65.72); 472(63.31); 473(308.45); 474(57.27); 475(561.49); 476(825.63); 477(150.78); 478(34.51); 479(350.57); 480(655.46); 481(930.91); 482(211.08); 483(718.28); 484(19.83); 485(858.82); 486(261.55); 487(340.44); 488(152.27); 489(320.18); 490(706.07); 491(403.07); 492(970.42); 493(285.8); 494(183.07); 495(374.11); 496(623.66); 497(825.52); 498(330.78); 499(612.27),1
29,0(872.98); 1(317.49); 2(211.55); 3(430.25); 4(909.57); 5(455.59); 6(39.35); 7(119.96); 8(100.01); 9(73.89); 10(533.71); 11(913.19); 12(201.77); 13(408.41); 14(910.45); 15(637.2); 16(318.24); 17(791.53); 18(523.51); 19(732.44); 20(776.64); 21(426.45); 22(206.95); 23(360.18); 24(250.52); 25(748.5); 26(938.22); 27(993.73); 28(926.88); 30(276.57); 31(800.18); 32(468.38); 33(439.75); 34(567.78); 35(310.48); 36(323.84); 37(91.17); 38(529.37); 39(245.75); 40(915.87); 41(482.48); 42(962.8); 43(529.15); 44(507.91); 45(578.62); 46(219.0); 47(665.46); 48(289.92); 49(474.25); 50(440.0); 51(627.81); 52(57.7); 53(373.92); 54(36.52); 55(770.58); 56(313.18); 57(244.94); 58(428.31); 59(337.16); 60(307.23); 61(617.16); 62(157.44); 63(171.49); 64(813.05); 65(636.85); 66(669.42); 67(544.22); 68(707.38); 69(952.64); 70(693.37); 71(658.09); 72(877.5); 73(913.48); 74(588.84); 75(112.94); 76(772.91); 77(664.58); 78(74.07); 79(861.49); 80(119.51); 81(52.5); 82(570.83); 83(664.68); 84(766.53); 85(885.83); 86(564.63); 87(728.2); 88(858.99); 89(757.57); 90(520.38); 91(821.58); 92(206.63); 93(371.45); 94(599.77); 95(137.73); 96(775.19); 97(833.2); 98(965.51); 99(868.76); 100(28.86); 101(522.11); 102(303.17); 103(416.16); 104(800.6); 105(840.21); 106(123.27); 107(4.02); 108(305.21); 109(225.16); 110(913.46); 111(718.43); 112(325.24); 113(194.2); 114(788.12); 115(164.74); 116(595.64); 117(85.56); 118(320.6); 119(261.13); 120(264.33); 121(878.53); 122(962.34); 123(697.39); 124(684.49); 125(991.11); 126(932.17); 127(269.97); 128(567.86); 129(861.5); 130(663.88); 131(670.39); 132(651.33); 133(458.96); 134(807.95); 135(67.0); 136(172.05); 137(379.64); 138(745.58); 139(603.65); 140(567.6); 141(782.93); 142(609.56); 143(698.96); 144(745.1); 145(614.84); 146(21.16); 147(700.18); 148(809.33); 149(636.23); 150(80.99); 151(325.0); 152(395.01); 153(721.0); 154(78.26); 155(498.02); 156(932.92); 157(35.12); 158(521.07); 159(205.37); 160(470.82); 161(879.11); 162(31.45); 163(461.94); 164(811.62); 165(525.32); 166(627.86); 167(44.09); 168(333.43); 169(400.32); 170(582.66); 171(25.29); 172(291.77); 173(207.76); 174(608.39); 175(755.28); 176(764.85); 177(918.24); 178(748.28); 179(629.22); 180(344.96); 181(607.81); 182(185.84); 183(468.32); 184(924.21); 185(305.44); 186(531.53); 187(574.41); 188(698.54); 189(0.67); 190(237.7); 191(9.05); 192(265.26); 193(145.92); 194(6.9); 195(408.03); 196(17.59); 197(208.65); 198(531.89); 199(820.56); 200(165.16); 201(585.23); 202(122.05); 203(323.36); 204(310.97); 205(230.47); 206(464.82); 207(580.6); 208(66.27); 209(163.95); 210(712.95); 211(640.98); 212(731.37); 213(559.93); 214(898.58); 215(689.53); 216(236.81); 217(885.02); 218(618.91); 219(743.12); 220(165.36); 221(915.09); 222(946.02); 223(672.64); 224(122.64); 225(648.0); 226(927.07); 227(244.31); 228(551.7); 229(967.6); 230(269.39); 231(203.39); 232(947.72); 233(213.2); 234(220.05); 235(388.91); 236(234.69); 237(989.41); 238(460.07); 239(370.2); 240(975.56); 241(350.56); 242(5.93); 243(42.51); 244(762.8); 245(914.47); 246(272.84); 247(512.83); 248(290.8); 249(768.28); 250(258.13); 251(529.31); 252(628.52); 253(721.83); 254(567.59); 255(750.86); 256(156.19); 257(763.33); 258(578.82); 259(781.06); 260(692.14); 261(50.48); 262(281.74); 263(609.86); 264(307.6); 265(828.41); 266(16.0); 267(29.92); 268(475.72); 269(150.09); 270(208.37); 271(505.94); 272(835.82); 273(437.3); 274(582.24); 275(234.58); 276(780.01); 277(667.29); 278(962.58); 279(717.94); 280(799.38); 281(802.44); 282(516.25); 283(975.06); 284(170.0); 285(630.6); 286(413.56); 287(273.94); 288(286.73); 289(75.98); 290(173.8); 291(226.34); 292(181.68); 293(474.8); 294(185.18); 295(235.97); 296(154.1); 297(150.76); 298(911.82); 299(0.99); 300(931.61); 301(994.58); 302(161.18); 303(258.42); 304(133.77); 305(606.79); 306(448.13); 307(633.15); 308(153.25); 309(218.9); 310(705.58); 311(833.18); 312(220.21); 313(177.47); 314(63.51); 315(809.77); 316(446.3); 317(928.59); 318(772.61); 319(984.43); 320(564.83); 321(646.09); 322(659.51); 323(814.7); 324(598.53); 325(274.2); 326(199.88); 327(528.17); 328(772.35); 329(221.65); 330(232.82); 331(74.41); 332(868.35); 333(947.58); 334(289.59); 335(851.93); 336(29.99); 337(794.92); 338(429.45); 339(714.69); 340(910.73); 341(548.82); 342(853.71); 343(849.92); 344(217.8); 345(692.61); 346(971.31); 347(6.84); 348(154.69); 349(499.47); 350(406.35); 351(120.48); 352(579.7); 353(294.11); 354(937.65); 355(309.08); 356(78.66); 357(447.54); 358(958.92); 359(100.77); 360(221.1); 361(382.23); 362(996.4); 363(424.57); 364(282.43); 365(791.5); 366(319.89); 367(958.66); 368(937.6); 369(770.26); 370(887.59); 371(906.26); 372(697.58); 373(326.13); 374(253.91); 375(275.67); 376(676.58); 377(869.16); 378(255.27); 379(592.4); 380(224.81); 381(264.43); 382(861.42); 383(785.73); 384(86.77); 385(614.23); 386(848.78); 387(588.18); 388(170.14); 389(904.03); 390(842.59); 391(645.26); 392(323.98); 393(120.72); 394(226.53); 395(344.02); 396(678.72); 397(421.41); 398(41.55); 399(733.38); 400(272.26); 401(110.0); 402(975.45); 403(881.97); 404(583.81); 405(417.31); 406(85.87); 407(167.73); 408(720.04); 409(763.81); 410(70.45); 411(135.82); 412(553.29); 413(198.22); 414(480.39); 415(702.95); 416(541.39); 417(618.68); 418(141.67); 419(819.07); 420(809.95); 421(359.29); 422(823.03); 423(963.44); 424(240.46); 425(521.65); 426(504.31); 427(718.06); 428(458.02); 429(116.96); 430(773.1); 431(214.57); 432(337.62); 433(960.61); 434(465.94); 435(203.21); 436(39.59); 437(409.6); 438(534.3); 439(950.6); 440(618.16); 441(777.33); 442(6.6); 443(557.17); 444(590.5); 445(630.57); 446(941.22); 447(543.57); 448(230.15); 449(517.42); 450(327.36); 451(96.98); 452(246.99); 453(555.12); 454(774.33); 455(861.82); 456(297.91); 457(69.64); 458(475.02); 459(715.74); 460(945.7); 461(887.78); 462(499.76); 463(373.26); 464(803.35); 465(468.54); 466(674.4); 467(343.34); 468(88.75); 469(925.57); 470(621.26); 471(760.47); 472(749.2); 473(564.55); 474(226.64); 475(356.63); 476(383.81); 477(405.36); 478(33.56); 479(688.98); 480(718.11); 481(279.0); 482(744.66); 483(845.71); 484(121.41); 485(334.46); 486(353.44); 487(215.77); 488(774.53); 489(111.02); 490(539.09); 491(900.66); 492(686.11); 493(242.24); 494(587.91); 495(877.87); 496(306.67); 497(753.26); 498(660.3); 499(954.89),1
30,0(254.78); 1(950.88); 2(252.75); 3(828.05); 4(953.18); 5(951.28); 6(203.17); 7(880.96); 8(213.03); 9(496.03); 10(217.24); 11(6.52); 12(149.08); 13(132.79); 14(881.19); 15(742.13); 16(268.31); 17(58.14); 18(297.52); 19(583.12); 20(857.03); 21(477.35); 22(771.3); 23(101.25); 24(832.81); 25(946.35); 26(497.29); 27(578.89); 28(549.79); 29(276.57); 31(874.98); 32(837.91); 33(919.93); 34(858.35); 35(59.14); 36(172.91); 37(808.58); 38(808.88); 39(435.27); 40(216.64); 41(313.23); 42(527.76); 43(480.42); 44(700.81); 45(100.05); 46(103.4); 47(158.45); 48(723.34); 49(78.14); 50(645.17); 51(245.91); 52(820.26); 53(22.07); 54(659.17); 55(506.12); 56(806.91); 57(989.36); 58(817.66); 59(751.97); 60(224.5); 61(506.67); 62(303.47); 63(174.21); 64(714.3); 65(520.95); 66(473.53); 67(569.91); 68(198.08); 69(9.11); 70(442.38); 71(821.04); 72(583.22); 73(817.75); 74(825.36); 75(632.89); 76(570.05); 77(404.06); 78(724.51); 79(584.67); 80(371.27); 81(18.99); 82(316.71); 83(701.66); 84(83.97); 85(887.77); 86(738.74); 87(647.03); 88(597.69); 89(415.9); 90(338.79); 91(810.26); 92(612.97); 93(72.08); 94(755.97); 95(56.09); 96(578.71); 97(111.74); 98(652.86); 99(157.82); 100(159.53); 101(878.16); 102(628.44); 103(866.95); 104(389.36); 105(25.8); 106(639.31); 107(997.8); 108(972.1); 109(364.28); 110(52.75); 111(89.73); 112(959.14); 113(997.94); 114(232.46); 115(219.78); 116(109.2); 117(676.96); 118(338.19); 119(318.37); 120(79.58); 121(123.05); 122(449.41); 123(418.88); 124(433.3); 125(155.57); 126(939.17); 127(694.14); 128(64.37); 129(98.68); 130(796.54); 131(25.43); 132(380.1); 133(191.3); 134(144.88); 135(322.12); 136(316.78); 137(583.45); 138(322.65); 139(503.13); 140(453.91); 141(939.87); 142(998.22); 143(361.16); 144(41.77); 145(831.1); 146(239.41); 147(539.21); 148(386.95); 149(542.7); 150(836.47); 151(782.16); 152(915.45); 153(493.39); 154(137.22); 155(511.24); 156(449.65); 157(352.96); 158(407.54); 159(878.28); 160(479.13); 161(854.34); 162(115.44); 163(109.97); 164(131.04); 165(441.92); 166(847.43); 167(665.93); 168(243.14); 169(412.85); 170(323.35); 171(819.39); 172(562.64); 173(536.76); 174(664.33); 175(441.04); 176(821.87); 177(722.56); 178(311.0); 179(767.11); 180(264.0); 181(912.76); 182(228.13); 183(766.92); 184(737.16); 185(592.78); 186(605.01); 187(597.99); 188(966.43); 189(308.66); 190(776.68); 191(587.06); 192(659.97); 193(578.1); 194(196.59); 195(910.4); 196(878.29); 197(483.26); 198(123.86); 199(389.37); 200(960.47); 201(796.52); 202(597.67); 203(911.07); 204(836.87); 205(926.29); 206(603.68); 207(929.83); 208(846.88); 209(32.54); 210(537.94); 211(264.77); 212(889.89); 213(213.31); 214(454.99); 215(777.14); 216(886.33); 217(682.87); 218(579.06); 219(318.28); 220(824.69); 221(555.31); 222(137.79); 223(32.87); 224(84.75); 225(748.29); 226(975.94); 227(350.24); 228(545.72); 229(825.9); 230(63.28); 231(770.24); 232(136.76); 233(620.83); 234(67.05); 235(396.83); 236(747.12); 237(568.63); 238(196.07); 239(681.77); 240(552.28); 241(175.55); 242(140.23); 243(554.34); 244(834.12); 245(250.02); 246(302.37); 247(434.72); 248(759.38); 249(614.58); 250(426.77); 251(403.92); 252(356.17); 253(52.62); 254(806.77); 255(225.0); 256(971.85); 257(160.46); 258(110.74); 259(247.65); 260(422.31); 261(126.4); 262(312.89); 263(121.72); 264(306.89); 265(494.08); 266(859.96); 267(426.52); 268(33.02); 269(18.86); 270(129.72); 271(831.99); 272(545.63); 273(936.22); 274(492.26); 275(645.49); 276(789.25); 277(944.03); 278(178.26); 279(470.73); 280(76.82); 281(444.31); 282(89.54); 283(389.68); 284(185.87); 285(966.47); 286(904.49); 287(997.75); 288(731.01); 289(73.4); 290(436.97); 291(379.39); 292(761.13); 293(862.86); 294(566.92); 295(461.18); 296(46.26); 297(277.54); 298(354.54); 299(880.58); 300(775.24); 301(568.63); 302(422.72); 303(460.76); 304(737.9); 305(550.56); 306(312.15); 307(960.72); 308(427.4); 309(5.88); 310(479.07); 311(841.26); 312(447.45); 313(409.92); 314(228.74); 315(142.67); 316(134.2); 317(615.51); 318(540.17); 319(827.56); 320(971.46); 321(98.92); 322(770.07); 323(664.54); 324(836.12); 325(873.25); 326(335.81); 327(69.49); 328(137.57); 329(623.7); 330(283.18); 331(4.98); 332(641.17); 333(666.08); 334(515.24); 335(10.63); 336(849.83); 337(339.54); 338(644.62); 339(583.04); 340(231.15); 341(21.7); 342(201.99); 343(260.01); 344(294.08); 345(209.82); 346(454.31); 347(245.79); 348(389.27); 349(657.74); 350(232.74); 351(85.06); 352(730.24); 353(630.82); 354(742.63); 355(611.64); 356(41.37); 357(252.05); 358(956.65); 359(797.87); 360(871.13); 361(762.89); 362(770.69); 363(281.54); 364(375.72); 365(173.4); 366(947.97); 367(261.99); 368(935.07); 369(591.25); 370(196.99); 371(723.6); 372(812.9); 373(221.42); 374(734.14); 375(145.98); 376(169.36); 377(608.86); 378(991.46); 379(777.34); 380(604.14); 381(994.91); 382(981.8); 383(407.89); 384(467.69); 385(468.64); 386(364.75); 387(74.4); 388(537.63); 389(503.74); 390(273.07); 391(248.28); 392(125.85); 393(554.62); 394(382.16); 395(216.74); 396(967.53); 397(921.56); 398(546.21); 399(580.31); 400(563.83); 401(382.05); 402(373.39); 403(914.65); 404(735.74); 405(453.82); 406(929.11); 407(983.14); 408(492.32); 409(593.81); 410(923.0); 411(275.56); 412(155.84); 413(159.47); 414(652.52); 415(886.57); 416(414.12); 417(705.52); 418(199.4); 419(507.76); 420(345.83); 421(139.0); 422(853.69); 423(459.81); 424(6.59); 425(234.65); 426(964.95); 427(351.84); 428(755.71); 429(201.83); 430(242.58); 431(662.28); 432(713.54); 433(977.53); 434(379.87); 435(922.05); 436(983.54); 437(890.82); 438(705.81); 439(910.78); 440(874.47); 441(175.84); 442(402.47); 443(577.85); 444(216.33); 445(130.09); 446(104.63); 447(489.63); 448(777.24); 449(203.02); 450(74.81); 451(723.94); 452(618.28); 453(722.83); 454(230.77); 455(583.09); 456(304.15); 457(348.37); 458(445.14); 459(21.63); 460(842.88); 461(331.78); 462(333.6); 463(252.63); 464(530.44); 465(54.48); 466(439.02); 467(612.48); 468(528.67); 469(605.1); 470(543.74); 471(920.02); 472(330.31); 473(694.75); 474(974.4); 475(290.2); 476(560.24); 477(575.87); 478(271.92); 479(92.91); 480(693.91); 481(592.0); 482(425.43); 483(331.57); 484(523.96); 485(389.37); 486(662.67); 487(141.42); 488(323.48); 489(465.16); 490(58.37); 491(828.26); 492(842.66); 493(649.95); 494(650.83); 495(749.98); 496(383.27); 497(438.42); 498(430.83); 499(379.23),1
31,0(185.88); 1(570.02); 2(183.02); 3(469.25); 4(51.24); 5(877.33); 6(788.9); 7(696.21); 8(727.91); 9(331.07); 10(629.46); 11(42.07); 12(577.8); 13(822.7); 14(657.82); 15(728.26); 16(109.49); 17(58.35); 18(273.34); 19(228.17); 20(153.95); 21(307.89); 22(826.43); 23(351.53); 24(731.83); 25(694.85); 26(611.11); 27(980.53); 28(476.26); 29(800.18); 30(874.98); 32(752.81); 33(144.28); 34(549.15); 35(434.13); 36(411.79); 37(391.16); 38(732.11); 39(697.9); 40(54.48); 41(669.87); 42(910.4); 43(761.57); 44(398.33); 45(193.94); 46(827.93); 47(273.08); 48(887.02); 49(808.19); 50(633.4); 51(690.88); 52(726.94); 53(17.11); 54(72.71); 55(631.96); 56(749.47); 57(289.83); 58(209.27); 59(175.41); 60(32.15); 61(417.95); 62(448.05); 63(117.37); 64(765.45); 65(273.88); 66(216.71); 67(618.22); 68(256.17); 69(433.82); 70(583.05); 71(761.94); 72(738.82); 73(116.04); 74(63.89); 75(835.84); 76(411.38); 77(727.98); 78(397.04); 79(365.07); 80(986.5); 81(146.58); 82(388.13); 83(305.42); 84(703.17); 85(398.46); 86(744.11); 87(558.49); 88(691.94); 89(376.37); 90(917.98); 91(574.41); 92(247.41); 93(466.7); 94(909.6); 95(231.6); 96(930.99); 97(208.3); 98(539.9); 99(750.57); 100(348.89); 101(867.28); 102(365.66); 103(211.5); 104(763.21); 105(372.47); 106(927.24); 107(235.05); 108(346.77); 109(347.93); 110(822.02); 111(128.79); 112(12.77); 113(717.91); 114(97.73); 115(681.11); 116(245.68); 117(900.15); 118(324.76); 119(582.42); 120(53.6); 121(477.56); 122(682.69); 123(975.52); 124(386.9); 125(172.22); 126(652.68); 127(723.25); 128(701.99); 129(174.18); 130(210.3); 131(727.85); 132(94.07); 133(429.91); 134(542.7); 135(292.01); 136(914.23); 137(302.71); 138(402.2); 139(255.8); 140(494.75); 141(826.83); 142(229.16); 143(946.07); 144(394.78); 145(851.46); 146(667.75); 147(465.29); 148(621.22); 149(618.51); 150(316.65); 151(475.52); 152(211.55); 153(508.69); 154(320.32); 155(263.07); 156(371.56); 157(607.63); 158(190.98); 159(636.41); 160(789.83); 161(960.24); 162(377.03); 163(564.84); 164(186.8); 165(459.02); 166(959.6); 167(56.72); 168(560.96); 169(380.29); 170(340.52); 171(71.07); 172(37.09); 173(696.31); 174(213.49); 175(969.13); 176(393.47); 177(270.49); 178(378.11); 179(339.05); 180(944.63); 181(465.3); 182(983.77); 183(62.94); 184(664.16); 185(464.92); 186(895.47); 187(628.78); 188(683.4); 189(92.47); 190(844.7); 191(126.3); 192(93.08); 193(104.72); 194(482.89); 195(335.49); 196(144.08); 197(86.68); 198(930.1); 199(54.54); 200(493.02); 201(374.43); 202(72.36); 203(526.52); 204(245.05); 205(701.52); 206(937.14); 207(893.79); 208(60.21); 209(287.23); 210(789.76); 211(264.37); 212(901.32); 213(881.61); 214(875.89); 215(535.82); 216(74.93); 217(999.0); 218(976.74); 219(598.22); 220(822.13); 221(709.91); 222(281.78); 223(904.76); 224(591.75); 225(709.76); 226(953.27); 227(835.8); 228(237.36); 229(638.3); 230(717.05); 231(636.4); 232(371.77); 233(349.58); 234(498.2); 235(207.2); 236(180.83); 237(829.41); 238(956.24); 239(735.35); 240(181.23); 241(402.79); 242(184.36); 243(345.5); 244(910.15); 245(639.69); 246(813.86); 247(41.66); 248(669.08); 249(736.95); 250(729.8); 251(542.73); 252(721.08); 253(243.02); 254(4.93); 255(838.1); 256(711.14); 257(392.6); 258(31.06); 259(359.01); 260(256.58); 261(147.78); 262(751.49); 263(543.19); 264(33.97); 265(981.54); 266(510.72); 267(391.18); 268(93.05); 269(927.03); 270(520.66); 271(603.8); 272(569.76); 273(41.53); 274(798.99); 275(387.06); 276(672.09); 277(525.34); 278(836.81); 279(721.62); 280(242.84); 281(928.62); 282(775.14); 283(633.34); 284(794.18); 285(515.81); 286(593.41); 287(197.08); 288(322.93); 289(402.32); 290(838.4); 291(631.84); 292(788.82); 293(600.88); 294(506.61); 295(140.81); 296(394.19); 297(408.11); 298(986.71); 299(333.86); 300(206.39); 301(318.1); 302(570.68); 303(459.07); 304(309.32); 305(444.24); 306(66.63); 307(358.33); 308(182.56); 309(706.79); 310(245.67); 311(581.79); 312(513.72); 313(647.4); 314(494.56); 315(771.02); 316(234.68); 317(352.73); 318(492.89); 319(146.09); 320(292.91); 321(136.4); 322(247.86); 323(358.63); 324(918.69); 325(800.18); 326(503.14); 327(449.66); 328(925.94); 329(852.87); 330(497.05); 331(737.45); 332(800.06); 333(495.08); 334(778.31); 335(812.64); 336(464.04); 337(222.47); 338(110.98); 339(487.21); 340(109.24); 341(176.75); 342(934.4); 343(683.56); 344(774.22); 345(368.42); 346(114.78); 347(223.67); 348(772.88); 349(34.79); 350(949.83); 351(281.21); 352(354.01); 353(420.51); 354(679.48); 355(403.32); 356(256.61); 357(593.36); 358(537.15); 359(968.23); 360(249.43); 361(273.23); 362(479.85); 363(480.62); 364(481.18); 365(97.17); 366(15.11); 367(93.32); 368(463.47); 369(925.99); 370(546.86); 371(687.89); 372(776.23); 373(765.69); 374(553.64); 375(475.5); 376(381.93); 377(652.1); 378(966.9); 379(801.9); 380(90.12); 381(908.35); 382(572.68); 383(859.89); 384(428.49); 385(458.14); 386(182.6); 387(56.51); 388(518.27); 389(933.9); 390(579.5); 391(405.49); 392(194.63); 393(507.21); 394(215.26); 395(240.0); 396(64.56); 397(551.69); 398(763.06); 399(256.69); 400(510.09); 401(385.65); 402(547.29); 403(169.09); 404(561.01); 405(167.54); 406(206.78); 407(446.02); 408(133.61); 409(16.54); 410(706.52); 411(294.86); 412(553.43); 413(508.24); 414(416.7); 415(194.11); 416(33.07); 417(552.57); 418(654.14); 419(106.73); 420(514.68); 421(132.26); 422(203.83); 423(468.98); 424(379.39); 425(907.61); 426(365.31); 427(414.11); 428(627.64); 429(825.89); 430(712.21); 431(392.93); 432(951.8); 433(889.39); 434(204.09); 435(556.86); 436(455.83); 437(437.44); 438(846.66); 439(598.32); 440(234.67); 441(268.9); 442(361.0); 443(430.98); 444(97.03); 445(567.92); 446(7.64); 447(148.45); 448(430.58); 449(71.38); 450(981.08); 451(107.35); 452(984.08); 453(855.62); 454(316.88); 455(550.86); 456(546.96); 457(686.53); 458(259.43); 459(841.02); 460(860.08); 461(184.21); 462(69.67); 463(552.04); 464(721.47); 465(617.98); 466(481.14); 467(775.5); 468(291.36); 469(727.19); 470(120.02); 471(185.98); 472(566.47); 473(472.13); 474(283.8); 475(775.93); 476(398.2); 477(31.23); 478(987.83); 479(172.93); 480(365.27); 481(90.79); 482(854.82); 483(839.07); 484(643.35); 485(877.08); 486(87.89); 487(954.49); 488(619.21); 489(884.15); 490(190.37); 491(890.91); 492(804.87); 493(982.82); 494(251.02); 495(65.1); 496(711.78); 497(673.46); 498(893.48); 499(863.65),1
32,0(189.12); 1(366.02); 2(73.94); 3(752.3); 4(784.11); 5(873.13); 6(900.27); 7(811.77); 8(451.19); 9(898.68); 10(945.25); 11(179.3); 12(168.61); 13(734.7); 14(233.49); 15(736.33); 16(993.54); 17(500.32); 18(455.05); 19(818.0); 20(15.71); 21(873.59); 22(230.21); 23(191.14); 24(176.48); 25(200.97); 26(727.69); 27(366.96); 28(743.95); 29(468.38); 30(837.91); 31(752.81); 33(263.44); 34(275.01); 35(886.9); 36(811.62); 37(789.17); 38(221.7); 39(1.92); 40(973.59); 41(750.49); 42(828.78); 43(193.83); 44(815.36); 45(724.36); 46(970.77); 47(391.38); 48(90.08); 49(858.8); 50(764.24); 51(549.68); 52(609.63); 53(937.27); 54(611.05); 55(95.32); 56(745.33); 57(518.35); 58(483.26); 59(107.99); 60(789.27); 61(963.39); 62(465.45); 63(902.0); 64(70.63); 65(138.98); 66(226.69); 67(126.32); 68(290.41); 69(206.75); 70(423.3); 71(58.26); 72(455.58); 73(616.93); 74(234.63); 75(606.14); 76(235.52); 77(622.52); 78(250.82); 79(40.27); 80(226.02); 81(154.32); 82(851.31); 83(916.35); 84(848.89); 85(967.03); 86(24.61); 87(66.28); 88(749.55); 89(195.53); 90(871.41); 91(765.12); 92(479.3); 93(221.22); 94(793.47); 95(427.8); 96(548.38); 97(510.39); 98(805.3); 99(327.23); 100(760.15); 101(541.09); 102(784.96); 103(467.25); 104(544.3); 105(273.66); 106(847.81); 107(564.56); 108(830.32); 109(770.08); 110(658.72); 111(614.3); 112(46.2); 113(59.97); 114(342.47); 115(954.16); 116(351.85); 117(7.67); 118(815.87); 119(607.03); 120(809.37); 121(344.32); 122(141.93); 123(552.9); 124(413.45); 125(782.53); 126(946.59); 127(110.22); 128(681.15); 129(704.81); 130(30.84); 131(632.16); 132(324.8); 133(248.47); 134(634.19); 135(963.77); 136(631.48); 137(144.38); 138(363.13); 139(177.14); 140(749.72); 141(281.34); 142(952.9); 143(306.19); 144(900.69); 145(37.63); 146(264.27); 147(164.38); 148(733.32); 149(123.62); 150(783.04); 151(316.19); 152(319.86); 153(165.29); 154(566.93); 155(615.75); 156(913.67); 157(65.02); 158(511.93); 159(766.52); 160(211.26); 161(93.72); 162(981.64); 163(894.95); 164(13.97); 165(682.2); 166(138.18); 167(52.83); 168(276.58); 169(382.41); 170(161.74); 171(197.1); 172(329.18); 173(706.35); 174(766.97); 175(383.55); 176(73.89); 177(329.2); 178(311.82); 179(382.67); 180(905.64); 181(334.85); 182(856.15); 183(104.06); 184(378.78); 185(372.37); 186(630.63); 187(855.48); 188(18.13); 189(516.55); 190(529.79); 191(989.29); 192(248.0); 193(179.09); 194(392.73); 195(341.93); 196(848.23); 197(546.03); 198(765.73); 199(35.61); 200(220.05); 201(996.88); 202(774.06); 203(378.0); 204(993.64); 205(536.69); 206(321.15); 207(489.26); 208(829.19); 209(717.11); 210(949.63); 211(189.23); 212(539.03); 213(176.71); 214(612.64); 215(262.83); 216(698.96); 217(303.93); 218(329.35); 219(702.63); 220(979.28); 221(489.81); 222(92.67); 223(419.68); 224(730.13); 225(607.72); 226(518.44); 227(599.23); 228(66.97); 229(798.8); 230(286.14); 231(542.93); 232(348.93); 233(469.68); 234(231.04); 235(758.31); 236(683.48); 237(348.04); 238(192.88); 239(176.31); 240(442.25); 241(354.97); 242(413.46); 243(785.21); 244(829.8); 245(52.54); 246(562.18); 247(122.72); 248(75.63); 249(398.33); 250(127.28); 251(545.35); 252(623.41); 253(888.3); 254(612.12); 255(214.47); 256(691.69); 257(851.31); 258(56.96); 259(792.82); 260(3.28); 261(731.44); 262(562.85); 263(778.0); 264(301.0); 265(829.96); 266(949.23); 267(620.2); 268(667.87); 269(628.68); 270(724.78); 271(74.08); 272(224.63); 273(963.43); 274(160.34); 275(173.72); 276(99.93); 277(2.43); 278(787.29); 279(62.52); 280(941.53); 281(602.65); 282(351.89); 283(196.27); 284(577.83); 285(754.63); 286(717.3); 287(894.09); 288(257.18); 289(327.68); 290(156.16); 291(624.97); 292(988.95); 293(985.83); 294(489.12); 295(627.72); 296(581.98); 297(682.99); 298(959.65); 299(98.12); 300(286.13); 301(835.54); 302(499.61); 303(574.4); 304(243.95); 305(56.5); 306(284.34); 307(625.55); 308(352.79); 309(564.98); 310(318.46); 311(449.36); 312(859.67); 313(170.58); 314(350.13); 315(695.51); 316(527.93); 317(196.09); 318(242.94); 319(398.13); 320(465.3); 321(144.17); 322(466.22); 323(72.47); 324(494.36); 325(486.89); 326(120.96); 327(735.41); 328(442.31); 329(48.19); 330(422.98); 331(538.61); 332(35.62); 333(634.73); 334(121.39); 335(308.65); 336(805.59); 337(929.84); 338(88.19); 339(494.71); 340(103.6); 341(541.67); 342(998.81); 343(616.32); 344(631.47); 345(515.54); 346(452.2); 347(688.46); 348(303.49); 349(718.67); 350(759.08); 351(215.17); 352(881.2); 353(832.27); 354(650.05); 355(720.75); 356(595.92); 357(831.62); 358(328.22); 359(839.87); 360(64.28); 361(188.34); 362(818.37); 363(249.84); 364(950.52); 365(947.26); 366(591.31); 367(919.91); 368(593.86); 369(122.54); 370(851.77); 371(388.72); 372(959.07); 373(272.58); 374(534.99); 375(295.05); 376(460.08); 377(35.5); 378(94.41); 379(605.75); 380(274.48); 381(87.81); 382(90.66); 383(964.72); 384(789.32); 385(971.79); 386(668.01); 387(887.51); 388(961.09); 389(839.48); 390(464.49); 391(873.58); 392(536.3); 393(280.76); 394(422.8); 395(877.91); 396(86.66); 397(207.33); 398(961.21); 399(675.83); 400(601.28); 401(37.68); 402(656.27); 403(42.07); 404(894.77); 405(93.09); 406(388.13); 407(817.31); 408(234.31); 409(25.03); 410(680.57); 411(67.9); 412(888.09); 413(930.64); 414(850.26); 415(352.05); 416(634.94); 417(341.36); 418(21.82); 419(904.31); 420(992.05); 421(934.22); 422(402.46); 423(840.21); 424(818.9); 425(741.89); 426(102.54); 427(606.72); 428(108.23); 429(155.22); 430(360.22); 431(881.1); 432(257.07); 433(236.1); 434(259.25); 435(869.9); 436(271.59); 437(890.34); 438(245.79); 439(75.3); 440(258.98); 441(216.55); 442(402.85); 443(532.68); 444(444.88); 445(56.22); 446(231.14); 447(403.66); 448(311.98); 449(993.39); 450(438.09); 451(0.34); 452(64.64); 453(498.81); 454(989.47); 455(203.04); 456(301.37); 457(730.06); 458(812.8); 459(931.83); 460(292.34); 461(127.28); 462(842.85); 463(696.32); 464(464.34); 465(633.4); 466(982.89); 467(938.52); 468(35.34); 469(102.39); 470(901.09); 471(568.97); 472(832.54); 473(215.93); 474(321.42); 475(821.76); 476(87.22); 477(851.96); 478(385.47); 479(900.98); 480(482.1); 481(348.9); 482(107.22); 483(997.92); 484(73.72); 485(647.75); 486(134.83); 487(328.44); 488(155.42); 489(727.77); 490(625.7); 491(599.1); 492(976.88); 493(383.08); 494(17.04); 495(637.99); 496(35.94); 497(0.79); 498(429.64); 499(167.23),1
33,0(189.69); 1(84.43); 2(153.62); 3(771.38); 4(834.77); 5(689.88); 6(17.62); 7(195.28); 8(654.39); 9(525.03); 10(911.64); 11(280.2); 12(885.61); 13(413.04); 14(500.27); 15(476.4); 16(770.3); 17(270.35); 18(237.54); 19(469.4); 20(405.48); 21(456.11); 22(294.46); 23(0.6); 24(222.8); 25(84.85); 26(850.38); 27(945.56); 28(716.65); 29(439.75); 30(919.93); 31(144.28); 32(263.44); 34(733.48); 35(845.5); 36(946.27); 37(319.97); 38(640.29); 39(673.95); 40(92.96); 41(91.81); 42(658.84); 43(834.53); 44(164.26); 45(341.38); 46(54.54); 47(967.31); 48(421.67); 49(554.75); 50(537.25); 51(508.8); 52(624.63); 53(63.77); 54(966.95); 55(694.26); 56(1.7); 57(488.6); 58(751.8); 59(987.69); 60(935.96); 61(401.72); 62(601.73); 63(465.83); 64(413.38); 65(807.52); 66(966.7); 67(646.2); 68(896.54); 69(564.24); 70(508.3); 71(855.95); 72(123.55); 73(826.9); 74(741.42); 75(478.58); 76(249.56); 77(911.01); 78(263.26); 79(571.15); 80(803.74); 81(221.14); 82(284.3); 83(232.77); 84(684.02); 85(869.78); 86(259.07); 87(0.8); 88(192.62); 89(859.15); 90(313.53); 91(463.78); 92(992.47); 93(520.54); 94(477.59); 95(538.81); 96(821.6); 97(877.74); 98(254.9); 99(608.84); 100(552.42); 101(167.05); 102(806.87); 103(450.77); 104(675.44); 105(51.14); 106(114.17); 107(503.55); 108(311.4); 109(919.24); 110(406.9); 111(506.92); 112(700.13); 113(929.22); 114(782.04); 115(260.44); 116(289.05); 117(825.92); 118(726.49); 119(605.71); 120(731.6); 121(681.79); 122(918.65); 123(260.77); 124(661.26); 125(18.52); 126(202.11); 127(44.64); 128(87.63); 129(474.32); 130(895.22); 131(737.76); 132(814.96); 133(260.13); 134(975.66); 135(704.85); 136(317.86); 137(140.1); 138(31.5); 139(397.89); 140(355.85); 141(559.43); 142(748.42); 143(141.9); 144(568.6); 145(866.56); 146(209.87); 147(461.31); 148(843.22); 149(561.28); 150(582.87); 151(744.74); 152(693.05); 153(440.68); 154(734.04); 155(608.63); 156(256.2); 157(134.93); 158(148.82); 159(289.34); 160(511.7); 161(231.61); 162(976.17); 163(902.7); 164(836.81); 165(261.22); 166(645.06); 167(21.81); 168(308.44); 169(493.8); 170(369.12); 171(706.9); 172(643.86); 173(188.47); 174(928.5); 175(443.1); 176(149.76); 177(312.4); 178(165.12); 179(110.69); 180(961.83); 181(155.36); 182(854.65); 183(186.06); 184(461.25); 185(265.01); 186(33.94); 187(654.41); 188(856.46); 189(284.08); 190(661.78); 191(7.13); 192(939.81); 193(351.97); 194(299.26); 195(813.88); 196(243.87); 197(659.14); 198(509.58); 199(480.59); 200(449.31); 201(799.0); 202(797.12); 203(384.56); 204(244.15); 205(286.88); 206(179.88); 207(671.0); 208(349.92); 209(611.86); 210(247.98); 211(498.28); 212(844.55); 213(585.45); 214(377.07); 215(306.46); 216(402.7); 217(811.57); 218(218.11); 219(776.18); 220(345.78); 221(645.87); 222(392.33); 223(546.94); 224(292.86); 225(94.53); 226(286.76); 227(235.59); 228(276.54); 229(80.14); 230(504.58); 231(794.4); 232(469.79); 233(634.37); 234(891.05); 235(811.66); 236(72.97); 237(522.06); 238(689.76); 239(851.75); 240(652.33); 241(318.27); 242(804.28); 243(545.8); 244(615.55); 245(707.98); 246(938.46); 247(547.03); 248(99.42); 249(9.7); 250(750.7); 251(984.21); 252(866.37); 253(205.08); 254(513.31); 255(445.16); 256(745.99); 257(401.25); 258(396.04); 259(343.32); 260(644.74); 261(115.16); 262(721.53); 263(665.23); 264(90.75); 265(738.38); 266(802.84); 267(110.91); 268(163.58); 269(751.67); 270(426.97); 271(527.78); 272(261.73); 273(654.97); 274(944.15); 275(488.32); 276(676.72); 277(170.31); 278(326.61); 279(651.55); 280(441.48); 281(21.24); 282(858.42); 283(848.22); 284(681.78); 285(332.7); 286(189.19); 287(968.72); 288(517.09); 289(790.77); 290(629.75); 291(815.47); 292(507.35); 293(779.24); 294(933.68); 295(573.28); 296(261.4); 297(188.4); 298(750.6); 299(654.29); 300(117.37); 301(458.74); 302(856.62); 303(463.67); 304(549.91); 305(239.19); 306(861.24); 307(242.61); 308(763.97); 309(779.38); 310(444.65); 311(672.34); 312(963.02); 313(905.33); 314(210.43); 315(820.22); 316(920.44); 317(679.6); 318(315.53); 319(972.03); 320(116.26); 321(264.61); 322(670.53); 323(103.0); 324(51.68); 325(614.1); 326(120.17); 327(79.16); 328(712.92); 329(777.47); 330(442.53); 331(428.07); 332(346.09); 333(643.96); 334(162.44); 335(805.11); 336(103.29); 337(629.87); 338(88.88); 339(995.8); 340(538.63); 341(407.96); 342(847.87); 343(479.98); 344(623.52); 345(34.51); 346(608.83); 347(418.79); 348(435.59); 349(305.01); 350(445.94); 351(915.98); 352(560.32); 353(785.32); 354(500.78); 355(343.52); 356(671.13); 357(469.15); 358(776.85); 359(951.92); 360(488.99); 361(118.68); 362(550.89); 363(170.27); 364(965.04); 365(166.19); 366(875.07); 367(354.7); 368(617.14); 369(550.49); 370(950.89); 371(722.82); 372(88.68); 373(43.78); 374(286.34); 375(301.36); 376(202.09); 377(995.86); 378(113.41); 379(673.33); 380(262.23); 381(145.22); 382(744.01); 383(828.65); 384(751.17); 385(436.88); 386(935.72); 387(388.26); 388(358.8); 389(746.94); 390(59.21); 391(919.6); 392(208.86); 393(404.39); 394(522.88); 395(901.92); 396(465.25); 397(71.26); 398(129.84); 399(812.7); 400(924.68); 401(167.89); 402(765.85); 403(913.93); 404(362.59); 405(450.81); 406(502.37); 407(108.11); 408(379.33); 409(795.03); 410(767.87); 411(699.33); 412(822.34); 413(843.06); 414(279.07); 415(589.46); 416(802.3); 417(499.67); 418(36.36); 419(905.72); 420(794.49); 421(259.98); 422(296.59); 423(763.84); 424(970.48); 425(414.19); 426(322.82); 427(760.33); 428(362.99); 429(129.76); 430(388.96); 431(902.8); 432(56.2); 433(943.01); 434(378.62); 435(88.65); 436(816.83); 437(908.8); 438(828.24); 439(623.56); 440(649.53); 441(19.23); 442(904.24); 443(684.62); 444(720.02); 445(835.5); 446(601.27); 447(26.31); 448(559.15); 449(263.88); 450(139.14); 451(460.08); 452(45.51); 453(95.0); 454(554.55); 455(569.76); 456(751.47); 457(234.97); 458(481.96); 459(220.96); 460(473.2); 461(664.62); 462(585.65); 463(715.99); 464(65.06); 465(331.99); 466(147.96); 467(477.79); 468(864.85); 469(133.18); 470(239.8); 471(290.63); 472(497.69); 473(575.04); 474(165.88); 475(588.89); 476(950.01); 477(496.52); 478(289.13); 479(523.96); 480(186.5); 481(464.5); 482(844.12); 483(190.21); 484(920.6); 485(690.94); 486(591.8); 487(234.69); 488(324.62); 489(321.19); 490(963.09); 491(100.21); 492(291.41); 493(658.27); 494(547.88); 495(314.4); 496(0.64); 497(901.26); 498(792.98); 499(156.44),1
34,0(1.51); 1(126.73); 2(806.61); 3(42.73); 4(963.68); 5(890.76); 6(555.65); 7(553.87); 8(305.57); 9(538.85); 10(482.35); 11(663.38); 12(18.75); 13(348.58); 14(104.48); 15(246.32); 16(707.03); 17(316.98); 18(405.97); 19(354.11); 20(173.17); 21(815.67); 22(141.14); 23(118.22); 24(786.01); 25(554.31); 26(283.04); 27(132.76); 28(422.68); 29(567.78); 30(858.35); 31(549.15); 32(275.01); 33(733.48); 35(693.0); 36(945.5); 37(293.75); 38(991.31); 39(902.4); 40(900.56); 41(861.87); 42(256.78); 43(856.97); 44(646.06); 45(255.61); 46(664.48); 47(902.72); 48(736.4); 49(302.58); 50(791.28); 51(552.45); 52(488.69); 53(111.6); 54(740.25); 55(890.77); 56(463.82); 57(601.32); 58(782.25); 59(240.8); 60(438.9); 61(363.71); 62(412.94); 63(296.34); 64(732.02); 65(771.4); 66(566.73); 67(139.56); 68(807.08); 69(280.11); 70(332.03); 71(989.27); 72(422.38); 73(470.01); 74(86.95); 75(936.57); 76(755.04); 77(749.49); 78(458.02); 79(226.79); 80(379.82); 81(469.62); 82(412.93); 83(644.69); 84(714.39); 85(569.87); 86(20.98); 87(937.15); 88(112.9); 89(80.82); 90(651.28); 91(233.24); 92(217.65); 93(998.95); 94(411.17); 95(33.58); 96(373.58); 97(421.46); 98(828.77); 99(295.6); 100(486.31); 101(387.15); 102(412.64); 103(431.95); 104(209.41); 105(942.16); 106(186.49); 107(472.75); 108(110.22); 109(766.94); 110(986.06); 111(922.09); 112(170.5); 113(509.63); 114(118.83); 115(670.33); 116(859.43); 117(206.07); 118(249.01); 119(783.08); 120(997.45); 121(623.71); 122(154.5); 123(411.14); 124(451.87); 125(863.26); 126(482.35); 127(202.57); 128(983.39); 129(732.16); 130(9.12); 131(875.7); 132(817.85); 133(373.08); 134(148.18); 135(441.52); 136(609.25); 137(492.99); 138(262.69); 139(343.64); 140(154.07); 141(53.97); 142(35.58); 143(308.44); 144(907.34); 145(43.94); 146(583.89); 147(206.16); 148(287.54); 149(823.42); 150(641.17); 151(599.0); 152(847.18); 153(586.02); 154(118.23); 155(265.73); 156(483.67); 157(867.68); 158(357.49); 159(532.26); 160(660.53); 161(667.94); 162(913.18); 163(840.88); 164(67.15); 165(637.47); 166(652.81); 167(664.27); 168(714.92); 169(244.54); 170(980.22); 171(890.71); 172(811.45); 173(886.53); 174(13.19); 175(308.58); 176(228.51); 177(89.03); 178(107.75); 179(262.95); 180(146.03); 181(480.66); 182(622.87); 183(702.02); 184(235.47); 185(117.64); 186(507.64); 187(622.01); 188(508.84); 189(786.06); 190(78.62); 191(210.66); 192(156.27); 193(726.27); 194(536.02); 195(591.16); 196(300.19); 197(705.94); 198(923.4); 199(31.85); 200(759.05); 201(28.59); 202(792.99); 203(990.57); 204(64.64); 205(779.1); 206(625.06); 207(585.06); 208(630.84); 209(993.43); 210(170.43); 211(439.7); 212(875.63); 213(833.98); 214(567.76); 215(431.58); 216(303.37); 217(372.37); 218(815.29); 219(515.27); 220(555.19); 221(751.89); 222(802.73); 223(127.28); 224(906.74); 225(726.44); 226(388.82); 227(603.01); 228(293.32); 229(168.71); 230(410.8); 231(828.25); 232(744.06); 233(815.92); 234(425.53); 235(641.41); 236(758.51); 237(619.8); 238(82.3); 239(589.17); 240(315.29); 241(717.3); 242(659.85); 243(226.06); 244(705.76); 245(596.61); 246(475.13); 247(158.1); 248(972.27); 249(405.51); 250(355.6); 251(46.54); 252(418.17); 253(193.76); 254(850.21); 255(133.25); 256(982.08); 257(539.35); 258(826.87); 259(233.38); 260(667.81); 261(197.56); 262(240.83); 263(729.61); 264(394.8); 265(99.61); 266(365.93); 267(710.55); 268(25.98); 269(678.89); 270(90.9); 271(127.73); 272(766.06); 273(842.68); 274(442.05); 275(86.16); 276(80.66); 277(527.24); 278(429.67); 279(784.98); 280(360.89); 281(562.78); 282(943.8); 283(67.27); 284(732.24); 285(737.96); 286(118.42); 287(88.39); 288(401.15); 289(285.37); 290(520.26); 291(11.01); 292(101.37); 293(429.12); 294(882.36); 295(486.89); 296(203.39); 297(689.75); 298(370.03); 299(842.09); 300(563.92); 301(134.57); 302(499.61); 303(642.64); 304(21.42); 305(236.04); 306(77.16); 307(463.92); 308(473.75); 309(98.4); 310(437.81); 311(559.7); 312(63.15); 313(478.58); 314(405.73); 315(516.4); 316(531.6); 317(845.82); 318(378.21); 319(152.12); 320(655.66); 321(662.98); 322(346.15); 323(757.93); 324(16.27); 325(528.17); 326(61.96); 327(314.7); 328(585.42); 329(32.56); 330(961.75); 331(221.39); 332(739.22); 333(672.27); 334(129.2); 335(6.12); 336(433.89); 337(396.71); 338(631.37); 339(65.74); 340(512.67); 341(602.51); 342(541.16); 343(397.77); 344(388.6); 345(426.44); 346(633.94); 347(816.07); 348(600.2); 349(163.92); 350(260.9); 351(681.62); 352(262.03); 353(220.59); 354(576.5); 355(146.42); 356(700.67); 357(397.11); 358(962.42); 359(222.73); 360(326.09); 361(360.31); 362(240.52); 363(691.48); 364(303.48); 365(595.13); 366(283.98); 367(995.71); 368(378.38); 369(964.28); 370(522.1); 371(407.05); 372(943.08); 373(612.93); 374(494.24); 375(172.52); 376(758.09); 377(850.76); 378(753.38); 379(528.75); 380(857.12); 381(471.38); 382(834.2); 383(590.11); 384(460.76); 385(995.93); 386(740.32); 387(60.35); 388(569.15); 389(781.81); 390(215.78); 391(634.71); 392(729.19); 393(327.69); 394(955.96); 395(698.54); 396(794.3); 397(976.02); 398(541.51); 399(14.37); 400(430.65); 401(442.12); 402(926.3); 403(888.03); 404(439.35); 405(121.63); 406(854.47); 407(478.43); 408(68.59); 409(31.54); 410(375.15); 411(485.35); 412(550.64); 413(868.72); 414(665.81); 415(770.67); 416(333.19); 417(812.1); 418(741.4); 419(324.25); 420(923.49); 421(874.85); 422(129.05); 423(988.77); 424(512.95); 425(589.95); 426(524.35); 427(327.28); 428(275.96); 429(82.93); 430(922.57); 431(432.31); 432(597.33); 433(622.84); 434(683.92); 435(148.9); 436(291.37); 437(467.54); 438(355.8); 439(988.64); 440(320.94); 441(665.67); 442(727.56); 443(210.3); 444(478.42); 445(583.58); 446(975.5); 447(265.08); 448(26.91); 449(198.79); 450(763.02); 451(873.21); 452(360.64); 453(994.36); 454(908.12); 455(593.53); 456(989.64); 457(168.79); 458(517.56); 459(927.35); 460(248.06); 461(256.09); 462(84.49); 463(934.73); 464(983.23); 465(117.98); 466(401.84); 467(44.91); 468(765.53); 469(210.47); 470(174.35); 471(483.81); 472(36.64); 473(659.94); 474(418.4); 475(761.01); 476(779.98); 477(356.48); 478(626.54); 479(515.99); 480(298.56); 481(165.39); 482(382.06); 483(885.55); 484(915.11); 485(982.81); 486(770.59); 487(82.68); 488(142.65); 489(614.72); 490(502.15); 491(574.48); 492(162.24); 493(158.18); 494(23.24); 495(542.96); 496(487.05); 497(220.67); 498(363.38); 499(50.65),1
35,0(747.87); 1(726.24); 2(170.94); 3(563.44); 4(623.83); 5(30.71); 6(294.63); 7(996.04); 8(718.77); 9(874.42); 10(775.98); 11(848.1); 12(954.69); 13(795.53); 14(16.38); 15(523.19); 16(681.16); 17(492.13); 18(513.28); 19(44.0); 20(33.99); 21(729.58); 22(121.17); 23(919.78); 24(933.58); 25(603.7); 26(909.53); 27(246.92); 28(970.61); 29(310.48); 30(59.14); 31(434.13); 32(886.9); 33(845.5); 34(693.0); 36(157.03); 37(291.97); 38(619.99); 39(262.03); 40(132.76); 41(117.45); 42(357.09); 43(596.01); 44(894.8); 45(272.3); 46(68.24); 47(582.73); 48(366.92); 49(390.75); 50(389.82); 51(842.12); 52(932.68); 53(727.8); 54(750.94); 55(319.49); 56(423.26); 57(137.06); 58(29.48); 59(674.47); 60(534.59); 61(707.0); 62(82.88); 63(486.24); 64(479.15); 65(14.23); 66(580.58); 67(752.26); 68(552.63); 69(684.47); 70(218.33); 71(307.01); 72(597.45); 73(130.1); 74(179.25); 75(10.12); 76(518.24); 77(776.39); 78(211.01); 79(13.84); 80(628.34); 81(237.58); 82(852.88); 83(588.38); 84(892.81); 85(35.82); 86(463.05); 87(795.14); 88(71.84); 89(941.78); 90(562.3); 91(666.68); 92(342.34); 93(492.57); 94(898.36); 95(721.16); 96(900.88); 97(937.55); 98(24.12); 99(161.68); 100(121.27); 101(340.52); 102(840.37); 103(995.91); 104(305.95); 105(121.77); 106(276.04); 107(78.3); 108(202.38); 109(640.08); 110(721.72); 111(218.0); 112(637.81); 113(674.2); 114(685.77); 115(958.35); 116(78.94); 117(693.74); 118(578.42); 119(492.97); 120(70.92); 121(460.57); 122(139.06); 123(507.46); 124(821.2); 125(849.38); 126(603.76); 127(634.38); 128(711.89); 129(447.95); 130(299.75); 131(612.52); 132(981.53); 133(233.72); 134(630.71); 135(732.71); 136(197.07); 137(216.09); 138(442.43); 139(123.83); 140(850.96); 141(794.34); 142(329.63); 143(376.84); 144(468.18); 145(662.18); 146(436.46); 147(264.73); 148(122.59); 149(370.36); 150(659.69); 151(528.74); 152(239.52); 153(212.56); 154(899.64); 155(877.19); 156(926.01); 157(127.51); 158(315.78); 159(316.4); 160(703.8); 161(435.59); 162(640.16); 163(952.73); 164(481.42); 165(364.71); 166(489.12); 167(625.54); 168(220.75); 169(323.52); 170(794.27); 171(410.74); 172(326.27); 173(991.29); 174(224.2); 175(542.15); 176(583.3); 177(989.09); 178(600.06); 179(348.68); 180(357.2); 181(681.86); 182(954.08); 183(985.71); 184(430.35); 185(524.39); 186(870.09); 187(189.43); 188(834.83); 189(281.45); 190(623.48); 191(895.69); 192(387.72); 193(783.92); 194(356.6); 195(107.53); 196(77.59); 197(844.54); 198(777.43); 199(980.72); 200(423.72); 201(904.16); 202(935.64); 203(335.88); 204(455.98); 205(961.53); 206(821.92); 207(880.81); 208(628.27); 209(394.58); 210(977.48); 211(373.65); 212(490.39); 213(521.18); 214(595.47); 215(438.52); 216(231.16); 217(186.22); 218(306.92); 219(302.91); 220(307.45); 221(922.97); 222(747.42); 223(124.72); 224(853.12); 225(795.06); 226(970.54); 227(657.01); 228(72.18); 229(559.96); 230(590.72); 231(777.46); 232(254.49); 233(729.69); 234(682.43); 235(204.36); 236(576.59); 237(330.73); 238(985.75); 239(345.28); 240(791.95); 241(213.23); 242(385.98); 243(460.85); 244(432.6); 245(194.48); 246(988.01); 247(5.0); 248(851.35); 249(433.7); 250(186.7); 251(282.1); 252(189.54); 253(931.12); 254(119.99); 255(448.08); 256(4.01); 257(898.13); 258(744.81); 259(276.28); 260(532.06); 261(688.47); 262(429.88); 263(735.3); 264(514.95); 265(944.21); 266(290.95); 267(337.26); 268(726.84); 269(547.63); 270(91.97); 271(492.4); 272(53.2); 273(698.13); 274(240.98); 275(713.64); 276(573.03); 277(803.84); 278(385.49); 279(442.92); 280(190.92); 281(617.06); 282(970.18); 283(520.59); 284(556.65); 285(859.74); 286(568.59); 287(817.49); 288(435.99); 289(641.54); 290(429.71); 291(120.69); 292(180.73); 293(146.63); 294(737.61); 295(348.95); 296(10.5); 297(675.83); 298(775.55); 299(165.86); 300(546.88); 301(338.09); 302(164.78); 303(824.19); 304(837.48); 305(740.7); 306(172.62); 307(784.45); 308(808.55); 309(664.66); 310(746.63); 311(816.65); 312(949.44); 313(516.05); 314(575.65); 315(545.13); 316(78.89); 317(205.26); 318(252.14); 319(789.74); 320(32.42); 321(815.26); 322(683.91); 323(487.01); 324(238.08); 325(99.2); 326(273.59); 327(885.24); 328(225.02); 329(194.63); 330(339.82); 331(378.04); 332(387.13); 333(712.98); 334(647.33); 335(319.87); 336(90.34); 337(327.54); 338(742.67); 339(598.68); 340(694.49); 341(349.11); 342(955.14); 343(712.46); 344(154.64); 345(837.12); 346(841.8); 347(36.4); 348(757.46); 349(977.93); 350(673.28); 351(789.52); 352(770.25); 353(959.89); 354(736.93); 355(997.24); 356(151.65); 357(322.29); 358(888.4); 359(462.46); 360(230.47); 361(792.81); 362(457.51); 363(68.1); 364(62.4); 365(48.19); 366(758.2); 367(115.86); 368(135.67); 369(428.56); 370(899.48); 371(576.01); 372(116.27); 373(37.33); 374(361.04); 375(48.5); 376(305.47); 377(528.74); 378(254.33); 379(304.14); 380(633.71); 381(422.14); 382(584.99); 383(26.61); 384(707.93); 385(671.38); 386(741.62); 387(145.32); 388(441.24); 389(681.51); 390(862.63); 391(754.65); 392(921.77); 393(56.57); 394(785.94); 395(919.92); 396(850.27); 397(70.16); 398(962.64); 399(409.91); 400(885.56); 401(755.76); 402(730.34); 403(465.21); 404(764.0); 405(484.98); 406(889.64); 407(376.21); 408(540.0); 409(978.53); 410(445.99); 411(948.71); 412(466.11); 413(827.34); 414(93.42); 415(592.48); 416(437.92); 417(375.27); 418(756.49); 419(865.1); 420(562.42); 421(336.76); 422(685.43); 423(378.0); 424(566.37); 425(708.17); 426(508.8); 427(567.41); 428(383.89); 429(916.93); 430(557.72); 431(911.86); 432(423.55); 433(683.21); 434(301.33); 435(24.05); 436(306.47); 437(834.33); 438(385.81); 439(974.72); 440(846.99); 441(835.9); 442(597.4); 443(105.68); 444(213.1); 445(814.6); 446(983.45); 447(153.44); 448(544.36); 449(193.73); 450(277.09); 451(247.56); 452(96.59); 453(794.2); 454(873.35); 455(45.42); 456(362.36); 457(900.48); 458(284.66); 459(609.25); 460(728.9); 461(561.61); 462(970.38); 463(567.96); 464(519.51); 465(653.16); 466(551.03); 467(862.27); 468(355.46); 469(699.08); 470(788.5); 471(362.42); 472(762.13); 473(864.13); 474(342.46); 475(70.96); 476(430.65); 477(268.98); 478(413.14); 479(299.67); 480(953.55); 481(235.77); 482(38.46); 483(372.93); 484(243.55); 485(778.83); 486(422.63); 487(405.16); 488(556.81); 489(879.62); 490(353.8); 491(805.74); 492(78.64); 493(854.67); 494(8.7); 495(894.58); 496(507.86); 497(198.35); 498(185.02); 499(435.41),1
36,0(637.79); 1(810.94); 2(11.48); 3(30.97); 4(262.66); 5(440.35); 6(278.84); 7(308.53); 8(954.24); 9(150.72); 10(82.3); 11(667.43); 12(674.0); 13(753.57); 14(746.65); 15(142.47); 16(727.75); 17(979.14); 18(679.16); 19(935.04); 20(971.42); 21(262.14); 22(50.07); 23(198.4); 24(195.96); 25(561.45); 26(649.31); 27(502.78); 28(368.1); 29(323.84); 30(172.91); 31(411.79); 32(811.62); 33(946.27); 34(945.5); 35(157.03); 37(936.26); 38(726.17); 39(649.34); 40(430.21); 41(448.47); 42(347.37); 43(741.53); 44(453.3); 45(229.47); 46(355.4); 47(294.22); 48(760.19); 49(824.99); 50(500.69); 51(504.79); 52(917.06); 53(305.8); 54(151.37); 55(552.06); 56(218.94); 57(69.57); 58(537.7); 59(403.84); 60(894.69); 61(639.62); 62(164.51); 63(678.71); 64(624.82); 65(917.82); 66(895.57); 67(513.7); 68(35.47); 69(985.51); 70(755.63); 71(560.48); 72(34.79); 73(763.04); 74(770.56); 75(289.99); 76(556.23); 77(40.5); 78(747.17); 79(401.2); 80(185.7); 81(910.57); 82(520.24); 83(280.31); 84(287.51); 85(293.78); 86(391.66); 87(887.57); 88(789.11); 89(549.26); 90(890.22); 91(837.79); 92(73.14); 93(251.32); 94(124.48); 95(778.67); 96(908.95); 97(806.49); 98(467.87); 99(276.73); 100(35.45); 101(411.95); 102(136.09); 103(121.32); 104(511.98); 105(281.05); 106(322.93); 107(121.88); 108(969.23); 109(475.19); 110(448.86); 111(816.69); 112(798.56); 113(593.32); 114(5.49); 115(272.52); 116(132.19); 117(235.5); 118(192.66); 119(558.15); 120(294.55); 121(353.58); 122(505.13); 123(685.86); 124(2.66); 125(164.06); 126(619.15); 127(787.74); 128(179.03); 129(200.52); 130(905.7); 131(755.36); 132(570.32); 133(645.38); 134(251.83); 135(761.97); 136(188.58); 137(827.85); 138(687.9); 139(714.18); 140(700.93); 141(159.94); 142(923.33); 143(600.19); 144(471.49); 145(521.01); 146(527.67); 147(705.87); 148(765.81); 149(877.54); 150(344.82); 151(234.6); 152(151.31); 153(160.4); 154(142.05); 155(56.93); 156(981.83); 157(381.39); 158(252.29); 159(667.21); 160(988.91); 161(981.65); 162(316.23); 163(368.39); 164(750.52); 165(650.52); 166(738.04); 167(795.03); 168(203.89); 169(70.48); 170(103.66); 171(360.82); 172(101.62); 173(525.68); 174(739.96); 175(8.57); 176(353.62); 177(392.63); 178(91.87); 179(718.38); 180(79.66); 181(959.58); 182(775.36); 183(558.03); 184(35.94); 185(387.65); 186(676.42); 187(824.84); 188(729.93); 189(7.39); 190(43.99); 191(804.62); 192(20.66); 193(208.24); 194(469.64); 195(55.84); 196(170.55); 197(922.39); 198(674.9); 199(492.52); 200(742.12); 201(884.56); 202(332.42); 203(981.64); 204(25.58); 205(249.19); 206(251.94); 207(0.04); 208(518.03); 209(909.0); 210(398.0); 211(908.43); 212(809.08); 213(198.29); 214(253.66); 215(869.7); 216(868.02); 217(390.55); 218(34.71); 219(19.23); 220(805.24); 221(489.76); 222(306.98); 223(908.1); 224(17.29); 225(862.42); 226(160.98); 227(233.07); 228(430.16); 229(559.45); 230(535.07); 231(975.16); 232(972.71); 233(172.26); 234(117.42); 235(775.39); 236(639.53); 237(917.12); 238(220.16); 239(614.15); 240(785.39); 241(118.38); 242(618.96); 243(413.08); 244(720.31); 245(31.17); 246(678.17); 247(123.61); 248(746.28); 249(30.92); 250(46.09); 251(422.53); 252(848.59); 253(376.22); 254(794.89); 255(67.93); 256(131.02); 257(896.91); 258(480.98); 259(352.42); 260(254.41); 261(170.11); 262(974.81); 263(546.24); 264(500.87); 265(738.78); 266(484.12); 267(111.09); 268(849.56); 269(127.07); 270(524.58); 271(773.69); 272(219.5); 273(260.28); 274(772.62); 275(854.25); 276(189.98); 277(435.28); 278(196.03); 279(829.67); 280(936.9); 281(418.7); 282(917.15); 283(11.85); 284(3.15); 285(420.73); 286(832.56); 287(791.02); 288(677.76); 289(820.93); 290(389.03); 291(846.81); 292(929.83); 293(367.31); 294(219.15); 295(129.8); 296(67.75); 297(974.92); 298(976.84); 299(706.87); 300(777.22); 301(429.73); 302(854.76); 303(121.82); 304(672.46); 305(284.49); 306(323.79); 307(909.21); 308(974.51); 309(983.55); 310(252.37); 311(964.81); 312(317.23); 313(536.78); 314(148.04); 315(67.01); 316(852.62); 317(777.81); 318(405.3); 319(129.28); 320(572.71); 321(446.87); 322(484.43); 323(955.72); 324(279.5); 325(902.54); 326(983.76); 327(63.12); 328(842.69); 329(574.96); 330(418.79); 331(802.13); 332(213.75); 333(631.19); 334(205.84); 335(502.33); 336(439.79); 337(106.05); 338(266.17); 339(297.57); 340(110.58); 341(902.31); 342(803.92); 343(554.04); 344(906.03); 345(437.78); 346(251.65); 347(426.64); 348(394.98); 349(853.32); 350(168.52); 351(492.71); 352(911.95); 353(529.85); 354(369.94); 355(738.7); 356(863.76); 357(635.23); 358(876.81); 359(562.64); 360(976.25); 361(322.81); 362(638.27); 363(995.23); 364(963.76); 365(336.06); 366(45.82); 367(738.55); 368(192.15); 369(419.54); 370(74.39); 371(412.35); 372(897.3); 373(26.34); 374(88.19); 375(266.81); 376(187.64); 377(757.52); 378(819.76); 379(845.78); 380(976.19); 381(588.84); 382(451.91); 383(711.57); 384(786.29); 385(426.23); 386(119.44); 387(431.52); 388(509.3); 389(114.72); 390(319.22); 391(566.04); 392(592.58); 393(205.76); 394(788.9); 395(276.87); 396(451.19); 397(233.68); 398(369.85); 399(707.28); 400(673.61); 401(90.52); 402(84.33); 403(303.54); 404(260.43); 405(972.64); 406(514.55); 407(558.35); 408(794.09); 409(987.31); 410(222.07); 411(510.88); 412(354.2); 413(153.79); 414(144.93); 415(775.39); 416(971.23); 417(804.88); 418(757.64); 419(763.44); 420(692.23); 421(686.01); 422(793.97); 423(389.83); 424(631.91); 425(65.33); 426(575.38); 427(745.4); 428(305.78); 429(784.23); 430(316.66); 431(327.23); 432(908.52); 433(246.11); 434(824.29); 435(252.26); 436(467.63); 437(53.97); 438(575.54); 439(540.2); 440(882.76); 441(418.65); 442(556.4); 443(280.56); 444(77.72); 445(378.07); 446(747.97); 447(396.08); 448(660.05); 449(206.38); 450(553.19); 451(206.34); 452(49.58); 453(26.73); 454(992.61); 455(305.69); 456(961.96); 457(370.93); 458(427.29); 459(59.12); 460(420.17); 461(677.43); 462(252.32); 463(220.27); 464(128.54); 465(605.13); 466(189.19); 467(264.74); 468(98.01); 469(920.02); 470(628.48); 471(180.76); 472(384.45); 473(442.65); 474(659.44); 475(68.57); 476(729.91); 477(5.57); 478(505.72); 479(251.05); 480(628.15); 481(677.25); 482(794.94); 483(252.8); 484(61.5); 485(685.33); 486(480.98); 487(238.59); 488(450.73); 489(584.5); 490(396.12); 491(790.84); 492(111.5); 493(553.62); 494(209.82); 495(64.14); 496(497.92); 497(385.53); 498(599.79); 499(625.51),1
37,0(328.99); 1(608.51); 2(718.15); 3(54.01); 4(158.63); 5(963.83); 6(182.24); 7(476.65); 8(253.78); 9(801.19); 10(246.1); 11(28.09); 12(945.75); 13(448.15); 14(954.17); 15(191.19); 16(279.92); 17(742.16); 18(698.92); 19(685.46); 20(735.41); 21(577.34); 22(476.31); 23(487.93); 24(663.29); 25(420.28); 26(212.22); 27(872.31); 28(975.9); 29(91.17); 30(808.58); 31(391.16); 32(789.17); 33(319.97); 34(293.75); 35(291.97); 36(936.26); 38(631.39); 39(341.19); 40(114.17); 41(889.19); 42(59.6); 43(747.36); 44(788.01); 45(174.0); 46(185.54); 47(926.7); 48(738.86); 49(257.9); 50(80.6); 51(726.02); 52(407.5); 53(48.23); 54(163.44); 55(605.89); 56(930.12); 57(825.29); 58(742.21); 59(919.43); 60(723.8); 61(834.09); 62(347.67); 63(825.43); 64(522.63); 65(887.28); 66(30.67); 67(639.1); 68(212.4); 69(864.54); 70(433.17); 71(680.68); 72(745.93); 73(150.19); 74(96.0); 75(61.85); 76(30.52); 77(496.97); 78(407.36); 79(741.23); 80(24.96); 81(573.82); 82(637.09); 83(778.06); 84(676.63); 85(31.46); 86(978.04); 87(463.92); 88(210.13); 89(691.2); 90(413.16); 91(355.77); 92(152.76); 93(892.42); 94(261.15); 95(109.89); 96(619.5); 97(910.27); 98(353.43); 99(510.66); 100(101.27); 101(531.24); 102(466.08); 103(664.4); 104(613.11); 105(971.48); 106(81.56); 107(650.24); 108(810.65); 109(572.69); 110(946.52); 111(335.37); 112(445.95); 113(6.02); 114(708.9); 115(179.89); 116(25.92); 117(402.39); 118(75.61); 119(37.71); 120(193.16); 121(315.24); 122(58.1); 123(15.12); 124(105.1); 125(865.04); 126(976.15); 127(927.33); 128(47.3); 129(381.45); 130(593.84); 131(907.03); 132(543.81); 133(372.69); 134(77.44); 135(116.86); 136(820.14); 137(339.09); 138(674.44); 139(331.73); 140(549.45); 141(209.7); 142(135.09); 143(447.36); 144(639.34); 145(15.41); 146(35.3); 147(70.81); 148(576.99); 149(358.3); 150(87.61); 151(584.87); 152(52.02); 153(217.39); 154(779.59); 155(202.91); 156(530.33); 157(834.88); 158(48.43); 159(683.46); 160(850.36); 161(571.02); 162(463.04); 163(636.93); 164(680.3); 165(614.97); 166(863.4); 167(358.66); 168(60.39); 169(933.19); 170(425.9); 171(672.6); 172(435.4); 173(36.78); 174(504.31); 175(404.99); 176(563.53); 177(847.82); 178(498.21); 179(350.45); 180(20.06); 181(433.3); 182(405.42); 183(661.79); 184(700.48); 185(47.74); 186(518.69); 187(874.02); 188(724.52); 189(488.73); 190(256.82); 191(896.05); 192(332.06); 193(915.7); 194(968.08); 195(655.66); 196(660.73); 197(322.14); 198(883.48); 199(490.97); 200(25.31); 201(935.92); 202(423.88); 203(283.8); 204(431.42); 205(157.14); 206(743.93); 207(550.04); 208(183.02); 209(542.37); 210(673.67); 211(635.92); 212(262.48); 213(686.9); 214(397.37); 215(744.8); 216(811.75); 217(836.31); 218(632.41); 219(762.22); 220(597.5); 221(810.89); 222(608.87); 223(728.76); 224(784.43); 225(581.72); 226(46.02); 227(500.23); 228(791.02); 229(868.22); 230(462.75); 231(644.3); 232(990.17); 233(348.77); 234(82.06); 235(660.72); 236(29.42); 237(694.66); 238(48.53); 239(519.38); 240(324.53); 241(338.48); 242(998.64); 243(184.6); 244(45.85); 245(591.87); 246(982.55); 247(707.81); 248(726.06); 249(626.67); 250(884.2); 251(499.1); 252(731.33); 253(435.26); 254(174.12); 255(98.12); 256(61.55); 257(847.96); 258(363.87); 259(588.8); 260(721.43); 261(491.6); 262(131.5); 263(461.33); 264(403.95); 265(830.97); 266(949.01); 267(765.18); 268(536.0); 269(278.22); 270(819.87); 271(168.72); 272(104.92); 273(741.68); 274(538.19); 275(382.35); 276(869.52); 277(576.26); 278(928.74); 279(121.8); 280(281.61); 281(950.85); 282(640.22); 283(817.34); 284(627.46); 285(524.49); 286(335.82); 287(410.37); 288(583.01); 289(2.02); 290(716.74); 291(116.33); 292(430.13); 293(603.11); 294(988.49); 295(28.98); 296(414.98); 297(449.61); 298(353.39); 299(633.02); 300(908.54); 301(242.32); 302(965.6); 303(538.68); 304(174.54); 305(865.68); 306(503.72); 307(768.45); 308(535.78); 309(181.06); 310(319.42); 311(183.01); 312(757.98); 313(95.17); 314(734.47); 315(81.84); 316(686.98); 317(846.38); 318(161.68); 319(442.27); 320(437.08); 321(239.28); 322(885.24); 323(421.15); 324(296.7); 325(216.8); 326(527.69); 327(791.43); 328(682.19); 329(20.17); 330(805.66); 331(687.15); 332(175.48); 333(568.02); 334(873.74); 335(972.43); 336(102.39); 337(65.29); 338(468.84); 339(712.08); 340(415.89); 341(75.71); 342(934.96); 343(137.24); 344(889.82); 345(217.6); 346(780.82); 347(667.61); 348(620.41); 349(25.95); 350(456.71); 351(364.47); 352(657.28); 353(356.57); 354(555.73); 355(283.37); 356(585.4); 357(188.9); 358(102.17); 359(849.53); 360(480.76); 361(644.86); 362(219.81); 363(942.53); 364(994.97); 365(935.61); 366(293.7); 367(231.66); 368(326.41); 369(112.4); 370(110.0); 371(245.91); 372(985.62); 373(764.71); 374(655.69); 375(924.56); 376(722.59); 377(44.81); 378(661.77); 379(427.82); 380(576.16); 381(737.9); 382(450.96); 383(156.76); 384(731.43); 385(196.85); 386(942.02); 387(608.64); 388(345.52); 389(224.55); 390(394.23); 391(196.46); 392(866.13); 393(333.51); 394(543.04); 395(45.43); 396(309.58); 397(269.38); 398(421.77); 399(530.59); 400(459.82); 401(227.33); 402(406.22); 403(447.39); 404(138.76); 405(458.56); 406(36.41); 407(0.64); 408(187.59); 409(816.76); 410(92.51); 411(678.1); 412(952.63); 413(196.45); 414(248.59); 415(703.42); 416(712.87); 417(522.57); 418(152.95); 419(552.59); 420(450.5); 421(969.74); 422(31.3); 423(868.0); 424(142.83); 425(292.32); 426(969.97); 427(397.55); 428(377.66); 429(734.87); 430(169.08); 431(538.26); 432(695.74); 433(174.55); 434(288.36); 435(294.76); 436(439.04); 437(462.27); 438(930.95); 439(220.07); 440(267.61); 441(38.08); 442(204.0); 443(375.12); 444(414.81); 445(697.81); 446(326.16); 447(692.14); 448(952.22); 449(357.74); 450(722.29); 451(683.57); 452(308.79); 453(877.56); 454(859.07); 455(219.07); 456(385.83); 457(588.38); 458(453.13); 459(817.26); 460(658.56); 461(64.17); 462(506.84); 463(457.44); 464(969.8); 465(520.01); 466(851.08); 467(559.58); 468(958.29); 469(571.94); 470(503.21); 471(287.53); 472(928.42); 473(658.93); 474(703.64); 475(796.17); 476(648.94); 477(920.82); 478(661.1); 479(55.53); 480(493.36); 481(714.54); 482(381.42); 483(159.33); 484(748.07); 485(337.32); 486(355.38); 487(229.84); 488(876.86); 489(914.16); 490(316.88); 491(857.51); 492(41.09); 493(567.67); 494(748.64); 495(973.3); 496(20.09); 497(810.93); 498(494.69); 499(732.25),1
38,0(835.6); 1(913.46); 2(494.58); 3(652.34); 4(701.92); 5(826.7); 6(393.9); 7(829.96); 8(835.05); 9(131.25); 10(636.43); 11(732.94); 12(5.66); 13(738.78); 14(717.85); 15(21.4); 16(638.6); 17(222.42); 18(239.44); 19(137.42); 20(496.47); 21(157.31); 22(422.91); 23(184.37); 24(987.84); 25(863.57); 26(77.05); 27(77.71); 28(84.07); 29(529.37); 30(808.88); 31(732.11); 32(221.7); 33(640.29); 34(991.31); 35(619.99); 36(726.17); 37(631.39); 39(959.99); 40(187.72); 41(383.76); 42(875.3); 43(513.22); 44(406.0); 45(880.07); 46(885.16); 47(685.77); 48(108.98); 49(356.78); 50(626.84); 51(381.02); 52(210.76); 53(134.5); 54(472.57); 55(561.99); 56(754.83); 57(486.35); 58(962.73); 59(995.67); 60(422.31); 61(323.23); 62(124.92); 63(821.17); 64(41.94); 65(126.85); 66(803.28); 67(307.97); 68(343.03); 69(884.43); 70(413.5); 71(268.27); 72(625.22); 73(955.4); 74(949.85); 75(968.66); 76(567.57); 77(670.31); 78(939.05); 79(516.72); 80(219.07); 81(908.53); 82(499.1); 83(136.74); 84(645.21); 85(74.68); 86(413.29); 87(814.09); 88(595.35); 89(210.9); 90(642.03); 91(101.5); 92(867.45); 93(353.31); 94(292.77); 95(260.96); 96(195.19); 97(648.23); 98(275.63); 99(336.05); 100(693.45); 101(905.6); 102(728.94); 103(140.43); 104(661.97); 105(107.29); 106(214.5); 107(586.33); 108(653.85); 109(865.48); 110(396.14); 111(712.67); 112(388.15); 113(94.53); 114(847.18); 115(801.22); 116(938.32); 117(943.67); 118(708.19); 119(857.08); 120(103.25); 121(833.67); 122(604.61); 123(6.38); 124(501.06); 125(316.09); 126(714.55); 127(225.39); 128(347.74); 129(47.74); 130(587.04); 131(252.23); 132(603.83); 133(785.51); 134(175.26); 135(27.23); 136(953.99); 137(414.69); 138(491.36); 139(64.97); 140(895.44); 141(763.83); 142(37.38); 143(742.52); 144(618.36); 145(390.59); 146(343.46); 147(769.71); 148(308.52); 149(636.08); 150(470.44); 151(890.18); 152(532.73); 153(891.61); 154(244.29); 155(300.39); 156(151.19); 157(369.71); 158(260.2); 159(558.57); 160(808.74); 161(733.92); 162(18.04); 163(77.83); 164(457.2); 165(863.16); 166(772.45); 167(677.03); 168(174.21); 169(907.22); 170(457.99); 171(455.78); 172(237.09); 173(347.99); 174(688.29); 175(472.4); 176(17.07); 177(197.38); 178(205.3); 179(694.87); 180(175.45); 181(728.43); 182(12.09); 183(372.95); 184(733.15); 185(268.37); 186(595.12); 187(492.32); 188(108.72); 189(464.8); 190(248.43); 191(919.9); 192(17.27); 193(224.08); 194(136.78); 195(130.32); 196(391.88); 197(512.89); 198(693.07); 199(811.78); 200(255.98); 201(139.2); 202(33.86); 203(15.16); 204(370.25); 205(629.19); 206(504.54); 207(624.04); 208(574.96); 209(533.71); 210(590.39); 211(658.2); 212(224.45); 213(592.22); 214(798.84); 215(89.78); 216(938.28); 217(644.69); 218(192.26); 219(329.05); 220(551.32); 221(921.31); 222(809.16); 223(764.63); 224(302.85); 225(601.15); 226(551.74); 227(484.68); 228(13.41); 229(571.13); 230(477.36); 231(90.37); 232(948.31); 233(279.13); 234(179.65); 235(275.03); 236(779.57); 237(288.35); 238(525.01); 239(309.08); 240(183.6); 241(62.92); 242(387.23); 243(165.08); 244(316.12); 245(679.3); 246(978.34); 247(356.84); 248(975.79); 249(420.45); 250(196.1); 251(453.59); 252(550.5); 253(337.27); 254(515.99); 255(355.84); 256(9.87); 257(87.4); 258(27.91); 259(238.82); 260(880.39); 261(707.4); 262(929.04); 263(292.63); 264(353.2); 265(552.92); 266(602.18); 267(596.28); 268(680.28); 269(807.99); 270(185.9); 271(525.89); 272(310.92); 273(99.63); 274(136.93); 275(595.6); 276(939.55); 277(170.85); 278(447.59); 279(106.56); 280(678.13); 281(370.01); 282(451.54); 283(437.77); 284(179.07); 285(84.64); 286(417.7); 287(1.61); 288(782.14); 289(418.18); 290(839.83); 291(580.7); 292(521.01); 293(356.87); 294(34.81); 295(433.14); 296(767.29); 297(473.11); 298(262.79); 299(723.91); 300(252.4); 301(195.58); 302(319.27); 303(697.44); 304(995.53); 305(420.93); 306(381.79); 307(112.04); 308(276.63); 309(460.36); 310(173.54); 311(354.2); 312(519.3); 313(65.03); 314(995.36); 315(224.37); 316(561.91); 317(62.03); 318(31.47); 319(410.8); 320(460.47); 321(899.21); 322(120.59); 323(887.17); 324(671.43); 325(538.8); 326(469.38); 327(360.9); 328(702.74); 329(27.73); 330(540.66); 331(637.75); 332(82.06); 333(803.9); 334(397.32); 335(675.11); 336(631.32); 337(283.55); 338(92.38); 339(60.05); 340(379.41); 341(485.16); 342(378.97); 343(804.87); 344(890.24); 345(266.15); 346(878.23); 347(61.34); 348(473.79); 349(207.54); 350(678.12); 351(300.64); 352(439.26); 353(116.66); 354(201.61); 355(549.18); 356(666.6); 357(880.6); 358(802.71); 359(626.46); 360(386.13); 361(218.99); 362(352.88); 363(825.59); 364(916.39); 365(937.45); 366(171.77); 367(249.09); 368(545.68); 369(397.72); 370(904.25); 371(414.79); 372(616.02); 373(180.76); 374(347.74); 375(792.16); 376(793.26); 377(377.38); 378(967.07); 379(433.31); 380(315.79); 381(809.02); 382(827.83); 383(725.79); 384(78.36); 385(672.09); 386(703.78); 387(161.63); 388(185.75); 389(646.47); 390(786.24); 391(933.82); 392(171.53); 393(503.74); 394(228.52); 395(279.06); 396(732.02); 397(62.17); 398(159.19); 399(428.24); 400(760.62); 401(257.13); 402(487.78); 403(770.13); 404(877.42); 405(565.46); 406(242.58); 407(952.03); 408(134.82); 409(887.08); 410(297.93); 411(528.35); 412(290.96); 413(905.77); 414(761.71); 415(470.63); 416(413.56); 417(227.46); 418(521.85); 419(225.83); 420(218.02); 421(10.57); 422(342.92); 423(866.09); 424(790.51); 425(836.48); 426(199.37); 427(647.85); 428(85.19); 429(926.07); 430(204.21); 431(596.65); 432(547.97); 433(97.75); 434(4.56); 435(972.95); 436(492.86); 437(781.05); 438(864.1); 439(753.14); 440(800.66); 441(653.22); 442(15.37); 443(454.86); 444(629.72); 445(404.24); 446(510.3); 447(955.2); 448(501.14); 449(638.72); 450(86.12); 451(602.32); 452(230.73); 453(713.03); 454(857.15); 455(776.68); 456(893.11); 457(840.22); 458(249.96); 459(775.99); 460(967.85); 461(663.26); 462(452.42); 463(434.89); 464(442.46); 465(774.45); 466(20.2); 467(278.91); 468(201.94); 469(333.47); 470(364.5); 471(906.21); 472(298.33); 473(544.54); 474(336.93); 475(40.87); 476(415.85); 477(232.02); 478(573.42); 479(422.72); 480(228.65); 481(561.85); 482(920.84); 483(854.89); 484(14.65); 485(880.71); 486(489.02); 487(846.65); 488(618.23); 489(547.36); 490(911.32); 491(260.31); 492(864.5); 493(673.07); 494(155.98); 495(49.03); 496(848.64); 497(567.3); 498(348.76); 499(334.47),2
39,0(152.8); 1(549.15); 2(842.93); 3(464.27); 4(986.48); 5(341.65); 6(902.21); 7(956.87); 8(242.83); 9(883.83); 10(622.02); 11(972.86); 12(776.93); 13(672.56); 14(878.47); 15(588.17); 16(658.28); 17(711.33); 18(341.68); 19(9.94); 20(998.61); 21(709.71); 22(108.11); 23(314.73); 24(363.98); 25(868.58); 26(540.85); 27(722.32); 28(97.09); 29(245.75); 30(435.27); 31(697.9); 32(1.92); 33(673.95); 34(902.4); 35(262.03); 36(649.34); 37(341.19); 38(959.99); 40(571.18); 41(528.39); 42(180.29); 43(595.14); 44(959.1); 45(489.58); 46(405.92); 47(575.15); 48(421.56); 49(632.89); 50(79.37); 51(83.15); 52(96.6); 53(367.73); 54(450.08); 55(214.01); 56(782.38); 57(382.15); 58(493.49); 59(935.4); 60(908.45); 61(317.86); 62(834.39); 63(256.73); 64(837.08); 65(493.06); 66(955.14); 67(546.8); 68(989.05); 69(552.65); 70(110.34); 71(775.0); 72(597.84); 73(329.58); 74(304.52); 75(223.76); 76(468.27); 77(250.32); 78(987.2); 79(829.69); 80(693.31); 81(92.67); 82(652.4); 83(811.25); 84(661.84); 85(710.18); 86(356.99); 87(888.96); 88(898.41); 89(931.58); 90(477.17); 91(675.86); 92(257.93); 93(200.69); 94(114.54); 95(948.02); 96(789.53); 97(754.43); 98(845.67); 99(305.06); 100(371.6); 101(211.79); 102(294.74); 103(59.24); 104(898.67); 105(843.24); 106(255.15); 107(498.62); 108(471.62); 109(519.01); 110(239.78); 111(732.82); 112(989.87); 113(961.71); 114(643.09); 115(784.45); 116(642.71); 117(614.74); 118(174.7); 119(299.64); 120(275.83); 121(868.38); 122(522.91); 123(820.53); 124(248.29); 125(236.87); 126(453.03); 127(709.77); 128(476.96); 129(529.1); 130(138.57); 131(436.57); 132(955.1); 133(123.61); 134(132.73); 135(865.29); 136(568.66); 137(205.77); 138(49.68); 139(187.04); 140(332.87); 141(377.1); 142(63.24); 143(596.38); 144(518.34); 145(272.13); 146(133.32); 147(85.5); 148(100.34); 149(288.68); 150(374.99); 151(867.73); 152(318.33); 153(16.77); 154(701.68); 155(770.43); 156(158.89); 157(876.15); 158(9.05); 159(648.75); 160(163.93); 161(318.45); 162(570.36); 163(901.52); 164(937.09); 165(531.53); 166(872.77); 167(762.01); 168(895.74); 169(73.04); 170(200.04); 171(353.03); 172(897.63); 173(127.01); 174(944.09); 175(840.98); 176(140.61); 177(613.74); 178(176.14); 179(200.83); 180(487.39); 181(194.84); 182(282.48); 183(485.0); 184(683.71); 185(809.07); 186(151.27); 187(672.25); 188(754.66); 189(544.6); 190(656.89); 191(552.35); 192(399.46); 193(409.72); 194(776.57); 195(722.81); 196(531.05); 197(924.93); 198(527.99); 199(455.63); 200(254.46); 201(307.64); 202(740.84); 203(138.1); 204(457.71); 205(366.53); 206(615.2); 207(552.04); 208(769.4); 209(762.3); 210(394.11); 211(896.08); 212(484.82); 213(393.32); 214(849.41); 215(939.24); 216(382.44); 217(810.3); 218(367.35); 219(305.71); 220(218.77); 221(441.52); 222(662.26); 223(479.71); 224(131.18); 225(172.6); 226(856.93); 227(491.21); 228(403.58); 229(625.67); 230(278.94); 231(523.51); 232(261.42); 233(353.06); 234(318.39); 235(684.79); 236(226.97); 237(971.77); 238(307.85); 239(846.5); 240(410.89); 241(808.73); 242(850.19); 243(189.13); 244(726.57); 245(803.78); 246(728.77); 247(988.77); 248(433.28); 249(841.22); 250(918.51); 251(825.14); 252(620.45); 253(250.18); 254(285.81); 255(574.49); 256(881.32); 257(60.04); 258(125.34); 259(700.66); 260(787.1); 261(487.44); 262(603.86); 263(530.63); 264(49.28); 265(684.19); 266(835.38); 267(428.12); 268(967.32); 269(202.82); 270(995.07); 271(107.41); 272(524.57); 273(187.46); 274(135.36); 275(245.83); 276(621.45); 277(813.09); 278(206.59); 279(654.43); 280(250.25); 281(488.08); 282(195.5); 283(971.53); 284(348.56); 285(638.48); 286(188.83); 287(455.64); 288(903.15); 289(991.47); 290(260.07); 291(305.62); 292(59.35); 293(546.71); 294(748.28); 295(696.06); 296(17.12); 297(439.61); 298(70.06); 299(661.34); 300(127.67); 301(414.15); 302(150.24); 303(967.55); 304(737.31); 305(102.28); 306(553.6); 307(955.55); 308(406.86); 309(400.05); 310(971.8); 311(832.48); 312(685.26); 313(696.65); 314(573.88); 315(745.87); 316(649.55); 317(990.43); 318(729.15); 319(524.83); 320(430.27); 321(489.71); 322(71.65); 323(931.06); 324(810.48); 325(378.87); 326(517.28); 327(839.73); 328(556.41); 329(253.29); 330(711.44); 331(867.88); 332(253.21); 333(767.11); 334(588.44); 335(176.14); 336(886.09); 337(861.05); 338(708.46); 339(85.82); 340(936.9); 341(513.92); 342(839.97); 343(841.98); 344(452.97); 345(728.34); 346(673.18); 347(741.01); 348(381.13); 349(311.4); 350(70.31); 351(264.01); 352(337.99); 353(220.67); 354(538.75); 355(519.39); 356(470.01); 357(7.32); 358(550.56); 359(170.61); 360(7.23); 361(846.7); 362(399.76); 363(386.28); 364(970.34); 365(812.04); 366(741.12); 367(400.28); 368(223.83); 369(202.34); 370(990.34); 371(49.77); 372(47.76); 373(179.86); 374(759.32); 375(44.48); 376(133.9); 377(324.61); 378(772.23); 379(506.17); 380(433.42); 381(369.67); 382(663.63); 383(81.17); 384(149.21); 385(101.54); 386(397.08); 387(522.38); 388(867.76); 389(438.99); 390(487.68); 391(399.58); 392(608.13); 393(731.06); 394(160.0); 395(58.68); 396(101.86); 397(490.88); 398(474.03); 399(307.13); 400(170.89); 401(860.3); 402(841.94); 403(72.12); 404(540.02); 405(623.91); 406(796.89); 407(842.22); 408(817.27); 409(655.69); 410(298.3); 411(918.11); 412(340.42); 413(192.78); 414(265.04); 415(334.31); 416(239.75); 417(218.92); 418(475.3); 419(192.93); 420(573.61); 421(847.98); 422(706.16); 423(292.33); 424(212.64); 425(980.45); 426(831.39); 427(115.67); 428(295.34); 429(56.24); 430(169.84); 431(987.87); 432(113.54); 433(117.78); 434(650.0); 435(524.9); 436(950.54); 437(165.57); 438(947.9); 439(848.39); 440(499.04); 441(52.41); 442(807.69); 443(203.26); 444(172.83); 445(276.9); 446(300.89); 447(228.31); 448(673.63); 449(86.84); 450(321.82); 451(840.5); 452(64.81); 453(313.89); 454(464.04); 455(954.97); 456(987.37); 457(378.97); 458(387.98); 459(432.71); 460(620.39); 461(289.24); 462(105.55); 463(794.48); 464(388.1); 465(464.05); 466(770.15); 467(318.81); 468(608.13); 469(970.01); 470(748.19); 471(663.51); 472(849.17); 473(852.2); 474(905.78); 475(118.22); 476(615.87); 477(372.96); 478(470.38); 479(392.87); 480(841.35); 481(321.8); 482(829.77); 483(323.51); 484(95.05); 485(36.81); 486(434.32); 487(87.6); 488(548.02); 489(845.69); 490(202.09); 491(771.47); 492(112.84); 493(545.73); 494(351.65); 495(333.96); 496(79.76); 497(556.82); 498(391.12); 499(914.69),1
40,0(147.52); 1(570.38); 2(118.65); 3(636.85); 4(793.14); 5(946.33); 6(758.81); 7(397.36); 8(896.87); 9(267.08); 10(333.84); 11(477.69); 12(363.96); 13(575.0); 14(704.59); 15(707.87); 16(878.04); 17(39.83); 18(389.85); 19(46.84); 20(762.09); 21(780.22); 22(99.94); 23(880.25); 24(591.05); 25(799.54); 26(698.63); 27(997.54); 28(425.26); 29(915.87); 30(216.64); 31(54.48); 32(973.59); 33(92.96); 34(900.56); 35(132.76); 36(430.21); 37(114.17); 38(187.72); 39(571.18); 41(127.84); 42(978.73); 43(912.75); 44(702.7); 45(139.35); 46(293.24); 47(260.58); 48(72.55); 49(614.68); 50(989.83); 51(192.24); 52(703.52); 53(773.65); 54(355.13); 55(719.33); 56(102.55); 57(71.09); 58(259.42); 59(213.52); 60(768.53); 61(956.1); 62(851.02); 63(926.31); 64(86.21); 65(488.25); 66(139.74); 67(143.76); 68(120.04); 69(261.23); 70(448.39); 71(26.66); 72(806.57); 73(396.45); 74(396.91); 75(318.45); 76(665.95); 77(849.8); 78(790.7); 79(662.05); 80(12.88); 81(167.56); 82(976.25); 83(457.39); 84(710.09); 85(4.29); 86(17.28); 87(963.29); 88(437.51); 89(366.79); 90(14.42); 91(39.88); 92(745.8); 93(38.24); 94(697.08); 95(407.83); 96(869.28); 97(80.01); 98(844.79); 99(972.0); 100(880.1); 101(236.75); 102(456.18); 103(416.53); 104(803.91); 105(403.95); 106(709.81); 107(903.47); 108(234.66); 109(13.91); 110(594.54); 111(800.06); 112(670.34); 113(614.98); 114(325.63); 115(757.71); 116(615.05); 117(861.49); 118(652.46); 119(921.56); 120(864.5); 121(406.95); 122(708.25); 123(488.83); 124(203.77); 125(849.63); 126(33.89); 127(635.53); 128(747.85); 129(508.63); 130(366.07); 131(98.51); 132(820.77); 133(94.3); 134(46.04); 135(767.57); 136(447.22); 137(832.08); 138(918.48); 139(601.05); 140(118.46); 141(240.96); 142(383.08); 143(300.18); 144(114.81); 145(307.05); 146(845.45); 147(705.12); 148(370.4); 149(409.87); 150(755.71); 151(436.1); 152(902.27); 153(710.4); 154(346.44); 155(764.15); 156(18.79); 157(262.22); 158(179.07); 159(981.79); 160(344.83); 161(888.93); 162(354.16); 163(575.58); 164(672.3); 165(715.9); 166(102.09); 167(761.07); 168(943.39); 169(328.25); 170(538.27); 171(959.65); 172(152.28); 173(121.41); 174(266.26); 175(883.26); 176(679.76); 177(202.42); 178(944.04); 179(208.72); 180(650.22); 181(634.36); 182(211.62); 183(910.65); 184(366.38); 185(508.45); 186(649.09); 187(320.48); 188(662.94); 189(32.87); 190(162.31); 191(442.52); 192(613.37); 193(878.69); 194(292.27); 195(425.68); 196(540.09); 197(361.35); 198(981.87); 199(239.03); 200(976.87); 201(669.3); 202(40.86); 203(879.68); 204(908.11); 205(129.06); 206(724.95); 207(478.6); 208(112.35); 209(179.05); 210(82.55); 211(254.54); 212(741.66); 213(570.66); 214(149.46); 215(409.72); 216(633.39); 217(87.5); 218(413.87); 219(305.58); 220(725.17); 221(446.28); 222(922.6); 223(390.52); 224(909.6); 225(696.46); 226(482.77); 227(152.53); 228(714.83); 229(559.65); 230(45.82); 231(448.92); 232(980.98); 233(912.72); 234(906.2); 235(63.85); 236(690.59); 237(726.7); 238(626.05); 239(241.6); 240(178.7); 241(762.41); 242(196.91); 243(31.57); 244(869.97); 245(928.84); 246(153.68); 247(494.85); 248(423.54); 249(394.57); 250(855.93); 251(282.25); 252(965.5); 253(582.34); 254(289.68); 255(409.03); 256(958.42); 257(665.74); 258(513.75); 259(843.47); 260(629.4); 261(831.56); 262(633.73); 263(93.55); 264(243.03); 265(85.1); 266(929.55); 267(110.75); 268(21.34); 269(502.68); 270(785.91); 271(135.44); 272(594.93); 273(893.43); 274(626.12); 275(118.18); 276(530.53); 277(558.97); 278(871.91); 279(915.27); 280(728.24); 281(579.26); 282(212.8); 283(644.93); 284(182.73); 285(282.52); 286(468.77); 287(356.32); 288(932.93); 289(629.75); 290(408.25); 291(589.5); 292(149.49); 293(209.68); 294(274.94); 295(736.45); 296(220.98); 297(53.47); 298(438.46); 299(337.13); 300(676.05); 301(990.83); 302(965.83); 303(816.49); 304(518.58); 305(433.05); 306(443.07); 307(431.34); 308(236.85); 309(233.83); 310(605.84); 311(73.43); 312(910.52); 313(933.71); 314(798.28); 315(154.47); 316(51.06); 317(46.17); 318(426.43); 319(413.73); 320(69.36); 321(395.49); 322(776.72); 323(730.23); 324(893.76); 325(109.56); 326(704.99); 327(464.99); 328(871.6); 329(313.22); 330(568.21); 331(405.74); 332(263.3); 333(635.68); 334(370.43); 335(287.05); 336(435.07); 337(2.29); 338(604.28); 339(352.36); 340(139.88); 341(985.43); 342(576.25); 343(521.91); 344(727.74); 345(646.13); 346(506.54); 347(258.71); 348(678.16); 349(532.49); 350(431.13); 351(333.84); 352(589.77); 353(876.7); 354(47.83); 355(611.81); 356(619.01); 357(154.54); 358(412.43); 359(493.32); 360(400.73); 361(616.73); 362(469.24); 363(980.51); 364(387.0); 365(258.02); 366(950.75); 367(896.1); 368(352.53); 369(981.1); 370(544.53); 371(577.39); 372(521.17); 373(290.4); 374(998.56); 375(479.64); 376(34.4); 377(47.54); 378(161.76); 379(263.86); 380(635.9); 381(376.52); 382(856.69); 383(965.9); 384(756.18); 385(482.55); 386(116.78); 387(559.53); 388(604.34); 389(863.92); 390(131.88); 391(589.12); 392(500.72); 393(195.77); 394(477.13); 395(120.04); 396(726.04); 397(34.79); 398(502.73); 399(116.41); 400(238.12); 401(945.47); 402(778.78); 403(780.14); 404(714.78); 405(824.24); 406(765.47); 407(276.2); 408(549.97); 409(79.38); 410(23.43); 411(759.96); 412(145.31); 413(408.91); 414(470.95); 415(393.22); 416(1.9); 417(473.38); 418(519.11); 419(689.03); 420(105.32); 421(930.6); 422(213.63); 423(107.49); 424(492.42); 425(970.91); 426(663.23); 427(37.27); 428(428.91); 429(537.36); 430(259.32); 431(793.68); 432(396.99); 433(166.7); 434(301.71); 435(132.7); 436(597.41); 437(60.53); 438(102.62); 439(49.74); 440(422.75); 441(310.03); 442(783.99); 443(224.3); 444(841.16); 445(843.23); 446(945.81); 447(110.56); 448(961.15); 449(301.03); 450(4.97); 451(447.88); 452(158.73); 453(810.34); 454(424.97); 455(554.13); 456(728.18); 457(494.33); 458(0.07); 459(761.43); 460(662.97); 461(855.63); 462(452.06); 463(421.65); 464(799.17); 465(645.98); 466(819.02); 467(415.6); 468(675.46); 469(431.35); 470(881.76); 471(637.32); 472(476.03); 473(244.07); 474(404.35); 475(402.31); 476(839.04); 477(904.57); 478(131.93); 479(155.06); 480(920.38); 481(489.24); 482(572.93); 483(99.54); 484(927.31); 485(663.4); 486(215.65); 487(453.85); 488(275.46); 489(188.69); 490(969.83); 491(897.07); 492(154.2); 493(836.67); 494(284.37); 495(684.28); 496(112.82); 497(921.29); 498(517.88); 499(16.85),1
41,0(150.21); 1(657.0); 2(305.92); 3(98.67); 4(878.01); 5(135.81); 6(310.86); 7(155.95); 8(17.45); 9(625.2); 10(372.03); 11(986.27); 12(621.38); 13(596.58); 14(563.5); 15(671.6); 16(907.57); 17(516.46); 18(974.68); 19(304.66); 20(392.06); 21(459.95); 22(454.94); 23(724.04); 24(942.71); 25(990.59); 26(574.93); 27(279.73); 28(446.59); 29(482.48); 30(313.23); 31(669.87); 32(750.49); 33(91.81); 34(861.87); 35(117.45); 36(448.47); 37(889.19); 38(383.76); 39(528.39); 40(127.84); 42(236.5); 43(875.46); 44(51.69); 45(242.34); 46(57.5); 47(305.58); 48(691.3); 49(31.44); 50(122.6); 51(322.82); 52(192.63); 53(617.28); 54(914.38); 55(977.44); 56(99.4); 57(474.92); 58(102.87); 59(805.2); 60(85.35); 61(780.44); 62(203.09); 63(813.1); 64(892.41); 65(163.71); 66(332.81); 67(721.75); 68(499.59); 69(27.18); 70(952.17); 71(231.33); 72(21.2); 73(603.53); 74(689.45); 75(243.46); 76(246.88); 77(196.59); 78(579.68); 79(633.22); 80(49.65); 81(460.27); 82(67.49); 83(87.3); 84(648.09); 85(107.64); 86(3.15); 87(478.19); 88(795.67); 89(113.32); 90(971.36); 91(425.69); 92(457.15); 93(124.98); 94(822.18); 95(779.15); 96(102.96); 97(238.08); 98(737.02); 99(534.71); 100(781.97); 101(640.41); 102(916.12); 103(752.0); 104(772.07); 105(98.02); 106(619.3); 107(124.0); 108(802.21); 109(146.94); 110(80.05); 111(447.82); 112(798.21); 113(100.66); 114(928.44); 115(419.92); 116(595.8); 117(790.38); 118(893.37); 119(973.17); 120(185.92); 121(851.63); 122(734.92); 123(494.34); 124(564.5); 125(379.76); 126(117.01); 127(298.16); 128(271.81); 129(595.2); 130(687.58); 131(57.66); 132(67.75); 133(605.7); 134(20.48); 135(601.07); 136(207.65); 137(442.42); 138(828.7); 139(773.67); 140(934.67); 141(906.36); 142(550.55); 143(846.39); 144(491.29); 145(352.29); 146(930.76); 147(234.25); 148(827.42); 149(195.4); 150(966.13); 151(192.5); 152(601.91); 153(188.77); 154(461.08); 155(408.12); 156(744.87); 157(29.07); 158(372.58); 159(717.11); 160(484.92); 161(976.17); 162(945.68); 163(422.91); 164(344.4); 165(892.1); 166(539.55); 167(831.61); 168(538.63); 169(146.24); 170(463.53); 171(291.61); 172(845.91); 173(123.52); 174(690.34); 175(1.15); 176(820.07); 177(688.22); 178(466.87); 179(84.43); 180(900.69); 181(823.64); 182(494.12); 183(430.36); 184(827.7); 185(352.91); 186(113.49); 187(7.23); 188(816.94); 189(318.77); 190(12.19); 191(265.25); 192(881.51); 193(438.95); 194(628.83); 195(574.85); 196(960.89); 197(757.1); 198(362.36); 199(898.97); 200(99.36); 201(987.6); 202(646.78); 203(121.98); 204(98.38); 205(688.91); 206(141.53); 207(660.08); 208(222.44); 209(980.12); 210(563.29); 211(607.17); 212(907.88); 213(200.16); 214(496.26); 215(483.89); 216(840.99); 217(173.02); 218(313.55); 219(530.92); 220(141.22); 221(284.1); 222(10.69); 223(169.05); 224(11.71); 225(321.87); 226(696.98); 227(602.37); 228(827.9); 229(917.18); 230(963.24); 231(539.69); 232(706.41); 233(334.87); 234(285.38); 235(927.92); 236(922.48); 237(399.23); 238(486.63); 239(6.45); 240(986.98); 241(798.13); 242(362.69); 243(533.82); 244(170.51); 245(254.39); 246(175.5); 247(917.77); 248(332.95); 249(711.8); 250(608.0); 251(33.03); 252(288.62); 253(185.09); 254(457.88); 255(702.55); 256(618.66); 257(844.75); 258(276.13); 259(778.04); 260(394.56); 261(657.79); 262(220.52); 263(149.78); 264(140.32); 265(506.76); 266(247.83); 267(994.9); 268(995.29); 269(446.39); 270(294.85); 271(981.29); 272(988.68); 273(664.33); 274(771.65); 275(498.44); 276(405.82); 277(126.06); 278(883.3); 279(575.59); 280(12.56); 281(75.56); 282(305.61); 283(222.98); 284(745.14); 285(999.95); 286(861.5); 287(574.04); 288(387.51); 289(787.77); 290(191.73); 291(246.18); 292(798.08); 293(739.45); 294(670.72); 295(452.98); 296(105.41); 297(704.89); 298(931.51); 299(840.23); 300(412.65); 301(324.39); 302(173.36); 303(583.71); 304(570.35); 305(392.95); 306(340.74); 307(278.79); 308(387.3); 309(409.52); 310(336.31); 311(467.74); 312(721.85); 313(417.69); 314(761.29); 315(229.34); 316(285.92); 317(237.58); 318(729.79); 319(70.73); 320(547.73); 321(581.15); 322(24.39); 323(996.11); 324(910.61); 325(287.39); 326(261.03); 327(336.03); 328(849.55); 329(528.13); 330(647.79); 331(452.26); 332(178.67); 333(829.43); 334(720.49); 335(25.58); 336(607.86); 337(501.54); 338(756.37); 339(188.6); 340(18.38); 341(596.57); 342(637.08); 343(577.95); 344(401.22); 345(52.42); 346(802.06); 347(509.79); 348(979.44); 349(147.35); 350(842.75); 351(400.61); 352(628.87); 353(594.97); 354(606.97); 355(60.37); 356(693.41); 357(770.87); 358(327.16); 359(876.76); 360(880.97); 361(987.68); 362(524.2); 363(169.44); 364(889.83); 365(544.71); 366(118.49); 367(851.98); 368(701.38); 369(741.38); 370(876.42); 371(926.6); 372(308.5); 373(807.31); 374(765.21); 375(810.87); 376(871.31); 377(294.15); 378(519.73); 379(191.5); 380(133.19); 381(242.8); 382(178.17); 383(672.83); 384(29.28); 385(248.49); 386(320.81); 387(857.15); 388(263.39); 389(872.24); 390(362.35); 391(579.12); 392(922.55); 393(844.81); 394(608.11); 395(888.56); 396(369.37); 397(893.87); 398(712.08); 399(428.67); 400(270.46); 401(845.08); 402(861.45); 403(984.29); 404(165.27); 405(287.4); 406(938.15); 407(104.89); 408(529.95); 409(983.82); 410(673.67); 411(784.37); 412(430.91); 413(457.55); 414(690.85); 415(477.4); 416(460.16); 417(430.06); 418(252.85); 419(670.81); 420(173.99); 421(249.47); 422(65.92); 423(184.89); 424(457.76); 425(792.45); 426(955.64); 427(432.43); 428(293.19); 429(791.86); 430(444.14); 431(291.67); 432(384.27); 433(233.83); 434(738.14); 435(73.58); 436(202.84); 437(568.21); 438(401.16); 439(755.54); 440(788.17); 441(781.36); 442(466.21); 443(94.33); 444(281.28); 445(858.23); 446(528.65); 447(446.39); 448(910.5); 449(807.1); 450(155.39); 451(146.61); 452(157.29); 453(848.39); 454(822.67); 455(430.83); 456(375.65); 457(567.76); 458(433.82); 459(819.1); 460(746.7); 461(516.49); 462(456.66); 463(797.77); 464(87.66); 465(630.04); 466(501.36); 467(573.01); 468(96.69); 469(347.52); 470(971.32); 471(594.48); 472(972.8); 473(712.92); 474(535.07); 475(485.3); 476(78.19); 477(442.55); 478(294.82); 479(5.28); 480(957.71); 481(327.29); 482(169.77); 483(526.03); 484(842.98); 485(313.46); 486(724.11); 487(86.39); 488(742.78); 489(666.69); 490(560.84); 491(591.8); 492(795.97); 493(983.92); 494(510.34); 495(6.84); 496(670.22); 497(768.7); 498(953.14); 499(582.92),1
42,0(889.91); 1(763.75); 2(700.41); 3(151.51); 4(106.75); 5(409.8); 6(254.53); 7(890.53); 8(289.86); 9(516.92); 10(344.48); 11(999.23); 12(143.29); 13(170.1); 14(463.79); 15(588.18); 16(147.68); 17(923.24); 18(327.41); 19(258.9); 20(388.62); 21(256.24); 22(11.63); 23(472.85); 24(951.73); 25(602.9); 26(599.41); 27(398.41); 28(868.0); 29(962.8); 30(527.76); 31(910.4); 32(828.78); 33(658.84); 34(256.78); 35(357.09); 36(347.37); 37(59.6); 38(875.3); 39(180.29); 40(978.73); 41(236.5); 43(503.93); 44(933.43); 45(244.48); 46(671.31); 47(350.58); 48(329.03); 49(85.06); 50(533.67); 51(396.77); 52(120.23); 53(70.61); 54(641.82); 55(85.87); 56(368.62); 57(4.72); 58(994.35); 59(216.68); 60(957.58); 61(250.62); 62(804.57); 63(250.62); 64(821.48); 65(238.05); 66(113.06); 67(279.31); 68(212.34); 69(5.69); 70(816.1); 71(164.83); 72(944.72); 73(830.59); 74(133.21); 75(992.04); 76(318.75); 77(937.79); 78(516.85); 79(817.86); 80(680.74); 81(660.78); 82(730.01); 83(870.93); 84(128.09); 85(949.14); 86(796.64); 87(324.64); 88(166.37); 89(73.73); 90(299.88); 91(186.09); 92(32.65); 93(591.49); 94(925.13); 95(635.39); 96(5.56); 97(644.5); 98(45.95); 99(831.69); 100(146.69); 101(449.58); 102(656.15); 103(382.18); 104(122.81); 105(339.03); 106(45.86); 107(31.27); 108(161.71); 109(947.62); 110(536.51); 111(902.55); 112(229.48); 113(611.78); 114(271.45); 115(268.02); 116(445.48); 117(112.1); 118(157.1); 119(130.98); 120(283.22); 121(35.76); 122(355.45); 123(854.89); 124(752.53); 125(90.09); 126(226.41); 127(38.21); 128(231.1); 129(138.46); 130(378.54); 131(701.29); 132(198.1); 133(351.14); 134(189.63); 135(698.32); 136(299.73); 137(871.06); 138(814.31); 139(136.83); 140(480.18); 141(795.39); 142(798.91); 143(686.2); 144(646.75); 145(222.54); 146(561.99); 147(308.32); 148(888.97); 149(776.53); 150(523.57); 151(993.25); 152(426.01); 153(407.96); 154(653.41); 155(25.31); 156(924.81); 157(122.02); 158(374.19); 159(115.37); 160(696.9); 161(573.72); 162(847.83); 163(404.58); 164(603.87); 165(529.3); 166(592.59); 167(625.86); 168(434.96); 169(349.78); 170(505.37); 171(817.42); 172(577.25); 173(38.51); 174(212.94); 175(93.91); 176(457.18); 177(92.14); 178(198.33); 179(858.04); 180(703.66); 181(360.42); 182(505.46); 183(100.52); 184(796.19); 185(92.14); 186(543.8); 187(367.38); 188(94.84); 189(935.7); 190(235.33); 191(420.56); 192(956.23); 193(861.86); 194(519.85); 195(888.73); 196(235.71); 197(286.62); 198(523.19); 199(964.53); 200(996.76); 201(557.94); 202(864.25); 203(359.21); 204(288.78); 205(952.97); 206(192.6); 207(815.02); 208(95.18); 209(693.35); 210(938.53); 211(384.94); 212(948.43); 213(823.07); 214(524.74); 215(288.89); 216(331.36); 217(356.73); 218(313.83); 219(871.35); 220(682.32); 221(524.53); 222(818.58); 223(246.83); 224(155.84); 225(868.5); 226(689.13); 227(68.44); 228(29.69); 229(82.62); 230(737.31); 231(855.2); 232(972.63); 233(295.84); 234(944.6); 235(351.6); 236(743.24); 237(410.37); 238(651.98); 239(215.88); 240(927.42); 241(825.46); 242(891.51); 243(13.94); 244(552.87); 245(794.32); 246(377.55); 247(167.13); 248(928.76); 249(52.21); 250(239.75); 251(293.74); 252(304.32); 253(780.59); 254(799.44); 255(786.89); 256(528.5); 257(165.97); 258(11.52); 259(242.0); 260(965.81); 261(310.7); 262(280.17); 263(324.99); 264(291.72); 265(254.0); 266(801.96); 267(761.07); 268(655.37); 269(403.32); 270(429.01); 271(702.33); 272(312.47); 273(195.77); 274(687.13); 275(712.85); 276(987.79); 277(237.54); 278(109.51); 279(552.55); 280(496.35); 281(714.21); 282(682.19); 283(957.83); 284(502.06); 285(651.53); 286(978.73); 287(746.91); 288(470.65); 289(784.61); 290(718.98); 291(617.52); 292(946.76); 293(810.64); 294(458.0); 295(701.81); 296(662.83); 297(65.7); 298(267.03); 299(822.16); 300(47.21); 301(4.36); 302(151.27); 303(506.76); 304(605.41); 305(220.85); 306(973.23); 307(919.74); 308(273.81); 309(634.85); 310(70.54); 311(570.75); 312(665.45); 313(3.07); 314(139.42); 315(295.18); 316(864.76); 317(540.57); 318(443.14); 319(257.09); 320(31.09); 321(476.18); 322(313.32); 323(720.53); 324(778.15); 325(817.65); 326(426.18); 327(977.7); 328(484.79); 329(58.31); 330(425.32); 331(868.82); 332(562.21); 333(59.85); 334(424.4); 335(338.56); 336(61.81); 337(909.84); 338(557.24); 339(244.26); 340(697.63); 341(958.86); 342(291.44); 343(525.19); 344(577.26); 345(894.63); 346(249.27); 347(289.81); 348(421.94); 349(350.37); 350(177.46); 351(700.74); 352(370.32); 353(794.55); 354(299.14); 355(8.65); 356(45.35); 357(331.28); 358(894.54); 359(849.58); 360(826.87); 361(355.98); 362(918.52); 363(598.43); 364(320.61); 365(401.62); 366(666.34); 367(756.61); 368(687.32); 369(80.33); 370(973.56); 371(532.54); 372(967.91); 373(737.17); 374(367.29); 375(689.64); 376(511.17); 377(980.79); 378(880.36); 379(183.85); 380(210.22); 381(321.85); 382(169.16); 383(615.57); 384(229.39); 385(550.58); 386(240.45); 387(352.31); 388(793.99); 389(23.65); 390(423.87); 391(256.22); 392(88.54); 393(894.08); 394(134.41); 395(943.23); 396(844.03); 397(294.35); 398(328.24); 399(87.64); 400(218.51); 401(535.37); 402(269.37); 403(808.33); 404(986.29); 405(645.6); 406(429.02); 407(134.84); 408(90.86); 409(33.21); 410(466.29); 411(432.83); 412(700.69); 413(287.05); 414(124.57); 415(667.27); 416(274.49); 417(813.38); 418(764.84); 419(666.87); 420(15.69); 421(969.38); 422(111.11); 423(190.02); 424(221.57); 425(346.31); 426(95.33); 427(182.35); 428(617.43); 429(329.69); 430(26.68); 431(985.27); 432(232.29); 433(985.54); 434(550.8); 435(306.28); 436(760.08); 437(440.89); 438(490.09); 439(946.38); 440(822.18); 441(907.84); 442(358.57); 443(433.11); 444(227.42); 445(937.59); 446(31.35); 447(781.11); 448(786.29); 449(975.73); 450(795.95); 451(513.11); 452(763.95); 453(196.04); 454(153.06); 455(855.09); 456(589.26); 457(23.29); 458(765.24); 459(816.53); 460(721.25); 461(254.07); 462(731.4); 463(108.26); 464(100.88); 465(167.36); 466(366.35); 467(560.04); 468(894.23); 469(866.87); 470(975.32); 471(893.87); 472(591.6); 473(490.15); 474(484.35); 475(862.21); 476(892.13); 477(515.65); 478(460.73); 479(809.58); 480(1.57); 481(383.91); 482(971.33); 483(558.79); 484(351.81); 485(497.74); 486(113.18); 487(0.47); 488(313.86); 489(691.33); 490(445.23); 491(305.21); 492(666.17); 493(964.62); 494(543.45); 495(196.43); 496(845.06); 497(314.88); 498(664.41); 499(143.24),1
43,0(726.89); 1(727.59); 2(818.5); 3(697.15); 4(746.44); 5(817.3); 6(791.82); 7(636.13); 8(836.98); 9(7.2); 10(927.33); 11(743.92); 12(640.7); 13(68.98); 14(275.34); 15(124.72); 16(112.0); 17(207.66); 18(428.83); 19(19.75); 20(557.9); 21(334.32); 22(338.72); 23(717.27); 24(957.29); 25(117.03); 26(149.29); 27(938.34); 28(625.07); 29(529.15); 30(480.42); 31(761.57); 32(193.83); 33(834.53); 34(856.97); 35(596.01); 36(741.53); 37(747.36); 38(513.22); 39(595.14); 40(912.75); 41(875.46); 42(503.93); 44(523.24); 45(257.83); 46(360.19); 47(116.45); 48(596.12); 49(752.16); 50(802.22); 51(183.26); 52(24.09); 53(383.91); 54(37.81); 55(402.2); 56(358.72); 57(901.84); 58(279.18); 59(40.99); 60(943.28); 61(67.93); 62(558.39); 63(430.59); 64(922.26); 65(459.98); 66(278.84); 67(427.05); 68(363.64); 69(251.26); 70(394.23); 71(243.08); 72(134.15); 73(875.27); 74(847.35); 75(450.52); 76(847.63); 77(19.11); 78(383.82); 79(47.1); 80(169.83); 81(976.64); 82(461.81); 83(59.58); 84(324.32); 85(886.24); 86(639.28); 87(781.13); 88(774.0); 89(128.91); 90(421.62); 91(320.95); 92(762.23); 93(771.68); 94(891.03); 95(515.5); 96(25.9); 97(822.36); 98(692.33); 99(317.06); 100(280.64); 101(220.91); 102(375.52); 103(577.84); 104(705.99); 105(650.61); 106(527.72); 107(959.75); 108(248.07); 109(569.4); 110(165.75); 111(970.06); 112(72.82); 113(455.86); 114(551.88); 115(937.14); 116(681.69); 117(619.6); 118(266.36); 119(234.05); 120(413.16); 121(819.89); 122(608.22); 123(589.61); 124(639.47); 125(140.71); 126(733.18); 127(903.27); 128(637.12); 129(281.7); 130(635.79); 131(719.27); 132(399.63); 133(342.43); 134(864.93); 135(509.89); 136(930.21); 137(940.08); 138(202.19); 139(434.24); 140(356.08); 141(174.94); 142(72.37); 143(652.64); 144(61.42); 145(76.24); 146(288.12); 147(959.12); 148(769.78); 149(238.11); 150(600.72); 151(571.29); 152(204.95); 153(36.78); 154(190.14); 155(853.48); 156(106.91); 157(453.81); 158(906.5); 159(659.65); 160(390.77); 161(48.74); 162(36.48); 163(166.14); 164(30.6); 165(775.98); 166(788.89); 167(906.78); 168(739.13); 169(237.21); 170(691.83); 171(158.79); 172(279.3); 173(629.96); 174(551.93); 175(867.04); 176(370.2); 177(62.67); 178(564.7); 179(607.9); 180(242.45); 181(925.61); 182(493.67); 183(830.0); 184(312.92); 185(654.7); 186(617.55); 187(716.7); 188(737.65); 189(430.85); 190(107.14); 191(207.02); 192(604.2); 193(41.6); 194(687.79); 195(401.41); 196(892.61); 197(664.33); 198(808.58); 199(392.32); 200(124.63); 201(770.73); 202(339.73); 203(796.0); 204(487.93); 205(493.86); 206(61.9); 207(383.33); 208(682.65); 209(163.11); 210(801.34); 211(199.8); 212(612.56); 213(201.82); 214(387.86); 215(741.58); 216(796.91); 217(210.42); 218(950.72); 219(126.97); 220(8.68); 221(310.54); 222(402.29); 223(394.57); 224(195.07); 225(103.41); 226(653.51); 227(224.44); 228(671.12); 229(103.54); 230(376.39); 231(178.91); 232(889.06); 233(816.01); 234(870.73); 235(69.87); 236(111.59); 237(778.9); 238(109.81); 239(966.06); 240(911.56); 241(296.31); 242(22.76); 243(600.45); 244(679.24); 245(757.9); 246(437.43); 247(664.68); 248(297.92); 249(137.12); 250(647.24); 251(545.67); 252(628.83); 253(419.75); 254(446.57); 255(945.86); 256(803.33); 257(737.4); 258(660.11); 259(798.11); 260(373.53); 261(965.74); 262(687.06); 263(685.7); 264(162.84); 265(749.41); 266(675.63); 267(609.21); 268(445.44); 269(344.53); 270(948.3); 271(96.27); 272(337.35); 273(112.07); 274(426.56); 275(708.1); 276(350.87); 277(556.64); 278(508.75); 279(229.76); 280(14.67); 281(458.57); 282(702.08); 283(613.19); 284(410.7); 285(142.51); 286(976.22); 287(609.56); 288(587.48); 289(27.03); 290(468.63); 291(39.35); 292(848.87); 293(180.28); 294(889.71); 295(950.03); 296(136.4); 297(419.09); 298(158.68); 299(731.13); 300(449.13); 301(509.8); 302(856.16); 303(263.32); 304(520.33); 305(801.57); 306(197.93); 307(967.0); 308(285.49); 309(991.58); 310(208.49); 311(247.6); 312(857.53); 313(838.34); 314(454.69); 315(875.14); 316(655.58); 317(706.74); 318(469.25); 319(381.42); 320(589.76); 321(82.74); 322(595.52); 323(316.16); 324(372.83); 325(658.59); 326(501.39); 327(934.68); 328(672.39); 329(757.5); 330(629.92); 331(760.47); 332(681.91); 333(390.0); 334(337.42); 335(336.69); 336(427.76); 337(19.46); 338(99.16); 339(36.89); 340(392.96); 341(210.47); 342(760.55); 343(370.71); 344(706.69); 345(250.64); 346(255.74); 347(869.85); 348(876.15); 349(182.44); 350(826.01); 351(873.56); 352(594.97); 353(331.0); 354(529.68); 355(215.37); 356(314.76); 357(653.23); 358(181.45); 359(138.85); 360(761.82); 361(312.52); 362(219.83); 363(369.92); 364(547.89); 365(677.71); 366(193.64); 367(904.84); 368(800.03); 369(408.96); 370(279.44); 371(939.86); 372(746.59); 373(35.13); 374(46.3); 375(587.99); 376(277.83); 377(181.33); 378(143.19); 379(652.55); 380(43.31); 381(180.41); 382(135.2); 383(534.02); 384(165.17); 385(185.41); 386(172.59); 387(139.31); 388(875.84); 389(397.03); 390(49.68); 391(296.74); 392(939.15); 393(714.47); 394(990.84); 395(421.14); 396(530.99); 397(950.86); 398(536.21); 399(688.35); 400(628.81); 401(382.05); 402(913.1); 403(445.88); 404(493.7); 405(883.73); 406(673.59); 407(606.81); 408(667.55); 409(170.94); 410(701.12); 411(555.5); 412(36.5); 413(292.1); 414(380.96); 415(843.17); 416(986.38); 417(985.8); 418(478.34); 419(423.21); 420(187.12); 421(458.08); 422(313.5); 423(320.19); 424(814.33); 425(641.76); 426(266.12); 427(283.11); 428(979.41); 429(788.64); 430(852.24); 431(609.09); 432(622.81); 433(743.4); 434(477.37); 435(612.57); 436(277.79); 437(525.77); 438(691.21); 439(678.19); 440(485.87); 441(704.0); 442(112.48); 443(473.7); 444(240.61); 445(504.06); 446(63.07); 447(307.44); 448(135.66); 449(160.24); 450(621.36); 451(22.25); 452(470.72); 453(694.95); 454(112.47); 455(898.52); 456(798.59); 457(338.11); 458(69.27); 459(775.34); 460(790.16); 461(28.29); 462(116.75); 463(163.26); 464(318.35); 465(278.87); 466(545.22); 467(610.27); 468(550.53); 469(320.53); 470(993.18); 471(888.98); 472(141.87); 473(880.24); 474(21.45); 475(378.58); 476(579.96); 477(440.02); 478(234.8); 479(644.53); 480(612.26); 481(144.5); 482(606.9); 483(496.72); 484(225.23); 485(432.6); 486(629.29); 487(121.37); 488(454.93); 489(782.07); 490(212.19); 491(742.57); 492(830.85); 493(734.88); 494(923.22); 495(131.18); 496(318.38); 497(589.99); 498(486.69); 499(15.99),1
44,0(17.14); 1(83.83); 2(381.0); 3(485.87); 4(192.56); 5(459.31); 6(610.58); 7(944.06); 8(615.14); 9(40.82); 10(201.07); 11(118.7); 12(754.43); 13(13.19); 14(231.19); 15(772.75); 16(245.29); 17(528.84); 18(587.08); 19(260.23); 20(931.45); 21(28.36); 22(478.48); 23(298.74); 24(639.24); 25(244.2); 26(324.01); 27(75.23); 28(95.61); 29(507.91); 30(700.81); 31(398.33); 32(815.36); 33(164.26); 34(646.06); 35(894.8); 36(453.3); 37(788.01); 38(406.0); 39(959.1); 40(702.7); 41(51.69); 42(933.43); 43(523.24); 45(224.87); 46(706.23); 47(818.81); 48(491.37); 49(80.79); 50(536.84); 51(994.93); 52(50.38); 53(15.11); 54(486.89); 55(511.71); 56(502.67); 57(723.73); 58(864.0); 59(227.18); 60(95.35); 61(856.57); 62(646.98); 63(479.3); 64(84.11); 65(298.83); 66(27.74); 67(613.5); 68(76.07); 69(93.83); 70(332.27); 71(498.68); 72(516.8); 73(588.26); 74(894.57); 75(709.03); 76(751.49); 77(510.49); 78(974.23); 79(410.52); 80(754.24); 81(710.18); 82(394.44); 83(723.44); 84(904.51); 85(456.31); 86(713.09); 87(639.41); 88(780.1); 89(499.71); 90(500.25); 91(268.33); 92(806.49); 93(575.09); 94(237.11); 95(141.98); 96(212.07); 97(509.35); 98(138.19); 99(553.81); 100(653.25); 101(780.15); 102(407.12); 103(190.79); 104(740.06); 105(195.66); 106(150.26); 107(842.14); 108(768.85); 109(808.26); 110(2.93); 111(699.01); 112(808.69); 113(565.81); 114(208.56); 115(826.06); 116(577.45); 117(662.91); 118(597.77); 119(485.33); 120(196.17); 121(298.79); 122(927.81); 123(580.97); 124(228.59); 125(128.56); 126(476.76); 127(850.12); 128(731.25); 129(68.5); 130(700.67); 131(490.95); 132(217.15); 133(5.05); 134(588.1); 135(192.65); 136(680.74); 137(911.43); 138(468.4); 139(66.77); 140(50.85); 141(428.76); 142(98.95); 143(716.93); 144(676.28); 145(278.49); 146(853.63); 147(518.97); 148(968.32); 149(285.12); 150(556.71); 151(582.43); 152(904.51); 153(831.06); 154(378.53); 155(453.36); 156(461.63); 157(516.42); 158(778.23); 159(818.88); 160(309.63); 161(874.91); 162(283.19); 163(197.59); 164(915.59); 165(169.66); 166(599.32); 167(303.27); 168(883.24); 169(692.89); 170(654.5); 171(788.0); 172(114.81); 173(245.85); 174(232.01); 175(696.04); 176(723.64); 177(49.14); 178(634.12); 179(682.89); 180(806.85); 181(378.27); 182(84.33); 183(132.21); 184(160.73); 185(441.1); 186(761.25); 187(688.02); 188(188.01); 189(642.63); 190(33.83); 191(794.96); 192(143.16); 193(176.53); 194(644.37); 195(376.39); 196(675.51); 197(91.69); 198(627.62); 199(11.29); 200(91.7); 201(628.85); 202(820.48); 203(527.38); 204(652.79); 205(812.97); 206(977.05); 207(405.56); 208(701.35); 209(690.87); 210(399.78); 211(543.92); 212(264.65); 213(722.17); 214(470.86); 215(921.72); 216(211.52); 217(463.36); 218(163.31); 219(950.07); 220(802.5); 221(429.52); 222(365.24); 223(279.06); 224(285.14); 225(871.91); 226(697.92); 227(1.7); 228(893.47); 229(973.69); 230(232.75); 231(206.04); 232(280.54); 233(571.5); 234(167.35); 235(301.65); 236(743.08); 237(422.44); 238(61.46); 239(906.82); 240(599.71); 241(780.08); 242(398.42); 243(364.38); 244(3.41); 245(871.93); 246(602.09); 247(939.07); 248(587.32); 249(907.92); 250(82.26); 251(793.75); 252(728.78); 253(472.16); 254(71.61); 255(535.8); 256(852.71); 257(68.96); 258(675.54); 259(453.18); 260(689.42); 261(81.31); 262(377.45); 263(920.65); 264(729.56); 265(249.1); 266(430.46); 267(550.58); 268(92.58); 269(128.61); 270(944.56); 271(325.51); 272(991.86); 273(768.99); 274(714.83); 275(287.13); 276(810.37); 277(909.7); 278(939.02); 279(495.02); 280(315.7); 281(874.27); 282(753.53); 283(34.39); 284(301.3); 285(563.11); 286(91.21); 287(293.47); 288(279.51); 289(319.24); 290(783.67); 291(907.33); 292(643.68); 293(57.08); 294(289.2); 295(756.71); 296(946.93); 297(531.84); 298(348.34); 299(625.26); 300(473.78); 301(123.38); 302(477.98); 303(93.28); 304(433.55); 305(544.69); 306(55.36); 307(21.71); 308(455.08); 309(367.31); 310(168.58); 311(812.34); 312(920.64); 313(581.83); 314(807.54); 315(421.19); 316(75.46); 317(745.99); 318(641.01); 319(869.0); 320(794.59); 321(717.87); 322(829.39); 323(745.28); 324(497.14); 325(925.8); 326(385.0); 327(186.44); 328(507.99); 329(50.53); 330(138.01); 331(788.76); 332(724.8); 333(708.47); 334(457.44); 335(168.87); 336(833.43); 337(945.86); 338(54.72); 339(823.1); 340(903.64); 341(844.0); 342(734.8); 343(999.68); 344(748.83); 345(325.93); 346(379.18); 347(594.28); 348(981.03); 349(660.92); 350(941.76); 351(495.6); 352(319.23); 353(315.95); 354(922.66); 355(229.38); 356(712.61); 357(833.64); 358(397.22); 359(592.41); 360(329.65); 361(718.36); 362(465.32); 363(349.05); 364(205.5); 365(0.49); 366(78.02); 367(910.24); 368(916.97); 369(70.08); 370(959.95); 371(934.47); 372(7.97); 373(115.28); 374(834.14); 375(466.34); 376(418.94); 377(92.25); 378(157.64); 379(582.92); 380(255.51); 381(471.82); 382(488.53); 383(505.15); 384(856.04); 385(163.13); 386(600.66); 387(330.18); 388(179.61); 389(4.71); 390(129.78); 391(544.79); 392(966.97); 393(895.89); 394(522.75); 395(956.75); 396(743.72); 397(158.65); 398(78.26); 399(721.69); 400(184.56); 401(650.01); 402(357.22); 403(169.4); 404(492.36); 405(651.12); 406(383.38); 407(426.02); 408(820.04); 409(971.41); 410(256.42); 411(283.48); 412(986.9); 413(245.48); 414(471.55); 415(126.85); 416(180.12); 417(969.26); 418(963.02); 419(473.28); 420(47.4); 421(803.73); 422(82.93); 423(360.96); 424(764.24); 425(88.03); 426(557.1); 427(887.43); 428(801.78); 429(100.82); 430(931.38); 431(232.13); 432(958.69); 433(544.45); 434(948.6); 435(44.51); 436(733.94); 437(908.8); 438(558.18); 439(478.96); 440(872.69); 441(867.89); 442(755.15); 443(879.63); 444(927.83); 445(247.16); 446(550.09); 447(983.86); 448(370.63); 449(260.27); 450(581.59); 451(185.18); 452(957.76); 453(85.5); 454(734.55); 455(834.03); 456(639.58); 457(345.3); 458(141.4); 459(587.01); 460(346.14); 461(286.95); 462(299.95); 463(415.99); 464(163.41); 465(255.01); 466(367.77); 467(92.89); 468(601.86); 469(821.28); 470(409.36); 471(300.12); 472(824.94); 473(99.93); 474(519.36); 475(285.94); 476(416.78); 477(425.66); 478(256.02); 479(520.43); 480(797.47); 481(320.54); 482(251.01); 483(733.01); 484(262.08); 485(675.75); 486(225.13); 487(220.59); 488(677.84); 489(839.88); 490(717.36); 491(904.24); 492(339.77); 493(852.43); 494(241.5); 495(689.2); 496(959.38); 497(914.46); 498(250.75); 499(874.42),1
45,0(158.61); 1(422.03); 2(981.34); 3(680.12); 4(844.08); 5(670.45); 6(317.05); 7(285.46); 8(482.5); 9(124.03); 10(64.86); 11(297.94); 12(336.55); 13(306.99); 14(926.3); 15(808.02); 16(627.25); 17(493.96); 18(724.8); 19(96.75); 20(267.64); 21(985.71); 22(338.82); 23(73.4); 24(516.25); 25(974.79); 26(233.48); 27(499.0); 28(762.18); 29(578.62); 30(100.05); 31(193.94); 32(724.36); 33(341.38); 34(255.61); 35(272.3); 36(229.47); 37(174.0); 38(880.07); 39(489.58); 40(139.35); 41(242.34); 42(244.48); 43(257.83); 44(224.87); 46(983.44); 47(738.03); 48(117.46); 49(734.56); 50(983.79); 51(228.58); 52(922.03); 53(530.48); 54(550.5); 55(322.74); 56(429.14); 57(357.81); 58(52.43); 59(189.1); 60(896.55); 61(25.85); 62(866.38); 63(995.51); 64(997.61); 65(330.57); 66(203.82); 67(246.96); 68(758.68); 69(964.78); 70(410.23); 71(24.33); 72(303.57); 73(570.37); 74(794.63); 75(481.05); 76(739.45); 77(807.31); 78(330.17); 79(932.33); 80(148.15); 81(815.06); 82(730.8); 83(245.34); 84(286.36); 85(526.2); 86(235.77); 87(135.08); 88(931.98); 89(417.28); 90(892.48); 91(709.52); 92(213.02); 93(198.31); 94(749.26); 95(385.7); 96(860.86); 97(667.85); 98(148.75); 99(66.52); 100(535.17); 101(367.79); 102(911.36); 103(637.78); 104(524.6); 105(511.88); 106(926.69); 107(337.19); 108(216.5); 109(281.02); 110(470.61); 111(67.58); 112(100.37); 113(828.32); 114(974.82); 115(492.1); 116(793.78); 117(613.02); 118(203.74); 119(638.07); 120(246.22); 121(20.83); 122(556.84); 123(566.9); 124(900.17); 125(645.68); 126(520.41); 127(706.52); 128(308.79); 129(281.9); 130(144.14); 131(378.31); 132(536.09); 133(278.91); 134(214.76); 135(95.54); 136(53.9); 137(995.28); 138(815.03); 139(820.14); 140(455.78); 141(47.22); 142(952.3); 143(860.31); 144(130.91); 145(323.86); 146(240.67); 147(840.95); 148(298.58); 149(206.47); 150(624.92); 151(641.82); 152(978.1); 153(118.0); 154(922.32); 155(584.78); 156(444.91); 157(395.88); 158(365.02); 159(506.1); 160(42.1); 161(194.01); 162(116.11); 163(612.48); 164(416.41); 165(952.8); 166(373.46); 167(605.42); 168(205.59); 169(959.23); 170(802.25); 171(800.23); 172(917.06); 173(940.83); 174(943.33); 175(10.92); 176(248.38); 177(342.63); 178(147.34); 179(729.86); 180(47.9); 181(505.27); 182(103.28); 183(241.73); 184(183.3); 185(387.57); 186(839.44); 187(124.99); 188(834.63); 189(6.99); 190(895.43); 191(626.03); 192(261.71); 193(740.55); 194(6.96); 195(830.19); 196(232.79); 197(904.83); 198(85.58); 199(153.33); 200(394.89); 201(646.3); 202(321.81); 203(519.26); 204(210.49); 205(908.95); 206(533.06); 207(842.5); 208(928.75); 209(921.3); 210(150.31); 211(414.75); 212(340.48); 213(966.76); 214(345.89); 215(127.86); 216(753.58); 217(20.8); 218(401.89); 219(379.29); 220(285.24); 221(987.72); 222(368.89); 223(32.79); 224(459.41); 225(664.35); 226(983.19); 227(648.04); 228(608.24); 229(847.92); 230(590.22); 231(524.45); 232(653.12); 233(156.29); 234(387.38); 235(773.84); 236(963.78); 237(126.32); 238(624.23); 239(127.17); 240(385.96); 241(461.08); 242(984.94); 243(282.28); 244(624.91); 245(103.58); 246(902.83); 247(820.66); 248(270.69); 249(68.87); 250(312.05); 251(62.33); 252(943.06); 253(700.96); 254(729.53); 255(630.73); 256(550.82); 257(87.57); 258(918.8); 259(437.18); 260(760.96); 261(855.17); 262(871.74); 263(23.49); 264(822.5); 265(53.83); 266(466.55); 267(640.99); 268(549.69); 269(860.43); 270(672.53); 271(556.11); 272(896.55); 273(587.32); 274(735.59); 275(334.42); 276(689.11); 277(300.96); 278(10.72); 279(69.99); 280(676.14); 281(145.01); 282(761.04); 283(919.61); 284(316.84); 285(995.39); 286(181.14); 287(40.73); 288(315.55); 289(355.49); 290(477.78); 291(999.78); 292(812.0); 293(903.68); 294(776.78); 295(632.37); 296(955.91); 297(781.34); 298(534.94); 299(339.66); 300(437.46); 301(804.73); 302(353.86); 303(89.27); 304(795.49); 305(100.44); 306(763.29); 307(480.76); 308(939.69); 309(269.78); 310(64.39); 311(24.64); 312(983.57); 313(307.02); 314(858.78); 315(360.78); 316(947.9); 317(513.55); 318(199.02); 319(557.9); 320(426.71); 321(510.61); 322(642.18); 323(81.3); 324(14.92); 325(44.99); 326(733.89); 327(423.03); 328(323.49); 329(351.28); 330(843.79); 331(301.18); 332(6.04); 333(663.22); 334(79.29); 335(225.77); 336(867.55); 337(458.63); 338(301.71); 339(39.35); 340(127.68); 341(664.32); 342(407.9); 343(572.94); 344(244.72); 345(3.2); 346(376.72); 347(905.03); 348(68.97); 349(734.03); 350(100.34); 351(549.47); 352(543.38); 353(410.24); 354(969.84); 355(612.0); 356(206.56); 357(692.34); 358(4.59); 359(981.06); 360(271.45); 361(101.99); 362(346.44); 363(120.56); 364(651.73); 365(509.8); 366(756.61); 367(892.3); 368(252.39); 369(865.08); 370(993.58); 371(143.25); 372(717.74); 373(459.3); 374(260.36); 375(362.62); 376(330.62); 377(797.84); 378(763.34); 379(119.15); 380(608.63); 381(497.98); 382(609.66); 383(960.14); 384(215.81); 385(255.26); 386(838.21); 387(198.5); 388(694.93); 389(542.01); 390(821.27); 391(124.72); 392(770.42); 393(356.42); 394(668.98); 395(794.36); 396(113.24); 397(121.44); 398(434.6); 399(705.67); 400(695.47); 401(997.0); 402(497.2); 403(986.64); 404(500.75); 405(174.79); 406(43.43); 407(251.29); 408(248.85); 409(308.71); 410(378.57); 411(681.94); 412(799.17); 413(403.04); 414(247.67); 415(845.82); 416(824.93); 417(723.56); 418(948.81); 419(393.08); 420(876.26); 421(62.38); 422(556.61); 423(692.08); 424(701.46); 425(531.36); 426(689.62); 427(294.93); 428(76.87); 429(722.2); 430(578.01); 431(529.02); 432(520.71); 433(652.14); 434(200.66); 435(129.94); 436(767.3); 437(901.41); 438(3.38); 439(357.07); 440(732.32); 441(71.97); 442(18.99); 443(382.38); 444(863.22); 445(399.25); 446(999.39); 447(621.53); 448(855.91); 449(566.92); 450(863.12); 451(19.37); 452(153.27); 453(122.54); 454(24.17); 455(200.08); 456(774.39); 457(123.88); 458(720.44); 459(354.32); 460(338.85); 461(131.26); 462(512.37); 463(414.72); 464(886.52); 465(729.17); 466(36.73); 467(600.44); 468(46.56); 469(530.65); 470(696.29); 471(620.16); 472(222.22); 473(994.19); 474(893.59); 475(310.37); 476(922.82); 477(26.1); 478(228.82); 479(982.97); 480(44.99); 481(940.67); 482(78.32); 483(473.1); 484(843.51); 485(867.9); 486(31.0); 487(491.38); 488(981.48); 489(203.41); 490(505.91); 491(585.65); 492(983.2); 493(126.55); 494(757.5); 495(71.14); 496(311.0); 497(346.75); 498(714.3); 499(851.74),2
46,0(107.06); 1(445.36); 2(382.14); 3(961.44); 4(798.73); 5(579.31); 6(227.25); 7(69.89); 8(39.81); 9(852.08); 10(763.06); 11(185.47); 12(568.16); 13(533.17); 14(196.15); 15(601.7); 16(107.34); 17(654.73); 18(463.33); 19(676.79); 20(519.25); 21(498.48); 22(377.27); 23(169.81); 24(510.64); 25(276.14); 26(644.06); 27(409.31); 28(73.88); 29(219.0); 30(103.4); 31(827.93); 32(970.77); 33(54.54); 34(664.48); 35(68.24); 36(355.4); 37(185.54); 38(885.16); 39(405.92); 40(293.24); 41(57.5); 42(671.31); 43(360.19); 44(706.23); 45(983.44); 47(739.16); 48(365.7); 49(876.65); 50(841.57); 51(371.17); 52(697.55); 53(529.33); 54(657.16); 55(211.26); 56(939.87); 57(772.67); 58(371.02); 59(58.12); 60(437.77); 61(471.83); 62(521.33); 63(144.78); 64(847.22); 65(917.47); 66(961.62); 67(133.91); 68(992.72); 69(948.8); 70(43.39); 71(554.26); 72(350.18); 73(396.23); 74(774.93); 75(244.26); 76(814.2); 77(788.25); 78(990.68); 79(540.42); 80(590.4); 81(607.29); 82(268.99); 83(156.5); 84(593.48); 85(58.64); 86(661.04); 87(347.81); 88(739.66); 89(971.22); 90(107.72); 91(718.91); 92(337.6); 93(69.66); 94(666.11); 95(348.33); 96(672.84); 97(260.16); 98(825.9); 99(752.36); 100(277.72); 101(88.44); 102(885.33); 103(673.24); 104(967.93); 105(707.1); 106(0.68); 107(714.09); 108(518.16); 109(705.46); 110(122.64); 111(211.27); 112(751.16); 113(286.87); 114(88.01); 115(472.53); 116(311.3); 117(131.6); 118(508.15); 119(278.02); 120(838.53); 121(288.38); 122(421.81); 123(590.28); 124(262.83); 125(864.79); 126(245.49); 127(970.08); 128(272.55); 129(677.63); 130(319.15); 131(972.54); 132(381.77); 133(459.28); 134(87.15); 135(79.97); 136(68.39); 137(110.78); 138(948.71); 139(282.82); 140(491.2); 141(811.89); 142(326.35); 143(402.04); 144(532.82); 145(153.47); 146(48.25); 147(911.02); 148(840.75); 149(897.12); 150(52.98); 151(364.91); 152(391.95); 153(553.43); 154(282.85); 155(53.68); 156(830.32); 157(304.91); 158(54.39); 159(61.78); 160(297.55); 161(835.16); 162(580.0); 163(374.8); 164(881.53); 165(95.45); 166(220.61); 167(536.08); 168(10.24); 169(416.48); 170(299.43); 171(682.01); 172(986.37); 173(198.19); 174(35.65); 175(450.11); 176(340.8); 177(573.3); 178(26.7); 179(767.8); 180(744.35); 181(572.87); 182(239.09); 183(621.48); 184(692.6); 185(956.12); 186(906.99); 187(292.17); 188(524.09); 189(150.97); 190(225.11); 191(297.94); 192(634.5); 193(575.72); 194(223.31); 195(673.25); 196(683.16); 197(365.62); 198(417.55); 199(764.06); 200(331.86); 201(290.97); 202(38.34); 203(279.0); 204(580.75); 205(201.54); 206(898.7); 207(261.36); 208(800.03); 209(170.1); 210(973.92); 211(499.54); 212(160.74); 213(796.95); 214(926.74); 215(646.69); 216(264.91); 217(615.2); 218(725.95); 219(939.01); 220(939.19); 221(668.56); 222(218.86); 223(470.95); 224(603.04); 225(275.98); 226(20.32); 227(406.66); 228(990.56); 229(671.09); 230(230.65); 231(549.64); 232(645.67); 233(98.41); 234(275.91); 235(191.29); 236(631.23); 237(723.81); 238(279.17); 239(885.66); 240(771.13); 241(234.14); 242(28.49); 243(785.54); 244(950.16); 245(505.47); 246(726.67); 247(965.25); 248(83.19); 249(815.04); 250(244.87); 251(261.27); 252(684.94); 253(719.92); 254(639.47); 255(507.56); 256(511.22); 257(15.99); 258(236.79); 259(597.83); 260(506.35); 261(382.07); 262(767.77); 263(831.81); 264(438.53); 265(180.45); 266(626.09); 267(175.47); 268(392.95); 269(395.14); 270(272.8); 271(540.53); 272(445.42); 273(229.0); 274(487.79); 275(550.83); 276(365.02); 277(521.33); 278(36.71); 279(358.08); 280(933.13); 281(655.92); 282(779.53); 283(987.93); 284(89.89); 285(248.66); 286(897.88); 287(418.42); 288(219.47); 289(664.05); 290(391.14); 291(569.75); 292(508.74); 293(490.9); 294(184.13); 295(681.41); 296(979.24); 297(560.29); 298(311.52); 299(821.08); 300(961.45); 301(21.57); 302(599.88); 303(221.68); 304(585.51); 305(399.5); 306(946.85); 307(791.92); 308(135.45); 309(901.45); 310(898.65); 311(567.37); 312(411.71); 313(419.84); 314(843.2); 315(388.91); 316(548.78); 317(730.3); 318(601.17); 319(484.64); 320(870.61); 321(670.22); 322(41.49); 323(777.59); 324(405.88); 325(517.39); 326(55.21); 327(777.69); 328(209.54); 329(69.93); 330(87.5); 331(127.31); 332(511.06); 333(560.94); 334(375.73); 335(437.6); 336(276.47); 337(522.56); 338(100.85); 339(315.38); 340(523.69); 341(950.03); 342(792.87); 343(931.31); 344(667.7); 345(779.69); 346(129.49); 347(219.36); 348(751.36); 349(931.93); 350(624.8); 351(764.14); 352(558.15); 353(264.17); 354(545.65); 355(108.25); 356(822.22); 357(429.67); 358(388.07); 359(191.94); 360(168.06); 361(450.43); 362(318.32); 363(624.43); 364(897.67); 365(344.47); 366(533.31); 367(757.29); 368(933.78); 369(312.23); 370(806.59); 371(160.71); 372(479.74); 373(169.99); 374(763.08); 375(233.56); 376(313.82); 377(577.42); 378(666.99); 379(415.86); 380(76.91); 381(477.7); 382(799.35); 383(955.64); 384(440.56); 385(542.48); 386(83.11); 387(672.39); 388(914.58); 389(737.26); 390(883.16); 391(928.9); 392(913.38); 393(409.98); 394(826.17); 395(930.12); 396(451.5); 397(999.59); 398(728.62); 399(682.63); 400(496.98); 401(852.98); 402(31.22); 403(732.36); 404(327.65); 405(213.05); 406(748.23); 407(399.42); 408(290.82); 409(277.59); 410(99.72); 411(989.46); 412(117.75); 413(527.43); 414(991.96); 415(261.41); 416(517.42); 417(195.94); 418(630.73); 419(691.57); 420(952.81); 421(343.11); 422(121.76); 423(695.77); 424(761.29); 425(482.44); 426(225.07); 427(242.81); 428(231.03); 429(182.41); 430(25.43); 431(328.36); 432(639.33); 433(297.8); 434(350.12); 435(46.67); 436(787.97); 437(999.24); 438(180.18); 439(602.83); 440(968.42); 441(758.65); 442(801.11); 443(630.86); 444(837.12); 445(983.79); 446(137.02); 447(511.64); 448(550.75); 449(188.76); 450(134.86); 451(862.33); 452(824.31); 453(446.15); 454(193.05); 455(221.04); 456(218.58); 457(630.67); 458(188.37); 459(39.46); 460(482.14); 461(813.08); 462(940.29); 463(638.9); 464(968.9); 465(185.14); 466(242.21); 467(168.44); 468(614.91); 469(736.59); 470(349.19); 471(923.98); 472(401.69); 473(65.8); 474(296.28); 475(115.83); 476(700.65); 477(499.92); 478(578.01); 479(154.06); 480(978.55); 481(329.69); 482(884.49); 483(815.99); 484(908.31); 485(500.14); 486(674.94); 487(227.72); 488(450.38); 489(651.33); 490(714.33); 491(520.41); 492(672.08); 493(796.44); 494(283.93); 495(418.81); 496(709.11); 497(471.69); 498(423.52); 499(820.46),1
47,0(765.3); 1(103.54); 2(822.39); 3(168.58); 4(55.83); 5(382.46); 6(764.04); 7(493.59); 8(492.17); 9(108.22); 10(981.83); 11(926.16); 12(998.9); 13(464.95); 14(871.1); 15(82.99); 16(302.11); 17(116.2); 18(294.42); 19(245.98); 20(633.88); 21(951.32); 22(682.15); 23(15.54); 24(809.55); 25(390.32); 26(652.68); 27(973.95); 28(843.17); 29(665.46); 30(158.45); 31(273.08); 32(391.38); 33(967.31); 34(902.72); 35(582.73); 36(294.22); 37(926.7); 38(685.77); 39(575.15); 40(260.58); 41(305.58); 42(350.58); 43(116.45); 44(818.81); 45(738.03); 46(739.16); 48(83.51); 49(880.34); 50(70.65); 51(78.78); 52(690.87); 53(916.07); 54(397.25); 55(328.9); 56(482.31); 57(651.98); 58(515.93); 59(701.6); 60(710.07); 61(899.83); 62(821.25); 63(899.81); 64(509.91); 65(167.91); 66(358.8); 67(763.26); 68(861.95); 69(794.18); 70(14.87); 71(97.95); 72(30.25); 73(919.27); 74(321.96); 75(958.92); 76(633.36); 77(858.14); 78(222.63); 79(698.96); 80(697.97); 81(514.75); 82(567.11); 83(867.59); 84(70.86); 85(744.43); 86(916.19); 87(71.39); 88(968.56); 89(321.56); 90(77.83); 91(181.95); 92(149.82); 93(684.1); 94(999.11); 95(831.82); 96(276.41); 97(48.44); 98(384.39); 99(116.92); 100(384.85); 101(249.07); 102(474.97); 103(890.02); 104(277.25); 105(646.02); 106(643.36); 107(793.66); 108(372.87); 109(95.84); 110(900.23); 111(813.03); 112(677.4); 113(283.03); 114(708.5); 115(278.34); 116(558.72); 117(614.5); 118(162.76); 119(665.76); 120(974.16); 121(627.8); 122(367.5); 123(590.1); 124(633.75); 125(667.28); 126(340.22); 127(703.53); 128(346.81); 129(167.46); 130(511.71); 131(567.9); 132(977.12); 133(164.83); 134(427.11); 135(732.05); 136(800.92); 137(336.97); 138(710.34); 139(150.55); 140(997.92); 141(696.56); 142(319.16); 143(403.98); 144(61.38); 145(827.27); 146(284.51); 147(455.51); 148(867.4); 149(408.56); 150(237.57); 151(191.83); 152(995.75); 153(66.23); 154(402.44); 155(854.31); 156(802.45); 157(526.97); 158(781.94); 159(928.7); 160(820.51); 161(671.98); 162(570.06); 163(616.53); 164(219.25); 165(771.71); 166(301.78); 167(439.14); 168(298.73); 169(485.26); 170(730.57); 171(964.74); 172(348.9); 173(780.45); 174(555.35); 175(314.75); 176(394.85); 177(88.48); 178(226.94); 179(371.06); 180(189.48); 181(557.32); 182(646.23); 183(295.21); 184(624.93); 185(169.58); 186(300.95); 187(133.21); 188(958.22); 189(684.94); 190(102.49); 191(126.57); 192(909.63); 193(97.33); 194(765.48); 195(322.23); 196(40.15); 197(526.87); 198(426.84); 199(21.87); 200(928.91); 201(63.93); 202(845.42); 203(723.89); 204(255.65); 205(333.94); 206(341.04); 207(497.52); 208(575.27); 209(581.96); 210(945.83); 211(781.3); 212(289.52); 213(298.15); 214(10.58); 215(529.92); 216(96.61); 217(229.24); 218(205.28); 219(999.74); 220(265.64); 221(834.41); 222(945.88); 223(801.25); 224(15.39); 225(66.43); 226(238.58); 227(687.28); 228(477.24); 229(986.34); 230(223.79); 231(980.48); 232(735.85); 233(693.05); 234(388.7); 235(971.64); 236(583.5); 237(468.65); 238(535.97); 239(215.93); 240(764.64); 241(491.93); 242(146.38); 243(802.46); 244(40.33); 245(846.05); 246(46.44); 247(994.92); 248(968.26); 249(72.19); 250(167.12); 251(524.07); 252(953.29); 253(396.67); 254(931.13); 255(997.48); 256(406.45); 257(572.17); 258(156.23); 259(225.11); 260(620.63); 261(686.75); 262(176.3); 263(1.57); 264(419.35); 265(824.74); 266(690.46); 267(274.04); 268(347.56); 269(476.29); 270(329.66); 271(762.56); 272(176.4); 273(206.23); 274(184.86); 275(766.06); 276(193.8); 277(40.1); 278(104.91); 279(409.48); 280(972.75); 281(501.03); 282(37.26); 283(21.85); 284(711.18); 285(148.95); 286(953.13); 287(649.75); 288(337.76); 289(147.86); 290(942.21); 291(343.55); 292(320.1); 293(224.13); 294(19.05); 295(657.04); 296(307.7); 297(991.07); 298(376.43); 299(979.84); 300(243.98); 301(644.06); 302(244.79); 303(690.83); 304(152.34); 305(494.19); 306(566.01); 307(665.94); 308(862.57); 309(273.34); 310(39.32); 311(880.65); 312(292.78); 313(314.68); 314(748.13); 315(509.6); 316(8.93); 317(842.77); 318(53.0); 319(944.63); 320(849.11); 321(889.75); 322(49.36); 323(900.77); 324(298.87); 325(555.5); 326(646.36); 327(537.22); 328(417.63); 329(63.2); 330(144.65); 331(249.0); 332(994.74); 333(605.35); 334(130.7); 335(649.17); 336(593.02); 337(940.6); 338(343.65); 339(100.2); 340(210.85); 341(164.64); 342(50.79); 343(933.84); 344(701.15); 345(886.41); 346(773.89); 347(599.9); 348(55.62); 349(165.96); 350(956.48); 351(294.33); 352(219.11); 353(755.36); 354(470.03); 355(147.1); 356(383.82); 357(463.46); 358(84.6); 359(784.27); 360(177.68); 361(362.39); 362(57.29); 363(856.86); 364(347.29); 365(428.96); 366(13.03); 367(476.97); 368(721.22); 369(790.02); 370(641.03); 371(838.46); 372(924.16); 373(960.86); 374(623.04); 375(688.43); 376(575.49); 377(839.68); 378(967.11); 379(938.85); 380(206.32); 381(259.54); 382(229.52); 383(976.99); 384(575.03); 385(993.01); 386(449.99); 387(899.54); 388(290.37); 389(330.57); 390(769.38); 391(483.14); 392(590.02); 393(891.07); 394(970.89); 395(761.75); 396(550.87); 397(662.2); 398(391.71); 399(943.16); 400(578.33); 401(566.94); 402(459.83); 403(694.52); 404(177.3); 405(323.43); 406(668.49); 407(14.53); 408(903.7); 409(167.26); 410(868.92); 411(98.0); 412(171.58); 413(171.33); 414(440.51); 415(948.7); 416(423.61); 417(871.6); 418(411.32); 419(474.56); 420(341.79); 421(999.4); 422(693.14); 423(811.76); 424(936.25); 425(994.55); 426(448.0); 427(358.91); 428(560.38); 429(308.85); 430(271.26); 431(447.48); 432(906.16); 433(602.96); 434(930.6); 435(118.43); 436(11.2); 437(98.74); 438(123.56); 439(937.64); 440(0.98); 441(905.01); 442(636.88); 443(922.42); 444(210.96); 445(958.09); 446(201.95); 447(374.83); 448(781.93); 449(104.6); 450(47.22); 451(202.38); 452(463.85); 453(415.92); 454(892.96); 455(894.11); 456(668.49); 457(797.94); 458(767.25); 459(30.83); 460(271.2); 461(615.5); 462(270.75); 463(819.17); 464(41.54); 465(289.81); 466(502.38); 467(99.98); 468(407.03); 469(82.66); 470(531.6); 471(445.1); 472(909.19); 473(748.31); 474(917.18); 475(831.29); 476(870.81); 477(307.68); 478(363.17); 479(484.16); 480(354.28); 481(609.16); 482(128.94); 483(522.04); 484(613.54); 485(129.19); 486(9.44); 487(350.22); 488(468.26); 489(576.75); 490(244.87); 491(36.77); 492(689.45); 493(855.47); 494(702.6); 495(650.04); 496(40.9); 497(331.06); 498(455.96); 499(615.65),1
48,0(257.32); 1(196.64); 2(373.66); 3(427.88); 4(729.0); 5(616.89); 6(220.5); 7(267.99); 8(420.79); 9(318.9); 10(247.05); 11(405.27); 12(253.88); 13(205.98); 14(563.13); 15(626.09); 16(604.0); 17(918.85); 18(677.33); 19(97.15); 20(848.14); 21(397.43); 22(267.67); 23(853.59); 24(985.57); 25(794.94); 26(913.89); 27(262.84); 28(494.15); 29(289.92); 30(723.34); 31(887.02); 32(90.08); 33(421.67); 34(736.4); 35(366.92); 36(760.19); 37(738.86); 38(108.98); 39(421.56); 40(72.55); 41(691.3); 42(329.03); 43(596.12); 44(491.37); 45(117.46); 46(365.7); 47(83.51); 49(552.35); 50(263.43); 51(170.05); 52(915.4); 53(616.39); 54(267.61); 55(833.06); 56(459.09); 57(228.42); 58(893.5); 59(341.89); 60(241.8); 61(342.94); 62(428.46); 63(81.03); 64(564.78); 65(911.53); 66(895.78); 67(914.88); 68(681.34); 69(902.07); 70(51.71); 71(209.07); 72(295.47); 73(35.32); 74(698.3); 75(291.86); 76(729.01); 77(998.1); 78(938.48); 79(702.66); 80(697.05); 81(265.89); 82(501.32); 83(781.24); 84(911.33); 85(438.97); 86(18.65); 87(24.21); 88(261.06); 89(676.56); 90(413.84); 91(343.91); 92(760.33); 93(237.07); 94(551.59); 95(726.15); 96(51.32); 97(172.49); 98(919.58); 99(846.12); 100(737.82); 101(994.15); 102(288.41); 103(684.32); 104(549.74); 105(637.6); 106(210.08); 107(734.96); 108(375.29); 109(715.49); 110(335.76); 111(188.48); 112(818.92); 113(903.0); 114(474.61); 115(325.41); 116(512.44); 117(899.6); 118(44.48); 119(827.76); 120(231.25); 121(451.59); 122(680.85); 123(139.04); 124(111.02); 125(776.69); 126(863.04); 127(644.48); 128(277.67); 129(275.43); 130(635.42); 131(164.65); 132(219.98); 133(602.86); 134(972.81); 135(607.64); 136(763.15); 137(580.94); 138(839.46); 139(467.92); 140(991.41); 141(406.2); 142(207.63); 143(625.67); 144(544.26); 145(8.0); 146(15.59); 147(605.81); 148(2.0); 149(845.18); 150(946.66); 151(35.22); 152(106.38); 153(35.26); 154(549.54); 155(729.07); 156(796.63); 157(660.05); 158(592.77); 159(166.29); 160(706.07); 161(307.67); 162(350.38); 163(692.3); 164(69.52); 165(76.03); 166(347.87); 167(478.14); 168(979.02); 169(430.49); 170(320.93); 171(343.73); 172(428.39); 173(369.01); 174(521.03); 175(159.24); 176(108.41); 177(754.96); 178(116.15); 179(342.35); 180(307.76); 181(738.23); 182(836.83); 183(47.89); 184(102.87); 185(35.45); 186(38.72); 187(229.73); 188(117.57); 189(883.21); 190(37.93); 191(427.65); 192(803.16); 193(905.67); 194(876.56); 195(169.01); 196(700.55); 197(446.73); 198(524.16); 199(173.04); 200(949.08); 201(420.62); 202(586.75); 203(965.81); 204(20.84); 205(485.18); 206(617.77); 207(693.66); 208(91.22); 209(498.49); 210(652.71); 211(633.86); 212(842.35); 213(754.3); 214(876.07); 215(660.04); 216(848.71); 217(554.16); 218(167.56); 219(267.63); 220(117.81); 221(147.58); 222(589.71); 223(233.34); 224(550.41); 225(209.83); 226(387.55); 227(590.64); 228(24.74); 229(308.75); 230(162.48); 231(705.79); 232(399.07); 233(815.75); 234(805.27); 235(117.0); 236(409.97); 237(938.4); 238(578.33); 239(314.44); 240(947.22); 241(439.12); 242(233.99); 243(486.97); 244(97.14); 245(597.19); 246(40.42); 247(563.56); 248(669.96); 249(650.41); 250(142.9); 251(2.58); 252(399.5); 253(489.91); 254(592.69); 255(220.45); 256(214.4); 257(811.0); 258(266.0); 259(800.98); 260(353.72); 261(799.17); 262(157.27); 263(244.89); 264(234.86); 265(633.61); 266(912.77); 267(247.2); 268(305.18); 269(556.73); 270(995.72); 271(589.57); 272(189.34); 273(485.12); 274(903.88); 275(876.57); 276(305.02); 277(470.93); 278(592.96); 279(250.65); 280(238.61); 281(75.93); 282(693.03); 283(958.67); 284(995.19); 285(786.11); 286(920.14); 287(849.01); 288(254.01); 289(724.06); 290(306.11); 291(422.48); 292(634.1); 293(891.31); 294(732.0); 295(960.75); 296(406.85); 297(40.05); 298(699.45); 299(255.03); 300(719.43); 301(689.89); 302(649.1); 303(686.33); 304(436.39); 305(599.45); 306(335.54); 307(791.32); 308(449.87); 309(263.25); 310(337.16); 311(1.02); 312(558.02); 313(354.28); 314(522.94); 315(863.31); 316(52.86); 317(222.71); 318(848.46); 319(45.52); 320(680.23); 321(586.42); 322(402.45); 323(811.12); 324(45.19); 325(456.79); 326(438.54); 327(634.75); 328(601.49); 329(543.75); 330(687.78); 331(955.98); 332(961.1); 333(382.8); 334(317.16); 335(687.44); 336(818.33); 337(826.51); 338(740.38); 339(280.27); 340(286.28); 341(886.07); 342(931.11); 343(429.38); 344(229.07); 345(933.65); 346(363.34); 347(938.11); 348(699.32); 349(311.63); 350(368.62); 351(160.69); 352(223.78); 353(273.87); 354(816.17); 355(41.48); 356(807.53); 357(989.82); 358(833.02); 359(846.28); 360(163.23); 361(144.46); 362(211.08); 363(377.56); 364(899.7); 365(836.65); 366(310.47); 367(951.78); 368(876.73); 369(654.0); 370(338.68); 371(624.91); 372(949.6); 373(810.0); 374(477.53); 375(629.4); 376(116.16); 377(751.33); 378(549.63); 379(655.64); 380(328.91); 381(772.74); 382(221.67); 383(425.68); 384(410.85); 385(169.32); 386(27.19); 387(649.3); 388(448.33); 389(640.41); 390(313.57); 391(613.6); 392(363.82); 393(662.46); 394(371.49); 395(893.9); 396(950.84); 397(689.03); 398(224.73); 399(771.84); 400(774.99); 401(447.82); 402(128.75); 403(173.58); 404(219.69); 405(379.49); 406(872.86); 407(80.4); 408(535.66); 409(875.05); 410(62.63); 411(940.27); 412(755.8); 413(1.66); 414(376.2); 415(511.6); 416(728.08); 417(164.14); 418(16.62); 419(680.92); 420(790.89); 421(330.98); 422(393.13); 423(822.12); 424(998.59); 425(355.69); 426(980.09); 427(458.63); 428(88.65); 429(773.41); 430(418.74); 431(270.05); 432(830.35); 433(334.2); 434(146.92); 435(229.15); 436(729.88); 437(306.3); 438(214.37); 439(2.28); 440(524.53); 441(69.9); 442(498.11); 443(642.25); 444(451.16); 445(925.86); 446(17.62); 447(713.55); 448(35.6); 449(961.12); 450(108.61); 451(466.47); 452(213.01); 453(468.95); 454(668.74); 455(40.45); 456(157.66); 457(477.65); 458(33.88); 459(247.0); 460(302.43); 461(38.67); 462(146.02); 463(384.78); 464(742.22); 465(810.03); 466(42.1); 467(47.56); 468(662.59); 469(677.7); 470(930.15); 471(741.83); 472(926.31); 473(482.36); 474(3.87); 475(606.1); 476(132.55); 477(886.13); 478(377.14); 479(924.5); 480(800.54); 481(133.15); 482(782.19); 483(966.3); 484(455.57); 485(880.77); 486(178.2); 487(984.2); 488(136.9); 489(779.25); 490(853.84); 491(571.22); 492(683.41); 493(449.0); 494(146.72); 495(554.43); 496(812.07); 497(283.31); 498(416.18); 499(982.98),1
49,0(25.38); 1(565.99); 2(762.47); 3(414.96); 4(798.1); 5(906.26); 6(400.71); 7(880.93); 8(73.01); 9(620.25); 10(315.32); 11(268.33); 12(552.87); 13(569.15); 14(372.11); 15(185.79); 16(350.34); 17(188.07); 18(581.2); 19(157.81); 20(276.89); 21(861.94); 22(418.09); 23(582.81); 24(50.48); 25(315.86); 26(616.91); 27(587.9); 28(866.93); 29(474.25); 30(78.14); 31(808.19); 32(858.8); 33(554.75); 34(302.58); 35(390.75); 36(824.99); 37(257.9); 38(356.78); 39(632.89); 40(614.68); 41(31.44); 42(85.06); 43(752.16); 44(80.79); 45(734.56); 46(876.65); 47(880.34); 48(552.35); 50(447.18); 51(263.66); 52(606.38); 53(499.12); 54(451.31); 55(209.67); 56(586.89); 57(842.68); 58(283.95); 59(177.56); 60(926.88); 61(500.81); 62(476.89); 63(813.76); 64(402.98); 65(879.24); 66(634.22); 67(967.79); 68(482.14); 69(921.86); 70(684.58); 71(249.9); 72(552.81); 73(430.59); 74(308.16); 75(337.6); 76(973.07); 77(197.1); 78(684.86); 79(285.28); 80(353.68); 81(818.86); 82(266.97); 83(561.7); 84(897.5); 85(315.71); 86(710.7); 87(389.59); 88(127.47); 89(551.71); 90(537.38); 91(189.51); 92(40.42); 93(667.26); 94(104.07); 95(252.42); 96(95.13); 97(580.2); 98(397.29); 99(373.37); 100(631.71); 101(48.55); 102(320.86); 103(998.24); 104(414.08); 105(413.38); 106(821.5); 107(790.44); 108(23.27); 109(312.67); 110(347.34); 111(600.96); 112(585.5); 113(287.16); 114(167.03); 115(506.65); 116(442.88); 117(713.06); 118(89.24); 119(633.32); 120(894.95); 121(562.45); 122(391.06); 123(739.72); 124(266.65); 125(978.33); 126(534.77); 127(904.92); 128(93.41); 129(199.39); 130(264.67); 131(162.41); 132(167.04); 133(167.97); 134(409.06); 135(235.91); 136(585.47); 137(714.93); 138(286.88); 139(300.0); 140(118.78); 141(12.15); 142(642.35); 143(250.67); 144(10.16); 145(527.26); 146(374.29); 147(764.24); 148(705.34); 149(619.76); 150(910.09); 151(97.28); 152(960.88); 153(551.95); 154(375.95); 155(575.22); 156(31.03); 157(183.65); 158(542.32); 159(557.53); 160(657.82); 161(19.69); 162(74.36); 163(410.18); 164(315.77); 165(12.95); 166(431.32); 167(731.43); 168(638.64); 169(728.75); 170(81.06); 171(859.99); 172(767.83); 173(237.1); 174(174.43); 175(558.07); 176(89.24); 177(105.08); 178(332.39); 179(57.41); 180(604.07); 181(625.32); 182(164.36); 183(206.01); 184(44.06); 185(993.12); 186(742.09); 187(626.71); 188(264.16); 189(294.81); 190(624.72); 191(379.64); 192(902.69); 193(493.91); 194(735.87); 195(880.59); 196(130.06); 197(430.65); 198(39.4); 199(418.07); 200(757.02); 201(569.39); 202(832.86); 203(316.57); 204(481.6); 205(503.19); 206(403.97); 207(618.98); 208(631.38); 209(591.52); 210(867.54); 211(546.19); 212(387.05); 213(454.88); 214(90.74); 215(252.12); 216(133.93); 217(48.04); 218(92.33); 219(991.51); 220(838.88); 221(144.51); 222(420.72); 223(591.3); 224(567.08); 225(140.99); 226(231.34); 227(433.21); 228(818.96); 229(984.59); 230(614.11); 231(476.24); 232(961.89); 233(997.49); 234(760.65); 235(146.13); 236(188.92); 237(922.88); 238(679.82); 239(17.2); 240(253.54); 241(103.99); 242(641.96); 243(474.88); 244(538.65); 245(595.68); 246(720.79); 247(696.64); 248(279.06); 249(499.93); 250(309.55); 251(601.69); 252(450.13); 253(568.11); 254(395.86); 255(782.13); 256(629.54); 257(421.15); 258(766.93); 259(435.59); 260(986.48); 261(167.5); 262(12.95); 263(25.35); 264(959.32); 265(73.99); 266(593.16); 267(702.76); 268(212.07); 269(18.54); 270(432.54); 271(779.46); 272(203.45); 273(492.29); 274(685.49); 275(74.66); 276(318.61); 277(955.77); 278(315.61); 279(408.69); 280(346.86); 281(442.88); 282(194.65); 283(476.82); 284(264.41); 285(389.66); 286(457.58); 287(403.46); 288(629.86); 289(283.92); 290(460.12); 291(131.7); 292(932.44); 293(25.71); 294(764.09); 295(481.57); 296(443.05); 297(919.11); 298(953.4); 299(913.18); 300(696.24); 301(3.73); 302(831.47); 303(377.86); 304(525.1); 305(891.06); 306(411.88); 307(374.48); 308(351.43); 309(674.35); 310(735.14); 311(665.81); 312(832.96); 313(963.96); 314(462.21); 315(452.83); 316(189.82); 317(648.8); 318(241.83); 319(46.84); 320(451.98); 321(478.21); 322(873.1); 323(757.32); 324(372.35); 325(843.4); 326(682.14); 327(141.63); 328(420.05); 329(470.87); 330(848.64); 331(68.36); 332(895.1); 333(155.71); 334(687.12); 335(423.97); 336(64.56); 337(601.65); 338(10.5); 339(444.56); 340(70.16); 341(655.09); 342(467.01); 343(5.92); 344(94.09); 345(879.94); 346(205.11); 347(210.83); 348(430.57); 349(381.1); 350(664.7); 351(809.71); 352(101.37); 353(831.87); 354(657.33); 355(125.52); 356(985.84); 357(801.36); 358(474.98); 359(271.7); 360(736.78); 361(789.4); 362(207.07); 363(388.64); 364(586.31); 365(597.01); 366(724.98); 367(986.35); 368(617.46); 369(531.74); 370(926.8); 371(434.37); 372(382.64); 373(616.85); 374(281.77); 375(237.25); 376(262.05); 377(38.7); 378(397.48); 379(2.09); 380(689.44); 381(590.25); 382(240.4); 383(20.37); 384(921.16); 385(65.99); 386(536.07); 387(174.16); 388(687.09); 389(143.75); 390(422.16); 391(604.21); 392(435.61); 393(856.74); 394(996.75); 395(404.06); 396(746.14); 397(190.8); 398(654.41); 399(70.46); 400(284.73); 401(245.38); 402(369.73); 403(844.21); 404(702.58); 405(893.9); 406(503.75); 407(88.56); 408(671.48); 409(238.88); 410(267.49); 411(869.16); 412(344.86); 413(720.28); 414(180.44); 415(293.65); 416(668.38); 417(325.58); 418(69.24); 419(297.03); 420(522.72); 421(559.0); 422(600.69); 423(500.95); 424(414.21); 425(484.25); 426(984.53); 427(982.96); 428(247.14); 429(481.79); 430(33.5); 431(560.23); 432(762.2); 433(875.18); 434(592.88); 435(235.37); 436(719.41); 437(215.98); 438(680.88); 439(290.61); 440(803.2); 441(201.08); 442(653.42); 443(777.39); 444(479.06); 445(329.13); 446(912.17); 447(848.41); 448(419.67); 449(385.39); 450(669.84); 451(734.11); 452(6.11); 453(976.46); 454(248.07); 455(327.64); 456(588.76); 457(706.47); 458(802.78); 459(116.92); 460(26.2); 461(281.76); 462(213.3); 463(541.75); 464(69.44); 465(687.27); 466(556.62); 467(598.47); 468(335.03); 469(656.45); 470(931.45); 471(262.86); 472(661.29); 473(422.22); 474(273.19); 475(867.85); 476(15.89); 477(541.29); 478(453.25); 479(810.96); 480(241.74); 481(769.37); 482(356.98); 483(180.44); 484(398.02); 485(898.39); 486(132.2); 487(195.25); 488(572.25); 489(395.93); 490(798.63); 491(916.03); 492(737.62); 493(876.12); 494(19.7); 495(566.89); 496(189.28); 497(382.85); 498(294.42); 499(132.3),1
50,0(484.95); 1(556.91); 2(708.25); 3(454.92); 4(327.91); 5(592.32); 6(860.51); 7(95.59); 8(385.75); 9(682.95); 10(73.36); 11(271.95); 12(406.27); 13(992.68); 14(99.65); 15(478.2); 16(976.01); 17(479.27); 18(358.17); 19(512.21); 20(702.59); 21(8.22); 22(767.35); 23(344.66); 24(208.14); 25(992.57); 26(635.66); 27(332.94); 28(61.61); 29(440.0); 30(645.17); 31(633.4); 32(764.24); 33(537.25); 34(791.28); 35(389.82); 36(500.69); 37(80.6); 38(626.84); 39(79.37); 40(989.83); 41(122.6); 42(533.67); 43(802.22); 44(536.84); 45(983.79); 46(841.57); 47(70.65); 48(263.43); 49(447.18); 51(386.51); 52(332.46); 53(567.69); 54(515.78); 55(138.01); 56(700.44); 57(782.09); 58(802.69); 59(979.68); 60(178.45); 61(282.15); 62(551.64); 63(116.75); 64(649.29); 65(526.5); 66(729.09); 67(927.69); 68(784.54); 69(244.42); 70(416.54); 71(561.65); 72(419.87); 73(113.42); 74(93.48); 75(113.23); 76(966.72); 77(994.22); 78(185.63); 79(723.33); 80(286.59); 81(43.14); 82(807.17); 83(142.81); 84(679.53); 85(888.56); 86(147.16); 87(44.24); 88(748.54); 89(943.17); 90(851.41); 91(65.71); 92(737.29); 93(319.26); 94(639.97); 95(437.22); 96(626.2); 97(347.22); 98(132.38); 99(312.39); 100(239.75); 101(779.23); 102(595.03); 103(440.42); 104(330.44); 105(397.2); 106(688.71); 107(808.4); 108(128.37); 109(722.55); 110(375.76); 111(297.81); 112(637.37); 113(440.57); 114(747.23); 115(978.46); 116(777.47); 117(206.35); 118(353.8); 119(212.16); 120(41.83); 121(764.0); 122(680.47); 123(777.11); 124(476.12); 125(417.43); 126(342.13); 127(302.77); 128(493.27); 129(197.77); 130(336.88); 131(619.77); 132(568.03); 133(960.79); 134(798.24); 135(95.89); 136(447.24); 137(981.61); 138(104.82); 139(382.3); 140(980.12); 141(423.06); 142(11.6); 143(747.13); 144(652.85); 145(680.98); 146(877.36); 147(933.3); 148(805.74); 149(909.59); 150(454.36); 151(24.42); 152(470.23); 153(561.68); 154(497.47); 155(276.98); 156(640.43); 157(154.54); 158(994.87); 159(630.43); 160(870.65); 161(118.38); 162(288.26); 163(191.96); 164(287.49); 165(634.63); 166(546.65); 167(140.27); 168(659.18); 169(115.42); 170(204.37); 171(655.36); 172(323.33); 173(842.35); 174(854.19); 175(341.51); 176(631.99); 177(616.69); 178(256.02); 179(401.64); 180(511.23); 181(147.72); 182(320.85); 183(224.95); 184(702.97); 185(354.18); 186(477.62); 187(319.06); 188(882.38); 189(437.64); 190(543.11); 191(622.36); 192(174.27); 193(369.72); 194(396.84); 195(996.03); 196(246.01); 197(754.4); 198(738.7); 199(775.36); 200(346.54); 201(840.32); 202(471.38); 203(410.71); 204(694.87); 205(898.4); 206(856.2); 207(578.05); 208(614.35); 209(40.0); 210(76.06); 211(298.19); 212(78.77); 213(11.46); 214(697.4); 215(68.31); 216(422.6); 217(207.79); 218(343.81); 219(338.07); 220(738.94); 221(402.35); 222(571.53); 223(573.63); 224(974.6); 225(787.7); 226(837.14); 227(293.39); 228(180.38); 229(610.84); 230(439.86); 231(332.76); 232(785.77); 233(527.8); 234(547.89); 235(202.45); 236(227.0); 237(641.19); 238(226.61); 239(603.17); 240(422.05); 241(5.38); 242(976.6); 243(271.51); 244(689.23); 245(584.63); 246(953.47); 247(354.52); 248(394.92); 249(48.17); 250(180.42); 251(953.89); 252(804.18); 253(388.76); 254(150.81); 255(6.15); 256(926.9); 257(677.37); 258(746.86); 259(230.41); 260(244.14); 261(907.18); 262(133.75); 263(618.21); 264(788.62); 265(108.88); 266(893.49); 267(121.29); 268(400.46); 269(369.94); 270(130.6); 271(277.28); 272(341.77); 273(530.65); 274(454.27); 275(733.54); 276(119.64); 277(381.87); 278(167.91); 279(487.37); 280(470.06); 281(232.87); 282(141.52); 283(38.12); 284(534.17); 285(494.81); 286(233.49); 287(651.57); 288(464.09); 289(596.87); 290(919.3); 291(712.4); 292(734.02); 293(834.95); 294(451.15); 295(504.28); 296(817.07); 297(978.01); 298(253.59); 299(261.52); 300(57.48); 301(812.68); 302(379.91); 303(425.92); 304(430.31); 305(243.84); 306(916.75); 307(902.9); 308(937.48); 309(365.14); 310(88.94); 311(281.82); 312(783.5); 313(45.51); 314(203.75); 315(705.35); 316(413.42); 317(3.16); 318(36.08); 319(63.94); 320(97.05); 321(991.06); 322(272.54); 323(539.48); 324(882.2); 325(498.37); 326(156.31); 327(692.98); 328(537.38); 329(678.26); 330(260.51); 331(244.95); 332(807.43); 333(362.49); 334(827.85); 335(565.98); 336(439.26); 337(688.47); 338(294.74); 339(617.04); 340(712.13); 341(232.88); 342(800.82); 343(226.35); 344(377.87); 345(964.72); 346(387.66); 347(201.31); 348(473.31); 349(252.23); 350(786.55); 351(733.68); 352(274.38); 353(526.95); 354(136.11); 355(958.49); 356(844.7); 357(935.1); 358(34.05); 359(139.82); 360(338.02); 361(170.88); 362(286.67); 363(201.02); 364(180.07); 365(611.96); 366(299.9); 367(775.58); 368(174.24); 369(482.18); 370(629.22); 371(386.13); 372(958.06); 373(695.62); 374(71.17); 375(644.01); 376(602.95); 377(551.1); 378(289.54); 379(23.94); 380(6.77); 381(979.83); 382(932.93); 383(956.51); 384(200.97); 385(711.46); 386(800.35); 387(389.6); 388(503.42); 389(321.0); 390(503.55); 391(475.57); 392(125.43); 393(119.54); 394(801.72); 395(498.62); 396(123.2); 397(65.74); 398(264.75); 399(378.64); 400(239.6); 401(198.11); 402(760.6); 403(812.24); 404(732.44); 405(342.41); 406(926.97); 407(403.98); 408(44.96); 409(712.59); 410(163.04); 411(503.68); 412(360.69); 413(22.82); 414(971.03); 415(621.37); 416(298.23); 417(470.65); 418(654.47); 419(330.26); 420(838.97); 421(244.18); 422(94.7); 423(803.47); 424(392.76); 425(378.77); 426(756.64); 427(444.75); 428(404.89); 429(686.92); 430(334.88); 431(323.53); 432(655.11); 433(549.09); 434(219.1); 435(496.15); 436(115.9); 437(519.82); 438(135.05); 439(671.55); 440(726.87); 441(357.37); 442(979.84); 443(991.55); 444(65.49); 445(159.94); 446(320.46); 447(508.9); 448(668.37); 449(539.8); 450(442.32); 451(110.4); 452(54.96); 453(497.16); 454(146.94); 455(53.42); 456(8.88); 457(684.21); 458(852.1); 459(833.5); 460(494.08); 461(938.33); 462(370.84); 463(765.92); 464(303.14); 465(548.22); 466(32.01); 467(384.87); 468(864.13); 469(198.68); 470(335.76); 471(537.88); 472(943.62); 473(106.13); 474(872.06); 475(813.82); 476(179.03); 477(376.48); 478(107.19); 479(587.2); 480(380.57); 481(114.23); 482(325.69); 483(23.66); 484(216.06); 485(744.52); 486(628.26); 487(105.14); 488(6.21); 489(581.37); 490(778.71); 491(676.25); 492(281.09); 493(684.13); 494(810.24); 495(24.55); 496(472.57); 497(71.8); 498(420.44); 499(900.87),1
51,0(930.21); 1(577.32); 2(860.67); 3(34.47); 4(33.81); 5(809.76); 6(915.77); 7(693.8); 8(968.11); 9(505.01); 10(275.87); 11(786.41); 12(262.98); 13(345.16); 14(690.92); 15(925.28); 16(733.55); 17(146.57); 18(499.77); 19(665.38); 20(144.72); 21(124.33); 22(738.85); 23(883.49); 24(568.77); 25(873.73); 26(982.25); 27(962.56); 28(772.5); 29(627.81); 30(245.91); 31(690.88); 32(549.68); 33(508.8); 34(552.45); 35(842.12); 36(504.79); 37(726.02); 38(381.02); 39(83.15); 40(192.24); 41(322.82); 42(396.77); 43(183.26); 44(994.93); 45(228.58); 46(371.17); 47(78.78); 48(170.05); 49(263.66); 50(386.51); 52(890.64); 53(228.01); 54(398.75); 55(31.02); 56(236.6); 57(73.68); 58(703.56); 59(841.59); 60(88.81); 61(149.03); 62(910.94); 63(500.0); 64(417.78); 65(396.04); 66(176.13); 67(532.62); 68(952.49); 69(28.26); 70(641.9); 71(2.33); 72(839.08); 73(857.47); 74(840.0); 75(906.27); 76(240.76); 77(933.5); 78(564.7); 79(345.9); 80(843.87); 81(572.35); 82(607.94); 83(227.03); 84(341.97); 85(26.85); 86(706.14); 87(974.26); 88(214.38); 89(924.86); 90(796.78); 91(309.59); 92(888.8); 93(398.07); 94(196.92); 95(491.3); 96(832.6); 97(392.33); 98(18.93); 99(651.26); 100(297.96); 101(210.18); 102(176.36); 103(547.78); 104(592.1); 105(686.71); 106(527.65); 107(152.44); 108(418.2); 109(557.5); 110(364.11); 111(526.84); 112(474.16); 113(565.27); 114(478.51); 115(255.03); 116(548.85); 117(34.27); 118(230.15); 119(910.64); 120(295.46); 121(867.5); 122(40.86); 123(54.37); 124(342.06); 125(734.85); 126(284.62); 127(512.77); 128(209.77); 129(490.55); 130(103.01); 131(683.65); 132(586.23); 133(500.52); 134(791.05); 135(176.89); 136(447.95); 137(237.63); 138(930.77); 139(262.87); 140(843.26); 141(821.07); 142(355.96); 143(431.58); 144(812.85); 145(359.1); 146(112.44); 147(209.16); 148(922.51); 149(882.81); 150(123.29); 151(993.4); 152(18.79); 153(342.64); 154(871.42); 155(307.79); 156(515.15); 157(854.6); 158(755.99); 159(106.77); 160(688.38); 161(993.65); 162(453.9); 163(378.45); 164(503.92); 165(22.73); 166(529.05); 167(177.22); 168(633.82); 169(691.9); 170(791.39); 171(593.64); 172(93.54); 173(248.72); 174(14.92); 175(714.61); 176(568.68); 177(876.9); 178(50.57); 179(211.45); 180(433.6); 181(862.91); 182(442.72); 183(318.06); 184(651.86); 185(757.81); 186(499.75); 187(998.28); 188(484.32); 189(139.13); 190(275.85); 191(958.23); 192(656.61); 193(600.45); 194(871.57); 195(350.44); 196(249.21); 197(103.31); 198(744.33); 199(861.92); 200(237.08); 201(150.85); 202(772.08); 203(739.86); 204(563.37); 205(282.28); 206(39.37); 207(329.55); 208(766.69); 209(86.33); 210(447.7); 211(251.32); 212(729.14); 213(66.71); 214(713.8); 215(85.32); 216(976.43); 217(661.24); 218(76.01); 219(789.32); 220(277.73); 221(199.3); 222(449.78); 223(761.21); 224(968.05); 225(619.99); 226(541.66); 227(920.24); 228(655.46); 229(303.89); 230(326.9); 231(220.41); 232(201.5); 233(552.68); 234(747.04); 235(757.71); 236(93.97); 237(476.15); 238(143.83); 239(938.03); 240(730.16); 241(219.14); 242(782.96); 243(44.26); 244(361.27); 245(382.35); 246(548.08); 247(923.52); 248(661.92); 249(433.99); 250(425.13); 251(863.39); 252(921.14); 253(235.01); 254(676.98); 255(114.18); 256(916.54); 257(612.41); 258(710.09); 259(434.35); 260(114.47); 261(502.76); 262(142.82); 263(769.22); 264(406.23); 265(260.89); 266(666.65); 267(220.59); 268(821.44); 269(195.88); 270(723.75); 271(993.71); 272(846.86); 273(667.04); 274(37.62); 275(690.05); 276(982.62); 277(202.63); 278(899.01); 279(218.82); 280(775.71); 281(865.9); 282(964.19); 283(287.31); 284(994.47); 285(660.86); 286(293.9); 287(899.75); 288(414.19); 289(716.1); 290(683.64); 291(199.98); 292(841.7); 293(975.82); 294(799.91); 295(255.82); 296(43.84); 297(324.84); 298(371.16); 299(356.73); 300(998.59); 301(357.89); 302(642.17); 303(578.81); 304(525.7); 305(310.89); 306(451.37); 307(485.54); 308(414.0); 309(566.36); 310(790.1); 311(500.07); 312(546.32); 313(558.03); 314(158.01); 315(101.81); 316(142.85); 317(498.69); 318(568.93); 319(630.82); 320(490.47); 321(461.65); 322(203.15); 323(959.56); 324(824.84); 325(323.56); 326(224.22); 327(109.72); 328(980.89); 329(987.76); 330(239.82); 331(629.59); 332(459.07); 333(470.38); 334(523.04); 335(664.02); 336(780.23); 337(922.7); 338(191.2); 339(736.79); 340(830.06); 341(697.51); 342(247.0); 343(189.67); 344(515.65); 345(264.16); 346(858.71); 347(390.26); 348(188.57); 349(380.67); 350(626.93); 351(972.84); 352(883.03); 353(754.88); 354(872.39); 355(452.87); 356(194.5); 357(583.84); 358(568.48); 359(558.36); 360(491.86); 361(398.96); 362(506.84); 363(906.91); 364(633.26); 365(170.82); 366(58.93); 367(510.21); 368(298.52); 369(616.62); 370(187.47); 371(900.67); 372(322.1); 373(799.24); 374(674.54); 375(346.4); 376(554.4); 377(201.41); 378(955.96); 379(64.89); 380(867.83); 381(205.32); 382(410.34); 383(235.53); 384(771.05); 385(637.47); 386(985.55); 387(311.98); 388(647.86); 389(377.19); 390(553.45); 391(38.31); 392(74.72); 393(320.89); 394(62.33); 395(32.88); 396(626.28); 397(405.83); 398(208.64); 399(348.12); 400(687.52); 401(580.34); 402(251.11); 403(108.52); 404(365.88); 405(412.59); 406(475.43); 407(471.01); 408(567.81); 409(323.51); 410(742.65); 411(392.74); 412(129.92); 413(468.21); 414(725.72); 415(362.46); 416(317.71); 417(469.54); 418(344.13); 419(388.59); 420(699.05); 421(192.29); 422(525.58); 423(32.08); 424(643.88); 425(499.85); 426(25.41); 427(117.46); 428(525.47); 429(810.45); 430(159.39); 431(313.11); 432(504.39); 433(582.47); 434(569.93); 435(538.41); 436(859.39); 437(148.49); 438(745.5); 439(691.82); 440(698.09); 441(535.66); 442(657.92); 443(190.32); 444(738.13); 445(259.58); 446(628.65); 447(928.16); 448(383.42); 449(224.09); 450(380.66); 451(53.12); 452(920.62); 453(819.85); 454(431.09); 455(266.62); 456(455.21); 457(136.47); 458(647.99); 459(970.91); 460(129.02); 461(535.9); 462(119.98); 463(966.87); 464(905.7); 465(913.46); 466(800.2); 467(787.34); 468(570.8); 469(987.05); 470(828.86); 471(565.04); 472(815.58); 473(999.25); 474(488.63); 475(128.64); 476(213.81); 477(828.8); 478(161.8); 479(724.1); 480(133.24); 481(252.29); 482(678.87); 483(491.61); 484(254.35); 485(622.87); 486(916.7); 487(233.95); 488(907.64); 489(650.64); 490(349.0); 491(492.15); 492(577.04); 493(605.54); 494(999.4); 495(293.83); 496(711.05); 497(966.88); 498(807.35); 499(685.45),1
52,0(421.02); 1(256.39); 2(784.69); 3(784.07); 4(723.92); 5(777.16); 6(252.93); 7(53.25); 8(393.75); 9(270.63); 10(825.56); 11(308.36); 12(638.73); 13(451.46); 14(628.72); 15(664.08); 16(408.53); 17(552.76); 18(316.33); 19(634.72); 20(527.57); 21(25.66); 22(831.41); 23(830.75); 24(686.54); 25(823.56); 26(331.83); 27(543.49); 28(955.65); 29(57.7); 30(820.26); 31(726.94); 32(609.63); 33(624.63); 34(488.69); 35(932.68); 36(917.06); 37(407.5); 38(210.76); 39(96.6); 40(703.52); 41(192.63); 42(120.23); 43(24.09); 44(50.38); 45(922.03); 46(697.55); 47(690.87); 48(915.4); 49(606.38); 50(332.46); 51(890.64); 53(11.15); 54(64.94); 55(431.14); 56(738.18); 57(485.15); 58(588.58); 59(443.61); 60(777.49); 61(304.45); 62(414.21); 63(223.52); 64(560.0); 65(454.78); 66(916.92); 67(265.03); 68(672.3); 69(88.99); 70(839.26); 71(451.95); 72(223.79); 73(874.24); 74(847.88); 75(312.67); 76(296.27); 77(80.0); 78(150.91); 79(849.86); 80(804.44); 81(180.32); 82(622.94); 83(561.18); 84(854.95); 85(18.88); 86(381.37); 87(195.92); 88(796.09); 89(303.71); 90(611.88); 91(588.73); 92(332.24); 93(664.91); 94(525.0); 95(795.31); 96(105.92); 97(562.06); 98(597.75); 99(476.36); 100(208.4); 101(244.29); 102(994.29); 103(688.93); 104(119.3); 105(203.91); 106(855.58); 107(636.87); 108(70.83); 109(53.02); 110(752.47); 111(874.16); 112(869.62); 113(459.17); 114(408.52); 115(843.37); 116(487.37); 117(124.69); 118(755.49); 119(683.87); 120(256.24); 121(258.05); 122(241.67); 123(587.91); 124(543.2); 125(886.79); 126(562.82); 127(338.9); 128(600.66); 129(121.65); 130(117.57); 131(807.94); 132(26.19); 133(444.43); 134(701.5); 135(918.35); 136(451.71); 137(692.99); 138(690.19); 139(423.07); 140(508.21); 141(206.11); 142(422.15); 143(475.33); 144(597.1); 145(756.07); 146(939.27); 147(48.71); 148(467.42); 149(944.03); 150(49.96); 151(403.19); 152(166.04); 153(990.0); 154(674.18); 155(136.16); 156(236.13); 157(995.51); 158(339.03); 159(48.37); 160(844.28); 161(141.96); 162(702.11); 163(803.7); 164(399.8); 165(724.92); 166(615.2); 167(712.81); 168(607.94); 169(803.15); 170(888.15); 171(954.0); 172(471.61); 173(943.45); 174(566.66); 175(568.06); 176(906.59); 177(524.5); 178(624.69); 179(207.1); 180(618.08); 181(719.4); 182(514.75); 183(424.55); 184(908.08); 185(354.59); 186(441.78); 187(317.1); 188(456.73); 189(830.41); 190(538.35); 191(318.51); 192(664.45); 193(655.36); 194(682.85); 195(528.66); 196(16.47); 197(23.73); 198(595.9); 199(415.42); 200(749.5); 201(315.07); 202(194.1); 203(765.11); 204(342.95); 205(220.51); 206(954.23); 207(255.17); 208(92.37); 209(642.81); 210(920.17); 211(122.58); 212(564.13); 213(137.44); 214(553.97); 215(376.85); 216(829.87); 217(175.26); 218(618.21); 219(356.16); 220(886.1); 221(179.64); 222(971.34); 223(919.87); 224(244.9); 225(569.36); 226(531.0); 227(647.25); 228(938.54); 229(462.42); 230(893.39); 231(274.14); 232(249.3); 233(799.27); 234(938.85); 235(133.37); 236(487.1); 237(848.18); 238(489.84); 239(942.46); 240(711.0); 241(75.45); 242(222.1); 243(682.64); 244(990.17); 245(166.28); 246(964.99); 247(950.55); 248(722.02); 249(587.95); 250(71.89); 251(128.23); 252(503.11); 253(556.62); 254(777.45); 255(766.29); 256(435.2); 257(110.08); 258(513.22); 259(24.51); 260(258.27); 261(831.22); 262(161.71); 263(983.52); 264(836.42); 265(417.94); 266(584.59); 267(477.71); 268(746.52); 269(965.0); 270(277.12); 271(51.51); 272(356.46); 273(502.92); 274(494.57); 275(40.11); 276(754.38); 277(159.03); 278(80.25); 279(474.54); 280(520.43); 281(329.88); 282(905.36); 283(219.81); 284(181.85); 285(594.14); 286(786.15); 287(165.86); 288(374.65); 289(912.51); 290(193.26); 291(999.27); 292(808.21); 293(684.28); 294(556.62); 295(409.15); 296(463.93); 297(57.7); 298(52.56); 299(107.17); 300(312.73); 301(37.51); 302(537.75); 303(583.41); 304(962.78); 305(48.64); 306(974.01); 307(781.64); 308(14.1); 309(157.72); 310(434.08); 311(991.22); 312(56.98); 313(584.34); 314(293.4); 315(569.62); 316(417.01); 317(249.53); 318(390.92); 319(396.06); 320(400.34); 321(574.49); 322(338.94); 323(325.46); 324(503.52); 325(657.75); 326(486.5); 327(251.24); 328(234.87); 329(118.43); 330(255.41); 331(203.71); 332(232.75); 333(217.52); 334(591.72); 335(44.65); 336(122.29); 337(598.29); 338(440.2); 339(482.61); 340(58.15); 341(955.87); 342(160.34); 343(973.99); 344(476.3); 345(784.33); 346(117.39); 347(494.69); 348(471.73); 349(470.58); 350(52.37); 351(868.52); 352(377.99); 353(838.18); 354(881.35); 355(812.13); 356(553.32); 357(47.24); 358(926.72); 359(401.91); 360(287.59); 361(967.65); 362(566.52); 363(148.73); 364(417.28); 365(677.66); 366(370.2); 367(411.92); 368(831.39); 369(401.55); 370(163.26); 371(175.34); 372(951.11); 373(68.3); 374(964.42); 375(922.72); 376(212.96); 377(775.52); 378(939.32); 379(356.93); 380(979.57); 381(930.68); 382(756.91); 383(5.14); 384(872.07); 385(96.08); 386(402.29); 387(280.52); 388(815.55); 389(899.35); 390(786.04); 391(960.2); 392(847.08); 393(223.26); 394(889.8); 395(360.12); 396(644.45); 397(435.86); 398(741.14); 399(81.04); 400(591.05); 401(894.58); 402(171.72); 403(206.35); 404(240.43); 405(722.77); 406(194.06); 407(481.64); 408(797.44); 409(597.34); 410(294.14); 411(196.56); 412(657.87); 413(478.83); 414(781.71); 415(165.79); 416(155.73); 417(63.91); 418(919.74); 419(989.62); 420(193.3); 421(767.46); 422(59.38); 423(530.42); 424(16.66); 425(292.21); 426(478.61); 427(504.55); 428(215.86); 429(330.29); 430(803.07); 431(330.62); 432(76.18); 433(643.21); 434(714.43); 435(96.17); 436(458.8); 437(588.37); 438(234.62); 439(556.27); 440(129.0); 441(584.54); 442(527.44); 443(201.2); 444(111.79); 445(358.14); 446(690.1); 447(273.41); 448(515.33); 449(141.91); 450(720.06); 451(449.08); 452(476.12); 453(219.26); 454(903.71); 455(653.41); 456(305.31); 457(539.56); 458(460.82); 459(396.81); 460(50.67); 461(579.95); 462(747.85); 463(6.22); 464(222.82); 465(596.2); 466(987.56); 467(875.19); 468(415.28); 469(233.1); 470(771.98); 471(221.98); 472(756.17); 473(473.82); 474(307.27); 475(13.29); 476(857.56); 477(508.12); 478(55.9); 479(229.75); 480(659.5); 481(67.34); 482(17.14); 483(108.94); 484(102.16); 485(981.69); 486(434.82); 487(784.58); 488(516.45); 489(476.96); 490(257.09); 491(802.09); 492(473.24); 493(285.09); 494(944.13); 495(726.74); 496(670.92); 497(654.41); 498(793.09); 499(243.42),1
53,0(465.35); 1(366.37); 2(298.81); 3(721.63); 4(360.84); 5(985.16); 6(565.1); 7(513.14); 8(327.11); 9(656.59); 10(409.17); 11(1.59); 12(635.42); 13(839.76); 14(47.47); 15(338.67); 16(601.45); 17(87.65); 18(374.63); 19(104.02); 20(428.68); 21(413.79); 22(974.29); 23(479.74); 24(664.05); 25(493.48); 26(522.46); 27(69.27); 28(56.3); 29(373.92); 30(22.07); 31(17.11); 32(937.27); 33(63.77); 34(111.6); 35(727.8); 36(305.8); 37(48.23); 38(134.5); 39(367.73); 40(773.65); 41(617.28); 42(70.61); 43(383.91); 44(15.11); 45(530.48); 46(529.33); 47(916.07); 48(616.39); 49(499.12); 50(567.69); 51(228.01); 52(11.15); 54(13.53); 55(892.38); 56(534.93); 57(442.08); 58(86.18); 59(32.48); 60(716.52); 61(792.62); 62(517.95); 63(771.75); 64(251.4); 65(479.11); 66(482.33); 67(582.58); 68(785.79); 69(872.06); 70(512.74); 71(47.84); 72(4.12); 73(336.84); 74(486.66); 75(43.91); 76(7.86); 77(785.1); 78(176.49); 79(62.25); 80(267.3); 81(566.2); 82(577.16); 83(318.14); 84(865.38); 85(725.52); 86(363.49); 87(148.66); 88(266.45); 89(209.68); 90(636.22); 91(263.38); 92(452.93); 93(474.15); 94(790.14); 95(457.21); 96(675.71); 97(78.91); 98(556.93); 99(156.24); 100(616.01); 101(312.64); 102(475.38); 103(719.45); 104(37.96); 105(885.99); 106(808.05); 107(410.28); 108(721.68); 109(281.93); 110(597.66); 111(455.97); 112(637.38); 113(501.18); 114(455.04); 115(415.39); 116(325.82); 117(798.92); 118(278.37); 119(966.85); 120(973.59); 121(185.82); 122(44.02); 123(900.08); 124(178.55); 125(772.97); 126(247.08); 127(947.04); 128(816.67); 129(50.42); 130(429.35); 131(984.36); 132(908.82); 133(304.68); 134(827.34); 135(550.82); 136(381.86); 137(207.83); 138(328.79); 139(750.39); 140(905.46); 141(305.18); 142(746.06); 143(729.61); 144(432.62); 145(985.43); 146(956.65); 147(520.31); 148(537.04); 149(159.8); 150(48.83); 151(701.92); 152(902.84); 153(0.19); 154(114.3); 155(829.03); 156(539.96); 157(709.29); 158(235.37); 159(478.2); 160(240.39); 161(877.68); 162(846.94); 163(661.16); 164(247.91); 165(550.83); 166(24.98); 167(581.38); 168(760.92); 169(415.37); 170(182.42); 171(483.33); 172(371.9); 173(644.44); 174(944.12); 175(669.5); 176(19.73); 177(686.91); 178(351.09); 179(435.32); 180(362.39); 181(113.24); 182(804.63); 183(603.53); 184(320.43); 185(584.93); 186(906.02); 187(376.3); 188(658.2); 189(358.1); 190(495.83); 191(796.93); 192(173.07); 193(422.11); 194(215.94); 195(627.19); 196(754.12); 197(746.62); 198(814.15); 199(869.11); 200(920.66); 201(424.95); 202(633.25); 203(941.15); 204(551.13); 205(295.7); 206(730.84); 207(951.78); 208(388.91); 209(400.65); 210(292.32); 211(519.28); 212(124.19); 213(380.19); 214(346.18); 215(555.17); 216(915.42); 217(855.62); 218(161.31); 219(277.64); 220(764.87); 221(272.68); 222(1.98); 223(915.86); 224(651.6); 225(38.75); 226(97.6); 227(380.33); 228(488.54); 229(395.76); 230(333.03); 231(394.76); 232(257.95); 233(673.28); 234(592.3); 235(647.23); 236(984.29); 237(316.13); 238(852.82); 239(76.3); 240(657.1); 241(730.75); 242(85.72); 243(905.98); 244(868.59); 245(424.95); 246(975.16); 247(60.94); 248(182.46); 249(999.11); 250(803.58); 251(784.56); 252(461.98); 253(525.89); 254(342.37); 255(92.48); 256(422.83); 257(925.24); 258(670.98); 259(411.58); 260(953.72); 261(985.95); 262(961.15); 263(991.18); 264(397.91); 265(308.7); 266(640.62); 267(382.7); 268(323.44); 269(377.9); 270(505.75); 271(42.2); 272(178.87); 273(797.85); 274(832.99); 275(916.11); 276(304.58); 277(184.55); 278(870.85); 279(12.66); 280(160.39); 281(508.54); 282(316.63); 283(476.77); 284(919.95); 285(521.25); 286(400.25); 287(200.0); 288(393.8); 289(998.86); 290(372.99); 291(743.17); 292(151.39); 293(935.17); 294(126.02); 295(672.09); 296(324.66); 297(836.28); 298(218.12); 299(367.26); 300(932.5); 301(8.33); 302(919.83); 303(270.49); 304(524.75); 305(97.62); 306(627.73); 307(160.64); 308(492.73); 309(12.32); 310(681.84); 311(251.97); 312(700.01); 313(357.88); 314(963.67); 315(292.26); 316(65.69); 317(726.51); 318(60.73); 319(863.53); 320(680.14); 321(965.94); 322(442.84); 323(506.7); 324(58.13); 325(179.95); 326(161.68); 327(548.05); 328(274.41); 329(191.19); 330(985.89); 331(652.44); 332(463.08); 333(508.78); 334(578.8); 335(90.31); 336(521.67); 337(848.91); 338(864.01); 339(272.4); 340(346.62); 341(10.26); 342(83.38); 343(933.34); 344(386.41); 345(577.91); 346(960.55); 347(740.52); 348(386.8); 349(675.52); 350(9.56); 351(67.78); 352(206.78); 353(927.26); 354(143.09); 355(252.35); 356(396.19); 357(127.07); 358(118.07); 359(386.99); 360(553.45); 361(982.16); 362(663.21); 363(902.43); 364(890.94); 365(803.89); 366(660.36); 367(552.12); 368(568.58); 369(649.45); 370(306.33); 371(782.53); 372(759.8); 373(192.54); 374(784.32); 375(891.17); 376(997.62); 377(219.68); 378(788.59); 379(7.51); 380(895.76); 381(300.28); 382(83.58); 383(324.23); 384(962.71); 385(273.6); 386(966.18); 387(872.62); 388(481.28); 389(597.63); 390(13.39); 391(404.99); 392(272.54); 393(682.5); 394(140.01); 395(954.7); 396(327.78); 397(415.17); 398(88.43); 399(996.03); 400(959.69); 401(321.46); 402(691.71); 403(169.14); 404(956.3); 405(483.12); 406(724.35); 407(733.66); 408(886.79); 409(250.14); 410(899.19); 411(96.1); 412(113.38); 413(510.97); 414(599.88); 415(181.84); 416(854.67); 417(293.9); 418(595.34); 419(753.52); 420(91.43); 421(987.98); 422(954.9); 423(406.45); 424(62.9); 425(733.49); 426(835.11); 427(675.23); 428(215.25); 429(483.6); 430(601.08); 431(996.1); 432(355.45); 433(888.17); 434(232.19); 435(835.07); 436(749.03); 437(380.66); 438(164.36); 439(163.81); 440(878.07); 441(176.59); 442(526.15); 443(68.69); 444(998.85); 445(994.69); 446(45.27); 447(745.55); 448(316.04); 449(231.07); 450(318.96); 451(808.76); 452(707.15); 453(464.36); 454(74.69); 455(231.25); 456(169.94); 457(58.51); 458(919.86); 459(603.59); 460(643.94); 461(19.29); 462(381.92); 463(594.85); 464(723.87); 465(701.96); 466(118.79); 467(641.23); 468(730.55); 469(473.9); 470(183.64); 471(993.23); 472(164.6); 473(984.03); 474(965.17); 475(770.28); 476(970.71); 477(914.33); 478(50.38); 479(308.32); 480(280.79); 481(826.17); 482(829.12); 483(605.54); 484(920.03); 485(727.42); 486(554.17); 487(741.63); 488(679.45); 489(149.15); 490(346.58); 491(294.76); 492(225.45); 493(328.13); 494(744.27); 495(306.0); 496(792.95); 497(410.9); 498(332.02); 499(75.56),1
54,0(399.9); 1(204.38); 2(45.55); 3(675.75); 4(51.65); 5(140.64); 6(365.22); 7(746.12); 8(36.6); 9(350.38); 10(380.11); 11(646.67); 12(293.19); 13(597.58); 14(771.69); 15(378.52); 16(88.23); 17(33.82); 18(718.31); 19(360.41); 20(235.32); 21(891.92); 22(342.67); 23(460.49); 24(990.32); 25(837.27); 26(822.89); 27(816.06); 28(629.88); 29(36.52); 30(659.17); 31(72.71); 32(611.05); 33(966.95); 34(740.25); 35(750.94); 36(151.37); 37(163.44); 38(472.57); 39(450.08); 40(355.13); 41(914.38); 42(641.82); 43(37.81); 44(486.89); 45(550.5); 46(657.16); 47(397.25); 48(267.61); 49(451.31); 50(515.78); 51(398.75); 52(64.94); 53(13.53); 55(465.45); 56(540.68); 57(505.39); 58(215.54); 59(180.82); 60(127.74); 61(402.19); 62(130.75); 63(547.09); 64(574.26); 65(921.24); 66(393.32); 67(141.39); 68(284.21); 69(245.87); 70(200.69); 71(7.47); 72(707.68); 73(733.94); 74(274.26); 75(729.38); 76(538.31); 77(416.19); 78(473.23); 79(962.03); 80(342.75); 81(3.76); 82(668.27); 83(548.96); 84(544.27); 85(268.83); 86(69.97); 87(217.51); 88(85.04); 89(372.18); 90(509.16); 91(282.57); 92(852.28); 93(626.56); 94(37.68); 95(226.28); 96(740.8); 97(289.23); 98(416.32); 99(935.62); 100(455.05); 101(273.06); 102(326.59); 103(702.01); 104(9.58); 105(348.26); 106(525.45); 107(447.1); 108(691.99); 109(819.33); 110(132.9); 111(415.39); 112(754.9); 113(766.39); 114(411.81); 115(343.95); 116(636.11); 117(458.37); 118(133.55); 119(178.86); 120(754.28); 121(529.07); 122(76.73); 123(401.84); 124(472.36); 125(832.98); 126(532.13); 127(866.87); 128(889.19); 129(17.12); 130(140.94); 131(413.28); 132(848.17); 133(121.55); 134(726.05); 135(477.8); 136(305.24); 137(879.03); 138(6.28); 139(248.19); 140(938.38); 141(191.38); 142(266.68); 143(616.75); 144(225.53); 145(164.07); 146(401.65); 147(628.28); 148(371.32); 149(606.89); 150(904.97); 151(269.26); 152(270.36); 153(161.14); 154(881.59); 155(689.7); 156(196.02); 157(442.3); 158(853.08); 159(426.12); 160(449.94); 161(311.07); 162(23.68); 163(592.97); 164(566.6); 165(372.09); 166(493.19); 167(693.21); 168(133.11); 169(77.13); 170(283.9); 171(195.74); 172(714.78); 173(380.44); 174(503.46); 175(31.89); 176(621.37); 177(650.46); 178(303.13); 179(772.92); 180(96.68); 181(211.62); 182(436.9); 183(101.18); 184(808.92); 185(657.53); 186(890.22); 187(348.21); 188(745.07); 189(810.87); 190(489.64); 191(208.17); 192(504.89); 193(880.26); 194(119.06); 195(731.47); 196(925.04); 197(373.44); 198(422.01); 199(588.87); 200(516.77); 201(696.59); 202(652.8); 203(513.26); 204(284.54); 205(313.69); 206(769.49); 207(721.21); 208(999.06); 209(98.36); 210(28.23); 211(561.03); 212(102.63); 213(744.65); 214(79.96); 215(91.72); 216(349.0); 217(713.17); 218(476.11); 219(61.91); 220(665.85); 221(787.01); 222(4.83); 223(744.04); 224(469.28); 225(0.27); 226(72.29); 227(659.21); 228(616.2); 229(236.06); 230(980.53); 231(225.02); 232(714.25); 233(959.12); 234(948.31); 235(287.35); 236(562.44); 237(521.5); 238(965.96); 239(938.34); 240(336.88); 241(249.46); 242(383.0); 243(10.21); 244(384.94); 245(257.52); 246(732.16); 247(162.98); 248(961.31); 249(698.25); 250(108.47); 251(450.87); 252(123.02); 253(294.03); 254(227.08); 255(294.82); 256(310.38); 257(643.43); 258(93.44); 259(593.41); 260(145.66); 261(381.04); 262(331.98); 263(382.67); 264(540.01); 265(383.9); 266(270.6); 267(723.31); 268(434.44); 269(997.54); 270(804.15); 271(982.7); 272(258.75); 273(171.41); 274(251.53); 275(399.42); 276(835.26); 277(794.7); 278(359.63); 279(381.67); 280(360.2); 281(309.93); 282(897.94); 283(435.53); 284(434.22); 285(848.51); 286(590.18); 287(198.89); 288(545.96); 289(33.96); 290(88.36); 291(451.65); 292(260.38); 293(270.76); 294(238.76); 295(878.75); 296(799.19); 297(674.27); 298(340.6); 299(161.88); 300(380.68); 301(40.87); 302(560.4); 303(745.38); 304(101.3); 305(749.86); 306(886.04); 307(710.44); 308(153.96); 309(642.46); 310(547.6); 311(881.72); 312(860.73); 313(329.14); 314(98.43); 315(21.62); 316(949.16); 317(585.03); 318(819.53); 319(898.28); 320(21.12); 321(195.36); 322(390.33); 323(862.26); 324(289.67); 325(397.49); 326(150.93); 327(214.35); 328(576.91); 329(859.5); 330(736.87); 331(681.66); 332(508.72); 333(498.91); 334(699.52); 335(925.79); 336(631.54); 337(162.73); 338(454.33); 339(487.57); 340(85.81); 341(323.16); 342(942.46); 343(7.8); 344(328.9); 345(569.99); 346(636.37); 347(305.65); 348(109.69); 349(129.74); 350(223.49); 351(554.99); 352(579.05); 353(806.17); 354(263.05); 355(694.02); 356(281.16); 357(644.24); 358(263.02); 359(125.14); 360(125.54); 361(553.27); 362(144.13); 363(289.15); 364(676.32); 365(239.15); 366(629.46); 367(693.07); 368(251.82); 369(262.79); 370(350.25); 371(256.33); 372(638.82); 373(215.86); 374(258.41); 375(191.1); 376(948.9); 377(306.79); 378(224.64); 379(756.11); 380(322.53); 381(450.38); 382(493.85); 383(827.88); 384(46.07); 385(609.5); 386(199.47); 387(355.74); 388(239.83); 389(510.41); 390(261.02); 391(251.82); 392(793.54); 393(498.89); 394(47.77); 395(656.19); 396(183.65); 397(818.17); 398(965.15); 399(36.73); 400(496.74); 401(129.75); 402(204.11); 403(955.99); 404(699.46); 405(313.06); 406(743.71); 407(817.01); 408(553.66); 409(200.42); 410(418.86); 411(590.04); 412(546.25); 413(971.58); 414(564.9); 415(549.69); 416(1.35); 417(838.07); 418(721.77); 419(814.24); 420(157.9); 421(95.94); 422(86.52); 423(974.75); 424(676.31); 425(271.8); 426(848.69); 427(526.73); 428(663.49); 429(683.85); 430(251.72); 431(158.21); 432(844.93); 433(729.52); 434(712.52); 435(971.14); 436(749.73); 437(66.41); 438(750.28); 439(33.1); 440(51.31); 441(796.94); 442(253.01); 443(116.76); 444(278.86); 445(44.56); 446(872.0); 447(93.07); 448(717.21); 449(738.55); 450(934.96); 451(961.43); 452(963.89); 453(404.96); 454(859.86); 455(873.52); 456(890.44); 457(494.49); 458(987.94); 459(426.94); 460(886.94); 461(102.77); 462(362.89); 463(119.12); 464(742.89); 465(390.59); 466(658.65); 467(211.43); 468(155.16); 469(809.39); 470(253.45); 471(805.38); 472(13.18); 473(663.13); 474(933.29); 475(778.38); 476(373.82); 477(384.41); 478(524.03); 479(480.94); 480(229.61); 481(967.99); 482(509.13); 483(779.11); 484(643.94); 485(967.88); 486(372.13); 487(786.84); 488(354.7); 489(660.8); 490(360.24); 491(490.18); 492(497.27); 493(982.85); 494(373.13); 495(54.12); 496(428.7); 497(177.25); 498(395.2); 499(21.51),1
55,0(256.52); 1(147.88); 2(84.58); 3(765.65); 4(924.42); 5(9.43); 6(513.76); 7(741.17); 8(37.13); 9(259.28); 10(438.29); 11(176.94); 12(56.35); 13(670.49); 14(421.48); 15(600.72); 16(463.52); 17(515.26); 18(289.29); 19(328.32); 20(434.4); 21(896.85); 22(421.08); 23(653.22); 24(738.95); 25(291.61); 26(911.0); 27(260.25); 28(966.83); 29(770.58); 30(506.12); 31(631.96); 32(95.32); 33(694.26); 34(890.77); 35(319.49); 36(552.06); 37(605.89); 38(561.99); 39(214.01); 40(719.33); 41(977.44); 42(85.87); 43(402.2); 44(511.71); 45(322.74); 46(211.26); 47(328.9); 48(833.06); 49(209.67); 50(138.01); 51(31.02); 52(431.14); 53(892.38); 54(465.45); 56(257.18); 57(863.9); 58(962.48); 59(503.33); 60(963.95); 61(776.58); 62(93.77); 63(332.24); 64(611.84); 65(94.84); 66(140.82); 67(656.68); 68(268.89); 69(810.73); 70(540.53); 71(829.64); 72(75.85); 73(811.66); 74(277.02); 75(450.11); 76(362.45); 77(487.88); 78(869.17); 79(405.06); 80(840.65); 81(275.97); 82(226.78); 83(700.64); 84(5.79); 85(52.93); 86(759.97); 87(990.38); 88(203.5); 89(766.99); 90(580.26); 91(261.33); 92(946.56); 93(899.4); 94(348.89); 95(250.01); 96(308.7); 97(757.46); 98(591.57); 99(633.5); 100(38.76); 101(838.43); 102(235.79); 103(373.04); 104(907.4); 105(373.82); 106(14.35); 107(482.87); 108(649.55); 109(958.4); 110(842.74); 111(935.58); 112(102.74); 113(369.7); 114(607.85); 115(565.93); 116(241.23); 117(485.95); 118(440.92); 119(799.97); 120(738.7); 121(69.98); 122(89.62); 123(647.27); 124(667.17); 125(150.13); 126(725.96); 127(403.74); 128(236.61); 129(410.19); 130(282.8); 131(699.79); 132(134.67); 133(557.03); 134(554.4); 135(423.67); 136(948.03); 137(614.75); 138(937.84); 139(54.77); 140(299.53); 141(560.43); 142(560.71); 143(126.17); 144(884.53); 145(701.69); 146(36.3); 147(263.76); 148(66.03); 149(683.15); 150(307.19); 151(989.67); 152(727.29); 153(798.39); 154(606.03); 155(933.32); 156(246.7); 157(736.96); 158(107.67); 159(484.64); 160(691.43); 161(624.97); 162(735.81); 163(228.73); 164(457.55); 165(973.61); 166(614.39); 167(307.47); 168(698.01); 169(138.17); 170(326.84); 171(990.33); 172(745.64); 173(114.25); 174(321.23); 175(4.24); 176(53.39); 177(188.29); 178(795.67); 179(919.15); 180(951.16); 181(323.96); 182(197.8); 183(81.67); 184(433.04); 185(961.99); 186(535.95); 187(589.44); 188(53.89); 189(637.64); 190(130.66); 191(528.76); 192(389.75); 193(466.53); 194(838.68); 195(543.58); 196(270.68); 197(787.91); 198(846.31); 199(413.18); 200(303.79); 201(290.62); 202(204.92); 203(505.38); 204(725.14); 205(365.32); 206(266.0); 207(110.61); 208(106.04); 209(493.92); 210(11.64); 211(792.37); 212(633.88); 213(542.12); 214(687.89); 215(481.78); 216(869.94); 217(694.65); 218(345.47); 219(503.29); 220(857.01); 221(258.0); 222(494.9); 223(283.6); 224(715.42); 225(114.54); 226(260.44); 227(807.23); 228(14.86); 229(777.83); 230(452.55); 231(876.83); 232(533.94); 233(963.8); 234(753.76); 235(945.46); 236(513.86); 237(202.32); 238(992.11); 239(868.77); 240(341.56); 241(701.35); 242(609.24); 243(329.05); 244(636.87); 245(791.27); 246(342.39); 247(175.51); 248(237.04); 249(945.86); 250(805.64); 251(283.99); 252(938.33); 253(238.43); 254(536.33); 255(984.8); 256(945.02); 257(701.1); 258(92.51); 259(474.85); 260(508.07); 261(757.46); 262(680.89); 263(812.15); 264(154.16); 265(652.16); 266(178.07); 267(826.63); 268(406.06); 269(486.76); 270(215.92); 271(367.37); 272(966.85); 273(820.25); 274(518.71); 275(432.97); 276(686.64); 277(90.54); 278(871.58); 279(954.54); 280(295.82); 281(64.35); 282(248.44); 283(284.05); 284(728.12); 285(21.88); 286(543.03); 287(917.56); 288(741.57); 289(65.8); 290(630.5); 291(376.97); 292(799.47); 293(826.59); 294(277.89); 295(817.42); 296(831.24); 297(351.69); 298(166.93); 299(211.26); 300(835.58); 301(848.43); 302(634.91); 303(930.04); 304(494.82); 305(636.63); 306(58.69); 307(97.98); 308(11.9); 309(428.28); 310(390.71); 311(985.7); 312(16.78); 313(889.4); 314(340.63); 315(377.71); 316(880.0); 317(519.47); 318(20.57); 319(366.08); 320(517.75); 321(915.94); 322(907.02); 323(837.52); 324(669.68); 325(72.63); 326(315.85); 327(21.26); 328(333.94); 329(268.39); 330(196.16); 331(613.74); 332(860.98); 333(214.12); 334(190.09); 335(829.98); 336(356.7); 337(403.32); 338(813.09); 339(949.9); 340(208.35); 341(433.8); 342(662.21); 343(156.16); 344(57.86); 345(668.2); 346(134.25); 347(16.73); 348(607.41); 349(612.37); 350(399.71); 351(909.73); 352(79.62); 353(687.78); 354(40.57); 355(644.83); 356(919.05); 357(106.68); 358(702.19); 359(871.67); 360(317.93); 361(488.63); 362(795.89); 363(913.29); 364(426.58); 365(920.03); 366(584.45); 367(913.22); 368(98.46); 369(325.65); 370(291.58); 371(790.88); 372(375.58); 373(237.63); 374(862.76); 375(286.3); 376(120.49); 377(812.94); 378(411.08); 379(447.84); 380(807.23); 381(584.0); 382(580.53); 383(298.78); 384(258.87); 385(423.3); 386(695.09); 387(606.96); 388(101.3); 389(729.01); 390(358.47); 391(232.67); 392(930.87); 393(213.77); 394(852.01); 395(577.01); 396(201.37); 397(846.77); 398(227.55); 399(866.35); 400(155.64); 401(326.47); 402(419.7); 403(181.37); 404(766.29); 405(678.59); 406(839.46); 407(746.9); 408(749.72); 409(115.84); 410(113.9); 411(225.99); 412(135.52); 413(76.95); 414(605.23); 415(805.07); 416(227.12); 417(95.63); 418(406.53); 419(12.16); 420(64.53); 421(64.19); 422(186.52); 423(710.29); 424(603.18); 425(977.49); 426(13.5); 427(984.08); 428(262.73); 429(32.4); 430(62.34); 431(525.63); 432(121.33); 433(740.17); 434(861.67); 435(621.32); 436(109.32); 437(294.29); 438(224.7); 439(825.43); 440(504.09); 441(346.58); 442(878.51); 443(214.28); 444(135.32); 445(348.02); 446(68.64); 447(718.57); 448(498.19); 449(846.14); 450(538.09); 451(83.03); 452(543.85); 453(300.21); 454(871.69); 455(665.58); 456(863.93); 457(785.9); 458(263.86); 459(179.44); 460(345.29); 461(226.44); 462(194.79); 463(989.98); 464(9.16); 465(482.01); 466(85.94); 467(337.0); 468(965.38); 469(627.99); 470(403.02); 471(20.34); 472(470.0); 473(693.97); 474(789.03); 475(387.51); 476(361.56); 477(106.51); 478(897.0); 479(743.21); 480(351.02); 481(216.75); 482(746.01); 483(491.34); 484(683.27); 485(816.7); 486(71.26); 487(988.23); 488(325.92); 489(948.28); 490(485.16); 491(836.42); 492(855.41); 493(523.03); 494(247.95); 495(567.51); 496(918.38); 497(446.34); 498(973.17); 499(191.41),1
56,0(417.23); 1(112.26); 2(968.25); 3(624.46); 4(462.55); 5(512.2); 6(789.8); 7(618.95); 8(690.49); 9(359.98); 10(816.33); 11(475.9); 12(284.58); 13(951.5); 14(281.59); 15(406.39); 16(859.11); 17(254.32); 18(861.97); 19(443.81); 20(520.06); 21(511.29); 22(195.66); 23(558.36); 24(136.1); 25(164.76); 26(609.72); 27(54.94); 28(977.53); 29(313.18); 30(806.91); 31(749.47); 32(745.33); 33(1.7); 34(463.82); 35(423.26); 36(218.94); 37(930.12); 38(754.83); 39(782.38); 40(102.55); 41(99.4); 42(368.62); 43(358.72); 44(502.67); 45(429.14); 46(939.87); 47(482.31); 48(459.09); 49(586.89); 50(700.44); 51(236.6); 52(738.18); 53(534.93); 54(540.68); 55(257.18); 57(493.59); 58(700.15); 59(665.7); 60(321.79); 61(413.16); 62(804.41); 63(910.83); 64(527.87); 65(202.82); 66(414.88); 67(240.33); 68(75.49); 69(542.43); 70(801.97); 71(289.12); 72(457.81); 73(75.17); 74(997.45); 75(966.17); 76(199.3); 77(447.29); 78(493.67); 79(171.06); 80(729.11); 81(102.74); 82(751.92); 83(463.87); 84(696.99); 85(649.81); 86(146.79); 87(900.7); 88(504.47); 89(697.93); 90(356.72); 91(358.52); 92(30.62); 93(384.58); 94(748.7); 95(944.5); 96(421.63); 97(503.57); 98(874.9); 99(769.34); 100(398.75); 101(624.74); 102(324.17); 103(789.62); 104(684.73); 105(279.72); 106(797.1); 107(667.3); 108(834.92); 109(723.26); 110(320.32); 111(200.09); 112(643.27); 113(530.91); 114(908.97); 115(453.48); 116(128.39); 117(711.4); 118(238.39); 119(926.35); 120(935.24); 121(530.95); 122(514.92); 123(698.47); 124(966.4); 125(654.15); 126(823.86); 127(712.83); 128(86.31); 129(855.83); 130(10.44); 131(258.38); 132(958.71); 133(274.71); 134(409.41); 135(454.16); 136(189.75); 137(213.12); 138(221.59); 139(978.46); 140(954.97); 141(300.58); 142(550.76); 143(623.55); 144(703.8); 145(616.68); 146(246.51); 147(612.03); 148(556.6); 149(147.86); 150(753.92); 151(625.62); 152(153.53); 153(125.11); 154(62.85); 155(828.69); 156(532.13); 157(875.2); 158(686.91); 159(240.88); 160(737.54); 161(278.91); 162(251.85); 163(462.34); 164(380.57); 165(153.22); 166(391.83); 167(762.28); 168(926.64); 169(373.74); 170(994.42); 171(246.38); 172(363.68); 173(99.39); 174(940.34); 175(705.52); 176(844.27); 177(314.22); 178(370.68); 179(161.3); 180(329.86); 181(395.27); 182(310.89); 183(596.86); 184(869.95); 185(767.58); 186(171.61); 187(801.65); 188(818.08); 189(450.66); 190(855.43); 191(159.78); 192(409.98); 193(786.51); 194(82.0); 195(844.17); 196(531.9); 197(78.08); 198(332.78); 199(150.41); 200(618.24); 201(365.05); 202(215.87); 203(810.62); 204(848.9); 205(902.93); 206(67.37); 207(402.32); 208(100.17); 209(336.62); 210(68.43); 211(152.06); 212(722.94); 213(398.43); 214(966.92); 215(48.58); 216(166.35); 217(198.96); 218(524.64); 219(928.37); 220(802.39); 221(869.17); 222(210.94); 223(97.56); 224(532.87); 225(174.63); 226(91.72); 227(551.8); 228(840.68); 229(420.91); 230(177.34); 231(337.42); 232(812.2); 233(391.27); 234(680.4); 235(483.46); 236(69.99); 237(657.02); 238(14.89); 239(492.8); 240(978.58); 241(301.65); 242(142.25); 243(992.61); 244(625.3); 245(145.13); 246(218.25); 247(66.18); 248(82.66); 249(11.88); 250(769.5); 251(175.63); 252(788.16); 253(730.68); 254(990.01); 255(671.85); 256(324.82); 257(25.22); 258(806.12); 259(798.49); 260(298.24); 261(51.76); 262(60.35); 263(691.17); 264(263.51); 265(149.98); 266(63.28); 267(853.26); 268(968.97); 269(477.35); 270(40.37); 271(723.18); 272(776.03); 273(926.39); 274(673.16); 275(557.0); 276(347.75); 277(845.38); 278(664.41); 279(131.94); 280(264.48); 281(387.7); 282(341.31); 283(752.48); 284(533.63); 285(203.82); 286(742.46); 287(542.28); 288(816.94); 289(8.6); 290(663.31); 291(435.58); 292(871.19); 293(968.74); 294(605.1); 295(299.1); 296(457.25); 297(774.2); 298(222.08); 299(836.78); 300(677.51); 301(737.42); 302(375.03); 303(965.03); 304(733.59); 305(148.76); 306(620.76); 307(121.98); 308(656.77); 309(997.84); 310(289.51); 311(748.68); 312(748.51); 313(703.29); 314(696.05); 315(316.68); 316(276.93); 317(623.19); 318(543.84); 319(51.75); 320(593.3); 321(622.9); 322(582.47); 323(599.8); 324(46.47); 325(586.03); 326(240.39); 327(500.83); 328(189.41); 329(48.46); 330(636.56); 331(393.48); 332(957.77); 333(203.1); 334(469.8); 335(143.54); 336(765.07); 337(661.05); 338(800.73); 339(992.8); 340(249.27); 341(727.14); 342(158.97); 343(391.18); 344(792.33); 345(877.85); 346(177.96); 347(702.12); 348(2.08); 349(946.21); 350(567.53); 351(865.84); 352(292.61); 353(664.38); 354(949.52); 355(188.42); 356(440.1); 357(965.73); 358(572.75); 359(292.96); 360(630.61); 361(314.77); 362(865.07); 363(905.52); 364(866.78); 365(717.96); 366(639.14); 367(43.86); 368(661.39); 369(827.98); 370(561.94); 371(394.01); 372(114.32); 373(396.13); 374(425.0); 375(267.33); 376(351.19); 377(260.39); 378(323.05); 379(668.32); 380(183.32); 381(414.54); 382(997.17); 383(975.37); 384(888.33); 385(492.48); 386(163.17); 387(824.27); 388(144.81); 389(451.54); 390(796.97); 391(640.0); 392(660.8); 393(580.18); 394(258.17); 395(686.09); 396(253.81); 397(416.41); 398(945.02); 399(767.88); 400(697.83); 401(771.11); 402(471.06); 403(752.89); 404(238.19); 405(814.86); 406(14.88); 407(598.54); 408(79.33); 409(668.62); 410(545.35); 411(306.85); 412(753.27); 413(574.01); 414(606.42); 415(722.81); 416(621.73); 417(568.12); 418(586.37); 419(780.71); 420(931.28); 421(137.8); 422(49.48); 423(92.54); 424(293.97); 425(622.7); 426(604.82); 427(224.63); 428(580.47); 429(935.0); 430(729.51); 431(492.81); 432(560.98); 433(825.33); 434(553.21); 435(91.27); 436(271.8); 437(273.37); 438(590.97); 439(101.83); 440(710.54); 441(835.43); 442(445.85); 443(28.4); 444(650.45); 445(42.8); 446(436.87); 447(318.75); 448(964.21); 449(255.02); 450(238.15); 451(882.25); 452(277.72); 453(64.47); 454(649.2); 455(509.27); 456(742.56); 457(385.89); 458(138.88); 459(480.94); 460(861.76); 461(879.71); 462(541.85); 463(615.28); 464(630.07); 465(284.96); 466(607.84); 467(51.87); 468(995.23); 469(36.39); 470(518.54); 471(112.59); 472(288.53); 473(670.94); 474(604.41); 475(146.64); 476(12.06); 477(534.06); 478(474.81); 479(816.99); 480(396.03); 481(464.47); 482(952.9); 483(889.48); 484(661.01); 485(367.07); 486(698.04); 487(113.92); 488(256.19); 489(269.87); 490(56.81); 491(210.72); 492(100.59); 493(233.14); 494(865.08); 495(367.01); 496(922.04); 497(522.31); 498(104.87); 499(122.84),1
57,0(521.38); 1(299.71); 2(224.82); 3(280.52); 4(241.06); 5(492.13); 6(664.2); 7(560.56); 8(336.39); 9(508.61); 10(383.74); 11(987.23); 12(433.16); 13(355.62); 14(383.54); 15(735.23); 16(124.84); 17(190.1); 18(77.36); 19(446.28); 20(902.54); 21(557.45); 22(556.34); 23(744.53); 24(299.17); 25(111.06); 26(893.5); 27(710.61); 28(605.84); 29(244.94); 30(989.36); 31(289.83); 32(518.35); 33(488.6); 34(601.32); 35(137.06); 36(69.57); 37(825.29); 38(486.35); 39(382.15); 40(71.09); 41(474.92); 42(4.72); 43(901.84); 44(723.73); 45(357.81); 46(772.67); 47(651.98); 48(228.42); 49(842.68); 50(782.09); 51(73.68); 52(485.15); 53(442.08); 54(505.39); 55(863.9); 56(493.59); 58(670.64); 59(614.96); 60(990.87); 61(474.26); 62(57.74); 63(699.8); 64(802.11); 65(675.32); 66(672.72); 67(54.41); 68(259.99); 69(954.74); 70(32.69); 71(141.8); 72(830.43); 73(546.26); 74(683.7); 75(461.68); 76(704.01); 77(390.04); 78(394.06); 79(440.11); 80(161.08); 81(158.61); 82(637.44); 83(480.0); 84(834.62); 85(488.21); 86(790.42); 87(209.9); 88(717.75); 89(846.17); 90(196.98); 91(552.22); 92(975.33); 93(171.64); 94(834.9); 95(661.29); 96(121.93); 97(709.55); 98(3.57); 99(866.76); 100(144.46); 101(564.81); 102(773.06); 103(385.61); 104(937.73); 105(110.45); 106(110.65); 107(667.84); 108(240.8); 109(118.27); 110(668.41); 111(711.83); 112(603.84); 113(935.72); 114(100.54); 115(726.16); 116(890.09); 117(936.38); 118(106.16); 119(906.29); 120(115.9); 121(339.11); 122(764.62); 123(126.45); 124(151.1); 125(469.94); 126(788.75); 127(279.12); 128(234.74); 129(565.73); 130(492.46); 131(127.62); 132(45.23); 133(528.55); 134(224.2); 135(284.77); 136(791.41); 137(112.76); 138(449.76); 139(916.82); 140(889.62); 141(551.9); 142(492.79); 143(310.07); 144(779.73); 145(806.65); 146(758.88); 147(762.45); 148(538.31); 149(153.54); 150(470.26); 151(789.79); 152(797.6); 153(395.18); 154(301.94); 155(729.22); 156(564.8); 157(586.58); 158(176.35); 159(89.9); 160(471.56); 161(271.36); 162(120.04); 163(630.17); 164(87.46); 165(931.72); 166(555.97); 167(774.93); 168(2.68); 169(68.8); 170(682.38); 171(204.68); 172(936.82); 173(213.63); 174(605.99); 175(583.2); 176(218.27); 177(685.96); 178(545.56); 179(909.68); 180(869.99); 181(491.9); 182(65.79); 183(437.7); 184(355.29); 185(498.77); 186(505.99); 187(648.98); 188(926.09); 189(941.32); 190(1.88); 191(631.92); 192(131.02); 193(836.74); 194(672.62); 195(8.56); 196(892.51); 197(980.53); 198(629.12); 199(660.04); 200(23.98); 201(325.08); 202(81.72); 203(435.73); 204(738.64); 205(776.03); 206(232.14); 207(661.34); 208(985.37); 209(579.48); 210(855.92); 211(255.41); 212(206.85); 213(740.3); 214(159.19); 215(571.07); 216(57.11); 217(500.69); 218(284.45); 219(121.43); 220(223.52); 221(145.26); 222(221.97); 223(571.6); 224(50.04); 225(933.45); 226(258.44); 227(921.01); 228(103.18); 229(917.41); 230(219.74); 231(768.09); 232(556.35); 233(181.0); 234(878.38); 235(58.89); 236(442.32); 237(364.96); 238(815.73); 239(440.22); 240(563.45); 241(631.23); 242(266.08); 243(602.3); 244(683.75); 245(869.19); 246(520.37); 247(135.22); 248(632.43); 249(485.01); 250(607.6); 251(4.0); 252(712.51); 253(866.19); 254(828.48); 255(903.51); 256(106.91); 257(21.42); 258(229.93); 259(799.42); 260(376.82); 261(568.75); 262(664.58); 263(399.1); 264(640.9); 265(925.66); 266(771.35); 267(358.18); 268(801.5); 269(319.9); 270(757.97); 271(521.28); 272(506.55); 273(996.33); 274(982.66); 275(232.29); 276(937.07); 277(760.88); 278(961.88); 279(315.19); 280(629.95); 281(459.53); 282(837.46); 283(630.37); 284(287.62); 285(811.78); 286(212.54); 287(271.92); 288(733.33); 289(769.91); 290(207.85); 291(169.57); 292(199.13); 293(476.43); 294(580.27); 295(240.94); 296(931.44); 297(326.23); 298(332.36); 299(325.95); 300(830.14); 301(688.96); 302(631.01); 303(925.71); 304(337.47); 305(695.89); 306(751.8); 307(424.8); 308(404.82); 309(585.88); 310(659.25); 311(85.31); 312(432.55); 313(866.08); 314(813.47); 315(342.93); 316(664.65); 317(817.06); 318(527.62); 319(466.72); 320(273.01); 321(884.65); 322(580.41); 323(879.07); 324(364.7); 325(942.35); 326(70.49); 327(541.41); 328(360.09); 329(395.63); 330(335.77); 331(303.79); 332(750.82); 333(903.28); 334(301.43); 335(526.85); 336(278.58); 337(711.39); 338(662.01); 339(735.82); 340(339.37); 341(390.62); 342(560.45); 343(297.62); 344(538.75); 345(915.07); 346(792.56); 347(631.76); 348(446.88); 349(654.24); 350(835.04); 351(16.77); 352(390.19); 353(298.73); 354(763.3); 355(453.75); 356(264.13); 357(675.88); 358(256.81); 359(735.55); 360(657.46); 361(14.55); 362(972.01); 363(980.93); 364(362.43); 365(360.28); 366(537.68); 367(294.83); 368(950.46); 369(904.75); 370(73.16); 371(428.75); 372(65.16); 373(857.35); 374(399.87); 375(897.95); 376(773.25); 377(558.46); 378(151.83); 379(870.44); 380(522.44); 381(591.16); 382(892.99); 383(445.99); 384(564.1); 385(153.19); 386(629.39); 387(665.47); 388(651.95); 389(992.22); 390(310.27); 391(347.14); 392(374.99); 393(563.04); 394(711.13); 395(150.22); 396(105.51); 397(984.14); 398(699.17); 399(450.5); 400(164.58); 401(58.41); 402(51.58); 403(562.46); 404(807.37); 405(329.77); 406(623.84); 407(301.44); 408(813.19); 409(747.21); 410(169.43); 411(728.48); 412(685.97); 413(97.74); 414(17.78); 415(16.55); 416(321.58); 417(771.64); 418(201.65); 419(752.65); 420(582.92); 421(607.18); 422(302.29); 423(469.44); 424(644.39); 425(310.4); 426(336.6); 427(420.28); 428(631.22); 429(83.72); 430(449.68); 431(572.75); 432(554.83); 433(969.68); 434(343.57); 435(906.09); 436(272.84); 437(687.57); 438(379.29); 439(989.25); 440(462.25); 441(848.69); 442(750.83); 443(99.74); 444(439.71); 445(144.69); 446(890.82); 447(280.16); 448(90.4); 449(560.22); 450(214.43); 451(417.55); 452(423.54); 453(760.21); 454(758.59); 455(948.23); 456(566.57); 457(989.37); 458(162.98); 459(416.47); 460(813.52); 461(443.59); 462(449.62); 463(800.2); 464(525.59); 465(795.31); 466(947.35); 467(571.67); 468(968.95); 469(721.86); 470(658.22); 471(793.3); 472(865.83); 473(159.95); 474(277.39); 475(21.07); 476(64.55); 477(140.36); 478(276.56); 479(515.61); 480(399.88); 481(657.91); 482(309.42); 483(667.41); 484(117.83); 485(284.26); 486(717.34); 487(483.09); 488(185.83); 489(885.37); 490(868.01); 491(925.95); 492(552.49); 493(824.32); 494(877.45); 495(717.24); 496(515.76); 497(767.76); 498(302.82); 499(156.19),1
58,0(814.55); 1(759.9); 2(797.28); 3(687.42); 4(220.95); 5(734.62); 6(776.15); 7(897.79); 8(177.51); 9(870.23); 10(398.43); 11(104.85); 12(548.4); 13(359.62); 14(362.51); 15(278.81); 16(570.14); 17(908.28); 18(228.1); 19(979.89); 20(180.26); 21(445.29); 22(394.56); 23(533.02); 24(513.04); 25(924.24); 26(836.55); 27(826.5); 28(202.93); 29(428.31); 30(817.66); 31(209.27); 32(483.26); 33(751.8); 34(782.25); 35(29.48); 36(537.7); 37(742.21); 38(962.73); 39(493.49); 40(259.42); 41(102.87); 42(994.35); 43(279.18); 44(864.0); 45(52.43); 46(371.02); 47(515.93); 48(893.5); 49(283.95); 50(802.69); 51(703.56); 52(588.58); 53(86.18); 54(215.54); 55(962.48); 56(700.15); 57(670.64); 59(86.24); 60(999.41); 61(355.33); 62(429.99); 63(891.15); 64(318.61); 65(621.08); 66(400.01); 67(154.62); 68(637.57); 69(455.09); 70(533.45); 71(397.13); 72(804.13); 73(46.39); 74(476.9); 75(146.54); 76(538.09); 77(182.02); 78(699.98); 79(782.19); 80(920.61); 81(69.21); 82(304.32); 83(486.99); 84(518.23); 85(387.44); 86(678.72); 87(3.66); 88(676.87); 89(430.6); 90(721.91); 91(107.79); 92(478.79); 93(713.12); 94(454.8); 95(350.65); 96(675.98); 97(958.88); 98(424.77); 99(64.14); 100(694.05); 101(249.43); 102(44.91); 103(993.47); 104(951.84); 105(923.98); 106(638.81); 107(606.73); 108(614.55); 109(331.13); 110(78.27); 111(101.95); 112(76.3); 113(442.47); 114(338.26); 115(206.54); 116(315.05); 117(752.36); 118(948.61); 119(480.16); 120(533.56); 121(30.75); 122(376.6); 123(506.79); 124(570.73); 125(86.85); 126(618.9); 127(923.07); 128(630.53); 129(120.36); 130(885.24); 131(563.9); 132(758.18); 133(437.36); 134(262.09); 135(942.3); 136(272.38); 137(113.52); 138(390.8); 139(544.49); 140(841.51); 141(112.16); 142(280.81); 143(156.61); 144(121.02); 145(385.71); 146(909.92); 147(368.12); 148(368.26); 149(447.16); 150(589.48); 151(32.25); 152(468.47); 153(792.34); 154(441.81); 155(194.31); 156(703.9); 157(341.96); 158(879.22); 159(526.79); 160(788.71); 161(180.72); 162(381.26); 163(975.14); 164(988.3); 165(17.03); 166(101.78); 167(368.46); 168(787.86); 169(608.56); 170(54.05); 171(215.43); 172(214.24); 173(873.68); 174(737.21); 175(548.2); 176(622.83); 177(178.74); 178(644.51); 179(984.32); 180(334.24); 181(711.8); 182(76.68); 183(696.57); 184(520.73); 185(345.57); 186(641.13); 187(427.86); 188(362.43); 189(73.8); 190(898.06); 191(443.95); 192(960.49); 193(748.17); 194(865.86); 195(125.32); 196(838.85); 197(398.06); 198(7.11); 199(383.79); 200(752.06); 201(476.49); 202(773.36); 203(46.95); 204(446.83); 205(156.26); 206(198.34); 207(983.07); 208(510.44); 209(998.59); 210(71.78); 211(410.72); 212(280.9); 213(706.38); 214(995.83); 215(411.81); 216(867.73); 217(353.39); 218(873.01); 219(449.71); 220(102.37); 221(313.87); 222(932.41); 223(756.4); 224(794.1); 225(332.45); 226(467.88); 227(25.83); 228(276.73); 229(984.93); 230(986.88); 231(518.08); 232(101.56); 233(909.58); 234(298.58); 235(250.87); 236(884.72); 237(479.1); 238(944.71); 239(948.91); 240(851.45); 241(329.31); 242(904.55); 243(949.75); 244(459.24); 245(904.14); 246(100.09); 247(474.96); 248(877.15); 249(973.94); 250(457.42); 251(454.19); 252(326.51); 253(387.23); 254(639.05); 255(887.85); 256(848.89); 257(93.72); 258(695.09); 259(554.42); 260(688.0); 261(180.3); 262(290.13); 263(333.84); 264(168.78); 265(393.02); 266(402.67); 267(932.18); 268(932.65); 269(88.52); 270(157.66); 271(813.77); 272(597.42); 273(507.94); 274(854.0); 275(964.34); 276(358.25); 277(614.32); 278(942.8); 279(464.66); 280(677.4); 281(84.03); 282(645.31); 283(408.19); 284(313.99); 285(853.93); 286(831.37); 287(242.03); 288(931.09); 289(141.5); 290(630.88); 291(105.09); 292(732.33); 293(3.12); 294(191.63); 295(707.1); 296(359.69); 297(412.17); 298(254.19); 299(729.46); 300(521.58); 301(335.95); 302(320.58); 303(473.35); 304(736.81); 305(264.1); 306(733.1); 307(312.69); 308(236.12); 309(578.84); 310(877.19); 311(656.0); 312(488.87); 313(430.08); 314(841.67); 315(159.71); 316(310.69); 317(187.45); 318(512.55); 319(66.24); 320(956.9); 321(963.77); 322(717.91); 323(457.24); 324(971.5); 325(844.24); 326(60.98); 327(984.41); 328(519.65); 329(943.66); 330(141.26); 331(743.49); 332(883.37); 333(362.69); 334(867.75); 335(837.1); 336(711.61); 337(133.69); 338(943.85); 339(850.42); 340(932.55); 341(52.91); 342(630.76); 343(702.87); 344(883.58); 345(289.37); 346(264.25); 347(723.03); 348(870.29); 349(69.6); 350(952.38); 351(849.64); 352(378.97); 353(238.97); 354(436.52); 355(563.01); 356(149.58); 357(742.98); 358(227.53); 359(86.34); 360(449.78); 361(446.9); 362(785.9); 363(846.04); 364(407.97); 365(319.64); 366(997.6); 367(456.73); 368(607.58); 369(353.31); 370(273.46); 371(757.19); 372(11.45); 373(386.07); 374(765.65); 375(813.74); 376(237.2); 377(443.18); 378(615.64); 379(576.34); 380(225.96); 381(347.6); 382(91.85); 383(747.05); 384(580.5); 385(296.26); 386(289.72); 387(12.98); 388(477.77); 389(959.56); 390(730.65); 391(505.36); 392(124.22); 393(258.18); 394(256.17); 395(766.91); 396(201.01); 397(49.89); 398(524.38); 399(941.37); 400(405.88); 401(367.07); 402(797.79); 403(747.92); 404(718.86); 405(109.84); 406(841.55); 407(845.03); 408(795.59); 409(750.95); 410(419.35); 411(494.21); 412(815.75); 413(423.03); 414(178.66); 415(470.46); 416(349.3); 417(611.6); 418(771.2); 419(293.66); 420(743.79); 421(441.08); 422(885.77); 423(421.12); 424(508.91); 425(772.2); 426(988.63); 427(894.47); 428(41.83); 429(240.41); 430(434.88); 431(888.04); 432(414.17); 433(432.79); 434(342.95); 435(845.77); 436(609.14); 437(434.04); 438(356.19); 439(848.08); 440(697.77); 441(170.07); 442(650.58); 443(751.45); 444(663.15); 445(702.2); 446(933.58); 447(552.25); 448(436.69); 449(455.78); 450(168.29); 451(239.8); 452(477.56); 453(21.11); 454(859.92); 455(510.42); 456(898.22); 457(974.95); 458(295.22); 459(176.84); 460(626.1); 461(220.83); 462(762.82); 463(781.75); 464(301.12); 465(710.15); 466(5.91); 467(303.51); 468(543.85); 469(50.0); 470(540.9); 471(198.11); 472(549.18); 473(565.03); 474(723.7); 475(767.92); 476(238.53); 477(824.43); 478(934.37); 479(689.84); 480(198.82); 481(512.72); 482(571.24); 483(423.06); 484(504.88); 485(621.87); 486(818.66); 487(749.39); 488(512.52); 489(868.16); 490(870.99); 491(633.05); 492(935.89); 493(111.67); 494(441.18); 495(558.46); 496(108.46); 497(580.38); 498(710.91); 499(948.85),1
59,0(591.61); 1(813.07); 2(101.93); 3(754.32); 4(52.6); 5(111.8); 6(718.61); 7(342.1); 8(448.26); 9(161.51); 10(986.89); 11(546.91); 12(559.37); 13(361.93); 14(992.85); 15(128.23); 16(775.63); 17(687.13); 18(532.25); 19(241.83); 20(586.39); 21(775.66); 22(512.02); 23(790.3); 24(422.99); 25(361.06); 26(600.99); 27(148.88); 28(463.06); 29(337.16); 30(751.97); 31(175.41); 32(107.99); 33(987.69); 34(240.8); 35(674.47); 36(403.84); 37(919.43); 38(995.67); 39(935.4); 40(213.52); 41(805.2); 42(216.68); 43(40.99); 44(227.18); 45(189.1); 46(58.12); 47(701.6); 48(341.89); 49(177.56); 50(979.68); 51(841.59); 52(443.61); 53(32.48); 54(180.82); 55(503.33); 56(665.7); 57(614.96); 58(86.24); 60(315.75); 61(515.03); 62(601.71); 63(851.9); 64(804.47); 65(763.14); 66(789.33); 67(357.63); 68(637.9); 69(633.9); 70(207.49); 71(706.74); 72(899.53); 73(434.29); 74(676.21); 75(283.29); 76(482.35); 77(202.7); 78(163.45); 79(870.73); 80(587.15); 81(32.8); 82(95.97); 83(663.28); 84(22.5); 85(832.42); 86(157.75); 87(721.13); 88(853.03); 89(935.89); 90(869.94); 91(527.79); 92(551.99); 93(64.8); 94(910.19); 95(566.32); 96(912.27); 97(741.8); 98(249.66); 99(876.91); 100(776.27); 101(775.74); 102(175.51); 103(972.42); 104(44.59); 105(68.08); 106(583.09); 107(19.76); 108(691.51); 109(478.15); 110(240.45); 111(552.76); 112(807.39); 113(492.23); 114(464.37); 115(211.1); 116(270.16); 117(611.07); 118(193.38); 119(122.95); 120(135.52); 121(47.32); 122(189.68); 123(780.89); 124(653.1); 125(170.18); 126(115.08); 127(422.32); 128(481.08); 129(474.0); 130(332.0); 131(757.74); 132(80.63); 133(274.46); 134(693.01); 135(824.82); 136(522.66); 137(552.87); 138(128.86); 139(800.41); 140(777.69); 141(483.45); 142(199.56); 143(575.49); 144(986.45); 145(993.04); 146(488.31); 147(203.83); 148(14.0); 149(864.49); 150(655.16); 151(635.7); 152(448.59); 153(480.71); 154(369.06); 155(409.67); 156(106.0); 157(207.36); 158(453.14); 159(51.19); 160(507.87); 161(266.76); 162(775.72); 163(841.44); 164(855.67); 165(191.98); 166(376.15); 167(671.09); 168(699.13); 169(475.15); 170(517.19); 171(451.09); 172(222.98); 173(521.11); 174(560.22); 175(499.6); 176(274.69); 177(402.08); 178(926.18); 179(110.56); 180(779.62); 181(408.74); 182(616.26); 183(698.84); 184(721.94); 185(503.84); 186(364.55); 187(913.97); 188(131.92); 189(138.98); 190(884.97); 191(274.86); 192(602.23); 193(836.54); 194(412.27); 195(617.65); 196(24.83); 197(872.24); 198(457.45); 199(105.94); 200(82.35); 201(162.21); 202(194.96); 203(256.65); 204(900.55); 205(470.61); 206(266.3); 207(463.03); 208(654.45); 209(508.33); 210(619.23); 211(224.69); 212(579.8); 213(579.5); 214(178.86); 215(916.56); 216(420.13); 217(836.63); 218(452.35); 219(984.37); 220(609.06); 221(984.57); 222(269.32); 223(230.8); 224(797.6); 225(579.96); 226(487.45); 227(552.05); 228(326.98); 229(573.04); 230(76.05); 231(43.2); 232(515.27); 233(597.07); 234(596.33); 235(558.9); 236(524.21); 237(935.55); 238(392.38); 239(804.09); 240(416.15); 241(787.49); 242(138.32); 243(597.45); 244(300.02); 245(700.34); 246(695.6); 247(984.53); 248(500.17); 249(690.51); 250(534.33); 251(215.72); 252(574.0); 253(350.17); 254(234.74); 255(355.91); 256(230.31); 257(949.11); 258(258.37); 259(308.72); 260(701.33); 261(519.6); 262(546.79); 263(343.7); 264(651.5); 265(693.88); 266(979.95); 267(182.86); 268(271.71); 269(575.01); 270(282.95); 271(86.9); 272(793.04); 273(240.7); 274(704.27); 275(813.71); 276(605.15); 277(759.41); 278(200.45); 279(793.06); 280(410.84); 281(337.65); 282(888.42); 283(787.28); 284(56.84); 285(335.56); 286(762.08); 287(434.45); 288(236.32); 289(39.47); 290(778.03); 291(440.97); 292(169.64); 293(857.43); 294(328.03); 295(446.22); 296(823.91); 297(67.44); 298(322.44); 299(951.95); 300(394.32); 301(412.94); 302(188.22); 303(960.68); 304(75.09); 305(316.44); 306(991.68); 307(271.7); 308(541.53); 309(101.95); 310(629.92); 311(761.63); 312(236.17); 313(8.78); 314(527.78); 315(904.17); 316(601.06); 317(108.84); 318(221.95); 319(286.38); 320(950.86); 321(182.21); 322(800.43); 323(731.5); 324(439.97); 325(362.2); 326(817.05); 327(332.52); 328(425.73); 329(829.6); 330(908.0); 331(209.65); 332(182.91); 333(645.4); 334(581.75); 335(162.16); 336(693.38); 337(388.58); 338(295.06); 339(581.71); 340(829.27); 341(358.2); 342(676.64); 343(848.46); 344(410.09); 345(233.7); 346(637.08); 347(146.36); 348(90.53); 349(254.68); 350(846.53); 351(383.42); 352(836.77); 353(459.68); 354(917.56); 355(984.98); 356(121.23); 357(304.95); 358(906.95); 359(922.76); 360(363.06); 361(924.2); 362(784.58); 363(779.85); 364(941.14); 365(467.53); 366(342.32); 367(819.44); 368(59.41); 369(689.59); 370(183.44); 371(723.33); 372(730.68); 373(922.62); 374(905.93); 375(280.52); 376(712.42); 377(602.96); 378(884.87); 379(331.32); 380(851.6); 381(201.77); 382(977.28); 383(88.45); 384(117.98); 385(466.06); 386(805.4); 387(559.34); 388(586.36); 389(696.59); 390(315.19); 391(323.91); 392(894.63); 393(762.58); 394(271.64); 395(951.98); 396(536.45); 397(800.66); 398(145.4); 399(965.15); 400(125.93); 401(555.76); 402(328.38); 403(565.97); 404(160.77); 405(615.27); 406(442.46); 407(531.54); 408(892.43); 409(529.26); 410(513.1); 411(675.9); 412(384.71); 413(192.86); 414(490.59); 415(644.5); 416(659.11); 417(938.44); 418(479.86); 419(855.19); 420(849.59); 421(604.92); 422(131.57); 423(942.78); 424(168.26); 425(723.69); 426(145.04); 427(581.62); 428(338.97); 429(899.3); 430(960.98); 431(544.28); 432(26.2); 433(582.02); 434(931.42); 435(74.48); 436(933.57); 437(971.69); 438(772.5); 439(149.35); 440(20.79); 441(414.67); 442(933.31); 443(753.53); 444(658.76); 445(632.11); 446(288.87); 447(432.45); 448(210.85); 449(593.04); 450(383.83); 451(724.62); 452(278.3); 453(838.74); 454(555.33); 455(112.61); 456(48.73); 457(157.07); 458(633.01); 459(183.41); 460(645.91); 461(970.55); 462(350.26); 463(753.49); 464(746.26); 465(987.5); 466(937.23); 467(471.83); 468(128.58); 469(94.36); 470(786.16); 471(830.69); 472(269.77); 473(992.87); 474(784.74); 475(724.13); 476(924.02); 477(630.05); 478(250.2); 479(597.41); 480(168.75); 481(363.66); 482(648.34); 483(948.09); 484(89.97); 485(43.63); 486(352.67); 487(51.86); 488(509.7); 489(453.46); 490(247.96); 491(169.15); 492(912.96); 493(326.42); 494(11.69); 495(580.62); 496(3.45); 497(971.0); 498(353.86); 499(628.85),1
60,0(532.56); 1(720.45); 2(501.57); 3(451.7); 4(998.4); 5(920.6); 6(673.68); 7(564.28); 8(804.18); 9(193.24); 10(158.87); 11(744.28); 12(91.76); 13(801.81); 14(926.44); 15(673.01); 16(518.38); 17(238.46); 18(300.12); 19(698.23); 20(543.35); 21(949.56); 22(776.88); 23(359.35); 24(223.58); 25(530.51); 26(528.06); 27(176.18); 28(609.72); 29(307.23); 30(224.5); 31(32.15); 32(789.27); 33(935.96); 34(438.9); 35(534.59); 36(894.69); 37(723.8); 38(422.31); 39(908.45); 40(768.53); 41(85.35); 42(957.58); 43(943.28); 44(95.35); 45(896.55); 46(437.77); 47(710.07); 48(241.8); 49(926.88); 50(178.45); 51(88.81); 52(777.49); 53(716.52); 54(127.74); 55(963.95); 56(321.79); 57(990.87); 58(999.41); 59(315.75); 61(996.7); 62(860.22); 63(33.12); 64(818.09); 65(478.36); 66(571.21); 67(601.64); 68(687.43); 69(154.96); 70(596.87); 71(527.18); 72(195.18); 73(408.43); 74(554.9); 75(640.8); 76(576.69); 77(428.94); 78(518.04); 79(207.5); 80(460.71); 81(976.34); 82(832.34); 83(541.32); 84(968.51); 85(469.54); 86(370.69); 87(480.88); 88(579.93); 89(491.06); 90(232.31); 91(46.11); 92(189.71); 93(408.24); 94(828.01); 95(133.38); 96(427.02); 97(173.45); 98(732.56); 99(394.8); 100(972.65); 101(59.07); 102(331.15); 103(201.2); 104(14.95); 105(951.1); 106(513.74); 107(180.81); 108(517.48); 109(501.67); 110(793.37); 111(388.78); 112(276.19); 113(346.19); 114(950.86); 115(931.02); 116(408.42); 117(37.77); 118(129.5); 119(501.56); 120(365.59); 121(421.97); 122(2.42); 123(701.35); 124(464.12); 125(352.95); 126(470.86); 127(661.98); 128(929.26); 129(16.04); 130(966.75); 131(633.9); 132(300.51); 133(483.92); 134(200.93); 135(511.3); 136(566.47); 137(152.97); 138(862.51); 139(937.25); 140(425.74); 141(974.35); 142(761.92); 143(192.81); 144(953.13); 145(375.29); 146(725.05); 147(264.03); 148(462.16); 149(15.33); 150(557.42); 151(562.84); 152(79.44); 153(549.56); 154(333.48); 155(352.77); 156(531.58); 157(491.68); 158(736.45); 159(809.9); 160(197.43); 161(366.91); 162(394.96); 163(446.63); 164(996.2); 165(217.22); 166(408.45); 167(655.44); 168(522.12); 169(535.31); 170(141.9); 171(180.99); 172(185.13); 173(961.66); 174(830.11); 175(206.72); 176(680.62); 177(829.16); 178(333.28); 179(40.92); 180(832.47); 181(649.53); 182(782.09); 183(942.9); 184(420.42); 185(519.62); 186(529.47); 187(350.34); 188(323.81); 189(816.21); 190(660.1); 191(998.52); 192(166.56); 193(874.91); 194(858.7); 195(803.76); 196(891.98); 197(598.85); 198(360.07); 199(629.55); 200(899.79); 201(566.01); 202(381.15); 203(212.23); 204(66.55); 205(193.19); 206(755.89); 207(810.87); 208(640.77); 209(821.03); 210(343.46); 211(643.89); 212(557.5); 213(967.61); 214(883.82); 215(940.6); 216(360.02); 217(614.64); 218(43.24); 219(935.61); 220(67.45); 221(818.54); 222(175.09); 223(458.4); 224(58.04); 225(944.67); 226(109.55); 227(21.39); 228(763.76); 229(106.29); 230(594.14); 231(228.44); 232(924.53); 233(763.68); 234(259.05); 235(269.63); 236(19.49); 237(484.59); 238(355.54); 239(454.23); 240(930.86); 241(513.66); 242(447.26); 243(246.64); 244(110.07); 245(589.26); 246(909.96); 247(619.17); 248(340.82); 249(882.51); 250(41.42); 251(883.92); 252(453.04); 253(451.11); 254(193.04); 255(973.34); 256(251.17); 257(351.53); 258(607.94); 259(197.59); 260(399.75); 261(1.78); 262(386.85); 263(841.55); 264(517.56); 265(404.74); 266(846.55); 267(532.27); 268(74.92); 269(291.16); 270(587.89); 271(919.35); 272(268.54); 273(885.46); 274(80.19); 275(887.88); 276(308.73); 277(730.68); 278(676.43); 279(390.56); 280(63.41); 281(159.83); 282(837.65); 283(32.99); 284(632.11); 285(489.24); 286(535.84); 287(456.79); 288(345.03); 289(535.94); 290(940.18); 291(942.7); 292(754.52); 293(448.07); 294(846.12); 295(455.08); 296(485.24); 297(997.71); 298(327.17); 299(733.31); 300(651.42); 301(269.21); 302(13.13); 303(976.68); 304(256.02); 305(405.33); 306(489.6); 307(55.03); 308(277.93); 309(685.35); 310(649.32); 311(665.98); 312(811.86); 313(958.91); 314(929.17); 315(813.0); 316(116.91); 317(885.1); 318(813.92); 319(985.54); 320(68.72); 321(48.78); 322(141.58); 323(220.75); 324(289.24); 325(715.36); 326(629.2); 327(91.58); 328(180.0); 329(370.44); 330(377.19); 331(805.25); 332(714.12); 333(814.33); 334(770.26); 335(387.45); 336(875.3); 337(891.37); 338(866.52); 339(130.96); 340(92.75); 341(239.56); 342(927.99); 343(656.99); 344(430.41); 345(151.15); 346(551.31); 347(559.51); 348(108.73); 349(204.02); 350(812.83); 351(374.39); 352(884.13); 353(111.95); 354(965.13); 355(67.93); 356(560.97); 357(809.91); 358(529.77); 359(468.42); 360(570.91); 361(193.16); 362(199.32); 363(487.49); 364(616.33); 365(708.38); 366(43.24); 367(712.09); 368(662.33); 369(878.54); 370(617.0); 371(853.46); 372(760.1); 373(62.98); 374(24.5); 375(941.05); 376(489.22); 377(823.85); 378(209.68); 379(158.97); 380(711.57); 381(309.93); 382(665.66); 383(340.96); 384(7.85); 385(751.85); 386(753.94); 387(935.71); 388(351.1); 389(868.28); 390(846.79); 391(408.59); 392(428.26); 393(617.57); 394(743.98); 395(394.72); 396(57.04); 397(436.24); 398(526.49); 399(977.55); 400(375.95); 401(371.12); 402(452.55); 403(119.61); 404(58.07); 405(515.6); 406(934.18); 407(253.26); 408(541.78); 409(991.71); 410(435.91); 411(500.91); 412(898.71); 413(196.02); 414(1.58); 415(974.31); 416(80.68); 417(497.9); 418(504.61); 419(992.26); 420(870.32); 421(679.87); 422(998.86); 423(720.63); 424(585.42); 425(404.88); 426(709.62); 427(649.24); 428(565.74); 429(432.25); 430(615.13); 431(770.39); 432(877.12); 433(946.72); 434(970.86); 435(492.78); 436(352.49); 437(966.25); 438(698.16); 439(19.86); 440(464.79); 441(704.01); 442(251.7); 443(477.31); 444(480.21); 445(757.34); 446(261.39); 447(10.51); 448(792.81); 449(224.8); 450(337.51); 451(790.71); 452(89.65); 453(564.19); 454(612.51); 455(735.53); 456(997.48); 457(518.72); 458(629.82); 459(893.81); 460(483.45); 461(222.01); 462(62.34); 463(11.81); 464(369.18); 465(366.21); 466(365.73); 467(697.18); 468(150.69); 469(965.04); 470(561.23); 471(389.89); 472(112.33); 473(677.87); 474(0.98); 475(966.12); 476(171.27); 477(911.21); 478(972.38); 479(420.29); 480(237.96); 481(888.6); 482(725.45); 483(96.45); 484(100.4); 485(406.18); 486(496.39); 487(909.19); 488(881.34); 489(618.6); 490(449.38); 491(69.04); 492(837.43); 493(4.54); 494(154.5); 495(225.98); 496(600.01); 497(215.91); 498(607.7); 499(152.71),1
61,0(279.01); 1(536.57); 2(219.34); 3(149.57); 4(313.21); 5(854.72); 6(498.85); 7(332.46); 8(10.24); 9(918.35); 10(114.78); 11(561.12); 12(253.34); 13(100.16); 14(859.8); 15(395.84); 16(267.68); 17(365.08); 18(283.02); 19(676.97); 20(141.71); 21(174.29); 22(821.11); 23(891.7); 24(660.08); 25(910.85); 26(686.82); 27(2.87); 28(506.36); 29(617.16); 30(506.67); 31(417.95); 32(963.39); 33(401.72); 34(363.71); 35(707.0); 36(639.62); 37(834.09); 38(323.23); 39(317.86); 40(956.1); 41(780.44); 42(250.62); 43(67.93); 44(856.57); 45(25.85); 46(471.83); 47(899.83); 48(342.94); 49(500.81); 50(282.15); 51(149.03); 52(304.45); 53(792.62); 54(402.19); 55(776.58); 56(413.16); 57(474.26); 58(355.33); 59(515.03); 60(996.7); 62(304.48); 63(798.16); 64(922.99); 65(968.95); 66(945.22); 67(57.99); 68(298.85); 69(82.05); 70(879.19); 71(409.03); 72(4.13); 73(426.57); 74(808.45); 75(369.49); 76(146.5); 77(782.27); 78(364.07); 79(658.46); 80(911.02); 81(467.73); 82(23.7); 83(751.5); 84(318.73); 85(146.52); 86(509.86); 87(996.95); 88(834.34); 89(843.34); 90(946.33); 91(419.14); 92(75.38); 93(462.24); 94(208.96); 95(480.98); 96(328.8); 97(602.22); 98(900.92); 99(638.81); 100(605.95); 101(850.95); 102(84.89); 103(94.64); 104(795.58); 105(61.32); 106(26.94); 107(90.55); 108(302.69); 109(446.39); 110(581.71); 111(580.89); 112(846.65); 113(387.07); 114(945.96); 115(335.98); 116(824.0); 117(156.51); 118(592.54); 119(745.79); 120(122.01); 121(512.04); 122(814.06); 123(489.51); 124(570.98); 125(950.61); 126(297.35); 127(229.76); 128(752.51); 129(503.13); 130(913.66); 131(313.34); 132(414.79); 133(620.52); 134(819.4); 135(147.36); 136(322.59); 137(372.66); 138(335.24); 139(341.88); 140(454.38); 141(162.49); 142(476.91); 143(4.01); 144(330.47); 145(660.57); 146(105.4); 147(192.87); 148(125.25); 149(480.36); 150(815.94); 151(814.17); 152(278.7); 153(488.42); 154(527.39); 155(637.81); 156(359.28); 157(634.04); 158(526.03); 159(264.09); 160(129.82); 161(369.85); 162(248.5); 163(211.97); 164(835.84); 165(757.12); 166(669.75); 167(657.59); 168(51.13); 169(452.42); 170(884.86); 171(6.89); 172(342.11); 173(501.57); 174(157.14); 175(54.05); 176(128.67); 177(542.04); 178(769.38); 179(349.23); 180(331.12); 181(784.11); 182(495.69); 183(116.38); 184(196.05); 185(728.22); 186(894.92); 187(681.09); 188(868.02); 189(196.52); 190(208.1); 191(383.41); 192(174.69); 193(122.23); 194(268.65); 195(541.93); 196(25.23); 197(405.75); 198(319.25); 199(241.76); 200(554.11); 201(444.9); 202(44.38); 203(363.38); 204(290.42); 205(843.18); 206(211.26); 207(495.03); 208(314.96); 209(507.59); 210(591.48); 211(769.74); 212(734.17); 213(559.43); 214(638.1); 215(905.2); 216(257.56); 217(304.73); 218(39.05); 219(305.45); 220(482.8); 221(278.84); 222(806.31); 223(344.27); 224(854.23); 225(248.29); 226(185.34); 227(956.93); 228(34.13); 229(660.35); 230(319.51); 231(471.82); 232(343.31); 233(984.85); 234(22.21); 235(735.71); 236(864.81); 237(114.24); 238(495.39); 239(862.44); 240(776.31); 241(154.03); 242(743.59); 243(700.85); 244(533.04); 245(520.93); 246(742.28); 247(537.78); 248(719.62); 249(615.53); 250(540.19); 251(946.94); 252(992.56); 253(25.54); 254(862.73); 255(345.58); 256(173.7); 257(837.91); 258(562.43); 259(501.42); 260(220.37); 261(412.6); 262(764.27); 263(864.2); 264(642.8); 265(975.39); 266(901.21); 267(65.74); 268(560.37); 269(94.45); 270(441.57); 271(413.15); 272(686.84); 273(132.17); 274(373.78); 275(20.73); 276(683.01); 277(904.74); 278(693.96); 279(377.91); 280(685.12); 281(989.65); 282(273.46); 283(633.66); 284(25.29); 285(392.25); 286(127.78); 287(470.77); 288(142.63); 289(74.56); 290(863.02); 291(81.71); 292(838.06); 293(214.62); 294(338.62); 295(735.35); 296(931.2); 297(918.92); 298(815.64); 299(419.8); 300(57.88); 301(533.11); 302(854.99); 303(502.6); 304(564.66); 305(189.74); 306(326.22); 307(560.87); 308(259.28); 309(250.55); 310(408.78); 311(976.0); 312(312.49); 313(644.81); 314(987.51); 315(291.0); 316(565.44); 317(853.25); 318(589.22); 319(553.76); 320(870.54); 321(542.5); 322(884.7); 323(863.54); 324(805.53); 325(101.75); 326(796.36); 327(950.41); 328(622.89); 329(30.88); 330(661.93); 331(702.57); 332(414.38); 333(581.6); 334(767.27); 335(83.18); 336(823.85); 337(615.61); 338(447.3); 339(383.35); 340(666.11); 341(491.02); 342(456.35); 343(858.4); 344(481.91); 345(244.1); 346(525.37); 347(697.03); 348(151.64); 349(504.15); 350(323.81); 351(357.44); 352(50.1); 353(632.46); 354(482.55); 355(214.72); 356(250.74); 357(403.76); 358(384.37); 359(55.85); 360(830.88); 361(58.05); 362(779.18); 363(731.86); 364(753.43); 365(27.96); 366(973.07); 367(506.29); 368(658.51); 369(826.07); 370(465.69); 371(503.85); 372(186.51); 373(968.13); 374(495.58); 375(652.69); 376(777.93); 377(568.08); 378(408.71); 379(149.1); 380(924.91); 381(976.81); 382(500.45); 383(125.65); 384(773.89); 385(387.25); 386(936.02); 387(326.22); 388(829.0); 389(572.79); 390(623.56); 391(613.3); 392(898.86); 393(54.92); 394(494.36); 395(118.51); 396(949.99); 397(715.78); 398(685.43); 399(773.59); 400(835.11); 401(469.67); 402(29.32); 403(339.59); 404(788.4); 405(979.39); 406(210.05); 407(528.33); 408(294.14); 409(837.14); 410(103.04); 411(985.74); 412(380.78); 413(462.43); 414(182.64); 415(137.44); 416(198.0); 417(500.16); 418(661.57); 419(117.87); 420(582.5); 421(723.15); 422(576.06); 423(843.84); 424(517.11); 425(369.97); 426(269.81); 427(80.48); 428(43.95); 429(849.22); 430(681.01); 431(965.49); 432(830.48); 433(270.05); 434(669.14); 435(0.63); 436(144.59); 437(402.21); 438(938.23); 439(181.82); 440(744.32); 441(40.24); 442(353.08); 443(148.99); 444(239.21); 445(606.83); 446(969.4); 447(457.76); 448(318.33); 449(169.57); 450(402.2); 451(378.54); 452(765.97); 453(371.81); 454(664.55); 455(138.34); 456(483.76); 457(62.66); 458(498.93); 459(513.26); 460(787.18); 461(714.45); 462(534.31); 463(335.42); 464(690.29); 465(311.75); 466(583.07); 467(55.88); 468(851.9); 469(752.13); 470(927.23); 471(484.94); 472(151.93); 473(412.29); 474(784.24); 475(832.23); 476(675.35); 477(9.81); 478(604.78); 479(392.43); 480(59.35); 481(548.3); 482(442.06); 483(682.8); 484(443.41); 485(550.35); 486(919.34); 487(753.12); 488(363.13); 489(254.79); 490(958.83); 491(499.38); 492(631.49); 493(356.03); 494(55.98); 495(451.8); 496(998.18); 497(167.14); 498(631.79); 499(711.52),1
62,0(54.44); 1(719.65); 2(971.44); 3(963.59); 4(855.81); 5(161.58); 6(959.78); 7(488.63); 8(91.65); 9(86.52); 10(912.69); 11(214.98); 12(892.26); 13(558.54); 14(92.12); 15(872.32); 16(838.28); 17(97.59); 18(270.97); 19(490.79); 20(433.07); 21(197.66); 22(85.51); 23(281.22); 24(538.85); 25(557.03); 26(344.41); 27(517.52); 28(594.21); 29(157.44); 30(303.47); 31(448.05); 32(465.45); 33(601.73); 34(412.94); 35(82.88); 36(164.51); 37(347.67); 38(124.92); 39(834.39); 40(851.02); 41(203.09); 42(804.57); 43(558.39); 44(646.98); 45(866.38); 46(521.33); 47(821.25); 48(428.46); 49(476.89); 50(551.64); 51(910.94); 52(414.21); 53(517.95); 54(130.75); 55(93.77); 56(804.41); 57(57.74); 58(429.99); 59(601.71); 60(860.22); 61(304.48); 63(591.61); 64(204.34); 65(712.92); 66(414.68); 67(227.62); 68(147.25); 69(235.68); 70(122.5); 71(620.95); 72(491.34); 73(305.12); 74(26.99); 75(777.29); 76(500.93); 77(430.1); 78(441.24); 79(5.06); 80(24.21); 81(318.7); 82(471.5); 83(720.23); 84(847.78); 85(878.05); 86(539.31); 87(851.01); 88(373.57); 89(293.6); 90(976.05); 91(833.04); 92(385.04); 93(102.34); 94(163.73); 95(207.5); 96(147.81); 97(555.77); 98(470.5); 99(368.78); 100(666.59); 101(190.97); 102(91.77); 103(473.71); 104(701.31); 105(225.17); 106(666.92); 107(116.7); 108(433.08); 109(94.66); 110(645.02); 111(958.66); 112(805.14); 113(144.05); 114(573.75); 115(568.0); 116(196.29); 117(898.79); 118(496.77); 119(844.41); 120(592.33); 121(197.39); 122(3.73); 123(701.34); 124(813.14); 125(926.47); 126(21.95); 127(363.27); 128(621.42); 129(768.97); 130(778.1); 131(985.26); 132(800.44); 133(339.16); 134(53.23); 135(572.07); 136(847.58); 137(65.87); 138(748.3); 139(158.56); 140(511.71); 141(859.68); 142(421.44); 143(59.78); 144(452.8); 145(154.36); 146(147.16); 147(158.65); 148(706.38); 149(882.5); 150(122.8); 151(164.37); 152(434.08); 153(877.36); 154(361.38); 155(693.93); 156(951.53); 157(572.53); 158(938.41); 159(824.68); 160(115.26); 161(839.1); 162(59.57); 163(586.65); 164(864.93); 165(206.65); 166(37.22); 167(432.09); 168(667.92); 169(74.82); 170(207.04); 171(24.74); 172(982.95); 173(138.56); 174(896.89); 175(306.25); 176(583.61); 177(7.99); 178(45.35); 179(440.69); 180(604.85); 181(435.11); 182(583.5); 183(380.04); 184(687.72); 185(219.83); 186(626.67); 187(694.27); 188(396.44); 189(432.6); 190(729.11); 191(843.76); 192(258.96); 193(296.33); 194(362.66); 195(956.12); 196(372.23); 197(269.01); 198(979.76); 199(591.34); 200(384.79); 201(587.34); 202(904.66); 203(522.11); 204(864.61); 205(226.13); 206(730.65); 207(612.2); 208(30.2); 209(927.69); 210(431.74); 211(764.99); 212(245.9); 213(469.57); 214(463.9); 215(529.58); 216(653.48); 217(653.6); 218(473.17); 219(12.13); 220(117.77); 221(964.19); 222(739.55); 223(676.8); 224(767.26); 225(178.92); 226(377.03); 227(807.95); 228(668.54); 229(844.07); 230(604.51); 231(580.64); 232(395.84); 233(867.28); 234(838.45); 235(355.84); 236(149.46); 237(815.45); 238(590.84); 239(939.73); 240(871.11); 241(408.41); 242(452.59); 243(681.63); 244(914.26); 245(35.42); 246(52.69); 247(3.06); 248(62.82); 249(877.73); 250(330.86); 251(735.4); 252(212.13); 253(190.73); 254(211.75); 255(446.13); 256(715.73); 257(382.82); 258(463.15); 259(631.33); 260(885.21); 261(143.35); 262(998.43); 263(760.19); 264(81.44); 265(644.93); 266(137.16); 267(705.87); 268(671.9); 269(404.0); 270(991.27); 271(376.63); 272(560.58); 273(724.92); 274(225.9); 275(675.87); 276(727.58); 277(345.28); 278(688.39); 279(523.0); 280(273.81); 281(530.65); 282(6.51); 283(811.75); 284(908.08); 285(861.56); 286(779.79); 287(664.22); 288(187.04); 289(11.71); 290(465.27); 291(266.64); 292(514.31); 293(65.87); 294(327.34); 295(282.82); 296(379.01); 297(810.61); 298(909.67); 299(356.31); 300(907.87); 301(893.17); 302(752.81); 303(782.49); 304(284.22); 305(218.92); 306(148.92); 307(152.48); 308(306.22); 309(446.76); 310(407.74); 311(96.48); 312(520.21); 313(708.93); 314(909.32); 315(479.67); 316(861.33); 317(631.16); 318(156.97); 319(171.05); 320(371.66); 321(838.89); 322(153.91); 323(324.16); 324(507.84); 325(348.54); 326(90.19); 327(703.78); 328(660.82); 329(371.61); 330(563.79); 331(169.15); 332(249.19); 333(259.24); 334(50.43); 335(946.84); 336(369.9); 337(127.22); 338(931.84); 339(751.98); 340(432.0); 341(647.14); 342(876.72); 343(625.32); 344(540.27); 345(235.51); 346(438.55); 347(945.95); 348(601.52); 349(382.52); 350(654.66); 351(686.09); 352(616.7); 353(454.02); 354(208.61); 355(58.21); 356(684.31); 357(883.67); 358(610.69); 359(619.61); 360(705.41); 361(43.48); 362(189.66); 363(913.54); 364(73.65); 365(985.37); 366(353.92); 367(486.93); 368(515.82); 369(841.43); 370(492.01); 371(640.31); 372(477.1); 373(362.23); 374(820.06); 375(160.64); 376(713.47); 377(573.14); 378(263.09); 379(12.22); 380(538.34); 381(406.19); 382(415.35); 383(131.88); 384(652.81); 385(165.84); 386(275.6); 387(266.42); 388(912.46); 389(302.74); 390(885.14); 391(286.8); 392(76.47); 393(863.4); 394(571.02); 395(130.5); 396(948.77); 397(233.63); 398(309.15); 399(558.22); 400(208.55); 401(851.91); 402(45.65); 403(769.12); 404(522.47); 405(778.77); 406(320.41); 407(698.26); 408(257.35); 409(772.42); 410(905.59); 411(429.17); 412(499.74); 413(274.55); 414(482.68); 415(865.38); 416(975.91); 417(821.93); 418(798.57); 419(923.98); 420(571.99); 421(480.8); 422(898.89); 423(778.74); 424(704.8); 425(487.1); 426(806.55); 427(244.19); 428(798.86); 429(371.35); 430(477.76); 431(505.74); 432(137.81); 433(851.57); 434(171.99); 435(132.79); 436(929.01); 437(602.93); 438(365.63); 439(478.9); 440(454.02); 441(768.3); 442(71.67); 443(633.39); 444(932.09); 445(853.25); 446(953.8); 447(193.35); 448(133.99); 449(254.5); 450(280.94); 451(12.85); 452(5.22); 453(249.86); 454(145.52); 455(493.07); 456(412.26); 457(863.3); 458(346.82); 459(679.23); 460(683.23); 461(527.16); 462(337.42); 463(119.78); 464(980.41); 465(716.98); 466(142.23); 467(689.04); 468(948.14); 469(922.64); 470(840.61); 471(573.81); 472(62.92); 473(38.71); 474(584.76); 475(66.05); 476(224.5); 477(734.69); 478(954.08); 479(512.22); 480(974.77); 481(427.75); 482(839.11); 483(622.51); 484(636.64); 485(902.15); 486(305.4); 487(744.78); 488(44.08); 489(563.79); 490(333.82); 491(68.88); 492(905.68); 493(689.61); 494(100.64); 495(255.4); 496(135.7); 497(644.8); 498(933.21); 499(84.75),1
63,0(156.56); 1(800.8); 2(69.66); 3(485.1); 4(171.35); 5(715.18); 6(288.54); 7(949.31); 8(415.93); 9(804.73); 10(641.07); 11(126.69); 12(466.12); 13(966.37); 14(992.59); 15(59.0); 16(733.12); 17(330.22); 18(944.2); 19(208.04); 20(400.99); 21(141.53); 22(983.84); 23(320.89); 24(704.25); 25(234.91); 26(720.01); 27(991.41); 28(709.73); 29(171.49); 30(174.21); 31(117.37); 32(902.0); 33(465.83); 34(296.34); 35(486.24); 36(678.71); 37(825.43); 38(821.17); 39(256.73); 40(926.31); 41(813.1); 42(250.62); 43(430.59); 44(479.3); 45(995.51); 46(144.78); 47(899.81); 48(81.03); 49(813.76); 50(116.75); 51(500.0); 52(223.52); 53(771.75); 54(547.09); 55(332.24); 56(910.83); 57(699.8); 58(891.15); 59(851.9); 60(33.12); 61(798.16); 62(591.61); 64(848.02); 65(401.23); 66(421.88); 67(562.47); 68(700.28); 69(683.33); 70(455.12); 71(246.33); 72(791.94); 73(670.0); 74(286.2); 75(207.32); 76(776.32); 77(655.22); 78(885.63); 79(972.06); 80(609.85); 81(308.72); 82(459.42); 83(848.31); 84(508.28); 85(956.01); 86(47.29); 87(689.57); 88(921.98); 89(394.28); 90(53.07); 91(95.06); 92(219.31); 93(678.46); 94(847.61); 95(901.76); 96(782.93); 97(311.63); 98(775.4); 99(671.43); 100(598.47); 101(829.86); 102(908.96); 103(249.29); 104(655.36); 105(190.38); 106(515.06); 107(803.75); 108(769.59); 109(98.48); 110(667.07); 111(740.52); 112(930.72); 113(812.8); 114(855.78); 115(600.75); 116(72.06); 117(952.44); 118(732.67); 119(596.67); 120(847.31); 121(58.58); 122(392.1); 123(823.93); 124(155.61); 125(191.96); 126(479.19); 127(679.47); 128(268.82); 129(817.2); 130(217.08); 131(428.14); 132(632.27); 133(170.26); 134(260.23); 135(818.53); 136(763.03); 137(424.73); 138(973.07); 139(775.49); 140(364.74); 141(141.02); 142(672.12); 143(654.21); 144(184.32); 145(312.84); 146(599.73); 147(539.52); 148(122.02); 149(16.3); 150(913.05); 151(25.56); 152(688.39); 153(276.14); 154(82.92); 155(478.26); 156(166.49); 157(544.11); 158(791.98); 159(855.32); 160(568.53); 161(998.74); 162(874.94); 163(191.54); 164(38.34); 165(345.46); 166(958.89); 167(213.78); 168(554.36); 169(75.81); 170(364.74); 171(683.11); 172(207.7); 173(549.26); 174(395.36); 175(514.61); 176(178.56); 177(894.78); 178(532.34); 179(845.34); 180(17.15); 181(101.0); 182(417.65); 183(219.28); 184(262.15); 185(889.56); 186(970.28); 187(15.63); 188(242.23); 189(433.13); 190(831.23); 191(373.67); 192(397.19); 193(822.02); 194(940.25); 195(808.26); 196(551.89); 197(268.31); 198(809.17); 199(972.55); 200(245.4); 201(535.27); 202(165.82); 203(157.44); 204(143.08); 205(487.52); 206(809.64); 207(184.48); 208(178.46); 209(261.41); 210(231.65); 211(155.78); 212(936.03); 213(612.98); 214(657.99); 215(108.96); 216(396.86); 217(41.16); 218(127.22); 219(418.52); 220(313.11); 221(656.15); 222(112.58); 223(882.24); 224(974.98); 225(775.2); 226(37.05); 227(666.31); 228(21.65); 229(832.54); 230(982.54); 231(136.23); 232(879.34); 233(380.11); 234(573.99); 235(468.85); 236(775.32); 237(404.41); 238(63.0); 239(838.35); 240(343.53); 241(249.08); 242(676.76); 243(197.64); 244(865.92); 245(18.41); 246(858.66); 247(317.18); 248(698.45); 249(593.09); 250(319.17); 251(832.83); 252(778.79); 253(175.28); 254(852.05); 255(677.88); 256(359.39); 257(458.51); 258(377.46); 259(429.29); 260(712.09); 261(167.04); 262(498.73); 263(259.95); 264(207.93); 265(530.76); 266(326.0); 267(336.4); 268(415.66); 269(595.46); 270(659.95); 271(237.79); 272(272.5); 273(673.33); 274(449.81); 275(638.37); 276(168.91); 277(867.71); 278(742.52); 279(825.05); 280(814.11); 281(595.29); 282(267.83); 283(630.13); 284(209.41); 285(629.52); 286(64.65); 287(316.6); 288(781.66); 289(220.02); 290(878.97); 291(524.45); 292(719.14); 293(182.15); 294(655.85); 295(15.7); 296(480.64); 297(623.57); 298(351.1); 299(490.29); 300(886.02); 301(516.77); 302(508.2); 303(243.29); 304(718.23); 305(724.3); 306(399.78); 307(402.25); 308(121.57); 309(444.43); 310(390.66); 311(702.95); 312(14.38); 313(904.58); 314(585.47); 315(404.81); 316(29.21); 317(752.89); 318(417.85); 319(82.21); 320(871.48); 321(530.12); 322(482.58); 323(862.54); 324(571.49); 325(419.47); 326(980.45); 327(604.38); 328(194.3); 329(660.41); 330(799.55); 331(22.02); 332(626.15); 333(662.51); 334(675.77); 335(108.77); 336(430.5); 337(447.43); 338(719.27); 339(552.1); 340(397.09); 341(796.94); 342(775.45); 343(460.81); 344(35.84); 345(595.01); 346(932.56); 347(6.53); 348(809.05); 349(251.17); 350(392.27); 351(385.17); 352(409.76); 353(691.74); 354(777.76); 355(342.5); 356(565.55); 357(359.13); 358(8.54); 359(884.99); 360(508.84); 361(338.11); 362(281.13); 363(22.75); 364(354.31); 365(403.64); 366(726.8); 367(676.3); 368(257.66); 369(699.92); 370(471.73); 371(723.62); 372(783.39); 373(432.86); 374(779.22); 375(804.3); 376(922.17); 377(678.46); 378(879.04); 379(572.52); 380(263.18); 381(990.91); 382(276.5); 383(131.86); 384(797.58); 385(958.74); 386(983.13); 387(974.9); 388(390.88); 389(183.69); 390(661.73); 391(710.82); 392(777.91); 393(880.54); 394(428.51); 395(576.37); 396(169.83); 397(586.44); 398(630.9); 399(259.71); 400(143.74); 401(90.49); 402(297.25); 403(835.46); 404(748.23); 405(201.27); 406(438.98); 407(541.37); 408(115.85); 409(307.3); 410(486.22); 411(576.06); 412(880.31); 413(627.01); 414(126.07); 415(857.71); 416(874.29); 417(219.47); 418(136.12); 419(439.34); 420(607.41); 421(424.55); 422(115.75); 423(236.15); 424(145.71); 425(947.79); 426(102.83); 427(486.12); 428(235.08); 429(528.66); 430(62.77); 431(592.21); 432(81.5); 433(841.26); 434(938.61); 435(829.87); 436(663.66); 437(446.64); 438(295.53); 439(516.69); 440(155.11); 441(632.93); 442(486.12); 443(108.94); 444(351.22); 445(568.42); 446(831.46); 447(997.06); 448(120.68); 449(993.19); 450(942.27); 451(213.54); 452(585.51); 453(125.54); 454(662.5); 455(631.74); 456(2.97); 457(527.69); 458(584.65); 459(533.86); 460(584.62); 461(223.62); 462(588.88); 463(547.42); 464(554.25); 465(76.86); 466(466.48); 467(436.95); 468(860.52); 469(752.27); 470(316.25); 471(746.02); 472(429.45); 473(810.28); 474(752.47); 475(730.39); 476(483.5); 477(951.45); 478(890.12); 479(131.12); 480(764.75); 481(725.94); 482(692.94); 483(242.83); 484(426.94); 485(330.58); 486(397.1); 487(371.05); 488(94.71); 489(559.72); 490(793.47); 491(911.06); 492(869.26); 493(252.13); 494(397.45); 495(184.17); 496(595.31); 497(867.27); 498(46.06); 499(972.2),1
64,0(714.29); 1(366.06); 2(372.66); 3(397.83); 4(684.74); 5(858.31); 6(801.85); 7(406.31); 8(623.23); 9(159.07); 10(415.82); 11(785.95); 12(523.21); 13(450.2); 14(40.39); 15(870.22); 16(997.99); 17(148.58); 18(65.44); 19(10.24); 20(764.17); 21(481.05); 22(466.81); 23(159.19); 24(962.29); 25(172.27); 26(190.63); 27(909.25); 28(752.09); 29(813.05); 30(714.3); 31(765.45); 32(70.63); 33(413.38); 34(732.02); 35(479.15); 36(624.82); 37(522.63); 38(41.94); 39(837.08); 40(86.21); 41(892.41); 42(821.48); 43(922.26); 44(84.11); 45(997.61); 46(847.22); 47(509.91); 48(564.78); 49(402.98); 50(649.29); 51(417.78); 52(560.0); 53(251.4); 54(574.26); 55(611.84); 56(527.87); 57(802.11); 58(318.61); 59(804.47); 60(818.09); 61(922.99); 62(204.34); 63(848.02); 65(278.59); 66(243.68); 67(10.11); 68(723.29); 69(860.79); 70(381.68); 71(119.45); 72(409.66); 73(323.58); 74(405.04); 75(132.75); 76(837.26); 77(968.9); 78(434.92); 79(486.53); 80(104.53); 81(262.49); 82(760.84); 83(563.38); 84(608.79); 85(334.03); 86(491.84); 87(698.63); 88(592.67); 89(646.44); 90(63.54); 91(623.25); 92(310.56); 93(590.13); 94(336.11); 95(439.35); 96(77.86); 97(712.68); 98(371.46); 99(772.11); 100(283.08); 101(756.35); 102(226.5); 103(167.27); 104(620.0); 105(772.17); 106(121.05); 107(358.7); 108(406.71); 109(96.71); 110(187.14); 111(417.86); 112(167.97); 113(592.2); 114(299.79); 115(1.96); 116(47.0); 117(578.07); 118(779.0); 119(638.51); 120(366.58); 121(129.54); 122(635.62); 123(927.58); 124(188.12); 125(22.35); 126(847.97); 127(281.64); 128(620.84); 129(290.82); 130(356.2); 131(193.7); 132(516.71); 133(699.46); 134(478.18); 135(801.15); 136(577.06); 137(375.51); 138(650.85); 139(340.88); 140(926.37); 141(977.04); 142(414.83); 143(350.35); 144(494.98); 145(574.91); 146(356.67); 147(484.04); 148(571.87); 149(681.38); 150(549.4); 151(451.98); 152(343.84); 153(231.98); 154(295.19); 155(478.84); 156(218.68); 157(450.88); 158(336.99); 159(455.31); 160(88.01); 161(96.82); 162(303.79); 163(349.15); 164(769.95); 165(356.27); 166(74.22); 167(437.42); 168(704.29); 169(339.05); 170(893.31); 171(136.65); 172(256.66); 173(804.15); 174(404.91); 175(352.87); 176(135.47); 177(137.56); 178(294.23); 179(44.24); 180(398.22); 181(628.82); 182(405.82); 183(430.5); 184(244.95); 185(302.06); 186(166.83); 187(159.66); 188(870.63); 189(795.92); 190(559.83); 191(173.58); 192(811.83); 193(65.97); 194(681.85); 195(347.11); 196(933.25); 197(494.25); 198(834.89); 199(937.36); 200(2.25); 201(704.24); 202(823.8); 203(296.84); 204(434.07); 205(600.74); 206(644.34); 207(121.29); 208(649.13); 209(943.44); 210(548.64); 211(288.71); 212(305.8); 213(889.91); 214(426.78); 215(248.8); 216(724.31); 217(852.44); 218(339.12); 219(782.7); 220(473.17); 221(361.15); 222(329.28); 223(469.71); 224(663.36); 225(517.19); 226(901.98); 227(855.93); 228(484.5); 229(643.96); 230(267.52); 231(861.96); 232(589.67); 233(360.36); 234(620.63); 235(321.49); 236(565.26); 237(714.66); 238(971.07); 239(883.66); 240(391.9); 241(481.19); 242(817.09); 243(243.74); 244(72.35); 245(316.21); 246(536.84); 247(665.26); 248(123.38); 249(163.11); 250(782.01); 251(141.52); 252(849.71); 253(412.29); 254(333.34); 255(61.21); 256(882.53); 257(160.05); 258(128.28); 259(584.0); 260(395.02); 261(181.9); 262(838.65); 263(206.84); 264(181.31); 265(955.93); 266(784.04); 267(599.11); 268(343.37); 269(688.87); 270(591.96); 271(28.08); 272(80.24); 273(585.81); 274(197.81); 275(131.44); 276(179.27); 277(985.22); 278(93.23); 279(104.07); 280(269.03); 281(503.97); 282(334.18); 283(263.75); 284(448.12); 285(144.13); 286(24.74); 287(982.73); 288(466.04); 289(635.03); 290(171.77); 291(283.2); 292(195.16); 293(250.04); 294(389.76); 295(624.22); 296(551.99); 297(463.35); 298(478.19); 299(186.11); 300(327.97); 301(347.3); 302(16.55); 303(886.07); 304(812.43); 305(40.12); 306(13.11); 307(494.08); 308(263.18); 309(205.95); 310(224.89); 311(501.54); 312(181.29); 313(147.62); 314(842.98); 315(801.52); 316(709.95); 317(224.89); 318(842.53); 319(610.08); 320(550.49); 321(26.15); 322(368.61); 323(809.58); 324(266.3); 325(262.68); 326(659.49); 327(687.42); 328(165.33); 329(698.0); 330(410.79); 331(442.47); 332(938.42); 333(283.48); 334(565.04); 335(720.75); 336(902.55); 337(570.34); 338(726.75); 339(220.6); 340(933.32); 341(298.84); 342(201.59); 343(891.66); 344(365.57); 345(577.73); 346(869.98); 347(589.82); 348(605.05); 349(533.19); 350(304.99); 351(815.02); 352(859.14); 353(855.6); 354(959.98); 355(242.54); 356(518.44); 357(343.98); 358(340.83); 359(643.12); 360(146.29); 361(814.43); 362(702.43); 363(618.57); 364(537.25); 365(587.95); 366(650.57); 367(121.96); 368(590.83); 369(384.34); 370(688.72); 371(835.68); 372(904.69); 373(424.04); 374(949.25); 375(756.57); 376(162.15); 377(681.7); 378(746.19); 379(986.18); 380(387.66); 381(723.12); 382(862.33); 383(17.05); 384(500.55); 385(383.47); 386(540.73); 387(228.09); 388(97.7); 389(363.48); 390(100.1); 391(3.42); 392(246.24); 393(639.01); 394(753.87); 395(728.13); 396(20.98); 397(575.07); 398(417.57); 399(210.94); 400(289.35); 401(507.46); 402(619.62); 403(284.85); 404(693.69); 405(5.84); 406(558.29); 407(440.97); 408(182.01); 409(96.59); 410(588.82); 411(524.54); 412(499.75); 413(829.3); 414(750.45); 415(861.68); 416(483.53); 417(799.07); 418(726.28); 419(276.2); 420(550.25); 421(357.66); 422(926.19); 423(726.0); 424(730.59); 425(135.37); 426(432.85); 427(405.41); 428(316.5); 429(368.88); 430(356.91); 431(490.87); 432(580.4); 433(594.98); 434(865.86); 435(432.37); 436(85.65); 437(112.65); 438(211.82); 439(812.44); 440(615.03); 441(549.66); 442(90.5); 443(497.17); 444(339.45); 445(885.04); 446(878.09); 447(678.72); 448(491.0); 449(750.08); 450(191.56); 451(865.6); 452(881.91); 453(812.82); 454(565.81); 455(244.22); 456(630.15); 457(632.91); 458(255.93); 459(861.15); 460(963.77); 461(277.91); 462(537.49); 463(178.22); 464(334.8); 465(500.08); 466(786.2); 467(754.89); 468(651.9); 469(657.53); 470(349.85); 471(612.4); 472(415.14); 473(208.85); 474(378.95); 475(121.39); 476(228.3); 477(362.14); 478(417.33); 479(822.27); 480(34.64); 481(277.58); 482(24.46); 483(841.21); 484(828.69); 485(851.07); 486(570.73); 487(529.04); 488(580.46); 489(714.34); 490(0.13); 491(265.01); 492(500.63); 493(838.09); 494(982.95); 495(676.36); 496(890.42); 497(559.13); 498(464.49); 499(356.0),1
65,0(122.21); 1(224.58); 2(917.2); 3(433.65); 4(924.89); 5(757.43); 6(189.19); 7(994.98); 8(68.72); 9(283.16); 10(694.55); 11(514.17); 12(619.34); 13(404.35); 14(206.96); 15(152.16); 16(45.2); 17(283.22); 18(718.79); 19(272.45); 20(950.03); 21(916.32); 22(537.6); 23(697.33); 24(852.2); 25(17.52); 26(415.96); 27(805.99); 28(721.2); 29(636.85); 30(520.95); 31(273.88); 32(138.98); 33(807.52); 34(771.4); 35(14.23); 36(917.82); 37(887.28); 38(126.85); 39(493.06); 40(488.25); 41(163.71); 42(238.05); 43(459.98); 44(298.83); 45(330.57); 46(917.47); 47(167.91); 48(911.53); 49(879.24); 50(526.5); 51(396.04); 52(454.78); 53(479.11); 54(921.24); 55(94.84); 56(202.82); 57(675.32); 58(621.08); 59(763.14); 60(478.36); 61(968.95); 62(712.92); 63(401.23); 64(278.59); 66(598.21); 67(807.73); 68(702.37); 69(327.37); 70(0.81); 71(420.11); 72(485.23); 73(961.67); 74(361.53); 75(121.53); 76(329.69); 77(781.2); 78(274.36); 79(204.14); 80(894.64); 81(427.65); 82(464.29); 83(845.95); 84(393.72); 85(571.71); 86(239.12); 87(920.42); 88(247.99); 89(231.27); 90(784.66); 91(544.55); 92(25.77); 93(701.86); 94(174.94); 95(388.3); 96(14.07); 97(225.62); 98(36.14); 99(568.35); 100(789.94); 101(653.42); 102(451.38); 103(127.46); 104(56.32); 105(196.71); 106(995.76); 107(144.99); 108(843.99); 109(912.24); 110(811.61); 111(898.66); 112(607.87); 113(21.04); 114(726.54); 115(684.87); 116(77.64); 117(363.46); 118(256.23); 119(62.87); 120(657.39); 121(934.37); 122(907.27); 123(901.43); 124(184.13); 125(602.72); 126(166.93); 127(379.52); 128(753.87); 129(181.99); 130(31.35); 131(13.62); 132(509.13); 133(492.04); 134(963.17); 135(240.71); 136(629.73); 137(189.33); 138(103.21); 139(209.71); 140(183.46); 141(476.23); 142(969.72); 143(418.54); 144(246.45); 145(335.26); 146(566.69); 147(308.46); 148(146.8); 149(940.71); 150(123.75); 151(644.46); 152(505.43); 153(254.16); 154(111.2); 155(88.46); 156(233.84); 157(867.28); 158(395.74); 159(96.32); 160(696.05); 161(400.34); 162(981.93); 163(257.49); 164(457.61); 165(774.28); 166(409.3); 167(92.8); 168(956.86); 169(394.44); 170(776.14); 171(507.31); 172(391.46); 173(10.55); 174(870.25); 175(269.03); 176(471.58); 177(333.1); 178(492.23); 179(836.73); 180(450.1); 181(87.89); 182(764.57); 183(476.79); 184(436.66); 185(55.05); 186(714.46); 187(570.92); 188(11.66); 189(266.92); 190(349.72); 191(688.17); 192(249.99); 193(822.13); 194(457.67); 195(234.99); 196(222.51); 197(507.71); 198(623.2); 199(599.97); 200(798.14); 201(984.75); 202(759.6); 203(789.54); 204(887.9); 205(157.97); 206(855.98); 207(516.31); 208(48.53); 209(884.5); 210(728.65); 211(207.01); 212(303.0); 213(15.4); 214(601.14); 215(92.09); 216(984.67); 217(912.8); 218(619.46); 219(769.02); 220(110.52); 221(928.46); 222(962.37); 223(712.82); 224(543.55); 225(785.61); 226(245.28); 227(917.04); 228(664.81); 229(814.73); 230(738.69); 231(843.61); 232(958.44); 233(840.95); 234(286.66); 235(338.64); 236(547.58); 237(61.27); 238(352.74); 239(675.81); 240(559.32); 241(145.89); 242(389.67); 243(835.06); 244(482.86); 245(903.72); 246(745.69); 247(69.55); 248(205.97); 249(157.72); 250(997.48); 251(541.47); 252(101.83); 253(552.5); 254(90.48); 255(985.57); 256(129.96); 257(949.37); 258(124.51); 259(767.25); 260(951.38); 261(513.24); 262(545.82); 263(330.93); 264(551.8); 265(581.48); 266(799.84); 267(847.79); 268(132.77); 269(474.97); 270(518.62); 271(226.47); 272(732.47); 273(642.83); 274(868.03); 275(571.19); 276(23.37); 277(297.13); 278(652.97); 279(726.22); 280(771.15); 281(245.19); 282(468.51); 283(146.63); 284(581.86); 285(853.69); 286(805.82); 287(760.11); 288(608.16); 289(851.56); 290(694.76); 291(698.5); 292(527.98); 293(101.53); 294(710.19); 295(473.64); 296(58.57); 297(324.58); 298(705.45); 299(293.0); 300(973.53); 301(806.01); 302(390.66); 303(110.46); 304(960.59); 305(696.27); 306(316.41); 307(555.71); 308(546.0); 309(593.74); 310(658.77); 311(240.42); 312(369.74); 313(603.39); 314(192.97); 315(538.08); 316(263.29); 317(590.5); 318(924.14); 319(525.02); 320(923.08); 321(576.03); 322(575.85); 323(723.2); 324(69.35); 325(233.3); 326(75.79); 327(781.28); 328(973.95); 329(397.11); 330(433.27); 331(58.86); 332(37.17); 333(648.34); 334(836.8); 335(779.01); 336(482.83); 337(458.03); 338(821.45); 339(379.49); 340(485.83); 341(468.25); 342(672.31); 343(298.59); 344(306.37); 345(853.42); 346(314.91); 347(801.38); 348(736.53); 349(936.02); 350(866.52); 351(392.58); 352(565.51); 353(548.19); 354(659.49); 355(411.44); 356(516.77); 357(855.14); 358(279.31); 359(237.26); 360(809.71); 361(998.12); 362(86.1); 363(400.43); 364(978.44); 365(825.83); 366(49.45); 367(486.17); 368(108.54); 369(355.27); 370(785.53); 371(676.98); 372(915.76); 373(129.46); 374(683.55); 375(954.62); 376(635.75); 377(481.31); 378(408.17); 379(907.93); 380(838.3); 381(704.54); 382(565.39); 383(837.75); 384(575.66); 385(787.96); 386(237.93); 387(649.49); 388(875.9); 389(735.94); 390(639.29); 391(672.55); 392(762.25); 393(788.53); 394(639.65); 395(328.26); 396(51.09); 397(974.04); 398(982.43); 399(749.08); 400(467.55); 401(762.26); 402(158.12); 403(230.82); 404(359.84); 405(398.01); 406(445.73); 407(620.37); 408(407.67); 409(553.75); 410(615.23); 411(544.95); 412(988.12); 413(160.92); 414(4.81); 415(222.83); 416(744.39); 417(783.56); 418(852.42); 419(860.75); 420(45.9); 421(110.58); 422(958.75); 423(994.42); 424(386.05); 425(943.21); 426(572.47); 427(569.54); 428(361.97); 429(347.69); 430(546.22); 431(940.38); 432(21.61); 433(671.93); 434(946.21); 435(781.92); 436(670.16); 437(104.93); 438(662.71); 439(880.46); 440(508.76); 441(699.8); 442(99.8); 443(894.94); 444(364.53); 445(344.29); 446(313.6); 447(578.87); 448(1.53); 449(682.8); 450(381.92); 451(49.4); 452(663.3); 453(58.5); 454(191.56); 455(594.6); 456(556.16); 457(641.4); 458(495.85); 459(325.64); 460(248.44); 461(671.61); 462(461.61); 463(341.38); 464(521.7); 465(573.15); 466(331.83); 467(458.05); 468(582.52); 469(167.2); 470(242.07); 471(307.94); 472(43.73); 473(786.36); 474(992.32); 475(266.79); 476(121.76); 477(147.51); 478(34.58); 479(785.53); 480(46.77); 481(728.23); 482(271.97); 483(603.2); 484(70.13); 485(428.33); 486(478.41); 487(127.64); 488(153.36); 489(786.28); 490(123.4); 491(697.39); 492(797.43); 493(94.13); 494(804.46); 495(425.1); 496(990.73); 497(117.63); 498(798.02); 499(486.02),1
66,0(750.26); 1(588.19); 2(472.31); 3(949.65); 4(325.7); 5(765.68); 6(646.68); 7(673.32); 8(975.83); 9(279.29); 10(126.92); 11(981.22); 12(584.45); 13(528.44); 14(948.79); 15(432.87); 16(857.31); 17(478.21); 18(766.42); 19(662.54); 20(306.09); 21(407.58); 22(83.42); 23(472.28); 24(782.61); 25(88.37); 26(334.04); 27(359.5); 28(98.79); 29(669.42); 30(473.53); 31(216.71); 32(226.69); 33(966.7); 34(566.73); 35(580.58); 36(895.57); 37(30.67); 38(803.28); 39(955.14); 40(139.74); 41(332.81); 42(113.06); 43(278.84); 44(27.74); 45(203.82); 46(961.62); 47(358.8); 48(895.78); 49(634.22); 50(729.09); 51(176.13); 52(916.92); 53(482.33); 54(393.32); 55(140.82); 56(414.88); 57(672.72); 58(400.01); 59(789.33); 60(571.21); 61(945.22); 62(414.68); 63(421.88); 64(243.68); 65(598.21); 67(665.49); 68(787.59); 69(342.49); 70(382.42); 71(529.8); 72(730.63); 73(771.07); 74(906.28); 75(509.27); 76(287.89); 77(264.3); 78(277.31); 79(971.62); 80(732.42); 81(144.38); 82(139.63); 83(265.94); 84(846.83); 85(924.03); 86(897.18); 87(374.16); 88(664.64); 89(568.99); 90(136.05); 91(865.62); 92(583.23); 93(287.44); 94(272.44); 95(694.38); 96(983.38); 97(86.03); 98(773.54); 99(311.5); 100(531.4); 101(272.89); 102(162.71); 103(405.81); 104(91.54); 105(156.13); 106(352.99); 107(313.74); 108(246.83); 109(263.8); 110(689.89); 111(402.38); 112(65.12); 113(718.59); 114(971.61); 115(278.93); 116(442.68); 117(623.8); 118(648.09); 119(785.12); 120(891.96); 121(907.27); 122(248.87); 123(964.81); 124(113.63); 125(416.61); 126(989.93); 127(620.14); 128(299.55); 129(86.95); 130(118.34); 131(424.24); 132(109.2); 133(696.78); 134(575.87); 135(216.73); 136(782.55); 137(398.19); 138(451.6); 139(232.76); 140(652.27); 141(688.54); 142(426.0); 143(724.2); 144(291.7); 145(762.42); 146(966.29); 147(395.8); 148(253.6); 149(732.97); 150(968.33); 151(268.05); 152(949.71); 153(812.74); 154(468.13); 155(59.21); 156(963.99); 157(179.69); 158(498.43); 159(383.08); 160(566.61); 161(959.93); 162(573.8); 163(375.95); 164(257.95); 165(856.61); 166(502.68); 167(803.0); 168(866.36); 169(263.28); 170(553.82); 171(88.19); 172(452.89); 173(528.62); 174(874.92); 175(390.38); 176(697.08); 177(790.39); 178(851.62); 179(172.4); 180(875.7); 181(249.31); 182(513.9); 183(92.18); 184(27.72); 185(750.03); 186(373.89); 187(471.65); 188(683.78); 189(669.55); 190(851.66); 191(489.15); 192(0.38); 193(468.58); 194(577.52); 195(367.89); 196(496.3); 197(105.19); 198(390.34); 199(77.39); 200(325.37); 201(291.4); 202(147.23); 203(100.61); 204(992.01); 205(61.1); 206(821.28); 207(258.02); 208(582.32); 209(56.35); 210(559.97); 211(514.42); 212(862.35); 213(293.71); 214(609.22); 215(177.98); 216(830.89); 217(871.26); 218(408.93); 219(684.72); 220(379.93); 221(611.0); 222(485.38); 223(304.02); 224(951.91); 225(623.2); 226(640.99); 227(261.83); 228(30.41); 229(603.52); 230(426.35); 231(194.99); 232(869.64); 233(206.25); 234(538.18); 235(973.3); 236(223.02); 237(778.85); 238(505.37); 239(832.99); 240(978.57); 241(20.31); 242(976.72); 243(210.78); 244(520.83); 245(505.06); 246(578.47); 247(44.24); 248(917.37); 249(822.87); 250(289.83); 251(610.22); 252(441.79); 253(112.36); 254(846.55); 255(16.64); 256(434.75); 257(887.21); 258(377.88); 259(899.25); 260(671.49); 261(574.85); 262(925.48); 263(516.03); 264(657.69); 265(127.96); 266(492.17); 267(619.37); 268(917.12); 269(342.34); 270(423.28); 271(555.01); 272(604.0); 273(856.0); 274(850.78); 275(32.55); 276(422.4); 277(216.34); 278(386.52); 279(147.87); 280(497.62); 281(766.94); 282(599.04); 283(256.79); 284(985.47); 285(755.76); 286(730.19); 287(453.55); 288(534.01); 289(208.99); 290(398.65); 291(9.42); 292(55.49); 293(279.99); 294(600.49); 295(347.75); 296(637.04); 297(607.73); 298(306.6); 299(929.82); 300(267.51); 301(501.28); 302(761.5); 303(806.31); 304(901.85); 305(910.6); 306(361.47); 307(184.28); 308(771.9); 309(895.53); 310(761.24); 311(310.91); 312(468.0); 313(631.13); 314(49.99); 315(553.92); 316(182.35); 317(591.4); 318(59.48); 319(95.53); 320(131.71); 321(674.06); 322(506.99); 323(393.67); 324(977.44); 325(237.04); 326(833.14); 327(30.43); 328(900.36); 329(996.89); 330(942.86); 331(110.66); 332(970.94); 333(590.05); 334(836.91); 335(964.23); 336(815.22); 337(377.2); 338(696.88); 339(343.93); 340(352.36); 341(774.54); 342(293.38); 343(345.53); 344(447.29); 345(67.64); 346(439.05); 347(975.64); 348(192.29); 349(513.58); 350(985.89); 351(282.86); 352(301.75); 353(212.24); 354(455.37); 355(707.04); 356(796.69); 357(207.93); 358(252.39); 359(129.49); 360(543.7); 361(606.64); 362(753.42); 363(205.8); 364(109.35); 365(495.38); 366(382.62); 367(34.08); 368(303.74); 369(609.21); 370(938.33); 371(913.01); 372(419.09); 373(182.4); 374(749.73); 375(665.98); 376(171.04); 377(299.45); 378(642.51); 379(880.95); 380(642.8); 381(662.02); 382(821.48); 383(22.69); 384(890.16); 385(395.64); 386(892.47); 387(195.22); 388(729.02); 389(552.18); 390(927.46); 391(764.15); 392(648.04); 393(410.29); 394(237.12); 395(133.03); 396(116.25); 397(288.97); 398(955.0); 399(480.92); 400(196.54); 401(488.3); 402(965.14); 403(836.67); 404(849.71); 405(844.72); 406(709.22); 407(642.78); 408(638.07); 409(292.06); 410(10.12); 411(980.01); 412(544.79); 413(285.37); 414(899.51); 415(458.62); 416(130.37); 417(609.56); 418(2.23); 419(389.24); 420(700.16); 421(453.59); 422(419.01); 423(67.22); 424(836.92); 425(885.3); 426(66.85); 427(151.04); 428(500.31); 429(478.93); 430(408.71); 431(757.83); 432(362.33); 433(119.0); 434(500.8); 435(371.46); 436(987.67); 437(558.96); 438(691.03); 439(826.26); 440(405.35); 441(188.78); 442(379.74); 443(758.23); 444(362.98); 445(737.13); 446(60.92); 447(752.23); 448(890.46); 449(603.29); 450(425.49); 451(703.24); 452(40.67); 453(506.23); 454(404.19); 455(893.42); 456(365.34); 457(443.03); 458(955.08); 459(101.45); 460(31.44); 461(70.04); 462(458.99); 463(421.84); 464(703.76); 465(34.06); 466(747.67); 467(280.05); 468(403.11); 469(333.78); 470(67.44); 471(34.77); 472(400.01); 473(27.34); 474(862.95); 475(737.42); 476(83.73); 477(673.68); 478(298.74); 479(888.17); 480(385.14); 481(928.82); 482(202.06); 483(702.0); 484(984.84); 485(174.82); 486(890.24); 487(707.55); 488(459.24); 489(106.75); 490(579.59); 491(427.65); 492(494.14); 493(199.17); 494(736.38); 495(239.87); 496(367.43); 497(323.49); 498(427.08); 499(995.25),1
67,0(777.54); 1(562.99); 2(935.02); 3(23.73); 4(910.07); 5(929.17); 6(371.24); 7(466.73); 8(512.27); 9(782.8); 10(503.45); 11(995.81); 12(964.73); 13(425.73); 14(227.09); 15(359.31); 16(366.73); 17(767.37); 18(378.18); 19(51.86); 20(132.41); 21(30.13); 22(96.58); 23(185.53); 24(998.13); 25(462.23); 26(171.95); 27(66.1); 28(589.82); 29(544.22); 30(569.91); 31(618.22); 32(126.32); 33(646.2); 34(139.56); 35(752.26); 36(513.7); 37(639.1); 38(307.97); 39(546.8); 40(143.76); 41(721.75); 42(279.31); 43(427.05); 44(613.5); 45(246.96); 46(133.91); 47(763.26); 48(914.88); 49(967.79); 50(927.69); 51(532.62); 52(265.03); 53(582.58); 54(141.39); 55(656.68); 56(240.33); 57(54.41); 58(154.62); 59(357.63); 60(601.64); 61(57.99); 62(227.62); 63(562.47); 64(10.11); 65(807.73); 66(665.49); 68(801.78); 69(434.03); 70(72.43); 71(851.11); 72(307.9); 73(974.87); 74(601.07); 75(212.79); 76(101.22); 77(529.56); 78(304.94); 79(997.8); 80(896.16); 81(2.06); 82(364.88); 83(649.51); 84(39.08); 85(449.53); 86(331.74); 87(748.39); 88(298.88); 89(985.59); 90(210.82); 91(87.6); 92(347.44); 93(367.56); 94(770.73); 95(313.22); 96(937.12); 97(104.43); 98(244.26); 99(999.84); 100(58.21); 101(811.02); 102(90.75); 103(710.38); 104(533.41); 105(626.24); 106(788.29); 107(84.34); 108(904.54); 109(324.64); 110(539.88); 111(34.06); 112(208.25); 113(250.75); 114(162.61); 115(521.05); 116(849.15); 117(893.92); 118(437.64); 119(984.38); 120(362.43); 121(429.22); 122(514.93); 123(663.66); 124(641.2); 125(879.17); 126(742.46); 127(180.09); 128(251.25); 129(911.12); 130(204.01); 131(155.8); 132(914.44); 133(361.75); 134(275.74); 135(513.17); 136(505.76); 137(89.09); 138(326.94); 139(445.62); 140(571.55); 141(417.99); 142(641.72); 143(994.32); 144(7.42); 145(459.43); 146(582.4); 147(890.96); 148(473.35); 149(456.78); 150(417.26); 151(935.02); 152(613.52); 153(324.22); 154(545.45); 155(855.4); 156(162.32); 157(282.27); 158(124.71); 159(166.59); 160(359.82); 161(467.9); 162(777.01); 163(78.79); 164(503.05); 165(731.16); 166(351.24); 167(809.16); 168(517.78); 169(470.89); 170(101.84); 171(339.94); 172(787.51); 173(383.14); 174(666.46); 175(140.33); 176(931.99); 177(948.89); 178(92.45); 179(181.79); 180(679.58); 181(39.05); 182(822.63); 183(785.13); 184(511.03); 185(640.65); 186(676.1); 187(933.6); 188(701.25); 189(53.11); 190(108.86); 191(637.47); 192(754.66); 193(668.99); 194(495.42); 195(913.02); 196(464.19); 197(290.14); 198(791.68); 199(631.59); 200(483.32); 201(542.73); 202(804.94); 203(940.86); 204(549.0); 205(510.98); 206(644.82); 207(283.9); 208(117.17); 209(993.79); 210(311.95); 211(548.32); 212(745.83); 213(46.03); 214(140.45); 215(274.48); 216(472.06); 217(303.17); 218(49.96); 219(358.1); 220(507.4); 221(198.59); 222(193.56); 223(689.18); 224(27.13); 225(652.54); 226(762.78); 227(887.05); 228(406.28); 229(911.93); 230(258.21); 231(837.8); 232(934.64); 233(401.03); 234(152.12); 235(114.84); 236(280.32); 237(613.37); 238(304.04); 239(394.84); 240(746.54); 241(667.52); 242(988.18); 243(641.77); 244(587.29); 245(34.43); 246(470.86); 247(296.36); 248(706.54); 249(693.2); 250(358.46); 251(165.11); 252(986.27); 253(376.96); 254(206.09); 255(59.01); 256(228.29); 257(553.93); 258(830.97); 259(787.85); 260(3.98); 261(316.51); 262(170.43); 263(830.51); 264(473.99); 265(387.43); 266(98.52); 267(890.92); 268(730.07); 269(64.59); 270(270.4); 271(849.56); 272(340.49); 273(624.0); 274(402.81); 275(602.5); 276(154.06); 277(326.86); 278(71.59); 279(852.93); 280(601.4); 281(365.05); 282(383.99); 283(616.89); 284(206.25); 285(962.87); 286(14.22); 287(334.54); 288(50.12); 289(3.11); 290(810.03); 291(44.16); 292(478.91); 293(244.41); 294(935.4); 295(864.17); 296(379.36); 297(832.87); 298(70.91); 299(777.72); 300(788.29); 301(956.18); 302(418.84); 303(706.9); 304(470.08); 305(448.55); 306(477.87); 307(264.2); 308(153.57); 309(904.02); 310(415.64); 311(320.4); 312(569.84); 313(367.71); 314(453.78); 315(342.77); 316(891.12); 317(89.71); 318(386.7); 319(333.37); 320(404.91); 321(11.9); 322(359.64); 323(286.73); 324(471.44); 325(418.65); 326(533.86); 327(174.95); 328(81.02); 329(237.46); 330(689.56); 331(529.41); 332(207.75); 333(245.98); 334(567.27); 335(96.02); 336(650.87); 337(406.96); 338(713.31); 339(288.16); 340(640.95); 341(224.24); 342(222.78); 343(811.09); 344(390.33); 345(859.38); 346(284.62); 347(46.21); 348(261.38); 349(984.13); 350(947.67); 351(901.07); 352(216.61); 353(6.14); 354(634.88); 355(900.08); 356(827.58); 357(573.48); 358(738.17); 359(0.9); 360(804.53); 361(870.68); 362(40.55); 363(500.97); 364(617.99); 365(493.01); 366(83.02); 367(337.58); 368(631.85); 369(76.23); 370(899.85); 371(135.35); 372(36.57); 373(560.14); 374(179.87); 375(252.58); 376(782.65); 377(765.47); 378(213.57); 379(68.76); 380(645.44); 381(872.68); 382(359.0); 383(849.8); 384(681.37); 385(627.62); 386(313.61); 387(811.3); 388(428.56); 389(997.57); 390(455.64); 391(12.1); 392(573.15); 393(567.57); 394(510.78); 395(135.82); 396(270.44); 397(463.3); 398(832.67); 399(597.17); 400(750.29); 401(248.91); 402(779.76); 403(426.35); 404(221.69); 405(174.27); 406(814.48); 407(840.73); 408(144.83); 409(49.96); 410(556.95); 411(385.07); 412(427.29); 413(846.74); 414(958.85); 415(936.18); 416(532.4); 417(158.94); 418(41.46); 419(476.02); 420(908.88); 421(452.74); 422(142.23); 423(892.43); 424(243.91); 425(341.75); 426(666.99); 427(439.78); 428(16.87); 429(100.91); 430(535.27); 431(766.13); 432(741.98); 433(524.65); 434(863.36); 435(469.09); 436(211.35); 437(472.46); 438(659.84); 439(802.02); 440(899.45); 441(983.19); 442(723.13); 443(25.51); 444(383.92); 445(434.25); 446(961.87); 447(371.11); 448(463.88); 449(279.63); 450(56.97); 451(793.55); 452(74.97); 453(783.24); 454(952.55); 455(522.2); 456(759.48); 457(994.17); 458(409.49); 459(330.06); 460(88.12); 461(284.85); 462(701.3); 463(783.09); 464(919.85); 465(708.51); 466(506.04); 467(170.62); 468(976.12); 469(560.09); 470(336.4); 471(613.03); 472(163.44); 473(724.27); 474(762.42); 475(925.59); 476(374.18); 477(713.9); 478(193.06); 479(762.45); 480(970.45); 481(52.91); 482(417.83); 483(708.94); 484(435.65); 485(254.62); 486(971.61); 487(717.18); 488(372.69); 489(300.32); 490(110.97); 491(22.32); 492(101.9); 493(959.41); 494(544.62); 495(516.83); 496(67.65); 497(546.69); 498(748.46); 499(202.82),1
68,0(340.22); 1(146.5); 2(951.53); 3(815.82); 4(131.4); 5(459.29); 6(180.92); 7(759.77); 8(39.25); 9(648.9); 10(269.98); 11(752.75); 12(188.81); 13(734.83); 14(729.38); 15(511.28); 16(350.84); 17(826.17); 18(297.74); 19(369.47); 20(826.15); 21(147.85); 22(204.92); 23(329.71); 24(281.3); 25(313.42); 26(259.74); 27(431.37); 28(573.29); 29(707.38); 30(198.08); 31(256.17); 32(290.41); 33(896.54); 34(807.08); 35(552.63); 36(35.47); 37(212.4); 38(343.03); 39(989.05); 40(120.04); 41(499.59); 42(212.34); 43(363.64); 44(76.07); 45(758.68); 46(992.72); 47(861.95); 48(681.34); 49(482.14); 50(784.54); 51(952.49); 52(672.3); 53(785.79); 54(284.21); 55(268.89); 56(75.49); 57(259.99); 58(637.57); 59(637.9); 60(687.43); 61(298.85); 62(147.25); 63(700.28); 64(723.29); 65(702.37); 66(787.59); 67(801.78); 69(765.2); 70(375.28); 71(32.78); 72(388.93); 73(291.51); 74(690.37); 75(822.78); 76(143.73); 77(863.95); 78(293.48); 79(837.1); 80(944.94); 81(410.82); 82(774.01); 83(556.44); 84(420.7); 85(962.66); 86(561.07); 87(475.51); 88(985.42); 89(824.37); 90(145.48); 91(702.28); 92(907.76); 93(264.88); 94(868.01); 95(883.35); 96(190.75); 97(95.19); 98(755.86); 99(277.98); 100(873.72); 101(22.68); 102(227.68); 103(363.27); 104(375.36); 105(640.82); 106(565.85); 107(244.57); 108(115.32); 109(640.37); 110(763.45); 111(270.23); 112(192.28); 113(434.73); 114(460.23); 115(75.07); 116(318.96); 117(896.87); 118(231.45); 119(345.15); 120(201.69); 121(261.5); 122(39.59); 123(970.95); 124(66.12); 125(663.67); 126(624.35); 127(474.87); 128(490.74); 129(571.8); 130(319.55); 131(526.7); 132(903.53); 133(507.33); 134(761.07); 135(451.62); 136(923.27); 137(478.03); 138(482.41); 139(284.49); 140(507.54); 141(714.52); 142(442.31); 143(454.97); 144(931.34); 145(317.83); 146(862.45); 147(283.19); 148(733.35); 149(320.66); 150(457.34); 151(182.98); 152(212.39); 153(431.03); 154(249.81); 155(900.23); 156(699.57); 157(334.15); 158(676.96); 159(956.18); 160(207.84); 161(235.38); 162(435.96); 163(408.82); 164(201.3); 165(819.29); 166(380.25); 167(708.96); 168(76.51); 169(223.34); 170(545.07); 171(951.66); 172(385.68); 173(860.1); 174(769.79); 175(112.43); 176(317.02); 177(91.55); 178(498.32); 179(663.6); 180(791.22); 181(446.36); 182(951.65); 183(687.99); 184(619.2); 185(884.51); 186(318.56); 187(787.25); 188(185.5); 189(847.63); 190(208.03); 191(327.19); 192(878.76); 193(281.69); 194(968.21); 195(737.95); 196(61.67); 197(314.86); 198(387.72); 199(900.81); 200(788.87); 201(732.07); 202(780.8); 203(954.5); 204(152.42); 205(354.5); 206(685.72); 207(206.75); 208(805.78); 209(396.92); 210(535.28); 211(704.92); 212(4.43); 213(565.58); 214(297.81); 215(224.25); 216(227.39); 217(365.75); 218(504.05); 219(429.59); 220(596.76); 221(880.08); 222(62.37); 223(682.15); 224(607.49); 225(881.45); 226(561.44); 227(80.87); 228(34.77); 229(828.93); 230(512.53); 231(270.5); 232(204.47); 233(59.61); 234(785.04); 235(208.7); 236(121.95); 237(951.73); 238(938.59); 239(508.87); 240(58.54); 241(722.83); 242(96.3); 243(102.91); 244(8.82); 245(904.52); 246(602.35); 247(378.02); 248(160.48); 249(199.83); 250(303.53); 251(565.53); 252(178.86); 253(403.11); 254(58.43); 255(401.61); 256(822.11); 257(417.83); 258(16.74); 259(330.97); 260(757.29); 261(556.61); 262(816.93); 263(276.62); 264(468.38); 265(351.01); 266(640.51); 267(74.08); 268(705.16); 269(85.5); 270(257.08); 271(584.98); 272(272.29); 273(316.17); 274(469.03); 275(894.32); 276(235.05); 277(719.27); 278(669.25); 279(97.82); 280(895.15); 281(870.69); 282(82.32); 283(858.02); 284(91.5); 285(900.58); 286(477.53); 287(313.64); 288(212.33); 289(673.31); 290(357.18); 291(928.78); 292(372.14); 293(112.69); 294(657.83); 295(11.09); 296(749.12); 297(256.27); 298(779.55); 299(224.67); 300(627.31); 301(805.37); 302(29.74); 303(502.99); 304(678.26); 305(875.98); 306(268.1); 307(880.49); 308(650.21); 309(32.68); 310(904.59); 311(748.1); 312(162.97); 313(201.62); 314(713.62); 315(297.76); 316(695.67); 317(797.59); 318(555.5); 319(720.28); 320(57.74); 321(524.04); 322(480.27); 323(659.98); 324(532.26); 325(864.8); 326(102.5); 327(413.91); 328(876.71); 329(966.24); 330(831.82); 331(219.89); 332(21.46); 333(471.58); 334(21.11); 335(735.09); 336(806.52); 337(212.46); 338(358.19); 339(735.13); 340(161.38); 341(387.9); 342(737.08); 343(651.81); 344(389.21); 345(450.19); 346(577.06); 347(803.25); 348(230.7); 349(608.46); 350(338.64); 351(301.26); 352(333.34); 353(208.5); 354(533.67); 355(538.05); 356(499.36); 357(401.29); 358(230.79); 359(702.83); 360(230.41); 361(469.37); 362(259.16); 363(295.99); 364(239.75); 365(102.58); 366(979.8); 367(484.42); 368(122.74); 369(60.54); 370(255.41); 371(560.51); 372(561.52); 373(94.04); 374(240.91); 375(748.71); 376(937.83); 377(814.39); 378(887.62); 379(609.08); 380(10.87); 381(21.55); 382(282.54); 383(366.28); 384(527.55); 385(685.97); 386(838.49); 387(535.71); 388(479.35); 389(517.65); 390(376.44); 391(583.31); 392(512.03); 393(712.24); 394(634.89); 395(75.81); 396(474.76); 397(780.45); 398(78.9); 399(425.05); 400(785.28); 401(365.71); 402(224.0); 403(117.02); 404(339.25); 405(945.59); 406(531.43); 407(573.79); 408(871.08); 409(190.02); 410(597.55); 411(277.95); 412(818.62); 413(855.78); 414(304.24); 415(379.44); 416(756.76); 417(580.5); 418(277.06); 419(34.86); 420(97.86); 421(342.17); 422(360.32); 423(635.01); 424(17.44); 425(246.0); 426(473.51); 427(331.09); 428(506.63); 429(859.52); 430(763.41); 431(635.47); 432(913.8); 433(548.71); 434(71.56); 435(575.52); 436(408.43); 437(429.98); 438(337.07); 439(691.6); 440(815.72); 441(137.53); 442(287.42); 443(561.1); 444(906.7); 445(85.81); 446(625.2); 447(772.15); 448(619.56); 449(457.04); 450(34.26); 451(379.94); 452(573.18); 453(568.24); 454(964.75); 455(911.36); 456(305.18); 457(64.54); 458(501.19); 459(125.53); 460(77.82); 461(842.04); 462(196.24); 463(716.7); 464(944.0); 465(181.68); 466(594.98); 467(196.1); 468(239.91); 469(141.81); 470(376.71); 471(937.39); 472(60.39); 473(374.14); 474(479.46); 475(673.82); 476(415.16); 477(160.34); 478(385.49); 479(719.04); 480(437.43); 481(706.55); 482(93.66); 483(549.48); 484(725.7); 485(851.99); 486(265.48); 487(208.69); 488(687.68); 489(89.66); 490(942.48); 491(440.1); 492(119.13); 493(4.22); 494(57.39); 495(480.17); 496(866.86); 497(651.7); 498(887.65); 499(898.1),2
69,0(431.35); 1(210.34); 2(883.39); 3(73.17); 4(972.99); 5(253.18); 6(640.06); 7(407.03); 8(863.21); 9(864.08); 10(301.51); 11(947.97); 12(222.53); 13(395.51); 14(639.47); 15(274.45); 16(48.87); 17(353.37); 18(902.26); 19(907.76); 20(657.49); 21(349.27); 22(156.91); 23(437.35); 24(97.76); 25(749.56); 26(188.38); 27(334.13); 28(899.99); 29(952.64); 30(9.11); 31(433.82); 32(206.75); 33(564.24); 34(280.11); 35(684.47); 36(985.51); 37(864.54); 38(884.43); 39(552.65); 40(261.23); 41(27.18); 42(5.69); 43(251.26); 44(93.83); 45(964.78); 46(948.8); 47(794.18); 48(902.07); 49(921.86); 50(244.42); 51(28.26); 52(88.99); 53(872.06); 54(245.87); 55(810.73); 56(542.43); 57(954.74); 58(455.09); 59(633.9); 60(154.96); 61(82.05); 62(235.68); 63(683.33); 64(860.79); 65(327.37); 66(342.49); 67(434.03); 68(765.2); 70(222.63); 71(92.02); 72(284.92); 73(162.17); 74(529.52); 75(19.4); 76(155.62); 77(957.35); 78(463.48); 79(441.0); 80(891.14); 81(924.8); 82(993.79); 83(174.62); 84(468.53); 85(895.06); 86(197.31); 87(195.82); 88(376.22); 89(165.12); 90(302.73); 91(192.76); 92(937.59); 93(317.2); 94(495.39); 95(990.38); 96(435.01); 97(224.39); 98(344.84); 99(550.17); 100(434.62); 101(894.99); 102(762.37); 103(506.41); 104(716.04); 105(357.19); 106(578.79); 107(386.44); 108(695.32); 109(733.95); 110(830.22); 111(58.89); 112(123.05); 113(225.85); 114(698.17); 115(56.6); 116(700.97); 117(516.12); 118(472.81); 119(488.54); 120(55.41); 121(349.36); 122(3.91); 123(972.92); 124(713.88); 125(405.41); 126(833.0); 127(36.14); 128(229.47); 129(781.31); 130(75.69); 131(137.85); 132(117.86); 133(800.5); 134(768.93); 135(419.22); 136(682.77); 137(38.08); 138(554.47); 139(738.27); 140(572.79); 141(398.72); 142(29.01); 143(186.15); 144(328.72); 145(221.22); 146(930.46); 147(985.82); 148(621.97); 149(432.19); 150(975.22); 151(310.32); 152(470.37); 153(301.36); 154(577.34); 155(773.06); 156(901.86); 157(706.39); 158(724.79); 159(905.26); 160(113.04); 161(188.47); 162(327.31); 163(34.39); 164(493.69); 165(962.61); 166(743.94); 167(340.87); 168(357.71); 169(506.1); 170(477.85); 171(382.2); 172(784.72); 173(743.08); 174(121.59); 175(796.01); 176(160.1); 177(891.91); 178(445.49); 179(945.35); 180(250.96); 181(348.25); 182(414.94); 183(311.33); 184(236.89); 185(497.63); 186(14.8); 187(701.38); 188(884.76); 189(342.49); 190(51.96); 191(161.14); 192(593.6); 193(181.06); 194(151.74); 195(177.39); 196(832.6); 197(786.37); 198(861.36); 199(548.79); 200(841.15); 201(562.93); 202(389.25); 203(391.46); 204(10.2); 205(999.93); 206(763.76); 207(565.89); 208(759.88); 209(402.48); 210(992.57); 211(565.15); 212(813.9); 213(443.76); 214(859.12); 215(73.4); 216(473.65); 217(30.63); 218(609.51); 219(458.29); 220(796.05); 221(211.55); 222(585.35); 223(937.44); 224(715.8); 225(61.95); 226(245.8); 227(149.59); 228(640.74); 229(741.76); 230(604.6); 231(395.79); 232(125.67); 233(873.15); 234(833.87); 235(177.23); 236(881.27); 237(393.11); 238(632.03); 239(421.23); 240(799.02); 241(630.42); 242(66.56); 243(890.33); 244(782.22); 245(504.31); 246(236.2); 247(253.42); 248(875.54); 249(435.84); 250(99.9); 251(421.91); 252(180.21); 253(719.0); 254(139.22); 255(167.4); 256(914.74); 257(696.13); 258(503.9); 259(588.39); 260(817.02); 261(441.59); 262(528.1); 263(506.46); 264(73.78); 265(603.77); 266(155.06); 267(365.58); 268(784.66); 269(367.02); 270(274.75); 271(840.4); 272(609.39); 273(300.16); 274(966.35); 275(87.29); 276(163.39); 277(960.19); 278(854.34); 279(988.55); 280(824.02); 281(122.46); 282(669.23); 283(354.72); 284(833.24); 285(1.26); 286(763.49); 287(842.21); 288(154.79); 289(242.21); 290(222.4); 291(834.57); 292(278.72); 293(747.05); 294(976.59); 295(458.06); 296(480.19); 297(433.03); 298(819.99); 299(948.43); 300(302.75); 301(418.79); 302(616.17); 303(116.55); 304(223.52); 305(149.4); 306(787.39); 307(389.47); 308(242.78); 309(539.35); 310(22.94); 311(338.98); 312(481.28); 313(32.27); 314(330.46); 315(192.21); 316(668.87); 317(502.29); 318(942.03); 319(757.27); 320(265.91); 321(245.44); 322(703.63); 323(416.81); 324(308.08); 325(344.77); 326(153.58); 327(781.73); 328(508.72); 329(284.82); 330(387.54); 331(676.1); 332(80.46); 333(586.03); 334(814.01); 335(432.06); 336(776.56); 337(66.48); 338(384.79); 339(515.53); 340(720.01); 341(367.94); 342(198.14); 343(819.04); 344(326.15); 345(971.48); 346(684.93); 347(55.56); 348(781.58); 349(429.9); 350(745.17); 351(479.17); 352(130.94); 353(998.61); 354(341.36); 355(374.07); 356(401.33); 357(931.7); 358(698.11); 359(299.7); 360(929.8); 361(944.52); 362(164.27); 363(245.76); 364(173.03); 365(865.48); 366(775.49); 367(339.73); 368(782.79); 369(916.47); 370(913.4); 371(51.36); 372(732.83); 373(587.94); 374(490.44); 375(660.57); 376(616.41); 377(243.4); 378(749.29); 379(200.45); 380(304.42); 381(303.42); 382(325.29); 383(439.59); 384(355.25); 385(864.84); 386(829.84); 387(3.34); 388(810.15); 389(458.42); 390(658.56); 391(251.88); 392(356.8); 393(799.99); 394(859.33); 395(875.16); 396(349.7); 397(253.31); 398(449.78); 399(298.11); 400(374.91); 401(783.19); 402(58.74); 403(851.39); 404(885.24); 405(294.1); 406(749.04); 407(769.06); 408(540.86); 409(663.86); 410(102.19); 411(201.95); 412(969.94); 413(502.02); 414(491.46); 415(724.85); 416(836.8); 417(657.86); 418(295.92); 419(606.34); 420(236.0); 421(637.14); 422(996.56); 423(290.3); 424(961.72); 425(549.11); 426(378.38); 427(831.17); 428(976.71); 429(435.78); 430(656.57); 431(388.21); 432(101.41); 433(634.87); 434(950.09); 435(270.72); 436(987.18); 437(360.96); 438(779.82); 439(937.35); 440(674.88); 441(212.4); 442(915.0); 443(960.56); 444(937.55); 445(209.49); 446(929.76); 447(428.06); 448(508.26); 449(891.19); 450(538.42); 451(139.53); 452(561.45); 453(763.14); 454(685.45); 455(712.11); 456(507.08); 457(409.45); 458(469.08); 459(424.8); 460(160.23); 461(867.09); 462(847.33); 463(163.71); 464(568.28); 465(94.03); 466(837.94); 467(110.56); 468(740.07); 469(874.48); 470(1.12); 471(404.08); 472(838.67); 473(659.42); 474(919.77); 475(391.39); 476(884.92); 477(916.94); 478(484.74); 479(429.53); 480(160.3); 481(641.8); 482(457.34); 483(347.48); 484(675.18); 485(725.74); 486(427.19); 487(181.42); 488(285.52); 489(926.17); 490(504.37); 491(948.73); 492(93.42); 493(425.06); 494(530.68); 495(160.35); 496(520.93); 497(796.54); 498(455.21); 499(543.41),1
70,0(928.94); 1(125.34); 2(488.8); 3(937.06); 4(809.13); 5(7.65); 6(813.25); 7(864.33); 8(638.88); 9(681.39); 10(358.35); 11(165.77); 12(155.22); 13(20.15); 14(840.17); 15(262.23); 16(21.64); 17(658.99); 18(272.32); 19(750.89); 20(836.34); 21(136.21); 22(576.14); 23(92.95); 24(571.2); 25(425.85); 26(582.44); 27(190.68); 28(956.41); 29(693.37); 30(442.38); 31(583.05); 32(423.3); 33(508.3); 34(332.03); 35(218.33); 36(755.63); 37(433.17); 38(413.5); 39(110.34); 40(448.39); 41(952.17); 42(816.1); 43(394.23); 44(332.27); 45(410.23); 46(43.39); 47(14.87); 48(51.71); 49(684.58); 50(416.54); 51(641.9); 52(839.26); 53(512.74); 54(200.69); 55(540.53); 56(801.97); 57(32.69); 58(533.45); 59(207.49); 60(596.87); 61(879.19); 62(122.5); 63(455.12); 64(381.68); 65(0.81); 66(382.42); 67(72.43); 68(375.28); 69(222.63); 71(207.43); 72(292.77); 73(816.92); 74(838.11); 75(74.81); 76(695.83); 77(935.75); 78(311.22); 79(974.65); 80(494.14); 81(463.49); 82(297.78); 83(71.03); 84(961.62); 85(672.69); 86(922.34); 87(673.37); 88(177.53); 89(119.53); 90(36.46); 91(682.09); 92(475.52); 93(521.73); 94(556.07); 95(224.18); 96(528.25); 97(389.42); 98(969.11); 99(368.32); 100(730.13); 101(109.11); 102(479.45); 103(804.31); 104(319.03); 105(179.6); 106(284.96); 107(932.55); 108(489.63); 109(705.11); 110(25.79); 111(565.53); 112(160.43); 113(596.57); 114(500.24); 115(245.76); 116(849.79); 117(346.7); 118(680.15); 119(333.99); 120(594.78); 121(962.06); 122(282.4); 123(360.99); 124(1.89); 125(868.84); 126(815.52); 127(539.0); 128(531.55); 129(544.67); 130(14.53); 131(445.2); 132(110.44); 133(28.68); 134(695.91); 135(368.53); 136(25.77); 137(722.98); 138(242.13); 139(43.33); 140(765.11); 141(228.79); 142(926.73); 143(571.26); 144(332.88); 145(742.3); 146(737.09); 147(554.45); 148(706.01); 149(590.0); 150(857.52); 151(353.68); 152(256.62); 153(21.9); 154(387.91); 155(401.0); 156(29.59); 157(679.13); 158(324.2); 159(376.44); 160(404.77); 161(412.23); 162(30.42); 163(243.41); 164(894.61); 165(171.15); 166(930.33); 167(790.4); 168(590.96); 169(105.8); 170(631.02); 171(724.17); 172(913.1); 173(155.42); 174(649.7); 175(99.07); 176(260.74); 177(674.64); 178(806.18); 179(439.78); 180(115.03); 181(939.96); 182(577.23); 183(761.99); 184(406.89); 185(660.48); 186(753.18); 187(895.94); 188(520.78); 189(378.76); 190(989.75); 191(338.43); 192(429.38); 193(574.46); 194(124.44); 195(799.72); 196(210.96); 197(639.84); 198(393.22); 199(409.06); 200(438.56); 201(590.52); 202(756.84); 203(478.94); 204(258.33); 205(853.12); 206(758.78); 207(292.91); 208(386.91); 209(679.31); 210(985.83); 211(393.58); 212(678.25); 213(616.39); 214(308.01); 215(774.99); 216(467.87); 217(682.91); 218(641.24); 219(578.97); 220(808.15); 221(310.39); 222(258.73); 223(831.59); 224(720.72); 225(204.23); 226(889.66); 227(834.51); 228(784.6); 229(589.89); 230(562.41); 231(903.95); 232(195.81); 233(879.16); 234(256.07); 235(713.22); 236(224.23); 237(841.3); 238(640.28); 239(398.45); 240(192.77); 241(651.87); 242(18.86); 243(990.98); 244(418.53); 245(977.98); 246(264.56); 247(77.59); 248(426.33); 249(259.22); 250(746.69); 251(933.01); 252(911.46); 253(713.42); 254(918.44); 255(405.79); 256(90.39); 257(110.09); 258(826.84); 259(420.76); 260(253.49); 261(537.21); 262(226.17); 263(295.6); 264(595.66); 265(35.83); 266(152.02); 267(527.35); 268(198.79); 269(894.64); 270(713.53); 271(131.43); 272(625.64); 273(656.48); 274(566.7); 275(533.83); 276(622.16); 277(182.89); 278(294.12); 279(621.25); 280(590.05); 281(276.44); 282(28.49); 283(10.74); 284(436.55); 285(334.01); 286(101.27); 287(245.21); 288(398.04); 289(487.42); 290(596.73); 291(305.97); 292(808.35); 293(672.45); 294(973.12); 295(279.58); 296(544.65); 297(12.35); 298(92.69); 299(613.03); 300(156.91); 301(594.26); 302(908.57); 303(238.4); 304(139.1); 305(966.3); 306(240.14); 307(370.36); 308(155.09); 309(708.12); 310(254.4); 311(770.31); 312(661.54); 313(61.63); 314(774.32); 315(24.3); 316(699.12); 317(538.23); 318(756.24); 319(708.29); 320(16.74); 321(820.95); 322(142.71); 323(258.26); 324(128.01); 325(535.97); 326(689.94); 327(422.52); 328(577.56); 329(759.14); 330(81.94); 331(738.46); 332(411.83); 333(994.75); 334(308.59); 335(918.22); 336(821.08); 337(991.48); 338(766.25); 339(448.37); 340(78.09); 341(190.1); 342(745.96); 343(604.12); 344(686.0); 345(41.27); 346(548.93); 347(997.53); 348(429.14); 349(846.26); 350(29.78); 351(125.49); 352(977.56); 353(141.19); 354(290.53); 355(544.61); 356(588.32); 357(568.31); 358(222.42); 359(186.93); 360(644.26); 361(310.59); 362(387.79); 363(43.88); 364(404.71); 365(714.67); 366(877.69); 367(165.57); 368(944.12); 369(473.33); 370(912.7); 371(768.14); 372(82.9); 373(880.89); 374(857.76); 375(426.23); 376(133.81); 377(328.98); 378(109.5); 379(677.72); 380(222.63); 381(990.28); 382(105.4); 383(102.46); 384(531.14); 385(886.79); 386(211.55); 387(669.21); 388(275.98); 389(819.7); 390(650.48); 391(337.54); 392(977.61); 393(171.5); 394(54.98); 395(5.53); 396(395.96); 397(393.15); 398(475.43); 399(291.75); 400(919.17); 401(958.7); 402(119.62); 403(798.42); 404(100.14); 405(154.56); 406(428.14); 407(712.2); 408(272.7); 409(200.07); 410(831.35); 411(556.13); 412(388.6); 413(736.77); 414(53.39); 415(173.23); 416(973.39); 417(775.54); 418(65.38); 419(491.26); 420(821.35); 421(462.96); 422(237.91); 423(460.56); 424(687.12); 425(318.08); 426(719.7); 427(516.51); 428(495.18); 429(109.16); 430(993.22); 431(203.61); 432(52.09); 433(856.06); 434(622.71); 435(581.63); 436(168.53); 437(210.96); 438(729.16); 439(65.44); 440(676.92); 441(714.23); 442(276.95); 443(35.12); 444(908.35); 445(396.47); 446(420.55); 447(132.97); 448(69.42); 449(551.87); 450(145.79); 451(37.51); 452(515.39); 453(834.24); 454(693.1); 455(176.21); 456(889.57); 457(728.23); 458(48.16); 459(180.62); 460(57.92); 461(954.0); 462(634.46); 463(287.43); 464(669.01); 465(916.96); 466(86.43); 467(745.36); 468(468.37); 469(927.21); 470(528.54); 471(319.96); 472(761.88); 473(242.38); 474(556.1); 475(578.29); 476(529.6); 477(937.86); 478(920.18); 479(448.24); 480(965.25); 481(322.24); 482(341.85); 483(279.1); 484(599.68); 485(936.5); 486(32.28); 487(1.84); 488(672.44); 489(31.35); 490(706.56); 491(520.86); 492(39.99); 493(20.92); 494(896.81); 495(941.83); 496(317.94); 497(145.88); 498(745.99); 499(719.64),1
71,0(514.0); 1(143.77); 2(358.5); 3(146.78); 4(905.06); 5(90.11); 6(935.23); 7(94.08); 8(865.84); 9(790.89); 10(415.68); 11(795.96); 12(997.36); 13(487.18); 14(209.73); 15(446.91); 16(872.79); 17(234.19); 18(367.99); 19(752.58); 20(260.09); 21(660.35); 22(814.9); 23(248.54); 24(825.71); 25(745.54); 26(123.47); 27(465.7); 28(106.32); 29(658.09); 30(821.04); 31(761.94); 32(58.26); 33(855.95); 34(989.27); 35(307.01); 36(560.48); 37(680.68); 38(268.27); 39(775.0); 40(26.66); 41(231.33); 42(164.83); 43(243.08); 44(498.68); 45(24.33); 46(554.26); 47(97.95); 48(209.07); 49(249.9); 50(561.65); 51(2.33); 52(451.95); 53(47.84); 54(7.47); 55(829.64); 56(289.12); 57(141.8); 58(397.13); 59(706.74); 60(527.18); 61(409.03); 62(620.95); 63(246.33); 64(119.45); 65(420.11); 66(529.8); 67(851.11); 68(32.78); 69(92.02); 70(207.43); 72(419.73); 73(260.98); 74(143.41); 75(499.04); 76(209.07); 77(563.13); 78(742.43); 79(74.67); 80(180.61); 81(43.44); 82(158.88); 83(751.41); 84(461.25); 85(883.39); 86(149.46); 87(75.67); 88(50.46); 89(518.82); 90(758.79); 91(252.06); 92(898.72); 93(645.35); 94(913.37); 95(488.62); 96(67.58); 97(519.95); 98(125.37); 99(602.13); 100(606.3); 101(759.29); 102(280.38); 103(234.76); 104(4.93); 105(24.17); 106(648.29); 107(949.82); 108(607.05); 109(460.5); 110(720.25); 111(214.0); 112(722.88); 113(995.53); 114(708.68); 115(49.06); 116(904.96); 117(655.3); 118(402.37); 119(2.15); 120(372.56); 121(9.55); 122(446.07); 123(810.85); 124(361.16); 125(428.83); 126(204.23); 127(150.02); 128(180.69); 129(814.1); 130(83.25); 131(767.87); 132(333.6); 133(198.35); 134(955.87); 135(537.96); 136(213.59); 137(444.17); 138(370.78); 139(581.12); 140(56.16); 141(83.82); 142(955.11); 143(619.3); 144(21.73); 145(338.36); 146(284.64); 147(189.0); 148(656.81); 149(269.76); 150(303.75); 151(991.87); 152(97.11); 153(265.39); 154(788.57); 155(50.97); 156(904.43); 157(803.96); 158(246.3); 159(334.39); 160(338.16); 161(711.29); 162(820.56); 163(488.92); 164(367.7); 165(615.53); 166(735.59); 167(478.81); 168(26.44); 169(764.77); 170(667.49); 171(596.51); 172(417.56); 173(499.14); 174(744.52); 175(659.66); 176(671.53); 177(443.39); 178(502.39); 179(338.75); 180(402.08); 181(57.01); 182(14.96); 183(5.55); 184(934.97); 185(488.2); 186(409.12); 187(717.82); 188(531.4); 189(411.51); 190(402.64); 191(426.47); 192(682.56); 193(745.33); 194(580.86); 195(641.81); 196(280.51); 197(88.31); 198(839.66); 199(231.44); 200(160.12); 201(726.13); 202(306.69); 203(789.95); 204(80.69); 205(127.18); 206(887.81); 207(256.7); 208(339.79); 209(853.93); 210(343.09); 211(293.04); 212(750.55); 213(370.54); 214(267.88); 215(825.42); 216(543.87); 217(955.66); 218(646.43); 219(267.62); 220(717.72); 221(545.26); 222(808.66); 223(707.83); 224(304.91); 225(379.81); 226(360.09); 227(634.24); 228(349.75); 229(562.29); 230(33.31); 231(874.67); 232(515.25); 233(365.43); 234(306.59); 235(325.0); 236(718.94); 237(238.54); 238(814.13); 239(733.61); 240(385.41); 241(563.19); 242(313.38); 243(429.67); 244(113.23); 245(623.53); 246(696.76); 247(573.21); 248(327.41); 249(21.34); 250(650.91); 251(298.73); 252(463.1); 253(161.11); 254(322.98); 255(191.01); 256(713.63); 257(318.52); 258(662.37); 259(632.67); 260(733.79); 261(834.7); 262(398.76); 263(605.81); 264(656.71); 265(478.2); 266(292.07); 267(43.71); 268(869.11); 269(687.75); 270(900.93); 271(317.82); 272(156.9); 273(409.5); 274(308.69); 275(886.76); 276(650.94); 277(540.25); 278(619.82); 279(643.29); 280(592.66); 281(523.33); 282(228.54); 283(589.23); 284(800.71); 285(674.04); 286(391.77); 287(889.74); 288(560.05); 289(591.04); 290(75.67); 291(703.17); 292(310.84); 293(705.75); 294(528.38); 295(719.86); 296(363.91); 297(941.11); 298(344.72); 299(350.81); 300(324.23); 301(206.43); 302(587.0); 303(472.13); 304(461.05); 305(65.39); 306(63.1); 307(312.27); 308(243.23); 309(830.76); 310(810.22); 311(582.65); 312(681.19); 313(160.56); 314(527.14); 315(931.26); 316(74.72); 317(753.89); 318(907.42); 319(317.24); 320(761.41); 321(264.34); 322(126.16); 323(127.96); 324(106.64); 325(232.2); 326(139.96); 327(593.92); 328(469.32); 329(89.01); 330(171.58); 331(19.95); 332(706.03); 333(624.12); 334(75.5); 335(828.32); 336(859.05); 337(355.67); 338(179.2); 339(53.88); 340(734.49); 341(707.74); 342(89.39); 343(661.36); 344(177.42); 345(904.02); 346(85.48); 347(542.59); 348(121.98); 349(103.96); 350(994.95); 351(120.35); 352(412.54); 353(966.5); 354(15.74); 355(201.11); 356(12.47); 357(661.49); 358(659.94); 359(45.01); 360(170.97); 361(780.21); 362(719.26); 363(879.24); 364(669.99); 365(486.42); 366(526.58); 367(102.27); 368(115.35); 369(921.15); 370(517.01); 371(666.91); 372(121.71); 373(219.47); 374(369.76); 375(407.16); 376(514.87); 377(805.48); 378(271.15); 379(40.73); 380(506.32); 381(823.14); 382(555.96); 383(329.22); 384(589.4); 385(362.46); 386(615.9); 387(72.18); 388(995.73); 389(360.81); 390(206.82); 391(657.12); 392(39.16); 393(329.93); 394(282.49); 395(858.15); 396(587.97); 397(438.95); 398(436.91); 399(175.26); 400(681.01); 401(918.61); 402(572.42); 403(342.49); 404(941.56); 405(841.82); 406(621.49); 407(630.68); 408(674.16); 409(576.92); 410(273.86); 411(27.17); 412(464.35); 413(488.32); 414(802.36); 415(720.07); 416(278.65); 417(881.02); 418(465.18); 419(959.09); 420(659.11); 421(579.34); 422(264.12); 423(924.95); 424(777.31); 425(166.37); 426(576.7); 427(860.29); 428(811.61); 429(696.52); 430(127.71); 431(624.62); 432(398.22); 433(557.5); 434(111.42); 435(8.82); 436(50.55); 437(177.26); 438(317.05); 439(821.81); 440(677.19); 441(515.97); 442(15.55); 443(357.98); 444(789.04); 445(104.68); 446(410.57); 447(859.21); 448(116.66); 449(282.82); 450(300.97); 451(983.71); 452(685.2); 453(415.8); 454(719.71); 455(788.31); 456(633.26); 457(698.48); 458(908.35); 459(757.85); 460(274.69); 461(265.37); 462(618.77); 463(351.48); 464(19.39); 465(201.79); 466(462.66); 467(519.56); 468(839.15); 469(984.84); 470(252.38); 471(496.37); 472(292.21); 473(804.12); 474(90.46); 475(228.39); 476(971.99); 477(595.81); 478(588.21); 479(350.24); 480(284.55); 481(212.19); 482(450.34); 483(621.27); 484(611.17); 485(846.26); 486(951.55); 487(640.48); 488(238.33); 489(900.12); 490(985.98); 491(231.43); 492(188.33); 493(274.97); 494(805.6); 495(362.44); 496(723.52); 497(968.99); 498(791.0); 499(157.54),1
72,0(435.25); 1(517.01); 2(828.24); 3(589.17); 4(580.91); 5(492.58); 6(317.77); 7(226.28); 8(840.66); 9(125.16); 10(957.7); 11(40.37); 12(327.14); 13(13.43); 14(389.56); 15(802.78); 16(395.52); 17(670.06); 18(38.61); 19(700.86); 20(746.47); 21(329.79); 22(653.05); 23(989.32); 24(394.74); 25(980.54); 26(126.18); 27(446.9); 28(929.39); 29(877.5); 30(583.22); 31(738.82); 32(455.58); 33(123.55); 34(422.38); 35(597.45); 36(34.79); 37(745.93); 38(625.22); 39(597.84); 40(806.57); 41(21.2); 42(944.72); 43(134.15); 44(516.8); 45(303.57); 46(350.18); 47(30.25); 48(295.47); 49(552.81); 50(419.87); 51(839.08); 52(223.79); 53(4.12); 54(707.68); 55(75.85); 56(457.81); 57(830.43); 58(804.13); 59(899.53); 60(195.18); 61(4.13); 62(491.34); 63(791.94); 64(409.66); 65(485.23); 66(730.63); 67(307.9); 68(388.93); 69(284.92); 70(292.77); 71(419.73); 73(737.76); 74(506.38); 75(577.35); 76(467.48); 77(985.58); 78(182.94); 79(592.85); 80(238.37); 81(69.21); 82(714.74); 83(319.75); 84(292.75); 85(313.67); 86(663.76); 87(494.6); 88(780.12); 89(70.43); 90(916.04); 91(42.93); 92(92.47); 93(820.54); 94(144.15); 95(403.26); 96(730.2); 97(226.33); 98(143.31); 99(875.77); 100(137.41); 101(395.49); 102(514.67); 103(257.19); 104(462.36); 105(677.9); 106(254.69); 107(710.67); 108(429.84); 109(338.29); 110(662.93); 111(918.02); 112(481.64); 113(164.86); 114(827.23); 115(790.63); 116(686.46); 117(878.44); 118(54.39); 119(300.79); 120(550.88); 121(726.18); 122(832.47); 123(793.14); 124(378.39); 125(773.64); 126(871.76); 127(545.32); 128(291.81); 129(718.01); 130(864.34); 131(690.39); 132(710.16); 133(791.19); 134(552.89); 135(386.53); 136(676.57); 137(595.78); 138(294.41); 139(194.28); 140(546.84); 141(77.31); 142(482.43); 143(947.3); 144(81.3); 145(109.88); 146(750.79); 147(435.67); 148(933.3); 149(241.1); 150(360.01); 151(936.3); 152(378.78); 153(202.67); 154(715.85); 155(390.98); 156(691.44); 157(500.32); 158(778.97); 159(764.44); 160(636.88); 161(963.71); 162(841.41); 163(507.85); 164(221.62); 165(878.1); 166(56.16); 167(810.4); 168(361.53); 169(942.24); 170(148.8); 171(130.26); 172(590.08); 173(12.64); 174(707.79); 175(753.22); 176(616.17); 177(989.94); 178(228.16); 179(992.58); 180(139.79); 181(994.39); 182(42.15); 183(676.04); 184(98.19); 185(963.38); 186(731.41); 187(133.92); 188(867.73); 189(819.85); 190(165.01); 191(189.27); 192(619.34); 193(575.13); 194(652.83); 195(584.36); 196(59.51); 197(822.9); 198(330.12); 199(381.99); 200(491.83); 201(272.04); 202(211.5); 203(990.29); 204(89.02); 205(631.22); 206(796.14); 207(627.69); 208(573.67); 209(429.07); 210(821.53); 211(672.7); 212(516.67); 213(511.98); 214(187.09); 215(506.79); 216(859.22); 217(476.0); 218(961.03); 219(870.47); 220(846.12); 221(156.23); 222(433.65); 223(858.74); 224(396.12); 225(404.17); 226(847.02); 227(308.86); 228(781.03); 229(705.5); 230(839.99); 231(845.66); 232(443.62); 233(499.2); 234(442.11); 235(787.03); 236(418.91); 237(442.04); 238(600.2); 239(459.24); 240(892.62); 241(815.36); 242(798.09); 243(346.0); 244(572.4); 245(243.3); 246(965.0); 247(615.53); 248(190.17); 249(824.25); 250(345.54); 251(669.52); 252(370.26); 253(432.42); 254(42.5); 255(427.04); 256(335.03); 257(995.0); 258(733.49); 259(754.54); 260(162.36); 261(618.49); 262(385.22); 263(952.57); 264(173.96); 265(311.51); 266(99.03); 267(889.22); 268(539.5); 269(72.45); 270(401.39); 271(975.94); 272(770.16); 273(41.18); 274(474.91); 275(518.72); 276(381.27); 277(386.25); 278(94.87); 279(910.89); 280(288.75); 281(249.8); 282(818.29); 283(504.77); 284(582.29); 285(775.43); 286(448.78); 287(567.84); 288(407.3); 289(627.93); 290(971.25); 291(315.28); 292(439.32); 293(647.27); 294(133.18); 295(517.46); 296(357.68); 297(197.2); 298(499.47); 299(463.68); 300(339.05); 301(230.68); 302(839.17); 303(717.63); 304(224.37); 305(393.66); 306(20.23); 307(868.87); 308(373.44); 309(995.38); 310(966.31); 311(668.18); 312(129.17); 313(20.79); 314(112.16); 315(848.45); 316(45.26); 317(53.67); 318(209.88); 319(479.72); 320(773.95); 321(296.71); 322(500.97); 323(791.85); 324(369.29); 325(138.33); 326(187.22); 327(309.61); 328(793.08); 329(158.17); 330(112.42); 331(861.31); 332(903.33); 333(970.62); 334(665.75); 335(859.31); 336(355.76); 337(808.78); 338(373.55); 339(701.84); 340(450.39); 341(21.8); 342(610.12); 343(205.01); 344(972.09); 345(766.87); 346(118.96); 347(42.25); 348(608.48); 349(323.48); 350(74.79); 351(597.09); 352(508.32); 353(87.94); 354(513.5); 355(498.28); 356(937.54); 357(927.5); 358(347.07); 359(909.64); 360(59.53); 361(76.6); 362(672.75); 363(758.98); 364(12.06); 365(720.55); 366(987.15); 367(721.73); 368(200.81); 369(26.24); 370(86.81); 371(42.32); 372(815.52); 373(398.58); 374(90.9); 375(850.75); 376(264.28); 377(239.66); 378(842.95); 379(221.88); 380(158.44); 381(757.84); 382(792.61); 383(90.85); 384(801.82); 385(737.28); 386(311.75); 387(670.34); 388(516.11); 389(414.58); 390(464.02); 391(129.95); 392(617.68); 393(934.28); 394(604.85); 395(761.86); 396(685.12); 397(56.62); 398(862.4); 399(291.68); 400(103.34); 401(344.75); 402(699.76); 403(929.93); 404(384.81); 405(847.35); 406(615.52); 407(57.22); 408(387.07); 409(943.06); 410(855.04); 411(794.87); 412(294.98); 413(919.45); 414(192.05); 415(916.76); 416(273.95); 417(500.96); 418(866.87); 419(970.69); 420(461.43); 421(328.57); 422(195.38); 423(11.17); 424(416.79); 425(769.46); 426(494.41); 427(80.72); 428(320.61); 429(729.39); 430(710.76); 431(721.5); 432(280.78); 433(820.38); 434(878.76); 435(42.33); 436(596.86); 437(980.56); 438(391.41); 439(543.74); 440(557.78); 441(694.01); 442(984.39); 443(560.56); 444(76.96); 445(638.28); 446(691.6); 447(230.38); 448(132.32); 449(767.81); 450(101.44); 451(154.96); 452(301.8); 453(661.58); 454(479.21); 455(209.76); 456(753.64); 457(286.93); 458(771.0); 459(402.15); 460(366.9); 461(120.95); 462(232.77); 463(683.05); 464(897.87); 465(472.41); 466(748.11); 467(44.91); 468(548.83); 469(607.47); 470(387.52); 471(129.22); 472(54.21); 473(945.04); 474(181.07); 475(634.44); 476(206.62); 477(544.53); 478(755.16); 479(363.35); 480(560.79); 481(919.86); 482(22.27); 483(243.23); 484(472.79); 485(379.56); 486(137.11); 487(561.08); 488(233.32); 489(928.68); 490(446.44); 491(99.37); 492(693.07); 493(523.03); 494(5.31); 495(435.7); 496(726.7); 497(701.47); 498(852.59); 499(898.08),1
73,0(341.55); 1(26.92); 2(897.68); 3(401.7); 4(183.47); 5(105.82); 6(443.39); 7(446.67); 8(562.44); 9(528.8); 10(599.97); 11(832.52); 12(271.51); 13(575.09); 14(437.08); 15(190.38); 16(626.43); 17(8.6); 18(796.47); 19(387.87); 20(646.87); 21(915.94); 22(921.98); 23(67.13); 24(892.98); 25(416.01); 26(325.6); 27(118.67); 28(509.86); 29(913.48); 30(817.75); 31(116.04); 32(616.93); 33(826.9); 34(470.01); 35(130.1); 36(763.04); 37(150.19); 38(955.4); 39(329.58); 40(396.45); 41(603.53); 42(830.59); 43(875.27); 44(588.26); 45(570.37); 46(396.23); 47(919.27); 48(35.32); 49(430.59); 50(113.42); 51(857.47); 52(874.24); 53(336.84); 54(733.94); 55(811.66); 56(75.17); 57(546.26); 58(46.39); 59(434.29); 60(408.43); 61(426.57); 62(305.12); 63(670.0); 64(323.58); 65(961.67); 66(771.07); 67(974.87); 68(291.51); 69(162.17); 70(816.92); 71(260.98); 72(737.76); 74(354.59); 75(147.74); 76(440.46); 77(830.55); 78(384.14); 79(4.95); 80(251.22); 81(764.9); 82(950.8); 83(800.03); 84(482.06); 85(92.15); 86(506.03); 87(656.4); 88(454.66); 89(961.19); 90(255.92); 91(62.23); 92(818.49); 93(446.57); 94(616.59); 95(549.66); 96(915.88); 97(854.26); 98(71.71); 99(314.07); 100(73.43); 101(171.22); 102(313.73); 103(831.27); 104(187.72); 105(891.8); 106(148.23); 107(397.45); 108(256.25); 109(737.87); 110(197.91); 111(184.37); 112(482.02); 113(367.12); 114(67.15); 115(403.04); 116(724.86); 117(965.7); 118(245.8); 119(224.73); 120(174.28); 121(697.34); 122(232.58); 123(978.89); 124(623.21); 125(925.38); 126(890.28); 127(398.69); 128(368.58); 129(940.85); 130(800.07); 131(577.16); 132(652.8); 133(467.36); 134(295.39); 135(506.55); 136(485.0); 137(750.51); 138(162.93); 139(772.67); 140(754.83); 141(336.28); 142(101.28); 143(835.14); 144(657.27); 145(579.07); 146(509.35); 147(757.25); 148(61.13); 149(900.93); 150(816.13); 151(696.42); 152(903.66); 153(249.53); 154(921.77); 155(966.01); 156(695.57); 157(911.41); 158(550.89); 159(699.54); 160(580.99); 161(976.12); 162(941.06); 163(246.68); 164(799.83); 165(288.01); 166(604.11); 167(988.05); 168(843.71); 169(187.6); 170(778.59); 171(859.65); 172(161.94); 173(672.83); 174(120.87); 175(292.32); 176(647.48); 177(691.56); 178(295.75); 179(743.01); 180(270.19); 181(683.93); 182(333.85); 183(154.71); 184(647.22); 185(674.04); 186(567.49); 187(407.48); 188(786.27); 189(45.65); 190(706.58); 191(154.79); 192(93.68); 193(869.32); 194(941.06); 195(206.99); 196(199.73); 197(577.59); 198(177.85); 199(360.97); 200(106.16); 201(664.41); 202(314.88); 203(639.82); 204(439.09); 205(367.89); 206(727.43); 207(598.8); 208(226.35); 209(431.03); 210(738.86); 211(699.02); 212(534.45); 213(602.93); 214(824.75); 215(829.85); 216(977.3); 217(288.79); 218(353.27); 219(379.66); 220(641.4); 221(870.96); 222(866.92); 223(762.23); 224(962.33); 225(375.99); 226(843.42); 227(167.06); 228(681.13); 229(170.52); 230(762.44); 231(666.98); 232(966.61); 233(151.41); 234(659.99); 235(102.72); 236(849.46); 237(923.22); 238(745.41); 239(759.86); 240(516.66); 241(774.47); 242(993.38); 243(172.33); 244(221.45); 245(721.91); 246(81.35); 247(361.31); 248(288.25); 249(20.25); 250(146.17); 251(786.39); 252(631.72); 253(704.82); 254(568.25); 255(375.46); 256(212.92); 257(360.33); 258(911.23); 259(215.66); 260(343.77); 261(762.56); 262(12.5); 263(555.42); 264(933.0); 265(410.66); 266(157.7); 267(562.67); 268(446.3); 269(655.26); 270(697.78); 271(131.56); 272(220.56); 273(165.68); 274(247.55); 275(775.13); 276(330.02); 277(634.09); 278(746.34); 279(904.66); 280(641.74); 281(736.33); 282(795.44); 283(677.5); 284(938.56); 285(656.82); 286(905.42); 287(36.64); 288(230.7); 289(963.54); 290(781.26); 291(721.72); 292(525.1); 293(299.97); 294(841.08); 295(541.54); 296(461.18); 297(693.58); 298(553.33); 299(541.63); 300(488.26); 301(485.69); 302(351.51); 303(103.23); 304(230.24); 305(27.27); 306(384.71); 307(251.92); 308(717.54); 309(236.09); 310(367.65); 311(522.89); 312(58.95); 313(61.57); 314(277.4); 315(935.03); 316(343.36); 317(201.65); 318(929.46); 319(483.44); 320(289.29); 321(854.18); 322(258.33); 323(100.54); 324(663.15); 325(558.08); 326(707.91); 327(425.33); 328(511.75); 329(537.46); 330(254.47); 331(864.1); 332(32.98); 333(603.66); 334(8.43); 335(509.89); 336(573.06); 337(697.38); 338(975.66); 339(187.02); 340(542.7); 341(353.12); 342(554.82); 343(287.16); 344(545.85); 345(451.63); 346(863.53); 347(195.12); 348(177.68); 349(863.26); 350(483.36); 351(847.93); 352(80.35); 353(171.73); 354(831.21); 355(468.11); 356(437.51); 357(844.19); 358(591.77); 359(362.29); 360(69.54); 361(277.35); 362(68.6); 363(219.46); 364(920.47); 365(737.33); 366(909.3); 367(104.72); 368(588.27); 369(791.57); 370(106.6); 371(779.9); 372(2.07); 373(357.66); 374(961.41); 375(300.83); 376(541.56); 377(381.78); 378(92.25); 379(492.9); 380(113.88); 381(275.45); 382(652.03); 383(924.4); 384(961.3); 385(441.91); 386(584.95); 387(181.51); 388(64.93); 389(407.89); 390(629.86); 391(419.39); 392(598.61); 393(659.99); 394(424.94); 395(2.24); 396(375.28); 397(844.19); 398(421.84); 399(468.34); 400(36.67); 401(618.63); 402(896.17); 403(131.29); 404(823.41); 405(7.42); 406(591.02); 407(752.42); 408(38.65); 409(235.21); 410(791.03); 411(659.39); 412(919.83); 413(635.77); 414(951.73); 415(305.19); 416(764.1); 417(727.46); 418(549.79); 419(375.87); 420(774.17); 421(773.02); 422(964.83); 423(619.82); 424(197.21); 425(655.55); 426(412.73); 427(783.22); 428(619.88); 429(789.08); 430(930.98); 431(745.35); 432(798.06); 433(86.39); 434(213.81); 435(548.28); 436(203.41); 437(81.6); 438(318.02); 439(120.56); 440(8.9); 441(621.86); 442(931.14); 443(695.59); 444(787.36); 445(859.3); 446(221.25); 447(305.78); 448(607.27); 449(100.17); 450(240.32); 451(516.36); 452(507.86); 453(168.12); 454(536.47); 455(672.2); 456(226.68); 457(909.31); 458(424.8); 459(738.55); 460(732.35); 461(423.11); 462(880.04); 463(39.49); 464(739.55); 465(86.99); 466(659.28); 467(702.44); 468(86.14); 469(901.69); 470(948.86); 471(317.27); 472(558.8); 473(221.96); 474(496.35); 475(931.58); 476(328.17); 477(153.76); 478(2.2); 479(937.71); 480(240.82); 481(567.88); 482(357.77); 483(511.64); 484(653.62); 485(392.37); 486(314.61); 487(708.62); 488(998.86); 489(217.13); 490(557.03); 491(783.04); 492(51.55); 493(437.99); 494(587.96); 495(244.37); 496(415.47); 497(881.8); 498(510.38); 499(255.88),2
74,0(317.8); 1(301.04); 2(721.32); 3(319.24); 4(668.45); 5(432.03); 6(360.9); 7(554.61); 8(153.75); 9(183.21); 10(405.33); 11(923.8); 12(88.21); 13(167.99); 14(109.6); 15(852.3); 16(536.12); 17(481.49); 18(156.48); 19(602.88); 20(572.55); 21(579.24); 22(592.33); 23(304.71); 24(4.18); 25(476.59); 26(80.15); 27(879.59); 28(282.04); 29(588.84); 30(825.36); 31(63.89); 32(234.63); 33(741.42); 34(86.95); 35(179.25); 36(770.56); 37(96.0); 38(949.85); 39(304.52); 40(396.91); 41(689.45); 42(133.21); 43(847.35); 44(894.57); 45(794.63); 46(774.93); 47(321.96); 48(698.3); 49(308.16); 50(93.48); 51(840.0); 52(847.88); 53(486.66); 54(274.26); 55(277.02); 56(997.45); 57(683.7); 58(476.9); 59(676.21); 60(554.9); 61(808.45); 62(26.99); 63(286.2); 64(405.04); 65(361.53); 66(906.28); 67(601.07); 68(690.37); 69(529.52); 70(838.11); 71(143.41); 72(506.38); 73(354.59); 75(783.11); 76(343.76); 77(285.71); 78(45.04); 79(530.8); 80(4.82); 81(502.2); 82(802.67); 83(319.86); 84(420.75); 85(965.22); 86(229.86); 87(282.06); 88(48.91); 89(622.76); 90(915.09); 91(645.21); 92(422.9); 93(303.41); 94(402.62); 95(962.07); 96(578.43); 97(412.02); 98(847.12); 99(989.21); 100(634.0); 101(639.41); 102(269.07); 103(33.12); 104(83.29); 105(421.85); 106(559.07); 107(20.96); 108(610.92); 109(51.57); 110(373.99); 111(228.73); 112(129.74); 113(794.6); 114(68.83); 115(670.61); 116(717.35); 117(427.26); 118(577.13); 119(772.12); 120(428.4); 121(157.42); 122(874.16); 123(65.84); 124(683.48); 125(687.04); 126(138.58); 127(86.33); 128(255.08); 129(306.49); 130(923.62); 131(623.58); 132(890.62); 133(100.9); 134(444.29); 135(24.65); 136(347.33); 137(803.63); 138(711.0); 139(270.65); 140(83.04); 141(138.94); 142(293.31); 143(578.7); 144(281.7); 145(523.15); 146(350.98); 147(345.21); 148(794.44); 149(220.27); 150(821.97); 151(435.37); 152(361.13); 153(193.22); 154(535.98); 155(808.92); 156(88.13); 157(553.07); 158(100.61); 159(988.66); 160(175.97); 161(281.53); 162(732.13); 163(912.65); 164(159.65); 165(568.82); 166(387.47); 167(893.5); 168(145.85); 169(436.68); 170(273.06); 171(985.7); 172(121.02); 173(61.75); 174(328.07); 175(444.71); 176(770.57); 177(313.29); 178(424.17); 179(261.03); 180(406.72); 181(105.28); 182(520.69); 183(432.71); 184(781.83); 185(21.61); 186(331.35); 187(649.64); 188(819.24); 189(441.29); 190(168.97); 191(45.29); 192(268.57); 193(303.17); 194(102.67); 195(55.4); 196(336.43); 197(122.07); 198(712.51); 199(811.6); 200(0.71); 201(315.05); 202(494.39); 203(564.8); 204(557.65); 205(642.77); 206(128.34); 207(679.9); 208(809.2); 209(60.89); 210(826.58); 211(230.22); 212(804.5); 213(856.56); 214(748.69); 215(284.45); 216(159.73); 217(964.31); 218(892.25); 219(197.5); 220(87.08); 221(525.7); 222(176.37); 223(619.96); 224(169.02); 225(803.48); 226(847.73); 227(896.12); 228(253.93); 229(15.91); 230(373.0); 231(222.01); 232(52.22); 233(912.61); 234(731.24); 235(938.73); 236(903.74); 237(671.05); 238(585.05); 239(482.24); 240(968.74); 241(333.95); 242(764.09); 243(984.03); 244(941.62); 245(902.24); 246(560.12); 247(493.41); 248(789.32); 249(317.67); 250(491.21); 251(199.76); 252(544.31); 253(420.46); 254(302.5); 255(283.68); 256(610.92); 257(176.3); 258(647.55); 259(623.84); 260(596.04); 261(926.64); 262(354.93); 263(250.51); 264(448.84); 265(545.25); 266(512.07); 267(284.33); 268(790.84); 269(80.0); 270(857.95); 271(178.64); 272(641.62); 273(472.42); 274(576.55); 275(419.53); 276(311.86); 277(697.57); 278(753.17); 279(594.05); 280(526.14); 281(778.69); 282(561.04); 283(389.26); 284(574.6); 285(414.85); 286(34.52); 287(173.38); 288(3.51); 289(968.3); 290(230.73); 291(744.61); 292(173.81); 293(118.52); 294(718.42); 295(32.29); 296(283.4); 297(450.32); 298(78.5); 299(581.13); 300(969.86); 301(722.22); 302(711.88); 303(773.58); 304(888.82); 305(357.55); 306(258.88); 307(671.13); 308(652.89); 309(787.61); 310(45.93); 311(654.25); 312(373.27); 313(74.89); 314(106.13); 315(463.65); 316(681.92); 317(975.46); 318(336.35); 319(994.32); 320(379.04); 321(358.38); 322(232.82); 323(59.07); 324(166.47); 325(214.83); 326(956.23); 327(601.97); 328(50.65); 329(935.69); 330(934.34); 331(635.73); 332(632.3); 333(105.66); 334(699.23); 335(981.47); 336(995.17); 337(591.61); 338(41.03); 339(563.15); 340(740.88); 341(599.94); 342(745.76); 343(466.58); 344(916.76); 345(871.41); 346(45.33); 347(343.14); 348(628.66); 349(452.93); 350(516.71); 351(22.51); 352(170.94); 353(178.09); 354(771.15); 355(383.87); 356(374.55); 357(883.24); 358(688.25); 359(900.15); 360(281.32); 361(591.41); 362(2.54); 363(396.59); 364(151.27); 365(887.54); 366(643.65); 367(228.71); 368(891.8); 369(672.29); 370(81.18); 371(503.62); 372(628.28); 373(586.43); 374(680.74); 375(708.17); 376(481.32); 377(340.76); 378(329.41); 379(667.11); 380(210.76); 381(761.37); 382(816.39); 383(293.88); 384(425.18); 385(588.64); 386(568.19); 387(982.12); 388(79.53); 389(341.65); 390(885.36); 391(250.4); 392(924.69); 393(2.82); 394(380.98); 395(958.7); 396(41.28); 397(712.59); 398(250.3); 399(178.98); 400(293.38); 401(687.23); 402(100.64); 403(604.97); 404(450.43); 405(296.8); 406(477.13); 407(30.25); 408(159.6); 409(843.07); 410(784.76); 411(656.6); 412(20.76); 413(939.07); 414(918.91); 415(275.92); 416(557.65); 417(713.68); 418(639.25); 419(719.31); 420(434.66); 421(42.76); 422(500.22); 423(93.84); 424(38.68); 425(624.4); 426(201.28); 427(892.27); 428(277.24); 429(151.9); 430(87.2); 431(634.9); 432(352.71); 433(73.8); 434(493.98); 435(140.44); 436(214.01); 437(421.92); 438(506.72); 439(613.09); 440(351.67); 441(387.21); 442(775.63); 443(354.7); 444(148.75); 445(123.54); 446(508.8); 447(159.53); 448(547.74); 449(409.93); 450(822.14); 451(656.06); 452(973.87); 453(558.51); 454(516.02); 455(336.52); 456(630.53); 457(774.4); 458(662.16); 459(308.36); 460(968.8); 461(768.44); 462(671.81); 463(504.05); 464(773.57); 465(162.83); 466(914.93); 467(568.88); 468(678.38); 469(92.82); 470(210.27); 471(897.75); 472(553.48); 473(264.7); 474(952.83); 475(538.62); 476(174.95); 477(416.46); 478(744.04); 479(493.76); 480(197.34); 481(116.72); 482(520.52); 483(584.97); 484(549.64); 485(610.0); 486(826.95); 487(709.01); 488(301.82); 489(967.83); 490(780.69); 491(28.89); 492(412.99); 493(568.26); 494(18.7); 495(910.62); 496(153.83); 497(877.26); 498(354.84); 499(611.46),1
75,0(234.05); 1(423.37); 2(837.53); 3(962.42); 4(228.95); 5(594.42); 6(289.47); 7(838.73); 8(931.67); 9(121.23); 10(462.24); 11(138.26); 12(899.64); 13(240.96); 14(813.35); 15(688.72); 16(120.75); 17(399.11); 18(76.38); 19(641.14); 20(360.5); 21(379.35); 22(955.16); 23(393.82); 24(461.7); 25(408.22); 26(640.52); 27(581.0); 28(259.64); 29(112.94); 30(632.89); 31(835.84); 32(606.14); 33(478.58); 34(936.57); 35(10.12); 36(289.99); 37(61.85); 38(968.66); 39(223.76); 40(318.45); 41(243.46); 42(992.04); 43(450.52); 44(709.03); 45(481.05); 46(244.26); 47(958.92); 48(291.86); 49(337.6); 50(113.23); 51(906.27); 52(312.67); 53(43.91); 54(729.38); 55(450.11); 56(966.17); 57(461.68); 58(146.54); 59(283.29); 60(640.8); 61(369.49); 62(777.29); 63(207.32); 64(132.75); 65(121.53); 66(509.27); 67(212.79); 68(822.78); 69(19.4); 70(74.81); 71(499.04); 72(577.35); 73(147.74); 74(783.11); 76(582.23); 77(135.5); 78(594.0); 79(769.86); 80(553.19); 81(51.13); 82(377.76); 83(797.5); 84(765.36); 85(640.48); 86(626.7); 87(847.38); 88(607.1); 89(732.75); 90(35.95); 91(242.62); 92(744.46); 93(57.58); 94(265.8); 95(38.22); 96(595.08); 97(959.73); 98(961.05); 99(665.63); 100(579.64); 101(190.63); 102(969.91); 103(735.85); 104(428.19); 105(576.1); 106(669.26); 107(868.61); 108(750.28); 109(353.35); 110(40.49); 111(256.92); 112(415.7); 113(206.26); 114(632.49); 115(945.29); 116(140.41); 117(461.16); 118(448.62); 119(564.49); 120(41.59); 121(890.36); 122(429.41); 123(86.65); 124(774.43); 125(409.82); 126(942.47); 127(169.21); 128(60.13); 129(383.19); 130(15.82); 131(869.55); 132(234.6); 133(250.75); 134(722.32); 135(222.63); 136(638.69); 137(349.52); 138(700.3); 139(674.7); 140(276.39); 141(117.0); 142(703.9); 143(75.53); 144(880.13); 145(505.08); 146(318.66); 147(740.58); 148(119.99); 149(831.99); 150(130.24); 151(844.41); 152(1.52); 153(798.44); 154(115.11); 155(62.37); 156(305.06); 157(890.12); 158(651.41); 159(494.74); 160(830.08); 161(62.23); 162(171.99); 163(677.82); 164(435.39); 165(2.0); 166(861.58); 167(196.83); 168(804.53); 169(435.2); 170(931.63); 171(986.49); 172(524.6); 173(497.45); 174(766.49); 175(222.92); 176(166.09); 177(935.73); 178(359.39); 179(740.56); 180(634.96); 181(828.67); 182(939.42); 183(396.53); 184(651.57); 185(427.14); 186(779.05); 187(848.84); 188(288.07); 189(128.37); 190(583.95); 191(768.67); 192(333.38); 193(959.13); 194(683.45); 195(113.33); 196(299.72); 197(369.24); 198(432.1); 199(229.32); 200(658.51); 201(318.5); 202(119.69); 203(164.61); 204(200.89); 205(992.98); 206(381.33); 207(445.04); 208(522.81); 209(146.88); 210(947.19); 211(365.01); 212(148.43); 213(812.96); 214(377.07); 215(94.59); 216(5.62); 217(158.75); 218(974.55); 219(350.11); 220(609.99); 221(88.61); 222(59.52); 223(727.65); 224(11.77); 225(866.09); 226(606.43); 227(951.68); 228(865.82); 229(120.61); 230(857.2); 231(291.24); 232(245.27); 233(188.75); 234(980.17); 235(725.74); 236(331.06); 237(463.38); 238(14.02); 239(69.48); 240(780.35); 241(620.01); 242(55.26); 243(868.71); 244(336.59); 245(989.69); 246(944.21); 247(847.15); 248(616.93); 249(946.11); 250(452.01); 251(91.16); 252(212.87); 253(269.43); 254(126.72); 255(161.43); 256(578.29); 257(11.18); 258(590.17); 259(839.45); 260(614.15); 261(840.87); 262(672.27); 263(510.86); 264(226.97); 265(170.18); 266(747.59); 267(299.76); 268(806.39); 269(283.73); 270(667.92); 271(152.97); 272(163.53); 273(769.18); 274(173.98); 275(779.95); 276(429.32); 277(200.99); 278(684.92); 279(711.63); 280(758.52); 281(217.08); 282(994.36); 283(786.42); 284(39.98); 285(551.17); 286(674.15); 287(149.01); 288(656.42); 289(18.05); 290(697.67); 291(44.26); 292(906.33); 293(313.55); 294(880.54); 295(366.77); 296(958.74); 297(810.73); 298(724.77); 299(990.05); 300(321.64); 301(195.52); 302(923.8); 303(212.31); 304(674.06); 305(196.2); 306(532.17); 307(322.85); 308(802.34); 309(584.14); 310(417.0); 311(647.78); 312(35.7); 313(482.56); 314(62.34); 315(340.16); 316(339.68); 317(827.32); 318(330.03); 319(117.26); 320(699.37); 321(190.76); 322(878.74); 323(453.74); 324(631.85); 325(103.94); 326(949.35); 327(506.11); 328(523.14); 329(938.42); 330(40.65); 331(828.93); 332(637.06); 333(529.61); 334(133.68); 335(741.21); 336(958.16); 337(102.18); 338(635.58); 339(780.47); 340(422.31); 341(949.59); 342(300.68); 343(784.37); 344(295.59); 345(652.53); 346(497.19); 347(188.3); 348(351.18); 349(722.01); 350(581.65); 351(414.82); 352(249.05); 353(84.4); 354(621.06); 355(391.11); 356(433.51); 357(815.97); 358(4.52); 359(91.74); 360(70.56); 361(74.87); 362(661.78); 363(186.14); 364(599.76); 365(38.59); 366(939.9); 367(697.21); 368(255.08); 369(79.23); 370(372.75); 371(352.62); 372(247.78); 373(555.14); 374(345.17); 375(695.82); 376(78.34); 377(38.27); 378(153.66); 379(918.95); 380(130.86); 381(200.74); 382(899.71); 383(587.4); 384(498.74); 385(108.25); 386(362.32); 387(458.81); 388(871.41); 389(400.48); 390(382.32); 391(581.99); 392(432.79); 393(828.55); 394(33.42); 395(766.82); 396(425.98); 397(509.98); 398(475.06); 399(143.9); 400(296.32); 401(351.22); 402(147.72); 403(269.57); 404(470.94); 405(684.8); 406(11.79); 407(0.26); 408(680.54); 409(867.97); 410(269.07); 411(831.01); 412(374.28); 413(570.23); 414(524.84); 415(78.95); 416(842.04); 417(369.13); 418(269.63); 419(343.49); 420(445.77); 421(966.9); 422(949.09); 423(250.98); 424(637.33); 425(728.77); 426(702.6); 427(364.51); 428(99.49); 429(535.89); 430(740.96); 431(796.17); 432(827.36); 433(578.86); 434(14.77); 435(264.7); 436(349.38); 437(409.55); 438(66.78); 439(959.17); 440(726.46); 441(988.16); 442(767.29); 443(399.08); 444(56.84); 445(374.17); 446(937.84); 447(939.71); 448(197.6); 449(712.0); 450(169.4); 451(148.64); 452(990.64); 453(761.23); 454(355.0); 455(259.39); 456(559.06); 457(614.42); 458(538.63); 459(193.9); 460(552.79); 461(3.11); 462(642.63); 463(340.61); 464(300.62); 465(713.93); 466(845.42); 467(27.54); 468(848.49); 469(730.01); 470(246.17); 471(936.49); 472(444.54); 473(861.67); 474(239.28); 475(592.67); 476(823.73); 477(252.94); 478(109.89); 479(158.22); 480(411.37); 481(225.55); 482(557.83); 483(201.81); 484(281.96); 485(415.25); 486(54.09); 487(692.02); 488(586.68); 489(366.46); 490(506.36); 491(980.43); 492(310.63); 493(569.8); 494(798.02); 495(381.57); 496(57.54); 497(396.28); 498(388.76); 499(124.8),1
76,0(483.18); 1(970.62); 2(176.36); 3(4.38); 4(535.83); 5(23.62); 6(873.71); 7(196.54); 8(69.61); 9(319.71); 10(300.04); 11(830.39); 12(443.21); 13(171.09); 14(851.09); 15(935.81); 16(35.52); 17(800.1); 18(530.32); 19(981.22); 20(143.8); 21(969.54); 22(906.46); 23(532.42); 24(185.07); 25(559.93); 26(507.49); 27(783.71); 28(939.61); 29(772.91); 30(570.05); 31(411.38); 32(235.52); 33(249.56); 34(755.04); 35(518.24); 36(556.23); 37(30.52); 38(567.57); 39(468.27); 40(665.95); 41(246.88); 42(318.75); 43(847.63); 44(751.49); 45(739.45); 46(814.2); 47(633.36); 48(729.01); 49(973.07); 50(966.72); 51(240.76); 52(296.27); 53(7.86); 54(538.31); 55(362.45); 56(199.3); 57(704.01); 58(538.09); 59(482.35); 60(576.69); 61(146.5); 62(500.93); 63(776.32); 64(837.26); 65(329.69); 66(287.89); 67(101.22); 68(143.73); 69(155.62); 70(695.83); 71(209.07); 72(467.48); 73(440.46); 74(343.76); 75(582.23); 77(681.16); 78(801.4); 79(678.51); 80(11.3); 81(465.74); 82(94.42); 83(881.72); 84(22.44); 85(337.75); 86(647.98); 87(821.54); 88(406.44); 89(190.11); 90(267.08); 91(436.04); 92(579.21); 93(284.94); 94(689.08); 95(450.58); 96(734.76); 97(918.74); 98(193.56); 99(199.6); 100(493.44); 101(806.21); 102(628.25); 103(615.76); 104(245.86); 105(579.31); 106(498.55); 107(639.26); 108(549.0); 109(544.5); 110(344.59); 111(627.13); 112(96.22); 113(845.92); 114(98.1); 115(71.53); 116(502.79); 117(134.73); 118(47.21); 119(124.49); 120(385.47); 121(165.32); 122(877.92); 123(302.38); 124(743.13); 125(238.16); 126(760.63); 127(265.07); 128(246.35); 129(320.97); 130(857.66); 131(801.19); 132(468.87); 133(416.99); 134(315.14); 135(923.13); 136(981.63); 137(470.25); 138(203.85); 139(663.12); 140(549.5); 141(678.15); 142(45.83); 143(725.18); 144(956.22); 145(915.12); 146(819.93); 147(535.55); 148(59.96); 149(607.02); 150(726.42); 151(554.79); 152(982.26); 153(66.83); 154(445.2); 155(545.73); 156(589.83); 157(46.77); 158(491.23); 159(187.39); 160(477.48); 161(390.08); 162(9.61); 163(834.6); 164(552.25); 165(104.77); 166(300.14); 167(813.56); 168(576.23); 169(193.05); 170(232.59); 171(411.6); 172(739.52); 173(909.27); 174(387.16); 175(233.93); 176(565.79); 177(970.0); 178(938.66); 179(782.05); 180(238.15); 181(174.6); 182(124.16); 183(44.71); 184(400.14); 185(93.45); 186(106.82); 187(896.55); 188(777.6); 189(214.56); 190(265.02); 191(305.68); 192(57.53); 193(83.94); 194(267.13); 195(410.91); 196(867.84); 197(726.58); 198(186.97); 199(618.68); 200(887.27); 201(292.07); 202(169.49); 203(745.4); 204(305.11); 205(764.55); 206(920.8); 207(699.04); 208(465.31); 209(362.78); 210(426.53); 211(378.65); 212(89.0); 213(55.3); 214(418.51); 215(26.62); 216(681.05); 217(959.69); 218(534.82); 219(83.81); 220(661.61); 221(425.89); 222(795.23); 223(194.01); 224(799.2); 225(884.82); 226(952.84); 227(954.1); 228(328.69); 229(953.31); 230(402.97); 231(716.03); 232(159.82); 233(350.28); 234(926.68); 235(934.32); 236(274.63); 237(719.03); 238(955.29); 239(534.3); 240(883.2); 241(830.6); 242(46.79); 243(514.91); 244(173.33); 245(42.0); 246(101.77); 247(819.61); 248(757.98); 249(759.25); 250(758.71); 251(326.34); 252(853.62); 253(500.53); 254(525.91); 255(761.39); 256(871.34); 257(231.7); 258(717.96); 259(711.1); 260(278.96); 261(717.55); 262(388.22); 263(996.0); 264(565.71); 265(1.45); 266(237.86); 267(255.17); 268(36.81); 269(756.13); 270(285.53); 271(131.1); 272(737.91); 273(134.57); 274(711.11); 275(572.44); 276(156.04); 277(489.19); 278(382.77); 279(354.54); 280(254.27); 281(706.52); 282(9.0); 283(63.23); 284(61.73); 285(553.69); 286(146.92); 287(638.45); 288(148.78); 289(636.3); 290(717.27); 291(539.05); 292(419.14); 293(318.61); 294(161.59); 295(336.83); 296(729.15); 297(169.78); 298(474.28); 299(92.63); 300(978.56); 301(831.59); 302(51.6); 303(835.12); 304(832.95); 305(627.4); 306(2.46); 307(590.45); 308(285.93); 309(613.65); 310(32.23); 311(280.72); 312(200.41); 313(85.35); 314(219.94); 315(119.28); 316(916.09); 317(925.3); 318(612.25); 319(304.93); 320(558.62); 321(672.62); 322(671.44); 323(557.24); 324(317.65); 325(795.73); 326(617.2); 327(181.66); 328(968.51); 329(987.01); 330(190.84); 331(238.72); 332(410.56); 333(579.17); 334(303.83); 335(776.69); 336(946.45); 337(848.18); 338(812.68); 339(323.23); 340(941.54); 341(458.39); 342(792.5); 343(828.94); 344(440.45); 345(913.27); 346(894.81); 347(288.74); 348(303.19); 349(462.55); 350(899.49); 351(767.02); 352(542.2); 353(7.07); 354(982.13); 355(69.59); 356(460.57); 357(349.82); 358(938.68); 359(904.29); 360(497.12); 361(512.13); 362(191.24); 363(235.88); 364(351.25); 365(590.7); 366(97.55); 367(865.66); 368(892.45); 369(403.25); 370(866.27); 371(200.49); 372(849.77); 373(995.57); 374(595.33); 375(347.72); 376(65.25); 377(243.4); 378(841.95); 379(804.61); 380(146.13); 381(560.77); 382(445.09); 383(83.77); 384(343.75); 385(208.91); 386(403.45); 387(274.18); 388(584.93); 389(600.91); 390(674.97); 391(601.95); 392(662.91); 393(832.36); 394(194.99); 395(936.76); 396(316.96); 397(389.64); 398(666.38); 399(977.34); 400(112.76); 401(369.81); 402(347.92); 403(321.64); 404(136.88); 405(103.49); 406(513.56); 407(554.93); 408(687.49); 409(411.82); 410(451.27); 411(364.06); 412(99.32); 413(563.68); 414(617.52); 415(97.82); 416(285.44); 417(559.91); 418(287.05); 419(809.76); 420(622.8); 421(922.85); 422(231.53); 423(39.74); 424(639.76); 425(1.25); 426(71.39); 427(969.96); 428(844.8); 429(879.18); 430(831.81); 431(230.86); 432(936.05); 433(199.43); 434(89.12); 435(135.67); 436(646.63); 437(973.12); 438(831.9); 439(755.94); 440(88.02); 441(205.93); 442(510.21); 443(366.58); 444(760.72); 445(99.46); 446(898.28); 447(634.78); 448(252.73); 449(396.65); 450(932.53); 451(206.24); 452(287.14); 453(361.96); 454(858.75); 455(442.16); 456(322.35); 457(656.35); 458(232.62); 459(62.32); 460(771.77); 461(295.6); 462(86.74); 463(318.74); 464(489.79); 465(661.52); 466(551.7); 467(237.17); 468(906.89); 469(225.82); 470(132.05); 471(929.03); 472(443.62); 473(300.37); 474(734.67); 475(74.2); 476(355.75); 477(240.32); 478(879.51); 479(555.28); 480(347.45); 481(282.34); 482(403.7); 483(420.28); 484(836.56); 485(29.56); 486(423.14); 487(655.22); 488(876.7); 489(455.09); 490(436.17); 491(316.88); 492(582.96); 493(5.38); 494(792.84); 495(674.8); 496(922.26); 497(278.61); 498(616.64); 499(649.29),1
77,0(96.94); 1(815.82); 2(893.14); 3(839.13); 4(114.51); 5(487.76); 6(364.97); 7(915.93); 8(820.05); 9(350.1); 10(658.91); 11(560.08); 12(756.17); 13(379.17); 14(131.42); 15(319.25); 16(806.69); 17(559.07); 18(30.94); 19(468.52); 20(109.78); 21(963.4); 22(310.27); 23(649.92); 24(909.93); 25(761.86); 26(676.51); 27(794.15); 28(113.29); 29(664.58); 30(404.06); 31(727.98); 32(622.52); 33(911.01); 34(749.49); 35(776.39); 36(40.5); 37(496.97); 38(670.31); 39(250.32); 40(849.8); 41(196.59); 42(937.79); 43(19.11); 44(510.49); 45(807.31); 46(788.25); 47(858.14); 48(998.1); 49(197.1); 50(994.22); 51(933.5); 52(80.0); 53(785.1); 54(416.19); 55(487.88); 56(447.29); 57(390.04); 58(182.02); 59(202.7); 60(428.94); 61(782.27); 62(430.1); 63(655.22); 64(968.9); 65(781.2); 66(264.3); 67(529.56); 68(863.95); 69(957.35); 70(935.75); 71(563.13); 72(985.58); 73(830.55); 74(285.71); 75(135.5); 76(681.16); 78(738.44); 79(264.73); 80(458.31); 81(881.29); 82(127.71); 83(750.66); 84(778.24); 85(52.85); 86(296.11); 87(11.48); 88(670.43); 89(646.31); 90(471.08); 91(91.56); 92(179.48); 93(773.43); 94(279.26); 95(329.2); 96(716.17); 97(697.23); 98(583.27); 99(326.38); 100(532.51); 101(200.08); 102(862.48); 103(740.32); 104(600.5); 105(832.12); 106(855.74); 107(40.29); 108(571.47); 109(54.04); 110(647.81); 111(640.02); 112(289.14); 113(886.15); 114(41.18); 115(577.15); 116(775.4); 117(969.48); 118(135.71); 119(267.66); 120(541.52); 121(929.34); 122(567.43); 123(735.17); 124(395.1); 125(635.35); 126(823.83); 127(478.44); 128(465.55); 129(76.86); 130(868.6); 131(468.2); 132(637.02); 133(534.47); 134(694.4); 135(188.18); 136(435.66); 137(944.4); 138(387.44); 139(757.3); 140(449.01); 141(329.57); 142(17.54); 143(725.94); 144(878.88); 145(118.75); 146(35.8); 147(879.2); 148(515.7); 149(127.86); 150(18.84); 151(547.06); 152(403.68); 153(415.72); 154(664.81); 155(402.07); 156(261.92); 157(798.73); 158(844.89); 159(349.41); 160(833.43); 161(949.6); 162(77.69); 163(404.3); 164(801.5); 165(458.05); 166(783.86); 167(479.76); 168(76.65); 169(749.79); 170(116.94); 171(602.3); 172(809.36); 173(640.95); 174(779.37); 175(445.76); 176(360.52); 177(837.1); 178(834.34); 179(311.16); 180(375.72); 181(48.39); 182(871.53); 183(20.71); 184(723.8); 185(432.99); 186(431.61); 187(880.01); 188(408.56); 189(397.33); 190(333.26); 191(683.62); 192(280.59); 193(398.66); 194(270.47); 195(526.51); 196(784.31); 197(760.55); 198(927.28); 199(851.11); 200(947.58); 201(897.71); 202(632.37); 203(999.97); 204(45.04); 205(515.59); 206(576.76); 207(851.86); 208(615.07); 209(524.71); 210(772.02); 211(492.46); 212(300.92); 213(420.21); 214(205.53); 215(936.23); 216(831.02); 217(352.71); 218(441.64); 219(3.51); 220(598.64); 221(729.85); 222(571.21); 223(937.99); 224(636.6); 225(290.6); 226(349.03); 227(642.74); 228(20.87); 229(739.54); 230(12.39); 231(885.82); 232(688.14); 233(358.22); 234(548.1); 235(659.38); 236(730.42); 237(988.56); 238(781.0); 239(601.05); 240(346.28); 241(231.97); 242(941.0); 243(712.79); 244(956.9); 245(661.63); 246(893.22); 247(585.83); 248(987.63); 249(11.34); 250(117.0); 251(465.03); 252(71.99); 253(376.36); 254(321.08); 255(278.81); 256(973.54); 257(329.5); 258(699.25); 259(992.41); 260(622.29); 261(857.3); 262(415.76); 263(438.6); 264(299.66); 265(564.19); 266(46.7); 267(603.72); 268(156.97); 269(319.79); 270(630.04); 271(129.11); 272(238.26); 273(774.9); 274(498.53); 275(828.25); 276(319.64); 277(875.99); 278(961.3); 279(443.77); 280(696.91); 281(428.85); 282(870.87); 283(830.88); 284(371.2); 285(7.44); 286(336.4); 287(291.73); 288(687.73); 289(817.21); 290(947.38); 291(621.5); 292(447.66); 293(470.65); 294(14.45); 295(239.16); 296(668.26); 297(528.84); 298(605.28); 299(210.94); 300(30.97); 301(237.89); 302(480.26); 303(463.77); 304(304.42); 305(156.59); 306(6.55); 307(939.18); 308(817.19); 309(47.53); 310(438.39); 311(793.55); 312(559.41); 313(580.04); 314(376.21); 315(993.53); 316(995.84); 317(295.26); 318(697.64); 319(685.15); 320(701.08); 321(890.28); 322(106.5); 323(962.17); 324(658.63); 325(729.07); 326(862.0); 327(504.34); 328(3.45); 329(397.01); 330(675.34); 331(569.11); 332(754.32); 333(927.12); 334(25.51); 335(611.67); 336(690.06); 337(309.23); 338(891.0); 339(151.28); 340(621.98); 341(884.15); 342(452.88); 343(9.05); 344(746.37); 345(436.65); 346(373.87); 347(860.48); 348(182.72); 349(903.31); 350(737.41); 351(649.18); 352(133.43); 353(176.66); 354(629.14); 355(694.23); 356(476.18); 357(555.5); 358(511.95); 359(447.65); 360(938.65); 361(226.23); 362(775.19); 363(541.59); 364(207.11); 365(15.99); 366(534.02); 367(114.42); 368(193.81); 369(32.13); 370(230.98); 371(375.69); 372(199.0); 373(434.08); 374(944.56); 375(475.53); 376(204.55); 377(37.68); 378(852.35); 379(911.09); 380(359.22); 381(95.07); 382(462.46); 383(638.88); 384(963.21); 385(223.96); 386(649.7); 387(738.41); 388(46.27); 389(406.47); 390(977.67); 391(649.55); 392(326.75); 393(424.71); 394(388.79); 395(620.64); 396(514.83); 397(907.8); 398(325.11); 399(245.18); 400(372.47); 401(850.02); 402(750.31); 403(118.49); 404(578.09); 405(912.02); 406(848.04); 407(780.91); 408(853.22); 409(880.29); 410(525.35); 411(810.85); 412(704.46); 413(110.81); 414(788.48); 415(120.13); 416(274.33); 417(21.5); 418(118.22); 419(291.53); 420(378.28); 421(664.01); 422(726.58); 423(823.77); 424(448.82); 425(735.1); 426(369.93); 427(102.57); 428(173.82); 429(549.79); 430(353.81); 431(639.91); 432(325.0); 433(177.31); 434(807.43); 435(93.44); 436(313.31); 437(574.5); 438(275.13); 439(424.16); 440(959.92); 441(877.91); 442(776.18); 443(631.58); 444(408.65); 445(118.28); 446(439.55); 447(160.3); 448(160.36); 449(523.35); 450(661.5); 451(893.31); 452(461.1); 453(252.65); 454(827.08); 455(683.23); 456(977.25); 457(459.84); 458(357.35); 459(868.47); 460(405.83); 461(26.68); 462(979.35); 463(205.78); 464(379.06); 465(221.33); 466(448.99); 467(257.54); 468(36.24); 469(486.72); 470(784.97); 471(164.5); 472(743.36); 473(196.14); 474(833.88); 475(821.32); 476(824.45); 477(354.76); 478(866.29); 479(821.57); 480(234.88); 481(603.96); 482(218.78); 483(24.47); 484(577.62); 485(841.9); 486(113.32); 487(765.4); 488(460.81); 489(501.22); 490(730.92); 491(876.13); 492(840.13); 493(887.79); 494(333.55); 495(138.92); 496(175.95); 497(707.67); 498(283.28); 499(467.68),1
78,0(18.0); 1(425.8); 2(131.29); 3(387.2); 4(577.31); 5(334.55); 6(870.04); 7(157.84); 8(408.6); 9(88.92); 10(797.12); 11(553.03); 12(807.33); 13(585.72); 14(379.98); 15(2.34); 16(492.09); 17(731.9); 18(178.47); 19(196.67); 20(442.21); 21(797.2); 22(135.65); 23(775.65); 24(992.79); 25(55.2); 26(832.73); 27(887.67); 28(346.8); 29(74.07); 30(724.51); 31(397.04); 32(250.82); 33(263.26); 34(458.02); 35(211.01); 36(747.17); 37(407.36); 38(939.05); 39(987.2); 40(790.7); 41(579.68); 42(516.85); 43(383.82); 44(974.23); 45(330.17); 46(990.68); 47(222.63); 48(938.48); 49(684.86); 50(185.63); 51(564.7); 52(150.91); 53(176.49); 54(473.23); 55(869.17); 56(493.67); 57(394.06); 58(699.98); 59(163.45); 60(518.04); 61(364.07); 62(441.24); 63(885.63); 64(434.92); 65(274.36); 66(277.31); 67(304.94); 68(293.48); 69(463.48); 70(311.22); 71(742.43); 72(182.94); 73(384.14); 74(45.04); 75(594.0); 76(801.4); 77(738.44); 79(232.86); 80(86.1); 81(976.03); 82(274.77); 83(892.89); 84(649.99); 85(417.25); 86(307.24); 87(521.57); 88(992.93); 89(248.65); 90(482.84); 91(537.64); 92(447.98); 93(271.29); 94(287.09); 95(94.75); 96(367.38); 97(589.95); 98(851.64); 99(333.91); 100(615.21); 101(460.9); 102(474.63); 103(186.32); 104(555.81); 105(489.17); 106(751.86); 107(384.02); 108(112.56); 109(731.04); 110(764.2); 111(76.16); 112(817.04); 113(985.3); 114(720.64); 115(544.95); 116(855.76); 117(150.55); 118(481.7); 119(549.54); 120(789.65); 121(327.63); 122(389.71); 123(54.23); 124(158.97); 125(980.19); 126(956.58); 127(71.83); 128(656.43); 129(921.66); 130(891.24); 131(701.28); 132(218.99); 133(803.1); 134(406.67); 135(425.46); 136(161.17); 137(822.17); 138(654.99); 139(232.05); 140(774.65); 141(613.74); 142(196.13); 143(854.43); 144(998.97); 145(918.21); 146(224.0); 147(908.72); 148(798.13); 149(271.5); 150(341.49); 151(528.55); 152(964.1); 153(211.17); 154(558.42); 155(248.65); 156(387.11); 157(195.95); 158(43.58); 159(601.69); 160(761.98); 161(90.07); 162(348.1); 163(395.81); 164(363.61); 165(307.69); 166(167.59); 167(135.73); 168(977.41); 169(652.88); 170(502.43); 171(47.36); 172(905.18); 173(72.92); 174(165.13); 175(996.13); 176(713.19); 177(699.45); 178(912.5); 179(3.74); 180(753.52); 181(422.05); 182(784.91); 183(66.24); 184(536.33); 185(936.51); 186(648.72); 187(638.43); 188(787.83); 189(678.18); 190(353.47); 191(223.5); 192(945.69); 193(16.76); 194(122.7); 195(641.0); 196(278.15); 197(952.02); 198(537.34); 199(152.95); 200(74.97); 201(238.36); 202(689.05); 203(416.13); 204(862.62); 205(770.93); 206(758.75); 207(276.36); 208(100.89); 209(558.03); 210(856.46); 211(882.92); 212(667.42); 213(352.95); 214(171.32); 215(946.5); 216(677.96); 217(391.84); 218(388.42); 219(147.91); 220(640.38); 221(984.41); 222(821.35); 223(280.8); 224(676.59); 225(607.92); 226(707.13); 227(284.63); 228(122.24); 229(763.82); 230(320.5); 231(326.55); 232(410.07); 233(329.0); 234(884.3); 235(318.31); 236(123.29); 237(368.16); 238(564.7); 239(509.36); 240(829.58); 241(654.47); 242(984.05); 243(860.74); 244(484.03); 245(410.94); 246(184.55); 247(590.19); 248(934.72); 249(526.42); 250(697.12); 251(785.76); 252(465.27); 253(526.03); 254(712.84); 255(968.33); 256(658.91); 257(108.25); 258(50.56); 259(67.38); 260(498.11); 261(441.43); 262(683.37); 263(996.31); 264(943.3); 265(770.33); 266(984.48); 267(580.87); 268(768.3); 269(704.65); 270(123.04); 271(330.99); 272(511.82); 273(331.65); 274(506.12); 275(110.03); 276(45.48); 277(602.06); 278(561.51); 279(546.7); 280(221.05); 281(287.64); 282(444.41); 283(178.93); 284(903.21); 285(880.8); 286(29.87); 287(574.18); 288(560.63); 289(349.65); 290(102.4); 291(553.39); 292(301.91); 293(314.49); 294(463.18); 295(233.75); 296(454.2); 297(543.78); 298(283.22); 299(169.04); 300(844.23); 301(386.57); 302(374.67); 303(705.43); 304(48.83); 305(649.7); 306(643.16); 307(530.36); 308(885.45); 309(882.09); 310(250.88); 311(139.97); 312(349.31); 313(739.18); 314(570.69); 315(995.39); 316(47.27); 317(775.04); 318(379.73); 319(174.48); 320(312.28); 321(196.54); 322(208.87); 323(723.09); 324(371.08); 325(795.97); 326(194.06); 327(763.79); 328(294.26); 329(653.07); 330(858.33); 331(924.99); 332(224.02); 333(383.17); 334(845.13); 335(996.15); 336(208.82); 337(497.84); 338(859.52); 339(997.55); 340(432.61); 341(317.79); 342(802.66); 343(801.71); 344(472.4); 345(13.08); 346(510.26); 347(480.17); 348(181.08); 349(917.0); 350(438.1); 351(406.79); 352(870.24); 353(199.18); 354(74.59); 355(676.69); 356(989.3); 357(484.8); 358(512.7); 359(889.58); 360(980.47); 361(643.66); 362(910.96); 363(819.03); 364(8.06); 365(122.75); 366(893.12); 367(482.67); 368(249.56); 369(309.44); 370(725.11); 371(793.86); 372(723.05); 373(473.57); 374(24.74); 375(134.74); 376(53.3); 377(318.14); 378(686.47); 379(675.36); 380(763.44); 381(792.36); 382(932.48); 383(253.91); 384(8.46); 385(197.58); 386(354.9); 387(285.02); 388(68.36); 389(414.62); 390(230.45); 391(143.71); 392(954.26); 393(492.3); 394(258.55); 395(670.88); 396(572.09); 397(710.01); 398(318.64); 399(508.07); 400(260.66); 401(323.73); 402(900.95); 403(292.12); 404(517.7); 405(517.21); 406(594.4); 407(147.98); 408(545.04); 409(871.59); 410(262.2); 411(293.25); 412(410.81); 413(694.9); 414(311.76); 415(692.99); 416(95.32); 417(990.99); 418(464.84); 419(218.31); 420(554.39); 421(19.32); 422(618.69); 423(24.4); 424(935.81); 425(808.36); 426(762.42); 427(304.07); 428(636.33); 429(889.36); 430(874.93); 431(737.95); 432(167.39); 433(516.4); 434(670.25); 435(750.31); 436(485.17); 437(616.3); 438(184.6); 439(86.08); 440(836.49); 441(392.83); 442(122.19); 443(733.84); 444(45.04); 445(44.97); 446(696.28); 447(302.69); 448(165.95); 449(147.67); 450(51.88); 451(943.69); 452(292.24); 453(628.99); 454(845.04); 455(399.35); 456(610.89); 457(627.65); 458(333.85); 459(82.35); 460(669.05); 461(45.17); 462(534.58); 463(574.02); 464(302.13); 465(197.55); 466(906.88); 467(388.47); 468(322.51); 469(699.05); 470(466.76); 471(338.46); 472(996.1); 473(53.25); 474(270.61); 475(173.87); 476(239.08); 477(90.75); 478(444.12); 479(533.85); 480(469.72); 481(91.24); 482(49.6); 483(403.96); 484(190.62); 485(613.72); 486(773.46); 487(458.7); 488(38.61); 489(490.09); 490(700.92); 491(776.16); 492(929.0); 493(160.9); 494(595.11); 495(315.21); 496(970.1); 497(8.66); 498(965.57); 499(879.11),1
79,0(461.13); 1(861.71); 2(902.81); 3(731.71); 4(299.76); 5(740.42); 6(603.92); 7(450.97); 8(496.45); 9(892.68); 10(212.98); 11(592.25); 12(762.08); 13(741.07); 14(925.55); 15(237.8); 16(527.64); 17(871.19); 18(440.25); 19(273.5); 20(23.14); 21(810.85); 22(325.45); 23(244.92); 24(45.48); 25(752.57); 26(348.67); 27(604.17); 28(855.33); 29(861.49); 30(584.67); 31(365.07); 32(40.27); 33(571.15); 34(226.79); 35(13.84); 36(401.2); 37(741.23); 38(516.72); 39(829.69); 40(662.05); 41(633.22); 42(817.86); 43(47.1); 44(410.52); 45(932.33); 46(540.42); 47(698.96); 48(702.66); 49(285.28); 50(723.33); 51(345.9); 52(849.86); 53(62.25); 54(962.03); 55(405.06); 56(171.06); 57(440.11); 58(782.19); 59(870.73); 60(207.5); 61(658.46); 62(5.06); 63(972.06); 64(486.53); 65(204.14); 66(971.62); 67(997.8); 68(837.1); 69(441.0); 70(974.65); 71(74.67); 72(592.85); 73(4.95); 74(530.8); 75(769.86); 76(678.51); 77(264.73); 78(232.86); 80(300.55); 81(285.95); 82(747.94); 83(609.63); 84(484.55); 85(880.78); 86(879.29); 87(626.35); 88(472.44); 89(525.54); 90(839.36); 91(923.69); 92(932.77); 93(248.5); 94(409.74); 95(18.23); 96(853.42); 97(493.78); 98(69.18); 99(985.51); 100(168.81); 101(4.0); 102(613.78); 103(103.67); 104(74.82); 105(126.77); 106(782.39); 107(993.64); 108(819.88); 109(319.27); 110(76.69); 111(873.43); 112(952.5); 113(750.06); 114(277.38); 115(552.53); 116(851.87); 117(674.98); 118(848.6); 119(911.68); 120(153.81); 121(181.54); 122(677.52); 123(700.71); 124(503.11); 125(850.89); 126(657.08); 127(242.46); 128(866.8); 129(332.27); 130(622.18); 131(130.34); 132(659.18); 133(985.9); 134(45.88); 135(253.5); 136(219.86); 137(863.01); 138(7.93); 139(107.94); 140(608.5); 141(742.74); 142(844.75); 143(534.65); 144(488.24); 145(629.65); 146(422.17); 147(835.77); 148(749.0); 149(795.6); 150(562.02); 151(599.49); 152(284.51); 153(736.06); 154(869.72); 155(656.37); 156(891.37); 157(45.89); 158(254.27); 159(110.43); 160(378.63); 161(286.16); 162(342.28); 163(74.6); 164(545.53); 165(626.45); 166(372.25); 167(863.89); 168(166.52); 169(499.79); 170(194.79); 171(683.02); 172(858.44); 173(635.7); 174(750.38); 175(881.51); 176(199.17); 177(366.07); 178(42.07); 179(102.92); 180(857.23); 181(685.74); 182(592.29); 183(663.63); 184(257.75); 185(786.13); 186(306.4); 187(928.88); 188(845.02); 189(257.6); 190(69.42); 191(58.33); 192(672.15); 193(369.56); 194(58.0); 195(104.94); 196(239.77); 197(952.14); 198(53.01); 199(907.03); 200(841.9); 201(464.63); 202(42.4); 203(130.0); 204(346.56); 205(778.77); 206(231.04); 207(700.96); 208(318.78); 209(385.68); 210(191.66); 211(283.79); 212(442.01); 213(317.55); 214(594.85); 215(151.52); 216(829.38); 217(821.45); 218(500.32); 219(332.17); 220(459.78); 221(54.5); 222(362.91); 223(72.23); 224(406.43); 225(379.73); 226(901.26); 227(369.02); 228(412.64); 229(767.59); 230(837.43); 231(514.39); 232(905.74); 233(869.65); 234(431.6); 235(706.41); 236(17.98); 237(723.53); 238(422.1); 239(849.28); 240(823.76); 241(183.29); 242(827.66); 243(598.13); 244(265.45); 245(635.7); 246(985.57); 247(164.0); 248(662.37); 249(56.12); 250(554.78); 251(456.15); 252(754.05); 253(215.28); 254(491.06); 255(661.42); 256(494.53); 257(747.19); 258(89.52); 259(114.28); 260(793.93); 261(824.59); 262(443.88); 263(902.47); 264(856.39); 265(403.27); 266(41.5); 267(189.13); 268(506.24); 269(99.55); 270(409.31); 271(166.03); 272(767.35); 273(947.53); 274(768.81); 275(413.84); 276(571.39); 277(494.07); 278(762.78); 279(476.4); 280(994.57); 281(777.77); 282(213.75); 283(736.87); 284(300.07); 285(908.71); 286(254.79); 287(694.28); 288(114.86); 289(821.89); 290(408.04); 291(622.11); 292(934.03); 293(572.19); 294(64.77); 295(265.6); 296(386.05); 297(487.26); 298(0.73); 299(148.3); 300(378.74); 301(503.87); 302(930.71); 303(214.6); 304(958.18); 305(856.81); 306(799.36); 307(21.65); 308(551.7); 309(997.05); 310(235.85); 311(650.01); 312(522.02); 313(700.62); 314(788.57); 315(221.13); 316(574.04); 317(752.0); 318(887.36); 319(555.63); 320(578.32); 321(768.65); 322(674.25); 323(187.81); 324(139.2); 325(196.68); 326(483.78); 327(262.69); 328(641.29); 329(878.98); 330(389.79); 331(655.83); 332(478.37); 333(145.51); 334(545.83); 335(508.99); 336(972.31); 337(47.07); 338(495.98); 339(677.41); 340(636.66); 341(348.02); 342(518.41); 343(668.41); 344(778.72); 345(435.87); 346(468.14); 347(737.33); 348(760.92); 349(673.85); 350(307.81); 351(146.78); 352(452.22); 353(928.06); 354(272.81); 355(327.33); 356(545.65); 357(849.84); 358(353.37); 359(281.98); 360(350.62); 361(470.28); 362(807.44); 363(187.65); 364(140.87); 365(491.85); 366(444.71); 367(704.38); 368(127.21); 369(607.94); 370(695.15); 371(17.15); 372(14.13); 373(491.84); 374(526.9); 375(314.11); 376(442.92); 377(818.52); 378(438.17); 379(695.43); 380(868.75); 381(15.52); 382(839.2); 383(899.62); 384(497.69); 385(227.54); 386(222.69); 387(922.54); 388(885.7); 389(741.03); 390(251.71); 391(199.94); 392(483.77); 393(681.66); 394(224.07); 395(666.11); 396(252.54); 397(885.68); 398(407.71); 399(655.39); 400(801.64); 401(934.08); 402(704.57); 403(902.52); 404(732.03); 405(909.03); 406(788.4); 407(75.43); 408(799.4); 409(849.44); 410(414.69); 411(632.6); 412(826.46); 413(237.1); 414(95.19); 415(810.48); 416(427.45); 417(843.42); 418(572.21); 419(372.03); 420(236.86); 421(644.02); 422(805.2); 423(892.54); 424(749.78); 425(84.68); 426(808.09); 427(476.43); 428(293.08); 429(599.77); 430(566.44); 431(378.58); 432(193.07); 433(773.12); 434(88.89); 435(545.09); 436(645.84); 437(575.65); 438(989.87); 439(678.72); 440(43.3); 441(218.68); 442(944.01); 443(469.03); 444(968.64); 445(413.74); 446(191.42); 447(621.24); 448(822.21); 449(218.61); 450(301.73); 451(116.82); 452(108.48); 453(970.29); 454(627.31); 455(465.03); 456(550.41); 457(5.16); 458(732.41); 459(894.64); 460(56.38); 461(554.97); 462(939.75); 463(367.64); 464(619.05); 465(540.04); 466(200.31); 467(429.95); 468(64.15); 469(215.36); 470(831.65); 471(65.11); 472(359.92); 473(1.4); 474(529.13); 475(21.37); 476(328.35); 477(194.96); 478(283.48); 479(663.71); 480(709.94); 481(629.21); 482(668.26); 483(388.83); 484(969.56); 485(641.92); 486(150.64); 487(454.27); 488(585.15); 489(217.22); 490(794.41); 491(671.09); 492(124.87); 493(332.03); 494(794.48); 495(504.78); 496(969.6); 497(497.7); 498(901.74); 499(200.07),1
80,0(378.22); 1(965.06); 2(418.41); 3(264.38); 4(635.0); 5(837.73); 6(304.69); 7(203.34); 8(359.95); 9(490.64); 10(458.52); 11(641.26); 12(724.21); 13(715.42); 14(832.3); 15(642.38); 16(543.65); 17(235.97); 18(951.11); 19(691.95); 20(517.71); 21(285.11); 22(764.26); 23(661.69); 24(780.67); 25(179.84); 26(132.23); 27(338.0); 28(543.87); 29(119.51); 30(371.27); 31(986.5); 32(226.02); 33(803.74); 34(379.82); 35(628.34); 36(185.7); 37(24.96); 38(219.07); 39(693.31); 40(12.88); 41(49.65); 42(680.74); 43(169.83); 44(754.24); 45(148.15); 46(590.4); 47(697.97); 48(697.05); 49(353.68); 50(286.59); 51(843.87); 52(804.44); 53(267.3); 54(342.75); 55(840.65); 56(729.11); 57(161.08); 58(920.61); 59(587.15); 60(460.71); 61(911.02); 62(24.21); 63(609.85); 64(104.53); 65(894.64); 66(732.42); 67(896.16); 68(944.94); 69(891.14); 70(494.14); 71(180.61); 72(238.37); 73(251.22); 74(4.82); 75(553.19); 76(11.3); 77(458.31); 78(86.1); 79(300.55); 81(971.91); 82(532.14); 83(739.4); 84(756.21); 85(130.02); 86(97.02); 87(317.74); 88(562.61); 89(581.52); 90(946.26); 91(219.27); 92(777.02); 93(793.1); 94(142.26); 95(28.68); 96(152.83); 97(669.62); 98(96.53); 99(369.11); 100(28.51); 101(432.53); 102(347.34); 103(101.33); 104(592.94); 105(683.29); 106(69.04); 107(267.64); 108(452.19); 109(869.39); 110(477.54); 111(581.34); 112(267.19); 113(204.37); 114(153.74); 115(68.98); 116(726.64); 117(896.02); 118(757.72); 119(405.9); 120(919.56); 121(893.4); 122(969.27); 123(280.14); 124(863.6); 125(621.01); 126(689.1); 127(401.11); 128(249.29); 129(399.28); 130(578.99); 131(305.39); 132(325.83); 133(271.29); 134(954.43); 135(371.35); 136(706.35); 137(813.07); 138(255.63); 139(482.14); 140(0.53); 141(916.11); 142(324.69); 143(445.13); 144(2.11); 145(748.08); 146(597.11); 147(628.47); 148(229.26); 149(158.95); 150(163.86); 151(688.48); 152(234.3); 153(138.05); 154(545.15); 155(512.21); 156(288.82); 157(395.77); 158(725.85); 159(576.01); 160(879.17); 161(226.76); 162(71.93); 163(430.78); 164(936.61); 165(696.5); 166(636.45); 167(99.36); 168(459.79); 169(420.68); 170(516.42); 171(894.3); 172(210.98); 173(627.55); 174(902.02); 175(762.44); 176(515.45); 177(548.62); 178(75.93); 179(384.43); 180(285.59); 181(72.88); 182(117.01); 183(169.74); 184(581.11); 185(5.31); 186(890.76); 187(972.91); 188(930.63); 189(501.86); 190(497.28); 191(743.85); 192(567.51); 193(156.2); 194(728.48); 195(25.35); 196(988.76); 197(274.04); 198(768.27); 199(19.86); 200(442.35); 201(980.06); 202(179.92); 203(987.79); 204(678.54); 205(88.56); 206(847.9); 207(724.69); 208(438.14); 209(971.67); 210(406.21); 211(420.55); 212(597.15); 213(931.55); 214(307.98); 215(291.76); 216(632.83); 217(228.18); 218(849.5); 219(325.51); 220(931.6); 221(768.7); 222(487.49); 223(465.26); 224(325.92); 225(733.06); 226(283.04); 227(428.71); 228(604.4); 229(932.12); 230(144.05); 231(86.95); 232(334.15); 233(457.95); 234(469.72); 235(601.64); 236(327.75); 237(326.09); 238(656.84); 239(385.83); 240(958.28); 241(495.78); 242(546.29); 243(87.3); 244(728.42); 245(301.42); 246(115.78); 247(918.2); 248(242.69); 249(274.76); 250(577.88); 251(561.8); 252(309.51); 253(705.47); 254(904.8); 255(118.68); 256(793.03); 257(498.14); 258(147.2); 259(529.07); 260(938.72); 261(717.65); 262(819.61); 263(524.98); 264(735.39); 265(563.14); 266(981.79); 267(237.16); 268(897.27); 269(58.02); 270(583.88); 271(692.54); 272(323.44); 273(453.3); 274(480.4); 275(437.32); 276(248.82); 277(599.41); 278(864.83); 279(836.01); 280(281.66); 281(934.2); 282(257.85); 283(112.14); 284(569.65); 285(847.34); 286(8.93); 287(748.2); 288(217.38); 289(139.25); 290(307.66); 291(598.9); 292(441.74); 293(350.71); 294(81.31); 295(254.04); 296(308.03); 297(847.04); 298(433.23); 299(476.76); 300(38.4); 301(914.35); 302(646.02); 303(435.47); 304(336.65); 305(139.78); 306(402.86); 307(522.3); 308(792.1); 309(835.36); 310(872.41); 311(350.22); 312(597.42); 313(700.67); 314(566.85); 315(65.45); 316(715.7); 317(114.46); 318(524.55); 319(558.39); 320(382.63); 321(945.62); 322(142.03); 323(428.29); 324(32.14); 325(259.12); 326(527.58); 327(334.5); 328(76.35); 329(431.68); 330(240.36); 331(771.94); 332(312.8); 333(782.72); 334(910.45); 335(529.55); 336(989.75); 337(561.27); 338(152.23); 339(650.3); 340(60.76); 341(281.14); 342(896.89); 343(491.1); 344(907.37); 345(416.55); 346(170.12); 347(93.75); 348(110.86); 349(804.86); 350(712.75); 351(158.17); 352(157.5); 353(589.74); 354(828.19); 355(317.55); 356(508.73); 357(21.66); 358(86.55); 359(305.85); 360(949.91); 361(542.46); 362(763.97); 363(31.33); 364(45.51); 365(94.94); 366(477.15); 367(548.17); 368(64.25); 369(68.44); 370(646.96); 371(677.76); 372(976.7); 373(26.96); 374(533.82); 375(698.54); 376(731.41); 377(342.83); 378(707.87); 379(750.13); 380(257.45); 381(702.21); 382(580.4); 383(668.83); 384(199.68); 385(358.92); 386(549.74); 387(349.13); 388(449.57); 389(760.69); 390(24.59); 391(211.3); 392(386.45); 393(334.7); 394(212.96); 395(856.65); 396(899.82); 397(117.7); 398(386.98); 399(23.31); 400(17.53); 401(982.51); 402(729.57); 403(574.11); 404(154.37); 405(959.08); 406(231.85); 407(646.83); 408(192.2); 409(97.38); 410(480.36); 411(96.5); 412(580.71); 413(675.35); 414(806.24); 415(220.99); 416(749.26); 417(553.79); 418(514.83); 419(414.44); 420(418.14); 421(446.86); 422(961.99); 423(128.44); 424(587.97); 425(893.88); 426(357.69); 427(76.67); 428(300.12); 429(433.62); 430(292.71); 431(499.54); 432(773.06); 433(468.89); 434(804.53); 435(239.97); 436(197.05); 437(68.1); 438(851.76); 439(903.51); 440(758.86); 441(484.66); 442(96.54); 443(276.23); 444(65.15); 445(95.52); 446(829.47); 447(876.33); 448(600.45); 449(419.33); 450(807.98); 451(314.95); 452(43.91); 453(463.4); 454(536.48); 455(392.33); 456(196.61); 457(237.48); 458(990.4); 459(905.35); 460(181.0); 461(435.37); 462(221.64); 463(501.6); 464(288.88); 465(355.48); 466(621.44); 467(521.55); 468(923.82); 469(390.68); 470(558.15); 471(498.93); 472(368.5); 473(475.93); 474(284.26); 475(754.09); 476(298.63); 477(477.75); 478(8.96); 479(356.13); 480(631.8); 481(318.53); 482(459.66); 483(788.3); 484(20.85); 485(831.31); 486(406.5); 487(193.83); 488(587.47); 489(600.74); 490(2.0); 491(1.56); 492(702.24); 493(201.58); 494(993.32); 495(357.87); 496(90.76); 497(728.3); 498(787.49); 499(443.66),1
81,0(755.67); 1(175.39); 2(33.93); 3(372.31); 4(248.02); 5(134.46); 6(364.84); 7(304.49); 8(693.52); 9(988.45); 10(748.05); 11(931.58); 12(921.49); 13(796.24); 14(996.85); 15(413.76); 16(289.47); 17(83.39); 18(58.46); 19(162.15); 20(633.3); 21(152.34); 22(277.54); 23(432.13); 24(219.96); 25(173.26); 26(125.0); 27(711.26); 28(38.0); 29(52.5); 30(18.99); 31(146.58); 32(154.32); 33(221.14); 34(469.62); 35(237.58); 36(910.57); 37(573.82); 38(908.53); 39(92.67); 40(167.56); 41(460.27); 42(660.78); 43(976.64); 44(710.18); 45(815.06); 46(607.29); 47(514.75); 48(265.89); 49(818.86); 50(43.14); 51(572.35); 52(180.32); 53(566.2); 54(3.76); 55(275.97); 56(102.74); 57(158.61); 58(69.21); 59(32.8); 60(976.34); 61(467.73); 62(318.7); 63(308.72); 64(262.49); 65(427.65); 66(144.38); 67(2.06); 68(410.82); 69(924.8); 70(463.49); 71(43.44); 72(69.21); 73(764.9); 74(502.2); 75(51.13); 76(465.74); 77(881.29); 78(976.03); 79(285.95); 80(971.91); 82(353.11); 83(307.3); 84(530.66); 85(985.31); 86(650.09); 87(814.74); 88(620.64); 89(163.12); 90(473.83); 91(247.61); 92(212.63); 93(885.46); 94(60.25); 95(378.97); 96(949.09); 97(434.2); 98(747.84); 99(301.43); 100(37.9); 101(725.95); 102(395.92); 103(712.43); 104(67.54); 105(126.24); 106(376.12); 107(740.77); 108(365.99); 109(117.56); 110(743.48); 111(23.46); 112(170.65); 113(769.23); 114(295.25); 115(567.4); 116(862.37); 117(123.42); 118(695.92); 119(729.61); 120(214.96); 121(790.54); 122(641.12); 123(226.28); 124(426.28); 125(388.07); 126(804.99); 127(419.83); 128(218.1); 129(144.66); 130(687.12); 131(319.04); 132(211.17); 133(157.93); 134(327.98); 135(397.42); 136(122.95); 137(815.21); 138(843.14); 139(180.99); 140(366.74); 141(1.51); 142(14.18); 143(864.36); 144(411.34); 145(705.92); 146(730.77); 147(61.2); 148(343.69); 149(200.03); 150(836.24); 151(58.09); 152(704.13); 153(827.47); 154(868.87); 155(857.93); 156(464.04); 157(22.28); 158(990.14); 159(745.58); 160(929.21); 161(181.81); 162(673.8); 163(59.97); 164(600.72); 165(648.68); 166(853.82); 167(142.71); 168(950.14); 169(888.98); 170(488.5); 171(867.95); 172(80.41); 173(242.05); 174(205.6); 175(385.06); 176(809.15); 177(193.9); 178(489.19); 179(429.58); 180(969.14); 181(14.57); 182(169.29); 183(487.05); 184(966.51); 185(889.44); 186(534.83); 187(306.46); 188(268.35); 189(498.46); 190(412.42); 191(546.05); 192(660.75); 193(395.87); 194(906.86); 195(469.91); 196(638.32); 197(706.75); 198(301.64); 199(909.14); 200(635.95); 201(333.05); 202(6.15); 203(562.41); 204(839.21); 205(518.84); 206(306.05); 207(243.91); 208(949.37); 209(719.57); 210(460.56); 211(15.11); 212(998.05); 213(827.91); 214(437.17); 215(503.42); 216(733.11); 217(765.84); 218(563.04); 219(25.66); 220(225.85); 221(658.06); 222(592.8); 223(684.16); 224(233.21); 225(195.65); 226(363.5); 227(420.81); 228(946.48); 229(581.64); 230(940.54); 231(730.08); 232(411.83); 233(8.52); 234(66.12); 235(784.99); 236(155.13); 237(328.86); 238(395.05); 239(929.76); 240(171.75); 241(89.34); 242(868.7); 243(100.7); 244(846.21); 245(155.56); 246(824.46); 247(170.42); 248(497.09); 249(701.47); 250(894.82); 251(658.83); 252(155.35); 253(473.79); 254(895.79); 255(408.5); 256(205.22); 257(865.14); 258(617.39); 259(759.38); 260(502.83); 261(156.35); 262(64.51); 263(703.36); 264(953.27); 265(976.25); 266(275.18); 267(190.78); 268(471.54); 269(455.95); 270(522.92); 271(519.77); 272(149.25); 273(45.51); 274(215.66); 275(696.38); 276(746.04); 277(126.87); 278(265.77); 279(317.88); 280(258.68); 281(384.51); 282(601.19); 283(826.0); 284(468.83); 285(10.21); 286(60.31); 287(45.37); 288(141.82); 289(280.99); 290(281.12); 291(33.07); 292(568.35); 293(742.4); 294(224.29); 295(200.08); 296(213.65); 297(776.56); 298(415.91); 299(380.66); 300(873.7); 301(304.02); 302(85.51); 303(352.64); 304(489.12); 305(832.46); 306(10.33); 307(49.68); 308(326.62); 309(214.87); 310(854.95); 311(184.56); 312(745.04); 313(657.64); 314(150.96); 315(275.76); 316(464.89); 317(222.72); 318(987.47); 319(656.96); 320(630.76); 321(943.48); 322(333.94); 323(946.55); 324(515.81); 325(109.79); 326(192.32); 327(707.66); 328(859.3); 329(697.49); 330(780.39); 331(614.98); 332(455.78); 333(0.85); 334(184.31); 335(513.77); 336(823.01); 337(71.33); 338(402.58); 339(980.46); 340(505.75); 341(486.81); 342(803.21); 343(743.65); 344(678.52); 345(151.45); 346(265.43); 347(647.84); 348(329.99); 349(381.02); 350(123.52); 351(398.11); 352(223.04); 353(248.61); 354(33.34); 355(218.63); 356(338.15); 357(791.78); 358(530.68); 359(952.68); 360(869.77); 361(473.25); 362(356.38); 363(516.98); 364(712.51); 365(575.3); 366(766.7); 367(809.93); 368(460.37); 369(838.84); 370(958.9); 371(770.37); 372(397.67); 373(211.23); 374(119.88); 375(106.83); 376(49.78); 377(5.33); 378(860.32); 379(749.17); 380(975.33); 381(526.41); 382(832.41); 383(277.38); 384(154.05); 385(423.76); 386(895.76); 387(388.2); 388(922.39); 389(806.86); 390(351.12); 391(505.47); 392(383.88); 393(638.75); 394(687.15); 395(871.38); 396(708.83); 397(608.31); 398(768.9); 399(841.24); 400(353.28); 401(536.47); 402(243.5); 403(978.69); 404(109.49); 405(887.14); 406(354.71); 407(202.55); 408(762.03); 409(412.7); 410(229.43); 411(929.87); 412(385.35); 413(534.86); 414(146.85); 415(137.03); 416(434.41); 417(953.82); 418(518.95); 419(314.79); 420(72.42); 421(876.56); 422(860.16); 423(38.37); 424(680.09); 425(786.12); 426(774.15); 427(42.4); 428(541.38); 429(930.32); 430(934.78); 431(844.43); 432(226.26); 433(476.58); 434(559.35); 435(982.75); 436(464.97); 437(914.07); 438(260.43); 439(859.5); 440(354.44); 441(195.52); 442(739.9); 443(78.61); 444(991.41); 445(456.86); 446(328.02); 447(685.24); 448(373.41); 449(591.07); 450(416.14); 451(9.23); 452(967.43); 453(148.25); 454(499.35); 455(572.02); 456(145.72); 457(385.65); 458(118.54); 459(917.31); 460(279.48); 461(423.6); 462(726.2); 463(383.13); 464(905.25); 465(895.79); 466(246.93); 467(50.24); 468(796.08); 469(610.61); 470(419.53); 471(485.6); 472(368.5); 473(521.98); 474(55.97); 475(77.39); 476(603.89); 477(357.22); 478(104.41); 479(151.35); 480(46.06); 481(244.3); 482(491.26); 483(589.75); 484(377.6); 485(705.0); 486(644.77); 487(86.15); 488(692.07); 489(868.78); 490(395.33); 491(688.99); 492(857.95); 493(254.56); 494(393.56); 495(798.89); 496(100.16); 497(700.33); 498(448.61); 499(401.58),1
82,0(762.62); 1(803.85); 2(627.27); 3(478.53); 4(711.42); 5(610.44); 6(932.51); 7(8.41); 8(471.38); 9(320.38); 10(205.05); 11(312.41); 12(251.51); 13(632.53); 14(812.19); 15(874.58); 16(917.76); 17(739.96); 18(459.35); 19(93.96); 20(619.51); 21(920.43); 22(760.6); 23(630.32); 24(986.19); 25(40.58); 26(96.13); 27(406.12); 28(249.37); 29(570.83); 30(316.71); 31(388.13); 32(851.31); 33(284.3); 34(412.93); 35(852.88); 36(520.24); 37(637.09); 38(499.1); 39(652.4); 40(976.25); 41(67.49); 42(730.01); 43(461.81); 44(394.44); 45(730.8); 46(268.99); 47(567.11); 48(501.32); 49(266.97); 50(807.17); 51(607.94); 52(622.94); 53(577.16); 54(668.27); 55(226.78); 56(751.92); 57(637.44); 58(304.32); 59(95.97); 60(832.34); 61(23.7); 62(471.5); 63(459.42); 64(760.84); 65(464.29); 66(139.63); 67(364.88); 68(774.01); 69(993.79); 70(297.78); 71(158.88); 72(714.74); 73(950.8); 74(802.67); 75(377.76); 76(94.42); 77(127.71); 78(274.77); 79(747.94); 80(532.14); 81(353.11); 83(498.1); 84(700.56); 85(218.08); 86(935.91); 87(329.71); 88(90.29); 89(413.08); 90(586.45); 91(827.81); 92(613.69); 93(433.78); 94(360.13); 95(977.14); 96(267.82); 97(305.76); 98(385.59); 99(895.04); 100(3.97); 101(627.42); 102(853.37); 103(618.03); 104(693.89); 105(456.39); 106(536.24); 107(378.63); 108(822.61); 109(485.29); 110(292.6); 111(739.45); 112(643.43); 113(113.64); 114(856.82); 115(295.39); 116(668.06); 117(993.52); 118(592.87); 119(23.2); 120(299.65); 121(391.15); 122(683.62); 123(974.6); 124(35.54); 125(440.03); 126(881.97); 127(744.83); 128(831.97); 129(518.76); 130(650.97); 131(978.61); 132(407.29); 133(570.34); 134(211.19); 135(490.48); 136(274.98); 137(89.89); 138(248.28); 139(577.5); 140(880.85); 141(208.03); 142(355.2); 143(355.6); 144(213.3); 145(87.77); 146(376.82); 147(818.01); 148(731.98); 149(480.95); 150(932.11); 151(926.45); 152(497.4); 153(960.89); 154(445.21); 155(862.93); 156(318.54); 157(969.98); 158(609.05); 159(688.2); 160(27.35); 161(196.79); 162(489.14); 163(98.3); 164(26.51); 165(486.15); 166(994.2); 167(410.17); 168(686.92); 169(454.7); 170(278.27); 171(183.56); 172(100.25); 173(270.64); 174(589.66); 175(440.61); 176(542.77); 177(465.79); 178(606.71); 179(564.96); 180(778.24); 181(572.52); 182(644.02); 183(913.92); 184(930.69); 185(88.34); 186(676.94); 187(591.84); 188(391.82); 189(472.92); 190(335.84); 191(886.04); 192(175.07); 193(153.1); 194(929.79); 195(446.57); 196(192.02); 197(393.11); 198(758.98); 199(394.7); 200(639.99); 201(337.13); 202(705.74); 203(993.37); 204(527.66); 205(40.91); 206(395.55); 207(132.29); 208(106.5); 209(173.83); 210(477.73); 211(324.11); 212(574.65); 213(799.05); 214(267.82); 215(335.61); 216(557.52); 217(897.23); 218(15.92); 219(634.2); 220(187.22); 221(278.94); 222(334.37); 223(554.56); 224(370.09); 225(263.13); 226(981.09); 227(151.13); 228(961.3); 229(223.16); 230(321.55); 231(613.08); 232(726.49); 233(636.75); 234(70.88); 235(982.82); 236(111.68); 237(897.97); 238(730.99); 239(1.56); 240(775.6); 241(15.65); 242(433.28); 243(987.81); 244(953.21); 245(275.32); 246(290.18); 247(946.63); 248(830.99); 249(536.9); 250(813.62); 251(434.38); 252(581.15); 253(512.81); 254(232.84); 255(766.27); 256(359.58); 257(559.54); 258(218.82); 259(473.64); 260(824.49); 261(298.94); 262(266.1); 263(232.24); 264(205.3); 265(196.31); 266(811.18); 267(995.01); 268(42.41); 269(0.5); 270(471.37); 271(785.29); 272(565.26); 273(215.74); 274(838.03); 275(299.62); 276(993.42); 277(16.49); 278(996.46); 279(536.94); 280(434.25); 281(441.99); 282(259.23); 283(700.46); 284(462.14); 285(568.01); 286(285.29); 287(61.23); 288(237.06); 289(86.19); 290(577.3); 291(447.2); 292(457.67); 293(456.86); 294(807.7); 295(328.14); 296(385.81); 297(57.31); 298(520.05); 299(460.31); 300(654.81); 301(816.6); 302(399.91); 303(250.99); 304(930.33); 305(614.37); 306(893.36); 307(417.3); 308(559.53); 309(475.82); 310(425.68); 311(857.82); 312(482.76); 313(885.55); 314(219.96); 315(84.24); 316(946.92); 317(454.66); 318(614.4); 319(479.31); 320(605.21); 321(201.63); 322(6.36); 323(288.51); 324(964.05); 325(990.35); 326(789.9); 327(567.66); 328(763.45); 329(384.96); 330(764.9); 331(215.29); 332(341.78); 333(435.05); 334(50.16); 335(65.31); 336(757.55); 337(453.2); 338(199.27); 339(349.3); 340(151.83); 341(222.61); 342(127.28); 343(849.73); 344(698.06); 345(980.79); 346(39.57); 347(146.75); 348(633.99); 349(655.71); 350(477.49); 351(495.22); 352(789.53); 353(452.68); 354(615.54); 355(286.79); 356(155.34); 357(224.48); 358(280.13); 359(914.62); 360(213.77); 361(201.34); 362(593.23); 363(37.37); 364(615.82); 365(545.4); 366(794.54); 367(833.84); 368(572.74); 369(392.32); 370(395.71); 371(982.76); 372(283.92); 373(176.22); 374(117.28); 375(235.06); 376(985.89); 377(382.98); 378(807.76); 379(781.54); 380(625.13); 381(369.0); 382(924.32); 383(146.06); 384(224.32); 385(269.92); 386(258.44); 387(304.47); 388(169.05); 389(836.65); 390(96.02); 391(903.67); 392(444.71); 393(564.91); 394(657.96); 395(868.0); 396(843.31); 397(97.41); 398(312.89); 399(724.61); 400(303.04); 401(524.62); 402(91.56); 403(447.59); 404(838.02); 405(626.21); 406(198.39); 407(71.42); 408(558.17); 409(667.69); 410(314.87); 411(0.73); 412(787.29); 413(644.52); 414(559.6); 415(904.81); 416(20.76); 417(912.17); 418(456.73); 419(701.8); 420(914.94); 421(629.53); 422(267.06); 423(696.71); 424(802.56); 425(909.26); 426(351.99); 427(610.51); 428(475.2); 429(851.17); 430(442.13); 431(450.41); 432(993.09); 433(188.38); 434(975.93); 435(963.11); 436(225.76); 437(885.16); 438(223.38); 439(173.7); 440(973.76); 441(282.33); 442(888.82); 443(574.53); 444(636.34); 445(666.95); 446(730.0); 447(541.44); 448(928.6); 449(768.29); 450(909.82); 451(28.24); 452(419.47); 453(594.14); 454(208.14); 455(7.41); 456(513.84); 457(978.06); 458(724.48); 459(55.7); 460(484.89); 461(197.85); 462(993.83); 463(584.0); 464(59.02); 465(953.94); 466(332.06); 467(677.19); 468(354.91); 469(220.29); 470(875.89); 471(400.24); 472(520.84); 473(85.88); 474(192.77); 475(27.4); 476(524.86); 477(350.48); 478(485.41); 479(84.14); 480(424.5); 481(46.04); 482(415.47); 483(781.1); 484(319.66); 485(785.94); 486(663.89); 487(178.52); 488(412.4); 489(587.17); 490(208.63); 491(659.98); 492(387.04); 493(490.45); 494(360.86); 495(428.27); 496(90.24); 497(884.08); 498(283.81); 499(912.12),2
83,0(456.58); 1(458.31); 2(990.28); 3(936.26); 4(106.24); 5(57.83); 6(440.55); 7(940.87); 8(414.53); 9(12.83); 10(527.9); 11(970.12); 12(884.48); 13(215.73); 14(613.58); 15(801.0); 16(796.09); 17(185.38); 18(852.82); 19(365.96); 20(863.17); 21(695.57); 22(289.69); 23(123.84); 24(114.55); 25(958.55); 26(104.53); 27(133.75); 28(186.14); 29(664.68); 30(701.66); 31(305.42); 32(916.35); 33(232.77); 34(644.69); 35(588.38); 36(280.31); 37(778.06); 38(136.74); 39(811.25); 40(457.39); 41(87.3); 42(870.93); 43(59.58); 44(723.44); 45(245.34); 46(156.5); 47(867.59); 48(781.24); 49(561.7); 50(142.81); 51(227.03); 52(561.18); 53(318.14); 54(548.96); 55(700.64); 56(463.87); 57(480.0); 58(486.99); 59(663.28); 60(541.32); 61(751.5); 62(720.23); 63(848.31); 64(563.38); 65(845.95); 66(265.94); 67(649.51); 68(556.44); 69(174.62); 70(71.03); 71(751.41); 72(319.75); 73(800.03); 74(319.86); 75(797.5); 76(881.72); 77(750.66); 78(892.89); 79(609.63); 80(739.4); 81(307.3); 82(498.1); 84(436.51); 85(966.83); 86(677.45); 87(747.6); 88(153.47); 89(801.49); 90(299.43); 91(287.15); 92(379.5); 93(59.97); 94(68.4); 95(800.27); 96(311.58); 97(382.25); 98(440.93); 99(347.32); 100(909.34); 101(166.34); 102(835.04); 103(91.72); 104(681.42); 105(588.33); 106(614.0); 107(417.94); 108(221.96); 109(577.56); 110(309.36); 111(386.02); 112(108.97); 113(267.22); 114(928.5); 115(175.26); 116(615.62); 117(667.68); 118(639.57); 119(161.92); 120(575.78); 121(31.28); 122(576.39); 123(10.27); 124(527.63); 125(417.37); 126(109.35); 127(33.45); 128(420.8); 129(114.92); 130(664.95); 131(838.97); 132(803.62); 133(940.66); 134(256.73); 135(886.37); 136(370.18); 137(213.97); 138(809.19); 139(741.17); 140(76.99); 141(242.08); 142(945.0); 143(359.0); 144(608.63); 145(517.75); 146(117.58); 147(342.32); 148(884.97); 149(547.19); 150(312.16); 151(182.38); 152(66.86); 153(694.6); 154(873.43); 155(358.83); 156(592.21); 157(867.54); 158(798.23); 159(738.41); 160(754.46); 161(582.41); 162(615.06); 163(763.55); 164(419.92); 165(480.84); 166(179.31); 167(708.8); 168(206.31); 169(654.3); 170(280.88); 171(60.59); 172(446.86); 173(846.76); 174(789.58); 175(308.91); 176(798.81); 177(621.64); 178(163.66); 179(762.99); 180(269.3); 181(583.34); 182(874.1); 183(345.86); 184(784.77); 185(981.94); 186(515.31); 187(690.21); 188(9.04); 189(432.57); 190(225.03); 191(703.93); 192(89.92); 193(62.02); 194(54.92); 195(162.73); 196(720.91); 197(46.18); 198(884.28); 199(347.32); 200(630.26); 201(159.92); 202(204.08); 203(494.48); 204(689.11); 205(729.53); 206(720.76); 207(521.81); 208(336.49); 209(873.46); 210(262.08); 211(664.27); 212(763.94); 213(482.31); 214(629.44); 215(935.45); 216(384.23); 217(439.94); 218(683.44); 219(874.6); 220(800.35); 221(240.64); 222(946.6); 223(688.39); 224(500.22); 225(221.8); 226(156.86); 227(259.97); 228(647.54); 229(4.91); 230(482.03); 231(707.69); 232(294.12); 233(50.06); 234(590.19); 235(853.57); 236(602.69); 237(963.38); 238(924.18); 239(436.04); 240(623.92); 241(405.52); 242(974.12); 243(123.43); 244(911.71); 245(752.64); 246(721.52); 247(701.02); 248(456.87); 249(939.9); 250(337.03); 251(196.14); 252(255.52); 253(863.86); 254(151.43); 255(638.62); 256(723.79); 257(378.71); 258(366.25); 259(60.37); 260(280.52); 261(151.5); 262(517.35); 263(645.5); 264(470.89); 265(681.16); 266(491.66); 267(703.12); 268(100.75); 269(621.35); 270(700.93); 271(747.78); 272(102.71); 273(771.69); 274(156.3); 275(309.98); 276(765.14); 277(126.95); 278(153.28); 279(897.19); 280(192.6); 281(951.49); 282(537.02); 283(731.54); 284(778.21); 285(641.02); 286(49.5); 287(546.73); 288(361.25); 289(28.15); 290(825.2); 291(612.21); 292(309.9); 293(167.81); 294(751.08); 295(4.5); 296(607.13); 297(828.27); 298(697.74); 299(551.18); 300(271.01); 301(283.21); 302(653.91); 303(572.72); 304(272.78); 305(231.45); 306(642.68); 307(112.19); 308(775.13); 309(109.17); 310(796.81); 311(857.6); 312(675.54); 313(912.7); 314(700.65); 315(656.19); 316(216.33); 317(216.59); 318(360.44); 319(753.08); 320(71.53); 321(483.88); 322(457.95); 323(348.69); 324(308.98); 325(126.41); 326(928.92); 327(473.33); 328(471.15); 329(508.81); 330(378.22); 331(125.93); 332(940.26); 333(873.96); 334(403.09); 335(524.87); 336(398.45); 337(326.12); 338(65.24); 339(954.63); 340(885.86); 341(595.65); 342(983.83); 343(674.07); 344(699.12); 345(845.53); 346(12.24); 347(150.96); 348(450.81); 349(765.99); 350(261.04); 351(527.76); 352(292.29); 353(923.97); 354(608.78); 355(396.69); 356(270.18); 357(155.32); 358(462.2); 359(138.32); 360(255.81); 361(855.86); 362(951.73); 363(443.72); 364(357.96); 365(614.17); 366(401.88); 367(891.99); 368(34.77); 369(485.3); 370(26.66); 371(770.08); 372(464.87); 373(281.0); 374(774.34); 375(546.98); 376(9.92); 377(151.68); 378(0.13); 379(388.59); 380(847.42); 381(39.45); 382(545.9); 383(702.01); 384(923.52); 385(449.11); 386(556.45); 387(329.03); 388(387.42); 389(87.87); 390(125.19); 391(710.88); 392(228.53); 393(19.08); 394(679.05); 395(256.4); 396(774.33); 397(983.21); 398(502.81); 399(836.95); 400(730.18); 401(471.91); 402(659.53); 403(304.4); 404(450.48); 405(523.79); 406(811.38); 407(463.94); 408(811.23); 409(900.11); 410(249.93); 411(782.27); 412(189.72); 413(958.78); 414(769.85); 415(590.79); 416(102.51); 417(575.28); 418(224.05); 419(724.34); 420(663.59); 421(318.38); 422(815.48); 423(118.34); 424(522.32); 425(177.44); 426(751.89); 427(20.77); 428(497.01); 429(709.58); 430(675.81); 431(936.34); 432(95.2); 433(609.54); 434(854.27); 435(757.13); 436(189.44); 437(963.56); 438(403.68); 439(333.39); 440(771.35); 441(170.88); 442(420.0); 443(874.14); 444(90.06); 445(882.44); 446(845.34); 447(349.33); 448(962.77); 449(369.34); 450(955.98); 451(795.23); 452(677.38); 453(312.74); 454(671.35); 455(885.19); 456(936.17); 457(133.4); 458(364.91); 459(278.28); 460(456.28); 461(987.46); 462(538.89); 463(645.19); 464(339.1); 465(3.58); 466(651.63); 467(121.18); 468(854.08); 469(77.58); 470(578.16); 471(188.33); 472(527.35); 473(8.14); 474(569.77); 475(712.21); 476(43.03); 477(241.9); 478(54.33); 479(900.72); 480(973.53); 481(941.07); 482(647.93); 483(521.58); 484(456.78); 485(609.22); 486(766.5); 487(509.17); 488(33.66); 489(128.11); 490(330.76); 491(167.92); 492(236.63); 493(489.91); 494(152.81); 495(404.46); 496(464.48); 497(418.81); 498(311.24); 499(720.7),1
84,0(178.19); 1(881.22); 2(678.2); 3(938.18); 4(339.86); 5(250.33); 6(107.62); 7(798.81); 8(792.63); 9(541.4); 10(265.67); 11(76.05); 12(535.32); 13(782.08); 14(640.55); 15(975.88); 16(54.34); 17(842.0); 18(20.03); 19(212.82); 20(825.4); 21(234.52); 22(709.21); 23(770.89); 24(677.79); 25(237.3); 26(125.6); 27(873.5); 28(687.02); 29(766.53); 30(83.97); 31(703.17); 32(848.89); 33(684.02); 34(714.39); 35(892.81); 36(287.51); 37(676.63); 38(645.21); 39(661.84); 40(710.09); 41(648.09); 42(128.09); 43(324.32); 44(904.51); 45(286.36); 46(593.48); 47(70.86); 48(911.33); 49(897.5); 50(679.53); 51(341.97); 52(854.95); 53(865.38); 54(544.27); 55(5.79); 56(696.99); 57(834.62); 58(518.23); 59(22.5); 60(968.51); 61(318.73); 62(847.78); 63(508.28); 64(608.79); 65(393.72); 66(846.83); 67(39.08); 68(420.7); 69(468.53); 70(961.62); 71(461.25); 72(292.75); 73(482.06); 74(420.75); 75(765.36); 76(22.44); 77(778.24); 78(649.99); 79(484.55); 80(756.21); 81(530.66); 82(700.56); 83(436.51); 85(486.08); 86(493.48); 87(584.15); 88(821.16); 89(403.65); 90(719.94); 91(531.31); 92(696.42); 93(406.33); 94(348.19); 95(614.43); 96(244.62); 97(314.72); 98(724.03); 99(866.67); 100(12.21); 101(303.7); 102(223.0); 103(352.14); 104(433.86); 105(871.19); 106(543.43); 107(421.99); 108(716.92); 109(724.01); 110(84.13); 111(398.7); 112(70.66); 113(641.42); 114(645.39); 115(148.58); 116(521.41); 117(63.26); 118(650.69); 119(207.59); 120(257.47); 121(221.62); 122(236.01); 123(101.33); 124(573.53); 125(581.17); 126(122.28); 127(110.78); 128(666.95); 129(839.59); 130(602.56); 131(212.63); 132(600.31); 133(207.78); 134(878.18); 135(958.43); 136(420.47); 137(826.45); 138(659.2); 139(323.78); 140(807.68); 141(52.8); 142(671.39); 143(547.67); 144(924.11); 145(38.23); 146(382.46); 147(963.39); 148(482.07); 149(184.61); 150(855.43); 151(4.46); 152(642.6); 153(990.19); 154(543.69); 155(244.18); 156(134.17); 157(969.25); 158(853.81); 159(113.3); 160(353.82); 161(289.77); 162(2.23); 163(379.43); 164(779.65); 165(125.99); 166(254.0); 167(435.76); 168(420.75); 169(917.39); 170(1.8); 171(699.24); 172(761.16); 173(660.36); 174(167.61); 175(26.51); 176(729.96); 177(263.5); 178(931.34); 179(287.78); 180(650.38); 181(355.39); 182(105.31); 183(993.12); 184(954.46); 185(890.96); 186(449.26); 187(901.74); 188(770.81); 189(951.21); 190(466.55); 191(481.59); 192(477.5); 193(296.86); 194(966.15); 195(78.09); 196(177.94); 197(212.98); 198(257.58); 199(717.94); 200(187.31); 201(507.76); 202(116.39); 203(553.39); 204(19.46); 205(698.1); 206(712.44); 207(93.42); 208(700.92); 209(509.24); 210(280.59); 211(832.33); 212(336.99); 213(72.14); 214(226.51); 215(785.65); 216(868.24); 217(979.3); 218(101.99); 219(4.5); 220(783.3); 221(482.14); 222(730.72); 223(748.25); 224(164.35); 225(614.68); 226(828.22); 227(719.04); 228(83.93); 229(602.16); 230(326.45); 231(711.5); 232(658.22); 233(630.3); 234(655.67); 235(980.79); 236(998.18); 237(778.89); 238(15.85); 239(435.21); 240(577.96); 241(622.2); 242(661.29); 243(115.38); 244(634.52); 245(248.81); 246(617.17); 247(257.66); 248(844.67); 249(908.93); 250(443.23); 251(833.33); 252(121.96); 253(391.15); 254(595.11); 255(652.27); 256(203.48); 257(97.99); 258(258.11); 259(474.04); 260(306.44); 261(52.5); 262(844.16); 263(701.81); 264(433.29); 265(519.33); 266(177.05); 267(380.96); 268(958.11); 269(522.76); 270(865.15); 271(343.75); 272(296.53); 273(597.53); 274(573.0); 275(561.75); 276(245.87); 277(271.03); 278(721.06); 279(446.42); 280(896.94); 281(245.67); 282(408.18); 283(942.47); 284(1.59); 285(103.44); 286(523.43); 287(310.3); 288(843.22); 289(108.06); 290(347.7); 291(888.89); 292(779.25); 293(440.49); 294(545.76); 295(82.82); 296(718.63); 297(724.41); 298(837.75); 299(892.14); 300(184.16); 301(647.55); 302(298.62); 303(951.26); 304(466.54); 305(980.65); 306(440.73); 307(704.38); 308(751.86); 309(322.5); 310(981.96); 311(632.33); 312(140.58); 313(272.25); 314(957.89); 315(212.51); 316(98.44); 317(444.63); 318(624.02); 319(588.32); 320(347.22); 321(385.83); 322(861.68); 323(797.12); 324(193.15); 325(451.01); 326(67.22); 327(735.54); 328(59.31); 329(766.15); 330(77.42); 331(212.58); 332(466.51); 333(766.82); 334(673.29); 335(69.71); 336(482.41); 337(80.46); 338(321.98); 339(734.86); 340(317.81); 341(710.13); 342(361.78); 343(951.22); 344(606.58); 345(672.13); 346(590.39); 347(347.45); 348(362.53); 349(290.19); 350(6.18); 351(689.4); 352(489.7); 353(39.68); 354(515.82); 355(527.12); 356(583.69); 357(178.46); 358(306.2); 359(21.07); 360(276.69); 361(142.62); 362(101.04); 363(390.72); 364(875.6); 365(461.06); 366(134.84); 367(555.78); 368(233.97); 369(925.66); 370(583.62); 371(715.56); 372(262.58); 373(769.17); 374(199.6); 375(21.97); 376(293.1); 377(505.94); 378(136.14); 379(476.88); 380(475.52); 381(262.09); 382(824.82); 383(306.48); 384(826.93); 385(344.22); 386(266.52); 387(711.47); 388(659.43); 389(4.21); 390(36.78); 391(835.11); 392(689.36); 393(777.24); 394(836.62); 395(25.51); 396(515.12); 397(214.82); 398(760.48); 399(851.63); 400(852.92); 401(410.84); 402(952.12); 403(684.62); 404(94.46); 405(110.42); 406(640.38); 407(864.12); 408(92.44); 409(151.8); 410(821.2); 411(285.72); 412(371.81); 413(523.54); 414(778.06); 415(292.29); 416(374.51); 417(563.4); 418(751.29); 419(429.6); 420(561.32); 421(111.21); 422(127.49); 423(256.96); 424(104.2); 425(96.69); 426(807.23); 427(828.01); 428(865.97); 429(283.42); 430(750.21); 431(738.75); 432(342.55); 433(227.45); 434(264.19); 435(615.68); 436(704.95); 437(271.48); 438(302.42); 439(501.76); 440(822.05); 441(673.86); 442(400.69); 443(286.08); 444(628.11); 445(337.77); 446(300.99); 447(764.44); 448(370.92); 449(337.18); 450(911.75); 451(68.61); 452(41.64); 453(392.55); 454(419.62); 455(414.17); 456(385.55); 457(525.39); 458(364.68); 459(44.78); 460(363.69); 461(995.02); 462(32.55); 463(925.37); 464(387.85); 465(622.16); 466(444.48); 467(940.17); 468(90.25); 469(808.53); 470(154.19); 471(99.5); 472(961.01); 473(438.79); 474(680.38); 475(761.45); 476(741.89); 477(916.81); 478(307.95); 479(938.58); 480(289.52); 481(598.35); 482(515.1); 483(828.78); 484(106.71); 485(359.64); 486(645.01); 487(906.63); 488(402.33); 489(916.79); 490(107.12); 491(576.94); 492(65.6); 493(158.09); 494(718.99); 495(702.89); 496(692.22); 497(540.73); 498(575.45); 499(429.92),1
85,0(911.94); 1(900.83); 2(249.5); 3(837.39); 4(397.38); 5(320.8); 6(677.58); 7(664.63); 8(415.72); 9(46.06); 10(362.06); 11(11.61); 12(172.35); 13(967.49); 14(742.61); 15(936.46); 16(114.09); 17(897.68); 18(868.29); 19(757.14); 20(694.28); 21(478.09); 22(513.97); 23(653.07); 24(953.04); 25(557.14); 26(386.47); 27(96.94); 28(542.04); 29(885.83); 30(887.77); 31(398.46); 32(967.03); 33(869.78); 34(569.87); 35(35.82); 36(293.78); 37(31.46); 38(74.68); 39(710.18); 40(4.29); 41(107.64); 42(949.14); 43(886.24); 44(456.31); 45(526.2); 46(58.64); 47(744.43); 48(438.97); 49(315.71); 50(888.56); 51(26.85); 52(18.88); 53(725.52); 54(268.83); 55(52.93); 56(649.81); 57(488.21); 58(387.44); 59(832.42); 60(469.54); 61(146.52); 62(878.05); 63(956.01); 64(334.03); 65(571.71); 66(924.03); 67(449.53); 68(962.66); 69(895.06); 70(672.69); 71(883.39); 72(313.67); 73(92.15); 74(965.22); 75(640.48); 76(337.75); 77(52.85); 78(417.25); 79(880.78); 80(130.02); 81(985.31); 82(218.08); 83(966.83); 84(486.08); 86(720.33); 87(723.73); 88(160.76); 89(616.79); 90(952.88); 91(91.18); 92(578.32); 93(764.57); 94(96.28); 95(825.1); 96(129.62); 97(502.85); 98(188.17); 99(783.94); 100(731.74); 101(173.39); 102(402.04); 103(793.27); 104(354.81); 105(72.11); 106(811.78); 107(829.86); 108(378.9); 109(271.7); 110(982.46); 111(888.6); 112(407.49); 113(827.48); 114(973.8); 115(335.27); 116(278.63); 117(29.13); 118(664.4); 119(704.35); 120(438.74); 121(614.37); 122(940.93); 123(260.21); 124(135.51); 125(211.38); 126(530.28); 127(642.95); 128(450.68); 129(354.42); 130(360.76); 131(491.73); 132(630.68); 133(993.05); 134(681.29); 135(66.46); 136(242.02); 137(30.9); 138(871.43); 139(803.1); 140(892.91); 141(994.84); 142(660.85); 143(616.04); 144(828.24); 145(630.09); 146(653.77); 147(338.48); 148(245.4); 149(703.88); 150(77.79); 151(114.65); 152(532.4); 153(2.85); 154(559.12); 155(889.84); 156(3.03); 157(949.46); 158(682.17); 159(157.99); 160(349.21); 161(110.49); 162(466.76); 163(245.43); 164(390.01); 165(211.74); 166(141.27); 167(599.23); 168(226.45); 169(804.24); 170(118.93); 171(90.46); 172(176.52); 173(237.09); 174(89.04); 175(391.29); 176(35.95); 177(181.19); 178(396.38); 179(187.35); 180(824.5); 181(209.91); 182(85.66); 183(143.37); 184(969.63); 185(211.37); 186(48.66); 187(470.0); 188(96.72); 189(786.1); 190(141.23); 191(995.03); 192(253.55); 193(229.65); 194(40.13); 195(624.61); 196(390.38); 197(991.81); 198(348.18); 199(753.74); 200(962.5); 201(607.39); 202(746.75); 203(665.88); 204(912.63); 205(663.18); 206(703.22); 207(266.14); 208(804.8); 209(577.3); 210(354.01); 211(350.39); 212(912.23); 213(821.82); 214(718.45); 215(419.88); 216(167.57); 217(261.25); 218(599.18); 219(437.75); 220(914.1); 221(555.91); 222(945.88); 223(742.39); 224(751.13); 225(916.16); 226(205.77); 227(591.52); 228(549.78); 229(771.37); 230(388.7); 231(777.4); 232(696.29); 233(973.28); 234(379.04); 235(520.87); 236(540.3); 237(711.39); 238(390.35); 239(349.96); 240(395.4); 241(62.98); 242(247.58); 243(445.03); 244(958.13); 245(531.6); 246(0.11); 247(885.09); 248(479.53); 249(958.4); 250(557.3); 251(144.17); 252(164.72); 253(264.34); 254(631.39); 255(634.22); 256(261.63); 257(279.49); 258(793.84); 259(185.49); 260(452.63); 261(190.95); 262(515.9); 263(399.57); 264(814.7); 265(348.57); 266(848.13); 267(120.57); 268(113.59); 269(835.1); 270(938.69); 271(972.1); 272(78.09); 273(66.86); 274(960.48); 275(545.2); 276(709.37); 277(86.66); 278(894.42); 279(145.71); 280(453.21); 281(114.33); 282(168.96); 283(223.81); 284(393.29); 285(775.48); 286(901.18); 287(310.76); 288(451.38); 289(682.3); 290(741.2); 291(481.07); 292(31.55); 293(975.55); 294(292.56); 295(866.81); 296(140.1); 297(426.82); 298(84.65); 299(764.0); 300(229.28); 301(388.11); 302(577.1); 303(742.23); 304(572.99); 305(479.04); 306(68.81); 307(822.71); 308(199.11); 309(334.93); 310(245.22); 311(994.11); 312(320.7); 313(880.64); 314(949.6); 315(585.14); 316(959.12); 317(79.75); 318(858.01); 319(112.61); 320(871.45); 321(89.55); 322(120.25); 323(351.45); 324(496.13); 325(324.0); 326(233.26); 327(480.73); 328(21.49); 329(263.09); 330(654.37); 331(124.18); 332(783.42); 333(762.83); 334(836.63); 335(108.94); 336(549.59); 337(342.59); 338(376.42); 339(685.25); 340(114.12); 341(734.77); 342(170.57); 343(585.87); 344(247.28); 345(422.59); 346(493.61); 347(396.52); 348(509.65); 349(485.19); 350(565.63); 351(973.6); 352(417.35); 353(678.02); 354(879.91); 355(376.24); 356(667.21); 357(295.85); 358(721.16); 359(652.98); 360(429.61); 361(773.67); 362(297.29); 363(166.13); 364(35.73); 365(168.29); 366(955.88); 367(287.0); 368(794.15); 369(65.12); 370(256.55); 371(863.8); 372(196.03); 373(835.44); 374(407.87); 375(318.57); 376(453.05); 377(79.04); 378(621.21); 379(704.13); 380(267.82); 381(845.44); 382(345.36); 383(764.54); 384(997.78); 385(455.09); 386(415.18); 387(240.36); 388(661.33); 389(703.66); 390(123.95); 391(947.42); 392(31.81); 393(419.56); 394(20.11); 395(398.06); 396(472.8); 397(996.57); 398(415.13); 399(325.13); 400(54.89); 401(843.58); 402(389.5); 403(871.03); 404(354.02); 405(534.28); 406(633.14); 407(650.21); 408(221.9); 409(359.54); 410(953.74); 411(163.68); 412(429.03); 413(343.35); 414(135.44); 415(560.43); 416(761.14); 417(93.42); 418(350.06); 419(836.31); 420(888.01); 421(994.42); 422(414.31); 423(462.41); 424(716.95); 425(690.84); 426(204.9); 427(240.58); 428(264.87); 429(197.29); 430(375.16); 431(858.61); 432(972.94); 433(543.38); 434(429.49); 435(879.42); 436(696.57); 437(902.07); 438(990.99); 439(800.92); 440(245.0); 441(13.38); 442(458.59); 443(749.22); 444(378.47); 445(47.09); 446(812.08); 447(944.94); 448(842.54); 449(910.5); 450(669.71); 451(817.88); 452(41.74); 453(418.89); 454(572.95); 455(455.36); 456(253.74); 457(353.22); 458(598.13); 459(258.1); 460(594.87); 461(274.72); 462(9.54); 463(246.79); 464(111.13); 465(514.89); 466(523.86); 467(77.7); 468(863.63); 469(492.33); 470(369.34); 471(166.2); 472(396.2); 473(164.44); 474(521.68); 475(297.61); 476(317.72); 477(311.1); 478(765.77); 479(988.84); 480(761.0); 481(768.45); 482(699.67); 483(716.63); 484(964.61); 485(292.06); 486(178.87); 487(440.08); 488(976.4); 489(30.73); 490(50.41); 491(732.21); 492(509.58); 493(603.19); 494(303.96); 495(500.62); 496(314.82); 497(532.47); 498(675.37); 499(341.61),1
86,0(118.2); 1(204.02); 2(424.37); 3(586.72); 4(514.87); 5(640.32); 6(277.9); 7(126.85); 8(445.95); 9(321.0); 10(221.67); 11(865.74); 12(963.0); 13(350.83); 14(434.98); 15(724.43); 16(674.89); 17(858.86); 18(781.97); 19(743.57); 20(912.83); 21(889.92); 22(118.51); 23(264.41); 24(266.41); 25(426.21); 26(903.73); 27(551.43); 28(782.49); 29(564.63); 30(738.74); 31(744.11); 32(24.61); 33(259.07); 34(20.98); 35(463.05); 36(391.66); 37(978.04); 38(413.29); 39(356.99); 40(17.28); 41(3.15); 42(796.64); 43(639.28); 44(713.09); 45(235.77); 46(661.04); 47(916.19); 48(18.65); 49(710.7); 50(147.16); 51(706.14); 52(381.37); 53(363.49); 54(69.97); 55(759.97); 56(146.79); 57(790.42); 58(678.72); 59(157.75); 60(370.69); 61(509.86); 62(539.31); 63(47.29); 64(491.84); 65(239.12); 66(897.18); 67(331.74); 68(561.07); 69(197.31); 70(922.34); 71(149.46); 72(663.76); 73(506.03); 74(229.86); 75(626.7); 76(647.98); 77(296.11); 78(307.24); 79(879.29); 80(97.02); 81(650.09); 82(935.91); 83(677.45); 84(493.48); 85(720.33); 87(476.56); 88(185.56); 89(177.87); 90(38.01); 91(262.83); 92(156.13); 93(570.51); 94(387.5); 95(589.14); 96(451.04); 97(774.18); 98(413.01); 99(221.84); 100(838.22); 101(166.0); 102(879.11); 103(67.84); 104(82.34); 105(439.97); 106(903.98); 107(675.7); 108(31.66); 109(288.95); 110(919.05); 111(576.39); 112(258.23); 113(824.26); 114(902.14); 115(879.11); 116(589.53); 117(234.71); 118(749.33); 119(112.47); 120(967.73); 121(348.89); 122(673.08); 123(743.06); 124(147.12); 125(407.49); 126(218.66); 127(97.31); 128(723.23); 129(591.92); 130(954.02); 131(205.21); 132(550.47); 133(407.81); 134(965.8); 135(127.75); 136(47.63); 137(328.68); 138(888.26); 139(525.64); 140(978.31); 141(543.29); 142(491.71); 143(659.46); 144(983.96); 145(41.34); 146(525.52); 147(961.37); 148(948.65); 149(132.83); 150(564.89); 151(204.0); 152(279.41); 153(980.8); 154(13.95); 155(318.18); 156(838.16); 157(732.56); 158(191.22); 159(528.86); 160(493.27); 161(466.68); 162(648.21); 163(322.4); 164(148.76); 165(400.02); 166(344.87); 167(72.42); 168(351.54); 169(564.36); 170(470.9); 171(957.98); 172(902.46); 173(76.73); 174(459.2); 175(77.48); 176(593.72); 177(658.15); 178(141.97); 179(337.1); 180(243.65); 181(773.38); 182(209.26); 183(244.2); 184(849.16); 185(849.84); 186(744.15); 187(37.65); 188(769.46); 189(533.62); 190(662.25); 191(310.58); 192(43.09); 193(646.39); 194(625.14); 195(180.71); 196(145.09); 197(579.67); 198(916.41); 199(322.71); 200(857.86); 201(801.51); 202(29.67); 203(498.74); 204(488.75); 205(390.24); 206(406.17); 207(177.23); 208(183.92); 209(702.47); 210(470.04); 211(250.66); 212(459.54); 213(57.1); 214(111.98); 215(872.72); 216(524.21); 217(788.63); 218(909.21); 219(893.02); 220(870.39); 221(632.17); 222(697.37); 223(15.71); 224(870.18); 225(441.93); 226(601.18); 227(178.59); 228(55.84); 229(639.96); 230(827.74); 231(258.52); 232(519.03); 233(523.69); 234(731.0); 235(348.1); 236(451.8); 237(303.51); 238(377.47); 239(290.0); 240(314.96); 241(130.53); 242(642.79); 243(300.32); 244(489.83); 245(553.15); 246(548.09); 247(8.7); 248(556.44); 249(290.05); 250(452.91); 251(183.89); 252(316.92); 253(690.15); 254(49.93); 255(264.23); 256(938.15); 257(741.53); 258(262.84); 259(983.46); 260(935.25); 261(289.74); 262(410.12); 263(908.53); 264(415.34); 265(910.06); 266(299.42); 267(492.91); 268(685.92); 269(409.3); 270(703.16); 271(555.81); 272(623.97); 273(633.24); 274(553.14); 275(717.68); 276(632.6); 277(689.82); 278(110.02); 279(916.85); 280(842.55); 281(261.32); 282(448.89); 283(916.06); 284(301.81); 285(204.08); 286(577.46); 287(974.27); 288(435.96); 289(548.33); 290(44.98); 291(958.6); 292(751.18); 293(214.38); 294(655.29); 295(223.76); 296(555.78); 297(666.84); 298(402.13); 299(545.63); 300(40.6); 301(445.05); 302(524.78); 303(344.09); 304(41.36); 305(798.13); 306(120.71); 307(930.61); 308(492.83); 309(587.58); 310(773.73); 311(670.8); 312(172.6); 313(176.33); 314(774.98); 315(834.77); 316(145.57); 317(72.33); 318(0.32); 319(599.6); 320(567.4); 321(916.57); 322(226.65); 323(381.4); 324(202.57); 325(322.61); 326(626.37); 327(650.74); 328(764.52); 329(455.35); 330(854.71); 331(765.79); 332(939.03); 333(324.06); 334(553.14); 335(636.69); 336(539.08); 337(547.12); 338(867.43); 339(217.5); 340(726.82); 341(621.05); 342(399.97); 343(588.59); 344(945.77); 345(777.26); 346(180.71); 347(279.56); 348(115.34); 349(8.92); 350(791.45); 351(357.46); 352(466.36); 353(891.25); 354(298.85); 355(433.36); 356(959.73); 357(613.11); 358(440.48); 359(775.43); 360(255.23); 361(318.64); 362(171.08); 363(139.53); 364(690.67); 365(31.89); 366(637.27); 367(889.66); 368(278.37); 369(272.49); 370(316.62); 371(883.35); 372(755.44); 373(883.56); 374(615.38); 375(998.96); 376(625.35); 377(2.14); 378(432.71); 379(272.92); 380(478.76); 381(52.06); 382(400.4); 383(52.87); 384(69.6); 385(196.98); 386(17.12); 387(337.68); 388(630.64); 389(806.28); 390(90.29); 391(775.63); 392(240.68); 393(350.69); 394(676.39); 395(883.52); 396(136.89); 397(754.43); 398(148.63); 399(433.65); 400(518.26); 401(92.65); 402(111.81); 403(730.03); 404(256.75); 405(559.66); 406(866.24); 407(871.05); 408(730.03); 409(163.63); 410(766.95); 411(692.09); 412(330.43); 413(214.35); 414(988.54); 415(512.23); 416(498.47); 417(18.84); 418(381.0); 419(634.5); 420(371.1); 421(64.14); 422(143.38); 423(946.72); 424(349.21); 425(768.23); 426(411.46); 427(661.15); 428(126.45); 429(78.73); 430(201.14); 431(608.51); 432(361.31); 433(80.63); 434(406.74); 435(223.4); 436(6.49); 437(821.64); 438(683.47); 439(991.45); 440(768.97); 441(727.44); 442(218.04); 443(528.51); 444(656.35); 445(398.2); 446(633.59); 447(690.49); 448(278.12); 449(343.1); 450(712.95); 451(398.81); 452(389.07); 453(30.66); 454(350.84); 455(355.81); 456(701.84); 457(997.59); 458(381.88); 459(300.62); 460(390.28); 461(122.72); 462(214.94); 463(33.66); 464(595.96); 465(575.69); 466(583.29); 467(498.72); 468(790.51); 469(821.44); 470(438.93); 471(156.78); 472(907.51); 473(294.4); 474(546.32); 475(851.84); 476(474.99); 477(618.55); 478(437.44); 479(420.83); 480(701.6); 481(151.92); 482(419.27); 483(100.72); 484(575.68); 485(426.25); 486(335.66); 487(4.69); 488(404.05); 489(372.94); 490(112.23); 491(606.32); 492(936.32); 493(826.65); 494(524.67); 495(401.98); 496(103.94); 497(621.69); 498(290.55); 499(500.28),1
87,0(850.34); 1(126.1); 2(359.85); 3(476.77); 4(282.9); 5(712.01); 6(350.87); 7(469.42); 8(698.98); 9(731.94); 10(476.03); 11(989.5); 12(195.26); 13(353.57); 14(726.84); 15(715.89); 16(764.77); 17(926.89); 18(23.02); 19(569.99); 20(408.64); 21(197.21); 22(819.36); 23(932.48); 24(750.13); 25(997.81); 26(838.0); 27(318.33); 28(135.56); 29(728.2); 30(647.03); 31(558.49); 32(66.28); 33(0.8); 34(937.15); 35(795.14); 36(887.57); 37(463.92); 38(814.09); 39(888.96); 40(963.29); 41(478.19); 42(324.64); 43(781.13); 44(639.41); 45(135.08); 46(347.81); 47(71.39); 48(24.21); 49(389.59); 50(44.24); 51(974.26); 52(195.92); 53(148.66); 54(217.51); 55(990.38); 56(900.7); 57(209.9); 58(3.66); 59(721.13); 60(480.88); 61(996.95); 62(851.01); 63(689.57); 64(698.63); 65(920.42); 66(374.16); 67(748.39); 68(475.51); 69(195.82); 70(673.37); 71(75.67); 72(494.6); 73(656.4); 74(282.06); 75(847.38); 76(821.54); 77(11.48); 78(521.57); 79(626.35); 80(317.74); 81(814.74); 82(329.71); 83(747.6); 84(584.15); 85(723.73); 86(476.56); 88(751.91); 89(27.89); 90(55.4); 91(143.56); 92(363.66); 93(832.68); 94(787.45); 95(539.67); 96(271.55); 97(553.87); 98(411.66); 99(894.56); 100(55.71); 101(14.29); 102(530.15); 103(585.7); 104(569.52); 105(242.0); 106(804.7); 107(443.37); 108(542.72); 109(344.5); 110(775.45); 111(72.05); 112(868.73); 113(73.83); 114(561.6); 115(975.41); 116(424.7); 117(31.86); 118(209.17); 119(709.95); 120(380.15); 121(99.21); 122(707.22); 123(885.29); 124(824.82); 125(638.12); 126(989.42); 127(858.11); 128(30.33); 129(5.75); 130(396.88); 131(96.26); 132(419.45); 133(348.52); 134(319.79); 135(910.32); 136(123.01); 137(221.43); 138(855.64); 139(599.87); 140(963.66); 141(11.63); 142(450.42); 143(930.38); 144(941.41); 145(269.82); 146(555.57); 147(901.12); 148(502.19); 149(827.44); 150(5.72); 151(114.36); 152(268.43); 153(417.49); 154(285.07); 155(943.66); 156(885.92); 157(958.79); 158(586.15); 159(576.17); 160(476.49); 161(429.16); 162(997.89); 163(627.35); 164(736.12); 165(564.74); 166(268.12); 167(262.0); 168(137.79); 169(245.06); 170(291.83); 171(624.67); 172(426.62); 173(465.58); 174(577.38); 175(421.8); 176(654.42); 177(423.92); 178(359.68); 179(490.35); 180(452.2); 181(616.79); 182(146.8); 183(961.13); 184(277.6); 185(311.37); 186(909.79); 187(339.85); 188(271.07); 189(879.24); 190(603.22); 191(523.52); 192(111.48); 193(704.17); 194(369.49); 195(750.92); 196(947.37); 197(126.49); 198(630.84); 199(412.27); 200(331.03); 201(864.22); 202(213.14); 203(526.09); 204(126.16); 205(27.89); 206(487.46); 207(395.9); 208(527.44); 209(406.38); 210(323.79); 211(800.8); 212(558.28); 213(553.86); 214(695.84); 215(390.64); 216(835.84); 217(644.55); 218(823.17); 219(588.49); 220(166.84); 221(720.55); 222(812.95); 223(27.19); 224(213.28); 225(47.76); 226(185.76); 227(6.21); 228(65.52); 229(31.94); 230(178.44); 231(952.46); 232(255.57); 233(768.87); 234(668.63); 235(386.87); 236(437.77); 237(589.89); 238(818.74); 239(420.7); 240(128.24); 241(858.34); 242(862.85); 243(976.52); 244(471.69); 245(618.13); 246(410.17); 247(615.35); 248(412.82); 249(579.76); 250(914.91); 251(366.44); 252(632.14); 253(642.98); 254(121.62); 255(17.48); 256(578.07); 257(962.07); 258(854.5); 259(451.24); 260(806.54); 261(621.96); 262(197.93); 263(14.5); 264(463.59); 265(938.19); 266(527.6); 267(701.24); 268(534.17); 269(223.25); 270(453.29); 271(842.16); 272(731.8); 273(928.25); 274(761.02); 275(908.44); 276(193.49); 277(258.94); 278(593.94); 279(952.52); 280(909.12); 281(530.0); 282(850.69); 283(849.39); 284(196.52); 285(622.84); 286(165.46); 287(613.05); 288(521.35); 289(666.82); 290(308.12); 291(935.38); 292(156.95); 293(481.7); 294(512.28); 295(316.06); 296(862.23); 297(101.9); 298(253.93); 299(457.41); 300(672.24); 301(309.9); 302(882.46); 303(93.44); 304(905.44); 305(71.17); 306(822.44); 307(415.89); 308(116.55); 309(244.05); 310(859.04); 311(290.85); 312(343.65); 313(159.57); 314(225.94); 315(702.0); 316(871.45); 317(986.59); 318(241.9); 319(421.36); 320(920.68); 321(390.53); 322(824.89); 323(199.7); 324(983.4); 325(537.18); 326(951.69); 327(159.15); 328(148.34); 329(550.49); 330(871.71); 331(211.87); 332(721.35); 333(905.89); 334(227.95); 335(3.68); 336(649.96); 337(46.04); 338(263.64); 339(678.06); 340(153.8); 341(398.41); 342(125.63); 343(973.06); 344(673.95); 345(80.33); 346(886.65); 347(296.78); 348(65.14); 349(236.63); 350(277.09); 351(256.43); 352(538.6); 353(925.91); 354(18.8); 355(986.73); 356(607.28); 357(214.27); 358(8.55); 359(381.57); 360(22.32); 361(574.19); 362(219.43); 363(532.31); 364(700.61); 365(630.17); 366(273.01); 367(98.72); 368(783.69); 369(184.76); 370(831.94); 371(79.39); 372(372.22); 373(279.23); 374(118.79); 375(556.99); 376(693.48); 377(859.29); 378(950.5); 379(861.94); 380(989.88); 381(552.35); 382(717.74); 383(329.74); 384(226.53); 385(384.45); 386(761.65); 387(213.16); 388(208.93); 389(903.61); 390(802.67); 391(112.85); 392(787.37); 393(345.17); 394(803.92); 395(549.31); 396(391.35); 397(472.54); 398(515.34); 399(647.2); 400(10.07); 401(164.36); 402(994.38); 403(850.89); 404(202.46); 405(94.77); 406(838.3); 407(735.33); 408(578.55); 409(616.36); 410(741.78); 411(867.0); 412(622.51); 413(885.89); 414(611.47); 415(538.35); 416(77.63); 417(400.99); 418(256.6); 419(789.39); 420(237.51); 421(565.05); 422(335.15); 423(871.83); 424(711.87); 425(770.48); 426(441.19); 427(933.0); 428(703.08); 429(854.38); 430(204.24); 431(250.35); 432(773.35); 433(198.07); 434(577.21); 435(282.68); 436(350.63); 437(193.16); 438(605.84); 439(380.49); 440(407.63); 441(16.5); 442(686.56); 443(330.44); 444(984.13); 445(45.0); 446(634.1); 447(482.85); 448(352.17); 449(691.87); 450(144.98); 451(364.92); 452(202.97); 453(613.65); 454(958.64); 455(541.2); 456(967.23); 457(932.3); 458(718.9); 459(393.33); 460(950.02); 461(637.68); 462(697.04); 463(949.87); 464(910.35); 465(833.42); 466(775.82); 467(325.41); 468(204.18); 469(215.31); 470(690.73); 471(753.23); 472(798.13); 473(838.34); 474(640.26); 475(657.11); 476(987.52); 477(815.52); 478(78.13); 479(108.98); 480(72.93); 481(36.7); 482(216.4); 483(798.14); 484(415.04); 485(452.15); 486(532.36); 487(833.14); 488(709.81); 489(295.44); 490(531.66); 491(446.69); 492(197.08); 493(837.0); 494(896.26); 495(831.93); 496(511.67); 497(6.4); 498(310.42); 499(754.1),1
88,0(224.97); 1(155.09); 2(593.86); 3(677.7); 4(213.33); 5(733.83); 6(150.15); 7(302.58); 8(314.82); 9(52.53); 10(880.58); 11(976.94); 12(367.19); 13(922.29); 14(108.66); 15(66.5); 16(344.92); 17(927.86); 18(158.53); 19(212.59); 20(691.12); 21(922.16); 22(448.49); 23(797.16); 24(798.77); 25(752.81); 26(672.32); 27(46.13); 28(554.21); 29(858.99); 30(597.69); 31(691.94); 32(749.55); 33(192.62); 34(112.9); 35(71.84); 36(789.11); 37(210.13); 38(595.35); 39(898.41); 40(437.51); 41(795.67); 42(166.37); 43(774.0); 44(780.1); 45(931.98); 46(739.66); 47(968.56); 48(261.06); 49(127.47); 50(748.54); 51(214.38); 52(796.09); 53(266.45); 54(85.04); 55(203.5); 56(504.47); 57(717.75); 58(676.87); 59(853.03); 60(579.93); 61(834.34); 62(373.57); 63(921.98); 64(592.67); 65(247.99); 66(664.64); 67(298.88); 68(985.42); 69(376.22); 70(177.53); 71(50.46); 72(780.12); 73(454.66); 74(48.91); 75(607.1); 76(406.44); 77(670.43); 78(992.93); 79(472.44); 80(562.61); 81(620.64); 82(90.29); 83(153.47); 84(821.16); 85(160.76); 86(185.56); 87(751.91); 89(265.21); 90(818.22); 91(791.82); 92(854.74); 93(305.65); 94(567.88); 95(616.23); 96(677.61); 97(364.63); 98(794.18); 99(244.19); 100(916.67); 101(202.3); 102(121.59); 103(669.7); 104(585.88); 105(123.03); 106(720.81); 107(16.77); 108(169.26); 109(81.66); 110(561.41); 111(177.3); 112(636.49); 113(27.51); 114(896.33); 115(561.0); 116(892.39); 117(920.0); 118(744.8); 119(436.54); 120(65.03); 121(207.77); 122(736.57); 123(492.22); 124(832.08); 125(172.86); 126(403.04); 127(563.8); 128(144.69); 129(706.56); 130(604.22); 131(782.81); 132(870.03); 133(993.02); 134(510.94); 135(654.46); 136(157.08); 137(879.05); 138(295.71); 139(818.62); 140(583.35); 141(324.38); 142(83.8); 143(138.61); 144(807.28); 145(671.28); 146(462.94); 147(483.79); 148(242.62); 149(291.66); 150(872.11); 151(632.68); 152(377.92); 153(582.06); 154(969.06); 155(207.66); 156(294.89); 157(960.41); 158(196.44); 159(381.78); 160(942.38); 161(683.04); 162(821.21); 163(598.02); 164(372.08); 165(781.99); 166(154.85); 167(649.88); 168(274.53); 169(86.55); 170(787.84); 171(576.79); 172(92.91); 173(956.44); 174(226.72); 175(169.98); 176(304.89); 177(798.65); 178(91.21); 179(814.63); 180(72.67); 181(295.18); 182(984.35); 183(406.63); 184(248.93); 185(671.02); 186(748.13); 187(429.88); 188(590.12); 189(601.79); 190(973.64); 191(535.78); 192(396.61); 193(70.78); 194(197.05); 195(150.03); 196(516.17); 197(244.29); 198(57.32); 199(0.6); 200(124.43); 201(406.19); 202(678.63); 203(620.72); 204(603.21); 205(429.44); 206(102.35); 207(686.8); 208(910.87); 209(750.15); 210(907.52); 211(344.77); 212(309.05); 213(90.17); 214(758.0); 215(685.99); 216(791.8); 217(176.85); 218(64.34); 219(429.38); 220(666.38); 221(924.46); 222(16.01); 223(195.78); 224(418.54); 225(643.27); 226(818.57); 227(829.72); 228(206.56); 229(138.61); 230(776.88); 231(584.49); 232(806.94); 233(358.19); 234(252.16); 235(514.15); 236(42.85); 237(337.23); 238(950.09); 239(934.73); 240(607.82); 241(407.29); 242(696.67); 243(846.62); 244(39.57); 245(132.24); 246(900.98); 247(209.91); 248(204.47); 249(178.24); 250(947.08); 251(286.04); 252(468.03); 253(215.97); 254(613.96); 255(682.4); 256(733.23); 257(525.92); 258(917.07); 259(857.64); 260(386.89); 261(473.37); 262(908.26); 263(769.56); 264(857.2); 265(424.93); 266(995.12); 267(593.06); 268(328.34); 269(649.14); 270(301.92); 271(461.79); 272(140.54); 273(659.7); 274(892.34); 275(346.71); 276(444.39); 277(473.34); 278(212.07); 279(191.8); 280(901.29); 281(203.29); 282(13.75); 283(516.27); 284(373.07); 285(656.68); 286(72.0); 287(816.41); 288(182.77); 289(842.0); 290(652.61); 291(224.67); 292(818.95); 293(725.82); 294(263.92); 295(240.23); 296(631.08); 297(423.06); 298(9.93); 299(711.86); 300(435.66); 301(464.85); 302(485.52); 303(471.86); 304(528.46); 305(272.87); 306(285.56); 307(538.5); 308(661.08); 309(318.35); 310(265.55); 311(80.42); 312(892.27); 313(146.44); 314(758.81); 315(497.81); 316(964.78); 317(17.87); 318(166.04); 319(949.34); 320(816.51); 321(197.6); 322(478.63); 323(903.21); 324(864.26); 325(494.59); 326(371.11); 327(444.18); 328(100.06); 329(54.21); 330(887.58); 331(840.09); 332(196.86); 333(139.96); 334(288.18); 335(77.05); 336(463.78); 337(162.06); 338(976.24); 339(467.75); 340(398.48); 341(655.6); 342(619.55); 343(327.87); 344(599.29); 345(176.75); 346(974.5); 347(769.41); 348(481.39); 349(604.02); 350(657.14); 351(161.4); 352(14.85); 353(90.5); 354(741.47); 355(637.74); 356(778.62); 357(845.25); 358(54.51); 359(736.42); 360(845.59); 361(807.35); 362(79.13); 363(524.66); 364(596.42); 365(137.82); 366(326.22); 367(268.11); 368(27.17); 369(263.08); 370(900.47); 371(103.17); 372(570.03); 373(397.73); 374(917.57); 375(459.03); 376(538.6); 377(409.61); 378(935.37); 379(121.46); 380(153.28); 381(823.28); 382(669.58); 383(393.61); 384(89.26); 385(439.88); 386(822.75); 387(51.05); 388(619.99); 389(236.7); 390(752.43); 391(674.88); 392(768.52); 393(997.12); 394(800.56); 395(619.7); 396(396.87); 397(591.08); 398(704.13); 399(680.27); 400(838.13); 401(133.65); 402(527.53); 403(155.05); 404(49.45); 405(51.16); 406(188.87); 407(124.33); 408(131.49); 409(413.62); 410(427.51); 411(115.94); 412(597.87); 413(330.74); 414(643.23); 415(678.99); 416(996.99); 417(742.26); 418(757.77); 419(461.95); 420(830.83); 421(806.94); 422(305.7); 423(962.04); 424(503.74); 425(758.32); 426(325.95); 427(234.81); 428(930.67); 429(243.18); 430(66.56); 431(861.89); 432(52.34); 433(510.71); 434(738.84); 435(320.96); 436(501.78); 437(404.6); 438(786.99); 439(84.67); 440(238.55); 441(990.12); 442(497.41); 443(423.07); 444(53.12); 445(57.72); 446(57.83); 447(442.02); 448(668.89); 449(673.24); 450(957.74); 451(197.04); 452(190.84); 453(869.92); 454(307.72); 455(698.61); 456(726.9); 457(169.31); 458(534.74); 459(146.07); 460(938.36); 461(513.8); 462(901.53); 463(348.52); 464(236.41); 465(872.18); 466(120.93); 467(742.69); 468(763.36); 469(133.27); 470(161.98); 471(235.82); 472(830.27); 473(356.1); 474(690.48); 475(339.27); 476(715.65); 477(41.29); 478(988.49); 479(548.81); 480(385.84); 481(734.69); 482(873.33); 483(910.27); 484(103.99); 485(194.47); 486(667.48); 487(944.56); 488(464.3); 489(619.17); 490(575.54); 491(825.86); 492(108.49); 493(399.0); 494(191.14); 495(55.3); 496(295.37); 497(558.89); 498(173.24); 499(580.99),1
89,0(139.39); 1(367.99); 2(718.52); 3(276.83); 4(956.3); 5(147.25); 6(936.89); 7(949.36); 8(162.03); 9(438.57); 10(724.78); 11(435.49); 12(836.31); 13(682.41); 14(951.1); 15(493.04); 16(337.22); 17(595.84); 18(639.56); 19(415.3); 20(19.58); 21(694.15); 22(2.08); 23(871.74); 24(315.92); 25(158.64); 26(125.85); 27(657.47); 28(628.04); 29(757.57); 30(415.9); 31(376.37); 32(195.53); 33(859.15); 34(80.82); 35(941.78); 36(549.26); 37(691.2); 38(210.9); 39(931.58); 40(366.79); 41(113.32); 42(73.73); 43(128.91); 44(499.71); 45(417.28); 46(971.22); 47(321.56); 48(676.56); 49(551.71); 50(943.17); 51(924.86); 52(303.71); 53(209.68); 54(372.18); 55(766.99); 56(697.93); 57(846.17); 58(430.6); 59(935.89); 60(491.06); 61(843.34); 62(293.6); 63(394.28); 64(646.44); 65(231.27); 66(568.99); 67(985.59); 68(824.37); 69(165.12); 70(119.53); 71(518.82); 72(70.43); 73(961.19); 74(622.76); 75(732.75); 76(190.11); 77(646.31); 78(248.65); 79(525.54); 80(581.52); 81(163.12); 82(413.08); 83(801.49); 84(403.65); 85(616.79); 86(177.87); 87(27.89); 88(265.21); 90(836.27); 91(320.38); 92(762.73); 93(218.74); 94(963.59); 95(781.55); 96(518.92); 97(884.46); 98(452.98); 99(187.7); 100(566.81); 101(279.48); 102(270.47); 103(715.59); 104(760.6); 105(630.14); 106(77.05); 107(368.35); 108(997.23); 109(873.75); 110(534.27); 111(279.87); 112(991.02); 113(582.66); 114(602.57); 115(415.01); 116(785.76); 117(567.73); 118(640.01); 119(850.62); 120(870.5); 121(939.53); 122(450.58); 123(22.72); 124(615.17); 125(905.44); 126(628.01); 127(218.59); 128(265.74); 129(569.27); 130(116.95); 131(580.36); 132(134.39); 133(935.9); 134(505.07); 135(525.88); 136(21.56); 137(27.17); 138(664.64); 139(632.33); 140(902.24); 141(635.53); 142(999.86); 143(388.96); 144(117.56); 145(633.1); 146(334.18); 147(311.14); 148(452.28); 149(840.69); 150(884.82); 151(777.73); 152(812.25); 153(207.02); 154(832.99); 155(719.2); 156(238.72); 157(825.83); 158(931.71); 159(265.1); 160(594.7); 161(780.44); 162(3.57); 163(98.93); 164(957.57); 165(162.94); 166(993.29); 167(820.25); 168(383.0); 169(780.43); 170(734.22); 171(808.22); 172(846.86); 173(156.0); 174(432.57); 175(53.08); 176(17.75); 177(491.72); 178(41.16); 179(573.16); 180(141.77); 181(758.72); 182(94.08); 183(81.76); 184(468.26); 185(61.32); 186(193.36); 187(429.76); 188(71.34); 189(355.57); 190(615.42); 191(407.24); 192(31.43); 193(413.5); 194(751.41); 195(199.93); 196(560.51); 197(318.41); 198(386.76); 199(987.02); 200(368.62); 201(701.49); 202(124.15); 203(115.61); 204(425.77); 205(732.32); 206(175.43); 207(572.71); 208(792.79); 209(140.99); 210(629.43); 211(218.32); 212(255.74); 213(764.3); 214(686.67); 215(6.27); 216(353.38); 217(449.55); 218(819.11); 219(72.28); 220(187.34); 221(331.87); 222(800.32); 223(848.85); 224(2.59); 225(629.6); 226(12.86); 227(524.05); 228(149.33); 229(663.28); 230(32.27); 231(298.44); 232(352.19); 233(867.05); 234(357.43); 235(843.6); 236(398.93); 237(733.5); 238(349.9); 239(443.46); 240(307.73); 241(639.78); 242(282.51); 243(11.63); 244(351.47); 245(854.16); 246(334.38); 247(759.21); 248(465.97); 249(665.57); 250(873.12); 251(183.74); 252(155.4); 253(664.89); 254(325.65); 255(200.87); 256(834.89); 257(713.16); 258(881.54); 259(854.89); 260(967.54); 261(733.89); 262(18.17); 263(674.56); 264(764.75); 265(940.43); 266(334.35); 267(221.13); 268(718.62); 269(975.25); 270(342.85); 271(650.85); 272(401.47); 273(594.75); 274(555.77); 275(53.93); 276(598.68); 277(64.65); 278(458.19); 279(901.9); 280(177.2); 281(405.78); 282(684.36); 283(462.36); 284(647.41); 285(374.34); 286(587.28); 287(517.35); 288(48.52); 289(918.01); 290(59.86); 291(345.02); 292(958.84); 293(9.11); 294(309.64); 295(753.2); 296(928.17); 297(357.65); 298(232.71); 299(929.83); 300(860.79); 301(485.14); 302(436.94); 303(102.29); 304(471.27); 305(834.12); 306(104.38); 307(388.29); 308(675.62); 309(754.02); 310(622.67); 311(716.62); 312(247.66); 313(480.37); 314(293.67); 315(757.43); 316(943.78); 317(501.26); 318(574.9); 319(118.77); 320(92.24); 321(491.71); 322(145.69); 323(504.16); 324(465.84); 325(721.3); 326(326.65); 327(730.18); 328(936.41); 329(511.19); 330(119.38); 331(934.01); 332(549.44); 333(591.37); 334(411.45); 335(703.72); 336(50.57); 337(48.55); 338(599.81); 339(968.41); 340(814.48); 341(716.8); 342(956.65); 343(546.62); 344(107.89); 345(627.64); 346(860.49); 347(908.92); 348(311.76); 349(465.39); 350(967.57); 351(950.61); 352(932.29); 353(424.15); 354(211.09); 355(820.32); 356(274.06); 357(561.12); 358(305.4); 359(502.27); 360(485.44); 361(222.38); 362(310.93); 363(36.32); 364(518.33); 365(750.21); 366(557.17); 367(499.99); 368(235.94); 369(741.82); 370(747.91); 371(126.17); 372(362.78); 373(420.1); 374(757.16); 375(801.7); 376(526.3); 377(825.45); 378(172.68); 379(20.23); 380(674.66); 381(878.62); 382(814.23); 383(246.32); 384(35.89); 385(675.49); 386(260.41); 387(287.64); 388(22.41); 389(560.17); 390(624.25); 391(645.29); 392(190.48); 393(966.8); 394(946.3); 395(408.72); 396(906.81); 397(111.21); 398(836.16); 399(576.86); 400(236.69); 401(165.51); 402(351.28); 403(31.71); 404(237.85); 405(959.07); 406(168.1); 407(523.04); 408(211.09); 409(140.34); 410(138.78); 411(164.2); 412(535.94); 413(360.89); 414(798.74); 415(177.87); 416(917.83); 417(896.73); 418(577.84); 419(857.97); 420(31.73); 421(699.43); 422(594.97); 423(30.11); 424(424.6); 425(28.67); 426(887.88); 427(227.55); 428(22.71); 429(290.47); 430(896.85); 431(827.94); 432(978.02); 433(988.23); 434(27.67); 435(395.55); 436(675.71); 437(354.94); 438(220.99); 439(384.92); 440(594.88); 441(768.38); 442(688.47); 443(627.21); 444(117.87); 445(551.04); 446(875.37); 447(404.59); 448(209.56); 449(263.05); 450(460.01); 451(651.33); 452(895.54); 453(962.34); 454(862.35); 455(247.01); 456(361.01); 457(866.51); 458(373.07); 459(994.59); 460(903.26); 461(847.22); 462(9.86); 463(174.73); 464(334.09); 465(743.83); 466(210.62); 467(920.86); 468(827.71); 469(381.57); 470(379.31); 471(818.04); 472(241.31); 473(170.73); 474(207.87); 475(72.28); 476(748.93); 477(621.67); 478(35.68); 479(842.81); 480(119.87); 481(35.37); 482(402.37); 483(845.2); 484(678.91); 485(909.17); 486(264.21); 487(559.3); 488(86.01); 489(20.87); 490(180.7); 491(475.67); 492(656.37); 493(580.6); 494(632.45); 495(436.06); 496(22.76); 497(351.62); 498(986.54); 499(272.53),1
90,0(799.67); 1(142.56); 2(960.74); 3(676.97); 4(891.76); 5(514.86); 6(396.46); 7(339.36); 8(352.69); 9(906.15); 10(376.81); 11(35.61); 12(540.55); 13(109.12); 14(271.9); 15(894.95); 16(470.76); 17(420.72); 18(85.39); 19(199.77); 20(54.11); 21(101.07); 22(168.72); 23(103.92); 24(59.63); 25(90.3); 26(508.17); 27(912.75); 28(929.89); 29(520.38); 30(338.79); 31(917.98); 32(871.41); 33(313.53); 34(651.28); 35(562.3); 36(890.22); 37(413.16); 38(642.03); 39(477.17); 40(14.42); 41(971.36); 42(299.88); 43(421.62); 44(500.25); 45(892.48); 46(107.72); 47(77.83); 48(413.84); 49(537.38); 50(851.41); 51(796.78); 52(611.88); 53(636.22); 54(509.16); 55(580.26); 56(356.72); 57(196.98); 58(721.91); 59(869.94); 60(232.31); 61(946.33); 62(976.05); 63(53.07); 64(63.54); 65(784.66); 66(136.05); 67(210.82); 68(145.48); 69(302.73); 70(36.46); 71(758.79); 72(916.04); 73(255.92); 74(915.09); 75(35.95); 76(267.08); 77(471.08); 78(482.84); 79(839.36); 80(946.26); 81(473.83); 82(586.45); 83(299.43); 84(719.94); 85(952.88); 86(38.01); 87(55.4); 88(818.22); 89(836.27); 91(667.14); 92(768.9); 93(435.07); 94(503.68); 95(817.17); 96(566.37); 97(198.11); 98(143.46); 99(431.78); 100(885.99); 101(91.54); 102(82.86); 103(343.49); 104(35.45); 105(299.91); 106(586.85); 107(284.04); 108(304.52); 109(470.01); 110(977.1); 111(504.29); 112(503.35); 113(393.78); 114(627.04); 115(630.26); 116(533.89); 117(83.51); 118(512.29); 119(880.41); 120(688.89); 121(538.56); 122(924.81); 123(887.12); 124(613.78); 125(744.59); 126(688.46); 127(205.4); 128(173.11); 129(182.61); 130(107.3); 131(804.86); 132(946.54); 133(670.45); 134(471.62); 135(825.53); 136(417.15); 137(846.21); 138(695.17); 139(840.11); 140(185.89); 141(35.9); 142(768.68); 143(575.33); 144(178.71); 145(901.47); 146(57.5); 147(916.87); 148(334.48); 149(817.59); 150(308.28); 151(892.73); 152(350.82); 153(393.84); 154(197.07); 155(360.94); 156(989.56); 157(374.18); 158(753.35); 159(558.28); 160(715.25); 161(379.33); 162(310.68); 163(240.84); 164(912.51); 165(245.46); 166(776.73); 167(396.98); 168(266.99); 169(56.26); 170(492.32); 171(242.25); 172(422.47); 173(100.24); 174(255.51); 175(42.37); 176(140.42); 177(950.25); 178(536.43); 179(849.72); 180(957.79); 181(222.59); 182(951.13); 183(842.35); 184(892.44); 185(445.41); 186(423.96); 187(435.19); 188(633.74); 189(692.73); 190(547.33); 191(58.68); 192(669.18); 193(223.69); 194(292.03); 195(12.85); 196(85.3); 197(696.75); 198(577.12); 199(149.37); 200(184.04); 201(368.68); 202(325.63); 203(409.56); 204(354.67); 205(465.01); 206(131.07); 207(568.81); 208(316.08); 209(696.53); 210(790.76); 211(716.2); 212(459.41); 213(400.86); 214(492.87); 215(345.45); 216(177.46); 217(965.85); 218(894.99); 219(631.15); 220(795.46); 221(568.94); 222(534.62); 223(392.33); 224(429.43); 225(90.1); 226(555.52); 227(813.53); 228(982.01); 229(595.02); 230(489.74); 231(926.62); 232(232.85); 233(161.37); 234(899.18); 235(657.09); 236(350.63); 237(923.09); 238(621.98); 239(617.51); 240(281.49); 241(433.97); 242(80.14); 243(905.29); 244(238.01); 245(1.78); 246(301.75); 247(875.8); 248(225.7); 249(619.53); 250(798.44); 251(500.84); 252(575.76); 253(716.99); 254(600.12); 255(704.57); 256(811.73); 257(814.64); 258(599.93); 259(545.29); 260(859.32); 261(600.22); 262(42.59); 263(345.35); 264(25.94); 265(220.8); 266(795.35); 267(411.8); 268(155.07); 269(254.18); 270(245.66); 271(899.43); 272(809.7); 273(95.9); 274(705.46); 275(773.22); 276(802.58); 277(458.15); 278(207.18); 279(623.33); 280(999.97); 281(472.2); 282(534.64); 283(787.14); 284(554.35); 285(830.96); 286(877.17); 287(735.13); 288(818.37); 289(224.76); 290(794.25); 291(561.09); 292(950.55); 293(590.09); 294(93.52); 295(893.45); 296(729.71); 297(364.08); 298(302.35); 299(446.88); 300(975.84); 301(302.77); 302(742.59); 303(766.03); 304(386.17); 305(447.98); 306(458.45); 307(90.93); 308(481.05); 309(350.82); 310(166.63); 311(762.57); 312(864.05); 313(957.65); 314(56.87); 315(706.14); 316(328.5); 317(515.0); 318(237.54); 319(583.86); 320(731.84); 321(121.49); 322(606.99); 323(774.25); 324(636.65); 325(47.84); 326(540.03); 327(547.82); 328(599.92); 329(890.73); 330(126.13); 331(41.2); 332(768.25); 333(642.49); 334(124.94); 335(530.99); 336(910.52); 337(732.57); 338(431.7); 339(661.88); 340(181.65); 341(7.83); 342(533.96); 343(622.18); 344(995.4); 345(633.61); 346(417.51); 347(100.95); 348(413.36); 349(997.58); 350(609.97); 351(61.04); 352(70.09); 353(886.5); 354(364.05); 355(710.81); 356(620.13); 357(100.02); 358(252.19); 359(337.21); 360(810.14); 361(650.19); 362(125.16); 363(235.25); 364(149.84); 365(497.95); 366(923.01); 367(400.41); 368(229.3); 369(56.59); 370(363.36); 371(725.44); 372(870.73); 373(779.32); 374(122.78); 375(173.07); 376(689.18); 377(209.83); 378(653.24); 379(761.44); 380(261.07); 381(508.54); 382(397.14); 383(941.95); 384(631.72); 385(650.06); 386(283.37); 387(910.52); 388(411.32); 389(629.95); 390(748.55); 391(508.25); 392(864.15); 393(238.8); 394(792.81); 395(924.05); 396(68.95); 397(997.12); 398(867.69); 399(103.54); 400(118.78); 401(662.91); 402(469.26); 403(471.29); 404(846.5); 405(492.02); 406(806.74); 407(509.82); 408(488.4); 409(243.86); 410(82.21); 411(97.99); 412(99.24); 413(651.04); 414(963.68); 415(934.55); 416(772.54); 417(481.15); 418(730.82); 419(291.66); 420(130.64); 421(656.83); 422(901.52); 423(30.71); 424(542.46); 425(668.62); 426(187.03); 427(68.02); 428(203.12); 429(600.36); 430(619.33); 431(912.41); 432(827.72); 433(657.81); 434(512.09); 435(465.94); 436(408.27); 437(484.89); 438(740.51); 439(397.91); 440(286.48); 441(427.8); 442(891.95); 443(292.21); 444(151.77); 445(979.68); 446(65.17); 447(251.43); 448(304.44); 449(517.14); 450(121.71); 451(225.47); 452(159.67); 453(140.9); 454(940.38); 455(639.53); 456(684.66); 457(836.73); 458(961.26); 459(365.71); 460(874.32); 461(860.93); 462(404.11); 463(814.18); 464(145.08); 465(713.37); 466(672.27); 467(349.05); 468(672.65); 469(375.03); 470(871.3); 471(310.23); 472(418.42); 473(721.42); 474(742.76); 475(738.58); 476(654.65); 477(786.64); 478(457.62); 479(393.68); 480(548.43); 481(348.02); 482(125.6); 483(746.8); 484(148.56); 485(964.21); 486(206.11); 487(164.18); 488(131.72); 489(341.91); 490(896.49); 491(722.29); 492(782.98); 493(972.77); 494(749.28); 495(642.49); 496(325.31); 497(58.82); 498(58.06); 499(922.1),1
91,0(552.41); 1(910.04); 2(195.86); 3(768.98); 4(319.33); 5(71.73); 6(900.77); 7(89.99); 8(201.78); 9(452.26); 10(336.22); 11(332.21); 12(157.49); 13(493.4); 14(964.31); 15(834.58); 16(726.05); 17(344.03); 18(865.73); 19(401.82); 20(838.27); 21(999.94); 22(373.76); 23(913.12); 24(52.7); 25(932.09); 26(794.22); 27(758.87); 28(760.18); 29(821.58); 30(810.26); 31(574.41); 32(765.12); 33(463.78); 34(233.24); 35(666.68); 36(837.79); 37(355.77); 38(101.5); 39(675.86); 40(39.88); 41(425.69); 42(186.09); 43(320.95); 44(268.33); 45(709.52); 46(718.91); 47(181.95); 48(343.91); 49(189.51); 50(65.71); 51(309.59); 52(588.73); 53(263.38); 54(282.57); 55(261.33); 56(358.52); 57(552.22); 58(107.79); 59(527.79); 60(46.11); 61(419.14); 62(833.04); 63(95.06); 64(623.25); 65(544.55); 66(865.62); 67(87.6); 68(702.28); 69(192.76); 70(682.09); 71(252.06); 72(42.93); 73(62.23); 74(645.21); 75(242.62); 76(436.04); 77(91.56); 78(537.64); 79(923.69); 80(219.27); 81(247.61); 82(827.81); 83(287.15); 84(531.31); 85(91.18); 86(262.83); 87(143.56); 88(791.82); 89(320.38); 90(667.14); 92(524.21); 93(233.33); 94(715.04); 95(519.55); 96(822.65); 97(185.73); 98(875.73); 99(323.97); 100(61.54); 101(70.47); 102(22.46); 103(500.04); 104(882.03); 105(741.93); 106(492.09); 107(229.92); 108(53.87); 109(626.31); 110(996.01); 111(881.83); 112(275.54); 113(274.87); 114(648.0); 115(356.96); 116(985.19); 117(746.56); 118(44.68); 119(955.51); 120(233.91); 121(223.8); 122(979.82); 123(318.55); 124(589.87); 125(185.77); 126(294.44); 127(553.86); 128(945.17); 129(602.14); 130(832.08); 131(337.35); 132(211.85); 133(602.12); 134(209.36); 135(564.05); 136(782.36); 137(262.65); 138(707.58); 139(606.57); 140(300.64); 141(829.21); 142(498.28); 143(172.89); 144(348.21); 145(141.53); 146(863.71); 147(932.06); 148(10.68); 149(997.16); 150(812.02); 151(745.71); 152(81.46); 153(536.93); 154(426.57); 155(156.38); 156(233.64); 157(776.04); 158(238.48); 159(210.39); 160(373.36); 161(823.24); 162(422.69); 163(6.27); 164(500.49); 165(800.29); 166(653.51); 167(764.91); 168(788.7); 169(843.71); 170(259.58); 171(981.84); 172(449.09); 173(847.71); 174(37.67); 175(376.01); 176(179.01); 177(843.69); 178(907.64); 179(345.53); 180(291.94); 181(795.26); 182(140.18); 183(10.53); 184(263.56); 185(273.36); 186(186.49); 187(45.98); 188(568.49); 189(128.95); 190(976.79); 191(22.83); 192(200.26); 193(395.55); 194(680.09); 195(565.82); 196(695.29); 197(0.26); 198(519.31); 199(122.97); 200(128.94); 201(401.56); 202(757.6); 203(971.11); 204(481.23); 205(710.43); 206(365.02); 207(162.07); 208(573.01); 209(893.47); 210(855.12); 211(188.42); 212(910.99); 213(959.23); 214(480.17); 215(899.54); 216(166.62); 217(466.39); 218(811.53); 219(862.37); 220(682.58); 221(236.73); 222(405.93); 223(193.74); 224(394.84); 225(488.51); 226(285.33); 227(767.33); 228(760.06); 229(78.3); 230(544.37); 231(352.66); 232(539.78); 233(560.49); 234(471.91); 235(357.72); 236(576.31); 237(366.44); 238(690.42); 239(189.08); 240(619.69); 241(570.62); 242(112.97); 243(707.77); 244(579.7); 245(347.38); 246(419.63); 247(435.15); 248(103.07); 249(924.55); 250(105.43); 251(82.76); 252(588.26); 253(835.51); 254(349.39); 255(204.69); 256(829.84); 257(668.43); 258(367.12); 259(897.76); 260(797.64); 261(224.8); 262(707.24); 263(814.33); 264(636.98); 265(534.21); 266(713.43); 267(666.75); 268(403.28); 269(417.8); 270(656.5); 271(98.84); 272(946.32); 273(620.73); 274(919.1); 275(682.04); 276(565.28); 277(71.49); 278(889.87); 279(561.72); 280(184.13); 281(780.62); 282(906.67); 283(780.27); 284(591.81); 285(150.21); 286(430.96); 287(393.13); 288(178.66); 289(313.69); 290(802.02); 291(832.25); 292(33.17); 293(973.81); 294(392.67); 295(656.77); 296(767.71); 297(514.03); 298(370.33); 299(511.73); 300(479.27); 301(111.07); 302(238.38); 303(673.13); 304(882.96); 305(800.89); 306(3.54); 307(439.59); 308(626.44); 309(543.07); 310(209.19); 311(731.23); 312(883.49); 313(758.29); 314(839.68); 315(476.31); 316(803.88); 317(703.09); 318(232.63); 319(835.48); 320(662.14); 321(830.43); 322(512.3); 323(977.61); 324(42.51); 325(299.81); 326(53.45); 327(285.63); 328(500.29); 329(249.52); 330(337.61); 331(203.59); 332(721.67); 333(483.83); 334(934.86); 335(547.18); 336(145.3); 337(723.09); 338(500.76); 339(315.39); 340(402.71); 341(730.65); 342(348.62); 343(628.34); 344(974.19); 345(984.76); 346(946.49); 347(707.27); 348(906.79); 349(880.91); 350(625.49); 351(806.34); 352(818.34); 353(526.61); 354(257.54); 355(566.3); 356(842.65); 357(735.14); 358(33.94); 359(333.41); 360(845.74); 361(527.16); 362(179.27); 363(953.18); 364(153.64); 365(334.06); 366(633.17); 367(863.2); 368(903.98); 369(142.98); 370(376.23); 371(653.7); 372(664.01); 373(865.11); 374(285.61); 375(941.47); 376(607.87); 377(261.98); 378(431.81); 379(705.35); 380(466.74); 381(801.37); 382(211.29); 383(685.01); 384(657.96); 385(811.45); 386(281.09); 387(867.39); 388(652.75); 389(936.22); 390(8.33); 391(282.91); 392(757.35); 393(334.46); 394(611.61); 395(211.41); 396(964.04); 397(415.31); 398(379.76); 399(576.3); 400(898.92); 401(565.81); 402(722.93); 403(218.05); 404(593.41); 405(524.4); 406(817.63); 407(91.23); 408(958.25); 409(610.01); 410(900.05); 411(961.48); 412(51.28); 413(999.41); 414(136.38); 415(47.08); 416(287.99); 417(535.32); 418(652.62); 419(710.73); 420(343.8); 421(845.85); 422(407.31); 423(138.55); 424(490.99); 425(257.85); 426(36.43); 427(818.3); 428(804.99); 429(174.33); 430(378.65); 431(521.74); 432(178.03); 433(749.63); 434(715.36); 435(19.72); 436(930.04); 437(498.95); 438(432.43); 439(925.53); 440(326.62); 441(995.17); 442(255.48); 443(376.2); 444(277.83); 445(819.18); 446(12.7); 447(939.18); 448(477.99); 449(266.38); 450(424.03); 451(299.84); 452(67.32); 453(10.24); 454(553.34); 455(692.28); 456(411.04); 457(785.83); 458(51.74); 459(424.71); 460(410.8); 461(427.96); 462(965.52); 463(240.23); 464(792.66); 465(590.63); 466(516.37); 467(179.06); 468(66.92); 469(300.93); 470(270.67); 471(492.81); 472(514.48); 473(581.26); 474(405.96); 475(709.35); 476(984.69); 477(936.28); 478(906.88); 479(890.83); 480(213.83); 481(220.05); 482(537.16); 483(81.26); 484(782.29); 485(691.47); 486(560.43); 487(53.57); 488(960.84); 489(638.84); 490(275.48); 491(576.03); 492(131.43); 493(892.41); 494(383.76); 495(156.7); 496(418.07); 497(620.31); 498(70.66); 499(925.5),1
92,0(301.3); 1(86.11); 2(396.22); 3(443.66); 4(940.67); 5(47.51); 6(512.7); 7(119.39); 8(144.07); 9(855.07); 10(193.63); 11(548.94); 12(389.67); 13(405.76); 14(846.73); 15(897.58); 16(733.5); 17(210.71); 18(247.03); 19(832.13); 20(416.93); 21(922.89); 22(64.7); 23(456.96); 24(445.03); 25(406.5); 26(388.75); 27(837.6); 28(685.36); 29(206.63); 30(612.97); 31(247.41); 32(479.3); 33(992.47); 34(217.65); 35(342.34); 36(73.14); 37(152.76); 38(867.45); 39(257.93); 40(745.8); 41(457.15); 42(32.65); 43(762.23); 44(806.49); 45(213.02); 46(337.6); 47(149.82); 48(760.33); 49(40.42); 50(737.29); 51(888.8); 52(332.24); 53(452.93); 54(852.28); 55(946.56); 56(30.62); 57(975.33); 58(478.79); 59(551.99); 60(189.71); 61(75.38); 62(385.04); 63(219.31); 64(310.56); 65(25.77); 66(583.23); 67(347.44); 68(907.76); 69(937.59); 70(475.52); 71(898.72); 72(92.47); 73(818.49); 74(422.9); 75(744.46); 76(579.21); 77(179.48); 78(447.98); 79(932.77); 80(777.02); 81(212.63); 82(613.69); 83(379.5); 84(696.42); 85(578.32); 86(156.13); 87(363.66); 88(854.74); 89(762.73); 90(768.9); 91(524.21); 93(189.59); 94(908.87); 95(426.6); 96(196.56); 97(924.38); 98(929.66); 99(231.81); 100(92.7); 101(187.99); 102(623.83); 103(89.84); 104(549.18); 105(446.54); 106(849.24); 107(687.09); 108(919.72); 109(608.87); 110(760.32); 111(90.4); 112(572.23); 113(586.29); 114(59.96); 115(96.78); 116(355.14); 117(238.02); 118(790.54); 119(252.18); 120(798.32); 121(605.38); 122(316.68); 123(724.28); 124(969.1); 125(280.98); 126(868.47); 127(690.62); 128(721.09); 129(333.83); 130(497.89); 131(778.54); 132(746.0); 133(786.63); 134(465.0); 135(342.22); 136(710.89); 137(477.87); 138(334.26); 139(659.47); 140(40.52); 141(129.72); 142(16.95); 143(895.1); 144(637.81); 145(654.84); 146(760.84); 147(557.76); 148(312.98); 149(113.06); 150(238.12); 151(429.3); 152(294.73); 153(535.16); 154(761.38); 155(937.25); 156(739.64); 157(741.56); 158(314.15); 159(441.14); 160(516.58); 161(392.95); 162(619.44); 163(151.69); 164(640.66); 165(350.63); 166(639.99); 167(331.02); 168(89.81); 169(380.51); 170(948.6); 171(675.45); 172(697.12); 173(279.33); 174(837.45); 175(203.59); 176(205.08); 177(414.42); 178(988.96); 179(97.7); 180(991.52); 181(281.95); 182(489.39); 183(361.87); 184(400.18); 185(787.72); 186(100.93); 187(24.91); 188(48.89); 189(346.09); 190(829.14); 191(505.78); 192(646.98); 193(877.94); 194(190.82); 195(269.13); 196(246.61); 197(995.12); 198(794.42); 199(38.93); 200(871.93); 201(21.42); 202(196.93); 203(899.26); 204(475.1); 205(43.35); 206(261.04); 207(188.13); 208(287.61); 209(144.68); 210(201.31); 211(904.22); 212(754.75); 213(431.18); 214(126.3); 215(853.56); 216(119.4); 217(11.23); 218(24.65); 219(393.51); 220(736.22); 221(218.81); 222(737.84); 223(565.18); 224(299.52); 225(636.51); 226(436.09); 227(700.06); 228(277.61); 229(52.18); 230(536.0); 231(367.69); 232(983.6); 233(819.85); 234(669.93); 235(806.72); 236(303.73); 237(781.63); 238(894.7); 239(130.73); 240(637.28); 241(153.18); 242(938.03); 243(859.48); 244(530.87); 245(956.25); 246(179.11); 247(643.77); 248(809.38); 249(780.72); 250(838.84); 251(310.37); 252(15.0); 253(387.67); 254(275.71); 255(744.47); 256(147.01); 257(831.68); 258(799.07); 259(964.87); 260(644.01); 261(95.62); 262(279.07); 263(678.61); 264(427.82); 265(931.46); 266(143.44); 267(397.41); 268(158.13); 269(11.24); 270(678.1); 271(315.01); 272(422.76); 273(874.93); 274(58.76); 275(311.2); 276(8.07); 277(729.85); 278(215.21); 279(454.69); 280(786.22); 281(648.61); 282(190.85); 283(33.87); 284(144.37); 285(453.98); 286(255.65); 287(670.74); 288(263.84); 289(926.89); 290(603.36); 291(519.58); 292(294.99); 293(325.12); 294(46.7); 295(536.56); 296(202.21); 297(562.7); 298(861.29); 299(139.7); 300(231.5); 301(149.03); 302(364.06); 303(880.4); 304(411.14); 305(744.47); 306(419.33); 307(426.11); 308(211.2); 309(489.74); 310(317.45); 311(681.51); 312(132.94); 313(488.55); 314(796.71); 315(961.22); 316(196.73); 317(181.82); 318(477.09); 319(383.83); 320(904.61); 321(728.24); 322(728.81); 323(508.79); 324(180.64); 325(661.14); 326(557.97); 327(176.34); 328(891.01); 329(907.8); 330(403.9); 331(459.04); 332(145.66); 333(747.0); 334(468.57); 335(267.36); 336(523.3); 337(339.76); 338(585.53); 339(814.02); 340(693.82); 341(29.86); 342(454.49); 343(701.78); 344(493.79); 345(61.27); 346(414.48); 347(169.82); 348(827.1); 349(424.07); 350(387.21); 351(462.17); 352(140.01); 353(542.3); 354(405.66); 355(636.03); 356(591.22); 357(773.14); 358(503.23); 359(76.48); 360(2.41); 361(659.26); 362(563.34); 363(580.03); 364(335.67); 365(701.87); 366(701.83); 367(510.07); 368(175.16); 369(401.12); 370(897.86); 371(437.2); 372(436.42); 373(989.39); 374(423.9); 375(307.35); 376(752.45); 377(738.87); 378(460.71); 379(32.99); 380(81.29); 381(868.01); 382(11.43); 383(819.24); 384(533.12); 385(204.88); 386(116.64); 387(566.93); 388(477.26); 389(997.44); 390(426.06); 391(967.3); 392(342.03); 393(437.51); 394(689.12); 395(521.27); 396(222.27); 397(912.56); 398(828.47); 399(635.44); 400(468.23); 401(765.13); 402(274.83); 403(464.7); 404(724.98); 405(807.69); 406(414.72); 407(61.24); 408(840.6); 409(1.13); 410(192.24); 411(105.37); 412(82.34); 413(84.79); 414(448.26); 415(316.0); 416(253.09); 417(733.38); 418(30.52); 419(369.66); 420(366.36); 421(744.07); 422(437.9); 423(507.6); 424(133.63); 425(41.35); 426(788.82); 427(544.36); 428(825.54); 429(443.94); 430(398.55); 431(257.35); 432(523.1); 433(964.07); 434(652.53); 435(612.48); 436(185.83); 437(983.21); 438(442.57); 439(737.68); 440(180.49); 441(287.9); 442(241.85); 443(577.18); 444(385.55); 445(800.81); 446(390.47); 447(391.19); 448(792.15); 449(366.9); 450(781.65); 451(439.58); 452(422.89); 453(280.28); 454(922.92); 455(251.7); 456(698.46); 457(531.25); 458(988.35); 459(275.04); 460(479.02); 461(124.52); 462(895.6); 463(685.59); 464(399.02); 465(532.21); 466(429.92); 467(466.18); 468(508.27); 469(614.49); 470(491.5); 471(747.75); 472(872.55); 473(749.34); 474(919.24); 475(338.91); 476(770.91); 477(729.71); 478(806.15); 479(394.97); 480(894.36); 481(901.91); 482(123.75); 483(946.24); 484(381.2); 485(975.38); 486(78.33); 487(125.13); 488(100.66); 489(967.66); 490(308.41); 491(667.03); 492(6.36); 493(996.12); 494(252.14); 495(444.57); 496(831.67); 497(621.2); 498(267.18); 499(70.69),1
93,0(961.34); 1(572.59); 2(978.98); 3(32.69); 4(161.63); 5(589.1); 6(394.29); 7(74.69); 8(986.47); 9(284.87); 10(17.13); 11(172.72); 12(528.89); 13(496.14); 14(553.14); 15(412.47); 16(670.4); 17(632.77); 18(4.8); 19(90.72); 20(164.66); 21(486.83); 22(634.9); 23(601.79); 24(488.78); 25(292.66); 26(521.67); 27(9.1); 28(366.69); 29(371.45); 30(72.08); 31(466.7); 32(221.22); 33(520.54); 34(998.95); 35(492.57); 36(251.32); 37(892.42); 38(353.31); 39(200.69); 40(38.24); 41(124.98); 42(591.49); 43(771.68); 44(575.09); 45(198.31); 46(69.66); 47(684.1); 48(237.07); 49(667.26); 50(319.26); 51(398.07); 52(664.91); 53(474.15); 54(626.56); 55(899.4); 56(384.58); 57(171.64); 58(713.12); 59(64.8); 60(408.24); 61(462.24); 62(102.34); 63(678.46); 64(590.13); 65(701.86); 66(287.44); 67(367.56); 68(264.88); 69(317.2); 70(521.73); 71(645.35); 72(820.54); 73(446.57); 74(303.41); 75(57.58); 76(284.94); 77(773.43); 78(271.29); 79(248.5); 80(793.1); 81(885.46); 82(433.78); 83(59.97); 84(406.33); 85(764.57); 86(570.51); 87(832.68); 88(305.65); 89(218.74); 90(435.07); 91(233.33); 92(189.59); 94(950.76); 95(461.06); 96(227.39); 97(898.63); 98(281.76); 99(473.54); 100(543.55); 101(682.0); 102(938.3); 103(396.33); 104(446.59); 105(787.27); 106(414.07); 107(283.44); 108(531.45); 109(607.47); 110(54.6); 111(608.41); 112(729.69); 113(569.01); 114(655.67); 115(969.51); 116(967.31); 117(854.26); 118(252.4); 119(944.37); 120(611.63); 121(582.23); 122(368.01); 123(641.14); 124(827.4); 125(524.86); 126(797.6); 127(317.47); 128(39.54); 129(789.01); 130(942.13); 131(339.95); 132(812.61); 133(119.29); 134(885.99); 135(659.02); 136(313.92); 137(78.61); 138(680.47); 139(649.39); 140(760.98); 141(388.47); 142(891.35); 143(956.79); 144(964.01); 145(203.43); 146(757.85); 147(270.57); 148(591.43); 149(413.63); 150(795.82); 151(827.63); 152(765.62); 153(226.74); 154(634.17); 155(190.08); 156(371.17); 157(391.57); 158(812.45); 159(824.49); 160(77.81); 161(191.09); 162(960.79); 163(695.31); 164(870.38); 165(642.58); 166(813.06); 167(578.88); 168(200.33); 169(634.29); 170(68.87); 171(823.15); 172(941.67); 173(314.32); 174(892.51); 175(172.21); 176(141.38); 177(60.46); 178(957.43); 179(535.23); 180(635.88); 181(20.75); 182(428.92); 183(564.29); 184(856.07); 185(210.44); 186(238.26); 187(155.1); 188(528.78); 189(202.92); 190(408.16); 191(756.24); 192(881.98); 193(765.81); 194(841.02); 195(498.13); 196(675.5); 197(695.04); 198(581.53); 199(197.3); 200(30.28); 201(246.48); 202(218.46); 203(202.38); 204(940.51); 205(771.11); 206(833.99); 207(943.51); 208(877.63); 209(220.75); 210(735.36); 211(832.23); 212(525.87); 213(915.64); 214(318.48); 215(504.26); 216(711.06); 217(916.32); 218(3.98); 219(473.24); 220(338.99); 221(557.74); 222(986.49); 223(359.11); 224(208.24); 225(90.02); 226(242.32); 227(15.63); 228(562.83); 229(793.97); 230(523.32); 231(113.79); 232(723.54); 233(720.12); 234(414.82); 235(935.68); 236(230.5); 237(489.63); 238(667.94); 239(261.78); 240(110.21); 241(116.98); 242(804.6); 243(72.17); 244(291.52); 245(553.93); 246(17.96); 247(997.98); 248(5.79); 249(931.25); 250(907.94); 251(545.63); 252(265.52); 253(793.31); 254(858.84); 255(517.75); 256(680.67); 257(277.54); 258(326.79); 259(55.76); 260(928.78); 261(684.43); 262(205.17); 263(575.56); 264(500.73); 265(834.57); 266(222.9); 267(871.82); 268(140.12); 269(633.54); 270(269.27); 271(921.13); 272(459.41); 273(404.73); 274(595.95); 275(810.63); 276(497.1); 277(999.35); 278(249.51); 279(39.83); 280(152.19); 281(654.78); 282(241.81); 283(509.95); 284(703.5); 285(876.56); 286(13.12); 287(206.13); 288(888.3); 289(257.8); 290(142.48); 291(813.72); 292(514.89); 293(442.25); 294(937.55); 295(406.08); 296(824.09); 297(268.81); 298(684.56); 299(556.88); 300(213.08); 301(787.12); 302(967.02); 303(610.0); 304(222.38); 305(823.86); 306(168.75); 307(575.82); 308(220.73); 309(773.58); 310(997.61); 311(622.7); 312(654.8); 313(482.16); 314(51.8); 315(822.61); 316(612.14); 317(794.34); 318(503.65); 319(570.67); 320(47.64); 321(120.48); 322(827.4); 323(757.23); 324(248.64); 325(92.46); 326(865.72); 327(229.81); 328(677.08); 329(40.21); 330(699.22); 331(540.26); 332(229.83); 333(876.55); 334(384.45); 335(994.7); 336(670.4); 337(852.67); 338(305.22); 339(669.31); 340(449.53); 341(153.74); 342(537.19); 343(13.88); 344(588.66); 345(760.03); 346(880.01); 347(559.32); 348(452.89); 349(422.98); 350(488.15); 351(611.46); 352(84.78); 353(648.97); 354(312.81); 355(764.29); 356(215.71); 357(318.76); 358(130.14); 359(563.84); 360(824.29); 361(112.91); 362(536.91); 363(760.89); 364(444.2); 365(477.4); 366(535.93); 367(876.87); 368(725.85); 369(603.18); 370(927.42); 371(47.57); 372(273.35); 373(730.9); 374(527.28); 375(773.45); 376(647.55); 377(842.2); 378(996.45); 379(291.6); 380(642.43); 381(454.58); 382(54.79); 383(162.66); 384(800.75); 385(224.96); 386(96.14); 387(135.49); 388(533.25); 389(650.23); 390(272.22); 391(518.76); 392(132.86); 393(891.7); 394(339.37); 395(373.29); 396(313.5); 397(776.24); 398(549.36); 399(124.91); 400(12.28); 401(230.68); 402(74.68); 403(801.22); 404(79.92); 405(358.29); 406(849.28); 407(2.59); 408(462.15); 409(250.11); 410(84.43); 411(203.72); 412(153.19); 413(616.7); 414(918.18); 415(346.57); 416(964.21); 417(825.52); 418(151.02); 419(285.95); 420(524.6); 421(49.2); 422(43.31); 423(440.67); 424(123.98); 425(808.54); 426(515.25); 427(658.71); 428(425.36); 429(752.91); 430(526.9); 431(957.81); 432(119.52); 433(113.81); 434(722.65); 435(914.66); 436(735.44); 437(426.52); 438(988.51); 439(830.9); 440(864.88); 441(786.86); 442(569.63); 443(469.84); 444(500.9); 445(4.38); 446(575.36); 447(938.76); 448(108.84); 449(799.48); 450(274.89); 451(127.89); 452(375.59); 453(376.5); 454(644.25); 455(60.42); 456(595.48); 457(748.92); 458(557.05); 459(75.25); 460(139.45); 461(359.23); 462(649.23); 463(414.36); 464(265.28); 465(549.52); 466(160.68); 467(878.41); 468(460.95); 469(893.5); 470(346.79); 471(120.88); 472(35.6); 473(898.38); 474(815.25); 475(624.98); 476(987.86); 477(665.74); 478(325.43); 479(618.74); 480(760.69); 481(555.54); 482(739.21); 483(135.78); 484(90.0); 485(166.85); 486(362.7); 487(917.23); 488(603.0); 489(754.09); 490(194.93); 491(262.2); 492(363.09); 493(696.71); 494(352.88); 495(113.39); 496(908.1); 497(431.19); 498(485.8); 499(907.32),1
94,0(939.1); 1(30.89); 2(421.39); 3(500.62); 4(856.15); 5(195.71); 6(672.78); 7(136.63); 8(477.75); 9(561.7); 10(123.7); 11(425.47); 12(311.54); 13(564.17); 14(433.89); 15(370.91); 16(285.01); 17(760.33); 18(979.88); 19(554.09); 20(326.19); 21(973.67); 22(848.69); 23(9.24); 24(381.61); 25(462.74); 26(497.47); 27(137.71); 28(18.08); 29(599.77); 30(755.97); 31(909.6); 32(793.47); 33(477.59); 34(411.17); 35(898.36); 36(124.48); 37(261.15); 38(292.77); 39(114.54); 40(697.08); 41(822.18); 42(925.13); 43(891.03); 44(237.11); 45(749.26); 46(666.11); 47(999.11); 48(551.59); 49(104.07); 50(639.97); 51(196.92); 52(525.0); 53(790.14); 54(37.68); 55(348.89); 56(748.7); 57(834.9); 58(454.8); 59(910.19); 60(828.01); 61(208.96); 62(163.73); 63(847.61); 64(336.11); 65(174.94); 66(272.44); 67(770.73); 68(868.01); 69(495.39); 70(556.07); 71(913.37); 72(144.15); 73(616.59); 74(402.62); 75(265.8); 76(689.08); 77(279.26); 78(287.09); 79(409.74); 80(142.26); 81(60.25); 82(360.13); 83(68.4); 84(348.19); 85(96.28); 86(387.5); 87(787.45); 88(567.88); 89(963.59); 90(503.68); 91(715.04); 92(908.87); 93(950.76); 95(537.32); 96(808.12); 97(651.95); 98(504.21); 99(481.49); 100(791.33); 101(944.8); 102(542.5); 103(475.46); 104(909.6); 105(922.56); 106(766.93); 107(38.44); 108(675.64); 109(677.31); 110(950.78); 111(470.04); 112(876.39); 113(617.37); 114(285.89); 115(426.48); 116(747.38); 117(899.9); 118(911.44); 119(978.8); 120(963.31); 121(265.76); 122(784.06); 123(651.57); 124(316.68); 125(543.71); 126(640.01); 127(134.76); 128(594.47); 129(265.07); 130(466.12); 131(646.08); 132(185.76); 133(666.25); 134(685.61); 135(356.42); 136(568.2); 137(968.49); 138(151.58); 139(315.96); 140(266.44); 141(141.93); 142(542.23); 143(739.02); 144(192.15); 145(890.52); 146(53.24); 147(284.6); 148(628.11); 149(117.09); 150(326.14); 151(867.61); 152(934.15); 153(425.46); 154(494.45); 155(141.66); 156(945.09); 157(612.77); 158(330.6); 159(383.42); 160(41.05); 161(188.49); 162(532.97); 163(998.69); 164(546.73); 165(160.13); 166(838.67); 167(842.72); 168(116.12); 169(558.73); 170(307.4); 171(786.11); 172(406.46); 173(536.73); 174(63.34); 175(369.07); 176(333.21); 177(352.12); 178(788.47); 179(96.96); 180(886.36); 181(187.5); 182(60.52); 183(342.04); 184(927.68); 185(688.88); 186(56.24); 187(455.6); 188(375.62); 189(936.33); 190(493.5); 191(166.47); 192(22.56); 193(392.53); 194(882.83); 195(555.97); 196(396.57); 197(204.82); 198(137.18); 199(449.98); 200(865.13); 201(886.55); 202(453.67); 203(335.38); 204(17.21); 205(99.24); 206(927.47); 207(696.13); 208(225.44); 209(762.75); 210(209.45); 211(775.2); 212(367.87); 213(482.64); 214(765.52); 215(648.04); 216(758.02); 217(826.72); 218(464.5); 219(614.12); 220(997.86); 221(758.6); 222(922.22); 223(731.73); 224(182.91); 225(687.87); 226(374.39); 227(719.48); 228(125.79); 229(198.42); 230(356.19); 231(528.62); 232(295.02); 233(602.14); 234(516.03); 235(299.88); 236(385.71); 237(974.05); 238(470.23); 239(291.28); 240(812.87); 241(444.31); 242(362.02); 243(398.22); 244(477.88); 245(165.05); 246(167.3); 247(106.84); 248(184.99); 249(760.84); 250(92.58); 251(739.01); 252(53.54); 253(448.6); 254(828.7); 255(223.43); 256(475.95); 257(683.5); 258(135.02); 259(241.99); 260(306.16); 261(540.97); 262(318.56); 263(471.31); 264(809.97); 265(38.27); 266(551.75); 267(883.99); 268(212.8); 269(81.65); 270(828.31); 271(496.73); 272(222.7); 273(793.77); 274(335.97); 275(602.13); 276(169.36); 277(164.68); 278(634.52); 279(132.58); 280(963.61); 281(376.55); 282(619.47); 283(500.31); 284(918.35); 285(966.16); 286(933.81); 287(74.75); 288(998.94); 289(293.78); 290(561.1); 291(887.08); 292(145.43); 293(737.76); 294(949.76); 295(155.55); 296(625.9); 297(791.5); 298(226.99); 299(517.6); 300(593.07); 301(917.11); 302(193.23); 303(936.58); 304(649.95); 305(845.13); 306(363.18); 307(786.55); 308(927.06); 309(616.89); 310(120.08); 311(644.69); 312(320.8); 313(430.47); 314(220.88); 315(829.23); 316(119.81); 317(954.93); 318(258.73); 319(952.85); 320(257.82); 321(500.05); 322(935.56); 323(833.73); 324(245.93); 325(651.83); 326(935.64); 327(26.12); 328(687.08); 329(364.3); 330(693.33); 331(57.92); 332(616.5); 333(577.0); 334(14.72); 335(236.73); 336(944.57); 337(243.03); 338(422.05); 339(47.44); 340(456.53); 341(795.72); 342(155.78); 343(743.92); 344(75.58); 345(793.89); 346(337.08); 347(201.26); 348(174.24); 349(393.62); 350(492.34); 351(45.47); 352(427.41); 353(497.38); 354(212.9); 355(666.97); 356(501.71); 357(676.52); 358(807.02); 359(897.01); 360(667.84); 361(49.06); 362(813.96); 363(738.27); 364(610.97); 365(309.7); 366(944.29); 367(144.25); 368(534.77); 369(497.35); 370(965.23); 371(763.51); 372(73.36); 373(243.01); 374(301.22); 375(897.64); 376(790.07); 377(367.2); 378(221.25); 379(680.64); 380(932.91); 381(247.64); 382(687.35); 383(293.16); 384(97.1); 385(666.93); 386(23.54); 387(80.24); 388(750.64); 389(729.19); 390(393.97); 391(218.65); 392(213.9); 393(409.75); 394(77.7); 395(624.87); 396(205.11); 397(497.85); 398(115.18); 399(432.53); 400(609.59); 401(474.19); 402(4.03); 403(86.24); 404(600.23); 405(622.72); 406(56.0); 407(140.48); 408(985.92); 409(200.31); 410(568.94); 411(282.24); 412(463.17); 413(924.76); 414(474.61); 415(69.67); 416(919.02); 417(63.17); 418(387.93); 419(654.38); 420(268.15); 421(868.76); 422(366.19); 423(763.0); 424(98.94); 425(799.17); 426(887.87); 427(515.33); 428(491.95); 429(663.27); 430(21.35); 431(945.56); 432(231.45); 433(165.92); 434(912.24); 435(555.66); 436(441.72); 437(999.2); 438(900.55); 439(640.75); 440(73.93); 441(108.28); 442(131.11); 443(326.37); 444(195.47); 445(156.15); 446(38.4); 447(287.43); 448(492.4); 449(860.53); 450(552.5); 451(639.17); 452(521.1); 453(941.72); 454(923.83); 455(786.72); 456(437.83); 457(457.63); 458(94.17); 459(29.51); 460(236.0); 461(983.74); 462(695.46); 463(319.63); 464(920.06); 465(748.76); 466(374.02); 467(297.22); 468(469.66); 469(968.96); 470(670.26); 471(745.51); 472(849.57); 473(634.16); 474(625.04); 475(381.45); 476(139.18); 477(683.4); 478(329.81); 479(357.83); 480(833.01); 481(116.27); 482(973.92); 483(978.62); 484(928.66); 485(34.46); 486(517.38); 487(198.47); 488(469.27); 489(891.94); 490(434.88); 491(966.26); 492(391.86); 493(858.99); 494(242.11); 495(494.34); 496(7.22); 497(143.0); 498(880.41); 499(373.23),1
95,0(791.64); 1(690.84); 2(468.58); 3(997.89); 4(713.57); 5(966.45); 6(214.69); 7(828.87); 8(386.35); 9(115.4); 10(137.18); 11(173.29); 12(714.62); 13(696.74); 14(817.77); 15(757.66); 16(851.48); 17(674.41); 18(944.51); 19(792.44); 20(710.75); 21(684.41); 22(680.47); 23(809.22); 24(188.78); 25(781.66); 26(116.0); 27(935.77); 28(377.27); 29(137.73); 30(56.09); 31(231.6); 32(427.8); 33(538.81); 34(33.58); 35(721.16); 36(778.67); 37(109.89); 38(260.96); 39(948.02); 40(407.83); 41(779.15); 42(635.39); 43(515.5); 44(141.98); 45(385.7); 46(348.33); 47(831.82); 48(726.15); 49(252.42); 50(437.22); 51(491.3); 52(795.31); 53(457.21); 54(226.28); 55(250.01); 56(944.5); 57(661.29); 58(350.65); 59(566.32); 60(133.38); 61(480.98); 62(207.5); 63(901.76); 64(439.35); 65(388.3); 66(694.38); 67(313.22); 68(883.35); 69(990.38); 70(224.18); 71(488.62); 72(403.26); 73(549.66); 74(962.07); 75(38.22); 76(450.58); 77(329.2); 78(94.75); 79(18.23); 80(28.68); 81(378.97); 82(977.14); 83(800.27); 84(614.43); 85(825.1); 86(589.14); 87(539.67); 88(616.23); 89(781.55); 90(817.17); 91(519.55); 92(426.6); 93(461.06); 94(537.32); 96(850.24); 97(151.6); 98(192.06); 99(98.77); 100(222.68); 101(658.37); 102(248.39); 103(141.15); 104(778.03); 105(364.72); 106(168.89); 107(251.34); 108(765.36); 109(29.07); 110(358.29); 111(362.43); 112(851.08); 113(692.43); 114(916.88); 115(109.32); 116(601.39); 117(78.96); 118(261.26); 119(692.57); 120(909.65); 121(513.2); 122(235.12); 123(620.58); 124(600.06); 125(29.48); 126(794.82); 127(1.86); 128(27.19); 129(778.3); 130(692.87); 131(496.09); 132(714.04); 133(527.89); 134(555.11); 135(761.07); 136(929.86); 137(788.4); 138(109.21); 139(444.75); 140(414.32); 141(391.09); 142(831.1); 143(442.77); 144(74.8); 145(41.51); 146(619.33); 147(239.36); 148(909.3); 149(289.15); 150(865.68); 151(348.07); 152(169.42); 153(253.46); 154(962.92); 155(805.48); 156(594.21); 157(953.43); 158(489.95); 159(351.04); 160(371.47); 161(472.75); 162(63.66); 163(422.27); 164(920.35); 165(849.71); 166(970.78); 167(972.79); 168(787.26); 169(651.14); 170(475.18); 171(646.98); 172(972.51); 173(95.62); 174(17.36); 175(320.77); 176(442.36); 177(245.61); 178(792.19); 179(826.34); 180(60.62); 181(50.55); 182(102.21); 183(160.3); 184(344.74); 185(60.43); 186(974.34); 187(828.1); 188(922.8); 189(170.11); 190(307.28); 191(69.26); 192(484.06); 193(324.45); 194(685.07); 195(838.47); 196(946.89); 197(303.71); 198(67.76); 199(617.55); 200(666.56); 201(561.51); 202(3.24); 203(557.19); 204(586.74); 205(278.98); 206(509.2); 207(526.62); 208(469.6); 209(358.64); 210(578.18); 211(512.89); 212(316.9); 213(575.31); 214(218.86); 215(467.33); 216(841.49); 217(426.02); 218(702.51); 219(893.64); 220(655.23); 221(875.86); 222(370.0); 223(881.42); 224(228.74); 225(616.57); 226(783.14); 227(813.36); 228(82.21); 229(464.72); 230(824.16); 231(644.97); 232(365.61); 233(114.27); 234(500.61); 235(597.41); 236(487.75); 237(262.43); 238(751.49); 239(889.25); 240(404.87); 241(751.82); 242(2.17); 243(281.66); 244(382.63); 245(115.73); 246(989.69); 247(872.16); 248(954.11); 249(616.11); 250(427.4); 251(816.6); 252(340.86); 253(340.44); 254(57.18); 255(560.64); 256(740.85); 257(317.29); 258(947.82); 259(414.98); 260(937.01); 261(957.76); 262(996.21); 263(149.11); 264(144.14); 265(685.52); 266(618.79); 267(261.15); 268(329.42); 269(566.59); 270(871.86); 271(799.97); 272(120.33); 273(824.11); 274(737.25); 275(409.58); 276(290.99); 277(832.93); 278(772.13); 279(126.1); 280(281.44); 281(812.17); 282(309.23); 283(728.71); 284(792.42); 285(974.72); 286(211.51); 287(38.16); 288(976.56); 289(990.73); 290(694.33); 291(915.15); 292(933.57); 293(294.38); 294(748.65); 295(24.0); 296(615.55); 297(734.39); 298(267.4); 299(175.83); 300(83.02); 301(194.6); 302(224.14); 303(796.51); 304(391.96); 305(601.37); 306(983.14); 307(446.88); 308(650.5); 309(508.75); 310(516.74); 311(211.97); 312(885.72); 313(754.91); 314(779.14); 315(910.46); 316(939.92); 317(550.64); 318(945.26); 319(650.41); 320(412.94); 321(706.01); 322(517.58); 323(629.58); 324(890.69); 325(113.76); 326(168.92); 327(849.46); 328(589.05); 329(499.0); 330(971.0); 331(586.35); 332(602.58); 333(719.37); 334(707.29); 335(926.49); 336(479.86); 337(177.21); 338(202.82); 339(387.32); 340(143.58); 341(889.09); 342(547.55); 343(37.85); 344(106.73); 345(561.18); 346(325.86); 347(787.68); 348(339.5); 349(888.86); 350(158.11); 351(423.13); 352(681.38); 353(811.77); 354(313.71); 355(685.41); 356(337.54); 357(538.54); 358(699.62); 359(612.9); 360(26.49); 361(486.35); 362(453.93); 363(160.94); 364(371.17); 365(753.78); 366(258.63); 367(921.04); 368(750.12); 369(643.83); 370(495.72); 371(188.64); 372(479.89); 373(17.85); 374(727.01); 375(419.44); 376(452.32); 377(160.65); 378(960.43); 379(248.43); 380(585.89); 381(310.57); 382(310.1); 383(971.8); 384(30.13); 385(707.14); 386(597.93); 387(754.82); 388(793.5); 389(468.84); 390(237.5); 391(808.01); 392(447.7); 393(572.7); 394(748.47); 395(783.98); 396(615.74); 397(384.86); 398(254.26); 399(505.26); 400(958.33); 401(253.77); 402(624.45); 403(574.17); 404(719.24); 405(228.62); 406(938.5); 407(927.87); 408(168.69); 409(671.16); 410(599.53); 411(540.91); 412(354.93); 413(206.8); 414(874.35); 415(999.37); 416(830.27); 417(174.4); 418(495.13); 419(668.42); 420(994.33); 421(560.78); 422(388.65); 423(891.46); 424(419.44); 425(480.24); 426(788.17); 427(231.27); 428(221.4); 429(424.77); 430(927.54); 431(954.54); 432(768.21); 433(369.18); 434(946.92); 435(480.62); 436(210.27); 437(399.29); 438(543.6); 439(487.87); 440(918.25); 441(956.81); 442(293.1); 443(977.06); 444(351.42); 445(857.5); 446(421.47); 447(580.47); 448(36.49); 449(574.47); 450(128.45); 451(254.24); 452(546.38); 453(573.11); 454(750.51); 455(351.35); 456(378.66); 457(862.77); 458(960.92); 459(697.95); 460(756.31); 461(457.2); 462(883.22); 463(608.28); 464(351.5); 465(131.83); 466(433.03); 467(630.1); 468(488.48); 469(41.73); 470(727.07); 471(630.19); 472(373.65); 473(552.5); 474(60.6); 475(326.5); 476(300.3); 477(352.64); 478(911.02); 479(673.28); 480(818.24); 481(146.45); 482(941.8); 483(290.1); 484(444.75); 485(564.78); 486(382.74); 487(609.45); 488(300.4); 489(27.54); 490(669.64); 491(586.05); 492(554.86); 493(23.53); 494(773.97); 495(37.32); 496(553.17); 497(453.2); 498(165.13); 499(449.23),1
96,0(4.22); 1(858.24); 2(954.15); 3(459.0); 4(205.92); 5(209.43); 6(820.03); 7(28.62); 8(283.89); 9(7.83); 10(721.3); 11(328.51); 12(807.65); 13(399.54); 14(995.87); 15(581.79); 16(307.44); 17(993.84); 18(768.88); 19(463.08); 20(853.13); 21(934.42); 22(709.53); 23(46.82); 24(159.96); 25(13.82); 26(22.05); 27(366.57); 28(45.35); 29(775.19); 30(578.71); 31(930.99); 32(548.38); 33(821.6); 34(373.58); 35(900.88); 36(908.95); 37(619.5); 38(195.19); 39(789.53); 40(869.28); 41(102.96); 42(5.56); 43(25.9); 44(212.07); 45(860.86); 46(672.84); 47(276.41); 48(51.32); 49(95.13); 50(626.2); 51(832.6); 52(105.92); 53(675.71); 54(740.8); 55(308.7); 56(421.63); 57(121.93); 58(675.98); 59(912.27); 60(427.02); 61(328.8); 62(147.81); 63(782.93); 64(77.86); 65(14.07); 66(983.38); 67(937.12); 68(190.75); 69(435.01); 70(528.25); 71(67.58); 72(730.2); 73(915.88); 74(578.43); 75(595.08); 76(734.76); 77(716.17); 78(367.38); 79(853.42); 80(152.83); 81(949.09); 82(267.82); 83(311.58); 84(244.62); 85(129.62); 86(451.04); 87(271.55); 88(677.61); 89(518.92); 90(566.37); 91(822.65); 92(196.56); 93(227.39); 94(808.12); 95(850.24); 97(853.32); 98(699.78); 99(377.7); 100(733.6); 101(944.9); 102(157.58); 103(691.82); 104(681.72); 105(604.82); 106(609.77); 107(763.25); 108(466.6); 109(744.93); 110(664.95); 111(238.17); 112(413.46); 113(51.04); 114(730.88); 115(25.54); 116(184.16); 117(512.41); 118(964.06); 119(336.81); 120(14.33); 121(241.64); 122(377.27); 123(617.88); 124(17.75); 125(963.42); 126(181.1); 127(124.62); 128(573.69); 129(426.82); 130(484.23); 131(206.78); 132(139.32); 133(574.49); 134(477.45); 135(583.1); 136(815.94); 137(199.31); 138(621.38); 139(276.27); 140(489.43); 141(824.4); 142(612.06); 143(194.14); 144(116.25); 145(848.41); 146(691.7); 147(199.67); 148(7.89); 149(611.65); 150(594.47); 151(986.46); 152(643.2); 153(156.48); 154(155.36); 155(640.3); 156(594.68); 157(104.42); 158(949.83); 159(624.11); 160(127.76); 161(722.41); 162(247.46); 163(825.91); 164(324.21); 165(198.58); 166(735.21); 167(556.28); 168(479.67); 169(968.86); 170(467.01); 171(261.86); 172(648.16); 173(846.61); 174(291.48); 175(933.14); 176(766.72); 177(361.84); 178(530.59); 179(82.34); 180(364.31); 181(862.42); 182(163.01); 183(475.82); 184(990.87); 185(651.41); 186(144.96); 187(819.91); 188(586.57); 189(216.37); 190(384.78); 191(293.48); 192(103.44); 193(310.92); 194(457.02); 195(300.77); 196(672.17); 197(152.66); 198(66.73); 199(337.28); 200(11.64); 201(357.38); 202(800.58); 203(397.71); 204(252.64); 205(358.45); 206(792.28); 207(724.49); 208(564.46); 209(525.79); 210(214.33); 211(291.85); 212(66.93); 213(528.26); 214(214.6); 215(652.6); 216(393.73); 217(476.27); 218(172.55); 219(82.24); 220(805.08); 221(465.86); 222(346.04); 223(669.98); 224(290.98); 225(812.68); 226(542.95); 227(110.94); 228(829.02); 229(178.68); 230(214.27); 231(285.29); 232(831.61); 233(802.28); 234(157.51); 235(522.11); 236(506.17); 237(873.01); 238(782.03); 239(439.28); 240(816.96); 241(353.17); 242(91.11); 243(945.44); 244(0.9); 245(246.91); 246(383.0); 247(228.0); 248(796.55); 249(455.64); 250(691.64); 251(856.77); 252(512.86); 253(960.87); 254(156.92); 255(462.97); 256(415.31); 257(561.33); 258(35.6); 259(660.09); 260(833.09); 261(30.22); 262(1.37); 263(682.07); 264(627.55); 265(624.3); 266(73.75); 267(710.0); 268(793.4); 269(17.71); 270(356.69); 271(698.0); 272(470.12); 273(125.98); 274(110.14); 275(421.64); 276(676.88); 277(828.19); 278(404.79); 279(75.71); 280(523.88); 281(112.48); 282(965.65); 283(735.29); 284(846.6); 285(201.75); 286(301.28); 287(529.82); 288(435.86); 289(151.08); 290(784.18); 291(40.4); 292(539.79); 293(717.35); 294(910.45); 295(358.89); 296(874.2); 297(846.16); 298(684.02); 299(547.84); 300(742.58); 301(697.76); 302(44.62); 303(689.06); 304(914.1); 305(615.13); 306(70.59); 307(92.5); 308(414.35); 309(257.06); 310(125.85); 311(847.65); 312(871.98); 313(669.1); 314(872.06); 315(370.95); 316(625.77); 317(195.83); 318(132.65); 319(796.12); 320(885.38); 321(402.09); 322(181.99); 323(958.34); 324(694.26); 325(892.56); 326(136.72); 327(33.94); 328(523.57); 329(362.54); 330(207.64); 331(431.58); 332(690.89); 333(62.52); 334(594.47); 335(139.39); 336(645.07); 337(165.78); 338(771.4); 339(51.08); 340(313.78); 341(674.64); 342(830.6); 343(241.39); 344(75.33); 345(167.09); 346(933.23); 347(233.01); 348(487.3); 349(401.48); 350(530.15); 351(899.37); 352(658.93); 353(512.18); 354(743.76); 355(733.57); 356(894.75); 357(800.32); 358(372.31); 359(946.05); 360(899.77); 361(9.7); 362(690.44); 363(687.65); 364(491.09); 365(528.27); 366(140.24); 367(612.4); 368(167.91); 369(161.42); 370(903.93); 371(626.39); 372(268.95); 373(383.52); 374(528.69); 375(933.36); 376(496.8); 377(856.11); 378(941.17); 379(188.13); 380(364.82); 381(33.63); 382(693.54); 383(843.23); 384(780.06); 385(410.31); 386(274.19); 387(554.15); 388(371.04); 389(661.33); 390(693.78); 391(220.66); 392(45.25); 393(212.13); 394(70.83); 395(708.72); 396(965.74); 397(941.53); 398(288.92); 399(390.83); 400(881.54); 401(423.65); 402(917.3); 403(788.07); 404(172.43); 405(986.81); 406(65.19); 407(815.38); 408(481.3); 409(918.55); 410(759.93); 411(422.7); 412(735.35); 413(242.04); 414(246.28); 415(727.57); 416(522.06); 417(988.57); 418(163.09); 419(916.95); 420(754.04); 421(838.33); 422(387.09); 423(93.0); 424(459.43); 425(46.28); 426(261.22); 427(578.81); 428(796.27); 429(43.71); 430(2.23); 431(289.98); 432(856.06); 433(148.98); 434(154.08); 435(868.49); 436(499.5); 437(732.32); 438(965.8); 439(241.18); 440(974.97); 441(886.14); 442(448.96); 443(186.76); 444(254.24); 445(80.83); 446(653.36); 447(947.47); 448(849.78); 449(982.56); 450(438.0); 451(198.73); 452(148.11); 453(185.36); 454(948.38); 455(0.15); 456(587.23); 457(354.11); 458(838.1); 459(937.75); 460(938.98); 461(187.54); 462(142.16); 463(922.4); 464(948.45); 465(582.15); 466(601.08); 467(837.81); 468(742.65); 469(642.13); 470(387.96); 471(597.67); 472(561.69); 473(249.83); 474(212.88); 475(612.43); 476(58.18); 477(908.83); 478(300.13); 479(425.88); 480(252.64); 481(703.02); 482(59.97); 483(821.57); 484(776.85); 485(38.44); 486(487.31); 487(341.04); 488(229.07); 489(933.53); 490(515.35); 491(694.85); 492(613.14); 493(155.67); 494(260.88); 495(494.43); 496(985.83); 497(328.27); 498(873.79); 499(30.02),1
97,0(11.92); 1(900.75); 2(885.09); 3(865.96); 4(875.08); 5(541.22); 6(118.86); 7(624.18); 8(627.76); 9(668.84); 10(402.13); 11(54.01); 12(588.71); 13(953.48); 14(682.46); 15(245.74); 16(208.52); 17(590.2); 18(52.37); 19(468.79); 20(999.19); 21(157.06); 22(202.68); 23(884.5); 24(133.0); 25(955.13); 26(815.48); 27(381.99); 28(684.53); 29(833.2); 30(111.74); 31(208.3); 32(510.39); 33(877.74); 34(421.46); 35(937.55); 36(806.49); 37(910.27); 38(648.23); 39(754.43); 40(80.01); 41(238.08); 42(644.5); 43(822.36); 44(509.35); 45(667.85); 46(260.16); 47(48.44); 48(172.49); 49(580.2); 50(347.22); 51(392.33); 52(562.06); 53(78.91); 54(289.23); 55(757.46); 56(503.57); 57(709.55); 58(958.88); 59(741.8); 60(173.45); 61(602.22); 62(555.77); 63(311.63); 64(712.68); 65(225.62); 66(86.03); 67(104.43); 68(95.19); 69(224.39); 70(389.42); 71(519.95); 72(226.33); 73(854.26); 74(412.02); 75(959.73); 76(918.74); 77(697.23); 78(589.95); 79(493.78); 80(669.62); 81(434.2); 82(305.76); 83(382.25); 84(314.72); 85(502.85); 86(774.18); 87(553.87); 88(364.63); 89(884.46); 90(198.11); 91(185.73); 92(924.38); 93(898.63); 94(651.95); 95(151.6); 96(853.32); 98(729.65); 99(846.52); 100(340.75); 101(386.49); 102(945.96); 103(42.33); 104(853.57); 105(514.51); 106(689.41); 107(364.95); 108(649.01); 109(87.41); 110(429.27); 111(199.67); 112(620.41); 113(851.13); 114(5.5); 115(567.29); 116(984.58); 117(196.28); 118(827.43); 119(606.89); 120(980.22); 121(683.34); 122(926.06); 123(680.97); 124(150.51); 125(219.65); 126(463.29); 127(658.79); 128(324.68); 129(771.54); 130(998.87); 131(146.81); 132(184.01); 133(647.26); 134(206.39); 135(841.99); 136(560.26); 137(190.7); 138(590.94); 139(821.11); 140(267.34); 141(472.26); 142(126.46); 143(125.17); 144(140.06); 145(512.68); 146(948.42); 147(326.77); 148(779.87); 149(206.9); 150(196.88); 151(869.0); 152(884.87); 153(621.94); 154(490.36); 155(426.14); 156(907.49); 157(838.44); 158(335.85); 159(558.41); 160(188.84); 161(145.73); 162(220.79); 163(873.54); 164(11.56); 165(274.01); 166(45.74); 167(613.87); 168(81.35); 169(773.94); 170(376.02); 171(978.35); 172(283.56); 173(699.35); 174(709.24); 175(125.85); 176(741.72); 177(387.25); 178(465.61); 179(636.96); 180(176.2); 181(431.86); 182(85.42); 183(409.6); 184(963.02); 185(599.31); 186(101.59); 187(509.95); 188(912.06); 189(783.53); 190(430.1); 191(453.67); 192(854.13); 193(343.7); 194(593.61); 195(18.03); 196(756.3); 197(468.08); 198(816.94); 199(679.89); 200(200.17); 201(135.55); 202(491.12); 203(936.64); 204(377.29); 205(746.52); 206(540.47); 207(927.56); 208(274.41); 209(141.64); 210(20.18); 211(367.38); 212(86.95); 213(105.22); 214(933.63); 215(560.66); 216(144.17); 217(856.7); 218(654.4); 219(836.51); 220(299.79); 221(29.32); 222(366.5); 223(458.38); 224(512.74); 225(900.39); 226(914.35); 227(489.86); 228(954.95); 229(354.1); 230(425.61); 231(356.92); 232(90.99); 233(454.4); 234(591.21); 235(895.33); 236(431.53); 237(875.82); 238(154.69); 239(162.35); 240(108.96); 241(778.41); 242(745.16); 243(228.81); 244(180.47); 245(801.97); 246(278.03); 247(539.81); 248(916.32); 249(338.97); 250(338.31); 251(859.08); 252(349.54); 253(397.57); 254(461.55); 255(771.38); 256(156.7); 257(508.64); 258(737.7); 259(566.7); 260(2.71); 261(492.18); 262(505.15); 263(502.27); 264(21.3); 265(971.35); 266(455.38); 267(299.05); 268(51.42); 269(701.56); 270(571.18); 271(817.87); 272(615.77); 273(328.95); 274(233.14); 275(585.53); 276(355.05); 277(415.66); 278(691.42); 279(588.73); 280(132.26); 281(11.32); 282(362.16); 283(885.92); 284(508.63); 285(827.36); 286(242.62); 287(554.31); 288(521.22); 289(910.88); 290(254.14); 291(901.43); 292(138.5); 293(248.96); 294(0.24); 295(928.96); 296(617.74); 297(636.6); 298(933.37); 299(564.18); 300(753.34); 301(917.66); 302(869.46); 303(165.86); 304(966.99); 305(659.94); 306(485.23); 307(965.39); 308(564.04); 309(385.24); 310(629.83); 311(998.08); 312(683.61); 313(453.28); 314(921.18); 315(73.36); 316(260.43); 317(184.7); 318(314.65); 319(593.16); 320(753.32); 321(963.87); 322(970.7); 323(245.61); 324(391.51); 325(250.7); 326(740.66); 327(390.41); 328(409.35); 329(229.59); 330(94.69); 331(167.88); 332(293.01); 333(842.19); 334(282.47); 335(686.54); 336(637.61); 337(224.59); 338(522.3); 339(470.38); 340(729.93); 341(247.99); 342(418.17); 343(544.27); 344(316.66); 345(484.0); 346(617.7); 347(121.14); 348(672.66); 349(963.61); 350(61.75); 351(320.39); 352(704.89); 353(742.29); 354(838.68); 355(62.03); 356(733.17); 357(412.29); 358(68.34); 359(33.45); 360(828.96); 361(816.47); 362(321.12); 363(82.34); 364(855.07); 365(988.49); 366(451.68); 367(221.48); 368(939.36); 369(948.49); 370(421.68); 371(665.01); 372(632.34); 373(262.35); 374(637.68); 375(284.92); 376(134.8); 377(428.71); 378(996.62); 379(572.54); 380(260.08); 381(178.07); 382(271.37); 383(169.97); 384(41.78); 385(340.37); 386(961.27); 387(547.98); 388(65.87); 389(442.81); 390(176.5); 391(75.41); 392(690.25); 393(945.79); 394(535.84); 395(490.43); 396(589.5); 397(994.12); 398(631.0); 399(723.85); 400(829.75); 401(19.91); 402(437.6); 403(39.27); 404(601.89); 405(255.82); 406(650.9); 407(73.31); 408(58.7); 409(997.59); 410(390.11); 411(911.2); 412(713.29); 413(128.03); 414(557.57); 415(821.36); 416(85.44); 417(572.74); 418(590.04); 419(293.07); 420(325.87); 421(826.69); 422(637.85); 423(701.35); 424(445.57); 425(440.14); 426(208.3); 427(152.1); 428(979.54); 429(901.01); 430(461.69); 431(836.62); 432(665.78); 433(372.07); 434(564.62); 435(641.13); 436(365.26); 437(830.64); 438(825.52); 439(611.27); 440(422.26); 441(402.37); 442(62.36); 443(627.8); 444(934.03); 445(493.44); 446(289.22); 447(916.94); 448(645.17); 449(154.04); 450(110.3); 451(781.85); 452(728.25); 453(318.92); 454(992.4); 455(102.06); 456(437.54); 457(735.43); 458(810.62); 459(164.0); 460(595.0); 461(321.94); 462(558.67); 463(6.64); 464(338.43); 465(918.07); 466(653.08); 467(8.19); 468(858.28); 469(565.04); 470(344.6); 471(749.16); 472(324.6); 473(117.12); 474(76.09); 475(760.1); 476(289.77); 477(744.27); 478(858.59); 479(357.93); 480(670.0); 481(54.93); 482(2.18); 483(581.61); 484(34.29); 485(402.5); 486(881.58); 487(881.12); 488(899.35); 489(700.83); 490(692.8); 491(946.77); 492(43.32); 493(783.91); 494(668.7); 495(145.95); 496(470.94); 497(5.95); 498(197.27); 499(524.33),1
98,0(172.63); 1(961.28); 2(281.4); 3(36.66); 4(880.41); 5(192.72); 6(696.5); 7(193.15); 8(818.8); 9(631.76); 10(553.29); 11(21.05); 12(680.18); 13(223.33); 14(650.83); 15(506.4); 16(345.17); 17(707.69); 18(161.44); 19(10.22); 20(307.14); 21(827.7); 22(867.64); 23(712.12); 24(947.28); 25(869.32); 26(573.46); 27(976.2); 28(141.95); 29(965.51); 30(652.86); 31(539.9); 32(805.3); 33(254.9); 34(828.77); 35(24.12); 36(467.87); 37(353.43); 38(275.63); 39(845.67); 40(844.79); 41(737.02); 42(45.95); 43(692.33); 44(138.19); 45(148.75); 46(825.9); 47(384.39); 48(919.58); 49(397.29); 50(132.38); 51(18.93); 52(597.75); 53(556.93); 54(416.32); 55(591.57); 56(874.9); 57(3.57); 58(424.77); 59(249.66); 60(732.56); 61(900.92); 62(470.5); 63(775.4); 64(371.46); 65(36.14); 66(773.54); 67(244.26); 68(755.86); 69(344.84); 70(969.11); 71(125.37); 72(143.31); 73(71.71); 74(847.12); 75(961.05); 76(193.56); 77(583.27); 78(851.64); 79(69.18); 80(96.53); 81(747.84); 82(385.59); 83(440.93); 84(724.03); 85(188.17); 86(413.01); 87(411.66); 88(794.18); 89(452.98); 90(143.46); 91(875.73); 92(929.66); 93(281.76); 94(504.21); 95(192.06); 96(699.78); 97(729.65); 99(190.81); 100(731.89); 101(922.97); 102(159.43); 103(658.49); 104(867.23); 105(222.79); 106(919.43); 107(739.28); 108(692.8); 109(266.03); 110(944.62); 111(984.67); 112(16.89); 113(583.48); 114(735.6); 115(591.84); 116(75.53); 117(728.39); 118(998.53); 119(651.9); 120(764.07); 121(561.78); 122(117.28); 123(554.01); 124(552.38); 125(498.97); 126(804.44); 127(280.76); 128(498.17); 129(786.6); 130(63.69); 131(647.6); 132(385.22); 133(143.43); 134(384.46); 135(432.2); 136(635.84); 137(509.3); 138(753.76); 139(133.3); 140(424.35); 141(111.04); 142(523.75); 143(880.98); 144(776.3); 145(642.37); 146(740.52); 147(979.51); 148(134.7); 149(677.22); 150(655.28); 151(324.13); 152(811.28); 153(107.62); 154(141.18); 155(444.66); 156(93.73); 157(632.45); 158(489.42); 159(640.88); 160(217.95); 161(506.21); 162(283.27); 163(69.46); 164(508.42); 165(195.35); 166(557.3); 167(830.13); 168(691.61); 169(919.79); 170(157.02); 171(605.48); 172(131.07); 173(748.47); 174(999.33); 175(52.76); 176(191.81); 177(867.9); 178(638.69); 179(567.21); 180(434.51); 181(191.98); 182(237.9); 183(266.5); 184(776.19); 185(709.59); 186(768.16); 187(434.17); 188(818.43); 189(886.44); 190(618.03); 191(103.78); 192(562.79); 193(349.76); 194(998.23); 195(0.65); 196(748.23); 197(176.95); 198(953.33); 199(34.56); 200(535.8); 201(338.45); 202(299.46); 203(557.83); 204(820.1); 205(89.49); 206(318.37); 207(884.27); 208(730.76); 209(955.44); 210(168.12); 211(344.25); 212(89.78); 213(874.8); 214(902.81); 215(29.54); 216(976.44); 217(963.67); 218(506.15); 219(404.64); 220(663.88); 221(460.35); 222(901.03); 223(141.88); 224(89.86); 225(962.0); 226(153.72); 227(268.53); 228(356.53); 229(258.93); 230(791.51); 231(344.2); 232(601.07); 233(190.06); 234(680.82); 235(558.42); 236(306.07); 237(915.45); 238(891.29); 239(694.75); 240(372.04); 241(670.69); 242(784.82); 243(806.27); 244(212.76); 245(411.42); 246(275.64); 247(121.02); 248(336.79); 249(390.5); 250(47.56); 251(568.11); 252(367.4); 253(948.22); 254(470.03); 255(178.94); 256(808.16); 257(763.37); 258(886.67); 259(504.63); 260(211.85); 261(157.65); 262(56.89); 263(691.14); 264(626.3); 265(563.15); 266(106.09); 267(555.72); 268(7.56); 269(438.7); 270(211.75); 271(783.4); 272(986.66); 273(462.04); 274(982.58); 275(959.83); 276(979.6); 277(432.63); 278(834.07); 279(285.35); 280(849.61); 281(180.25); 282(481.52); 283(319.12); 284(498.55); 285(917.7); 286(109.85); 287(979.86); 288(988.29); 289(966.71); 290(17.22); 291(812.48); 292(796.77); 293(82.58); 294(126.7); 295(186.44); 296(16.02); 297(319.81); 298(786.48); 299(994.96); 300(733.89); 301(435.5); 302(586.96); 303(209.29); 304(956.04); 305(876.1); 306(708.54); 307(232.34); 308(972.6); 309(109.61); 310(666.13); 311(562.13); 312(368.03); 313(786.09); 314(7.5); 315(906.92); 316(574.63); 317(288.93); 318(138.63); 319(189.33); 320(163.36); 321(314.56); 322(174.92); 323(23.33); 324(594.48); 325(945.28); 326(615.72); 327(440.54); 328(569.93); 329(888.56); 330(372.43); 331(980.36); 332(960.63); 333(753.16); 334(426.7); 335(63.18); 336(937.86); 337(861.57); 338(55.45); 339(79.5); 340(637.64); 341(121.27); 342(813.36); 343(982.6); 344(587.93); 345(42.27); 346(940.44); 347(696.4); 348(573.48); 349(379.71); 350(864.68); 351(900.07); 352(729.82); 353(752.39); 354(399.43); 355(853.63); 356(926.02); 357(970.68); 358(473.95); 359(652.76); 360(419.35); 361(191.15); 362(257.38); 363(631.85); 364(965.59); 365(785.88); 366(235.97); 367(336.89); 368(51.29); 369(539.72); 370(552.21); 371(43.89); 372(236.9); 373(645.1); 374(216.41); 375(730.81); 376(108.64); 377(70.82); 378(337.69); 379(63.73); 380(314.72); 381(951.85); 382(580.16); 383(582.93); 384(220.56); 385(612.68); 386(832.05); 387(742.02); 388(822.14); 389(784.52); 390(535.38); 391(834.61); 392(369.49); 393(118.3); 394(188.02); 395(493.51); 396(328.3); 397(759.42); 398(578.15); 399(655.15); 400(52.84); 401(130.54); 402(367.41); 403(390.38); 404(345.71); 405(475.62); 406(460.98); 407(269.18); 408(586.4); 409(416.03); 410(476.98); 411(101.79); 412(538.05); 413(346.06); 414(588.11); 415(516.85); 416(879.13); 417(234.09); 418(438.34); 419(544.75); 420(666.15); 421(415.48); 422(449.33); 423(390.46); 424(282.38); 425(299.88); 426(550.97); 427(705.46); 428(184.84); 429(445.25); 430(117.56); 431(416.56); 432(394.96); 433(853.67); 434(136.1); 435(764.13); 436(194.37); 437(299.11); 438(128.34); 439(829.23); 440(578.44); 441(153.36); 442(565.36); 443(710.64); 444(783.93); 445(628.73); 446(909.89); 447(297.08); 448(410.95); 449(768.03); 450(271.69); 451(664.79); 452(819.06); 453(816.29); 454(189.45); 455(551.94); 456(864.57); 457(924.98); 458(787.93); 459(779.49); 460(884.93); 461(833.67); 462(231.37); 463(142.76); 464(208.94); 465(44.92); 466(127.94); 467(978.02); 468(135.35); 469(342.62); 470(19.44); 471(430.33); 472(36.27); 473(471.01); 474(942.82); 475(10.37); 476(419.91); 477(463.39); 478(954.29); 479(329.57); 480(355.19); 481(344.78); 482(805.53); 483(710.38); 484(270.04); 485(452.76); 486(109.32); 487(766.48); 488(427.54); 489(656.38); 490(231.66); 491(470.81); 492(867.55); 493(248.15); 494(481.14); 495(375.19); 496(994.37); 497(357.31); 498(963.95); 499(963.02),1
99,0(570.46); 1(557.84); 2(273.42); 3(43.49); 4(405.86); 5(774.82); 6(76.63); 7(766.27); 8(19.55); 9(448.42); 10(470.08); 11(506.21); 12(201.08); 13(930.63); 14(342.19); 15(724.05); 16(510.14); 17(177.27); 18(422.37); 19(801.46); 20(228.43); 21(131.95); 22(951.09); 23(271.83); 24(655.2); 25(891.67); 26(232.63); 27(311.31); 28(618.99); 29(868.76); 30(157.82); 31(750.57); 32(327.23); 33(608.84); 34(295.6); 35(161.68); 36(276.73); 37(510.66); 38(336.05); 39(305.06); 40(972.0); 41(534.71); 42(831.69); 43(317.06); 44(553.81); 45(66.52); 46(752.36); 47(116.92); 48(846.12); 49(373.37); 50(312.39); 51(651.26); 52(476.36); 53(156.24); 54(935.62); 55(633.5); 56(769.34); 57(866.76); 58(64.14); 59(876.91); 60(394.8); 61(638.81); 62(368.78); 63(671.43); 64(772.11); 65(568.35); 66(311.5); 67(999.84); 68(277.98); 69(550.17); 70(368.32); 71(602.13); 72(875.77); 73(314.07); 74(989.21); 75(665.63); 76(199.6); 77(326.38); 78(333.91); 79(985.51); 80(369.11); 81(301.43); 82(895.04); 83(347.32); 84(866.67); 85(783.94); 86(221.84); 87(894.56); 88(244.19); 89(187.7); 90(431.78); 91(323.97); 92(231.81); 93(473.54); 94(481.49); 95(98.77); 96(377.7); 97(846.52); 98(190.81); 100(435.24); 101(450.69); 102(734.68); 103(348.91); 104(214.82); 105(492.33); 106(397.59); 107(342.37); 108(147.62); 109(270.76); 110(456.39); 111(892.74); 112(161.84); 113(72.01); 114(711.7); 115(382.28); 116(414.38); 117(634.66); 118(492.56); 119(859.43); 120(419.6); 121(404.69); 122(18.0); 123(973.38); 124(111.24); 125(337.13); 126(439.59); 127(452.89); 128(691.7); 129(299.66); 130(3.72); 131(400.02); 132(390.36); 133(248.09); 134(488.61); 135(407.43); 136(735.29); 137(305.03); 138(134.49); 139(610.33); 140(252.76); 141(398.26); 142(965.37); 143(553.45); 144(45.17); 145(473.31); 146(91.39); 147(628.57); 148(91.21); 149(652.47); 150(438.74); 151(134.24); 152(421.49); 153(849.27); 154(527.8); 155(577.01); 156(429.94); 157(43.23); 158(48.73); 159(547.21); 160(945.17); 161(140.16); 162(216.08); 163(815.39); 164(777.56); 165(275.33); 166(806.64); 167(279.37); 168(198.37); 169(687.21); 170(332.87); 171(0.29); 172(458.45); 173(203.36); 174(771.8); 175(925.32); 176(119.86); 177(20.39); 178(242.81); 179(807.07); 180(61.46); 181(58.84); 182(868.37); 183(13.73); 184(26.34); 185(133.15); 186(273.86); 187(401.18); 188(975.5); 189(162.7); 190(793.02); 191(64.38); 192(972.56); 193(140.68); 194(732.45); 195(909.26); 196(200.5); 197(143.2); 198(53.88); 199(64.57); 200(864.91); 201(559.15); 202(896.17); 203(267.28); 204(837.12); 205(805.85); 206(308.18); 207(760.91); 208(466.45); 209(693.72); 210(15.85); 211(950.55); 212(664.47); 213(404.39); 214(173.51); 215(207.63); 216(555.16); 217(805.32); 218(956.96); 219(476.31); 220(211.56); 221(25.96); 222(775.63); 223(150.1); 224(634.22); 225(94.15); 226(340.78); 227(108.65); 228(802.99); 229(561.49); 230(121.2); 231(361.39); 232(51.81); 233(399.17); 234(757.61); 235(157.13); 236(462.6); 237(432.19); 238(574.2); 239(447.25); 240(27.77); 241(188.6); 242(518.85); 243(963.96); 244(612.03); 245(188.22); 246(615.56); 247(88.68); 248(571.98); 249(808.04); 250(296.09); 251(200.92); 252(268.35); 253(679.59); 254(961.16); 255(836.85); 256(18.89); 257(4.63); 258(549.21); 259(821.66); 260(819.21); 261(593.3); 262(477.0); 263(109.51); 264(296.74); 265(932.68); 266(674.3); 267(991.93); 268(771.95); 269(436.93); 270(135.54); 271(100.87); 272(771.91); 273(841.52); 274(597.31); 275(69.79); 276(130.07); 277(495.69); 278(738.34); 279(248.5); 280(569.77); 281(390.44); 282(736.22); 283(200.07); 284(745.65); 285(318.61); 286(854.14); 287(926.28); 288(976.31); 289(475.07); 290(865.32); 291(676.67); 292(409.64); 293(310.72); 294(21.84); 295(973.6); 296(298.98); 297(406.93); 298(302.29); 299(221.24); 300(9.42); 301(295.15); 302(826.29); 303(225.78); 304(692.27); 305(126.83); 306(204.56); 307(206.86); 308(780.46); 309(127.19); 310(946.56); 311(398.93); 312(521.89); 313(382.19); 314(680.63); 315(217.9); 316(395.45); 317(34.61); 318(395.31); 319(86.08); 320(440.76); 321(3.19); 322(919.67); 323(391.33); 324(79.51); 325(699.9); 326(943.52); 327(156.51); 328(900.2); 329(710.88); 330(519.44); 331(186.48); 332(936.81); 333(250.31); 334(566.7); 335(144.23); 336(812.91); 337(747.25); 338(858.49); 339(750.67); 340(562.0); 341(127.19); 342(338.13); 343(167.46); 344(524.47); 345(467.98); 346(352.4); 347(794.0); 348(176.41); 349(7.03); 350(717.94); 351(102.91); 352(835.48); 353(939.0); 354(846.07); 355(438.59); 356(970.71); 357(146.25); 358(443.83); 359(821.17); 360(689.84); 361(56.76); 362(890.48); 363(943.32); 364(142.65); 365(526.14); 366(469.86); 367(679.48); 368(547.4); 369(701.38); 370(336.92); 371(601.24); 372(566.87); 373(691.1); 374(449.46); 375(440.37); 376(172.78); 377(907.05); 378(378.17); 379(800.07); 380(442.18); 381(297.09); 382(603.72); 383(196.28); 384(228.38); 385(42.96); 386(572.37); 387(379.08); 388(312.31); 389(710.08); 390(984.14); 391(216.21); 392(34.8); 393(837.56); 394(545.5); 395(312.28); 396(323.17); 397(386.06); 398(212.36); 399(557.35); 400(150.66); 401(30.72); 402(741.36); 403(950.13); 404(989.11); 405(500.32); 406(39.79); 407(757.5); 408(586.23); 409(71.89); 410(469.53); 411(745.71); 412(345.25); 413(585.33); 414(275.3); 415(449.95); 416(471.21); 417(422.18); 418(553.32); 419(397.64); 420(245.42); 421(978.36); 422(111.78); 423(584.53); 424(126.05); 425(885.64); 426(768.02); 427(749.74); 428(397.15); 429(319.95); 430(937.85); 431(738.95); 432(90.31); 433(914.97); 434(249.07); 435(56.93); 436(787.27); 437(558.61); 438(974.37); 439(517.92); 440(781.6); 441(316.96); 442(663.22); 443(208.15); 444(927.75); 445(701.42); 446(748.58); 447(73.63); 448(167.46); 449(904.6); 450(163.58); 451(459.71); 452(916.99); 453(386.5); 454(207.45); 455(856.33); 456(943.08); 457(349.16); 458(28.76); 459(967.13); 460(472.66); 461(810.37); 462(371.02); 463(191.04); 464(82.69); 465(148.73); 466(322.65); 467(103.02); 468(643.77); 469(499.54); 470(800.53); 471(107.88); 472(542.14); 473(363.58); 474(61.62); 475(184.07); 476(187.84); 477(70.36); 478(859.01); 479(774.8); 480(942.84); 481(947.75); 482(322.94); 483(456.64); 484(144.25); 485(251.32); 486(623.79); 487(779.66); 488(606.15); 489(998.42); 490(459.16); 491(746.24); 492(949.01); 493(677.3); 494(232.86); 495(174.34); 496(720.05); 497(280.54); 498(834.6); 499(411.47),1
100,0(784.2); 1(714.21); 2(843.84); 3(20.34); 4(280.84); 5(384.28); 6(274.41); 7(361.75); 8(991.01); 9(348.52); 10(647.6); 11(408.48); 12(148.84); 13(348.62); 14(359.74); 15(379.6); 16(933.93); 17(540.05); 18(592.3); 19(698.37); 20(312.41); 21(743.55); 22(885.34); 23(320.04); 24(397.66); 25(403.46); 26(61.1); 27(834.22); 28(45.67); 29(28.86); 30(159.53); 31(348.89); 32(760.15); 33(552.42); 34(486.31); 35(121.27); 36(35.45); 37(101.27); 38(693.45); 39(371.6); 40(880.1); 41(781.97); 42(146.69); 43(280.64); 44(653.25); 45(535.17); 46(277.72); 47(384.85); 48(737.82); 49(631.71); 50(239.75); 51(297.96); 52(208.4); 53(616.01); 54(455.05); 55(38.76); 56(398.75); 57(144.46); 58(694.05); 59(776.27); 60(972.65); 61(605.95); 62(666.59); 63(598.47); 64(283.08); 65(789.94); 66(531.4); 67(58.21); 68(873.72); 69(434.62); 70(730.13); 71(606.3); 72(137.41); 73(73.43); 74(634.0); 75(579.64); 76(493.44); 77(532.51); 78(615.21); 79(168.81); 80(28.51); 81(37.9); 82(3.97); 83(909.34); 84(12.21); 85(731.74); 86(838.22); 87(55.71); 88(916.67); 89(566.81); 90(885.99); 91(61.54); 92(92.7); 93(543.55); 94(791.33); 95(222.68); 96(733.6); 97(340.75); 98(731.89); 99(435.24); 101(548.7); 102(294.46); 103(533.5); 104(546.18); 105(21.5); 106(399.99); 107(955.35); 108(592.78); 109(549.89); 110(230.84); 111(464.59); 112(757.51); 113(199.37); 114(181.03); 115(701.66); 116(897.68); 117(750.01); 118(796.67); 119(730.92); 120(644.48); 121(875.1); 122(241.97); 123(130.76); 124(340.91); 125(42.84); 126(326.49); 127(284.35); 128(434.98); 129(248.88); 130(530.19); 131(923.88); 132(317.91); 133(470.32); 134(115.4); 135(496.7); 136(822.34); 137(897.32); 138(221.05); 139(974.18); 140(913.72); 141(990.67); 142(389.01); 143(660.52); 144(881.58); 145(312.42); 146(944.79); 147(766.15); 148(618.48); 149(738.34); 150(894.45); 151(21.27); 152(687.89); 153(676.85); 154(656.28); 155(288.77); 156(37.81); 157(303.83); 158(188.85); 159(20.2); 160(299.5); 161(364.52); 162(81.21); 163(44.7); 164(48.38); 165(5.05); 166(838.75); 167(677.21); 168(845.83); 169(96.7); 170(185.71); 171(269.03); 172(874.82); 173(824.3); 174(527.14); 175(539.48); 176(33.24); 177(4.45); 178(207.2); 179(551.45); 180(879.99); 181(564.42); 182(81.75); 183(317.14); 184(303.97); 185(877.99); 186(723.76); 187(240.36); 188(755.29); 189(301.67); 190(384.17); 191(798.62); 192(859.31); 193(127.44); 194(4.51); 195(177.02); 196(292.99); 197(236.53); 198(837.42); 199(313.85); 200(762.9); 201(275.83); 202(129.13); 203(724.13); 204(764.12); 205(852.83); 206(0.34); 207(949.17); 208(572.86); 209(418.79); 210(407.03); 211(430.72); 212(376.13); 213(588.72); 214(31.99); 215(802.49); 216(850.25); 217(327.3); 218(574.72); 219(930.58); 220(999.85); 221(144.88); 222(780.6); 223(306.76); 224(108.2); 225(696.32); 226(425.57); 227(800.28); 228(385.47); 229(961.66); 230(186.39); 231(904.96); 232(390.92); 233(267.2); 234(752.15); 235(487.5); 236(155.17); 237(376.84); 238(721.62); 239(895.19); 240(418.81); 241(480.01); 242(398.19); 243(658.73); 244(314.09); 245(96.02); 246(563.4); 247(563.2); 248(680.71); 249(351.14); 250(382.23); 251(293.29); 252(847.35); 253(688.62); 254(921.49); 255(767.72); 256(776.31); 257(933.05); 258(196.39); 259(587.63); 260(238.08); 261(336.97); 262(200.82); 263(551.78); 264(838.88); 265(718.54); 266(271.74); 267(846.15); 268(616.99); 269(414.95); 270(112.17); 271(30.99); 272(182.48); 273(871.43); 274(880.71); 275(969.81); 276(590.73); 277(864.18); 278(600.84); 279(869.9); 280(932.08); 281(412.47); 282(875.32); 283(511.93); 284(633.35); 285(808.6); 286(253.61); 287(19.01); 288(643.86); 289(648.33); 290(918.02); 291(511.42); 292(682.92); 293(259.91); 294(122.69); 295(225.28); 296(899.35); 297(58.66); 298(791.24); 299(667.48); 300(72.96); 301(796.58); 302(980.95); 303(810.41); 304(178.41); 305(38.94); 306(745.89); 307(680.25); 308(966.68); 309(246.72); 310(562.04); 311(149.94); 312(412.94); 313(435.11); 314(760.9); 315(203.24); 316(755.2); 317(678.39); 318(862.34); 319(705.54); 320(39.63); 321(36.05); 322(496.89); 323(899.91); 324(477.55); 325(279.25); 326(608.0); 327(774.85); 328(884.37); 329(838.5); 330(199.15); 331(786.24); 332(969.11); 333(227.12); 334(753.93); 335(221.66); 336(569.41); 337(876.14); 338(339.35); 339(263.98); 340(497.31); 341(461.75); 342(282.99); 343(208.55); 344(209.33); 345(999.0); 346(54.66); 347(682.6); 348(800.32); 349(604.68); 350(844.73); 351(51.7); 352(145.09); 353(973.4); 354(531.67); 355(977.92); 356(288.66); 357(805.91); 358(521.17); 359(963.22); 360(843.42); 361(613.02); 362(556.44); 363(409.52); 364(359.72); 365(751.5); 366(445.96); 367(740.29); 368(952.65); 369(752.91); 370(595.47); 371(929.16); 372(290.27); 373(473.79); 374(528.5); 375(903.58); 376(562.88); 377(174.11); 378(92.0); 379(680.39); 380(52.44); 381(680.94); 382(799.65); 383(971.13); 384(257.16); 385(10.87); 386(636.4); 387(479.43); 388(315.79); 389(103.0); 390(421.45); 391(196.33); 392(304.42); 393(184.4); 394(593.12); 395(867.8); 396(94.77); 397(900.19); 398(387.34); 399(275.42); 400(600.65); 401(758.59); 402(204.93); 403(444.0); 404(923.44); 405(946.97); 406(497.04); 407(433.65); 408(560.96); 409(611.35); 410(427.86); 411(230.73); 412(771.8); 413(557.16); 414(775.92); 415(991.48); 416(768.36); 417(776.36); 418(716.46); 419(945.63); 420(314.32); 421(13.33); 422(478.15); 423(89.96); 424(690.3); 425(480.99); 426(314.6); 427(878.8); 428(278.6); 429(679.23); 430(735.1); 431(700.23); 432(414.55); 433(130.99); 434(751.52); 435(930.08); 436(517.76); 437(322.48); 438(536.39); 439(811.02); 440(480.26); 441(59.19); 442(81.62); 443(975.89); 444(167.71); 445(426.66); 446(730.68); 447(668.29); 448(30.7); 449(567.16); 450(982.48); 451(318.22); 452(653.13); 453(48.62); 454(744.89); 455(796.44); 456(537.61); 457(151.14); 458(663.53); 459(31.35); 460(182.16); 461(329.86); 462(181.9); 463(326.79); 464(892.13); 465(10.68); 466(276.91); 467(42.46); 468(764.88); 469(232.18); 470(690.88); 471(760.78); 472(248.75); 473(988.63); 474(57.77); 475(518.21); 476(97.89); 477(240.01); 478(666.79); 479(548.02); 480(917.06); 481(710.42); 482(277.76); 483(957.51); 484(720.26); 485(659.42); 486(29.77); 487(364.5); 488(775.33); 489(446.94); 490(521.46); 491(672.17); 492(600.19); 493(189.33); 494(203.55); 495(4.34); 496(919.73); 497(583.94); 498(813.59); 499(467.21),1
101,0(683.25); 1(750.37); 2(952.45); 3(225.57); 4(334.28); 5(439.86); 6(919.92); 7(641.93); 8(321.07); 9(889.64); 10(460.09); 11(896.96); 12(131.25); 13(26.08); 14(369.0); 15(671.47); 16(625.17); 17(637.81); 18(835.95); 19(756.23); 20(145.66); 21(141.49); 22(693.47); 23(810.51); 24(205.86); 25(558.57); 26(431.34); 27(587.92); 28(819.42); 29(522.11); 30(878.16); 31(867.28); 32(541.09); 33(167.05); 34(387.15); 35(340.52); 36(411.95); 37(531.24); 38(905.6); 39(211.79); 40(236.75); 41(640.41); 42(449.58); 43(220.91); 44(780.15); 45(367.79); 46(88.44); 47(249.07); 48(994.15); 49(48.55); 50(779.23); 51(210.18); 52(244.29); 53(312.64); 54(273.06); 55(838.43); 56(624.74); 57(564.81); 58(249.43); 59(775.74); 60(59.07); 61(850.95); 62(190.97); 63(829.86); 64(756.35); 65(653.42); 66(272.89); 67(811.02); 68(22.68); 69(894.99); 70(109.11); 71(759.29); 72(395.49); 73(171.22); 74(639.41); 75(190.63); 76(806.21); 77(200.08); 78(460.9); 79(4.0); 80(432.53); 81(725.95); 82(627.42); 83(166.34); 84(303.7); 85(173.39); 86(166.0); 87(14.29); 88(202.3); 89(279.48); 90(91.54); 91(70.47); 92(187.99); 93(682.0); 94(944.8); 95(658.37); 96(944.9); 97(386.49); 98(922.97); 99(450.69); 100(548.7); 102(154.64); 103(723.96); 104(954.49); 105(932.84); 106(643.71); 107(757.41); 108(470.24); 109(19.22); 110(983.88); 111(979.17); 112(726.68); 113(299.63); 114(290.15); 115(715.28); 116(209.6); 117(955.86); 118(742.44); 119(968.98); 120(23.99); 121(62.79); 122(606.6); 123(787.7); 124(429.98); 125(90.35); 126(477.41); 127(111.76); 128(988.82); 129(247.96); 130(239.88); 131(538.94); 132(259.55); 133(35.01); 134(342.58); 135(540.21); 136(466.47); 137(293.59); 138(530.1); 139(303.94); 140(818.64); 141(562.33); 142(910.6); 143(70.64); 144(130.28); 145(679.71); 146(274.16); 147(275.23); 148(840.99); 149(287.39); 150(346.25); 151(571.98); 152(673.35); 153(588.15); 154(791.69); 155(13.32); 156(842.73); 157(64.1); 158(834.39); 159(489.53); 160(373.5); 161(999.44); 162(938.06); 163(717.23); 164(903.96); 165(998.43); 166(44.35); 167(482.54); 168(968.27); 169(516.0); 170(102.18); 171(607.62); 172(155.44); 173(648.07); 174(514.19); 175(389.88); 176(781.85); 177(926.22); 178(148.14); 179(689.35); 180(111.93); 181(491.04); 182(926.75); 183(636.13); 184(966.13); 185(392.29); 186(73.87); 187(976.38); 188(152.43); 189(934.66); 190(758.61); 191(545.62); 192(870.8); 193(17.82); 194(619.29); 195(157.06); 196(622.71); 197(512.05); 198(606.8); 199(650.32); 200(74.64); 201(238.87); 202(680.93); 203(887.17); 204(631.44); 205(631.63); 206(964.2); 207(4.6); 208(425.75); 209(93.98); 210(758.89); 211(129.91); 212(519.77); 213(82.15); 214(379.44); 215(742.03); 216(386.73); 217(126.85); 218(247.53); 219(78.59); 220(888.03); 221(231.6); 222(474.53); 223(428.93); 224(239.43); 225(450.22); 226(478.47); 227(15.89); 228(117.82); 229(105.41); 230(162.95); 231(979.05); 232(904.62); 233(545.91); 234(801.5); 235(714.68); 236(599.98); 237(397.46); 238(728.21); 239(867.17); 240(775.63); 241(898.85); 242(664.48); 243(683.64); 244(397.22); 245(894.84); 246(721.68); 247(331.78); 248(71.4); 249(369.01); 250(839.55); 251(37.96); 252(81.55); 253(693.74); 254(929.85); 255(911.92); 256(651.99); 257(87.99); 258(428.0); 259(593.41); 260(729.99); 261(576.71); 262(269.31); 263(977.73); 264(702.29); 265(183.05); 266(747.77); 267(133.28); 268(328.29); 269(343.5); 270(389.54); 271(777.24); 272(624.39); 273(896.39); 274(665.2); 275(828.25); 276(520.89); 277(174.25); 278(226.73); 279(280.09); 280(202.37); 281(541.49); 282(169.57); 283(222.83); 284(483.9); 285(369.07); 286(920.9); 287(527.23); 288(189.9); 289(216.68); 290(672.83); 291(64.48); 292(263.15); 293(904.96); 294(74.84); 295(218.29); 296(676.7); 297(422.6); 298(174.79); 299(979.0); 300(420.47); 301(791.36); 302(559.44); 303(556.71); 304(337.01); 305(208.05); 306(785.76); 307(599.62); 308(528.7); 309(369.2); 310(0.55); 311(277.72); 312(761.23); 313(118.05); 314(393.94); 315(45.51); 316(253.89); 317(669.53); 318(192.48); 319(341.02); 320(453.98); 321(150.64); 322(767.91); 323(625.04); 324(726.04); 325(701.23); 326(20.68); 327(614.36); 328(146.01); 329(583.49); 330(197.77); 331(367.77); 332(835.38); 333(536.03); 334(305.84); 335(500.9); 336(296.1); 337(659.95); 338(203.07); 339(889.27); 340(546.82); 341(612.01); 342(800.33); 343(458.3); 344(895.11); 345(50.46); 346(999.8); 347(995.9); 348(918.65); 349(914.86); 350(326.59); 351(43.68); 352(84.8); 353(853.25); 354(595.43); 355(108.46); 356(385.48); 357(578.7); 358(397.08); 359(651.89); 360(872.6); 361(265.81); 362(851.46); 363(110.54); 364(284.38); 365(712.24); 366(737.14); 367(884.45); 368(353.5); 369(331.58); 370(714.53); 371(102.79); 372(479.34); 373(257.98); 374(620.11); 375(130.09); 376(505.63); 377(680.52); 378(609.73); 379(496.76); 380(15.59); 381(159.47); 382(961.95); 383(875.39); 384(656.06); 385(728.15); 386(254.68); 387(852.39); 388(629.79); 389(593.79); 390(939.77); 391(668.95); 392(238.41); 393(851.92); 394(624.73); 395(377.17); 396(49.1); 397(823.25); 398(344.66); 399(737.44); 400(498.63); 401(419.22); 402(186.96); 403(288.61); 404(433.49); 405(421.96); 406(557.73); 407(878.39); 408(140.01); 409(690.89); 410(342.76); 411(652.59); 412(202.24); 413(909.29); 414(85.38); 415(828.87); 416(637.88); 417(553.22); 418(888.61); 419(209.24); 420(884.07); 421(54.78); 422(38.92); 423(417.55); 424(965.51); 425(672.89); 426(158.92); 427(881.96); 428(471.41); 429(709.05); 430(39.48); 431(262.95); 432(778.63); 433(139.52); 434(351.63); 435(890.97); 436(764.98); 437(766.98); 438(757.38); 439(450.02); 440(609.23); 441(365.81); 442(903.89); 443(763.08); 444(647.48); 445(762.47); 446(717.68); 447(44.9); 448(489.15); 449(393.83); 450(663.19); 451(752.51); 452(856.07); 453(321.35); 454(8.83); 455(34.04); 456(594.95); 457(127.13); 458(58.17); 459(593.63); 460(12.51); 461(888.8); 462(747.21); 463(611.06); 464(913.03); 465(943.18); 466(335.8); 467(118.78); 468(71.06); 469(541.68); 470(848.34); 471(224.83); 472(534.43); 473(659.23); 474(292.62); 475(134.18); 476(722.09); 477(462.3); 478(908.75); 479(178.16); 480(587.15); 481(581.21); 482(731.73); 483(364.36); 484(475.6); 485(51.14); 486(890.01); 487(508.58); 488(330.08); 489(973.33); 490(515.55); 491(239.03); 492(279.21); 493(523.53); 494(341.06); 495(221.08); 496(941.6); 497(140.48); 498(227.07); 499(38.45),1
102,0(745.17); 1(892.62); 2(383.45); 3(968.3); 4(73.05); 5(300.99); 6(640.07); 7(900.0); 8(696.49); 9(185.47); 10(821.69); 11(899.28); 12(780.67); 13(804.06); 14(362.83); 15(423.91); 16(455.35); 17(896.6); 18(903.4); 19(370.97); 20(379.02); 21(761.51); 22(75.4); 23(367.49); 24(700.77); 25(540.48); 26(353.33); 27(571.44); 28(58.24); 29(303.17); 30(628.44); 31(365.66); 32(784.96); 33(806.87); 34(412.64); 35(840.37); 36(136.09); 37(466.08); 38(728.94); 39(294.74); 40(456.18); 41(916.12); 42(656.15); 43(375.52); 44(407.12); 45(911.36); 46(885.33); 47(474.97); 48(288.41); 49(320.86); 50(595.03); 51(176.36); 52(994.29); 53(475.38); 54(326.59); 55(235.79); 56(324.17); 57(773.06); 58(44.91); 59(175.51); 60(331.15); 61(84.89); 62(91.77); 63(908.96); 64(226.5); 65(451.38); 66(162.71); 67(90.75); 68(227.68); 69(762.37); 70(479.45); 71(280.38); 72(514.67); 73(313.73); 74(269.07); 75(969.91); 76(628.25); 77(862.48); 78(474.63); 79(613.78); 80(347.34); 81(395.92); 82(853.37); 83(835.04); 84(223.0); 85(402.04); 86(879.11); 87(530.15); 88(121.59); 89(270.47); 90(82.86); 91(22.46); 92(623.83); 93(938.3); 94(542.5); 95(248.39); 96(157.58); 97(945.96); 98(159.43); 99(734.68); 100(294.46); 101(154.64); 103(160.06); 104(56.63); 105(295.83); 106(235.28); 107(357.17); 108(917.99); 109(340.86); 110(695.06); 111(992.71); 112(749.12); 113(358.87); 114(556.01); 115(510.42); 116(69.79); 117(732.37); 118(742.18); 119(233.91); 120(931.7); 121(545.83); 122(996.47); 123(182.15); 124(170.71); 125(411.83); 126(450.55); 127(822.93); 128(101.35); 129(572.08); 130(620.34); 131(71.35); 132(439.13); 133(198.87); 134(829.58); 135(19.24); 136(494.16); 137(664.38); 138(426.07); 139(166.56); 140(806.45); 141(79.98); 142(279.87); 143(577.08); 144(998.37); 145(76.67); 146(269.09); 147(290.13); 148(808.29); 149(858.93); 150(766.59); 151(998.86); 152(570.25); 153(697.9); 154(675.72); 155(194.78); 156(477.94); 157(875.73); 158(710.49); 159(551.05); 160(586.63); 161(999.42); 162(162.47); 163(443.24); 164(467.73); 165(293.38); 166(130.76); 167(1.61); 168(285.89); 169(992.25); 170(399.67); 171(259.29); 172(669.57); 173(938.0); 174(450.54); 175(216.26); 176(88.85); 177(605.83); 178(766.85); 179(250.56); 180(293.77); 181(550.77); 182(319.44); 183(552.87); 184(615.8); 185(58.64); 186(362.23); 187(114.46); 188(265.32); 189(214.14); 190(954.29); 191(795.38); 192(697.92); 193(244.22); 194(797.16); 195(681.64); 196(824.65); 197(549.88); 198(310.1); 199(973.74); 200(172.39); 201(265.86); 202(61.19); 203(15.87); 204(172.82); 205(389.43); 206(367.42); 207(487.87); 208(230.77); 209(131.68); 210(371.12); 211(904.44); 212(166.57); 213(593.34); 214(330.08); 215(99.01); 216(459.46); 217(373.6); 218(818.3); 219(940.97); 220(283.81); 221(595.15); 222(87.33); 223(475.19); 224(656.27); 225(923.5); 226(568.98); 227(329.05); 228(671.5); 229(944.67); 230(862.98); 231(406.82); 232(631.51); 233(597.16); 234(97.57); 235(932.82); 236(897.9); 237(448.76); 238(412.29); 239(354.16); 240(524.19); 241(993.45); 242(440.21); 243(10.93); 244(792.34); 245(194.08); 246(827.71); 247(331.5); 248(5.93); 249(471.79); 250(538.46); 251(475.97); 252(684.42); 253(831.13); 254(150.1); 255(530.29); 256(361.74); 257(199.6); 258(871.35); 259(22.06); 260(802.0); 261(372.33); 262(601.82); 263(521.14); 264(61.96); 265(346.69); 266(808.85); 267(759.2); 268(350.43); 269(518.34); 270(423.21); 271(618.31); 272(802.47); 273(143.73); 274(627.33); 275(299.56); 276(124.95); 277(498.69); 278(627.11); 279(437.21); 280(396.4); 281(683.08); 282(154.05); 283(935.0); 284(858.96); 285(94.76); 286(139.86); 287(881.27); 288(969.88); 289(168.57); 290(206.94); 291(705.8); 292(177.36); 293(957.1); 294(277.34); 295(496.98); 296(374.42); 297(825.48); 298(19.69); 299(444.48); 300(366.13); 301(993.47); 302(17.37); 303(429.29); 304(206.3); 305(722.81); 306(825.02); 307(642.03); 308(630.61); 309(388.11); 310(71.92); 311(104.84); 312(29.03); 313(930.46); 314(486.82); 315(439.68); 316(73.63); 317(54.67); 318(149.06); 319(83.64); 320(249.91); 321(204.23); 322(114.88); 323(735.53); 324(628.77); 325(252.42); 326(856.07); 327(339.27); 328(974.52); 329(155.26); 330(45.66); 331(350.28); 332(528.22); 333(810.45); 334(322.62); 335(718.73); 336(384.63); 337(354.63); 338(166.13); 339(243.03); 340(759.01); 341(207.42); 342(989.29); 343(542.39); 344(22.09); 345(915.59); 346(302.76); 347(978.25); 348(294.16); 349(121.65); 350(420.81); 351(644.25); 352(30.81); 353(183.14); 354(395.75); 355(31.9); 356(907.03); 357(470.54); 358(800.1); 359(683.38); 360(942.75); 361(241.53); 362(966.01); 363(378.54); 364(672.64); 365(756.76); 366(987.52); 367(117.86); 368(334.49); 369(165.12); 370(692.78); 371(36.82); 372(897.49); 373(355.61); 374(574.54); 375(846.64); 376(180.14); 377(997.66); 378(178.1); 379(319.62); 380(851.75); 381(753.51); 382(285.35); 383(592.62); 384(866.81); 385(375.83); 386(146.16); 387(644.21); 388(223.56); 389(2.68); 390(486.5); 391(740.84); 392(402.46); 393(158.31); 394(255.71); 395(107.58); 396(281.37); 397(751.93); 398(821.03); 399(8.72); 400(709.4); 401(708.05); 402(664.36); 403(167.47); 404(247.4); 405(352.24); 406(860.36); 407(681.4); 408(959.67); 409(404.32); 410(977.25); 411(21.92); 412(580.62); 413(394.14); 414(5.31); 415(769.36); 416(480.43); 417(39.3); 418(57.52); 419(517.49); 420(734.69); 421(737.5); 422(440.12); 423(947.15); 424(516.01); 425(168.18); 426(578.49); 427(347.18); 428(577.82); 429(69.12); 430(160.47); 431(147.97); 432(935.34); 433(227.57); 434(353.65); 435(983.48); 436(818.41); 437(998.4); 438(322.36); 439(66.52); 440(609.36); 441(666.74); 442(466.58); 443(15.37); 444(215.17); 445(838.18); 446(909.81); 447(446.23); 448(621.02); 449(404.32); 450(207.26); 451(428.55); 452(826.34); 453(901.98); 454(238.71); 455(256.6); 456(433.17); 457(578.69); 458(358.61); 459(30.12); 460(525.31); 461(268.22); 462(349.17); 463(101.47); 464(706.12); 465(560.59); 466(93.57); 467(114.12); 468(502.73); 469(77.75); 470(154.69); 471(864.41); 472(523.81); 473(220.57); 474(473.58); 475(609.87); 476(800.76); 477(46.89); 478(216.31); 479(933.39); 480(770.42); 481(772.04); 482(203.08); 483(785.88); 484(57.87); 485(485.05); 486(257.23); 487(247.02); 488(701.85); 489(905.89); 490(348.41); 491(531.48); 492(66.97); 493(578.79); 494(546.58); 495(792.14); 496(793.66); 497(644.85); 498(143.84); 499(432.72),1
103,0(64.38); 1(932.04); 2(448.92); 3(766.38); 4(513.74); 5(562.81); 6(740.21); 7(513.5); 8(46.38); 9(85.18); 10(12.82); 11(935.83); 12(402.61); 13(290.01); 14(340.21); 15(90.94); 16(816.96); 17(384.22); 18(59.41); 19(421.57); 20(414.65); 21(188.55); 22(951.79); 23(778.01); 24(478.0); 25(537.38); 26(812.15); 27(198.25); 28(904.79); 29(416.16); 30(866.95); 31(211.5); 32(467.25); 33(450.77); 34(431.95); 35(995.91); 36(121.32); 37(664.4); 38(140.43); 39(59.24); 40(416.53); 41(752.0); 42(382.18); 43(577.84); 44(190.79); 45(637.78); 46(673.24); 47(890.02); 48(684.32); 49(998.24); 50(440.42); 51(547.78); 52(688.93); 53(719.45); 54(702.01); 55(373.04); 56(789.62); 57(385.61); 58(993.47); 59(972.42); 60(201.2); 61(94.64); 62(473.71); 63(249.29); 64(167.27); 65(127.46); 66(405.81); 67(710.38); 68(363.27); 69(506.41); 70(804.31); 71(234.76); 72(257.19); 73(831.27); 74(33.12); 75(735.85); 76(615.76); 77(740.32); 78(186.32); 79(103.67); 80(101.33); 81(712.43); 82(618.03); 83(91.72); 84(352.14); 85(793.27); 86(67.84); 87(585.7); 88(669.7); 89(715.59); 90(343.49); 91(500.04); 92(89.84); 93(396.33); 94(475.46); 95(141.15); 96(691.82); 97(42.33); 98(658.49); 99(348.91); 100(533.5); 101(723.96); 102(160.06); 104(658.99); 105(195.16); 106(792.08); 107(737.26); 108(400.37); 109(165.76); 110(118.34); 111(540.93); 112(314.52); 113(372.02); 114(767.32); 115(488.62); 116(192.36); 117(429.86); 118(625.3); 119(520.66); 120(904.65); 121(727.35); 122(748.97); 123(290.87); 124(198.07); 125(800.39); 126(509.1); 127(993.87); 128(830.68); 129(504.7); 130(496.12); 131(522.0); 132(921.9); 133(836.59); 134(366.6); 135(54.79); 136(38.27); 137(6.74); 138(790.93); 139(848.52); 140(937.27); 141(647.22); 142(245.4); 143(613.81); 144(456.2); 145(450.0); 146(833.8); 147(108.22); 148(791.64); 149(941.78); 150(85.92); 151(580.75); 152(668.95); 153(77.08); 154(949.59); 155(421.55); 156(376.89); 157(988.92); 158(728.48); 159(808.61); 160(861.6); 161(639.92); 162(1.86); 163(879.1); 164(640.82); 165(462.32); 166(730.64); 167(176.69); 168(880.96); 169(662.03); 170(727.25); 171(700.71); 172(190.18); 173(328.34); 174(20.81); 175(636.49); 176(617.81); 177(970.99); 178(138.1); 179(318.61); 180(438.14); 181(565.68); 182(53.25); 183(678.1); 184(120.89); 185(798.17); 186(44.84); 187(384.44); 188(468.98); 189(784.3); 190(340.62); 191(117.64); 192(63.14); 193(764.11); 194(635.12); 195(147.47); 196(556.69); 197(652.43); 198(803.39); 199(48.92); 200(374.65); 201(516.16); 202(98.39); 203(13.21); 204(698.48); 205(48.59); 206(432.2); 207(184.92); 208(89.72); 209(952.81); 210(27.65); 211(124.62); 212(117.46); 213(980.14); 214(544.73); 215(104.98); 216(180.11); 217(674.45); 218(98.62); 219(98.12); 220(94.29); 221(251.41); 222(221.22); 223(431.73); 224(377.01); 225(949.59); 226(867.92); 227(821.46); 228(534.03); 229(961.8); 230(892.07); 231(320.41); 232(805.21); 233(808.15); 234(345.98); 235(329.59); 236(591.01); 237(776.98); 238(607.59); 239(937.85); 240(380.86); 241(271.78); 242(638.01); 243(955.58); 244(560.52); 245(655.17); 246(823.18); 247(749.26); 248(782.39); 249(616.54); 250(990.29); 251(252.67); 252(55.14); 253(1.19); 254(801.75); 255(220.89); 256(892.24); 257(367.0); 258(724.22); 259(530.63); 260(806.76); 261(860.17); 262(80.61); 263(737.46); 264(844.26); 265(32.08); 266(322.43); 267(861.84); 268(134.14); 269(203.36); 270(517.99); 271(729.8); 272(534.01); 273(178.52); 274(860.73); 275(206.18); 276(370.13); 277(242.01); 278(252.98); 279(19.12); 280(701.08); 281(254.32); 282(651.24); 283(784.19); 284(14.78); 285(756.63); 286(434.75); 287(979.07); 288(112.5); 289(315.9); 290(648.18); 291(653.86); 292(45.38); 293(647.89); 294(656.62); 295(377.55); 296(565.16); 297(272.98); 298(182.35); 299(689.2); 300(263.82); 301(423.86); 302(873.88); 303(867.06); 304(348.31); 305(150.52); 306(749.28); 307(422.43); 308(316.65); 309(63.36); 310(924.57); 311(774.2); 312(154.36); 313(403.05); 314(210.19); 315(268.62); 316(152.66); 317(590.62); 318(231.69); 319(175.25); 320(567.8); 321(220.51); 322(276.2); 323(295.37); 324(794.61); 325(944.85); 326(962.66); 327(8.63); 328(988.6); 329(94.4); 330(843.53); 331(509.61); 332(563.42); 333(473.83); 334(772.85); 335(969.27); 336(591.68); 337(233.53); 338(145.01); 339(88.28); 340(207.16); 341(432.78); 342(339.85); 343(763.88); 344(887.62); 345(634.25); 346(638.66); 347(330.91); 348(898.52); 349(388.19); 350(655.47); 351(460.32); 352(415.4); 353(994.24); 354(70.83); 355(682.79); 356(246.4); 357(411.1); 358(838.21); 359(671.84); 360(878.91); 361(742.44); 362(375.67); 363(702.31); 364(808.9); 365(400.36); 366(342.45); 367(771.28); 368(118.8); 369(497.6); 370(355.26); 371(489.52); 372(319.54); 373(848.85); 374(914.65); 375(901.98); 376(736.18); 377(33.2); 378(849.54); 379(802.38); 380(299.58); 381(660.85); 382(310.72); 383(828.68); 384(669.24); 385(49.02); 386(720.99); 387(243.84); 388(74.75); 389(533.92); 390(908.77); 391(659.15); 392(650.16); 393(61.35); 394(175.46); 395(642.87); 396(133.64); 397(391.52); 398(601.34); 399(75.33); 400(562.11); 401(887.81); 402(254.19); 403(212.79); 404(353.75); 405(577.06); 406(374.54); 407(129.9); 408(681.65); 409(35.99); 410(494.21); 411(701.47); 412(979.99); 413(778.32); 414(142.1); 415(644.91); 416(822.66); 417(934.65); 418(12.31); 419(151.38); 420(163.22); 421(242.26); 422(960.62); 423(62.45); 424(962.78); 425(513.18); 426(475.84); 427(917.85); 428(540.24); 429(729.03); 430(733.9); 431(256.08); 432(945.41); 433(152.27); 434(728.64); 435(425.94); 436(345.68); 437(494.38); 438(625.65); 439(703.11); 440(41.72); 441(482.42); 442(645.39); 443(734.31); 444(466.68); 445(869.07); 446(236.11); 447(521.69); 448(821.63); 449(232.9); 450(694.13); 451(498.76); 452(750.09); 453(88.11); 454(640.87); 455(916.11); 456(305.91); 457(95.94); 458(166.24); 459(714.47); 460(945.49); 461(788.97); 462(124.4); 463(814.14); 464(337.03); 465(390.25); 466(240.81); 467(908.81); 468(178.24); 469(684.75); 470(122.05); 471(926.59); 472(156.98); 473(687.07); 474(995.59); 475(203.87); 476(506.42); 477(667.66); 478(259.97); 479(556.51); 480(786.55); 481(890.56); 482(875.12); 483(302.89); 484(849.32); 485(883.97); 486(767.42); 487(244.45); 488(140.69); 489(915.41); 490(226.76); 491(247.61); 492(874.35); 493(662.27); 494(809.65); 495(161.86); 496(731.22); 497(124.84); 498(733.71); 499(354.27),1
104,0(220.46); 1(258.18); 2(172.61); 3(663.79); 4(895.2); 5(50.38); 6(936.91); 7(356.12); 8(605.08); 9(509.47); 10(381.11); 11(157.59); 12(69.26); 13(363.98); 14(955.39); 15(944.42); 16(758.88); 17(64.79); 18(780.44); 19(531.72); 20(323.84); 21(774.03); 22(419.14); 23(124.36); 24(538.4); 25(814.36); 26(431.39); 27(165.33); 28(851.93); 29(800.6); 30(389.36); 31(763.21); 32(544.3); 33(675.44); 34(209.41); 35(305.95); 36(511.98); 37(613.11); 38(661.97); 39(898.67); 40(803.91); 41(772.07); 42(122.81); 43(705.99); 44(740.06); 45(524.6); 46(967.93); 47(277.25); 48(549.74); 49(414.08); 50(330.44); 51(592.1); 52(119.3); 53(37.96); 54(9.58); 55(907.4); 56(684.73); 57(937.73); 58(951.84); 59(44.59); 60(14.95); 61(795.58); 62(701.31); 63(655.36); 64(620.0); 65(56.32); 66(91.54); 67(533.41); 68(375.36); 69(716.04); 70(319.03); 71(4.93); 72(462.36); 73(187.72); 74(83.29); 75(428.19); 76(245.86); 77(600.5); 78(555.81); 79(74.82); 80(592.94); 81(67.54); 82(693.89); 83(681.42); 84(433.86); 85(354.81); 86(82.34); 87(569.52); 88(585.88); 89(760.6); 90(35.45); 91(882.03); 92(549.18); 93(446.59); 94(909.6); 95(778.03); 96(681.72); 97(853.57); 98(867.23); 99(214.82); 100(546.18); 101(954.49); 102(56.63); 103(658.99); 105(724.02); 106(785.86); 107(893.09); 108(223.17); 109(118.83); 110(285.12); 111(749.46); 112(257.74); 113(289.51); 114(440.42); 115(594.22); 116(765.57); 117(110.05); 118(995.66); 119(365.84); 120(237.72); 121(379.42); 122(736.43); 123(88.76); 124(695.55); 125(661.58); 126(304.37); 127(658.15); 128(751.16); 129(418.81); 130(409.63); 131(849.31); 132(64.11); 133(75.77); 134(566.94); 135(891.43); 136(780.88); 137(210.42); 138(928.77); 139(440.78); 140(942.46); 141(847.78); 142(833.81); 143(763.39); 144(989.69); 145(788.28); 146(158.54); 147(768.62); 148(576.72); 149(662.04); 150(270.96); 151(380.83); 152(137.44); 153(994.16); 154(145.76); 155(746.33); 156(425.19); 157(67.58); 158(767.73); 159(991.62); 160(110.65); 161(509.17); 162(379.72); 163(572.02); 164(425.27); 165(664.94); 166(548.84); 167(340.11); 168(407.29); 169(561.11); 170(422.33); 171(522.36); 172(786.84); 173(322.89); 174(576.5); 175(401.48); 176(314.96); 177(375.83); 178(360.64); 179(309.74); 180(749.98); 181(429.81); 182(720.71); 183(805.28); 184(534.7); 185(384.92); 186(741.95); 187(392.64); 188(841.02); 189(379.7); 190(399.02); 191(543.8); 192(972.8); 193(839.03); 194(612.88); 195(727.7); 196(693.76); 197(208.5); 198(948.42); 199(146.6); 200(53.91); 201(234.63); 202(759.72); 203(542.54); 204(970.6); 205(512.87); 206(499.0); 207(502.36); 208(300.63); 209(650.99); 210(630.16); 211(594.98); 212(641.61); 213(575.39); 214(364.35); 215(885.22); 216(193.66); 217(349.6); 218(377.54); 219(672.84); 220(492.97); 221(499.71); 222(539.63); 223(929.87); 224(945.11); 225(584.27); 226(507.69); 227(102.87); 228(922.2); 229(717.23); 230(382.36); 231(47.51); 232(956.8); 233(172.74); 234(894.28); 235(582.91); 236(737.56); 237(957.56); 238(735.4); 239(134.25); 240(808.0); 241(668.04); 242(196.67); 243(220.93); 244(576.02); 245(964.47); 246(85.68); 247(359.31); 248(26.12); 249(787.88); 250(21.99); 251(514.6); 252(570.35); 253(256.51); 254(890.86); 255(392.03); 256(273.07); 257(660.91); 258(536.42); 259(617.64); 260(437.83); 261(21.74); 262(521.97); 263(5.88); 264(552.85); 265(357.31); 266(315.22); 267(307.79); 268(926.79); 269(91.51); 270(279.54); 271(782.35); 272(264.35); 273(866.66); 274(560.23); 275(517.94); 276(82.38); 277(347.32); 278(625.57); 279(906.53); 280(484.57); 281(379.31); 282(393.06); 283(88.87); 284(991.98); 285(529.88); 286(721.27); 287(211.64); 288(470.81); 289(402.5); 290(17.98); 291(7.59); 292(725.43); 293(468.77); 294(409.86); 295(236.31); 296(330.29); 297(290.03); 298(156.53); 299(408.1); 300(878.41); 301(323.94); 302(601.54); 303(906.47); 304(119.36); 305(173.12); 306(875.62); 307(988.14); 308(177.68); 309(620.96); 310(65.25); 311(984.42); 312(160.33); 313(659.61); 314(748.63); 315(4.19); 316(508.88); 317(72.71); 318(535.77); 319(880.3); 320(274.63); 321(966.59); 322(172.22); 323(340.86); 324(269.39); 325(278.76); 326(202.93); 327(401.11); 328(501.13); 329(328.87); 330(140.68); 331(337.08); 332(781.24); 333(533.96); 334(164.88); 335(788.83); 336(451.7); 337(994.4); 338(212.88); 339(740.08); 340(811.47); 341(198.81); 342(627.36); 343(378.4); 344(706.25); 345(521.64); 346(503.13); 347(73.61); 348(750.03); 349(868.44); 350(76.02); 351(731.25); 352(97.25); 353(173.93); 354(430.18); 355(611.38); 356(34.43); 357(3.95); 358(76.39); 359(882.78); 360(907.42); 361(949.14); 362(419.95); 363(607.47); 364(664.75); 365(143.26); 366(15.85); 367(926.78); 368(245.29); 369(713.43); 370(876.37); 371(910.25); 372(936.5); 373(265.79); 374(3.28); 375(702.01); 376(991.22); 377(898.82); 378(561.53); 379(713.2); 380(50.14); 381(28.62); 382(605.38); 383(420.57); 384(90.96); 385(545.85); 386(961.79); 387(650.99); 388(367.29); 389(342.27); 390(433.8); 391(371.35); 392(302.75); 393(493.47); 394(687.89); 395(322.95); 396(331.76); 397(18.92); 398(967.53); 399(731.48); 400(266.35); 401(425.17); 402(193.82); 403(937.76); 404(431.42); 405(278.26); 406(233.27); 407(183.73); 408(900.81); 409(658.45); 410(759.33); 411(626.55); 412(229.9); 413(548.76); 414(301.74); 415(253.48); 416(994.72); 417(201.25); 418(792.18); 419(765.65); 420(966.97); 421(262.73); 422(462.18); 423(166.72); 424(38.2); 425(659.03); 426(557.78); 427(469.49); 428(805.57); 429(624.76); 430(117.81); 431(565.12); 432(859.14); 433(419.51); 434(920.85); 435(978.37); 436(195.85); 437(130.62); 438(374.9); 439(602.71); 440(788.07); 441(152.43); 442(636.68); 443(274.24); 444(883.22); 445(715.37); 446(519.5); 447(2.45); 448(20.83); 449(51.85); 450(610.24); 451(4.14); 452(228.85); 453(38.89); 454(518.42); 455(618.4); 456(840.19); 457(755.21); 458(151.43); 459(640.7); 460(700.21); 461(132.83); 462(511.47); 463(205.68); 464(83.64); 465(86.0); 466(19.48); 467(252.12); 468(507.0); 469(7.59); 470(24.2); 471(563.2); 472(314.01); 473(723.51); 474(202.44); 475(993.72); 476(207.18); 477(664.31); 478(641.3); 479(724.2); 480(519.05); 481(967.42); 482(471.75); 483(7.41); 484(578.51); 485(445.4); 486(768.75); 487(436.49); 488(892.05); 489(704.12); 490(129.11); 491(952.76); 492(567.37); 493(465.77); 494(118.47); 495(762.68); 496(16.0); 497(696.8); 498(619.2); 499(823.77),1
105,0(223.61); 1(348.85); 2(861.71); 3(917.72); 4(206.15); 5(289.49); 6(90.46); 7(303.83); 8(3.72); 9(151.42); 10(509.22); 11(455.73); 12(271.3); 13(369.75); 14(238.89); 15(18.8); 16(950.63); 17(67.42); 18(529.68); 19(794.59); 20(851.15); 21(420.17); 22(96.01); 23(436.43); 24(914.72); 25(918.27); 26(310.09); 27(705.55); 28(427.37); 29(840.21); 30(25.8); 31(372.47); 32(273.66); 33(51.14); 34(942.16); 35(121.77); 36(281.05); 37(971.48); 38(107.29); 39(843.24); 40(403.95); 41(98.02); 42(339.03); 43(650.61); 44(195.66); 45(511.88); 46(707.1); 47(646.02); 48(637.6); 49(413.38); 50(397.2); 51(686.71); 52(203.91); 53(885.99); 54(348.26); 55(373.82); 56(279.72); 57(110.45); 58(923.98); 59(68.08); 60(951.1); 61(61.32); 62(225.17); 63(190.38); 64(772.17); 65(196.71); 66(156.13); 67(626.24); 68(640.82); 69(357.19); 70(179.6); 71(24.17); 72(677.9); 73(891.8); 74(421.85); 75(576.1); 76(579.31); 77(832.12); 78(489.17); 79(126.77); 80(683.29); 81(126.24); 82(456.39); 83(588.33); 84(871.19); 85(72.11); 86(439.97); 87(242.0); 88(123.03); 89(630.14); 90(299.91); 91(741.93); 92(446.54); 93(787.27); 94(922.56); 95(364.72); 96(604.82); 97(514.51); 98(222.79); 99(492.33); 100(21.5); 101(932.84); 102(295.83); 103(195.16); 104(724.02); 106(679.7); 107(635.67); 108(895.97); 109(783.25); 110(396.09); 111(8.66); 112(843.01); 113(895.03); 114(480.14); 115(510.27); 116(762.92); 117(449.01); 118(955.64); 119(861.47); 120(155.73); 121(799.69); 122(488.17); 123(919.94); 124(721.72); 125(128.36); 126(700.36); 127(851.61); 128(835.79); 129(37.75); 130(66.89); 131(766.22); 132(978.6); 133(573.84); 134(774.51); 135(464.61); 136(1.24); 137(134.02); 138(12.48); 139(394.68); 140(700.13); 141(790.08); 142(846.44); 143(473.6); 144(516.37); 145(526.95); 146(467.11); 147(894.23); 148(968.27); 149(734.99); 150(590.62); 151(218.87); 152(233.95); 153(820.65); 154(921.18); 155(163.05); 156(433.02); 157(628.5); 158(327.56); 159(419.49); 160(297.96); 161(535.22); 162(572.58); 163(842.53); 164(256.66); 165(958.17); 166(164.4); 167(982.74); 168(155.76); 169(237.36); 170(156.92); 171(81.87); 172(169.79); 173(645.47); 174(915.41); 175(114.25); 176(151.97); 177(121.73); 178(112.75); 179(965.85); 180(619.79); 181(487.43); 182(699.2); 183(740.98); 184(293.34); 185(821.82); 186(124.36); 187(753.36); 188(498.67); 189(451.17); 190(939.4); 191(53.61); 192(830.25); 193(185.68); 194(985.65); 195(6.52); 196(450.12); 197(391.64); 198(748.74); 199(626.6); 200(104.44); 201(831.63); 202(951.32); 203(822.71); 204(676.53); 205(761.22); 206(620.99); 207(842.73); 208(203.62); 209(650.4); 210(366.95); 211(398.39); 212(240.65); 213(330.17); 214(717.52); 215(317.9); 216(771.89); 217(768.46); 218(264.39); 219(576.19); 220(810.33); 221(523.86); 222(783.6); 223(752.42); 224(650.31); 225(797.38); 226(981.79); 227(109.06); 228(952.87); 229(915.7); 230(745.37); 231(269.87); 232(226.88); 233(922.09); 234(599.58); 235(595.05); 236(637.54); 237(776.12); 238(580.87); 239(453.08); 240(962.89); 241(636.58); 242(653.25); 243(432.83); 244(382.54); 245(642.98); 246(871.81); 247(407.42); 248(177.08); 249(871.4); 250(863.99); 251(145.18); 252(639.68); 253(836.78); 254(933.29); 255(204.49); 256(401.87); 257(56.65); 258(955.16); 259(104.52); 260(478.03); 261(594.19); 262(262.39); 263(938.69); 264(26.81); 265(542.07); 266(77.35); 267(463.98); 268(597.02); 269(761.03); 270(444.17); 271(524.46); 272(304.89); 273(524.19); 274(91.06); 275(999.73); 276(144.19); 277(472.0); 278(668.29); 279(92.34); 280(139.45); 281(680.06); 282(558.71); 283(214.06); 284(55.66); 285(560.99); 286(337.72); 287(112.84); 288(52.98); 289(735.32); 290(121.28); 291(371.58); 292(650.97); 293(633.03); 294(396.99); 295(737.4); 296(669.41); 297(124.85); 298(67.69); 299(907.54); 300(235.14); 301(728.21); 302(58.19); 303(277.47); 304(834.76); 305(38.78); 306(536.64); 307(786.22); 308(647.17); 309(815.0); 310(598.05); 311(842.71); 312(916.69); 313(375.27); 314(379.18); 315(286.0); 316(182.86); 317(63.26); 318(981.33); 319(351.67); 320(666.48); 321(806.07); 322(993.67); 323(767.43); 324(127.79); 325(980.15); 326(527.64); 327(413.44); 328(564.65); 329(203.25); 330(336.69); 331(559.11); 332(551.19); 333(883.34); 334(279.39); 335(824.58); 336(726.47); 337(844.8); 338(201.73); 339(452.29); 340(657.04); 341(595.78); 342(457.96); 343(912.81); 344(549.54); 345(604.83); 346(104.14); 347(313.08); 348(61.54); 349(829.98); 350(767.67); 351(852.71); 352(691.39); 353(466.48); 354(471.62); 355(33.78); 356(418.57); 357(175.96); 358(149.39); 359(414.57); 360(151.75); 361(648.88); 362(407.68); 363(360.92); 364(40.47); 365(926.9); 366(64.95); 367(981.46); 368(474.78); 369(973.73); 370(600.3); 371(112.55); 372(838.73); 373(491.08); 374(110.81); 375(855.05); 376(344.65); 377(366.83); 378(33.55); 379(46.84); 380(989.15); 381(20.75); 382(153.33); 383(101.38); 384(191.07); 385(501.56); 386(192.46); 387(208.13); 388(136.18); 389(926.01); 390(965.64); 391(336.74); 392(806.99); 393(760.04); 394(528.86); 395(709.02); 396(662.69); 397(532.98); 398(644.57); 399(672.23); 400(358.99); 401(641.36); 402(395.57); 403(360.6); 404(357.5); 405(109.83); 406(274.46); 407(851.59); 408(177.29); 409(286.79); 410(639.18); 411(579.98); 412(786.36); 413(941.79); 414(709.56); 415(133.3); 416(890.85); 417(376.11); 418(404.45); 419(858.84); 420(335.52); 421(291.79); 422(253.77); 423(540.29); 424(70.98); 425(866.69); 426(645.21); 427(958.58); 428(122.41); 429(907.65); 430(479.7); 431(85.46); 432(800.05); 433(98.79); 434(961.22); 435(770.72); 436(578.87); 437(945.23); 438(36.71); 439(962.49); 440(348.85); 441(516.32); 442(642.63); 443(94.06); 444(639.38); 445(886.51); 446(129.84); 447(380.46); 448(735.81); 449(488.45); 450(560.7); 451(581.87); 452(899.19); 453(247.1); 454(436.48); 455(524.06); 456(361.08); 457(906.91); 458(723.63); 459(851.32); 460(297.38); 461(896.57); 462(834.87); 463(371.26); 464(77.42); 465(751.28); 466(877.23); 467(657.33); 468(476.41); 469(246.03); 470(413.57); 471(840.47); 472(105.98); 473(815.57); 474(729.25); 475(222.17); 476(183.27); 477(315.48); 478(883.39); 479(790.14); 480(828.25); 481(232.52); 482(474.7); 483(374.03); 484(632.56); 485(352.04); 486(596.18); 487(868.29); 488(323.17); 489(908.59); 490(807.22); 491(851.55); 492(388.5); 493(435.72); 494(765.19); 495(348.05); 496(787.84); 497(655.15); 498(863.64); 499(62.77),2
106,0(382.82); 1(184.35); 2(302.98); 3(226.01); 4(77.79); 5(259.19); 6(829.39); 7(565.98); 8(919.69); 9(352.91); 10(275.95); 11(53.65); 12(813.89); 13(826.11); 14(467.5); 15(38.75); 16(355.07); 17(897.57); 18(732.74); 19(477.98); 20(791.64); 21(237.43); 22(394.68); 23(546.8); 24(700.44); 25(322.0); 26(419.96); 27(870.88); 28(774.81); 29(123.27); 30(639.31); 31(927.24); 32(847.81); 33(114.17); 34(186.49); 35(276.04); 36(322.93); 37(81.56); 38(214.5); 39(255.15); 40(709.81); 41(619.3); 42(45.86); 43(527.72); 44(150.26); 45(926.69); 46(0.68); 47(643.36); 48(210.08); 49(821.5); 50(688.71); 51(527.65); 52(855.58); 53(808.05); 54(525.45); 55(14.35); 56(797.1); 57(110.65); 58(638.81); 59(583.09); 60(513.74); 61(26.94); 62(666.92); 63(515.06); 64(121.05); 65(995.76); 66(352.99); 67(788.29); 68(565.85); 69(578.79); 70(284.96); 71(648.29); 72(254.69); 73(148.23); 74(559.07); 75(669.26); 76(498.55); 77(855.74); 78(751.86); 79(782.39); 80(69.04); 81(376.12); 82(536.24); 83(614.0); 84(543.43); 85(811.78); 86(903.98); 87(804.7); 88(720.81); 89(77.05); 90(586.85); 91(492.09); 92(849.24); 93(414.07); 94(766.93); 95(168.89); 96(609.77); 97(689.41); 98(919.43); 99(397.59); 100(399.99); 101(643.71); 102(235.28); 103(792.08); 104(785.86); 105(679.7); 107(769.62); 108(319.62); 109(468.85); 110(497.23); 111(24.17); 112(687.39); 113(457.42); 114(843.21); 115(740.75); 116(468.04); 117(930.74); 118(196.18); 119(88.57); 120(327.7); 121(975.94); 122(778.85); 123(364.4); 124(163.49); 125(869.32); 126(353.56); 127(988.34); 128(411.06); 129(445.42); 130(881.52); 131(934.92); 132(803.95); 133(830.69); 134(549.41); 135(753.41); 136(807.95); 137(612.41); 138(718.14); 139(271.88); 140(494.13); 141(958.04); 142(977.19); 143(542.02); 144(615.65); 145(592.4); 146(607.62); 147(277.2); 148(954.59); 149(370.8); 150(550.08); 151(121.19); 152(536.56); 153(194.65); 154(567.96); 155(448.7); 156(746.73); 157(961.13); 158(690.84); 159(64.49); 160(755.78); 161(623.45); 162(708.55); 163(968.99); 164(40.91); 165(599.32); 166(339.16); 167(118.31); 168(324.98); 169(549.06); 170(87.94); 171(274.8); 172(614.0); 173(296.54); 174(196.78); 175(316.82); 176(724.27); 177(624.86); 178(408.38); 179(679.79); 180(927.97); 181(768.59); 182(456.6); 183(657.11); 184(418.3); 185(552.94); 186(799.94); 187(677.7); 188(126.45); 189(991.79); 190(274.45); 191(771.55); 192(209.32); 193(757.24); 194(320.79); 195(844.87); 196(761.39); 197(574.39); 198(804.13); 199(504.83); 200(98.06); 201(224.07); 202(129.25); 203(567.51); 204(890.54); 205(486.6); 206(306.49); 207(167.11); 208(751.83); 209(941.3); 210(775.04); 211(521.2); 212(934.09); 213(132.93); 214(184.18); 215(236.19); 216(442.09); 217(396.75); 218(680.22); 219(791.28); 220(36.96); 221(852.33); 222(287.09); 223(508.68); 224(386.55); 225(651.13); 226(866.36); 227(229.55); 228(838.15); 229(918.14); 230(247.03); 231(28.89); 232(278.48); 233(811.57); 234(638.09); 235(721.41); 236(777.96); 237(463.38); 238(15.66); 239(710.45); 240(485.43); 241(494.52); 242(906.15); 243(718.12); 244(954.3); 245(382.71); 246(333.7); 247(771.74); 248(52.82); 249(675.79); 250(35.93); 251(10.64); 252(894.19); 253(903.85); 254(586.29); 255(275.11); 256(730.64); 257(12.5); 258(852.0); 259(828.1); 260(551.94); 261(232.31); 262(720.47); 263(474.59); 264(960.43); 265(685.18); 266(969.23); 267(166.44); 268(43.05); 269(626.73); 270(142.99); 271(401.86); 272(577.92); 273(439.84); 274(700.05); 275(249.46); 276(639.01); 277(292.72); 278(272.76); 279(785.78); 280(704.17); 281(55.39); 282(59.71); 283(484.39); 284(718.71); 285(596.52); 286(842.88); 287(391.18); 288(865.73); 289(220.64); 290(955.02); 291(411.39); 292(7.18); 293(20.97); 294(575.11); 295(493.17); 296(924.85); 297(208.0); 298(168.57); 299(223.61); 300(147.55); 301(109.99); 302(127.78); 303(114.76); 304(614.88); 305(51.55); 306(622.87); 307(11.64); 308(563.77); 309(681.82); 310(583.89); 311(258.87); 312(288.02); 313(657.73); 314(621.15); 315(309.78); 316(425.43); 317(738.49); 318(431.14); 319(358.29); 320(506.9); 321(406.67); 322(642.87); 323(838.47); 324(183.72); 325(343.05); 326(785.79); 327(958.95); 328(327.1); 329(219.63); 330(946.61); 331(899.73); 332(783.62); 333(280.23); 334(44.24); 335(70.62); 336(410.76); 337(462.3); 338(777.31); 339(249.86); 340(167.02); 341(343.17); 342(383.53); 343(925.58); 344(287.37); 345(161.44); 346(352.26); 347(176.85); 348(65.23); 349(572.27); 350(356.48); 351(984.83); 352(499.76); 353(907.01); 354(515.76); 355(530.13); 356(288.82); 357(563.84); 358(153.22); 359(304.34); 360(249.54); 361(72.89); 362(241.98); 363(899.82); 364(934.62); 365(977.29); 366(827.27); 367(940.37); 368(984.39); 369(414.65); 370(782.62); 371(392.76); 372(302.17); 373(351.2); 374(199.48); 375(882.4); 376(648.62); 377(730.41); 378(968.67); 379(342.12); 380(492.67); 381(180.48); 382(442.29); 383(942.2); 384(141.58); 385(610.29); 386(277.98); 387(449.85); 388(742.72); 389(359.75); 390(767.89); 391(177.59); 392(618.16); 393(782.14); 394(172.31); 395(347.52); 396(682.72); 397(361.7); 398(70.87); 399(215.77); 400(578.68); 401(696.85); 402(589.47); 403(516.22); 404(314.51); 405(806.05); 406(800.07); 407(299.46); 408(930.08); 409(710.76); 410(424.08); 411(143.05); 412(470.65); 413(881.55); 414(90.7); 415(349.61); 416(82.34); 417(303.1); 418(927.9); 419(262.65); 420(57.94); 421(64.99); 422(575.82); 423(689.16); 424(626.53); 425(364.0); 426(830.96); 427(798.54); 428(549.17); 429(700.4); 430(837.05); 431(246.66); 432(728.37); 433(839.9); 434(424.57); 435(822.46); 436(85.49); 437(252.24); 438(453.71); 439(730.18); 440(128.64); 441(922.69); 442(114.54); 443(125.8); 444(635.95); 445(868.33); 446(669.44); 447(38.48); 448(781.45); 449(345.63); 450(836.08); 451(9.76); 452(635.09); 453(648.34); 454(3.21); 455(153.57); 456(808.09); 457(41.84); 458(773.72); 459(504.57); 460(317.87); 461(309.4); 462(90.13); 463(359.96); 464(934.76); 465(824.78); 466(314.26); 467(68.82); 468(962.8); 469(15.49); 470(653.75); 471(339.56); 472(458.1); 473(479.1); 474(229.67); 475(269.62); 476(57.81); 477(770.47); 478(33.29); 479(918.67); 480(622.61); 481(882.07); 482(919.14); 483(805.39); 484(496.02); 485(179.32); 486(439.39); 487(845.32); 488(691.63); 489(214.67); 490(768.55); 491(725.05); 492(763.56); 493(612.81); 494(867.5); 495(516.31); 496(969.72); 497(547.76); 498(100.99); 499(647.57),1
107,0(39.43); 1(675.55); 2(993.32); 3(993.85); 4(7.08); 5(80.39); 6(821.44); 7(837.16); 8(387.87); 9(496.18); 10(175.59); 11(749.73); 12(599.69); 13(898.89); 14(3.39); 15(432.71); 16(171.5); 17(197.17); 18(376.14); 19(66.56); 20(223.34); 21(459.62); 22(525.86); 23(684.63); 24(524.95); 25(649.08); 26(455.09); 27(808.58); 28(232.06); 29(4.02); 30(997.8); 31(235.05); 32(564.56); 33(503.55); 34(472.75); 35(78.3); 36(121.88); 37(650.24); 38(586.33); 39(498.62); 40(903.47); 41(124.0); 42(31.27); 43(959.75); 44(842.14); 45(337.19); 46(714.09); 47(793.66); 48(734.96); 49(790.44); 50(808.4); 51(152.44); 52(636.87); 53(410.28); 54(447.1); 55(482.87); 56(667.3); 57(667.84); 58(606.73); 59(19.76); 60(180.81); 61(90.55); 62(116.7); 63(803.75); 64(358.7); 65(144.99); 66(313.74); 67(84.34); 68(244.57); 69(386.44); 70(932.55); 71(949.82); 72(710.67); 73(397.45); 74(20.96); 75(868.61); 76(639.26); 77(40.29); 78(384.02); 79(993.64); 80(267.64); 81(740.77); 82(378.63); 83(417.94); 84(421.99); 85(829.86); 86(675.7); 87(443.37); 88(16.77); 89(368.35); 90(284.04); 91(229.92); 92(687.09); 93(283.44); 94(38.44); 95(251.34); 96(763.25); 97(364.95); 98(739.28); 99(342.37); 100(955.35); 101(757.41); 102(357.17); 103(737.26); 104(893.09); 105(635.67); 106(769.62); 108(445.91); 109(565.84); 110(12.51); 111(681.91); 112(426.07); 113(774.13); 114(926.32); 115(285.4); 116(415.25); 117(802.65); 118(680.74); 119(97.03); 120(243.24); 121(971.24); 122(155.86); 123(174.9); 124(801.68); 125(640.76); 126(752.97); 127(321.22); 128(118.54); 129(348.98); 130(103.01); 131(806.82); 132(203.4); 133(238.93); 134(29.04); 135(264.4); 136(423.5); 137(247.73); 138(758.01); 139(146.78); 140(636.17); 141(929.45); 142(461.71); 143(286.5); 144(847.71); 145(996.87); 146(921.96); 147(178.77); 148(838.1); 149(600.04); 150(708.62); 151(968.3); 152(41.42); 153(20.53); 154(731.84); 155(350.69); 156(340.56); 157(961.09); 158(761.53); 159(458.76); 160(274.51); 161(301.46); 162(732.72); 163(636.93); 164(415.77); 165(421.03); 166(773.94); 167(294.95); 168(806.3); 169(300.84); 170(226.44); 171(761.14); 172(883.14); 173(372.91); 174(389.04); 175(818.32); 176(361.97); 177(469.31); 178(559.3); 179(203.5); 180(878.25); 181(247.12); 182(948.58); 183(197.74); 184(127.72); 185(505.95); 186(553.05); 187(695.93); 188(633.17); 189(96.37); 190(156.37); 191(652.14); 192(964.48); 193(661.59); 194(286.1); 195(816.65); 196(978.29); 197(186.28); 198(672.77); 199(155.76); 200(930.23); 201(311.55); 202(558.04); 203(578.03); 204(291.87); 205(238.73); 206(32.43); 207(684.6); 208(261.99); 209(856.47); 210(439.41); 211(98.4); 212(942.92); 213(321.27); 214(315.83); 215(613.32); 216(632.49); 217(322.28); 218(950.5); 219(651.81); 220(273.59); 221(941.12); 222(223.15); 223(837.4); 224(758.32); 225(498.7); 226(270.64); 227(535.1); 228(930.45); 229(612.92); 230(154.99); 231(301.97); 232(60.64); 233(779.96); 234(89.25); 235(988.42); 236(845.85); 237(192.97); 238(983.63); 239(694.74); 240(259.04); 241(664.27); 242(133.69); 243(751.42); 244(797.07); 245(188.69); 246(854.17); 247(61.36); 248(181.7); 249(209.13); 250(275.16); 251(390.55); 252(681.67); 253(818.38); 254(47.74); 255(595.48); 256(260.18); 257(724.66); 258(82.03); 259(40.06); 260(381.31); 261(932.37); 262(670.88); 263(982.85); 264(188.7); 265(647.14); 266(703.36); 267(200.14); 268(139.81); 269(837.82); 270(741.64); 271(904.34); 272(143.1); 273(927.14); 274(706.93); 275(399.72); 276(540.56); 277(15.82); 278(240.79); 279(201.6); 280(369.22); 281(826.98); 282(710.53); 283(675.08); 284(348.24); 285(612.15); 286(186.1); 287(800.08); 288(459.73); 289(846.08); 290(544.96); 291(570.75); 292(194.04); 293(633.98); 294(927.72); 295(359.86); 296(606.14); 297(495.27); 298(3.82); 299(391.88); 300(743.74); 301(982.73); 302(254.55); 303(443.54); 304(930.75); 305(399.91); 306(694.13); 307(362.27); 308(860.32); 309(438.79); 310(226.56); 311(108.71); 312(483.86); 313(257.2); 314(500.42); 315(497.94); 316(114.44); 317(778.63); 318(218.62); 319(540.07); 320(303.72); 321(613.56); 322(581.69); 323(251.7); 324(123.07); 325(829.45); 326(399.41); 327(244.92); 328(489.59); 329(833.15); 330(159.32); 331(164.01); 332(39.07); 333(657.54); 334(518.39); 335(772.84); 336(827.87); 337(635.9); 338(711.48); 339(307.78); 340(901.66); 341(317.93); 342(969.0); 343(44.73); 344(41.15); 345(595.69); 346(537.13); 347(79.55); 348(811.08); 349(665.61); 350(179.56); 351(9.75); 352(181.26); 353(409.42); 354(38.29); 355(403.45); 356(62.49); 357(642.44); 358(238.82); 359(99.99); 360(611.32); 361(227.52); 362(397.37); 363(791.76); 364(1.91); 365(385.17); 366(127.71); 367(550.13); 368(356.01); 369(699.69); 370(368.1); 371(446.21); 372(752.41); 373(794.36); 374(777.3); 375(838.91); 376(554.01); 377(741.99); 378(406.39); 379(566.9); 380(410.19); 381(214.85); 382(826.4); 383(985.91); 384(429.06); 385(986.19); 386(420.15); 387(505.31); 388(210.26); 389(904.33); 390(262.9); 391(735.73); 392(264.97); 393(327.12); 394(502.37); 395(263.04); 396(864.65); 397(166.99); 398(839.81); 399(134.33); 400(578.01); 401(541.54); 402(671.83); 403(245.04); 404(822.57); 405(91.56); 406(420.79); 407(89.13); 408(979.05); 409(905.9); 410(130.03); 411(900.94); 412(475.95); 413(977.86); 414(564.31); 415(620.03); 416(367.84); 417(682.58); 418(898.07); 419(991.63); 420(820.81); 421(390.57); 422(352.27); 423(196.59); 424(676.42); 425(466.59); 426(257.44); 427(625.98); 428(801.68); 429(626.85); 430(460.18); 431(806.06); 432(94.87); 433(542.19); 434(489.43); 435(450.52); 436(36.8); 437(366.65); 438(133.17); 439(594.98); 440(905.29); 441(422.21); 442(549.39); 443(505.46); 444(486.74); 445(166.76); 446(448.34); 447(297.68); 448(265.79); 449(590.45); 450(83.64); 451(205.39); 452(157.81); 453(606.41); 454(380.18); 455(636.32); 456(639.46); 457(922.25); 458(324.45); 459(337.07); 460(334.95); 461(327.87); 462(239.2); 463(42.98); 464(305.5); 465(869.27); 466(884.97); 467(95.88); 468(600.41); 469(961.25); 470(953.59); 471(60.22); 472(378.53); 473(169.24); 474(882.03); 475(423.5); 476(359.06); 477(850.24); 478(881.15); 479(410.85); 480(801.77); 481(110.65); 482(131.81); 483(685.54); 484(711.71); 485(69.13); 486(333.55); 487(60.9); 488(312.44); 489(325.13); 490(516.47); 491(906.75); 492(6.23); 493(92.93); 494(152.46); 495(257.94); 496(681.1); 497(266.68); 498(629.15); 499(538.23),1
108,0(477.28); 1(866.93); 2(993.32); 3(600.76); 4(350.75); 5(745.01); 6(198.51); 7(508.17); 8(400.42); 9(778.71); 10(60.81); 11(496.59); 12(572.29); 13(697.77); 14(774.47); 15(977.64); 16(332.26); 17(941.78); 18(29.66); 19(126.34); 20(697.72); 21(850.16); 22(971.6); 23(184.5); 24(397.38); 25(42.4); 26(290.98); 27(831.92); 28(311.72); 29(305.21); 30(972.1); 31(346.77); 32(830.32); 33(311.4); 34(110.22); 35(202.38); 36(969.23); 37(810.65); 38(653.85); 39(471.62); 40(234.66); 41(802.21); 42(161.71); 43(248.07); 44(768.85); 45(216.5); 46(518.16); 47(372.87); 48(375.29); 49(23.27); 50(128.37); 51(418.2); 52(70.83); 53(721.68); 54(691.99); 55(649.55); 56(834.92); 57(240.8); 58(614.55); 59(691.51); 60(517.48); 61(302.69); 62(433.08); 63(769.59); 64(406.71); 65(843.99); 66(246.83); 67(904.54); 68(115.32); 69(695.32); 70(489.63); 71(607.05); 72(429.84); 73(256.25); 74(610.92); 75(750.28); 76(549.0); 77(571.47); 78(112.56); 79(819.88); 80(452.19); 81(365.99); 82(822.61); 83(221.96); 84(716.92); 85(378.9); 86(31.66); 87(542.72); 88(169.26); 89(997.23); 90(304.52); 91(53.87); 92(919.72); 93(531.45); 94(675.64); 95(765.36); 96(466.6); 97(649.01); 98(692.8); 99(147.62); 100(592.78); 101(470.24); 102(917.99); 103(400.37); 104(223.17); 105(895.97); 106(319.62); 107(445.91); 109(531.68); 110(631.44); 111(393.65); 112(500.67); 113(356.21); 114(344.97); 115(54.27); 116(944.25); 117(517.25); 118(419.52); 119(508.23); 120(602.01); 121(443.78); 122(289.09); 123(446.41); 124(200.52); 125(561.84); 126(175.53); 127(481.48); 128(31.0); 129(53.67); 130(162.91); 131(204.26); 132(28.89); 133(371.8); 134(877.75); 135(921.98); 136(788.42); 137(775.55); 138(506.49); 139(794.97); 140(934.78); 141(929.83); 142(179.15); 143(21.78); 144(383.95); 145(629.42); 146(48.22); 147(825.32); 148(995.17); 149(731.05); 150(313.85); 151(509.8); 152(930.54); 153(729.26); 154(651.86); 155(630.71); 156(590.87); 157(392.1); 158(879.74); 159(631.48); 160(503.63); 161(871.84); 162(263.99); 163(178.0); 164(289.11); 165(185.16); 166(168.95); 167(428.91); 168(573.21); 169(347.0); 170(723.98); 171(30.36); 172(296.46); 173(607.79); 174(769.22); 175(158.77); 176(906.4); 177(352.49); 178(473.01); 179(933.98); 180(972.01); 181(219.52); 182(916.56); 183(605.03); 184(461.62); 185(286.97); 186(391.78); 187(387.81); 188(978.28); 189(686.28); 190(189.01); 191(338.82); 192(523.3); 193(263.57); 194(598.38); 195(653.17); 196(564.01); 197(779.15); 198(47.45); 199(398.44); 200(564.91); 201(972.12); 202(884.24); 203(83.89); 204(153.94); 205(511.03); 206(400.86); 207(499.99); 208(70.4); 209(742.89); 210(128.59); 211(876.2); 212(877.9); 213(943.66); 214(703.42); 215(792.72); 216(37.21); 217(26.49); 218(310.62); 219(231.59); 220(368.79); 221(760.53); 222(441.6); 223(808.64); 224(349.98); 225(246.15); 226(672.49); 227(626.05); 228(873.86); 229(235.95); 230(135.45); 231(255.24); 232(967.29); 233(638.37); 234(904.75); 235(146.14); 236(391.91); 237(962.16); 238(766.6); 239(62.88); 240(210.52); 241(885.12); 242(216.94); 243(986.04); 244(451.77); 245(523.09); 246(340.69); 247(684.0); 248(453.53); 249(681.51); 250(882.6); 251(355.55); 252(83.04); 253(49.07); 254(884.52); 255(44.44); 256(269.41); 257(256.05); 258(146.6); 259(671.74); 260(479.27); 261(42.47); 262(645.49); 263(297.25); 264(145.6); 265(869.43); 266(214.06); 267(678.54); 268(885.26); 269(252.04); 270(930.64); 271(603.86); 272(455.22); 273(849.14); 274(380.23); 275(719.99); 276(158.5); 277(51.91); 278(476.4); 279(710.81); 280(274.22); 281(272.13); 282(424.33); 283(229.87); 284(331.81); 285(662.11); 286(528.03); 287(142.81); 288(167.48); 289(331.02); 290(422.67); 291(274.28); 292(3.54); 293(760.04); 294(108.78); 295(281.72); 296(139.38); 297(465.91); 298(196.57); 299(937.85); 300(749.71); 301(406.12); 302(578.0); 303(894.75); 304(555.07); 305(37.35); 306(143.25); 307(829.17); 308(272.02); 309(668.53); 310(356.07); 311(957.79); 312(662.83); 313(640.58); 314(302.47); 315(508.05); 316(323.79); 317(930.63); 318(5.19); 319(458.91); 320(401.91); 321(897.63); 322(525.81); 323(216.14); 324(458.37); 325(791.89); 326(18.99); 327(916.61); 328(724.74); 329(429.02); 330(239.63); 331(881.38); 332(165.37); 333(611.36); 334(38.94); 335(683.63); 336(66.03); 337(266.28); 338(32.76); 339(367.43); 340(55.29); 341(320.0); 342(181.75); 343(752.36); 344(203.07); 345(64.9); 346(797.18); 347(631.84); 348(192.65); 349(831.71); 350(399.74); 351(298.33); 352(412.62); 353(304.41); 354(471.25); 355(779.27); 356(78.49); 357(178.68); 358(114.15); 359(955.28); 360(361.57); 361(825.02); 362(975.87); 363(310.97); 364(225.19); 365(273.53); 366(549.03); 367(69.83); 368(748.84); 369(533.87); 370(596.41); 371(553.14); 372(471.65); 373(860.87); 374(427.07); 375(170.04); 376(410.21); 377(259.92); 378(174.65); 379(166.84); 380(136.46); 381(251.1); 382(576.65); 383(683.08); 384(865.47); 385(17.29); 386(460.91); 387(453.92); 388(38.58); 389(730.74); 390(363.49); 391(811.68); 392(128.37); 393(604.93); 394(212.24); 395(923.6); 396(143.2); 397(829.13); 398(613.33); 399(611.55); 400(592.31); 401(56.52); 402(450.88); 403(646.42); 404(293.37); 405(522.72); 406(771.8); 407(871.11); 408(480.68); 409(235.74); 410(950.57); 411(885.0); 412(134.08); 413(881.68); 414(178.43); 415(842.07); 416(265.2); 417(583.51); 418(841.29); 419(487.5); 420(381.87); 421(258.91); 422(10.39); 423(593.28); 424(276.94); 425(217.46); 426(629.51); 427(263.61); 428(210.33); 429(665.84); 430(74.77); 431(452.77); 432(538.82); 433(294.37); 434(288.29); 435(923.14); 436(349.52); 437(18.5); 438(950.37); 439(726.62); 440(790.1); 441(155.97); 442(354.43); 443(403.37); 444(450.62); 445(143.55); 446(875.32); 447(418.85); 448(150.29); 449(444.68); 450(756.76); 451(108.25); 452(155.48); 453(681.43); 454(921.01); 455(975.42); 456(878.54); 457(233.2); 458(953.58); 459(687.99); 460(861.14); 461(593.06); 462(205.93); 463(494.9); 464(330.27); 465(570.44); 466(879.06); 467(603.7); 468(697.35); 469(265.9); 470(0.8); 471(635.45); 472(452.13); 473(914.66); 474(422.57); 475(266.14); 476(17.9); 477(342.72); 478(579.74); 479(937.53); 480(321.74); 481(45.56); 482(518.21); 483(422.89); 484(805.87); 485(682.99); 486(787.34); 487(9.99); 488(847.22); 489(845.63); 490(660.02); 491(528.87); 492(9.27); 493(57.3); 494(885.6); 495(378.22); 496(230.77); 497(447.65); 498(189.05); 499(829.49),1
109,0(569.39); 1(981.71); 2(388.68); 3(851.0); 4(185.16); 5(783.95); 6(882.1); 7(878.08); 8(859.88); 9(770.82); 10(764.42); 11(28.92); 12(500.19); 13(130.64); 14(813.22); 15(461.9); 16(610.21); 17(815.4); 18(531.35); 19(263.07); 20(161.24); 21(358.26); 22(20.73); 23(959.37); 24(590.39); 25(860.03); 26(872.9); 27(500.66); 28(818.92); 29(225.16); 30(364.28); 31(347.93); 32(770.08); 33(919.24); 34(766.94); 35(640.08); 36(475.19); 37(572.69); 38(865.48); 39(519.01); 40(13.91); 41(146.94); 42(947.62); 43(569.4); 44(808.26); 45(281.02); 46(705.46); 47(95.84); 48(715.49); 49(312.67); 50(722.55); 51(557.5); 52(53.02); 53(281.93); 54(819.33); 55(958.4); 56(723.26); 57(118.27); 58(331.13); 59(478.15); 60(501.67); 61(446.39); 62(94.66); 63(98.48); 64(96.71); 65(912.24); 66(263.8); 67(324.64); 68(640.37); 69(733.95); 70(705.11); 71(460.5); 72(338.29); 73(737.87); 74(51.57); 75(353.35); 76(544.5); 77(54.04); 78(731.04); 79(319.27); 80(869.39); 81(117.56); 82(485.29); 83(577.56); 84(724.01); 85(271.7); 86(288.95); 87(344.5); 88(81.66); 89(873.75); 90(470.01); 91(626.31); 92(608.87); 93(607.47); 94(677.31); 95(29.07); 96(744.93); 97(87.41); 98(266.03); 99(270.76); 100(549.89); 101(19.22); 102(340.86); 103(165.76); 104(118.83); 105(783.25); 106(468.85); 107(565.84); 108(531.68); 110(875.81); 111(170.1); 112(237.95); 113(965.13); 114(311.65); 115(54.41); 116(269.62); 117(595.65); 118(859.93); 119(669.67); 120(267.34); 121(799.07); 122(323.55); 123(730.91); 124(862.97); 125(552.92); 126(20.69); 127(467.72); 128(887.03); 129(641.54); 130(906.73); 131(505.62); 132(932.38); 133(577.66); 134(18.01); 135(995.82); 136(847.64); 137(922.8); 138(2.77); 139(978.13); 140(18.99); 141(567.21); 142(482.73); 143(859.18); 144(695.08); 145(573.44); 146(206.8); 147(454.27); 148(329.42); 149(557.09); 150(318.44); 151(507.95); 152(936.0); 153(778.91); 154(442.85); 155(999.68); 156(105.36); 157(106.28); 158(224.79); 159(170.56); 160(955.12); 161(919.22); 162(548.99); 163(152.14); 164(969.17); 165(964.44); 166(316.09); 167(881.45); 168(498.93); 169(137.93); 170(214.4); 171(403.79); 172(690.05); 173(706.37); 174(381.15); 175(258.08); 176(626.44); 177(357.4); 178(571.38); 179(673.31); 180(950.37); 181(78.91); 182(254.6); 183(113.64); 184(286.23); 185(716.68); 186(709.4); 187(694.81); 188(565.72); 189(526.58); 190(138.33); 191(367.78); 192(756.97); 193(753.85); 194(240.87); 195(551.67); 196(431.58); 197(843.63); 198(80.12); 199(517.14); 200(770.44); 201(560.92); 202(812.96); 203(826.95); 204(605.1); 205(926.49); 206(260.04); 207(803.55); 208(424.92); 209(976.58); 210(277.65); 211(439.57); 212(178.02); 213(270.46); 214(789.84); 215(227.47); 216(397.43); 217(715.97); 218(630.16); 219(929.43); 220(747.39); 221(322.56); 222(54.72); 223(787.06); 224(950.74); 225(29.69); 226(959.15); 227(775.73); 228(647.77); 229(170.87); 230(359.82); 231(408.81); 232(664.41); 233(403.86); 234(876.96); 235(518.98); 236(833.74); 237(97.43); 238(840.64); 239(362.07); 240(602.58); 241(428.72); 242(58.54); 243(677.52); 244(784.11); 245(725.67); 246(472.19); 247(787.96); 248(519.67); 249(772.66); 250(778.99); 251(252.32); 252(913.87); 253(641.68); 254(250.84); 255(613.81); 256(445.55); 257(965.65); 258(244.32); 259(19.99); 260(654.05); 261(295.06); 262(556.56); 263(809.18); 264(925.19); 265(219.93); 266(818.45); 267(707.37); 268(997.76); 269(190.46); 270(828.7); 271(344.76); 272(767.89); 273(166.77); 274(388.05); 275(407.55); 276(925.13); 277(216.23); 278(613.58); 279(482.0); 280(455.36); 281(553.12); 282(875.68); 283(193.79); 284(192.88); 285(965.65); 286(719.6); 287(973.48); 288(768.25); 289(813.73); 290(45.82); 291(982.71); 292(910.07); 293(269.96); 294(49.68); 295(993.85); 296(879.98); 297(855.04); 298(112.6); 299(494.01); 300(581.3); 301(822.3); 302(376.64); 303(827.17); 304(789.98); 305(649.24); 306(835.04); 307(308.98); 308(707.68); 309(144.83); 310(802.86); 311(351.88); 312(25.97); 313(872.78); 314(35.77); 315(211.11); 316(45.23); 317(256.61); 318(263.49); 319(807.25); 320(801.38); 321(973.96); 322(270.14); 323(344.16); 324(978.38); 325(866.16); 326(722.91); 327(44.26); 328(27.83); 329(942.07); 330(837.17); 331(253.58); 332(498.92); 333(219.19); 334(691.88); 335(46.08); 336(476.17); 337(572.36); 338(291.18); 339(506.48); 340(919.96); 341(671.51); 342(305.08); 343(991.67); 344(136.92); 345(486.82); 346(776.65); 347(571.09); 348(639.4); 349(538.09); 350(563.24); 351(418.13); 352(359.54); 353(782.92); 354(331.77); 355(753.93); 356(848.22); 357(511.59); 358(603.04); 359(487.8); 360(562.84); 361(856.47); 362(937.54); 363(201.8); 364(317.02); 365(108.91); 366(514.86); 367(449.35); 368(682.58); 369(268.45); 370(947.39); 371(900.34); 372(41.81); 373(500.22); 374(227.28); 375(254.61); 376(985.33); 377(727.55); 378(779.15); 379(705.34); 380(559.5); 381(755.91); 382(777.23); 383(994.95); 384(823.8); 385(996.03); 386(717.91); 387(827.49); 388(752.07); 389(341.55); 390(122.64); 391(412.45); 392(103.92); 393(609.88); 394(323.59); 395(508.26); 396(896.8); 397(53.96); 398(452.17); 399(996.7); 400(63.49); 401(291.35); 402(919.43); 403(826.89); 404(430.21); 405(539.8); 406(208.29); 407(527.37); 408(962.47); 409(325.57); 410(158.52); 411(376.81); 412(936.58); 413(757.37); 414(818.69); 415(440.45); 416(877.14); 417(577.36); 418(815.8); 419(990.97); 420(432.23); 421(858.06); 422(558.53); 423(86.73); 424(900.67); 425(79.5); 426(848.69); 427(732.9); 428(425.62); 429(554.36); 430(195.79); 431(768.21); 432(352.34); 433(674.17); 434(147.6); 435(498.24); 436(84.14); 437(933.92); 438(332.24); 439(195.25); 440(306.23); 441(989.78); 442(588.37); 443(817.9); 444(616.59); 445(911.53); 446(709.72); 447(358.03); 448(365.27); 449(571.01); 450(164.93); 451(366.54); 452(563.94); 453(175.28); 454(969.14); 455(667.05); 456(859.86); 457(891.34); 458(561.28); 459(12.79); 460(213.56); 461(294.62); 462(910.54); 463(200.66); 464(637.65); 465(839.94); 466(454.0); 467(282.06); 468(144.83); 469(545.03); 470(504.97); 471(637.65); 472(741.58); 473(647.74); 474(416.64); 475(818.9); 476(220.85); 477(62.67); 478(282.89); 479(224.45); 480(332.47); 481(106.73); 482(980.19); 483(642.78); 484(970.09); 485(457.63); 486(413.5); 487(868.24); 488(801.84); 489(398.76); 490(709.84); 491(815.11); 492(980.6); 493(735.67); 494(750.08); 495(619.15); 496(338.74); 497(355.5); 498(893.16); 499(968.79),2
110,0(846.68); 1(395.62); 2(729.21); 3(588.79); 4(508.89); 5(605.99); 6(38.28); 7(982.87); 8(311.72); 9(50.78); 10(61.97); 11(997.37); 12(316.27); 13(949.17); 14(721.55); 15(777.88); 16(799.01); 17(664.93); 18(304.88); 19(409.97); 20(458.69); 21(938.33); 22(793.44); 23(637.26); 24(559.27); 25(629.72); 26(757.87); 27(433.86); 28(775.47); 29(913.46); 30(52.75); 31(822.02); 32(658.72); 33(406.9); 34(986.06); 35(721.72); 36(448.86); 37(946.52); 38(396.14); 39(239.78); 40(594.54); 41(80.05); 42(536.51); 43(165.75); 44(2.93); 45(470.61); 46(122.64); 47(900.23); 48(335.76); 49(347.34); 50(375.76); 51(364.11); 52(752.47); 53(597.66); 54(132.9); 55(842.74); 56(320.32); 57(668.41); 58(78.27); 59(240.45); 60(793.37); 61(581.71); 62(645.02); 63(667.07); 64(187.14); 65(811.61); 66(689.89); 67(539.88); 68(763.45); 69(830.22); 70(25.79); 71(720.25); 72(662.93); 73(197.91); 74(373.99); 75(40.49); 76(344.59); 77(647.81); 78(764.2); 79(76.69); 80(477.54); 81(743.48); 82(292.6); 83(309.36); 84(84.13); 85(982.46); 86(919.05); 87(775.45); 88(561.41); 89(534.27); 90(977.1); 91(996.01); 92(760.32); 93(54.6); 94(950.78); 95(358.29); 96(664.95); 97(429.27); 98(944.62); 99(456.39); 100(230.84); 101(983.88); 102(695.06); 103(118.34); 104(285.12); 105(396.09); 106(497.23); 107(12.51); 108(631.44); 109(875.81); 111(479.3); 112(107.78); 113(620.91); 114(994.12); 115(540.33); 116(688.29); 117(109.82); 118(252.21); 119(624.54); 120(722.14); 121(68.9); 122(906.52); 123(439.34); 124(63.77); 125(207.08); 126(56.86); 127(735.22); 128(0.79); 129(669.1); 130(653.44); 131(820.57); 132(107.68); 133(880.31); 134(543.78); 135(136.9); 136(18.21); 137(567.4); 138(223.59); 139(654.78); 140(494.93); 141(397.43); 142(904.86); 143(892.6); 144(576.8); 145(54.65); 146(218.92); 147(976.87); 148(350.31); 149(575.82); 150(651.06); 151(774.94); 152(205.01); 153(577.63); 154(598.28); 155(605.91); 156(158.23); 157(687.22); 158(82.24); 159(614.24); 160(695.38); 161(462.02); 162(855.3); 163(513.44); 164(872.49); 165(663.9); 166(530.96); 167(945.01); 168(928.87); 169(896.22); 170(78.18); 171(408.04); 172(751.45); 173(685.79); 174(320.33); 175(669.18); 176(200.84); 177(836.94); 178(498.01); 179(530.11); 180(744.67); 181(532.91); 182(522.4); 183(369.42); 184(486.19); 185(680.81); 186(22.74); 187(995.71); 188(888.75); 189(737.56); 190(122.02); 191(240.69); 192(336.37); 193(859.98); 194(314.92); 195(457.64); 196(242.75); 197(597.29); 198(100.58); 199(244.05); 200(835.33); 201(26.81); 202(372.32); 203(125.88); 204(115.06); 205(124.46); 206(764.6); 207(565.53); 208(610.45); 209(18.05); 210(990.35); 211(708.12); 212(569.86); 213(374.01); 214(405.49); 215(781.2); 216(496.92); 217(375.41); 218(967.08); 219(977.79); 220(88.11); 221(214.23); 222(642.21); 223(294.31); 224(681.02); 225(290.03); 226(239.28); 227(108.53); 228(954.63); 229(20.34); 230(2.37); 231(870.57); 232(353.35); 233(21.45); 234(3.35); 235(551.03); 236(120.99); 237(449.74); 238(511.69); 239(145.97); 240(362.71); 241(506.33); 242(400.99); 243(547.19); 244(235.67); 245(659.5); 246(63.11); 247(616.54); 248(44.58); 249(505.41); 250(194.67); 251(230.39); 252(995.76); 253(729.17); 254(570.61); 255(960.5); 256(918.7); 257(777.57); 258(58.77); 259(56.11); 260(571.38); 261(656.45); 262(64.62); 263(768.78); 264(456.71); 265(784.96); 266(293.38); 267(329.93); 268(149.89); 269(941.63); 270(910.2); 271(107.99); 272(831.66); 273(553.61); 274(761.72); 275(861.66); 276(346.22); 277(151.86); 278(239.55); 279(110.0); 280(635.0); 281(849.26); 282(312.79); 283(790.68); 284(768.25); 285(121.74); 286(801.47); 287(740.66); 288(779.08); 289(208.22); 290(652.72); 291(302.68); 292(40.97); 293(507.94); 294(209.47); 295(9.57); 296(939.2); 297(617.32); 298(631.96); 299(746.36); 300(120.72); 301(308.94); 302(20.16); 303(81.01); 304(230.33); 305(750.87); 306(846.58); 307(102.15); 308(805.65); 309(34.72); 310(240.96); 311(5.34); 312(461.99); 313(342.15); 314(103.62); 315(427.26); 316(796.67); 317(222.52); 318(348.36); 319(260.54); 320(955.46); 321(346.59); 322(567.59); 323(274.58); 324(964.76); 325(156.24); 326(731.1); 327(967.66); 328(231.74); 329(199.66); 330(565.71); 331(237.99); 332(638.55); 333(505.15); 334(921.34); 335(938.58); 336(606.25); 337(918.43); 338(933.92); 339(993.83); 340(984.14); 341(71.71); 342(490.41); 343(329.48); 344(562.96); 345(103.35); 346(733.43); 347(7.71); 348(404.49); 349(391.07); 350(39.03); 351(791.45); 352(636.82); 353(427.15); 354(45.42); 355(909.93); 356(632.46); 357(515.53); 358(991.37); 359(68.93); 360(412.52); 361(478.47); 362(111.87); 363(614.48); 364(91.06); 365(81.45); 366(815.59); 367(699.62); 368(156.2); 369(85.88); 370(123.45); 371(535.77); 372(82.98); 373(287.66); 374(264.39); 375(727.79); 376(543.38); 377(637.55); 378(355.41); 379(398.67); 380(614.01); 381(720.37); 382(659.51); 383(637.08); 384(134.29); 385(593.02); 386(995.52); 387(416.41); 388(593.8); 389(848.64); 390(698.66); 391(536.19); 392(922.54); 393(909.25); 394(982.02); 395(894.09); 396(41.9); 397(875.14); 398(204.44); 399(422.29); 400(598.98); 401(398.03); 402(850.96); 403(545.81); 404(213.64); 405(852.28); 406(590.05); 407(751.6); 408(505.73); 409(491.57); 410(596.32); 411(520.69); 412(398.27); 413(473.87); 414(955.61); 415(969.89); 416(963.16); 417(933.23); 418(485.17); 419(776.5); 420(896.35); 421(37.31); 422(504.43); 423(438.22); 424(157.48); 425(701.52); 426(130.11); 427(541.71); 428(737.1); 429(393.93); 430(367.0); 431(679.34); 432(837.72); 433(125.74); 434(268.6); 435(220.55); 436(748.38); 437(336.53); 438(0.09); 439(30.09); 440(833.06); 441(65.71); 442(19.54); 443(278.38); 444(886.86); 445(312.21); 446(628.94); 447(640.9); 448(244.17); 449(231.68); 450(904.13); 451(853.46); 452(518.86); 453(713.15); 454(752.91); 455(809.44); 456(149.31); 457(440.64); 458(446.33); 459(470.15); 460(549.58); 461(621.07); 462(371.69); 463(273.33); 464(899.49); 465(774.44); 466(738.61); 467(985.67); 468(804.61); 469(29.32); 470(195.28); 471(592.49); 472(72.8); 473(284.91); 474(21.39); 475(511.96); 476(355.11); 477(285.39); 478(706.9); 479(958.84); 480(513.8); 481(248.53); 482(436.52); 483(963.22); 484(499.57); 485(701.71); 486(698.94); 487(825.54); 488(676.11); 489(227.15); 490(921.51); 491(429.72); 492(853.03); 493(247.51); 494(623.93); 495(76.75); 496(617.72); 497(340.08); 498(754.78); 499(699.61),1
111,0(434.62); 1(804.51); 2(898.12); 3(482.44); 4(319.56); 5(824.88); 6(215.89); 7(511.31); 8(4.33); 9(356.77); 10(57.9); 11(891.62); 12(604.92); 13(454.97); 14(106.52); 15(38.79); 16(590.75); 17(775.41); 18(429.38); 19(659.46); 20(129.23); 21(924.99); 22(318.34); 23(136.58); 24(691.52); 25(292.58); 26(599.92); 27(647.94); 28(432.99); 29(718.43); 30(89.73); 31(128.79); 32(614.3); 33(506.92); 34(922.09); 35(218.0); 36(816.69); 37(335.37); 38(712.67); 39(732.82); 40(800.06); 41(447.82); 42(902.55); 43(970.06); 44(699.01); 45(67.58); 46(211.27); 47(813.03); 48(188.48); 49(600.96); 50(297.81); 51(526.84); 52(874.16); 53(455.97); 54(415.39); 55(935.58); 56(200.09); 57(711.83); 58(101.95); 59(552.76); 60(388.78); 61(580.89); 62(958.66); 63(740.52); 64(417.86); 65(898.66); 66(402.38); 67(34.06); 68(270.23); 69(58.89); 70(565.53); 71(214.0); 72(918.02); 73(184.37); 74(228.73); 75(256.92); 76(627.13); 77(640.02); 78(76.16); 79(873.43); 80(581.34); 81(23.46); 82(739.45); 83(386.02); 84(398.7); 85(888.6); 86(576.39); 87(72.05); 88(177.3); 89(279.87); 90(504.29); 91(881.83); 92(90.4); 93(608.41); 94(470.04); 95(362.43); 96(238.17); 97(199.67); 98(984.67); 99(892.74); 100(464.59); 101(979.17); 102(992.71); 103(540.93); 104(749.46); 105(8.66); 106(24.17); 107(681.91); 108(393.65); 109(170.1); 110(479.3); 112(647.96); 113(15.68); 114(910.16); 115(214.72); 116(410.3); 117(589.93); 118(804.49); 119(247.35); 120(106.4); 121(594.74); 122(61.83); 123(412.16); 124(737.64); 125(945.53); 126(255.77); 127(702.9); 128(726.04); 129(531.66); 130(889.89); 131(249.68); 132(796.8); 133(140.48); 134(938.91); 135(293.01); 136(839.96); 137(904.21); 138(218.08); 139(966.49); 140(189.39); 141(0.39); 142(931.31); 143(954.58); 144(523.16); 145(37.62); 146(480.84); 147(144.5); 148(996.01); 149(377.55); 150(742.82); 151(23.75); 152(411.52); 153(618.96); 154(212.96); 155(850.77); 156(375.15); 157(706.96); 158(786.7); 159(471.59); 160(442.84); 161(735.05); 162(846.3); 163(728.49); 164(508.86); 165(392.98); 166(685.69); 167(106.51); 168(102.14); 169(964.07); 170(411.8); 171(977.31); 172(576.24); 173(701.72); 174(263.52); 175(644.19); 176(194.87); 177(235.52); 178(144.09); 179(995.32); 180(833.1); 181(732.76); 182(116.21); 183(162.85); 184(525.37); 185(629.59); 186(607.22); 187(497.97); 188(977.31); 189(401.08); 190(88.74); 191(681.14); 192(450.5); 193(214.08); 194(115.36); 195(173.41); 196(304.21); 197(360.34); 198(340.87); 199(860.8); 200(852.28); 201(225.94); 202(500.04); 203(576.8); 204(104.47); 205(763.22); 206(635.41); 207(145.58); 208(2.6); 209(285.0); 210(989.32); 211(955.09); 212(695.66); 213(979.55); 214(956.26); 215(386.9); 216(901.47); 217(313.33); 218(809.69); 219(826.56); 220(162.97); 221(620.85); 222(493.96); 223(745.32); 224(391.51); 225(617.67); 226(55.67); 227(48.22); 228(602.47); 229(674.91); 230(938.92); 231(393.39); 232(66.75); 233(939.74); 234(479.08); 235(212.81); 236(9.66); 237(264.96); 238(533.61); 239(634.96); 240(452.22); 241(423.97); 242(134.85); 243(690.39); 244(326.7); 245(275.84); 246(475.96); 247(563.14); 248(913.39); 249(438.6); 250(595.04); 251(179.23); 252(281.67); 253(569.03); 254(517.97); 255(996.15); 256(129.63); 257(287.74); 258(127.23); 259(841.66); 260(993.99); 261(755.99); 262(326.72); 263(551.03); 264(874.9); 265(763.33); 266(921.89); 267(721.22); 268(312.93); 269(901.87); 270(713.14); 271(192.61); 272(551.63); 273(109.51); 274(664.38); 275(127.67); 276(240.42); 277(120.74); 278(713.55); 279(340.63); 280(968.4); 281(567.86); 282(50.23); 283(358.28); 284(363.19); 285(996.86); 286(318.65); 287(433.37); 288(257.89); 289(526.75); 290(651.67); 291(873.61); 292(444.18); 293(758.41); 294(854.93); 295(485.66); 296(879.8); 297(647.81); 298(501.09); 299(693.01); 300(795.52); 301(728.11); 302(690.31); 303(861.54); 304(654.09); 305(656.29); 306(571.94); 307(569.24); 308(29.45); 309(655.87); 310(301.01); 311(395.99); 312(698.47); 313(304.36); 314(366.37); 315(787.74); 316(161.54); 317(772.38); 318(711.97); 319(254.57); 320(961.36); 321(274.52); 322(81.77); 323(53.23); 324(900.73); 325(40.37); 326(981.96); 327(820.39); 328(617.39); 329(172.16); 330(155.47); 331(182.61); 332(950.58); 333(603.93); 334(522.07); 335(163.25); 336(824.35); 337(925.62); 338(756.54); 339(117.8); 340(355.39); 341(913.78); 342(201.96); 343(386.94); 344(683.36); 345(467.55); 346(835.76); 347(128.74); 348(756.94); 349(66.45); 350(294.96); 351(481.36); 352(18.05); 353(567.27); 354(756.04); 355(469.76); 356(436.24); 357(200.31); 358(960.42); 359(802.51); 360(352.71); 361(587.5); 362(656.11); 363(126.32); 364(643.42); 365(749.35); 366(423.87); 367(45.29); 368(314.18); 369(195.63); 370(748.68); 371(700.93); 372(688.18); 373(64.89); 374(119.82); 375(321.85); 376(849.16); 377(671.82); 378(935.83); 379(535.62); 380(266.69); 381(331.24); 382(785.38); 383(405.63); 384(6.04); 385(690.49); 386(499.0); 387(773.28); 388(203.47); 389(967.72); 390(1.82); 391(59.25); 392(27.51); 393(509.32); 394(272.94); 395(594.33); 396(177.4); 397(807.26); 398(668.68); 399(772.23); 400(888.13); 401(963.05); 402(714.95); 403(300.4); 404(961.18); 405(752.84); 406(335.32); 407(102.47); 408(301.29); 409(356.4); 410(582.85); 411(332.36); 412(209.32); 413(398.41); 414(781.79); 415(659.13); 416(626.29); 417(533.18); 418(836.44); 419(445.76); 420(155.66); 421(226.61); 422(752.49); 423(911.44); 424(615.57); 425(81.4); 426(917.96); 427(650.24); 428(569.7); 429(422.25); 430(883.22); 431(192.98); 432(517.58); 433(825.24); 434(535.0); 435(185.4); 436(833.0); 437(869.45); 438(8.14); 439(48.64); 440(267.77); 441(244.71); 442(370.99); 443(720.66); 444(381.54); 445(709.55); 446(909.71); 447(593.96); 448(50.79); 449(717.8); 450(399.25); 451(232.43); 452(235.83); 453(779.82); 454(372.26); 455(388.05); 456(63.62); 457(558.81); 458(92.17); 459(548.17); 460(631.09); 461(380.57); 462(984.4); 463(852.47); 464(613.81); 465(743.58); 466(754.55); 467(385.97); 468(494.43); 469(313.84); 470(46.45); 471(168.58); 472(624.49); 473(660.3); 474(985.67); 475(332.86); 476(224.89); 477(589.22); 478(455.24); 479(134.48); 480(927.95); 481(795.63); 482(539.22); 483(431.45); 484(268.71); 485(683.49); 486(629.75); 487(952.47); 488(292.66); 489(131.28); 490(219.84); 491(498.45); 492(0.36); 493(571.07); 494(110.02); 495(916.72); 496(84.67); 497(529.36); 498(972.72); 499(282.49),1
112,0(280.48); 1(606.03); 2(111.27); 3(829.48); 4(695.58); 5(319.19); 6(995.59); 7(406.39); 8(364.86); 9(379.34); 10(777.54); 11(179.76); 12(282.09); 13(889.67); 14(696.46); 15(362.14); 16(550.34); 17(490.82); 18(956.35); 19(614.53); 20(438.57); 21(899.85); 22(348.98); 23(844.24); 24(194.3); 25(546.61); 26(418.62); 27(884.4); 28(847.48); 29(325.24); 30(959.14); 31(12.77); 32(46.2); 33(700.13); 34(170.5); 35(637.81); 36(798.56); 37(445.95); 38(388.15); 39(989.87); 40(670.34); 41(798.21); 42(229.48); 43(72.82); 44(808.69); 45(100.37); 46(751.16); 47(677.4); 48(818.92); 49(585.5); 50(637.37); 51(474.16); 52(869.62); 53(637.38); 54(754.9); 55(102.74); 56(643.27); 57(603.84); 58(76.3); 59(807.39); 60(276.19); 61(846.65); 62(805.14); 63(930.72); 64(167.97); 65(607.87); 66(65.12); 67(208.25); 68(192.28); 69(123.05); 70(160.43); 71(722.88); 72(481.64); 73(482.02); 74(129.74); 75(415.7); 76(96.22); 77(289.14); 78(817.04); 79(952.5); 80(267.19); 81(170.65); 82(643.43); 83(108.97); 84(70.66); 85(407.49); 86(258.23); 87(868.73); 88(636.49); 89(991.02); 90(503.35); 91(275.54); 92(572.23); 93(729.69); 94(876.39); 95(851.08); 96(413.46); 97(620.41); 98(16.89); 99(161.84); 100(757.51); 101(726.68); 102(749.12); 103(314.52); 104(257.74); 105(843.01); 106(687.39); 107(426.07); 108(500.67); 109(237.95); 110(107.78); 111(647.96); 113(958.7); 114(439.0); 115(534.79); 116(574.87); 117(401.88); 118(290.16); 119(188.9); 120(664.49); 121(798.43); 122(710.5); 123(416.6); 124(560.67); 125(226.61); 126(366.57); 127(860.93); 128(811.86); 129(120.46); 130(704.72); 131(605.89); 132(367.16); 133(857.87); 134(348.4); 135(384.21); 136(882.33); 137(946.49); 138(912.25); 139(474.3); 140(879.14); 141(276.21); 142(860.2); 143(481.45); 144(96.43); 145(653.27); 146(101.83); 147(386.16); 148(29.8); 149(696.94); 150(123.84); 151(53.86); 152(746.72); 153(575.49); 154(568.37); 155(511.45); 156(279.5); 157(516.21); 158(60.58); 159(299.46); 160(320.69); 161(745.36); 162(526.26); 163(921.68); 164(328.35); 165(929.79); 166(126.3); 167(659.72); 168(899.2); 169(813.87); 170(515.55); 171(44.26); 172(471.14); 173(311.26); 174(447.31); 175(70.72); 176(991.9); 177(390.28); 178(350.57); 179(921.04); 180(880.74); 181(683.15); 182(92.91); 183(776.15); 184(138.4); 185(85.45); 186(735.21); 187(278.96); 188(521.46); 189(923.55); 190(280.73); 191(308.89); 192(340.31); 193(385.11); 194(682.59); 195(973.63); 196(611.73); 197(319.84); 198(628.09); 199(603.24); 200(216.46); 201(820.76); 202(7.59); 203(246.72); 204(0.67); 205(829.0); 206(690.91); 207(457.29); 208(95.56); 209(522.24); 210(328.76); 211(5.45); 212(241.24); 213(420.08); 214(88.58); 215(119.03); 216(253.87); 217(268.51); 218(675.21); 219(685.8); 220(427.98); 221(568.29); 222(536.09); 223(206.33); 224(410.99); 225(116.78); 226(24.26); 227(29.76); 228(33.65); 229(483.11); 230(369.91); 231(201.88); 232(279.7); 233(889.45); 234(100.52); 235(574.14); 236(700.17); 237(352.16); 238(792.42); 239(279.96); 240(112.98); 241(172.83); 242(329.43); 243(163.25); 244(996.21); 245(931.4); 246(872.49); 247(428.05); 248(42.44); 249(277.36); 250(620.72); 251(905.0); 252(539.2); 253(237.65); 254(818.52); 255(775.68); 256(10.2); 257(928.44); 258(260.99); 259(48.25); 260(283.17); 261(20.19); 262(692.73); 263(466.53); 264(812.26); 265(441.09); 266(950.02); 267(582.58); 268(128.95); 269(471.88); 270(124.69); 271(298.56); 272(19.57); 273(746.6); 274(137.3); 275(587.0); 276(710.63); 277(344.01); 278(776.98); 279(165.0); 280(826.34); 281(648.36); 282(222.63); 283(683.26); 284(987.79); 285(11.24); 286(255.74); 287(643.02); 288(818.73); 289(177.92); 290(553.28); 291(112.95); 292(928.28); 293(638.15); 294(58.58); 295(71.14); 296(510.4); 297(554.77); 298(261.42); 299(579.03); 300(587.21); 301(682.73); 302(199.5); 303(742.62); 304(41.7); 305(985.19); 306(919.05); 307(957.53); 308(581.27); 309(550.3); 310(726.68); 311(692.02); 312(684.01); 313(589.21); 314(480.51); 315(443.35); 316(967.58); 317(547.0); 318(266.01); 319(419.04); 320(564.71); 321(231.92); 322(538.78); 323(108.97); 324(961.77); 325(647.46); 326(994.29); 327(775.47); 328(396.01); 329(485.18); 330(4.57); 331(44.13); 332(625.07); 333(326.63); 334(257.81); 335(734.93); 336(520.53); 337(710.51); 338(875.21); 339(180.62); 340(4.47); 341(464.2); 342(696.43); 343(852.64); 344(593.74); 345(303.4); 346(108.65); 347(165.1); 348(57.19); 349(135.11); 350(446.56); 351(722.69); 352(504.04); 353(904.14); 354(127.53); 355(843.72); 356(789.01); 357(768.8); 358(678.51); 359(103.16); 360(507.19); 361(524.97); 362(542.85); 363(899.21); 364(410.25); 365(623.18); 366(814.51); 367(334.74); 368(737.94); 369(769.64); 370(592.17); 371(688.76); 372(299.52); 373(165.57); 374(858.0); 375(67.04); 376(125.76); 377(59.47); 378(442.04); 379(586.99); 380(605.2); 381(46.36); 382(297.02); 383(863.76); 384(315.01); 385(812.26); 386(557.39); 387(723.49); 388(763.41); 389(986.37); 390(791.12); 391(426.79); 392(400.1); 393(428.67); 394(193.18); 395(968.81); 396(428.59); 397(513.84); 398(838.19); 399(383.53); 400(789.34); 401(10.59); 402(866.45); 403(548.27); 404(58.76); 405(955.56); 406(154.03); 407(864.05); 408(36.34); 409(58.1); 410(621.58); 411(778.05); 412(761.89); 413(786.49); 414(931.34); 415(713.78); 416(254.41); 417(201.34); 418(729.83); 419(993.59); 420(227.37); 421(522.26); 422(640.6); 423(925.3); 424(142.85); 425(726.78); 426(950.06); 427(911.3); 428(817.44); 429(442.48); 430(780.95); 431(244.52); 432(742.33); 433(646.7); 434(513.54); 435(566.78); 436(63.86); 437(884.39); 438(189.91); 439(287.61); 440(949.16); 441(844.08); 442(782.63); 443(965.06); 444(488.73); 445(542.02); 446(729.1); 447(377.68); 448(153.05); 449(427.82); 450(344.67); 451(82.64); 452(44.06); 453(871.72); 454(227.6); 455(652.95); 456(798.96); 457(452.46); 458(115.83); 459(60.89); 460(384.14); 461(150.96); 462(607.21); 463(445.97); 464(580.08); 465(314.3); 466(653.32); 467(42.61); 468(733.17); 469(835.11); 470(591.8); 471(367.64); 472(402.83); 473(696.76); 474(895.45); 475(588.4); 476(622.77); 477(855.67); 478(483.94); 479(367.26); 480(312.92); 481(906.62); 482(783.0); 483(265.65); 484(307.31); 485(865.91); 486(311.09); 487(609.96); 488(81.58); 489(330.09); 490(711.25); 491(208.54); 492(663.38); 493(918.16); 494(758.71); 495(457.59); 496(919.26); 497(398.54); 498(475.18); 499(928.24),1
113,0(422.04); 1(694.42); 2(781.05); 3(997.75); 4(428.92); 5(744.52); 6(378.45); 7(475.01); 8(505.68); 9(243.0); 10(337.95); 11(583.31); 12(165.95); 13(473.43); 14(457.91); 15(551.3); 16(381.21); 17(691.94); 18(325.07); 19(922.51); 20(36.1); 21(556.62); 22(129.47); 23(75.42); 24(955.6); 25(930.17); 26(882.31); 27(513.64); 28(117.0); 29(194.2); 30(997.94); 31(717.91); 32(59.97); 33(929.22); 34(509.63); 35(674.2); 36(593.32); 37(6.02); 38(94.53); 39(961.71); 40(614.98); 41(100.66); 42(611.78); 43(455.86); 44(565.81); 45(828.32); 46(286.87); 47(283.03); 48(903.0); 49(287.16); 50(440.57); 51(565.27); 52(459.17); 53(501.18); 54(766.39); 55(369.7); 56(530.91); 57(935.72); 58(442.47); 59(492.23); 60(346.19); 61(387.07); 62(144.05); 63(812.8); 64(592.2); 65(21.04); 66(718.59); 67(250.75); 68(434.73); 69(225.85); 70(596.57); 71(995.53); 72(164.86); 73(367.12); 74(794.6); 75(206.26); 76(845.92); 77(886.15); 78(985.3); 79(750.06); 80(204.37); 81(769.23); 82(113.64); 83(267.22); 84(641.42); 85(827.48); 86(824.26); 87(73.83); 88(27.51); 89(582.66); 90(393.78); 91(274.87); 92(586.29); 93(569.01); 94(617.37); 95(692.43); 96(51.04); 97(851.13); 98(583.48); 99(72.01); 100(199.37); 101(299.63); 102(358.87); 103(372.02); 104(289.51); 105(895.03); 106(457.42); 107(774.13); 108(356.21); 109(965.13); 110(620.91); 111(15.68); 112(958.7); 114(491.81); 115(987.57); 116(547.05); 117(296.52); 118(64.38); 119(837.47); 120(36.5); 121(788.58); 122(477.48); 123(440.74); 124(636.56); 125(614.91); 126(92.41); 127(7.54); 128(227.6); 129(891.2); 130(446.32); 131(365.93); 132(169.73); 133(684.24); 134(700.51); 135(818.83); 136(729.43); 137(939.86); 138(882.74); 139(589.94); 140(73.26); 141(141.31); 142(337.13); 143(355.23); 144(616.54); 145(907.27); 146(849.19); 147(215.39); 148(598.24); 149(150.3); 150(878.24); 151(724.31); 152(239.69); 153(272.48); 154(305.88); 155(594.98); 156(149.59); 157(69.68); 158(378.67); 159(10.67); 160(334.4); 161(941.66); 162(303.19); 163(581.89); 164(501.62); 165(753.16); 166(461.54); 167(676.67); 168(952.49); 169(877.88); 170(326.57); 171(894.96); 172(212.44); 173(135.13); 174(831.21); 175(659.59); 176(944.73); 177(491.14); 178(162.43); 179(720.41); 180(397.42); 181(26.05); 182(347.51); 183(720.77); 184(709.13); 185(891.53); 186(962.51); 187(508.27); 188(487.95); 189(340.48); 190(15.99); 191(737.65); 192(210.28); 193(607.05); 194(144.51); 195(988.55); 196(272.61); 197(467.19); 198(29.92); 199(657.02); 200(793.53); 201(627.52); 202(706.55); 203(280.12); 204(675.08); 205(729.71); 206(959.85); 207(585.58); 208(677.86); 209(36.05); 210(851.27); 211(383.33); 212(628.05); 213(379.07); 214(238.36); 215(215.29); 216(421.48); 217(721.6); 218(660.23); 219(724.93); 220(74.44); 221(195.51); 222(369.62); 223(410.67); 224(79.37); 225(34.89); 226(214.26); 227(45.67); 228(628.18); 229(515.69); 230(174.32); 231(593.15); 232(541.12); 233(655.41); 234(699.98); 235(153.23); 236(348.57); 237(12.46); 238(990.73); 239(476.39); 240(208.92); 241(172.39); 242(64.52); 243(589.16); 244(656.88); 245(13.66); 246(814.24); 247(60.66); 248(441.15); 249(76.61); 250(556.95); 251(627.09); 252(777.42); 253(408.79); 254(971.82); 255(378.63); 256(955.2); 257(506.4); 258(773.42); 259(358.56); 260(201.25); 261(440.7); 262(62.07); 263(244.73); 264(651.17); 265(293.7); 266(629.17); 267(844.19); 268(764.64); 269(748.77); 270(645.29); 271(833.38); 272(179.25); 273(892.14); 274(109.6); 275(40.71); 276(450.68); 277(673.54); 278(624.9); 279(247.51); 280(316.04); 281(630.24); 282(799.34); 283(217.71); 284(152.31); 285(417.3); 286(970.95); 287(55.86); 288(255.95); 289(108.16); 290(288.94); 291(382.87); 292(928.94); 293(10.2); 294(153.08); 295(126.12); 296(338.82); 297(74.17); 298(870.99); 299(695.4); 300(759.95); 301(830.25); 302(190.89); 303(509.57); 304(361.42); 305(285.29); 306(19.21); 307(881.43); 308(336.55); 309(428.23); 310(302.12); 311(124.31); 312(636.39); 313(798.57); 314(100.57); 315(19.94); 316(86.93); 317(548.82); 318(564.96); 319(222.33); 320(568.62); 321(610.81); 322(788.2); 323(912.9); 324(693.45); 325(60.79); 326(409.1); 327(508.8); 328(79.99); 329(429.76); 330(142.89); 331(78.97); 332(228.95); 333(238.93); 334(370.06); 335(214.89); 336(617.22); 337(702.85); 338(951.37); 339(727.81); 340(7.48); 341(72.93); 342(94.77); 343(484.61); 344(190.21); 345(725.71); 346(214.72); 347(741.16); 348(815.52); 349(916.79); 350(141.91); 351(633.85); 352(293.48); 353(17.31); 354(875.43); 355(83.97); 356(489.55); 357(462.9); 358(174.82); 359(269.13); 360(41.88); 361(103.06); 362(765.51); 363(870.07); 364(417.84); 365(630.21); 366(673.48); 367(783.98); 368(712.49); 369(23.15); 370(223.39); 371(251.99); 372(46.48); 373(750.42); 374(748.96); 375(251.51); 376(748.35); 377(772.43); 378(265.78); 379(873.38); 380(966.36); 381(737.54); 382(539.44); 383(60.94); 384(106.36); 385(657.81); 386(957.96); 387(331.28); 388(660.17); 389(884.21); 390(597.92); 391(157.4); 392(695.03); 393(95.49); 394(895.26); 395(764.67); 396(588.91); 397(92.92); 398(99.47); 399(837.27); 400(921.78); 401(848.36); 402(60.86); 403(249.05); 404(507.12); 405(40.09); 406(147.71); 407(186.67); 408(899.96); 409(342.73); 410(972.91); 411(761.03); 412(333.94); 413(716.41); 414(256.36); 415(38.17); 416(651.77); 417(496.13); 418(203.85); 419(845.46); 420(548.43); 421(859.16); 422(101.53); 423(45.15); 424(471.49); 425(847.29); 426(880.85); 427(902.9); 428(40.09); 429(710.09); 430(770.51); 431(529.12); 432(856.88); 433(72.17); 434(479.47); 435(170.91); 436(840.57); 437(413.61); 438(469.79); 439(827.55); 440(104.9); 441(22.47); 442(45.83); 443(366.88); 444(246.43); 445(392.62); 446(423.9); 447(925.96); 448(352.88); 449(446.71); 450(792.89); 451(713.46); 452(955.73); 453(227.77); 454(683.0); 455(110.75); 456(312.24); 457(139.25); 458(745.71); 459(128.86); 460(824.83); 461(249.2); 462(989.36); 463(328.37); 464(363.0); 465(399.07); 466(413.66); 467(17.79); 468(603.71); 469(273.07); 470(450.66); 471(456.67); 472(592.95); 473(622.83); 474(470.97); 475(797.96); 476(271.4); 477(691.58); 478(262.97); 479(682.29); 480(85.53); 481(382.49); 482(255.65); 483(799.39); 484(613.23); 485(932.32); 486(65.8); 487(727.66); 488(191.79); 489(435.46); 490(190.91); 491(440.84); 492(557.7); 493(421.86); 494(965.5); 495(124.6); 496(516.55); 497(316.07); 498(97.16); 499(23.01),1
114,0(520.44); 1(950.78); 2(153.13); 3(82.61); 4(413.61); 5(896.03); 6(137.19); 7(292.89); 8(468.68); 9(183.48); 10(440.38); 11(238.56); 12(783.26); 13(249.23); 14(43.68); 15(551.49); 16(692.69); 17(689.88); 18(378.86); 19(215.77); 20(742.2); 21(556.47); 22(771.35); 23(67.4); 24(816.7); 25(485.1); 26(734.43); 27(782.97); 28(16.78); 29(788.12); 30(232.46); 31(97.73); 32(342.47); 33(782.04); 34(118.83); 35(685.77); 36(5.49); 37(708.9); 38(847.18); 39(643.09); 40(325.63); 41(928.44); 42(271.45); 43(551.88); 44(208.56); 45(974.82); 46(88.01); 47(708.5); 48(474.61); 49(167.03); 50(747.23); 51(478.51); 52(408.52); 53(455.04); 54(411.81); 55(607.85); 56(908.97); 57(100.54); 58(338.26); 59(464.37); 60(950.86); 61(945.96); 62(573.75); 63(855.78); 64(299.79); 65(726.54); 66(971.61); 67(162.61); 68(460.23); 69(698.17); 70(500.24); 71(708.68); 72(827.23); 73(67.15); 74(68.83); 75(632.49); 76(98.1); 77(41.18); 78(720.64); 79(277.38); 80(153.74); 81(295.25); 82(856.82); 83(928.5); 84(645.39); 85(973.8); 86(902.14); 87(561.6); 88(896.33); 89(602.57); 90(627.04); 91(648.0); 92(59.96); 93(655.67); 94(285.89); 95(916.88); 96(730.88); 97(5.5); 98(735.6); 99(711.7); 100(181.03); 101(290.15); 102(556.01); 103(767.32); 104(440.42); 105(480.14); 106(843.21); 107(926.32); 108(344.97); 109(311.65); 110(994.12); 111(910.16); 112(439.0); 113(491.81); 115(576.85); 116(188.1); 117(441.69); 118(319.58); 119(165.67); 120(989.57); 121(790.81); 122(772.33); 123(223.95); 124(274.45); 125(417.55); 126(429.81); 127(950.84); 128(984.85); 129(824.58); 130(269.54); 131(121.76); 132(887.85); 133(81.45); 134(212.19); 135(862.73); 136(871.7); 137(294.1); 138(40.35); 139(280.34); 140(138.27); 141(290.59); 142(320.33); 143(909.66); 144(663.62); 145(198.3); 146(217.52); 147(513.84); 148(684.16); 149(19.46); 150(84.34); 151(627.59); 152(690.06); 153(532.91); 154(593.57); 155(276.19); 156(135.52); 157(622.98); 158(739.92); 159(122.97); 160(727.3); 161(729.92); 162(278.21); 163(482.87); 164(504.8); 165(229.84); 166(268.18); 167(457.38); 168(659.32); 169(566.0); 170(248.4); 171(708.46); 172(769.04); 173(740.33); 174(666.94); 175(477.1); 176(906.17); 177(463.34); 178(386.01); 179(34.9); 180(210.67); 181(699.08); 182(555.03); 183(500.38); 184(751.67); 185(854.69); 186(142.23); 187(225.45); 188(380.95); 189(359.92); 190(63.56); 191(29.75); 192(9.28); 193(783.1); 194(651.98); 195(198.29); 196(775.63); 197(184.7); 198(777.72); 199(780.1); 200(258.17); 201(226.62); 202(831.31); 203(789.56); 204(558.38); 205(652.07); 206(358.61); 207(96.5); 208(2.03); 209(242.53); 210(291.96); 211(860.4); 212(912.64); 213(20.26); 214(577.87); 215(921.32); 216(139.24); 217(591.26); 218(251.32); 219(880.92); 220(680.39); 221(789.74); 222(485.45); 223(910.62); 224(612.48); 225(883.86); 226(655.11); 227(436.63); 228(875.82); 229(675.69); 230(200.35); 231(472.61); 232(573.59); 233(142.62); 234(66.84); 235(884.49); 236(825.97); 237(397.62); 238(467.64); 239(4.14); 240(524.6); 241(295.75); 242(354.92); 243(425.11); 244(333.49); 245(905.03); 246(569.83); 247(895.69); 248(514.46); 249(979.94); 250(847.34); 251(153.8); 252(942.38); 253(612.94); 254(227.25); 255(924.05); 256(796.16); 257(212.1); 258(881.23); 259(253.63); 260(574.58); 261(259.49); 262(100.85); 263(180.88); 264(270.91); 265(922.33); 266(309.67); 267(157.46); 268(606.79); 269(371.34); 270(389.05); 271(359.68); 272(844.37); 273(854.56); 274(257.28); 275(616.42); 276(52.77); 277(885.38); 278(771.29); 279(765.34); 280(644.89); 281(466.51); 282(319.88); 283(271.47); 284(902.95); 285(527.02); 286(353.58); 287(834.98); 288(28.05); 289(148.7); 290(54.58); 291(954.24); 292(968.9); 293(55.72); 294(357.93); 295(155.46); 296(678.75); 297(794.35); 298(44.67); 299(723.15); 300(313.2); 301(224.46); 302(134.17); 303(949.81); 304(575.21); 305(790.04); 306(470.1); 307(692.36); 308(424.97); 309(362.21); 310(474.66); 311(470.38); 312(700.82); 313(22.07); 314(155.9); 315(737.34); 316(312.76); 317(264.12); 318(132.79); 319(263.62); 320(589.29); 321(752.58); 322(693.65); 323(974.23); 324(571.38); 325(1.38); 326(957.89); 327(382.59); 328(709.64); 329(830.91); 330(969.12); 331(899.52); 332(60.49); 333(775.54); 334(294.82); 335(518.51); 336(495.6); 337(761.16); 338(670.6); 339(745.94); 340(19.97); 341(445.47); 342(32.54); 343(127.76); 344(109.53); 345(297.81); 346(75.9); 347(756.48); 348(879.73); 349(617.31); 350(891.76); 351(21.12); 352(795.54); 353(272.0); 354(934.28); 355(472.14); 356(664.09); 357(21.94); 358(324.63); 359(388.54); 360(998.51); 361(87.15); 362(806.64); 363(459.24); 364(756.53); 365(944.08); 366(86.87); 367(531.27); 368(938.56); 369(406.07); 370(329.89); 371(736.27); 372(835.65); 373(933.56); 374(884.48); 375(345.22); 376(278.58); 377(845.03); 378(62.91); 379(816.11); 380(460.92); 381(209.8); 382(569.51); 383(975.29); 384(342.83); 385(801.57); 386(372.35); 387(44.49); 388(957.81); 389(388.42); 390(877.97); 391(240.03); 392(644.81); 393(738.89); 394(849.7); 395(396.37); 396(289.24); 397(416.59); 398(122.56); 399(254.37); 400(18.9); 401(996.87); 402(47.72); 403(562.77); 404(153.8); 405(42.52); 406(268.86); 407(186.37); 408(537.9); 409(411.15); 410(839.13); 411(570.89); 412(75.99); 413(604.77); 414(820.34); 415(196.82); 416(592.07); 417(130.93); 418(115.54); 419(296.16); 420(80.29); 421(467.52); 422(901.07); 423(488.92); 424(270.27); 425(248.24); 426(513.28); 427(419.57); 428(158.95); 429(821.05); 430(998.2); 431(748.0); 432(134.15); 433(72.68); 434(14.55); 435(571.85); 436(231.17); 437(327.11); 438(7.06); 439(16.89); 440(711.89); 441(420.06); 442(479.26); 443(332.75); 444(531.35); 445(392.54); 446(484.94); 447(178.2); 448(192.13); 449(802.69); 450(106.99); 451(549.11); 452(159.51); 453(497.79); 454(171.08); 455(305.3); 456(926.81); 457(56.62); 458(191.32); 459(152.22); 460(529.45); 461(424.34); 462(739.4); 463(130.28); 464(234.93); 465(130.31); 466(725.56); 467(704.04); 468(211.44); 469(3.2); 470(728.4); 471(273.9); 472(434.01); 473(0.29); 474(385.38); 475(880.22); 476(72.84); 477(720.04); 478(239.3); 479(213.63); 480(331.93); 481(128.74); 482(750.63); 483(393.21); 484(206.34); 485(464.28); 486(19.68); 487(448.98); 488(130.1); 489(936.36); 490(708.63); 491(29.84); 492(235.17); 493(988.57); 494(359.87); 495(689.2); 496(474.37); 497(391.65); 498(267.85); 499(931.02),1
115,0(582.62); 1(46.87); 2(697.54); 3(644.87); 4(185.17); 5(777.53); 6(714.3); 7(954.12); 8(403.33); 9(170.69); 10(155.54); 11(875.28); 12(562.4); 13(76.87); 14(888.34); 15(596.61); 16(706.78); 17(502.69); 18(366.24); 19(323.03); 20(68.41); 21(116.69); 22(31.0); 23(861.15); 24(255.05); 25(299.08); 26(934.49); 27(346.82); 28(844.45); 29(164.74); 30(219.78); 31(681.11); 32(954.16); 33(260.44); 34(670.33); 35(958.35); 36(272.52); 37(179.89); 38(801.22); 39(784.45); 40(757.71); 41(419.92); 42(268.02); 43(937.14); 44(826.06); 45(492.1); 46(472.53); 47(278.34); 48(325.41); 49(506.65); 50(978.46); 51(255.03); 52(843.37); 53(415.39); 54(343.95); 55(565.93); 56(453.48); 57(726.16); 58(206.54); 59(211.1); 60(931.02); 61(335.98); 62(568.0); 63(600.75); 64(1.96); 65(684.87); 66(278.93); 67(521.05); 68(75.07); 69(56.6); 70(245.76); 71(49.06); 72(790.63); 73(403.04); 74(670.61); 75(945.29); 76(71.53); 77(577.15); 78(544.95); 79(552.53); 80(68.98); 81(567.4); 82(295.39); 83(175.26); 84(148.58); 85(335.27); 86(879.11); 87(975.41); 88(561.0); 89(415.01); 90(630.26); 91(356.96); 92(96.78); 93(969.51); 94(426.48); 95(109.32); 96(25.54); 97(567.29); 98(591.84); 99(382.28); 100(701.66); 101(715.28); 102(510.42); 103(488.62); 104(594.22); 105(510.27); 106(740.75); 107(285.4); 108(54.27); 109(54.41); 110(540.33); 111(214.72); 112(534.79); 113(987.57); 114(576.85); 116(57.8); 117(728.57); 118(692.73); 119(574.1); 120(336.47); 121(528.79); 122(97.43); 123(549.65); 124(152.02); 125(886.24); 126(153.73); 127(863.7); 128(104.1); 129(683.58); 130(725.76); 131(453.77); 132(2.11); 133(255.17); 134(422.0); 135(696.56); 136(702.29); 137(704.13); 138(550.56); 139(665.06); 140(845.26); 141(405.81); 142(46.91); 143(732.18); 144(429.14); 145(547.03); 146(474.94); 147(952.7); 148(350.28); 149(2.76); 150(281.6); 151(951.01); 152(285.75); 153(54.56); 154(481.75); 155(566.59); 156(842.86); 157(931.19); 158(870.19); 159(470.35); 160(716.52); 161(914.48); 162(156.03); 163(612.71); 164(242.03); 165(308.04); 166(958.24); 167(488.88); 168(940.91); 169(855.58); 170(38.36); 171(714.85); 172(55.41); 173(498.17); 174(990.04); 175(50.25); 176(996.5); 177(432.83); 178(371.58); 179(329.14); 180(303.22); 181(396.82); 182(1.51); 183(800.35); 184(139.78); 185(507.38); 186(396.22); 187(890.15); 188(933.33); 189(859.66); 190(374.18); 191(777.47); 192(147.49); 193(970.63); 194(954.29); 195(640.38); 196(0.74); 197(888.23); 198(525.53); 199(141.66); 200(268.03); 201(915.04); 202(549.07); 203(949.36); 204(279.27); 205(234.17); 206(6.8); 207(501.72); 208(317.69); 209(388.18); 210(833.24); 211(727.46); 212(144.23); 213(185.92); 214(342.23); 215(768.06); 216(934.09); 217(573.95); 218(257.26); 219(445.79); 220(269.81); 221(507.33); 222(615.75); 223(934.25); 224(587.68); 225(229.33); 226(78.42); 227(764.81); 228(234.68); 229(177.03); 230(204.38); 231(933.34); 232(388.61); 233(165.72); 234(284.12); 235(88.18); 236(95.52); 237(877.54); 238(899.15); 239(1.01); 240(974.73); 241(349.44); 242(363.73); 243(122.81); 244(87.74); 245(801.4); 246(777.11); 247(571.31); 248(259.31); 249(188.83); 250(640.07); 251(277.8); 252(400.36); 253(464.23); 254(817.35); 255(607.6); 256(51.59); 257(687.88); 258(936.15); 259(91.92); 260(70.76); 261(758.14); 262(458.27); 263(999.45); 264(746.83); 265(862.9); 266(167.47); 267(2.16); 268(141.15); 269(33.25); 270(687.09); 271(84.95); 272(538.12); 273(868.52); 274(462.59); 275(769.89); 276(585.07); 277(926.92); 278(707.18); 279(835.33); 280(121.88); 281(70.75); 282(190.0); 283(766.17); 284(483.92); 285(878.49); 286(760.59); 287(601.36); 288(4.1); 289(863.36); 290(705.02); 291(888.54); 292(76.7); 293(706.6); 294(308.87); 295(331.83); 296(982.43); 297(79.34); 298(904.79); 299(164.61); 300(53.68); 301(371.06); 302(5.06); 303(590.0); 304(555.27); 305(405.18); 306(913.97); 307(126.57); 308(396.58); 309(430.44); 310(488.18); 311(887.03); 312(719.31); 313(967.66); 314(65.89); 315(775.69); 316(859.22); 317(459.24); 318(290.24); 319(5.11); 320(898.17); 321(274.59); 322(521.54); 323(350.74); 324(863.09); 325(662.53); 326(49.28); 327(724.4); 328(133.17); 329(942.09); 330(509.7); 331(144.44); 332(236.34); 333(270.43); 334(391.98); 335(901.66); 336(649.85); 337(516.64); 338(907.42); 339(982.2); 340(139.09); 341(608.39); 342(366.15); 343(845.18); 344(558.69); 345(128.76); 346(180.41); 347(477.52); 348(7.83); 349(829.94); 350(660.68); 351(873.85); 352(919.18); 353(499.74); 354(198.08); 355(841.33); 356(71.55); 357(824.75); 358(940.92); 359(834.87); 360(340.03); 361(59.11); 362(43.5); 363(99.81); 364(482.64); 365(731.18); 366(7.3); 367(448.96); 368(694.41); 369(885.68); 370(398.29); 371(41.05); 372(544.51); 373(956.7); 374(313.19); 375(407.46); 376(992.94); 377(900.13); 378(734.81); 379(912.84); 380(735.28); 381(215.93); 382(581.26); 383(218.62); 384(967.34); 385(115.2); 386(950.46); 387(497.6); 388(725.93); 389(366.35); 390(866.4); 391(390.8); 392(676.16); 393(255.36); 394(925.37); 395(206.73); 396(439.68); 397(451.05); 398(436.82); 399(463.76); 400(693.49); 401(87.09); 402(274.42); 403(893.02); 404(406.29); 405(705.49); 406(669.23); 407(935.48); 408(391.99); 409(19.21); 410(952.47); 411(390.57); 412(285.18); 413(484.67); 414(1.47); 415(643.4); 416(784.37); 417(373.88); 418(821.86); 419(838.85); 420(807.5); 421(799.4); 422(243.89); 423(41.13); 424(746.19); 425(331.86); 426(678.31); 427(486.51); 428(141.17); 429(139.59); 430(693.49); 431(873.27); 432(538.44); 433(729.46); 434(216.94); 435(477.51); 436(383.95); 437(755.29); 438(781.71); 439(858.02); 440(905.88); 441(225.32); 442(241.61); 443(43.26); 444(479.81); 445(292.11); 446(188.65); 447(83.0); 448(95.27); 449(833.78); 450(436.81); 451(123.13); 452(35.97); 453(697.33); 454(424.15); 455(198.6); 456(420.92); 457(466.47); 458(954.39); 459(82.49); 460(38.13); 461(896.43); 462(496.2); 463(91.4); 464(941.89); 465(339.29); 466(208.73); 467(378.71); 468(100.11); 469(233.22); 470(551.12); 471(551.01); 472(421.33); 473(144.42); 474(413.63); 475(310.63); 476(638.87); 477(738.02); 478(528.89); 479(367.55); 480(200.05); 481(202.76); 482(715.39); 483(319.84); 484(602.97); 485(381.04); 486(622.51); 487(249.68); 488(296.14); 489(506.92); 490(901.09); 491(820.32); 492(653.05); 493(991.56); 494(179.26); 495(772.99); 496(99.37); 497(646.69); 498(923.73); 499(752.77),1
116,0(319.46); 1(31.44); 2(685.41); 3(85.62); 4(920.95); 5(783.94); 6(502.16); 7(406.6); 8(547.69); 9(757.44); 10(299.73); 11(277.14); 12(517.35); 13(263.73); 14(475.48); 15(404.09); 16(86.5); 17(576.63); 18(520.48); 19(725.91); 20(460.82); 21(106.71); 22(125.57); 23(492.43); 24(834.61); 25(83.63); 26(297.5); 27(905.09); 28(416.34); 29(595.64); 30(109.2); 31(245.68); 32(351.85); 33(289.05); 34(859.43); 35(78.94); 36(132.19); 37(25.92); 38(938.32); 39(642.71); 40(615.05); 41(595.8); 42(445.48); 43(681.69); 44(577.45); 45(793.78); 46(311.3); 47(558.72); 48(512.44); 49(442.88); 50(777.47); 51(548.85); 52(487.37); 53(325.82); 54(636.11); 55(241.23); 56(128.39); 57(890.09); 58(315.05); 59(270.16); 60(408.42); 61(824.0); 62(196.29); 63(72.06); 64(47.0); 65(77.64); 66(442.68); 67(849.15); 68(318.96); 69(700.97); 70(849.79); 71(904.96); 72(686.46); 73(724.86); 74(717.35); 75(140.41); 76(502.79); 77(775.4); 78(855.76); 79(851.87); 80(726.64); 81(862.37); 82(668.06); 83(615.62); 84(521.41); 85(278.63); 86(589.53); 87(424.7); 88(892.39); 89(785.76); 90(533.89); 91(985.19); 92(355.14); 93(967.31); 94(747.38); 95(601.39); 96(184.16); 97(984.58); 98(75.53); 99(414.38); 100(897.68); 101(209.6); 102(69.79); 103(192.36); 104(765.57); 105(762.92); 106(468.04); 107(415.25); 108(944.25); 109(269.62); 110(688.29); 111(410.3); 112(574.87); 113(547.05); 114(188.1); 115(57.8); 117(795.42); 118(26.17); 119(922.11); 120(769.03); 121(524.93); 122(55.14); 123(163.8); 124(363.86); 125(608.83); 126(514.19); 127(734.86); 128(604.41); 129(186.08); 130(298.74); 131(388.41); 132(486.9); 133(117.79); 134(610.44); 135(156.19); 136(659.47); 137(415.19); 138(243.65); 139(955.43); 140(405.07); 141(925.32); 142(368.3); 143(816.99); 144(502.76); 145(569.84); 146(672.12); 147(363.46); 148(469.74); 149(381.74); 150(165.14); 151(417.49); 152(909.25); 153(458.92); 154(308.37); 155(971.61); 156(318.36); 157(287.37); 158(732.88); 159(141.84); 160(10.31); 161(155.14); 162(716.09); 163(888.51); 164(117.32); 165(71.78); 166(265.64); 167(842.21); 168(627.94); 169(438.15); 170(371.39); 171(220.19); 172(868.65); 173(403.12); 174(474.49); 175(920.06); 176(704.95); 177(717.22); 178(725.9); 179(697.67); 180(748.66); 181(632.21); 182(193.14); 183(337.32); 184(294.04); 185(521.43); 186(53.06); 187(525.54); 188(858.29); 189(79.35); 190(167.03); 191(584.98); 192(503.37); 193(857.52); 194(733.53); 195(660.7); 196(605.14); 197(629.4); 198(45.21); 199(114.61); 200(250.75); 201(50.41); 202(561.34); 203(234.32); 204(949.87); 205(772.33); 206(426.3); 207(168.17); 208(439.09); 209(467.07); 210(487.36); 211(549.12); 212(4.34); 213(780.47); 214(233.59); 215(553.15); 216(144.83); 217(525.21); 218(476.59); 219(899.61); 220(389.98); 221(653.52); 222(117.96); 223(385.18); 224(268.96); 225(516.67); 226(514.37); 227(524.68); 228(201.96); 229(45.77); 230(731.01); 231(115.16); 232(877.3); 233(848.43); 234(241.59); 235(736.67); 236(121.24); 237(341.51); 238(213.35); 239(78.42); 240(993.6); 241(271.64); 242(266.65); 243(942.36); 244(661.92); 245(632.37); 246(101.82); 247(671.75); 248(110.27); 249(866.21); 250(336.71); 251(401.8); 252(684.4); 253(323.47); 254(819.91); 255(498.35); 256(849.56); 257(484.75); 258(13.61); 259(226.99); 260(84.28); 261(280.82); 262(249.57); 263(25.99); 264(396.66); 265(991.6); 266(816.11); 267(503.88); 268(465.51); 269(853.12); 270(959.2); 271(253.87); 272(584.09); 273(734.32); 274(514.36); 275(273.42); 276(959.02); 277(598.82); 278(936.87); 279(144.28); 280(956.44); 281(91.8); 282(728.7); 283(909.18); 284(720.87); 285(432.7); 286(842.68); 287(801.39); 288(740.9); 289(419.3); 290(911.5); 291(950.67); 292(87.68); 293(24.9); 294(780.19); 295(645.27); 296(341.89); 297(857.1); 298(51.73); 299(924.18); 300(164.33); 301(516.74); 302(266.09); 303(463.64); 304(124.85); 305(525.08); 306(894.85); 307(866.02); 308(208.01); 309(360.93); 310(66.96); 311(890.8); 312(471.86); 313(24.07); 314(989.59); 315(638.26); 316(785.53); 317(767.12); 318(227.95); 319(831.33); 320(745.57); 321(756.36); 322(167.42); 323(719.5); 324(928.22); 325(358.91); 326(854.98); 327(805.84); 328(268.47); 329(730.48); 330(50.36); 331(117.1); 332(292.18); 333(648.78); 334(233.3); 335(352.6); 336(995.13); 337(952.22); 338(912.54); 339(531.68); 340(192.05); 341(899.56); 342(350.71); 343(883.36); 344(939.08); 345(225.36); 346(983.54); 347(509.27); 348(888.67); 349(655.32); 350(148.31); 351(827.59); 352(508.88); 353(837.7); 354(539.05); 355(221.78); 356(326.35); 357(635.96); 358(214.68); 359(767.3); 360(816.38); 361(249.93); 362(667.89); 363(623.47); 364(104.88); 365(8.83); 366(498.17); 367(518.62); 368(799.26); 369(694.84); 370(76.82); 371(262.16); 372(779.16); 373(182.48); 374(695.65); 375(375.41); 376(958.63); 377(774.2); 378(986.28); 379(490.28); 380(486.56); 381(262.59); 382(433.18); 383(363.84); 384(110.81); 385(276.64); 386(161.54); 387(897.9); 388(540.67); 389(816.69); 390(159.34); 391(265.4); 392(693.86); 393(516.42); 394(861.68); 395(579.23); 396(9.9); 397(152.77); 398(250.97); 399(800.55); 400(357.84); 401(84.67); 402(62.29); 403(128.03); 404(590.53); 405(133.94); 406(4.12); 407(140.11); 408(882.15); 409(518.86); 410(91.49); 411(419.08); 412(598.02); 413(236.44); 414(483.26); 415(478.97); 416(633.52); 417(370.03); 418(343.95); 419(330.79); 420(398.86); 421(943.72); 422(401.42); 423(100.11); 424(511.13); 425(342.34); 426(364.94); 427(168.35); 428(208.68); 429(948.5); 430(863.0); 431(436.05); 432(367.46); 433(988.44); 434(545.67); 435(613.51); 436(771.84); 437(705.37); 438(754.21); 439(40.01); 440(695.24); 441(67.73); 442(942.55); 443(778.32); 444(611.58); 445(314.06); 446(313.08); 447(863.47); 448(361.88); 449(763.0); 450(500.71); 451(769.28); 452(611.68); 453(509.26); 454(902.27); 455(925.76); 456(101.73); 457(751.68); 458(399.67); 459(237.23); 460(909.89); 461(892.42); 462(305.77); 463(569.1); 464(686.18); 465(28.29); 466(22.0); 467(387.61); 468(869.85); 469(321.38); 470(469.01); 471(154.16); 472(868.24); 473(446.33); 474(795.71); 475(909.16); 476(712.5); 477(86.43); 478(297.52); 479(857.32); 480(709.34); 481(893.65); 482(378.36); 483(854.3); 484(807.67); 485(530.45); 486(886.76); 487(575.68); 488(243.85); 489(581.23); 490(576.03); 491(388.93); 492(230.75); 493(588.98); 494(860.61); 495(500.5); 496(469.19); 497(847.62); 498(246.87); 499(521.65),1
117,0(70.8); 1(641.5); 2(715.46); 3(154.88); 4(334.96); 5(67.73); 6(746.33); 7(571.28); 8(629.29); 9(153.06); 10(372.19); 11(479.09); 12(777.92); 13(503.27); 14(540.41); 15(328.4); 16(739.66); 17(227.41); 18(918.89); 19(379.18); 20(247.93); 21(973.4); 22(800.58); 23(781.34); 24(244.43); 25(169.52); 26(501.85); 27(253.28); 28(296.9); 29(85.56); 30(676.96); 31(900.15); 32(7.67); 33(825.92); 34(206.07); 35(693.74); 36(235.5); 37(402.39); 38(943.67); 39(614.74); 40(861.49); 41(790.38); 42(112.1); 43(619.6); 44(662.91); 45(613.02); 46(131.6); 47(614.5); 48(899.6); 49(713.06); 50(206.35); 51(34.27); 52(124.69); 53(798.92); 54(458.37); 55(485.95); 56(711.4); 57(936.38); 58(752.36); 59(611.07); 60(37.77); 61(156.51); 62(898.79); 63(952.44); 64(578.07); 65(363.46); 66(623.8); 67(893.92); 68(896.87); 69(516.12); 70(346.7); 71(655.3); 72(878.44); 73(965.7); 74(427.26); 75(461.16); 76(134.73); 77(969.48); 78(150.55); 79(674.98); 80(896.02); 81(123.42); 82(993.52); 83(667.68); 84(63.26); 85(29.13); 86(234.71); 87(31.86); 88(920.0); 89(567.73); 90(83.51); 91(746.56); 92(238.02); 93(854.26); 94(899.9); 95(78.96); 96(512.41); 97(196.28); 98(728.39); 99(634.66); 100(750.01); 101(955.86); 102(732.37); 103(429.86); 104(110.05); 105(449.01); 106(930.74); 107(802.65); 108(517.25); 109(595.65); 110(109.82); 111(589.93); 112(401.88); 113(296.52); 114(441.69); 115(728.57); 116(795.42); 118(958.26); 119(345.33); 120(979.33); 121(284.79); 122(392.14); 123(831.84); 124(981.95); 125(550.07); 126(344.92); 127(581.43); 128(270.38); 129(133.44); 130(688.36); 131(181.12); 132(831.82); 133(120.56); 134(648.53); 135(712.68); 136(341.38); 137(320.88); 138(492.68); 139(740.09); 140(406.88); 141(765.06); 142(96.84); 143(75.86); 144(792.79); 145(688.86); 146(809.4); 147(208.37); 148(670.16); 149(483.38); 150(559.9); 151(918.34); 152(384.62); 153(906.8); 154(614.02); 155(679.75); 156(991.58); 157(421.02); 158(963.85); 159(680.14); 160(526.77); 161(808.27); 162(621.31); 163(364.85); 164(635.11); 165(992.29); 166(56.5); 167(457.34); 168(512.76); 169(954.77); 170(611.75); 171(462.33); 172(878.48); 173(761.16); 174(441.1); 175(794.96); 176(997.29); 177(251.53); 178(164.14); 179(230.9); 180(447.52); 181(398.17); 182(256.01); 183(910.89); 184(666.32); 185(530.07); 186(444.1); 187(348.59); 188(751.63); 189(281.52); 190(450.88); 191(459.22); 192(473.0); 193(901.93); 194(694.38); 195(123.57); 196(812.74); 197(78.63); 198(57.61); 199(560.06); 200(940.41); 201(326.28); 202(39.77); 203(823.97); 204(974.99); 205(665.09); 206(476.2); 207(258.09); 208(812.75); 209(500.87); 210(698.73); 211(233.25); 212(536.55); 213(511.63); 214(883.43); 215(234.16); 216(483.84); 217(914.04); 218(562.19); 219(730.3); 220(381.72); 221(582.98); 222(717.82); 223(23.35); 224(964.75); 225(466.15); 226(819.05); 227(71.62); 228(597.27); 229(297.7); 230(835.28); 231(562.65); 232(162.95); 233(908.45); 234(969.58); 235(453.34); 236(408.39); 237(935.41); 238(741.79); 239(562.94); 240(196.57); 241(916.65); 242(458.38); 243(840.88); 244(268.13); 245(93.66); 246(579.03); 247(884.09); 248(17.8); 249(660.93); 250(655.13); 251(226.91); 252(175.0); 253(415.88); 254(751.79); 255(350.85); 256(715.93); 257(272.81); 258(265.66); 259(587.13); 260(865.73); 261(702.48); 262(320.17); 263(940.1); 264(451.57); 265(760.24); 266(470.54); 267(824.08); 268(216.25); 269(295.37); 270(56.03); 271(204.66); 272(249.96); 273(135.36); 274(271.09); 275(385.82); 276(315.39); 277(861.75); 278(682.33); 279(505.83); 280(911.54); 281(542.42); 282(709.06); 283(535.06); 284(525.67); 285(268.25); 286(973.92); 287(157.86); 288(764.75); 289(605.47); 290(680.19); 291(693.69); 292(268.15); 293(838.46); 294(474.16); 295(292.96); 296(414.5); 297(624.4); 298(319.99); 299(384.48); 300(937.2); 301(939.24); 302(230.15); 303(637.62); 304(523.5); 305(356.88); 306(758.18); 307(113.25); 308(333.46); 309(778.51); 310(502.59); 311(921.0); 312(842.16); 313(342.96); 314(821.17); 315(161.05); 316(273.79); 317(707.19); 318(993.03); 319(760.7); 320(18.39); 321(825.76); 322(406.45); 323(20.01); 324(293.47); 325(896.78); 326(494.4); 327(544.24); 328(350.86); 329(820.3); 330(104.62); 331(356.65); 332(739.02); 333(238.78); 334(600.09); 335(429.39); 336(76.07); 337(550.62); 338(887.5); 339(46.31); 340(551.25); 341(905.38); 342(154.01); 343(971.78); 344(454.33); 345(845.9); 346(972.69); 347(325.6); 348(485.59); 349(408.74); 350(434.73); 351(413.17); 352(216.77); 353(242.43); 354(467.21); 355(748.44); 356(784.97); 357(466.83); 358(310.97); 359(35.34); 360(6.56); 361(912.46); 362(563.4); 363(131.61); 364(693.87); 365(800.14); 366(252.33); 367(464.51); 368(89.96); 369(487.25); 370(341.89); 371(578.05); 372(314.66); 373(78.05); 374(129.62); 375(245.42); 376(854.52); 377(511.18); 378(961.13); 379(685.02); 380(429.6); 381(841.86); 382(20.77); 383(255.03); 384(702.1); 385(542.38); 386(149.3); 387(498.62); 388(216.85); 389(438.16); 390(152.19); 391(633.96); 392(652.28); 393(197.67); 394(510.82); 395(999.0); 396(801.0); 397(10.63); 398(548.73); 399(732.51); 400(185.61); 401(558.49); 402(831.31); 403(256.03); 404(434.28); 405(689.76); 406(875.42); 407(926.34); 408(80.88); 409(312.13); 410(490.3); 411(316.63); 412(258.66); 413(75.61); 414(13.3); 415(872.34); 416(40.95); 417(727.25); 418(775.34); 419(694.53); 420(434.85); 421(369.42); 422(844.58); 423(120.51); 424(645.43); 425(333.75); 426(482.99); 427(757.75); 428(409.62); 429(696.38); 430(788.87); 431(378.27); 432(642.07); 433(92.62); 434(681.78); 435(757.86); 436(602.37); 437(693.39); 438(456.32); 439(190.43); 440(495.9); 441(614.73); 442(397.25); 443(360.13); 444(848.29); 445(426.29); 446(535.67); 447(875.04); 448(307.2); 449(324.4); 450(578.01); 451(822.12); 452(781.94); 453(833.79); 454(687.3); 455(270.83); 456(546.44); 457(701.72); 458(358.06); 459(903.53); 460(381.41); 461(216.51); 462(948.57); 463(376.38); 464(376.06); 465(656.21); 466(549.52); 467(759.24); 468(982.33); 469(790.95); 470(228.83); 471(551.67); 472(494.37); 473(647.49); 474(923.8); 475(416.55); 476(901.73); 477(188.04); 478(153.7); 479(960.19); 480(126.7); 481(609.66); 482(271.36); 483(815.07); 484(824.23); 485(655.1); 486(670.44); 487(165.16); 488(408.19); 489(193.16); 490(534.1); 491(451.18); 492(372.76); 493(190.44); 494(811.85); 495(132.29); 496(693.26); 497(836.33); 498(110.66); 499(622.23),2
118,0(711.24); 1(855.05); 2(225.93); 3(217.84); 4(442.05); 5(716.2); 6(271.53); 7(277.82); 8(128.17); 9(429.28); 10(491.9); 11(42.24); 12(470.85); 13(567.76); 14(308.24); 15(992.38); 16(521.75); 17(946.44); 18(734.74); 19(511.72); 20(86.74); 21(171.04); 22(737.01); 23(618.46); 24(932.74); 25(417.3); 26(379.62); 27(103.6); 28(695.28); 29(320.6); 30(338.19); 31(324.76); 32(815.87); 33(726.49); 34(249.01); 35(578.42); 36(192.66); 37(75.61); 38(708.19); 39(174.7); 40(652.46); 41(893.37); 42(157.1); 43(266.36); 44(597.77); 45(203.74); 46(508.15); 47(162.76); 48(44.48); 49(89.24); 50(353.8); 51(230.15); 52(755.49); 53(278.37); 54(133.55); 55(440.92); 56(238.39); 57(106.16); 58(948.61); 59(193.38); 60(129.5); 61(592.54); 62(496.77); 63(732.67); 64(779.0); 65(256.23); 66(648.09); 67(437.64); 68(231.45); 69(472.81); 70(680.15); 71(402.37); 72(54.39); 73(245.8); 74(577.13); 75(448.62); 76(47.21); 77(135.71); 78(481.7); 79(848.6); 80(757.72); 81(695.92); 82(592.87); 83(639.57); 84(650.69); 85(664.4); 86(749.33); 87(209.17); 88(744.8); 89(640.01); 90(512.29); 91(44.68); 92(790.54); 93(252.4); 94(911.44); 95(261.26); 96(964.06); 97(827.43); 98(998.53); 99(492.56); 100(796.67); 101(742.44); 102(742.18); 103(625.3); 104(995.66); 105(955.64); 106(196.18); 107(680.74); 108(419.52); 109(859.93); 110(252.21); 111(804.49); 112(290.16); 113(64.38); 114(319.58); 115(692.73); 116(26.17); 117(958.26); 119(500.57); 120(375.56); 121(680.87); 122(344.25); 123(331.89); 124(54.19); 125(123.17); 126(926.74); 127(5.69); 128(653.11); 129(161.42); 130(187.62); 131(796.24); 132(659.18); 133(744.8); 134(467.43); 135(612.62); 136(964.56); 137(833.59); 138(767.82); 139(159.27); 140(211.2); 141(750.16); 142(371.0); 143(641.23); 144(104.62); 145(251.02); 146(281.8); 147(969.99); 148(577.74); 149(837.69); 150(302.52); 151(733.59); 152(959.28); 153(167.95); 154(373.73); 155(444.21); 156(371.01); 157(779.71); 158(606.74); 159(643.32); 160(982.93); 161(63.44); 162(568.9); 163(958.02); 164(762.03); 165(568.85); 166(339.21); 167(833.11); 168(45.32); 169(314.77); 170(223.25); 171(509.09); 172(515.02); 173(544.05); 174(478.45); 175(157.97); 176(31.61); 177(507.9); 178(373.11); 179(490.72); 180(112.57); 181(69.84); 182(789.16); 183(698.24); 184(997.56); 185(805.44); 186(663.4); 187(920.26); 188(720.24); 189(908.46); 190(535.49); 191(999.0); 192(786.51); 193(765.27); 194(448.73); 195(859.28); 196(628.58); 197(708.94); 198(705.78); 199(521.81); 200(19.54); 201(408.48); 202(943.58); 203(363.22); 204(701.77); 205(862.3); 206(930.74); 207(334.57); 208(785.44); 209(451.05); 210(286.39); 211(691.79); 212(32.37); 213(586.34); 214(94.34); 215(309.97); 216(417.32); 217(138.55); 218(113.12); 219(746.57); 220(47.12); 221(148.15); 222(82.66); 223(675.47); 224(824.3); 225(98.08); 226(872.83); 227(871.82); 228(555.37); 229(200.48); 230(167.55); 231(861.98); 232(154.85); 233(98.04); 234(414.47); 235(364.29); 236(246.11); 237(39.27); 238(546.58); 239(439.18); 240(786.34); 241(602.1); 242(865.46); 243(731.22); 244(352.74); 245(380.79); 246(31.99); 247(217.26); 248(917.87); 249(327.46); 250(253.28); 251(561.27); 252(283.45); 253(356.21); 254(724.1); 255(499.59); 256(239.8); 257(769.5); 258(551.78); 259(179.0); 260(251.52); 261(586.81); 262(227.64); 263(592.17); 264(347.73); 265(311.65); 266(451.21); 267(936.52); 268(383.77); 269(195.15); 270(573.13); 271(318.49); 272(197.64); 273(778.46); 274(521.81); 275(701.01); 276(652.44); 277(108.85); 278(421.11); 279(405.14); 280(142.62); 281(796.39); 282(181.75); 283(134.61); 284(144.62); 285(680.5); 286(47.25); 287(729.21); 288(50.53); 289(692.58); 290(786.75); 291(498.4); 292(572.84); 293(559.14); 294(499.29); 295(81.21); 296(74.87); 297(631.14); 298(686.8); 299(179.86); 300(805.95); 301(414.71); 302(62.46); 303(363.21); 304(539.44); 305(433.37); 306(614.77); 307(44.32); 308(136.8); 309(937.93); 310(230.36); 311(106.77); 312(53.92); 313(748.59); 314(692.17); 315(115.71); 316(470.17); 317(771.5); 318(550.55); 319(423.1); 320(251.04); 321(256.09); 322(857.57); 323(412.66); 324(760.62); 325(436.05); 326(660.19); 327(74.23); 328(490.26); 329(11.14); 330(250.37); 331(516.16); 332(213.03); 333(669.19); 334(708.54); 335(19.99); 336(906.18); 337(412.99); 338(495.11); 339(612.06); 340(374.22); 341(290.29); 342(79.12); 343(127.03); 344(834.63); 345(553.98); 346(922.19); 347(540.07); 348(838.46); 349(205.79); 350(114.59); 351(208.72); 352(359.71); 353(135.91); 354(193.32); 355(878.85); 356(412.28); 357(555.24); 358(509.0); 359(112.18); 360(612.04); 361(236.17); 362(598.62); 363(107.7); 364(337.05); 365(310.08); 366(575.29); 367(702.37); 368(111.96); 369(16.73); 370(745.3); 371(646.01); 372(585.23); 373(886.99); 374(349.72); 375(895.24); 376(750.61); 377(318.99); 378(194.31); 379(899.86); 380(813.25); 381(678.51); 382(631.32); 383(147.27); 384(360.35); 385(468.78); 386(687.04); 387(479.97); 388(937.81); 389(537.81); 390(106.34); 391(912.89); 392(19.35); 393(895.18); 394(33.09); 395(505.25); 396(404.06); 397(796.42); 398(849.91); 399(468.44); 400(646.18); 401(326.98); 402(335.01); 403(806.85); 404(30.72); 405(711.91); 406(753.66); 407(627.19); 408(6.66); 409(190.46); 410(53.8); 411(736.0); 412(550.88); 413(105.63); 414(105.98); 415(122.88); 416(753.15); 417(770.77); 418(28.48); 419(503.98); 420(901.77); 421(75.16); 422(371.29); 423(337.03); 424(760.39); 425(329.58); 426(994.62); 427(894.06); 428(262.16); 429(247.0); 430(159.29); 431(128.15); 432(203.84); 433(716.8); 434(280.56); 435(206.74); 436(573.73); 437(38.18); 438(209.73); 439(988.03); 440(783.69); 441(636.9); 442(53.51); 443(220.88); 444(543.1); 445(787.95); 446(495.57); 447(175.76); 448(398.99); 449(758.3); 450(3.75); 451(996.43); 452(487.82); 453(982.31); 454(928.72); 455(162.93); 456(42.61); 457(534.7); 458(241.97); 459(867.31); 460(152.05); 461(691.51); 462(971.48); 463(425.99); 464(242.11); 465(644.13); 466(949.41); 467(978.73); 468(623.7); 469(234.29); 470(465.27); 471(24.84); 472(333.07); 473(208.24); 474(831.14); 475(563.84); 476(604.81); 477(956.32); 478(331.05); 479(993.46); 480(485.06); 481(888.62); 482(324.75); 483(308.88); 484(331.83); 485(449.12); 486(511.37); 487(966.44); 488(298.91); 489(868.49); 490(622.03); 491(95.64); 492(688.08); 493(52.73); 494(322.78); 495(176.48); 496(228.77); 497(954.7); 498(36.52); 499(445.78),1
119,0(565.96); 1(758.36); 2(362.32); 3(929.44); 4(191.09); 5(791.11); 6(516.5); 7(631.95); 8(924.93); 9(578.91); 10(971.72); 11(410.03); 12(920.64); 13(312.51); 14(289.79); 15(420.69); 16(780.44); 17(119.12); 18(55.82); 19(42.97); 20(635.43); 21(462.28); 22(713.89); 23(954.69); 24(407.75); 25(942.0); 26(443.6); 27(652.77); 28(980.74); 29(261.13); 30(318.37); 31(582.42); 32(607.03); 33(605.71); 34(783.08); 35(492.97); 36(558.15); 37(37.71); 38(857.08); 39(299.64); 40(921.56); 41(973.17); 42(130.98); 43(234.05); 44(485.33); 45(638.07); 46(278.02); 47(665.76); 48(827.76); 49(633.32); 50(212.16); 51(910.64); 52(683.87); 53(966.85); 54(178.86); 55(799.97); 56(926.35); 57(906.29); 58(480.16); 59(122.95); 60(501.56); 61(745.79); 62(844.41); 63(596.67); 64(638.51); 65(62.87); 66(785.12); 67(984.38); 68(345.15); 69(488.54); 70(333.99); 71(2.15); 72(300.79); 73(224.73); 74(772.12); 75(564.49); 76(124.49); 77(267.66); 78(549.54); 79(911.68); 80(405.9); 81(729.61); 82(23.2); 83(161.92); 84(207.59); 85(704.35); 86(112.47); 87(709.95); 88(436.54); 89(850.62); 90(880.41); 91(955.51); 92(252.18); 93(944.37); 94(978.8); 95(692.57); 96(336.81); 97(606.89); 98(651.9); 99(859.43); 100(730.92); 101(968.98); 102(233.91); 103(520.66); 104(365.84); 105(861.47); 106(88.57); 107(97.03); 108(508.23); 109(669.67); 110(624.54); 111(247.35); 112(188.9); 113(837.47); 114(165.67); 115(574.1); 116(922.11); 117(345.33); 118(500.57); 120(55.0); 121(226.52); 122(491.31); 123(426.21); 124(148.72); 125(360.0); 126(97.5); 127(183.59); 128(864.46); 129(417.8); 130(786.52); 131(52.67); 132(572.08); 133(140.18); 134(528.24); 135(789.12); 136(630.77); 137(499.95); 138(959.97); 139(644.11); 140(890.25); 141(74.0); 142(895.27); 143(237.89); 144(493.15); 145(185.64); 146(432.45); 147(441.64); 148(2.88); 149(0.78); 150(772.3); 151(457.61); 152(162.15); 153(976.63); 154(536.34); 155(427.6); 156(857.3); 157(357.39); 158(539.44); 159(487.86); 160(433.76); 161(853.56); 162(975.06); 163(817.77); 164(929.79); 165(254.07); 166(731.61); 167(624.16); 168(867.3); 169(391.48); 170(892.86); 171(901.25); 172(148.35); 173(276.19); 174(317.85); 175(462.21); 176(319.59); 177(476.39); 178(765.9); 179(894.46); 180(197.52); 181(899.07); 182(152.43); 183(8.76); 184(273.42); 185(125.2); 186(390.47); 187(359.11); 188(705.78); 189(322.59); 190(216.27); 191(736.29); 192(853.64); 193(355.72); 194(181.77); 195(938.89); 196(479.94); 197(541.31); 198(406.64); 199(851.68); 200(888.58); 201(8.64); 202(932.13); 203(852.62); 204(735.18); 205(7.59); 206(127.26); 207(799.0); 208(535.21); 209(157.05); 210(500.18); 211(605.07); 212(330.84); 213(293.91); 214(468.17); 215(146.31); 216(939.4); 217(96.54); 218(497.9); 219(782.86); 220(404.16); 221(903.15); 222(480.81); 223(426.07); 224(638.73); 225(306.94); 226(332.95); 227(291.45); 228(597.3); 229(581.21); 230(803.92); 231(117.86); 232(499.16); 233(865.45); 234(355.8); 235(491.35); 236(79.74); 237(760.66); 238(543.96); 239(721.35); 240(70.97); 241(523.49); 242(707.92); 243(604.31); 244(551.74); 245(428.56); 246(91.39); 247(736.0); 248(373.95); 249(306.82); 250(342.59); 251(346.87); 252(599.88); 253(154.19); 254(394.83); 255(156.24); 256(761.02); 257(653.46); 258(833.36); 259(250.54); 260(38.15); 261(443.77); 262(106.49); 263(106.08); 264(520.18); 265(580.11); 266(954.4); 267(914.29); 268(394.14); 269(643.27); 270(741.0); 271(429.29); 272(419.19); 273(693.93); 274(927.3); 275(95.34); 276(862.9); 277(250.05); 278(893.75); 279(617.65); 280(622.58); 281(277.75); 282(550.75); 283(983.65); 284(128.42); 285(818.11); 286(49.65); 287(9.35); 288(392.77); 289(580.14); 290(889.62); 291(451.3); 292(264.62); 293(734.69); 294(738.84); 295(216.24); 296(455.77); 297(604.6); 298(898.7); 299(253.74); 300(221.49); 301(359.47); 302(657.39); 303(772.9); 304(551.61); 305(319.22); 306(784.77); 307(909.25); 308(356.69); 309(233.69); 310(688.02); 311(552.44); 312(352.33); 313(732.44); 314(494.9); 315(332.3); 316(988.54); 317(315.3); 318(126.31); 319(373.07); 320(575.24); 321(45.53); 322(225.48); 323(931.7); 324(519.38); 325(810.94); 326(148.88); 327(462.62); 328(715.13); 329(643.78); 330(127.62); 331(79.27); 332(816.13); 333(970.38); 334(951.23); 335(980.06); 336(869.3); 337(364.37); 338(673.8); 339(678.91); 340(420.82); 341(795.04); 342(224.18); 343(176.31); 344(648.63); 345(386.5); 346(270.46); 347(19.25); 348(785.99); 349(631.03); 350(916.17); 351(270.29); 352(644.61); 353(120.56); 354(95.52); 355(644.18); 356(775.82); 357(221.95); 358(338.84); 359(793.8); 360(190.44); 361(986.9); 362(726.24); 363(653.09); 364(118.46); 365(407.56); 366(557.85); 367(607.2); 368(369.72); 369(730.34); 370(667.91); 371(972.58); 372(54.9); 373(697.74); 374(996.64); 375(656.37); 376(199.95); 377(84.83); 378(702.86); 379(724.18); 380(265.89); 381(185.1); 382(609.95); 383(60.87); 384(742.39); 385(939.44); 386(685.35); 387(139.84); 388(651.27); 389(899.86); 390(458.38); 391(141.38); 392(591.9); 393(970.37); 394(20.51); 395(682.25); 396(371.48); 397(420.22); 398(506.13); 399(811.48); 400(822.69); 401(317.89); 402(415.34); 403(739.08); 404(954.1); 405(358.68); 406(491.7); 407(839.66); 408(922.2); 409(742.99); 410(874.42); 411(646.75); 412(333.98); 413(387.88); 414(699.13); 415(913.21); 416(269.89); 417(628.73); 418(619.83); 419(147.06); 420(669.56); 421(397.14); 422(881.33); 423(620.76); 424(594.98); 425(967.18); 426(930.5); 427(141.57); 428(680.99); 429(574.33); 430(612.88); 431(928.51); 432(756.76); 433(473.6); 434(296.81); 435(112.19); 436(593.65); 437(668.11); 438(300.31); 439(776.8); 440(703.43); 441(938.98); 442(889.28); 443(996.83); 444(71.16); 445(442.85); 446(579.6); 447(114.76); 448(57.79); 449(482.48); 450(632.14); 451(729.2); 452(397.69); 453(31.91); 454(183.73); 455(503.19); 456(736.47); 457(227.42); 458(200.32); 459(255.13); 460(95.97); 461(102.82); 462(339.43); 463(682.74); 464(53.16); 465(114.84); 466(120.21); 467(721.57); 468(617.67); 469(151.0); 470(604.33); 471(797.62); 472(200.8); 473(64.58); 474(388.55); 475(238.84); 476(611.3); 477(835.05); 478(364.16); 479(358.15); 480(677.74); 481(332.26); 482(12.75); 483(396.33); 484(482.42); 485(699.53); 486(50.95); 487(358.55); 488(556.44); 489(438.0); 490(88.08); 491(22.24); 492(320.71); 493(544.64); 494(637.35); 495(284.52); 496(887.13); 497(23.41); 498(823.78); 499(959.13),1
120,0(461.99); 1(669.68); 2(708.12); 3(857.64); 4(450.07); 5(398.52); 6(664.84); 7(303.82); 8(518.35); 9(76.7); 10(952.07); 11(638.42); 12(760.27); 13(937.35); 14(593.76); 15(228.67); 16(858.66); 17(702.1); 18(391.85); 19(494.52); 20(747.41); 21(757.3); 22(893.08); 23(499.32); 24(523.46); 25(611.54); 26(154.22); 27(234.35); 28(868.08); 29(264.33); 30(79.58); 31(53.6); 32(809.37); 33(731.6); 34(997.45); 35(70.92); 36(294.55); 37(193.16); 38(103.25); 39(275.83); 40(864.5); 41(185.92); 42(283.22); 43(413.16); 44(196.17); 45(246.22); 46(838.53); 47(974.16); 48(231.25); 49(894.95); 50(41.83); 51(295.46); 52(256.24); 53(973.59); 54(754.28); 55(738.7); 56(935.24); 57(115.9); 58(533.56); 59(135.52); 60(365.59); 61(122.01); 62(592.33); 63(847.31); 64(366.58); 65(657.39); 66(891.96); 67(362.43); 68(201.69); 69(55.41); 70(594.78); 71(372.56); 72(550.88); 73(174.28); 74(428.4); 75(41.59); 76(385.47); 77(541.52); 78(789.65); 79(153.81); 80(919.56); 81(214.96); 82(299.65); 83(575.78); 84(257.47); 85(438.74); 86(967.73); 87(380.15); 88(65.03); 89(870.5); 90(688.89); 91(233.91); 92(798.32); 93(611.63); 94(963.31); 95(909.65); 96(14.33); 97(980.22); 98(764.07); 99(419.6); 100(644.48); 101(23.99); 102(931.7); 103(904.65); 104(237.72); 105(155.73); 106(327.7); 107(243.24); 108(602.01); 109(267.34); 110(722.14); 111(106.4); 112(664.49); 113(36.5); 114(989.57); 115(336.47); 116(769.03); 117(979.33); 118(375.56); 119(55.0); 121(154.2); 122(405.61); 123(681.81); 124(798.43); 125(617.51); 126(751.51); 127(2.54); 128(843.51); 129(649.32); 130(916.99); 131(953.91); 132(7.99); 133(193.07); 134(652.42); 135(260.24); 136(36.6); 137(466.21); 138(573.75); 139(418.39); 140(488.02); 141(784.11); 142(592.48); 143(868.91); 144(607.59); 145(598.68); 146(819.94); 147(211.14); 148(21.84); 149(279.76); 150(790.92); 151(253.53); 152(387.3); 153(546.22); 154(704.78); 155(714.64); 156(253.79); 157(893.4); 158(661.76); 159(301.44); 160(553.87); 161(566.6); 162(576.29); 163(133.04); 164(545.5); 165(477.96); 166(849.92); 167(315.78); 168(664.58); 169(617.35); 170(51.36); 171(993.12); 172(726.01); 173(45.69); 174(672.6); 175(97.54); 176(249.93); 177(715.85); 178(190.34); 179(558.25); 180(709.69); 181(747.62); 182(720.27); 183(298.12); 184(113.64); 185(404.54); 186(527.32); 187(977.59); 188(498.13); 189(158.33); 190(553.39); 191(438.98); 192(640.82); 193(338.63); 194(252.29); 195(558.41); 196(836.57); 197(306.42); 198(307.78); 199(146.36); 200(7.21); 201(60.54); 202(608.89); 203(186.89); 204(43.7); 205(619.05); 206(894.43); 207(149.25); 208(618.86); 209(192.37); 210(543.09); 211(705.77); 212(264.3); 213(944.15); 214(352.89); 215(269.42); 216(191.6); 217(980.31); 218(316.7); 219(332.16); 220(395.15); 221(305.22); 222(104.37); 223(504.19); 224(409.38); 225(815.82); 226(421.92); 227(870.65); 228(263.1); 229(664.32); 230(510.5); 231(360.32); 232(955.9); 233(112.58); 234(33.71); 235(888.33); 236(466.06); 237(46.29); 238(2.27); 239(352.72); 240(977.56); 241(828.54); 242(715.63); 243(28.47); 244(900.46); 245(796.73); 246(988.32); 247(106.01); 248(547.62); 249(829.58); 250(552.39); 251(946.65); 252(96.01); 253(857.53); 254(357.91); 255(165.74); 256(935.43); 257(753.05); 258(56.12); 259(784.58); 260(951.79); 261(659.98); 262(688.05); 263(341.7); 264(325.49); 265(516.45); 266(791.42); 267(560.98); 268(103.74); 269(99.31); 270(659.95); 271(638.6); 272(121.29); 273(307.46); 274(173.67); 275(233.47); 276(690.91); 277(256.57); 278(669.61); 279(275.87); 280(611.49); 281(36.51); 282(247.36); 283(910.31); 284(987.6); 285(894.26); 286(508.82); 287(508.22); 288(31.11); 289(157.13); 290(899.01); 291(600.39); 292(874.01); 293(540.87); 294(429.33); 295(593.17); 296(631.94); 297(335.06); 298(721.76); 299(727.71); 300(814.13); 301(808.03); 302(895.28); 303(197.76); 304(909.56); 305(321.28); 306(161.72); 307(781.25); 308(712.89); 309(672.49); 310(416.08); 311(410.26); 312(282.16); 313(516.98); 314(679.42); 315(18.44); 316(230.39); 317(241.29); 318(624.84); 319(869.97); 320(306.01); 321(190.36); 322(521.94); 323(683.77); 324(474.68); 325(961.49); 326(756.52); 327(656.16); 328(397.57); 329(500.68); 330(27.17); 331(215.02); 332(279.64); 333(98.7); 334(966.09); 335(964.4); 336(214.87); 337(261.18); 338(108.81); 339(215.74); 340(805.89); 341(720.28); 342(306.4); 343(585.09); 344(688.11); 345(155.1); 346(342.49); 347(36.23); 348(453.87); 349(246.19); 350(663.73); 351(982.84); 352(598.16); 353(338.35); 354(545.78); 355(653.83); 356(206.91); 357(629.58); 358(585.59); 359(682.61); 360(918.0); 361(94.51); 362(854.37); 363(202.31); 364(345.47); 365(220.51); 366(537.05); 367(677.15); 368(861.75); 369(586.58); 370(780.55); 371(475.96); 372(865.91); 373(514.92); 374(417.1); 375(606.36); 376(398.05); 377(791.88); 378(161.19); 379(882.4); 380(411.72); 381(49.0); 382(927.72); 383(449.1); 384(663.99); 385(699.58); 386(434.48); 387(30.79); 388(484.17); 389(975.98); 390(201.94); 391(126.33); 392(367.79); 393(7.1); 394(121.82); 395(528.0); 396(204.98); 397(286.34); 398(910.69); 399(498.48); 400(771.46); 401(64.83); 402(756.12); 403(236.02); 404(577.03); 405(842.81); 406(214.57); 407(8.02); 408(388.45); 409(786.96); 410(501.06); 411(437.04); 412(226.63); 413(415.78); 414(601.16); 415(200.26); 416(542.81); 417(435.2); 418(228.4); 419(322.71); 420(839.27); 421(29.47); 422(663.86); 423(795.69); 424(127.39); 425(880.68); 426(676.24); 427(873.41); 428(546.36); 429(900.01); 430(861.73); 431(13.36); 432(402.33); 433(619.28); 434(745.42); 435(448.92); 436(127.52); 437(727.33); 438(685.41); 439(904.37); 440(234.05); 441(187.27); 442(336.12); 443(444.02); 444(104.13); 445(399.07); 446(817.08); 447(576.64); 448(397.92); 449(986.23); 450(663.66); 451(589.77); 452(416.13); 453(989.9); 454(978.59); 455(78.52); 456(93.73); 457(964.48); 458(445.47); 459(219.86); 460(805.18); 461(461.95); 462(358.17); 463(670.03); 464(711.31); 465(827.82); 466(899.25); 467(389.09); 468(335.62); 469(218.06); 470(902.75); 471(253.73); 472(944.84); 473(975.07); 474(787.42); 475(391.62); 476(937.37); 477(97.95); 478(483.26); 479(886.71); 480(474.03); 481(26.81); 482(429.28); 483(140.75); 484(722.36); 485(304.78); 486(90.25); 487(369.9); 488(588.28); 489(771.83); 490(209.95); 491(49.61); 492(638.5); 493(432.48); 494(295.59); 495(177.67); 496(703.62); 497(271.78); 498(464.84); 499(715.17),1
121,0(77.87); 1(959.21); 2(936.65); 3(113.51); 4(94.62); 5(216.33); 6(667.85); 7(269.19); 8(790.86); 9(541.18); 10(385.72); 11(896.0); 12(192.85); 13(365.44); 14(148.77); 15(982.35); 16(543.1); 17(433.17); 18(671.86); 19(790.48); 20(414.99); 21(923.31); 22(496.18); 23(562.12); 24(299.91); 25(552.23); 26(286.87); 27(559.42); 28(179.63); 29(878.53); 30(123.05); 31(477.56); 32(344.32); 33(681.79); 34(623.71); 35(460.57); 36(353.58); 37(315.24); 38(833.67); 39(868.38); 40(406.95); 41(851.63); 42(35.76); 43(819.89); 44(298.79); 45(20.83); 46(288.38); 47(627.8); 48(451.59); 49(562.45); 50(764.0); 51(867.5); 52(258.05); 53(185.82); 54(529.07); 55(69.98); 56(530.95); 57(339.11); 58(30.75); 59(47.32); 60(421.97); 61(512.04); 62(197.39); 63(58.58); 64(129.54); 65(934.37); 66(907.27); 67(429.22); 68(261.5); 69(349.36); 70(962.06); 71(9.55); 72(726.18); 73(697.34); 74(157.42); 75(890.36); 76(165.32); 77(929.34); 78(327.63); 79(181.54); 80(893.4); 81(790.54); 82(391.15); 83(31.28); 84(221.62); 85(614.37); 86(348.89); 87(99.21); 88(207.77); 89(939.53); 90(538.56); 91(223.8); 92(605.38); 93(582.23); 94(265.76); 95(513.2); 96(241.64); 97(683.34); 98(561.78); 99(404.69); 100(875.1); 101(62.79); 102(545.83); 103(727.35); 104(379.42); 105(799.69); 106(975.94); 107(971.24); 108(443.78); 109(799.07); 110(68.9); 111(594.74); 112(798.43); 113(788.58); 114(790.81); 115(528.79); 116(524.93); 117(284.79); 118(680.87); 119(226.52); 120(154.2); 122(867.5); 123(555.19); 124(784.48); 125(457.1); 126(74.0); 127(521.58); 128(225.3); 129(170.87); 130(111.37); 131(729.44); 132(644.15); 133(223.38); 134(912.33); 135(832.39); 136(968.92); 137(412.69); 138(195.83); 139(321.21); 140(522.81); 141(695.92); 142(479.96); 143(824.56); 144(79.31); 145(977.48); 146(295.38); 147(680.1); 148(202.84); 149(841.42); 150(215.02); 151(467.08); 152(974.8); 153(665.91); 154(983.73); 155(848.31); 156(949.32); 157(240.0); 158(480.66); 159(718.35); 160(291.28); 161(870.39); 162(260.32); 163(815.75); 164(950.29); 165(71.36); 166(582.72); 167(744.09); 168(771.35); 169(311.51); 170(299.9); 171(533.32); 172(813.42); 173(296.1); 174(6.77); 175(986.67); 176(674.34); 177(646.64); 178(271.11); 179(853.19); 180(218.7); 181(851.8); 182(909.89); 183(956.51); 184(858.87); 185(578.52); 186(523.17); 187(89.66); 188(841.01); 189(9.7); 190(986.7); 191(461.45); 192(428.67); 193(349.35); 194(228.5); 195(159.71); 196(259.51); 197(490.41); 198(291.73); 199(914.6); 200(33.95); 201(211.99); 202(775.66); 203(188.46); 204(934.31); 205(449.06); 206(742.66); 207(567.01); 208(167.92); 209(518.82); 210(719.74); 211(925.11); 212(107.17); 213(270.01); 214(779.73); 215(633.21); 216(353.76); 217(903.69); 218(763.31); 219(24.97); 220(752.4); 221(484.66); 222(215.54); 223(581.78); 224(989.44); 225(909.39); 226(215.32); 227(23.23); 228(826.29); 229(779.77); 230(802.25); 231(781.8); 232(997.03); 233(652.87); 234(743.4); 235(727.06); 236(121.69); 237(335.74); 238(193.97); 239(658.21); 240(563.22); 241(968.53); 242(527.48); 243(184.0); 244(675.22); 245(89.58); 246(907.37); 247(309.65); 248(620.51); 249(522.13); 250(861.95); 251(965.79); 252(708.22); 253(356.1); 254(66.94); 255(502.29); 256(255.25); 257(62.21); 258(671.42); 259(806.61); 260(890.45); 261(690.1); 262(936.33); 263(261.66); 264(227.72); 265(533.31); 266(274.54); 267(375.49); 268(447.2); 269(594.35); 270(735.83); 271(598.43); 272(403.54); 273(985.2); 274(295.15); 275(787.5); 276(387.82); 277(254.96); 278(821.53); 279(587.8); 280(470.64); 281(868.09); 282(291.27); 283(98.19); 284(620.08); 285(627.51); 286(988.93); 287(818.97); 288(282.22); 289(488.89); 290(370.63); 291(632.23); 292(32.52); 293(28.64); 294(338.97); 295(841.37); 296(370.52); 297(926.75); 298(968.96); 299(338.96); 300(320.53); 301(284.91); 302(916.91); 303(662.72); 304(966.05); 305(308.0); 306(782.12); 307(621.81); 308(255.95); 309(302.53); 310(723.41); 311(315.33); 312(174.02); 313(332.16); 314(182.88); 315(797.1); 316(787.54); 317(686.04); 318(985.59); 319(640.13); 320(877.41); 321(973.15); 322(84.38); 323(430.14); 324(598.23); 325(1.21); 326(926.32); 327(587.7); 328(120.16); 329(847.8); 330(312.66); 331(383.35); 332(965.91); 333(208.32); 334(19.71); 335(981.78); 336(257.23); 337(240.86); 338(372.87); 339(498.92); 340(602.34); 341(991.93); 342(733.14); 343(25.69); 344(515.31); 345(862.64); 346(114.66); 347(588.61); 348(584.14); 349(956.55); 350(73.5); 351(418.91); 352(998.18); 353(475.33); 354(614.77); 355(160.87); 356(252.7); 357(646.93); 358(224.35); 359(934.22); 360(639.75); 361(85.51); 362(736.89); 363(337.62); 364(991.89); 365(4.08); 366(318.4); 367(516.86); 368(914.11); 369(926.39); 370(824.94); 371(38.38); 372(522.68); 373(447.55); 374(249.59); 375(373.82); 376(974.08); 377(96.65); 378(988.71); 379(829.86); 380(251.54); 381(295.42); 382(770.72); 383(636.95); 384(91.94); 385(189.14); 386(476.69); 387(507.48); 388(836.68); 389(582.09); 390(369.86); 391(337.97); 392(870.42); 393(372.98); 394(250.86); 395(936.58); 396(478.1); 397(314.79); 398(989.44); 399(525.93); 400(261.57); 401(730.62); 402(467.99); 403(98.57); 404(535.48); 405(126.13); 406(72.76); 407(224.86); 408(800.18); 409(971.42); 410(325.33); 411(132.43); 412(849.01); 413(14.54); 414(908.81); 415(369.01); 416(378.76); 417(600.75); 418(234.2); 419(91.23); 420(713.4); 421(458.34); 422(720.82); 423(621.36); 424(878.49); 425(34.0); 426(820.63); 427(833.16); 428(38.13); 429(934.56); 430(635.27); 431(67.58); 432(198.96); 433(67.37); 434(88.56); 435(545.84); 436(628.31); 437(928.28); 438(650.74); 439(895.56); 440(18.54); 441(197.27); 442(648.81); 443(536.83); 444(235.14); 445(43.43); 446(945.13); 447(883.39); 448(530.18); 449(17.49); 450(454.19); 451(33.62); 452(347.99); 453(711.38); 454(596.09); 455(356.9); 456(785.4); 457(280.64); 458(276.42); 459(943.73); 460(876.22); 461(2.99); 462(800.69); 463(471.54); 464(959.7); 465(148.48); 466(957.18); 467(413.88); 468(111.95); 469(122.36); 470(927.73); 471(434.8); 472(817.64); 473(547.43); 474(248.75); 475(282.78); 476(802.34); 477(942.32); 478(534.98); 479(59.43); 480(971.36); 481(712.79); 482(291.89); 483(934.02); 484(84.27); 485(945.84); 486(367.83); 487(440.92); 488(210.44); 489(303.95); 490(168.16); 491(466.45); 492(179.87); 493(546.58); 494(660.12); 495(500.97); 496(799.01); 497(673.77); 498(286.5); 499(653.3),1
122,0(255.65); 1(216.22); 2(726.86); 3(664.4); 4(776.07); 5(147.93); 6(252.28); 7(13.89); 8(551.78); 9(845.74); 10(729.78); 11(672.62); 12(389.03); 13(932.85); 14(643.71); 15(918.76); 16(815.78); 17(673.8); 18(661.31); 19(670.64); 20(693.22); 21(234.76); 22(30.32); 23(940.14); 24(336.95); 25(46.57); 26(529.96); 27(488.42); 28(513.62); 29(962.34); 30(449.41); 31(682.69); 32(141.93); 33(918.65); 34(154.5); 35(139.06); 36(505.13); 37(58.1); 38(604.61); 39(522.91); 40(708.25); 41(734.92); 42(355.45); 43(608.22); 44(927.81); 45(556.84); 46(421.81); 47(367.5); 48(680.85); 49(391.06); 50(680.47); 51(40.86); 52(241.67); 53(44.02); 54(76.73); 55(89.62); 56(514.92); 57(764.62); 58(376.6); 59(189.68); 60(2.42); 61(814.06); 62(3.73); 63(392.1); 64(635.62); 65(907.27); 66(248.87); 67(514.93); 68(39.59); 69(3.91); 70(282.4); 71(446.07); 72(832.47); 73(232.58); 74(874.16); 75(429.41); 76(877.92); 77(567.43); 78(389.71); 79(677.52); 80(969.27); 81(641.12); 82(683.62); 83(576.39); 84(236.01); 85(940.93); 86(673.08); 87(707.22); 88(736.57); 89(450.58); 90(924.81); 91(979.82); 92(316.68); 93(368.01); 94(784.06); 95(235.12); 96(377.27); 97(926.06); 98(117.28); 99(18.0); 100(241.97); 101(606.6); 102(996.47); 103(748.97); 104(736.43); 105(488.17); 106(778.85); 107(155.86); 108(289.09); 109(323.55); 110(906.52); 111(61.83); 112(710.5); 113(477.48); 114(772.33); 115(97.43); 116(55.14); 117(392.14); 118(344.25); 119(491.31); 120(405.61); 121(867.5); 123(932.86); 124(92.19); 125(128.26); 126(13.31); 127(301.73); 128(827.34); 129(315.14); 130(281.58); 131(764.3); 132(433.56); 133(807.54); 134(708.9); 135(469.44); 136(101.14); 137(557.37); 138(819.73); 139(947.46); 140(866.59); 141(504.67); 142(585.35); 143(492.65); 144(317.91); 145(779.05); 146(453.56); 147(134.36); 148(150.12); 149(949.83); 150(707.28); 151(690.63); 152(459.6); 153(433.67); 154(845.86); 155(556.24); 156(90.07); 157(20.27); 158(807.86); 159(339.8); 160(917.92); 161(933.38); 162(710.48); 163(659.99); 164(204.22); 165(387.61); 166(877.22); 167(968.69); 168(460.48); 169(773.91); 170(17.91); 171(400.92); 172(420.37); 173(200.28); 174(47.15); 175(922.83); 176(752.73); 177(233.52); 178(545.27); 179(431.83); 180(444.73); 181(489.05); 182(98.81); 183(521.77); 184(865.82); 185(702.6); 186(768.99); 187(838.85); 188(509.03); 189(21.74); 190(263.69); 191(350.11); 192(71.29); 193(637.69); 194(312.51); 195(206.42); 196(375.94); 197(8.81); 198(734.64); 199(953.17); 200(510.01); 201(558.81); 202(831.68); 203(863.71); 204(796.76); 205(555.0); 206(774.79); 207(968.98); 208(987.21); 209(524.16); 210(463.22); 211(994.16); 212(346.78); 213(975.57); 214(170.01); 215(582.25); 216(341.33); 217(346.22); 218(746.46); 219(730.79); 220(560.53); 221(220.89); 222(701.93); 223(362.2); 224(214.77); 225(590.25); 226(666.41); 227(76.15); 228(513.19); 229(690.18); 230(997.79); 231(274.89); 232(188.15); 233(712.42); 234(988.66); 235(258.19); 236(353.24); 237(416.89); 238(164.5); 239(731.69); 240(952.77); 241(832.16); 242(4.36); 243(39.59); 244(849.21); 245(26.48); 246(212.69); 247(106.36); 248(824.13); 249(683.09); 250(682.02); 251(941.77); 252(912.75); 253(295.38); 254(74.0); 255(350.04); 256(404.93); 257(515.11); 258(139.21); 259(633.42); 260(538.58); 261(210.6); 262(527.68); 263(46.11); 264(485.23); 265(718.62); 266(339.89); 267(942.43); 268(256.1); 269(28.43); 270(34.09); 271(303.18); 272(11.16); 273(119.57); 274(228.37); 275(945.22); 276(425.31); 277(652.54); 278(906.49); 279(921.72); 280(420.51); 281(749.93); 282(895.5); 283(838.31); 284(315.02); 285(875.62); 286(171.81); 287(999.98); 288(736.07); 289(304.54); 290(248.58); 291(873.88); 292(600.75); 293(430.84); 294(935.46); 295(701.76); 296(337.42); 297(808.56); 298(496.18); 299(772.53); 300(572.87); 301(0.43); 302(202.35); 303(567.88); 304(222.72); 305(184.77); 306(90.68); 307(561.91); 308(204.66); 309(437.53); 310(832.08); 311(150.38); 312(514.07); 313(141.07); 314(291.02); 315(558.33); 316(479.22); 317(932.25); 318(309.85); 319(553.12); 320(56.09); 321(453.56); 322(115.58); 323(286.1); 324(423.13); 325(681.9); 326(825.79); 327(284.0); 328(605.07); 329(15.94); 330(396.64); 331(680.32); 332(428.65); 333(590.0); 334(870.65); 335(621.79); 336(123.79); 337(556.35); 338(823.1); 339(84.39); 340(889.76); 341(278.98); 342(528.44); 343(274.88); 344(51.19); 345(65.27); 346(916.8); 347(906.42); 348(813.13); 349(529.97); 350(938.62); 351(190.57); 352(446.78); 353(168.89); 354(388.44); 355(118.26); 356(110.19); 357(186.52); 358(47.46); 359(466.34); 360(968.74); 361(628.68); 362(620.16); 363(343.9); 364(198.3); 365(810.82); 366(960.05); 367(863.05); 368(453.64); 369(855.36); 370(420.25); 371(959.76); 372(200.79); 373(532.05); 374(729.46); 375(79.46); 376(542.55); 377(811.79); 378(483.58); 379(241.14); 380(483.3); 381(204.84); 382(423.93); 383(925.09); 384(302.39); 385(986.59); 386(256.24); 387(882.96); 388(290.12); 389(186.42); 390(726.27); 391(252.77); 392(878.33); 393(676.84); 394(572.91); 395(771.21); 396(519.73); 397(700.35); 398(945.66); 399(625.43); 400(235.74); 401(885.26); 402(60.38); 403(883.0); 404(269.2); 405(24.26); 406(242.81); 407(389.52); 408(901.02); 409(269.09); 410(32.27); 411(349.19); 412(672.47); 413(699.75); 414(571.96); 415(285.29); 416(729.12); 417(808.17); 418(886.13); 419(930.8); 420(932.36); 421(889.57); 422(961.78); 423(420.02); 424(728.52); 425(706.42); 426(973.27); 427(446.13); 428(336.3); 429(870.36); 430(132.79); 431(30.57); 432(894.33); 433(409.1); 434(225.17); 435(215.97); 436(608.09); 437(57.67); 438(206.59); 439(684.75); 440(910.06); 441(959.87); 442(651.06); 443(125.35); 444(415.51); 445(423.13); 446(217.87); 447(671.69); 448(197.89); 449(620.33); 450(245.54); 451(609.84); 452(312.87); 453(611.66); 454(190.6); 455(761.17); 456(481.66); 457(233.98); 458(957.94); 459(648.23); 460(465.89); 461(13.2); 462(127.23); 463(677.63); 464(14.99); 465(540.12); 466(951.31); 467(393.72); 468(858.17); 469(695.0); 470(567.49); 471(658.5); 472(386.17); 473(574.35); 474(806.9); 475(210.7); 476(992.23); 477(623.18); 478(148.11); 479(844.5); 480(964.5); 481(67.07); 482(487.78); 483(780.31); 484(883.92); 485(421.59); 486(797.18); 487(723.32); 488(225.51); 489(571.71); 490(897.5); 491(745.9); 492(901.36); 493(875.22); 494(965.75); 495(551.53); 496(322.98); 497(469.75); 498(898.41); 499(507.49),1
123,0(891.69); 1(352.78); 2(432.02); 3(903.34); 4(314.82); 5(416.4); 6(571.87); 7(948.62); 8(210.69); 9(69.46); 10(937.21); 11(55.63); 12(905.3); 13(201.81); 14(55.26); 15(915.97); 16(560.89); 17(761.14); 18(45.92); 19(95.65); 20(766.04); 21(5.65); 22(83.02); 23(653.94); 24(394.87); 25(808.25); 26(523.88); 27(286.77); 28(802.71); 29(697.39); 30(418.88); 31(975.52); 32(552.9); 33(260.77); 34(411.14); 35(507.46); 36(685.86); 37(15.12); 38(6.38); 39(820.53); 40(488.83); 41(494.34); 42(854.89); 43(589.61); 44(580.97); 45(566.9); 46(590.28); 47(590.1); 48(139.04); 49(739.72); 50(777.11); 51(54.37); 52(587.91); 53(900.08); 54(401.84); 55(647.27); 56(698.47); 57(126.45); 58(506.79); 59(780.89); 60(701.35); 61(489.51); 62(701.34); 63(823.93); 64(927.58); 65(901.43); 66(964.81); 67(663.66); 68(970.95); 69(972.92); 70(360.99); 71(810.85); 72(793.14); 73(978.89); 74(65.84); 75(86.65); 76(302.38); 77(735.17); 78(54.23); 79(700.71); 80(280.14); 81(226.28); 82(974.6); 83(10.27); 84(101.33); 85(260.21); 86(743.06); 87(885.29); 88(492.22); 89(22.72); 90(887.12); 91(318.55); 92(724.28); 93(641.14); 94(651.57); 95(620.58); 96(617.88); 97(680.97); 98(554.01); 99(973.38); 100(130.76); 101(787.7); 102(182.15); 103(290.87); 104(88.76); 105(919.94); 106(364.4); 107(174.9); 108(446.41); 109(730.91); 110(439.34); 111(412.16); 112(416.6); 113(440.74); 114(223.95); 115(549.65); 116(163.8); 117(831.84); 118(331.89); 119(426.21); 120(681.81); 121(555.19); 122(932.86); 124(21.82); 125(233.79); 126(372.82); 127(446.48); 128(270.67); 129(685.46); 130(877.4); 131(880.78); 132(111.17); 133(589.41); 134(674.95); 135(768.5); 136(22.77); 137(674.52); 138(909.02); 139(237.88); 140(111.0); 141(288.33); 142(175.77); 143(515.65); 144(24.9); 145(412.46); 146(462.21); 147(730.3); 148(804.32); 149(65.45); 150(382.85); 151(811.6); 152(500.36); 153(882.39); 154(652.9); 155(709.33); 156(592.2); 157(424.75); 158(48.86); 159(394.86); 160(658.0); 161(779.34); 162(469.92); 163(198.11); 164(80.55); 165(914.39); 166(227.68); 167(771.12); 168(757.49); 169(669.4); 170(795.4); 171(405.64); 172(995.31); 173(803.86); 174(659.01); 175(474.95); 176(681.66); 177(65.22); 178(719.16); 179(509.55); 180(989.74); 181(652.36); 182(227.51); 183(360.27); 184(552.04); 185(623.79); 186(706.74); 187(184.5); 188(674.33); 189(721.35); 190(410.1); 191(981.85); 192(519.38); 193(987.16); 194(799.58); 195(219.68); 196(867.71); 197(182.83); 198(336.55); 199(614.86); 200(786.9); 201(26.7); 202(837.04); 203(258.57); 204(395.04); 205(990.19); 206(961.48); 207(652.73); 208(734.85); 209(911.93); 210(588.04); 211(395.85); 212(383.8); 213(664.88); 214(933.82); 215(300.55); 216(732.59); 217(830.43); 218(948.19); 219(743.87); 220(496.17); 221(837.29); 222(361.36); 223(695.13); 224(720.37); 225(399.38); 226(952.51); 227(757.47); 228(565.28); 229(674.43); 230(224.56); 231(719.06); 232(953.44); 233(537.79); 234(137.02); 235(53.0); 236(469.19); 237(277.42); 238(226.65); 239(144.27); 240(146.93); 241(446.57); 242(586.38); 243(111.12); 244(788.79); 245(865.63); 246(876.58); 247(509.53); 248(367.05); 249(768.5); 250(618.76); 251(334.98); 252(356.26); 253(442.86); 254(242.4); 255(561.65); 256(102.05); 257(215.38); 258(665.43); 259(655.43); 260(615.85); 261(637.84); 262(545.16); 263(399.8); 264(159.61); 265(47.85); 266(726.39); 267(726.48); 268(385.97); 269(75.97); 270(740.52); 271(416.03); 272(902.39); 273(544.54); 274(34.18); 275(744.3); 276(553.94); 277(121.61); 278(213.43); 279(779.17); 280(346.55); 281(39.31); 282(260.44); 283(205.04); 284(401.11); 285(105.78); 286(431.14); 287(925.28); 288(624.07); 289(218.42); 290(796.54); 291(947.3); 292(17.42); 293(223.29); 294(822.85); 295(615.2); 296(881.72); 297(69.78); 298(187.91); 299(883.4); 300(7.1); 301(498.88); 302(725.05); 303(967.56); 304(682.87); 305(789.31); 306(259.28); 307(331.12); 308(939.39); 309(772.83); 310(78.89); 311(753.09); 312(768.37); 313(164.24); 314(714.05); 315(80.34); 316(37.39); 317(904.06); 318(281.74); 319(64.11); 320(137.06); 321(778.56); 322(451.43); 323(1.07); 324(307.73); 325(252.4); 326(79.22); 327(378.64); 328(617.72); 329(141.0); 330(481.44); 331(376.99); 332(93.42); 333(89.5); 334(337.44); 335(172.18); 336(335.54); 337(555.37); 338(594.79); 339(141.97); 340(188.64); 341(754.58); 342(455.78); 343(479.2); 344(0.61); 345(629.19); 346(679.78); 347(854.45); 348(419.42); 349(323.19); 350(881.56); 351(957.97); 352(74.13); 353(212.55); 354(287.94); 355(798.06); 356(310.45); 357(900.38); 358(26.46); 359(418.9); 360(650.28); 361(680.7); 362(713.82); 363(802.58); 364(325.84); 365(118.93); 366(557.13); 367(748.79); 368(291.0); 369(549.32); 370(702.67); 371(528.93); 372(467.67); 373(633.12); 374(84.75); 375(756.14); 376(668.69); 377(327.14); 378(846.34); 379(219.72); 380(92.93); 381(596.88); 382(72.76); 383(606.24); 384(43.73); 385(922.76); 386(483.76); 387(546.96); 388(400.39); 389(820.63); 390(963.33); 391(82.52); 392(779.39); 393(605.77); 394(479.82); 395(327.0); 396(33.88); 397(414.4); 398(178.93); 399(861.61); 400(215.64); 401(528.46); 402(584.07); 403(882.62); 404(263.16); 405(901.41); 406(404.67); 407(27.37); 408(586.71); 409(10.63); 410(921.81); 411(707.06); 412(874.25); 413(445.17); 414(308.03); 415(438.95); 416(613.74); 417(348.11); 418(51.82); 419(990.86); 420(31.79); 421(936.02); 422(928.7); 423(392.29); 424(358.3); 425(530.74); 426(118.42); 427(594.97); 428(613.49); 429(78.26); 430(159.03); 431(199.25); 432(343.15); 433(152.04); 434(985.99); 435(269.9); 436(825.69); 437(918.77); 438(840.7); 439(384.68); 440(158.53); 441(266.02); 442(518.14); 443(259.88); 444(538.92); 445(835.14); 446(886.28); 447(381.79); 448(871.04); 449(529.72); 450(129.62); 451(379.98); 452(867.32); 453(590.9); 454(952.9); 455(307.66); 456(11.66); 457(427.56); 458(609.62); 459(956.17); 460(446.33); 461(108.4); 462(894.32); 463(52.26); 464(99.02); 465(896.3); 466(842.57); 467(633.2); 468(744.93); 469(76.31); 470(778.35); 471(125.52); 472(988.45); 473(614.02); 474(696.35); 475(971.05); 476(390.14); 477(55.81); 478(653.38); 479(967.63); 480(124.7); 481(476.05); 482(788.72); 483(760.82); 484(334.76); 485(759.06); 486(842.83); 487(948.78); 488(995.97); 489(990.68); 490(896.5); 491(479.29); 492(446.83); 493(157.51); 494(85.39); 495(878.31); 496(342.01); 497(889.22); 498(419.03); 499(950.73),2
124,0(619.79); 1(125.32); 2(637.85); 3(338.06); 4(25.51); 5(270.87); 6(497.44); 7(413.55); 8(660.66); 9(515.4); 10(936.73); 11(783.68); 12(285.46); 13(556.92); 14(107.58); 15(640.91); 16(172.67); 17(14.91); 18(726.25); 19(729.59); 20(860.09); 21(173.62); 22(21.03); 23(41.99); 24(709.91); 25(66.86); 26(9.38); 27(934.15); 28(690.37); 29(684.49); 30(433.3); 31(386.9); 32(413.45); 33(661.26); 34(451.87); 35(821.2); 36(2.66); 37(105.1); 38(501.06); 39(248.29); 40(203.77); 41(564.5); 42(752.53); 43(639.47); 44(228.59); 45(900.17); 46(262.83); 47(633.75); 48(111.02); 49(266.65); 50(476.12); 51(342.06); 52(543.2); 53(178.55); 54(472.36); 55(667.17); 56(966.4); 57(151.1); 58(570.73); 59(653.1); 60(464.12); 61(570.98); 62(813.14); 63(155.61); 64(188.12); 65(184.13); 66(113.63); 67(641.2); 68(66.12); 69(713.88); 70(1.89); 71(361.16); 72(378.39); 73(623.21); 74(683.48); 75(774.43); 76(743.13); 77(395.1); 78(158.97); 79(503.11); 80(863.6); 81(426.28); 82(35.54); 83(527.63); 84(573.53); 85(135.51); 86(147.12); 87(824.82); 88(832.08); 89(615.17); 90(613.78); 91(589.87); 92(969.1); 93(827.4); 94(316.68); 95(600.06); 96(17.75); 97(150.51); 98(552.38); 99(111.24); 100(340.91); 101(429.98); 102(170.71); 103(198.07); 104(695.55); 105(721.72); 106(163.49); 107(801.68); 108(200.52); 109(862.97); 110(63.77); 111(737.64); 112(560.67); 113(636.56); 114(274.45); 115(152.02); 116(363.86); 117(981.95); 118(54.19); 119(148.72); 120(798.43); 121(784.48); 122(92.19); 123(21.82); 125(400.42); 126(660.97); 127(896.78); 128(996.94); 129(466.79); 130(712.96); 131(878.9); 132(717.93); 133(665.18); 134(172.1); 135(436.03); 136(220.22); 137(78.27); 138(23.48); 139(758.49); 140(944.56); 141(373.1); 142(761.53); 143(555.43); 144(419.63); 145(657.75); 146(796.75); 147(321.98); 148(194.24); 149(425.87); 150(300.43); 151(234.83); 152(774.96); 153(383.27); 154(942.86); 155(69.73); 156(999.33); 157(4.65); 158(913.15); 159(196.95); 160(586.88); 161(548.19); 162(531.79); 163(110.12); 164(513.89); 165(245.44); 166(139.14); 167(243.84); 168(982.9); 169(456.33); 170(690.32); 171(602.59); 172(454.21); 173(760.37); 174(986.31); 175(502.75); 176(679.09); 177(89.5); 178(924.11); 179(809.47); 180(210.64); 181(654.52); 182(981.09); 183(534.4); 184(247.87); 185(338.4); 186(566.28); 187(432.28); 188(247.53); 189(165.8); 190(1.15); 191(593.55); 192(297.02); 193(889.24); 194(311.77); 195(751.83); 196(220.76); 197(121.77); 198(129.7); 199(416.94); 200(852.19); 201(691.58); 202(573.94); 203(188.11); 204(551.6); 205(17.72); 206(684.67); 207(278.54); 208(36.63); 209(28.0); 210(226.34); 211(793.19); 212(55.46); 213(489.39); 214(732.03); 215(855.22); 216(360.39); 217(328.39); 218(639.83); 219(834.05); 220(524.64); 221(507.8); 222(76.94); 223(425.59); 224(22.46); 225(767.03); 226(259.27); 227(794.76); 228(60.45); 229(423.5); 230(593.49); 231(191.49); 232(104.34); 233(978.98); 234(993.72); 235(817.04); 236(805.43); 237(95.47); 238(163.43); 239(674.97); 240(109.3); 241(886.79); 242(288.46); 243(263.42); 244(7.91); 245(617.48); 246(389.72); 247(563.45); 248(985.64); 249(994.68); 250(108.73); 251(73.67); 252(117.52); 253(971.85); 254(764.65); 255(415.19); 256(595.35); 257(542.55); 258(440.37); 259(710.26); 260(127.54); 261(521.2); 262(575.51); 263(147.59); 264(774.24); 265(557.53); 266(39.8); 267(302.03); 268(178.74); 269(94.24); 270(555.61); 271(318.87); 272(166.41); 273(335.76); 274(829.84); 275(222.68); 276(375.96); 277(806.81); 278(882.86); 279(320.18); 280(726.33); 281(764.62); 282(371.31); 283(575.15); 284(732.21); 285(236.3); 286(916.34); 287(744.51); 288(273.38); 289(559.31); 290(164.43); 291(279.41); 292(747.95); 293(976.59); 294(398.02); 295(666.68); 296(963.57); 297(439.29); 298(773.84); 299(569.55); 300(741.5); 301(335.96); 302(933.42); 303(703.71); 304(3.35); 305(897.82); 306(806.88); 307(571.34); 308(487.6); 309(247.52); 310(138.29); 311(557.12); 312(174.02); 313(594.51); 314(272.63); 315(144.07); 316(17.49); 317(741.17); 318(588.63); 319(680.09); 320(384.01); 321(190.58); 322(900.59); 323(25.98); 324(520.82); 325(125.31); 326(155.39); 327(663.18); 328(646.18); 329(513.31); 330(648.12); 331(431.71); 332(107.42); 333(322.91); 334(571.27); 335(108.53); 336(943.25); 337(561.05); 338(710.35); 339(469.8); 340(890.87); 341(881.37); 342(800.95); 343(987.98); 344(13.15); 345(494.98); 346(451.81); 347(57.88); 348(170.34); 349(5.23); 350(257.3); 351(60.01); 352(639.16); 353(181.44); 354(789.67); 355(486.44); 356(891.41); 357(274.27); 358(333.7); 359(937.54); 360(897.21); 361(509.38); 362(554.23); 363(728.05); 364(510.36); 365(308.23); 366(189.16); 367(87.13); 368(524.94); 369(181.22); 370(51.99); 371(849.17); 372(582.9); 373(678.89); 374(942.34); 375(494.24); 376(27.0); 377(284.11); 378(45.89); 379(682.22); 380(531.06); 381(823.6); 382(473.7); 383(807.64); 384(910.71); 385(565.85); 386(368.81); 387(619.24); 388(862.25); 389(870.64); 390(765.91); 391(2.51); 392(517.86); 393(625.26); 394(178.6); 395(298.46); 396(61.78); 397(166.4); 398(469.9); 399(315.66); 400(335.49); 401(531.98); 402(209.78); 403(542.56); 404(176.62); 405(156.26); 406(347.02); 407(25.11); 408(42.24); 409(850.31); 410(88.53); 411(805.65); 412(231.56); 413(206.54); 414(406.34); 415(350.28); 416(915.72); 417(508.72); 418(320.53); 419(517.32); 420(314.87); 421(76.08); 422(411.21); 423(462.86); 424(940.92); 425(271.71); 426(523.3); 427(93.61); 428(427.59); 429(17.74); 430(482.03); 431(984.61); 432(15.22); 433(134.77); 434(207.03); 435(66.59); 436(468.44); 437(748.73); 438(477.49); 439(523.22); 440(311.21); 441(658.21); 442(559.69); 443(821.25); 444(741.71); 445(831.27); 446(291.02); 447(467.08); 448(255.08); 449(137.16); 450(841.13); 451(941.37); 452(158.44); 453(487.84); 454(609.09); 455(61.45); 456(440.83); 457(180.3); 458(28.41); 459(512.91); 460(477.56); 461(823.9); 462(244.3); 463(37.34); 464(187.3); 465(476.32); 466(564.88); 467(302.33); 468(890.82); 469(817.79); 470(895.23); 471(934.65); 472(304.3); 473(674.16); 474(557.99); 475(760.02); 476(168.02); 477(36.25); 478(224.47); 479(3.07); 480(458.09); 481(588.66); 482(298.04); 483(906.99); 484(236.85); 485(565.68); 486(95.34); 487(800.61); 488(469.87); 489(193.2); 490(928.01); 491(598.66); 492(225.06); 493(925.78); 494(512.43); 495(779.21); 496(944.52); 497(319.77); 498(736.4); 499(784.88),1
125,0(120.06); 1(391.12); 2(214.24); 3(584.18); 4(77.42); 5(151.46); 6(971.65); 7(602.5); 8(537.53); 9(938.39); 10(745.44); 11(417.76); 12(280.5); 13(503.36); 14(132.81); 15(219.12); 16(889.93); 17(557.07); 18(316.0); 19(667.93); 20(975.94); 21(606.11); 22(330.13); 23(892.46); 24(983.44); 25(227.36); 26(292.31); 27(317.67); 28(626.11); 29(991.11); 30(155.57); 31(172.22); 32(782.53); 33(18.52); 34(863.26); 35(849.38); 36(164.06); 37(865.04); 38(316.09); 39(236.87); 40(849.63); 41(379.76); 42(90.09); 43(140.71); 44(128.56); 45(645.68); 46(864.79); 47(667.28); 48(776.69); 49(978.33); 50(417.43); 51(734.85); 52(886.79); 53(772.97); 54(832.98); 55(150.13); 56(654.15); 57(469.94); 58(86.85); 59(170.18); 60(352.95); 61(950.61); 62(926.47); 63(191.96); 64(22.35); 65(602.72); 66(416.61); 67(879.17); 68(663.67); 69(405.41); 70(868.84); 71(428.83); 72(773.64); 73(925.38); 74(687.04); 75(409.82); 76(238.16); 77(635.35); 78(980.19); 79(850.89); 80(621.01); 81(388.07); 82(440.03); 83(417.37); 84(581.17); 85(211.38); 86(407.49); 87(638.12); 88(172.86); 89(905.44); 90(744.59); 91(185.77); 92(280.98); 93(524.86); 94(543.71); 95(29.48); 96(963.42); 97(219.65); 98(498.97); 99(337.13); 100(42.84); 101(90.35); 102(411.83); 103(800.39); 104(661.58); 105(128.36); 106(869.32); 107(640.76); 108(561.84); 109(552.92); 110(207.08); 111(945.53); 112(226.61); 113(614.91); 114(417.55); 115(886.24); 116(608.83); 117(550.07); 118(123.17); 119(360.0); 120(617.51); 121(457.1); 122(128.26); 123(233.79); 124(400.42); 126(199.81); 127(653.28); 128(951.27); 129(175.24); 130(527.63); 131(1.97); 132(422.42); 133(375.68); 134(569.73); 135(613.62); 136(792.27); 137(308.13); 138(373.65); 139(989.79); 140(857.49); 141(676.42); 142(228.64); 143(51.82); 144(678.91); 145(647.61); 146(31.17); 147(95.38); 148(60.44); 149(401.0); 150(52.87); 151(834.81); 152(375.51); 153(646.83); 154(208.51); 155(955.05); 156(70.73); 157(601.89); 158(430.64); 159(972.42); 160(791.01); 161(960.84); 162(386.72); 163(247.93); 164(408.71); 165(233.24); 166(450.45); 167(789.19); 168(96.51); 169(804.92); 170(468.36); 171(714.08); 172(635.97); 173(809.67); 174(91.3); 175(746.99); 176(695.74); 177(131.27); 178(655.31); 179(777.92); 180(186.93); 181(760.19); 182(460.94); 183(279.52); 184(135.06); 185(947.53); 186(416.12); 187(316.68); 188(557.3); 189(102.53); 190(627.38); 191(803.51); 192(255.46); 193(615.92); 194(714.67); 195(732.68); 196(943.45); 197(315.66); 198(331.87); 199(772.96); 200(733.0); 201(253.27); 202(482.4); 203(282.31); 204(8.4); 205(110.19); 206(110.97); 207(500.69); 208(869.84); 209(947.73); 210(377.94); 211(403.1); 212(258.31); 213(532.42); 214(991.81); 215(968.3); 216(270.6); 217(250.63); 218(328.71); 219(321.49); 220(703.26); 221(381.59); 222(577.2); 223(228.92); 224(556.2); 225(452.72); 226(899.27); 227(85.43); 228(164.58); 229(913.43); 230(406.91); 231(794.96); 232(791.99); 233(29.85); 234(345.95); 235(726.99); 236(915.15); 237(807.47); 238(733.45); 239(474.51); 240(987.2); 241(132.38); 242(269.74); 243(17.14); 244(644.64); 245(745.3); 246(161.9); 247(179.51); 248(248.56); 249(956.53); 250(754.43); 251(63.64); 252(22.89); 253(315.05); 254(780.66); 255(723.69); 256(427.35); 257(699.43); 258(99.94); 259(112.88); 260(754.83); 261(300.21); 262(902.47); 263(219.1); 264(34.81); 265(538.2); 266(782.46); 267(350.87); 268(943.12); 269(974.39); 270(142.49); 271(946.97); 272(152.61); 273(68.9); 274(754.9); 275(587.3); 276(795.87); 277(259.87); 278(201.25); 279(872.54); 280(386.14); 281(269.73); 282(463.95); 283(565.62); 284(57.7); 285(319.64); 286(759.79); 287(562.73); 288(276.99); 289(958.01); 290(776.94); 291(320.4); 292(636.14); 293(558.63); 294(179.79); 295(279.52); 296(555.13); 297(170.01); 298(30.96); 299(796.74); 300(446.71); 301(48.02); 302(411.89); 303(5.08); 304(968.72); 305(138.12); 306(92.98); 307(152.43); 308(204.35); 309(499.77); 310(400.26); 311(783.18); 312(458.55); 313(761.38); 314(824.98); 315(701.2); 316(608.39); 317(457.39); 318(12.99); 319(342.64); 320(536.85); 321(304.32); 322(787.34); 323(748.87); 324(837.29); 325(369.96); 326(139.47); 327(163.81); 328(5.52); 329(76.04); 330(928.21); 331(629.06); 332(326.5); 333(558.28); 334(915.02); 335(293.43); 336(872.6); 337(838.77); 338(286.51); 339(153.27); 340(570.13); 341(944.7); 342(608.49); 343(455.85); 344(477.62); 345(669.88); 346(760.11); 347(252.58); 348(528.42); 349(130.32); 350(724.62); 351(602.54); 352(29.78); 353(425.44); 354(453.8); 355(429.32); 356(531.71); 357(839.85); 358(398.14); 359(886.69); 360(15.87); 361(378.01); 362(42.93); 363(844.11); 364(698.02); 365(459.14); 366(603.9); 367(369.41); 368(824.62); 369(102.99); 370(803.66); 371(357.05); 372(704.53); 373(349.08); 374(437.63); 375(759.06); 376(588.12); 377(950.08); 378(914.36); 379(400.94); 380(258.55); 381(344.1); 382(372.43); 383(8.05); 384(914.49); 385(906.18); 386(163.52); 387(676.39); 388(836.94); 389(458.12); 390(684.41); 391(701.37); 392(268.85); 393(627.57); 394(943.31); 395(697.94); 396(802.72); 397(599.69); 398(585.32); 399(624.55); 400(155.12); 401(64.95); 402(647.72); 403(805.96); 404(318.75); 405(742.75); 406(212.1); 407(608.26); 408(565.08); 409(894.37); 410(144.03); 411(875.66); 412(343.71); 413(184.84); 414(537.95); 415(216.32); 416(185.2); 417(43.63); 418(895.48); 419(930.25); 420(988.9); 421(160.19); 422(494.99); 423(148.24); 424(394.16); 425(489.21); 426(306.64); 427(798.35); 428(277.55); 429(742.54); 430(365.21); 431(694.11); 432(322.72); 433(7.79); 434(525.87); 435(795.19); 436(545.86); 437(740.1); 438(433.83); 439(634.08); 440(168.5); 441(460.89); 442(91.37); 443(14.63); 444(205.35); 445(545.36); 446(866.89); 447(247.62); 448(272.32); 449(892.42); 450(618.97); 451(386.4); 452(492.03); 453(145.93); 454(882.34); 455(836.72); 456(127.17); 457(191.97); 458(10.11); 459(469.22); 460(547.58); 461(43.31); 462(228.79); 463(559.89); 464(338.55); 465(765.15); 466(191.66); 467(481.7); 468(831.65); 469(356.46); 470(194.69); 471(939.97); 472(920.45); 473(889.65); 474(463.73); 475(89.34); 476(893.88); 477(118.09); 478(655.77); 479(158.41); 480(932.24); 481(203.25); 482(792.83); 483(287.17); 484(961.68); 485(801.67); 486(67.03); 487(119.95); 488(346.03); 489(746.22); 490(332.57); 491(293.73); 492(907.33); 493(924.69); 494(969.16); 495(98.83); 496(413.02); 497(605.03); 498(807.04); 499(720.77),1
126,0(648.67); 1(100.5); 2(515.08); 3(179.42); 4(438.66); 5(409.13); 6(345.34); 7(294.07); 8(613.38); 9(761.43); 10(978.35); 11(583.93); 12(351.11); 13(257.58); 14(592.39); 15(956.69); 16(143.9); 17(840.91); 18(747.58); 19(540.48); 20(365.88); 21(771.66); 22(594.45); 23(616.32); 24(720.74); 25(763.05); 26(693.45); 27(47.31); 28(337.15); 29(932.17); 30(939.17); 31(652.68); 32(946.59); 33(202.11); 34(482.35); 35(603.76); 36(619.15); 37(976.15); 38(714.55); 39(453.03); 40(33.89); 41(117.01); 42(226.41); 43(733.18); 44(476.76); 45(520.41); 46(245.49); 47(340.22); 48(863.04); 49(534.77); 50(342.13); 51(284.62); 52(562.82); 53(247.08); 54(532.13); 55(725.96); 56(823.86); 57(788.75); 58(618.9); 59(115.08); 60(470.86); 61(297.35); 62(21.95); 63(479.19); 64(847.97); 65(166.93); 66(989.93); 67(742.46); 68(624.35); 69(833.0); 70(815.52); 71(204.23); 72(871.76); 73(890.28); 74(138.58); 75(942.47); 76(760.63); 77(823.83); 78(956.58); 79(657.08); 80(689.1); 81(804.99); 82(881.97); 83(109.35); 84(122.28); 85(530.28); 86(218.66); 87(989.42); 88(403.04); 89(628.01); 90(688.46); 91(294.44); 92(868.47); 93(797.6); 94(640.01); 95(794.82); 96(181.1); 97(463.29); 98(804.44); 99(439.59); 100(326.49); 101(477.41); 102(450.55); 103(509.1); 104(304.37); 105(700.36); 106(353.56); 107(752.97); 108(175.53); 109(20.69); 110(56.86); 111(255.77); 112(366.57); 113(92.41); 114(429.81); 115(153.73); 116(514.19); 117(344.92); 118(926.74); 119(97.5); 120(751.51); 121(74.0); 122(13.31); 123(372.82); 124(660.97); 125(199.81); 127(490.7); 128(45.9); 129(434.88); 130(743.79); 131(414.1); 132(727.24); 133(712.29); 134(477.93); 135(892.42); 136(292.0); 137(89.43); 138(824.65); 139(876.11); 140(87.47); 141(832.95); 142(997.59); 143(621.41); 144(752.15); 145(874.4); 146(268.63); 147(9.02); 148(478.81); 149(977.1); 150(711.44); 151(711.19); 152(260.85); 153(932.51); 154(557.93); 155(527.81); 156(376.69); 157(206.89); 158(850.74); 159(538.8); 160(248.59); 161(440.3); 162(441.07); 163(718.98); 164(898.7); 165(914.02); 166(34.09); 167(722.85); 168(230.6); 169(529.27); 170(520.08); 171(323.41); 172(110.44); 173(987.02); 174(12.63); 175(705.3); 176(9.51); 177(366.93); 178(932.59); 179(815.08); 180(580.6); 181(547.84); 182(262.11); 183(122.56); 184(58.42); 185(51.91); 186(646.83); 187(453.36); 188(59.67); 189(631.12); 190(749.24); 191(572.08); 192(101.92); 193(204.27); 194(102.14); 195(493.0); 196(419.4); 197(587.17); 198(213.74); 199(489.06); 200(560.93); 201(954.26); 202(246.85); 203(642.5); 204(832.77); 205(56.69); 206(62.73); 207(467.97); 208(669.59); 209(69.72); 210(32.71); 211(724.61); 212(658.37); 213(627.0); 214(948.54); 215(711.08); 216(821.04); 217(612.32); 218(569.57); 219(811.12); 220(891.73); 221(480.77); 222(700.8); 223(605.75); 224(210.65); 225(650.25); 226(712.68); 227(716.83); 228(899.61); 229(811.41); 230(544.45); 231(947.63); 232(753.59); 233(612.91); 234(662.73); 235(126.64); 236(781.9); 237(806.85); 238(737.3); 239(346.65); 240(556.6); 241(3.93); 242(475.42); 243(807.13); 244(61.13); 245(667.16); 246(567.07); 247(44.55); 248(175.24); 249(282.1); 250(3.94); 251(825.16); 252(843.02); 253(891.3); 254(911.76); 255(277.65); 256(908.82); 257(532.92); 258(983.19); 259(271.11); 260(315.98); 261(848.43); 262(548.05); 263(387.1); 264(925.29); 265(709.41); 266(249.76); 267(24.01); 268(981.01); 269(48.55); 270(189.9); 271(361.83); 272(633.86); 273(671.22); 274(420.23); 275(315.92); 276(603.04); 277(985.38); 278(397.07); 279(325.22); 280(834.3); 281(576.16); 282(3.78); 283(989.17); 284(600.97); 285(818.28); 286(788.78); 287(35.86); 288(294.49); 289(804.72); 290(430.55); 291(758.01); 292(768.58); 293(875.75); 294(530.32); 295(419.42); 296(625.28); 297(679.17); 298(297.75); 299(245.52); 300(1.69); 301(279.79); 302(456.62); 303(299.38); 304(937.22); 305(751.88); 306(448.45); 307(639.04); 308(741.78); 309(225.61); 310(705.99); 311(75.09); 312(572.7); 313(97.47); 314(445.51); 315(39.9); 316(948.58); 317(491.51); 318(164.46); 319(406.53); 320(9.49); 321(753.0); 322(666.08); 323(314.89); 324(65.96); 325(903.75); 326(600.32); 327(867.33); 328(881.67); 329(546.32); 330(574.3); 331(664.32); 332(40.55); 333(690.9); 334(587.18); 335(335.51); 336(511.51); 337(0.99); 338(34.33); 339(359.64); 340(34.44); 341(577.17); 342(488.99); 343(736.37); 344(260.29); 345(735.46); 346(378.57); 347(141.97); 348(770.2); 349(475.79); 350(544.84); 351(450.36); 352(782.81); 353(759.28); 354(447.78); 355(364.13); 356(910.02); 357(890.89); 358(758.05); 359(94.93); 360(224.82); 361(115.43); 362(848.75); 363(480.56); 364(378.93); 365(275.89); 366(749.38); 367(346.41); 368(732.62); 369(622.67); 370(783.13); 371(174.95); 372(788.27); 373(675.8); 374(373.19); 375(858.64); 376(667.74); 377(848.96); 378(26.81); 379(451.63); 380(896.69); 381(531.23); 382(988.47); 383(438.47); 384(245.34); 385(360.59); 386(161.84); 387(113.42); 388(565.25); 389(271.06); 390(500.35); 391(733.43); 392(564.65); 393(593.82); 394(451.44); 395(334.16); 396(938.1); 397(320.9); 398(142.35); 399(951.63); 400(996.66); 401(978.26); 402(290.91); 403(970.12); 404(462.81); 405(367.72); 406(185.09); 407(664.2); 408(146.58); 409(352.13); 410(806.66); 411(587.1); 412(610.76); 413(915.32); 414(541.72); 415(397.19); 416(263.33); 417(615.29); 418(306.39); 419(671.01); 420(272.05); 421(958.34); 422(968.74); 423(797.03); 424(359.82); 425(241.9); 426(599.31); 427(797.54); 428(29.79); 429(519.87); 430(260.77); 431(418.74); 432(406.41); 433(291.51); 434(154.95); 435(357.19); 436(712.28); 437(36.5); 438(910.59); 439(34.19); 440(69.87); 441(194.48); 442(991.37); 443(867.1); 444(514.02); 445(173.48); 446(918.15); 447(408.9); 448(425.0); 449(67.87); 450(834.17); 451(765.73); 452(978.47); 453(325.62); 454(498.5); 455(991.56); 456(774.26); 457(47.28); 458(35.08); 459(752.41); 460(635.28); 461(857.31); 462(689.69); 463(462.24); 464(73.19); 465(573.72); 466(199.4); 467(899.64); 468(224.7); 469(56.7); 470(274.09); 471(845.36); 472(108.09); 473(88.41); 474(610.74); 475(67.48); 476(972.74); 477(191.05); 478(922.57); 479(372.71); 480(21.69); 481(5.09); 482(590.38); 483(991.57); 484(164.14); 485(133.9); 486(317.02); 487(154.91); 488(710.09); 489(786.98); 490(492.47); 491(119.04); 492(644.75); 493(665.45); 494(566.76); 495(923.36); 496(450.36); 497(88.32); 498(670.27); 499(410.74),1
127,0(942.55); 1(955.91); 2(122.95); 3(891.78); 4(949.74); 5(561.81); 6(411.47); 7(401.03); 8(973.04); 9(364.3); 10(101.85); 11(618.39); 12(821.43); 13(802.34); 14(423.34); 15(136.99); 16(246.08); 17(282.57); 18(915.96); 19(451.79); 20(330.42); 21(732.31); 22(735.54); 23(763.37); 24(302.01); 25(70.3); 26(468.06); 27(609.52); 28(408.81); 29(269.97); 30(694.14); 31(723.25); 32(110.22); 33(44.64); 34(202.57); 35(634.38); 36(787.74); 37(927.33); 38(225.39); 39(709.77); 40(635.53); 41(298.16); 42(38.21); 43(903.27); 44(850.12); 45(706.52); 46(970.08); 47(703.53); 48(644.48); 49(904.92); 50(302.77); 51(512.77); 52(338.9); 53(947.04); 54(866.87); 55(403.74); 56(712.83); 57(279.12); 58(923.07); 59(422.32); 60(661.98); 61(229.76); 62(363.27); 63(679.47); 64(281.64); 65(379.52); 66(620.14); 67(180.09); 68(474.87); 69(36.14); 70(539.0); 71(150.02); 72(545.32); 73(398.69); 74(86.33); 75(169.21); 76(265.07); 77(478.44); 78(71.83); 79(242.46); 80(401.11); 81(419.83); 82(744.83); 83(33.45); 84(110.78); 85(642.95); 86(97.31); 87(858.11); 88(563.8); 89(218.59); 90(205.4); 91(553.86); 92(690.62); 93(317.47); 94(134.76); 95(1.86); 96(124.62); 97(658.79); 98(280.76); 99(452.89); 100(284.35); 101(111.76); 102(822.93); 103(993.87); 104(658.15); 105(851.61); 106(988.34); 107(321.22); 108(481.48); 109(467.72); 110(735.22); 111(702.9); 112(860.93); 113(7.54); 114(950.84); 115(863.7); 116(734.86); 117(581.43); 118(5.69); 119(183.59); 120(2.54); 121(521.58); 122(301.73); 123(446.48); 124(896.78); 125(653.28); 126(490.7); 128(104.91); 129(656.21); 130(330.36); 131(775.45); 132(565.7); 133(891.74); 134(637.06); 135(138.85); 136(415.45); 137(245.9); 138(333.63); 139(642.27); 140(71.71); 141(594.44); 142(515.39); 143(985.32); 144(264.43); 145(947.98); 146(311.95); 147(968.79); 148(417.78); 149(33.59); 150(4.73); 151(72.19); 152(67.64); 153(407.18); 154(505.71); 155(886.64); 156(144.7); 157(432.45); 158(0.55); 159(227.12); 160(48.99); 161(674.24); 162(862.54); 163(593.46); 164(607.35); 165(598.68); 166(26.52); 167(722.58); 168(421.93); 169(886.92); 170(321.72); 171(650.98); 172(709.2); 173(605.33); 174(864.14); 175(512.65); 176(173.28); 177(795.75); 178(285.14); 179(555.34); 180(971.77); 181(910.9); 182(2.41); 183(292.08); 184(60.3); 185(123.6); 186(146.87); 187(458.08); 188(164.78); 189(289.52); 190(663.8); 191(271.81); 192(968.2); 193(161.18); 194(396.78); 195(962.82); 196(503.63); 197(453.97); 198(631.96); 199(250.07); 200(905.02); 201(336.01); 202(572.3); 203(337.31); 204(52.07); 205(196.24); 206(868.75); 207(424.37); 208(966.67); 209(668.37); 210(0.23); 211(570.5); 212(182.84); 213(988.53); 214(983.62); 215(97.17); 216(506.73); 217(782.74); 218(551.43); 219(474.24); 220(41.08); 221(219.65); 222(496.44); 223(6.06); 224(22.38); 225(608.78); 226(63.18); 227(968.7); 228(536.17); 229(483.27); 230(397.04); 231(572.26); 232(20.63); 233(51.43); 234(176.07); 235(969.56); 236(608.88); 237(479.89); 238(763.42); 239(270.47); 240(30.22); 241(968.65); 242(890.4); 243(216.46); 244(443.41); 245(127.36); 246(161.95); 247(382.88); 248(608.97); 249(999.85); 250(717.14); 251(170.51); 252(698.51); 253(328.82); 254(610.76); 255(536.68); 256(253.69); 257(908.03); 258(125.87); 259(498.97); 260(83.3); 261(874.52); 262(273.41); 263(789.31); 264(949.59); 265(917.28); 266(964.93); 267(195.61); 268(604.43); 269(724.89); 270(272.43); 271(791.39); 272(18.59); 273(270.07); 274(551.93); 275(365.77); 276(408.4); 277(147.44); 278(672.0); 279(656.02); 280(865.77); 281(290.52); 282(367.91); 283(170.07); 284(939.06); 285(663.89); 286(245.17); 287(497.62); 288(762.72); 289(907.28); 290(274.34); 291(937.17); 292(767.61); 293(573.67); 294(303.3); 295(689.14); 296(121.11); 297(131.34); 298(122.28); 299(679.85); 300(673.7); 301(674.47); 302(982.81); 303(316.52); 304(531.0); 305(166.26); 306(345.0); 307(433.44); 308(189.42); 309(570.46); 310(301.11); 311(708.16); 312(232.01); 313(484.18); 314(54.67); 315(168.35); 316(902.14); 317(365.85); 318(981.58); 319(942.44); 320(98.08); 321(927.96); 322(515.84); 323(668.11); 324(551.69); 325(853.7); 326(165.09); 327(50.43); 328(298.38); 329(349.66); 330(824.99); 331(543.99); 332(487.25); 333(28.55); 334(950.14); 335(521.13); 336(542.11); 337(799.38); 338(205.95); 339(500.38); 340(861.91); 341(817.11); 342(476.04); 343(65.24); 344(728.2); 345(653.49); 346(142.79); 347(601.61); 348(270.58); 349(961.01); 350(886.36); 351(925.15); 352(862.61); 353(464.02); 354(949.05); 355(23.22); 356(257.07); 357(207.97); 358(926.35); 359(5.99); 360(600.62); 361(402.67); 362(377.63); 363(167.38); 364(577.65); 365(851.44); 366(240.07); 367(436.02); 368(121.7); 369(545.39); 370(551.69); 371(620.58); 372(605.16); 373(334.58); 374(958.66); 375(727.84); 376(302.68); 377(396.84); 378(430.73); 379(994.76); 380(158.68); 381(17.96); 382(716.98); 383(297.39); 384(986.75); 385(117.15); 386(515.02); 387(237.39); 388(566.62); 389(303.34); 390(131.78); 391(577.38); 392(641.01); 393(100.16); 394(375.13); 395(306.87); 396(117.71); 397(947.98); 398(84.4); 399(553.36); 400(819.81); 401(862.33); 402(741.76); 403(205.19); 404(524.06); 405(868.57); 406(97.35); 407(891.11); 408(267.17); 409(889.02); 410(367.77); 411(691.25); 412(60.96); 413(917.54); 414(339.04); 415(623.64); 416(624.79); 417(425.77); 418(655.08); 419(808.88); 420(148.27); 421(275.11); 422(220.31); 423(959.9); 424(955.41); 425(143.79); 426(43.07); 427(393.5); 428(88.18); 429(686.8); 430(691.49); 431(87.54); 432(956.09); 433(555.86); 434(781.31); 435(198.71); 436(923.43); 437(982.91); 438(656.63); 439(991.24); 440(687.98); 441(829.05); 442(892.53); 443(358.75); 444(180.02); 445(833.14); 446(72.98); 447(898.87); 448(91.58); 449(578.12); 450(444.51); 451(661.69); 452(621.48); 453(940.99); 454(63.6); 455(928.13); 456(716.49); 457(513.88); 458(691.66); 459(440.29); 460(394.75); 461(688.68); 462(959.6); 463(300.84); 464(393.23); 465(238.18); 466(574.69); 467(495.06); 468(793.72); 469(10.33); 470(946.03); 471(131.97); 472(996.2); 473(516.51); 474(847.91); 475(900.47); 476(122.54); 477(796.86); 478(29.63); 479(624.92); 480(181.96); 481(994.84); 482(672.81); 483(483.82); 484(893.56); 485(769.0); 486(626.33); 487(567.96); 488(952.24); 489(997.28); 490(956.78); 491(824.66); 492(705.37); 493(383.22); 494(500.56); 495(682.09); 496(925.21); 497(175.84); 498(893.49); 499(683.38),1
128,0(845.74); 1(100.03); 2(866.58); 3(26.0); 4(688.47); 5(859.74); 6(723.32); 7(61.73); 8(91.18); 9(276.23); 10(33.64); 11(425.56); 12(607.13); 13(436.39); 14(571.34); 15(203.11); 16(569.23); 17(502.55); 18(161.55); 19(367.74); 20(269.32); 21(112.64); 22(653.76); 23(23.19); 24(837.39); 25(508.31); 26(74.81); 27(644.96); 28(812.57); 29(567.86); 30(64.37); 31(701.99); 32(681.15); 33(87.63); 34(983.39); 35(711.89); 36(179.03); 37(47.3); 38(347.74); 39(476.96); 40(747.85); 41(271.81); 42(231.1); 43(637.12); 44(731.25); 45(308.79); 46(272.55); 47(346.81); 48(277.67); 49(93.41); 50(493.27); 51(209.77); 52(600.66); 53(816.67); 54(889.19); 55(236.61); 56(86.31); 57(234.74); 58(630.53); 59(481.08); 60(929.26); 61(752.51); 62(621.42); 63(268.82); 64(620.84); 65(753.87); 66(299.55); 67(251.25); 68(490.74); 69(229.47); 70(531.55); 71(180.69); 72(291.81); 73(368.58); 74(255.08); 75(60.13); 76(246.35); 77(465.55); 78(656.43); 79(866.8); 80(249.29); 81(218.1); 82(831.97); 83(420.8); 84(666.95); 85(450.68); 86(723.23); 87(30.33); 88(144.69); 89(265.74); 90(173.11); 91(945.17); 92(721.09); 93(39.54); 94(594.47); 95(27.19); 96(573.69); 97(324.68); 98(498.17); 99(691.7); 100(434.98); 101(988.82); 102(101.35); 103(830.68); 104(751.16); 105(835.79); 106(411.06); 107(118.54); 108(31.0); 109(887.03); 110(0.79); 111(726.04); 112(811.86); 113(227.6); 114(984.85); 115(104.1); 116(604.41); 117(270.38); 118(653.11); 119(864.46); 120(843.51); 121(225.3); 122(827.34); 123(270.67); 124(996.94); 125(951.27); 126(45.9); 127(104.91); 129(595.32); 130(86.63); 131(973.68); 132(505.09); 133(561.69); 134(907.9); 135(375.81); 136(108.22); 137(94.3); 138(574.84); 139(322.57); 140(843.24); 141(501.22); 142(244.59); 143(316.93); 144(629.25); 145(630.51); 146(261.71); 147(831.53); 148(721.17); 149(591.97); 150(76.62); 151(437.58); 152(74.97); 153(237.87); 154(527.14); 155(466.07); 156(67.66); 157(415.47); 158(472.67); 159(943.17); 160(17.06); 161(240.49); 162(794.81); 163(924.96); 164(327.59); 165(493.04); 166(782.87); 167(348.14); 168(992.23); 169(276.32); 170(838.21); 171(187.24); 172(904.06); 173(209.65); 174(122.7); 175(257.77); 176(478.07); 177(574.55); 178(252.99); 179(633.17); 180(705.53); 181(524.34); 182(195.45); 183(89.04); 184(57.48); 185(145.57); 186(751.42); 187(438.34); 188(274.75); 189(7.98); 190(863.89); 191(442.76); 192(561.64); 193(976.45); 194(703.54); 195(607.16); 196(419.83); 197(227.41); 198(703.1); 199(75.48); 200(283.35); 201(812.55); 202(305.11); 203(819.93); 204(887.43); 205(615.72); 206(938.33); 207(455.69); 208(392.04); 209(568.62); 210(808.73); 211(157.1); 212(90.91); 213(749.51); 214(256.34); 215(787.25); 216(684.31); 217(48.84); 218(823.09); 219(121.27); 220(106.79); 221(314.63); 222(859.13); 223(106.45); 224(126.22); 225(991.55); 226(917.22); 227(148.38); 228(94.88); 229(254.27); 230(62.02); 231(637.9); 232(156.96); 233(944.94); 234(872.79); 235(394.1); 236(167.01); 237(703.1); 238(302.21); 239(436.6); 240(785.29); 241(945.76); 242(28.03); 243(727.41); 244(855.7); 245(936.37); 246(718.12); 247(406.54); 248(731.85); 249(262.95); 250(161.51); 251(191.83); 252(843.73); 253(498.18); 254(452.26); 255(248.45); 256(260.63); 257(738.49); 258(358.35); 259(668.65); 260(615.42); 261(194.63); 262(387.01); 263(490.99); 264(942.23); 265(999.78); 266(580.47); 267(592.16); 268(266.96); 269(750.15); 270(559.94); 271(938.59); 272(766.17); 273(208.84); 274(569.64); 275(982.49); 276(667.6); 277(121.63); 278(538.36); 279(908.51); 280(333.74); 281(940.63); 282(156.87); 283(182.74); 284(873.66); 285(61.85); 286(796.47); 287(891.84); 288(582.03); 289(153.95); 290(842.48); 291(981.35); 292(544.52); 293(874.96); 294(334.35); 295(866.84); 296(36.57); 297(19.49); 298(711.14); 299(398.45); 300(187.77); 301(974.39); 302(759.46); 303(111.38); 304(521.8); 305(226.17); 306(839.51); 307(525.8); 308(453.3); 309(822.93); 310(383.47); 311(897.14); 312(744.22); 313(447.35); 314(651.66); 315(367.3); 316(147.24); 317(643.85); 318(543.45); 319(987.93); 320(848.16); 321(437.14); 322(676.66); 323(824.48); 324(5.06); 325(683.84); 326(152.78); 327(817.25); 328(27.09); 329(990.89); 330(581.54); 331(664.69); 332(399.29); 333(27.88); 334(801.3); 335(52.74); 336(111.24); 337(881.34); 338(123.73); 339(467.3); 340(886.18); 341(579.09); 342(689.1); 343(514.19); 344(409.51); 345(371.18); 346(755.33); 347(817.47); 348(395.28); 349(991.66); 350(362.88); 351(566.61); 352(674.41); 353(437.49); 354(615.11); 355(963.08); 356(912.71); 357(710.72); 358(901.89); 359(411.14); 360(113.4); 361(452.7); 362(317.64); 363(972.96); 364(953.03); 365(393.21); 366(796.81); 367(71.22); 368(168.51); 369(970.31); 370(77.17); 371(172.03); 372(335.56); 373(342.27); 374(749.46); 375(900.42); 376(701.78); 377(631.22); 378(199.82); 379(565.04); 380(494.05); 381(228.53); 382(447.41); 383(687.48); 384(229.14); 385(412.84); 386(374.17); 387(308.49); 388(516.27); 389(886.64); 390(28.27); 391(310.94); 392(693.42); 393(624.51); 394(251.94); 395(880.68); 396(716.45); 397(825.22); 398(598.88); 399(367.47); 400(956.97); 401(106.12); 402(124.01); 403(158.39); 404(548.71); 405(576.72); 406(485.48); 407(792.42); 408(883.63); 409(891.67); 410(729.05); 411(715.59); 412(176.72); 413(898.67); 414(959.24); 415(182.29); 416(359.52); 417(487.84); 418(157.05); 419(488.16); 420(136.28); 421(921.1); 422(514.99); 423(557.87); 424(972.59); 425(19.55); 426(880.98); 427(639.04); 428(731.39); 429(244.69); 430(505.9); 431(712.19); 432(714.61); 433(234.84); 434(681.45); 435(899.17); 436(827.06); 437(210.87); 438(422.2); 439(4.7); 440(198.74); 441(161.31); 442(689.33); 443(299.28); 444(204.83); 445(469.42); 446(86.4); 447(887.55); 448(126.1); 449(455.33); 450(800.82); 451(688.31); 452(402.35); 453(913.12); 454(846.79); 455(333.39); 456(696.12); 457(983.01); 458(858.64); 459(420.65); 460(582.12); 461(335.25); 462(524.49); 463(798.9); 464(533.39); 465(266.81); 466(899.96); 467(567.6); 468(175.1); 469(434.93); 470(483.67); 471(879.48); 472(160.77); 473(133.65); 474(767.74); 475(491.22); 476(942.77); 477(632.56); 478(187.09); 479(475.14); 480(53.02); 481(69.05); 482(938.94); 483(347.34); 484(784.01); 485(807.91); 486(553.27); 487(732.22); 488(956.87); 489(646.19); 490(552.75); 491(144.77); 492(568.76); 493(632.15); 494(736.42); 495(525.44); 496(963.34); 497(911.64); 498(819.02); 499(974.52),1
129,0(315.17); 1(446.62); 2(211.91); 3(214.99); 4(17.88); 5(291.36); 6(845.68); 7(703.53); 8(989.72); 9(474.68); 10(946.69); 11(663.87); 12(521.96); 13(592.9); 14(322.83); 15(378.92); 16(281.92); 17(177.91); 18(212.83); 19(47.91); 20(385.96); 21(989.69); 22(742.82); 23(72.47); 24(736.89); 25(153.28); 26(534.75); 27(936.02); 28(559.09); 29(861.5); 30(98.68); 31(174.18); 32(704.81); 33(474.32); 34(732.16); 35(447.95); 36(200.52); 37(381.45); 38(47.74); 39(529.1); 40(508.63); 41(595.2); 42(138.46); 43(281.7); 44(68.5); 45(281.9); 46(677.63); 47(167.46); 48(275.43); 49(199.39); 50(197.77); 51(490.55); 52(121.65); 53(50.42); 54(17.12); 55(410.19); 56(855.83); 57(565.73); 58(120.36); 59(474.0); 60(16.04); 61(503.13); 62(768.97); 63(817.2); 64(290.82); 65(181.99); 66(86.95); 67(911.12); 68(571.8); 69(781.31); 70(544.67); 71(814.1); 72(718.01); 73(940.85); 74(306.49); 75(383.19); 76(320.97); 77(76.86); 78(921.66); 79(332.27); 80(399.28); 81(144.66); 82(518.76); 83(114.92); 84(839.59); 85(354.42); 86(591.92); 87(5.75); 88(706.56); 89(569.27); 90(182.61); 91(602.14); 92(333.83); 93(789.01); 94(265.07); 95(778.3); 96(426.82); 97(771.54); 98(786.6); 99(299.66); 100(248.88); 101(247.96); 102(572.08); 103(504.7); 104(418.81); 105(37.75); 106(445.42); 107(348.98); 108(53.67); 109(641.54); 110(669.1); 111(531.66); 112(120.46); 113(891.2); 114(824.58); 115(683.58); 116(186.08); 117(133.44); 118(161.42); 119(417.8); 120(649.32); 121(170.87); 122(315.14); 123(685.46); 124(466.79); 125(175.24); 126(434.88); 127(656.21); 128(595.32); 130(188.42); 131(834.34); 132(892.14); 133(542.89); 134(342.59); 135(180.92); 136(709.08); 137(165.96); 138(178.72); 139(487.89); 140(714.1); 141(382.87); 142(229.23); 143(786.87); 144(124.07); 145(873.16); 146(361.22); 147(291.66); 148(864.67); 149(482.3); 150(224.96); 151(311.63); 152(779.61); 153(917.6); 154(671.72); 155(538.7); 156(819.61); 157(85.93); 158(899.29); 159(773.17); 160(712.59); 161(864.64); 162(688.26); 163(179.91); 164(551.11); 165(128.45); 166(50.82); 167(853.45); 168(603.0); 169(823.54); 170(771.27); 171(397.79); 172(137.21); 173(931.34); 174(256.84); 175(766.06); 176(434.09); 177(732.41); 178(937.09); 179(534.49); 180(705.94); 181(283.07); 182(48.51); 183(556.75); 184(233.01); 185(59.98); 186(218.09); 187(906.81); 188(217.93); 189(180.7); 190(270.86); 191(686.58); 192(162.85); 193(632.94); 194(226.09); 195(165.42); 196(142.39); 197(438.88); 198(407.2); 199(534.98); 200(475.44); 201(705.94); 202(46.31); 203(353.61); 204(984.24); 205(666.33); 206(291.21); 207(525.36); 208(351.14); 209(540.11); 210(301.66); 211(792.59); 212(17.22); 213(783.29); 214(974.61); 215(561.78); 216(122.56); 217(591.02); 218(853.33); 219(662.55); 220(621.82); 221(834.25); 222(572.97); 223(553.61); 224(500.19); 225(272.31); 226(103.56); 227(67.97); 228(196.66); 229(824.29); 230(47.6); 231(832.26); 232(424.51); 233(224.35); 234(916.29); 235(279.88); 236(335.93); 237(313.96); 238(123.75); 239(941.72); 240(188.56); 241(889.56); 242(1.49); 243(222.32); 244(742.12); 245(427.04); 246(523.34); 247(721.29); 248(796.38); 249(671.98); 250(274.77); 251(13.22); 252(607.81); 253(777.88); 254(600.37); 255(712.58); 256(487.5); 257(562.95); 258(36.0); 259(422.27); 260(258.81); 261(732.81); 262(853.58); 263(465.34); 264(529.85); 265(422.8); 266(106.25); 267(414.28); 268(541.57); 269(355.22); 270(552.25); 271(451.91); 272(487.22); 273(549.49); 274(720.69); 275(171.2); 276(489.89); 277(814.34); 278(302.17); 279(535.41); 280(680.38); 281(834.31); 282(621.94); 283(118.66); 284(142.03); 285(791.04); 286(929.45); 287(895.15); 288(754.75); 289(844.98); 290(607.71); 291(365.02); 292(609.61); 293(707.06); 294(431.49); 295(937.21); 296(911.2); 297(546.36); 298(742.52); 299(231.04); 300(634.08); 301(912.2); 302(192.23); 303(23.7); 304(538.3); 305(482.31); 306(123.63); 307(945.29); 308(625.21); 309(714.52); 310(211.48); 311(98.36); 312(381.0); 313(897.69); 314(95.32); 315(580.41); 316(961.97); 317(420.12); 318(488.33); 319(130.01); 320(279.76); 321(934.16); 322(787.19); 323(758.23); 324(286.04); 325(319.4); 326(295.29); 327(352.39); 328(203.32); 329(698.72); 330(365.78); 331(912.14); 332(100.98); 333(242.06); 334(431.38); 335(731.04); 336(790.48); 337(795.85); 338(19.19); 339(410.49); 340(948.35); 341(542.82); 342(605.75); 343(454.06); 344(179.19); 345(679.05); 346(585.7); 347(516.25); 348(532.03); 349(885.71); 350(833.66); 351(145.86); 352(802.21); 353(917.65); 354(127.18); 355(345.6); 356(659.76); 357(358.57); 358(24.21); 359(63.43); 360(332.84); 361(9.36); 362(934.27); 363(171.64); 364(229.28); 365(970.87); 366(774.04); 367(803.28); 368(967.51); 369(417.84); 370(491.46); 371(505.4); 372(940.07); 373(591.76); 374(370.93); 375(963.8); 376(755.92); 377(395.59); 378(53.38); 379(42.81); 380(236.67); 381(246.43); 382(992.13); 383(253.29); 384(806.25); 385(717.54); 386(948.73); 387(529.63); 388(72.09); 389(445.04); 390(84.02); 391(635.14); 392(797.71); 393(419.42); 394(286.61); 395(277.5); 396(539.6); 397(248.37); 398(574.04); 399(568.88); 400(877.5); 401(443.42); 402(745.79); 403(141.35); 404(674.02); 405(182.83); 406(967.95); 407(199.08); 408(677.08); 409(787.9); 410(461.03); 411(414.17); 412(362.0); 413(590.53); 414(586.42); 415(271.07); 416(879.06); 417(315.21); 418(880.39); 419(108.62); 420(499.87); 421(5.35); 422(383.05); 423(14.76); 424(896.84); 425(832.68); 426(696.39); 427(657.67); 428(271.45); 429(125.88); 430(9.81); 431(899.71); 432(708.93); 433(62.93); 434(379.87); 435(297.2); 436(52.03); 437(883.33); 438(708.37); 439(741.0); 440(632.4); 441(862.91); 442(493.23); 443(808.31); 444(209.38); 445(646.6); 446(55.15); 447(287.46); 448(985.61); 449(826.18); 450(57.12); 451(874.56); 452(454.73); 453(984.72); 454(766.34); 455(570.46); 456(70.46); 457(430.11); 458(178.38); 459(935.37); 460(967.75); 461(410.68); 462(948.17); 463(648.89); 464(883.25); 465(101.36); 466(960.91); 467(333.94); 468(892.2); 469(13.61); 470(793.5); 471(155.03); 472(203.93); 473(669.24); 474(805.62); 475(598.44); 476(691.06); 477(679.74); 478(705.33); 479(130.62); 480(795.47); 481(552.74); 482(95.98); 483(526.49); 484(561.62); 485(627.88); 486(210.7); 487(343.11); 488(878.02); 489(385.89); 490(57.98); 491(201.17); 492(672.87); 493(686.38); 494(940.27); 495(128.89); 496(388.9); 497(34.15); 498(574.6); 499(739.94),1
130,0(972.28); 1(133.09); 2(997.13); 3(719.66); 4(599.35); 5(469.58); 6(730.98); 7(629.38); 8(219.96); 9(129.23); 10(615.95); 11(827.45); 12(427.4); 13(256.43); 14(419.51); 15(151.08); 16(225.41); 17(308.88); 18(41.78); 19(264.13); 20(496.99); 21(48.8); 22(616.87); 23(823.8); 24(892.05); 25(808.79); 26(201.09); 27(249.97); 28(935.88); 29(663.88); 30(796.54); 31(210.3); 32(30.84); 33(895.22); 34(9.12); 35(299.75); 36(905.7); 37(593.84); 38(587.04); 39(138.57); 40(366.07); 41(687.58); 42(378.54); 43(635.79); 44(700.67); 45(144.14); 46(319.15); 47(511.71); 48(635.42); 49(264.67); 50(336.88); 51(103.01); 52(117.57); 53(429.35); 54(140.94); 55(282.8); 56(10.44); 57(492.46); 58(885.24); 59(332.0); 60(966.75); 61(913.66); 62(778.1); 63(217.08); 64(356.2); 65(31.35); 66(118.34); 67(204.01); 68(319.55); 69(75.69); 70(14.53); 71(83.25); 72(864.34); 73(800.07); 74(923.62); 75(15.82); 76(857.66); 77(868.6); 78(891.24); 79(622.18); 80(578.99); 81(687.12); 82(650.97); 83(664.95); 84(602.56); 85(360.76); 86(954.02); 87(396.88); 88(604.22); 89(116.95); 90(107.3); 91(832.08); 92(497.89); 93(942.13); 94(466.12); 95(692.87); 96(484.23); 97(998.87); 98(63.69); 99(3.72); 100(530.19); 101(239.88); 102(620.34); 103(496.12); 104(409.63); 105(66.89); 106(881.52); 107(103.01); 108(162.91); 109(906.73); 110(653.44); 111(889.89); 112(704.72); 113(446.32); 114(269.54); 115(725.76); 116(298.74); 117(688.36); 118(187.62); 119(786.52); 120(916.99); 121(111.37); 122(281.58); 123(877.4); 124(712.96); 125(527.63); 126(743.79); 127(330.36); 128(86.63); 129(188.42); 131(692.97); 132(334.12); 133(609.89); 134(189.82); 135(339.26); 136(296.87); 137(613.02); 138(757.3); 139(78.81); 140(66.01); 141(980.16); 142(149.87); 143(263.62); 144(236.56); 145(671.21); 146(761.88); 147(153.52); 148(205.53); 149(34.61); 150(450.68); 151(864.19); 152(524.77); 153(193.16); 154(745.69); 155(707.95); 156(420.62); 157(131.24); 158(978.25); 159(620.64); 160(535.27); 161(441.78); 162(424.85); 163(891.34); 164(710.07); 165(320.0); 166(37.84); 167(904.91); 168(8.7); 169(459.39); 170(685.49); 171(515.66); 172(450.0); 173(456.16); 174(681.65); 175(738.48); 176(846.68); 177(552.44); 178(302.76); 179(830.06); 180(363.92); 181(172.27); 182(934.32); 183(354.29); 184(432.95); 185(374.77); 186(885.13); 187(194.31); 188(289.02); 189(473.34); 190(64.6); 191(400.29); 192(435.97); 193(872.49); 194(689.46); 195(854.08); 196(91.94); 197(142.1); 198(451.59); 199(836.4); 200(988.37); 201(68.49); 202(903.08); 203(506.38); 204(771.18); 205(229.78); 206(69.65); 207(56.13); 208(670.33); 209(933.32); 210(710.83); 211(395.04); 212(768.3); 213(97.65); 214(183.5); 215(980.55); 216(577.56); 217(511.11); 218(348.21); 219(556.58); 220(9.08); 221(645.68); 222(415.01); 223(265.5); 224(713.99); 225(541.94); 226(243.21); 227(599.14); 228(369.69); 229(787.09); 230(370.03); 231(860.53); 232(215.27); 233(409.24); 234(484.53); 235(713.62); 236(132.8); 237(170.14); 238(978.23); 239(653.25); 240(7.13); 241(525.91); 242(372.72); 243(648.5); 244(365.56); 245(408.62); 246(791.34); 247(842.31); 248(299.32); 249(84.28); 250(7.41); 251(889.5); 252(34.97); 253(703.9); 254(231.03); 255(210.7); 256(514.13); 257(857.69); 258(582.78); 259(6.78); 260(456.78); 261(399.49); 262(455.24); 263(838.68); 264(513.69); 265(503.25); 266(467.18); 267(902.54); 268(552.95); 269(327.48); 270(57.31); 271(362.43); 272(887.86); 273(62.0); 274(340.15); 275(556.76); 276(673.73); 277(958.7); 278(962.25); 279(466.04); 280(627.34); 281(670.69); 282(232.4); 283(9.44); 284(779.29); 285(50.1); 286(782.88); 287(459.8); 288(140.17); 289(612.93); 290(900.59); 291(565.92); 292(569.7); 293(899.75); 294(10.62); 295(737.33); 296(402.93); 297(669.42); 298(297.8); 299(160.09); 300(561.72); 301(397.44); 302(250.83); 303(947.15); 304(109.28); 305(479.31); 306(678.41); 307(234.37); 308(340.88); 309(289.97); 310(532.76); 311(790.81); 312(728.34); 313(83.62); 314(286.82); 315(788.05); 316(43.55); 317(653.01); 318(706.34); 319(884.66); 320(680.7); 321(977.58); 322(670.56); 323(257.48); 324(238.45); 325(732.18); 326(938.91); 327(807.14); 328(709.98); 329(822.36); 330(499.75); 331(341.95); 332(438.3); 333(103.86); 334(508.54); 335(979.39); 336(769.18); 337(734.43); 338(325.44); 339(774.36); 340(904.92); 341(230.86); 342(604.24); 343(326.72); 344(685.19); 345(255.48); 346(425.11); 347(260.74); 348(804.38); 349(131.1); 350(543.82); 351(141.65); 352(668.13); 353(993.12); 354(224.98); 355(425.45); 356(964.4); 357(153.78); 358(132.6); 359(846.29); 360(175.12); 361(567.36); 362(674.58); 363(567.83); 364(11.99); 365(906.02); 366(206.55); 367(546.16); 368(935.8); 369(510.46); 370(604.56); 371(401.58); 372(588.08); 373(590.07); 374(166.14); 375(686.86); 376(39.18); 377(105.94); 378(718.03); 379(225.38); 380(15.75); 381(292.12); 382(193.18); 383(161.91); 384(443.21); 385(144.31); 386(929.75); 387(135.79); 388(805.59); 389(943.16); 390(161.13); 391(822.98); 392(952.25); 393(876.33); 394(703.27); 395(232.77); 396(200.69); 397(574.89); 398(630.17); 399(162.32); 400(585.87); 401(413.84); 402(302.0); 403(715.64); 404(472.69); 405(812.62); 406(368.06); 407(730.48); 408(671.3); 409(973.29); 410(807.93); 411(739.29); 412(216.35); 413(11.47); 414(422.35); 415(481.82); 416(109.49); 417(336.45); 418(199.54); 419(27.21); 420(891.72); 421(11.13); 422(703.35); 423(332.56); 424(594.21); 425(570.17); 426(715.19); 427(75.96); 428(358.15); 429(980.75); 430(106.62); 431(700.37); 432(357.91); 433(757.26); 434(837.56); 435(509.02); 436(483.35); 437(598.68); 438(923.99); 439(623.56); 440(0.56); 441(573.85); 442(499.37); 443(212.58); 444(906.89); 445(375.97); 446(553.47); 447(44.59); 448(520.43); 449(615.93); 450(363.67); 451(487.18); 452(58.62); 453(232.64); 454(904.22); 455(344.9); 456(339.51); 457(911.4); 458(211.08); 459(45.61); 460(496.37); 461(157.61); 462(926.4); 463(432.52); 464(582.84); 465(336.91); 466(535.27); 467(982.91); 468(884.9); 469(83.5); 470(583.89); 471(392.19); 472(520.83); 473(552.87); 474(252.28); 475(69.6); 476(967.33); 477(276.07); 478(303.87); 479(343.88); 480(478.0); 481(825.39); 482(582.01); 483(418.79); 484(416.15); 485(249.64); 486(78.15); 487(234.64); 488(28.82); 489(850.41); 490(171.38); 491(304.9); 492(332.11); 493(518.76); 494(866.89); 495(998.45); 496(699.25); 497(373.4); 498(664.26); 499(426.46),1
131,0(52.94); 1(807.35); 2(962.58); 3(611.04); 4(149.32); 5(557.03); 6(561.32); 7(144.12); 8(75.27); 9(853.19); 10(174.85); 11(661.03); 12(84.38); 13(221.59); 14(370.83); 15(568.46); 16(419.2); 17(846.39); 18(49.74); 19(790.6); 20(176.05); 21(891.69); 22(205.63); 23(746.94); 24(892.25); 25(494.79); 26(678.95); 27(353.21); 28(729.38); 29(670.39); 30(25.43); 31(727.85); 32(632.16); 33(737.76); 34(875.7); 35(612.52); 36(755.36); 37(907.03); 38(252.23); 39(436.57); 40(98.51); 41(57.66); 42(701.29); 43(719.27); 44(490.95); 45(378.31); 46(972.54); 47(567.9); 48(164.65); 49(162.41); 50(619.77); 51(683.65); 52(807.94); 53(984.36); 54(413.28); 55(699.79); 56(258.38); 57(127.62); 58(563.9); 59(757.74); 60(633.9); 61(313.34); 62(985.26); 63(428.14); 64(193.7); 65(13.62); 66(424.24); 67(155.8); 68(526.7); 69(137.85); 70(445.2); 71(767.87); 72(690.39); 73(577.16); 74(623.58); 75(869.55); 76(801.19); 77(468.2); 78(701.28); 79(130.34); 80(305.39); 81(319.04); 82(978.61); 83(838.97); 84(212.63); 85(491.73); 86(205.21); 87(96.26); 88(782.81); 89(580.36); 90(804.86); 91(337.35); 92(778.54); 93(339.95); 94(646.08); 95(496.09); 96(206.78); 97(146.81); 98(647.6); 99(400.02); 100(923.88); 101(538.94); 102(71.35); 103(522.0); 104(849.31); 105(766.22); 106(934.92); 107(806.82); 108(204.26); 109(505.62); 110(820.57); 111(249.68); 112(605.89); 113(365.93); 114(121.76); 115(453.77); 116(388.41); 117(181.12); 118(796.24); 119(52.67); 120(953.91); 121(729.44); 122(764.3); 123(880.78); 124(878.9); 125(1.97); 126(414.1); 127(775.45); 128(973.68); 129(834.34); 130(692.97); 132(851.78); 133(513.87); 134(452.07); 135(758.75); 136(710.5); 137(279.82); 138(986.03); 139(146.06); 140(840.57); 141(923.06); 142(919.67); 143(130.75); 144(164.16); 145(30.94); 146(386.37); 147(87.15); 148(140.41); 149(517.63); 150(360.91); 151(595.64); 152(786.07); 153(426.86); 154(357.48); 155(631.96); 156(90.58); 157(401.26); 158(350.46); 159(216.36); 160(221.47); 161(594.72); 162(30.89); 163(73.28); 164(450.6); 165(643.01); 166(690.3); 167(765.78); 168(973.85); 169(685.29); 170(719.33); 171(817.65); 172(367.79); 173(418.46); 174(692.02); 175(78.42); 176(174.22); 177(40.53); 178(921.94); 179(763.81); 180(116.19); 181(962.0); 182(410.28); 183(271.27); 184(883.31); 185(591.48); 186(574.03); 187(440.71); 188(432.02); 189(241.16); 190(576.82); 191(853.25); 192(306.55); 193(190.03); 194(281.57); 195(754.65); 196(695.94); 197(983.76); 198(29.27); 199(300.08); 200(731.24); 201(424.16); 202(957.36); 203(224.15); 204(389.56); 205(463.38); 206(888.84); 207(751.69); 208(669.6); 209(567.73); 210(111.3); 211(826.09); 212(117.07); 213(960.9); 214(720.27); 215(873.85); 216(594.81); 217(39.1); 218(434.44); 219(220.2); 220(814.14); 221(722.05); 222(820.74); 223(446.7); 224(337.84); 225(778.48); 226(528.41); 227(197.85); 228(249.12); 229(469.9); 230(68.28); 231(738.43); 232(466.96); 233(408.97); 234(108.06); 235(17.25); 236(718.0); 237(517.94); 238(669.44); 239(611.7); 240(152.46); 241(5.42); 242(529.94); 243(374.11); 244(530.53); 245(554.49); 246(487.47); 247(420.25); 248(89.07); 249(96.53); 250(12.7); 251(823.0); 252(129.4); 253(408.45); 254(143.41); 255(53.15); 256(19.05); 257(894.22); 258(81.2); 259(117.19); 260(198.34); 261(517.51); 262(621.85); 263(11.05); 264(582.82); 265(173.45); 266(798.94); 267(544.16); 268(142.42); 269(540.23); 270(915.8); 271(719.97); 272(502.27); 273(750.3); 274(319.52); 275(542.73); 276(225.22); 277(363.57); 278(748.22); 279(511.28); 280(456.82); 281(45.25); 282(849.6); 283(540.57); 284(253.34); 285(402.03); 286(758.87); 287(2.53); 288(567.48); 289(976.09); 290(24.29); 291(619.55); 292(365.95); 293(12.14); 294(100.61); 295(885.65); 296(46.49); 297(730.76); 298(729.2); 299(971.9); 300(393.55); 301(750.23); 302(538.14); 303(691.29); 304(96.88); 305(557.09); 306(481.34); 307(428.5); 308(731.84); 309(815.9); 310(563.81); 311(90.93); 312(796.75); 313(701.21); 314(880.79); 315(573.66); 316(33.56); 317(468.3); 318(399.23); 319(480.35); 320(921.89); 321(865.75); 322(724.27); 323(734.89); 324(498.33); 325(635.37); 326(911.82); 327(738.93); 328(248.59); 329(565.85); 330(375.08); 331(546.9); 332(407.71); 333(233.21); 334(59.5); 335(502.09); 336(454.67); 337(276.35); 338(62.37); 339(733.69); 340(244.38); 341(64.38); 342(43.69); 343(501.64); 344(210.41); 345(720.58); 346(302.7); 347(515.31); 348(435.5); 349(449.07); 350(539.9); 351(521.98); 352(803.42); 353(725.35); 354(185.8); 355(836.78); 356(521.31); 357(732.36); 358(416.98); 359(925.98); 360(398.68); 361(612.61); 362(401.5); 363(219.22); 364(514.23); 365(45.77); 366(787.93); 367(897.24); 368(327.55); 369(695.59); 370(964.9); 371(448.03); 372(185.99); 373(55.03); 374(796.61); 375(767.79); 376(175.13); 377(175.84); 378(775.95); 379(388.36); 380(65.24); 381(427.64); 382(328.65); 383(508.19); 384(266.23); 385(342.15); 386(887.38); 387(478.2); 388(485.8); 389(855.61); 390(372.33); 391(554.49); 392(417.83); 393(412.95); 394(83.45); 395(943.4); 396(679.13); 397(541.75); 398(790.67); 399(135.75); 400(260.49); 401(823.85); 402(377.96); 403(403.93); 404(373.29); 405(408.06); 406(561.71); 407(438.55); 408(547.34); 409(68.97); 410(151.55); 411(886.92); 412(486.98); 413(547.87); 414(781.68); 415(708.12); 416(147.72); 417(870.88); 418(166.76); 419(3.1); 420(558.48); 421(510.29); 422(374.55); 423(812.37); 424(508.3); 425(955.15); 426(321.72); 427(505.12); 428(661.74); 429(633.64); 430(756.54); 431(94.04); 432(571.85); 433(332.9); 434(841.69); 435(965.47); 436(69.94); 437(620.77); 438(748.7); 439(87.43); 440(755.8); 441(778.35); 442(86.93); 443(758.41); 444(137.43); 445(973.21); 446(21.23); 447(422.15); 448(724.3); 449(349.37); 450(603.57); 451(904.39); 452(542.83); 453(144.82); 454(933.87); 455(165.49); 456(605.86); 457(133.42); 458(328.74); 459(977.66); 460(686.97); 461(991.86); 462(505.38); 463(814.41); 464(540.44); 465(238.01); 466(859.15); 467(829.2); 468(168.92); 469(722.02); 470(923.21); 471(628.17); 472(647.22); 473(708.43); 474(97.52); 475(111.94); 476(552.0); 477(459.99); 478(524.52); 479(445.39); 480(771.09); 481(230.37); 482(269.05); 483(314.45); 484(513.48); 485(509.92); 486(138.89); 487(642.46); 488(232.47); 489(246.91); 490(244.16); 491(546.03); 492(318.73); 493(28.52); 494(820.79); 495(714.62); 496(535.07); 497(555.01); 498(402.96); 499(567.48),1
132,0(101.06); 1(644.81); 2(706.4); 3(602.81); 4(699.75); 5(546.58); 6(771.98); 7(513.02); 8(58.09); 9(749.16); 10(230.41); 11(977.44); 12(651.81); 13(222.62); 14(368.36); 15(379.1); 16(679.04); 17(713.75); 18(589.52); 19(671.53); 20(643.73); 21(577.4); 22(57.47); 23(424.33); 24(83.64); 25(542.1); 26(608.92); 27(342.28); 28(175.81); 29(651.33); 30(380.1); 31(94.07); 32(324.8); 33(814.96); 34(817.85); 35(981.53); 36(570.32); 37(543.81); 38(603.83); 39(955.1); 40(820.77); 41(67.75); 42(198.1); 43(399.63); 44(217.15); 45(536.09); 46(381.77); 47(977.12); 48(219.98); 49(167.04); 50(568.03); 51(586.23); 52(26.19); 53(908.82); 54(848.17); 55(134.67); 56(958.71); 57(45.23); 58(758.18); 59(80.63); 60(300.51); 61(414.79); 62(800.44); 63(632.27); 64(516.71); 65(509.13); 66(109.2); 67(914.44); 68(903.53); 69(117.86); 70(110.44); 71(333.6); 72(710.16); 73(652.8); 74(890.62); 75(234.6); 76(468.87); 77(637.02); 78(218.99); 79(659.18); 80(325.83); 81(211.17); 82(407.29); 83(803.62); 84(600.31); 85(630.68); 86(550.47); 87(419.45); 88(870.03); 89(134.39); 90(946.54); 91(211.85); 92(746.0); 93(812.61); 94(185.76); 95(714.04); 96(139.32); 97(184.01); 98(385.22); 99(390.36); 100(317.91); 101(259.55); 102(439.13); 103(921.9); 104(64.11); 105(978.6); 106(803.95); 107(203.4); 108(28.89); 109(932.38); 110(107.68); 111(796.8); 112(367.16); 113(169.73); 114(887.85); 115(2.11); 116(486.9); 117(831.82); 118(659.18); 119(572.08); 120(7.99); 121(644.15); 122(433.56); 123(111.17); 124(717.93); 125(422.42); 126(727.24); 127(565.7); 128(505.09); 129(892.14); 130(334.12); 131(851.78); 133(527.64); 134(289.96); 135(674.43); 136(470.06); 137(985.88); 138(78.13); 139(321.67); 140(14.63); 141(312.99); 142(754.16); 143(6.18); 144(946.21); 145(240.27); 146(528.52); 147(432.04); 148(18.38); 149(692.85); 150(659.87); 151(127.06); 152(789.57); 153(255.07); 154(950.69); 155(554.52); 156(299.18); 157(442.14); 158(979.14); 159(666.39); 160(350.33); 161(181.52); 162(459.56); 163(282.83); 164(899.45); 165(279.05); 166(889.7); 167(724.99); 168(283.41); 169(549.72); 170(828.0); 171(553.15); 172(945.77); 173(705.87); 174(533.16); 175(662.99); 176(37.28); 177(601.42); 178(582.66); 179(148.09); 180(727.84); 181(137.35); 182(669.15); 183(658.45); 184(902.96); 185(300.91); 186(484.62); 187(416.56); 188(156.6); 189(386.01); 190(711.9); 191(400.03); 192(308.23); 193(814.56); 194(195.98); 195(731.25); 196(177.82); 197(741.78); 198(350.18); 199(536.67); 200(485.19); 201(158.25); 202(899.32); 203(599.1); 204(947.81); 205(154.13); 206(120.65); 207(955.09); 208(188.73); 209(266.84); 210(809.36); 211(162.45); 212(720.41); 213(88.49); 214(299.06); 215(298.48); 216(930.91); 217(361.54); 218(985.46); 219(366.12); 220(864.47); 221(745.9); 222(832.85); 223(216.57); 224(438.87); 225(862.82); 226(191.47); 227(929.42); 228(488.4); 229(553.36); 230(759.61); 231(530.32); 232(908.8); 233(462.83); 234(520.15); 235(521.9); 236(101.99); 237(367.99); 238(704.06); 239(380.89); 240(396.04); 241(525.73); 242(883.13); 243(736.55); 244(365.07); 245(592.77); 246(824.01); 247(519.06); 248(852.23); 249(190.41); 250(59.02); 251(730.17); 252(926.1); 253(611.36); 254(390.82); 255(98.14); 256(95.52); 257(143.04); 258(511.68); 259(327.49); 260(438.08); 261(165.87); 262(619.17); 263(390.58); 264(772.62); 265(894.87); 266(586.05); 267(468.29); 268(18.88); 269(855.26); 270(488.39); 271(28.73); 272(498.32); 273(757.2); 274(87.17); 275(18.38); 276(249.01); 277(567.4); 278(512.92); 279(406.58); 280(329.03); 281(326.28); 282(188.57); 283(48.89); 284(384.55); 285(897.49); 286(574.66); 287(864.32); 288(287.33); 289(342.82); 290(43.57); 291(424.08); 292(305.09); 293(372.52); 294(557.01); 295(214.26); 296(674.17); 297(221.02); 298(964.06); 299(704.72); 300(59.8); 301(461.49); 302(954.67); 303(251.32); 304(438.8); 305(834.98); 306(897.18); 307(262.51); 308(856.55); 309(818.04); 310(625.4); 311(945.72); 312(125.73); 313(954.28); 314(211.96); 315(691.48); 316(859.34); 317(99.78); 318(272.4); 319(752.24); 320(501.94); 321(236.24); 322(321.61); 323(682.24); 324(349.98); 325(603.14); 326(849.71); 327(55.36); 328(133.12); 329(865.32); 330(207.97); 331(638.22); 332(696.32); 333(169.85); 334(110.1); 335(450.78); 336(621.97); 337(836.97); 338(44.6); 339(443.84); 340(960.84); 341(424.34); 342(756.97); 343(698.66); 344(550.2); 345(793.3); 346(266.47); 347(418.79); 348(359.72); 349(964.38); 350(626.47); 351(585.74); 352(287.59); 353(112.54); 354(286.98); 355(80.84); 356(750.84); 357(402.03); 358(997.77); 359(722.83); 360(590.67); 361(470.17); 362(115.79); 363(611.21); 364(672.6); 365(94.44); 366(441.26); 367(183.25); 368(307.66); 369(465.51); 370(992.19); 371(667.28); 372(870.02); 373(875.66); 374(342.88); 375(720.7); 376(798.99); 377(289.4); 378(328.68); 379(564.76); 380(839.84); 381(60.39); 382(833.23); 383(605.64); 384(360.44); 385(608.47); 386(54.26); 387(153.9); 388(414.29); 389(263.66); 390(979.11); 391(305.33); 392(853.44); 393(999.01); 394(934.61); 395(351.26); 396(746.75); 397(644.72); 398(19.47); 399(770.99); 400(334.26); 401(38.99); 402(840.71); 403(815.62); 404(699.26); 405(559.51); 406(819.78); 407(450.06); 408(272.42); 409(142.99); 410(301.57); 411(9.82); 412(731.46); 413(347.07); 414(601.94); 415(51.9); 416(726.48); 417(733.77); 418(931.38); 419(876.83); 420(185.33); 421(392.92); 422(515.09); 423(972.06); 424(582.97); 425(523.17); 426(111.6); 427(468.52); 428(759.79); 429(874.7); 430(69.24); 431(741.74); 432(72.39); 433(249.57); 434(739.35); 435(720.34); 436(892.46); 437(830.82); 438(983.09); 439(798.24); 440(344.75); 441(573.7); 442(749.22); 443(536.56); 444(765.55); 445(151.04); 446(765.06); 447(860.3); 448(293.9); 449(766.17); 450(820.96); 451(75.41); 452(134.29); 453(186.27); 454(589.47); 455(201.55); 456(932.19); 457(60.08); 458(118.32); 459(792.48); 460(446.7); 461(6.91); 462(980.73); 463(618.23); 464(225.77); 465(134.04); 466(269.47); 467(787.4); 468(232.25); 469(694.8); 470(978.17); 471(796.62); 472(277.84); 473(811.73); 474(84.74); 475(404.94); 476(870.78); 477(407.65); 478(492.54); 479(299.89); 480(108.56); 481(762.47); 482(174.91); 483(876.67); 484(773.12); 485(805.5); 486(837.77); 487(246.05); 488(514.37); 489(354.63); 490(931.42); 491(788.23); 492(91.76); 493(876.7); 494(867.57); 495(349.38); 496(694.36); 497(728.5); 498(65.99); 499(597.68),2
133,0(672.58); 1(874.63); 2(701.46); 3(931.21); 4(265.94); 5(926.17); 6(81.02); 7(301.71); 8(204.94); 9(157.72); 10(215.4); 11(988.05); 12(102.37); 13(557.55); 14(849.75); 15(352.56); 16(24.02); 17(159.1); 18(442.38); 19(194.23); 20(780.54); 21(846.93); 22(289.4); 23(366.12); 24(377.74); 25(688.4); 26(538.46); 27(873.73); 28(747.62); 29(458.96); 30(191.3); 31(429.91); 32(248.47); 33(260.13); 34(373.08); 35(233.72); 36(645.38); 37(372.69); 38(785.51); 39(123.61); 40(94.3); 41(605.7); 42(351.14); 43(342.43); 44(5.05); 45(278.91); 46(459.28); 47(164.83); 48(602.86); 49(167.97); 50(960.79); 51(500.52); 52(444.43); 53(304.68); 54(121.55); 55(557.03); 56(274.71); 57(528.55); 58(437.36); 59(274.46); 60(483.92); 61(620.52); 62(339.16); 63(170.26); 64(699.46); 65(492.04); 66(696.78); 67(361.75); 68(507.33); 69(800.5); 70(28.68); 71(198.35); 72(791.19); 73(467.36); 74(100.9); 75(250.75); 76(416.99); 77(534.47); 78(803.1); 79(985.9); 80(271.29); 81(157.93); 82(570.34); 83(940.66); 84(207.78); 85(993.05); 86(407.81); 87(348.52); 88(993.02); 89(935.9); 90(670.45); 91(602.12); 92(786.63); 93(119.29); 94(666.25); 95(527.89); 96(574.49); 97(647.26); 98(143.43); 99(248.09); 100(470.32); 101(35.01); 102(198.87); 103(836.59); 104(75.77); 105(573.84); 106(830.69); 107(238.93); 108(371.8); 109(577.66); 110(880.31); 111(140.48); 112(857.87); 113(684.24); 114(81.45); 115(255.17); 116(117.79); 117(120.56); 118(744.8); 119(140.18); 120(193.07); 121(223.38); 122(807.54); 123(589.41); 124(665.18); 125(375.68); 126(712.29); 127(891.74); 128(561.69); 129(542.89); 130(609.89); 131(513.87); 132(527.64); 134(696.71); 135(316.14); 136(247.74); 137(89.32); 138(962.59); 139(965.43); 140(310.73); 141(955.35); 142(267.01); 143(845.43); 144(89.22); 145(474.07); 146(589.75); 147(360.6); 148(549.29); 149(21.85); 150(927.91); 151(535.07); 152(38.09); 153(717.25); 154(1.75); 155(278.27); 156(771.46); 157(106.94); 158(919.93); 159(434.1); 160(318.13); 161(245.18); 162(953.81); 163(710.0); 164(731.76); 165(742.9); 166(468.21); 167(652.66); 168(995.34); 169(354.79); 170(255.84); 171(645.39); 172(105.97); 173(684.34); 174(63.81); 175(733.1); 176(948.03); 177(868.97); 178(54.9); 179(63.62); 180(913.39); 181(208.43); 182(70.65); 183(795.79); 184(630.34); 185(737.68); 186(745.96); 187(922.02); 188(798.21); 189(627.74); 190(58.41); 191(967.97); 192(853.39); 193(974.33); 194(479.84); 195(284.45); 196(853.19); 197(568.97); 198(804.91); 199(328.0); 200(897.89); 201(87.92); 202(230.68); 203(188.42); 204(330.85); 205(197.71); 206(615.04); 207(831.78); 208(986.26); 209(431.79); 210(781.8); 211(652.84); 212(109.84); 213(617.03); 214(155.37); 215(808.88); 216(219.45); 217(438.8); 218(208.37); 219(200.22); 220(437.91); 221(904.11); 222(111.43); 223(745.16); 224(810.78); 225(338.7); 226(213.57); 227(858.68); 228(514.44); 229(416.26); 230(795.32); 231(93.73); 232(587.96); 233(256.21); 234(213.29); 235(105.45); 236(515.86); 237(554.27); 238(596.17); 239(289.59); 240(909.83); 241(855.52); 242(56.92); 243(39.18); 244(601.93); 245(759.07); 246(768.73); 247(853.86); 248(538.64); 249(725.43); 250(908.16); 251(903.26); 252(969.41); 253(541.51); 254(322.7); 255(79.06); 256(310.17); 257(381.92); 258(962.08); 259(844.36); 260(123.6); 261(507.38); 262(705.97); 263(923.67); 264(153.82); 265(729.83); 266(557.91); 267(638.12); 268(352.42); 269(405.5); 270(27.47); 271(328.47); 272(602.7); 273(977.39); 274(464.77); 275(659.52); 276(767.23); 277(381.02); 278(306.57); 279(225.98); 280(418.36); 281(900.23); 282(384.5); 283(319.94); 284(901.35); 285(738.76); 286(220.22); 287(589.26); 288(796.34); 289(910.94); 290(784.99); 291(688.09); 292(989.99); 293(939.6); 294(848.87); 295(303.44); 296(3.79); 297(425.69); 298(138.56); 299(835.35); 300(547.45); 301(891.25); 302(757.81); 303(604.01); 304(80.09); 305(838.38); 306(913.98); 307(684.18); 308(912.64); 309(720.71); 310(589.43); 311(690.12); 312(759.46); 313(869.57); 314(843.88); 315(903.48); 316(747.84); 317(419.25); 318(371.23); 319(720.05); 320(61.4); 321(581.65); 322(62.14); 323(616.32); 324(444.86); 325(706.81); 326(326.42); 327(877.95); 328(645.03); 329(320.44); 330(251.34); 331(536.85); 332(224.95); 333(780.01); 334(195.39); 335(865.01); 336(355.58); 337(710.02); 338(856.38); 339(141.01); 340(563.09); 341(240.26); 342(81.1); 343(109.3); 344(376.74); 345(876.23); 346(236.78); 347(139.94); 348(243.48); 349(934.71); 350(23.67); 351(996.64); 352(669.29); 353(179.86); 354(265.21); 355(236.6); 356(556.51); 357(593.18); 358(430.23); 359(906.47); 360(331.76); 361(781.66); 362(524.56); 363(105.76); 364(546.15); 365(421.31); 366(678.84); 367(772.13); 368(619.5); 369(423.95); 370(320.86); 371(775.18); 372(372.36); 373(156.26); 374(452.74); 375(980.68); 376(395.23); 377(390.51); 378(184.58); 379(760.04); 380(285.86); 381(19.47); 382(263.49); 383(788.25); 384(336.89); 385(141.79); 386(198.35); 387(542.53); 388(910.63); 389(311.57); 390(594.43); 391(429.15); 392(26.57); 393(757.56); 394(677.13); 395(695.05); 396(652.03); 397(973.56); 398(833.85); 399(226.65); 400(887.85); 401(466.01); 402(876.0); 403(44.01); 404(475.16); 405(875.96); 406(865.96); 407(73.49); 408(7.2); 409(296.09); 410(692.34); 411(977.83); 412(20.43); 413(458.01); 414(50.18); 415(612.65); 416(917.41); 417(550.05); 418(868.48); 419(237.24); 420(822.86); 421(166.19); 422(799.45); 423(77.43); 424(511.99); 425(353.41); 426(640.9); 427(646.72); 428(44.67); 429(543.11); 430(78.55); 431(751.88); 432(126.2); 433(284.34); 434(355.66); 435(701.98); 436(667.79); 437(63.3); 438(346.4); 439(298.11); 440(334.41); 441(503.84); 442(952.97); 443(972.54); 444(605.9); 445(665.33); 446(626.43); 447(670.51); 448(491.98); 449(786.26); 450(85.45); 451(120.23); 452(781.41); 453(630.32); 454(974.36); 455(686.14); 456(476.38); 457(237.75); 458(221.27); 459(876.28); 460(810.16); 461(320.66); 462(429.74); 463(80.77); 464(682.05); 465(50.58); 466(89.69); 467(290.71); 468(772.99); 469(615.08); 470(369.98); 471(326.11); 472(741.27); 473(755.7); 474(182.96); 475(548.58); 476(392.62); 477(231.9); 478(924.32); 479(843.41); 480(368.66); 481(250.15); 482(716.16); 483(982.64); 484(910.84); 485(312.12); 486(147.69); 487(122.47); 488(641.73); 489(533.12); 490(377.76); 491(63.01); 492(165.8); 493(14.34); 494(807.98); 495(66.88); 496(475.97); 497(381.47); 498(981.67); 499(650.96),1
134,0(922.58); 1(272.96); 2(396.98); 3(317.19); 4(854.73); 5(547.29); 6(532.64); 7(918.32); 8(702.54); 9(157.17); 10(332.24); 11(163.36); 12(86.23); 13(132.21); 14(42.76); 15(852.38); 16(353.96); 17(801.01); 18(220.42); 19(61.81); 20(240.65); 21(653.06); 22(564.57); 23(741.37); 24(554.95); 25(13.96); 26(69.64); 27(36.1); 28(410.16); 29(807.95); 30(144.88); 31(542.7); 32(634.19); 33(975.66); 34(148.18); 35(630.71); 36(251.83); 37(77.44); 38(175.26); 39(132.73); 40(46.04); 41(20.48); 42(189.63); 43(864.93); 44(588.1); 45(214.76); 46(87.15); 47(427.11); 48(972.81); 49(409.06); 50(798.24); 51(791.05); 52(701.5); 53(827.34); 54(726.05); 55(554.4); 56(409.41); 57(224.2); 58(262.09); 59(693.01); 60(200.93); 61(819.4); 62(53.23); 63(260.23); 64(478.18); 65(963.17); 66(575.87); 67(275.74); 68(761.07); 69(768.93); 70(695.91); 71(955.87); 72(552.89); 73(295.39); 74(444.29); 75(722.32); 76(315.14); 77(694.4); 78(406.67); 79(45.88); 80(954.43); 81(327.98); 82(211.19); 83(256.73); 84(878.18); 85(681.29); 86(965.8); 87(319.79); 88(510.94); 89(505.07); 90(471.62); 91(209.36); 92(465.0); 93(885.99); 94(685.61); 95(555.11); 96(477.45); 97(206.39); 98(384.46); 99(488.61); 100(115.4); 101(342.58); 102(829.58); 103(366.6); 104(566.94); 105(774.51); 106(549.41); 107(29.04); 108(877.75); 109(18.01); 110(543.78); 111(938.91); 112(348.4); 113(700.51); 114(212.19); 115(422.0); 116(610.44); 117(648.53); 118(467.43); 119(528.24); 120(652.42); 121(912.33); 122(708.9); 123(674.95); 124(172.1); 125(569.73); 126(477.93); 127(637.06); 128(907.9); 129(342.59); 130(189.82); 131(452.07); 132(289.96); 133(696.71); 135(884.6); 136(243.71); 137(283.83); 138(543.16); 139(783.48); 140(848.89); 141(462.32); 142(590.94); 143(410.96); 144(449.94); 145(656.71); 146(984.45); 147(311.66); 148(189.51); 149(650.11); 150(274.79); 151(203.71); 152(934.82); 153(107.69); 154(256.93); 155(85.35); 156(350.43); 157(150.08); 158(862.0); 159(759.82); 160(610.28); 161(613.66); 162(904.91); 163(755.27); 164(254.23); 165(77.46); 166(552.48); 167(844.98); 168(65.9); 169(189.67); 170(640.82); 171(106.37); 172(476.97); 173(171.15); 174(15.45); 175(680.42); 176(383.11); 177(219.52); 178(556.58); 179(927.37); 180(281.25); 181(807.39); 182(443.08); 183(787.86); 184(454.42); 185(958.5); 186(82.52); 187(488.13); 188(130.86); 189(847.3); 190(636.84); 191(302.82); 192(454.04); 193(133.24); 194(648.3); 195(549.76); 196(493.97); 197(122.82); 198(246.48); 199(824.26); 200(997.43); 201(431.69); 202(525.48); 203(595.61); 204(906.88); 205(636.86); 206(449.81); 207(134.51); 208(257.48); 209(473.38); 210(879.47); 211(859.84); 212(736.11); 213(912.44); 214(393.02); 215(467.75); 216(393.67); 217(737.37); 218(944.28); 219(541.74); 220(987.56); 221(24.4); 222(783.52); 223(67.14); 224(545.77); 225(136.87); 226(247.54); 227(64.35); 228(165.41); 229(976.75); 230(739.48); 231(404.18); 232(663.06); 233(634.95); 234(179.94); 235(736.73); 236(557.08); 237(345.25); 238(161.32); 239(315.77); 240(733.15); 241(494.65); 242(839.41); 243(119.48); 244(67.61); 245(227.99); 246(914.34); 247(445.65); 248(357.2); 249(629.18); 250(315.66); 251(968.96); 252(481.3); 253(160.72); 254(388.07); 255(956.18); 256(301.8); 257(696.66); 258(75.12); 259(537.55); 260(174.39); 261(348.03); 262(980.8); 263(208.81); 264(756.29); 265(874.2); 266(91.52); 267(956.81); 268(306.72); 269(509.84); 270(220.7); 271(155.43); 272(55.89); 273(826.45); 274(511.65); 275(14.25); 276(186.87); 277(260.09); 278(718.14); 279(626.73); 280(824.16); 281(616.71); 282(903.57); 283(904.49); 284(785.99); 285(871.96); 286(951.69); 287(139.69); 288(650.26); 289(206.53); 290(237.54); 291(639.96); 292(645.1); 293(919.11); 294(113.64); 295(212.86); 296(376.29); 297(128.52); 298(859.3); 299(412.17); 300(817.7); 301(600.57); 302(995.26); 303(905.57); 304(454.82); 305(118.98); 306(644.53); 307(782.37); 308(681.14); 309(222.77); 310(212.85); 311(216.61); 312(646.83); 313(387.63); 314(678.97); 315(834.01); 316(187.39); 317(810.51); 318(91.35); 319(997.84); 320(725.52); 321(559.36); 322(401.63); 323(5.51); 324(88.48); 325(993.3); 326(860.43); 327(347.66); 328(924.18); 329(635.23); 330(204.22); 331(139.69); 332(853.3); 333(536.96); 334(222.83); 335(627.31); 336(684.78); 337(99.72); 338(47.88); 339(808.44); 340(18.31); 341(99.55); 342(23.06); 343(207.6); 344(721.1); 345(688.68); 346(82.49); 347(518.84); 348(504.3); 349(802.3); 350(560.67); 351(694.57); 352(681.65); 353(755.89); 354(672.96); 355(104.62); 356(218.0); 357(35.81); 358(673.93); 359(98.29); 360(234.93); 361(507.67); 362(945.48); 363(978.03); 364(174.94); 365(286.16); 366(176.57); 367(268.21); 368(342.54); 369(318.51); 370(95.13); 371(566.8); 372(248.5); 373(362.89); 374(938.45); 375(964.96); 376(342.72); 377(849.59); 378(162.75); 379(417.01); 380(936.83); 381(614.83); 382(820.91); 383(2.85); 384(523.4); 385(588.43); 386(775.74); 387(767.5); 388(837.92); 389(944.04); 390(603.73); 391(185.3); 392(926.51); 393(777.23); 394(237.66); 395(994.47); 396(798.05); 397(238.24); 398(733.8); 399(469.7); 400(324.94); 401(639.81); 402(0.47); 403(503.73); 404(459.91); 405(67.48); 406(33.32); 407(488.23); 408(463.18); 409(427.95); 410(555.05); 411(704.03); 412(994.77); 413(294.75); 414(39.76); 415(432.02); 416(206.27); 417(993.8); 418(61.68); 419(862.96); 420(194.13); 421(962.24); 422(129.8); 423(452.17); 424(978.66); 425(541.92); 426(256.78); 427(740.12); 428(492.26); 429(455.61); 430(245.12); 431(646.2); 432(455.41); 433(130.78); 434(932.34); 435(373.43); 436(112.46); 437(920.26); 438(848.43); 439(170.57); 440(983.34); 441(708.19); 442(919.45); 443(773.43); 444(872.27); 445(845.05); 446(478.44); 447(645.71); 448(811.37); 449(105.43); 450(202.03); 451(478.34); 452(544.29); 453(667.42); 454(652.65); 455(143.21); 456(143.77); 457(711.2); 458(539.5); 459(509.01); 460(239.24); 461(158.16); 462(553.38); 463(374.99); 464(494.74); 465(214.5); 466(843.17); 467(812.57); 468(317.42); 469(139.23); 470(572.52); 471(444.95); 472(264.38); 473(114.15); 474(999.77); 475(861.8); 476(741.7); 477(761.22); 478(212.12); 479(572.12); 480(343.21); 481(866.99); 482(757.94); 483(945.28); 484(571.0); 485(707.99); 486(433.75); 487(151.14); 488(725.75); 489(834.55); 490(301.66); 491(270.39); 492(915.48); 493(684.35); 494(770.35); 495(199.48); 496(338.43); 497(509.75); 498(763.28); 499(552.45),1
135,0(9.29); 1(295.24); 2(192.15); 3(20.86); 4(672.4); 5(85.06); 6(754.71); 7(249.2); 8(961.83); 9(943.38); 10(585.02); 11(232.88); 12(20.93); 13(797.79); 14(156.36); 15(468.64); 16(118.24); 17(982.29); 18(49.25); 19(17.74); 20(131.1); 21(148.58); 22(87.37); 23(607.94); 24(972.67); 25(744.4); 26(358.17); 27(675.23); 28(804.76); 29(67.0); 30(322.12); 31(292.01); 32(963.77); 33(704.85); 34(441.52); 35(732.71); 36(761.97); 37(116.86); 38(27.23); 39(865.29); 40(767.57); 41(601.07); 42(698.32); 43(509.89); 44(192.65); 45(95.54); 46(79.97); 47(732.05); 48(607.64); 49(235.91); 50(95.89); 51(176.89); 52(918.35); 53(550.82); 54(477.8); 55(423.67); 56(454.16); 57(284.77); 58(942.3); 59(824.82); 60(511.3); 61(147.36); 62(572.07); 63(818.53); 64(801.15); 65(240.71); 66(216.73); 67(513.17); 68(451.62); 69(419.22); 70(368.53); 71(537.96); 72(386.53); 73(506.55); 74(24.65); 75(222.63); 76(923.13); 77(188.18); 78(425.46); 79(253.5); 80(371.35); 81(397.42); 82(490.48); 83(886.37); 84(958.43); 85(66.46); 86(127.75); 87(910.32); 88(654.46); 89(525.88); 90(825.53); 91(564.05); 92(342.22); 93(659.02); 94(356.42); 95(761.07); 96(583.1); 97(841.99); 98(432.2); 99(407.43); 100(496.7); 101(540.21); 102(19.24); 103(54.79); 104(891.43); 105(464.61); 106(753.41); 107(264.4); 108(921.98); 109(995.82); 110(136.9); 111(293.01); 112(384.21); 113(818.83); 114(862.73); 115(696.56); 116(156.19); 117(712.68); 118(612.62); 119(789.12); 120(260.24); 121(832.39); 122(469.44); 123(768.5); 124(436.03); 125(613.62); 126(892.42); 127(138.85); 128(375.81); 129(180.92); 130(339.26); 131(758.75); 132(674.43); 133(316.14); 134(884.6); 136(899.45); 137(950.29); 138(971.7); 139(347.06); 140(566.16); 141(957.48); 142(405.23); 143(856.3); 144(490.19); 145(193.5); 146(662.06); 147(505.12); 148(837.58); 149(85.36); 150(462.21); 151(311.79); 152(726.26); 153(199.67); 154(846.21); 155(753.22); 156(1.97); 157(267.07); 158(767.48); 159(568.35); 160(119.2); 161(683.36); 162(749.25); 163(973.88); 164(624.97); 165(876.18); 166(196.75); 167(652.87); 168(798.43); 169(86.62); 170(710.36); 171(902.11); 172(797.07); 173(93.83); 174(152.27); 175(500.82); 176(31.14); 177(49.06); 178(573.61); 179(953.22); 180(758.7); 181(887.93); 182(971.23); 183(818.78); 184(556.23); 185(336.03); 186(540.85); 187(169.31); 188(782.6); 189(582.45); 190(677.75); 191(269.55); 192(625.87); 193(487.3); 194(977.51); 195(900.11); 196(850.47); 197(728.8); 198(975.25); 199(771.2); 200(739.14); 201(521.04); 202(724.14); 203(759.47); 204(22.96); 205(789.38); 206(172.33); 207(828.54); 208(736.29); 209(367.35); 210(327.37); 211(275.21); 212(876.05); 213(501.19); 214(59.42); 215(292.69); 216(747.6); 217(273.83); 218(75.27); 219(173.48); 220(568.4); 221(928.41); 222(161.67); 223(54.4); 224(571.13); 225(950.96); 226(933.19); 227(391.65); 228(705.31); 229(950.69); 230(965.77); 231(424.08); 232(806.32); 233(244.02); 234(751.59); 235(204.53); 236(702.19); 237(825.88); 238(103.75); 239(473.63); 240(832.12); 241(781.63); 242(663.59); 243(293.74); 244(139.99); 245(661.75); 246(522.22); 247(417.19); 248(182.75); 249(74.03); 250(879.37); 251(172.2); 252(811.41); 253(388.18); 254(574.27); 255(531.01); 256(119.28); 257(386.48); 258(689.81); 259(854.31); 260(777.9); 261(945.18); 262(404.97); 263(921.91); 264(922.86); 265(642.27); 266(219.29); 267(366.11); 268(774.88); 269(809.46); 270(164.75); 271(867.95); 272(411.41); 273(774.63); 274(7.17); 275(265.5); 276(571.34); 277(937.75); 278(634.18); 279(833.04); 280(694.17); 281(836.37); 282(683.7); 283(232.65); 284(334.38); 285(537.22); 286(771.93); 287(172.6); 288(135.15); 289(982.71); 290(105.35); 291(94.67); 292(945.28); 293(349.11); 294(392.52); 295(454.42); 296(592.89); 297(765.23); 298(184.74); 299(292.78); 300(456.57); 301(659.03); 302(410.08); 303(516.73); 304(967.06); 305(310.13); 306(245.32); 307(72.44); 308(850.03); 309(891.43); 310(904.82); 311(29.09); 312(908.29); 313(922.86); 314(39.42); 315(310.87); 316(719.33); 317(520.47); 318(892.08); 319(113.19); 320(838.6); 321(771.05); 322(309.81); 323(7.5); 324(45.53); 325(234.77); 326(6.53); 327(322.31); 328(681.1); 329(441.01); 330(605.06); 331(6.34); 332(923.37); 333(980.32); 334(325.06); 335(402.38); 336(769.15); 337(601.27); 338(958.5); 339(218.27); 340(277.78); 341(909.41); 342(635.79); 343(446.14); 344(766.24); 345(25.15); 346(935.14); 347(984.35); 348(746.42); 349(468.45); 350(801.87); 351(554.95); 352(83.06); 353(60.51); 354(197.84); 355(637.54); 356(108.03); 357(244.72); 358(949.27); 359(231.49); 360(696.81); 361(247.51); 362(616.15); 363(180.26); 364(295.47); 365(84.01); 366(396.33); 367(794.99); 368(895.38); 369(174.76); 370(645.94); 371(711.0); 372(505.05); 373(411.63); 374(259.3); 375(347.98); 376(562.79); 377(33.48); 378(702.83); 379(97.15); 380(651.1); 381(382.46); 382(689.37); 383(842.87); 384(780.39); 385(247.06); 386(948.67); 387(828.03); 388(568.81); 389(934.54); 390(202.75); 391(746.33); 392(823.78); 393(354.7); 394(537.75); 395(245.58); 396(787.07); 397(803.43); 398(365.04); 399(992.49); 400(14.51); 401(532.16); 402(490.17); 403(77.9); 404(847.74); 405(222.52); 406(209.83); 407(327.51); 408(639.81); 409(131.08); 410(41.28); 411(904.51); 412(115.22); 413(958.31); 414(602.28); 415(374.01); 416(454.02); 417(748.11); 418(733.38); 419(966.79); 420(699.07); 421(907.96); 422(817.21); 423(444.08); 424(166.46); 425(475.05); 426(621.15); 427(846.62); 428(312.43); 429(243.98); 430(838.91); 431(892.85); 432(553.1); 433(226.73); 434(595.39); 435(918.78); 436(798.44); 437(865.54); 438(276.67); 439(541.77); 440(483.35); 441(595.37); 442(808.17); 443(391.56); 444(826.42); 445(935.82); 446(654.33); 447(313.1); 448(498.9); 449(728.41); 450(613.33); 451(59.55); 452(128.29); 453(331.72); 454(432.97); 455(589.83); 456(384.18); 457(75.5); 458(598.3); 459(195.22); 460(366.39); 461(987.1); 462(725.01); 463(964.45); 464(71.92); 465(275.9); 466(461.57); 467(771.12); 468(521.06); 469(491.07); 470(546.66); 471(528.83); 472(857.3); 473(20.19); 474(853.4); 475(66.19); 476(111.94); 477(529.31); 478(44.52); 479(613.13); 480(823.24); 481(765.7); 482(325.9); 483(839.53); 484(76.69); 485(472.4); 486(525.46); 487(960.55); 488(399.06); 489(588.37); 490(672.59); 491(33.71); 492(243.38); 493(501.97); 494(814.23); 495(114.72); 496(219.91); 497(65.69); 498(401.46); 499(505.22),1
136,0(633.76); 1(331.91); 2(22.92); 3(812.34); 4(806.61); 5(844.02); 6(48.07); 7(428.49); 8(540.85); 9(948.5); 10(550.0); 11(295.9); 12(870.48); 13(43.51); 14(177.13); 15(245.74); 16(189.45); 17(130.89); 18(846.96); 19(240.27); 20(274.02); 21(4.84); 22(783.49); 23(659.66); 24(162.59); 25(888.21); 26(632.55); 27(189.21); 28(152.56); 29(172.05); 30(316.78); 31(914.23); 32(631.48); 33(317.86); 34(609.25); 35(197.07); 36(188.58); 37(820.14); 38(953.99); 39(568.66); 40(447.22); 41(207.65); 42(299.73); 43(930.21); 44(680.74); 45(53.9); 46(68.39); 47(800.92); 48(763.15); 49(585.47); 50(447.24); 51(447.95); 52(451.71); 53(381.86); 54(305.24); 55(948.03); 56(189.75); 57(791.41); 58(272.38); 59(522.66); 60(566.47); 61(322.59); 62(847.58); 63(763.03); 64(577.06); 65(629.73); 66(782.55); 67(505.76); 68(923.27); 69(682.77); 70(25.77); 71(213.59); 72(676.57); 73(485.0); 74(347.33); 75(638.69); 76(981.63); 77(435.66); 78(161.17); 79(219.86); 80(706.35); 81(122.95); 82(274.98); 83(370.18); 84(420.47); 85(242.02); 86(47.63); 87(123.01); 88(157.08); 89(21.56); 90(417.15); 91(782.36); 92(710.89); 93(313.92); 94(568.2); 95(929.86); 96(815.94); 97(560.26); 98(635.84); 99(735.29); 100(822.34); 101(466.47); 102(494.16); 103(38.27); 104(780.88); 105(1.24); 106(807.95); 107(423.5); 108(788.42); 109(847.64); 110(18.21); 111(839.96); 112(882.33); 113(729.43); 114(871.7); 115(702.29); 116(659.47); 117(341.38); 118(964.56); 119(630.77); 120(36.6); 121(968.92); 122(101.14); 123(22.77); 124(220.22); 125(792.27); 126(292.0); 127(415.45); 128(108.22); 129(709.08); 130(296.87); 131(710.5); 132(470.06); 133(247.74); 134(243.71); 135(899.45); 137(473.86); 138(144.61); 139(230.39); 140(22.85); 141(604.48); 142(611.98); 143(82.87); 144(871.86); 145(548.1); 146(948.84); 147(829.98); 148(254.95); 149(262.86); 150(479.02); 151(590.83); 152(542.72); 153(523.75); 154(967.82); 155(95.28); 156(682.62); 157(606.03); 158(73.11); 159(735.72); 160(70.87); 161(741.74); 162(298.6); 163(87.77); 164(388.49); 165(710.03); 166(824.64); 167(853.48); 168(793.65); 169(422.41); 170(146.47); 171(947.11); 172(822.38); 173(753.45); 174(564.58); 175(686.61); 176(476.18); 177(480.93); 178(578.92); 179(641.85); 180(701.16); 181(162.53); 182(391.95); 183(925.97); 184(225.89); 185(718.84); 186(233.19); 187(981.23); 188(719.18); 189(242.36); 190(758.1); 191(535.3); 192(658.58); 193(922.21); 194(227.5); 195(761.38); 196(593.38); 197(343.97); 198(540.09); 199(447.92); 200(6.66); 201(422.86); 202(557.49); 203(942.59); 204(911.4); 205(747.79); 206(93.38); 207(232.07); 208(335.55); 209(17.4); 210(382.03); 211(179.75); 212(255.23); 213(57.85); 214(466.61); 215(100.55); 216(143.43); 217(606.11); 218(922.49); 219(991.69); 220(942.94); 221(601.55); 222(238.66); 223(107.9); 224(184.79); 225(908.85); 226(200.2); 227(498.25); 228(801.25); 229(309.24); 230(499.71); 231(484.24); 232(527.42); 233(510.0); 234(241.36); 235(798.03); 236(899.63); 237(841.93); 238(750.42); 239(487.77); 240(125.54); 241(639.31); 242(152.94); 243(718.64); 244(304.78); 245(58.19); 246(787.23); 247(481.11); 248(444.97); 249(956.24); 250(442.1); 251(412.03); 252(356.05); 253(747.16); 254(965.58); 255(777.77); 256(603.4); 257(645.18); 258(762.02); 259(791.34); 260(390.32); 261(26.05); 262(503.76); 263(826.74); 264(80.79); 265(779.81); 266(548.42); 267(176.63); 268(251.22); 269(287.47); 270(202.53); 271(702.75); 272(17.5); 273(765.55); 274(809.48); 275(601.35); 276(999.48); 277(542.03); 278(994.49); 279(162.42); 280(732.08); 281(14.07); 282(479.95); 283(852.4); 284(142.08); 285(237.18); 286(585.56); 287(135.39); 288(757.71); 289(378.86); 290(49.59); 291(697.94); 292(459.01); 293(172.34); 294(471.35); 295(824.57); 296(840.42); 297(669.28); 298(88.17); 299(496.68); 300(379.83); 301(251.26); 302(576.51); 303(111.92); 304(534.26); 305(736.32); 306(105.2); 307(482.39); 308(730.39); 309(753.75); 310(429.57); 311(727.22); 312(768.33); 313(354.47); 314(713.78); 315(290.6); 316(115.33); 317(917.17); 318(50.92); 319(515.81); 320(27.45); 321(592.35); 322(212.0); 323(803.12); 324(304.73); 325(523.81); 326(685.15); 327(630.88); 328(367.88); 329(989.37); 330(609.26); 331(19.63); 332(79.51); 333(918.38); 334(398.2); 335(308.93); 336(519.11); 337(124.5); 338(485.22); 339(651.4); 340(686.32); 341(160.72); 342(619.66); 343(538.78); 344(37.93); 345(561.72); 346(191.16); 347(452.31); 348(679.89); 349(548.97); 350(254.19); 351(329.23); 352(245.91); 353(264.08); 354(895.25); 355(429.81); 356(328.63); 357(555.29); 358(181.25); 359(931.72); 360(784.46); 361(473.35); 362(980.26); 363(407.75); 364(489.39); 365(296.29); 366(981.21); 367(783.33); 368(420.16); 369(33.69); 370(747.42); 371(216.02); 372(754.5); 373(174.31); 374(135.74); 375(294.13); 376(779.86); 377(24.6); 378(520.52); 379(732.59); 380(515.46); 381(766.05); 382(279.0); 383(770.04); 384(95.87); 385(977.99); 386(3.43); 387(413.24); 388(574.71); 389(912.54); 390(106.0); 391(531.31); 392(663.21); 393(614.79); 394(879.65); 395(559.68); 396(31.59); 397(650.86); 398(706.83); 399(44.84); 400(717.4); 401(976.69); 402(626.94); 403(236.53); 404(522.85); 405(501.88); 406(162.79); 407(967.36); 408(536.11); 409(512.3); 410(464.56); 411(869.7); 412(447.22); 413(539.81); 414(186.93); 415(517.51); 416(190.5); 417(394.32); 418(133.8); 419(240.11); 420(198.89); 421(505.82); 422(221.38); 423(508.74); 424(134.42); 425(490.71); 426(684.18); 427(596.38); 428(914.09); 429(530.31); 430(341.62); 431(75.77); 432(572.25); 433(97.61); 434(325.55); 435(201.73); 436(525.99); 437(156.84); 438(993.79); 439(867.39); 440(956.72); 441(209.84); 442(294.32); 443(494.44); 444(181.11); 445(728.18); 446(853.64); 447(986.41); 448(487.54); 449(291.39); 450(385.75); 451(176.48); 452(322.08); 453(289.29); 454(905.76); 455(351.86); 456(451.93); 457(749.47); 458(296.69); 459(634.67); 460(499.32); 461(624.44); 462(57.52); 463(750.22); 464(198.33); 465(937.07); 466(69.68); 467(589.56); 468(325.51); 469(393.44); 470(952.97); 471(243.4); 472(30.41); 473(628.22); 474(185.69); 475(778.29); 476(759.02); 477(38.87); 478(233.25); 479(301.23); 480(445.69); 481(128.38); 482(168.9); 483(532.65); 484(984.19); 485(960.68); 486(584.94); 487(57.27); 488(419.04); 489(636.0); 490(194.36); 491(960.24); 492(441.52); 493(203.33); 494(730.81); 495(431.48); 496(206.72); 497(367.93); 498(804.7); 499(515.69),1
137,0(78.61); 1(858.03); 2(542.6); 3(220.51); 4(711.25); 5(76.9); 6(326.14); 7(713.52); 8(90.93); 9(245.75); 10(552.24); 11(488.74); 12(232.64); 13(512.94); 14(636.76); 15(686.88); 16(428.47); 17(246.54); 18(359.48); 19(235.79); 20(772.86); 21(267.05); 22(421.96); 23(1.83); 24(559.02); 25(546.42); 26(33.67); 27(542.95); 28(179.73); 29(379.64); 30(583.45); 31(302.71); 32(144.38); 33(140.1); 34(492.99); 35(216.09); 36(827.85); 37(339.09); 38(414.69); 39(205.77); 40(832.08); 41(442.42); 42(871.06); 43(940.08); 44(911.43); 45(995.28); 46(110.78); 47(336.97); 48(580.94); 49(714.93); 50(981.61); 51(237.63); 52(692.99); 53(207.83); 54(879.03); 55(614.75); 56(213.12); 57(112.76); 58(113.52); 59(552.87); 60(152.97); 61(372.66); 62(65.87); 63(424.73); 64(375.51); 65(189.33); 66(398.19); 67(89.09); 68(478.03); 69(38.08); 70(722.98); 71(444.17); 72(595.78); 73(750.51); 74(803.63); 75(349.52); 76(470.25); 77(944.4); 78(822.17); 79(863.01); 80(813.07); 81(815.21); 82(89.89); 83(213.97); 84(826.45); 85(30.9); 86(328.68); 87(221.43); 88(879.05); 89(27.17); 90(846.21); 91(262.65); 92(477.87); 93(78.61); 94(968.49); 95(788.4); 96(199.31); 97(190.7); 98(509.3); 99(305.03); 100(897.32); 101(293.59); 102(664.38); 103(6.74); 104(210.42); 105(134.02); 106(612.41); 107(247.73); 108(775.55); 109(922.8); 110(567.4); 111(904.21); 112(946.49); 113(939.86); 114(294.1); 115(704.13); 116(415.19); 117(320.88); 118(833.59); 119(499.95); 120(466.21); 121(412.69); 122(557.37); 123(674.52); 124(78.27); 125(308.13); 126(89.43); 127(245.9); 128(94.3); 129(165.96); 130(613.02); 131(279.82); 132(985.88); 133(89.32); 134(283.83); 135(950.29); 136(473.86); 138(789.75); 139(881.84); 140(465.98); 141(293.91); 142(894.62); 143(345.7); 144(22.27); 145(170.17); 146(71.2); 147(328.67); 148(686.76); 149(232.45); 150(576.87); 151(734.81); 152(170.96); 153(321.55); 154(276.99); 155(952.49); 156(143.34); 157(996.03); 158(55.29); 159(830.25); 160(545.16); 161(40.03); 162(106.98); 163(620.85); 164(190.8); 165(385.0); 166(960.89); 167(937.52); 168(887.79); 169(621.41); 170(270.67); 171(798.38); 172(139.09); 173(398.55); 174(172.06); 175(449.86); 176(172.5); 177(79.52); 178(594.84); 179(801.48); 180(973.19); 181(150.84); 182(849.26); 183(1.12); 184(95.03); 185(158.67); 186(846.79); 187(754.2); 188(516.75); 189(912.24); 190(486.64); 191(931.16); 192(195.33); 193(964.69); 194(626.23); 195(388.99); 196(989.81); 197(283.85); 198(559.48); 199(755.87); 200(703.32); 201(517.88); 202(805.2); 203(917.94); 204(823.69); 205(182.28); 206(237.93); 207(49.46); 208(336.76); 209(657.82); 210(134.44); 211(511.43); 212(66.14); 213(218.18); 214(191.09); 215(732.76); 216(139.57); 217(857.98); 218(659.37); 219(217.54); 220(676.16); 221(791.41); 222(682.82); 223(741.06); 224(317.55); 225(811.23); 226(388.43); 227(138.21); 228(183.91); 229(551.68); 230(340.4); 231(932.59); 232(785.68); 233(158.73); 234(415.34); 235(873.98); 236(49.88); 237(560.6); 238(277.76); 239(423.41); 240(535.97); 241(387.72); 242(591.13); 243(42.66); 244(827.66); 245(456.99); 246(622.84); 247(709.86); 248(302.37); 249(867.27); 250(531.46); 251(124.15); 252(583.36); 253(261.67); 254(38.62); 255(846.81); 256(587.77); 257(34.7); 258(203.48); 259(301.04); 260(961.11); 261(533.78); 262(23.8); 263(970.82); 264(650.0); 265(528.65); 266(831.24); 267(687.98); 268(416.52); 269(941.64); 270(277.22); 271(371.35); 272(908.1); 273(685.77); 274(757.4); 275(43.55); 276(476.1); 277(893.51); 278(189.82); 279(889.29); 280(533.74); 281(412.61); 282(131.82); 283(783.54); 284(579.14); 285(740.77); 286(991.62); 287(788.2); 288(243.69); 289(20.64); 290(968.54); 291(906.98); 292(129.49); 293(618.01); 294(628.46); 295(726.44); 296(855.98); 297(401.25); 298(327.68); 299(494.26); 300(569.0); 301(659.28); 302(12.93); 303(517.58); 304(887.8); 305(918.47); 306(426.87); 307(391.61); 308(13.49); 309(977.0); 310(430.22); 311(876.2); 312(26.1); 313(464.88); 314(190.69); 315(558.64); 316(433.36); 317(779.22); 318(956.69); 319(134.63); 320(145.6); 321(646.61); 322(427.8); 323(440.39); 324(23.21); 325(957.79); 326(665.57); 327(662.12); 328(834.16); 329(463.88); 330(929.26); 331(37.39); 332(371.87); 333(240.45); 334(383.08); 335(276.33); 336(167.26); 337(630.5); 338(523.68); 339(177.78); 340(701.66); 341(97.34); 342(472.92); 343(862.95); 344(852.13); 345(273.77); 346(540.29); 347(367.81); 348(42.86); 349(906.24); 350(851.68); 351(492.04); 352(351.19); 353(461.26); 354(132.55); 355(304.72); 356(227.77); 357(347.93); 358(689.83); 359(962.25); 360(587.73); 361(674.08); 362(152.11); 363(789.43); 364(668.35); 365(23.07); 366(329.95); 367(627.46); 368(895.33); 369(697.39); 370(155.21); 371(894.93); 372(346.34); 373(421.27); 374(976.87); 375(843.48); 376(88.4); 377(982.59); 378(633.49); 379(243.87); 380(651.17); 381(863.75); 382(643.51); 383(290.03); 384(308.01); 385(634.15); 386(983.8); 387(363.2); 388(542.12); 389(162.93); 390(911.26); 391(424.49); 392(132.44); 393(998.86); 394(64.29); 395(252.96); 396(170.86); 397(72.88); 398(347.64); 399(636.58); 400(83.83); 401(146.34); 402(136.06); 403(965.11); 404(901.26); 405(875.25); 406(11.38); 407(588.15); 408(801.42); 409(623.13); 410(274.22); 411(36.55); 412(617.96); 413(876.51); 414(757.6); 415(341.83); 416(712.37); 417(982.74); 418(169.31); 419(929.01); 420(98.65); 421(311.03); 422(105.84); 423(895.47); 424(884.29); 425(487.26); 426(987.87); 427(679.22); 428(878.95); 429(140.65); 430(444.37); 431(970.67); 432(181.74); 433(452.53); 434(635.91); 435(677.42); 436(988.5); 437(621.05); 438(752.93); 439(272.2); 440(530.63); 441(564.96); 442(949.95); 443(91.65); 444(687.66); 445(626.62); 446(794.28); 447(477.72); 448(904.02); 449(612.97); 450(562.9); 451(62.94); 452(244.78); 453(205.99); 454(323.97); 455(783.04); 456(30.05); 457(358.63); 458(795.46); 459(268.91); 460(183.73); 461(252.75); 462(585.49); 463(647.21); 464(922.23); 465(704.11); 466(450.72); 467(481.76); 468(834.87); 469(723.55); 470(50.45); 471(99.82); 472(645.03); 473(811.7); 474(558.36); 475(596.21); 476(744.68); 477(408.72); 478(15.86); 479(810.63); 480(112.72); 481(743.62); 482(641.17); 483(459.25); 484(221.66); 485(412.82); 486(497.05); 487(939.89); 488(108.57); 489(625.67); 490(501.35); 491(223.63); 492(138.13); 493(440.93); 494(643.39); 495(587.23); 496(963.14); 497(942.41); 498(108.17); 499(588.78),1
138,0(384.86); 1(591.21); 2(767.37); 3(797.72); 4(645.36); 5(625.05); 6(646.74); 7(779.2); 8(373.53); 9(547.21); 10(141.62); 11(748.55); 12(219.37); 13(364.27); 14(904.47); 15(691.69); 16(848.18); 17(402.54); 18(234.36); 19(580.83); 20(486.81); 21(549.62); 22(230.85); 23(399.91); 24(390.9); 25(449.66); 26(808.06); 27(854.33); 28(992.52); 29(745.58); 30(322.65); 31(402.2); 32(363.13); 33(31.5); 34(262.69); 35(442.43); 36(687.9); 37(674.44); 38(491.36); 39(49.68); 40(918.48); 41(828.7); 42(814.31); 43(202.19); 44(468.4); 45(815.03); 46(948.71); 47(710.34); 48(839.46); 49(286.88); 50(104.82); 51(930.77); 52(690.19); 53(328.79); 54(6.28); 55(937.84); 56(221.59); 57(449.76); 58(390.8); 59(128.86); 60(862.51); 61(335.24); 62(748.3); 63(973.07); 64(650.85); 65(103.21); 66(451.6); 67(326.94); 68(482.41); 69(554.47); 70(242.13); 71(370.78); 72(294.41); 73(162.93); 74(711.0); 75(700.3); 76(203.85); 77(387.44); 78(654.99); 79(7.93); 80(255.63); 81(843.14); 82(248.28); 83(809.19); 84(659.2); 85(871.43); 86(888.26); 87(855.64); 88(295.71); 89(664.64); 90(695.17); 91(707.58); 92(334.26); 93(680.47); 94(151.58); 95(109.21); 96(621.38); 97(590.94); 98(753.76); 99(134.49); 100(221.05); 101(530.1); 102(426.07); 103(790.93); 104(928.77); 105(12.48); 106(718.14); 107(758.01); 108(506.49); 109(2.77); 110(223.59); 111(218.08); 112(912.25); 113(882.74); 114(40.35); 115(550.56); 116(243.65); 117(492.68); 118(767.82); 119(959.97); 120(573.75); 121(195.83); 122(819.73); 123(909.02); 124(23.48); 125(373.65); 126(824.65); 127(333.63); 128(574.84); 129(178.72); 130(757.3); 131(986.03); 132(78.13); 133(962.59); 134(543.16); 135(971.7); 136(144.61); 137(789.75); 139(36.22); 140(725.88); 141(263.75); 142(684.67); 143(466.26); 144(918.44); 145(366.28); 146(149.48); 147(462.13); 148(621.37); 149(901.23); 150(598.67); 151(57.08); 152(420.46); 153(618.8); 154(378.95); 155(508.74); 156(439.49); 157(180.12); 158(772.13); 159(601.58); 160(548.52); 161(131.11); 162(839.08); 163(558.4); 164(414.26); 165(482.4); 166(136.42); 167(562.35); 168(233.08); 169(153.45); 170(954.06); 171(254.28); 172(485.45); 173(593.04); 174(602.91); 175(234.68); 176(281.77); 177(886.21); 178(691.03); 179(408.99); 180(112.44); 181(961.25); 182(129.1); 183(126.92); 184(684.56); 185(505.87); 186(392.72); 187(501.42); 188(707.78); 189(880.49); 190(147.25); 191(754.16); 192(198.87); 193(29.56); 194(794.23); 195(36.03); 196(69.51); 197(196.61); 198(65.42); 199(446.59); 200(382.82); 201(571.72); 202(718.39); 203(612.97); 204(950.92); 205(728.45); 206(286.67); 207(339.19); 208(198.04); 209(686.81); 210(611.54); 211(401.65); 212(916.79); 213(882.64); 214(330.96); 215(471.72); 216(905.57); 217(773.26); 218(963.41); 219(842.37); 220(350.01); 221(383.54); 222(306.46); 223(944.1); 224(905.17); 225(839.89); 226(386.01); 227(623.66); 228(13.62); 229(626.42); 230(491.63); 231(12.17); 232(884.85); 233(701.1); 234(858.45); 235(968.65); 236(535.36); 237(986.41); 238(17.63); 239(617.32); 240(125.89); 241(554.93); 242(510.79); 243(159.53); 244(619.35); 245(248.98); 246(410.93); 247(868.07); 248(812.12); 249(921.54); 250(272.74); 251(649.25); 252(376.36); 253(440.64); 254(635.42); 255(894.72); 256(295.74); 257(364.41); 258(106.59); 259(873.82); 260(2.54); 261(189.3); 262(118.33); 263(2.57); 264(994.24); 265(259.15); 266(698.09); 267(550.24); 268(839.39); 269(859.97); 270(247.76); 271(105.01); 272(653.18); 273(960.29); 274(911.68); 275(295.0); 276(804.0); 277(973.22); 278(688.27); 279(945.11); 280(126.37); 281(385.27); 282(58.25); 283(767.34); 284(194.94); 285(782.05); 286(254.23); 287(110.07); 288(538.26); 289(549.74); 290(62.2); 291(283.26); 292(575.6); 293(535.78); 294(728.83); 295(293.77); 296(813.59); 297(410.24); 298(223.62); 299(835.43); 300(194.18); 301(289.76); 302(833.29); 303(446.54); 304(749.89); 305(620.63); 306(836.6); 307(409.5); 308(971.44); 309(719.45); 310(198.05); 311(365.45); 312(246.02); 313(603.39); 314(937.67); 315(917.76); 316(110.62); 317(843.16); 318(316.97); 319(414.8); 320(873.57); 321(583.74); 322(521.69); 323(717.66); 324(40.89); 325(874.34); 326(433.23); 327(974.9); 328(763.12); 329(976.1); 330(731.72); 331(431.04); 332(177.88); 333(194.39); 334(793.98); 335(602.34); 336(859.02); 337(187.9); 338(90.41); 339(648.81); 340(469.15); 341(162.92); 342(306.68); 343(549.23); 344(185.7); 345(485.71); 346(344.67); 347(512.61); 348(120.26); 349(936.21); 350(737.03); 351(741.45); 352(978.21); 353(547.73); 354(112.55); 355(536.2); 356(218.43); 357(939.94); 358(479.33); 359(734.88); 360(721.81); 361(342.51); 362(238.06); 363(485.5); 364(90.27); 365(245.72); 366(984.22); 367(712.82); 368(739.81); 369(585.81); 370(463.57); 371(122.94); 372(940.98); 373(234.46); 374(70.75); 375(376.05); 376(241.21); 377(267.7); 378(221.69); 379(178.91); 380(924.47); 381(414.01); 382(213.0); 383(283.0); 384(474.23); 385(632.27); 386(8.74); 387(591.41); 388(217.08); 389(875.99); 390(766.44); 391(167.7); 392(847.76); 393(509.65); 394(675.47); 395(134.21); 396(316.9); 397(961.06); 398(103.44); 399(605.68); 400(802.04); 401(197.17); 402(156.45); 403(757.91); 404(191.55); 405(399.4); 406(734.13); 407(648.47); 408(623.5); 409(372.84); 410(573.04); 411(135.89); 412(730.91); 413(161.79); 414(457.36); 415(456.56); 416(299.78); 417(125.79); 418(425.46); 419(164.8); 420(888.27); 421(41.16); 422(286.29); 423(764.95); 424(635.47); 425(950.92); 426(659.65); 427(115.27); 428(330.46); 429(98.57); 430(476.3); 431(104.35); 432(830.39); 433(55.42); 434(537.17); 435(509.58); 436(501.72); 437(494.81); 438(499.52); 439(288.98); 440(624.39); 441(788.22); 442(770.88); 443(556.33); 444(902.59); 445(530.57); 446(351.78); 447(331.32); 448(423.24); 449(126.76); 450(177.5); 451(235.26); 452(644.74); 453(28.93); 454(140.51); 455(250.9); 456(43.71); 457(829.52); 458(134.06); 459(137.27); 460(60.11); 461(339.4); 462(793.3); 463(392.35); 464(263.84); 465(442.79); 466(504.06); 467(503.84); 468(968.56); 469(58.51); 470(607.07); 471(715.18); 472(30.79); 473(71.01); 474(131.5); 475(564.4); 476(496.31); 477(139.2); 478(117.84); 479(52.47); 480(876.19); 481(115.65); 482(548.76); 483(430.18); 484(584.01); 485(326.1); 486(336.97); 487(34.42); 488(735.84); 489(432.55); 490(456.65); 491(558.74); 492(843.6); 493(273.64); 494(555.85); 495(295.18); 496(752.76); 497(160.22); 498(115.51); 499(992.93),1
139,0(789.89); 1(709.72); 2(555.16); 3(30.89); 4(836.48); 5(844.26); 6(410.24); 7(776.02); 8(415.62); 9(901.14); 10(291.96); 11(637.25); 12(573.32); 13(286.76); 14(830.74); 15(514.49); 16(985.49); 17(335.65); 18(691.54); 19(330.5); 20(776.2); 21(328.09); 22(113.93); 23(190.04); 24(101.8); 25(865.43); 26(888.39); 27(127.4); 28(913.19); 29(603.65); 30(503.13); 31(255.8); 32(177.14); 33(397.89); 34(343.64); 35(123.83); 36(714.18); 37(331.73); 38(64.97); 39(187.04); 40(601.05); 41(773.67); 42(136.83); 43(434.24); 44(66.77); 45(820.14); 46(282.82); 47(150.55); 48(467.92); 49(300.0); 50(382.3); 51(262.87); 52(423.07); 53(750.39); 54(248.19); 55(54.77); 56(978.46); 57(916.82); 58(544.49); 59(800.41); 60(937.25); 61(341.88); 62(158.56); 63(775.49); 64(340.88); 65(209.71); 66(232.76); 67(445.62); 68(284.49); 69(738.27); 70(43.33); 71(581.12); 72(194.28); 73(772.67); 74(270.65); 75(674.7); 76(663.12); 77(757.3); 78(232.05); 79(107.94); 80(482.14); 81(180.99); 82(577.5); 83(741.17); 84(323.78); 85(803.1); 86(525.64); 87(599.87); 88(818.62); 89(632.33); 90(840.11); 91(606.57); 92(659.47); 93(649.39); 94(315.96); 95(444.75); 96(276.27); 97(821.11); 98(133.3); 99(610.33); 100(974.18); 101(303.94); 102(166.56); 103(848.52); 104(440.78); 105(394.68); 106(271.88); 107(146.78); 108(794.97); 109(978.13); 110(654.78); 111(966.49); 112(474.3); 113(589.94); 114(280.34); 115(665.06); 116(955.43); 117(740.09); 118(159.27); 119(644.11); 120(418.39); 121(321.21); 122(947.46); 123(237.88); 124(758.49); 125(989.79); 126(876.11); 127(642.27); 128(322.57); 129(487.89); 130(78.81); 131(146.06); 132(321.67); 133(965.43); 134(783.48); 135(347.06); 136(230.39); 137(881.84); 138(36.22); 140(786.62); 141(264.32); 142(44.38); 143(737.06); 144(530.38); 145(517.87); 146(944.63); 147(89.43); 148(743.46); 149(547.13); 150(536.85); 151(610.68); 152(725.95); 153(197.11); 154(528.9); 155(86.4); 156(312.67); 157(485.52); 158(359.76); 159(501.83); 160(200.29); 161(821.23); 162(331.52); 163(420.35); 164(548.98); 165(824.73); 166(501.52); 167(532.07); 168(667.12); 169(536.67); 170(293.85); 171(958.38); 172(935.84); 173(872.07); 174(801.5); 175(538.91); 176(317.29); 177(760.91); 178(583.09); 179(62.23); 180(936.43); 181(533.13); 182(167.62); 183(278.52); 184(142.24); 185(727.69); 186(844.55); 187(438.5); 188(595.27); 189(2.5); 190(562.81); 191(252.18); 192(686.13); 193(834.44); 194(311.4); 195(702.89); 196(408.94); 197(377.74); 198(97.13); 199(742.33); 200(776.66); 201(957.76); 202(438.27); 203(236.47); 204(155.69); 205(227.43); 206(22.38); 207(926.88); 208(556.31); 209(944.45); 210(792.01); 211(640.07); 212(149.41); 213(5.85); 214(797.54); 215(516.68); 216(47.17); 217(916.44); 218(492.96); 219(178.77); 220(370.61); 221(630.91); 222(644.71); 223(476.78); 224(894.53); 225(654.38); 226(665.06); 227(554.94); 228(823.38); 229(709.61); 230(865.11); 231(462.37); 232(502.02); 233(51.01); 234(397.6); 235(858.39); 236(375.55); 237(786.8); 238(386.78); 239(87.42); 240(945.2); 241(974.95); 242(85.83); 243(129.28); 244(214.49); 245(293.85); 246(857.4); 247(730.67); 248(951.71); 249(175.99); 250(867.98); 251(178.3); 252(656.18); 253(739.36); 254(667.6); 255(342.25); 256(227.83); 257(18.86); 258(711.96); 259(702.84); 260(597.05); 261(774.67); 262(135.18); 263(370.9); 264(994.65); 265(148.84); 266(971.02); 267(384.28); 268(792.07); 269(148.9); 270(453.12); 271(736.12); 272(623.14); 273(968.05); 274(73.17); 275(410.45); 276(649.6); 277(160.02); 278(397.67); 279(242.55); 280(662.57); 281(783.57); 282(811.65); 283(295.88); 284(191.41); 285(491.8); 286(36.07); 287(543.06); 288(388.75); 289(94.68); 290(648.63); 291(276.54); 292(102.29); 293(485.55); 294(667.84); 295(449.64); 296(253.33); 297(261.74); 298(223.03); 299(220.25); 300(63.6); 301(704.48); 302(390.8); 303(401.94); 304(887.17); 305(344.51); 306(647.58); 307(960.59); 308(973.1); 309(83.58); 310(947.42); 311(539.8); 312(98.46); 313(13.3); 314(22.46); 315(109.9); 316(633.04); 317(920.25); 318(742.23); 319(127.97); 320(697.9); 321(156.71); 322(210.53); 323(842.72); 324(109.35); 325(847.53); 326(407.04); 327(972.57); 328(976.1); 329(645.96); 330(896.53); 331(139.69); 332(341.05); 333(967.29); 334(889.81); 335(855.1); 336(580.12); 337(807.8); 338(771.88); 339(474.58); 340(17.65); 341(612.58); 342(406.69); 343(131.55); 344(824.28); 345(106.9); 346(939.76); 347(908.73); 348(943.69); 349(882.47); 350(368.85); 351(0.15); 352(395.72); 353(914.92); 354(802.49); 355(451.09); 356(8.81); 357(602.43); 358(893.67); 359(525.07); 360(651.0); 361(645.8); 362(828.17); 363(320.88); 364(148.6); 365(494.69); 366(526.78); 367(811.04); 368(186.51); 369(853.42); 370(964.86); 371(553.81); 372(122.22); 373(364.47); 374(588.96); 375(216.67); 376(747.73); 377(740.41); 378(793.56); 379(685.35); 380(892.36); 381(927.35); 382(786.91); 383(548.91); 384(189.65); 385(46.2); 386(330.67); 387(985.66); 388(526.76); 389(580.11); 390(454.18); 391(126.68); 392(512.75); 393(653.2); 394(65.86); 395(999.41); 396(792.82); 397(977.5); 398(754.81); 399(755.56); 400(411.18); 401(664.99); 402(695.27); 403(904.83); 404(408.98); 405(153.53); 406(87.27); 407(864.24); 408(103.27); 409(22.57); 410(212.91); 411(828.5); 412(611.81); 413(486.64); 414(276.01); 415(72.8); 416(81.71); 417(874.65); 418(86.77); 419(599.35); 420(322.49); 421(690.06); 422(24.38); 423(321.35); 424(838.23); 425(151.73); 426(397.54); 427(800.58); 428(478.93); 429(904.08); 430(107.73); 431(167.38); 432(446.97); 433(762.59); 434(501.67); 435(915.4); 436(872.72); 437(265.49); 438(753.94); 439(648.46); 440(942.58); 441(100.76); 442(261.72); 443(705.92); 444(993.25); 445(339.93); 446(769.16); 447(753.51); 448(117.08); 449(786.92); 450(510.76); 451(784.88); 452(440.32); 453(782.45); 454(766.76); 455(65.21); 456(327.12); 457(337.42); 458(650.05); 459(971.05); 460(449.83); 461(112.41); 462(113.04); 463(951.1); 464(213.5); 465(93.6); 466(955.01); 467(222.0); 468(596.75); 469(433.97); 470(129.72); 471(78.8); 472(772.7); 473(213.17); 474(673.17); 475(810.24); 476(140.86); 477(119.41); 478(213.37); 479(908.9); 480(831.56); 481(293.1); 482(896.05); 483(454.49); 484(348.64); 485(866.26); 486(291.43); 487(830.0); 488(145.14); 489(57.15); 490(220.38); 491(762.68); 492(679.13); 493(323.06); 494(516.13); 495(908.94); 496(508.34); 497(242.95); 498(962.09); 499(292.24),1
140,0(530.25); 1(100.03); 2(936.7); 3(25.65); 4(403.39); 5(123.31); 6(83.52); 7(685.89); 8(320.18); 9(13.32); 10(436.85); 11(497.18); 12(386.99); 13(900.82); 14(708.13); 15(27.26); 16(504.98); 17(983.88); 18(532.78); 19(431.22); 20(626.15); 21(230.71); 22(695.37); 23(607.48); 24(848.95); 25(311.38); 26(443.23); 27(117.86); 28(282.74); 29(567.6); 30(453.91); 31(494.75); 32(749.72); 33(355.85); 34(154.07); 35(850.96); 36(700.93); 37(549.45); 38(895.44); 39(332.87); 40(118.46); 41(934.67); 42(480.18); 43(356.08); 44(50.85); 45(455.78); 46(491.2); 47(997.92); 48(991.41); 49(118.78); 50(980.12); 51(843.26); 52(508.21); 53(905.46); 54(938.38); 55(299.53); 56(954.97); 57(889.62); 58(841.51); 59(777.69); 60(425.74); 61(454.38); 62(511.71); 63(364.74); 64(926.37); 65(183.46); 66(652.27); 67(571.55); 68(507.54); 69(572.79); 70(765.11); 71(56.16); 72(546.84); 73(754.83); 74(83.04); 75(276.39); 76(549.5); 77(449.01); 78(774.65); 79(608.5); 80(0.53); 81(366.74); 82(880.85); 83(76.99); 84(807.68); 85(892.91); 86(978.31); 87(963.66); 88(583.35); 89(902.24); 90(185.89); 91(300.64); 92(40.52); 93(760.98); 94(266.44); 95(414.32); 96(489.43); 97(267.34); 98(424.35); 99(252.76); 100(913.72); 101(818.64); 102(806.45); 103(937.27); 104(942.46); 105(700.13); 106(494.13); 107(636.17); 108(934.78); 109(18.99); 110(494.93); 111(189.39); 112(879.14); 113(73.26); 114(138.27); 115(845.26); 116(405.07); 117(406.88); 118(211.2); 119(890.25); 120(488.02); 121(522.81); 122(866.59); 123(111.0); 124(944.56); 125(857.49); 126(87.47); 127(71.71); 128(843.24); 129(714.1); 130(66.01); 131(840.57); 132(14.63); 133(310.73); 134(848.89); 135(566.16); 136(22.85); 137(465.98); 138(725.88); 139(786.62); 141(888.73); 142(795.25); 143(594.14); 144(800.62); 145(849.19); 146(164.16); 147(413.94); 148(734.89); 149(472.34); 150(808.04); 151(594.77); 152(938.15); 153(714.23); 154(866.86); 155(217.71); 156(434.18); 157(839.63); 158(731.55); 159(604.86); 160(21.19); 161(60.87); 162(694.19); 163(422.53); 164(278.38); 165(557.64); 166(831.13); 167(123.71); 168(249.48); 169(320.57); 170(287.93); 171(764.76); 172(346.29); 173(809.89); 174(994.89); 175(826.49); 176(685.98); 177(281.43); 178(194.94); 179(675.29); 180(115.61); 181(751.95); 182(989.08); 183(856.72); 184(351.88); 185(801.55); 186(59.13); 187(373.9); 188(17.0); 189(596.2); 190(236.19); 191(598.75); 192(196.25); 193(657.69); 194(458.54); 195(216.96); 196(951.14); 197(835.59); 198(899.16); 199(180.99); 200(592.42); 201(579.01); 202(933.78); 203(651.49); 204(962.11); 205(770.13); 206(352.9); 207(430.91); 208(145.43); 209(745.49); 210(475.3); 211(410.64); 212(255.15); 213(987.25); 214(324.51); 215(294.03); 216(383.99); 217(907.56); 218(892.7); 219(75.34); 220(212.39); 221(136.3); 222(226.51); 223(951.47); 224(751.16); 225(845.28); 226(148.59); 227(617.71); 228(86.65); 229(249.0); 230(919.33); 231(21.6); 232(113.26); 233(252.78); 234(238.18); 235(809.13); 236(207.67); 237(956.6); 238(558.37); 239(890.77); 240(611.5); 241(612.7); 242(104.69); 243(277.0); 244(327.39); 245(79.53); 246(985.83); 247(888.76); 248(838.13); 249(432.21); 250(589.61); 251(929.75); 252(364.66); 253(14.64); 254(20.0); 255(448.29); 256(597.49); 257(917.6); 258(559.04); 259(827.08); 260(798.54); 261(553.61); 262(253.47); 263(786.37); 264(809.42); 265(111.88); 266(815.48); 267(393.45); 268(344.22); 269(982.02); 270(834.54); 271(704.41); 272(883.93); 273(794.67); 274(614.54); 275(845.34); 276(385.03); 277(316.73); 278(790.73); 279(909.23); 280(345.27); 281(927.72); 282(481.85); 283(601.73); 284(304.3); 285(159.02); 286(503.04); 287(879.99); 288(393.43); 289(961.83); 290(359.89); 291(347.92); 292(617.4); 293(436.44); 294(413.76); 295(328.88); 296(772.68); 297(463.62); 298(611.81); 299(345.27); 300(436.86); 301(575.52); 302(99.18); 303(717.15); 304(171.21); 305(385.64); 306(258.84); 307(832.1); 308(719.38); 309(93.58); 310(360.77); 311(852.95); 312(997.53); 313(351.25); 314(232.32); 315(42.78); 316(681.86); 317(320.89); 318(113.64); 319(315.5); 320(861.59); 321(591.16); 322(908.67); 323(793.9); 324(182.19); 325(597.91); 326(20.01); 327(172.21); 328(863.19); 329(747.02); 330(992.49); 331(901.53); 332(398.3); 333(333.31); 334(260.96); 335(579.04); 336(443.11); 337(499.57); 338(664.12); 339(962.29); 340(733.11); 341(753.55); 342(138.41); 343(846.3); 344(457.47); 345(507.41); 346(329.04); 347(913.45); 348(878.88); 349(658.48); 350(658.52); 351(817.34); 352(865.49); 353(30.11); 354(444.09); 355(254.4); 356(980.92); 357(329.32); 358(738.97); 359(661.86); 360(72.22); 361(942.8); 362(906.93); 363(700.74); 364(243.11); 365(433.14); 366(117.31); 367(679.3); 368(220.41); 369(929.46); 370(389.75); 371(976.74); 372(583.3); 373(675.54); 374(413.28); 375(144.14); 376(525.1); 377(381.81); 378(620.33); 379(718.24); 380(144.23); 381(692.43); 382(711.25); 383(371.75); 384(305.5); 385(255.29); 386(58.03); 387(144.08); 388(115.46); 389(283.05); 390(329.54); 391(329.87); 392(925.48); 393(985.77); 394(614.29); 395(111.94); 396(855.89); 397(582.8); 398(115.88); 399(538.49); 400(233.05); 401(501.31); 402(248.98); 403(895.44); 404(96.96); 405(279.29); 406(498.46); 407(390.08); 408(345.26); 409(218.67); 410(561.66); 411(747.37); 412(828.96); 413(632.41); 414(463.16); 415(67.92); 416(692.79); 417(552.83); 418(787.57); 419(322.59); 420(69.56); 421(966.98); 422(729.05); 423(346.77); 424(73.44); 425(913.92); 426(5.08); 427(463.6); 428(599.93); 429(757.35); 430(738.36); 431(506.3); 432(173.66); 433(105.46); 434(101.24); 435(592.86); 436(303.16); 437(80.41); 438(254.67); 439(138.99); 440(389.17); 441(164.96); 442(287.03); 443(710.98); 444(501.07); 445(331.74); 446(467.92); 447(165.98); 448(720.34); 449(812.85); 450(510.44); 451(6.05); 452(181.72); 453(743.32); 454(592.38); 455(574.83); 456(838.05); 457(515.29); 458(365.14); 459(889.55); 460(360.93); 461(922.2); 462(563.63); 463(367.05); 464(606.33); 465(104.92); 466(214.84); 467(85.45); 468(912.41); 469(139.7); 470(166.16); 471(419.58); 472(585.69); 473(552.75); 474(153.11); 475(375.21); 476(18.41); 477(765.85); 478(991.22); 479(701.23); 480(93.95); 481(637.29); 482(205.21); 483(750.39); 484(83.71); 485(444.06); 486(53.04); 487(804.45); 488(99.31); 489(66.21); 490(804.86); 491(80.74); 492(766.69); 493(729.88); 494(305.77); 495(871.81); 496(115.34); 497(593.48); 498(152.86); 499(343.52),1
141,0(784.37); 1(806.55); 2(817.31); 3(762.31); 4(184.33); 5(339.68); 6(753.36); 7(151.73); 8(424.14); 9(600.17); 10(347.41); 11(245.46); 12(396.35); 13(944.21); 14(612.93); 15(962.35); 16(879.2); 17(669.06); 18(247.81); 19(600.6); 20(57.88); 21(13.2); 22(805.42); 23(782.69); 24(233.15); 25(132.81); 26(207.7); 27(874.42); 28(281.91); 29(782.93); 30(939.87); 31(826.83); 32(281.34); 33(559.43); 34(53.97); 35(794.34); 36(159.94); 37(209.7); 38(763.83); 39(377.1); 40(240.96); 41(906.36); 42(795.39); 43(174.94); 44(428.76); 45(47.22); 46(811.89); 47(696.56); 48(406.2); 49(12.15); 50(423.06); 51(821.07); 52(206.11); 53(305.18); 54(191.38); 55(560.43); 56(300.58); 57(551.9); 58(112.16); 59(483.45); 60(974.35); 61(162.49); 62(859.68); 63(141.02); 64(977.04); 65(476.23); 66(688.54); 67(417.99); 68(714.52); 69(398.72); 70(228.79); 71(83.82); 72(77.31); 73(336.28); 74(138.94); 75(117.0); 76(678.15); 77(329.57); 78(613.74); 79(742.74); 80(916.11); 81(1.51); 82(208.03); 83(242.08); 84(52.8); 85(994.84); 86(543.29); 87(11.63); 88(324.38); 89(635.53); 90(35.9); 91(829.21); 92(129.72); 93(388.47); 94(141.93); 95(391.09); 96(824.4); 97(472.26); 98(111.04); 99(398.26); 100(990.67); 101(562.33); 102(79.98); 103(647.22); 104(847.78); 105(790.08); 106(958.04); 107(929.45); 108(929.83); 109(567.21); 110(397.43); 111(0.39); 112(276.21); 113(141.31); 114(290.59); 115(405.81); 116(925.32); 117(765.06); 118(750.16); 119(74.0); 120(784.11); 121(695.92); 122(504.67); 123(288.33); 124(373.1); 125(676.42); 126(832.95); 127(594.44); 128(501.22); 129(382.87); 130(980.16); 131(923.06); 132(312.99); 133(955.35); 134(462.32); 135(957.48); 136(604.48); 137(293.91); 138(263.75); 139(264.32); 140(888.73); 142(91.54); 143(641.16); 144(22.78); 145(210.18); 146(860.83); 147(707.07); 148(779.17); 149(16.46); 150(208.91); 151(717.48); 152(805.07); 153(349.77); 154(9.16); 155(198.63); 156(650.9); 157(241.23); 158(616.25); 159(387.57); 160(188.9); 161(729.51); 162(87.19); 163(522.21); 164(915.55); 165(99.97); 166(685.45); 167(318.97); 168(31.24); 169(446.15); 170(165.24); 171(330.23); 172(991.02); 173(72.76); 174(345.26); 175(992.59); 176(123.32); 177(614.17); 178(328.06); 179(461.12); 180(21.57); 181(922.57); 182(788.93); 183(187.88); 184(247.42); 185(355.32); 186(754.0); 187(71.56); 188(50.66); 189(638.76); 190(168.19); 191(84.91); 192(312.46); 193(809.44); 194(186.49); 195(640.65); 196(37.04); 197(242.91); 198(967.47); 199(901.64); 200(9.06); 201(50.45); 202(992.47); 203(283.27); 204(545.15); 205(903.13); 206(826.49); 207(812.55); 208(236.98); 209(222.86); 210(378.27); 211(982.74); 212(655.34); 213(552.98); 214(11.01); 215(616.71); 216(811.11); 217(544.84); 218(160.45); 219(79.3); 220(345.74); 221(369.35); 222(491.24); 223(638.12); 224(339.59); 225(563.88); 226(142.01); 227(79.45); 228(305.33); 229(864.78); 230(636.0); 231(390.39); 232(354.35); 233(141.11); 234(468.2); 235(114.21); 236(239.74); 237(875.65); 238(880.12); 239(733.63); 240(110.12); 241(108.95); 242(860.96); 243(334.9); 244(691.92); 245(154.4); 246(711.34); 247(83.6); 248(383.7); 249(493.87); 250(545.07); 251(522.22); 252(732.37); 253(475.85); 254(865.68); 255(864.67); 256(925.04); 257(231.2); 258(469.93); 259(970.81); 260(943.11); 261(907.04); 262(959.17); 263(262.46); 264(133.86); 265(180.28); 266(431.76); 267(270.08); 268(637.37); 269(886.04); 270(985.82); 271(963.22); 272(911.78); 273(609.64); 274(648.37); 275(525.64); 276(881.26); 277(104.49); 278(629.06); 279(482.74); 280(13.63); 281(763.36); 282(228.51); 283(126.07); 284(704.11); 285(384.3); 286(531.1); 287(989.72); 288(441.45); 289(161.46); 290(714.93); 291(806.06); 292(894.85); 293(722.84); 294(738.81); 295(382.61); 296(563.06); 297(342.03); 298(523.97); 299(354.38); 300(787.46); 301(342.6); 302(54.43); 303(928.79); 304(898.5); 305(807.5); 306(805.89); 307(171.45); 308(930.94); 309(995.52); 310(629.41); 311(201.66); 312(329.24); 313(803.62); 314(435.19); 315(923.02); 316(216.97); 317(236.37); 318(82.65); 319(847.14); 320(737.29); 321(580.38); 322(574.65); 323(824.8); 324(78.58); 325(578.08); 326(175.51); 327(602.93); 328(691.07); 329(768.08); 330(146.8); 331(664.34); 332(595.9); 333(835.88); 334(117.49); 335(69.4); 336(901.19); 337(431.25); 338(485.53); 339(894.53); 340(357.01); 341(474.23); 342(405.28); 343(529.94); 344(232.4); 345(449.77); 346(864.72); 347(941.67); 348(882.25); 349(859.09); 350(526.18); 351(218.05); 352(86.22); 353(54.29); 354(483.29); 355(914.18); 356(232.27); 357(893.12); 358(667.03); 359(252.57); 360(211.62); 361(663.87); 362(368.75); 363(528.15); 364(978.73); 365(848.88); 366(757.93); 367(715.09); 368(355.53); 369(92.73); 370(445.58); 371(66.21); 372(290.11); 373(956.28); 374(628.9); 375(226.52); 376(402.72); 377(296.11); 378(88.07); 379(91.27); 380(56.08); 381(932.51); 382(191.47); 383(693.66); 384(453.81); 385(76.39); 386(565.44); 387(70.55); 388(518.68); 389(348.77); 390(609.58); 391(547.68); 392(958.56); 393(898.14); 394(828.97); 395(145.23); 396(456.99); 397(822.22); 398(30.06); 399(745.11); 400(309.44); 401(358.28); 402(34.05); 403(838.06); 404(765.89); 405(514.02); 406(22.31); 407(597.17); 408(710.89); 409(719.49); 410(640.52); 411(194.27); 412(991.32); 413(479.69); 414(6.9); 415(260.83); 416(264.74); 417(985.41); 418(21.69); 419(517.16); 420(986.79); 421(849.0); 422(419.64); 423(400.24); 424(841.17); 425(909.03); 426(410.42); 427(64.59); 428(178.71); 429(565.51); 430(775.82); 431(315.95); 432(596.63); 433(796.53); 434(675.14); 435(644.11); 436(666.09); 437(110.65); 438(440.56); 439(273.29); 440(460.14); 441(557.11); 442(207.2); 443(454.27); 444(840.04); 445(816.3); 446(181.51); 447(95.4); 448(852.02); 449(502.86); 450(285.71); 451(575.81); 452(592.93); 453(914.9); 454(177.74); 455(924.22); 456(936.38); 457(750.97); 458(675.16); 459(63.79); 460(671.55); 461(7.07); 462(576.33); 463(923.25); 464(818.4); 465(846.35); 466(982.61); 467(641.23); 468(614.82); 469(275.07); 470(734.56); 471(252.15); 472(435.76); 473(511.08); 474(436.3); 475(553.1); 476(285.31); 477(889.18); 478(311.61); 479(274.71); 480(837.86); 481(490.57); 482(753.59); 483(178.18); 484(486.73); 485(155.77); 486(863.4); 487(857.8); 488(479.21); 489(354.03); 490(404.45); 491(12.42); 492(456.41); 493(966.44); 494(291.57); 495(193.61); 496(547.13); 497(246.86); 498(653.4); 499(703.08),1
142,0(122.15); 1(849.31); 2(209.31); 3(253.6); 4(57.68); 5(146.57); 6(742.63); 7(259.77); 8(960.82); 9(272.42); 10(57.87); 11(617.88); 12(956.33); 13(924.32); 14(426.58); 15(619.51); 16(642.41); 17(622.7); 18(57.88); 19(748.57); 20(404.59); 21(750.4); 22(353.02); 23(527.46); 24(10.46); 25(974.54); 26(144.75); 27(890.31); 28(157.15); 29(609.56); 30(998.22); 31(229.16); 32(952.9); 33(748.42); 34(35.58); 35(329.63); 36(923.33); 37(135.09); 38(37.38); 39(63.24); 40(383.08); 41(550.55); 42(798.91); 43(72.37); 44(98.95); 45(952.3); 46(326.35); 47(319.16); 48(207.63); 49(642.35); 50(11.6); 51(355.96); 52(422.15); 53(746.06); 54(266.68); 55(560.71); 56(550.76); 57(492.79); 58(280.81); 59(199.56); 60(761.92); 61(476.91); 62(421.44); 63(672.12); 64(414.83); 65(969.72); 66(426.0); 67(641.72); 68(442.31); 69(29.01); 70(926.73); 71(955.11); 72(482.43); 73(101.28); 74(293.31); 75(703.9); 76(45.83); 77(17.54); 78(196.13); 79(844.75); 80(324.69); 81(14.18); 82(355.2); 83(945.0); 84(671.39); 85(660.85); 86(491.71); 87(450.42); 88(83.8); 89(999.86); 90(768.68); 91(498.28); 92(16.95); 93(891.35); 94(542.23); 95(831.1); 96(612.06); 97(126.46); 98(523.75); 99(965.37); 100(389.01); 101(910.6); 102(279.87); 103(245.4); 104(833.81); 105(846.44); 106(977.19); 107(461.71); 108(179.15); 109(482.73); 110(904.86); 111(931.31); 112(860.2); 113(337.13); 114(320.33); 115(46.91); 116(368.3); 117(96.84); 118(371.0); 119(895.27); 120(592.48); 121(479.96); 122(585.35); 123(175.77); 124(761.53); 125(228.64); 126(997.59); 127(515.39); 128(244.59); 129(229.23); 130(149.87); 131(919.67); 132(754.16); 133(267.01); 134(590.94); 135(405.23); 136(611.98); 137(894.62); 138(684.67); 139(44.38); 140(795.25); 141(91.54); 143(165.16); 144(444.76); 145(557.74); 146(95.81); 147(821.25); 148(33.44); 149(340.63); 150(378.79); 151(940.5); 152(287.38); 153(996.3); 154(370.59); 155(439.71); 156(380.16); 157(366.78); 158(973.83); 159(695.8); 160(712.58); 161(780.04); 162(524.53); 163(301.03); 164(814.2); 165(637.48); 166(25.16); 167(359.27); 168(49.72); 169(970.88); 170(570.22); 171(658.41); 172(466.16); 173(469.17); 174(368.61); 175(355.96); 176(784.42); 177(694.84); 178(113.5); 179(707.44); 180(388.25); 181(567.76); 182(869.57); 183(150.68); 184(390.53); 185(597.18); 186(121.65); 187(317.5); 188(105.56); 189(49.86); 190(303.5); 191(225.61); 192(699.0); 193(673.35); 194(726.83); 195(982.53); 196(541.7); 197(393.73); 198(345.55); 199(148.18); 200(19.43); 201(297.38); 202(93.52); 203(616.64); 204(144.59); 205(777.69); 206(818.92); 207(464.71); 208(953.05); 209(686.0); 210(183.5); 211(501.75); 212(340.19); 213(903.9); 214(177.6); 215(958.71); 216(353.6); 217(482.35); 218(783.15); 219(332.97); 220(478.16); 221(603.87); 222(449.79); 223(191.42); 224(503.85); 225(908.53); 226(758.54); 227(537.92); 228(39.87); 229(682.21); 230(538.39); 231(113.69); 232(633.82); 233(188.73); 234(639.84); 235(182.0); 236(147.83); 237(367.81); 238(352.15); 239(85.57); 240(205.71); 241(975.38); 242(60.16); 243(466.47); 244(169.12); 245(493.19); 246(794.26); 247(722.09); 248(172.03); 249(334.27); 250(5.38); 251(851.38); 252(255.76); 253(148.31); 254(547.13); 255(688.19); 256(824.8); 257(13.85); 258(726.37); 259(449.13); 260(466.62); 261(611.47); 262(15.52); 263(981.86); 264(726.39); 265(88.76); 266(894.73); 267(535.26); 268(10.27); 269(111.54); 270(888.41); 271(766.49); 272(652.75); 273(453.2); 274(259.13); 275(724.64); 276(721.02); 277(111.42); 278(555.54); 279(606.45); 280(346.34); 281(791.0); 282(202.65); 283(742.33); 284(872.33); 285(275.88); 286(800.55); 287(798.39); 288(313.36); 289(505.42); 290(69.66); 291(24.63); 292(382.86); 293(439.37); 294(719.75); 295(154.86); 296(11.61); 297(954.97); 298(296.72); 299(901.75); 300(409.64); 301(520.66); 302(908.44); 303(679.33); 304(266.88); 305(675.71); 306(465.81); 307(817.26); 308(497.2); 309(312.59); 310(786.86); 311(402.34); 312(629.86); 313(945.01); 314(159.13); 315(533.15); 316(769.31); 317(400.01); 318(969.77); 319(481.09); 320(250.18); 321(591.16); 322(964.9); 323(697.0); 324(78.75); 325(788.19); 326(957.37); 327(973.82); 328(619.56); 329(682.93); 330(873.08); 331(651.33); 332(248.73); 333(566.69); 334(168.43); 335(265.11); 336(972.06); 337(106.18); 338(809.75); 339(398.88); 340(266.6); 341(760.72); 342(812.35); 343(840.77); 344(955.48); 345(602.6); 346(201.35); 347(196.54); 348(244.46); 349(674.91); 350(544.29); 351(472.85); 352(933.95); 353(57.61); 354(368.01); 355(852.88); 356(626.42); 357(342.99); 358(203.4); 359(749.67); 360(253.5); 361(898.86); 362(210.97); 363(86.37); 364(517.46); 365(415.34); 366(228.78); 367(590.54); 368(443.73); 369(68.51); 370(506.43); 371(793.08); 372(288.14); 373(902.11); 374(222.24); 375(84.94); 376(534.31); 377(581.58); 378(710.08); 379(501.05); 380(853.21); 381(272.81); 382(114.64); 383(63.82); 384(234.21); 385(471.73); 386(177.34); 387(413.57); 388(180.02); 389(996.76); 390(483.99); 391(835.89); 392(827.25); 393(363.31); 394(534.82); 395(575.02); 396(85.05); 397(129.73); 398(627.5); 399(444.13); 400(91.14); 401(365.93); 402(867.16); 403(403.96); 404(23.83); 405(155.5); 406(591.25); 407(197.02); 408(664.03); 409(314.16); 410(399.14); 411(53.04); 412(683.58); 413(70.03); 414(385.23); 415(93.2); 416(499.57); 417(7.37); 418(916.8); 419(487.59); 420(386.31); 421(291.21); 422(1.84); 423(535.59); 424(45.42); 425(760.76); 426(88.89); 427(615.8); 428(810.28); 429(658.03); 430(101.01); 431(766.2); 432(186.43); 433(906.53); 434(517.48); 435(399.58); 436(949.5); 437(598.78); 438(10.68); 439(761.69); 440(505.64); 441(381.66); 442(838.68); 443(433.79); 444(177.89); 445(483.37); 446(799.72); 447(716.74); 448(546.18); 449(162.55); 450(218.21); 451(621.6); 452(560.31); 453(341.71); 454(354.35); 455(695.88); 456(963.13); 457(137.71); 458(166.66); 459(497.61); 460(771.66); 461(56.68); 462(788.76); 463(175.12); 464(582.8); 465(680.46); 466(913.62); 467(720.59); 468(87.73); 469(438.11); 470(329.32); 471(32.56); 472(403.95); 473(260.0); 474(691.58); 475(398.38); 476(687.96); 477(289.06); 478(840.18); 479(182.12); 480(721.51); 481(979.11); 482(931.72); 483(129.58); 484(417.04); 485(222.11); 486(365.3); 487(802.64); 488(18.23); 489(820.56); 490(376.35); 491(836.82); 492(542.41); 493(333.78); 494(84.49); 495(555.08); 496(164.81); 497(271.95); 498(609.88); 499(441.32),1
143,0(456.23); 1(13.19); 2(974.41); 3(619.72); 4(746.12); 5(255.27); 6(72.0); 7(402.47); 8(746.11); 9(941.26); 10(399.96); 11(256.25); 12(774.44); 13(598.86); 14(524.84); 15(136.18); 16(252.68); 17(148.95); 18(663.39); 19(200.66); 20(130.38); 21(786.8); 22(269.55); 23(339.13); 24(910.96); 25(334.68); 26(518.84); 27(728.57); 28(881.99); 29(698.96); 30(361.16); 31(946.07); 32(306.19); 33(141.9); 34(308.44); 35(376.84); 36(600.19); 37(447.36); 38(742.52); 39(596.38); 40(300.18); 41(846.39); 42(686.2); 43(652.64); 44(716.93); 45(860.31); 46(402.04); 47(403.98); 48(625.67); 49(250.67); 50(747.13); 51(431.58); 52(475.33); 53(729.61); 54(616.75); 55(126.17); 56(623.55); 57(310.07); 58(156.61); 59(575.49); 60(192.81); 61(4.01); 62(59.78); 63(654.21); 64(350.35); 65(418.54); 66(724.2); 67(994.32); 68(454.97); 69(186.15); 70(571.26); 71(619.3); 72(947.3); 73(835.14); 74(578.7); 75(75.53); 76(725.18); 77(725.94); 78(854.43); 79(534.65); 80(445.13); 81(864.36); 82(355.6); 83(359.0); 84(547.67); 85(616.04); 86(659.46); 87(930.38); 88(138.61); 89(388.96); 90(575.33); 91(172.89); 92(895.1); 93(956.79); 94(739.02); 95(442.77); 96(194.14); 97(125.17); 98(880.98); 99(553.45); 100(660.52); 101(70.64); 102(577.08); 103(613.81); 104(763.39); 105(473.6); 106(542.02); 107(286.5); 108(21.78); 109(859.18); 110(892.6); 111(954.58); 112(481.45); 113(355.23); 114(909.66); 115(732.18); 116(816.99); 117(75.86); 118(641.23); 119(237.89); 120(868.91); 121(824.56); 122(492.65); 123(515.65); 124(555.43); 125(51.82); 126(621.41); 127(985.32); 128(316.93); 129(786.87); 130(263.62); 131(130.75); 132(6.18); 133(845.43); 134(410.96); 135(856.3); 136(82.87); 137(345.7); 138(466.26); 139(737.06); 140(594.14); 141(641.16); 142(165.16); 144(228.95); 145(818.44); 146(0.65); 147(530.91); 148(680.7); 149(873.16); 150(954.15); 151(715.5); 152(44.47); 153(444.46); 154(410.31); 155(228.67); 156(586.87); 157(25.86); 158(617.47); 159(65.26); 160(608.65); 161(652.84); 162(763.23); 163(816.27); 164(478.95); 165(582.16); 166(611.8); 167(988.18); 168(455.0); 169(704.05); 170(663.74); 171(149.65); 172(279.82); 173(182.05); 174(803.32); 175(650.55); 176(482.68); 177(478.11); 178(198.65); 179(3.89); 180(404.44); 181(919.37); 182(684.94); 183(778.73); 184(571.93); 185(929.64); 186(275.47); 187(77.68); 188(447.21); 189(740.97); 190(324.67); 191(719.27); 192(2.7); 193(421.24); 194(404.78); 195(234.52); 196(181.82); 197(379.86); 198(29.9); 199(37.62); 200(421.41); 201(686.98); 202(471.22); 203(441.07); 204(171.65); 205(526.32); 206(8.14); 207(894.92); 208(666.76); 209(547.84); 210(773.58); 211(471.64); 212(171.07); 213(946.68); 214(595.67); 215(608.88); 216(575.86); 217(533.64); 218(652.77); 219(967.19); 220(251.35); 221(898.56); 222(98.72); 223(136.14); 224(515.66); 225(58.76); 226(807.41); 227(736.72); 228(708.85); 229(531.71); 230(283.5); 231(758.49); 232(345.03); 233(541.21); 234(795.07); 235(754.27); 236(828.85); 237(318.51); 238(144.5); 239(896.43); 240(468.26); 241(104.96); 242(503.3); 243(598.31); 244(649.81); 245(963.2); 246(542.74); 247(729.25); 248(300.12); 249(83.28); 250(674.46); 251(85.18); 252(733.42); 253(292.45); 254(555.78); 255(286.79); 256(260.29); 257(522.0); 258(558.05); 259(650.82); 260(935.07); 261(118.6); 262(75.15); 263(935.02); 264(87.73); 265(539.38); 266(167.53); 267(719.46); 268(955.57); 269(659.58); 270(672.09); 271(742.01); 272(616.53); 273(528.57); 274(98.74); 275(751.4); 276(628.81); 277(446.69); 278(432.47); 279(277.9); 280(314.46); 281(939.61); 282(283.64); 283(844.19); 284(350.18); 285(775.54); 286(244.68); 287(590.73); 288(385.5); 289(679.12); 290(811.16); 291(172.61); 292(840.27); 293(390.29); 294(682.07); 295(362.99); 296(306.36); 297(12.94); 298(898.55); 299(783.58); 300(179.5); 301(952.02); 302(815.73); 303(635.4); 304(776.57); 305(505.53); 306(485.93); 307(799.29); 308(296.66); 309(959.47); 310(998.37); 311(164.07); 312(900.35); 313(692.59); 314(927.17); 315(617.04); 316(932.05); 317(644.8); 318(838.22); 319(529.94); 320(325.26); 321(258.33); 322(663.17); 323(411.82); 324(141.9); 325(236.51); 326(173.26); 327(5.51); 328(767.34); 329(739.78); 330(668.51); 331(571.14); 332(839.99); 333(109.43); 334(204.6); 335(429.77); 336(244.7); 337(99.84); 338(466.76); 339(80.67); 340(976.87); 341(121.33); 342(233.46); 343(186.15); 344(515.88); 345(453.36); 346(639.98); 347(674.93); 348(68.65); 349(427.31); 350(805.16); 351(544.18); 352(47.48); 353(367.11); 354(930.81); 355(204.18); 356(118.35); 357(303.58); 358(939.81); 359(646.43); 360(701.35); 361(527.22); 362(879.44); 363(371.21); 364(846.72); 365(812.64); 366(169.58); 367(601.36); 368(633.41); 369(843.86); 370(561.49); 371(732.87); 372(6.49); 373(832.38); 374(333.76); 375(730.35); 376(612.94); 377(238.11); 378(553.81); 379(230.55); 380(841.34); 381(793.81); 382(898.9); 383(272.62); 384(977.38); 385(283.07); 386(14.84); 387(893.42); 388(287.93); 389(552.48); 390(832.59); 391(649.93); 392(856.64); 393(92.99); 394(16.02); 395(652.34); 396(399.94); 397(893.12); 398(741.59); 399(872.38); 400(820.95); 401(787.41); 402(539.07); 403(477.47); 404(729.09); 405(12.31); 406(231.79); 407(225.32); 408(468.76); 409(721.12); 410(998.55); 411(660.51); 412(659.46); 413(215.35); 414(749.87); 415(640.15); 416(589.74); 417(10.89); 418(664.74); 419(736.15); 420(305.66); 421(749.44); 422(146.89); 423(527.73); 424(308.22); 425(154.42); 426(65.53); 427(507.61); 428(438.91); 429(208.91); 430(597.53); 431(770.38); 432(557.39); 433(358.75); 434(310.12); 435(78.65); 436(247.74); 437(812.51); 438(78.84); 439(701.34); 440(575.35); 441(249.23); 442(601.72); 443(192.65); 444(155.37); 445(47.68); 446(839.57); 447(955.07); 448(246.09); 449(2.6); 450(654.84); 451(667.29); 452(960.16); 453(580.82); 454(486.49); 455(618.13); 456(753.18); 457(601.46); 458(912.42); 459(276.67); 460(187.76); 461(227.07); 462(857.09); 463(808.85); 464(144.38); 465(362.25); 466(932.01); 467(589.76); 468(769.96); 469(672.71); 470(298.25); 471(399.86); 472(995.58); 473(243.62); 474(480.7); 475(4.77); 476(65.56); 477(380.18); 478(778.77); 479(963.64); 480(405.2); 481(486.4); 482(958.34); 483(331.88); 484(269.16); 485(711.62); 486(604.44); 487(476.18); 488(361.91); 489(152.43); 490(214.54); 491(685.26); 492(263.36); 493(964.93); 494(926.56); 495(633.54); 496(841.36); 497(696.71); 498(220.38); 499(496.76),1
144,0(546.32); 1(698.68); 2(319.2); 3(471.47); 4(632.37); 5(862.16); 6(159.3); 7(51.09); 8(963.34); 9(182.25); 10(976.17); 11(821.42); 12(176.65); 13(514.22); 14(461.89); 15(300.17); 16(295.41); 17(915.92); 18(275.99); 19(852.05); 20(781.34); 21(767.74); 22(480.26); 23(461.9); 24(468.3); 25(893.74); 26(320.21); 27(71.14); 28(644.38); 29(745.1); 30(41.77); 31(394.78); 32(900.69); 33(568.6); 34(907.34); 35(468.18); 36(471.49); 37(639.34); 38(618.36); 39(518.34); 40(114.81); 41(491.29); 42(646.75); 43(61.42); 44(676.28); 45(130.91); 46(532.82); 47(61.38); 48(544.26); 49(10.16); 50(652.85); 51(812.85); 52(597.1); 53(432.62); 54(225.53); 55(884.53); 56(703.8); 57(779.73); 58(121.02); 59(986.45); 60(953.13); 61(330.47); 62(452.8); 63(184.32); 64(494.98); 65(246.45); 66(291.7); 67(7.42); 68(931.34); 69(328.72); 70(332.88); 71(21.73); 72(81.3); 73(657.27); 74(281.7); 75(880.13); 76(956.22); 77(878.88); 78(998.97); 79(488.24); 80(2.11); 81(411.34); 82(213.3); 83(608.63); 84(924.11); 85(828.24); 86(983.96); 87(941.41); 88(807.28); 89(117.56); 90(178.71); 91(348.21); 92(637.81); 93(964.01); 94(192.15); 95(74.8); 96(116.25); 97(140.06); 98(776.3); 99(45.17); 100(881.58); 101(130.28); 102(998.37); 103(456.2); 104(989.69); 105(516.37); 106(615.65); 107(847.71); 108(383.95); 109(695.08); 110(576.8); 111(523.16); 112(96.43); 113(616.54); 114(663.62); 115(429.14); 116(502.76); 117(792.79); 118(104.62); 119(493.15); 120(607.59); 121(79.31); 122(317.91); 123(24.9); 124(419.63); 125(678.91); 126(752.15); 127(264.43); 128(629.25); 129(124.07); 130(236.56); 131(164.16); 132(946.21); 133(89.22); 134(449.94); 135(490.19); 136(871.86); 137(22.27); 138(918.44); 139(530.38); 140(800.62); 141(22.78); 142(444.76); 143(228.95); 145(901.77); 146(273.11); 147(14.32); 148(594.47); 149(552.03); 150(852.7); 151(627.11); 152(616.29); 153(125.65); 154(505.11); 155(57.82); 156(699.82); 157(901.69); 158(471.74); 159(354.49); 160(306.9); 161(155.45); 162(270.5); 163(778.34); 164(492.51); 165(122.13); 166(710.5); 167(285.39); 168(711.48); 169(670.88); 170(802.85); 171(797.05); 172(161.27); 173(796.22); 174(403.94); 175(712.11); 176(187.09); 177(962.27); 178(994.09); 179(753.36); 180(852.61); 181(760.28); 182(556.32); 183(478.53); 184(882.84); 185(342.76); 186(230.52); 187(905.13); 188(975.07); 189(715.95); 190(961.31); 191(260.58); 192(858.78); 193(446.94); 194(826.39); 195(162.02); 196(20.67); 197(240.78); 198(38.38); 199(868.52); 200(879.48); 201(14.76); 202(429.9); 203(242.86); 204(438.88); 205(497.2); 206(305.07); 207(163.0); 208(854.66); 209(387.65); 210(241.71); 211(423.67); 212(737.27); 213(778.07); 214(853.2); 215(40.44); 216(175.78); 217(371.93); 218(198.32); 219(285.67); 220(187.25); 221(49.34); 222(216.86); 223(214.48); 224(102.57); 225(360.42); 226(183.0); 227(192.41); 228(469.66); 229(859.85); 230(12.3); 231(206.36); 232(504.31); 233(211.91); 234(733.53); 235(157.41); 236(534.73); 237(872.38); 238(118.53); 239(129.68); 240(421.3); 241(426.94); 242(656.9); 243(880.01); 244(57.67); 245(728.55); 246(309.5); 247(640.92); 248(746.0); 249(930.78); 250(73.89); 251(93.78); 252(245.78); 253(909.25); 254(451.52); 255(978.26); 256(105.18); 257(175.25); 258(749.94); 259(355.47); 260(678.57); 261(64.26); 262(591.08); 263(721.91); 264(405.38); 265(410.57); 266(990.66); 267(178.75); 268(142.97); 269(429.47); 270(804.08); 271(425.24); 272(235.5); 273(235.87); 274(982.49); 275(364.1); 276(506.14); 277(752.47); 278(420.82); 279(809.65); 280(554.49); 281(729.99); 282(966.09); 283(596.53); 284(775.92); 285(867.32); 286(357.2); 287(339.9); 288(823.19); 289(799.58); 290(794.68); 291(506.49); 292(669.34); 293(700.78); 294(991.19); 295(540.39); 296(361.53); 297(767.25); 298(930.7); 299(24.23); 300(742.15); 301(538.95); 302(741.54); 303(941.49); 304(332.8); 305(619.76); 306(468.11); 307(453.24); 308(452.24); 309(593.97); 310(330.95); 311(829.73); 312(258.52); 313(372.77); 314(73.67); 315(274.07); 316(142.49); 317(542.91); 318(386.26); 319(954.18); 320(344.81); 321(897.8); 322(245.14); 323(419.66); 324(644.76); 325(698.49); 326(831.04); 327(980.12); 328(911.33); 329(917.82); 330(311.08); 331(609.95); 332(154.09); 333(379.43); 334(379.9); 335(338.31); 336(429.32); 337(704.04); 338(816.54); 339(228.21); 340(652.26); 341(993.28); 342(992.33); 343(799.64); 344(10.36); 345(395.26); 346(897.21); 347(33.7); 348(531.96); 349(110.67); 350(27.15); 351(598.32); 352(455.89); 353(959.66); 354(160.23); 355(287.22); 356(292.81); 357(781.64); 358(995.27); 359(308.29); 360(899.32); 361(25.53); 362(821.67); 363(365.47); 364(147.61); 365(33.47); 366(710.55); 367(740.61); 368(363.36); 369(914.3); 370(60.9); 371(79.59); 372(576.8); 373(841.68); 374(416.3); 375(732.66); 376(16.22); 377(449.77); 378(929.02); 379(114.09); 380(562.64); 381(783.89); 382(26.8); 383(363.1); 384(982.8); 385(211.89); 386(639.99); 387(918.21); 388(219.05); 389(82.68); 390(414.29); 391(996.89); 392(349.39); 393(187.74); 394(216.06); 395(664.78); 396(394.38); 397(753.06); 398(521.75); 399(410.56); 400(566.91); 401(743.05); 402(632.22); 403(148.86); 404(439.45); 405(699.04); 406(674.39); 407(38.18); 408(860.66); 409(63.14); 410(840.09); 411(576.76); 412(768.31); 413(882.62); 414(656.55); 415(214.49); 416(791.73); 417(756.58); 418(945.11); 419(282.55); 420(642.29); 421(921.76); 422(773.97); 423(465.22); 424(519.43); 425(662.5); 426(110.43); 427(583.54); 428(846.07); 429(646.29); 430(72.91); 431(48.83); 432(703.86); 433(437.63); 434(924.77); 435(553.85); 436(995.9); 437(910.64); 438(525.12); 439(838.67); 440(772.94); 441(277.26); 442(19.78); 443(902.11); 444(137.84); 445(328.63); 446(360.08); 447(838.79); 448(150.66); 449(582.19); 450(534.26); 451(95.09); 452(938.31); 453(21.45); 454(487.02); 455(410.9); 456(370.2); 457(616.45); 458(361.35); 459(640.27); 460(301.92); 461(65.78); 462(632.12); 463(781.41); 464(784.75); 465(285.08); 466(978.72); 467(627.72); 468(438.92); 469(6.93); 470(486.31); 471(891.04); 472(245.12); 473(81.3); 474(62.41); 475(907.34); 476(918.3); 477(968.98); 478(7.21); 479(157.49); 480(192.8); 481(644.24); 482(389.11); 483(254.0); 484(27.83); 485(824.94); 486(874.95); 487(941.36); 488(486.47); 489(894.24); 490(248.8); 491(965.95); 492(659.97); 493(683.2); 494(987.02); 495(50.61); 496(212.02); 497(137.66); 498(210.36); 499(917.0),1
145,0(777.0); 1(962.93); 2(331.72); 3(840.97); 4(417.4); 5(743.55); 6(630.24); 7(565.75); 8(494.0); 9(461.36); 10(761.1); 11(254.12); 12(40.16); 13(439.14); 14(748.36); 15(408.3); 16(603.72); 17(470.38); 18(679.78); 19(66.13); 20(485.26); 21(986.72); 22(329.13); 23(637.71); 24(659.05); 25(206.83); 26(944.3); 27(580.44); 28(438.33); 29(614.84); 30(831.1); 31(851.46); 32(37.63); 33(866.56); 34(43.94); 35(662.18); 36(521.01); 37(15.41); 38(390.59); 39(272.13); 40(307.05); 41(352.29); 42(222.54); 43(76.24); 44(278.49); 45(323.86); 46(153.47); 47(827.27); 48(8.0); 49(527.26); 50(680.98); 51(359.1); 52(756.07); 53(985.43); 54(164.07); 55(701.69); 56(616.68); 57(806.65); 58(385.71); 59(993.04); 60(375.29); 61(660.57); 62(154.36); 63(312.84); 64(574.91); 65(335.26); 66(762.42); 67(459.43); 68(317.83); 69(221.22); 70(742.3); 71(338.36); 72(109.88); 73(579.07); 74(523.15); 75(505.08); 76(915.12); 77(118.75); 78(918.21); 79(629.65); 80(748.08); 81(705.92); 82(87.77); 83(517.75); 84(38.23); 85(630.09); 86(41.34); 87(269.82); 88(671.28); 89(633.1); 90(901.47); 91(141.53); 92(654.84); 93(203.43); 94(890.52); 95(41.51); 96(848.41); 97(512.68); 98(642.37); 99(473.31); 100(312.42); 101(679.71); 102(76.67); 103(450.0); 104(788.28); 105(526.95); 106(592.4); 107(996.87); 108(629.42); 109(573.44); 110(54.65); 111(37.62); 112(653.27); 113(907.27); 114(198.3); 115(547.03); 116(569.84); 117(688.86); 118(251.02); 119(185.64); 120(598.68); 121(977.48); 122(779.05); 123(412.46); 124(657.75); 125(647.61); 126(874.4); 127(947.98); 128(630.51); 129(873.16); 130(671.21); 131(30.94); 132(240.27); 133(474.07); 134(656.71); 135(193.5); 136(548.1); 137(170.17); 138(366.28); 139(517.87); 140(849.19); 141(210.18); 142(557.74); 143(818.44); 144(901.77); 146(716.45); 147(260.99); 148(236.74); 149(736.36); 150(676.74); 151(4.79); 152(103.87); 153(599.85); 154(198.73); 155(704.19); 156(720.77); 157(577.98); 158(762.76); 159(976.27); 160(650.47); 161(659.86); 162(604.59); 163(951.2); 164(493.35); 165(287.31); 166(821.85); 167(187.1); 168(580.6); 169(78.76); 170(569.95); 171(117.54); 172(454.91); 173(369.63); 174(93.92); 175(405.25); 176(277.6); 177(939.73); 178(301.29); 179(896.61); 180(812.61); 181(705.7); 182(590.79); 183(232.17); 184(369.43); 185(125.59); 186(236.12); 187(563.59); 188(88.22); 189(908.45); 190(248.23); 191(435.89); 192(561.62); 193(133.33); 194(3.97); 195(366.27); 196(913.85); 197(836.08); 198(433.02); 199(544.37); 200(512.25); 201(834.46); 202(296.79); 203(130.6); 204(730.12); 205(480.12); 206(158.89); 207(693.93); 208(442.82); 209(18.8); 210(619.28); 211(755.41); 212(465.66); 213(302.16); 214(863.94); 215(396.1); 216(126.34); 217(222.29); 218(457.37); 219(754.99); 220(785.04); 221(695.61); 222(388.13); 223(548.78); 224(653.3); 225(706.93); 226(41.11); 227(799.64); 228(927.21); 229(428.16); 230(69.56); 231(794.68); 232(268.66); 233(491.4); 234(326.55); 235(196.19); 236(472.32); 237(557.21); 238(128.16); 239(597.87); 240(506.43); 241(963.87); 242(433.25); 243(999.5); 244(238.05); 245(528.68); 246(920.35); 247(0.29); 248(599.8); 249(552.94); 250(500.87); 251(437.0); 252(252.34); 253(595.09); 254(410.79); 255(354.67); 256(35.61); 257(829.29); 258(692.74); 259(899.43); 260(471.49); 261(19.91); 262(799.79); 263(942.42); 264(642.72); 265(669.36); 266(378.57); 267(568.0); 268(97.67); 269(188.55); 270(891.3); 271(872.33); 272(370.2); 273(647.1); 274(703.5); 275(995.64); 276(698.98); 277(38.64); 278(182.2); 279(552.27); 280(932.35); 281(608.63); 282(187.46); 283(753.57); 284(219.88); 285(764.14); 286(207.11); 287(6.65); 288(181.52); 289(319.95); 290(201.71); 291(525.24); 292(277.08); 293(683.25); 294(411.82); 295(130.32); 296(257.53); 297(469.06); 298(578.21); 299(183.53); 300(997.85); 301(51.64); 302(778.94); 303(45.33); 304(941.31); 305(453.17); 306(599.62); 307(336.65); 308(922.45); 309(807.63); 310(266.18); 311(916.34); 312(268.32); 313(719.7); 314(242.54); 315(563.11); 316(113.37); 317(377.17); 318(373.84); 319(245.14); 320(180.22); 321(486.04); 322(231.06); 323(965.37); 324(362.12); 325(248.71); 326(519.8); 327(924.87); 328(818.1); 329(578.72); 330(252.42); 331(561.68); 332(959.25); 333(120.65); 334(264.76); 335(800.95); 336(485.41); 337(53.27); 338(468.14); 339(566.66); 340(186.36); 341(21.08); 342(229.91); 343(164.24); 344(495.46); 345(578.1); 346(506.65); 347(618.24); 348(605.12); 349(541.46); 350(893.47); 351(486.14); 352(486.18); 353(992.0); 354(813.76); 355(133.47); 356(588.97); 357(47.4); 358(605.01); 359(539.46); 360(626.45); 361(693.22); 362(864.04); 363(344.87); 364(820.58); 365(202.88); 366(366.43); 367(685.74); 368(286.39); 369(689.94); 370(460.41); 371(323.02); 372(496.33); 373(761.61); 374(358.32); 375(910.91); 376(4.87); 377(347.68); 378(614.63); 379(286.47); 380(339.44); 381(473.11); 382(958.67); 383(840.4); 384(64.15); 385(88.83); 386(881.88); 387(390.13); 388(944.73); 389(478.95); 390(805.77); 391(360.86); 392(667.14); 393(549.98); 394(241.1); 395(784.93); 396(16.54); 397(253.4); 398(229.71); 399(928.35); 400(261.15); 401(44.81); 402(961.05); 403(881.99); 404(992.88); 405(630.12); 406(48.43); 407(474.59); 408(400.96); 409(805.18); 410(866.93); 411(80.32); 412(772.91); 413(146.67); 414(121.81); 415(274.49); 416(757.91); 417(630.0); 418(723.5); 419(404.66); 420(570.8); 421(914.71); 422(367.99); 423(122.02); 424(902.85); 425(291.49); 426(565.75); 427(271.86); 428(262.96); 429(252.66); 430(841.53); 431(418.05); 432(694.68); 433(378.31); 434(172.53); 435(739.53); 436(474.09); 437(956.9); 438(956.93); 439(461.23); 440(828.51); 441(182.67); 442(862.17); 443(475.42); 444(370.27); 445(633.69); 446(541.35); 447(694.87); 448(574.06); 449(1.02); 450(712.04); 451(261.49); 452(599.54); 453(406.34); 454(184.64); 455(369.63); 456(441.75); 457(206.16); 458(486.08); 459(263.55); 460(124.58); 461(226.03); 462(886.3); 463(89.11); 464(688.44); 465(826.46); 466(171.61); 467(447.4); 468(618.73); 469(693.7); 470(62.95); 471(686.95); 472(978.41); 473(785.7); 474(761.8); 475(445.09); 476(834.0); 477(144.56); 478(436.94); 479(506.95); 480(994.08); 481(626.46); 482(906.56); 483(156.47); 484(41.51); 485(358.29); 486(987.53); 487(110.63); 488(743.24); 489(833.13); 490(89.97); 491(329.07); 492(802.84); 493(92.14); 494(937.02); 495(981.5); 496(551.45); 497(233.29); 498(496.25); 499(793.55),1
146,0(545.21); 1(977.59); 2(880.9); 3(702.37); 4(418.33); 5(957.55); 6(140.56); 7(928.76); 8(129.25); 9(612.33); 10(64.67); 11(254.56); 12(668.11); 13(26.99); 14(288.67); 15(814.3); 16(414.52); 17(74.53); 18(597.84); 19(502.69); 20(363.36); 21(130.49); 22(776.19); 23(347.18); 24(185.27); 25(614.11); 26(680.24); 27(177.41); 28(728.72); 29(21.16); 30(239.41); 31(667.75); 32(264.27); 33(209.87); 34(583.89); 35(436.46); 36(527.67); 37(35.3); 38(343.46); 39(133.32); 40(845.45); 41(930.76); 42(561.99); 43(288.12); 44(853.63); 45(240.67); 46(48.25); 47(284.51); 48(15.59); 49(374.29); 50(877.36); 51(112.44); 52(939.27); 53(956.65); 54(401.65); 55(36.3); 56(246.51); 57(758.88); 58(909.92); 59(488.31); 60(725.05); 61(105.4); 62(147.16); 63(599.73); 64(356.67); 65(566.69); 66(966.29); 67(582.4); 68(862.45); 69(930.46); 70(737.09); 71(284.64); 72(750.79); 73(509.35); 74(350.98); 75(318.66); 76(819.93); 77(35.8); 78(224.0); 79(422.17); 80(597.11); 81(730.77); 82(376.82); 83(117.58); 84(382.46); 85(653.77); 86(525.52); 87(555.57); 88(462.94); 89(334.18); 90(57.5); 91(863.71); 92(760.84); 93(757.85); 94(53.24); 95(619.33); 96(691.7); 97(948.42); 98(740.52); 99(91.39); 100(944.79); 101(274.16); 102(269.09); 103(833.8); 104(158.54); 105(467.11); 106(607.62); 107(921.96); 108(48.22); 109(206.8); 110(218.92); 111(480.84); 112(101.83); 113(849.19); 114(217.52); 115(474.94); 116(672.12); 117(809.4); 118(281.8); 119(432.45); 120(819.94); 121(295.38); 122(453.56); 123(462.21); 124(796.75); 125(31.17); 126(268.63); 127(311.95); 128(261.71); 129(361.22); 130(761.88); 131(386.37); 132(528.52); 133(589.75); 134(984.45); 135(662.06); 136(948.84); 137(71.2); 138(149.48); 139(944.63); 140(164.16); 141(860.83); 142(95.81); 143(0.65); 144(273.11); 145(716.45); 147(83.13); 148(254.19); 149(241.14); 150(842.07); 151(310.41); 152(30.05); 153(753.32); 154(13.33); 155(139.58); 156(153.2); 157(950.18); 158(25.39); 159(444.51); 160(923.43); 161(889.51); 162(15.38); 163(880.63); 164(646.8); 165(425.43); 166(216.73); 167(200.03); 168(43.15); 169(985.67); 170(639.86); 171(978.12); 172(944.86); 173(551.51); 174(977.4); 175(754.01); 176(56.5); 177(701.81); 178(941.27); 179(470.61); 180(807.58); 181(65.29); 182(598.68); 183(849.34); 184(120.04); 185(430.41); 186(871.28); 187(683.42); 188(367.48); 189(910.52); 190(332.71); 191(814.58); 192(736.33); 193(338.48); 194(466.99); 195(622.07); 196(210.54); 197(704.44); 198(955.98); 199(416.06); 200(57.07); 201(719.78); 202(504.6); 203(556.71); 204(923.26); 205(737.12); 206(413.1); 207(846.51); 208(766.07); 209(592.25); 210(834.25); 211(831.52); 212(16.82); 213(164.04); 214(155.2); 215(747.2); 216(331.63); 217(384.17); 218(642.78); 219(390.16); 220(576.1); 221(971.45); 222(153.24); 223(477.56); 224(264.79); 225(98.43); 226(608.96); 227(88.48); 228(960.27); 229(421.54); 230(56.29); 231(894.87); 232(61.39); 233(280.53); 234(880.12); 235(415.25); 236(378.69); 237(506.25); 238(587.88); 239(203.38); 240(760.78); 241(744.07); 242(7.03); 243(944.98); 244(270.54); 245(51.57); 246(3.98); 247(558.06); 248(541.32); 249(327.87); 250(570.04); 251(415.62); 252(692.34); 253(26.47); 254(193.53); 255(428.78); 256(489.88); 257(122.92); 258(381.6); 259(228.24); 260(29.77); 261(679.75); 262(668.36); 263(149.53); 264(927.62); 265(217.5); 266(906.43); 267(692.51); 268(156.04); 269(744.48); 270(811.42); 271(737.03); 272(672.56); 273(649.88); 274(112.98); 275(225.85); 276(667.54); 277(646.4); 278(935.9); 279(507.01); 280(936.57); 281(372.73); 282(405.88); 283(584.0); 284(650.29); 285(964.19); 286(141.67); 287(270.49); 288(657.8); 289(259.58); 290(902.57); 291(447.54); 292(558.31); 293(673.8); 294(697.58); 295(682.17); 296(551.3); 297(37.14); 298(48.93); 299(845.07); 300(907.03); 301(74.52); 302(629.35); 303(386.2); 304(596.79); 305(813.67); 306(860.18); 307(3.49); 308(186.23); 309(816.84); 310(616.92); 311(425.37); 312(884.22); 313(246.4); 314(469.97); 315(524.55); 316(492.37); 317(733.6); 318(304.38); 319(863.08); 320(957.81); 321(15.87); 322(342.48); 323(397.03); 324(158.71); 325(381.7); 326(253.26); 327(448.89); 328(945.23); 329(758.37); 330(996.04); 331(555.62); 332(372.21); 333(130.91); 334(201.69); 335(857.59); 336(864.26); 337(210.26); 338(481.36); 339(257.58); 340(344.31); 341(140.6); 342(415.04); 343(991.61); 344(295.71); 345(743.0); 346(748.3); 347(695.35); 348(359.06); 349(934.73); 350(213.14); 351(812.01); 352(474.36); 353(215.36); 354(362.07); 355(984.52); 356(760.95); 357(300.72); 358(884.81); 359(317.38); 360(241.36); 361(116.2); 362(710.54); 363(372.95); 364(466.84); 365(267.76); 366(361.41); 367(830.29); 368(597.56); 369(533.81); 370(92.22); 371(727.4); 372(276.47); 373(523.93); 374(630.85); 375(593.27); 376(613.88); 377(939.25); 378(422.88); 379(588.04); 380(225.08); 381(323.61); 382(114.53); 383(329.35); 384(734.15); 385(447.79); 386(133.6); 387(141.49); 388(664.96); 389(597.05); 390(650.69); 391(94.33); 392(877.16); 393(655.07); 394(962.04); 395(198.38); 396(169.87); 397(142.65); 398(986.88); 399(761.78); 400(61.23); 401(485.92); 402(738.83); 403(882.3); 404(203.78); 405(842.02); 406(696.09); 407(702.95); 408(28.35); 409(380.52); 410(208.06); 411(349.98); 412(96.02); 413(141.2); 414(675.6); 415(22.14); 416(587.89); 417(27.97); 418(204.15); 419(375.26); 420(474.46); 421(978.6); 422(999.04); 423(167.65); 424(328.96); 425(267.8); 426(527.91); 427(186.57); 428(399.44); 429(568.2); 430(20.67); 431(14.92); 432(509.45); 433(3.42); 434(43.8); 435(761.19); 436(444.8); 437(257.47); 438(903.3); 439(291.75); 440(866.95); 441(484.03); 442(527.36); 443(312.04); 444(119.47); 445(234.63); 446(216.79); 447(248.22); 448(522.81); 449(560.3); 450(958.25); 451(583.19); 452(721.26); 453(98.91); 454(585.91); 455(710.55); 456(213.61); 457(887.7); 458(812.16); 459(987.94); 460(128.21); 461(480.95); 462(292.99); 463(134.52); 464(934.31); 465(188.42); 466(92.03); 467(379.95); 468(179.05); 469(944.19); 470(682.19); 471(209.77); 472(11.89); 473(955.73); 474(26.24); 475(976.45); 476(358.18); 477(604.99); 478(724.45); 479(674.65); 480(697.1); 481(902.01); 482(421.66); 483(799.52); 484(55.21); 485(711.75); 486(240.62); 487(34.19); 488(463.91); 489(501.42); 490(346.18); 491(694.09); 492(512.97); 493(866.72); 494(882.49); 495(772.7); 496(988.18); 497(802.54); 498(155.44); 499(401.96),1
147,0(475.81); 1(277.52); 2(867.88); 3(878.91); 4(229.53); 5(209.39); 6(60.04); 7(445.01); 8(957.65); 9(372.52); 10(841.25); 11(245.18); 12(124.0); 13(254.83); 14(130.62); 15(722.73); 16(612.13); 17(143.49); 18(225.66); 19(589.18); 20(314.2); 21(814.36); 22(356.85); 23(257.85); 24(94.78); 25(418.01); 26(331.57); 27(483.79); 28(128.85); 29(700.18); 30(539.21); 31(465.29); 32(164.38); 33(461.31); 34(206.16); 35(264.73); 36(705.87); 37(70.81); 38(769.71); 39(85.5); 40(705.12); 41(234.25); 42(308.32); 43(959.12); 44(518.97); 45(840.95); 46(911.02); 47(455.51); 48(605.81); 49(764.24); 50(933.3); 51(209.16); 52(48.71); 53(520.31); 54(628.28); 55(263.76); 56(612.03); 57(762.45); 58(368.12); 59(203.83); 60(264.03); 61(192.87); 62(158.65); 63(539.52); 64(484.04); 65(308.46); 66(395.8); 67(890.96); 68(283.19); 69(985.82); 70(554.45); 71(189.0); 72(435.67); 73(757.25); 74(345.21); 75(740.58); 76(535.55); 77(879.2); 78(908.72); 79(835.77); 80(628.47); 81(61.2); 82(818.01); 83(342.32); 84(963.39); 85(338.48); 86(961.37); 87(901.12); 88(483.79); 89(311.14); 90(916.87); 91(932.06); 92(557.76); 93(270.57); 94(284.6); 95(239.36); 96(199.67); 97(326.77); 98(979.51); 99(628.57); 100(766.15); 101(275.23); 102(290.13); 103(108.22); 104(768.62); 105(894.23); 106(277.2); 107(178.77); 108(825.32); 109(454.27); 110(976.87); 111(144.5); 112(386.16); 113(215.39); 114(513.84); 115(952.7); 116(363.46); 117(208.37); 118(969.99); 119(441.64); 120(211.14); 121(680.1); 122(134.36); 123(730.3); 124(321.98); 125(95.38); 126(9.02); 127(968.79); 128(831.53); 129(291.66); 130(153.52); 131(87.15); 132(432.04); 133(360.6); 134(311.66); 135(505.12); 136(829.98); 137(328.67); 138(462.13); 139(89.43); 140(413.94); 141(707.07); 142(821.25); 143(530.91); 144(14.32); 145(260.99); 146(83.13); 148(931.1); 149(293.15); 150(47.7); 151(808.68); 152(623.99); 153(802.81); 154(614.56); 155(499.48); 156(802.04); 157(572.9); 158(996.31); 159(564.13); 160(732.37); 161(789.89); 162(224.65); 163(704.74); 164(50.29); 165(65.96); 166(958.62); 167(454.17); 168(566.22); 169(112.25); 170(747.19); 171(578.34); 172(842.05); 173(89.65); 174(397.54); 175(211.85); 176(390.01); 177(600.42); 178(194.27); 179(981.46); 180(979.71); 181(80.35); 182(929.96); 183(824.3); 184(239.3); 185(492.18); 186(409.66); 187(567.79); 188(965.28); 189(816.54); 190(501.85); 191(672.29); 192(402.51); 193(458.24); 194(864.12); 195(288.52); 196(301.03); 197(22.88); 198(766.08); 199(125.21); 200(530.71); 201(541.96); 202(252.86); 203(85.89); 204(857.26); 205(155.44); 206(98.26); 207(711.96); 208(145.6); 209(217.53); 210(237.3); 211(53.7); 212(178.19); 213(310.57); 214(908.03); 215(789.61); 216(235.29); 217(766.76); 218(555.61); 219(710.32); 220(581.44); 221(291.59); 222(217.03); 223(596.27); 224(573.69); 225(167.32); 226(443.6); 227(606.69); 228(670.19); 229(93.77); 230(904.2); 231(818.76); 232(236.41); 233(731.66); 234(451.91); 235(813.25); 236(343.14); 237(466.43); 238(357.98); 239(129.68); 240(959.44); 241(860.26); 242(875.05); 243(84.15); 244(440.85); 245(591.38); 246(321.75); 247(706.21); 248(864.63); 249(828.33); 250(299.65); 251(962.79); 252(584.86); 253(282.24); 254(127.77); 255(788.11); 256(298.07); 257(183.15); 258(80.15); 259(443.96); 260(187.39); 261(898.31); 262(594.69); 263(748.1); 264(543.12); 265(663.37); 266(144.64); 267(811.61); 268(483.49); 269(316.5); 270(28.68); 271(384.86); 272(63.81); 273(175.59); 274(849.62); 275(589.59); 276(764.63); 277(819.17); 278(45.69); 279(374.62); 280(784.25); 281(59.18); 282(409.23); 283(529.85); 284(609.48); 285(576.41); 286(702.54); 287(710.42); 288(604.27); 289(699.91); 290(404.98); 291(693.66); 292(321.95); 293(923.65); 294(293.35); 295(807.83); 296(979.15); 297(702.42); 298(431.65); 299(384.07); 300(753.92); 301(659.47); 302(733.57); 303(773.24); 304(262.77); 305(603.84); 306(515.27); 307(7.13); 308(8.86); 309(57.89); 310(54.73); 311(769.56); 312(763.79); 313(258.38); 314(725.21); 315(623.39); 316(575.35); 317(738.89); 318(32.28); 319(112.62); 320(403.72); 321(158.96); 322(883.39); 323(470.0); 324(902.85); 325(103.99); 326(193.21); 327(469.66); 328(9.94); 329(337.23); 330(371.82); 331(643.58); 332(954.84); 333(37.5); 334(943.18); 335(484.36); 336(281.88); 337(875.42); 338(491.33); 339(528.58); 340(902.73); 341(781.78); 342(853.7); 343(933.85); 344(105.96); 345(385.9); 346(499.19); 347(238.08); 348(98.95); 349(24.53); 350(226.66); 351(786.11); 352(243.99); 353(492.56); 354(389.28); 355(469.53); 356(110.67); 357(294.96); 358(368.88); 359(40.93); 360(298.14); 361(821.94); 362(625.24); 363(218.57); 364(433.92); 365(553.49); 366(652.26); 367(874.71); 368(780.13); 369(523.83); 370(934.3); 371(313.02); 372(523.02); 373(658.79); 374(29.81); 375(435.51); 376(922.29); 377(896.84); 378(189.95); 379(439.33); 380(678.94); 381(847.44); 382(438.28); 383(132.79); 384(471.05); 385(681.53); 386(805.6); 387(209.72); 388(692.3); 389(586.0); 390(471.56); 391(339.38); 392(977.07); 393(583.52); 394(155.23); 395(575.13); 396(97.85); 397(495.33); 398(427.56); 399(230.0); 400(411.11); 401(494.52); 402(275.64); 403(947.86); 404(856.07); 405(383.65); 406(492.8); 407(369.47); 408(132.45); 409(667.26); 410(35.93); 411(283.93); 412(625.09); 413(896.88); 414(340.26); 415(277.22); 416(580.38); 417(274.43); 418(393.99); 419(366.9); 420(311.31); 421(533.27); 422(529.44); 423(99.67); 424(28.65); 425(765.06); 426(531.63); 427(125.02); 428(816.85); 429(767.66); 430(411.55); 431(635.15); 432(496.2); 433(46.81); 434(583.67); 435(160.33); 436(271.74); 437(250.27); 438(651.81); 439(11.1); 440(355.27); 441(999.73); 442(740.99); 443(293.01); 444(389.57); 445(379.9); 446(485.03); 447(139.53); 448(948.65); 449(601.18); 450(750.72); 451(505.91); 452(467.03); 453(570.59); 454(232.54); 455(681.02); 456(943.65); 457(325.95); 458(507.46); 459(603.22); 460(273.84); 461(51.83); 462(992.12); 463(195.47); 464(805.92); 465(664.52); 466(789.98); 467(471.92); 468(397.3); 469(144.73); 470(994.94); 471(393.84); 472(438.38); 473(205.39); 474(750.4); 475(331.06); 476(799.62); 477(408.67); 478(166.87); 479(570.73); 480(396.63); 481(91.72); 482(344.12); 483(859.9); 484(275.17); 485(254.09); 486(798.1); 487(622.29); 488(326.54); 489(236.64); 490(889.8); 491(666.69); 492(442.04); 493(473.54); 494(138.98); 495(779.04); 496(540.63); 497(227.97); 498(235.52); 499(604.28),1
148,0(724.59); 1(452.16); 2(289.78); 3(630.55); 4(125.87); 5(774.72); 6(481.35); 7(856.49); 8(531.5); 9(228.69); 10(717.55); 11(722.95); 12(732.33); 13(860.83); 14(390.4); 15(241.76); 16(599.91); 17(278.15); 18(778.6); 19(327.2); 20(134.3); 21(118.78); 22(517.04); 23(55.05); 24(302.65); 25(991.84); 26(977.07); 27(864.76); 28(46.56); 29(809.33); 30(386.95); 31(621.22); 32(733.32); 33(843.22); 34(287.54); 35(122.59); 36(765.81); 37(576.99); 38(308.52); 39(100.34); 40(370.4); 41(827.42); 42(888.97); 43(769.78); 44(968.32); 45(298.58); 46(840.75); 47(867.4); 48(2.0); 49(705.34); 50(805.74); 51(922.51); 52(467.42); 53(537.04); 54(371.32); 55(66.03); 56(556.6); 57(538.31); 58(368.26); 59(14.0); 60(462.16); 61(125.25); 62(706.38); 63(122.02); 64(571.87); 65(146.8); 66(253.6); 67(473.35); 68(733.35); 69(621.97); 70(706.01); 71(656.81); 72(933.3); 73(61.13); 74(794.44); 75(119.99); 76(59.96); 77(515.7); 78(798.13); 79(749.0); 80(229.26); 81(343.69); 82(731.98); 83(884.97); 84(482.07); 85(245.4); 86(948.65); 87(502.19); 88(242.62); 89(452.28); 90(334.48); 91(10.68); 92(312.98); 93(591.43); 94(628.11); 95(909.3); 96(7.89); 97(779.87); 98(134.7); 99(91.21); 100(618.48); 101(840.99); 102(808.29); 103(791.64); 104(576.72); 105(968.27); 106(954.59); 107(838.1); 108(995.17); 109(329.42); 110(350.31); 111(996.01); 112(29.8); 113(598.24); 114(684.16); 115(350.28); 116(469.74); 117(670.16); 118(577.74); 119(2.88); 120(21.84); 121(202.84); 122(150.12); 123(804.32); 124(194.24); 125(60.44); 126(478.81); 127(417.78); 128(721.17); 129(864.67); 130(205.53); 131(140.41); 132(18.38); 133(549.29); 134(189.51); 135(837.58); 136(254.95); 137(686.76); 138(621.37); 139(743.46); 140(734.89); 141(779.17); 142(33.44); 143(680.7); 144(594.47); 145(236.74); 146(254.19); 147(931.1); 149(156.88); 150(918.75); 151(554.43); 152(602.14); 153(250.03); 154(435.23); 155(3.79); 156(780.78); 157(393.06); 158(467.32); 159(898.23); 160(702.57); 161(569.74); 162(967.77); 163(500.23); 164(982.05); 165(529.03); 166(78.0); 167(673.75); 168(668.98); 169(614.12); 170(178.53); 171(866.51); 172(995.6); 173(577.53); 174(281.21); 175(600.2); 176(659.21); 177(11.23); 178(768.89); 179(684.3); 180(446.84); 181(525.52); 182(648.76); 183(728.82); 184(399.4); 185(710.96); 186(569.68); 187(371.38); 188(357.54); 189(535.3); 190(742.76); 191(784.93); 192(224.51); 193(10.07); 194(294.24); 195(836.18); 196(850.91); 197(144.54); 198(359.97); 199(172.63); 200(914.38); 201(306.54); 202(156.76); 203(935.98); 204(361.33); 205(269.33); 206(238.46); 207(318.52); 208(939.35); 209(13.41); 210(172.54); 211(773.41); 212(662.37); 213(135.76); 214(306.42); 215(426.51); 216(96.8); 217(279.71); 218(697.64); 219(292.05); 220(67.25); 221(956.74); 222(5.31); 223(857.72); 224(665.83); 225(783.47); 226(2.13); 227(627.21); 228(671.99); 229(125.07); 230(952.14); 231(202.11); 232(329.99); 233(249.19); 234(830.81); 235(525.75); 236(496.8); 237(650.71); 238(733.53); 239(500.99); 240(353.06); 241(239.78); 242(728.33); 243(846.3); 244(775.55); 245(346.95); 246(465.53); 247(707.68); 248(277.63); 249(613.63); 250(924.2); 251(871.39); 252(471.52); 253(403.52); 254(428.55); 255(394.52); 256(762.83); 257(393.49); 258(767.43); 259(167.54); 260(419.42); 261(41.83); 262(362.73); 263(208.26); 264(71.55); 265(800.69); 266(110.21); 267(625.77); 268(476.29); 269(538.03); 270(310.89); 271(386.8); 272(768.37); 273(630.14); 274(948.68); 275(273.62); 276(710.51); 277(718.03); 278(597.52); 279(748.84); 280(858.71); 281(21.71); 282(848.25); 283(563.6); 284(429.85); 285(343.94); 286(163.59); 287(264.47); 288(806.63); 289(179.48); 290(301.12); 291(252.22); 292(837.83); 293(447.93); 294(254.52); 295(76.49); 296(134.02); 297(338.06); 298(540.83); 299(202.99); 300(668.6); 301(596.67); 302(510.71); 303(925.59); 304(659.89); 305(652.24); 306(949.92); 307(276.68); 308(335.36); 309(798.8); 310(809.43); 311(934.07); 312(585.5); 313(145.39); 314(483.95); 315(612.19); 316(490.53); 317(250.07); 318(579.98); 319(586.33); 320(366.72); 321(493.03); 322(263.72); 323(417.96); 324(680.04); 325(953.96); 326(286.83); 327(921.1); 328(542.35); 329(640.65); 330(951.07); 331(10.3); 332(891.98); 333(97.78); 334(236.03); 335(827.18); 336(780.89); 337(728.66); 338(327.26); 339(550.05); 340(973.63); 341(526.28); 342(520.28); 343(374.55); 344(800.62); 345(321.04); 346(155.81); 347(222.61); 348(65.49); 349(939.57); 350(660.9); 351(88.2); 352(207.46); 353(722.72); 354(785.33); 355(198.21); 356(160.77); 357(908.47); 358(503.61); 359(760.77); 360(271.58); 361(190.22); 362(577.74); 363(76.23); 364(358.3); 365(169.91); 366(629.14); 367(703.96); 368(408.73); 369(802.37); 370(618.37); 371(466.77); 372(858.15); 373(768.04); 374(106.0); 375(344.2); 376(686.18); 377(882.81); 378(232.15); 379(206.16); 380(972.68); 381(706.8); 382(39.78); 383(802.14); 384(138.14); 385(484.69); 386(219.74); 387(713.17); 388(729.26); 389(952.05); 390(807.66); 391(280.49); 392(235.82); 393(800.35); 394(602.7); 395(449.82); 396(630.43); 397(985.12); 398(274.61); 399(883.05); 400(890.3); 401(272.01); 402(934.94); 403(137.35); 404(781.13); 405(671.09); 406(735.69); 407(871.01); 408(151.57); 409(18.97); 410(872.14); 411(917.59); 412(203.75); 413(296.63); 414(782.31); 415(318.98); 416(22.79); 417(300.19); 418(618.67); 419(277.47); 420(535.92); 421(296.24); 422(742.24); 423(233.03); 424(485.7); 425(34.0); 426(744.23); 427(141.74); 428(573.19); 429(700.86); 430(971.07); 431(175.0); 432(696.85); 433(833.11); 434(248.97); 435(961.13); 436(977.04); 437(284.84); 438(414.3); 439(112.19); 440(588.59); 441(236.9); 442(285.33); 443(7.46); 444(399.26); 445(385.95); 446(953.71); 447(713.02); 448(274.97); 449(883.1); 450(21.67); 451(111.65); 452(888.72); 453(397.75); 454(315.15); 455(839.46); 456(589.23); 457(397.92); 458(135.06); 459(988.46); 460(87.07); 461(91.01); 462(591.35); 463(913.89); 464(187.44); 465(36.91); 466(616.77); 467(72.66); 468(842.25); 469(136.71); 470(402.72); 471(177.98); 472(349.43); 473(643.78); 474(889.42); 475(822.07); 476(746.41); 477(576.97); 478(122.2); 479(826.03); 480(880.99); 481(827.32); 482(800.14); 483(372.46); 484(981.89); 485(30.62); 486(240.29); 487(376.85); 488(42.72); 489(681.18); 490(390.53); 491(87.38); 492(267.65); 493(930.19); 494(181.62); 495(769.0); 496(991.75); 497(755.36); 498(437.04); 499(663.92),1
149,0(242.86); 1(392.86); 2(635.85); 3(862.96); 4(23.53); 5(699.39); 6(780.5); 7(536.93); 8(187.02); 9(979.06); 10(95.22); 11(936.4); 12(543.97); 13(671.04); 14(670.0); 15(46.74); 16(47.99); 17(396.63); 18(951.95); 19(816.26); 20(606.8); 21(522.82); 22(424.43); 23(257.8); 24(276.95); 25(12.19); 26(533.15); 27(212.36); 28(449.78); 29(636.23); 30(542.7); 31(618.51); 32(123.62); 33(561.28); 34(823.42); 35(370.36); 36(877.54); 37(358.3); 38(636.08); 39(288.68); 40(409.87); 41(195.4); 42(776.53); 43(238.11); 44(285.12); 45(206.47); 46(897.12); 47(408.56); 48(845.18); 49(619.76); 50(909.59); 51(882.81); 52(944.03); 53(159.8); 54(606.89); 55(683.15); 56(147.86); 57(153.54); 58(447.16); 59(864.49); 60(15.33); 61(480.36); 62(882.5); 63(16.3); 64(681.38); 65(940.71); 66(732.97); 67(456.78); 68(320.66); 69(432.19); 70(590.0); 71(269.76); 72(241.1); 73(900.93); 74(220.27); 75(831.99); 76(607.02); 77(127.86); 78(271.5); 79(795.6); 80(158.95); 81(200.03); 82(480.95); 83(547.19); 84(184.61); 85(703.88); 86(132.83); 87(827.44); 88(291.66); 89(840.69); 90(817.59); 91(997.16); 92(113.06); 93(413.63); 94(117.09); 95(289.15); 96(611.65); 97(206.9); 98(677.22); 99(652.47); 100(738.34); 101(287.39); 102(858.93); 103(941.78); 104(662.04); 105(734.99); 106(370.8); 107(600.04); 108(731.05); 109(557.09); 110(575.82); 111(377.55); 112(696.94); 113(150.3); 114(19.46); 115(2.76); 116(381.74); 117(483.38); 118(837.69); 119(0.78); 120(279.76); 121(841.42); 122(949.83); 123(65.45); 124(425.87); 125(401.0); 126(977.1); 127(33.59); 128(591.97); 129(482.3); 130(34.61); 131(517.63); 132(692.85); 133(21.85); 134(650.11); 135(85.36); 136(262.86); 137(232.45); 138(901.23); 139(547.13); 140(472.34); 141(16.46); 142(340.63); 143(873.16); 144(552.03); 145(736.36); 146(241.14); 147(293.15); 148(156.88); 150(402.37); 151(694.62); 152(876.6); 153(228.65); 154(273.36); 155(838.22); 156(877.82); 157(375.15); 158(167.05); 159(151.3); 160(495.91); 161(196.17); 162(348.72); 163(757.62); 164(75.2); 165(435.55); 166(763.93); 167(480.54); 168(878.56); 169(366.71); 170(861.15); 171(54.47); 172(186.04); 173(899.74); 174(23.14); 175(397.61); 176(768.8); 177(406.86); 178(462.19); 179(757.59); 180(268.71); 181(207.21); 182(694.35); 183(254.01); 184(751.56); 185(13.13); 186(367.21); 187(105.59); 188(823.51); 189(195.59); 190(368.68); 191(565.79); 192(3.54); 193(81.76); 194(764.46); 195(228.36); 196(8.8); 197(126.06); 198(596.08); 199(498.19); 200(894.1); 201(726.43); 202(979.81); 203(18.79); 204(154.84); 205(780.3); 206(103.65); 207(508.01); 208(526.91); 209(825.99); 210(703.18); 211(721.47); 212(832.26); 213(463.12); 214(200.7); 215(649.42); 216(225.83); 217(331.44); 218(960.19); 219(264.72); 220(839.19); 221(296.09); 222(928.58); 223(144.4); 224(699.8); 225(584.17); 226(617.93); 227(943.58); 228(646.49); 229(378.05); 230(947.81); 231(358.96); 232(398.26); 233(108.1); 234(526.05); 235(365.34); 236(564.95); 237(644.04); 238(600.3); 239(872.64); 240(721.56); 241(263.17); 242(313.06); 243(470.54); 244(288.53); 245(438.12); 246(174.97); 247(591.67); 248(424.74); 249(957.73); 250(718.44); 251(370.57); 252(621.89); 253(172.65); 254(519.75); 255(572.23); 256(665.62); 257(510.95); 258(256.38); 259(482.25); 260(102.71); 261(472.48); 262(123.2); 263(435.05); 264(563.86); 265(204.61); 266(726.01); 267(335.13); 268(710.76); 269(209.59); 270(395.67); 271(389.1); 272(421.89); 273(785.83); 274(747.76); 275(868.65); 276(542.1); 277(513.83); 278(113.32); 279(552.86); 280(61.62); 281(729.15); 282(130.36); 283(64.93); 284(210.21); 285(349.03); 286(669.18); 287(907.6); 288(145.74); 289(515.39); 290(729.75); 291(151.13); 292(773.93); 293(856.27); 294(240.05); 295(898.19); 296(298.77); 297(353.9); 298(792.42); 299(172.23); 300(457.19); 301(112.57); 302(541.15); 303(526.01); 304(375.41); 305(397.92); 306(105.71); 307(908.53); 308(526.99); 309(479.1); 310(505.25); 311(990.05); 312(256.47); 313(492.77); 314(314.96); 315(778.04); 316(832.1); 317(250.98); 318(609.84); 319(504.26); 320(466.52); 321(396.71); 322(944.53); 323(482.93); 324(204.88); 325(550.58); 326(715.5); 327(810.68); 328(167.48); 329(425.42); 330(722.28); 331(550.0); 332(618.06); 333(957.17); 334(435.44); 335(822.94); 336(347.85); 337(878.86); 338(887.7); 339(913.92); 340(614.69); 341(298.16); 342(318.42); 343(542.9); 344(194.64); 345(999.48); 346(111.6); 347(126.06); 348(331.74); 349(732.47); 350(976.66); 351(847.57); 352(999.13); 353(303.03); 354(447.0); 355(77.21); 356(378.54); 357(293.98); 358(77.1); 359(898.46); 360(22.76); 361(830.94); 362(524.77); 363(335.83); 364(716.2); 365(777.64); 366(805.84); 367(743.24); 368(729.78); 369(407.57); 370(973.59); 371(650.1); 372(914.18); 373(725.45); 374(209.59); 375(799.25); 376(928.24); 377(105.62); 378(852.82); 379(353.99); 380(685.55); 381(509.73); 382(547.63); 383(969.31); 384(140.22); 385(699.08); 386(409.79); 387(40.38); 388(320.35); 389(287.37); 390(343.66); 391(737.08); 392(580.86); 393(413.27); 394(489.09); 395(925.5); 396(18.14); 397(550.3); 398(811.91); 399(8.78); 400(946.75); 401(591.73); 402(613.97); 403(941.02); 404(779.05); 405(342.37); 406(8.35); 407(511.88); 408(448.46); 409(537.8); 410(634.5); 411(991.17); 412(673.8); 413(850.63); 414(596.49); 415(85.34); 416(419.82); 417(260.0); 418(562.16); 419(231.8); 420(254.72); 421(559.79); 422(987.17); 423(563.32); 424(110.61); 425(244.06); 426(321.96); 427(670.92); 428(39.71); 429(219.08); 430(3.13); 431(186.88); 432(150.67); 433(695.95); 434(121.36); 435(7.68); 436(833.94); 437(940.61); 438(841.76); 439(776.19); 440(166.86); 441(171.72); 442(443.24); 443(271.77); 444(971.74); 445(298.3); 446(54.43); 447(636.8); 448(624.27); 449(339.51); 450(185.69); 451(606.37); 452(413.23); 453(571.78); 454(680.5); 455(51.29); 456(462.61); 457(636.68); 458(414.87); 459(866.79); 460(974.58); 461(390.95); 462(652.36); 463(710.27); 464(446.62); 465(898.58); 466(55.39); 467(695.65); 468(388.73); 469(895.44); 470(481.72); 471(435.14); 472(784.0); 473(490.28); 474(893.89); 475(875.55); 476(143.71); 477(910.62); 478(24.2); 479(71.35); 480(945.22); 481(949.43); 482(96.24); 483(775.02); 484(686.98); 485(732.0); 486(199.8); 487(806.62); 488(207.99); 489(190.01); 490(141.01); 491(95.82); 492(112.17); 493(564.41); 494(169.77); 495(837.48); 496(651.7); 497(543.14); 498(168.19); 499(604.29),1
150,0(208.39); 1(927.39); 2(525.26); 3(262.05); 4(491.9); 5(68.51); 6(364.15); 7(740.83); 8(811.22); 9(665.96); 10(219.65); 11(939.67); 12(552.55); 13(698.93); 14(903.73); 15(219.78); 16(744.51); 17(216.09); 18(513.41); 19(639.59); 20(328.09); 21(962.84); 22(565.19); 23(215.65); 24(31.81); 25(441.91); 26(195.98); 27(795.11); 28(279.66); 29(80.99); 30(836.47); 31(316.65); 32(783.04); 33(582.87); 34(641.17); 35(659.69); 36(344.82); 37(87.61); 38(470.44); 39(374.99); 40(755.71); 41(966.13); 42(523.57); 43(600.72); 44(556.71); 45(624.92); 46(52.98); 47(237.57); 48(946.66); 49(910.09); 50(454.36); 51(123.29); 52(49.96); 53(48.83); 54(904.97); 55(307.19); 56(753.92); 57(470.26); 58(589.48); 59(655.16); 60(557.42); 61(815.94); 62(122.8); 63(913.05); 64(549.4); 65(123.75); 66(968.33); 67(417.26); 68(457.34); 69(975.22); 70(857.52); 71(303.75); 72(360.01); 73(816.13); 74(821.97); 75(130.24); 76(726.42); 77(18.84); 78(341.49); 79(562.02); 80(163.86); 81(836.24); 82(932.11); 83(312.16); 84(855.43); 85(77.79); 86(564.89); 87(5.72); 88(872.11); 89(884.82); 90(308.28); 91(812.02); 92(238.12); 93(795.82); 94(326.14); 95(865.68); 96(594.47); 97(196.88); 98(655.28); 99(438.74); 100(894.45); 101(346.25); 102(766.59); 103(85.92); 104(270.96); 105(590.62); 106(550.08); 107(708.62); 108(313.85); 109(318.44); 110(651.06); 111(742.82); 112(123.84); 113(878.24); 114(84.34); 115(281.6); 116(165.14); 117(559.9); 118(302.52); 119(772.3); 120(790.92); 121(215.02); 122(707.28); 123(382.85); 124(300.43); 125(52.87); 126(711.44); 127(4.73); 128(76.62); 129(224.96); 130(450.68); 131(360.91); 132(659.87); 133(927.91); 134(274.79); 135(462.21); 136(479.02); 137(576.87); 138(598.67); 139(536.85); 140(808.04); 141(208.91); 142(378.79); 143(954.15); 144(852.7); 145(676.74); 146(842.07); 147(47.7); 148(918.75); 149(402.37); 151(877.94); 152(884.98); 153(685.73); 154(241.22); 155(88.25); 156(270.94); 157(755.72); 158(217.5); 159(584.09); 160(804.55); 161(323.19); 162(144.28); 163(658.72); 164(520.12); 165(520.74); 166(542.02); 167(322.61); 168(223.56); 169(646.54); 170(499.31); 171(214.62); 172(99.77); 173(875.02); 174(875.9); 175(900.3); 176(128.36); 177(373.83); 178(221.43); 179(988.27); 180(697.08); 181(927.54); 182(559.89); 183(207.81); 184(210.62); 185(365.09); 186(564.0); 187(0.77); 188(68.61); 189(528.87); 190(473.32); 191(979.58); 192(403.51); 193(445.18); 194(902.64); 195(489.52); 196(584.86); 197(917.93); 198(967.92); 199(565.64); 200(198.48); 201(820.07); 202(468.85); 203(785.95); 204(307.59); 205(244.75); 206(306.13); 207(888.59); 208(42.59); 209(245.0); 210(330.12); 211(927.55); 212(695.47); 213(978.06); 214(621.47); 215(352.19); 216(344.83); 217(753.74); 218(705.85); 219(379.02); 220(156.07); 221(446.46); 222(406.8); 223(390.37); 224(865.24); 225(392.22); 226(487.82); 227(241.86); 228(148.45); 229(816.86); 230(724.78); 231(202.57); 232(625.59); 233(331.09); 234(547.61); 235(574.44); 236(254.7); 237(741.38); 238(998.53); 239(224.15); 240(413.39); 241(166.59); 242(926.59); 243(628.96); 244(113.44); 245(111.56); 246(35.3); 247(363.24); 248(190.93); 249(881.6); 250(997.98); 251(341.06); 252(115.44); 253(754.69); 254(8.45); 255(20.18); 256(83.12); 257(395.25); 258(586.07); 259(291.91); 260(654.38); 261(472.29); 262(937.49); 263(125.31); 264(749.76); 265(583.94); 266(611.39); 267(320.36); 268(373.96); 269(106.1); 270(915.68); 271(775.69); 272(676.21); 273(413.45); 274(240.91); 275(463.03); 276(43.27); 277(118.76); 278(938.47); 279(841.63); 280(251.35); 281(249.75); 282(250.14); 283(919.2); 284(224.22); 285(165.58); 286(145.08); 287(309.08); 288(292.19); 289(453.97); 290(717.42); 291(413.07); 292(97.32); 293(575.79); 294(176.63); 295(352.24); 296(250.33); 297(721.38); 298(211.46); 299(294.27); 300(965.14); 301(592.19); 302(122.58); 303(820.62); 304(605.53); 305(663.85); 306(224.11); 307(458.6); 308(116.13); 309(903.01); 310(175.02); 311(155.06); 312(770.23); 313(698.59); 314(648.68); 315(33.59); 316(535.05); 317(790.55); 318(917.04); 319(648.97); 320(371.75); 321(613.31); 322(671.87); 323(265.21); 324(779.59); 325(893.61); 326(63.33); 327(340.06); 328(499.39); 329(691.79); 330(337.53); 331(554.37); 332(102.35); 333(399.45); 334(592.23); 335(455.12); 336(203.26); 337(995.31); 338(262.04); 339(107.84); 340(208.21); 341(427.41); 342(227.73); 343(692.45); 344(291.26); 345(199.07); 346(426.71); 347(781.87); 348(895.81); 349(294.42); 350(812.87); 351(296.95); 352(77.39); 353(142.56); 354(960.69); 355(339.44); 356(909.86); 357(591.86); 358(376.71); 359(660.36); 360(353.14); 361(88.05); 362(247.81); 363(402.82); 364(471.11); 365(304.03); 366(416.12); 367(760.0); 368(449.35); 369(480.5); 370(839.2); 371(225.95); 372(49.93); 373(442.25); 374(876.97); 375(78.54); 376(521.46); 377(245.44); 378(166.55); 379(372.68); 380(975.68); 381(682.02); 382(993.49); 383(472.56); 384(615.45); 385(920.03); 386(879.17); 387(403.4); 388(422.9); 389(26.37); 390(360.43); 391(155.44); 392(990.36); 393(841.06); 394(117.5); 395(373.26); 396(542.35); 397(142.36); 398(130.84); 399(508.93); 400(144.39); 401(165.57); 402(271.81); 403(301.19); 404(741.71); 405(36.62); 406(170.08); 407(691.65); 408(429.51); 409(168.93); 410(996.02); 411(617.15); 412(212.47); 413(815.06); 414(142.19); 415(941.98); 416(532.94); 417(290.04); 418(891.31); 419(663.66); 420(626.89); 421(601.41); 422(670.38); 423(882.24); 424(984.81); 425(351.11); 426(158.32); 427(748.09); 428(263.57); 429(257.34); 430(559.27); 431(333.36); 432(643.51); 433(614.15); 434(891.27); 435(423.27); 436(986.79); 437(875.61); 438(504.68); 439(963.02); 440(268.09); 441(546.81); 442(464.75); 443(182.38); 444(808.48); 445(688.13); 446(956.67); 447(814.27); 448(226.73); 449(998.36); 450(677.22); 451(808.48); 452(858.36); 453(224.53); 454(734.8); 455(156.82); 456(429.95); 457(306.9); 458(853.34); 459(24.03); 460(916.17); 461(552.87); 462(44.52); 463(809.34); 464(702.84); 465(720.63); 466(668.86); 467(636.47); 468(160.41); 469(43.97); 470(19.99); 471(855.76); 472(97.54); 473(267.65); 474(408.76); 475(169.41); 476(85.04); 477(867.81); 478(339.56); 479(906.19); 480(55.13); 481(277.68); 482(369.73); 483(467.99); 484(994.78); 485(909.67); 486(950.99); 487(325.91); 488(674.34); 489(817.68); 490(485.34); 491(830.43); 492(575.11); 493(319.99); 494(761.95); 495(291.99); 496(375.38); 497(391.14); 498(336.81); 499(874.9),1
151,0(661.21); 1(987.09); 2(748.5); 3(50.6); 4(528.67); 5(536.37); 6(263.1); 7(825.89); 8(269.12); 9(385.56); 10(210.8); 11(984.03); 12(633.16); 13(270.25); 14(439.76); 15(240.31); 16(494.24); 17(643.46); 18(927.66); 19(42.82); 20(495.77); 21(616.77); 22(708.23); 23(188.11); 24(924.38); 25(938.21); 26(752.61); 27(56.97); 28(439.6); 29(325.0); 30(782.16); 31(475.52); 32(316.19); 33(744.74); 34(599.0); 35(528.74); 36(234.6); 37(584.87); 38(890.18); 39(867.73); 40(436.1); 41(192.5); 42(993.25); 43(571.29); 44(582.43); 45(641.82); 46(364.91); 47(191.83); 48(35.22); 49(97.28); 50(24.42); 51(993.4); 52(403.19); 53(701.92); 54(269.26); 55(989.67); 56(625.62); 57(789.79); 58(32.25); 59(635.7); 60(562.84); 61(814.17); 62(164.37); 63(25.56); 64(451.98); 65(644.46); 66(268.05); 67(935.02); 68(182.98); 69(310.32); 70(353.68); 71(991.87); 72(936.3); 73(696.42); 74(435.37); 75(844.41); 76(554.79); 77(547.06); 78(528.55); 79(599.49); 80(688.48); 81(58.09); 82(926.45); 83(182.38); 84(4.46); 85(114.65); 86(204.0); 87(114.36); 88(632.68); 89(777.73); 90(892.73); 91(745.71); 92(429.3); 93(827.63); 94(867.61); 95(348.07); 96(986.46); 97(869.0); 98(324.13); 99(134.24); 100(21.27); 101(571.98); 102(998.86); 103(580.75); 104(380.83); 105(218.87); 106(121.19); 107(968.3); 108(509.8); 109(507.95); 110(774.94); 111(23.75); 112(53.86); 113(724.31); 114(627.59); 115(951.01); 116(417.49); 117(918.34); 118(733.59); 119(457.61); 120(253.53); 121(467.08); 122(690.63); 123(811.6); 124(234.83); 125(834.81); 126(711.19); 127(72.19); 128(437.58); 129(311.63); 130(864.19); 131(595.64); 132(127.06); 133(535.07); 134(203.71); 135(311.79); 136(590.83); 137(734.81); 138(57.08); 139(610.68); 140(594.77); 141(717.48); 142(940.5); 143(715.5); 144(627.11); 145(4.79); 146(310.41); 147(808.68); 148(554.43); 149(694.62); 150(877.94); 152(670.19); 153(897.78); 154(369.49); 155(177.15); 156(298.91); 157(327.63); 158(85.21); 159(826.65); 160(385.17); 161(35.85); 162(725.49); 163(543.97); 164(867.74); 165(883.79); 166(391.93); 167(938.58); 168(428.04); 169(670.68); 170(782.34); 171(962.64); 172(224.82); 173(274.86); 174(91.21); 175(696.26); 176(496.55); 177(711.62); 178(536.79); 179(642.05); 180(8.1); 181(986.79); 182(520.41); 183(245.64); 184(603.09); 185(935.34); 186(627.89); 187(556.01); 188(763.41); 189(347.17); 190(579.52); 191(256.98); 192(989.56); 193(346.56); 194(977.96); 195(643.01); 196(729.69); 197(228.63); 198(290.1); 199(163.9); 200(243.92); 201(909.89); 202(944.01); 203(974.09); 204(395.47); 205(233.49); 206(168.09); 207(867.49); 208(204.38); 209(31.59); 210(652.51); 211(846.98); 212(470.8); 213(437.95); 214(879.5); 215(456.29); 216(28.01); 217(115.76); 218(431.94); 219(131.32); 220(583.99); 221(82.94); 222(610.93); 223(941.36); 224(780.27); 225(777.84); 226(172.81); 227(80.99); 228(872.57); 229(687.8); 230(935.94); 231(963.74); 232(360.46); 233(137.19); 234(251.17); 235(537.62); 236(458.98); 237(352.4); 238(264.98); 239(222.29); 240(872.81); 241(998.59); 242(488.02); 243(850.92); 244(117.08); 245(193.68); 246(458.96); 247(180.61); 248(956.43); 249(214.07); 250(610.58); 251(783.19); 252(180.58); 253(1.02); 254(680.27); 255(289.09); 256(894.61); 257(166.05); 258(643.86); 259(524.88); 260(575.78); 261(707.72); 262(199.97); 263(471.14); 264(21.92); 265(285.07); 266(947.61); 267(296.83); 268(545.71); 269(839.37); 270(959.15); 271(208.89); 272(463.22); 273(639.85); 274(111.7); 275(368.78); 276(666.64); 277(982.22); 278(107.17); 279(554.39); 280(221.58); 281(72.18); 282(460.45); 283(753.07); 284(213.7); 285(303.67); 286(799.62); 287(453.48); 288(973.87); 289(612.16); 290(25.46); 291(983.05); 292(766.25); 293(93.06); 294(271.03); 295(318.33); 296(94.35); 297(552.95); 298(541.91); 299(388.84); 300(946.92); 301(385.01); 302(543.7); 303(535.46); 304(562.52); 305(97.86); 306(942.06); 307(703.62); 308(583.61); 309(167.68); 310(851.12); 311(623.32); 312(177.72); 313(833.96); 314(937.71); 315(75.07); 316(379.74); 317(852.04); 318(632.71); 319(27.88); 320(405.37); 321(472.55); 322(640.06); 323(184.11); 324(402.63); 325(635.25); 326(509.48); 327(717.19); 328(615.3); 329(807.02); 330(277.09); 331(212.13); 332(956.11); 333(861.23); 334(855.46); 335(338.29); 336(72.29); 337(816.22); 338(867.61); 339(875.82); 340(546.96); 341(342.19); 342(0.06); 343(4.35); 344(97.28); 345(802.85); 346(300.84); 347(196.7); 348(863.1); 349(899.21); 350(103.84); 351(63.19); 352(302.52); 353(560.87); 354(353.3); 355(444.63); 356(752.92); 357(169.76); 358(162.19); 359(253.91); 360(167.13); 361(488.77); 362(579.3); 363(408.85); 364(152.84); 365(825.78); 366(732.07); 367(239.76); 368(746.2); 369(809.86); 370(968.21); 371(492.6); 372(470.73); 373(342.26); 374(390.45); 375(397.51); 376(827.15); 377(483.15); 378(329.69); 379(209.83); 380(782.81); 381(395.67); 382(810.88); 383(344.04); 384(207.19); 385(458.28); 386(786.59); 387(906.97); 388(941.48); 389(324.18); 390(452.08); 391(51.57); 392(261.06); 393(657.9); 394(888.93); 395(314.42); 396(582.23); 397(203.62); 398(191.88); 399(906.25); 400(577.26); 401(836.93); 402(760.47); 403(464.91); 404(163.65); 405(530.57); 406(461.0); 407(600.66); 408(34.67); 409(35.82); 410(603.46); 411(867.42); 412(855.4); 413(442.77); 414(118.13); 415(728.16); 416(782.14); 417(770.91); 418(506.2); 419(118.02); 420(491.48); 421(269.06); 422(440.51); 423(833.57); 424(854.82); 425(112.29); 426(460.21); 427(354.97); 428(203.61); 429(570.73); 430(822.85); 431(712.31); 432(760.52); 433(977.46); 434(980.76); 435(196.56); 436(99.61); 437(101.5); 438(120.74); 439(318.38); 440(320.09); 441(747.69); 442(382.78); 443(592.39); 444(720.98); 445(515.18); 446(932.62); 447(108.36); 448(359.32); 449(481.48); 450(699.08); 451(827.5); 452(252.72); 453(265.09); 454(126.53); 455(562.61); 456(386.42); 457(541.13); 458(296.88); 459(667.39); 460(620.49); 461(318.55); 462(651.54); 463(788.39); 464(598.23); 465(517.39); 466(36.85); 467(503.2); 468(721.25); 469(992.27); 470(716.31); 471(808.83); 472(518.24); 473(176.78); 474(148.26); 475(451.31); 476(357.62); 477(767.38); 478(426.55); 479(217.11); 480(591.2); 481(498.66); 482(859.5); 483(336.7); 484(814.17); 485(190.96); 486(790.9); 487(928.22); 488(109.59); 489(212.32); 490(128.68); 491(403.02); 492(799.37); 493(100.38); 494(302.01); 495(335.61); 496(801.23); 497(604.53); 498(687.08); 499(538.86),1
152,0(834.16); 1(456.43); 2(475.83); 3(57.44); 4(368.35); 5(507.11); 6(477.06); 7(4.74); 8(9.61); 9(38.47); 10(360.87); 11(184.12); 12(126.36); 13(200.04); 14(831.25); 15(418.88); 16(754.56); 17(28.02); 18(324.25); 19(757.09); 20(386.54); 21(78.52); 22(964.83); 23(899.13); 24(662.55); 25(912.34); 26(504.41); 27(569.68); 28(16.94); 29(395.01); 30(915.45); 31(211.55); 32(319.86); 33(693.05); 34(847.18); 35(239.52); 36(151.31); 37(52.02); 38(532.73); 39(318.33); 40(902.27); 41(601.91); 42(426.01); 43(204.95); 44(904.51); 45(978.1); 46(391.95); 47(995.75); 48(106.38); 49(960.88); 50(470.23); 51(18.79); 52(166.04); 53(902.84); 54(270.36); 55(727.29); 56(153.53); 57(797.6); 58(468.47); 59(448.59); 60(79.44); 61(278.7); 62(434.08); 63(688.39); 64(343.84); 65(505.43); 66(949.71); 67(613.52); 68(212.39); 69(470.37); 70(256.62); 71(97.11); 72(378.78); 73(903.66); 74(361.13); 75(1.52); 76(982.26); 77(403.68); 78(964.1); 79(284.51); 80(234.3); 81(704.13); 82(497.4); 83(66.86); 84(642.6); 85(532.4); 86(279.41); 87(268.43); 88(377.92); 89(812.25); 90(350.82); 91(81.46); 92(294.73); 93(765.62); 94(934.15); 95(169.42); 96(643.2); 97(884.87); 98(811.28); 99(421.49); 100(687.89); 101(673.35); 102(570.25); 103(668.95); 104(137.44); 105(233.95); 106(536.56); 107(41.42); 108(930.54); 109(936.0); 110(205.01); 111(411.52); 112(746.72); 113(239.69); 114(690.06); 115(285.75); 116(909.25); 117(384.62); 118(959.28); 119(162.15); 120(387.3); 121(974.8); 122(459.6); 123(500.36); 124(774.96); 125(375.51); 126(260.85); 127(67.64); 128(74.97); 129(779.61); 130(524.77); 131(786.07); 132(789.57); 133(38.09); 134(934.82); 135(726.26); 136(542.72); 137(170.96); 138(420.46); 139(725.95); 140(938.15); 141(805.07); 142(287.38); 143(44.47); 144(616.29); 145(103.87); 146(30.05); 147(623.99); 148(602.14); 149(876.6); 150(884.98); 151(670.19); 153(222.32); 154(266.55); 155(532.65); 156(500.64); 157(694.94); 158(419.25); 159(977.75); 160(354.7); 161(275.21); 162(908.36); 163(890.83); 164(103.07); 165(226.29); 166(804.47); 167(182.28); 168(330.65); 169(397.18); 170(55.01); 171(917.25); 172(216.76); 173(34.38); 174(263.49); 175(147.45); 176(955.07); 177(404.82); 178(315.13); 179(405.95); 180(286.38); 181(619.01); 182(712.17); 183(716.71); 184(681.99); 185(155.67); 186(350.08); 187(642.46); 188(641.02); 189(965.84); 190(405.04); 191(275.76); 192(927.44); 193(199.46); 194(238.23); 195(69.66); 196(676.26); 197(505.23); 198(998.8); 199(65.66); 200(532.63); 201(923.29); 202(4.14); 203(690.71); 204(629.7); 205(277.67); 206(304.21); 207(778.69); 208(660.06); 209(897.42); 210(787.53); 211(19.06); 212(11.35); 213(984.67); 214(147.41); 215(746.16); 216(11.33); 217(777.54); 218(767.27); 219(548.89); 220(296.19); 221(598.14); 222(975.49); 223(431.09); 224(531.8); 225(477.35); 226(28.87); 227(372.42); 228(416.63); 229(866.9); 230(460.33); 231(848.59); 232(950.45); 233(558.33); 234(772.88); 235(974.65); 236(256.24); 237(396.2); 238(594.23); 239(540.91); 240(883.13); 241(666.89); 242(877.84); 243(369.87); 244(900.45); 245(359.63); 246(668.56); 247(92.67); 248(695.91); 249(421.38); 250(799.43); 251(245.63); 252(673.83); 253(466.99); 254(294.57); 255(376.99); 256(601.03); 257(200.33); 258(638.25); 259(400.14); 260(332.26); 261(627.4); 262(865.55); 263(333.89); 264(36.02); 265(100.14); 266(202.19); 267(297.38); 268(693.43); 269(930.26); 270(116.44); 271(644.05); 272(287.54); 273(190.81); 274(103.06); 275(75.32); 276(91.86); 277(5.68); 278(518.5); 279(743.5); 280(686.99); 281(186.05); 282(200.3); 283(471.56); 284(577.56); 285(955.8); 286(10.95); 287(888.87); 288(360.39); 289(764.28); 290(860.44); 291(607.33); 292(992.88); 293(803.01); 294(830.48); 295(3.66); 296(876.8); 297(308.54); 298(571.73); 299(835.21); 300(1.19); 301(464.87); 302(761.31); 303(221.72); 304(624.43); 305(188.69); 306(732.5); 307(649.07); 308(330.47); 309(464.66); 310(154.66); 311(31.46); 312(595.32); 313(881.75); 314(860.94); 315(79.4); 316(115.19); 317(125.16); 318(797.75); 319(28.79); 320(568.88); 321(848.26); 322(801.14); 323(302.25); 324(327.34); 325(258.22); 326(603.24); 327(787.3); 328(427.17); 329(513.55); 330(978.07); 331(937.71); 332(751.37); 333(773.16); 334(256.74); 335(793.47); 336(336.79); 337(770.01); 338(823.3); 339(246.86); 340(72.15); 341(293.26); 342(160.78); 343(642.48); 344(146.67); 345(453.81); 346(424.52); 347(602.16); 348(685.98); 349(385.74); 350(242.35); 351(287.31); 352(466.38); 353(966.78); 354(157.12); 355(852.05); 356(824.4); 357(70.97); 358(12.72); 359(395.96); 360(543.95); 361(584.7); 362(846.78); 363(567.45); 364(665.89); 365(326.41); 366(821.12); 367(20.33); 368(848.59); 369(296.11); 370(175.68); 371(165.75); 372(999.67); 373(389.78); 374(567.46); 375(619.15); 376(493.05); 377(917.21); 378(784.22); 379(719.21); 380(333.4); 381(548.3); 382(844.93); 383(431.92); 384(438.59); 385(915.31); 386(306.99); 387(492.4); 388(836.43); 389(88.47); 390(187.75); 391(932.6); 392(411.56); 393(353.07); 394(5.44); 395(348.86); 396(556.05); 397(537.34); 398(58.01); 399(264.21); 400(570.05); 401(854.28); 402(566.17); 403(229.91); 404(609.36); 405(310.19); 406(649.99); 407(292.12); 408(938.58); 409(226.36); 410(868.78); 411(551.49); 412(895.29); 413(684.6); 414(161.92); 415(975.9); 416(692.53); 417(534.25); 418(898.51); 419(601.92); 420(865.17); 421(799.44); 422(966.9); 423(628.72); 424(983.74); 425(226.98); 426(75.56); 427(62.46); 428(0.49); 429(911.74); 430(126.98); 431(104.82); 432(212.06); 433(735.2); 434(785.05); 435(431.33); 436(1.07); 437(488.85); 438(241.54); 439(281.12); 440(647.15); 441(333.13); 442(581.13); 443(187.53); 444(998.53); 445(886.13); 446(936.89); 447(198.99); 448(90.85); 449(640.21); 450(457.5); 451(928.19); 452(492.4); 453(206.1); 454(612.77); 455(400.64); 456(579.2); 457(361.53); 458(426.46); 459(810.65); 460(374.62); 461(385.43); 462(215.42); 463(939.1); 464(747.08); 465(277.25); 466(486.12); 467(768.63); 468(834.05); 469(898.12); 470(591.84); 471(368.64); 472(595.87); 473(336.26); 474(890.19); 475(328.29); 476(279.84); 477(604.74); 478(936.56); 479(596.56); 480(980.22); 481(63.75); 482(727.79); 483(998.06); 484(882.99); 485(272.85); 486(517.52); 487(48.6); 488(551.12); 489(594.01); 490(793.76); 491(476.98); 492(637.4); 493(808.35); 494(728.4); 495(693.96); 496(35.78); 497(436.23); 498(878.21); 499(451.24),1
153,0(629.87); 1(892.65); 2(362.65); 3(691.35); 4(378.31); 5(272.83); 6(503.53); 7(383.74); 8(77.12); 9(907.15); 10(337.05); 11(599.08); 12(679.43); 13(952.97); 14(619.69); 15(674.73); 16(404.21); 17(184.42); 18(771.45); 19(606.27); 20(632.35); 21(126.65); 22(248.31); 23(205.5); 24(685.63); 25(186.51); 26(209.25); 27(175.36); 28(804.78); 29(721.0); 30(493.39); 31(508.69); 32(165.29); 33(440.68); 34(586.02); 35(212.56); 36(160.4); 37(217.39); 38(891.61); 39(16.77); 40(710.4); 41(188.77); 42(407.96); 43(36.78); 44(831.06); 45(118.0); 46(553.43); 47(66.23); 48(35.26); 49(551.95); 50(561.68); 51(342.64); 52(990.0); 53(0.19); 54(161.14); 55(798.39); 56(125.11); 57(395.18); 58(792.34); 59(480.71); 60(549.56); 61(488.42); 62(877.36); 63(276.14); 64(231.98); 65(254.16); 66(812.74); 67(324.22); 68(431.03); 69(301.36); 70(21.9); 71(265.39); 72(202.67); 73(249.53); 74(193.22); 75(798.44); 76(66.83); 77(415.72); 78(211.17); 79(736.06); 80(138.05); 81(827.47); 82(960.89); 83(694.6); 84(990.19); 85(2.85); 86(980.8); 87(417.49); 88(582.06); 89(207.02); 90(393.84); 91(536.93); 92(535.16); 93(226.74); 94(425.46); 95(253.46); 96(156.48); 97(621.94); 98(107.62); 99(849.27); 100(676.85); 101(588.15); 102(697.9); 103(77.08); 104(994.16); 105(820.65); 106(194.65); 107(20.53); 108(729.26); 109(778.91); 110(577.63); 111(618.96); 112(575.49); 113(272.48); 114(532.91); 115(54.56); 116(458.92); 117(906.8); 118(167.95); 119(976.63); 120(546.22); 121(665.91); 122(433.67); 123(882.39); 124(383.27); 125(646.83); 126(932.51); 127(407.18); 128(237.87); 129(917.6); 130(193.16); 131(426.86); 132(255.07); 133(717.25); 134(107.69); 135(199.67); 136(523.75); 137(321.55); 138(618.8); 139(197.11); 140(714.23); 141(349.77); 142(996.3); 143(444.46); 144(125.65); 145(599.85); 146(753.32); 147(802.81); 148(250.03); 149(228.65); 150(685.73); 151(897.78); 152(222.32); 154(652.35); 155(857.93); 156(972.88); 157(270.66); 158(87.67); 159(303.47); 160(303.81); 161(609.12); 162(462.53); 163(984.69); 164(687.57); 165(876.12); 166(10.99); 167(710.7); 168(384.76); 169(529.97); 170(590.95); 171(101.21); 172(913.07); 173(992.58); 174(828.22); 175(448.28); 176(299.4); 177(967.1); 178(145.8); 179(732.26); 180(401.98); 181(930.97); 182(272.5); 183(156.33); 184(324.31); 185(627.18); 186(441.94); 187(14.49); 188(23.17); 189(248.08); 190(553.06); 191(930.89); 192(562.02); 193(280.18); 194(916.05); 195(851.15); 196(248.2); 197(558.31); 198(921.85); 199(912.97); 200(43.19); 201(235.68); 202(948.37); 203(994.11); 204(713.46); 205(853.21); 206(514.28); 207(25.55); 208(750.67); 209(43.31); 210(845.04); 211(89.78); 212(735.07); 213(438.04); 214(481.34); 215(298.85); 216(29.28); 217(57.42); 218(911.25); 219(833.89); 220(247.92); 221(574.4); 222(483.26); 223(623.45); 224(88.94); 225(938.25); 226(910.79); 227(786.93); 228(611.53); 229(166.75); 230(191.87); 231(619.76); 232(728.26); 233(729.57); 234(235.95); 235(512.13); 236(415.28); 237(107.59); 238(30.7); 239(758.03); 240(936.49); 241(963.74); 242(679.65); 243(692.6); 244(556.33); 245(879.3); 246(601.22); 247(239.16); 248(344.12); 249(331.16); 250(282.84); 251(684.2); 252(980.13); 253(674.55); 254(255.85); 255(100.37); 256(94.53); 257(567.28); 258(631.78); 259(487.1); 260(538.42); 261(213.96); 262(289.35); 263(291.47); 264(237.08); 265(87.76); 266(754.25); 267(244.82); 268(85.26); 269(909.54); 270(255.47); 271(287.71); 272(303.47); 273(36.81); 274(2.9); 275(761.68); 276(155.8); 277(362.57); 278(491.88); 279(585.64); 280(371.36); 281(623.07); 282(998.13); 283(404.19); 284(113.95); 285(832.77); 286(497.95); 287(842.31); 288(96.77); 289(685.0); 290(259.12); 291(88.98); 292(113.6); 293(511.31); 294(138.68); 295(793.5); 296(138.39); 297(293.28); 298(357.83); 299(322.63); 300(869.06); 301(778.15); 302(451.63); 303(659.06); 304(385.27); 305(590.05); 306(973.82); 307(28.18); 308(652.09); 309(383.8); 310(327.33); 311(383.25); 312(483.39); 313(235.87); 314(587.36); 315(403.89); 316(576.95); 317(73.25); 318(100.82); 319(662.79); 320(563.84); 321(946.21); 322(720.1); 323(891.75); 324(513.39); 325(456.42); 326(507.13); 327(879.6); 328(592.08); 329(594.29); 330(406.83); 331(469.49); 332(325.86); 333(943.51); 334(57.83); 335(719.7); 336(281.38); 337(601.96); 338(335.55); 339(404.22); 340(785.75); 341(554.93); 342(430.73); 343(31.48); 344(589.7); 345(241.9); 346(182.17); 347(425.61); 348(476.7); 349(889.12); 350(577.53); 351(349.27); 352(270.72); 353(778.26); 354(142.24); 355(889.74); 356(301.09); 357(369.21); 358(838.75); 359(199.5); 360(797.5); 361(229.81); 362(9.1); 363(83.88); 364(535.35); 365(901.68); 366(576.96); 367(134.43); 368(292.46); 369(405.42); 370(708.85); 371(750.63); 372(803.16); 373(410.34); 374(701.99); 375(800.62); 376(444.49); 377(33.6); 378(817.82); 379(873.92); 380(228.21); 381(181.93); 382(177.84); 383(347.96); 384(503.99); 385(762.35); 386(18.73); 387(1.83); 388(968.0); 389(923.89); 390(670.86); 391(260.61); 392(385.06); 393(248.28); 394(73.19); 395(764.76); 396(205.04); 397(592.2); 398(928.6); 399(51.71); 400(326.57); 401(958.3); 402(653.93); 403(14.49); 404(677.88); 405(515.25); 406(548.87); 407(821.49); 408(116.62); 409(596.17); 410(347.36); 411(990.86); 412(300.4); 413(108.96); 414(576.8); 415(9.73); 416(937.32); 417(279.45); 418(102.35); 419(12.73); 420(6.63); 421(722.23); 422(200.68); 423(777.11); 424(408.11); 425(556.18); 426(30.58); 427(153.73); 428(289.01); 429(947.03); 430(892.07); 431(174.85); 432(812.35); 433(673.11); 434(726.64); 435(847.92); 436(218.69); 437(328.6); 438(831.57); 439(410.88); 440(240.94); 441(692.08); 442(823.08); 443(730.7); 444(605.76); 445(771.24); 446(16.94); 447(606.55); 448(120.01); 449(736.79); 450(449.8); 451(602.6); 452(298.34); 453(70.62); 454(245.56); 455(163.15); 456(812.92); 457(698.71); 458(17.14); 459(204.59); 460(82.62); 461(548.54); 462(407.68); 463(48.03); 464(725.59); 465(496.05); 466(424.6); 467(441.03); 468(206.97); 469(351.77); 470(592.57); 471(709.63); 472(919.8); 473(269.81); 474(320.81); 475(514.94); 476(796.15); 477(513.55); 478(167.04); 479(98.91); 480(94.03); 481(28.06); 482(997.84); 483(829.45); 484(615.88); 485(306.73); 486(234.64); 487(76.45); 488(539.59); 489(732.18); 490(248.99); 491(218.1); 492(434.13); 493(294.1); 494(184.22); 495(547.98); 496(985.7); 497(728.26); 498(554.58); 499(617.21),1
154,0(538.99); 1(326.41); 2(449.96); 3(830.14); 4(698.61); 5(800.05); 6(399.41); 7(90.97); 8(852.36); 9(883.12); 10(592.81); 11(60.87); 12(973.29); 13(331.77); 14(352.93); 15(524.42); 16(560.22); 17(492.17); 18(281.04); 19(833.25); 20(290.05); 21(652.52); 22(374.92); 23(930.18); 24(426.86); 25(816.58); 26(724.24); 27(313.71); 28(50.16); 29(78.26); 30(137.22); 31(320.32); 32(566.93); 33(734.04); 34(118.23); 35(899.64); 36(142.05); 37(779.59); 38(244.29); 39(701.68); 40(346.44); 41(461.08); 42(653.41); 43(190.14); 44(378.53); 45(922.32); 46(282.85); 47(402.44); 48(549.54); 49(375.95); 50(497.47); 51(871.42); 52(674.18); 53(114.3); 54(881.59); 55(606.03); 56(62.85); 57(301.94); 58(441.81); 59(369.06); 60(333.48); 61(527.39); 62(361.38); 63(82.92); 64(295.19); 65(111.2); 66(468.13); 67(545.45); 68(249.81); 69(577.34); 70(387.91); 71(788.57); 72(715.85); 73(921.77); 74(535.98); 75(115.11); 76(445.2); 77(664.81); 78(558.42); 79(869.72); 80(545.15); 81(868.87); 82(445.21); 83(873.43); 84(543.69); 85(559.12); 86(13.95); 87(285.07); 88(969.06); 89(832.99); 90(197.07); 91(426.57); 92(761.38); 93(634.17); 94(494.45); 95(962.92); 96(155.36); 97(490.36); 98(141.18); 99(527.8); 100(656.28); 101(791.69); 102(675.72); 103(949.59); 104(145.76); 105(921.18); 106(567.96); 107(731.84); 108(651.86); 109(442.85); 110(598.28); 111(212.96); 112(568.37); 113(305.88); 114(593.57); 115(481.75); 116(308.37); 117(614.02); 118(373.73); 119(536.34); 120(704.78); 121(983.73); 122(845.86); 123(652.9); 124(942.86); 125(208.51); 126(557.93); 127(505.71); 128(527.14); 129(671.72); 130(745.69); 131(357.48); 132(950.69); 133(1.75); 134(256.93); 135(846.21); 136(967.82); 137(276.99); 138(378.95); 139(528.9); 140(866.86); 141(9.16); 142(370.59); 143(410.31); 144(505.11); 145(198.73); 146(13.33); 147(614.56); 148(435.23); 149(273.36); 150(241.22); 151(369.49); 152(266.55); 153(652.35); 155(158.0); 156(251.82); 157(166.71); 158(586.65); 159(625.7); 160(962.41); 161(853.23); 162(802.21); 163(528.34); 164(179.93); 165(773.41); 166(177.29); 167(25.16); 168(445.71); 169(960.38); 170(747.73); 171(248.16); 172(427.27); 173(500.97); 174(230.17); 175(886.48); 176(305.42); 177(300.34); 178(825.68); 179(452.26); 180(16.53); 181(621.09); 182(701.2); 183(225.05); 184(826.01); 185(915.18); 186(844.85); 187(449.2); 188(715.59); 189(547.62); 190(779.06); 191(612.21); 192(678.47); 193(40.47); 194(449.72); 195(343.3); 196(490.9); 197(139.28); 198(916.9); 199(213.5); 200(772.13); 201(310.23); 202(710.73); 203(953.28); 204(41.31); 205(499.93); 206(339.25); 207(730.3); 208(967.09); 209(490.62); 210(483.02); 211(398.07); 212(215.19); 213(449.33); 214(138.69); 215(873.0); 216(417.53); 217(427.4); 218(419.52); 219(372.63); 220(746.51); 221(477.39); 222(660.8); 223(80.82); 224(231.25); 225(544.37); 226(828.96); 227(536.32); 228(192.28); 229(295.94); 230(908.35); 231(912.01); 232(757.06); 233(849.89); 234(186.5); 235(906.5); 236(659.67); 237(61.01); 238(285.28); 239(449.79); 240(23.03); 241(762.87); 242(973.67); 243(176.55); 244(736.75); 245(97.33); 246(183.63); 247(845.5); 248(724.0); 249(818.92); 250(822.78); 251(211.37); 252(302.96); 253(235.77); 254(659.57); 255(597.38); 256(751.25); 257(814.44); 258(628.98); 259(416.91); 260(480.63); 261(325.36); 262(884.32); 263(437.76); 264(782.22); 265(991.24); 266(657.25); 267(602.9); 268(696.71); 269(230.72); 270(55.81); 271(262.91); 272(509.0); 273(110.99); 274(706.19); 275(785.21); 276(869.88); 277(6.84); 278(369.66); 279(950.42); 280(692.89); 281(843.07); 282(151.99); 283(429.7); 284(878.26); 285(171.98); 286(640.31); 287(767.68); 288(668.55); 289(998.85); 290(634.08); 291(379.67); 292(930.88); 293(807.82); 294(939.7); 295(978.07); 296(687.3); 297(750.78); 298(739.02); 299(719.24); 300(724.1); 301(547.12); 302(56.23); 303(710.58); 304(192.32); 305(368.82); 306(647.68); 307(549.83); 308(96.01); 309(145.66); 310(447.86); 311(321.76); 312(169.31); 313(428.87); 314(601.08); 315(972.27); 316(955.06); 317(355.4); 318(729.2); 319(547.72); 320(318.54); 321(370.31); 322(504.61); 323(944.01); 324(421.98); 325(387.21); 326(637.65); 327(291.03); 328(828.13); 329(823.58); 330(5.25); 331(513.02); 332(626.56); 333(827.04); 334(96.58); 335(496.89); 336(929.25); 337(864.39); 338(252.23); 339(904.1); 340(621.69); 341(764.32); 342(518.48); 343(239.52); 344(566.68); 345(591.64); 346(470.72); 347(51.44); 348(444.14); 349(799.33); 350(309.25); 351(604.09); 352(849.98); 353(853.88); 354(493.66); 355(871.68); 356(101.28); 357(863.09); 358(877.38); 359(541.85); 360(78.01); 361(409.43); 362(823.48); 363(801.67); 364(536.42); 365(40.17); 366(865.46); 367(521.57); 368(907.24); 369(613.8); 370(786.87); 371(740.45); 372(202.89); 373(801.24); 374(516.22); 375(401.23); 376(121.87); 377(90.46); 378(691.81); 379(800.45); 380(535.2); 381(60.39); 382(520.0); 383(281.43); 384(71.06); 385(569.08); 386(250.09); 387(118.24); 388(65.47); 389(170.21); 390(518.82); 391(701.99); 392(760.22); 393(289.63); 394(658.52); 395(774.59); 396(740.77); 397(526.1); 398(317.96); 399(918.96); 400(377.54); 401(221.64); 402(310.33); 403(570.95); 404(939.88); 405(887.5); 406(88.85); 407(248.52); 408(510.62); 409(237.21); 410(894.61); 411(838.89); 412(901.23); 413(0.3); 414(352.82); 415(189.58); 416(722.75); 417(868.4); 418(990.72); 419(958.36); 420(722.48); 421(659.64); 422(688.02); 423(348.17); 424(989.95); 425(642.45); 426(806.99); 427(475.54); 428(183.64); 429(18.95); 430(438.77); 431(124.46); 432(992.78); 433(214.58); 434(458.51); 435(18.58); 436(307.91); 437(488.11); 438(677.66); 439(437.18); 440(885.03); 441(759.32); 442(824.2); 443(997.95); 444(235.41); 445(317.07); 446(559.13); 447(792.78); 448(909.88); 449(994.6); 450(665.96); 451(256.77); 452(746.52); 453(518.84); 454(112.96); 455(977.11); 456(31.2); 457(165.24); 458(203.54); 459(665.81); 460(296.6); 461(754.25); 462(849.21); 463(469.93); 464(633.3); 465(147.35); 466(79.93); 467(981.29); 468(329.23); 469(491.15); 470(160.44); 471(113.53); 472(666.57); 473(913.26); 474(284.17); 475(675.59); 476(298.33); 477(17.4); 478(119.32); 479(775.44); 480(881.03); 481(464.29); 482(912.83); 483(512.46); 484(462.14); 485(802.07); 486(79.52); 487(455.08); 488(779.32); 489(641.35); 490(705.65); 491(213.14); 492(556.21); 493(199.96); 494(990.0); 495(296.47); 496(453.02); 497(534.45); 498(921.76); 499(782.27),2
155,0(753.59); 1(609.43); 2(709.58); 3(899.61); 4(543.93); 5(836.28); 6(537.03); 7(117.1); 8(931.71); 9(181.37); 10(192.47); 11(120.9); 12(502.41); 13(674.36); 14(667.59); 15(523.5); 16(462.79); 17(98.94); 18(183.51); 19(61.4); 20(597.71); 21(954.98); 22(14.33); 23(813.19); 24(75.2); 25(566.65); 26(210.23); 27(927.84); 28(672.57); 29(498.02); 30(511.24); 31(263.07); 32(615.75); 33(608.63); 34(265.73); 35(877.19); 36(56.93); 37(202.91); 38(300.39); 39(770.43); 40(764.15); 41(408.12); 42(25.31); 43(853.48); 44(453.36); 45(584.78); 46(53.68); 47(854.31); 48(729.07); 49(575.22); 50(276.98); 51(307.79); 52(136.16); 53(829.03); 54(689.7); 55(933.32); 56(828.69); 57(729.22); 58(194.31); 59(409.67); 60(352.77); 61(637.81); 62(693.93); 63(478.26); 64(478.84); 65(88.46); 66(59.21); 67(855.4); 68(900.23); 69(773.06); 70(401.0); 71(50.97); 72(390.98); 73(966.01); 74(808.92); 75(62.37); 76(545.73); 77(402.07); 78(248.65); 79(656.37); 80(512.21); 81(857.93); 82(862.93); 83(358.83); 84(244.18); 85(889.84); 86(318.18); 87(943.66); 88(207.66); 89(719.2); 90(360.94); 91(156.38); 92(937.25); 93(190.08); 94(141.66); 95(805.48); 96(640.3); 97(426.14); 98(444.66); 99(577.01); 100(288.77); 101(13.32); 102(194.78); 103(421.55); 104(746.33); 105(163.05); 106(448.7); 107(350.69); 108(630.71); 109(999.68); 110(605.91); 111(850.77); 112(511.45); 113(594.98); 114(276.19); 115(566.59); 116(971.61); 117(679.75); 118(444.21); 119(427.6); 120(714.64); 121(848.31); 122(556.24); 123(709.33); 124(69.73); 125(955.05); 126(527.81); 127(886.64); 128(466.07); 129(538.7); 130(707.95); 131(631.96); 132(554.52); 133(278.27); 134(85.35); 135(753.22); 136(95.28); 137(952.49); 138(508.74); 139(86.4); 140(217.71); 141(198.63); 142(439.71); 143(228.67); 144(57.82); 145(704.19); 146(139.58); 147(499.48); 148(3.79); 149(838.22); 150(88.25); 151(177.15); 152(532.65); 153(857.93); 154(158.0); 156(828.39); 157(592.23); 158(875.73); 159(699.56); 160(320.75); 161(123.74); 162(869.71); 163(829.98); 164(274.92); 165(485.22); 166(26.19); 167(583.6); 168(930.55); 169(267.06); 170(324.02); 171(972.19); 172(829.97); 173(359.21); 174(363.81); 175(490.04); 176(943.9); 177(697.53); 178(59.06); 179(474.5); 180(554.29); 181(26.69); 182(769.04); 183(338.81); 184(654.83); 185(470.76); 186(985.0); 187(613.53); 188(929.4); 189(146.05); 190(361.89); 191(343.67); 192(547.46); 193(437.67); 194(286.55); 195(261.89); 196(424.85); 197(920.3); 198(352.45); 199(52.8); 200(449.8); 201(73.67); 202(720.26); 203(293.49); 204(658.61); 205(56.69); 206(96.22); 207(149.1); 208(458.44); 209(840.03); 210(205.31); 211(286.11); 212(590.34); 213(210.19); 214(406.53); 215(828.38); 216(694.2); 217(694.93); 218(848.11); 219(435.45); 220(978.68); 221(503.94); 222(44.49); 223(244.99); 224(790.35); 225(197.08); 226(3.4); 227(281.22); 228(968.35); 229(228.28); 230(297.13); 231(376.84); 232(752.76); 233(696.3); 234(289.7); 235(839.04); 236(750.06); 237(811.9); 238(272.62); 239(106.77); 240(851.8); 241(745.39); 242(73.45); 243(595.06); 244(872.4); 245(869.24); 246(570.06); 247(400.1); 248(265.03); 249(757.03); 250(935.6); 251(847.74); 252(470.43); 253(577.95); 254(635.2); 255(988.98); 256(461.42); 257(390.68); 258(536.3); 259(480.06); 260(835.78); 261(251.34); 262(323.62); 263(981.95); 264(461.11); 265(945.96); 266(470.67); 267(286.79); 268(957.06); 269(326.64); 270(46.34); 271(537.83); 272(331.69); 273(652.62); 274(420.01); 275(114.47); 276(24.88); 277(218.09); 278(993.59); 279(626.35); 280(138.57); 281(744.54); 282(916.46); 283(130.74); 284(291.75); 285(778.71); 286(894.13); 287(768.41); 288(547.87); 289(247.83); 290(37.6); 291(981.46); 292(556.88); 293(494.66); 294(807.92); 295(816.6); 296(86.3); 297(609.72); 298(454.68); 299(719.19); 300(41.7); 301(813.67); 302(358.19); 303(759.4); 304(367.74); 305(93.44); 306(990.35); 307(872.4); 308(668.14); 309(142.26); 310(902.12); 311(380.77); 312(162.06); 313(187.43); 314(23.35); 315(345.92); 316(956.19); 317(701.62); 318(379.47); 319(608.9); 320(767.99); 321(865.88); 322(851.14); 323(905.81); 324(423.63); 325(679.66); 326(344.41); 327(979.03); 328(647.43); 329(157.35); 330(914.18); 331(458.88); 332(615.96); 333(389.25); 334(516.64); 335(914.16); 336(265.09); 337(700.64); 338(411.76); 339(696.05); 340(296.82); 341(832.19); 342(519.47); 343(149.03); 344(642.72); 345(674.88); 346(850.49); 347(809.12); 348(115.49); 349(327.8); 350(37.35); 351(412.64); 352(703.14); 353(620.51); 354(766.23); 355(267.34); 356(997.52); 357(757.44); 358(364.51); 359(587.72); 360(140.13); 361(701.49); 362(953.95); 363(573.24); 364(639.74); 365(580.87); 366(396.69); 367(892.44); 368(429.29); 369(291.98); 370(844.22); 371(824.47); 372(682.78); 373(997.67); 374(210.04); 375(228.63); 376(567.66); 377(141.87); 378(47.8); 379(903.08); 380(192.85); 381(987.97); 382(63.85); 383(834.1); 384(768.85); 385(185.6); 386(646.92); 387(545.07); 388(144.01); 389(289.35); 390(710.81); 391(870.56); 392(775.11); 393(585.52); 394(618.76); 395(85.6); 396(898.14); 397(623.68); 398(213.34); 399(2.11); 400(285.13); 401(54.33); 402(80.04); 403(594.52); 404(18.89); 405(340.63); 406(371.94); 407(850.41); 408(227.28); 409(762.96); 410(516.58); 411(414.17); 412(260.86); 413(883.28); 414(228.29); 415(528.02); 416(559.92); 417(124.19); 418(334.05); 419(957.75); 420(833.96); 421(767.78); 422(654.48); 423(750.64); 424(896.36); 425(790.0); 426(104.13); 427(113.57); 428(85.57); 429(662.9); 430(431.9); 431(381.8); 432(519.46); 433(68.65); 434(545.3); 435(120.26); 436(760.19); 437(309.83); 438(431.13); 439(550.99); 440(918.95); 441(396.51); 442(420.98); 443(950.24); 444(455.87); 445(120.0); 446(788.94); 447(843.03); 448(829.08); 449(291.0); 450(215.32); 451(867.89); 452(134.91); 453(277.37); 454(707.15); 455(580.01); 456(795.19); 457(726.66); 458(705.13); 459(259.79); 460(6.73); 461(297.26); 462(980.12); 463(852.71); 464(917.29); 465(215.78); 466(444.51); 467(896.72); 468(420.11); 469(762.07); 470(107.03); 471(70.36); 472(775.31); 473(82.37); 474(153.98); 475(469.91); 476(533.31); 477(918.48); 478(174.34); 479(545.52); 480(719.8); 481(463.21); 482(904.03); 483(726.78); 484(396.54); 485(117.88); 486(34.32); 487(802.72); 488(290.19); 489(521.11); 490(419.45); 491(826.35); 492(674.38); 493(296.63); 494(274.77); 495(219.72); 496(756.62); 497(533.81); 498(254.57); 499(270.69),1
156,0(705.28); 1(898.64); 2(263.82); 3(22.11); 4(362.25); 5(330.05); 6(154.03); 7(576.88); 8(847.58); 9(941.31); 10(519.7); 11(719.58); 12(259.51); 13(426.47); 14(80.38); 15(925.28); 16(969.37); 17(779.41); 18(253.83); 19(139.61); 20(421.98); 21(272.14); 22(869.05); 23(152.67); 24(840.31); 25(749.77); 26(830.3); 27(436.63); 28(292.42); 29(932.92); 30(449.65); 31(371.56); 32(913.67); 33(256.2); 34(483.67); 35(926.01); 36(981.83); 37(530.33); 38(151.19); 39(158.89); 40(18.79); 41(744.87); 42(924.81); 43(106.91); 44(461.63); 45(444.91); 46(830.32); 47(802.45); 48(796.63); 49(31.03); 50(640.43); 51(515.15); 52(236.13); 53(539.96); 54(196.02); 55(246.7); 56(532.13); 57(564.8); 58(703.9); 59(106.0); 60(531.58); 61(359.28); 62(951.53); 63(166.49); 64(218.68); 65(233.84); 66(963.99); 67(162.32); 68(699.57); 69(901.86); 70(29.59); 71(904.43); 72(691.44); 73(695.57); 74(88.13); 75(305.06); 76(589.83); 77(261.92); 78(387.11); 79(891.37); 80(288.82); 81(464.04); 82(318.54); 83(592.21); 84(134.17); 85(3.03); 86(838.16); 87(885.92); 88(294.89); 89(238.72); 90(989.56); 91(233.64); 92(739.64); 93(371.17); 94(945.09); 95(594.21); 96(594.68); 97(907.49); 98(93.73); 99(429.94); 100(37.81); 101(842.73); 102(477.94); 103(376.89); 104(425.19); 105(433.02); 106(746.73); 107(340.56); 108(590.87); 109(105.36); 110(158.23); 111(375.15); 112(279.5); 113(149.59); 114(135.52); 115(842.86); 116(318.36); 117(991.58); 118(371.01); 119(857.3); 120(253.79); 121(949.32); 122(90.07); 123(592.2); 124(999.33); 125(70.73); 126(376.69); 127(144.7); 128(67.66); 129(819.61); 130(420.62); 131(90.58); 132(299.18); 133(771.46); 134(350.43); 135(1.97); 136(682.62); 137(143.34); 138(439.49); 139(312.67); 140(434.18); 141(650.9); 142(380.16); 143(586.87); 144(699.82); 145(720.77); 146(153.2); 147(802.04); 148(780.78); 149(877.82); 150(270.94); 151(298.91); 152(500.64); 153(972.88); 154(251.82); 155(828.39); 157(39.49); 158(972.25); 159(450.04); 160(651.95); 161(916.28); 162(521.48); 163(660.57); 164(257.87); 165(977.94); 166(231.41); 167(425.75); 168(332.74); 169(609.63); 170(584.7); 171(736.46); 172(922.59); 173(210.84); 174(282.41); 175(938.61); 176(121.54); 177(234.18); 178(252.47); 179(698.71); 180(382.75); 181(63.21); 182(938.19); 183(27.9); 184(95.08); 185(581.35); 186(825.44); 187(872.8); 188(778.17); 189(166.49); 190(780.84); 191(796.09); 192(530.46); 193(206.19); 194(392.89); 195(625.19); 196(764.92); 197(676.65); 198(781.55); 199(257.94); 200(846.44); 201(674.74); 202(547.65); 203(771.61); 204(786.91); 205(293.93); 206(299.22); 207(104.42); 208(235.85); 209(157.01); 210(809.1); 211(168.38); 212(422.34); 213(669.21); 214(836.28); 215(674.02); 216(591.72); 217(43.59); 218(355.82); 219(25.75); 220(583.41); 221(13.24); 222(413.95); 223(746.27); 224(332.99); 225(846.3); 226(743.62); 227(205.6); 228(938.21); 229(659.85); 230(61.84); 231(2.77); 232(5.59); 233(441.64); 234(341.02); 235(887.27); 236(437.07); 237(893.23); 238(146.43); 239(107.23); 240(52.47); 241(341.36); 242(267.13); 243(160.51); 244(2.94); 245(774.57); 246(63.26); 247(835.84); 248(176.85); 249(645.61); 250(471.45); 251(929.21); 252(357.15); 253(725.43); 254(280.61); 255(804.48); 256(37.66); 257(134.47); 258(333.33); 259(836.63); 260(953.35); 261(839.06); 262(601.42); 263(359.25); 264(66.22); 265(953.05); 266(428.09); 267(738.52); 268(983.54); 269(956.93); 270(608.54); 271(63.21); 272(75.32); 273(92.08); 274(65.48); 275(244.84); 276(730.81); 277(154.24); 278(404.41); 279(428.96); 280(17.38); 281(368.14); 282(941.35); 283(558.42); 284(312.83); 285(430.56); 286(188.22); 287(931.76); 288(228.38); 289(870.66); 290(615.36); 291(226.03); 292(890.55); 293(417.4); 294(539.87); 295(48.5); 296(368.59); 297(858.33); 298(30.99); 299(52.56); 300(881.56); 301(553.93); 302(169.14); 303(713.63); 304(337.79); 305(715.2); 306(483.23); 307(169.84); 308(23.52); 309(99.96); 310(166.58); 311(840.9); 312(190.07); 313(22.06); 314(744.6); 315(961.3); 316(424.06); 317(395.3); 318(901.6); 319(703.5); 320(553.53); 321(707.59); 322(936.18); 323(734.73); 324(624.64); 325(577.32); 326(536.74); 327(442.55); 328(306.83); 329(193.57); 330(18.06); 331(977.47); 332(39.49); 333(414.51); 334(991.45); 335(300.13); 336(574.18); 337(357.64); 338(333.78); 339(625.62); 340(257.1); 341(358.12); 342(212.65); 343(195.77); 344(911.44); 345(418.43); 346(635.73); 347(347.86); 348(165.01); 349(635.46); 350(987.66); 351(587.75); 352(570.78); 353(308.53); 354(485.61); 355(673.32); 356(409.82); 357(79.21); 358(154.08); 359(103.25); 360(732.19); 361(449.56); 362(999.06); 363(269.29); 364(238.66); 365(559.68); 366(926.74); 367(181.43); 368(860.78); 369(34.16); 370(198.52); 371(890.1); 372(72.39); 373(859.52); 374(294.35); 375(940.64); 376(51.59); 377(769.97); 378(970.33); 379(613.21); 380(535.07); 381(837.79); 382(278.88); 383(435.92); 384(179.54); 385(444.76); 386(740.93); 387(592.96); 388(169.57); 389(156.91); 390(409.92); 391(932.43); 392(316.82); 393(426.11); 394(400.86); 395(686.93); 396(781.46); 397(627.83); 398(445.98); 399(110.38); 400(413.25); 401(522.35); 402(80.6); 403(648.72); 404(905.47); 405(775.78); 406(210.5); 407(797.57); 408(641.07); 409(253.83); 410(435.42); 411(132.4); 412(6.1); 413(398.37); 414(368.52); 415(772.47); 416(562.78); 417(225.05); 418(57.05); 419(999.65); 420(641.66); 421(491.91); 422(1.34); 423(999.2); 424(988.17); 425(189.87); 426(543.0); 427(263.02); 428(694.58); 429(402.5); 430(606.58); 431(317.45); 432(207.1); 433(584.07); 434(479.68); 435(560.16); 436(113.2); 437(678.14); 438(28.96); 439(522.25); 440(499.46); 441(915.95); 442(169.24); 443(682.74); 444(652.51); 445(208.28); 446(660.86); 447(301.7); 448(268.06); 449(771.17); 450(524.76); 451(103.33); 452(829.39); 453(677.03); 454(570.53); 455(220.69); 456(926.68); 457(124.02); 458(453.71); 459(602.83); 460(599.55); 461(888.16); 462(671.39); 463(504.07); 464(824.53); 465(237.22); 466(439.02); 467(736.47); 468(222.26); 469(324.27); 470(837.14); 471(789.49); 472(275.36); 473(951.05); 474(931.73); 475(571.62); 476(394.93); 477(317.97); 478(108.19); 479(204.12); 480(602.01); 481(514.51); 482(677.73); 483(145.29); 484(930.26); 485(152.23); 486(737.97); 487(335.48); 488(513.9); 489(513.71); 490(564.25); 491(681.02); 492(892.61); 493(730.32); 494(876.8); 495(413.37); 496(660.71); 497(481.05); 498(408.53); 499(655.82),1
157,0(368.93); 1(422.84); 2(943.84); 3(801.05); 4(508.81); 5(804.52); 6(81.91); 7(192.97); 8(522.49); 9(213.27); 10(536.5); 11(796.4); 12(385.41); 13(610.45); 14(319.98); 15(110.24); 16(669.85); 17(899.88); 18(738.54); 19(286.52); 20(500.56); 21(423.33); 22(460.9); 23(957.27); 24(182.92); 25(357.13); 26(860.39); 27(408.13); 28(827.56); 29(35.12); 30(352.96); 31(607.63); 32(65.02); 33(134.93); 34(867.68); 35(127.51); 36(381.39); 37(834.88); 38(369.71); 39(876.15); 40(262.22); 41(29.07); 42(122.02); 43(453.81); 44(516.42); 45(395.88); 46(304.91); 47(526.97); 48(660.05); 49(183.65); 50(154.54); 51(854.6); 52(995.51); 53(709.29); 54(442.3); 55(736.96); 56(875.2); 57(586.58); 58(341.96); 59(207.36); 60(491.68); 61(634.04); 62(572.53); 63(544.11); 64(450.88); 65(867.28); 66(179.69); 67(282.27); 68(334.15); 69(706.39); 70(679.13); 71(803.96); 72(500.32); 73(911.41); 74(553.07); 75(890.12); 76(46.77); 77(798.73); 78(195.95); 79(45.89); 80(395.77); 81(22.28); 82(969.98); 83(867.54); 84(969.25); 85(949.46); 86(732.56); 87(958.79); 88(960.41); 89(825.83); 90(374.18); 91(776.04); 92(741.56); 93(391.57); 94(612.77); 95(953.43); 96(104.42); 97(838.44); 98(632.45); 99(43.23); 100(303.83); 101(64.1); 102(875.73); 103(988.92); 104(67.58); 105(628.5); 106(961.13); 107(961.09); 108(392.1); 109(106.28); 110(687.22); 111(706.96); 112(516.21); 113(69.68); 114(622.98); 115(931.19); 116(287.37); 117(421.02); 118(779.71); 119(357.39); 120(893.4); 121(240.0); 122(20.27); 123(424.75); 124(4.65); 125(601.89); 126(206.89); 127(432.45); 128(415.47); 129(85.93); 130(131.24); 131(401.26); 132(442.14); 133(106.94); 134(150.08); 135(267.07); 136(606.03); 137(996.03); 138(180.12); 139(485.52); 140(839.63); 141(241.23); 142(366.78); 143(25.86); 144(901.69); 145(577.98); 146(950.18); 147(572.9); 148(393.06); 149(375.15); 150(755.72); 151(327.63); 152(694.94); 153(270.66); 154(166.71); 155(592.23); 156(39.49); 158(277.7); 159(368.05); 160(233.87); 161(285.88); 162(269.62); 163(523.25); 164(377.84); 165(454.47); 166(794.83); 167(100.08); 168(913.34); 169(371.49); 170(209.77); 171(526.13); 172(279.44); 173(744.7); 174(499.09); 175(239.01); 176(191.27); 177(221.21); 178(472.42); 179(89.75); 180(773.08); 181(561.42); 182(459.17); 183(91.5); 184(206.28); 185(992.68); 186(635.94); 187(293.93); 188(168.03); 189(472.12); 190(743.61); 191(482.85); 192(695.55); 193(684.8); 194(506.96); 195(939.77); 196(464.6); 197(973.47); 198(705.79); 199(312.06); 200(478.39); 201(843.26); 202(670.2); 203(360.31); 204(864.56); 205(760.81); 206(768.38); 207(483.17); 208(53.15); 209(481.84); 210(565.55); 211(775.31); 212(540.41); 213(715.93); 214(988.92); 215(667.2); 216(942.57); 217(392.85); 218(821.47); 219(956.4); 220(149.21); 221(780.91); 222(593.62); 223(521.08); 224(951.79); 225(575.43); 226(967.04); 227(922.69); 228(584.83); 229(926.09); 230(930.83); 231(884.96); 232(177.64); 233(811.73); 234(298.33); 235(521.95); 236(748.85); 237(941.37); 238(862.9); 239(930.74); 240(1.48); 241(122.68); 242(495.15); 243(117.51); 244(338.29); 245(232.44); 246(255.63); 247(961.35); 248(902.4); 249(677.74); 250(7.4); 251(287.04); 252(202.15); 253(762.37); 254(720.29); 255(113.35); 256(140.95); 257(619.33); 258(563.56); 259(82.76); 260(854.02); 261(34.19); 262(409.81); 263(948.58); 264(275.52); 265(309.32); 266(512.19); 267(312.46); 268(628.36); 269(589.54); 270(530.63); 271(830.22); 272(538.43); 273(20.52); 274(616.01); 275(41.39); 276(773.91); 277(389.46); 278(338.97); 279(554.63); 280(999.4); 281(927.61); 282(891.65); 283(980.52); 284(744.01); 285(815.33); 286(75.46); 287(253.46); 288(968.69); 289(241.18); 290(347.4); 291(29.11); 292(928.13); 293(981.65); 294(689.69); 295(691.51); 296(297.16); 297(811.64); 298(192.61); 299(510.54); 300(373.53); 301(323.18); 302(889.65); 303(410.7); 304(365.85); 305(908.42); 306(936.4); 307(197.97); 308(275.55); 309(378.07); 310(399.87); 311(88.41); 312(195.29); 313(172.46); 314(343.03); 315(486.81); 316(302.61); 317(724.9); 318(938.66); 319(424.42); 320(924.99); 321(725.44); 322(563.43); 323(240.54); 324(200.24); 325(513.62); 326(172.27); 327(866.03); 328(864.78); 329(424.8); 330(889.22); 331(351.6); 332(41.55); 333(516.48); 334(160.18); 335(320.94); 336(733.31); 337(177.19); 338(621.98); 339(423.31); 340(612.03); 341(850.93); 342(58.55); 343(881.64); 344(735.15); 345(8.85); 346(310.74); 347(431.27); 348(235.23); 349(610.14); 350(256.63); 351(9.14); 352(679.52); 353(773.73); 354(632.32); 355(412.61); 356(325.28); 357(33.62); 358(95.34); 359(982.57); 360(115.34); 361(487.15); 362(164.28); 363(634.44); 364(469.54); 365(787.94); 366(565.87); 367(812.22); 368(226.22); 369(871.41); 370(225.57); 371(639.97); 372(320.44); 373(651.92); 374(317.35); 375(506.83); 376(775.0); 377(411.47); 378(579.89); 379(244.26); 380(654.15); 381(303.22); 382(127.62); 383(71.24); 384(539.42); 385(127.58); 386(915.0); 387(80.03); 388(959.96); 389(892.03); 390(521.3); 391(656.07); 392(431.3); 393(483.07); 394(962.86); 395(506.44); 396(104.89); 397(560.97); 398(529.17); 399(16.18); 400(7.71); 401(611.33); 402(323.79); 403(679.51); 404(944.67); 405(582.04); 406(283.66); 407(669.94); 408(277.96); 409(628.07); 410(516.2); 411(514.62); 412(777.76); 413(26.27); 414(117.41); 415(768.58); 416(11.71); 417(924.75); 418(952.5); 419(535.06); 420(456.04); 421(756.89); 422(788.05); 423(811.89); 424(411.72); 425(965.12); 426(190.2); 427(910.57); 428(353.18); 429(137.89); 430(433.68); 431(481.69); 432(922.95); 433(20.07); 434(127.38); 435(982.54); 436(666.95); 437(19.89); 438(152.79); 439(836.73); 440(630.82); 441(905.66); 442(907.87); 443(856.89); 444(514.2); 445(247.56); 446(401.0); 447(315.15); 448(966.37); 449(561.24); 450(323.4); 451(271.56); 452(193.83); 453(744.27); 454(19.03); 455(944.46); 456(747.51); 457(911.26); 458(528.65); 459(606.75); 460(789.32); 461(480.19); 462(21.25); 463(9.18); 464(248.37); 465(195.46); 466(23.15); 467(673.21); 468(379.19); 469(375.53); 470(186.22); 471(973.29); 472(28.95); 473(836.09); 474(861.55); 475(481.85); 476(447.85); 477(824.64); 478(730.45); 479(568.98); 480(933.68); 481(471.5); 482(459.07); 483(443.04); 484(996.24); 485(410.2); 486(454.78); 487(856.11); 488(631.33); 489(375.09); 490(455.62); 491(145.12); 492(860.79); 493(478.23); 494(80.72); 495(349.95); 496(357.27); 497(520.17); 498(528.09); 499(289.7),1
158,0(384.36); 1(475.96); 2(511.82); 3(156.23); 4(781.12); 5(12.18); 6(610.27); 7(995.71); 8(747.52); 9(856.33); 10(983.56); 11(514.13); 12(33.8); 13(35.89); 14(94.45); 15(142.2); 16(940.0); 17(476.6); 18(24.44); 19(888.11); 20(962.0); 21(779.84); 22(4.52); 23(304.79); 24(5.05); 25(154.9); 26(267.07); 27(204.99); 28(65.21); 29(521.07); 30(407.54); 31(190.98); 32(511.93); 33(148.82); 34(357.49); 35(315.78); 36(252.29); 37(48.43); 38(260.2); 39(9.05); 40(179.07); 41(372.58); 42(374.19); 43(906.5); 44(778.23); 45(365.02); 46(54.39); 47(781.94); 48(592.77); 49(542.32); 50(994.87); 51(755.99); 52(339.03); 53(235.37); 54(853.08); 55(107.67); 56(686.91); 57(176.35); 58(879.22); 59(453.14); 60(736.45); 61(526.03); 62(938.41); 63(791.98); 64(336.99); 65(395.74); 66(498.43); 67(124.71); 68(676.96); 69(724.79); 70(324.2); 71(246.3); 72(778.97); 73(550.89); 74(100.61); 75(651.41); 76(491.23); 77(844.89); 78(43.58); 79(254.27); 80(725.85); 81(990.14); 82(609.05); 83(798.23); 84(853.81); 85(682.17); 86(191.22); 87(586.15); 88(196.44); 89(931.71); 90(753.35); 91(238.48); 92(314.15); 93(812.45); 94(330.6); 95(489.95); 96(949.83); 97(335.85); 98(489.42); 99(48.73); 100(188.85); 101(834.39); 102(710.49); 103(728.48); 104(767.73); 105(327.56); 106(690.84); 107(761.53); 108(879.74); 109(224.79); 110(82.24); 111(786.7); 112(60.58); 113(378.67); 114(739.92); 115(870.19); 116(732.88); 117(963.85); 118(606.74); 119(539.44); 120(661.76); 121(480.66); 122(807.86); 123(48.86); 124(913.15); 125(430.64); 126(850.74); 127(0.55); 128(472.67); 129(899.29); 130(978.25); 131(350.46); 132(979.14); 133(919.93); 134(862.0); 135(767.48); 136(73.11); 137(55.29); 138(772.13); 139(359.76); 140(731.55); 141(616.25); 142(973.83); 143(617.47); 144(471.74); 145(762.76); 146(25.39); 147(996.31); 148(467.32); 149(167.05); 150(217.5); 151(85.21); 152(419.25); 153(87.67); 154(586.65); 155(875.73); 156(972.25); 157(277.7); 159(583.97); 160(34.8); 161(471.37); 162(147.05); 163(425.44); 164(605.99); 165(255.59); 166(355.61); 167(623.78); 168(329.43); 169(925.36); 170(100.05); 171(587.36); 172(174.92); 173(625.98); 174(211.9); 175(544.6); 176(495.01); 177(877.82); 178(825.77); 179(867.09); 180(385.17); 181(451.63); 182(660.34); 183(9.33); 184(317.46); 185(626.16); 186(874.6); 187(9.91); 188(209.87); 189(238.31); 190(498.83); 191(611.83); 192(818.31); 193(569.86); 194(326.55); 195(963.74); 196(564.89); 197(34.87); 198(190.21); 199(87.13); 200(743.1); 201(848.04); 202(118.0); 203(765.01); 204(475.42); 205(145.57); 206(867.05); 207(752.02); 208(690.47); 209(174.82); 210(841.79); 211(660.82); 212(599.81); 213(327.77); 214(667.23); 215(757.77); 216(201.58); 217(231.77); 218(993.85); 219(28.22); 220(285.58); 221(58.74); 222(375.36); 223(487.08); 224(398.24); 225(357.86); 226(377.55); 227(955.38); 228(420.19); 229(758.05); 230(85.17); 231(513.0); 232(563.61); 233(588.57); 234(348.12); 235(714.71); 236(977.98); 237(532.39); 238(148.32); 239(354.29); 240(212.08); 241(196.0); 242(874.99); 243(272.1); 244(228.72); 245(753.07); 246(462.37); 247(25.59); 248(127.55); 249(172.85); 250(284.87); 251(584.63); 252(986.59); 253(655.4); 254(292.48); 255(721.13); 256(307.67); 257(615.65); 258(477.91); 259(463.31); 260(129.09); 261(470.12); 262(899.57); 263(726.4); 264(350.89); 265(970.22); 266(349.94); 267(868.23); 268(17.69); 269(946.62); 270(452.39); 271(136.89); 272(319.42); 273(510.74); 274(545.66); 275(319.88); 276(215.91); 277(717.83); 278(496.87); 279(568.42); 280(694.06); 281(832.94); 282(104.53); 283(240.68); 284(241.95); 285(325.74); 286(524.5); 287(955.3); 288(689.7); 289(217.34); 290(312.8); 291(735.26); 292(815.64); 293(623.25); 294(51.39); 295(493.1); 296(656.98); 297(320.3); 298(627.64); 299(227.98); 300(193.99); 301(491.46); 302(488.86); 303(992.89); 304(723.91); 305(377.41); 306(621.93); 307(610.04); 308(263.13); 309(78.93); 310(86.34); 311(981.08); 312(699.91); 313(912.94); 314(61.09); 315(516.87); 316(807.69); 317(371.29); 318(270.31); 319(120.26); 320(331.02); 321(115.36); 322(887.3); 323(232.38); 324(117.35); 325(311.21); 326(773.24); 327(145.31); 328(555.02); 329(143.91); 330(437.16); 331(777.47); 332(814.43); 333(21.05); 334(611.22); 335(258.34); 336(38.48); 337(429.41); 338(122.82); 339(64.58); 340(554.53); 341(538.79); 342(413.09); 343(725.4); 344(478.35); 345(586.61); 346(419.78); 347(504.85); 348(23.54); 349(864.17); 350(366.75); 351(2.39); 352(940.09); 353(678.98); 354(325.41); 355(758.8); 356(65.56); 357(883.31); 358(477.01); 359(763.6); 360(753.87); 361(430.66); 362(577.85); 363(157.39); 364(660.63); 365(356.12); 366(526.16); 367(159.05); 368(770.02); 369(152.89); 370(115.81); 371(307.86); 372(343.17); 373(512.55); 374(434.52); 375(850.98); 376(216.31); 377(24.52); 378(692.96); 379(637.88); 380(200.27); 381(303.41); 382(362.55); 383(567.58); 384(94.34); 385(357.56); 386(489.78); 387(987.32); 388(777.72); 389(743.47); 390(97.34); 391(947.82); 392(214.34); 393(923.65); 394(618.9); 395(235.41); 396(776.92); 397(407.6); 398(747.04); 399(734.53); 400(885.42); 401(287.79); 402(454.23); 403(788.8); 404(369.57); 405(555.5); 406(486.02); 407(165.82); 408(711.93); 409(410.77); 410(188.67); 411(993.35); 412(601.28); 413(558.19); 414(7.78); 415(740.34); 416(929.22); 417(149.89); 418(798.81); 419(934.79); 420(410.93); 421(203.84); 422(591.92); 423(156.74); 424(158.18); 425(431.56); 426(352.4); 427(370.78); 428(779.2); 429(472.8); 430(738.37); 431(846.89); 432(796.62); 433(498.09); 434(683.42); 435(765.28); 436(693.28); 437(300.84); 438(901.58); 439(267.3); 440(120.7); 441(87.12); 442(890.88); 443(442.63); 444(946.28); 445(439.78); 446(769.35); 447(241.83); 448(495.08); 449(625.78); 450(15.72); 451(119.68); 452(68.17); 453(334.91); 454(495.86); 455(765.51); 456(88.19); 457(556.93); 458(551.17); 459(59.24); 460(836.97); 461(499.48); 462(532.3); 463(264.3); 464(915.41); 465(454.88); 466(754.91); 467(28.85); 468(556.42); 469(686.55); 470(134.01); 471(190.25); 472(677.56); 473(902.54); 474(252.36); 475(911.07); 476(871.83); 477(452.73); 478(804.85); 479(987.85); 480(776.05); 481(581.69); 482(611.85); 483(276.98); 484(451.66); 485(75.98); 486(425.41); 487(326.44); 488(101.77); 489(219.9); 490(518.49); 491(614.49); 492(367.96); 493(758.11); 494(163.88); 495(143.94); 496(267.33); 497(187.88); 498(290.63); 499(279.39),1
159,0(458.94); 1(925.54); 2(767.3); 3(512.1); 4(181.37); 5(761.53); 6(705.72); 7(697.13); 8(39.41); 9(181.7); 10(680.66); 11(573.47); 12(384.68); 13(611.32); 14(721.48); 15(683.39); 16(942.69); 17(448.16); 18(294.83); 19(742.04); 20(940.19); 21(85.31); 22(226.97); 23(283.88); 24(200.71); 25(629.46); 26(181.08); 27(590.73); 28(318.09); 29(205.37); 30(878.28); 31(636.41); 32(766.52); 33(289.34); 34(532.26); 35(316.4); 36(667.21); 37(683.46); 38(558.57); 39(648.75); 40(981.79); 41(717.11); 42(115.37); 43(659.65); 44(818.88); 45(506.1); 46(61.78); 47(928.7); 48(166.29); 49(557.53); 50(630.43); 51(106.77); 52(48.37); 53(478.2); 54(426.12); 55(484.64); 56(240.88); 57(89.9); 58(526.79); 59(51.19); 60(809.9); 61(264.09); 62(824.68); 63(855.32); 64(455.31); 65(96.32); 66(383.08); 67(166.59); 68(956.18); 69(905.26); 70(376.44); 71(334.39); 72(764.44); 73(699.54); 74(988.66); 75(494.74); 76(187.39); 77(349.41); 78(601.69); 79(110.43); 80(576.01); 81(745.58); 82(688.2); 83(738.41); 84(113.3); 85(157.99); 86(528.86); 87(576.17); 88(381.78); 89(265.1); 90(558.28); 91(210.39); 92(441.14); 93(824.49); 94(383.42); 95(351.04); 96(624.11); 97(558.41); 98(640.88); 99(547.21); 100(20.2); 101(489.53); 102(551.05); 103(808.61); 104(991.62); 105(419.49); 106(64.49); 107(458.76); 108(631.48); 109(170.56); 110(614.24); 111(471.59); 112(299.46); 113(10.67); 114(122.97); 115(470.35); 116(141.84); 117(680.14); 118(643.32); 119(487.86); 120(301.44); 121(718.35); 122(339.8); 123(394.86); 124(196.95); 125(972.42); 126(538.8); 127(227.12); 128(943.17); 129(773.17); 130(620.64); 131(216.36); 132(666.39); 133(434.1); 134(759.82); 135(568.35); 136(735.72); 137(830.25); 138(601.58); 139(501.83); 140(604.86); 141(387.57); 142(695.8); 143(65.26); 144(354.49); 145(976.27); 146(444.51); 147(564.13); 148(898.23); 149(151.3); 150(584.09); 151(826.65); 152(977.75); 153(303.47); 154(625.7); 155(699.56); 156(450.04); 157(368.05); 158(583.97); 160(306.81); 161(509.07); 162(59.72); 163(120.2); 164(789.35); 165(828.34); 166(556.97); 167(588.79); 168(192.8); 169(561.31); 170(510.58); 171(716.27); 172(746.34); 173(796.08); 174(257.66); 175(800.17); 176(97.97); 177(554.01); 178(859.79); 179(347.2); 180(466.43); 181(11.87); 182(483.6); 183(928.37); 184(185.38); 185(582.89); 186(529.89); 187(97.34); 188(566.36); 189(752.44); 190(756.11); 191(918.55); 192(569.88); 193(188.92); 194(617.5); 195(929.05); 196(910.41); 197(170.76); 198(674.3); 199(809.11); 200(923.11); 201(757.01); 202(892.12); 203(583.32); 204(783.76); 205(187.75); 206(565.25); 207(833.3); 208(956.97); 209(995.46); 210(435.06); 211(986.06); 212(509.17); 213(330.61); 214(755.85); 215(899.91); 216(87.6); 217(580.13); 218(391.81); 219(149.91); 220(48.67); 221(446.68); 222(989.33); 223(511.74); 224(304.29); 225(634.22); 226(579.87); 227(748.8); 228(627.28); 229(758.06); 230(359.63); 231(448.06); 232(872.63); 233(783.85); 234(374.35); 235(729.15); 236(861.11); 237(888.74); 238(901.85); 239(624.45); 240(48.39); 241(293.43); 242(402.35); 243(333.99); 244(599.18); 245(262.33); 246(345.29); 247(40.94); 248(647.95); 249(937.96); 250(56.05); 251(131.82); 252(800.59); 253(985.9); 254(729.03); 255(578.0); 256(310.03); 257(298.34); 258(439.58); 259(97.55); 260(277.1); 261(226.51); 262(734.11); 263(154.48); 264(328.01); 265(151.36); 266(59.25); 267(172.67); 268(538.85); 269(565.24); 270(188.62); 271(54.8); 272(599.71); 273(927.07); 274(174.51); 275(972.14); 276(449.7); 277(30.05); 278(197.12); 279(459.82); 280(305.78); 281(194.59); 282(856.1); 283(450.84); 284(683.94); 285(82.79); 286(428.71); 287(675.93); 288(461.25); 289(57.09); 290(162.29); 291(893.5); 292(857.45); 293(291.08); 294(811.53); 295(190.18); 296(659.68); 297(742.96); 298(392.43); 299(772.1); 300(412.15); 301(491.81); 302(718.79); 303(613.64); 304(111.62); 305(757.72); 306(802.46); 307(399.5); 308(733.87); 309(826.44); 310(697.42); 311(814.62); 312(347.06); 313(233.75); 314(519.54); 315(108.19); 316(118.25); 317(748.17); 318(502.15); 319(552.81); 320(907.54); 321(999.67); 322(834.29); 323(436.62); 324(272.72); 325(78.57); 326(244.56); 327(865.19); 328(833.52); 329(902.21); 330(923.99); 331(661.66); 332(795.91); 333(12.16); 334(590.69); 335(616.06); 336(478.55); 337(119.68); 338(643.65); 339(660.08); 340(848.91); 341(579.45); 342(349.22); 343(213.85); 344(365.17); 345(392.02); 346(53.64); 347(303.49); 348(576.03); 349(131.59); 350(100.05); 351(230.78); 352(936.53); 353(415.52); 354(126.18); 355(248.51); 356(897.88); 357(160.66); 358(279.15); 359(899.21); 360(829.84); 361(929.86); 362(978.04); 363(558.84); 364(398.09); 365(559.14); 366(217.64); 367(266.62); 368(832.16); 369(218.35); 370(252.34); 371(959.23); 372(552.01); 373(704.04); 374(8.8); 375(495.81); 376(699.3); 377(716.35); 378(677.6); 379(817.87); 380(518.31); 381(906.67); 382(631.39); 383(961.17); 384(689.93); 385(852.22); 386(351.93); 387(89.69); 388(929.54); 389(940.31); 390(518.91); 391(148.44); 392(605.95); 393(544.25); 394(545.41); 395(455.34); 396(821.26); 397(62.93); 398(791.5); 399(739.55); 400(393.57); 401(891.9); 402(984.14); 403(752.17); 404(124.13); 405(169.35); 406(193.94); 407(180.63); 408(69.42); 409(349.6); 410(456.83); 411(73.48); 412(379.7); 413(560.51); 414(24.57); 415(13.68); 416(85.67); 417(996.11); 418(401.16); 419(329.86); 420(376.01); 421(671.7); 422(554.29); 423(41.43); 424(360.69); 425(514.76); 426(606.42); 427(582.85); 428(631.09); 429(691.85); 430(828.43); 431(207.21); 432(145.69); 433(76.67); 434(210.83); 435(154.66); 436(895.61); 437(978.66); 438(781.7); 439(205.05); 440(245.06); 441(651.61); 442(313.3); 443(282.23); 444(880.55); 445(978.15); 446(144.67); 447(99.93); 448(817.2); 449(840.34); 450(183.2); 451(582.36); 452(229.22); 453(938.58); 454(517.66); 455(160.33); 456(560.42); 457(769.81); 458(688.23); 459(674.46); 460(79.13); 461(898.03); 462(794.82); 463(874.66); 464(8.76); 465(157.89); 466(677.01); 467(42.58); 468(881.52); 469(150.49); 470(459.54); 471(345.36); 472(377.66); 473(261.56); 474(740.77); 475(133.83); 476(162.97); 477(573.8); 478(905.31); 479(490.48); 480(446.62); 481(200.92); 482(922.23); 483(223.99); 484(488.48); 485(513.76); 486(845.94); 487(402.35); 488(640.62); 489(709.21); 490(882.12); 491(665.52); 492(342.06); 493(458.15); 494(825.42); 495(527.84); 496(313.1); 497(7.73); 498(434.83); 499(668.32),1
160,0(651.83); 1(987.89); 2(785.89); 3(969.08); 4(802.83); 5(869.39); 6(442.68); 7(2.11); 8(979.69); 9(54.58); 10(424.48); 11(337.42); 12(148.31); 13(971.9); 14(981.98); 15(927.81); 16(394.47); 17(283.7); 18(200.91); 19(282.77); 20(925.2); 21(882.25); 22(271.91); 23(292.55); 24(285.59); 25(698.02); 26(855.7); 27(655.96); 28(292.69); 29(470.82); 30(479.13); 31(789.83); 32(211.26); 33(511.7); 34(660.53); 35(703.8); 36(988.91); 37(850.36); 38(808.74); 39(163.93); 40(344.83); 41(484.92); 42(696.9); 43(390.77); 44(309.63); 45(42.1); 46(297.55); 47(820.51); 48(706.07); 49(657.82); 50(870.65); 51(688.38); 52(844.28); 53(240.39); 54(449.94); 55(691.43); 56(737.54); 57(471.56); 58(788.71); 59(507.87); 60(197.43); 61(129.82); 62(115.26); 63(568.53); 64(88.01); 65(696.05); 66(566.61); 67(359.82); 68(207.84); 69(113.04); 70(404.77); 71(338.16); 72(636.88); 73(580.99); 74(175.97); 75(830.08); 76(477.48); 77(833.43); 78(761.98); 79(378.63); 80(879.17); 81(929.21); 82(27.35); 83(754.46); 84(353.82); 85(349.21); 86(493.27); 87(476.49); 88(942.38); 89(594.7); 90(715.25); 91(373.36); 92(516.58); 93(77.81); 94(41.05); 95(371.47); 96(127.76); 97(188.84); 98(217.95); 99(945.17); 100(299.5); 101(373.5); 102(586.63); 103(861.6); 104(110.65); 105(297.96); 106(755.78); 107(274.51); 108(503.63); 109(955.12); 110(695.38); 111(442.84); 112(320.69); 113(334.4); 114(727.3); 115(716.52); 116(10.31); 117(526.77); 118(982.93); 119(433.76); 120(553.87); 121(291.28); 122(917.92); 123(658.0); 124(586.88); 125(791.01); 126(248.59); 127(48.99); 128(17.06); 129(712.59); 130(535.27); 131(221.47); 132(350.33); 133(318.13); 134(610.28); 135(119.2); 136(70.87); 137(545.16); 138(548.52); 139(200.29); 140(21.19); 141(188.9); 142(712.58); 143(608.65); 144(306.9); 145(650.47); 146(923.43); 147(732.37); 148(702.57); 149(495.91); 150(804.55); 151(385.17); 152(354.7); 153(303.81); 154(962.41); 155(320.75); 156(651.95); 157(233.87); 158(34.8); 159(306.81); 161(954.09); 162(742.62); 163(444.73); 164(39.4); 165(877.86); 166(682.81); 167(96.75); 168(764.31); 169(766.19); 170(614.85); 171(237.28); 172(58.87); 173(433.25); 174(121.8); 175(122.71); 176(547.01); 177(164.98); 178(270.08); 179(554.01); 180(694.25); 181(209.08); 182(610.3); 183(289.29); 184(66.9); 185(907.6); 186(838.09); 187(622.2); 188(132.04); 189(380.12); 190(313.52); 191(796.48); 192(614.17); 193(639.24); 194(227.09); 195(826.69); 196(554.96); 197(743.71); 198(202.35); 199(608.82); 200(93.82); 201(855.57); 202(257.22); 203(857.25); 204(678.22); 205(321.45); 206(347.28); 207(714.71); 208(366.82); 209(699.21); 210(790.98); 211(257.7); 212(302.85); 213(390.35); 214(243.05); 215(112.73); 216(703.23); 217(66.72); 218(834.36); 219(299.4); 220(590.16); 221(744.51); 222(516.84); 223(872.92); 224(562.18); 225(475.59); 226(341.14); 227(483.99); 228(733.32); 229(291.11); 230(295.07); 231(895.14); 232(138.1); 233(106.34); 234(327.87); 235(339.81); 236(580.89); 237(847.67); 238(183.35); 239(678.99); 240(588.98); 241(779.74); 242(926.29); 243(195.97); 244(790.24); 245(634.39); 246(871.51); 247(66.96); 248(856.17); 249(524.49); 250(769.45); 251(566.87); 252(110.67); 253(578.36); 254(278.33); 255(937.53); 256(802.21); 257(631.53); 258(585.96); 259(356.27); 260(571.58); 261(225.43); 262(553.14); 263(945.38); 264(808.1); 265(922.32); 266(913.37); 267(493.11); 268(364.92); 269(284.96); 270(261.41); 271(909.87); 272(161.95); 273(809.84); 274(97.85); 275(635.43); 276(560.18); 277(871.68); 278(577.07); 279(828.63); 280(945.76); 281(860.32); 282(52.28); 283(526.87); 284(166.77); 285(371.82); 286(251.44); 287(589.4); 288(721.86); 289(229.92); 290(568.05); 291(459.44); 292(929.3); 293(562.34); 294(533.72); 295(885.87); 296(504.01); 297(536.59); 298(206.53); 299(987.22); 300(447.78); 301(598.75); 302(141.33); 303(987.99); 304(58.32); 305(409.44); 306(527.83); 307(474.72); 308(690.19); 309(887.31); 310(612.1); 311(311.5); 312(353.75); 313(636.42); 314(628.78); 315(862.77); 316(787.84); 317(154.57); 318(287.46); 319(397.57); 320(458.43); 321(414.98); 322(88.32); 323(658.88); 324(991.3); 325(261.23); 326(93.59); 327(605.46); 328(331.71); 329(940.47); 330(206.1); 331(805.0); 332(908.92); 333(178.62); 334(954.68); 335(547.27); 336(909.54); 337(530.33); 338(80.79); 339(632.78); 340(708.08); 341(525.61); 342(996.44); 343(342.21); 344(179.23); 345(39.26); 346(744.77); 347(691.5); 348(171.5); 349(564.79); 350(613.22); 351(276.47); 352(451.3); 353(717.52); 354(995.99); 355(838.55); 356(20.72); 357(935.93); 358(816.35); 359(441.86); 360(305.67); 361(168.76); 362(7.15); 363(589.0); 364(790.41); 365(151.27); 366(183.78); 367(550.32); 368(502.12); 369(184.1); 370(198.61); 371(576.23); 372(709.05); 373(255.92); 374(979.01); 375(444.92); 376(525.23); 377(608.7); 378(119.89); 379(540.06); 380(648.78); 381(43.02); 382(363.82); 383(499.32); 384(67.61); 385(170.64); 386(67.14); 387(337.0); 388(293.45); 389(291.25); 390(172.19); 391(678.9); 392(623.19); 393(101.11); 394(652.02); 395(536.73); 396(893.86); 397(894.53); 398(56.17); 399(378.47); 400(398.04); 401(962.1); 402(909.79); 403(827.04); 404(698.16); 405(736.53); 406(688.78); 407(82.07); 408(441.85); 409(119.45); 410(622.28); 411(497.51); 412(105.92); 413(5.41); 414(934.6); 415(88.25); 416(447.86); 417(55.94); 418(912.8); 419(968.24); 420(861.68); 421(102.63); 422(229.13); 423(656.37); 424(458.47); 425(288.64); 426(883.14); 427(311.58); 428(711.5); 429(432.36); 430(782.94); 431(666.54); 432(991.81); 433(341.22); 434(211.38); 435(856.43); 436(929.61); 437(756.31); 438(754.66); 439(362.53); 440(171.72); 441(308.43); 442(86.06); 443(310.25); 444(295.61); 445(297.26); 446(577.64); 447(96.01); 448(306.46); 449(962.75); 450(717.89); 451(328.44); 452(944.95); 453(715.96); 454(596.13); 455(647.37); 456(26.4); 457(935.72); 458(607.44); 459(865.46); 460(974.38); 461(20.97); 462(642.38); 463(93.29); 464(899.95); 465(525.66); 466(747.96); 467(624.45); 468(353.55); 469(621.02); 470(521.46); 471(499.89); 472(293.49); 473(418.63); 474(598.38); 475(951.94); 476(956.39); 477(894.15); 478(656.0); 479(571.64); 480(811.49); 481(442.82); 482(290.43); 483(604.08); 484(332.03); 485(171.96); 486(769.17); 487(232.92); 488(419.04); 489(501.06); 490(612.53); 491(468.74); 492(863.29); 493(419.49); 494(161.75); 495(238.51); 496(482.94); 497(352.26); 498(252.59); 499(439.23),1
161,0(236.97); 1(436.96); 2(410.05); 3(955.04); 4(552.62); 5(844.73); 6(583.15); 7(227.08); 8(309.87); 9(165.34); 10(187.57); 11(57.36); 12(183.99); 13(446.15); 14(509.54); 15(644.03); 16(109.18); 17(592.6); 18(689.31); 19(643.55); 20(801.4); 21(973.95); 22(144.98); 23(871.54); 24(870.71); 25(587.38); 26(165.93); 27(266.78); 28(29.35); 29(879.11); 30(854.34); 31(960.24); 32(93.72); 33(231.61); 34(667.94); 35(435.59); 36(981.65); 37(571.02); 38(733.92); 39(318.45); 40(888.93); 41(976.17); 42(573.72); 43(48.74); 44(874.91); 45(194.01); 46(835.16); 47(671.98); 48(307.67); 49(19.69); 50(118.38); 51(993.65); 52(141.96); 53(877.68); 54(311.07); 55(624.97); 56(278.91); 57(271.36); 58(180.72); 59(266.76); 60(366.91); 61(369.85); 62(839.1); 63(998.74); 64(96.82); 65(400.34); 66(959.93); 67(467.9); 68(235.38); 69(188.47); 70(412.23); 71(711.29); 72(963.71); 73(976.12); 74(281.53); 75(62.23); 76(390.08); 77(949.6); 78(90.07); 79(286.16); 80(226.76); 81(181.81); 82(196.79); 83(582.41); 84(289.77); 85(110.49); 86(466.68); 87(429.16); 88(683.04); 89(780.44); 90(379.33); 91(823.24); 92(392.95); 93(191.09); 94(188.49); 95(472.75); 96(722.41); 97(145.73); 98(506.21); 99(140.16); 100(364.52); 101(999.44); 102(999.42); 103(639.92); 104(509.17); 105(535.22); 106(623.45); 107(301.46); 108(871.84); 109(919.22); 110(462.02); 111(735.05); 112(745.36); 113(941.66); 114(729.92); 115(914.48); 116(155.14); 117(808.27); 118(63.44); 119(853.56); 120(566.6); 121(870.39); 122(933.38); 123(779.34); 124(548.19); 125(960.84); 126(440.3); 127(674.24); 128(240.49); 129(864.64); 130(441.78); 131(594.72); 132(181.52); 133(245.18); 134(613.66); 135(683.36); 136(741.74); 137(40.03); 138(131.11); 139(821.23); 140(60.87); 141(729.51); 142(780.04); 143(652.84); 144(155.45); 145(659.86); 146(889.51); 147(789.89); 148(569.74); 149(196.17); 150(323.19); 151(35.85); 152(275.21); 153(609.12); 154(853.23); 155(123.74); 156(916.28); 157(285.88); 158(471.37); 159(509.07); 160(954.09); 162(726.03); 163(239.05); 164(12.01); 165(61.81); 166(755.64); 167(256.64); 168(711.03); 169(443.4); 170(629.67); 171(445.05); 172(241.15); 173(659.15); 174(567.1); 175(308.24); 176(277.54); 177(194.98); 178(94.51); 179(748.09); 180(653.99); 181(919.81); 182(711.8); 183(583.46); 184(854.39); 185(574.28); 186(566.53); 187(302.06); 188(355.28); 189(374.72); 190(110.6); 191(71.39); 192(995.69); 193(56.86); 194(283.71); 195(863.99); 196(730.58); 197(446.07); 198(593.37); 199(832.11); 200(814.37); 201(803.12); 202(991.17); 203(280.82); 204(928.92); 205(266.79); 206(74.35); 207(530.97); 208(123.25); 209(913.38); 210(648.54); 211(526.71); 212(788.18); 213(338.15); 214(762.37); 215(215.44); 216(438.1); 217(635.3); 218(746.56); 219(875.41); 220(399.77); 221(80.92); 222(993.39); 223(143.13); 224(660.15); 225(207.53); 226(888.7); 227(489.47); 228(367.25); 229(653.58); 230(480.06); 231(819.2); 232(919.64); 233(559.02); 234(820.87); 235(206.16); 236(306.31); 237(368.15); 238(656.25); 239(748.5); 240(140.86); 241(497.94); 242(916.11); 243(515.58); 244(129.76); 245(299.2); 246(864.07); 247(117.8); 248(203.63); 249(995.16); 250(665.98); 251(200.46); 252(610.46); 253(742.64); 254(558.25); 255(218.4); 256(666.55); 257(452.36); 258(70.61); 259(174.71); 260(505.88); 261(408.03); 262(211.42); 263(275.09); 264(776.68); 265(155.97); 266(952.66); 267(246.08); 268(676.67); 269(208.94); 270(526.32); 271(766.71); 272(127.39); 273(288.5); 274(705.75); 275(921.01); 276(882.29); 277(34.5); 278(382.93); 279(480.3); 280(480.83); 281(280.05); 282(995.11); 283(470.31); 284(553.25); 285(845.52); 286(270.2); 287(87.14); 288(294.61); 289(368.06); 290(433.88); 291(606.09); 292(713.12); 293(17.52); 294(107.5); 295(994.33); 296(960.13); 297(106.01); 298(427.62); 299(497.52); 300(843.81); 301(115.18); 302(222.9); 303(455.64); 304(134.62); 305(8.81); 306(623.27); 307(132.52); 308(612.6); 309(840.43); 310(688.33); 311(113.21); 312(491.75); 313(117.12); 314(904.56); 315(759.03); 316(273.39); 317(188.14); 318(806.93); 319(307.83); 320(780.34); 321(433.97); 322(248.25); 323(520.34); 324(818.85); 325(911.17); 326(979.43); 327(922.65); 328(57.3); 329(451.57); 330(929.24); 331(373.97); 332(159.83); 333(691.0); 334(687.8); 335(753.35); 336(816.29); 337(617.59); 338(798.24); 339(385.22); 340(809.2); 341(268.67); 342(321.05); 343(681.4); 344(706.85); 345(650.56); 346(707.81); 347(494.42); 348(879.35); 349(158.8); 350(518.23); 351(429.93); 352(636.96); 353(21.9); 354(9.84); 355(118.03); 356(435.62); 357(736.29); 358(588.06); 359(282.63); 360(378.21); 361(588.18); 362(746.44); 363(169.93); 364(249.52); 365(574.97); 366(960.52); 367(238.74); 368(937.98); 369(840.43); 370(213.69); 371(421.78); 372(230.46); 373(30.12); 374(239.17); 375(753.01); 376(629.95); 377(195.6); 378(428.03); 379(481.06); 380(362.16); 381(963.1); 382(167.42); 383(394.04); 384(669.7); 385(120.25); 386(668.31); 387(900.57); 388(99.98); 389(693.85); 390(738.3); 391(471.13); 392(935.8); 393(226.77); 394(23.31); 395(241.42); 396(969.33); 397(327.59); 398(744.65); 399(908.23); 400(78.69); 401(835.8); 402(495.06); 403(598.94); 404(594.87); 405(519.91); 406(896.34); 407(355.6); 408(734.81); 409(218.67); 410(500.85); 411(375.37); 412(969.54); 413(267.14); 414(47.64); 415(255.4); 416(912.35); 417(0.16); 418(196.12); 419(286.91); 420(266.89); 421(139.71); 422(117.42); 423(115.1); 424(147.37); 425(606.22); 426(619.66); 427(157.3); 428(300.19); 429(631.07); 430(892.84); 431(630.19); 432(248.03); 433(816.05); 434(965.82); 435(545.51); 436(85.99); 437(126.69); 438(901.15); 439(876.77); 440(785.71); 441(501.0); 442(623.34); 443(859.52); 444(263.4); 445(122.13); 446(998.69); 447(985.94); 448(385.61); 449(738.64); 450(556.42); 451(251.52); 452(842.83); 453(387.12); 454(87.41); 455(847.63); 456(50.93); 457(811.51); 458(291.41); 459(474.14); 460(359.45); 461(23.43); 462(609.59); 463(557.75); 464(704.93); 465(674.02); 466(313.59); 467(404.13); 468(32.8); 469(705.71); 470(745.01); 471(174.27); 472(272.56); 473(984.84); 474(420.79); 475(499.27); 476(343.06); 477(789.69); 478(926.57); 479(330.04); 480(19.88); 481(317.85); 482(959.61); 483(53.69); 484(102.82); 485(119.41); 486(668.85); 487(894.49); 488(248.29); 489(829.2); 490(915.28); 491(269.45); 492(217.37); 493(686.71); 494(89.6); 495(691.36); 496(813.5); 497(431.62); 498(368.44); 499(848.87),1
162,0(490.6); 1(262.81); 2(785.03); 3(231.71); 4(498.55); 5(270.93); 6(423.93); 7(810.98); 8(987.68); 9(458.86); 10(561.51); 11(856.58); 12(363.87); 13(673.71); 14(786.89); 15(595.79); 16(633.43); 17(0.05); 18(443.88); 19(642.21); 20(257.13); 21(730.26); 22(928.75); 23(112.34); 24(555.7); 25(127.18); 26(153.87); 27(287.91); 28(900.74); 29(31.45); 30(115.44); 31(377.03); 32(981.64); 33(976.17); 34(913.18); 35(640.16); 36(316.23); 37(463.04); 38(18.04); 39(570.36); 40(354.16); 41(945.68); 42(847.83); 43(36.48); 44(283.19); 45(116.11); 46(580.0); 47(570.06); 48(350.38); 49(74.36); 50(288.26); 51(453.9); 52(702.11); 53(846.94); 54(23.68); 55(735.81); 56(251.85); 57(120.04); 58(381.26); 59(775.72); 60(394.96); 61(248.5); 62(59.57); 63(874.94); 64(303.79); 65(981.93); 66(573.8); 67(777.01); 68(435.96); 69(327.31); 70(30.42); 71(820.56); 72(841.41); 73(941.06); 74(732.13); 75(171.99); 76(9.61); 77(77.69); 78(348.1); 79(342.28); 80(71.93); 81(673.8); 82(489.14); 83(615.06); 84(2.23); 85(466.76); 86(648.21); 87(997.89); 88(821.21); 89(3.57); 90(310.68); 91(422.69); 92(619.44); 93(960.79); 94(532.97); 95(63.66); 96(247.46); 97(220.79); 98(283.27); 99(216.08); 100(81.21); 101(938.06); 102(162.47); 103(1.86); 104(379.72); 105(572.58); 106(708.55); 107(732.72); 108(263.99); 109(548.99); 110(855.3); 111(846.3); 112(526.26); 113(303.19); 114(278.21); 115(156.03); 116(716.09); 117(621.31); 118(568.9); 119(975.06); 120(576.29); 121(260.32); 122(710.48); 123(469.92); 124(531.79); 125(386.72); 126(441.07); 127(862.54); 128(794.81); 129(688.26); 130(424.85); 131(30.89); 132(459.56); 133(953.81); 134(904.91); 135(749.25); 136(298.6); 137(106.98); 138(839.08); 139(331.52); 140(694.19); 141(87.19); 142(524.53); 143(763.23); 144(270.5); 145(604.59); 146(15.38); 147(224.65); 148(967.77); 149(348.72); 150(144.28); 151(725.49); 152(908.36); 153(462.53); 154(802.21); 155(869.71); 156(521.48); 157(269.62); 158(147.05); 159(59.72); 160(742.62); 161(726.03); 163(901.0); 164(508.82); 165(172.88); 166(294.29); 167(59.19); 168(864.55); 169(251.73); 170(679.32); 171(424.12); 172(586.31); 173(149.7); 174(987.9); 175(663.41); 176(281.62); 177(421.7); 178(973.19); 179(388.63); 180(718.83); 181(340.22); 182(539.11); 183(631.61); 184(679.18); 185(151.36); 186(120.61); 187(843.92); 188(212.57); 189(368.27); 190(438.97); 191(152.7); 192(562.82); 193(585.33); 194(550.12); 195(198.75); 196(853.31); 197(38.47); 198(296.03); 199(174.27); 200(6.35); 201(986.56); 202(145.33); 203(305.49); 204(951.79); 205(848.05); 206(230.62); 207(689.9); 208(531.9); 209(511.92); 210(402.18); 211(233.95); 212(436.76); 213(158.63); 214(799.32); 215(622.66); 216(397.07); 217(798.87); 218(170.57); 219(752.98); 220(286.49); 221(308.02); 222(213.51); 223(313.78); 224(215.52); 225(909.52); 226(364.43); 227(904.38); 228(279.08); 229(313.94); 230(386.21); 231(814.05); 232(446.25); 233(690.34); 234(505.86); 235(88.66); 236(542.9); 237(598.21); 238(118.15); 239(12.87); 240(364.56); 241(501.9); 242(911.58); 243(564.97); 244(51.31); 245(857.24); 246(102.65); 247(835.87); 248(146.79); 249(519.07); 250(219.77); 251(967.03); 252(319.52); 253(209.3); 254(565.11); 255(346.25); 256(204.21); 257(217.29); 258(181.54); 259(101.5); 260(838.93); 261(45.35); 262(412.27); 263(311.4); 264(582.62); 265(744.44); 266(276.55); 267(675.5); 268(525.01); 269(245.3); 270(714.31); 271(731.04); 272(112.76); 273(179.9); 274(813.0); 275(427.0); 276(536.51); 277(641.25); 278(136.72); 279(524.64); 280(462.61); 281(119.93); 282(452.36); 283(755.15); 284(307.43); 285(797.63); 286(522.76); 287(962.88); 288(758.27); 289(487.7); 290(765.44); 291(496.13); 292(49.67); 293(641.34); 294(400.96); 295(728.6); 296(461.2); 297(138.32); 298(648.76); 299(339.29); 300(598.27); 301(836.12); 302(744.93); 303(828.88); 304(750.04); 305(850.57); 306(533.68); 307(106.03); 308(785.48); 309(669.4); 310(837.1); 311(115.75); 312(166.82); 313(839.73); 314(879.41); 315(307.98); 316(191.17); 317(892.02); 318(558.35); 319(73.87); 320(634.35); 321(333.07); 322(808.94); 323(823.07); 324(133.66); 325(262.01); 326(820.13); 327(600.68); 328(379.82); 329(900.15); 330(157.16); 331(484.8); 332(437.87); 333(590.9); 334(331.72); 335(975.7); 336(224.28); 337(76.73); 338(609.63); 339(657.63); 340(967.47); 341(802.48); 342(718.94); 343(438.88); 344(131.06); 345(628.52); 346(991.92); 347(62.82); 348(902.18); 349(173.13); 350(25.71); 351(276.25); 352(408.05); 353(385.93); 354(245.51); 355(778.51); 356(156.48); 357(278.14); 358(168.22); 359(375.16); 360(589.19); 361(542.36); 362(714.27); 363(92.16); 364(389.95); 365(436.5); 366(35.75); 367(516.51); 368(240.9); 369(670.23); 370(422.02); 371(610.44); 372(957.6); 373(345.5); 374(451.39); 375(58.36); 376(72.11); 377(575.85); 378(823.37); 379(630.37); 380(528.96); 381(94.72); 382(972.64); 383(99.56); 384(854.78); 385(444.81); 386(3.38); 387(781.72); 388(536.04); 389(543.46); 390(359.24); 391(273.9); 392(632.38); 393(441.93); 394(891.5); 395(658.66); 396(770.51); 397(996.08); 398(403.06); 399(599.28); 400(803.81); 401(833.55); 402(166.4); 403(849.19); 404(422.35); 405(468.58); 406(667.46); 407(262.09); 408(18.8); 409(531.36); 410(260.0); 411(566.06); 412(857.3); 413(562.47); 414(26.42); 415(932.48); 416(65.29); 417(840.05); 418(274.07); 419(295.85); 420(393.88); 421(384.85); 422(829.74); 423(854.15); 424(369.11); 425(989.13); 426(35.24); 427(846.32); 428(265.75); 429(460.5); 430(443.1); 431(40.3); 432(702.77); 433(376.25); 434(639.79); 435(586.12); 436(44.33); 437(177.39); 438(679.63); 439(755.69); 440(229.2); 441(721.31); 442(968.09); 443(317.36); 444(556.99); 445(779.9); 446(848.72); 447(40.53); 448(46.84); 449(5.51); 450(420.09); 451(580.04); 452(421.69); 453(190.06); 454(386.25); 455(489.27); 456(351.67); 457(154.07); 458(450.6); 459(456.16); 460(936.2); 461(237.25); 462(88.06); 463(608.63); 464(67.69); 465(205.29); 466(75.6); 467(392.06); 468(120.06); 469(538.64); 470(123.88); 471(108.48); 472(906.8); 473(185.93); 474(365.11); 475(419.16); 476(227.54); 477(908.44); 478(60.16); 479(384.86); 480(206.95); 481(628.86); 482(839.74); 483(830.78); 484(620.86); 485(54.0); 486(685.92); 487(829.84); 488(655.13); 489(375.73); 490(283.31); 491(946.23); 492(544.98); 493(299.93); 494(882.22); 495(704.45); 496(430.92); 497(830.25); 498(741.35); 499(877.29),1
163,0(922.34); 1(487.44); 2(46.56); 3(936.29); 4(755.48); 5(122.61); 6(634.08); 7(641.97); 8(180.07); 9(442.89); 10(537.48); 11(475.5); 12(234.71); 13(520.4); 14(480.46); 15(776.13); 16(176.02); 17(416.48); 18(265.11); 19(730.37); 20(180.9); 21(27.08); 22(128.9); 23(467.13); 24(786.85); 25(642.43); 26(147.07); 27(272.83); 28(139.98); 29(461.94); 30(109.97); 31(564.84); 32(894.95); 33(902.7); 34(840.88); 35(952.73); 36(368.39); 37(636.93); 38(77.83); 39(901.52); 40(575.58); 41(422.91); 42(404.58); 43(166.14); 44(197.59); 45(612.48); 46(374.8); 47(616.53); 48(692.3); 49(410.18); 50(191.96); 51(378.45); 52(803.7); 53(661.16); 54(592.97); 55(228.73); 56(462.34); 57(630.17); 58(975.14); 59(841.44); 60(446.63); 61(211.97); 62(586.65); 63(191.54); 64(349.15); 65(257.49); 66(375.95); 67(78.79); 68(408.82); 69(34.39); 70(243.41); 71(488.92); 72(507.85); 73(246.68); 74(912.65); 75(677.82); 76(834.6); 77(404.3); 78(395.81); 79(74.6); 80(430.78); 81(59.97); 82(98.3); 83(763.55); 84(379.43); 85(245.43); 86(322.4); 87(627.35); 88(598.02); 89(98.93); 90(240.84); 91(6.27); 92(151.69); 93(695.31); 94(998.69); 95(422.27); 96(825.91); 97(873.54); 98(69.46); 99(815.39); 100(44.7); 101(717.23); 102(443.24); 103(879.1); 104(572.02); 105(842.53); 106(968.99); 107(636.93); 108(178.0); 109(152.14); 110(513.44); 111(728.49); 112(921.68); 113(581.89); 114(482.87); 115(612.71); 116(888.51); 117(364.85); 118(958.02); 119(817.77); 120(133.04); 121(815.75); 122(659.99); 123(198.11); 124(110.12); 125(247.93); 126(718.98); 127(593.46); 128(924.96); 129(179.91); 130(891.34); 131(73.28); 132(282.83); 133(710.0); 134(755.27); 135(973.88); 136(87.77); 137(620.85); 138(558.4); 139(420.35); 140(422.53); 141(522.21); 142(301.03); 143(816.27); 144(778.34); 145(951.2); 146(880.63); 147(704.74); 148(500.23); 149(757.62); 150(658.72); 151(543.97); 152(890.83); 153(984.69); 154(528.34); 155(829.98); 156(660.57); 157(523.25); 158(425.44); 159(120.2); 160(444.73); 161(239.05); 162(901.0); 164(32.92); 165(206.48); 166(625.74); 167(70.91); 168(922.21); 169(929.98); 170(525.74); 171(83.16); 172(199.12); 173(132.03); 174(859.15); 175(965.62); 176(825.03); 177(801.6); 178(553.3); 179(314.96); 180(276.87); 181(717.56); 182(110.1); 183(855.81); 184(787.71); 185(447.61); 186(468.3); 187(355.47); 188(545.9); 189(917.37); 190(670.03); 191(879.49); 192(282.08); 193(136.43); 194(139.03); 195(798.28); 196(216.43); 197(649.64); 198(458.33); 199(301.25); 200(5.68); 201(198.34); 202(416.66); 203(861.51); 204(878.81); 205(335.6); 206(222.07); 207(642.06); 208(386.61); 209(692.4); 210(861.44); 211(410.98); 212(656.89); 213(437.94); 214(811.46); 215(116.3); 216(275.31); 217(671.27); 218(713.2); 219(885.82); 220(321.73); 221(561.87); 222(972.49); 223(490.89); 224(813.82); 225(879.63); 226(31.16); 227(375.16); 228(341.34); 229(325.97); 230(166.21); 231(45.21); 232(909.42); 233(128.01); 234(277.01); 235(401.04); 236(487.75); 237(235.06); 238(637.6); 239(683.76); 240(461.18); 241(91.55); 242(179.53); 243(864.08); 244(585.62); 245(591.99); 246(53.72); 247(944.78); 248(235.5); 249(303.18); 250(455.59); 251(920.01); 252(867.21); 253(836.8); 254(54.21); 255(268.81); 256(541.35); 257(774.43); 258(981.53); 259(157.26); 260(240.53); 261(90.18); 262(345.96); 263(636.58); 264(391.0); 265(101.5); 266(344.8); 267(741.81); 268(857.04); 269(647.8); 270(32.2); 271(194.54); 272(824.04); 273(904.98); 274(136.09); 275(183.33); 276(683.47); 277(481.47); 278(351.2); 279(890.82); 280(156.81); 281(419.39); 282(748.08); 283(62.41); 284(703.56); 285(534.34); 286(215.32); 287(897.32); 288(803.87); 289(559.9); 290(119.84); 291(416.13); 292(697.65); 293(225.7); 294(219.88); 295(377.89); 296(135.82); 297(411.47); 298(428.36); 299(555.82); 300(720.6); 301(205.94); 302(271.88); 303(786.05); 304(592.06); 305(733.45); 306(891.52); 307(190.3); 308(998.07); 309(817.83); 310(860.53); 311(789.9); 312(135.88); 313(222.52); 314(93.32); 315(409.13); 316(265.18); 317(172.75); 318(439.93); 319(529.6); 320(533.37); 321(990.48); 322(638.33); 323(721.44); 324(320.85); 325(85.2); 326(954.38); 327(486.52); 328(773.1); 329(636.18); 330(868.83); 331(743.8); 332(459.32); 333(706.99); 334(341.01); 335(779.8); 336(334.3); 337(283.45); 338(393.76); 339(174.6); 340(217.34); 341(451.03); 342(906.0); 343(817.89); 344(275.35); 345(929.87); 346(790.66); 347(643.35); 348(310.7); 349(896.04); 350(153.98); 351(440.76); 352(525.84); 353(230.79); 354(80.44); 355(551.69); 356(185.18); 357(523.0); 358(52.15); 359(171.61); 360(747.98); 361(802.66); 362(22.68); 363(761.44); 364(788.44); 365(112.25); 366(663.75); 367(167.46); 368(42.03); 369(963.35); 370(192.87); 371(635.9); 372(771.3); 373(987.02); 374(885.3); 375(559.02); 376(562.58); 377(213.91); 378(143.31); 379(699.53); 380(23.63); 381(163.88); 382(57.98); 383(71.39); 384(220.83); 385(651.89); 386(427.25); 387(800.46); 388(89.82); 389(180.87); 390(12.76); 391(257.83); 392(916.86); 393(433.12); 394(290.8); 395(244.2); 396(246.13); 397(406.69); 398(494.9); 399(663.22); 400(801.53); 401(79.23); 402(911.76); 403(56.34); 404(845.43); 405(467.05); 406(241.86); 407(296.16); 408(802.05); 409(457.03); 410(155.94); 411(549.28); 412(929.16); 413(613.4); 414(305.72); 415(173.22); 416(155.25); 417(220.34); 418(875.41); 419(932.86); 420(914.81); 421(250.63); 422(475.08); 423(497.38); 424(459.68); 425(19.07); 426(857.38); 427(90.36); 428(85.55); 429(472.92); 430(139.34); 431(930.36); 432(977.75); 433(445.93); 434(151.67); 435(952.23); 436(219.25); 437(620.71); 438(922.89); 439(725.12); 440(123.67); 441(303.78); 442(746.67); 443(63.51); 444(42.76); 445(7.36); 446(93.7); 447(589.92); 448(391.79); 449(449.01); 450(513.79); 451(319.01); 452(196.15); 453(421.46); 454(144.4); 455(420.92); 456(471.44); 457(714.32); 458(267.29); 459(531.44); 460(305.84); 461(694.99); 462(426.98); 463(588.33); 464(530.07); 465(656.21); 466(824.01); 467(472.49); 468(704.95); 469(530.89); 470(249.14); 471(463.39); 472(587.95); 473(382.39); 474(92.91); 475(595.22); 476(925.49); 477(335.96); 478(833.32); 479(727.37); 480(832.0); 481(300.27); 482(818.09); 483(154.46); 484(909.28); 485(127.71); 486(654.06); 487(645.02); 488(471.27); 489(637.1); 490(365.88); 491(464.15); 492(99.92); 493(156.76); 494(634.93); 495(448.4); 496(891.85); 497(963.58); 498(108.76); 499(657.8),1
164,0(597.71); 1(438.64); 2(340.44); 3(479.41); 4(320.82); 5(350.79); 6(257.55); 7(646.76); 8(261.7); 9(152.12); 10(549.87); 11(380.57); 12(767.64); 13(341.21); 14(865.08); 15(605.66); 16(248.53); 17(660.95); 18(54.81); 19(412.19); 20(729.11); 21(949.43); 22(68.36); 23(218.53); 24(104.46); 25(766.67); 26(72.91); 27(623.16); 28(69.99); 29(811.62); 30(131.04); 31(186.8); 32(13.97); 33(836.81); 34(67.15); 35(481.42); 36(750.52); 37(680.3); 38(457.2); 39(937.09); 40(672.3); 41(344.4); 42(603.87); 43(30.6); 44(915.59); 45(416.41); 46(881.53); 47(219.25); 48(69.52); 49(315.77); 50(287.49); 51(503.92); 52(399.8); 53(247.91); 54(566.6); 55(457.55); 56(380.57); 57(87.46); 58(988.3); 59(855.67); 60(996.2); 61(835.84); 62(864.93); 63(38.34); 64(769.95); 65(457.61); 66(257.95); 67(503.05); 68(201.3); 69(493.69); 70(894.61); 71(367.7); 72(221.62); 73(799.83); 74(159.65); 75(435.39); 76(552.25); 77(801.5); 78(363.61); 79(545.53); 80(936.61); 81(600.72); 82(26.51); 83(419.92); 84(779.65); 85(390.01); 86(148.76); 87(736.12); 88(372.08); 89(957.57); 90(912.51); 91(500.49); 92(640.66); 93(870.38); 94(546.73); 95(920.35); 96(324.21); 97(11.56); 98(508.42); 99(777.56); 100(48.38); 101(903.96); 102(467.73); 103(640.82); 104(425.27); 105(256.66); 106(40.91); 107(415.77); 108(289.11); 109(969.17); 110(872.49); 111(508.86); 112(328.35); 113(501.62); 114(504.8); 115(242.03); 116(117.32); 117(635.11); 118(762.03); 119(929.79); 120(545.5); 121(950.29); 122(204.22); 123(80.55); 124(513.89); 125(408.71); 126(898.7); 127(607.35); 128(327.59); 129(551.11); 130(710.07); 131(450.6); 132(899.45); 133(731.76); 134(254.23); 135(624.97); 136(388.49); 137(190.8); 138(414.26); 139(548.98); 140(278.38); 141(915.55); 142(814.2); 143(478.95); 144(492.51); 145(493.35); 146(646.8); 147(50.29); 148(982.05); 149(75.2); 150(520.12); 151(867.74); 152(103.07); 153(687.57); 154(179.93); 155(274.92); 156(257.87); 157(377.84); 158(605.99); 159(789.35); 160(39.4); 161(12.01); 162(508.82); 163(32.92); 165(514.99); 166(250.56); 167(839.94); 168(106.31); 169(643.05); 170(382.28); 171(297.23); 172(909.66); 173(485.78); 174(448.0); 175(256.66); 176(743.61); 177(386.85); 178(521.26); 179(693.25); 180(299.46); 181(500.38); 182(803.86); 183(98.75); 184(330.21); 185(929.4); 186(133.62); 187(505.46); 188(667.79); 189(766.92); 190(438.81); 191(809.96); 192(612.54); 193(921.5); 194(415.9); 195(390.04); 196(316.68); 197(494.16); 198(361.86); 199(220.03); 200(550.06); 201(224.41); 202(264.72); 203(304.08); 204(467.24); 205(777.39); 206(72.31); 207(394.18); 208(777.62); 209(980.76); 210(866.52); 211(143.72); 212(667.17); 213(930.42); 214(971.92); 215(460.62); 216(965.91); 217(882.47); 218(643.29); 219(38.22); 220(373.81); 221(986.08); 222(152.23); 223(302.68); 224(493.1); 225(441.26); 226(795.65); 227(330.59); 228(388.66); 229(608.06); 230(775.63); 231(541.77); 232(454.87); 233(945.7); 234(983.87); 235(119.7); 236(979.75); 237(331.23); 238(740.59); 239(386.98); 240(874.54); 241(360.53); 242(198.09); 243(393.68); 244(759.11); 245(396.28); 246(971.28); 247(612.57); 248(698.06); 249(827.58); 250(539.72); 251(940.62); 252(615.03); 253(894.88); 254(127.59); 255(723.1); 256(64.59); 257(727.74); 258(155.01); 259(494.55); 260(817.94); 261(349.47); 262(966.21); 263(588.54); 264(403.89); 265(928.35); 266(966.07); 267(443.3); 268(497.56); 269(571.42); 270(592.35); 271(51.64); 272(869.69); 273(481.48); 274(848.56); 275(832.04); 276(198.0); 277(77.61); 278(113.46); 279(569.44); 280(12.7); 281(366.83); 282(864.16); 283(836.72); 284(35.68); 285(326.41); 286(266.22); 287(670.02); 288(744.65); 289(315.32); 290(641.26); 291(428.36); 292(403.03); 293(926.23); 294(267.89); 295(961.19); 296(208.27); 297(112.26); 298(54.01); 299(166.53); 300(863.94); 301(255.78); 302(977.9); 303(828.82); 304(112.3); 305(575.59); 306(477.7); 307(371.51); 308(931.14); 309(146.34); 310(983.83); 311(214.49); 312(52.11); 313(691.99); 314(834.03); 315(128.43); 316(393.2); 317(391.51); 318(747.58); 319(913.99); 320(974.75); 321(33.03); 322(499.02); 323(450.96); 324(386.83); 325(48.45); 326(766.49); 327(553.2); 328(671.23); 329(760.23); 330(12.78); 331(731.12); 332(859.61); 333(8.99); 334(94.85); 335(282.22); 336(312.38); 337(35.55); 338(303.83); 339(973.52); 340(961.63); 341(618.93); 342(60.43); 343(808.31); 344(313.6); 345(564.89); 346(319.65); 347(73.64); 348(247.24); 349(5.72); 350(281.85); 351(279.61); 352(315.69); 353(833.22); 354(976.26); 355(837.4); 356(821.77); 357(28.78); 358(305.99); 359(796.94); 360(839.15); 361(174.89); 362(681.6); 363(610.97); 364(245.65); 365(17.5); 366(87.43); 367(934.96); 368(184.53); 369(896.4); 370(20.24); 371(182.03); 372(786.0); 373(482.92); 374(910.1); 375(946.08); 376(820.94); 377(677.88); 378(706.55); 379(513.48); 380(540.22); 381(585.26); 382(472.42); 383(728.57); 384(996.4); 385(619.33); 386(118.72); 387(57.92); 388(324.35); 389(361.17); 390(891.5); 391(292.18); 392(509.94); 393(288.99); 394(886.96); 395(437.75); 396(228.19); 397(341.5); 398(720.65); 399(802.35); 400(328.3); 401(518.79); 402(477.46); 403(226.15); 404(915.81); 405(909.22); 406(219.6); 407(389.65); 408(81.16); 409(799.03); 410(73.6); 411(937.48); 412(83.2); 413(0.16); 414(711.54); 415(78.58); 416(448.81); 417(663.4); 418(993.61); 419(313.81); 420(496.89); 421(419.85); 422(792.66); 423(906.02); 424(903.77); 425(810.78); 426(521.74); 427(389.5); 428(442.24); 429(659.58); 430(354.51); 431(702.55); 432(324.69); 433(306.41); 434(573.97); 435(357.34); 436(871.03); 437(202.21); 438(268.84); 439(96.19); 440(108.16); 441(785.56); 442(395.9); 443(120.1); 444(20.43); 445(508.64); 446(179.59); 447(603.07); 448(739.82); 449(841.8); 450(995.26); 451(116.99); 452(428.15); 453(739.99); 454(346.54); 455(490.87); 456(858.85); 457(346.43); 458(246.23); 459(724.96); 460(526.38); 461(749.36); 462(667.87); 463(570.57); 464(374.73); 465(184.16); 466(661.77); 467(680.78); 468(921.78); 469(587.08); 470(439.55); 471(910.71); 472(545.52); 473(162.79); 474(113.36); 475(243.28); 476(692.01); 477(327.29); 478(162.08); 479(483.81); 480(342.26); 481(281.85); 482(748.04); 483(94.13); 484(333.24); 485(97.34); 486(65.86); 487(129.85); 488(252.05); 489(922.92); 490(53.92); 491(923.19); 492(896.6); 493(539.71); 494(422.6); 495(743.04); 496(548.57); 497(180.93); 498(476.31); 499(373.93),1
165,0(767.5); 1(284.85); 2(87.79); 3(344.88); 4(779.44); 5(728.8); 6(861.16); 7(25.09); 8(481.17); 9(727.77); 10(29.54); 11(141.02); 12(28.02); 13(195.29); 14(265.21); 15(646.45); 16(591.17); 17(626.99); 18(120.74); 19(800.66); 20(494.75); 21(694.52); 22(599.47); 23(482.98); 24(205.83); 25(911.2); 26(652.56); 27(785.04); 28(574.2); 29(525.32); 30(441.92); 31(459.02); 32(682.2); 33(261.22); 34(637.47); 35(364.71); 36(650.52); 37(614.97); 38(863.16); 39(531.53); 40(715.9); 41(892.1); 42(529.3); 43(775.98); 44(169.66); 45(952.8); 46(95.45); 47(771.71); 48(76.03); 49(12.95); 50(634.63); 51(22.73); 52(724.92); 53(550.83); 54(372.09); 55(973.61); 56(153.22); 57(931.72); 58(17.03); 59(191.98); 60(217.22); 61(757.12); 62(206.65); 63(345.46); 64(356.27); 65(774.28); 66(856.61); 67(731.16); 68(819.29); 69(962.61); 70(171.15); 71(615.53); 72(878.1); 73(288.01); 74(568.82); 75(2.0); 76(104.77); 77(458.05); 78(307.69); 79(626.45); 80(696.5); 81(648.68); 82(486.15); 83(480.84); 84(125.99); 85(211.74); 86(400.02); 87(564.74); 88(781.99); 89(162.94); 90(245.46); 91(800.29); 92(350.63); 93(642.58); 94(160.13); 95(849.71); 96(198.58); 97(274.01); 98(195.35); 99(275.33); 100(5.05); 101(998.43); 102(293.38); 103(462.32); 104(664.94); 105(958.17); 106(599.32); 107(421.03); 108(185.16); 109(964.44); 110(663.9); 111(392.98); 112(929.79); 113(753.16); 114(229.84); 115(308.04); 116(71.78); 117(992.29); 118(568.85); 119(254.07); 120(477.96); 121(71.36); 122(387.61); 123(914.39); 124(245.44); 125(233.24); 126(914.02); 127(598.68); 128(493.04); 129(128.45); 130(320.0); 131(643.01); 132(279.05); 133(742.9); 134(77.46); 135(876.18); 136(710.03); 137(385.0); 138(482.4); 139(824.73); 140(557.64); 141(99.97); 142(637.48); 143(582.16); 144(122.13); 145(287.31); 146(425.43); 147(65.96); 148(529.03); 149(435.55); 150(520.74); 151(883.79); 152(226.29); 153(876.12); 154(773.41); 155(485.22); 156(977.94); 157(454.47); 158(255.59); 159(828.34); 160(877.86); 161(61.81); 162(172.88); 163(206.48); 164(514.99); 166(227.62); 167(650.58); 168(386.67); 169(408.91); 170(287.0); 171(385.96); 172(13.41); 173(83.89); 174(797.44); 175(225.69); 176(921.12); 177(26.47); 178(480.17); 179(316.93); 180(414.4); 181(925.74); 182(515.75); 183(522.36); 184(877.33); 185(943.7); 186(573.14); 187(337.56); 188(333.0); 189(488.33); 190(747.89); 191(555.96); 192(28.78); 193(392.59); 194(209.31); 195(205.48); 196(14.2); 197(846.77); 198(875.89); 199(418.15); 200(610.76); 201(563.91); 202(47.06); 203(452.87); 204(775.43); 205(24.12); 206(498.43); 207(41.07); 208(665.52); 209(174.65); 210(721.5); 211(644.54); 212(276.04); 213(566.31); 214(494.81); 215(368.08); 216(907.2); 217(919.21); 218(120.84); 219(177.64); 220(696.04); 221(392.78); 222(507.36); 223(561.43); 224(467.62); 225(664.84); 226(364.35); 227(683.69); 228(609.12); 229(207.79); 230(621.08); 231(939.06); 232(270.12); 233(752.97); 234(853.57); 235(666.71); 236(846.89); 237(839.42); 238(271.57); 239(813.67); 240(362.13); 241(679.92); 242(838.71); 243(171.53); 244(90.33); 245(254.39); 246(277.76); 247(184.64); 248(873.01); 249(302.63); 250(855.17); 251(153.74); 252(518.56); 253(178.23); 254(102.46); 255(603.92); 256(943.61); 257(972.4); 258(799.22); 259(263.97); 260(668.01); 261(398.15); 262(429.76); 263(219.84); 264(737.22); 265(144.67); 266(338.82); 267(131.2); 268(927.56); 269(243.54); 270(72.18); 271(735.78); 272(992.42); 273(218.14); 274(436.96); 275(960.29); 276(446.98); 277(450.17); 278(511.88); 279(882.78); 280(392.08); 281(133.7); 282(899.05); 283(579.55); 284(297.15); 285(880.03); 286(374.79); 287(529.99); 288(549.33); 289(101.78); 290(917.82); 291(314.1); 292(15.38); 293(963.7); 294(868.71); 295(920.23); 296(706.27); 297(795.56); 298(697.01); 299(463.3); 300(183.86); 301(599.65); 302(419.23); 303(953.62); 304(394.34); 305(687.75); 306(694.98); 307(776.87); 308(721.49); 309(320.48); 310(50.12); 311(338.8); 312(578.61); 313(490.6); 314(911.69); 315(885.53); 316(756.16); 317(401.74); 318(90.53); 319(401.96); 320(82.28); 321(132.44); 322(678.39); 323(47.34); 324(159.57); 325(635.4); 326(769.77); 327(478.72); 328(418.67); 329(515.36); 330(312.17); 331(542.01); 332(206.73); 333(759.03); 334(642.28); 335(251.32); 336(110.11); 337(656.27); 338(949.08); 339(661.31); 340(533.46); 341(874.71); 342(16.18); 343(477.9); 344(376.72); 345(837.19); 346(986.56); 347(97.04); 348(786.26); 349(614.99); 350(741.08); 351(657.05); 352(406.02); 353(627.14); 354(720.12); 355(243.37); 356(504.42); 357(376.18); 358(853.33); 359(385.31); 360(216.03); 361(342.55); 362(224.9); 363(977.29); 364(396.25); 365(995.22); 366(808.09); 367(859.98); 368(559.55); 369(930.25); 370(685.53); 371(959.75); 372(917.85); 373(617.16); 374(996.78); 375(549.08); 376(557.86); 377(95.65); 378(645.29); 379(273.43); 380(914.94); 381(988.14); 382(324.23); 383(70.2); 384(588.88); 385(776.44); 386(551.8); 387(280.66); 388(128.51); 389(411.58); 390(938.21); 391(499.9); 392(940.62); 393(86.72); 394(596.19); 395(193.01); 396(766.85); 397(438.19); 398(490.99); 399(665.87); 400(102.58); 401(838.63); 402(763.78); 403(79.42); 404(578.8); 405(324.18); 406(850.91); 407(478.25); 408(888.11); 409(656.12); 410(727.07); 411(366.87); 412(852.1); 413(533.12); 414(863.1); 415(166.97); 416(343.57); 417(594.91); 418(929.62); 419(170.58); 420(100.68); 421(995.27); 422(899.08); 423(380.6); 424(361.31); 425(861.61); 426(449.64); 427(7.07); 428(391.26); 429(591.34); 430(216.84); 431(503.83); 432(707.57); 433(487.43); 434(872.94); 435(236.59); 436(858.75); 437(357.62); 438(483.01); 439(956.42); 440(54.75); 441(20.66); 442(932.94); 443(932.59); 444(94.45); 445(185.53); 446(809.59); 447(531.02); 448(529.54); 449(535.31); 450(103.53); 451(54.11); 452(475.21); 453(208.47); 454(141.0); 455(538.74); 456(750.23); 457(271.17); 458(165.7); 459(190.66); 460(105.35); 461(179.35); 462(802.66); 463(811.52); 464(144.85); 465(951.87); 466(301.17); 467(951.16); 468(227.84); 469(192.6); 470(660.77); 471(508.0); 472(916.27); 473(765.88); 474(240.75); 475(651.67); 476(296.38); 477(382.15); 478(192.16); 479(511.82); 480(402.33); 481(178.36); 482(256.6); 483(741.17); 484(150.18); 485(528.37); 486(475.07); 487(127.27); 488(404.2); 489(959.21); 490(878.66); 491(115.01); 492(387.92); 493(15.76); 494(655.37); 495(642.6); 496(171.65); 497(650.93); 498(858.07); 499(88.36),2
166,0(347.2); 1(834.52); 2(660.05); 3(127.55); 4(881.84); 5(648.42); 6(79.34); 7(255.69); 8(599.77); 9(86.98); 10(426.85); 11(749.98); 12(131.48); 13(145.38); 14(7.77); 15(877.36); 16(837.19); 17(597.1); 18(5.21); 19(821.25); 20(779.21); 21(84.82); 22(737.82); 23(743.76); 24(507.97); 25(90.67); 26(36.21); 27(239.37); 28(483.87); 29(627.86); 30(847.43); 31(959.6); 32(138.18); 33(645.06); 34(652.81); 35(489.12); 36(738.04); 37(863.4); 38(772.45); 39(872.77); 40(102.09); 41(539.55); 42(592.59); 43(788.89); 44(599.32); 45(373.46); 46(220.61); 47(301.78); 48(347.87); 49(431.32); 50(546.65); 51(529.05); 52(615.2); 53(24.98); 54(493.19); 55(614.39); 56(391.83); 57(555.97); 58(101.78); 59(376.15); 60(408.45); 61(669.75); 62(37.22); 63(958.89); 64(74.22); 65(409.3); 66(502.68); 67(351.24); 68(380.25); 69(743.94); 70(930.33); 71(735.59); 72(56.16); 73(604.11); 74(387.47); 75(861.58); 76(300.14); 77(783.86); 78(167.59); 79(372.25); 80(636.45); 81(853.82); 82(994.2); 83(179.31); 84(254.0); 85(141.27); 86(344.87); 87(268.12); 88(154.85); 89(993.29); 90(776.73); 91(653.51); 92(639.99); 93(813.06); 94(838.67); 95(970.78); 96(735.21); 97(45.74); 98(557.3); 99(806.64); 100(838.75); 101(44.35); 102(130.76); 103(730.64); 104(548.84); 105(164.4); 106(339.16); 107(773.94); 108(168.95); 109(316.09); 110(530.96); 111(685.69); 112(126.3); 113(461.54); 114(268.18); 115(958.24); 116(265.64); 117(56.5); 118(339.21); 119(731.61); 120(849.92); 121(582.72); 122(877.22); 123(227.68); 124(139.14); 125(450.45); 126(34.09); 127(26.52); 128(782.87); 129(50.82); 130(37.84); 131(690.3); 132(889.7); 133(468.21); 134(552.48); 135(196.75); 136(824.64); 137(960.89); 138(136.42); 139(501.52); 140(831.13); 141(685.45); 142(25.16); 143(611.8); 144(710.5); 145(821.85); 146(216.73); 147(958.62); 148(78.0); 149(763.93); 150(542.02); 151(391.93); 152(804.47); 153(10.99); 154(177.29); 155(26.19); 156(231.41); 157(794.83); 158(355.61); 159(556.97); 160(682.81); 161(755.64); 162(294.29); 163(625.74); 164(250.56); 165(227.62); 167(24.88); 168(334.83); 169(130.92); 170(683.07); 171(221.17); 172(974.03); 173(299.15); 174(341.59); 175(187.57); 176(262.61); 177(315.88); 178(594.99); 179(435.67); 180(100.16); 181(268.27); 182(197.66); 183(527.71); 184(894.21); 185(306.65); 186(375.92); 187(298.06); 188(64.73); 189(404.3); 190(882.26); 191(504.99); 192(386.11); 193(253.54); 194(773.03); 195(65.96); 196(977.0); 197(73.39); 198(694.51); 199(368.48); 200(483.82); 201(222.02); 202(598.97); 203(631.77); 204(367.6); 205(137.03); 206(674.64); 207(853.0); 208(825.68); 209(355.08); 210(95.55); 211(726.87); 212(186.91); 213(219.01); 214(233.03); 215(965.67); 216(638.14); 217(12.27); 218(661.14); 219(958.36); 220(514.88); 221(257.81); 222(543.1); 223(367.55); 224(198.24); 225(513.63); 226(423.78); 227(859.73); 228(60.31); 229(54.19); 230(796.08); 231(659.42); 232(580.61); 233(902.56); 234(0.97); 235(267.46); 236(402.18); 237(915.13); 238(714.35); 239(143.7); 240(565.42); 241(359.96); 242(497.98); 243(848.39); 244(21.97); 245(379.75); 246(389.29); 247(863.31); 248(360.8); 249(450.29); 250(216.78); 251(780.17); 252(494.83); 253(787.62); 254(333.99); 255(820.85); 256(134.46); 257(783.09); 258(13.96); 259(93.49); 260(38.94); 261(380.81); 262(793.76); 263(411.14); 264(696.81); 265(456.94); 266(778.46); 267(175.35); 268(424.87); 269(907.39); 270(396.75); 271(845.89); 272(431.59); 273(932.99); 274(745.02); 275(426.49); 276(848.55); 277(600.69); 278(983.17); 279(528.99); 280(667.91); 281(555.84); 282(215.5); 283(709.17); 284(165.33); 285(880.16); 286(679.47); 287(292.3); 288(724.49); 289(392.03); 290(910.55); 291(218.27); 292(74.72); 293(343.73); 294(989.92); 295(736.37); 296(245.07); 297(732.37); 298(779.81); 299(281.7); 300(853.74); 301(839.92); 302(14.68); 303(821.65); 304(3.48); 305(727.03); 306(969.19); 307(916.46); 308(360.18); 309(377.33); 310(611.93); 311(306.48); 312(386.31); 313(863.95); 314(567.25); 315(843.03); 316(281.86); 317(524.55); 318(914.97); 319(527.34); 320(421.25); 321(267.52); 322(725.0); 323(987.62); 324(757.86); 325(80.7); 326(535.08); 327(988.25); 328(620.32); 329(931.64); 330(386.5); 331(394.92); 332(818.64); 333(626.09); 334(629.94); 335(73.82); 336(696.45); 337(532.17); 338(15.09); 339(177.51); 340(573.76); 341(461.89); 342(181.43); 343(183.94); 344(594.49); 345(794.74); 346(276.57); 347(790.43); 348(381.16); 349(479.05); 350(214.12); 351(709.78); 352(348.54); 353(828.48); 354(352.92); 355(171.72); 356(18.85); 357(753.52); 358(296.72); 359(226.17); 360(323.97); 361(511.3); 362(198.26); 363(643.92); 364(645.72); 365(217.87); 366(745.43); 367(666.92); 368(14.96); 369(516.68); 370(199.1); 371(115.13); 372(472.86); 373(780.1); 374(454.75); 375(670.2); 376(728.76); 377(930.2); 378(858.33); 379(459.97); 380(369.3); 381(239.04); 382(103.32); 383(324.55); 384(541.22); 385(505.85); 386(225.74); 387(79.24); 388(322.98); 389(15.64); 390(968.3); 391(87.94); 392(50.29); 393(25.2); 394(113.41); 395(298.43); 396(880.79); 397(272.07); 398(743.11); 399(968.81); 400(20.11); 401(521.6); 402(0.47); 403(720.44); 404(401.27); 405(771.05); 406(935.14); 407(324.97); 408(897.19); 409(190.96); 410(791.36); 411(920.61); 412(611.16); 413(526.65); 414(433.53); 415(298.54); 416(744.72); 417(231.1); 418(65.72); 419(263.57); 420(657.64); 421(369.47); 422(643.08); 423(867.11); 424(385.32); 425(783.17); 426(312.8); 427(50.65); 428(282.37); 429(943.71); 430(206.65); 431(159.12); 432(906.9); 433(66.2); 434(83.24); 435(733.37); 436(817.56); 437(961.56); 438(64.95); 439(923.13); 440(796.35); 441(824.07); 442(606.57); 443(989.26); 444(74.53); 445(356.23); 446(323.7); 447(566.6); 448(333.52); 449(943.51); 450(180.08); 451(850.79); 452(898.48); 453(329.95); 454(716.04); 455(512.81); 456(371.72); 457(921.34); 458(577.08); 459(2.39); 460(895.31); 461(138.79); 462(163.23); 463(11.83); 464(77.26); 465(822.8); 466(524.0); 467(529.18); 468(815.26); 469(33.54); 470(609.29); 471(449.8); 472(964.68); 473(967.4); 474(513.83); 475(886.02); 476(171.81); 477(930.48); 478(332.12); 479(998.73); 480(517.09); 481(610.51); 482(897.83); 483(967.42); 484(456.01); 485(965.72); 486(681.66); 487(775.59); 488(975.07); 489(173.02); 490(984.66); 491(776.22); 492(658.11); 493(887.9); 494(959.22); 495(99.06); 496(994.34); 497(796.34); 498(949.37); 499(736.1),1
167,0(371.64); 1(3.44); 2(361.49); 3(772.56); 4(776.9); 5(753.34); 6(197.89); 7(303.72); 8(357.4); 9(583.6); 10(742.53); 11(18.58); 12(158.68); 13(922.08); 14(460.14); 15(464.87); 16(589.79); 17(443.43); 18(85.28); 19(539.98); 20(24.46); 21(592.81); 22(606.52); 23(119.58); 24(956.59); 25(346.95); 26(45.8); 27(38.24); 28(423.83); 29(44.09); 30(665.93); 31(56.72); 32(52.83); 33(21.81); 34(664.27); 35(625.54); 36(795.03); 37(358.66); 38(677.03); 39(762.01); 40(761.07); 41(831.61); 42(625.86); 43(906.78); 44(303.27); 45(605.42); 46(536.08); 47(439.14); 48(478.14); 49(731.43); 50(140.27); 51(177.22); 52(712.81); 53(581.38); 54(693.21); 55(307.47); 56(762.28); 57(774.93); 58(368.46); 59(671.09); 60(655.44); 61(657.59); 62(432.09); 63(213.78); 64(437.42); 65(92.8); 66(803.0); 67(809.16); 68(708.96); 69(340.87); 70(790.4); 71(478.81); 72(810.4); 73(988.05); 74(893.5); 75(196.83); 76(813.56); 77(479.76); 78(135.73); 79(863.89); 80(99.36); 81(142.71); 82(410.17); 83(708.8); 84(435.76); 85(599.23); 86(72.42); 87(262.0); 88(649.88); 89(820.25); 90(396.98); 91(764.91); 92(331.02); 93(578.88); 94(842.72); 95(972.79); 96(556.28); 97(613.87); 98(830.13); 99(279.37); 100(677.21); 101(482.54); 102(1.61); 103(176.69); 104(340.11); 105(982.74); 106(118.31); 107(294.95); 108(428.91); 109(881.45); 110(945.01); 111(106.51); 112(659.72); 113(676.67); 114(457.38); 115(488.88); 116(842.21); 117(457.34); 118(833.11); 119(624.16); 120(315.78); 121(744.09); 122(968.69); 123(771.12); 124(243.84); 125(789.19); 126(722.85); 127(722.58); 128(348.14); 129(853.45); 130(904.91); 131(765.78); 132(724.99); 133(652.66); 134(844.98); 135(652.87); 136(853.48); 137(937.52); 138(562.35); 139(532.07); 140(123.71); 141(318.97); 142(359.27); 143(988.18); 144(285.39); 145(187.1); 146(200.03); 147(454.17); 148(673.75); 149(480.54); 150(322.61); 151(938.58); 152(182.28); 153(710.7); 154(25.16); 155(583.6); 156(425.75); 157(100.08); 158(623.78); 159(588.79); 160(96.75); 161(256.64); 162(59.19); 163(70.91); 164(839.94); 165(650.58); 166(24.88); 168(81.8); 169(812.74); 170(676.32); 171(836.68); 172(957.78); 173(61.06); 174(638.89); 175(918.0); 176(815.03); 177(436.52); 178(662.42); 179(463.63); 180(697.32); 181(895.78); 182(21.55); 183(195.93); 184(164.83); 185(317.71); 186(209.81); 187(760.37); 188(583.57); 189(232.08); 190(483.08); 191(540.12); 192(501.37); 193(293.13); 194(415.15); 195(74.59); 196(639.4); 197(722.31); 198(400.16); 199(670.65); 200(204.07); 201(986.57); 202(915.53); 203(307.42); 204(676.52); 205(755.12); 206(751.99); 207(339.42); 208(383.09); 209(462.19); 210(424.85); 211(526.01); 212(791.1); 213(555.12); 214(479.75); 215(285.41); 216(438.93); 217(377.58); 218(923.98); 219(804.43); 220(422.73); 221(986.47); 222(215.97); 223(864.18); 224(955.88); 225(841.67); 226(731.62); 227(629.21); 228(951.53); 229(114.0); 230(926.75); 231(623.07); 232(568.56); 233(866.02); 234(711.92); 235(903.11); 236(915.45); 237(482.29); 238(521.24); 239(680.69); 240(79.73); 241(851.57); 242(513.27); 243(993.83); 244(899.68); 245(370.26); 246(944.47); 247(727.15); 248(331.28); 249(217.86); 250(296.06); 251(24.81); 252(60.58); 253(970.09); 254(513.17); 255(174.57); 256(209.02); 257(793.74); 258(241.44); 259(696.8); 260(154.73); 261(957.66); 262(565.32); 263(997.04); 264(676.24); 265(222.68); 266(454.8); 267(835.68); 268(645.93); 269(932.95); 270(501.59); 271(257.87); 272(654.25); 273(180.93); 274(856.28); 275(913.2); 276(892.11); 277(882.51); 278(17.1); 279(954.49); 280(234.31); 281(771.94); 282(938.45); 283(173.17); 284(887.7); 285(569.2); 286(856.82); 287(388.48); 288(298.38); 289(247.9); 290(262.74); 291(300.31); 292(94.84); 293(713.14); 294(895.86); 295(512.44); 296(260.23); 297(267.28); 298(413.26); 299(143.99); 300(70.61); 301(904.09); 302(719.62); 303(625.76); 304(734.91); 305(289.55); 306(487.2); 307(720.8); 308(940.87); 309(89.58); 310(100.63); 311(376.19); 312(157.44); 313(330.14); 314(604.75); 315(634.42); 316(578.33); 317(844.21); 318(11.28); 319(388.72); 320(987.85); 321(764.58); 322(841.82); 323(428.64); 324(330.87); 325(233.95); 326(473.34); 327(337.0); 328(855.89); 329(702.6); 330(621.45); 331(728.6); 332(543.31); 333(294.81); 334(824.71); 335(758.71); 336(481.46); 337(672.24); 338(555.53); 339(390.65); 340(353.07); 341(680.11); 342(816.73); 343(538.71); 344(87.73); 345(139.83); 346(766.63); 347(197.04); 348(367.02); 349(730.92); 350(246.82); 351(612.54); 352(711.72); 353(634.06); 354(505.84); 355(860.66); 356(280.09); 357(60.16); 358(663.68); 359(314.25); 360(895.1); 361(477.44); 362(289.13); 363(387.02); 364(224.77); 365(562.45); 366(550.3); 367(436.41); 368(442.88); 369(131.38); 370(338.71); 371(965.63); 372(852.25); 373(326.72); 374(761.97); 375(599.84); 376(72.11); 377(815.25); 378(893.11); 379(380.1); 380(460.67); 381(512.35); 382(990.79); 383(11.33); 384(952.28); 385(277.72); 386(125.51); 387(922.23); 388(675.57); 389(126.55); 390(170.03); 391(45.48); 392(47.22); 393(615.23); 394(869.62); 395(840.56); 396(987.29); 397(647.43); 398(889.59); 399(182.78); 400(843.82); 401(69.15); 402(519.67); 403(710.74); 404(486.52); 405(841.97); 406(665.07); 407(675.95); 408(79.52); 409(704.23); 410(860.01); 411(503.73); 412(587.98); 413(875.0); 414(887.98); 415(211.87); 416(893.21); 417(704.54); 418(364.18); 419(80.75); 420(703.41); 421(239.92); 422(490.1); 423(4.57); 424(18.87); 425(91.08); 426(879.61); 427(926.16); 428(785.76); 429(501.14); 430(504.19); 431(835.87); 432(417.99); 433(915.49); 434(759.71); 435(502.69); 436(109.34); 437(775.85); 438(62.61); 439(492.43); 440(361.9); 441(144.46); 442(918.03); 443(563.04); 444(754.28); 445(9.69); 446(397.54); 447(920.63); 448(73.72); 449(979.97); 450(529.03); 451(361.87); 452(836.05); 453(500.64); 454(366.53); 455(982.59); 456(581.62); 457(976.2); 458(466.73); 459(671.99); 460(261.65); 461(756.37); 462(477.56); 463(526.41); 464(311.55); 465(889.75); 466(135.62); 467(901.4); 468(845.42); 469(601.74); 470(2.44); 471(674.71); 472(711.39); 473(193.55); 474(881.3); 475(755.96); 476(449.93); 477(977.35); 478(416.78); 479(688.48); 480(17.01); 481(982.59); 482(518.59); 483(859.34); 484(718.84); 485(31.31); 486(128.06); 487(622.01); 488(614.97); 489(844.47); 490(154.79); 491(304.14); 492(501.06); 493(86.05); 494(945.87); 495(504.69); 496(758.82); 497(202.71); 498(602.36); 499(228.92),2
168,0(638.84); 1(381.78); 2(521.04); 3(940.41); 4(627.99); 5(36.78); 6(245.36); 7(412.76); 8(559.38); 9(209.62); 10(932.21); 11(51.7); 12(116.88); 13(675.22); 14(864.0); 15(337.87); 16(774.06); 17(834.65); 18(983.4); 19(561.11); 20(790.19); 21(235.58); 22(918.63); 23(739.13); 24(93.2); 25(776.08); 26(131.71); 27(131.34); 28(294.16); 29(333.43); 30(243.14); 31(560.96); 32(276.58); 33(308.44); 34(714.92); 35(220.75); 36(203.89); 37(60.39); 38(174.21); 39(895.74); 40(943.39); 41(538.63); 42(434.96); 43(739.13); 44(883.24); 45(205.59); 46(10.24); 47(298.73); 48(979.02); 49(638.64); 50(659.18); 51(633.82); 52(607.94); 53(760.92); 54(133.11); 55(698.01); 56(926.64); 57(2.68); 58(787.86); 59(699.13); 60(522.12); 61(51.13); 62(667.92); 63(554.36); 64(704.29); 65(956.86); 66(866.36); 67(517.78); 68(76.51); 69(357.71); 70(590.96); 71(26.44); 72(361.53); 73(843.71); 74(145.85); 75(804.53); 76(576.23); 77(76.65); 78(977.41); 79(166.52); 80(459.79); 81(950.14); 82(686.92); 83(206.31); 84(420.75); 85(226.45); 86(351.54); 87(137.79); 88(274.53); 89(383.0); 90(266.99); 91(788.7); 92(89.81); 93(200.33); 94(116.12); 95(787.26); 96(479.67); 97(81.35); 98(691.61); 99(198.37); 100(845.83); 101(968.27); 102(285.89); 103(880.96); 104(407.29); 105(155.76); 106(324.98); 107(806.3); 108(573.21); 109(498.93); 110(928.87); 111(102.14); 112(899.2); 113(952.49); 114(659.32); 115(940.91); 116(627.94); 117(512.76); 118(45.32); 119(867.3); 120(664.58); 121(771.35); 122(460.48); 123(757.49); 124(982.9); 125(96.51); 126(230.6); 127(421.93); 128(992.23); 129(603.0); 130(8.7); 131(973.85); 132(283.41); 133(995.34); 134(65.9); 135(798.43); 136(793.65); 137(887.79); 138(233.08); 139(667.12); 140(249.48); 141(31.24); 142(49.72); 143(455.0); 144(711.48); 145(580.6); 146(43.15); 147(566.22); 148(668.98); 149(878.56); 150(223.56); 151(428.04); 152(330.65); 153(384.76); 154(445.71); 155(930.55); 156(332.74); 157(913.34); 158(329.43); 159(192.8); 160(764.31); 161(711.03); 162(864.55); 163(922.21); 164(106.31); 165(386.67); 166(334.83); 167(81.8); 169(496.19); 170(584.03); 171(80.75); 172(8.99); 173(383.0); 174(887.94); 175(592.99); 176(921.03); 177(345.66); 178(499.35); 179(395.75); 180(296.7); 181(486.39); 182(765.42); 183(266.83); 184(160.96); 185(474.82); 186(211.88); 187(273.16); 188(37.91); 189(897.81); 190(344.45); 191(869.99); 192(982.78); 193(153.85); 194(486.54); 195(643.08); 196(883.27); 197(218.18); 198(848.93); 199(192.65); 200(527.95); 201(508.42); 202(86.28); 203(416.95); 204(350.76); 205(797.37); 206(426.3); 207(77.2); 208(643.06); 209(616.77); 210(407.9); 211(294.11); 212(355.59); 213(960.9); 214(606.96); 215(595.9); 216(488.88); 217(44.56); 218(279.84); 219(498.5); 220(27.6); 221(332.5); 222(35.35); 223(608.94); 224(297.38); 225(995.3); 226(64.4); 227(854.61); 228(231.85); 229(146.29); 230(789.3); 231(29.39); 232(1.35); 233(872.95); 234(497.35); 235(278.36); 236(248.25); 237(468.9); 238(780.97); 239(196.37); 240(583.17); 241(356.09); 242(672.29); 243(124.36); 244(730.47); 245(721.42); 246(567.74); 247(458.46); 248(945.65); 249(522.5); 250(571.38); 251(83.29); 252(83.77); 253(546.86); 254(883.01); 255(768.01); 256(399.68); 257(473.27); 258(529.0); 259(197.93); 260(277.77); 261(397.65); 262(300.4); 263(682.73); 264(935.3); 265(326.96); 266(794.23); 267(105.92); 268(652.06); 269(526.49); 270(726.92); 271(457.91); 272(54.96); 273(354.98); 274(925.13); 275(915.47); 276(969.05); 277(243.81); 278(525.63); 279(620.67); 280(948.11); 281(496.7); 282(436.17); 283(327.87); 284(667.45); 285(885.3); 286(240.16); 287(156.3); 288(785.73); 289(212.9); 290(29.35); 291(608.03); 292(331.58); 293(499.07); 294(200.98); 295(344.86); 296(336.25); 297(317.91); 298(381.28); 299(141.47); 300(351.34); 301(626.17); 302(809.61); 303(712.88); 304(160.49); 305(351.45); 306(52.21); 307(203.95); 308(781.76); 309(84.2); 310(113.12); 311(782.48); 312(322.42); 313(6.36); 314(69.23); 315(625.32); 316(686.71); 317(998.68); 318(821.7); 319(88.55); 320(603.34); 321(218.97); 322(855.85); 323(379.65); 324(172.94); 325(246.52); 326(871.17); 327(610.1); 328(845.01); 329(987.05); 330(728.15); 331(881.09); 332(608.93); 333(444.82); 334(726.84); 335(194.36); 336(445.36); 337(327.42); 338(676.24); 339(855.87); 340(627.03); 341(623.2); 342(230.94); 343(455.94); 344(156.27); 345(757.6); 346(788.76); 347(4.3); 348(731.14); 349(427.89); 350(307.15); 351(537.53); 352(182.93); 353(721.05); 354(165.39); 355(14.92); 356(134.36); 357(431.98); 358(820.87); 359(55.9); 360(273.46); 361(799.98); 362(312.51); 363(65.35); 364(613.64); 365(147.85); 366(472.29); 367(831.47); 368(878.56); 369(80.56); 370(97.59); 371(768.07); 372(916.01); 373(943.96); 374(516.63); 375(157.04); 376(584.98); 377(834.35); 378(866.21); 379(720.09); 380(517.25); 381(654.76); 382(708.82); 383(958.26); 384(665.19); 385(494.25); 386(755.99); 387(161.86); 388(86.34); 389(556.0); 390(565.93); 391(177.16); 392(484.08); 393(618.96); 394(219.7); 395(178.15); 396(997.41); 397(493.84); 398(744.88); 399(251.45); 400(401.89); 401(655.11); 402(885.51); 403(791.19); 404(66.86); 405(372.02); 406(982.7); 407(905.92); 408(756.76); 409(778.47); 410(851.2); 411(923.53); 412(462.57); 413(668.75); 414(537.45); 415(638.26); 416(245.02); 417(621.75); 418(813.1); 419(275.88); 420(745.27); 421(726.64); 422(179.61); 423(866.19); 424(964.21); 425(931.19); 426(393.47); 427(596.77); 428(447.91); 429(236.6); 430(228.4); 431(59.98); 432(994.44); 433(848.88); 434(251.83); 435(729.21); 436(59.98); 437(363.69); 438(349.69); 439(393.23); 440(883.17); 441(111.5); 442(656.42); 443(709.68); 444(948.25); 445(595.9); 446(400.92); 447(645.47); 448(37.48); 449(141.92); 450(241.33); 451(645.22); 452(301.57); 453(982.54); 454(986.62); 455(241.79); 456(863.26); 457(699.03); 458(311.0); 459(807.96); 460(439.67); 461(852.89); 462(492.03); 463(533.35); 464(82.15); 465(522.37); 466(359.12); 467(701.32); 468(658.83); 469(23.43); 470(41.95); 471(429.65); 472(716.86); 473(836.06); 474(705.96); 475(610.89); 476(173.18); 477(365.67); 478(654.33); 479(889.71); 480(554.13); 481(297.72); 482(159.31); 483(669.94); 484(256.14); 485(338.17); 486(408.37); 487(717.17); 488(581.93); 489(498.79); 490(216.87); 491(890.67); 492(470.12); 493(958.32); 494(20.91); 495(101.38); 496(782.39); 497(805.96); 498(316.89); 499(270.95),1
169,0(709.32); 1(917.32); 2(467.77); 3(191.15); 4(349.46); 5(161.1); 6(717.21); 7(363.63); 8(918.03); 9(378.76); 10(102.87); 11(114.41); 12(400.8); 13(152.75); 14(600.8); 15(622.92); 16(136.59); 17(509.11); 18(881.19); 19(334.75); 20(301.45); 21(28.48); 22(486.99); 23(929.93); 24(846.4); 25(713.18); 26(442.0); 27(598.4); 28(180.42); 29(400.32); 30(412.85); 31(380.29); 32(382.41); 33(493.8); 34(244.54); 35(323.52); 36(70.48); 37(933.19); 38(907.22); 39(73.04); 40(328.25); 41(146.24); 42(349.78); 43(237.21); 44(692.89); 45(959.23); 46(416.48); 47(485.26); 48(430.49); 49(728.75); 50(115.42); 51(691.9); 52(803.15); 53(415.37); 54(77.13); 55(138.17); 56(373.74); 57(68.8); 58(608.56); 59(475.15); 60(535.31); 61(452.42); 62(74.82); 63(75.81); 64(339.05); 65(394.44); 66(263.28); 67(470.89); 68(223.34); 69(506.1); 70(105.8); 71(764.77); 72(942.24); 73(187.6); 74(436.68); 75(435.2); 76(193.05); 77(749.79); 78(652.88); 79(499.79); 80(420.68); 81(888.98); 82(454.7); 83(654.3); 84(917.39); 85(804.24); 86(564.36); 87(245.06); 88(86.55); 89(780.43); 90(56.26); 91(843.71); 92(380.51); 93(634.29); 94(558.73); 95(651.14); 96(968.86); 97(773.94); 98(919.79); 99(687.21); 100(96.7); 101(516.0); 102(992.25); 103(662.03); 104(561.11); 105(237.36); 106(549.06); 107(300.84); 108(347.0); 109(137.93); 110(896.22); 111(964.07); 112(813.87); 113(877.88); 114(566.0); 115(855.58); 116(438.15); 117(954.77); 118(314.77); 119(391.48); 120(617.35); 121(311.51); 122(773.91); 123(669.4); 124(456.33); 125(804.92); 126(529.27); 127(886.92); 128(276.32); 129(823.54); 130(459.39); 131(685.29); 132(549.72); 133(354.79); 134(189.67); 135(86.62); 136(422.41); 137(621.41); 138(153.45); 139(536.67); 140(320.57); 141(446.15); 142(970.88); 143(704.05); 144(670.88); 145(78.76); 146(985.67); 147(112.25); 148(614.12); 149(366.71); 150(646.54); 151(670.68); 152(397.18); 153(529.97); 154(960.38); 155(267.06); 156(609.63); 157(371.49); 158(925.36); 159(561.31); 160(766.19); 161(443.4); 162(251.73); 163(929.98); 164(643.05); 165(408.91); 166(130.92); 167(812.74); 168(496.19); 170(58.3); 171(787.57); 172(844.25); 173(77.55); 174(118.29); 175(829.31); 176(680.23); 177(151.53); 178(538.23); 179(926.33); 180(747.14); 181(337.46); 182(605.92); 183(680.43); 184(784.83); 185(203.82); 186(487.02); 187(332.05); 188(131.36); 189(200.1); 190(459.87); 191(85.19); 192(1.17); 193(827.3); 194(655.47); 195(613.95); 196(860.39); 197(206.77); 198(46.56); 199(181.11); 200(354.27); 201(436.35); 202(925.58); 203(303.41); 204(805.59); 205(3.88); 206(663.38); 207(626.11); 208(817.46); 209(564.86); 210(744.13); 211(476.9); 212(68.03); 213(883.57); 214(738.35); 215(714.86); 216(808.55); 217(945.48); 218(848.32); 219(499.21); 220(600.47); 221(12.28); 222(953.35); 223(108.95); 224(23.17); 225(545.75); 226(76.7); 227(561.94); 228(531.85); 229(356.13); 230(952.44); 231(766.94); 232(627.07); 233(924.28); 234(514.41); 235(674.26); 236(400.29); 237(225.22); 238(196.26); 239(396.41); 240(329.21); 241(443.62); 242(433.51); 243(55.97); 244(347.69); 245(431.07); 246(307.71); 247(245.09); 248(71.28); 249(177.95); 250(479.07); 251(174.52); 252(635.3); 253(863.8); 254(575.34); 255(578.62); 256(547.48); 257(162.21); 258(831.92); 259(145.13); 260(597.32); 261(669.89); 262(955.45); 263(842.69); 264(266.71); 265(768.25); 266(565.52); 267(717.15); 268(881.52); 269(110.23); 270(510.74); 271(765.36); 272(116.19); 273(242.91); 274(654.57); 275(369.27); 276(928.11); 277(909.77); 278(751.56); 279(505.94); 280(676.39); 281(618.28); 282(80.94); 283(280.11); 284(864.85); 285(679.42); 286(644.22); 287(559.21); 288(721.52); 289(54.56); 290(136.6); 291(786.05); 292(140.28); 293(374.13); 294(138.15); 295(120.24); 296(967.83); 297(545.37); 298(80.65); 299(898.11); 300(983.99); 301(230.36); 302(550.68); 303(659.77); 304(283.34); 305(779.15); 306(29.13); 307(943.16); 308(182.24); 309(891.98); 310(533.78); 311(88.5); 312(452.91); 313(488.15); 314(554.51); 315(450.93); 316(269.88); 317(999.15); 318(917.94); 319(718.15); 320(669.06); 321(818.36); 322(364.77); 323(388.56); 324(55.45); 325(776.12); 326(961.44); 327(882.62); 328(763.11); 329(518.16); 330(860.81); 331(914.1); 332(207.94); 333(493.61); 334(814.06); 335(680.43); 336(975.56); 337(109.08); 338(157.63); 339(87.3); 340(739.9); 341(819.21); 342(843.01); 343(827.87); 344(960.98); 345(424.4); 346(584.46); 347(88.09); 348(817.33); 349(341.75); 350(627.29); 351(436.73); 352(412.73); 353(628.0); 354(840.95); 355(22.99); 356(428.64); 357(711.79); 358(370.24); 359(167.71); 360(603.6); 361(118.65); 362(276.66); 363(593.4); 364(796.43); 365(519.88); 366(323.83); 367(889.0); 368(244.13); 369(953.06); 370(304.87); 371(152.38); 372(648.5); 373(305.66); 374(117.59); 375(831.2); 376(951.16); 377(126.54); 378(262.15); 379(480.48); 380(993.57); 381(448.91); 382(194.01); 383(65.0); 384(573.13); 385(311.16); 386(669.07); 387(162.03); 388(549.89); 389(241.31); 390(208.08); 391(442.22); 392(138.33); 393(290.44); 394(691.84); 395(675.71); 396(95.53); 397(288.66); 398(999.53); 399(64.11); 400(530.81); 401(811.96); 402(562.55); 403(110.82); 404(632.94); 405(950.44); 406(484.29); 407(82.39); 408(11.39); 409(565.36); 410(319.36); 411(733.89); 412(131.74); 413(686.78); 414(319.18); 415(124.84); 416(528.57); 417(116.97); 418(524.84); 419(908.73); 420(667.75); 421(74.27); 422(119.91); 423(423.42); 424(850.45); 425(54.15); 426(35.29); 427(180.94); 428(991.2); 429(815.37); 430(713.32); 431(612.22); 432(555.74); 433(283.77); 434(445.92); 435(806.21); 436(510.96); 437(231.43); 438(20.58); 439(177.68); 440(309.97); 441(683.17); 442(703.9); 443(247.54); 444(831.25); 445(125.89); 446(745.19); 447(819.51); 448(29.95); 449(720.18); 450(68.53); 451(118.89); 452(243.47); 453(221.85); 454(322.14); 455(335.19); 456(119.45); 457(538.19); 458(499.75); 459(272.46); 460(782.83); 461(674.34); 462(552.64); 463(581.78); 464(422.7); 465(251.54); 466(757.78); 467(957.11); 468(705.71); 469(4.96); 470(722.66); 471(870.94); 472(227.26); 473(828.5); 474(702.37); 475(600.84); 476(814.46); 477(895.19); 478(548.53); 479(336.69); 480(551.76); 481(978.22); 482(313.03); 483(317.82); 484(235.29); 485(89.87); 486(341.75); 487(56.59); 488(609.89); 489(607.29); 490(947.01); 491(91.48); 492(551.47); 493(544.65); 494(763.68); 495(102.29); 496(156.33); 497(442.38); 498(486.35); 499(255.42),1
170,0(392.25); 1(96.95); 2(5.24); 3(422.97); 4(61.22); 5(344.53); 6(931.57); 7(430.68); 8(83.96); 9(297.59); 10(112.58); 11(867.03); 12(860.44); 13(131.05); 14(735.42); 15(13.31); 16(947.97); 17(252.62); 18(206.65); 19(808.9); 20(743.06); 21(929.83); 22(742.09); 23(440.02); 24(866.54); 25(156.79); 26(608.74); 27(538.68); 28(645.3); 29(582.66); 30(323.35); 31(340.52); 32(161.74); 33(369.12); 34(980.22); 35(794.27); 36(103.66); 37(425.9); 38(457.99); 39(200.04); 40(538.27); 41(463.53); 42(505.37); 43(691.83); 44(654.5); 45(802.25); 46(299.43); 47(730.57); 48(320.93); 49(81.06); 50(204.37); 51(791.39); 52(888.15); 53(182.42); 54(283.9); 55(326.84); 56(994.42); 57(682.38); 58(54.05); 59(517.19); 60(141.9); 61(884.86); 62(207.04); 63(364.74); 64(893.31); 65(776.14); 66(553.82); 67(101.84); 68(545.07); 69(477.85); 70(631.02); 71(667.49); 72(148.8); 73(778.59); 74(273.06); 75(931.63); 76(232.59); 77(116.94); 78(502.43); 79(194.79); 80(516.42); 81(488.5); 82(278.27); 83(280.88); 84(1.8); 85(118.93); 86(470.9); 87(291.83); 88(787.84); 89(734.22); 90(492.32); 91(259.58); 92(948.6); 93(68.87); 94(307.4); 95(475.18); 96(467.01); 97(376.02); 98(157.02); 99(332.87); 100(185.71); 101(102.18); 102(399.67); 103(727.25); 104(422.33); 105(156.92); 106(87.94); 107(226.44); 108(723.98); 109(214.4); 110(78.18); 111(411.8); 112(515.55); 113(326.57); 114(248.4); 115(38.36); 116(371.39); 117(611.75); 118(223.25); 119(892.86); 120(51.36); 121(299.9); 122(17.91); 123(795.4); 124(690.32); 125(468.36); 126(520.08); 127(321.72); 128(838.21); 129(771.27); 130(685.49); 131(719.33); 132(828.0); 133(255.84); 134(640.82); 135(710.36); 136(146.47); 137(270.67); 138(954.06); 139(293.85); 140(287.93); 141(165.24); 142(570.22); 143(663.74); 144(802.85); 145(569.95); 146(639.86); 147(747.19); 148(178.53); 149(861.15); 150(499.31); 151(782.34); 152(55.01); 153(590.95); 154(747.73); 155(324.02); 156(584.7); 157(209.77); 158(100.05); 159(510.58); 160(614.85); 161(629.67); 162(679.32); 163(525.74); 164(382.28); 165(287.0); 166(683.07); 167(676.32); 168(584.03); 169(58.3); 171(461.5); 172(913.06); 173(812.72); 174(936.83); 175(642.21); 176(132.63); 177(687.36); 178(158.98); 179(497.16); 180(934.27); 181(232.15); 182(648.8); 183(820.8); 184(160.98); 185(922.75); 186(974.64); 187(630.96); 188(261.82); 189(984.52); 190(725.62); 191(1.42); 192(922.1); 193(849.31); 194(547.23); 195(57.77); 196(140.22); 197(424.88); 198(143.13); 199(576.28); 200(656.06); 201(472.8); 202(568.09); 203(130.05); 204(936.23); 205(336.73); 206(3.7); 207(538.95); 208(302.29); 209(838.56); 210(575.39); 211(419.94); 212(32.33); 213(537.62); 214(62.61); 215(917.94); 216(711.03); 217(864.6); 218(384.17); 219(71.94); 220(135.49); 221(504.35); 222(922.06); 223(217.09); 224(546.99); 225(971.13); 226(220.73); 227(695.95); 228(416.0); 229(245.51); 230(510.23); 231(799.43); 232(643.69); 233(724.0); 234(468.0); 235(143.32); 236(905.32); 237(274.99); 238(361.33); 239(365.24); 240(147.75); 241(370.57); 242(151.08); 243(64.69); 244(664.02); 245(967.79); 246(80.37); 247(354.6); 248(483.47); 249(53.39); 250(302.42); 251(247.05); 252(544.47); 253(601.98); 254(429.13); 255(474.94); 256(365.38); 257(881.39); 258(41.21); 259(457.35); 260(37.75); 261(496.35); 262(448.16); 263(97.06); 264(752.8); 265(630.64); 266(704.03); 267(465.9); 268(710.85); 269(668.28); 270(581.6); 271(115.67); 272(986.93); 273(326.55); 274(486.97); 275(762.25); 276(20.46); 277(325.18); 278(967.75); 279(333.61); 280(199.12); 281(68.46); 282(744.14); 283(212.25); 284(616.94); 285(877.66); 286(228.97); 287(428.42); 288(621.72); 289(285.07); 290(739.37); 291(333.24); 292(74.92); 293(631.75); 294(983.98); 295(987.45); 296(447.99); 297(857.92); 298(987.5); 299(231.59); 300(965.56); 301(953.34); 302(184.76); 303(237.31); 304(273.99); 305(225.46); 306(554.27); 307(84.79); 308(23.21); 309(226.29); 310(557.94); 311(73.46); 312(424.65); 313(7.23); 314(453.95); 315(99.66); 316(128.82); 317(977.8); 318(925.22); 319(192.33); 320(197.19); 321(90.15); 322(976.02); 323(811.33); 324(95.73); 325(624.26); 326(205.09); 327(247.57); 328(558.93); 329(667.19); 330(797.06); 331(517.43); 332(59.39); 333(505.84); 334(349.59); 335(229.19); 336(963.5); 337(332.09); 338(42.23); 339(961.79); 340(364.07); 341(821.25); 342(856.72); 343(28.89); 344(679.92); 345(125.9); 346(892.19); 347(277.59); 348(174.99); 349(578.23); 350(508.77); 351(979.86); 352(623.23); 353(635.68); 354(375.12); 355(716.4); 356(747.75); 357(948.51); 358(608.43); 359(639.94); 360(332.49); 361(327.51); 362(378.51); 363(557.14); 364(391.4); 365(394.79); 366(18.65); 367(838.66); 368(770.61); 369(805.64); 370(107.89); 371(943.31); 372(366.35); 373(618.08); 374(53.46); 375(416.42); 376(50.93); 377(542.82); 378(203.4); 379(401.14); 380(463.15); 381(433.7); 382(123.82); 383(862.81); 384(869.83); 385(983.67); 386(355.79); 387(833.22); 388(760.12); 389(575.7); 390(511.84); 391(451.48); 392(119.62); 393(169.28); 394(216.49); 395(724.77); 396(49.19); 397(246.15); 398(313.69); 399(433.29); 400(991.54); 401(344.83); 402(380.08); 403(625.7); 404(868.25); 405(947.86); 406(268.03); 407(991.82); 408(858.07); 409(819.45); 410(415.33); 411(806.98); 412(86.27); 413(776.19); 414(606.67); 415(136.8); 416(219.55); 417(567.9); 418(3.68); 419(221.72); 420(522.44); 421(779.81); 422(422.33); 423(855.96); 424(11.26); 425(265.37); 426(931.7); 427(83.67); 428(966.62); 429(651.95); 430(461.82); 431(634.65); 432(534.9); 433(388.75); 434(585.33); 435(398.17); 436(527.34); 437(313.5); 438(549.21); 439(987.73); 440(526.72); 441(635.14); 442(888.44); 443(98.88); 444(338.79); 445(281.41); 446(322.19); 447(465.96); 448(181.3); 449(497.79); 450(625.0); 451(659.56); 452(581.04); 453(22.47); 454(664.0); 455(610.11); 456(206.23); 457(842.45); 458(803.76); 459(743.95); 460(352.9); 461(491.72); 462(846.36); 463(204.35); 464(115.91); 465(43.98); 466(880.15); 467(379.59); 468(739.74); 469(517.24); 470(519.44); 471(568.26); 472(46.54); 473(78.43); 474(831.36); 475(339.23); 476(438.58); 477(673.77); 478(710.2); 479(288.79); 480(330.83); 481(216.82); 482(804.4); 483(973.04); 484(170.92); 485(394.61); 486(917.4); 487(36.67); 488(93.56); 489(325.54); 490(598.1); 491(725.03); 492(909.44); 493(4.18); 494(828.22); 495(260.85); 496(941.56); 497(222.5); 498(587.06); 499(764.98),1
171,0(573.45); 1(491.85); 2(572.64); 3(101.08); 4(996.19); 5(246.61); 6(847.83); 7(278.2); 8(969.44); 9(90.41); 10(58.22); 11(44.85); 12(791.96); 13(329.91); 14(684.18); 15(631.32); 16(935.9); 17(154.05); 18(294.54); 19(257.89); 20(594.67); 21(785.07); 22(365.34); 23(538.94); 24(334.51); 25(255.09); 26(828.47); 27(142.61); 28(229.6); 29(25.29); 30(819.39); 31(71.07); 32(197.1); 33(706.9); 34(890.71); 35(410.74); 36(360.82); 37(672.6); 38(455.78); 39(353.03); 40(959.65); 41(291.61); 42(817.42); 43(158.79); 44(788.0); 45(800.23); 46(682.01); 47(964.74); 48(343.73); 49(859.99); 50(655.36); 51(593.64); 52(954.0); 53(483.33); 54(195.74); 55(990.33); 56(246.38); 57(204.68); 58(215.43); 59(451.09); 60(180.99); 61(6.89); 62(24.74); 63(683.11); 64(136.65); 65(507.31); 66(88.19); 67(339.94); 68(951.66); 69(382.2); 70(724.17); 71(596.51); 72(130.26); 73(859.65); 74(985.7); 75(986.49); 76(411.6); 77(602.3); 78(47.36); 79(683.02); 80(894.3); 81(867.95); 82(183.56); 83(60.59); 84(699.24); 85(90.46); 86(957.98); 87(624.67); 88(576.79); 89(808.22); 90(242.25); 91(981.84); 92(675.45); 93(823.15); 94(786.11); 95(646.98); 96(261.86); 97(978.35); 98(605.48); 99(0.29); 100(269.03); 101(607.62); 102(259.29); 103(700.71); 104(522.36); 105(81.87); 106(274.8); 107(761.14); 108(30.36); 109(403.79); 110(408.04); 111(977.31); 112(44.26); 113(894.96); 114(708.46); 115(714.85); 116(220.19); 117(462.33); 118(509.09); 119(901.25); 120(993.12); 121(533.32); 122(400.92); 123(405.64); 124(602.59); 125(714.08); 126(323.41); 127(650.98); 128(187.24); 129(397.79); 130(515.66); 131(817.65); 132(553.15); 133(645.39); 134(106.37); 135(902.11); 136(947.11); 137(798.38); 138(254.28); 139(958.38); 140(764.76); 141(330.23); 142(658.41); 143(149.65); 144(797.05); 145(117.54); 146(978.12); 147(578.34); 148(866.51); 149(54.47); 150(214.62); 151(962.64); 152(917.25); 153(101.21); 154(248.16); 155(972.19); 156(736.46); 157(526.13); 158(587.36); 159(716.27); 160(237.28); 161(445.05); 162(424.12); 163(83.16); 164(297.23); 165(385.96); 166(221.17); 167(836.68); 168(80.75); 169(787.57); 170(461.5); 172(315.02); 173(101.0); 174(444.66); 175(51.35); 176(561.47); 177(950.92); 178(428.45); 179(991.13); 180(62.94); 181(287.46); 182(694.78); 183(779.26); 184(462.51); 185(261.29); 186(306.33); 187(309.87); 188(585.15); 189(31.13); 190(124.25); 191(465.52); 192(706.47); 193(538.57); 194(602.62); 195(966.08); 196(154.07); 197(880.12); 198(137.77); 199(581.27); 200(478.52); 201(9.52); 202(972.9); 203(170.44); 204(875.97); 205(488.42); 206(427.72); 207(796.34); 208(69.23); 209(992.74); 210(501.34); 211(635.65); 212(862.66); 213(37.45); 214(869.38); 215(9.29); 216(110.73); 217(499.22); 218(678.54); 219(261.63); 220(567.52); 221(219.18); 222(949.19); 223(458.03); 224(763.41); 225(203.46); 226(790.56); 227(621.65); 228(689.68); 229(994.29); 230(736.57); 231(519.49); 232(878.69); 233(605.3); 234(635.71); 235(904.81); 236(79.89); 237(140.9); 238(662.97); 239(728.29); 240(759.34); 241(766.31); 242(346.3); 243(664.0); 244(70.44); 245(485.99); 246(239.36); 247(726.16); 248(903.96); 249(608.06); 250(784.96); 251(320.72); 252(913.01); 253(713.06); 254(51.06); 255(186.22); 256(180.07); 257(949.93); 258(399.13); 259(441.19); 260(589.55); 261(355.49); 262(83.02); 263(489.28); 264(211.65); 265(408.99); 266(666.63); 267(963.07); 268(409.83); 269(175.47); 270(24.11); 271(698.09); 272(834.67); 273(358.75); 274(315.31); 275(769.21); 276(400.21); 277(785.05); 278(74.07); 279(12.54); 280(63.72); 281(877.41); 282(486.01); 283(265.74); 284(555.76); 285(840.61); 286(952.17); 287(207.34); 288(718.21); 289(787.79); 290(21.91); 291(540.97); 292(839.36); 293(890.28); 294(711.51); 295(240.11); 296(703.84); 297(991.56); 298(374.29); 299(52.67); 300(288.37); 301(726.43); 302(511.73); 303(96.62); 304(762.5); 305(549.78); 306(147.58); 307(140.13); 308(588.0); 309(687.71); 310(870.08); 311(661.87); 312(398.79); 313(895.23); 314(502.67); 315(39.29); 316(576.8); 317(819.7); 318(986.85); 319(122.84); 320(716.33); 321(104.27); 322(753.44); 323(253.46); 324(130.74); 325(82.17); 326(219.01); 327(638.13); 328(95.6); 329(883.38); 330(970.08); 331(819.39); 332(611.15); 333(126.7); 334(462.88); 335(601.71); 336(45.18); 337(474.56); 338(52.22); 339(926.34); 340(911.74); 341(518.14); 342(21.58); 343(184.26); 344(226.05); 345(718.7); 346(933.09); 347(589.23); 348(126.81); 349(386.08); 350(849.32); 351(60.76); 352(536.31); 353(55.84); 354(17.75); 355(181.82); 356(53.49); 357(240.42); 358(796.29); 359(89.64); 360(375.62); 361(217.91); 362(245.13); 363(883.69); 364(404.29); 365(939.46); 366(772.8); 367(357.96); 368(820.86); 369(720.96); 370(261.97); 371(853.1); 372(275.21); 373(256.92); 374(475.94); 375(47.16); 376(403.08); 377(23.12); 378(428.12); 379(586.4); 380(374.66); 381(513.28); 382(994.68); 383(914.04); 384(810.23); 385(267.48); 386(624.98); 387(678.58); 388(125.48); 389(458.77); 390(583.95); 391(139.8); 392(830.94); 393(544.9); 394(277.93); 395(765.39); 396(456.24); 397(60.94); 398(848.43); 399(173.87); 400(329.41); 401(837.77); 402(86.82); 403(351.55); 404(225.75); 405(123.23); 406(718.28); 407(874.44); 408(562.59); 409(210.07); 410(719.29); 411(527.81); 412(222.66); 413(842.17); 414(492.09); 415(215.33); 416(332.92); 417(31.13); 418(869.13); 419(47.53); 420(275.61); 421(522.45); 422(570.01); 423(780.3); 424(105.75); 425(362.06); 426(611.57); 427(285.72); 428(718.49); 429(403.86); 430(836.81); 431(809.38); 432(109.95); 433(351.46); 434(470.3); 435(220.48); 436(455.75); 437(718.03); 438(39.98); 439(601.11); 440(81.47); 441(985.42); 442(636.34); 443(704.72); 444(899.64); 445(397.92); 446(574.14); 447(320.43); 448(150.36); 449(983.92); 450(299.2); 451(926.33); 452(689.24); 453(562.98); 454(34.76); 455(923.56); 456(282.1); 457(553.53); 458(250.17); 459(217.84); 460(805.46); 461(362.93); 462(774.16); 463(669.98); 464(288.42); 465(732.49); 466(318.44); 467(11.4); 468(811.43); 469(845.03); 470(969.79); 471(90.0); 472(20.23); 473(551.46); 474(697.64); 475(204.06); 476(648.96); 477(536.88); 478(860.32); 479(74.28); 480(170.01); 481(23.49); 482(562.95); 483(398.3); 484(90.49); 485(337.72); 486(921.58); 487(599.68); 488(109.09); 489(630.46); 490(864.99); 491(157.71); 492(830.41); 493(349.88); 494(678.79); 495(919.02); 496(807.77); 497(18.86); 498(726.09); 499(99.71),1
172,0(461.24); 1(527.85); 2(774.13); 3(941.91); 4(466.82); 5(745.36); 6(545.2); 7(997.93); 8(701.38); 9(627.17); 10(746.1); 11(107.2); 12(518.15); 13(907.69); 14(40.32); 15(528.25); 16(570.61); 17(329.1); 18(798.53); 19(350.26); 20(622.78); 21(343.22); 22(137.27); 23(354.05); 24(391.72); 25(221.56); 26(740.63); 27(542.0); 28(314.95); 29(291.77); 30(562.64); 31(37.09); 32(329.18); 33(643.86); 34(811.45); 35(326.27); 36(101.62); 37(435.4); 38(237.09); 39(897.63); 40(152.28); 41(845.91); 42(577.25); 43(279.3); 44(114.81); 45(917.06); 46(986.37); 47(348.9); 48(428.39); 49(767.83); 50(323.33); 51(93.54); 52(471.61); 53(371.9); 54(714.78); 55(745.64); 56(363.68); 57(936.82); 58(214.24); 59(222.98); 60(185.13); 61(342.11); 62(982.95); 63(207.7); 64(256.66); 65(391.46); 66(452.89); 67(787.51); 68(385.68); 69(784.72); 70(913.1); 71(417.56); 72(590.08); 73(161.94); 74(121.02); 75(524.6); 76(739.52); 77(809.36); 78(905.18); 79(858.44); 80(210.98); 81(80.41); 82(100.25); 83(446.86); 84(761.16); 85(176.52); 86(902.46); 87(426.62); 88(92.91); 89(846.86); 90(422.47); 91(449.09); 92(697.12); 93(941.67); 94(406.46); 95(972.51); 96(648.16); 97(283.56); 98(131.07); 99(458.45); 100(874.82); 101(155.44); 102(669.57); 103(190.18); 104(786.84); 105(169.79); 106(614.0); 107(883.14); 108(296.46); 109(690.05); 110(751.45); 111(576.24); 112(471.14); 113(212.44); 114(769.04); 115(55.41); 116(868.65); 117(878.48); 118(515.02); 119(148.35); 120(726.01); 121(813.42); 122(420.37); 123(995.31); 124(454.21); 125(635.97); 126(110.44); 127(709.2); 128(904.06); 129(137.21); 130(450.0); 131(367.79); 132(945.77); 133(105.97); 134(476.97); 135(797.07); 136(822.38); 137(139.09); 138(485.45); 139(935.84); 140(346.29); 141(991.02); 142(466.16); 143(279.82); 144(161.27); 145(454.91); 146(944.86); 147(842.05); 148(995.6); 149(186.04); 150(99.77); 151(224.82); 152(216.76); 153(913.07); 154(427.27); 155(829.97); 156(922.59); 157(279.44); 158(174.92); 159(746.34); 160(58.87); 161(241.15); 162(586.31); 163(199.12); 164(909.66); 165(13.41); 166(974.03); 167(957.78); 168(8.99); 169(844.25); 170(913.06); 171(315.02); 173(619.75); 174(576.44); 175(446.49); 176(978.66); 177(508.68); 178(345.3); 179(620.15); 180(124.01); 181(353.23); 182(337.19); 183(888.94); 184(371.32); 185(252.67); 186(156.8); 187(312.89); 188(773.18); 189(976.33); 190(324.79); 191(730.23); 192(445.39); 193(599.37); 194(645.92); 195(817.92); 196(919.01); 197(956.8); 198(767.48); 199(837.77); 200(864.55); 201(960.95); 202(846.1); 203(803.21); 204(594.96); 205(310.67); 206(955.0); 207(982.19); 208(936.62); 209(498.8); 210(848.05); 211(465.09); 212(344.95); 213(571.71); 214(861.75); 215(318.66); 216(160.38); 217(379.56); 218(983.35); 219(242.44); 220(621.36); 221(388.24); 222(855.69); 223(917.1); 224(711.48); 225(422.46); 226(56.1); 227(692.56); 228(780.31); 229(314.09); 230(83.68); 231(247.27); 232(218.66); 233(361.13); 234(823.03); 235(47.58); 236(133.88); 237(80.14); 238(888.93); 239(992.88); 240(7.67); 241(925.4); 242(61.84); 243(192.87); 244(333.06); 245(49.65); 246(8.23); 247(67.36); 248(14.88); 249(372.19); 250(981.46); 251(221.18); 252(183.61); 253(506.72); 254(949.41); 255(910.89); 256(769.76); 257(788.74); 258(783.82); 259(633.39); 260(229.66); 261(32.72); 262(112.49); 263(630.28); 264(682.64); 265(576.16); 266(928.16); 267(290.62); 268(483.74); 269(64.08); 270(14.54); 271(941.54); 272(838.5); 273(962.92); 274(803.29); 275(867.91); 276(3.94); 277(921.69); 278(430.79); 279(615.89); 280(655.74); 281(48.39); 282(542.6); 283(452.71); 284(316.48); 285(570.3); 286(255.02); 287(656.1); 288(825.07); 289(608.92); 290(428.91); 291(887.25); 292(891.19); 293(759.23); 294(749.82); 295(145.57); 296(93.96); 297(817.53); 298(858.67); 299(527.95); 300(837.08); 301(572.81); 302(181.85); 303(125.11); 304(209.36); 305(306.0); 306(236.17); 307(443.96); 308(824.55); 309(129.21); 310(827.18); 311(542.85); 312(908.75); 313(627.02); 314(11.62); 315(416.35); 316(550.99); 317(309.51); 318(965.95); 319(252.71); 320(359.77); 321(693.35); 322(486.68); 323(783.84); 324(189.67); 325(181.44); 326(899.37); 327(868.01); 328(429.34); 329(477.66); 330(497.4); 331(280.85); 332(604.24); 333(614.6); 334(42.76); 335(928.98); 336(698.5); 337(633.66); 338(415.67); 339(82.18); 340(192.56); 341(450.35); 342(753.45); 343(627.72); 344(343.01); 345(389.33); 346(600.03); 347(750.1); 348(405.0); 349(826.45); 350(192.82); 351(505.66); 352(91.03); 353(888.02); 354(322.34); 355(984.12); 356(929.24); 357(315.31); 358(671.58); 359(582.17); 360(268.17); 361(57.34); 362(153.29); 363(165.91); 364(939.67); 365(765.89); 366(686.86); 367(330.84); 368(310.73); 369(775.88); 370(662.58); 371(389.56); 372(242.26); 373(71.38); 374(869.92); 375(195.73); 376(759.24); 377(579.59); 378(359.07); 379(815.32); 380(547.94); 381(232.7); 382(640.68); 383(517.39); 384(218.99); 385(334.24); 386(367.69); 387(330.38); 388(439.67); 389(23.53); 390(53.86); 391(542.95); 392(472.96); 393(382.94); 394(826.56); 395(73.13); 396(308.71); 397(188.45); 398(266.32); 399(604.04); 400(579.85); 401(453.44); 402(215.63); 403(267.34); 404(262.82); 405(382.96); 406(670.58); 407(125.22); 408(933.41); 409(250.98); 410(375.67); 411(499.65); 412(751.08); 413(53.39); 414(74.36); 415(338.1); 416(168.89); 417(995.47); 418(582.34); 419(400.27); 420(175.29); 421(199.24); 422(400.61); 423(442.84); 424(599.15); 425(398.16); 426(308.03); 427(860.13); 428(899.15); 429(681.04); 430(735.69); 431(195.75); 432(825.17); 433(487.82); 434(619.4); 435(997.2); 436(361.64); 437(282.62); 438(101.27); 439(98.47); 440(467.66); 441(557.4); 442(823.92); 443(786.8); 444(999.95); 445(345.3); 446(861.19); 447(723.77); 448(316.69); 449(356.71); 450(164.32); 451(978.72); 452(330.7); 453(407.99); 454(652.07); 455(247.87); 456(470.12); 457(405.39); 458(154.42); 459(287.06); 460(119.14); 461(758.97); 462(813.84); 463(395.91); 464(314.88); 465(332.32); 466(567.52); 467(696.32); 468(518.39); 469(277.79); 470(308.84); 471(134.85); 472(234.45); 473(191.06); 474(709.53); 475(400.45); 476(873.05); 477(400.78); 478(802.62); 479(783.18); 480(650.01); 481(743.22); 482(172.65); 483(553.62); 484(901.86); 485(346.53); 486(595.85); 487(270.08); 488(716.21); 489(432.05); 490(285.15); 491(325.88); 492(553.98); 493(940.0); 494(579.84); 495(100.85); 496(544.57); 497(847.44); 498(593.28); 499(900.33),1
173,0(616.18); 1(576.5); 2(652.86); 3(104.09); 4(849.71); 5(204.65); 6(547.17); 7(725.7); 8(987.35); 9(70.59); 10(292.49); 11(545.35); 12(112.45); 13(0.55); 14(264.84); 15(365.56); 16(878.9); 17(962.05); 18(763.37); 19(703.46); 20(710.74); 21(730.4); 22(943.7); 23(272.03); 24(525.56); 25(339.15); 26(352.65); 27(289.85); 28(424.6); 29(207.76); 30(536.76); 31(696.31); 32(706.35); 33(188.47); 34(886.53); 35(991.29); 36(525.68); 37(36.78); 38(347.99); 39(127.01); 40(121.41); 41(123.52); 42(38.51); 43(629.96); 44(245.85); 45(940.83); 46(198.19); 47(780.45); 48(369.01); 49(237.1); 50(842.35); 51(248.72); 52(943.45); 53(644.44); 54(380.44); 55(114.25); 56(99.39); 57(213.63); 58(873.68); 59(521.11); 60(961.66); 61(501.57); 62(138.56); 63(549.26); 64(804.15); 65(10.55); 66(528.62); 67(383.14); 68(860.1); 69(743.08); 70(155.42); 71(499.14); 72(12.64); 73(672.83); 74(61.75); 75(497.45); 76(909.27); 77(640.95); 78(72.92); 79(635.7); 80(627.55); 81(242.05); 82(270.64); 83(846.76); 84(660.36); 85(237.09); 86(76.73); 87(465.58); 88(956.44); 89(156.0); 90(100.24); 91(847.71); 92(279.33); 93(314.32); 94(536.73); 95(95.62); 96(846.61); 97(699.35); 98(748.47); 99(203.36); 100(824.3); 101(648.07); 102(938.0); 103(328.34); 104(322.89); 105(645.47); 106(296.54); 107(372.91); 108(607.79); 109(706.37); 110(685.79); 111(701.72); 112(311.26); 113(135.13); 114(740.33); 115(498.17); 116(403.12); 117(761.16); 118(544.05); 119(276.19); 120(45.69); 121(296.1); 122(200.28); 123(803.86); 124(760.37); 125(809.67); 126(987.02); 127(605.33); 128(209.65); 129(931.34); 130(456.16); 131(418.46); 132(705.87); 133(684.34); 134(171.15); 135(93.83); 136(753.45); 137(398.55); 138(593.04); 139(872.07); 140(809.89); 141(72.76); 142(469.17); 143(182.05); 144(796.22); 145(369.63); 146(551.51); 147(89.65); 148(577.53); 149(899.74); 150(875.02); 151(274.86); 152(34.38); 153(992.58); 154(500.97); 155(359.21); 156(210.84); 157(744.7); 158(625.98); 159(796.08); 160(433.25); 161(659.15); 162(149.7); 163(132.03); 164(485.78); 165(83.89); 166(299.15); 167(61.06); 168(383.0); 169(77.55); 170(812.72); 171(101.0); 172(619.75); 174(711.44); 175(510.14); 176(210.41); 177(142.53); 178(922.59); 179(14.8); 180(681.83); 181(974.32); 182(854.43); 183(507.84); 184(391.15); 185(698.03); 186(22.13); 187(908.31); 188(947.64); 189(172.91); 190(19.74); 191(717.16); 192(926.22); 193(38.34); 194(258.24); 195(542.13); 196(898.42); 197(57.49); 198(71.58); 199(71.09); 200(249.33); 201(496.32); 202(974.61); 203(856.05); 204(411.96); 205(981.89); 206(465.35); 207(37.14); 208(450.37); 209(11.06); 210(869.36); 211(878.68); 212(829.1); 213(806.5); 214(611.75); 215(936.72); 216(971.44); 217(416.16); 218(755.88); 219(666.17); 220(551.27); 221(555.23); 222(124.31); 223(318.67); 224(245.19); 225(411.07); 226(359.74); 227(54.47); 228(336.2); 229(599.52); 230(395.31); 231(813.03); 232(828.7); 233(588.28); 234(884.39); 235(992.88); 236(185.06); 237(294.94); 238(254.59); 239(548.12); 240(230.78); 241(23.25); 242(618.1); 243(839.58); 244(117.1); 245(655.46); 246(172.19); 247(715.28); 248(710.76); 249(957.75); 250(71.33); 251(290.34); 252(909.98); 253(349.79); 254(499.36); 255(406.29); 256(419.44); 257(14.23); 258(503.44); 259(594.05); 260(490.88); 261(897.7); 262(443.36); 263(745.39); 264(333.55); 265(450.03); 266(8.72); 267(503.27); 268(947.68); 269(59.56); 270(610.94); 271(596.61); 272(125.4); 273(166.04); 274(948.54); 275(819.8); 276(574.04); 277(113.41); 278(820.74); 279(605.65); 280(124.91); 281(166.38); 282(681.8); 283(348.0); 284(633.01); 285(572.4); 286(796.72); 287(103.21); 288(454.76); 289(198.14); 290(867.71); 291(519.7); 292(919.22); 293(675.85); 294(216.63); 295(34.76); 296(636.86); 297(120.69); 298(924.84); 299(635.98); 300(295.0); 301(386.48); 302(961.98); 303(174.53); 304(755.62); 305(400.08); 306(97.9); 307(201.78); 308(918.94); 309(915.25); 310(213.47); 311(314.63); 312(72.99); 313(83.03); 314(443.78); 315(439.52); 316(7.0); 317(592.91); 318(303.35); 319(343.48); 320(12.79); 321(117.71); 322(742.37); 323(656.07); 324(395.11); 325(214.43); 326(113.45); 327(921.63); 328(394.59); 329(932.63); 330(207.15); 331(26.24); 332(193.05); 333(168.08); 334(464.67); 335(538.07); 336(354.89); 337(794.67); 338(26.88); 339(332.54); 340(980.84); 341(709.14); 342(323.4); 343(701.22); 344(238.22); 345(594.0); 346(966.94); 347(568.99); 348(543.33); 349(565.63); 350(962.08); 351(867.13); 352(997.36); 353(666.53); 354(593.67); 355(424.88); 356(950.82); 357(913.57); 358(942.47); 359(607.58); 360(834.6); 361(314.28); 362(250.68); 363(818.18); 364(213.77); 365(717.87); 366(671.13); 367(354.66); 368(631.5); 369(873.48); 370(79.15); 371(65.85); 372(942.89); 373(517.78); 374(436.81); 375(323.01); 376(664.67); 377(612.36); 378(750.98); 379(389.98); 380(153.36); 381(801.85); 382(758.14); 383(283.32); 384(611.09); 385(143.12); 386(988.61); 387(169.94); 388(576.41); 389(417.19); 390(716.97); 391(369.8); 392(805.11); 393(215.61); 394(562.51); 395(68.37); 396(765.88); 397(731.45); 398(597.96); 399(826.84); 400(333.66); 401(995.88); 402(369.15); 403(144.38); 404(485.25); 405(680.4); 406(958.58); 407(731.21); 408(68.55); 409(428.12); 410(639.11); 411(542.26); 412(648.87); 413(388.0); 414(160.88); 415(82.47); 416(736.07); 417(216.51); 418(778.72); 419(757.45); 420(376.56); 421(836.69); 422(717.88); 423(775.4); 424(914.68); 425(883.51); 426(354.54); 427(662.05); 428(204.23); 429(773.45); 430(441.92); 431(945.0); 432(614.9); 433(539.7); 434(16.7); 435(719.95); 436(550.62); 437(644.95); 438(322.11); 439(678.72); 440(206.73); 441(372.93); 442(596.81); 443(772.75); 444(895.84); 445(424.69); 446(34.66); 447(201.1); 448(993.55); 449(669.09); 450(837.91); 451(56.07); 452(818.97); 453(874.88); 454(708.98); 455(880.72); 456(243.53); 457(799.89); 458(75.77); 459(890.3); 460(904.06); 461(274.89); 462(981.81); 463(188.15); 464(254.93); 465(819.96); 466(152.64); 467(403.47); 468(967.23); 469(203.76); 470(229.13); 471(488.42); 472(422.71); 473(692.27); 474(650.0); 475(924.72); 476(95.85); 477(32.85); 478(525.55); 479(84.99); 480(680.06); 481(207.72); 482(501.04); 483(203.98); 484(892.32); 485(779.84); 486(764.07); 487(766.26); 488(773.75); 489(81.85); 490(53.93); 491(184.81); 492(443.51); 493(54.69); 494(449.1); 495(772.79); 496(361.26); 497(603.61); 498(444.44); 499(443.64),1
174,0(197.71); 1(855.37); 2(371.18); 3(495.18); 4(299.33); 5(215.1); 6(373.16); 7(77.66); 8(617.67); 9(661.71); 10(403.13); 11(195.07); 12(762.64); 13(568.03); 14(780.9); 15(197.75); 16(448.81); 17(501.65); 18(609.25); 19(594.02); 20(230.69); 21(580.86); 22(751.86); 23(318.33); 24(834.12); 25(907.78); 26(248.3); 27(942.66); 28(780.41); 29(608.39); 30(664.33); 31(213.49); 32(766.97); 33(928.5); 34(13.19); 35(224.2); 36(739.96); 37(504.31); 38(688.29); 39(944.09); 40(266.26); 41(690.34); 42(212.94); 43(551.93); 44(232.01); 45(943.33); 46(35.65); 47(555.35); 48(521.03); 49(174.43); 50(854.19); 51(14.92); 52(566.66); 53(944.12); 54(503.46); 55(321.23); 56(940.34); 57(605.99); 58(737.21); 59(560.22); 60(830.11); 61(157.14); 62(896.89); 63(395.36); 64(404.91); 65(870.25); 66(874.92); 67(666.46); 68(769.79); 69(121.59); 70(649.7); 71(744.52); 72(707.79); 73(120.87); 74(328.07); 75(766.49); 76(387.16); 77(779.37); 78(165.13); 79(750.38); 80(902.02); 81(205.6); 82(589.66); 83(789.58); 84(167.61); 85(89.04); 86(459.2); 87(577.38); 88(226.72); 89(432.57); 90(255.51); 91(37.67); 92(837.45); 93(892.51); 94(63.34); 95(17.36); 96(291.48); 97(709.24); 98(999.33); 99(771.8); 100(527.14); 101(514.19); 102(450.54); 103(20.81); 104(576.5); 105(915.41); 106(196.78); 107(389.04); 108(769.22); 109(381.15); 110(320.33); 111(263.52); 112(447.31); 113(831.21); 114(666.94); 115(990.04); 116(474.49); 117(441.1); 118(478.45); 119(317.85); 120(672.6); 121(6.77); 122(47.15); 123(659.01); 124(986.31); 125(91.3); 126(12.63); 127(864.14); 128(122.7); 129(256.84); 130(681.65); 131(692.02); 132(533.16); 133(63.81); 134(15.45); 135(152.27); 136(564.58); 137(172.06); 138(602.91); 139(801.5); 140(994.89); 141(345.26); 142(368.61); 143(803.32); 144(403.94); 145(93.92); 146(977.4); 147(397.54); 148(281.21); 149(23.14); 150(875.9); 151(91.21); 152(263.49); 153(828.22); 154(230.17); 155(363.81); 156(282.41); 157(499.09); 158(211.9); 159(257.66); 160(121.8); 161(567.1); 162(987.9); 163(859.15); 164(448.0); 165(797.44); 166(341.59); 167(638.89); 168(887.94); 169(118.29); 170(936.83); 171(444.66); 172(576.44); 173(711.44); 175(934.21); 176(630.2); 177(888.26); 178(216.58); 179(395.86); 180(713.78); 181(998.62); 182(289.53); 183(128.66); 184(682.2); 185(949.16); 186(659.85); 187(780.86); 188(73.17); 189(351.54); 190(699.24); 191(137.85); 192(688.32); 193(390.04); 194(189.88); 195(184.21); 196(526.59); 197(667.16); 198(34.6); 199(522.11); 200(656.91); 201(432.81); 202(758.06); 203(984.06); 204(238.37); 205(577.48); 206(449.86); 207(361.06); 208(300.0); 209(944.63); 210(748.3); 211(694.32); 212(375.68); 213(970.95); 214(651.72); 215(154.93); 216(231.29); 217(164.08); 218(810.71); 219(792.74); 220(840.38); 221(90.79); 222(720.12); 223(204.35); 224(649.09); 225(703.82); 226(917.01); 227(904.22); 228(576.76); 229(608.72); 230(146.28); 231(180.12); 232(996.25); 233(840.88); 234(216.43); 235(583.69); 236(215.17); 237(314.96); 238(667.81); 239(268.49); 240(938.47); 241(386.2); 242(986.84); 243(900.06); 244(555.34); 245(894.22); 246(565.79); 247(178.93); 248(62.16); 249(880.32); 250(289.29); 251(833.51); 252(526.66); 253(652.0); 254(91.48); 255(542.08); 256(344.78); 257(361.0); 258(82.01); 259(76.45); 260(650.24); 261(530.2); 262(204.95); 263(543.99); 264(562.83); 265(739.03); 266(819.58); 267(834.77); 268(913.64); 269(891.8); 270(434.54); 271(725.53); 272(502.2); 273(803.18); 274(189.58); 275(660.75); 276(245.82); 277(351.89); 278(955.77); 279(521.04); 280(837.47); 281(852.25); 282(740.8); 283(657.21); 284(798.06); 285(794.89); 286(290.19); 287(743.54); 288(737.37); 289(618.37); 290(78.46); 291(178.33); 292(925.53); 293(880.51); 294(836.33); 295(245.44); 296(861.9); 297(899.4); 298(809.47); 299(911.62); 300(470.68); 301(405.03); 302(260.95); 303(110.97); 304(111.7); 305(442.26); 306(761.07); 307(823.34); 308(989.4); 309(745.35); 310(780.9); 311(44.39); 312(981.97); 313(881.74); 314(870.88); 315(302.45); 316(481.73); 317(753.77); 318(985.53); 319(424.06); 320(57.91); 321(106.96); 322(120.84); 323(144.48); 324(287.84); 325(38.68); 326(542.11); 327(389.29); 328(402.97); 329(591.57); 330(150.48); 331(820.64); 332(39.67); 333(354.31); 334(619.15); 335(796.26); 336(116.43); 337(629.41); 338(471.81); 339(679.63); 340(60.75); 341(518.06); 342(918.19); 343(110.19); 344(633.64); 345(828.8); 346(182.31); 347(336.58); 348(546.22); 349(892.15); 350(793.74); 351(625.58); 352(405.3); 353(565.72); 354(588.35); 355(407.24); 356(855.83); 357(272.83); 358(935.48); 359(452.03); 360(667.08); 361(610.37); 362(428.3); 363(125.67); 364(148.65); 365(655.73); 366(513.18); 367(101.11); 368(609.57); 369(754.35); 370(722.77); 371(82.71); 372(373.31); 373(693.44); 374(345.53); 375(489.73); 376(832.65); 377(170.27); 378(164.27); 379(460.06); 380(279.13); 381(428.74); 382(983.67); 383(887.99); 384(537.27); 385(665.2); 386(299.49); 387(781.32); 388(459.4); 389(109.88); 390(59.41); 391(40.48); 392(212.84); 393(976.27); 394(741.48); 395(904.85); 396(804.13); 397(333.07); 398(931.01); 399(484.78); 400(490.68); 401(292.19); 402(40.08); 403(596.75); 404(694.05); 405(646.07); 406(183.51); 407(475.81); 408(506.27); 409(604.28); 410(19.43); 411(534.02); 412(330.29); 413(13.54); 414(611.6); 415(151.21); 416(131.73); 417(661.06); 418(332.03); 419(195.0); 420(412.98); 421(228.49); 422(462.33); 423(449.01); 424(537.28); 425(542.97); 426(421.36); 427(81.81); 428(12.86); 429(379.75); 430(234.66); 431(161.49); 432(616.36); 433(885.3); 434(403.36); 435(234.15); 436(300.32); 437(8.37); 438(537.17); 439(700.98); 440(141.53); 441(42.97); 442(617.35); 443(558.46); 444(927.82); 445(681.14); 446(119.75); 447(288.24); 448(504.01); 449(211.51); 450(164.95); 451(577.14); 452(80.94); 453(838.04); 454(446.42); 455(542.25); 456(481.34); 457(555.58); 458(815.42); 459(294.91); 460(12.61); 461(832.22); 462(93.5); 463(342.51); 464(131.51); 465(157.96); 466(212.37); 467(614.0); 468(78.71); 469(676.58); 470(616.3); 471(303.88); 472(924.65); 473(956.36); 474(875.89); 475(11.88); 476(89.51); 477(276.08); 478(158.47); 479(124.99); 480(640.42); 481(962.18); 482(504.45); 483(674.86); 484(825.56); 485(48.92); 486(671.77); 487(836.42); 488(818.25); 489(769.02); 490(296.06); 491(352.96); 492(308.78); 493(609.64); 494(918.07); 495(578.64); 496(605.2); 497(582.18); 498(778.72); 499(595.25),1
175,0(440.0); 1(254.95); 2(324.9); 3(577.1); 4(818.05); 5(982.52); 6(881.87); 7(256.28); 8(463.7); 9(259.28); 10(409.61); 11(479.76); 12(647.24); 13(608.38); 14(713.48); 15(611.73); 16(663.12); 17(250.24); 18(317.32); 19(632.16); 20(156.11); 21(779.49); 22(513.94); 23(280.72); 24(66.01); 25(170.78); 26(442.53); 27(568.22); 28(957.13); 29(755.28); 30(441.04); 31(969.13); 32(383.55); 33(443.1); 34(308.58); 35(542.15); 36(8.57); 37(404.99); 38(472.4); 39(840.98); 40(883.26); 41(1.15); 42(93.91); 43(867.04); 44(696.04); 45(10.92); 46(450.11); 47(314.75); 48(159.24); 49(558.07); 50(341.51); 51(714.61); 52(568.06); 53(669.5); 54(31.89); 55(4.24); 56(705.52); 57(583.2); 58(548.2); 59(499.6); 60(206.72); 61(54.05); 62(306.25); 63(514.61); 64(352.87); 65(269.03); 66(390.38); 67(140.33); 68(112.43); 69(796.01); 70(99.07); 71(659.66); 72(753.22); 73(292.32); 74(444.71); 75(222.92); 76(233.93); 77(445.76); 78(996.13); 79(881.51); 80(762.44); 81(385.06); 82(440.61); 83(308.91); 84(26.51); 85(391.29); 86(77.48); 87(421.8); 88(169.98); 89(53.08); 90(42.37); 91(376.01); 92(203.59); 93(172.21); 94(369.07); 95(320.77); 96(933.14); 97(125.85); 98(52.76); 99(925.32); 100(539.48); 101(389.88); 102(216.26); 103(636.49); 104(401.48); 105(114.25); 106(316.82); 107(818.32); 108(158.77); 109(258.08); 110(669.18); 111(644.19); 112(70.72); 113(659.59); 114(477.1); 115(50.25); 116(920.06); 117(794.96); 118(157.97); 119(462.21); 120(97.54); 121(986.67); 122(922.83); 123(474.95); 124(502.75); 125(746.99); 126(705.3); 127(512.65); 128(257.77); 129(766.06); 130(738.48); 131(78.42); 132(662.99); 133(733.1); 134(680.42); 135(500.82); 136(686.61); 137(449.86); 138(234.68); 139(538.91); 140(826.49); 141(992.59); 142(355.96); 143(650.55); 144(712.11); 145(405.25); 146(754.01); 147(211.85); 148(600.2); 149(397.61); 150(900.3); 151(696.26); 152(147.45); 153(448.28); 154(886.48); 155(490.04); 156(938.61); 157(239.01); 158(544.6); 159(800.17); 160(122.71); 161(308.24); 162(663.41); 163(965.62); 164(256.66); 165(225.69); 166(187.57); 167(918.0); 168(592.99); 169(829.31); 170(642.21); 171(51.35); 172(446.49); 173(510.14); 174(934.21); 176(794.16); 177(395.03); 178(120.27); 179(882.53); 180(414.68); 181(481.66); 182(499.51); 183(760.65); 184(280.14); 185(309.66); 186(128.83); 187(672.7); 188(884.07); 189(628.59); 190(468.14); 191(846.64); 192(178.04); 193(275.25); 194(868.44); 195(90.81); 196(421.58); 197(425.32); 198(284.51); 199(766.04); 200(752.47); 201(158.65); 202(201.91); 203(862.31); 204(654.01); 205(451.22); 206(172.14); 207(781.29); 208(565.47); 209(35.69); 210(721.11); 211(326.88); 212(399.8); 213(508.84); 214(957.92); 215(240.03); 216(34.66); 217(389.71); 218(866.07); 219(530.1); 220(550.64); 221(530.46); 222(184.63); 223(108.42); 224(690.72); 225(298.8); 226(348.26); 227(921.61); 228(482.46); 229(913.79); 230(590.99); 231(414.39); 232(851.3); 233(88.48); 234(573.09); 235(948.42); 236(869.34); 237(191.89); 238(156.47); 239(527.21); 240(679.32); 241(680.83); 242(727.43); 243(170.2); 244(587.48); 245(932.44); 246(413.39); 247(448.08); 248(923.82); 249(318.87); 250(231.68); 251(697.86); 252(755.82); 253(890.95); 254(810.75); 255(156.61); 256(789.52); 257(656.57); 258(214.05); 259(994.9); 260(505.91); 261(46.17); 262(576.36); 263(925.35); 264(418.64); 265(885.77); 266(525.81); 267(40.4); 268(834.71); 269(82.38); 270(478.15); 271(8.87); 272(249.61); 273(78.76); 274(714.18); 275(763.69); 276(263.81); 277(337.32); 278(679.43); 279(528.32); 280(836.2); 281(128.43); 282(777.42); 283(594.43); 284(123.39); 285(236.07); 286(366.56); 287(935.07); 288(791.56); 289(235.04); 290(36.28); 291(567.7); 292(95.36); 293(767.61); 294(710.56); 295(753.22); 296(86.42); 297(472.63); 298(395.68); 299(498.83); 300(729.03); 301(762.68); 302(91.05); 303(532.67); 304(418.84); 305(422.87); 306(514.69); 307(379.68); 308(970.53); 309(653.96); 310(911.62); 311(732.48); 312(988.0); 313(226.83); 314(250.48); 315(249.83); 316(979.64); 317(490.65); 318(748.87); 319(796.81); 320(585.75); 321(437.61); 322(175.08); 323(831.34); 324(910.45); 325(221.43); 326(209.12); 327(804.77); 328(953.01); 329(934.71); 330(164.47); 331(71.58); 332(457.43); 333(801.5); 334(118.24); 335(859.77); 336(592.32); 337(180.86); 338(632.72); 339(464.41); 340(12.35); 341(350.57); 342(529.83); 343(182.88); 344(601.44); 345(542.29); 346(898.31); 347(946.3); 348(903.21); 349(108.55); 350(475.16); 351(926.27); 352(39.23); 353(92.53); 354(839.35); 355(812.71); 356(46.72); 357(985.18); 358(784.3); 359(402.17); 360(959.63); 361(222.07); 362(206.1); 363(262.04); 364(515.3); 365(215.05); 366(634.85); 367(249.4); 368(48.95); 369(227.63); 370(893.79); 371(424.58); 372(993.4); 373(391.6); 374(282.53); 375(745.37); 376(832.64); 377(705.25); 378(830.68); 379(638.05); 380(751.31); 381(577.77); 382(524.7); 383(860.14); 384(536.61); 385(276.4); 386(123.92); 387(290.11); 388(233.92); 389(894.86); 390(155.25); 391(668.7); 392(537.42); 393(847.74); 394(362.57); 395(221.78); 396(4.47); 397(668.45); 398(367.17); 399(827.29); 400(294.89); 401(974.66); 402(722.63); 403(28.35); 404(37.64); 405(429.6); 406(960.32); 407(210.81); 408(183.01); 409(544.89); 410(383.9); 411(59.99); 412(474.9); 413(531.88); 414(550.42); 415(845.08); 416(447.79); 417(152.94); 418(546.79); 419(278.8); 420(580.3); 421(354.14); 422(136.69); 423(90.95); 424(647.46); 425(773.94); 426(522.7); 427(312.61); 428(364.89); 429(710.77); 430(323.34); 431(348.37); 432(311.4); 433(808.7); 434(854.33); 435(814.85); 436(420.22); 437(905.78); 438(179.26); 439(859.15); 440(818.41); 441(329.3); 442(176.68); 443(513.05); 444(411.12); 445(417.87); 446(508.08); 447(414.65); 448(140.29); 449(571.15); 450(498.9); 451(627.47); 452(488.41); 453(96.62); 454(156.98); 455(207.12); 456(430.76); 457(778.57); 458(438.68); 459(20.67); 460(369.87); 461(511.21); 462(692.51); 463(792.26); 464(373.63); 465(94.64); 466(951.31); 467(208.74); 468(672.86); 469(886.87); 470(479.41); 471(4.23); 472(349.28); 473(901.01); 474(654.14); 475(281.09); 476(135.42); 477(167.59); 478(915.27); 479(182.93); 480(821.43); 481(642.03); 482(206.93); 483(672.25); 484(896.65); 485(377.12); 486(25.45); 487(811.2); 488(850.25); 489(718.26); 490(444.84); 491(135.22); 492(249.73); 493(333.76); 494(228.8); 495(846.98); 496(208.2); 497(575.37); 498(895.95); 499(474.12),1
176,0(57.14); 1(806.35); 2(639.97); 3(31.32); 4(133.07); 5(28.27); 6(604.0); 7(605.26); 8(927.97); 9(547.75); 10(473.54); 11(558.03); 12(313.67); 13(711.61); 14(313.52); 15(99.03); 16(810.19); 17(39.25); 18(93.94); 19(172.9); 20(378.83); 21(374.07); 22(624.08); 23(680.71); 24(156.55); 25(399.57); 26(129.78); 27(339.85); 28(897.24); 29(764.85); 30(821.87); 31(393.47); 32(73.89); 33(149.76); 34(228.51); 35(583.3); 36(353.62); 37(563.53); 38(17.07); 39(140.61); 40(679.76); 41(820.07); 42(457.18); 43(370.2); 44(723.64); 45(248.38); 46(340.8); 47(394.85); 48(108.41); 49(89.24); 50(631.99); 51(568.68); 52(906.59); 53(19.73); 54(621.37); 55(53.39); 56(844.27); 57(218.27); 58(622.83); 59(274.69); 60(680.62); 61(128.67); 62(583.61); 63(178.56); 64(135.47); 65(471.58); 66(697.08); 67(931.99); 68(317.02); 69(160.1); 70(260.74); 71(671.53); 72(616.17); 73(647.48); 74(770.57); 75(166.09); 76(565.79); 77(360.52); 78(713.19); 79(199.17); 80(515.45); 81(809.15); 82(542.77); 83(798.81); 84(729.96); 85(35.95); 86(593.72); 87(654.42); 88(304.89); 89(17.75); 90(140.42); 91(179.01); 92(205.08); 93(141.38); 94(333.21); 95(442.36); 96(766.72); 97(741.72); 98(191.81); 99(119.86); 100(33.24); 101(781.85); 102(88.85); 103(617.81); 104(314.96); 105(151.97); 106(724.27); 107(361.97); 108(906.4); 109(626.44); 110(200.84); 111(194.87); 112(991.9); 113(944.73); 114(906.17); 115(996.5); 116(704.95); 117(997.29); 118(31.61); 119(319.59); 120(249.93); 121(674.34); 122(752.73); 123(681.66); 124(679.09); 125(695.74); 126(9.51); 127(173.28); 128(478.07); 129(434.09); 130(846.68); 131(174.22); 132(37.28); 133(948.03); 134(383.11); 135(31.14); 136(476.18); 137(172.5); 138(281.77); 139(317.29); 140(685.98); 141(123.32); 142(784.42); 143(482.68); 144(187.09); 145(277.6); 146(56.5); 147(390.01); 148(659.21); 149(768.8); 150(128.36); 151(496.55); 152(955.07); 153(299.4); 154(305.42); 155(943.9); 156(121.54); 157(191.27); 158(495.01); 159(97.97); 160(547.01); 161(277.54); 162(281.62); 163(825.03); 164(743.61); 165(921.12); 166(262.61); 167(815.03); 168(921.03); 169(680.23); 170(132.63); 171(561.47); 172(978.66); 173(210.41); 174(630.2); 175(794.16); 177(69.9); 178(572.58); 179(234.34); 180(843.5); 181(613.27); 182(604.01); 183(484.95); 184(888.34); 185(776.77); 186(462.29); 187(466.84); 188(216.15); 189(87.3); 190(146.39); 191(119.14); 192(278.27); 193(48.55); 194(706.86); 195(897.96); 196(217.32); 197(190.22); 198(300.29); 199(320.85); 200(279.46); 201(647.23); 202(145.36); 203(590.26); 204(525.74); 205(719.78); 206(63.37); 207(425.41); 208(198.61); 209(505.75); 210(657.74); 211(355.2); 212(771.68); 213(411.17); 214(627.22); 215(920.47); 216(227.27); 217(539.28); 218(740.28); 219(697.13); 220(373.99); 221(9.99); 222(925.1); 223(849.39); 224(445.59); 225(914.41); 226(783.53); 227(990.71); 228(231.71); 229(837.49); 230(897.54); 231(755.32); 232(908.63); 233(357.62); 234(103.18); 235(780.23); 236(171.68); 237(214.69); 238(21.28); 239(731.48); 240(343.05); 241(928.32); 242(611.22); 243(173.46); 244(571.9); 245(367.84); 246(205.09); 247(425.83); 248(148.16); 249(388.23); 250(416.14); 251(800.07); 252(608.54); 253(88.19); 254(860.51); 255(61.2); 256(163.83); 257(178.47); 258(443.04); 259(789.97); 260(79.94); 261(371.61); 262(286.15); 263(76.52); 264(345.76); 265(790.66); 266(891.63); 267(890.27); 268(175.3); 269(279.34); 270(108.93); 271(560.59); 272(2.65); 273(912.72); 274(517.26); 275(871.81); 276(365.24); 277(566.66); 278(47.38); 279(839.2); 280(911.04); 281(926.25); 282(490.23); 283(153.68); 284(250.33); 285(655.79); 286(289.61); 287(505.07); 288(5.13); 289(317.13); 290(471.9); 291(581.37); 292(599.03); 293(295.65); 294(471.09); 295(11.1); 296(364.26); 297(438.8); 298(675.69); 299(897.31); 300(20.2); 301(727.59); 302(866.79); 303(185.47); 304(572.71); 305(606.79); 306(886.49); 307(787.83); 308(282.1); 309(80.88); 310(575.09); 311(696.66); 312(16.73); 313(767.77); 314(573.64); 315(961.9); 316(761.22); 317(874.13); 318(456.97); 319(788.59); 320(168.04); 321(988.3); 322(714.67); 323(574.87); 324(510.64); 325(787.93); 326(503.08); 327(861.45); 328(126.97); 329(579.42); 330(569.12); 331(847.41); 332(87.69); 333(245.82); 334(92.76); 335(756.59); 336(785.14); 337(879.91); 338(356.07); 339(915.58); 340(323.67); 341(613.65); 342(785.62); 343(17.49); 344(241.11); 345(72.54); 346(588.76); 347(877.12); 348(351.62); 349(339.74); 350(510.78); 351(279.44); 352(426.76); 353(714.49); 354(851.28); 355(584.28); 356(612.31); 357(548.4); 358(596.07); 359(893.98); 360(84.98); 361(122.15); 362(513.79); 363(814.24); 364(61.8); 365(766.56); 366(306.48); 367(857.68); 368(18.48); 369(86.51); 370(380.24); 371(356.99); 372(653.03); 373(621.63); 374(704.09); 375(727.99); 376(557.75); 377(382.98); 378(536.15); 379(318.52); 380(999.29); 381(98.78); 382(80.49); 383(731.79); 384(452.78); 385(4.58); 386(725.4); 387(987.48); 388(649.61); 389(68.82); 390(499.05); 391(892.32); 392(511.45); 393(441.51); 394(313.91); 395(367.65); 396(310.19); 397(861.54); 398(524.3); 399(829.16); 400(859.7); 401(545.28); 402(808.32); 403(569.06); 404(997.19); 405(288.34); 406(586.27); 407(222.16); 408(818.34); 409(817.72); 410(455.77); 411(827.18); 412(556.57); 413(132.75); 414(601.99); 415(31.55); 416(36.93); 417(923.05); 418(378.0); 419(278.56); 420(746.73); 421(359.92); 422(470.42); 423(376.66); 424(715.25); 425(467.81); 426(94.76); 427(923.84); 428(199.67); 429(884.44); 430(450.81); 431(971.58); 432(921.02); 433(650.95); 434(253.95); 435(46.98); 436(80.33); 437(974.04); 438(344.47); 439(535.02); 440(153.62); 441(468.36); 442(878.23); 443(557.51); 444(349.52); 445(529.08); 446(376.08); 447(905.3); 448(733.26); 449(367.65); 450(896.49); 451(870.89); 452(592.12); 453(843.77); 454(694.07); 455(867.83); 456(205.85); 457(810.18); 458(587.72); 459(280.48); 460(719.26); 461(651.14); 462(328.18); 463(817.67); 464(50.0); 465(667.25); 466(643.98); 467(405.75); 468(817.55); 469(692.8); 470(948.11); 471(747.49); 472(35.05); 473(982.21); 474(735.71); 475(345.83); 476(110.7); 477(216.52); 478(428.56); 479(714.38); 480(495.87); 481(843.44); 482(204.3); 483(492.9); 484(540.4); 485(595.52); 486(307.23); 487(975.93); 488(730.71); 489(490.36); 490(97.74); 491(287.38); 492(786.22); 493(765.28); 494(960.91); 495(521.2); 496(376.13); 497(106.69); 498(813.5); 499(440.71),1
177,0(389.36); 1(917.94); 2(113.46); 3(10.54); 4(230.63); 5(450.56); 6(661.88); 7(398.25); 8(810.19); 9(380.49); 10(345.89); 11(931.08); 12(926.83); 13(602.22); 14(243.4); 15(588.95); 16(872.35); 17(96.44); 18(654.05); 19(828.49); 20(645.92); 21(723.29); 22(635.67); 23(338.48); 24(195.14); 25(289.49); 26(48.72); 27(475.64); 28(358.95); 29(918.24); 30(722.56); 31(270.49); 32(329.2); 33(312.4); 34(89.03); 35(989.09); 36(392.63); 37(847.82); 38(197.38); 39(613.74); 40(202.42); 41(688.22); 42(92.14); 43(62.67); 44(49.14); 45(342.63); 46(573.3); 47(88.48); 48(754.96); 49(105.08); 50(616.69); 51(876.9); 52(524.5); 53(686.91); 54(650.46); 55(188.29); 56(314.22); 57(685.96); 58(178.74); 59(402.08); 60(829.16); 61(542.04); 62(7.99); 63(894.78); 64(137.56); 65(333.1); 66(790.39); 67(948.89); 68(91.55); 69(891.91); 70(674.64); 71(443.39); 72(989.94); 73(691.56); 74(313.29); 75(935.73); 76(970.0); 77(837.1); 78(699.45); 79(366.07); 80(548.62); 81(193.9); 82(465.79); 83(621.64); 84(263.5); 85(181.19); 86(658.15); 87(423.92); 88(798.65); 89(491.72); 90(950.25); 91(843.69); 92(414.42); 93(60.46); 94(352.12); 95(245.61); 96(361.84); 97(387.25); 98(867.9); 99(20.39); 100(4.45); 101(926.22); 102(605.83); 103(970.99); 104(375.83); 105(121.73); 106(624.86); 107(469.31); 108(352.49); 109(357.4); 110(836.94); 111(235.52); 112(390.28); 113(491.14); 114(463.34); 115(432.83); 116(717.22); 117(251.53); 118(507.9); 119(476.39); 120(715.85); 121(646.64); 122(233.52); 123(65.22); 124(89.5); 125(131.27); 126(366.93); 127(795.75); 128(574.55); 129(732.41); 130(552.44); 131(40.53); 132(601.42); 133(868.97); 134(219.52); 135(49.06); 136(480.93); 137(79.52); 138(886.21); 139(760.91); 140(281.43); 141(614.17); 142(694.84); 143(478.11); 144(962.27); 145(939.73); 146(701.81); 147(600.42); 148(11.23); 149(406.86); 150(373.83); 151(711.62); 152(404.82); 153(967.1); 154(300.34); 155(697.53); 156(234.18); 157(221.21); 158(877.82); 159(554.01); 160(164.98); 161(194.98); 162(421.7); 163(801.6); 164(386.85); 165(26.47); 166(315.88); 167(436.52); 168(345.66); 169(151.53); 170(687.36); 171(950.92); 172(508.68); 173(142.53); 174(888.26); 175(395.03); 176(69.9); 178(630.41); 179(439.13); 180(623.75); 181(530.84); 182(994.23); 183(367.21); 184(472.68); 185(26.84); 186(706.03); 187(496.6); 188(104.85); 189(946.34); 190(49.59); 191(5.11); 192(939.5); 193(850.98); 194(530.78); 195(182.72); 196(416.54); 197(603.65); 198(913.51); 199(325.03); 200(430.53); 201(115.48); 202(388.27); 203(278.38); 204(936.24); 205(149.92); 206(165.51); 207(127.62); 208(596.55); 209(111.27); 210(362.02); 211(394.88); 212(244.55); 213(953.37); 214(689.42); 215(988.79); 216(923.96); 217(999.38); 218(109.41); 219(336.34); 220(291.19); 221(359.76); 222(578.82); 223(182.56); 224(4.51); 225(766.8); 226(645.0); 227(463.28); 228(11.69); 229(835.49); 230(834.36); 231(888.97); 232(413.2); 233(88.38); 234(489.04); 235(221.95); 236(804.41); 237(135.98); 238(532.39); 239(599.45); 240(998.46); 241(564.47); 242(189.84); 243(442.98); 244(61.47); 245(154.47); 246(76.62); 247(684.13); 248(174.78); 249(853.11); 250(116.5); 251(375.43); 252(195.12); 253(675.06); 254(885.57); 255(333.82); 256(813.05); 257(613.5); 258(747.72); 259(565.01); 260(716.45); 261(497.31); 262(224.41); 263(147.59); 264(996.07); 265(725.06); 266(495.14); 267(93.51); 268(396.2); 269(674.57); 270(782.15); 271(431.25); 272(903.64); 273(393.64); 274(870.33); 275(633.78); 276(317.38); 277(999.47); 278(584.56); 279(354.94); 280(834.31); 281(209.47); 282(323.41); 283(128.57); 284(266.05); 285(249.99); 286(49.14); 287(554.03); 288(543.23); 289(154.0); 290(342.28); 291(745.8); 292(917.09); 293(344.65); 294(140.07); 295(396.93); 296(212.31); 297(214.82); 298(250.74); 299(124.68); 300(562.25); 301(451.02); 302(905.05); 303(533.89); 304(898.32); 305(433.01); 306(694.59); 307(469.37); 308(441.36); 309(617.31); 310(2.27); 311(18.53); 312(306.9); 313(838.11); 314(188.86); 315(814.99); 316(188.4); 317(129.98); 318(62.22); 319(974.31); 320(109.01); 321(429.85); 322(275.01); 323(710.25); 324(910.45); 325(640.81); 326(250.52); 327(620.19); 328(128.12); 329(267.56); 330(651.1); 331(831.8); 332(825.77); 333(55.68); 334(937.38); 335(662.11); 336(366.35); 337(969.29); 338(754.28); 339(675.37); 340(433.07); 341(973.53); 342(376.28); 343(313.05); 344(491.19); 345(653.8); 346(777.89); 347(598.04); 348(595.05); 349(503.2); 350(62.31); 351(579.53); 352(781.71); 353(617.27); 354(56.99); 355(771.88); 356(320.67); 357(818.43); 358(506.55); 359(121.72); 360(485.67); 361(491.63); 362(879.39); 363(189.65); 364(135.65); 365(485.12); 366(932.29); 367(495.76); 368(296.18); 369(663.84); 370(307.84); 371(168.86); 372(166.09); 373(272.97); 374(251.19); 375(217.42); 376(804.78); 377(874.58); 378(280.03); 379(980.36); 380(190.11); 381(987.6); 382(39.98); 383(651.67); 384(398.46); 385(0.98); 386(300.79); 387(976.72); 388(98.71); 389(683.76); 390(646.27); 391(25.06); 392(638.36); 393(836.35); 394(599.45); 395(17.32); 396(12.69); 397(418.08); 398(551.16); 399(127.76); 400(339.81); 401(778.6); 402(490.02); 403(76.49); 404(884.76); 405(657.17); 406(330.26); 407(564.33); 408(776.04); 409(723.79); 410(672.68); 411(709.84); 412(834.75); 413(749.15); 414(251.23); 415(176.54); 416(925.74); 417(848.13); 418(272.67); 419(323.96); 420(123.59); 421(592.73); 422(590.99); 423(557.56); 424(775.78); 425(126.25); 426(604.0); 427(972.01); 428(578.96); 429(461.76); 430(540.52); 431(767.36); 432(281.38); 433(996.16); 434(296.2); 435(680.72); 436(572.27); 437(314.33); 438(298.04); 439(187.24); 440(683.95); 441(771.62); 442(709.99); 443(528.63); 444(202.17); 445(645.81); 446(869.73); 447(254.06); 448(30.58); 449(187.09); 450(787.22); 451(578.49); 452(713.18); 453(969.21); 454(426.4); 455(537.77); 456(474.18); 457(927.14); 458(87.15); 459(46.04); 460(624.32); 461(794.47); 462(478.0); 463(882.46); 464(786.55); 465(378.57); 466(214.96); 467(224.18); 468(103.11); 469(857.4); 470(143.93); 471(371.25); 472(3.1); 473(181.18); 474(137.12); 475(123.32); 476(731.55); 477(474.73); 478(227.68); 479(789.66); 480(424.61); 481(139.15); 482(80.9); 483(579.32); 484(181.06); 485(225.5); 486(929.09); 487(750.33); 488(108.47); 489(862.74); 490(240.79); 491(609.87); 492(338.28); 493(305.73); 494(792.48); 495(821.65); 496(770.77); 497(130.43); 498(986.22); 499(106.38),1
178,0(777.41); 1(737.2); 2(77.51); 3(94.56); 4(26.44); 5(556.48); 6(992.04); 7(821.76); 8(763.71); 9(697.54); 10(675.19); 11(353.79); 12(575.77); 13(211.29); 14(781.54); 15(606.43); 16(36.67); 17(128.39); 18(586.68); 19(846.49); 20(486.0); 21(564.45); 22(17.57); 23(686.45); 24(373.87); 25(317.43); 26(842.27); 27(880.68); 28(67.02); 29(748.28); 30(311.0); 31(378.11); 32(311.82); 33(165.12); 34(107.75); 35(600.06); 36(91.87); 37(498.21); 38(205.3); 39(176.14); 40(944.04); 41(466.87); 42(198.33); 43(564.7); 44(634.12); 45(147.34); 46(26.7); 47(226.94); 48(116.15); 49(332.39); 50(256.02); 51(50.57); 52(624.69); 53(351.09); 54(303.13); 55(795.67); 56(370.68); 57(545.56); 58(644.51); 59(926.18); 60(333.28); 61(769.38); 62(45.35); 63(532.34); 64(294.23); 65(492.23); 66(851.62); 67(92.45); 68(498.32); 69(445.49); 70(806.18); 71(502.39); 72(228.16); 73(295.75); 74(424.17); 75(359.39); 76(938.66); 77(834.34); 78(912.5); 79(42.07); 80(75.93); 81(489.19); 82(606.71); 83(163.66); 84(931.34); 85(396.38); 86(141.97); 87(359.68); 88(91.21); 89(41.16); 90(536.43); 91(907.64); 92(988.96); 93(957.43); 94(788.47); 95(792.19); 96(530.59); 97(465.61); 98(638.69); 99(242.81); 100(207.2); 101(148.14); 102(766.85); 103(138.1); 104(360.64); 105(112.75); 106(408.38); 107(559.3); 108(473.01); 109(571.38); 110(498.01); 111(144.09); 112(350.57); 113(162.43); 114(386.01); 115(371.58); 116(725.9); 117(164.14); 118(373.11); 119(765.9); 120(190.34); 121(271.11); 122(545.27); 123(719.16); 124(924.11); 125(655.31); 126(932.59); 127(285.14); 128(252.99); 129(937.09); 130(302.76); 131(921.94); 132(582.66); 133(54.9); 134(556.58); 135(573.61); 136(578.92); 137(594.84); 138(691.03); 139(583.09); 140(194.94); 141(328.06); 142(113.5); 143(198.65); 144(994.09); 145(301.29); 146(941.27); 147(194.27); 148(768.89); 149(462.19); 150(221.43); 151(536.79); 152(315.13); 153(145.8); 154(825.68); 155(59.06); 156(252.47); 157(472.42); 158(825.77); 159(859.79); 160(270.08); 161(94.51); 162(973.19); 163(553.3); 164(521.26); 165(480.17); 166(594.99); 167(662.42); 168(499.35); 169(538.23); 170(158.98); 171(428.45); 172(345.3); 173(922.59); 174(216.58); 175(120.27); 176(572.58); 177(630.41); 179(185.01); 180(63.57); 181(601.83); 182(720.51); 183(957.23); 184(43.49); 185(367.33); 186(978.38); 187(82.01); 188(419.17); 189(696.32); 190(978.96); 191(562.87); 192(662.37); 193(242.8); 194(435.35); 195(123.83); 196(258.15); 197(86.3); 198(618.71); 199(519.77); 200(216.43); 201(449.38); 202(610.54); 203(422.77); 204(476.05); 205(949.35); 206(386.9); 207(370.59); 208(44.68); 209(880.17); 210(152.52); 211(667.58); 212(599.69); 213(789.8); 214(612.07); 215(349.65); 216(813.75); 217(137.39); 218(575.86); 219(666.46); 220(11.75); 221(167.55); 222(207.73); 223(489.49); 224(220.71); 225(583.55); 226(119.62); 227(97.12); 228(18.58); 229(232.36); 230(296.88); 231(765.13); 232(811.71); 233(439.15); 234(828.84); 235(734.18); 236(33.28); 237(545.94); 238(60.39); 239(601.94); 240(45.75); 241(442.03); 242(714.48); 243(633.24); 244(341.51); 245(403.4); 246(533.72); 247(661.64); 248(361.22); 249(27.65); 250(904.96); 251(87.69); 252(721.46); 253(972.32); 254(538.57); 255(98.32); 256(253.66); 257(737.22); 258(502.47); 259(632.38); 260(486.54); 261(436.81); 262(962.95); 263(462.52); 264(195.2); 265(36.02); 266(440.53); 267(623.39); 268(169.99); 269(824.58); 270(90.49); 271(697.84); 272(746.82); 273(441.24); 274(59.58); 275(133.52); 276(436.74); 277(969.75); 278(519.22); 279(263.51); 280(936.26); 281(56.15); 282(161.48); 283(719.33); 284(558.91); 285(427.78); 286(241.29); 287(301.55); 288(124.33); 289(404.57); 290(702.72); 291(640.11); 292(337.71); 293(535.65); 294(441.18); 295(631.15); 296(830.1); 297(166.1); 298(536.37); 299(207.78); 300(216.38); 301(222.68); 302(507.3); 303(711.96); 304(780.43); 305(194.19); 306(168.12); 307(852.91); 308(343.11); 309(89.02); 310(245.87); 311(856.18); 312(598.7); 313(77.22); 314(266.44); 315(36.36); 316(196.42); 317(989.65); 318(598.17); 319(277.42); 320(623.97); 321(992.21); 322(985.33); 323(932.08); 324(518.47); 325(658.67); 326(387.03); 327(224.23); 328(104.79); 329(750.7); 330(47.9); 331(657.64); 332(256.39); 333(83.89); 334(85.44); 335(141.27); 336(935.86); 337(290.66); 338(983.65); 339(636.42); 340(707.99); 341(54.93); 342(642.79); 343(390.63); 344(806.72); 345(775.31); 346(8.06); 347(844.05); 348(641.14); 349(240.96); 350(819.82); 351(991.53); 352(876.1); 353(800.66); 354(613.8); 355(404.2); 356(998.0); 357(329.02); 358(383.94); 359(114.79); 360(500.22); 361(7.13); 362(137.0); 363(412.14); 364(790.98); 365(185.21); 366(747.78); 367(877.92); 368(589.7); 369(116.9); 370(945.93); 371(164.42); 372(805.26); 373(732.07); 374(494.25); 375(383.68); 376(472.95); 377(180.41); 378(832.36); 379(414.07); 380(185.34); 381(508.81); 382(822.78); 383(713.74); 384(355.38); 385(502.09); 386(156.05); 387(528.1); 388(635.25); 389(610.47); 390(233.7); 391(306.93); 392(393.03); 393(153.02); 394(289.14); 395(912.81); 396(17.99); 397(255.04); 398(888.24); 399(813.31); 400(683.99); 401(927.62); 402(765.5); 403(836.27); 404(951.69); 405(452.68); 406(517.22); 407(771.35); 408(477.9); 409(133.87); 410(89.14); 411(474.11); 412(507.26); 413(5.03); 414(944.48); 415(21.71); 416(243.02); 417(953.18); 418(46.39); 419(162.76); 420(544.24); 421(120.09); 422(11.86); 423(289.27); 424(499.7); 425(415.79); 426(493.53); 427(454.75); 428(742.12); 429(955.59); 430(556.79); 431(424.06); 432(844.03); 433(570.5); 434(303.96); 435(95.07); 436(241.65); 437(58.17); 438(834.2); 439(14.45); 440(192.83); 441(796.53); 442(671.91); 443(59.67); 444(709.59); 445(254.29); 446(788.65); 447(294.95); 448(418.49); 449(760.87); 450(172.8); 451(167.23); 452(619.59); 453(543.04); 454(564.6); 455(609.04); 456(976.6); 457(451.23); 458(81.97); 459(57.74); 460(56.95); 461(933.44); 462(554.09); 463(667.11); 464(980.42); 465(420.32); 466(512.65); 467(54.79); 468(491.7); 469(788.12); 470(572.71); 471(413.5); 472(184.37); 473(835.2); 474(508.81); 475(997.64); 476(85.92); 477(240.06); 478(272.92); 479(591.13); 480(553.3); 481(91.62); 482(791.06); 483(404.31); 484(180.32); 485(722.03); 486(624.03); 487(469.55); 488(924.97); 489(811.87); 490(717.55); 491(586.46); 492(557.56); 493(717.36); 494(910.65); 495(424.33); 496(473.29); 497(715.33); 498(436.81); 499(667.39),1
179,0(106.83); 1(157.24); 2(748.67); 3(985.42); 4(94.09); 5(625.95); 6(985.5); 7(772.0); 8(84.64); 9(819.5); 10(555.6); 11(564.03); 12(262.99); 13(752.53); 14(396.82); 15(60.89); 16(576.44); 17(918.75); 18(933.85); 19(487.18); 20(111.81); 21(888.65); 22(463.63); 23(389.13); 24(467.35); 25(407.33); 26(727.32); 27(14.26); 28(333.39); 29(629.22); 30(767.11); 31(339.05); 32(382.67); 33(110.69); 34(262.95); 35(348.68); 36(718.38); 37(350.45); 38(694.87); 39(200.83); 40(208.72); 41(84.43); 42(858.04); 43(607.9); 44(682.89); 45(729.86); 46(767.8); 47(371.06); 48(342.35); 49(57.41); 50(401.64); 51(211.45); 52(207.1); 53(435.32); 54(772.92); 55(919.15); 56(161.3); 57(909.68); 58(984.32); 59(110.56); 60(40.92); 61(349.23); 62(440.69); 63(845.34); 64(44.24); 65(836.73); 66(172.4); 67(181.79); 68(663.6); 69(945.35); 70(439.78); 71(338.75); 72(992.58); 73(743.01); 74(261.03); 75(740.56); 76(782.05); 77(311.16); 78(3.74); 79(102.92); 80(384.43); 81(429.58); 82(564.96); 83(762.99); 84(287.78); 85(187.35); 86(337.1); 87(490.35); 88(814.63); 89(573.16); 90(849.72); 91(345.53); 92(97.7); 93(535.23); 94(96.96); 95(826.34); 96(82.34); 97(636.96); 98(567.21); 99(807.07); 100(551.45); 101(689.35); 102(250.56); 103(318.61); 104(309.74); 105(965.85); 106(679.79); 107(203.5); 108(933.98); 109(673.31); 110(530.11); 111(995.32); 112(921.04); 113(720.41); 114(34.9); 115(329.14); 116(697.67); 117(230.9); 118(490.72); 119(894.46); 120(558.25); 121(853.19); 122(431.83); 123(509.55); 124(809.47); 125(777.92); 126(815.08); 127(555.34); 128(633.17); 129(534.49); 130(830.06); 131(763.81); 132(148.09); 133(63.62); 134(927.37); 135(953.22); 136(641.85); 137(801.48); 138(408.99); 139(62.23); 140(675.29); 141(461.12); 142(707.44); 143(3.89); 144(753.36); 145(896.61); 146(470.61); 147(981.46); 148(684.3); 149(757.59); 150(988.27); 151(642.05); 152(405.95); 153(732.26); 154(452.26); 155(474.5); 156(698.71); 157(89.75); 158(867.09); 159(347.2); 160(554.01); 161(748.09); 162(388.63); 163(314.96); 164(693.25); 165(316.93); 166(435.67); 167(463.63); 168(395.75); 169(926.33); 170(497.16); 171(991.13); 172(620.15); 173(14.8); 174(395.86); 175(882.53); 176(234.34); 177(439.13); 178(185.01); 180(926.44); 181(524.35); 182(836.92); 183(791.41); 184(37.36); 185(654.18); 186(130.44); 187(273.9); 188(4.79); 189(164.3); 190(404.84); 191(572.84); 192(487.15); 193(171.09); 194(917.95); 195(557.71); 196(926.72); 197(606.17); 198(369.57); 199(979.32); 200(419.11); 201(970.46); 202(223.76); 203(961.64); 204(176.08); 205(791.86); 206(149.81); 207(585.08); 208(943.13); 209(818.11); 210(205.13); 211(764.28); 212(753.1); 213(220.29); 214(877.85); 215(125.78); 216(107.06); 217(945.22); 218(617.66); 219(230.13); 220(675.07); 221(486.19); 222(745.9); 223(425.54); 224(300.15); 225(31.2); 226(869.3); 227(579.0); 228(607.86); 229(469.41); 230(591.72); 231(524.52); 232(37.72); 233(986.63); 234(309.71); 235(751.35); 236(117.5); 237(230.66); 238(798.28); 239(591.69); 240(50.85); 241(222.55); 242(507.16); 243(133.09); 244(101.55); 245(435.38); 246(84.2); 247(250.44); 248(521.68); 249(62.56); 250(142.3); 251(2.61); 252(919.43); 253(894.01); 254(613.94); 255(311.71); 256(437.79); 257(250.88); 258(769.86); 259(723.92); 260(210.43); 261(166.0); 262(658.55); 263(198.9); 264(797.73); 265(98.03); 266(352.86); 267(949.84); 268(73.85); 269(348.13); 270(359.97); 271(192.68); 272(800.46); 273(798.28); 274(767.53); 275(684.79); 276(410.96); 277(389.07); 278(876.79); 279(288.94); 280(102.4); 281(677.55); 282(598.12); 283(298.06); 284(824.0); 285(592.95); 286(949.65); 287(842.46); 288(954.62); 289(17.92); 290(690.64); 291(625.19); 292(558.18); 293(361.91); 294(120.94); 295(1.38); 296(184.52); 297(932.13); 298(455.14); 299(266.6); 300(264.26); 301(166.6); 302(797.22); 303(974.51); 304(700.87); 305(909.64); 306(258.24); 307(656.01); 308(576.33); 309(435.95); 310(747.97); 311(875.23); 312(662.98); 313(976.54); 314(95.59); 315(297.21); 316(566.58); 317(486.62); 318(369.64); 319(336.45); 320(787.91); 321(148.74); 322(376.47); 323(33.37); 324(587.2); 325(101.51); 326(799.23); 327(850.25); 328(880.87); 329(617.1); 330(430.92); 331(186.34); 332(861.03); 333(317.27); 334(90.95); 335(825.32); 336(24.86); 337(679.17); 338(651.23); 339(731.42); 340(870.34); 341(960.61); 342(733.81); 343(391.92); 344(103.3); 345(472.5); 346(359.86); 347(900.43); 348(609.2); 349(539.21); 350(758.54); 351(887.61); 352(75.35); 353(194.53); 354(44.07); 355(251.45); 356(30.56); 357(876.86); 358(814.4); 359(958.37); 360(493.27); 361(875.05); 362(615.94); 363(425.17); 364(15.03); 365(125.78); 366(425.58); 367(329.62); 368(436.04); 369(526.06); 370(526.33); 371(519.28); 372(655.11); 373(301.88); 374(557.95); 375(242.81); 376(278.46); 377(560.16); 378(770.95); 379(162.25); 380(28.83); 381(198.21); 382(416.83); 383(536.49); 384(847.65); 385(26.27); 386(997.1); 387(349.12); 388(201.92); 389(72.37); 390(966.44); 391(219.89); 392(255.07); 393(673.02); 394(626.4); 395(496.66); 396(908.99); 397(981.59); 398(195.87); 399(221.43); 400(933.58); 401(649.69); 402(64.54); 403(120.43); 404(129.34); 405(241.26); 406(422.14); 407(579.86); 408(22.5); 409(200.52); 410(926.96); 411(196.37); 412(385.06); 413(855.67); 414(765.02); 415(159.08); 416(736.36); 417(93.58); 418(393.33); 419(165.5); 420(890.07); 421(342.02); 422(632.76); 423(282.73); 424(288.27); 425(118.95); 426(630.68); 427(559.93); 428(122.69); 429(51.57); 430(17.94); 431(805.41); 432(839.56); 433(838.85); 434(772.36); 435(225.63); 436(991.92); 437(503.6); 438(306.25); 439(544.97); 440(231.83); 441(626.41); 442(109.08); 443(206.32); 444(448.44); 445(390.79); 446(519.51); 447(893.0); 448(256.46); 449(753.04); 450(585.52); 451(966.97); 452(669.87); 453(61.32); 454(688.37); 455(885.0); 456(293.27); 457(336.57); 458(490.42); 459(472.52); 460(850.54); 461(131.75); 462(484.69); 463(425.93); 464(894.87); 465(268.24); 466(459.99); 467(715.05); 468(62.62); 469(584.56); 470(709.25); 471(310.79); 472(109.0); 473(740.48); 474(696.7); 475(829.49); 476(779.67); 477(411.0); 478(336.91); 479(307.07); 480(360.59); 481(523.18); 482(708.84); 483(751.47); 484(537.82); 485(179.42); 486(86.93); 487(177.09); 488(610.24); 489(153.51); 490(545.42); 491(740.52); 492(191.06); 493(815.82); 494(136.3); 495(613.15); 496(833.2); 497(647.75); 498(275.62); 499(496.32),1
180,0(323.9); 1(425.62); 2(983.39); 3(414.24); 4(592.93); 5(698.17); 6(377.22); 7(429.94); 8(936.08); 9(629.74); 10(591.87); 11(953.28); 12(235.98); 13(993.61); 14(757.14); 15(110.09); 16(390.63); 17(354.02); 18(836.79); 19(664.74); 20(612.06); 21(886.52); 22(637.52); 23(530.86); 24(516.02); 25(292.55); 26(846.22); 27(108.63); 28(771.96); 29(344.96); 30(264.0); 31(944.63); 32(905.64); 33(961.83); 34(146.03); 35(357.2); 36(79.66); 37(20.06); 38(175.45); 39(487.39); 40(650.22); 41(900.69); 42(703.66); 43(242.45); 44(806.85); 45(47.9); 46(744.35); 47(189.48); 48(307.76); 49(604.07); 50(511.23); 51(433.6); 52(618.08); 53(362.39); 54(96.68); 55(951.16); 56(329.86); 57(869.99); 58(334.24); 59(779.62); 60(832.47); 61(331.12); 62(604.85); 63(17.15); 64(398.22); 65(450.1); 66(875.7); 67(679.58); 68(791.22); 69(250.96); 70(115.03); 71(402.08); 72(139.79); 73(270.19); 74(406.72); 75(634.96); 76(238.15); 77(375.72); 78(753.52); 79(857.23); 80(285.59); 81(969.14); 82(778.24); 83(269.3); 84(650.38); 85(824.5); 86(243.65); 87(452.2); 88(72.67); 89(141.77); 90(957.79); 91(291.94); 92(991.52); 93(635.88); 94(886.36); 95(60.62); 96(364.31); 97(176.2); 98(434.51); 99(61.46); 100(879.99); 101(111.93); 102(293.77); 103(438.14); 104(749.98); 105(619.79); 106(927.97); 107(878.25); 108(972.01); 109(950.37); 110(744.67); 111(833.1); 112(880.74); 113(397.42); 114(210.67); 115(303.22); 116(748.66); 117(447.52); 118(112.57); 119(197.52); 120(709.69); 121(218.7); 122(444.73); 123(989.74); 124(210.64); 125(186.93); 126(580.6); 127(971.77); 128(705.53); 129(705.94); 130(363.92); 131(116.19); 132(727.84); 133(913.39); 134(281.25); 135(758.7); 136(701.16); 137(973.19); 138(112.44); 139(936.43); 140(115.61); 141(21.57); 142(388.25); 143(404.44); 144(852.61); 145(812.61); 146(807.58); 147(979.71); 148(446.84); 149(268.71); 150(697.08); 151(8.1); 152(286.38); 153(401.98); 154(16.53); 155(554.29); 156(382.75); 157(773.08); 158(385.17); 159(466.43); 160(694.25); 161(653.99); 162(718.83); 163(276.87); 164(299.46); 165(414.4); 166(100.16); 167(697.32); 168(296.7); 169(747.14); 170(934.27); 171(62.94); 172(124.01); 173(681.83); 174(713.78); 175(414.68); 176(843.5); 177(623.75); 178(63.57); 179(926.44); 181(255.8); 182(843.6); 183(152.94); 184(807.16); 185(99.62); 186(454.14); 187(629.1); 188(775.67); 189(89.51); 190(505.6); 191(501.43); 192(416.0); 193(435.38); 194(904.25); 195(858.84); 196(277.43); 197(119.12); 198(696.44); 199(759.87); 200(130.75); 201(441.33); 202(90.74); 203(305.2); 204(281.19); 205(539.2); 206(690.17); 207(520.74); 208(720.54); 209(750.56); 210(538.15); 211(794.58); 212(541.35); 213(394.47); 214(87.12); 215(988.4); 216(637.49); 217(18.6); 218(385.37); 219(347.39); 220(606.2); 221(365.26); 222(416.15); 223(457.11); 224(42.61); 225(789.31); 226(769.06); 227(410.2); 228(495.57); 229(576.96); 230(450.34); 231(882.67); 232(534.56); 233(52.33); 234(847.96); 235(925.08); 236(723.76); 237(967.0); 238(470.36); 239(455.31); 240(107.02); 241(445.31); 242(936.21); 243(999.86); 244(80.85); 245(745.06); 246(345.18); 247(203.23); 248(55.21); 249(391.3); 250(547.17); 251(439.28); 252(825.79); 253(756.84); 254(600.57); 255(14.38); 256(558.75); 257(465.87); 258(857.6); 259(416.33); 260(512.09); 261(138.6); 262(739.08); 263(699.1); 264(144.09); 265(606.67); 266(96.45); 267(226.59); 268(238.14); 269(165.91); 270(191.44); 271(420.38); 272(34.82); 273(297.6); 274(668.75); 275(959.34); 276(851.08); 277(911.86); 278(271.92); 279(269.6); 280(428.6); 281(118.76); 282(973.43); 283(935.92); 284(661.0); 285(829.65); 286(490.41); 287(620.37); 288(856.38); 289(353.14); 290(69.85); 291(817.2); 292(931.49); 293(730.34); 294(634.21); 295(688.48); 296(968.24); 297(516.25); 298(647.88); 299(735.23); 300(759.69); 301(854.92); 302(915.93); 303(724.33); 304(407.53); 305(725.07); 306(757.5); 307(179.33); 308(461.75); 309(77.21); 310(881.43); 311(811.63); 312(834.31); 313(281.26); 314(649.53); 315(231.92); 316(936.64); 317(292.68); 318(272.76); 319(20.7); 320(456.89); 321(465.14); 322(575.65); 323(800.81); 324(787.89); 325(625.56); 326(538.42); 327(691.8); 328(213.56); 329(556.32); 330(781.37); 331(287.86); 332(996.04); 333(582.51); 334(796.77); 335(969.91); 336(280.63); 337(87.33); 338(964.17); 339(485.3); 340(987.52); 341(808.47); 342(876.66); 343(305.98); 344(45.62); 345(775.86); 346(171.09); 347(205.82); 348(495.14); 349(456.5); 350(22.01); 351(237.83); 352(824.47); 353(422.75); 354(19.71); 355(709.34); 356(487.63); 357(363.58); 358(180.3); 359(30.72); 360(863.45); 361(747.0); 362(458.02); 363(247.29); 364(713.13); 365(167.44); 366(968.65); 367(693.47); 368(910.26); 369(503.62); 370(983.87); 371(230.78); 372(718.35); 373(688.84); 374(560.64); 375(379.3); 376(169.13); 377(634.62); 378(68.51); 379(256.27); 380(513.59); 381(862.29); 382(397.52); 383(526.63); 384(803.3); 385(51.27); 386(948.37); 387(432.01); 388(213.33); 389(702.7); 390(703.71); 391(686.51); 392(393.72); 393(112.31); 394(172.39); 395(160.35); 396(4.81); 397(357.07); 398(829.85); 399(680.72); 400(520.04); 401(737.34); 402(757.71); 403(922.18); 404(431.33); 405(736.07); 406(93.41); 407(629.23); 408(220.26); 409(196.98); 410(914.77); 411(594.51); 412(826.08); 413(767.02); 414(475.85); 415(67.66); 416(997.83); 417(717.97); 418(46.23); 419(174.48); 420(60.22); 421(139.4); 422(412.69); 423(500.0); 424(83.52); 425(846.29); 426(534.46); 427(757.17); 428(480.82); 429(22.93); 430(845.45); 431(714.5); 432(136.82); 433(874.59); 434(165.95); 435(768.99); 436(690.33); 437(54.66); 438(978.94); 439(804.4); 440(70.18); 441(906.55); 442(941.71); 443(526.07); 444(984.11); 445(423.34); 446(557.32); 447(822.77); 448(1.72); 449(20.35); 450(934.15); 451(521.54); 452(348.92); 453(942.54); 454(769.01); 455(450.0); 456(863.97); 457(912.87); 458(598.78); 459(572.75); 460(691.23); 461(67.13); 462(645.93); 463(988.38); 464(518.4); 465(527.44); 466(646.77); 467(892.41); 468(687.04); 469(402.11); 470(594.75); 471(335.64); 472(461.74); 473(818.26); 474(381.05); 475(795.24); 476(742.96); 477(374.25); 478(180.7); 479(365.77); 480(752.23); 481(988.1); 482(965.97); 483(185.78); 484(911.58); 485(239.21); 486(679.55); 487(707.31); 488(940.85); 489(783.84); 490(529.7); 491(409.58); 492(190.58); 493(25.27); 494(183.25); 495(173.61); 496(352.33); 497(690.31); 498(899.89); 499(897.42),1
181,0(856.93); 1(29.73); 2(266.51); 3(393.95); 4(387.76); 5(109.27); 6(864.54); 7(350.97); 8(85.73); 9(42.82); 10(25.43); 11(560.31); 12(336.0); 13(349.82); 14(98.68); 15(839.79); 16(822.83); 17(329.61); 18(282.48); 19(261.69); 20(449.63); 21(554.72); 22(953.96); 23(420.19); 24(938.87); 25(455.26); 26(618.71); 27(233.96); 28(436.56); 29(607.81); 30(912.76); 31(465.3); 32(334.85); 33(155.36); 34(480.66); 35(681.86); 36(959.58); 37(433.3); 38(728.43); 39(194.84); 40(634.36); 41(823.64); 42(360.42); 43(925.61); 44(378.27); 45(505.27); 46(572.87); 47(557.32); 48(738.23); 49(625.32); 50(147.72); 51(862.91); 52(719.4); 53(113.24); 54(211.62); 55(323.96); 56(395.27); 57(491.9); 58(711.8); 59(408.74); 60(649.53); 61(784.11); 62(435.11); 63(101.0); 64(628.82); 65(87.89); 66(249.31); 67(39.05); 68(446.36); 69(348.25); 70(939.96); 71(57.01); 72(994.39); 73(683.93); 74(105.28); 75(828.67); 76(174.6); 77(48.39); 78(422.05); 79(685.74); 80(72.88); 81(14.57); 82(572.52); 83(583.34); 84(355.39); 85(209.91); 86(773.38); 87(616.79); 88(295.18); 89(758.72); 90(222.59); 91(795.26); 92(281.95); 93(20.75); 94(187.5); 95(50.55); 96(862.42); 97(431.86); 98(191.98); 99(58.84); 100(564.42); 101(491.04); 102(550.77); 103(565.68); 104(429.81); 105(487.43); 106(768.59); 107(247.12); 108(219.52); 109(78.91); 110(532.91); 111(732.76); 112(683.15); 113(26.05); 114(699.08); 115(396.82); 116(632.21); 117(398.17); 118(69.84); 119(899.07); 120(747.62); 121(851.8); 122(489.05); 123(652.36); 124(654.52); 125(760.19); 126(547.84); 127(910.9); 128(524.34); 129(283.07); 130(172.27); 131(962.0); 132(137.35); 133(208.43); 134(807.39); 135(887.93); 136(162.53); 137(150.84); 138(961.25); 139(533.13); 140(751.95); 141(922.57); 142(567.76); 143(919.37); 144(760.28); 145(705.7); 146(65.29); 147(80.35); 148(525.52); 149(207.21); 150(927.54); 151(986.79); 152(619.01); 153(930.97); 154(621.09); 155(26.69); 156(63.21); 157(561.42); 158(451.63); 159(11.87); 160(209.08); 161(919.81); 162(340.22); 163(717.56); 164(500.38); 165(925.74); 166(268.27); 167(895.78); 168(486.39); 169(337.46); 170(232.15); 171(287.46); 172(353.23); 173(974.32); 174(998.62); 175(481.66); 176(613.27); 177(530.84); 178(601.83); 179(524.35); 180(255.8); 182(566.21); 183(981.73); 184(517.34); 185(999.32); 186(514.15); 187(75.41); 188(690.49); 189(447.19); 190(167.06); 191(550.98); 192(944.14); 193(742.11); 194(844.92); 195(776.75); 196(317.82); 197(194.93); 198(167.73); 199(68.89); 200(397.17); 201(759.46); 202(196.69); 203(366.23); 204(538.27); 205(771.63); 206(712.7); 207(329.67); 208(604.33); 209(811.96); 210(566.46); 211(636.02); 212(81.08); 213(860.61); 214(899.85); 215(829.0); 216(609.84); 217(692.04); 218(982.16); 219(2.69); 220(62.13); 221(905.79); 222(918.38); 223(254.84); 224(653.06); 225(896.69); 226(543.27); 227(938.04); 228(821.82); 229(439.55); 230(582.55); 231(543.12); 232(83.72); 233(765.7); 234(981.55); 235(593.55); 236(66.32); 237(891.96); 238(866.53); 239(41.27); 240(965.54); 241(6.06); 242(162.64); 243(759.21); 244(814.51); 245(121.19); 246(228.46); 247(483.69); 248(11.1); 249(526.08); 250(111.76); 251(432.93); 252(566.08); 253(821.99); 254(733.36); 255(796.33); 256(690.99); 257(813.58); 258(547.27); 259(799.56); 260(945.43); 261(795.41); 262(643.61); 263(21.11); 264(576.17); 265(784.09); 266(8.16); 267(648.37); 268(772.58); 269(251.12); 270(412.06); 271(617.26); 272(929.85); 273(544.74); 274(527.41); 275(87.75); 276(828.71); 277(138.27); 278(55.02); 279(5.3); 280(603.13); 281(376.89); 282(547.6); 283(983.28); 284(424.53); 285(719.65); 286(97.99); 287(271.94); 288(503.09); 289(11.78); 290(899.96); 291(743.12); 292(4.55); 293(971.56); 294(471.13); 295(634.93); 296(955.41); 297(683.38); 298(604.02); 299(734.81); 300(930.42); 301(585.79); 302(342.49); 303(671.58); 304(849.23); 305(640.88); 306(407.22); 307(740.61); 308(928.31); 309(675.31); 310(76.26); 311(886.69); 312(321.04); 313(629.03); 314(526.21); 315(743.62); 316(17.55); 317(659.15); 318(447.91); 319(993.45); 320(873.19); 321(982.54); 322(838.66); 323(416.91); 324(958.54); 325(677.4); 326(817.32); 327(390.04); 328(945.72); 329(76.23); 330(693.81); 331(449.59); 332(759.44); 333(564.72); 334(610.77); 335(624.63); 336(963.88); 337(501.32); 338(993.03); 339(577.83); 340(372.65); 341(324.65); 342(297.11); 343(100.82); 344(819.13); 345(778.16); 346(651.89); 347(544.74); 348(401.9); 349(382.82); 350(757.1); 351(506.37); 352(331.82); 353(665.22); 354(427.3); 355(618.84); 356(645.47); 357(897.6); 358(200.61); 359(862.27); 360(268.88); 361(283.3); 362(677.35); 363(275.3); 364(421.41); 365(778.44); 366(460.1); 367(513.34); 368(400.45); 369(382.21); 370(156.54); 371(44.39); 372(271.15); 373(533.05); 374(357.58); 375(645.96); 376(321.43); 377(420.14); 378(16.11); 379(892.62); 380(678.9); 381(423.99); 382(733.25); 383(775.39); 384(325.85); 385(371.78); 386(84.2); 387(440.59); 388(49.05); 389(408.2); 390(602.51); 391(272.1); 392(763.93); 393(494.1); 394(639.04); 395(756.05); 396(983.02); 397(799.37); 398(488.77); 399(508.96); 400(21.05); 401(596.36); 402(478.37); 403(974.28); 404(358.16); 405(729.76); 406(786.68); 407(297.48); 408(650.27); 409(593.63); 410(229.39); 411(218.66); 412(956.76); 413(972.01); 414(224.23); 415(986.32); 416(582.6); 417(357.43); 418(625.36); 419(575.26); 420(282.38); 421(525.93); 422(346.71); 423(670.54); 424(112.0); 425(870.04); 426(209.96); 427(27.87); 428(166.81); 429(305.96); 430(333.37); 431(649.56); 432(867.01); 433(249.46); 434(290.57); 435(679.44); 436(494.24); 437(239.63); 438(922.79); 439(363.41); 440(699.56); 441(574.71); 442(492.35); 443(399.31); 444(596.21); 445(858.04); 446(488.36); 447(549.04); 448(409.84); 449(241.44); 450(136.54); 451(663.16); 452(148.44); 453(633.27); 454(856.23); 455(281.07); 456(30.14); 457(828.48); 458(798.28); 459(532.09); 460(785.69); 461(633.33); 462(688.65); 463(37.65); 464(813.23); 465(741.11); 466(539.51); 467(176.31); 468(304.41); 469(306.62); 470(770.71); 471(734.14); 472(173.89); 473(372.64); 474(547.17); 475(24.77); 476(639.69); 477(295.75); 478(539.02); 479(129.0); 480(434.1); 481(337.42); 482(104.0); 483(443.9); 484(733.81); 485(22.5); 486(25.51); 487(871.52); 488(758.34); 489(828.31); 490(395.62); 491(567.28); 492(990.82); 493(338.61); 494(716.36); 495(624.15); 496(969.56); 497(717.48); 498(306.4); 499(627.75),2
182,0(140.75); 1(498.8); 2(665.02); 3(639.92); 4(609.88); 5(589.68); 6(869.09); 7(543.58); 8(716.67); 9(69.08); 10(53.56); 11(238.36); 12(525.03); 13(74.5); 14(202.14); 15(266.0); 16(870.55); 17(281.08); 18(670.53); 19(85.91); 20(790.31); 21(197.71); 22(13.1); 23(888.42); 24(332.6); 25(538.3); 26(980.54); 27(256.4); 28(187.81); 29(185.84); 30(228.13); 31(983.77); 32(856.15); 33(854.65); 34(622.87); 35(954.08); 36(775.36); 37(405.42); 38(12.09); 39(282.48); 40(211.62); 41(494.12); 42(505.46); 43(493.67); 44(84.33); 45(103.28); 46(239.09); 47(646.23); 48(836.83); 49(164.36); 50(320.85); 51(442.72); 52(514.75); 53(804.63); 54(436.9); 55(197.8); 56(310.89); 57(65.79); 58(76.68); 59(616.26); 60(782.09); 61(495.69); 62(583.5); 63(417.65); 64(405.82); 65(764.57); 66(513.9); 67(822.63); 68(951.65); 69(414.94); 70(577.23); 71(14.96); 72(42.15); 73(333.85); 74(520.69); 75(939.42); 76(124.16); 77(871.53); 78(784.91); 79(592.29); 80(117.01); 81(169.29); 82(644.02); 83(874.1); 84(105.31); 85(85.66); 86(209.26); 87(146.8); 88(984.35); 89(94.08); 90(951.13); 91(140.18); 92(489.39); 93(428.92); 94(60.52); 95(102.21); 96(163.01); 97(85.42); 98(237.9); 99(868.37); 100(81.75); 101(926.75); 102(319.44); 103(53.25); 104(720.71); 105(699.2); 106(456.6); 107(948.58); 108(916.56); 109(254.6); 110(522.4); 111(116.21); 112(92.91); 113(347.51); 114(555.03); 115(1.51); 116(193.14); 117(256.01); 118(789.16); 119(152.43); 120(720.27); 121(909.89); 122(98.81); 123(227.51); 124(981.09); 125(460.94); 126(262.11); 127(2.41); 128(195.45); 129(48.51); 130(934.32); 131(410.28); 132(669.15); 133(70.65); 134(443.08); 135(971.23); 136(391.95); 137(849.26); 138(129.1); 139(167.62); 140(989.08); 141(788.93); 142(869.57); 143(684.94); 144(556.32); 145(590.79); 146(598.68); 147(929.96); 148(648.76); 149(694.35); 150(559.89); 151(520.41); 152(712.17); 153(272.5); 154(701.2); 155(769.04); 156(938.19); 157(459.17); 158(660.34); 159(483.6); 160(610.3); 161(711.8); 162(539.11); 163(110.1); 164(803.86); 165(515.75); 166(197.66); 167(21.55); 168(765.42); 169(605.92); 170(648.8); 171(694.78); 172(337.19); 173(854.43); 174(289.53); 175(499.51); 176(604.01); 177(994.23); 178(720.51); 179(836.92); 180(843.6); 181(566.21); 183(767.89); 184(322.87); 185(566.46); 186(320.38); 187(246.59); 188(240.39); 189(732.28); 190(863.59); 191(305.0); 192(246.24); 193(946.51); 194(219.81); 195(116.1); 196(808.29); 197(776.89); 198(391.75); 199(276.52); 200(280.33); 201(249.42); 202(629.1); 203(352.01); 204(968.61); 205(816.01); 206(185.01); 207(655.93); 208(97.42); 209(392.31); 210(992.91); 211(143.32); 212(593.82); 213(821.92); 214(591.38); 215(52.75); 216(177.73); 217(362.91); 218(291.16); 219(354.57); 220(705.79); 221(819.02); 222(154.53); 223(298.7); 224(991.58); 225(887.9); 226(80.35); 227(750.17); 228(323.24); 229(244.27); 230(276.56); 231(127.02); 232(311.32); 233(994.04); 234(173.8); 235(885.27); 236(996.05); 237(734.92); 238(581.22); 239(579.89); 240(896.96); 241(12.41); 242(689.97); 243(583.3); 244(809.45); 245(370.91); 246(849.23); 247(285.94); 248(73.79); 249(138.98); 250(963.64); 251(517.61); 252(139.02); 253(518.86); 254(665.69); 255(322.12); 256(938.96); 257(44.75); 258(237.66); 259(531.75); 260(869.73); 261(46.87); 262(425.15); 263(98.71); 264(896.87); 265(188.31); 266(285.97); 267(942.37); 268(514.25); 269(500.09); 270(595.77); 271(910.22); 272(934.83); 273(994.62); 274(597.53); 275(370.18); 276(315.18); 277(36.8); 278(339.07); 279(300.18); 280(500.15); 281(196.81); 282(282.35); 283(366.42); 284(914.66); 285(16.48); 286(386.59); 287(432.35); 288(164.05); 289(611.02); 290(587.96); 291(65.05); 292(450.13); 293(76.77); 294(721.4); 295(610.45); 296(12.34); 297(548.07); 298(70.62); 299(731.58); 300(669.95); 301(750.48); 302(403.17); 303(343.13); 304(510.26); 305(717.82); 306(749.7); 307(979.02); 308(714.29); 309(592.4); 310(846.19); 311(298.38); 312(801.16); 313(972.86); 314(497.7); 315(757.69); 316(616.54); 317(835.29); 318(960.39); 319(636.29); 320(867.93); 321(523.69); 322(94.54); 323(679.71); 324(836.66); 325(731.97); 326(865.63); 327(590.92); 328(365.61); 329(757.0); 330(993.6); 331(60.21); 332(130.06); 333(203.49); 334(301.25); 335(987.13); 336(165.88); 337(905.06); 338(311.04); 339(833.99); 340(830.29); 341(490.88); 342(905.64); 343(68.37); 344(671.85); 345(43.56); 346(562.85); 347(18.55); 348(761.11); 349(206.31); 350(821.47); 351(965.3); 352(367.44); 353(302.11); 354(1.85); 355(567.08); 356(327.59); 357(858.58); 358(527.56); 359(400.4); 360(503.95); 361(381.97); 362(760.35); 363(655.18); 364(386.48); 365(181.33); 366(559.66); 367(536.49); 368(39.9); 369(190.73); 370(698.29); 371(416.73); 372(463.48); 373(579.31); 374(244.58); 375(43.13); 376(513.76); 377(644.64); 378(100.13); 379(163.22); 380(920.31); 381(908.59); 382(638.7); 383(979.05); 384(380.71); 385(173.61); 386(844.95); 387(242.23); 388(120.33); 389(137.48); 390(819.96); 391(551.89); 392(710.21); 393(958.09); 394(792.46); 395(903.16); 396(979.78); 397(298.79); 398(772.75); 399(830.52); 400(914.34); 401(940.82); 402(4.14); 403(716.97); 404(678.66); 405(492.44); 406(735.43); 407(674.22); 408(84.35); 409(474.78); 410(120.35); 411(629.85); 412(271.69); 413(563.34); 414(181.51); 415(883.51); 416(312.64); 417(777.36); 418(468.98); 419(194.19); 420(292.94); 421(984.25); 422(540.52); 423(40.56); 424(155.67); 425(290.81); 426(899.24); 427(723.47); 428(414.77); 429(526.55); 430(366.48); 431(831.3); 432(592.47); 433(51.25); 434(178.63); 435(191.66); 436(52.58); 437(99.16); 438(212.47); 439(311.45); 440(82.15); 441(752.01); 442(886.69); 443(588.64); 444(402.73); 445(98.15); 446(80.33); 447(647.17); 448(345.99); 449(150.03); 450(183.79); 451(288.81); 452(777.34); 453(200.57); 454(868.13); 455(10.31); 456(209.4); 457(869.61); 458(784.76); 459(565.33); 460(862.33); 461(627.58); 462(971.83); 463(67.18); 464(696.71); 465(598.9); 466(643.17); 467(68.44); 468(953.91); 469(124.73); 470(130.7); 471(861.12); 472(937.52); 473(610.18); 474(388.91); 475(605.42); 476(762.03); 477(792.72); 478(967.9); 479(20.78); 480(345.4); 481(813.27); 482(402.67); 483(856.6); 484(94.91); 485(199.31); 486(934.93); 487(202.47); 488(574.77); 489(392.62); 490(348.95); 491(201.66); 492(295.38); 493(419.38); 494(841.28); 495(531.02); 496(327.98); 497(238.15); 498(163.2); 499(764.54),1
183,0(146.7); 1(958.87); 2(149.82); 3(865.91); 4(475.32); 5(455.0); 6(490.38); 7(437.09); 8(604.45); 9(983.62); 10(132.65); 11(303.38); 12(118.27); 13(511.77); 14(443.58); 15(765.63); 16(594.2); 17(871.68); 18(414.34); 19(810.68); 20(529.05); 21(28.4); 22(13.11); 23(867.12); 24(210.19); 25(48.4); 26(670.13); 27(194.93); 28(830.68); 29(468.32); 30(766.92); 31(62.94); 32(104.06); 33(186.06); 34(702.02); 35(985.71); 36(558.03); 37(661.79); 38(372.95); 39(485.0); 40(910.65); 41(430.36); 42(100.52); 43(830.0); 44(132.21); 45(241.73); 46(621.48); 47(295.21); 48(47.89); 49(206.01); 50(224.95); 51(318.06); 52(424.55); 53(603.53); 54(101.18); 55(81.67); 56(596.86); 57(437.7); 58(696.57); 59(698.84); 60(942.9); 61(116.38); 62(380.04); 63(219.28); 64(430.5); 65(476.79); 66(92.18); 67(785.13); 68(687.99); 69(311.33); 70(761.99); 71(5.55); 72(676.04); 73(154.71); 74(432.71); 75(396.53); 76(44.71); 77(20.71); 78(66.24); 79(663.63); 80(169.74); 81(487.05); 82(913.92); 83(345.86); 84(993.12); 85(143.37); 86(244.2); 87(961.13); 88(406.63); 89(81.76); 90(842.35); 91(10.53); 92(361.87); 93(564.29); 94(342.04); 95(160.3); 96(475.82); 97(409.6); 98(266.5); 99(13.73); 100(317.14); 101(636.13); 102(552.87); 103(678.1); 104(805.28); 105(740.98); 106(657.11); 107(197.74); 108(605.03); 109(113.64); 110(369.42); 111(162.85); 112(776.15); 113(720.77); 114(500.38); 115(800.35); 116(337.32); 117(910.89); 118(698.24); 119(8.76); 120(298.12); 121(956.51); 122(521.77); 123(360.27); 124(534.4); 125(279.52); 126(122.56); 127(292.08); 128(89.04); 129(556.75); 130(354.29); 131(271.27); 132(658.45); 133(795.79); 134(787.86); 135(818.78); 136(925.97); 137(1.12); 138(126.92); 139(278.52); 140(856.72); 141(187.88); 142(150.68); 143(778.73); 144(478.53); 145(232.17); 146(849.34); 147(824.3); 148(728.82); 149(254.01); 150(207.81); 151(245.64); 152(716.71); 153(156.33); 154(225.05); 155(338.81); 156(27.9); 157(91.5); 158(9.33); 159(928.37); 160(289.29); 161(583.46); 162(631.61); 163(855.81); 164(98.75); 165(522.36); 166(527.71); 167(195.93); 168(266.83); 169(680.43); 170(820.8); 171(779.26); 172(888.94); 173(507.84); 174(128.66); 175(760.65); 176(484.95); 177(367.21); 178(957.23); 179(791.41); 180(152.94); 181(981.73); 182(767.89); 184(842.12); 185(149.2); 186(442.23); 187(287.62); 188(129.37); 189(779.07); 190(577.45); 191(958.66); 192(256.45); 193(505.13); 194(478.9); 195(740.88); 196(288.84); 197(665.95); 198(736.01); 199(327.26); 200(814.44); 201(79.41); 202(488.97); 203(644.78); 204(423.25); 205(295.13); 206(465.04); 207(11.86); 208(791.77); 209(435.27); 210(154.27); 211(942.66); 212(257.61); 213(696.84); 214(575.18); 215(442.64); 216(714.37); 217(5.24); 218(676.9); 219(117.71); 220(564.81); 221(82.48); 222(270.09); 223(495.93); 224(186.88); 225(653.87); 226(342.36); 227(542.59); 228(536.52); 229(890.42); 230(49.8); 231(847.63); 232(255.63); 233(21.57); 234(964.56); 235(392.2); 236(994.95); 237(994.49); 238(474.75); 239(653.9); 240(252.78); 241(971.5); 242(749.64); 243(429.71); 244(548.64); 245(136.98); 246(590.61); 247(589.17); 248(136.07); 249(60.66); 250(760.46); 251(666.96); 252(80.72); 253(920.92); 254(474.02); 255(765.98); 256(640.95); 257(107.41); 258(697.76); 259(345.46); 260(912.77); 261(470.8); 262(9.51); 263(638.03); 264(57.54); 265(993.17); 266(294.97); 267(507.1); 268(593.29); 269(981.59); 270(208.16); 271(62.25); 272(21.45); 273(886.47); 274(590.42); 275(964.04); 276(613.44); 277(643.46); 278(814.92); 279(634.85); 280(309.91); 281(956.34); 282(699.27); 283(573.69); 284(567.63); 285(881.09); 286(400.43); 287(492.25); 288(601.1); 289(993.88); 290(564.74); 291(14.32); 292(778.79); 293(408.42); 294(101.88); 295(701.74); 296(453.34); 297(799.22); 298(897.82); 299(591.62); 300(459.49); 301(402.11); 302(426.53); 303(466.01); 304(976.48); 305(133.85); 306(808.52); 307(972.51); 308(143.2); 309(939.78); 310(196.38); 311(943.28); 312(446.88); 313(626.41); 314(174.87); 315(801.42); 316(56.68); 317(562.01); 318(376.69); 319(671.17); 320(23.19); 321(404.9); 322(925.6); 323(520.59); 324(415.45); 325(827.94); 326(504.94); 327(914.53); 328(151.48); 329(210.54); 330(696.08); 331(680.47); 332(641.88); 333(577.58); 334(354.1); 335(389.9); 336(202.14); 337(510.55); 338(659.24); 339(265.76); 340(304.53); 341(98.82); 342(450.37); 343(207.92); 344(275.93); 345(771.36); 346(563.7); 347(64.73); 348(46.22); 349(506.9); 350(241.59); 351(110.25); 352(722.21); 353(361.21); 354(666.92); 355(626.23); 356(627.05); 357(800.08); 358(929.37); 359(990.96); 360(282.85); 361(606.89); 362(388.09); 363(12.55); 364(9.83); 365(957.43); 366(958.6); 367(913.58); 368(168.06); 369(218.13); 370(568.62); 371(524.76); 372(394.19); 373(516.27); 374(392.47); 375(379.67); 376(23.11); 377(656.39); 378(95.78); 379(255.06); 380(226.12); 381(818.68); 382(808.3); 383(558.35); 384(618.29); 385(244.85); 386(980.94); 387(651.13); 388(255.06); 389(130.83); 390(325.22); 391(895.8); 392(673.22); 393(447.58); 394(901.26); 395(136.61); 396(745.56); 397(137.17); 398(722.9); 399(95.67); 400(509.12); 401(755.14); 402(280.4); 403(703.69); 404(492.48); 405(367.39); 406(381.18); 407(699.07); 408(135.02); 409(949.33); 410(514.78); 411(947.41); 412(225.62); 413(447.83); 414(345.19); 415(587.93); 416(597.1); 417(877.01); 418(246.34); 419(1.33); 420(706.61); 421(279.76); 422(385.59); 423(131.94); 424(627.26); 425(139.19); 426(543.01); 427(613.79); 428(935.99); 429(173.42); 430(302.93); 431(40.56); 432(888.4); 433(55.59); 434(186.46); 435(192.86); 436(87.96); 437(469.97); 438(304.63); 439(856.14); 440(335.88); 441(950.68); 442(785.08); 443(249.3); 444(573.65); 445(596.84); 446(199.94); 447(846.21); 448(374.59); 449(55.62); 450(373.56); 451(349.71); 452(500.07); 453(330.8); 454(291.43); 455(801.14); 456(303.61); 457(246.25); 458(794.92); 459(827.95); 460(816.42); 461(854.71); 462(295.06); 463(862.7); 464(376.07); 465(292.87); 466(685.03); 467(341.19); 468(415.36); 469(227.21); 470(424.01); 471(794.39); 472(240.34); 473(365.05); 474(541.86); 475(390.84); 476(655.43); 477(489.87); 478(233.64); 479(854.07); 480(498.72); 481(734.5); 482(681.72); 483(188.75); 484(182.78); 485(167.1); 486(733.25); 487(990.57); 488(267.78); 489(180.89); 490(620.06); 491(611.47); 492(273.8); 493(33.32); 494(595.46); 495(446.08); 496(562.9); 497(637.46); 498(446.91); 499(490.04),1
184,0(6.48); 1(983.95); 2(122.87); 3(508.95); 4(263.7); 5(355.59); 6(487.33); 7(573.61); 8(785.68); 9(616.23); 10(130.69); 11(142.16); 12(273.05); 13(741.44); 14(83.31); 15(269.12); 16(735.6); 17(86.52); 18(352.43); 19(149.37); 20(507.92); 21(392.33); 22(718.12); 23(102.45); 24(932.94); 25(925.45); 26(11.65); 27(946.1); 28(902.32); 29(924.21); 30(737.16); 31(664.16); 32(378.78); 33(461.25); 34(235.47); 35(430.35); 36(35.94); 37(700.48); 38(733.15); 39(683.71); 40(366.38); 41(827.7); 42(796.19); 43(312.92); 44(160.73); 45(183.3); 46(692.6); 47(624.93); 48(102.87); 49(44.06); 50(702.97); 51(651.86); 52(908.08); 53(320.43); 54(808.92); 55(433.04); 56(869.95); 57(355.29); 58(520.73); 59(721.94); 60(420.42); 61(196.05); 62(687.72); 63(262.15); 64(244.95); 65(436.66); 66(27.72); 67(511.03); 68(619.2); 69(236.89); 70(406.89); 71(934.97); 72(98.19); 73(647.22); 74(781.83); 75(651.57); 76(400.14); 77(723.8); 78(536.33); 79(257.75); 80(581.11); 81(966.51); 82(930.69); 83(784.77); 84(954.46); 85(969.63); 86(849.16); 87(277.6); 88(248.93); 89(468.26); 90(892.44); 91(263.56); 92(400.18); 93(856.07); 94(927.68); 95(344.74); 96(990.87); 97(963.02); 98(776.19); 99(26.34); 100(303.97); 101(966.13); 102(615.8); 103(120.89); 104(534.7); 105(293.34); 106(418.3); 107(127.72); 108(461.62); 109(286.23); 110(486.19); 111(525.37); 112(138.4); 113(709.13); 114(751.67); 115(139.78); 116(294.04); 117(666.32); 118(997.56); 119(273.42); 120(113.64); 121(858.87); 122(865.82); 123(552.04); 124(247.87); 125(135.06); 126(58.42); 127(60.3); 128(57.48); 129(233.01); 130(432.95); 131(883.31); 132(902.96); 133(630.34); 134(454.42); 135(556.23); 136(225.89); 137(95.03); 138(684.56); 139(142.24); 140(351.88); 141(247.42); 142(390.53); 143(571.93); 144(882.84); 145(369.43); 146(120.04); 147(239.3); 148(399.4); 149(751.56); 150(210.62); 151(603.09); 152(681.99); 153(324.31); 154(826.01); 155(654.83); 156(95.08); 157(206.28); 158(317.46); 159(185.38); 160(66.9); 161(854.39); 162(679.18); 163(787.71); 164(330.21); 165(877.33); 166(894.21); 167(164.83); 168(160.96); 169(784.83); 170(160.98); 171(462.51); 172(371.32); 173(391.15); 174(682.2); 175(280.14); 176(888.34); 177(472.68); 178(43.49); 179(37.36); 180(807.16); 181(517.34); 182(322.87); 183(842.12); 185(961.33); 186(658.91); 187(283.04); 188(352.19); 189(426.12); 190(851.21); 191(500.86); 192(297.31); 193(619.55); 194(388.19); 195(378.93); 196(273.06); 197(984.6); 198(158.45); 199(537.57); 200(247.47); 201(962.9); 202(555.61); 203(125.35); 204(548.77); 205(853.12); 206(407.64); 207(623.24); 208(252.66); 209(488.19); 210(483.72); 211(729.63); 212(576.22); 213(753.24); 214(906.96); 215(971.95); 216(763.16); 217(946.47); 218(486.7); 219(25.31); 220(713.45); 221(218.34); 222(125.97); 223(153.38); 224(130.49); 225(660.31); 226(981.77); 227(570.98); 228(755.76); 229(702.64); 230(812.92); 231(114.68); 232(616.85); 233(64.74); 234(7.82); 235(692.19); 236(86.55); 237(804.06); 238(165.52); 239(960.59); 240(472.1); 241(118.85); 242(349.54); 243(48.01); 244(327.13); 245(974.88); 246(826.55); 247(868.57); 248(560.04); 249(154.94); 250(828.37); 251(238.75); 252(761.78); 253(969.77); 254(92.14); 255(525.2); 256(103.34); 257(720.49); 258(551.77); 259(797.0); 260(929.48); 261(283.74); 262(437.95); 263(535.2); 264(132.95); 265(32.99); 266(204.79); 267(974.58); 268(55.16); 269(517.22); 270(968.67); 271(922.9); 272(933.16); 273(723.48); 274(721.12); 275(185.76); 276(820.24); 277(901.56); 278(170.41); 279(859.02); 280(911.93); 281(417.12); 282(837.16); 283(672.0); 284(413.13); 285(605.73); 286(286.89); 287(11.08); 288(6.31); 289(706.86); 290(351.2); 291(986.74); 292(186.62); 293(378.36); 294(424.11); 295(147.96); 296(799.76); 297(888.57); 298(432.91); 299(378.88); 300(806.89); 301(268.43); 302(319.09); 303(928.69); 304(727.21); 305(454.43); 306(901.51); 307(526.72); 308(953.39); 309(105.04); 310(819.21); 311(765.86); 312(686.57); 313(437.57); 314(552.85); 315(634.35); 316(922.08); 317(206.43); 318(379.87); 319(786.71); 320(135.03); 321(489.15); 322(573.48); 323(164.96); 324(161.5); 325(627.13); 326(693.0); 327(780.9); 328(966.64); 329(409.75); 330(844.41); 331(245.3); 332(570.71); 333(130.69); 334(283.06); 335(379.66); 336(884.94); 337(234.52); 338(631.29); 339(550.52); 340(25.9); 341(644.67); 342(257.67); 343(480.45); 344(555.0); 345(936.06); 346(614.46); 347(779.56); 348(800.64); 349(290.68); 350(482.64); 351(169.36); 352(918.53); 353(741.97); 354(316.24); 355(657.15); 356(181.27); 357(866.94); 358(978.11); 359(521.22); 360(58.61); 361(687.52); 362(356.13); 363(379.64); 364(52.17); 365(397.98); 366(739.71); 367(819.25); 368(503.24); 369(768.09); 370(756.62); 371(890.26); 372(599.73); 373(716.43); 374(81.97); 375(100.42); 376(905.83); 377(788.94); 378(460.59); 379(750.98); 380(784.85); 381(805.88); 382(44.03); 383(48.18); 384(509.56); 385(961.19); 386(863.77); 387(362.56); 388(9.29); 389(336.52); 390(918.25); 391(489.19); 392(283.44); 393(650.61); 394(348.09); 395(453.21); 396(48.81); 397(418.38); 398(669.48); 399(105.71); 400(433.68); 401(320.95); 402(417.54); 403(243.03); 404(657.41); 405(386.13); 406(372.74); 407(287.69); 408(752.65); 409(718.09); 410(716.17); 411(796.22); 412(186.9); 413(435.58); 414(367.27); 415(193.37); 416(740.76); 417(168.35); 418(303.14); 419(711.14); 420(726.67); 421(714.45); 422(638.19); 423(123.79); 424(642.67); 425(94.32); 426(829.46); 427(619.31); 428(237.9); 429(460.61); 430(801.07); 431(149.33); 432(240.77); 433(476.11); 434(523.85); 435(535.48); 436(408.58); 437(947.27); 438(120.19); 439(373.54); 440(263.06); 441(970.51); 442(368.33); 443(7.99); 444(212.36); 445(870.27); 446(651.49); 447(183.82); 448(253.94); 449(912.75); 450(503.25); 451(859.13); 452(239.01); 453(699.09); 454(920.7); 455(613.23); 456(728.03); 457(221.99); 458(528.79); 459(218.3); 460(182.05); 461(685.49); 462(996.14); 463(510.16); 464(648.95); 465(747.31); 466(102.43); 467(588.92); 468(210.31); 469(218.1); 470(889.46); 471(256.91); 472(952.29); 473(219.92); 474(665.8); 475(871.94); 476(61.48); 477(787.03); 478(784.93); 479(418.37); 480(714.97); 481(647.19); 482(544.71); 483(348.03); 484(625.32); 485(598.27); 486(129.95); 487(62.04); 488(893.8); 489(292.27); 490(265.05); 491(619.72); 492(857.2); 493(168.7); 494(743.78); 495(53.88); 496(578.92); 497(108.23); 498(457.27); 499(825.94),1
185,0(755.21); 1(504.37); 2(112.43); 3(689.77); 4(149.57); 5(293.59); 6(900.91); 7(643.74); 8(510.96); 9(599.37); 10(880.17); 11(123.47); 12(120.25); 13(912.32); 14(703.94); 15(523.32); 16(752.27); 17(128.64); 18(586.63); 19(995.15); 20(813.56); 21(128.52); 22(479.87); 23(555.29); 24(635.9); 25(890.04); 26(825.13); 27(878.33); 28(535.82); 29(305.44); 30(592.78); 31(464.92); 32(372.37); 33(265.01); 34(117.64); 35(524.39); 36(387.65); 37(47.74); 38(268.37); 39(809.07); 40(508.45); 41(352.91); 42(92.14); 43(654.7); 44(441.1); 45(387.57); 46(956.12); 47(169.58); 48(35.45); 49(993.12); 50(354.18); 51(757.81); 52(354.59); 53(584.93); 54(657.53); 55(961.99); 56(767.58); 57(498.77); 58(345.57); 59(503.84); 60(519.62); 61(728.22); 62(219.83); 63(889.56); 64(302.06); 65(55.05); 66(750.03); 67(640.65); 68(884.51); 69(497.63); 70(660.48); 71(488.2); 72(963.38); 73(674.04); 74(21.61); 75(427.14); 76(93.45); 77(432.99); 78(936.51); 79(786.13); 80(5.31); 81(889.44); 82(88.34); 83(981.94); 84(890.96); 85(211.37); 86(849.84); 87(311.37); 88(671.02); 89(61.32); 90(445.41); 91(273.36); 92(787.72); 93(210.44); 94(688.88); 95(60.43); 96(651.41); 97(599.31); 98(709.59); 99(133.15); 100(877.99); 101(392.29); 102(58.64); 103(798.17); 104(384.92); 105(821.82); 106(552.94); 107(505.95); 108(286.97); 109(716.68); 110(680.81); 111(629.59); 112(85.45); 113(891.53); 114(854.69); 115(507.38); 116(521.43); 117(530.07); 118(805.44); 119(125.2); 120(404.54); 121(578.52); 122(702.6); 123(623.79); 124(338.4); 125(947.53); 126(51.91); 127(123.6); 128(145.57); 129(59.98); 130(374.77); 131(591.48); 132(300.91); 133(737.68); 134(958.5); 135(336.03); 136(718.84); 137(158.67); 138(505.87); 139(727.69); 140(801.55); 141(355.32); 142(597.18); 143(929.64); 144(342.76); 145(125.59); 146(430.41); 147(492.18); 148(710.96); 149(13.13); 150(365.09); 151(935.34); 152(155.67); 153(627.18); 154(915.18); 155(470.76); 156(581.35); 157(992.68); 158(626.16); 159(582.89); 160(907.6); 161(574.28); 162(151.36); 163(447.61); 164(929.4); 165(943.7); 166(306.65); 167(317.71); 168(474.82); 169(203.82); 170(922.75); 171(261.29); 172(252.67); 173(698.03); 174(949.16); 175(309.66); 176(776.77); 177(26.84); 178(367.33); 179(654.18); 180(99.62); 181(999.32); 182(566.46); 183(149.2); 184(961.33); 186(316.36); 187(728.69); 188(394.52); 189(609.81); 190(612.97); 191(376.13); 192(760.58); 193(253.05); 194(782.45); 195(850.58); 196(3.1); 197(946.77); 198(550.03); 199(65.64); 200(144.38); 201(187.55); 202(63.09); 203(258.07); 204(8.38); 205(625.31); 206(396.04); 207(372.61); 208(381.96); 209(897.03); 210(345.94); 211(866.66); 212(234.41); 213(303.84); 214(830.51); 215(185.53); 216(180.94); 217(448.36); 218(190.69); 219(998.28); 220(283.5); 221(460.72); 222(399.74); 223(273.96); 224(122.66); 225(370.05); 226(933.05); 227(646.11); 228(478.49); 229(350.13); 230(920.16); 231(745.67); 232(531.19); 233(112.69); 234(513.25); 235(650.32); 236(748.79); 237(979.61); 238(539.84); 239(686.01); 240(125.92); 241(105.35); 242(422.72); 243(494.01); 244(790.18); 245(551.98); 246(796.49); 247(946.16); 248(698.1); 249(607.02); 250(624.63); 251(615.59); 252(907.59); 253(114.31); 254(474.63); 255(357.22); 256(593.18); 257(798.83); 258(2.28); 259(736.3); 260(705.02); 261(238.57); 262(485.15); 263(879.21); 264(157.32); 265(437.98); 266(120.08); 267(581.19); 268(290.35); 269(528.09); 270(321.91); 271(977.67); 272(915.01); 273(655.56); 274(405.88); 275(159.65); 276(890.09); 277(4.04); 278(993.96); 279(58.24); 280(647.16); 281(174.23); 282(662.99); 283(882.48); 284(329.9); 285(585.27); 286(872.58); 287(557.08); 288(559.5); 289(192.28); 290(669.05); 291(135.09); 292(343.71); 293(903.6); 294(234.82); 295(888.97); 296(448.71); 297(54.13); 298(150.38); 299(179.49); 300(730.12); 301(348.39); 302(490.72); 303(795.69); 304(876.61); 305(524.22); 306(477.06); 307(186.85); 308(211.82); 309(674.17); 310(625.06); 311(42.04); 312(33.5); 313(892.05); 314(646.18); 315(578.0); 316(585.5); 317(379.4); 318(545.04); 319(910.0); 320(825.06); 321(693.7); 322(858.79); 323(892.33); 324(651.75); 325(11.6); 326(379.91); 327(748.31); 328(171.3); 329(530.8); 330(865.39); 331(894.65); 332(107.72); 333(665.04); 334(138.31); 335(564.82); 336(196.87); 337(529.93); 338(575.49); 339(214.95); 340(670.41); 341(423.88); 342(574.34); 343(742.8); 344(267.02); 345(148.84); 346(613.34); 347(54.54); 348(50.17); 349(585.29); 350(777.55); 351(450.54); 352(841.02); 353(59.86); 354(835.06); 355(85.59); 356(304.43); 357(992.59); 358(572.28); 359(147.55); 360(333.74); 361(643.74); 362(168.59); 363(919.29); 364(188.05); 365(684.95); 366(466.08); 367(80.25); 368(591.63); 369(767.61); 370(841.17); 371(626.29); 372(37.71); 373(839.03); 374(851.47); 375(201.86); 376(486.9); 377(540.51); 378(954.24); 379(419.79); 380(950.44); 381(984.32); 382(112.33); 383(380.33); 384(418.72); 385(215.86); 386(913.9); 387(549.9); 388(612.9); 389(707.35); 390(779.41); 391(332.88); 392(182.5); 393(692.0); 394(752.85); 395(416.65); 396(865.47); 397(258.12); 398(813.35); 399(453.1); 400(359.08); 401(898.46); 402(147.16); 403(785.37); 404(482.95); 405(190.06); 406(429.07); 407(593.65); 408(337.18); 409(545.36); 410(664.01); 411(276.02); 412(991.51); 413(32.12); 414(482.79); 415(871.38); 416(908.33); 417(343.46); 418(197.54); 419(645.36); 420(925.44); 421(841.91); 422(726.15); 423(267.09); 424(522.22); 425(100.84); 426(691.05); 427(963.58); 428(869.1); 429(788.47); 430(719.93); 431(32.63); 432(339.04); 433(735.0); 434(712.13); 435(234.78); 436(292.96); 437(64.85); 438(146.55); 439(211.81); 440(713.35); 441(69.21); 442(934.71); 443(50.05); 444(721.93); 445(324.51); 446(620.6); 447(421.67); 448(291.75); 449(378.02); 450(520.61); 451(543.04); 452(343.18); 453(739.99); 454(909.71); 455(812.18); 456(649.27); 457(677.47); 458(89.12); 459(104.15); 460(219.31); 461(889.13); 462(86.08); 463(785.13); 464(21.08); 465(20.92); 466(578.8); 467(698.3); 468(98.28); 469(447.89); 470(819.82); 471(930.01); 472(424.08); 473(940.68); 474(494.4); 475(349.28); 476(161.18); 477(264.54); 478(196.23); 479(535.9); 480(602.13); 481(962.8); 482(456.28); 483(550.43); 484(864.46); 485(186.48); 486(122.35); 487(171.84); 488(825.95); 489(458.43); 490(577.38); 491(842.67); 492(439.65); 493(198.44); 494(164.72); 495(713.34); 496(276.18); 497(649.49); 498(153.79); 499(814.57),1
186,0(96.29); 1(934.83); 2(435.48); 3(597.51); 4(92.89); 5(123.54); 6(620.06); 7(639.3); 8(933.88); 9(961.18); 10(243.11); 11(462.83); 12(82.91); 13(605.84); 14(185.48); 15(70.99); 16(949.09); 17(226.91); 18(886.44); 19(89.06); 20(676.37); 21(668.6); 22(970.95); 23(693.18); 24(204.33); 25(354.46); 26(137.68); 27(925.49); 28(767.06); 29(531.53); 30(605.01); 31(895.47); 32(630.63); 33(33.94); 34(507.64); 35(870.09); 36(676.42); 37(518.69); 38(595.12); 39(151.27); 40(649.09); 41(113.49); 42(543.8); 43(617.55); 44(761.25); 45(839.44); 46(906.99); 47(300.95); 48(38.72); 49(742.09); 50(477.62); 51(499.75); 52(441.78); 53(906.02); 54(890.22); 55(535.95); 56(171.61); 57(505.99); 58(641.13); 59(364.55); 60(529.47); 61(894.92); 62(626.67); 63(970.28); 64(166.83); 65(714.46); 66(373.89); 67(676.1); 68(318.56); 69(14.8); 70(753.18); 71(409.12); 72(731.41); 73(567.49); 74(331.35); 75(779.05); 76(106.82); 77(431.61); 78(648.72); 79(306.4); 80(890.76); 81(534.83); 82(676.94); 83(515.31); 84(449.26); 85(48.66); 86(744.15); 87(909.79); 88(748.13); 89(193.36); 90(423.96); 91(186.49); 92(100.93); 93(238.26); 94(56.24); 95(974.34); 96(144.96); 97(101.59); 98(768.16); 99(273.86); 100(723.76); 101(73.87); 102(362.23); 103(44.84); 104(741.95); 105(124.36); 106(799.94); 107(553.05); 108(391.78); 109(709.4); 110(22.74); 111(607.22); 112(735.21); 113(962.51); 114(142.23); 115(396.22); 116(53.06); 117(444.1); 118(663.4); 119(390.47); 120(527.32); 121(523.17); 122(768.99); 123(706.74); 124(566.28); 125(416.12); 126(646.83); 127(146.87); 128(751.42); 129(218.09); 130(885.13); 131(574.03); 132(484.62); 133(745.96); 134(82.52); 135(540.85); 136(233.19); 137(846.79); 138(392.72); 139(844.55); 140(59.13); 141(754.0); 142(121.65); 143(275.47); 144(230.52); 145(236.12); 146(871.28); 147(409.66); 148(569.68); 149(367.21); 150(564.0); 151(627.89); 152(350.08); 153(441.94); 154(844.85); 155(985.0); 156(825.44); 157(635.94); 158(874.6); 159(529.89); 160(838.09); 161(566.53); 162(120.61); 163(468.3); 164(133.62); 165(573.14); 166(375.92); 167(209.81); 168(211.88); 169(487.02); 170(974.64); 171(306.33); 172(156.8); 173(22.13); 174(659.85); 175(128.83); 176(462.29); 177(706.03); 178(978.38); 179(130.44); 180(454.14); 181(514.15); 182(320.38); 183(442.23); 184(658.91); 185(316.36); 187(264.88); 188(591.87); 189(403.09); 190(53.72); 191(675.99); 192(39.2); 193(708.78); 194(408.85); 195(817.04); 196(796.75); 197(249.14); 198(756.97); 199(420.75); 200(836.35); 201(398.39); 202(971.24); 203(81.68); 204(36.66); 205(551.11); 206(84.86); 207(123.82); 208(843.07); 209(75.42); 210(429.38); 211(639.68); 212(747.99); 213(967.34); 214(409.84); 215(654.08); 216(313.55); 217(461.72); 218(567.77); 219(141.77); 220(905.7); 221(398.2); 222(15.89); 223(214.5); 224(343.2); 225(691.25); 226(142.63); 227(898.75); 228(736.83); 229(395.7); 230(696.46); 231(208.14); 232(109.49); 233(669.82); 234(698.96); 235(658.36); 236(698.73); 237(784.75); 238(135.77); 239(880.28); 240(612.33); 241(30.28); 242(37.43); 243(715.05); 244(346.59); 245(186.63); 246(791.59); 247(196.49); 248(556.98); 249(243.47); 250(12.97); 251(281.85); 252(691.95); 253(776.11); 254(605.02); 255(794.39); 256(320.26); 257(182.24); 258(459.75); 259(169.82); 260(789.64); 261(649.55); 262(654.3); 263(227.6); 264(991.19); 265(600.29); 266(353.63); 267(590.47); 268(657.14); 269(347.31); 270(386.29); 271(950.14); 272(959.31); 273(270.71); 274(656.49); 275(580.97); 276(995.3); 277(600.46); 278(287.64); 279(869.13); 280(148.73); 281(392.95); 282(135.05); 283(607.73); 284(486.36); 285(283.44); 286(936.06); 287(80.65); 288(858.0); 289(844.38); 290(488.75); 291(65.56); 292(917.05); 293(204.78); 294(568.53); 295(944.5); 296(101.1); 297(87.98); 298(325.67); 299(757.84); 300(26.06); 301(514.88); 302(687.29); 303(39.22); 304(390.86); 305(509.28); 306(300.95); 307(605.02); 308(844.45); 309(697.83); 310(47.2); 311(925.4); 312(262.25); 313(335.8); 314(326.27); 315(123.56); 316(645.63); 317(817.21); 318(947.32); 319(931.91); 320(271.38); 321(936.7); 322(215.87); 323(839.98); 324(540.54); 325(298.75); 326(314.78); 327(315.02); 328(916.45); 329(623.55); 330(173.0); 331(111.36); 332(882.35); 333(67.38); 334(422.53); 335(89.99); 336(650.2); 337(882.36); 338(208.81); 339(791.18); 340(470.84); 341(226.92); 342(105.37); 343(713.12); 344(9.71); 345(981.28); 346(224.4); 347(860.99); 348(303.49); 349(957.12); 350(312.29); 351(273.53); 352(417.85); 353(367.07); 354(900.16); 355(373.42); 356(425.83); 357(285.12); 358(163.39); 359(896.26); 360(711.08); 361(394.3); 362(873.92); 363(140.52); 364(862.28); 365(971.44); 366(145.74); 367(561.72); 368(453.77); 369(687.14); 370(655.05); 371(235.75); 372(381.18); 373(447.88); 374(780.76); 375(734.67); 376(461.42); 377(572.23); 378(66.48); 379(817.7); 380(15.78); 381(57.08); 382(318.47); 383(682.77); 384(543.46); 385(527.81); 386(751.12); 387(400.75); 388(773.85); 389(611.62); 390(30.2); 391(789.78); 392(444.35); 393(969.77); 394(318.15); 395(608.54); 396(281.45); 397(948.38); 398(331.52); 399(472.35); 400(463.59); 401(387.83); 402(244.69); 403(68.41); 404(499.86); 405(121.36); 406(503.51); 407(741.21); 408(602.09); 409(549.25); 410(94.1); 411(49.6); 412(368.72); 413(280.23); 414(63.46); 415(51.89); 416(181.18); 417(74.81); 418(630.87); 419(97.1); 420(607.85); 421(317.57); 422(908.55); 423(399.51); 424(391.37); 425(506.78); 426(51.49); 427(986.46); 428(269.72); 429(675.75); 430(342.92); 431(626.42); 432(922.43); 433(581.86); 434(348.66); 435(401.81); 436(834.17); 437(166.39); 438(28.61); 439(390.56); 440(836.77); 441(97.05); 442(566.11); 443(780.59); 444(493.06); 445(645.12); 446(23.45); 447(651.84); 448(868.51); 449(449.13); 450(54.54); 451(667.54); 452(668.32); 453(810.47); 454(604.87); 455(914.4); 456(207.7); 457(767.55); 458(892.56); 459(945.24); 460(903.72); 461(961.3); 462(518.59); 463(62.61); 464(156.98); 465(328.2); 466(628.13); 467(381.76); 468(676.46); 469(806.01); 470(33.41); 471(244.94); 472(400.16); 473(273.75); 474(708.53); 475(459.08); 476(339.18); 477(5.85); 478(341.1); 479(308.49); 480(942.62); 481(323.36); 482(893.08); 483(588.09); 484(712.94); 485(316.59); 486(227.58); 487(27.98); 488(275.82); 489(748.74); 490(167.15); 491(880.6); 492(597.44); 493(955.13); 494(857.97); 495(161.91); 496(498.02); 497(764.76); 498(971.33); 499(998.96),1
187,0(851.17); 1(273.0); 2(409.81); 3(181.78); 4(433.19); 5(87.66); 6(647.88); 7(363.52); 8(965.77); 9(243.88); 10(819.99); 11(59.28); 12(223.63); 13(263.13); 14(468.7); 15(570.39); 16(487.46); 17(107.5); 18(280.59); 19(809.14); 20(881.2); 21(831.13); 22(119.42); 23(129.53); 24(96.3); 25(729.44); 26(906.17); 27(379.33); 28(960.67); 29(574.41); 30(597.99); 31(628.78); 32(855.48); 33(654.41); 34(622.01); 35(189.43); 36(824.84); 37(874.02); 38(492.32); 39(672.25); 40(320.48); 41(7.23); 42(367.38); 43(716.7); 44(688.02); 45(124.99); 46(292.17); 47(133.21); 48(229.73); 49(626.71); 50(319.06); 51(998.28); 52(317.1); 53(376.3); 54(348.21); 55(589.44); 56(801.65); 57(648.98); 58(427.86); 59(913.97); 60(350.34); 61(681.09); 62(694.27); 63(15.63); 64(159.66); 65(570.92); 66(471.65); 67(933.6); 68(787.25); 69(701.38); 70(895.94); 71(717.82); 72(133.92); 73(407.48); 74(649.64); 75(848.84); 76(896.55); 77(880.01); 78(638.43); 79(928.88); 80(972.91); 81(306.46); 82(591.84); 83(690.21); 84(901.74); 85(470.0); 86(37.65); 87(339.85); 88(429.88); 89(429.76); 90(435.19); 91(45.98); 92(24.91); 93(155.1); 94(455.6); 95(828.1); 96(819.91); 97(509.95); 98(434.17); 99(401.18); 100(240.36); 101(976.38); 102(114.46); 103(384.44); 104(392.64); 105(753.36); 106(677.7); 107(695.93); 108(387.81); 109(694.81); 110(995.71); 111(497.97); 112(278.96); 113(508.27); 114(225.45); 115(890.15); 116(525.54); 117(348.59); 118(920.26); 119(359.11); 120(977.59); 121(89.66); 122(838.85); 123(184.5); 124(432.28); 125(316.68); 126(453.36); 127(458.08); 128(438.34); 129(906.81); 130(194.31); 131(440.71); 132(416.56); 133(922.02); 134(488.13); 135(169.31); 136(981.23); 137(754.2); 138(501.42); 139(438.5); 140(373.9); 141(71.56); 142(317.5); 143(77.68); 144(905.13); 145(563.59); 146(683.42); 147(567.79); 148(371.38); 149(105.59); 150(0.77); 151(556.01); 152(642.46); 153(14.49); 154(449.2); 155(613.53); 156(872.8); 157(293.93); 158(9.91); 159(97.34); 160(622.2); 161(302.06); 162(843.92); 163(355.47); 164(505.46); 165(337.56); 166(298.06); 167(760.37); 168(273.16); 169(332.05); 170(630.96); 171(309.87); 172(312.89); 173(908.31); 174(780.86); 175(672.7); 176(466.84); 177(496.6); 178(82.01); 179(273.9); 180(629.1); 181(75.41); 182(246.59); 183(287.62); 184(283.04); 185(728.69); 186(264.88); 188(879.64); 189(180.57); 190(465.22); 191(248.59); 192(495.27); 193(243.42); 194(71.32); 195(596.33); 196(633.95); 197(535.12); 198(608.25); 199(213.96); 200(350.54); 201(839.7); 202(166.6); 203(408.99); 204(664.26); 205(534.07); 206(90.15); 207(382.46); 208(531.45); 209(333.02); 210(789.32); 211(631.88); 212(104.4); 213(180.73); 214(185.65); 215(912.17); 216(419.26); 217(746.69); 218(951.55); 219(363.26); 220(432.55); 221(248.07); 222(573.31); 223(326.33); 224(256.06); 225(761.99); 226(794.02); 227(83.89); 228(333.47); 229(796.75); 230(356.51); 231(270.49); 232(104.84); 233(444.01); 234(296.81); 235(777.96); 236(553.18); 237(337.49); 238(787.95); 239(402.0); 240(376.83); 241(620.86); 242(533.76); 243(187.08); 244(860.27); 245(415.71); 246(997.14); 247(408.24); 248(643.72); 249(855.93); 250(952.32); 251(669.79); 252(488.66); 253(432.01); 254(780.58); 255(901.7); 256(3.73); 257(637.13); 258(354.89); 259(391.61); 260(927.49); 261(826.06); 262(908.11); 263(850.16); 264(948.49); 265(137.55); 266(294.23); 267(315.48); 268(793.0); 269(426.99); 270(917.76); 271(10.39); 272(488.98); 273(11.61); 274(391.44); 275(524.27); 276(664.36); 277(831.27); 278(957.87); 279(789.4); 280(399.1); 281(34.63); 282(526.96); 283(979.72); 284(132.8); 285(728.6); 286(590.11); 287(466.63); 288(388.87); 289(722.76); 290(338.92); 291(164.1); 292(937.99); 293(38.51); 294(640.14); 295(296.55); 296(936.19); 297(764.19); 298(539.36); 299(388.56); 300(273.82); 301(64.22); 302(344.67); 303(485.66); 304(28.51); 305(11.97); 306(735.24); 307(603.46); 308(219.55); 309(904.18); 310(34.04); 311(196.49); 312(856.96); 313(642.33); 314(721.35); 315(395.82); 316(352.35); 317(671.2); 318(928.2); 319(929.27); 320(454.15); 321(238.03); 322(69.16); 323(292.16); 324(780.99); 325(259.83); 326(221.96); 327(251.97); 328(583.42); 329(191.99); 330(530.45); 331(57.88); 332(91.61); 333(230.99); 334(266.87); 335(384.19); 336(827.79); 337(11.46); 338(284.56); 339(83.02); 340(416.74); 341(568.96); 342(991.94); 343(952.06); 344(717.37); 345(927.77); 346(733.59); 347(934.43); 348(642.66); 349(599.23); 350(84.5); 351(441.09); 352(407.83); 353(756.38); 354(779.01); 355(123.75); 356(727.72); 357(79.79); 358(797.06); 359(616.98); 360(957.85); 361(464.1); 362(546.78); 363(711.47); 364(860.65); 365(972.22); 366(49.47); 367(214.12); 368(880.25); 369(79.98); 370(408.55); 371(887.56); 372(865.44); 373(415.45); 374(50.21); 375(970.95); 376(394.82); 377(947.21); 378(843.87); 379(241.53); 380(512.77); 381(671.52); 382(518.57); 383(605.97); 384(842.42); 385(267.12); 386(544.16); 387(996.37); 388(647.59); 389(215.48); 390(711.3); 391(47.75); 392(21.75); 393(523.66); 394(714.8); 395(981.1); 396(463.63); 397(836.84); 398(668.91); 399(606.44); 400(645.26); 401(88.99); 402(71.42); 403(138.35); 404(740.49); 405(571.37); 406(887.59); 407(145.26); 408(903.38); 409(819.55); 410(312.06); 411(551.2); 412(892.84); 413(211.01); 414(767.59); 415(337.05); 416(173.55); 417(627.04); 418(419.94); 419(902.26); 420(423.31); 421(272.2); 422(381.66); 423(65.75); 424(511.38); 425(718.55); 426(850.82); 427(25.85); 428(21.8); 429(662.59); 430(209.72); 431(116.56); 432(32.98); 433(614.34); 434(285.27); 435(956.19); 436(723.8); 437(227.36); 438(974.31); 439(945.15); 440(313.51); 441(207.81); 442(646.12); 443(549.53); 444(678.18); 445(541.14); 446(644.63); 447(874.65); 448(298.51); 449(525.79); 450(833.81); 451(791.01); 452(394.99); 453(201.86); 454(975.45); 455(124.65); 456(344.63); 457(54.23); 458(303.5); 459(886.99); 460(305.01); 461(331.06); 462(306.65); 463(573.11); 464(953.84); 465(118.89); 466(579.7); 467(827.57); 468(568.88); 469(481.17); 470(816.78); 471(550.02); 472(528.24); 473(216.96); 474(940.93); 475(69.0); 476(330.86); 477(527.43); 478(901.69); 479(391.84); 480(638.54); 481(175.88); 482(176.94); 483(359.09); 484(738.97); 485(654.93); 486(955.77); 487(950.51); 488(241.82); 489(348.61); 490(512.54); 491(408.82); 492(227.73); 493(223.07); 494(688.49); 495(668.06); 496(813.34); 497(867.7); 498(601.03); 499(348.74),1
188,0(202.5); 1(292.94); 2(954.98); 3(437.1); 4(856.69); 5(595.57); 6(552.84); 7(419.53); 8(299.11); 9(790.61); 10(247.98); 11(897.64); 12(866.65); 13(573.92); 14(443.78); 15(434.89); 16(535.54); 17(45.78); 18(148.95); 19(591.13); 20(707.37); 21(822.72); 22(928.16); 23(951.75); 24(700.98); 25(606.23); 26(192.81); 27(287.69); 28(656.46); 29(698.54); 30(966.43); 31(683.4); 32(18.13); 33(856.46); 34(508.84); 35(834.83); 36(729.93); 37(724.52); 38(108.72); 39(754.66); 40(662.94); 41(816.94); 42(94.84); 43(737.65); 44(188.01); 45(834.63); 46(524.09); 47(958.22); 48(117.57); 49(264.16); 50(882.38); 51(484.32); 52(456.73); 53(658.2); 54(745.07); 55(53.89); 56(818.08); 57(926.09); 58(362.43); 59(131.92); 60(323.81); 61(868.02); 62(396.44); 63(242.23); 64(870.63); 65(11.66); 66(683.78); 67(701.25); 68(185.5); 69(884.76); 70(520.78); 71(531.4); 72(867.73); 73(786.27); 74(819.24); 75(288.07); 76(777.6); 77(408.56); 78(787.83); 79(845.02); 80(930.63); 81(268.35); 82(391.82); 83(9.04); 84(770.81); 85(96.72); 86(769.46); 87(271.07); 88(590.12); 89(71.34); 90(633.74); 91(568.49); 92(48.89); 93(528.78); 94(375.62); 95(922.8); 96(586.57); 97(912.06); 98(818.43); 99(975.5); 100(755.29); 101(152.43); 102(265.32); 103(468.98); 104(841.02); 105(498.67); 106(126.45); 107(633.17); 108(978.28); 109(565.72); 110(888.75); 111(977.31); 112(521.46); 113(487.95); 114(380.95); 115(933.33); 116(858.29); 117(751.63); 118(720.24); 119(705.78); 120(498.13); 121(841.01); 122(509.03); 123(674.33); 124(247.53); 125(557.3); 126(59.67); 127(164.78); 128(274.75); 129(217.93); 130(289.02); 131(432.02); 132(156.6); 133(798.21); 134(130.86); 135(782.6); 136(719.18); 137(516.75); 138(707.78); 139(595.27); 140(17.0); 141(50.66); 142(105.56); 143(447.21); 144(975.07); 145(88.22); 146(367.48); 147(965.28); 148(357.54); 149(823.51); 150(68.61); 151(763.41); 152(641.02); 153(23.17); 154(715.59); 155(929.4); 156(778.17); 157(168.03); 158(209.87); 159(566.36); 160(132.04); 161(355.28); 162(212.57); 163(545.9); 164(667.79); 165(333.0); 166(64.73); 167(583.57); 168(37.91); 169(131.36); 170(261.82); 171(585.15); 172(773.18); 173(947.64); 174(73.17); 175(884.07); 176(216.15); 177(104.85); 178(419.17); 179(4.79); 180(775.67); 181(690.49); 182(240.39); 183(129.37); 184(352.19); 185(394.52); 186(591.87); 187(879.64); 189(774.8); 190(910.73); 191(212.02); 192(146.62); 193(50.1); 194(729.27); 195(160.28); 196(253.14); 197(551.46); 198(891.9); 199(144.75); 200(306.99); 201(886.08); 202(325.12); 203(476.13); 204(18.73); 205(277.2); 206(944.51); 207(66.58); 208(617.71); 209(98.67); 210(103.2); 211(811.88); 212(451.22); 213(821.7); 214(361.47); 215(876.49); 216(790.83); 217(933.86); 218(895.96); 219(552.42); 220(188.68); 221(272.72); 222(181.19); 223(622.38); 224(36.04); 225(727.46); 226(179.56); 227(955.33); 228(668.99); 229(326.4); 230(410.09); 231(840.92); 232(516.6); 233(766.49); 234(751.77); 235(74.8); 236(229.71); 237(690.93); 238(173.86); 239(196.36); 240(457.41); 241(329.59); 242(110.3); 243(780.11); 244(872.39); 245(225.08); 246(781.69); 247(256.29); 248(362.11); 249(451.97); 250(855.62); 251(782.29); 252(902.48); 253(945.41); 254(361.07); 255(465.17); 256(606.85); 257(977.01); 258(867.21); 259(822.35); 260(335.95); 261(163.21); 262(726.37); 263(968.06); 264(30.49); 265(265.93); 266(666.45); 267(387.93); 268(995.85); 269(743.21); 270(851.69); 271(705.36); 272(674.44); 273(321.03); 274(677.96); 275(671.78); 276(376.57); 277(927.36); 278(612.38); 279(497.02); 280(433.72); 281(39.53); 282(418.41); 283(221.35); 284(969.04); 285(388.31); 286(41.66); 287(83.77); 288(848.3); 289(742.16); 290(893.1); 291(813.14); 292(701.57); 293(42.59); 294(628.43); 295(377.94); 296(5.05); 297(241.21); 298(561.28); 299(371.03); 300(95.82); 301(529.6); 302(88.95); 303(8.72); 304(36.83); 305(506.42); 306(488.73); 307(252.85); 308(933.26); 309(104.22); 310(782.27); 311(246.54); 312(315.42); 313(0.27); 314(763.75); 315(192.59); 316(741.17); 317(40.84); 318(552.56); 319(457.75); 320(368.67); 321(831.39); 322(215.74); 323(400.77); 324(778.56); 325(242.72); 326(589.02); 327(160.45); 328(780.15); 329(589.39); 330(595.25); 331(198.88); 332(607.74); 333(792.66); 334(11.57); 335(312.28); 336(201.19); 337(125.22); 338(150.42); 339(336.2); 340(909.5); 341(269.26); 342(982.78); 343(967.25); 344(137.33); 345(812.56); 346(943.78); 347(717.68); 348(53.51); 349(984.31); 350(265.23); 351(266.14); 352(676.54); 353(871.5); 354(353.36); 355(277.0); 356(948.34); 357(649.13); 358(555.69); 359(636.69); 360(806.44); 361(577.71); 362(571.61); 363(449.44); 364(713.14); 365(930.32); 366(242.39); 367(402.38); 368(436.3); 369(632.04); 370(398.55); 371(387.06); 372(601.99); 373(775.32); 374(878.32); 375(907.9); 376(831.16); 377(156.26); 378(378.68); 379(630.75); 380(72.0); 381(242.86); 382(729.96); 383(598.11); 384(2.47); 385(828.24); 386(648.96); 387(401.72); 388(861.18); 389(509.74); 390(677.53); 391(866.77); 392(566.28); 393(402.69); 394(530.61); 395(367.09); 396(471.68); 397(629.55); 398(801.26); 399(103.1); 400(186.51); 401(284.07); 402(724.57); 403(95.54); 404(983.81); 405(675.59); 406(449.93); 407(449.01); 408(959.32); 409(973.34); 410(610.15); 411(259.56); 412(176.11); 413(746.61); 414(187.97); 415(959.74); 416(750.39); 417(330.58); 418(229.14); 419(782.85); 420(90.65); 421(389.09); 422(711.35); 423(509.11); 424(296.35); 425(668.07); 426(98.23); 427(590.6); 428(620.39); 429(388.57); 430(114.83); 431(655.17); 432(365.95); 433(488.69); 434(172.3); 435(385.1); 436(871.46); 437(962.88); 438(730.99); 439(966.56); 440(110.76); 441(333.72); 442(856.28); 443(258.26); 444(974.82); 445(126.42); 446(169.66); 447(864.56); 448(112.05); 449(820.05); 450(723.01); 451(994.07); 452(188.53); 453(324.53); 454(164.4); 455(406.57); 456(817.13); 457(928.67); 458(114.04); 459(24.9); 460(759.47); 461(837.0); 462(529.28); 463(537.05); 464(294.84); 465(552.72); 466(249.06); 467(302.85); 468(700.54); 469(680.5); 470(668.18); 471(68.18); 472(678.19); 473(670.46); 474(831.49); 475(666.57); 476(375.83); 477(383.96); 478(79.36); 479(503.96); 480(748.28); 481(515.2); 482(583.99); 483(963.27); 484(137.26); 485(162.17); 486(55.63); 487(375.42); 488(976.97); 489(622.39); 490(737.19); 491(466.47); 492(803.5); 493(806.79); 494(716.79); 495(440.33); 496(519.25); 497(139.65); 498(885.35); 499(251.15),1
189,0(529.96); 1(85.68); 2(716.57); 3(310.52); 4(687.61); 5(689.1); 6(300.1); 7(843.61); 8(919.08); 9(440.85); 10(547.83); 11(71.19); 12(93.96); 13(384.58); 14(341.72); 15(982.13); 16(155.02); 17(711.11); 18(99.92); 19(518.55); 20(219.07); 21(937.31); 22(682.58); 23(304.54); 24(329.12); 25(43.09); 26(737.48); 27(775.72); 28(779.57); 29(0.67); 30(308.66); 31(92.47); 32(516.55); 33(284.08); 34(786.06); 35(281.45); 36(7.39); 37(488.73); 38(464.8); 39(544.6); 40(32.87); 41(318.77); 42(935.7); 43(430.85); 44(642.63); 45(6.99); 46(150.97); 47(684.94); 48(883.21); 49(294.81); 50(437.64); 51(139.13); 52(830.41); 53(358.1); 54(810.87); 55(637.64); 56(450.66); 57(941.32); 58(73.8); 59(138.98); 60(816.21); 61(196.52); 62(432.6); 63(433.13); 64(795.92); 65(266.92); 66(669.55); 67(53.11); 68(847.63); 69(342.49); 70(378.76); 71(411.51); 72(819.85); 73(45.65); 74(441.29); 75(128.37); 76(214.56); 77(397.33); 78(678.18); 79(257.6); 80(501.86); 81(498.46); 82(472.92); 83(432.57); 84(951.21); 85(786.1); 86(533.62); 87(879.24); 88(601.79); 89(355.57); 90(692.73); 91(128.95); 92(346.09); 93(202.92); 94(936.33); 95(170.11); 96(216.37); 97(783.53); 98(886.44); 99(162.7); 100(301.67); 101(934.66); 102(214.14); 103(784.3); 104(379.7); 105(451.17); 106(991.79); 107(96.37); 108(686.28); 109(526.58); 110(737.56); 111(401.08); 112(923.55); 113(340.48); 114(359.92); 115(859.66); 116(79.35); 117(281.52); 118(908.46); 119(322.59); 120(158.33); 121(9.7); 122(21.74); 123(721.35); 124(165.8); 125(102.53); 126(631.12); 127(289.52); 128(7.98); 129(180.7); 130(473.34); 131(241.16); 132(386.01); 133(627.74); 134(847.3); 135(582.45); 136(242.36); 137(912.24); 138(880.49); 139(2.5); 140(596.2); 141(638.76); 142(49.86); 143(740.97); 144(715.95); 145(908.45); 146(910.52); 147(816.54); 148(535.3); 149(195.59); 150(528.87); 151(347.17); 152(965.84); 153(248.08); 154(547.62); 155(146.05); 156(166.49); 157(472.12); 158(238.31); 159(752.44); 160(380.12); 161(374.72); 162(368.27); 163(917.37); 164(766.92); 165(488.33); 166(404.3); 167(232.08); 168(897.81); 169(200.1); 170(984.52); 171(31.13); 172(976.33); 173(172.91); 174(351.54); 175(628.59); 176(87.3); 177(946.34); 178(696.32); 179(164.3); 180(89.51); 181(447.19); 182(732.28); 183(779.07); 184(426.12); 185(609.81); 186(403.09); 187(180.57); 188(774.8); 190(530.27); 191(139.07); 192(716.13); 193(413.27); 194(349.26); 195(701.9); 196(773.59); 197(374.78); 198(974.24); 199(914.16); 200(551.65); 201(265.33); 202(386.71); 203(472.81); 204(504.43); 205(52.09); 206(766.4); 207(39.91); 208(451.22); 209(10.12); 210(113.57); 211(750.24); 212(514.7); 213(414.22); 214(704.62); 215(767.87); 216(735.58); 217(531.23); 218(134.52); 219(2.98); 220(318.36); 221(716.02); 222(108.04); 223(176.92); 224(341.66); 225(509.32); 226(672.93); 227(54.01); 228(394.56); 229(627.5); 230(482.19); 231(433.35); 232(29.83); 233(328.83); 234(510.82); 235(463.54); 236(769.31); 237(335.66); 238(956.66); 239(214.81); 240(361.49); 241(619.11); 242(688.09); 243(907.07); 244(125.85); 245(361.13); 246(690.62); 247(461.86); 248(893.98); 249(954.89); 250(230.03); 251(669.69); 252(372.79); 253(107.28); 254(324.73); 255(614.41); 256(204.58); 257(867.23); 258(947.45); 259(147.29); 260(748.06); 261(801.64); 262(174.52); 263(889.89); 264(964.67); 265(838.45); 266(628.25); 267(173.46); 268(305.56); 269(333.28); 270(657.21); 271(492.88); 272(444.58); 273(567.96); 274(344.23); 275(396.7); 276(60.73); 277(994.73); 278(616.81); 279(321.94); 280(296.91); 281(78.19); 282(436.7); 283(681.53); 284(568.74); 285(815.15); 286(534.74); 287(718.66); 288(581.82); 289(611.19); 290(363.48); 291(188.15); 292(87.89); 293(188.96); 294(900.24); 295(989.59); 296(442.82); 297(586.89); 298(972.76); 299(559.4); 300(977.21); 301(71.12); 302(70.83); 303(869.19); 304(891.56); 305(271.74); 306(791.07); 307(371.09); 308(705.27); 309(421.65); 310(225.87); 311(366.74); 312(120.15); 313(915.54); 314(353.72); 315(571.06); 316(904.64); 317(527.16); 318(864.39); 319(232.17); 320(472.93); 321(718.76); 322(263.04); 323(806.67); 324(870.0); 325(291.96); 326(260.65); 327(772.89); 328(747.52); 329(946.58); 330(387.82); 331(664.51); 332(823.14); 333(658.16); 334(300.54); 335(275.15); 336(980.53); 337(710.77); 338(128.73); 339(613.92); 340(429.69); 341(893.21); 342(698.01); 343(291.36); 344(152.75); 345(871.09); 346(601.55); 347(619.45); 348(625.73); 349(20.51); 350(356.02); 351(899.81); 352(397.16); 353(794.61); 354(428.7); 355(90.12); 356(629.48); 357(243.42); 358(415.11); 359(516.6); 360(150.34); 361(994.88); 362(112.89); 363(723.68); 364(469.89); 365(258.32); 366(560.51); 367(290.4); 368(518.38); 369(568.56); 370(876.52); 371(649.54); 372(346.21); 373(914.74); 374(106.35); 375(54.38); 376(517.14); 377(25.53); 378(58.28); 379(758.23); 380(91.8); 381(89.72); 382(942.66); 383(76.42); 384(804.25); 385(972.35); 386(877.54); 387(474.75); 388(879.84); 389(862.33); 390(632.44); 391(409.15); 392(110.35); 393(750.22); 394(75.91); 395(851.38); 396(756.69); 397(136.17); 398(973.82); 399(59.37); 400(377.98); 401(464.51); 402(419.97); 403(684.66); 404(293.56); 405(725.19); 406(861.12); 407(119.01); 408(43.28); 409(60.36); 410(496.13); 411(558.25); 412(474.45); 413(669.22); 414(447.79); 415(602.94); 416(660.77); 417(86.38); 418(755.86); 419(20.09); 420(749.53); 421(214.56); 422(690.31); 423(373.48); 424(373.39); 425(310.74); 426(253.61); 427(86.6); 428(813.21); 429(65.54); 430(642.9); 431(58.64); 432(811.09); 433(262.73); 434(810.07); 435(669.91); 436(120.44); 437(767.29); 438(877.82); 439(714.71); 440(392.67); 441(374.55); 442(899.55); 443(148.84); 444(963.26); 445(827.53); 446(802.38); 447(422.67); 448(184.17); 449(261.55); 450(370.45); 451(262.01); 452(10.17); 453(195.01); 454(379.67); 455(576.98); 456(682.36); 457(753.07); 458(854.5); 459(508.74); 460(402.72); 461(521.82); 462(287.61); 463(215.89); 464(682.33); 465(771.35); 466(320.16); 467(67.05); 468(816.76); 469(591.71); 470(819.6); 471(334.21); 472(235.36); 473(311.68); 474(477.45); 475(963.12); 476(818.16); 477(567.3); 478(938.4); 479(139.57); 480(459.52); 481(31.63); 482(12.13); 483(995.82); 484(843.2); 485(744.63); 486(936.25); 487(564.71); 488(680.88); 489(699.88); 490(187.47); 491(791.7); 492(857.2); 493(106.25); 494(41.52); 495(249.83); 496(848.63); 497(561.92); 498(506.21); 499(210.99),1
190,0(893.52); 1(559.59); 2(668.68); 3(198.47); 4(573.77); 5(473.7); 6(79.32); 7(766.58); 8(164.75); 9(466.83); 10(54.16); 11(563.09); 12(724.21); 13(149.63); 14(259.61); 15(634.65); 16(452.73); 17(0.99); 18(279.79); 19(392.11); 20(336.15); 21(958.96); 22(978.58); 23(156.0); 24(915.82); 25(882.21); 26(105.38); 27(109.15); 28(106.61); 29(237.7); 30(776.68); 31(844.7); 32(529.79); 33(661.78); 34(78.62); 35(623.48); 36(43.99); 37(256.82); 38(248.43); 39(656.89); 40(162.31); 41(12.19); 42(235.33); 43(107.14); 44(33.83); 45(895.43); 46(225.11); 47(102.49); 48(37.93); 49(624.72); 50(543.11); 51(275.85); 52(538.35); 53(495.83); 54(489.64); 55(130.66); 56(855.43); 57(1.88); 58(898.06); 59(884.97); 60(660.1); 61(208.1); 62(729.11); 63(831.23); 64(559.83); 65(349.72); 66(851.66); 67(108.86); 68(208.03); 69(51.96); 70(989.75); 71(402.64); 72(165.01); 73(706.58); 74(168.97); 75(583.95); 76(265.02); 77(333.26); 78(353.47); 79(69.42); 80(497.28); 81(412.42); 82(335.84); 83(225.03); 84(466.55); 85(141.23); 86(662.25); 87(603.22); 88(973.64); 89(615.42); 90(547.33); 91(976.79); 92(829.14); 93(408.16); 94(493.5); 95(307.28); 96(384.78); 97(430.1); 98(618.03); 99(793.02); 100(384.17); 101(758.61); 102(954.29); 103(340.62); 104(399.02); 105(939.4); 106(274.45); 107(156.37); 108(189.01); 109(138.33); 110(122.02); 111(88.74); 112(280.73); 113(15.99); 114(63.56); 115(374.18); 116(167.03); 117(450.88); 118(535.49); 119(216.27); 120(553.39); 121(986.7); 122(263.69); 123(410.1); 124(1.15); 125(627.38); 126(749.24); 127(663.8); 128(863.89); 129(270.86); 130(64.6); 131(576.82); 132(711.9); 133(58.41); 134(636.84); 135(677.75); 136(758.1); 137(486.64); 138(147.25); 139(562.81); 140(236.19); 141(168.19); 142(303.5); 143(324.67); 144(961.31); 145(248.23); 146(332.71); 147(501.85); 148(742.76); 149(368.68); 150(473.32); 151(579.52); 152(405.04); 153(553.06); 154(779.06); 155(361.89); 156(780.84); 157(743.61); 158(498.83); 159(756.11); 160(313.52); 161(110.6); 162(438.97); 163(670.03); 164(438.81); 165(747.89); 166(882.26); 167(483.08); 168(344.45); 169(459.87); 170(725.62); 171(124.25); 172(324.79); 173(19.74); 174(699.24); 175(468.14); 176(146.39); 177(49.59); 178(978.96); 179(404.84); 180(505.6); 181(167.06); 182(863.59); 183(577.45); 184(851.21); 185(612.97); 186(53.72); 187(465.22); 188(910.73); 189(530.27); 191(727.53); 192(40.28); 193(486.89); 194(443.38); 195(414.4); 196(213.91); 197(349.14); 198(794.03); 199(595.54); 200(259.2); 201(613.35); 202(14.9); 203(504.0); 204(335.59); 205(655.93); 206(945.18); 207(967.42); 208(653.39); 209(447.37); 210(563.08); 211(551.47); 212(811.77); 213(13.6); 214(383.53); 215(679.62); 216(475.13); 217(786.65); 218(831.68); 219(658.41); 220(769.07); 221(104.15); 222(230.45); 223(333.07); 224(525.99); 225(566.31); 226(645.03); 227(88.85); 228(589.08); 229(168.96); 230(605.69); 231(896.53); 232(840.67); 233(916.02); 234(452.48); 235(766.39); 236(662.81); 237(900.81); 238(443.37); 239(753.58); 240(716.54); 241(288.6); 242(239.3); 243(59.87); 244(498.68); 245(840.89); 246(545.65); 247(713.01); 248(33.08); 249(791.89); 250(548.2); 251(365.24); 252(452.63); 253(514.02); 254(966.46); 255(75.81); 256(940.27); 257(498.12); 258(615.6); 259(819.11); 260(782.38); 261(584.57); 262(117.32); 263(478.5); 264(519.52); 265(474.44); 266(415.44); 267(597.54); 268(110.89); 269(199.61); 270(950.84); 271(403.65); 272(437.98); 273(860.42); 274(793.5); 275(890.45); 276(425.61); 277(276.23); 278(746.86); 279(700.98); 280(619.95); 281(794.35); 282(153.28); 283(906.85); 284(363.11); 285(862.91); 286(226.37); 287(247.49); 288(1.61); 289(566.26); 290(734.33); 291(248.09); 292(128.54); 293(616.01); 294(313.67); 295(846.18); 296(658.1); 297(920.45); 298(429.72); 299(743.93); 300(87.01); 301(966.6); 302(10.33); 303(639.18); 304(119.65); 305(129.3); 306(800.24); 307(359.43); 308(412.17); 309(30.55); 310(513.1); 311(847.22); 312(126.61); 313(628.59); 314(11.73); 315(553.61); 316(140.91); 317(74.46); 318(688.59); 319(445.38); 320(691.8); 321(682.41); 322(221.93); 323(827.69); 324(168.41); 325(709.42); 326(488.89); 327(920.09); 328(437.7); 329(424.53); 330(102.68); 331(154.27); 332(857.09); 333(657.51); 334(280.26); 335(731.76); 336(156.08); 337(843.35); 338(497.36); 339(30.4); 340(915.73); 341(490.38); 342(810.15); 343(730.52); 344(147.62); 345(976.19); 346(617.54); 347(80.34); 348(470.87); 349(543.33); 350(982.35); 351(545.79); 352(807.29); 353(616.76); 354(930.11); 355(854.13); 356(404.4); 357(861.33); 358(360.57); 359(262.16); 360(414.93); 361(146.04); 362(365.04); 363(620.38); 364(807.95); 365(147.54); 366(722.03); 367(703.59); 368(900.84); 369(729.04); 370(957.61); 371(977.31); 372(518.95); 373(187.96); 374(31.22); 375(217.0); 376(603.71); 377(327.95); 378(692.07); 379(187.8); 380(727.21); 381(976.44); 382(320.98); 383(814.34); 384(579.36); 385(102.69); 386(775.27); 387(234.57); 388(910.02); 389(887.39); 390(937.76); 391(400.29); 392(320.86); 393(936.0); 394(415.29); 395(378.86); 396(693.09); 397(333.12); 398(424.46); 399(690.77); 400(819.37); 401(56.69); 402(987.64); 403(76.22); 404(926.87); 405(665.1); 406(761.82); 407(771.11); 408(698.77); 409(733.99); 410(113.71); 411(304.49); 412(876.57); 413(258.29); 414(560.72); 415(766.19); 416(330.23); 417(268.87); 418(714.66); 419(506.19); 420(905.88); 421(727.32); 422(279.83); 423(934.09); 424(841.93); 425(428.14); 426(453.6); 427(798.67); 428(504.93); 429(368.54); 430(455.2); 431(524.09); 432(13.81); 433(144.09); 434(534.83); 435(673.6); 436(741.64); 437(255.34); 438(882.18); 439(380.08); 440(468.31); 441(691.11); 442(755.85); 443(65.4); 444(870.0); 445(710.4); 446(669.66); 447(180.38); 448(373.56); 449(190.09); 450(951.72); 451(503.15); 452(209.43); 453(371.08); 454(119.88); 455(637.89); 456(806.15); 457(457.31); 458(100.5); 459(35.06); 460(610.7); 461(268.57); 462(846.96); 463(484.28); 464(972.97); 465(729.46); 466(941.27); 467(520.66); 468(622.0); 469(405.0); 470(731.26); 471(973.31); 472(944.8); 473(527.81); 474(858.03); 475(888.19); 476(672.33); 477(886.39); 478(339.93); 479(924.85); 480(688.18); 481(7.2); 482(756.12); 483(341.76); 484(769.64); 485(198.21); 486(876.75); 487(363.4); 488(980.14); 489(965.93); 490(896.81); 491(31.07); 492(276.56); 493(673.6); 494(179.19); 495(839.49); 496(808.64); 497(802.71); 498(91.62); 499(137.23),2
191,0(787.97); 1(786.55); 2(308.17); 3(440.72); 4(797.3); 5(133.62); 6(806.23); 7(5.68); 8(272.65); 9(343.04); 10(696.23); 11(507.45); 12(369.95); 13(314.24); 14(694.18); 15(47.34); 16(216.26); 17(976.17); 18(483.31); 19(818.15); 20(698.97); 21(534.78); 22(367.97); 23(521.9); 24(509.85); 25(842.56); 26(739.96); 27(142.44); 28(850.76); 29(9.05); 30(587.06); 31(126.3); 32(989.29); 33(7.13); 34(210.66); 35(895.69); 36(804.62); 37(896.05); 38(919.9); 39(552.35); 40(442.52); 41(265.25); 42(420.56); 43(207.02); 44(794.96); 45(626.03); 46(297.94); 47(126.57); 48(427.65); 49(379.64); 50(622.36); 51(958.23); 52(318.51); 53(796.93); 54(208.17); 55(528.76); 56(159.78); 57(631.92); 58(443.95); 59(274.86); 60(998.52); 61(383.41); 62(843.76); 63(373.67); 64(173.58); 65(688.17); 66(489.15); 67(637.47); 68(327.19); 69(161.14); 70(338.43); 71(426.47); 72(189.27); 73(154.79); 74(45.29); 75(768.67); 76(305.68); 77(683.62); 78(223.5); 79(58.33); 80(743.85); 81(546.05); 82(886.04); 83(703.93); 84(481.59); 85(995.03); 86(310.58); 87(523.52); 88(535.78); 89(407.24); 90(58.68); 91(22.83); 92(505.78); 93(756.24); 94(166.47); 95(69.26); 96(293.48); 97(453.67); 98(103.78); 99(64.38); 100(798.62); 101(545.62); 102(795.38); 103(117.64); 104(543.8); 105(53.61); 106(771.55); 107(652.14); 108(338.82); 109(367.78); 110(240.69); 111(681.14); 112(308.89); 113(737.65); 114(29.75); 115(777.47); 116(584.98); 117(459.22); 118(999.0); 119(736.29); 120(438.98); 121(461.45); 122(350.11); 123(981.85); 124(593.55); 125(803.51); 126(572.08); 127(271.81); 128(442.76); 129(686.58); 130(400.29); 131(853.25); 132(400.03); 133(967.97); 134(302.82); 135(269.55); 136(535.3); 137(931.16); 138(754.16); 139(252.18); 140(598.75); 141(84.91); 142(225.61); 143(719.27); 144(260.58); 145(435.89); 146(814.58); 147(672.29); 148(784.93); 149(565.79); 150(979.58); 151(256.98); 152(275.76); 153(930.89); 154(612.21); 155(343.67); 156(796.09); 157(482.85); 158(611.83); 159(918.55); 160(796.48); 161(71.39); 162(152.7); 163(879.49); 164(809.96); 165(555.96); 166(504.99); 167(540.12); 168(869.99); 169(85.19); 170(1.42); 171(465.52); 172(730.23); 173(717.16); 174(137.85); 175(846.64); 176(119.14); 177(5.11); 178(562.87); 179(572.84); 180(501.43); 181(550.98); 182(305.0); 183(958.66); 184(500.86); 185(376.13); 186(675.99); 187(248.59); 188(212.02); 189(139.07); 190(727.53); 192(778.29); 193(167.59); 194(381.16); 195(798.53); 196(899.21); 197(489.35); 198(874.48); 199(52.62); 200(286.5); 201(785.97); 202(521.17); 203(215.64); 204(719.62); 205(149.69); 206(383.3); 207(309.43); 208(842.27); 209(826.56); 210(831.97); 211(362.54); 212(864.63); 213(909.19); 214(265.27); 215(92.25); 216(92.83); 217(796.2); 218(435.7); 219(981.4); 220(783.29); 221(939.19); 222(289.16); 223(220.98); 224(676.86); 225(78.45); 226(488.69); 227(250.57); 228(710.34); 229(642.04); 230(550.55); 231(102.32); 232(736.49); 233(535.27); 234(38.41); 235(88.52); 236(860.65); 237(134.26); 238(996.51); 239(585.54); 240(868.32); 241(919.16); 242(300.75); 243(574.76); 244(621.06); 245(153.96); 246(531.54); 247(185.03); 248(19.3); 249(570.35); 250(830.3); 251(829.74); 252(404.75); 253(92.27); 254(738.39); 255(676.12); 256(178.73); 257(936.62); 258(961.49); 259(648.82); 260(158.23); 261(839.24); 262(559.72); 263(949.32); 264(627.65); 265(468.77); 266(513.93); 267(899.75); 268(811.6); 269(162.97); 270(143.76); 271(757.08); 272(72.69); 273(665.15); 274(971.37); 275(634.45); 276(507.5); 277(270.27); 278(165.92); 279(912.2); 280(895.71); 281(501.35); 282(392.8); 283(885.6); 284(949.12); 285(141.11); 286(424.1); 287(682.07); 288(957.66); 289(178.2); 290(974.41); 291(312.73); 292(814.91); 293(466.3); 294(330.07); 295(303.06); 296(846.55); 297(53.41); 298(295.18); 299(921.0); 300(233.25); 301(882.34); 302(19.02); 303(558.46); 304(131.21); 305(879.52); 306(303.44); 307(936.62); 308(422.47); 309(444.91); 310(344.15); 311(324.08); 312(974.63); 313(784.01); 314(891.19); 315(369.29); 316(489.22); 317(325.98); 318(179.61); 319(682.99); 320(400.46); 321(939.41); 322(275.11); 323(683.08); 324(583.26); 325(842.37); 326(481.38); 327(483.65); 328(279.87); 329(750.76); 330(536.41); 331(438.75); 332(795.68); 333(808.65); 334(536.27); 335(962.54); 336(867.73); 337(296.51); 338(666.59); 339(138.63); 340(360.25); 341(47.94); 342(796.1); 343(85.97); 344(331.83); 345(774.99); 346(341.82); 347(817.71); 348(263.17); 349(928.4); 350(254.82); 351(818.41); 352(180.46); 353(805.27); 354(383.47); 355(722.3); 356(557.51); 357(807.71); 358(62.17); 359(852.17); 360(769.43); 361(298.89); 362(753.53); 363(657.5); 364(245.14); 365(455.69); 366(850.26); 367(766.48); 368(75.58); 369(636.41); 370(466.76); 371(773.48); 372(760.03); 373(211.49); 374(349.89); 375(386.1); 376(276.04); 377(285.4); 378(514.98); 379(721.34); 380(614.31); 381(834.94); 382(956.56); 383(952.39); 384(41.19); 385(239.62); 386(568.66); 387(236.58); 388(810.16); 389(39.97); 390(766.58); 391(409.86); 392(278.84); 393(239.78); 394(714.93); 395(549.58); 396(360.66); 397(355.99); 398(155.04); 399(585.53); 400(74.29); 401(636.18); 402(153.04); 403(457.07); 404(546.61); 405(931.55); 406(221.68); 407(371.51); 408(462.2); 409(393.59); 410(121.29); 411(274.57); 412(553.85); 413(98.56); 414(788.09); 415(278.03); 416(783.25); 417(247.96); 418(925.55); 419(915.48); 420(966.05); 421(466.03); 422(936.96); 423(328.3); 424(252.06); 425(293.45); 426(739.87); 427(559.72); 428(553.03); 429(552.13); 430(176.87); 431(60.44); 432(811.44); 433(119.51); 434(305.09); 435(432.91); 436(442.54); 437(316.85); 438(89.6); 439(374.01); 440(342.48); 441(7.74); 442(778.69); 443(611.74); 444(31.51); 445(916.55); 446(953.01); 447(309.09); 448(973.9); 449(217.68); 450(596.54); 451(952.62); 452(896.8); 453(164.92); 454(995.04); 455(101.61); 456(913.83); 457(378.09); 458(899.63); 459(39.36); 460(959.1); 461(326.17); 462(938.34); 463(894.94); 464(286.71); 465(512.06); 466(9.45); 467(854.4); 468(182.62); 469(749.25); 470(83.31); 471(815.49); 472(317.17); 473(87.9); 474(261.44); 475(570.84); 476(943.12); 477(195.4); 478(145.13); 479(335.74); 480(95.97); 481(343.33); 482(824.95); 483(601.38); 484(330.89); 485(644.71); 486(342.06); 487(507.78); 488(333.55); 489(405.33); 490(945.25); 491(10.1); 492(106.45); 493(553.76); 494(240.93); 495(56.19); 496(768.02); 497(964.9); 498(625.46); 499(154.89),2
192,0(421.77); 1(833.28); 2(685.17); 3(933.43); 4(732.63); 5(253.25); 6(186.3); 7(911.73); 8(585.85); 9(442.04); 10(673.75); 11(427.61); 12(869.63); 13(366.66); 14(392.13); 15(470.59); 16(910.08); 17(13.92); 18(309.35); 19(938.39); 20(859.8); 21(242.36); 22(752.31); 23(671.14); 24(875.28); 25(832.94); 26(351.63); 27(658.07); 28(781.53); 29(265.26); 30(659.97); 31(93.08); 32(248.0); 33(939.81); 34(156.27); 35(387.72); 36(20.66); 37(332.06); 38(17.27); 39(399.46); 40(613.37); 41(881.51); 42(956.23); 43(604.2); 44(143.16); 45(261.71); 46(634.5); 47(909.63); 48(803.16); 49(902.69); 50(174.27); 51(656.61); 52(664.45); 53(173.07); 54(504.89); 55(389.75); 56(409.98); 57(131.02); 58(960.49); 59(602.23); 60(166.56); 61(174.69); 62(258.96); 63(397.19); 64(811.83); 65(249.99); 66(0.38); 67(754.66); 68(878.76); 69(593.6); 70(429.38); 71(682.56); 72(619.34); 73(93.68); 74(268.57); 75(333.38); 76(57.53); 77(280.59); 78(945.69); 79(672.15); 80(567.51); 81(660.75); 82(175.07); 83(89.92); 84(477.5); 85(253.55); 86(43.09); 87(111.48); 88(396.61); 89(31.43); 90(669.18); 91(200.26); 92(646.98); 93(881.98); 94(22.56); 95(484.06); 96(103.44); 97(854.13); 98(562.79); 99(972.56); 100(859.31); 101(870.8); 102(697.92); 103(63.14); 104(972.8); 105(830.25); 106(209.32); 107(964.48); 108(523.3); 109(756.97); 110(336.37); 111(450.5); 112(340.31); 113(210.28); 114(9.28); 115(147.49); 116(503.37); 117(473.0); 118(786.51); 119(853.64); 120(640.82); 121(428.67); 122(71.29); 123(519.38); 124(297.02); 125(255.46); 126(101.92); 127(968.2); 128(561.64); 129(162.85); 130(435.97); 131(306.55); 132(308.23); 133(853.39); 134(454.04); 135(625.87); 136(658.58); 137(195.33); 138(198.87); 139(686.13); 140(196.25); 141(312.46); 142(699.0); 143(2.7); 144(858.78); 145(561.62); 146(736.33); 147(402.51); 148(224.51); 149(3.54); 150(403.51); 151(989.56); 152(927.44); 153(562.02); 154(678.47); 155(547.46); 156(530.46); 157(695.55); 158(818.31); 159(569.88); 160(614.17); 161(995.69); 162(562.82); 163(282.08); 164(612.54); 165(28.78); 166(386.11); 167(501.37); 168(982.78); 169(1.17); 170(922.1); 171(706.47); 172(445.39); 173(926.22); 174(688.32); 175(178.04); 176(278.27); 177(939.5); 178(662.37); 179(487.15); 180(416.0); 181(944.14); 182(246.24); 183(256.45); 184(297.31); 185(760.58); 186(39.2); 187(495.27); 188(146.62); 189(716.13); 190(40.28); 191(778.29); 193(459.66); 194(896.46); 195(793.66); 196(284.56); 197(353.69); 198(86.33); 199(823.36); 200(745.28); 201(136.12); 202(220.01); 203(25.53); 204(949.8); 205(311.95); 206(582.57); 207(292.19); 208(267.54); 209(141.2); 210(497.89); 211(376.59); 212(935.96); 213(20.73); 214(188.91); 215(306.85); 216(811.51); 217(386.68); 218(462.7); 219(428.13); 220(945.29); 221(768.44); 222(707.35); 223(899.39); 224(336.87); 225(249.03); 226(295.58); 227(484.68); 228(697.35); 229(689.23); 230(537.77); 231(908.71); 232(725.22); 233(176.26); 234(766.47); 235(207.62); 236(438.48); 237(418.16); 238(432.14); 239(302.33); 240(589.85); 241(92.1); 242(616.36); 243(609.36); 244(825.96); 245(823.56); 246(932.48); 247(470.99); 248(650.03); 249(112.89); 250(666.29); 251(502.09); 252(397.57); 253(539.62); 254(448.93); 255(749.78); 256(136.97); 257(215.76); 258(795.35); 259(356.4); 260(42.7); 261(923.93); 262(714.21); 263(765.41); 264(55.06); 265(233.61); 266(139.0); 267(526.45); 268(471.34); 269(551.9); 270(879.79); 271(754.82); 272(9.78); 273(484.11); 274(688.71); 275(904.0); 276(917.0); 277(864.28); 278(204.0); 279(252.59); 280(40.96); 281(624.16); 282(263.16); 283(710.73); 284(940.98); 285(264.45); 286(880.11); 287(215.84); 288(411.78); 289(976.85); 290(285.8); 291(713.45); 292(30.89); 293(77.87); 294(702.42); 295(303.55); 296(885.57); 297(337.84); 298(583.75); 299(286.22); 300(358.16); 301(545.69); 302(268.35); 303(507.51); 304(544.0); 305(569.58); 306(215.63); 307(818.13); 308(823.9); 309(176.9); 310(929.73); 311(185.22); 312(555.62); 313(722.03); 314(222.88); 315(626.55); 316(108.02); 317(424.93); 318(509.32); 319(387.57); 320(847.3); 321(388.72); 322(485.56); 323(331.93); 324(532.26); 325(535.45); 326(960.81); 327(540.74); 328(908.95); 329(110.35); 330(496.36); 331(741.81); 332(391.58); 333(91.08); 334(729.22); 335(476.66); 336(885.91); 337(557.87); 338(836.29); 339(536.54); 340(482.13); 341(663.86); 342(258.3); 343(13.7); 344(702.67); 345(939.11); 346(726.11); 347(983.78); 348(11.18); 349(933.3); 350(392.66); 351(908.12); 352(119.81); 353(192.63); 354(869.07); 355(717.32); 356(718.16); 357(599.57); 358(488.87); 359(928.34); 360(741.33); 361(439.91); 362(637.27); 363(898.38); 364(330.5); 365(143.28); 366(181.48); 367(875.26); 368(112.28); 369(796.65); 370(147.62); 371(361.75); 372(669.86); 373(691.58); 374(438.53); 375(916.92); 376(103.29); 377(838.54); 378(540.53); 379(865.05); 380(748.29); 381(353.26); 382(437.46); 383(523.99); 384(922.39); 385(58.4); 386(529.45); 387(798.85); 388(125.1); 389(35.11); 390(403.25); 391(753.43); 392(646.05); 393(820.05); 394(765.02); 395(769.15); 396(84.1); 397(980.61); 398(529.24); 399(799.0); 400(368.56); 401(515.16); 402(283.94); 403(72.82); 404(966.04); 405(715.91); 406(343.86); 407(103.46); 408(791.26); 409(529.92); 410(222.02); 411(898.06); 412(716.03); 413(208.86); 414(995.14); 415(619.47); 416(737.32); 417(271.43); 418(821.95); 419(51.44); 420(821.19); 421(955.94); 422(398.14); 423(104.76); 424(56.58); 425(575.07); 426(309.99); 427(509.14); 428(865.34); 429(43.57); 430(935.21); 431(873.54); 432(205.77); 433(568.21); 434(89.14); 435(187.17); 436(990.67); 437(773.21); 438(745.29); 439(403.68); 440(379.86); 441(353.13); 442(705.98); 443(136.02); 444(786.59); 445(258.77); 446(946.38); 447(998.63); 448(162.59); 449(352.24); 450(226.52); 451(87.35); 452(665.0); 453(325.24); 454(430.46); 455(207.57); 456(232.66); 457(168.5); 458(353.64); 459(74.71); 460(606.74); 461(32.62); 462(726.01); 463(226.06); 464(220.32); 465(590.96); 466(623.59); 467(550.86); 468(612.96); 469(32.25); 470(156.86); 471(267.85); 472(902.98); 473(844.33); 474(359.64); 475(567.33); 476(76.52); 477(116.93); 478(640.17); 479(657.98); 480(777.45); 481(791.65); 482(258.61); 483(354.74); 484(642.1); 485(516.53); 486(856.13); 487(835.74); 488(746.31); 489(877.05); 490(543.84); 491(887.03); 492(607.36); 493(625.68); 494(389.24); 495(237.76); 496(471.09); 497(368.31); 498(623.09); 499(526.77),1
193,0(659.27); 1(993.31); 2(965.12); 3(42.53); 4(220.51); 5(149.52); 6(65.73); 7(498.23); 8(387.48); 9(268.17); 10(292.98); 11(132.42); 12(395.25); 13(329.48); 14(248.21); 15(993.07); 16(956.48); 17(75.8); 18(336.17); 19(41.97); 20(371.42); 21(773.06); 22(252.21); 23(742.54); 24(839.58); 25(401.37); 26(949.76); 27(86.7); 28(6.77); 29(145.92); 30(578.1); 31(104.72); 32(179.09); 33(351.97); 34(726.27); 35(783.92); 36(208.24); 37(915.7); 38(224.08); 39(409.72); 40(878.69); 41(438.95); 42(861.86); 43(41.6); 44(176.53); 45(740.55); 46(575.72); 47(97.33); 48(905.67); 49(493.91); 50(369.72); 51(600.45); 52(655.36); 53(422.11); 54(880.26); 55(466.53); 56(786.51); 57(836.74); 58(748.17); 59(836.54); 60(874.91); 61(122.23); 62(296.33); 63(822.02); 64(65.97); 65(822.13); 66(468.58); 67(668.99); 68(281.69); 69(181.06); 70(574.46); 71(745.33); 72(575.13); 73(869.32); 74(303.17); 75(959.13); 76(83.94); 77(398.66); 78(16.76); 79(369.56); 80(156.2); 81(395.87); 82(153.1); 83(62.02); 84(296.86); 85(229.65); 86(646.39); 87(704.17); 88(70.78); 89(413.5); 90(223.69); 91(395.55); 92(877.94); 93(765.81); 94(392.53); 95(324.45); 96(310.92); 97(343.7); 98(349.76); 99(140.68); 100(127.44); 101(17.82); 102(244.22); 103(764.11); 104(839.03); 105(185.68); 106(757.24); 107(661.59); 108(263.57); 109(753.85); 110(859.98); 111(214.08); 112(385.11); 113(607.05); 114(783.1); 115(970.63); 116(857.52); 117(901.93); 118(765.27); 119(355.72); 120(338.63); 121(349.35); 122(637.69); 123(987.16); 124(889.24); 125(615.92); 126(204.27); 127(161.18); 128(976.45); 129(632.94); 130(872.49); 131(190.03); 132(814.56); 133(974.33); 134(133.24); 135(487.3); 136(922.21); 137(964.69); 138(29.56); 139(834.44); 140(657.69); 141(809.44); 142(673.35); 143(421.24); 144(446.94); 145(133.33); 146(338.48); 147(458.24); 148(10.07); 149(81.76); 150(445.18); 151(346.56); 152(199.46); 153(280.18); 154(40.47); 155(437.67); 156(206.19); 157(684.8); 158(569.86); 159(188.92); 160(639.24); 161(56.86); 162(585.33); 163(136.43); 164(921.5); 165(392.59); 166(253.54); 167(293.13); 168(153.85); 169(827.3); 170(849.31); 171(538.57); 172(599.37); 173(38.34); 174(390.04); 175(275.25); 176(48.55); 177(850.98); 178(242.8); 179(171.09); 180(435.38); 181(742.11); 182(946.51); 183(505.13); 184(619.55); 185(253.05); 186(708.78); 187(243.42); 188(50.1); 189(413.27); 190(486.89); 191(167.59); 192(459.66); 194(237.06); 195(488.96); 196(122.67); 197(333.21); 198(141.49); 199(849.48); 200(978.97); 201(606.79); 202(738.07); 203(730.97); 204(737.67); 205(548.52); 206(448.99); 207(548.53); 208(748.9); 209(325.16); 210(64.63); 211(308.37); 212(178.22); 213(516.11); 214(88.84); 215(742.67); 216(335.58); 217(389.49); 218(75.55); 219(355.63); 220(871.18); 221(585.07); 222(33.12); 223(396.42); 224(935.15); 225(77.23); 226(934.47); 227(395.18); 228(582.13); 229(706.56); 230(461.55); 231(828.47); 232(134.52); 233(907.42); 234(553.32); 235(99.89); 236(46.64); 237(199.0); 238(65.23); 239(405.13); 240(683.48); 241(558.22); 242(238.14); 243(692.16); 244(569.03); 245(506.18); 246(494.19); 247(981.32); 248(461.57); 249(119.87); 250(554.16); 251(571.57); 252(382.04); 253(308.42); 254(481.09); 255(640.36); 256(391.99); 257(136.51); 258(548.73); 259(184.08); 260(871.28); 261(637.84); 262(610.99); 263(76.46); 264(133.43); 265(223.73); 266(723.39); 267(732.84); 268(841.22); 269(638.64); 270(768.77); 271(858.62); 272(676.81); 273(391.0); 274(228.64); 275(782.59); 276(442.58); 277(952.05); 278(900.99); 279(18.93); 280(854.26); 281(210.16); 282(659.85); 283(58.32); 284(836.71); 285(822.35); 286(339.44); 287(358.79); 288(132.75); 289(654.07); 290(846.48); 291(853.33); 292(75.02); 293(525.06); 294(775.94); 295(752.03); 296(418.47); 297(602.49); 298(201.53); 299(713.63); 300(776.73); 301(132.83); 302(298.49); 303(394.88); 304(896.7); 305(774.01); 306(35.74); 307(868.1); 308(314.6); 309(428.77); 310(873.81); 311(715.4); 312(628.54); 313(455.78); 314(928.1); 315(827.19); 316(671.48); 317(295.98); 318(828.74); 319(821.54); 320(806.69); 321(320.91); 322(151.89); 323(219.09); 324(737.61); 325(947.49); 326(574.31); 327(704.32); 328(289.6); 329(658.19); 330(920.46); 331(945.42); 332(307.83); 333(501.22); 334(633.57); 335(476.54); 336(752.18); 337(580.21); 338(947.99); 339(755.42); 340(690.31); 341(557.6); 342(902.32); 343(422.7); 344(500.83); 345(646.71); 346(523.8); 347(847.8); 348(57.6); 349(154.47); 350(974.76); 351(871.49); 352(335.6); 353(66.3); 354(435.05); 355(319.53); 356(480.79); 357(708.71); 358(803.38); 359(756.89); 360(241.76); 361(198.66); 362(400.43); 363(654.5); 364(769.99); 365(147.1); 366(221.44); 367(651.18); 368(308.56); 369(664.0); 370(196.54); 371(859.9); 372(995.8); 373(92.65); 374(541.14); 375(7.01); 376(449.27); 377(662.05); 378(930.6); 379(257.71); 380(890.38); 381(955.75); 382(376.56); 383(495.71); 384(856.93); 385(354.05); 386(202.76); 387(574.72); 388(443.25); 389(416.92); 390(391.78); 391(354.2); 392(909.86); 393(905.95); 394(533.4); 395(608.39); 396(71.65); 397(411.53); 398(77.75); 399(308.38); 400(948.86); 401(197.36); 402(504.74); 403(168.84); 404(866.23); 405(163.72); 406(818.86); 407(174.06); 408(897.44); 409(556.72); 410(546.88); 411(636.8); 412(741.04); 413(94.57); 414(895.13); 415(920.52); 416(0.17); 417(345.81); 418(919.48); 419(103.77); 420(712.11); 421(407.76); 422(401.31); 423(344.0); 424(87.46); 425(757.62); 426(707.12); 427(371.84); 428(772.82); 429(753.4); 430(336.21); 431(212.33); 432(147.21); 433(262.98); 434(616.73); 435(78.85); 436(907.36); 437(801.21); 438(25.27); 439(283.21); 440(748.08); 441(175.68); 442(105.64); 443(498.0); 444(840.96); 445(766.09); 446(873.17); 447(60.48); 448(903.4); 449(790.58); 450(327.18); 451(356.35); 452(509.91); 453(750.03); 454(32.98); 455(584.87); 456(376.41); 457(59.17); 458(482.82); 459(580.77); 460(832.43); 461(430.03); 462(790.92); 463(804.95); 464(3.57); 465(836.67); 466(958.58); 467(16.39); 468(359.48); 469(92.07); 470(202.33); 471(574.33); 472(133.83); 473(790.84); 474(557.28); 475(564.0); 476(316.84); 477(98.75); 478(399.27); 479(238.35); 480(244.68); 481(170.61); 482(475.08); 483(581.43); 484(229.25); 485(228.71); 486(806.55); 487(159.35); 488(54.47); 489(461.84); 490(180.94); 491(914.89); 492(228.72); 493(604.1); 494(631.29); 495(344.4); 496(276.53); 497(163.52); 498(373.56); 499(395.74),1
194,0(496.86); 1(838.06); 2(838.35); 3(306.43); 4(591.46); 5(521.57); 6(876.28); 7(236.17); 8(203.48); 9(369.22); 10(350.98); 11(332.53); 12(628.69); 13(988.02); 14(917.83); 15(766.77); 16(760.31); 17(778.88); 18(692.33); 19(745.69); 20(152.67); 21(992.71); 22(498.96); 23(301.44); 24(331.62); 25(969.11); 26(147.1); 27(740.84); 28(625.79); 29(6.9); 30(196.59); 31(482.89); 32(392.73); 33(299.26); 34(536.02); 35(356.6); 36(469.64); 37(968.08); 38(136.78); 39(776.57); 40(292.27); 41(628.83); 42(519.85); 43(687.79); 44(644.37); 45(6.96); 46(223.31); 47(765.48); 48(876.56); 49(735.87); 50(396.84); 51(871.57); 52(682.85); 53(215.94); 54(119.06); 55(838.68); 56(82.0); 57(672.62); 58(865.86); 59(412.27); 60(858.7); 61(268.65); 62(362.66); 63(940.25); 64(681.85); 65(457.67); 66(577.52); 67(495.42); 68(968.21); 69(151.74); 70(124.44); 71(580.86); 72(652.83); 73(941.06); 74(102.67); 75(683.45); 76(267.13); 77(270.47); 78(122.7); 79(58.0); 80(728.48); 81(906.86); 82(929.79); 83(54.92); 84(966.15); 85(40.13); 86(625.14); 87(369.49); 88(197.05); 89(751.41); 90(292.03); 91(680.09); 92(190.82); 93(841.02); 94(882.83); 95(685.07); 96(457.02); 97(593.61); 98(998.23); 99(732.45); 100(4.51); 101(619.29); 102(797.16); 103(635.12); 104(612.88); 105(985.65); 106(320.79); 107(286.1); 108(598.38); 109(240.87); 110(314.92); 111(115.36); 112(682.59); 113(144.51); 114(651.98); 115(954.29); 116(733.53); 117(694.38); 118(448.73); 119(181.77); 120(252.29); 121(228.5); 122(312.51); 123(799.58); 124(311.77); 125(714.67); 126(102.14); 127(396.78); 128(703.54); 129(226.09); 130(689.46); 131(281.57); 132(195.98); 133(479.84); 134(648.3); 135(977.51); 136(227.5); 137(626.23); 138(794.23); 139(311.4); 140(458.54); 141(186.49); 142(726.83); 143(404.78); 144(826.39); 145(3.97); 146(466.99); 147(864.12); 148(294.24); 149(764.46); 150(902.64); 151(977.96); 152(238.23); 153(916.05); 154(449.72); 155(286.55); 156(392.89); 157(506.96); 158(326.55); 159(617.5); 160(227.09); 161(283.71); 162(550.12); 163(139.03); 164(415.9); 165(209.31); 166(773.03); 167(415.15); 168(486.54); 169(655.47); 170(547.23); 171(602.62); 172(645.92); 173(258.24); 174(189.88); 175(868.44); 176(706.86); 177(530.78); 178(435.35); 179(917.95); 180(904.25); 181(844.92); 182(219.81); 183(478.9); 184(388.19); 185(782.45); 186(408.85); 187(71.32); 188(729.27); 189(349.26); 190(443.38); 191(381.16); 192(896.46); 193(237.06); 195(907.27); 196(695.77); 197(607.14); 198(670.37); 199(485.38); 200(495.1); 201(541.37); 202(352.83); 203(924.12); 204(849.25); 205(676.35); 206(262.62); 207(941.56); 208(414.79); 209(874.25); 210(349.53); 211(736.89); 212(963.02); 213(993.93); 214(769.52); 215(119.41); 216(1.99); 217(980.89); 218(165.24); 219(339.57); 220(208.2); 221(436.54); 222(122.95); 223(993.05); 224(673.92); 225(258.41); 226(575.33); 227(719.84); 228(974.38); 229(808.25); 230(620.49); 231(47.23); 232(245.77); 233(527.82); 234(163.54); 235(67.95); 236(866.23); 237(932.73); 238(481.76); 239(698.16); 240(715.67); 241(562.79); 242(238.55); 243(474.01); 244(51.29); 245(125.41); 246(863.14); 247(812.82); 248(712.74); 249(375.38); 250(565.39); 251(554.58); 252(647.91); 253(277.92); 254(740.89); 255(243.55); 256(820.47); 257(230.84); 258(676.72); 259(795.6); 260(443.06); 261(269.6); 262(755.17); 263(471.78); 264(682.1); 265(366.75); 266(86.83); 267(214.79); 268(702.09); 269(415.81); 270(158.37); 271(433.99); 272(21.89); 273(677.58); 274(793.17); 275(246.03); 276(165.97); 277(557.82); 278(142.07); 279(444.0); 280(143.91); 281(303.91); 282(285.2); 283(958.47); 284(870.59); 285(846.07); 286(794.77); 287(640.49); 288(748.24); 289(689.73); 290(843.55); 291(107.98); 292(922.21); 293(175.22); 294(254.25); 295(128.3); 296(466.84); 297(146.99); 298(761.98); 299(485.39); 300(850.63); 301(692.93); 302(537.0); 303(978.95); 304(126.59); 305(240.71); 306(211.84); 307(580.21); 308(905.54); 309(951.5); 310(768.98); 311(98.88); 312(869.76); 313(452.82); 314(687.52); 315(990.32); 316(252.96); 317(639.11); 318(29.66); 319(85.06); 320(451.67); 321(612.82); 322(571.64); 323(349.14); 324(556.94); 325(291.44); 326(920.83); 327(923.02); 328(854.27); 329(528.89); 330(11.35); 331(548.56); 332(110.69); 333(956.93); 334(935.48); 335(580.01); 336(23.02); 337(98.55); 338(847.8); 339(233.55); 340(582.77); 341(688.63); 342(54.83); 343(107.3); 344(185.74); 345(521.44); 346(910.47); 347(844.56); 348(813.73); 349(979.34); 350(671.16); 351(802.33); 352(987.71); 353(857.38); 354(443.28); 355(557.6); 356(456.04); 357(816.34); 358(967.86); 359(177.42); 360(931.17); 361(349.28); 362(299.66); 363(747.09); 364(338.2); 365(700.04); 366(557.68); 367(326.35); 368(237.02); 369(509.21); 370(347.71); 371(403.0); 372(480.5); 373(55.76); 374(789.79); 375(430.97); 376(280.54); 377(888.82); 378(998.31); 379(190.3); 380(63.0); 381(163.7); 382(764.01); 383(321.57); 384(831.99); 385(114.81); 386(393.7); 387(853.8); 388(227.77); 389(820.6); 390(205.55); 391(717.76); 392(106.41); 393(551.3); 394(925.14); 395(291.83); 396(829.24); 397(120.1); 398(179.53); 399(901.91); 400(285.25); 401(684.39); 402(356.33); 403(587.05); 404(953.86); 405(209.77); 406(887.36); 407(359.42); 408(193.45); 409(681.76); 410(590.16); 411(931.61); 412(678.11); 413(149.37); 414(21.43); 415(170.22); 416(661.41); 417(227.53); 418(55.42); 419(303.06); 420(261.33); 421(317.44); 422(533.96); 423(63.97); 424(49.15); 425(243.51); 426(141.57); 427(621.76); 428(489.46); 429(65.22); 430(677.52); 431(650.99); 432(353.24); 433(786.43); 434(493.66); 435(55.25); 436(286.09); 437(565.26); 438(272.39); 439(414.5); 440(641.5); 441(707.93); 442(255.52); 443(661.66); 444(876.74); 445(131.94); 446(410.9); 447(668.37); 448(835.43); 449(368.87); 450(213.98); 451(774.1); 452(656.38); 453(429.66); 454(536.64); 455(931.82); 456(415.17); 457(15.25); 458(816.28); 459(647.79); 460(640.68); 461(813.14); 462(886.8); 463(451.19); 464(468.1); 465(54.48); 466(348.3); 467(724.43); 468(24.99); 469(718.11); 470(244.38); 471(94.91); 472(569.93); 473(295.25); 474(771.47); 475(355.5); 476(712.04); 477(350.42); 478(959.65); 479(396.04); 480(416.48); 481(480.76); 482(267.84); 483(872.05); 484(263.22); 485(427.2); 486(68.77); 487(169.37); 488(258.91); 489(619.08); 490(883.43); 491(357.96); 492(321.44); 493(960.25); 494(786.17); 495(662.45); 496(265.93); 497(565.77); 498(885.48); 499(345.26),1
195,0(558.79); 1(11.16); 2(943.57); 3(970.83); 4(838.78); 5(779.0); 6(937.4); 7(572.64); 8(865.15); 9(179.82); 10(242.05); 11(685.29); 12(108.22); 13(531.92); 14(968.47); 15(31.75); 16(55.58); 17(7.94); 18(510.38); 19(190.31); 20(222.84); 21(330.37); 22(817.83); 23(917.82); 24(289.57); 25(240.73); 26(548.12); 27(133.04); 28(393.57); 29(408.03); 30(910.4); 31(335.49); 32(341.93); 33(813.88); 34(591.16); 35(107.53); 36(55.84); 37(655.66); 38(130.32); 39(722.81); 40(425.68); 41(574.85); 42(888.73); 43(401.41); 44(376.39); 45(830.19); 46(673.25); 47(322.23); 48(169.01); 49(880.59); 50(996.03); 51(350.44); 52(528.66); 53(627.19); 54(731.47); 55(543.58); 56(844.17); 57(8.56); 58(125.32); 59(617.65); 60(803.76); 61(541.93); 62(956.12); 63(808.26); 64(347.11); 65(234.99); 66(367.89); 67(913.02); 68(737.95); 69(177.39); 70(799.72); 71(641.81); 72(584.36); 73(206.99); 74(55.4); 75(113.33); 76(410.91); 77(526.51); 78(641.0); 79(104.94); 80(25.35); 81(469.91); 82(446.57); 83(162.73); 84(78.09); 85(624.61); 86(180.71); 87(750.92); 88(150.03); 89(199.93); 90(12.85); 91(565.82); 92(269.13); 93(498.13); 94(555.97); 95(838.47); 96(300.77); 97(18.03); 98(0.65); 99(909.26); 100(177.02); 101(157.06); 102(681.64); 103(147.47); 104(727.7); 105(6.52); 106(844.87); 107(816.65); 108(653.17); 109(551.67); 110(457.64); 111(173.41); 112(973.63); 113(988.55); 114(198.29); 115(640.38); 116(660.7); 117(123.57); 118(859.28); 119(938.89); 120(558.41); 121(159.71); 122(206.42); 123(219.68); 124(751.83); 125(732.68); 126(493.0); 127(962.82); 128(607.16); 129(165.42); 130(854.08); 131(754.65); 132(731.25); 133(284.45); 134(549.76); 135(900.11); 136(761.38); 137(388.99); 138(36.03); 139(702.89); 140(216.96); 141(640.65); 142(982.53); 143(234.52); 144(162.02); 145(366.27); 146(622.07); 147(288.52); 148(836.18); 149(228.36); 150(489.52); 151(643.01); 152(69.66); 153(851.15); 154(343.3); 155(261.89); 156(625.19); 157(939.77); 158(963.74); 159(929.05); 160(826.69); 161(863.99); 162(198.75); 163(798.28); 164(390.04); 165(205.48); 166(65.96); 167(74.59); 168(643.08); 169(613.95); 170(57.77); 171(966.08); 172(817.92); 173(542.13); 174(184.21); 175(90.81); 176(897.96); 177(182.72); 178(123.83); 179(557.71); 180(858.84); 181(776.75); 182(116.1); 183(740.88); 184(378.93); 185(850.58); 186(817.04); 187(596.33); 188(160.28); 189(701.9); 190(414.4); 191(798.53); 192(793.66); 193(488.96); 194(907.27); 196(13.29); 197(519.03); 198(283.93); 199(695.4); 200(877.99); 201(961.25); 202(483.73); 203(678.39); 204(802.66); 205(203.43); 206(835.25); 207(839.51); 208(509.42); 209(384.76); 210(88.32); 211(562.84); 212(413.51); 213(936.96); 214(665.52); 215(319.48); 216(426.04); 217(247.38); 218(30.11); 219(548.45); 220(866.43); 221(600.43); 222(427.67); 223(53.41); 224(889.34); 225(482.57); 226(615.51); 227(378.62); 228(757.29); 229(616.16); 230(665.24); 231(180.82); 232(334.87); 233(345.98); 234(197.32); 235(6.82); 236(918.22); 237(699.92); 238(55.29); 239(726.93); 240(908.73); 241(647.72); 242(927.98); 243(170.89); 244(143.9); 245(568.61); 246(248.05); 247(949.11); 248(359.9); 249(738.3); 250(287.59); 251(590.1); 252(675.36); 253(207.27); 254(66.77); 255(935.46); 256(716.91); 257(217.52); 258(287.12); 259(464.83); 260(275.33); 261(434.71); 262(201.51); 263(418.06); 264(722.49); 265(413.96); 266(739.56); 267(641.84); 268(953.28); 269(381.51); 270(632.44); 271(892.02); 272(401.45); 273(697.67); 274(296.63); 275(871.99); 276(13.16); 277(548.22); 278(35.44); 279(993.69); 280(542.45); 281(498.68); 282(906.08); 283(337.37); 284(77.4); 285(988.15); 286(654.3); 287(947.28); 288(585.82); 289(923.09); 290(105.86); 291(471.43); 292(283.49); 293(225.5); 294(430.25); 295(795.09); 296(303.0); 297(859.87); 298(331.45); 299(24.85); 300(554.37); 301(751.11); 302(944.97); 303(10.12); 304(507.01); 305(35.93); 306(100.35); 307(153.3); 308(59.7); 309(939.27); 310(941.42); 311(520.43); 312(216.89); 313(190.41); 314(867.78); 315(282.15); 316(985.72); 317(831.73); 318(279.01); 319(464.46); 320(293.85); 321(742.62); 322(477.05); 323(809.32); 324(114.07); 325(152.58); 326(33.38); 327(381.15); 328(797.61); 329(992.01); 330(397.96); 331(433.77); 332(983.44); 333(940.8); 334(159.77); 335(377.35); 336(921.67); 337(743.0); 338(946.65); 339(32.87); 340(759.75); 341(306.6); 342(798.32); 343(515.06); 344(672.68); 345(420.12); 346(114.43); 347(832.42); 348(586.81); 349(879.93); 350(952.24); 351(862.36); 352(37.18); 353(570.92); 354(302.3); 355(635.28); 356(489.56); 357(986.21); 358(982.34); 359(762.8); 360(192.42); 361(207.81); 362(290.93); 363(165.43); 364(782.81); 365(986.8); 366(694.63); 367(746.37); 368(297.6); 369(701.75); 370(988.77); 371(217.62); 372(307.92); 373(169.44); 374(406.59); 375(815.63); 376(628.53); 377(324.24); 378(904.56); 379(549.77); 380(678.18); 381(201.42); 382(647.4); 383(676.41); 384(167.84); 385(953.73); 386(37.92); 387(630.39); 388(236.76); 389(482.2); 390(188.44); 391(234.62); 392(708.11); 393(495.37); 394(908.29); 395(193.42); 396(171.17); 397(283.92); 398(563.09); 399(695.24); 400(136.08); 401(515.71); 402(252.75); 403(823.63); 404(327.16); 405(40.82); 406(429.78); 407(641.33); 408(462.5); 409(120.14); 410(47.94); 411(838.43); 412(937.59); 413(429.81); 414(834.01); 415(860.97); 416(270.19); 417(676.76); 418(225.01); 419(987.15); 420(246.16); 421(948.68); 422(62.34); 423(154.62); 424(144.58); 425(684.95); 426(751.6); 427(507.46); 428(770.8); 429(816.03); 430(407.4); 431(133.8); 432(85.96); 433(936.86); 434(680.43); 435(223.27); 436(752.56); 437(948.57); 438(987.15); 439(398.64); 440(195.84); 441(469.71); 442(872.0); 443(868.43); 444(147.34); 445(577.57); 446(42.6); 447(612.71); 448(972.72); 449(243.99); 450(39.1); 451(212.09); 452(476.32); 453(0.44); 454(743.89); 455(963.45); 456(788.1); 457(966.27); 458(380.16); 459(334.47); 460(911.32); 461(974.34); 462(461.77); 463(429.94); 464(830.24); 465(477.95); 466(59.32); 467(13.33); 468(429.57); 469(825.26); 470(806.97); 471(190.8); 472(882.93); 473(43.6); 474(12.49); 475(781.68); 476(530.54); 477(907.9); 478(874.36); 479(879.85); 480(811.41); 481(381.4); 482(710.65); 483(687.27); 484(412.81); 485(832.29); 486(241.51); 487(756.89); 488(635.48); 489(814.12); 490(33.13); 491(321.84); 492(523.64); 493(845.34); 494(39.32); 495(376.94); 496(161.11); 497(279.99); 498(180.56); 499(432.44),1
196,0(673.95); 1(268.37); 2(124.09); 3(994.45); 4(175.18); 5(796.71); 6(926.36); 7(10.11); 8(970.55); 9(633.75); 10(916.51); 11(69.4); 12(569.61); 13(752.43); 14(557.19); 15(515.25); 16(610.01); 17(970.7); 18(37.91); 19(686.05); 20(62.69); 21(937.33); 22(797.69); 23(571.76); 24(861.06); 25(983.26); 26(359.38); 27(239.28); 28(606.16); 29(17.59); 30(878.29); 31(144.08); 32(848.23); 33(243.87); 34(300.19); 35(77.59); 36(170.55); 37(660.73); 38(391.88); 39(531.05); 40(540.09); 41(960.89); 42(235.71); 43(892.61); 44(675.51); 45(232.79); 46(683.16); 47(40.15); 48(700.55); 49(130.06); 50(246.01); 51(249.21); 52(16.47); 53(754.12); 54(925.04); 55(270.68); 56(531.9); 57(892.51); 58(838.85); 59(24.83); 60(891.98); 61(25.23); 62(372.23); 63(551.89); 64(933.25); 65(222.51); 66(496.3); 67(464.19); 68(61.67); 69(832.6); 70(210.96); 71(280.51); 72(59.51); 73(199.73); 74(336.43); 75(299.72); 76(867.84); 77(784.31); 78(278.15); 79(239.77); 80(988.76); 81(638.32); 82(192.02); 83(720.91); 84(177.94); 85(390.38); 86(145.09); 87(947.37); 88(516.17); 89(560.51); 90(85.3); 91(695.29); 92(246.61); 93(675.5); 94(396.57); 95(946.89); 96(672.17); 97(756.3); 98(748.23); 99(200.5); 100(292.99); 101(622.71); 102(824.65); 103(556.69); 104(693.76); 105(450.12); 106(761.39); 107(978.29); 108(564.01); 109(431.58); 110(242.75); 111(304.21); 112(611.73); 113(272.61); 114(775.63); 115(0.74); 116(605.14); 117(812.74); 118(628.58); 119(479.94); 120(836.57); 121(259.51); 122(375.94); 123(867.71); 124(220.76); 125(943.45); 126(419.4); 127(503.63); 128(419.83); 129(142.39); 130(91.94); 131(695.94); 132(177.82); 133(853.19); 134(493.97); 135(850.47); 136(593.38); 137(989.81); 138(69.51); 139(408.94); 140(951.14); 141(37.04); 142(541.7); 143(181.82); 144(20.67); 145(913.85); 146(210.54); 147(301.03); 148(850.91); 149(8.8); 150(584.86); 151(729.69); 152(676.26); 153(248.2); 154(490.9); 155(424.85); 156(764.92); 157(464.6); 158(564.89); 159(910.41); 160(554.96); 161(730.58); 162(853.31); 163(216.43); 164(316.68); 165(14.2); 166(977.0); 167(639.4); 168(883.27); 169(860.39); 170(140.22); 171(154.07); 172(919.01); 173(898.42); 174(526.59); 175(421.58); 176(217.32); 177(416.54); 178(258.15); 179(926.72); 180(277.43); 181(317.82); 182(808.29); 183(288.84); 184(273.06); 185(3.1); 186(796.75); 187(633.95); 188(253.14); 189(773.59); 190(213.91); 191(899.21); 192(284.56); 193(122.67); 194(695.77); 195(13.29); 197(272.18); 198(319.62); 199(129.16); 200(567.51); 201(902.37); 202(247.87); 203(244.15); 204(103.86); 205(576.28); 206(244.19); 207(854.89); 208(332.6); 209(754.11); 210(931.51); 211(760.26); 212(570.91); 213(818.26); 214(226.65); 215(332.36); 216(788.19); 217(598.94); 218(624.01); 219(974.18); 220(502.72); 221(780.86); 222(858.96); 223(966.86); 224(385.99); 225(155.28); 226(689.95); 227(701.85); 228(835.86); 229(902.95); 230(980.91); 231(63.14); 232(1.66); 233(809.36); 234(414.36); 235(219.51); 236(857.83); 237(175.28); 238(22.75); 239(45.97); 240(570.78); 241(45.41); 242(995.31); 243(254.72); 244(317.35); 245(369.72); 246(561.62); 247(53.99); 248(759.81); 249(472.85); 250(645.14); 251(641.88); 252(267.59); 253(669.52); 254(637.44); 255(622.56); 256(685.39); 257(898.63); 258(440.52); 259(703.23); 260(672.02); 261(878.07); 262(430.36); 263(552.06); 264(566.72); 265(862.96); 266(558.0); 267(205.05); 268(629.13); 269(870.71); 270(150.26); 271(382.33); 272(409.85); 273(717.83); 274(339.81); 275(506.18); 276(909.39); 277(974.6); 278(66.87); 279(672.2); 280(671.66); 281(584.58); 282(972.22); 283(539.81); 284(725.28); 285(46.49); 286(258.05); 287(612.96); 288(107.59); 289(670.39); 290(749.67); 291(749.09); 292(234.84); 293(696.34); 294(35.44); 295(731.63); 296(358.37); 297(678.88); 298(780.87); 299(759.07); 300(665.14); 301(683.97); 302(585.92); 303(307.76); 304(697.9); 305(985.22); 306(647.78); 307(288.23); 308(963.12); 309(117.33); 310(498.03); 311(738.86); 312(460.57); 313(915.23); 314(497.85); 315(369.45); 316(121.43); 317(695.77); 318(485.63); 319(832.29); 320(593.2); 321(941.2); 322(457.61); 323(252.19); 324(456.5); 325(548.54); 326(736.56); 327(175.5); 328(831.64); 329(522.57); 330(28.19); 331(526.89); 332(260.02); 333(591.58); 334(579.16); 335(432.63); 336(170.63); 337(709.4); 338(89.68); 339(713.44); 340(363.47); 341(873.94); 342(291.94); 343(996.92); 344(426.87); 345(219.33); 346(151.09); 347(636.73); 348(395.53); 349(177.69); 350(79.57); 351(852.45); 352(568.29); 353(632.64); 354(976.88); 355(584.74); 356(680.73); 357(9.08); 358(536.41); 359(332.12); 360(84.16); 361(431.71); 362(728.73); 363(743.41); 364(901.67); 365(285.93); 366(96.89); 367(721.53); 368(608.11); 369(985.91); 370(192.85); 371(200.72); 372(631.5); 373(159.55); 374(225.37); 375(255.41); 376(653.96); 377(851.1); 378(664.22); 379(603.65); 380(662.36); 381(476.95); 382(768.93); 383(553.35); 384(615.0); 385(924.01); 386(642.63); 387(379.54); 388(175.73); 389(644.98); 390(259.11); 391(742.31); 392(467.62); 393(218.61); 394(274.68); 395(435.58); 396(977.68); 397(323.96); 398(188.1); 399(65.72); 400(679.33); 401(150.47); 402(544.91); 403(46.84); 404(546.6); 405(669.65); 406(833.07); 407(516.33); 408(832.79); 409(463.39); 410(5.58); 411(490.31); 412(831.63); 413(939.86); 414(756.91); 415(557.91); 416(276.15); 417(430.67); 418(992.56); 419(802.43); 420(157.86); 421(394.96); 422(622.78); 423(46.75); 424(562.28); 425(927.86); 426(247.55); 427(908.41); 428(315.75); 429(473.98); 430(973.36); 431(58.22); 432(280.03); 433(786.62); 434(78.99); 435(872.24); 436(669.92); 437(506.41); 438(594.33); 439(794.25); 440(398.22); 441(126.44); 442(299.85); 443(84.54); 444(52.09); 445(864.26); 446(820.59); 447(169.76); 448(760.95); 449(349.13); 450(384.9); 451(829.47); 452(62.07); 453(494.66); 454(511.98); 455(930.49); 456(425.04); 457(470.65); 458(999.76); 459(867.38); 460(656.91); 461(713.99); 462(445.42); 463(341.15); 464(902.66); 465(446.33); 466(213.36); 467(229.6); 468(157.21); 469(205.0); 470(741.88); 471(56.6); 472(914.24); 473(156.61); 474(24.81); 475(665.49); 476(0.58); 477(413.79); 478(811.12); 479(424.71); 480(994.02); 481(526.5); 482(833.58); 483(159.4); 484(826.77); 485(425.87); 486(761.98); 487(556.51); 488(858.88); 489(966.56); 490(59.21); 491(971.6); 492(866.43); 493(626.16); 494(165.88); 495(625.95); 496(463.75); 497(546.56); 498(447.78); 499(569.73),1
197,0(205.45); 1(915.37); 2(912.91); 3(312.59); 4(580.01); 5(691.28); 6(714.41); 7(71.36); 8(756.42); 9(880.63); 10(547.51); 11(325.65); 12(664.26); 13(482.15); 14(618.54); 15(83.73); 16(328.79); 17(886.72); 18(428.54); 19(618.91); 20(339.22); 21(295.14); 22(850.86); 23(875.93); 24(32.29); 25(421.54); 26(454.62); 27(198.08); 28(233.34); 29(208.65); 30(483.26); 31(86.68); 32(546.03); 33(659.14); 34(705.94); 35(844.54); 36(922.39); 37(322.14); 38(512.89); 39(924.93); 40(361.35); 41(757.1); 42(286.62); 43(664.33); 44(91.69); 45(904.83); 46(365.62); 47(526.87); 48(446.73); 49(430.65); 50(754.4); 51(103.31); 52(23.73); 53(746.62); 54(373.44); 55(787.91); 56(78.08); 57(980.53); 58(398.06); 59(872.24); 60(598.85); 61(405.75); 62(269.01); 63(268.31); 64(494.25); 65(507.71); 66(105.19); 67(290.14); 68(314.86); 69(786.37); 70(639.84); 71(88.31); 72(822.9); 73(577.59); 74(122.07); 75(369.24); 76(726.58); 77(760.55); 78(952.02); 79(952.14); 80(274.04); 81(706.75); 82(393.11); 83(46.18); 84(212.98); 85(991.81); 86(579.67); 87(126.49); 88(244.29); 89(318.41); 90(696.75); 91(0.26); 92(995.12); 93(695.04); 94(204.82); 95(303.71); 96(152.66); 97(468.08); 98(176.95); 99(143.2); 100(236.53); 101(512.05); 102(549.88); 103(652.43); 104(208.5); 105(391.64); 106(574.39); 107(186.28); 108(779.15); 109(843.63); 110(597.29); 111(360.34); 112(319.84); 113(467.19); 114(184.7); 115(888.23); 116(629.4); 117(78.63); 118(708.94); 119(541.31); 120(306.42); 121(490.41); 122(8.81); 123(182.83); 124(121.77); 125(315.66); 126(587.17); 127(453.97); 128(227.41); 129(438.88); 130(142.1); 131(983.76); 132(741.78); 133(568.97); 134(122.82); 135(728.8); 136(343.97); 137(283.85); 138(196.61); 139(377.74); 140(835.59); 141(242.91); 142(393.73); 143(379.86); 144(240.78); 145(836.08); 146(704.44); 147(22.88); 148(144.54); 149(126.06); 150(917.93); 151(228.63); 152(505.23); 153(558.31); 154(139.28); 155(920.3); 156(676.65); 157(973.47); 158(34.87); 159(170.76); 160(743.71); 161(446.07); 162(38.47); 163(649.64); 164(494.16); 165(846.77); 166(73.39); 167(722.31); 168(218.18); 169(206.77); 170(424.88); 171(880.12); 172(956.8); 173(57.49); 174(667.16); 175(425.32); 176(190.22); 177(603.65); 178(86.3); 179(606.17); 180(119.12); 181(194.93); 182(776.89); 183(665.95); 184(984.6); 185(946.77); 186(249.14); 187(535.12); 188(551.46); 189(374.78); 190(349.14); 191(489.35); 192(353.69); 193(333.21); 194(607.14); 195(519.03); 196(272.18); 198(844.12); 199(446.78); 200(97.44); 201(504.53); 202(72.5); 203(67.42); 204(615.98); 205(492.46); 206(119.86); 207(554.76); 208(470.56); 209(907.15); 210(200.66); 211(224.2); 212(207.55); 213(63.73); 214(662.49); 215(331.81); 216(672.48); 217(894.19); 218(924.9); 219(128.61); 220(164.75); 221(392.38); 222(821.39); 223(342.09); 224(482.15); 225(536.6); 226(224.12); 227(916.2); 228(341.98); 229(114.09); 230(856.84); 231(750.29); 232(516.24); 233(37.87); 234(387.98); 235(300.89); 236(323.55); 237(579.44); 238(576.17); 239(163.81); 240(18.84); 241(906.88); 242(185.12); 243(827.84); 244(510.06); 245(410.49); 246(633.66); 247(109.96); 248(179.28); 249(984.99); 250(614.51); 251(369.35); 252(473.51); 253(681.85); 254(283.37); 255(770.0); 256(125.24); 257(176.43); 258(851.46); 259(529.75); 260(7.94); 261(453.1); 262(907.16); 263(857.37); 264(661.77); 265(307.59); 266(61.5); 267(369.03); 268(737.07); 269(857.39); 270(483.85); 271(957.8); 272(572.97); 273(572.94); 274(215.65); 275(286.67); 276(584.23); 277(754.66); 278(799.79); 279(612.65); 280(749.86); 281(809.62); 282(974.62); 283(334.52); 284(376.74); 285(100.07); 286(996.39); 287(233.83); 288(359.85); 289(592.75); 290(356.64); 291(473.86); 292(371.95); 293(250.08); 294(37.5); 295(33.34); 296(990.87); 297(614.9); 298(348.6); 299(430.97); 300(147.17); 301(67.34); 302(570.55); 303(578.74); 304(230.69); 305(256.13); 306(870.91); 307(559.49); 308(523.63); 309(67.75); 310(237.41); 311(982.86); 312(656.42); 313(207.36); 314(633.77); 315(902.16); 316(730.27); 317(320.43); 318(9.08); 319(807.0); 320(348.62); 321(917.99); 322(682.61); 323(404.17); 324(110.81); 325(116.02); 326(150.76); 327(942.2); 328(631.21); 329(895.66); 330(470.39); 331(314.07); 332(821.99); 333(554.82); 334(513.25); 335(246.84); 336(731.24); 337(754.73); 338(921.41); 339(563.86); 340(337.92); 341(754.92); 342(587.78); 343(113.13); 344(619.43); 345(582.72); 346(502.6); 347(837.49); 348(347.15); 349(752.76); 350(32.29); 351(607.15); 352(475.3); 353(685.73); 354(477.33); 355(31.89); 356(684.01); 357(891.97); 358(872.88); 359(839.26); 360(359.22); 361(82.81); 362(9.45); 363(102.49); 364(801.39); 365(500.36); 366(846.92); 367(795.38); 368(8.12); 369(675.56); 370(441.53); 371(473.85); 372(388.77); 373(811.85); 374(13.24); 375(40.85); 376(552.1); 377(445.49); 378(544.22); 379(957.88); 380(311.19); 381(910.17); 382(417.01); 383(320.92); 384(472.73); 385(274.24); 386(993.26); 387(401.44); 388(168.97); 389(380.41); 390(232.64); 391(116.41); 392(538.72); 393(272.72); 394(179.64); 395(384.44); 396(948.71); 397(634.06); 398(793.9); 399(100.72); 400(453.65); 401(847.93); 402(359.86); 403(250.95); 404(293.7); 405(577.99); 406(536.5); 407(799.01); 408(569.48); 409(429.73); 410(246.74); 411(508.41); 412(965.21); 413(850.23); 414(969.63); 415(631.02); 416(291.0); 417(760.61); 418(658.6); 419(152.66); 420(539.45); 421(645.6); 422(219.51); 423(522.55); 424(38.95); 425(969.25); 426(137.5); 427(862.19); 428(53.42); 429(347.98); 430(748.72); 431(959.02); 432(667.1); 433(858.03); 434(784.19); 435(64.5); 436(918.98); 437(113.39); 438(611.59); 439(134.79); 440(773.73); 441(541.56); 442(128.18); 443(70.73); 444(206.93); 445(814.1); 446(45.09); 447(287.7); 448(762.02); 449(364.42); 450(373.97); 451(6.82); 452(761.92); 453(713.48); 454(770.89); 455(763.65); 456(983.66); 457(71.24); 458(47.38); 459(907.36); 460(764.84); 461(730.92); 462(236.02); 463(727.17); 464(734.72); 465(703.33); 466(34.54); 467(848.46); 468(32.78); 469(355.07); 470(260.19); 471(576.97); 472(580.45); 473(378.59); 474(655.99); 475(672.45); 476(170.55); 477(615.73); 478(410.18); 479(198.89); 480(3.56); 481(253.08); 482(849.93); 483(297.69); 484(677.11); 485(643.85); 486(519.07); 487(33.7); 488(108.04); 489(914.78); 490(323.17); 491(698.65); 492(610.12); 493(275.46); 494(100.67); 495(339.2); 496(948.83); 497(463.99); 498(187.25); 499(514.28),1
198,0(594.13); 1(727.55); 2(867.15); 3(965.67); 4(710.45); 5(391.44); 6(627.99); 7(423.82); 8(392.68); 9(299.85); 10(787.73); 11(185.36); 12(217.8); 13(108.0); 14(43.5); 15(249.68); 16(780.18); 17(875.65); 18(996.01); 19(118.25); 20(414.99); 21(507.36); 22(190.73); 23(891.21); 24(199.26); 25(933.65); 26(284.02); 27(195.86); 28(663.15); 29(531.89); 30(123.86); 31(930.1); 32(765.73); 33(509.58); 34(923.4); 35(777.43); 36(674.9); 37(883.48); 38(693.07); 39(527.99); 40(981.87); 41(362.36); 42(523.19); 43(808.58); 44(627.62); 45(85.58); 46(417.55); 47(426.84); 48(524.16); 49(39.4); 50(738.7); 51(744.33); 52(595.9); 53(814.15); 54(422.01); 55(846.31); 56(332.78); 57(629.12); 58(7.11); 59(457.45); 60(360.07); 61(319.25); 62(979.76); 63(809.17); 64(834.89); 65(623.2); 66(390.34); 67(791.68); 68(387.72); 69(861.36); 70(393.22); 71(839.66); 72(330.12); 73(177.85); 74(712.51); 75(432.1); 76(186.97); 77(927.28); 78(537.34); 79(53.01); 80(768.27); 81(301.64); 82(758.98); 83(884.28); 84(257.58); 85(348.18); 86(916.41); 87(630.84); 88(57.32); 89(386.76); 90(577.12); 91(519.31); 92(794.42); 93(581.53); 94(137.18); 95(67.76); 96(66.73); 97(816.94); 98(953.33); 99(53.88); 100(837.42); 101(606.8); 102(310.1); 103(803.39); 104(948.42); 105(748.74); 106(804.13); 107(672.77); 108(47.45); 109(80.12); 110(100.58); 111(340.87); 112(628.09); 113(29.92); 114(777.72); 115(525.53); 116(45.21); 117(57.61); 118(705.78); 119(406.64); 120(307.78); 121(291.73); 122(734.64); 123(336.55); 124(129.7); 125(331.87); 126(213.74); 127(631.96); 128(703.1); 129(407.2); 130(451.59); 131(29.27); 132(350.18); 133(804.91); 134(246.48); 135(975.25); 136(540.09); 137(559.48); 138(65.42); 139(97.13); 140(899.16); 141(967.47); 142(345.55); 143(29.9); 144(38.38); 145(433.02); 146(955.98); 147(766.08); 148(359.97); 149(596.08); 150(967.92); 151(290.1); 152(998.8); 153(921.85); 154(916.9); 155(352.45); 156(781.55); 157(705.79); 158(190.21); 159(674.3); 160(202.35); 161(593.37); 162(296.03); 163(458.33); 164(361.86); 165(875.89); 166(694.51); 167(400.16); 168(848.93); 169(46.56); 170(143.13); 171(137.77); 172(767.48); 173(71.58); 174(34.6); 175(284.51); 176(300.29); 177(913.51); 178(618.71); 179(369.57); 180(696.44); 181(167.73); 182(391.75); 183(736.01); 184(158.45); 185(550.03); 186(756.97); 187(608.25); 188(891.9); 189(974.24); 190(794.03); 191(874.48); 192(86.33); 193(141.49); 194(670.37); 195(283.93); 196(319.62); 197(844.12); 199(185.06); 200(981.68); 201(127.46); 202(23.82); 203(905.04); 204(453.09); 205(50.64); 206(888.23); 207(326.67); 208(141.42); 209(816.68); 210(214.8); 211(633.81); 212(492.26); 213(93.93); 214(291.09); 215(139.82); 216(164.25); 217(755.48); 218(15.33); 219(427.63); 220(514.71); 221(594.61); 222(255.04); 223(351.8); 224(310.8); 225(0.12); 226(320.28); 227(699.28); 228(752.75); 229(436.95); 230(837.0); 231(745.57); 232(358.73); 233(715.6); 234(973.09); 235(739.95); 236(754.56); 237(427.06); 238(136.02); 239(841.95); 240(411.74); 241(430.16); 242(817.84); 243(477.78); 244(833.08); 245(136.49); 246(902.89); 247(119.67); 248(503.8); 249(50.7); 250(207.68); 251(189.09); 252(897.78); 253(615.6); 254(612.56); 255(963.31); 256(129.31); 257(412.68); 258(864.17); 259(14.43); 260(835.01); 261(6.95); 262(150.55); 263(907.45); 264(16.66); 265(332.67); 266(55.58); 267(192.88); 268(579.15); 269(452.15); 270(454.39); 271(61.9); 272(911.46); 273(505.53); 274(84.28); 275(368.52); 276(754.36); 277(968.69); 278(93.17); 279(764.88); 280(619.06); 281(890.04); 282(172.72); 283(793.71); 284(990.04); 285(146.31); 286(431.88); 287(196.16); 288(629.02); 289(136.3); 290(518.85); 291(144.12); 292(212.11); 293(988.67); 294(48.03); 295(652.92); 296(220.01); 297(913.65); 298(738.51); 299(122.01); 300(76.18); 301(70.07); 302(417.62); 303(373.22); 304(134.89); 305(886.78); 306(47.35); 307(676.12); 308(71.24); 309(985.73); 310(548.59); 311(784.39); 312(902.57); 313(658.29); 314(511.8); 315(209.21); 316(257.75); 317(690.46); 318(4.62); 319(990.4); 320(470.84); 321(620.19); 322(487.61); 323(983.92); 324(632.46); 325(176.43); 326(56.52); 327(972.28); 328(416.04); 329(891.08); 330(324.22); 331(54.53); 332(25.67); 333(155.9); 334(160.72); 335(57.1); 336(341.4); 337(821.28); 338(219.02); 339(807.75); 340(28.55); 341(559.35); 342(599.69); 343(331.88); 344(894.66); 345(696.23); 346(298.07); 347(330.08); 348(830.46); 349(355.37); 350(350.05); 351(363.86); 352(910.79); 353(60.51); 354(908.35); 355(126.81); 356(141.83); 357(891.23); 358(413.21); 359(937.02); 360(794.53); 361(792.76); 362(724.29); 363(829.77); 364(72.86); 365(16.8); 366(624.62); 367(101.16); 368(424.46); 369(480.5); 370(536.41); 371(885.24); 372(161.87); 373(47.01); 374(965.14); 375(586.42); 376(537.47); 377(31.96); 378(513.77); 379(264.83); 380(234.19); 381(271.91); 382(872.47); 383(952.79); 384(493.8); 385(492.0); 386(677.43); 387(607.54); 388(454.18); 389(517.72); 390(911.13); 391(294.05); 392(704.75); 393(35.74); 394(107.67); 395(947.61); 396(15.52); 397(444.97); 398(488.13); 399(846.44); 400(395.55); 401(693.92); 402(854.66); 403(970.92); 404(966.57); 405(324.51); 406(365.36); 407(772.72); 408(768.2); 409(280.82); 410(108.89); 411(514.52); 412(81.49); 413(542.61); 414(384.18); 415(392.6); 416(111.55); 417(85.04); 418(594.44); 419(410.56); 420(16.03); 421(230.0); 422(115.79); 423(707.21); 424(534.67); 425(58.06); 426(55.82); 427(721.0); 428(845.9); 429(638.96); 430(541.89); 431(117.69); 432(664.36); 433(263.38); 434(253.7); 435(403.95); 436(33.94); 437(350.43); 438(307.77); 439(494.98); 440(738.32); 441(721.16); 442(50.02); 443(749.37); 444(827.25); 445(271.56); 446(866.78); 447(414.82); 448(420.54); 449(930.53); 450(279.33); 451(507.48); 452(92.59); 453(232.28); 454(406.48); 455(849.61); 456(569.24); 457(467.05); 458(139.76); 459(964.15); 460(11.94); 461(889.27); 462(626.56); 463(357.36); 464(800.82); 465(29.12); 466(345.59); 467(71.6); 468(33.91); 469(582.12); 470(646.39); 471(225.38); 472(80.52); 473(702.52); 474(432.2); 475(382.14); 476(176.75); 477(619.41); 478(427.91); 479(837.11); 480(273.34); 481(830.98); 482(834.42); 483(723.57); 484(958.73); 485(254.49); 486(800.91); 487(564.1); 488(753.84); 489(109.27); 490(296.48); 491(568.31); 492(18.82); 493(311.92); 494(130.65); 495(878.5); 496(182.44); 497(790.52); 498(203.17); 499(694.41),1
199,0(189.77); 1(724.33); 2(23.0); 3(385.13); 4(104.41); 5(787.31); 6(676.26); 7(212.22); 8(657.18); 9(83.97); 10(388.42); 11(939.51); 12(96.81); 13(923.13); 14(909.34); 15(418.33); 16(434.21); 17(872.5); 18(455.2); 19(10.79); 20(555.58); 21(681.48); 22(63.49); 23(442.95); 24(685.14); 25(356.37); 26(939.96); 27(371.98); 28(47.24); 29(820.56); 30(389.37); 31(54.54); 32(35.61); 33(480.59); 34(31.85); 35(980.72); 36(492.52); 37(490.97); 38(811.78); 39(455.63); 40(239.03); 41(898.97); 42(964.53); 43(392.32); 44(11.29); 45(153.33); 46(764.06); 47(21.87); 48(173.04); 49(418.07); 50(775.36); 51(861.92); 52(415.42); 53(869.11); 54(588.87); 55(413.18); 56(150.41); 57(660.04); 58(383.79); 59(105.94); 60(629.55); 61(241.76); 62(591.34); 63(972.55); 64(937.36); 65(599.97); 66(77.39); 67(631.59); 68(900.81); 69(548.79); 70(409.06); 71(231.44); 72(381.99); 73(360.97); 74(811.6); 75(229.32); 76(618.68); 77(851.11); 78(152.95); 79(907.03); 80(19.86); 81(909.14); 82(394.7); 83(347.32); 84(717.94); 85(753.74); 86(322.71); 87(412.27); 88(0.6); 89(987.02); 90(149.37); 91(122.97); 92(38.93); 93(197.3); 94(449.98); 95(617.55); 96(337.28); 97(679.89); 98(34.56); 99(64.57); 100(313.85); 101(650.32); 102(973.74); 103(48.92); 104(146.6); 105(626.6); 106(504.83); 107(155.76); 108(398.44); 109(517.14); 110(244.05); 111(860.8); 112(603.24); 113(657.02); 114(780.1); 115(141.66); 116(114.61); 117(560.06); 118(521.81); 119(851.68); 120(146.36); 121(914.6); 122(953.17); 123(614.86); 124(416.94); 125(772.96); 126(489.06); 127(250.07); 128(75.48); 129(534.98); 130(836.4); 131(300.08); 132(536.67); 133(328.0); 134(824.26); 135(771.2); 136(447.92); 137(755.87); 138(446.59); 139(742.33); 140(180.99); 141(901.64); 142(148.18); 143(37.62); 144(868.52); 145(544.37); 146(416.06); 147(125.21); 148(172.63); 149(498.19); 150(565.64); 151(163.9); 152(65.66); 153(912.97); 154(213.5); 155(52.8); 156(257.94); 157(312.06); 158(87.13); 159(809.11); 160(608.82); 161(832.11); 162(174.27); 163(301.25); 164(220.03); 165(418.15); 166(368.48); 167(670.65); 168(192.65); 169(181.11); 170(576.28); 171(581.27); 172(837.77); 173(71.09); 174(522.11); 175(766.04); 176(320.85); 177(325.03); 178(519.77); 179(979.32); 180(759.87); 181(68.89); 182(276.52); 183(327.26); 184(537.57); 185(65.64); 186(420.75); 187(213.96); 188(144.75); 189(914.16); 190(595.54); 191(52.62); 192(823.36); 193(849.48); 194(485.38); 195(695.4); 196(129.16); 197(446.78); 198(185.06); 200(227.15); 201(713.16); 202(437.68); 203(961.11); 204(149.34); 205(797.49); 206(33.13); 207(890.66); 208(697.0); 209(770.48); 210(763.33); 211(456.2); 212(699.87); 213(725.9); 214(883.81); 215(603.78); 216(621.59); 217(152.26); 218(776.3); 219(618.83); 220(537.69); 221(733.26); 222(5.55); 223(260.64); 224(56.71); 225(473.85); 226(95.71); 227(857.5); 228(127.06); 229(347.95); 230(300.76); 231(294.61); 232(386.46); 233(11.01); 234(551.43); 235(285.36); 236(798.68); 237(786.1); 238(730.77); 239(427.13); 240(187.45); 241(104.54); 242(929.71); 243(874.03); 244(863.72); 245(739.99); 246(701.97); 247(211.1); 248(246.34); 249(803.13); 250(298.55); 251(744.01); 252(318.19); 253(509.36); 254(848.45); 255(877.51); 256(412.1); 257(187.31); 258(920.99); 259(488.36); 260(166.48); 261(744.06); 262(706.51); 263(256.5); 264(838.45); 265(64.73); 266(51.39); 267(446.55); 268(448.85); 269(479.42); 270(65.41); 271(47.12); 272(394.87); 273(445.99); 274(540.02); 275(618.17); 276(774.86); 277(532.22); 278(893.02); 279(784.38); 280(380.26); 281(428.06); 282(405.91); 283(500.75); 284(940.65); 285(987.57); 286(915.72); 287(580.92); 288(270.06); 289(969.09); 290(614.43); 291(506.48); 292(241.63); 293(152.23); 294(985.96); 295(923.55); 296(731.3); 297(845.56); 298(365.25); 299(707.13); 300(687.12); 301(564.44); 302(93.32); 303(734.57); 304(59.31); 305(679.58); 306(270.01); 307(709.76); 308(304.33); 309(160.89); 310(393.65); 311(65.0); 312(799.9); 313(12.3); 314(85.5); 315(193.6); 316(690.87); 317(630.06); 318(606.29); 319(654.98); 320(466.33); 321(379.02); 322(848.7); 323(645.14); 324(187.21); 325(601.0); 326(436.3); 327(92.35); 328(807.49); 329(795.46); 330(908.33); 331(985.82); 332(524.01); 333(232.98); 334(41.3); 335(962.0); 336(74.27); 337(565.28); 338(476.72); 339(795.44); 340(448.11); 341(58.02); 342(363.96); 343(163.55); 344(475.59); 345(338.88); 346(840.03); 347(805.42); 348(328.08); 349(330.64); 350(908.96); 351(331.54); 352(878.69); 353(550.6); 354(289.9); 355(93.61); 356(901.61); 357(185.59); 358(771.21); 359(71.48); 360(17.4); 361(388.19); 362(688.65); 363(847.16); 364(660.76); 365(574.49); 366(822.2); 367(519.09); 368(661.73); 369(225.25); 370(848.36); 371(471.89); 372(262.86); 373(471.96); 374(204.67); 375(573.87); 376(970.56); 377(34.19); 378(74.97); 379(70.2); 380(268.55); 381(117.24); 382(189.61); 383(78.29); 384(383.57); 385(8.84); 386(237.09); 387(526.76); 388(334.95); 389(447.86); 390(633.57); 391(47.28); 392(115.91); 393(652.08); 394(699.05); 395(728.33); 396(125.23); 397(847.16); 398(366.17); 399(567.83); 400(652.25); 401(95.12); 402(306.09); 403(0.94); 404(17.24); 405(104.44); 406(689.52); 407(906.03); 408(950.21); 409(958.25); 410(863.01); 411(659.85); 412(964.43); 413(659.08); 414(86.15); 415(845.3); 416(666.74); 417(122.83); 418(643.86); 419(496.83); 420(171.45); 421(996.87); 422(799.13); 423(795.58); 424(104.07); 425(232.73); 426(936.47); 427(855.51); 428(364.64); 429(591.8); 430(740.93); 431(265.95); 432(280.16); 433(243.91); 434(294.74); 435(245.02); 436(888.85); 437(66.56); 438(82.12); 439(957.11); 440(746.3); 441(577.19); 442(634.07); 443(582.74); 444(748.44); 445(538.71); 446(583.41); 447(225.91); 448(315.55); 449(303.36); 450(770.08); 451(90.17); 452(264.64); 453(539.54); 454(232.36); 455(624.28); 456(629.7); 457(554.63); 458(673.22); 459(175.12); 460(117.82); 461(702.64); 462(0.22); 463(488.62); 464(864.98); 465(375.84); 466(537.41); 467(267.88); 468(207.84); 469(282.09); 470(515.66); 471(665.39); 472(185.33); 473(765.64); 474(885.49); 475(524.05); 476(281.62); 477(902.52); 478(277.59); 479(322.28); 480(807.63); 481(219.25); 482(707.85); 483(526.52); 484(860.14); 485(736.51); 486(222.14); 487(682.99); 488(926.47); 489(284.23); 490(594.24); 491(363.99); 492(401.44); 493(651.64); 494(651.09); 495(85.6); 496(485.28); 497(853.83); 498(878.2); 499(9.78),1
200,0(989.64); 1(4.23); 2(445.77); 3(265.93); 4(589.15); 5(206.85); 6(498.92); 7(912.08); 8(902.71); 9(242.55); 10(460.97); 11(393.93); 12(514.06); 13(769.84); 14(262.02); 15(944.83); 16(416.42); 17(716.09); 18(737.85); 19(694.28); 20(723.85); 21(6.26); 22(229.61); 23(595.19); 24(353.9); 25(543.65); 26(414.72); 27(788.42); 28(562.63); 29(165.16); 30(960.47); 31(493.02); 32(220.05); 33(449.31); 34(759.05); 35(423.72); 36(742.12); 37(25.31); 38(255.98); 39(254.46); 40(976.87); 41(99.36); 42(996.76); 43(124.63); 44(91.7); 45(394.89); 46(331.86); 47(928.91); 48(949.08); 49(757.02); 50(346.54); 51(237.08); 52(749.5); 53(920.66); 54(516.77); 55(303.79); 56(618.24); 57(23.98); 58(752.06); 59(82.35); 60(899.79); 61(554.11); 62(384.79); 63(245.4); 64(2.25); 65(798.14); 66(325.37); 67(483.32); 68(788.87); 69(841.15); 70(438.56); 71(160.12); 72(491.83); 73(106.16); 74(0.71); 75(658.51); 76(887.27); 77(947.58); 78(74.97); 79(841.9); 80(442.35); 81(635.95); 82(639.99); 83(630.26); 84(187.31); 85(962.5); 86(857.86); 87(331.03); 88(124.43); 89(368.62); 90(184.04); 91(128.94); 92(871.93); 93(30.28); 94(865.13); 95(666.56); 96(11.64); 97(200.17); 98(535.8); 99(864.91); 100(762.9); 101(74.64); 102(172.39); 103(374.65); 104(53.91); 105(104.44); 106(98.06); 107(930.23); 108(564.91); 109(770.44); 110(835.33); 111(852.28); 112(216.46); 113(793.53); 114(258.17); 115(268.03); 116(250.75); 117(940.41); 118(19.54); 119(888.58); 120(7.21); 121(33.95); 122(510.01); 123(786.9); 124(852.19); 125(733.0); 126(560.93); 127(905.02); 128(283.35); 129(475.44); 130(988.37); 131(731.24); 132(485.19); 133(897.89); 134(997.43); 135(739.14); 136(6.66); 137(703.32); 138(382.82); 139(776.66); 140(592.42); 141(9.06); 142(19.43); 143(421.41); 144(879.48); 145(512.25); 146(57.07); 147(530.71); 148(914.38); 149(894.1); 150(198.48); 151(243.92); 152(532.63); 153(43.19); 154(772.13); 155(449.8); 156(846.44); 157(478.39); 158(743.1); 159(923.11); 160(93.82); 161(814.37); 162(6.35); 163(5.68); 164(550.06); 165(610.76); 166(483.82); 167(204.07); 168(527.95); 169(354.27); 170(656.06); 171(478.52); 172(864.55); 173(249.33); 174(656.91); 175(752.47); 176(279.46); 177(430.53); 178(216.43); 179(419.11); 180(130.75); 181(397.17); 182(280.33); 183(814.44); 184(247.47); 185(144.38); 186(836.35); 187(350.54); 188(306.99); 189(551.65); 190(259.2); 191(286.5); 192(745.28); 193(978.97); 194(495.1); 195(877.99); 196(567.51); 197(97.44); 198(981.68); 199(227.15); 201(919.62); 202(445.61); 203(726.96); 204(360.77); 205(765.93); 206(428.06); 207(609.25); 208(968.61); 209(600.06); 210(996.28); 211(160.14); 212(468.08); 213(2.96); 214(457.69); 215(535.66); 216(175.45); 217(751.3); 218(270.96); 219(29.73); 220(801.89); 221(672.7); 222(423.9); 223(187.42); 224(31.08); 225(572.52); 226(110.95); 227(846.78); 228(288.29); 229(919.15); 230(796.05); 231(168.68); 232(320.28); 233(429.06); 234(362.02); 235(391.04); 236(992.29); 237(550.23); 238(666.43); 239(42.31); 240(559.78); 241(425.08); 242(735.02); 243(559.72); 244(919.26); 245(54.02); 246(689.46); 247(517.65); 248(772.23); 249(478.34); 250(75.53); 251(19.48); 252(258.72); 253(362.63); 254(915.66); 255(722.79); 256(734.39); 257(834.15); 258(619.51); 259(8.4); 260(421.16); 261(575.17); 262(934.5); 263(283.36); 264(367.61); 265(106.45); 266(731.55); 267(504.94); 268(108.77); 269(833.41); 270(552.43); 271(907.41); 272(304.36); 273(323.78); 274(899.49); 275(73.15); 276(53.12); 277(438.15); 278(162.01); 279(177.19); 280(70.75); 281(589.88); 282(675.85); 283(271.5); 284(343.94); 285(356.15); 286(775.95); 287(996.07); 288(765.45); 289(569.31); 290(833.83); 291(936.75); 292(669.09); 293(695.36); 294(381.08); 295(369.87); 296(924.35); 297(270.33); 298(13.62); 299(925.68); 300(813.33); 301(433.46); 302(159.32); 303(344.33); 304(561.24); 305(663.84); 306(695.88); 307(236.09); 308(342.1); 309(82.88); 310(424.66); 311(399.96); 312(924.53); 313(340.27); 314(233.96); 315(311.3); 316(654.76); 317(912.8); 318(425.83); 319(407.03); 320(749.5); 321(845.83); 322(993.72); 323(138.85); 324(910.98); 325(958.85); 326(961.02); 327(962.87); 328(318.93); 329(939.24); 330(442.81); 331(977.08); 332(343.94); 333(753.64); 334(824.01); 335(34.84); 336(567.0); 337(248.56); 338(143.99); 339(52.01); 340(573.61); 341(872.82); 342(693.75); 343(175.13); 344(583.65); 345(363.32); 346(821.41); 347(683.31); 348(887.55); 349(295.76); 350(7.77); 351(797.83); 352(205.83); 353(686.41); 354(146.7); 355(741.66); 356(451.77); 357(205.34); 358(701.59); 359(135.09); 360(417.24); 361(142.51); 362(558.49); 363(737.39); 364(149.11); 365(480.26); 366(87.4); 367(693.54); 368(976.93); 369(421.35); 370(670.34); 371(159.69); 372(872.6); 373(538.34); 374(792.49); 375(650.91); 376(298.77); 377(123.75); 378(412.73); 379(828.66); 380(995.49); 381(290.81); 382(599.65); 383(747.17); 384(971.35); 385(910.22); 386(824.83); 387(982.37); 388(193.59); 389(703.45); 390(188.97); 391(614.46); 392(411.82); 393(637.05); 394(30.58); 395(361.73); 396(935.24); 397(99.86); 398(791.95); 399(411.16); 400(156.86); 401(415.78); 402(621.98); 403(884.84); 404(629.5); 405(825.62); 406(175.35); 407(135.81); 408(865.82); 409(260.64); 410(700.29); 411(913.22); 412(784.69); 413(793.32); 414(130.77); 415(399.92); 416(475.93); 417(74.96); 418(421.65); 419(36.86); 420(297.2); 421(746.25); 422(393.32); 423(325.81); 424(703.56); 425(334.3); 426(980.19); 427(693.24); 428(198.43); 429(171.38); 430(981.28); 431(616.97); 432(106.19); 433(672.43); 434(43.87); 435(119.95); 436(345.49); 437(382.16); 438(732.67); 439(703.81); 440(385.16); 441(321.86); 442(994.33); 443(943.71); 444(321.4); 445(847.42); 446(778.39); 447(979.54); 448(110.35); 449(872.15); 450(491.01); 451(875.9); 452(105.15); 453(856.84); 454(915.02); 455(342.92); 456(150.69); 457(948.29); 458(99.32); 459(91.31); 460(220.18); 461(220.91); 462(371.95); 463(212.48); 464(651.19); 465(137.0); 466(873.11); 467(592.33); 468(155.19); 469(815.66); 470(522.3); 471(731.55); 472(984.33); 473(416.57); 474(853.65); 475(793.53); 476(957.68); 477(492.79); 478(310.84); 479(499.55); 480(602.14); 481(604.44); 482(510.92); 483(729.67); 484(462.22); 485(697.16); 486(885.82); 487(994.21); 488(838.09); 489(682.78); 490(819.06); 491(102.94); 492(226.63); 493(511.3); 494(943.81); 495(694.13); 496(677.79); 497(218.97); 498(345.79); 499(928.25),1
201,0(983.04); 1(614.19); 2(630.78); 3(567.77); 4(962.02); 5(234.14); 6(526.09); 7(815.86); 8(919.14); 9(625.4); 10(772.56); 11(284.92); 12(699.14); 13(296.04); 14(744.64); 15(747.89); 16(269.64); 17(123.58); 18(316.53); 19(802.52); 20(94.15); 21(739.55); 22(648.29); 23(67.69); 24(383.52); 25(441.3); 26(943.16); 27(627.28); 28(862.6); 29(585.23); 30(796.52); 31(374.43); 32(996.88); 33(799.0); 34(28.59); 35(904.16); 36(884.56); 37(935.92); 38(139.2); 39(307.64); 40(669.3); 41(987.6); 42(557.94); 43(770.73); 44(628.85); 45(646.3); 46(290.97); 47(63.93); 48(420.62); 49(569.39); 50(840.32); 51(150.85); 52(315.07); 53(424.95); 54(696.59); 55(290.62); 56(365.05); 57(325.08); 58(476.49); 59(162.21); 60(566.01); 61(444.9); 62(587.34); 63(535.27); 64(704.24); 65(984.75); 66(291.4); 67(542.73); 68(732.07); 69(562.93); 70(590.52); 71(726.13); 72(272.04); 73(664.41); 74(315.05); 75(318.5); 76(292.07); 77(897.71); 78(238.36); 79(464.63); 80(980.06); 81(333.05); 82(337.13); 83(159.92); 84(507.76); 85(607.39); 86(801.51); 87(864.22); 88(406.19); 89(701.49); 90(368.68); 91(401.56); 92(21.42); 93(246.48); 94(886.55); 95(561.51); 96(357.38); 97(135.55); 98(338.45); 99(559.15); 100(275.83); 101(238.87); 102(265.86); 103(516.16); 104(234.63); 105(831.63); 106(224.07); 107(311.55); 108(972.12); 109(560.92); 110(26.81); 111(225.94); 112(820.76); 113(627.52); 114(226.62); 115(915.04); 116(50.41); 117(326.28); 118(408.48); 119(8.64); 120(60.54); 121(211.99); 122(558.81); 123(26.7); 124(691.58); 125(253.27); 126(954.26); 127(336.01); 128(812.55); 129(705.94); 130(68.49); 131(424.16); 132(158.25); 133(87.92); 134(431.69); 135(521.04); 136(422.86); 137(517.88); 138(571.72); 139(957.76); 140(579.01); 141(50.45); 142(297.38); 143(686.98); 144(14.76); 145(834.46); 146(719.78); 147(541.96); 148(306.54); 149(726.43); 150(820.07); 151(909.89); 152(923.29); 153(235.68); 154(310.23); 155(73.67); 156(674.74); 157(843.26); 158(848.04); 159(757.01); 160(855.57); 161(803.12); 162(986.56); 163(198.34); 164(224.41); 165(563.91); 166(222.02); 167(986.57); 168(508.42); 169(436.35); 170(472.8); 171(9.52); 172(960.95); 173(496.32); 174(432.81); 175(158.65); 176(647.23); 177(115.48); 178(449.38); 179(970.46); 180(441.33); 181(759.46); 182(249.42); 183(79.41); 184(962.9); 185(187.55); 186(398.39); 187(839.7); 188(886.08); 189(265.33); 190(613.35); 191(785.97); 192(136.12); 193(606.79); 194(541.37); 195(961.25); 196(902.37); 197(504.53); 198(127.46); 199(713.16); 200(919.62); 202(250.48); 203(659.9); 204(997.71); 205(520.57); 206(556.3); 207(117.11); 208(779.96); 209(53.59); 210(801.72); 211(194.58); 212(510.85); 213(651.67); 214(33.97); 215(235.24); 216(887.96); 217(633.14); 218(652.18); 219(928.94); 220(826.92); 221(81.91); 222(925.75); 223(23.55); 224(678.14); 225(640.94); 226(998.05); 227(207.19); 228(61.55); 229(291.54); 230(999.15); 231(693.78); 232(886.08); 233(495.87); 234(649.28); 235(720.18); 236(3.41); 237(573.18); 238(269.28); 239(306.84); 240(57.16); 241(35.86); 242(309.2); 243(318.17); 244(671.61); 245(175.41); 246(234.08); 247(657.4); 248(367.17); 249(426.13); 250(223.5); 251(427.21); 252(818.08); 253(678.14); 254(485.03); 255(833.26); 256(948.37); 257(614.8); 258(576.45); 259(613.09); 260(897.79); 261(150.75); 262(246.06); 263(507.64); 264(452.08); 265(464.34); 266(448.88); 267(375.09); 268(489.81); 269(843.36); 270(486.91); 271(624.45); 272(411.24); 273(478.88); 274(462.35); 275(655.08); 276(58.27); 277(760.46); 278(219.44); 279(164.4); 280(42.09); 281(189.12); 282(453.14); 283(956.48); 284(520.15); 285(79.03); 286(734.85); 287(395.88); 288(247.08); 289(439.6); 290(503.82); 291(40.81); 292(430.27); 293(494.18); 294(197.13); 295(902.24); 296(698.07); 297(888.7); 298(447.94); 299(726.0); 300(698.4); 301(606.94); 302(891.8); 303(370.63); 304(977.91); 305(362.87); 306(138.44); 307(837.84); 308(424.07); 309(627.56); 310(343.39); 311(515.28); 312(425.2); 313(934.2); 314(479.47); 315(773.74); 316(930.19); 317(639.75); 318(398.37); 319(287.41); 320(321.82); 321(606.02); 322(182.91); 323(269.77); 324(980.82); 325(893.69); 326(555.67); 327(449.79); 328(28.57); 329(156.65); 330(840.61); 331(418.57); 332(474.09); 333(636.38); 334(795.26); 335(521.14); 336(461.36); 337(644.0); 338(18.76); 339(663.03); 340(445.47); 341(482.24); 342(331.6); 343(339.71); 344(653.58); 345(445.36); 346(57.98); 347(938.8); 348(977.6); 349(506.32); 350(63.36); 351(975.23); 352(615.84); 353(906.72); 354(213.03); 355(840.38); 356(428.97); 357(976.5); 358(655.09); 359(684.76); 360(611.11); 361(647.4); 362(550.38); 363(881.55); 364(718.54); 365(638.73); 366(836.88); 367(181.18); 368(594.53); 369(851.53); 370(373.5); 371(971.48); 372(670.65); 373(97.76); 374(132.57); 375(779.11); 376(342.01); 377(450.44); 378(433.56); 379(346.31); 380(230.82); 381(899.8); 382(26.61); 383(266.82); 384(523.66); 385(818.11); 386(19.16); 387(55.89); 388(343.56); 389(81.35); 390(393.04); 391(932.96); 392(932.44); 393(132.62); 394(93.03); 395(728.16); 396(971.49); 397(815.45); 398(865.48); 399(388.04); 400(126.6); 401(726.6); 402(796.98); 403(143.78); 404(600.79); 405(134.23); 406(704.03); 407(626.03); 408(468.94); 409(340.25); 410(595.63); 411(852.14); 412(711.13); 413(377.82); 414(545.71); 415(391.83); 416(980.68); 417(776.54); 418(964.28); 419(855.98); 420(703.57); 421(137.6); 422(644.81); 423(940.66); 424(698.8); 425(166.65); 426(328.37); 427(28.08); 428(392.91); 429(147.03); 430(46.94); 431(388.22); 432(180.19); 433(86.92); 434(206.41); 435(832.06); 436(433.45); 437(265.15); 438(96.84); 439(931.73); 440(728.78); 441(437.1); 442(86.35); 443(867.65); 444(420.75); 445(661.59); 446(708.35); 447(404.14); 448(241.54); 449(272.35); 450(533.06); 451(323.05); 452(431.41); 453(178.67); 454(210.35); 455(106.04); 456(983.07); 457(590.54); 458(714.93); 459(899.39); 460(706.77); 461(564.77); 462(281.6); 463(941.08); 464(111.75); 465(408.49); 466(440.66); 467(107.86); 468(872.98); 469(183.12); 470(487.11); 471(590.11); 472(664.03); 473(862.84); 474(106.03); 475(464.74); 476(957.25); 477(997.21); 478(343.48); 479(190.86); 480(417.97); 481(670.81); 482(544.85); 483(720.73); 484(835.71); 485(502.79); 486(797.42); 487(884.42); 488(804.73); 489(849.97); 490(924.09); 491(38.26); 492(181.35); 493(609.44); 494(148.44); 495(644.76); 496(884.06); 497(388.56); 498(428.12); 499(618.97),1
202,0(743.45); 1(183.76); 2(214.11); 3(282.28); 4(755.94); 5(53.05); 6(485.88); 7(504.57); 8(322.41); 9(609.25); 10(577.79); 11(547.22); 12(771.63); 13(634.34); 14(379.08); 15(566.04); 16(634.3); 17(612.58); 18(196.42); 19(690.01); 20(244.93); 21(806.78); 22(581.06); 23(398.58); 24(939.86); 25(825.49); 26(95.35); 27(88.04); 28(162.22); 29(122.05); 30(597.67); 31(72.36); 32(774.06); 33(797.12); 34(792.99); 35(935.64); 36(332.42); 37(423.88); 38(33.86); 39(740.84); 40(40.86); 41(646.78); 42(864.25); 43(339.73); 44(820.48); 45(321.81); 46(38.34); 47(845.42); 48(586.75); 49(832.86); 50(471.38); 51(772.08); 52(194.1); 53(633.25); 54(652.8); 55(204.92); 56(215.87); 57(81.72); 58(773.36); 59(194.96); 60(381.15); 61(44.38); 62(904.66); 63(165.82); 64(823.8); 65(759.6); 66(147.23); 67(804.94); 68(780.8); 69(389.25); 70(756.84); 71(306.69); 72(211.5); 73(314.88); 74(494.39); 75(119.69); 76(169.49); 77(632.37); 78(689.05); 79(42.4); 80(179.92); 81(6.15); 82(705.74); 83(204.08); 84(116.39); 85(746.75); 86(29.67); 87(213.14); 88(678.63); 89(124.15); 90(325.63); 91(757.6); 92(196.93); 93(218.46); 94(453.67); 95(3.24); 96(800.58); 97(491.12); 98(299.46); 99(896.17); 100(129.13); 101(680.93); 102(61.19); 103(98.39); 104(759.72); 105(951.32); 106(129.25); 107(558.04); 108(884.24); 109(812.96); 110(372.32); 111(500.04); 112(7.59); 113(706.55); 114(831.31); 115(549.07); 116(561.34); 117(39.77); 118(943.58); 119(932.13); 120(608.89); 121(775.66); 122(831.68); 123(837.04); 124(573.94); 125(482.4); 126(246.85); 127(572.3); 128(305.11); 129(46.31); 130(903.08); 131(957.36); 132(899.32); 133(230.68); 134(525.48); 135(724.14); 136(557.49); 137(805.2); 138(718.39); 139(438.27); 140(933.78); 141(992.47); 142(93.52); 143(471.22); 144(429.9); 145(296.79); 146(504.6); 147(252.86); 148(156.76); 149(979.81); 150(468.85); 151(944.01); 152(4.14); 153(948.37); 154(710.73); 155(720.26); 156(547.65); 157(670.2); 158(118.0); 159(892.12); 160(257.22); 161(991.17); 162(145.33); 163(416.66); 164(264.72); 165(47.06); 166(598.97); 167(915.53); 168(86.28); 169(925.58); 170(568.09); 171(972.9); 172(846.1); 173(974.61); 174(758.06); 175(201.91); 176(145.36); 177(388.27); 178(610.54); 179(223.76); 180(90.74); 181(196.69); 182(629.1); 183(488.97); 184(555.61); 185(63.09); 186(971.24); 187(166.6); 188(325.12); 189(386.71); 190(14.9); 191(521.17); 192(220.01); 193(738.07); 194(352.83); 195(483.73); 196(247.87); 197(72.5); 198(23.82); 199(437.68); 200(445.61); 201(250.48); 203(902.94); 204(453.61); 205(309.54); 206(968.38); 207(823.69); 208(723.49); 209(870.35); 210(459.37); 211(102.67); 212(328.72); 213(644.42); 214(449.94); 215(545.93); 216(216.37); 217(740.69); 218(654.94); 219(575.02); 220(916.76); 221(905.21); 222(614.23); 223(929.31); 224(550.71); 225(178.56); 226(961.94); 227(698.1); 228(260.16); 229(693.95); 230(642.79); 231(370.6); 232(536.79); 233(709.54); 234(839.3); 235(223.97); 236(401.01); 237(211.08); 238(934.21); 239(815.14); 240(952.23); 241(681.22); 242(590.59); 243(29.96); 244(795.29); 245(51.12); 246(939.18); 247(709.8); 248(56.1); 249(91.9); 250(614.41); 251(882.64); 252(793.85); 253(823.81); 254(143.52); 255(188.88); 256(887.33); 257(668.38); 258(192.98); 259(947.32); 260(177.93); 261(506.74); 262(67.62); 263(62.87); 264(382.0); 265(319.02); 266(193.88); 267(321.98); 268(271.78); 269(117.73); 270(906.53); 271(900.17); 272(890.46); 273(102.52); 274(596.49); 275(618.64); 276(845.37); 277(600.08); 278(7.14); 279(95.93); 280(514.92); 281(580.02); 282(284.65); 283(22.09); 284(645.55); 285(663.65); 286(378.98); 287(967.78); 288(832.91); 289(538.43); 290(677.03); 291(132.76); 292(811.33); 293(335.21); 294(355.39); 295(590.91); 296(84.52); 297(340.84); 298(73.84); 299(303.25); 300(714.96); 301(205.71); 302(664.93); 303(43.45); 304(892.14); 305(906.49); 306(491.21); 307(466.54); 308(345.74); 309(550.86); 310(398.71); 311(164.12); 312(654.77); 313(23.81); 314(358.38); 315(682.34); 316(521.24); 317(994.59); 318(27.75); 319(240.73); 320(795.94); 321(406.06); 322(381.41); 323(647.41); 324(10.33); 325(265.26); 326(822.82); 327(990.1); 328(151.62); 329(962.04); 330(929.43); 331(96.84); 332(696.17); 333(749.09); 334(453.72); 335(602.84); 336(985.54); 337(345.24); 338(473.56); 339(49.52); 340(211.08); 341(710.03); 342(698.78); 343(642.37); 344(857.47); 345(351.7); 346(822.45); 347(614.37); 348(473.63); 349(58.67); 350(125.27); 351(47.39); 352(905.1); 353(275.48); 354(422.68); 355(672.19); 356(225.05); 357(411.34); 358(311.98); 359(545.82); 360(597.57); 361(709.45); 362(791.26); 363(380.81); 364(659.19); 365(489.83); 366(226.95); 367(693.39); 368(929.55); 369(782.47); 370(767.53); 371(177.92); 372(284.12); 373(466.97); 374(744.77); 375(325.14); 376(254.75); 377(797.72); 378(71.49); 379(104.77); 380(360.95); 381(92.47); 382(883.74); 383(902.15); 384(133.19); 385(221.31); 386(146.12); 387(344.48); 388(606.4); 389(170.62); 390(950.21); 391(450.15); 392(464.86); 393(425.33); 394(436.09); 395(980.92); 396(435.43); 397(290.19); 398(805.44); 399(223.11); 400(466.04); 401(24.36); 402(619.22); 403(135.13); 404(738.0); 405(530.88); 406(76.54); 407(569.75); 408(709.22); 409(824.15); 410(822.88); 411(919.88); 412(61.53); 413(207.01); 414(307.83); 415(367.48); 416(72.1); 417(111.27); 418(535.21); 419(909.2); 420(419.19); 421(963.01); 422(984.88); 423(92.4); 424(734.44); 425(284.67); 426(368.95); 427(18.57); 428(923.77); 429(272.57); 430(472.82); 431(807.92); 432(587.95); 433(319.59); 434(151.33); 435(157.04); 436(109.57); 437(206.45); 438(118.44); 439(506.02); 440(43.7); 441(668.92); 442(214.81); 443(554.45); 444(868.23); 445(508.72); 446(972.76); 447(245.01); 448(775.47); 449(476.01); 450(580.05); 451(166.52); 452(699.14); 453(431.06); 454(75.07); 455(219.54); 456(490.71); 457(603.2); 458(1.02); 459(383.38); 460(342.94); 461(533.57); 462(95.2); 463(24.31); 464(552.75); 465(586.53); 466(741.38); 467(675.72); 468(928.49); 469(470.47); 470(514.94); 471(713.08); 472(864.69); 473(342.99); 474(0.31); 475(616.21); 476(84.58); 477(389.7); 478(555.84); 479(817.5); 480(649.0); 481(199.14); 482(551.92); 483(68.24); 484(602.42); 485(44.18); 486(506.03); 487(182.74); 488(29.53); 489(784.37); 490(612.63); 491(970.24); 492(43.78); 493(979.5); 494(215.6); 495(461.76); 496(595.64); 497(446.42); 498(621.03); 499(391.39),1
203,0(83.9); 1(523.49); 2(51.9); 3(585.83); 4(173.1); 5(620.45); 6(822.63); 7(816.75); 8(215.76); 9(838.67); 10(323.49); 11(99.5); 12(139.32); 13(873.3); 14(252.17); 15(390.38); 16(271.49); 17(812.23); 18(457.91); 19(393.23); 20(784.05); 21(383.93); 22(894.54); 23(198.46); 24(978.58); 25(28.93); 26(217.16); 27(313.82); 28(885.77); 29(323.36); 30(911.07); 31(526.52); 32(378.0); 33(384.56); 34(990.57); 35(335.88); 36(981.64); 37(283.8); 38(15.16); 39(138.1); 40(879.68); 41(121.98); 42(359.21); 43(796.0); 44(527.38); 45(519.26); 46(279.0); 47(723.89); 48(965.81); 49(316.57); 50(410.71); 51(739.86); 52(765.11); 53(941.15); 54(513.26); 55(505.38); 56(810.62); 57(435.73); 58(46.95); 59(256.65); 60(212.23); 61(363.38); 62(522.11); 63(157.44); 64(296.84); 65(789.54); 66(100.61); 67(940.86); 68(954.5); 69(391.46); 70(478.94); 71(789.95); 72(990.29); 73(639.82); 74(564.8); 75(164.61); 76(745.4); 77(999.97); 78(416.13); 79(130.0); 80(987.79); 81(562.41); 82(993.37); 83(494.48); 84(553.39); 85(665.88); 86(498.74); 87(526.09); 88(620.72); 89(115.61); 90(409.56); 91(971.11); 92(899.26); 93(202.38); 94(335.38); 95(557.19); 96(397.71); 97(936.64); 98(557.83); 99(267.28); 100(724.13); 101(887.17); 102(15.87); 103(13.21); 104(542.54); 105(822.71); 106(567.51); 107(578.03); 108(83.89); 109(826.95); 110(125.88); 111(576.8); 112(246.72); 113(280.12); 114(789.56); 115(949.36); 116(234.32); 117(823.97); 118(363.22); 119(852.62); 120(186.89); 121(188.46); 122(863.71); 123(258.57); 124(188.11); 125(282.31); 126(642.5); 127(337.31); 128(819.93); 129(353.61); 130(506.38); 131(224.15); 132(599.1); 133(188.42); 134(595.61); 135(759.47); 136(942.59); 137(917.94); 138(612.97); 139(236.47); 140(651.49); 141(283.27); 142(616.64); 143(441.07); 144(242.86); 145(130.6); 146(556.71); 147(85.89); 148(935.98); 149(18.79); 150(785.95); 151(974.09); 152(690.71); 153(994.11); 154(953.28); 155(293.49); 156(771.61); 157(360.31); 158(765.01); 159(583.32); 160(857.25); 161(280.82); 162(305.49); 163(861.51); 164(304.08); 165(452.87); 166(631.77); 167(307.42); 168(416.95); 169(303.41); 170(130.05); 171(170.44); 172(803.21); 173(856.05); 174(984.06); 175(862.31); 176(590.26); 177(278.38); 178(422.77); 179(961.64); 180(305.2); 181(366.23); 182(352.01); 183(644.78); 184(125.35); 185(258.07); 186(81.68); 187(408.99); 188(476.13); 189(472.81); 190(504.0); 191(215.64); 192(25.53); 193(730.97); 194(924.12); 195(678.39); 196(244.15); 197(67.42); 198(905.04); 199(961.11); 200(726.96); 201(659.9); 202(902.94); 204(942.48); 205(535.92); 206(843.77); 207(743.67); 208(438.68); 209(126.19); 210(198.23); 211(444.44); 212(547.5); 213(900.42); 214(111.72); 215(37.98); 216(332.71); 217(953.93); 218(423.36); 219(765.98); 220(832.67); 221(601.08); 222(364.71); 223(268.4); 224(585.27); 225(53.52); 226(100.48); 227(270.36); 228(850.59); 229(292.23); 230(955.76); 231(223.74); 232(674.28); 233(813.94); 234(965.78); 235(282.05); 236(406.3); 237(764.67); 238(46.43); 239(756.64); 240(395.71); 241(817.67); 242(891.26); 243(504.41); 244(635.98); 245(291.44); 246(583.87); 247(604.78); 248(722.93); 249(732.22); 250(980.23); 251(49.99); 252(871.51); 253(705.18); 254(813.99); 255(46.56); 256(164.34); 257(128.87); 258(789.53); 259(2.15); 260(127.14); 261(727.86); 262(800.93); 263(432.93); 264(251.43); 265(314.6); 266(116.13); 267(341.84); 268(4.09); 269(355.91); 270(220.27); 271(621.01); 272(832.57); 273(204.9); 274(50.72); 275(894.6); 276(991.45); 277(484.95); 278(567.5); 279(473.33); 280(796.96); 281(832.24); 282(393.14); 283(66.86); 284(746.63); 285(118.02); 286(968.68); 287(901.42); 288(836.84); 289(294.38); 290(845.88); 291(115.18); 292(812.48); 293(379.24); 294(822.3); 295(389.32); 296(240.8); 297(713.51); 298(450.18); 299(143.48); 300(22.98); 301(861.61); 302(491.01); 303(237.2); 304(744.55); 305(199.17); 306(394.34); 307(327.08); 308(694.76); 309(103.21); 310(962.02); 311(709.8); 312(13.27); 313(862.61); 314(229.08); 315(71.86); 316(853.81); 317(330.87); 318(208.55); 319(180.49); 320(768.7); 321(395.2); 322(423.25); 323(421.39); 324(260.68); 325(164.45); 326(984.47); 327(490.53); 328(822.24); 329(615.76); 330(545.08); 331(364.63); 332(52.38); 333(270.35); 334(761.01); 335(365.08); 336(15.47); 337(191.01); 338(110.13); 339(426.58); 340(408.66); 341(144.99); 342(661.63); 343(162.15); 344(481.35); 345(382.22); 346(67.57); 347(67.51); 348(481.16); 349(887.69); 350(683.59); 351(128.54); 352(295.43); 353(819.87); 354(185.97); 355(95.7); 356(353.35); 357(203.32); 358(893.25); 359(697.66); 360(505.91); 361(733.5); 362(428.23); 363(546.44); 364(598.38); 365(788.31); 366(348.65); 367(863.57); 368(401.65); 369(156.45); 370(634.16); 371(553.4); 372(498.98); 373(182.29); 374(14.98); 375(902.12); 376(812.08); 377(971.5); 378(675.99); 379(223.22); 380(399.18); 381(873.78); 382(974.52); 383(7.06); 384(223.49); 385(117.72); 386(354.21); 387(29.27); 388(870.88); 389(77.1); 390(824.91); 391(831.89); 392(173.34); 393(884.65); 394(738.98); 395(277.37); 396(322.93); 397(885.89); 398(112.64); 399(696.75); 400(879.14); 401(700.62); 402(373.08); 403(747.43); 404(196.28); 405(419.98); 406(819.49); 407(621.24); 408(643.77); 409(742.15); 410(627.3); 411(812.23); 412(970.23); 413(897.02); 414(915.92); 415(162.44); 416(848.86); 417(862.79); 418(238.16); 419(238.69); 420(840.72); 421(151.79); 422(383.65); 423(241.32); 424(81.25); 425(672.07); 426(639.1); 427(999.76); 428(743.1); 429(307.31); 430(673.3); 431(92.06); 432(596.96); 433(161.19); 434(392.82); 435(765.29); 436(431.42); 437(136.05); 438(108.25); 439(117.6); 440(136.4); 441(319.21); 442(318.61); 443(699.86); 444(148.95); 445(128.14); 446(781.73); 447(242.96); 448(652.15); 449(970.45); 450(446.29); 451(208.41); 452(813.76); 453(719.36); 454(822.38); 455(946.82); 456(38.62); 457(77.68); 458(289.18); 459(659.43); 460(373.91); 461(56.58); 462(175.39); 463(405.69); 464(540.89); 465(487.03); 466(482.84); 467(772.42); 468(255.36); 469(18.65); 470(329.51); 471(494.51); 472(960.21); 473(420.71); 474(45.31); 475(543.25); 476(472.03); 477(494.45); 478(387.9); 479(224.47); 480(426.7); 481(138.5); 482(327.92); 483(979.06); 484(871.33); 485(520.68); 486(821.64); 487(536.58); 488(484.27); 489(974.73); 490(223.17); 491(268.76); 492(409.08); 493(842.82); 494(396.86); 495(752.58); 496(522.66); 497(958.06); 498(742.5); 499(942.13),1
204,0(99.39); 1(722.99); 2(524.61); 3(830.25); 4(222.35); 5(571.54); 6(425.29); 7(987.67); 8(927.79); 9(14.67); 10(468.88); 11(746.03); 12(834.28); 13(697.48); 14(949.71); 15(397.91); 16(733.61); 17(610.39); 18(503.62); 19(311.95); 20(208.27); 21(29.72); 22(271.29); 23(224.78); 24(203.86); 25(855.49); 26(727.19); 27(601.82); 28(873.43); 29(310.97); 30(836.87); 31(245.05); 32(993.64); 33(244.15); 34(64.64); 35(455.98); 36(25.58); 37(431.42); 38(370.25); 39(457.71); 40(908.11); 41(98.38); 42(288.78); 43(487.93); 44(652.79); 45(210.49); 46(580.75); 47(255.65); 48(20.84); 49(481.6); 50(694.87); 51(563.37); 52(342.95); 53(551.13); 54(284.54); 55(725.14); 56(848.9); 57(738.64); 58(446.83); 59(900.55); 60(66.55); 61(290.42); 62(864.61); 63(143.08); 64(434.07); 65(887.9); 66(992.01); 67(549.0); 68(152.42); 69(10.2); 70(258.33); 71(80.69); 72(89.02); 73(439.09); 74(557.65); 75(200.89); 76(305.11); 77(45.04); 78(862.62); 79(346.56); 80(678.54); 81(839.21); 82(527.66); 83(689.11); 84(19.46); 85(912.63); 86(488.75); 87(126.16); 88(603.21); 89(425.77); 90(354.67); 91(481.23); 92(475.1); 93(940.51); 94(17.21); 95(586.74); 96(252.64); 97(377.29); 98(820.1); 99(837.12); 100(764.12); 101(631.44); 102(172.82); 103(698.48); 104(970.6); 105(676.53); 106(890.54); 107(291.87); 108(153.94); 109(605.1); 110(115.06); 111(104.47); 112(0.67); 113(675.08); 114(558.38); 115(279.27); 116(949.87); 117(974.99); 118(701.77); 119(735.18); 120(43.7); 121(934.31); 122(796.76); 123(395.04); 124(551.6); 125(8.4); 126(832.77); 127(52.07); 128(887.43); 129(984.24); 130(771.18); 131(389.56); 132(947.81); 133(330.85); 134(906.88); 135(22.96); 136(911.4); 137(823.69); 138(950.92); 139(155.69); 140(962.11); 141(545.15); 142(144.59); 143(171.65); 144(438.88); 145(730.12); 146(923.26); 147(857.26); 148(361.33); 149(154.84); 150(307.59); 151(395.47); 152(629.7); 153(713.46); 154(41.31); 155(658.61); 156(786.91); 157(864.56); 158(475.42); 159(783.76); 160(678.22); 161(928.92); 162(951.79); 163(878.81); 164(467.24); 165(775.43); 166(367.6); 167(676.52); 168(350.76); 169(805.59); 170(936.23); 171(875.97); 172(594.96); 173(411.96); 174(238.37); 175(654.01); 176(525.74); 177(936.24); 178(476.05); 179(176.08); 180(281.19); 181(538.27); 182(968.61); 183(423.25); 184(548.77); 185(8.38); 186(36.66); 187(664.26); 188(18.73); 189(504.43); 190(335.59); 191(719.62); 192(949.8); 193(737.67); 194(849.25); 195(802.66); 196(103.86); 197(615.98); 198(453.09); 199(149.34); 200(360.77); 201(997.71); 202(453.61); 203(942.48); 205(557.93); 206(23.54); 207(186.61); 208(390.78); 209(209.37); 210(332.45); 211(470.96); 212(10.46); 213(903.45); 214(341.47); 215(714.17); 216(487.7); 217(841.79); 218(342.21); 219(443.73); 220(48.5); 221(470.22); 222(611.66); 223(903.47); 224(254.87); 225(940.31); 226(918.32); 227(273.73); 228(361.02); 229(597.46); 230(65.08); 231(794.47); 232(478.59); 233(577.86); 234(364.6); 235(865.26); 236(518.35); 237(248.65); 238(602.46); 239(711.46); 240(301.91); 241(594.13); 242(117.69); 243(732.22); 244(307.25); 245(61.04); 246(720.12); 247(686.22); 248(582.3); 249(603.03); 250(706.07); 251(109.5); 252(455.36); 253(742.98); 254(219.61); 255(536.07); 256(663.02); 257(201.39); 258(867.48); 259(552.84); 260(309.38); 261(320.17); 262(118.61); 263(834.92); 264(773.39); 265(355.33); 266(577.79); 267(987.91); 268(439.39); 269(291.2); 270(488.97); 271(875.7); 272(899.49); 273(401.52); 274(744.6); 275(492.42); 276(971.83); 277(941.92); 278(687.76); 279(822.31); 280(154.5); 281(603.22); 282(731.51); 283(224.13); 284(705.8); 285(351.82); 286(623.71); 287(269.69); 288(493.83); 289(787.32); 290(376.96); 291(484.36); 292(863.81); 293(391.93); 294(360.13); 295(405.78); 296(645.46); 297(668.72); 298(357.7); 299(177.43); 300(452.64); 301(224.91); 302(961.13); 303(255.41); 304(658.75); 305(187.96); 306(141.8); 307(362.93); 308(514.61); 309(208.37); 310(300.6); 311(476.75); 312(244.34); 313(900.95); 314(720.0); 315(968.54); 316(848.66); 317(141.5); 318(576.86); 319(981.37); 320(616.54); 321(972.88); 322(644.39); 323(513.39); 324(269.32); 325(793.92); 326(0.45); 327(951.19); 328(608.12); 329(947.66); 330(544.45); 331(147.65); 332(906.17); 333(506.95); 334(869.23); 335(202.66); 336(720.12); 337(75.23); 338(768.21); 339(9.66); 340(624.62); 341(729.34); 342(520.58); 343(781.72); 344(876.42); 345(341.12); 346(876.31); 347(247.32); 348(145.13); 349(32.39); 350(370.91); 351(706.42); 352(152.65); 353(731.36); 354(668.24); 355(998.13); 356(615.23); 357(461.59); 358(437.07); 359(494.64); 360(280.77); 361(64.26); 362(168.42); 363(362.07); 364(116.2); 365(0.57); 366(791.39); 367(278.04); 368(58.24); 369(983.67); 370(903.7); 371(187.57); 372(77.83); 373(322.97); 374(68.65); 375(298.06); 376(425.39); 377(4.59); 378(183.03); 379(701.38); 380(651.43); 381(457.51); 382(393.56); 383(665.08); 384(255.04); 385(185.98); 386(230.45); 387(646.71); 388(221.64); 389(185.27); 390(541.58); 391(625.67); 392(630.57); 393(22.75); 394(568.69); 395(596.61); 396(719.62); 397(289.49); 398(767.51); 399(516.5); 400(67.86); 401(325.0); 402(702.44); 403(458.84); 404(130.02); 405(298.68); 406(417.46); 407(526.19); 408(318.33); 409(747.71); 410(32.67); 411(637.06); 412(946.16); 413(371.38); 414(755.67); 415(508.01); 416(575.3); 417(253.15); 418(811.18); 419(705.51); 420(792.03); 421(425.36); 422(372.66); 423(6.64); 424(632.97); 425(697.0); 426(880.11); 427(258.97); 428(931.82); 429(74.93); 430(278.34); 431(740.53); 432(725.61); 433(316.04); 434(7.57); 435(256.89); 436(31.87); 437(197.79); 438(448.63); 439(861.47); 440(178.4); 441(73.05); 442(959.84); 443(563.29); 444(742.94); 445(32.0); 446(298.79); 447(893.86); 448(796.62); 449(704.6); 450(746.92); 451(403.01); 452(502.05); 453(115.12); 454(910.97); 455(612.21); 456(183.07); 457(906.56); 458(569.75); 459(611.1); 460(911.9); 461(768.7); 462(865.71); 463(581.52); 464(998.65); 465(682.01); 466(19.72); 467(920.92); 468(291.95); 469(608.45); 470(715.99); 471(221.08); 472(962.4); 473(443.67); 474(695.88); 475(830.22); 476(348.94); 477(87.69); 478(121.21); 479(668.53); 480(163.33); 481(923.36); 482(918.0); 483(773.85); 484(911.34); 485(444.66); 486(139.97); 487(973.93); 488(127.77); 489(107.62); 490(316.36); 491(10.06); 492(798.46); 493(196.13); 494(611.91); 495(152.93); 496(962.45); 497(281.29); 498(636.83); 499(729.91),1
205,0(866.55); 1(304.96); 2(775.8); 3(712.08); 4(158.05); 5(53.76); 6(356.0); 7(528.32); 8(206.12); 9(601.72); 10(386.16); 11(103.47); 12(318.92); 13(898.63); 14(340.07); 15(621.55); 16(289.58); 17(388.11); 18(291.75); 19(448.94); 20(658.6); 21(693.48); 22(301.42); 23(337.25); 24(358.48); 25(200.18); 26(834.38); 27(855.04); 28(315.94); 29(230.47); 30(926.29); 31(701.52); 32(536.69); 33(286.88); 34(779.1); 35(961.53); 36(249.19); 37(157.14); 38(629.19); 39(366.53); 40(129.06); 41(688.91); 42(952.97); 43(493.86); 44(812.97); 45(908.95); 46(201.54); 47(333.94); 48(485.18); 49(503.19); 50(898.4); 51(282.28); 52(220.51); 53(295.7); 54(313.69); 55(365.32); 56(902.93); 57(776.03); 58(156.26); 59(470.61); 60(193.19); 61(843.18); 62(226.13); 63(487.52); 64(600.74); 65(157.97); 66(61.1); 67(510.98); 68(354.5); 69(999.93); 70(853.12); 71(127.18); 72(631.22); 73(367.89); 74(642.77); 75(992.98); 76(764.55); 77(515.59); 78(770.93); 79(778.77); 80(88.56); 81(518.84); 82(40.91); 83(729.53); 84(698.1); 85(663.18); 86(390.24); 87(27.89); 88(429.44); 89(732.32); 90(465.01); 91(710.43); 92(43.35); 93(771.11); 94(99.24); 95(278.98); 96(358.45); 97(746.52); 98(89.49); 99(805.85); 100(852.83); 101(631.63); 102(389.43); 103(48.59); 104(512.87); 105(761.22); 106(486.6); 107(238.73); 108(511.03); 109(926.49); 110(124.46); 111(763.22); 112(829.0); 113(729.71); 114(652.07); 115(234.17); 116(772.33); 117(665.09); 118(862.3); 119(7.59); 120(619.05); 121(449.06); 122(555.0); 123(990.19); 124(17.72); 125(110.19); 126(56.69); 127(196.24); 128(615.72); 129(666.33); 130(229.78); 131(463.38); 132(154.13); 133(197.71); 134(636.86); 135(789.38); 136(747.79); 137(182.28); 138(728.45); 139(227.43); 140(770.13); 141(903.13); 142(777.69); 143(526.32); 144(497.2); 145(480.12); 146(737.12); 147(155.44); 148(269.33); 149(780.3); 150(244.75); 151(233.49); 152(277.67); 153(853.21); 154(499.93); 155(56.69); 156(293.93); 157(760.81); 158(145.57); 159(187.75); 160(321.45); 161(266.79); 162(848.05); 163(335.6); 164(777.39); 165(24.12); 166(137.03); 167(755.12); 168(797.37); 169(3.88); 170(336.73); 171(488.42); 172(310.67); 173(981.89); 174(577.48); 175(451.22); 176(719.78); 177(149.92); 178(949.35); 179(791.86); 180(539.2); 181(771.63); 182(816.01); 183(295.13); 184(853.12); 185(625.31); 186(551.11); 187(534.07); 188(277.2); 189(52.09); 190(655.93); 191(149.69); 192(311.95); 193(548.52); 194(676.35); 195(203.43); 196(576.28); 197(492.46); 198(50.64); 199(797.49); 200(765.93); 201(520.57); 202(309.54); 203(535.92); 204(557.93); 206(614.74); 207(46.47); 208(472.33); 209(691.81); 210(10.9); 211(822.52); 212(323.05); 213(6.17); 214(671.14); 215(393.57); 216(97.91); 217(346.68); 218(545.13); 219(643.63); 220(547.96); 221(130.83); 222(423.72); 223(10.09); 224(337.91); 225(456.22); 226(379.2); 227(222.69); 228(992.07); 229(682.51); 230(815.25); 231(468.69); 232(437.35); 233(128.74); 234(994.83); 235(719.53); 236(525.75); 237(616.97); 238(143.5); 239(324.87); 240(283.82); 241(688.38); 242(336.84); 243(401.28); 244(638.53); 245(391.35); 246(355.35); 247(728.4); 248(9.62); 249(32.78); 250(520.97); 251(866.96); 252(552.91); 253(36.06); 254(609.64); 255(243.16); 256(488.41); 257(956.83); 258(18.82); 259(324.75); 260(998.87); 261(940.05); 262(518.02); 263(249.4); 264(933.87); 265(57.22); 266(650.66); 267(311.53); 268(700.66); 269(638.03); 270(980.79); 271(344.03); 272(613.97); 273(306.52); 274(450.63); 275(597.31); 276(778.73); 277(519.91); 278(421.57); 279(164.43); 280(922.36); 281(95.5); 282(129.15); 283(146.55); 284(673.36); 285(481.0); 286(563.13); 287(386.32); 288(430.76); 289(897.78); 290(672.46); 291(885.17); 292(880.83); 293(963.13); 294(400.92); 295(899.85); 296(255.3); 297(434.34); 298(385.42); 299(762.42); 300(741.5); 301(984.01); 302(512.11); 303(628.56); 304(709.76); 305(136.27); 306(229.59); 307(890.9); 308(855.13); 309(549.05); 310(361.21); 311(364.81); 312(396.05); 313(952.86); 314(618.5); 315(319.25); 316(4.48); 317(661.9); 318(8.1); 319(550.18); 320(132.33); 321(211.89); 322(939.82); 323(332.06); 324(745.07); 325(148.81); 326(711.49); 327(611.09); 328(821.72); 329(148.55); 330(552.08); 331(22.9); 332(493.46); 333(168.64); 334(281.59); 335(183.51); 336(448.11); 337(632.36); 338(752.92); 339(852.8); 340(416.09); 341(493.5); 342(156.15); 343(941.42); 344(195.12); 345(921.24); 346(307.33); 347(970.42); 348(511.83); 349(937.2); 350(690.44); 351(107.72); 352(838.1); 353(326.35); 354(913.45); 355(461.12); 356(899.78); 357(953.01); 358(350.57); 359(301.34); 360(977.77); 361(423.04); 362(183.85); 363(828.26); 364(888.35); 365(589.34); 366(814.69); 367(925.42); 368(792.96); 369(817.91); 370(760.98); 371(677.04); 372(313.79); 373(486.44); 374(240.17); 375(599.4); 376(582.1); 377(249.05); 378(952.49); 379(950.06); 380(217.49); 381(453.79); 382(93.39); 383(936.39); 384(89.52); 385(160.23); 386(362.07); 387(937.71); 388(227.66); 389(984.9); 390(105.82); 391(179.05); 392(209.12); 393(653.01); 394(342.56); 395(124.56); 396(494.91); 397(81.76); 398(343.24); 399(714.11); 400(719.0); 401(531.17); 402(853.33); 403(622.71); 404(68.16); 405(701.44); 406(471.7); 407(451.04); 408(493.99); 409(949.48); 410(165.31); 411(640.85); 412(293.81); 413(527.29); 414(455.24); 415(103.73); 416(179.82); 417(381.79); 418(150.7); 419(21.67); 420(916.43); 421(548.22); 422(940.19); 423(131.15); 424(272.17); 425(191.74); 426(350.17); 427(325.45); 428(272.58); 429(452.13); 430(671.47); 431(331.3); 432(300.11); 433(445.71); 434(587.32); 435(153.0); 436(378.2); 437(399.22); 438(410.8); 439(377.05); 440(159.49); 441(77.0); 442(752.47); 443(861.38); 444(119.14); 445(528.97); 446(180.01); 447(803.85); 448(400.15); 449(228.03); 450(998.58); 451(462.75); 452(889.02); 453(40.37); 454(687.65); 455(683.75); 456(957.97); 457(291.06); 458(286.25); 459(377.92); 460(62.57); 461(353.06); 462(427.31); 463(616.0); 464(121.13); 465(190.63); 466(675.73); 467(41.85); 468(745.43); 469(192.45); 470(930.75); 471(906.4); 472(270.09); 473(832.48); 474(218.25); 475(629.07); 476(99.65); 477(832.41); 478(144.89); 479(211.89); 480(972.95); 481(941.99); 482(571.64); 483(500.93); 484(581.62); 485(72.58); 486(453.45); 487(615.09); 488(682.05); 489(290.19); 490(382.78); 491(313.92); 492(98.45); 493(112.46); 494(481.09); 495(866.6); 496(437.01); 497(416.63); 498(596.8); 499(57.82),1
206,0(666.66); 1(541.16); 2(99.43); 3(644.17); 4(372.53); 5(700.12); 6(156.96); 7(76.06); 8(977.67); 9(542.66); 10(505.66); 11(639.27); 12(672.25); 13(990.76); 14(844.31); 15(775.03); 16(576.32); 17(32.88); 18(191.71); 19(418.86); 20(978.85); 21(81.86); 22(185.32); 23(344.47); 24(864.93); 25(266.45); 26(124.29); 27(73.78); 28(440.35); 29(464.82); 30(603.68); 31(937.14); 32(321.15); 33(179.88); 34(625.06); 35(821.92); 36(251.94); 37(743.93); 38(504.54); 39(615.2); 40(724.95); 41(141.53); 42(192.6); 43(61.9); 44(977.05); 45(533.06); 46(898.7); 47(341.04); 48(617.77); 49(403.97); 50(856.2); 51(39.37); 52(954.23); 53(730.84); 54(769.49); 55(266.0); 56(67.37); 57(232.14); 58(198.34); 59(266.3); 60(755.89); 61(211.26); 62(730.65); 63(809.64); 64(644.34); 65(855.98); 66(821.28); 67(644.82); 68(685.72); 69(763.76); 70(758.78); 71(887.81); 72(796.14); 73(727.43); 74(128.34); 75(381.33); 76(920.8); 77(576.76); 78(758.75); 79(231.04); 80(847.9); 81(306.05); 82(395.55); 83(720.76); 84(712.44); 85(703.22); 86(406.17); 87(487.46); 88(102.35); 89(175.43); 90(131.07); 91(365.02); 92(261.04); 93(833.99); 94(927.47); 95(509.2); 96(792.28); 97(540.47); 98(318.37); 99(308.18); 100(0.34); 101(964.2); 102(367.42); 103(432.2); 104(499.0); 105(620.99); 106(306.49); 107(32.43); 108(400.86); 109(260.04); 110(764.6); 111(635.41); 112(690.91); 113(959.85); 114(358.61); 115(6.8); 116(426.3); 117(476.2); 118(930.74); 119(127.26); 120(894.43); 121(742.66); 122(774.79); 123(961.48); 124(684.67); 125(110.97); 126(62.73); 127(868.75); 128(938.33); 129(291.21); 130(69.65); 131(888.84); 132(120.65); 133(615.04); 134(449.81); 135(172.33); 136(93.38); 137(237.93); 138(286.67); 139(22.38); 140(352.9); 141(826.49); 142(818.92); 143(8.14); 144(305.07); 145(158.89); 146(413.1); 147(98.26); 148(238.46); 149(103.65); 150(306.13); 151(168.09); 152(304.21); 153(514.28); 154(339.25); 155(96.22); 156(299.22); 157(768.38); 158(867.05); 159(565.25); 160(347.28); 161(74.35); 162(230.62); 163(222.07); 164(72.31); 165(498.43); 166(674.64); 167(751.99); 168(426.3); 169(663.38); 170(3.7); 171(427.72); 172(955.0); 173(465.35); 174(449.86); 175(172.14); 176(63.37); 177(165.51); 178(386.9); 179(149.81); 180(690.17); 181(712.7); 182(185.01); 183(465.04); 184(407.64); 185(396.04); 186(84.86); 187(90.15); 188(944.51); 189(766.4); 190(945.18); 191(383.3); 192(582.57); 193(448.99); 194(262.62); 195(835.25); 196(244.19); 197(119.86); 198(888.23); 199(33.13); 200(428.06); 201(556.3); 202(968.38); 203(843.77); 204(23.54); 205(614.74); 207(905.07); 208(814.27); 209(185.92); 210(644.98); 211(714.02); 212(282.68); 213(834.37); 214(905.18); 215(194.4); 216(568.98); 217(614.02); 218(281.72); 219(10.9); 220(498.44); 221(671.7); 222(684.98); 223(558.37); 224(566.75); 225(957.19); 226(138.6); 227(333.88); 228(875.47); 229(301.96); 230(93.42); 231(753.56); 232(465.59); 233(173.76); 234(69.13); 235(892.45); 236(547.05); 237(33.76); 238(470.76); 239(276.84); 240(351.07); 241(497.21); 242(512.9); 243(882.35); 244(475.33); 245(135.17); 246(557.22); 247(841.05); 248(943.39); 249(356.54); 250(195.4); 251(992.56); 252(456.96); 253(677.84); 254(976.76); 255(124.01); 256(521.58); 257(826.4); 258(790.76); 259(683.5); 260(462.84); 261(624.97); 262(662.41); 263(993.01); 264(934.2); 265(115.01); 266(525.88); 267(274.17); 268(757.36); 269(286.69); 270(464.34); 271(71.45); 272(425.44); 273(231.62); 274(976.56); 275(437.35); 276(846.63); 277(580.95); 278(226.19); 279(666.82); 280(72.15); 281(566.68); 282(654.84); 283(624.43); 284(329.22); 285(550.54); 286(942.03); 287(921.74); 288(682.99); 289(317.78); 290(764.16); 291(896.06); 292(794.32); 293(27.27); 294(588.94); 295(674.95); 296(795.76); 297(534.71); 298(901.32); 299(711.05); 300(361.32); 301(723.12); 302(805.95); 303(620.54); 304(909.3); 305(277.05); 306(646.26); 307(340.03); 308(532.95); 309(977.61); 310(775.17); 311(388.71); 312(238.23); 313(61.03); 314(440.05); 315(684.21); 316(87.09); 317(173.66); 318(110.78); 319(704.0); 320(749.51); 321(914.07); 322(249.47); 323(910.36); 324(432.17); 325(464.8); 326(773.4); 327(758.6); 328(468.82); 329(34.89); 330(672.05); 331(111.85); 332(196.73); 333(644.17); 334(386.51); 335(71.91); 336(587.88); 337(626.06); 338(716.19); 339(938.36); 340(486.5); 341(840.5); 342(598.11); 343(139.56); 344(116.33); 345(538.6); 346(672.01); 347(29.25); 348(210.28); 349(949.34); 350(125.91); 351(518.21); 352(192.35); 353(429.95); 354(379.57); 355(161.75); 356(319.53); 357(445.23); 358(853.75); 359(816.93); 360(246.15); 361(554.06); 362(911.96); 363(831.96); 364(223.84); 365(690.38); 366(683.67); 367(752.25); 368(891.94); 369(601.0); 370(54.08); 371(157.39); 372(971.73); 373(533.98); 374(667.18); 375(843.16); 376(278.13); 377(604.05); 378(380.92); 379(41.89); 380(9.7); 381(145.33); 382(430.94); 383(8.47); 384(258.89); 385(272.27); 386(172.87); 387(481.45); 388(753.62); 389(918.29); 390(644.2); 391(771.28); 392(583.85); 393(990.97); 394(758.97); 395(350.32); 396(705.1); 397(232.93); 398(260.11); 399(279.12); 400(835.83); 401(749.78); 402(517.33); 403(773.89); 404(884.34); 405(89.48); 406(158.38); 407(944.71); 408(849.95); 409(557.88); 410(170.36); 411(301.67); 412(667.4); 413(866.58); 414(16.11); 415(464.95); 416(244.6); 417(213.24); 418(974.21); 419(17.2); 420(43.6); 421(975.17); 422(489.84); 423(416.04); 424(514.47); 425(614.83); 426(274.47); 427(498.1); 428(135.56); 429(40.77); 430(838.8); 431(620.04); 432(411.83); 433(662.55); 434(308.66); 435(578.06); 436(735.06); 437(750.71); 438(140.43); 439(365.16); 440(21.56); 441(796.62); 442(189.11); 443(785.34); 444(729.98); 445(283.09); 446(667.68); 447(591.8); 448(514.5); 449(32.41); 450(32.41); 451(435.28); 452(887.77); 453(531.02); 454(418.03); 455(188.8); 456(991.92); 457(957.06); 458(832.16); 459(850.7); 460(151.25); 461(307.81); 462(727.45); 463(794.61); 464(321.81); 465(145.81); 466(74.14); 467(555.78); 468(768.4); 469(593.95); 470(218.34); 471(542.13); 472(705.76); 473(340.64); 474(688.23); 475(668.56); 476(186.55); 477(47.51); 478(248.54); 479(206.22); 480(364.42); 481(811.7); 482(561.41); 483(909.35); 484(89.18); 485(944.46); 486(661.54); 487(572.24); 488(803.08); 489(709.08); 490(365.71); 491(588.08); 492(158.31); 493(658.01); 494(378.83); 495(451.56); 496(107.35); 497(909.01); 498(184.4); 499(898.95),2
207,0(609.76); 1(367.4); 2(492.58); 3(893.1); 4(860.11); 5(706.35); 6(2.23); 7(957.74); 8(857.52); 9(805.05); 10(500.11); 11(526.78); 12(762.01); 13(58.54); 14(228.28); 15(172.84); 16(905.25); 17(21.12); 18(187.75); 19(358.02); 20(329.96); 21(580.04); 22(633.83); 23(939.77); 24(249.18); 25(718.96); 26(991.27); 27(283.82); 28(487.02); 29(580.6); 30(929.83); 31(893.79); 32(489.26); 33(671.0); 34(585.06); 35(880.81); 36(0.04); 37(550.04); 38(624.04); 39(552.04); 40(478.6); 41(660.08); 42(815.02); 43(383.33); 44(405.56); 45(842.5); 46(261.36); 47(497.52); 48(693.66); 49(618.98); 50(578.05); 51(329.55); 52(255.17); 53(951.78); 54(721.21); 55(110.61); 56(402.32); 57(661.34); 58(983.07); 59(463.03); 60(810.87); 61(495.03); 62(612.2); 63(184.48); 64(121.29); 65(516.31); 66(258.02); 67(283.9); 68(206.75); 69(565.89); 70(292.91); 71(256.7); 72(627.69); 73(598.8); 74(679.9); 75(445.04); 76(699.04); 77(851.86); 78(276.36); 79(700.96); 80(724.69); 81(243.91); 82(132.29); 83(521.81); 84(93.42); 85(266.14); 86(177.23); 87(395.9); 88(686.8); 89(572.71); 90(568.81); 91(162.07); 92(188.13); 93(943.51); 94(696.13); 95(526.62); 96(724.49); 97(927.56); 98(884.27); 99(760.91); 100(949.17); 101(4.6); 102(487.87); 103(184.92); 104(502.36); 105(842.73); 106(167.11); 107(684.6); 108(499.99); 109(803.55); 110(565.53); 111(145.58); 112(457.29); 113(585.58); 114(96.5); 115(501.72); 116(168.17); 117(258.09); 118(334.57); 119(799.0); 120(149.25); 121(567.01); 122(968.98); 123(652.73); 124(278.54); 125(500.69); 126(467.97); 127(424.37); 128(455.69); 129(525.36); 130(56.13); 131(751.69); 132(955.09); 133(831.78); 134(134.51); 135(828.54); 136(232.07); 137(49.46); 138(339.19); 139(926.88); 140(430.91); 141(812.55); 142(464.71); 143(894.92); 144(163.0); 145(693.93); 146(846.51); 147(711.96); 148(318.52); 149(508.01); 150(888.59); 151(867.49); 152(778.69); 153(25.55); 154(730.3); 155(149.1); 156(104.42); 157(483.17); 158(752.02); 159(833.3); 160(714.71); 161(530.97); 162(689.9); 163(642.06); 164(394.18); 165(41.07); 166(853.0); 167(339.42); 168(77.2); 169(626.11); 170(538.95); 171(796.34); 172(982.19); 173(37.14); 174(361.06); 175(781.29); 176(425.41); 177(127.62); 178(370.59); 179(585.08); 180(520.74); 181(329.67); 182(655.93); 183(11.86); 184(623.24); 185(372.61); 186(123.82); 187(382.46); 188(66.58); 189(39.91); 190(967.42); 191(309.43); 192(292.19); 193(548.53); 194(941.56); 195(839.51); 196(854.89); 197(554.76); 198(326.67); 199(890.66); 200(609.25); 201(117.11); 202(823.69); 203(743.67); 204(186.61); 205(46.47); 206(905.07); 208(346.15); 209(406.94); 210(975.6); 211(293.16); 212(328.02); 213(236.09); 214(94.95); 215(85.67); 216(382.04); 217(19.2); 218(879.59); 219(861.72); 220(88.97); 221(223.1); 222(626.8); 223(314.11); 224(845.82); 225(605.24); 226(628.41); 227(199.38); 228(318.6); 229(999.69); 230(350.71); 231(26.11); 232(473.2); 233(659.61); 234(736.85); 235(844.46); 236(651.06); 237(285.35); 238(918.85); 239(453.98); 240(424.79); 241(619.45); 242(349.68); 243(81.28); 244(177.09); 245(614.79); 246(881.24); 247(609.68); 248(938.89); 249(993.59); 250(124.38); 251(193.01); 252(647.95); 253(828.08); 254(323.09); 255(303.05); 256(503.09); 257(73.28); 258(747.0); 259(736.56); 260(328.2); 261(813.46); 262(977.42); 263(343.83); 264(212.14); 265(715.53); 266(965.38); 267(606.67); 268(381.83); 269(425.11); 270(108.87); 271(447.28); 272(865.38); 273(333.8); 274(412.94); 275(98.93); 276(303.11); 277(983.48); 278(930.38); 279(999.16); 280(317.18); 281(334.7); 282(905.54); 283(998.26); 284(75.11); 285(468.64); 286(555.92); 287(928.97); 288(310.64); 289(35.62); 290(616.47); 291(174.95); 292(667.14); 293(954.07); 294(375.6); 295(839.85); 296(739.47); 297(903.58); 298(9.05); 299(355.12); 300(439.34); 301(646.84); 302(815.61); 303(843.96); 304(438.28); 305(533.28); 306(71.87); 307(871.73); 308(798.61); 309(36.21); 310(331.83); 311(853.62); 312(876.4); 313(109.55); 314(612.38); 315(949.59); 316(487.4); 317(33.81); 318(203.64); 319(360.02); 320(531.39); 321(697.94); 322(178.9); 323(588.9); 324(489.78); 325(520.52); 326(258.47); 327(549.19); 328(812.74); 329(878.65); 330(175.9); 331(961.94); 332(615.61); 333(319.82); 334(278.51); 335(562.0); 336(631.11); 337(216.21); 338(950.02); 339(152.34); 340(969.58); 341(573.11); 342(997.16); 343(75.39); 344(43.32); 345(594.36); 346(365.88); 347(56.64); 348(802.71); 349(848.7); 350(889.03); 351(404.07); 352(885.17); 353(734.58); 354(481.57); 355(312.33); 356(9.23); 357(847.94); 358(154.41); 359(976.2); 360(797.23); 361(131.29); 362(151.17); 363(459.83); 364(476.66); 365(179.16); 366(162.34); 367(239.96); 368(368.04); 369(765.99); 370(476.3); 371(471.2); 372(362.83); 373(7.15); 374(622.92); 375(171.91); 376(56.84); 377(921.07); 378(826.75); 379(703.12); 380(869.05); 381(833.82); 382(635.68); 383(267.41); 384(404.71); 385(799.36); 386(681.18); 387(922.65); 388(708.67); 389(843.94); 390(399.16); 391(785.11); 392(257.01); 393(150.86); 394(659.98); 395(832.56); 396(753.8); 397(516.78); 398(614.08); 399(620.31); 400(227.75); 401(843.65); 402(941.78); 403(872.51); 404(789.92); 405(132.76); 406(87.12); 407(621.64); 408(112.53); 409(541.1); 410(206.69); 411(894.14); 412(429.42); 413(92.84); 414(204.02); 415(988.54); 416(805.01); 417(417.27); 418(618.32); 419(169.44); 420(738.31); 421(972.33); 422(308.67); 423(278.37); 424(640.47); 425(17.49); 426(200.54); 427(27.37); 428(525.23); 429(556.77); 430(905.22); 431(158.0); 432(513.97); 433(693.41); 434(976.83); 435(893.71); 436(740.67); 437(151.75); 438(587.93); 439(595.29); 440(41.42); 441(205.37); 442(282.38); 443(980.48); 444(495.95); 445(584.4); 446(799.57); 447(172.6); 448(817.17); 449(858.3); 450(849.75); 451(759.84); 452(575.0); 453(891.12); 454(349.71); 455(428.41); 456(537.05); 457(815.68); 458(580.14); 459(309.7); 460(414.32); 461(850.42); 462(690.09); 463(217.04); 464(461.72); 465(986.84); 466(896.48); 467(697.12); 468(38.08); 469(155.27); 470(113.4); 471(902.44); 472(290.42); 473(835.45); 474(931.04); 475(115.55); 476(308.81); 477(706.95); 478(677.05); 479(221.14); 480(684.55); 481(240.23); 482(548.17); 483(80.03); 484(145.0); 485(674.74); 486(762.55); 487(370.96); 488(516.23); 489(353.86); 490(770.55); 491(289.76); 492(121.05); 493(136.48); 494(376.91); 495(724.01); 496(557.83); 497(675.8); 498(739.97); 499(294.17),1
208,0(758.89); 1(769.02); 2(704.63); 3(699.42); 4(29.99); 5(702.94); 6(670.49); 7(274.46); 8(900.95); 9(869.28); 10(177.03); 11(374.71); 12(15.72); 13(11.66); 14(417.44); 15(37.08); 16(436.6); 17(799.02); 18(152.95); 19(616.41); 20(605.38); 21(93.64); 22(958.43); 23(213.19); 24(441.43); 25(402.13); 26(719.95); 27(758.86); 28(112.41); 29(66.27); 30(846.88); 31(60.21); 32(829.19); 33(349.92); 34(630.84); 35(628.27); 36(518.03); 37(183.02); 38(574.96); 39(769.4); 40(112.35); 41(222.44); 42(95.18); 43(682.65); 44(701.35); 45(928.75); 46(800.03); 47(575.27); 48(91.22); 49(631.38); 50(614.35); 51(766.69); 52(92.37); 53(388.91); 54(999.06); 55(106.04); 56(100.17); 57(985.37); 58(510.44); 59(654.45); 60(640.77); 61(314.96); 62(30.2); 63(178.46); 64(649.13); 65(48.53); 66(582.32); 67(117.17); 68(805.78); 69(759.88); 70(386.91); 71(339.79); 72(573.67); 73(226.35); 74(809.2); 75(522.81); 76(465.31); 77(615.07); 78(100.89); 79(318.78); 80(438.14); 81(949.37); 82(106.5); 83(336.49); 84(700.92); 85(804.8); 86(183.92); 87(527.44); 88(910.87); 89(792.79); 90(316.08); 91(573.01); 92(287.61); 93(877.63); 94(225.44); 95(469.6); 96(564.46); 97(274.41); 98(730.76); 99(466.45); 100(572.86); 101(425.75); 102(230.77); 103(89.72); 104(300.63); 105(203.62); 106(751.83); 107(261.99); 108(70.4); 109(424.92); 110(610.45); 111(2.6); 112(95.56); 113(677.86); 114(2.03); 115(317.69); 116(439.09); 117(812.75); 118(785.44); 119(535.21); 120(618.86); 121(167.92); 122(987.21); 123(734.85); 124(36.63); 125(869.84); 126(669.59); 127(966.67); 128(392.04); 129(351.14); 130(670.33); 131(669.6); 132(188.73); 133(986.26); 134(257.48); 135(736.29); 136(335.55); 137(336.76); 138(198.04); 139(556.31); 140(145.43); 141(236.98); 142(953.05); 143(666.76); 144(854.66); 145(442.82); 146(766.07); 147(145.6); 148(939.35); 149(526.91); 150(42.59); 151(204.38); 152(660.06); 153(750.67); 154(967.09); 155(458.44); 156(235.85); 157(53.15); 158(690.47); 159(956.97); 160(366.82); 161(123.25); 162(531.9); 163(386.61); 164(777.62); 165(665.52); 166(825.68); 167(383.09); 168(643.06); 169(817.46); 170(302.29); 171(69.23); 172(936.62); 173(450.37); 174(300.0); 175(565.47); 176(198.61); 177(596.55); 178(44.68); 179(943.13); 180(720.54); 181(604.33); 182(97.42); 183(791.77); 184(252.66); 185(381.96); 186(843.07); 187(531.45); 188(617.71); 189(451.22); 190(653.39); 191(842.27); 192(267.54); 193(748.9); 194(414.79); 195(509.42); 196(332.6); 197(470.56); 198(141.42); 199(697.0); 200(968.61); 201(779.96); 202(723.49); 203(438.68); 204(390.78); 205(472.33); 206(814.27); 207(346.15); 209(97.72); 210(106.54); 211(68.82); 212(121.52); 213(302.48); 214(237.5); 215(479.02); 216(509.1); 217(158.91); 218(826.1); 219(695.05); 220(612.82); 221(536.94); 222(468.94); 223(932.04); 224(500.86); 225(127.36); 226(834.27); 227(449.7); 228(454.35); 229(733.92); 230(153.71); 231(895.09); 232(666.66); 233(106.43); 234(463.7); 235(405.02); 236(133.18); 237(680.54); 238(358.15); 239(275.69); 240(473.28); 241(950.45); 242(808.53); 243(256.93); 244(565.02); 245(34.66); 246(462.49); 247(511.25); 248(760.01); 249(353.21); 250(527.05); 251(560.48); 252(479.17); 253(850.79); 254(172.56); 255(855.64); 256(236.62); 257(342.56); 258(100.0); 259(484.08); 260(883.24); 261(906.42); 262(914.36); 263(689.37); 264(956.1); 265(624.77); 266(210.74); 267(698.5); 268(697.05); 269(882.79); 270(936.9); 271(928.17); 272(849.54); 273(953.16); 274(572.24); 275(824.66); 276(565.11); 277(80.19); 278(668.62); 279(115.73); 280(178.44); 281(985.38); 282(316.55); 283(992.13); 284(152.55); 285(388.34); 286(949.7); 287(670.75); 288(549.61); 289(445.65); 290(817.23); 291(964.85); 292(383.93); 293(927.92); 294(955.78); 295(31.88); 296(659.43); 297(30.17); 298(31.36); 299(961.07); 300(901.47); 301(998.49); 302(563.14); 303(556.94); 304(458.25); 305(492.63); 306(542.4); 307(874.29); 308(626.27); 309(781.57); 310(444.2); 311(826.49); 312(140.76); 313(133.15); 314(515.27); 315(997.94); 316(601.57); 317(155.99); 318(619.46); 319(128.2); 320(316.34); 321(671.26); 322(115.26); 323(556.16); 324(703.98); 325(20.75); 326(137.08); 327(34.09); 328(402.52); 329(917.33); 330(902.02); 331(155.98); 332(318.94); 333(872.54); 334(250.19); 335(121.91); 336(462.48); 337(494.62); 338(258.29); 339(596.18); 340(887.84); 341(868.9); 342(269.11); 343(487.9); 344(829.21); 345(315.69); 346(894.78); 347(726.21); 348(278.52); 349(178.06); 350(422.19); 351(231.58); 352(191.89); 353(890.53); 354(393.95); 355(351.25); 356(897.02); 357(972.6); 358(646.47); 359(774.33); 360(588.55); 361(912.28); 362(965.35); 363(811.53); 364(526.87); 365(550.76); 366(583.4); 367(797.78); 368(750.67); 369(402.65); 370(687.95); 371(610.23); 372(850.7); 373(363.68); 374(936.05); 375(162.69); 376(234.93); 377(714.01); 378(23.47); 379(109.97); 380(456.79); 381(962.43); 382(907.65); 383(762.28); 384(139.66); 385(731.46); 386(779.03); 387(539.72); 388(9.95); 389(994.78); 390(175.2); 391(664.57); 392(759.96); 393(742.68); 394(345.09); 395(543.34); 396(633.77); 397(880.96); 398(654.1); 399(702.32); 400(251.02); 401(139.23); 402(231.91); 403(77.84); 404(634.17); 405(620.05); 406(49.17); 407(989.48); 408(657.28); 409(158.33); 410(279.45); 411(613.62); 412(995.41); 413(749.26); 414(597.12); 415(754.56); 416(976.88); 417(254.66); 418(405.71); 419(678.31); 420(208.78); 421(112.64); 422(417.29); 423(588.33); 424(599.59); 425(670.84); 426(830.82); 427(818.6); 428(304.8); 429(148.41); 430(372.43); 431(894.57); 432(123.3); 433(425.41); 434(268.53); 435(717.44); 436(881.38); 437(948.69); 438(824.02); 439(23.71); 440(304.33); 441(349.79); 442(417.76); 443(651.32); 444(958.19); 445(159.81); 446(152.57); 447(616.86); 448(753.83); 449(722.36); 450(916.76); 451(133.23); 452(498.84); 453(563.16); 454(936.61); 455(163.21); 456(676.73); 457(66.86); 458(854.18); 459(44.19); 460(227.86); 461(203.92); 462(111.18); 463(829.49); 464(206.77); 465(506.69); 466(385.7); 467(20.1); 468(215.14); 469(437.95); 470(884.54); 471(516.07); 472(77.89); 473(812.61); 474(888.99); 475(430.82); 476(280.81); 477(279.23); 478(468.61); 479(952.89); 480(461.99); 481(806.72); 482(566.9); 483(326.29); 484(917.57); 485(984.07); 486(183.81); 487(132.95); 488(250.04); 489(259.6); 490(668.54); 491(688.39); 492(373.17); 493(508.13); 494(321.81); 495(800.82); 496(673.78); 497(320.67); 498(718.09); 499(270.49),1
209,0(603.68); 1(469.58); 2(211.22); 3(657.78); 4(698.58); 5(343.32); 6(327.33); 7(711.03); 8(825.1); 9(36.66); 10(126.5); 11(79.26); 12(918.62); 13(529.4); 14(515.0); 15(556.2); 16(955.8); 17(449.47); 18(820.93); 19(237.53); 20(649.71); 21(491.37); 22(599.75); 23(134.37); 24(59.67); 25(618.92); 26(608.13); 27(48.6); 28(15.14); 29(163.95); 30(32.54); 31(287.23); 32(717.11); 33(611.86); 34(993.43); 35(394.58); 36(909.0); 37(542.37); 38(533.71); 39(762.3); 40(179.05); 41(980.12); 42(693.35); 43(163.11); 44(690.87); 45(921.3); 46(170.1); 47(581.96); 48(498.49); 49(591.52); 50(40.0); 51(86.33); 52(642.81); 53(400.65); 54(98.36); 55(493.92); 56(336.62); 57(579.48); 58(998.59); 59(508.33); 60(821.03); 61(507.59); 62(927.69); 63(261.41); 64(943.44); 65(884.5); 66(56.35); 67(993.79); 68(396.92); 69(402.48); 70(679.31); 71(853.93); 72(429.07); 73(431.03); 74(60.89); 75(146.88); 76(362.78); 77(524.71); 78(558.03); 79(385.68); 80(971.67); 81(719.57); 82(173.83); 83(873.46); 84(509.24); 85(577.3); 86(702.47); 87(406.38); 88(750.15); 89(140.99); 90(696.53); 91(893.47); 92(144.68); 93(220.75); 94(762.75); 95(358.64); 96(525.79); 97(141.64); 98(955.44); 99(693.72); 100(418.79); 101(93.98); 102(131.68); 103(952.81); 104(650.99); 105(650.4); 106(941.3); 107(856.47); 108(742.89); 109(976.58); 110(18.05); 111(285.0); 112(522.24); 113(36.05); 114(242.53); 115(388.18); 116(467.07); 117(500.87); 118(451.05); 119(157.05); 120(192.37); 121(518.82); 122(524.16); 123(911.93); 124(28.0); 125(947.73); 126(69.72); 127(668.37); 128(568.62); 129(540.11); 130(933.32); 131(567.73); 132(266.84); 133(431.79); 134(473.38); 135(367.35); 136(17.4); 137(657.82); 138(686.81); 139(944.45); 140(745.49); 141(222.86); 142(686.0); 143(547.84); 144(387.65); 145(18.8); 146(592.25); 147(217.53); 148(13.41); 149(825.99); 150(245.0); 151(31.59); 152(897.42); 153(43.31); 154(490.62); 155(840.03); 156(157.01); 157(481.84); 158(174.82); 159(995.46); 160(699.21); 161(913.38); 162(511.92); 163(692.4); 164(980.76); 165(174.65); 166(355.08); 167(462.19); 168(616.77); 169(564.86); 170(838.56); 171(992.74); 172(498.8); 173(11.06); 174(944.63); 175(35.69); 176(505.75); 177(111.27); 178(880.17); 179(818.11); 180(750.56); 181(811.96); 182(392.31); 183(435.27); 184(488.19); 185(897.03); 186(75.42); 187(333.02); 188(98.67); 189(10.12); 190(447.37); 191(826.56); 192(141.2); 193(325.16); 194(874.25); 195(384.76); 196(754.11); 197(907.15); 198(816.68); 199(770.48); 200(600.06); 201(53.59); 202(870.35); 203(126.19); 204(209.37); 205(691.81); 206(185.92); 207(406.94); 208(97.72); 210(766.32); 211(635.43); 212(357.51); 213(573.48); 214(822.5); 215(225.87); 216(50.17); 217(8.12); 218(15.01); 219(991.53); 220(873.15); 221(186.1); 222(643.97); 223(74.76); 224(106.7); 225(956.19); 226(242.58); 227(915.56); 228(99.57); 229(120.37); 230(416.86); 231(347.06); 232(695.67); 233(265.55); 234(681.79); 235(13.39); 236(629.01); 237(880.73); 238(228.59); 239(311.51); 240(913.71); 241(374.08); 242(747.06); 243(503.19); 244(943.17); 245(339.89); 246(702.14); 247(719.1); 248(294.83); 249(828.84); 250(599.29); 251(408.96); 252(642.46); 253(842.52); 254(975.32); 255(141.05); 256(992.44); 257(119.85); 258(451.87); 259(85.45); 260(9.42); 261(717.12); 262(385.6); 263(75.83); 264(804.02); 265(490.99); 266(458.36); 267(676.97); 268(962.1); 269(302.82); 270(181.32); 271(207.36); 272(482.7); 273(32.88); 274(807.5); 275(932.51); 276(286.37); 277(392.45); 278(928.38); 279(205.6); 280(305.73); 281(488.33); 282(574.08); 283(928.28); 284(630.64); 285(328.74); 286(898.8); 287(459.74); 288(585.91); 289(108.58); 290(809.53); 291(261.51); 292(911.28); 293(780.04); 294(718.82); 295(106.08); 296(241.42); 297(808.85); 298(849.83); 299(233.62); 300(0.99); 301(523.24); 302(536.08); 303(392.94); 304(888.29); 305(458.15); 306(593.11); 307(486.79); 308(849.19); 309(712.48); 310(840.85); 311(530.67); 312(669.53); 313(161.09); 314(146.84); 315(346.39); 316(173.86); 317(239.41); 318(825.42); 319(518.37); 320(693.21); 321(635.57); 322(498.71); 323(959.15); 324(188.32); 325(989.92); 326(114.0); 327(121.57); 328(352.46); 329(332.57); 330(773.08); 331(660.86); 332(386.14); 333(186.86); 334(47.21); 335(987.22); 336(226.85); 337(612.06); 338(918.39); 339(311.31); 340(498.5); 341(542.34); 342(751.11); 343(341.92); 344(63.08); 345(725.55); 346(509.43); 347(256.68); 348(409.73); 349(277.85); 350(977.15); 351(891.65); 352(2.01); 353(334.03); 354(179.79); 355(542.25); 356(621.38); 357(311.41); 358(319.25); 359(249.23); 360(19.28); 361(583.03); 362(228.18); 363(915.15); 364(902.27); 365(393.84); 366(182.7); 367(767.69); 368(745.37); 369(384.64); 370(205.7); 371(216.15); 372(640.46); 373(197.03); 374(266.41); 375(221.0); 376(841.03); 377(831.11); 378(782.27); 379(100.97); 380(344.53); 381(164.01); 382(312.8); 383(745.1); 384(163.91); 385(248.88); 386(54.04); 387(118.41); 388(656.52); 389(276.56); 390(484.76); 391(276.06); 392(352.01); 393(96.01); 394(743.6); 395(390.1); 396(733.15); 397(691.5); 398(841.58); 399(736.67); 400(568.3); 401(117.81); 402(630.34); 403(437.47); 404(30.49); 405(378.88); 406(422.28); 407(352.62); 408(675.32); 409(554.14); 410(80.67); 411(325.84); 412(313.78); 413(808.1); 414(336.92); 415(385.67); 416(573.09); 417(764.55); 418(154.55); 419(59.22); 420(466.39); 421(691.03); 422(161.87); 423(867.0); 424(648.75); 425(436.18); 426(205.69); 427(3.69); 428(903.37); 429(47.48); 430(160.1); 431(6.44); 432(556.84); 433(156.51); 434(365.06); 435(803.57); 436(182.55); 437(177.52); 438(838.65); 439(927.61); 440(393.17); 441(225.02); 442(425.56); 443(800.4); 444(11.11); 445(572.78); 446(190.26); 447(85.5); 448(820.11); 449(93.34); 450(73.05); 451(959.79); 452(114.71); 453(439.25); 454(445.75); 455(921.62); 456(138.6); 457(156.01); 458(280.74); 459(735.06); 460(895.17); 461(809.59); 462(577.57); 463(79.65); 464(845.58); 465(554.65); 466(529.36); 467(594.45); 468(852.16); 469(919.62); 470(498.18); 471(763.73); 472(161.38); 473(936.74); 474(369.17); 475(332.24); 476(214.14); 477(175.08); 478(220.82); 479(914.66); 480(528.7); 481(18.16); 482(596.67); 483(618.2); 484(191.78); 485(869.36); 486(761.45); 487(286.47); 488(774.01); 489(201.8); 490(240.84); 491(629.4); 492(380.18); 493(551.46); 494(813.18); 495(115.44); 496(950.2); 497(24.41); 498(86.12); 499(915.83),1
210,0(209.47); 1(567.62); 2(602.54); 3(112.3); 4(38.31); 5(454.46); 6(90.43); 7(84.0); 8(908.3); 9(916.61); 10(990.48); 11(387.59); 12(635.51); 13(107.82); 14(569.1); 15(415.14); 16(433.59); 17(241.29); 18(205.72); 19(904.22); 20(233.26); 21(733.07); 22(657.8); 23(626.07); 24(680.82); 25(223.82); 26(290.81); 27(694.69); 28(357.02); 29(712.95); 30(537.94); 31(789.76); 32(949.63); 33(247.98); 34(170.43); 35(977.48); 36(398.0); 37(673.67); 38(590.39); 39(394.11); 40(82.55); 41(563.29); 42(938.53); 43(801.34); 44(399.78); 45(150.31); 46(973.92); 47(945.83); 48(652.71); 49(867.54); 50(76.06); 51(447.7); 52(920.17); 53(292.32); 54(28.23); 55(11.64); 56(68.43); 57(855.92); 58(71.78); 59(619.23); 60(343.46); 61(591.48); 62(431.74); 63(231.65); 64(548.64); 65(728.65); 66(559.97); 67(311.95); 68(535.28); 69(992.57); 70(985.83); 71(343.09); 72(821.53); 73(738.86); 74(826.58); 75(947.19); 76(426.53); 77(772.02); 78(856.46); 79(191.66); 80(406.21); 81(460.56); 82(477.73); 83(262.08); 84(280.59); 85(354.01); 86(470.04); 87(323.79); 88(907.52); 89(629.43); 90(790.76); 91(855.12); 92(201.31); 93(735.36); 94(209.45); 95(578.18); 96(214.33); 97(20.18); 98(168.12); 99(15.85); 100(407.03); 101(758.89); 102(371.12); 103(27.65); 104(630.16); 105(366.95); 106(775.04); 107(439.41); 108(128.59); 109(277.65); 110(990.35); 111(989.32); 112(328.76); 113(851.27); 114(291.96); 115(833.24); 116(487.36); 117(698.73); 118(286.39); 119(500.18); 120(543.09); 121(719.74); 122(463.22); 123(588.04); 124(226.34); 125(377.94); 126(32.71); 127(0.23); 128(808.73); 129(301.66); 130(710.83); 131(111.3); 132(809.36); 133(781.8); 134(879.47); 135(327.37); 136(382.03); 137(134.44); 138(611.54); 139(792.01); 140(475.3); 141(378.27); 142(183.5); 143(773.58); 144(241.71); 145(619.28); 146(834.25); 147(237.3); 148(172.54); 149(703.18); 150(330.12); 151(652.51); 152(787.53); 153(845.04); 154(483.02); 155(205.31); 156(809.1); 157(565.55); 158(841.79); 159(435.06); 160(790.98); 161(648.54); 162(402.18); 163(861.44); 164(866.52); 165(721.5); 166(95.55); 167(424.85); 168(407.9); 169(744.13); 170(575.39); 171(501.34); 172(848.05); 173(869.36); 174(748.3); 175(721.11); 176(657.74); 177(362.02); 178(152.52); 179(205.13); 180(538.15); 181(566.46); 182(992.91); 183(154.27); 184(483.72); 185(345.94); 186(429.38); 187(789.32); 188(103.2); 189(113.57); 190(563.08); 191(831.97); 192(497.89); 193(64.63); 194(349.53); 195(88.32); 196(931.51); 197(200.66); 198(214.8); 199(763.33); 200(996.28); 201(801.72); 202(459.37); 203(198.23); 204(332.45); 205(10.9); 206(644.98); 207(975.6); 208(106.54); 209(766.32); 211(312.63); 212(463.55); 213(994.9); 214(372.46); 215(345.42); 216(491.95); 217(853.49); 218(464.31); 219(115.85); 220(447.53); 221(360.95); 222(176.0); 223(569.73); 224(954.28); 225(495.9); 226(453.03); 227(97.08); 228(405.46); 229(93.52); 230(984.78); 231(760.27); 232(928.86); 233(189.63); 234(326.7); 235(271.13); 236(63.93); 237(275.13); 238(808.42); 239(355.11); 240(137.38); 241(319.96); 242(933.34); 243(380.08); 244(41.23); 245(986.62); 246(815.29); 247(984.14); 248(79.99); 249(843.29); 250(994.96); 251(247.46); 252(621.55); 253(264.59); 254(451.2); 255(42.4); 256(357.92); 257(607.7); 258(554.44); 259(379.66); 260(232.66); 261(421.11); 262(980.29); 263(308.49); 264(357.88); 265(650.13); 266(217.58); 267(396.07); 268(739.07); 269(705.36); 270(88.78); 271(228.26); 272(244.5); 273(776.16); 274(908.77); 275(971.74); 276(168.81); 277(845.45); 278(852.93); 279(499.54); 280(750.31); 281(994.4); 282(185.81); 283(586.92); 284(231.89); 285(618.27); 286(705.16); 287(223.79); 288(352.09); 289(896.22); 290(847.92); 291(317.68); 292(55.94); 293(866.54); 294(309.06); 295(531.07); 296(271.43); 297(219.46); 298(813.04); 299(947.75); 300(508.35); 301(774.05); 302(143.19); 303(535.83); 304(869.12); 305(293.45); 306(736.77); 307(986.19); 308(991.73); 309(727.23); 310(425.41); 311(618.57); 312(459.14); 313(488.09); 314(649.16); 315(800.53); 316(203.98); 317(548.18); 318(0.71); 319(15.76); 320(496.34); 321(139.65); 322(859.34); 323(864.79); 324(329.99); 325(447.09); 326(230.6); 327(694.39); 328(395.01); 329(512.6); 330(951.09); 331(995.31); 332(634.63); 333(358.14); 334(530.33); 335(444.31); 336(853.4); 337(888.98); 338(453.03); 339(3.4); 340(647.4); 341(982.83); 342(54.7); 343(634.42); 344(200.34); 345(952.34); 346(717.44); 347(58.5); 348(454.37); 349(546.55); 350(368.17); 351(570.51); 352(433.11); 353(232.34); 354(729.63); 355(176.19); 356(827.95); 357(915.59); 358(234.27); 359(413.86); 360(402.68); 361(535.16); 362(36.28); 363(671.27); 364(877.75); 365(576.07); 366(6.7); 367(781.75); 368(540.71); 369(806.07); 370(465.68); 371(130.32); 372(896.25); 373(132.54); 374(767.63); 375(747.15); 376(400.0); 377(194.05); 378(918.76); 379(68.15); 380(838.86); 381(916.64); 382(546.41); 383(706.82); 384(858.22); 385(824.67); 386(691.65); 387(480.47); 388(823.58); 389(411.14); 390(804.87); 391(304.29); 392(604.57); 393(266.67); 394(185.28); 395(279.56); 396(63.5); 397(191.2); 398(428.48); 399(794.35); 400(492.05); 401(684.31); 402(22.7); 403(633.53); 404(961.2); 405(15.92); 406(1.31); 407(123.34); 408(747.17); 409(780.0); 410(816.68); 411(229.59); 412(879.61); 413(599.78); 414(589.52); 415(926.25); 416(866.71); 417(379.0); 418(583.22); 419(24.48); 420(295.62); 421(544.28); 422(702.78); 423(927.63); 424(683.75); 425(3.78); 426(492.14); 427(963.42); 428(448.04); 429(132.39); 430(973.82); 431(386.57); 432(34.23); 433(191.99); 434(507.4); 435(465.58); 436(281.14); 437(360.65); 438(757.62); 439(94.49); 440(260.92); 441(540.13); 442(417.72); 443(362.66); 444(808.93); 445(56.21); 446(272.57); 447(645.61); 448(186.05); 449(573.24); 450(550.08); 451(904.2); 452(389.12); 453(982.92); 454(27.83); 455(932.05); 456(222.45); 457(260.75); 458(910.91); 459(302.21); 460(67.65); 461(413.1); 462(725.82); 463(108.07); 464(464.44); 465(742.57); 466(790.61); 467(174.64); 468(988.84); 469(776.43); 470(987.31); 471(237.68); 472(992.8); 473(743.5); 474(699.94); 475(212.94); 476(622.84); 477(503.51); 478(227.1); 479(500.8); 480(692.64); 481(245.44); 482(629.9); 483(914.75); 484(352.59); 485(736.2); 486(441.93); 487(968.68); 488(282.36); 489(646.84); 490(825.85); 491(528.33); 492(611.9); 493(817.15); 494(759.21); 495(678.94); 496(954.59); 497(121.07); 498(258.79); 499(462.73),1
211,0(350.41); 1(64.32); 2(380.39); 3(538.91); 4(379.67); 5(297.18); 6(491.65); 7(243.98); 8(738.52); 9(726.74); 10(829.26); 11(212.56); 12(18.41); 13(418.1); 14(621.44); 15(837.98); 16(401.9); 17(219.48); 18(817.35); 19(902.13); 20(121.98); 21(489.12); 22(383.05); 23(987.84); 24(589.55); 25(839.73); 26(181.9); 27(903.18); 28(574.55); 29(640.98); 30(264.77); 31(264.37); 32(189.23); 33(498.28); 34(439.7); 35(373.65); 36(908.43); 37(635.92); 38(658.2); 39(896.08); 40(254.54); 41(607.17); 42(384.94); 43(199.8); 44(543.92); 45(414.75); 46(499.54); 47(781.3); 48(633.86); 49(546.19); 50(298.19); 51(251.32); 52(122.58); 53(519.28); 54(561.03); 55(792.37); 56(152.06); 57(255.41); 58(410.72); 59(224.69); 60(643.89); 61(769.74); 62(764.99); 63(155.78); 64(288.71); 65(207.01); 66(514.42); 67(548.32); 68(704.92); 69(565.15); 70(393.58); 71(293.04); 72(672.7); 73(699.02); 74(230.22); 75(365.01); 76(378.65); 77(492.46); 78(882.92); 79(283.79); 80(420.55); 81(15.11); 82(324.11); 83(664.27); 84(832.33); 85(350.39); 86(250.66); 87(800.8); 88(344.77); 89(218.32); 90(716.2); 91(188.42); 92(904.22); 93(832.23); 94(775.2); 95(512.89); 96(291.85); 97(367.38); 98(344.25); 99(950.55); 100(430.72); 101(129.91); 102(904.44); 103(124.62); 104(594.98); 105(398.39); 106(521.2); 107(98.4); 108(876.2); 109(439.57); 110(708.12); 111(955.09); 112(5.45); 113(383.33); 114(860.4); 115(727.46); 116(549.12); 117(233.25); 118(691.79); 119(605.07); 120(705.77); 121(925.11); 122(994.16); 123(395.85); 124(793.19); 125(403.1); 126(724.61); 127(570.5); 128(157.1); 129(792.59); 130(395.04); 131(826.09); 132(162.45); 133(652.84); 134(859.84); 135(275.21); 136(179.75); 137(511.43); 138(401.65); 139(640.07); 140(410.64); 141(982.74); 142(501.75); 143(471.64); 144(423.67); 145(755.41); 146(831.52); 147(53.7); 148(773.41); 149(721.47); 150(927.55); 151(846.98); 152(19.06); 153(89.78); 154(398.07); 155(286.11); 156(168.38); 157(775.31); 158(660.82); 159(986.06); 160(257.7); 161(526.71); 162(233.95); 163(410.98); 164(143.72); 165(644.54); 166(726.87); 167(526.01); 168(294.11); 169(476.9); 170(419.94); 171(635.65); 172(465.09); 173(878.68); 174(694.32); 175(326.88); 176(355.2); 177(394.88); 178(667.58); 179(764.28); 180(794.58); 181(636.02); 182(143.32); 183(942.66); 184(729.63); 185(866.66); 186(639.68); 187(631.88); 188(811.88); 189(750.24); 190(551.47); 191(362.54); 192(376.59); 193(308.37); 194(736.89); 195(562.84); 196(760.26); 197(224.2); 198(633.81); 199(456.2); 200(160.14); 201(194.58); 202(102.67); 203(444.44); 204(470.96); 205(822.52); 206(714.02); 207(293.16); 208(68.82); 209(635.43); 210(312.63); 212(190.49); 213(874.53); 214(869.24); 215(659.87); 216(515.37); 217(639.75); 218(558.48); 219(260.4); 220(307.14); 221(639.38); 222(634.89); 223(99.13); 224(300.77); 225(698.08); 226(686.08); 227(222.77); 228(415.75); 229(517.61); 230(345.65); 231(686.7); 232(339.47); 233(859.91); 234(0.84); 235(286.92); 236(410.02); 237(919.48); 238(849.64); 239(856.62); 240(845.42); 241(873.96); 242(736.6); 243(321.79); 244(27.82); 245(369.42); 246(944.79); 247(546.17); 248(175.36); 249(533.34); 250(68.77); 251(584.73); 252(621.35); 253(27.49); 254(316.73); 255(877.22); 256(317.29); 257(940.51); 258(338.79); 259(187.14); 260(989.08); 261(500.84); 262(708.09); 263(758.88); 264(57.59); 265(677.48); 266(617.56); 267(629.52); 268(757.2); 269(598.66); 270(903.52); 271(448.09); 272(902.46); 273(395.86); 274(732.61); 275(715.38); 276(402.41); 277(241.48); 278(493.62); 279(60.14); 280(99.38); 281(159.06); 282(916.82); 283(520.64); 284(336.83); 285(537.4); 286(22.61); 287(285.18); 288(710.79); 289(383.76); 290(816.13); 291(282.45); 292(610.08); 293(299.13); 294(331.76); 295(23.75); 296(896.17); 297(22.02); 298(609.66); 299(583.51); 300(57.97); 301(918.34); 302(519.43); 303(267.27); 304(984.57); 305(798.36); 306(647.36); 307(500.42); 308(647.89); 309(394.09); 310(955.43); 311(108.35); 312(561.98); 313(242.97); 314(217.94); 315(403.66); 316(628.48); 317(243.79); 318(44.13); 319(430.45); 320(898.57); 321(790.5); 322(107.33); 323(643.91); 324(206.07); 325(811.51); 326(167.46); 327(766.56); 328(42.66); 329(743.44); 330(915.95); 331(744.75); 332(319.56); 333(53.57); 334(277.22); 335(96.74); 336(277.91); 337(519.61); 338(833.95); 339(389.86); 340(402.05); 341(966.87); 342(587.24); 343(445.57); 344(542.05); 345(984.47); 346(70.87); 347(592.39); 348(141.34); 349(305.57); 350(446.49); 351(462.37); 352(73.4); 353(637.54); 354(851.64); 355(878.66); 356(463.07); 357(841.65); 358(665.13); 359(62.42); 360(169.2); 361(454.66); 362(727.36); 363(598.1); 364(741.9); 365(126.18); 366(240.54); 367(802.58); 368(763.84); 369(830.43); 370(270.88); 371(472.65); 372(916.96); 373(966.98); 374(492.37); 375(384.52); 376(251.41); 377(3.74); 378(798.02); 379(723.14); 380(475.93); 381(752.76); 382(3.41); 383(172.42); 384(752.68); 385(374.67); 386(296.71); 387(398.18); 388(6.65); 389(893.36); 390(721.2); 391(165.56); 392(401.22); 393(877.21); 394(177.16); 395(934.5); 396(865.34); 397(870.57); 398(306.25); 399(25.47); 400(388.59); 401(86.16); 402(199.16); 403(142.12); 404(105.4); 405(998.21); 406(335.7); 407(214.36); 408(756.28); 409(840.28); 410(307.16); 411(509.82); 412(103.61); 413(265.51); 414(510.17); 415(474.06); 416(227.65); 417(732.74); 418(457.79); 419(768.13); 420(305.8); 421(419.28); 422(82.83); 423(5.43); 424(366.92); 425(52.85); 426(395.33); 427(162.69); 428(396.63); 429(389.44); 430(17.65); 431(485.19); 432(142.84); 433(624.64); 434(551.53); 435(688.51); 436(570.77); 437(34.72); 438(591.31); 439(938.93); 440(867.17); 441(663.22); 442(607.33); 443(26.06); 444(39.7); 445(665.55); 446(172.59); 447(499.56); 448(805.37); 449(706.1); 450(332.86); 451(875.1); 452(789.53); 453(608.6); 454(232.2); 455(786.88); 456(452.02); 457(448.24); 458(715.75); 459(314.26); 460(780.7); 461(975.43); 462(51.66); 463(928.73); 464(130.13); 465(349.68); 466(148.41); 467(483.12); 468(369.22); 469(963.38); 470(253.2); 471(501.48); 472(494.93); 473(494.37); 474(167.6); 475(665.96); 476(19.11); 477(442.14); 478(342.62); 479(117.27); 480(46.13); 481(384.53); 482(324.69); 483(666.79); 484(451.93); 485(144.23); 486(324.45); 487(406.14); 488(10.71); 489(216.1); 490(503.29); 491(881.12); 492(608.05); 493(627.07); 494(858.18); 495(973.74); 496(862.51); 497(588.88); 498(422.1); 499(318.83),1
212,0(945.63); 1(908.61); 2(370.15); 3(376.48); 4(346.51); 5(917.53); 6(142.21); 7(646.47); 8(345.29); 9(358.29); 10(44.27); 11(93.77); 12(152.23); 13(700.12); 14(903.48); 15(77.54); 16(36.0); 17(606.18); 18(715.98); 19(364.99); 20(204.9); 21(128.65); 22(461.73); 23(826.99); 24(298.31); 25(824.97); 26(621.36); 27(225.51); 28(147.9); 29(731.37); 30(889.89); 31(901.32); 32(539.03); 33(844.55); 34(875.63); 35(490.39); 36(809.08); 37(262.48); 38(224.45); 39(484.82); 40(741.66); 41(907.88); 42(948.43); 43(612.56); 44(264.65); 45(340.48); 46(160.74); 47(289.52); 48(842.35); 49(387.05); 50(78.77); 51(729.14); 52(564.13); 53(124.19); 54(102.63); 55(633.88); 56(722.94); 57(206.85); 58(280.9); 59(579.8); 60(557.5); 61(734.17); 62(245.9); 63(936.03); 64(305.8); 65(303.0); 66(862.35); 67(745.83); 68(4.43); 69(813.9); 70(678.25); 71(750.55); 72(516.67); 73(534.45); 74(804.5); 75(148.43); 76(89.0); 77(300.92); 78(667.42); 79(442.01); 80(597.15); 81(998.05); 82(574.65); 83(763.94); 84(336.99); 85(912.23); 86(459.54); 87(558.28); 88(309.05); 89(255.74); 90(459.41); 91(910.99); 92(754.75); 93(525.87); 94(367.87); 95(316.9); 96(66.93); 97(86.95); 98(89.78); 99(664.47); 100(376.13); 101(519.77); 102(166.57); 103(117.46); 104(641.61); 105(240.65); 106(934.09); 107(942.92); 108(877.9); 109(178.02); 110(569.86); 111(695.66); 112(241.24); 113(628.05); 114(912.64); 115(144.23); 116(4.34); 117(536.55); 118(32.37); 119(330.84); 120(264.3); 121(107.17); 122(346.78); 123(383.8); 124(55.46); 125(258.31); 126(658.37); 127(182.84); 128(90.91); 129(17.22); 130(768.3); 131(117.07); 132(720.41); 133(109.84); 134(736.11); 135(876.05); 136(255.23); 137(66.14); 138(916.79); 139(149.41); 140(255.15); 141(655.34); 142(340.19); 143(171.07); 144(737.27); 145(465.66); 146(16.82); 147(178.19); 148(662.37); 149(832.26); 150(695.47); 151(470.8); 152(11.35); 153(735.07); 154(215.19); 155(590.34); 156(422.34); 157(540.41); 158(599.81); 159(509.17); 160(302.85); 161(788.18); 162(436.76); 163(656.89); 164(667.17); 165(276.04); 166(186.91); 167(791.1); 168(355.59); 169(68.03); 170(32.33); 171(862.66); 172(344.95); 173(829.1); 174(375.68); 175(399.8); 176(771.68); 177(244.55); 178(599.69); 179(753.1); 180(541.35); 181(81.08); 182(593.82); 183(257.61); 184(576.22); 185(234.41); 186(747.99); 187(104.4); 188(451.22); 189(514.7); 190(811.77); 191(864.63); 192(935.96); 193(178.22); 194(963.02); 195(413.51); 196(570.91); 197(207.55); 198(492.26); 199(699.87); 200(468.08); 201(510.85); 202(328.72); 203(547.5); 204(10.46); 205(323.05); 206(282.68); 207(328.02); 208(121.52); 209(357.51); 210(463.55); 211(190.49); 213(651.78); 214(582.7); 215(561.02); 216(749.96); 217(366.66); 218(830.28); 219(742.29); 220(484.18); 221(33.58); 222(286.25); 223(530.33); 224(165.35); 225(16.47); 226(48.64); 227(437.55); 228(105.44); 229(841.52); 230(831.84); 231(39.67); 232(397.54); 233(420.09); 234(701.23); 235(650.65); 236(362.13); 237(718.96); 238(667.85); 239(156.02); 240(454.53); 241(225.95); 242(429.32); 243(913.97); 244(775.9); 245(820.23); 246(809.41); 247(961.55); 248(263.09); 249(484.32); 250(69.96); 251(256.75); 252(591.08); 253(491.59); 254(31.72); 255(723.22); 256(318.31); 257(203.09); 258(78.14); 259(879.69); 260(216.25); 261(453.01); 262(684.84); 263(152.78); 264(420.89); 265(611.19); 266(849.08); 267(701.26); 268(77.33); 269(550.6); 270(383.58); 271(85.98); 272(36.29); 273(627.95); 274(429.6); 275(700.72); 276(78.15); 277(349.44); 278(765.51); 279(406.7); 280(312.73); 281(312.3); 282(78.28); 283(750.66); 284(580.22); 285(687.17); 286(39.04); 287(175.01); 288(306.31); 289(317.57); 290(119.62); 291(969.83); 292(115.52); 293(445.39); 294(427.92); 295(705.7); 296(748.64); 297(213.57); 298(931.89); 299(479.18); 300(695.46); 301(112.15); 302(36.45); 303(923.61); 304(121.31); 305(406.79); 306(832.96); 307(156.21); 308(36.96); 309(851.88); 310(279.65); 311(442.97); 312(93.04); 313(375.08); 314(910.16); 315(526.51); 316(116.93); 317(302.68); 318(389.02); 319(615.96); 320(542.8); 321(971.49); 322(815.42); 323(163.08); 324(973.38); 325(799.24); 326(617.7); 327(655.38); 328(252.42); 329(776.64); 330(270.39); 331(293.24); 332(313.66); 333(968.66); 334(318.9); 335(253.18); 336(944.12); 337(610.95); 338(85.21); 339(381.7); 340(448.29); 341(136.9); 342(135.38); 343(441.56); 344(456.42); 345(747.55); 346(899.46); 347(577.58); 348(372.94); 349(810.9); 350(257.3); 351(413.65); 352(412.98); 353(96.1); 354(573.24); 355(455.33); 356(823.13); 357(160.49); 358(859.88); 359(636.35); 360(631.16); 361(801.97); 362(314.61); 363(127.2); 364(995.71); 365(520.76); 366(907.63); 367(790.58); 368(621.94); 369(621.71); 370(403.04); 371(442.46); 372(103.66); 373(239.48); 374(304.19); 375(688.65); 376(675.5); 377(117.91); 378(569.86); 379(509.88); 380(322.91); 381(17.94); 382(262.31); 383(101.19); 384(13.27); 385(794.36); 386(104.02); 387(891.99); 388(379.93); 389(309.11); 390(261.96); 391(128.93); 392(274.38); 393(828.07); 394(642.71); 395(672.72); 396(622.15); 397(309.05); 398(519.8); 399(883.33); 400(732.18); 401(944.97); 402(23.82); 403(946.61); 404(332.61); 405(97.13); 406(46.63); 407(446.9); 408(114.03); 409(945.39); 410(797.16); 411(1.05); 412(456.63); 413(413.34); 414(410.37); 415(3.5); 416(557.55); 417(957.06); 418(757.88); 419(583.63); 420(134.58); 421(553.5); 422(65.52); 423(591.27); 424(951.12); 425(251.21); 426(85.7); 427(12.69); 428(37.13); 429(397.15); 430(107.75); 431(939.16); 432(164.92); 433(500.0); 434(259.65); 435(591.91); 436(609.57); 437(113.14); 438(524.24); 439(645.76); 440(305.75); 441(552.16); 442(677.53); 443(373.06); 444(971.13); 445(436.91); 446(590.17); 447(734.34); 448(596.7); 449(473.44); 450(916.29); 451(517.1); 452(414.45); 453(975.46); 454(937.7); 455(994.25); 456(825.39); 457(466.87); 458(174.57); 459(544.9); 460(360.03); 461(153.58); 462(689.78); 463(485.84); 464(336.23); 465(109.49); 466(270.58); 467(797.75); 468(803.83); 469(507.47); 470(386.05); 471(643.25); 472(645.26); 473(711.65); 474(865.99); 475(159.89); 476(381.78); 477(751.82); 478(354.67); 479(609.78); 480(421.57); 481(308.59); 482(859.6); 483(599.15); 484(978.85); 485(475.98); 486(930.29); 487(424.12); 488(493.26); 489(156.56); 490(418.2); 491(431.92); 492(94.1); 493(254.03); 494(294.37); 495(633.78); 496(304.81); 497(129.62); 498(818.03); 499(157.49),1
213,0(129.33); 1(634.43); 2(828.13); 3(945.1); 4(401.52); 5(24.93); 6(434.58); 7(0.63); 8(478.12); 9(487.6); 10(934.22); 11(914.89); 12(690.93); 13(322.94); 14(890.8); 15(853.97); 16(57.12); 17(541.53); 18(956.25); 19(823.0); 20(690.87); 21(159.66); 22(355.53); 23(380.41); 24(861.47); 25(49.84); 26(13.5); 27(442.44); 28(760.87); 29(559.93); 30(213.31); 31(881.61); 32(176.71); 33(585.45); 34(833.98); 35(521.18); 36(198.29); 37(686.9); 38(592.22); 39(393.32); 40(570.66); 41(200.16); 42(823.07); 43(201.82); 44(722.17); 45(966.76); 46(796.95); 47(298.15); 48(754.3); 49(454.88); 50(11.46); 51(66.71); 52(137.44); 53(380.19); 54(744.65); 55(542.12); 56(398.43); 57(740.3); 58(706.38); 59(579.5); 60(967.61); 61(559.43); 62(469.57); 63(612.98); 64(889.91); 65(15.4); 66(293.71); 67(46.03); 68(565.58); 69(443.76); 70(616.39); 71(370.54); 72(511.98); 73(602.93); 74(856.56); 75(812.96); 76(55.3); 77(420.21); 78(352.95); 79(317.55); 80(931.55); 81(827.91); 82(799.05); 83(482.31); 84(72.14); 85(821.82); 86(57.1); 87(553.86); 88(90.17); 89(764.3); 90(400.86); 91(959.23); 92(431.18); 93(915.64); 94(482.64); 95(575.31); 96(528.26); 97(105.22); 98(874.8); 99(404.39); 100(588.72); 101(82.15); 102(593.34); 103(980.14); 104(575.39); 105(330.17); 106(132.93); 107(321.27); 108(943.66); 109(270.46); 110(374.01); 111(979.55); 112(420.08); 113(379.07); 114(20.26); 115(185.92); 116(780.47); 117(511.63); 118(586.34); 119(293.91); 120(944.15); 121(270.01); 122(975.57); 123(664.88); 124(489.39); 125(532.42); 126(627.0); 127(988.53); 128(749.51); 129(783.29); 130(97.65); 131(960.9); 132(88.49); 133(617.03); 134(912.44); 135(501.19); 136(57.85); 137(218.18); 138(882.64); 139(5.85); 140(987.25); 141(552.98); 142(903.9); 143(946.68); 144(778.07); 145(302.16); 146(164.04); 147(310.57); 148(135.76); 149(463.12); 150(978.06); 151(437.95); 152(984.67); 153(438.04); 154(449.33); 155(210.19); 156(669.21); 157(715.93); 158(327.77); 159(330.61); 160(390.35); 161(338.15); 162(158.63); 163(437.94); 164(930.42); 165(566.31); 166(219.01); 167(555.12); 168(960.9); 169(883.57); 170(537.62); 171(37.45); 172(571.71); 173(806.5); 174(970.95); 175(508.84); 176(411.17); 177(953.37); 178(789.8); 179(220.29); 180(394.47); 181(860.61); 182(821.92); 183(696.84); 184(753.24); 185(303.84); 186(967.34); 187(180.73); 188(821.7); 189(414.22); 190(13.6); 191(909.19); 192(20.73); 193(516.11); 194(993.93); 195(936.96); 196(818.26); 197(63.73); 198(93.93); 199(725.9); 200(2.96); 201(651.67); 202(644.42); 203(900.42); 204(903.45); 205(6.17); 206(834.37); 207(236.09); 208(302.48); 209(573.48); 210(994.9); 211(874.53); 212(651.78); 214(573.09); 215(417.32); 216(673.12); 217(572.25); 218(843.95); 219(192.83); 220(214.99); 221(579.19); 222(13.64); 223(258.25); 224(967.09); 225(506.8); 226(691.62); 227(98.62); 228(981.01); 229(944.91); 230(992.11); 231(19.9); 232(574.76); 233(204.82); 234(675.73); 235(782.42); 236(655.06); 237(630.66); 238(76.28); 239(706.38); 240(424.09); 241(992.55); 242(496.33); 243(250.88); 244(410.17); 245(357.67); 246(975.43); 247(358.19); 248(950.85); 249(776.11); 250(515.1); 251(184.34); 252(246.31); 253(31.49); 254(697.27); 255(764.13); 256(510.94); 257(122.85); 258(217.87); 259(150.43); 260(477.23); 261(800.33); 262(25.72); 263(352.94); 264(559.91); 265(420.18); 266(845.51); 267(902.92); 268(448.52); 269(940.12); 270(899.92); 271(974.4); 272(109.78); 273(415.73); 274(807.18); 275(828.19); 276(77.35); 277(487.03); 278(906.54); 279(918.67); 280(603.95); 281(919.25); 282(316.77); 283(247.7); 284(605.8); 285(411.45); 286(961.49); 287(998.4); 288(252.8); 289(60.43); 290(894.7); 291(426.52); 292(82.83); 293(486.62); 294(327.65); 295(927.7); 296(670.49); 297(166.36); 298(615.95); 299(228.51); 300(219.48); 301(423.0); 302(299.97); 303(728.57); 304(35.12); 305(947.39); 306(140.91); 307(340.56); 308(660.5); 309(289.08); 310(389.92); 311(91.45); 312(515.51); 313(552.85); 314(390.06); 315(220.21); 316(72.49); 317(245.26); 318(189.74); 319(358.04); 320(932.34); 321(111.55); 322(76.51); 323(72.42); 324(445.75); 325(842.46); 326(932.96); 327(339.88); 328(437.41); 329(764.64); 330(179.63); 331(36.64); 332(360.64); 333(305.45); 334(132.15); 335(336.74); 336(964.86); 337(947.41); 338(322.02); 339(976.29); 340(662.3); 341(230.14); 342(29.09); 343(242.81); 344(117.26); 345(337.47); 346(18.51); 347(310.74); 348(25.64); 349(339.99); 350(320.13); 351(430.07); 352(541.07); 353(143.78); 354(211.09); 355(857.8); 356(272.11); 357(32.53); 358(57.75); 359(132.25); 360(170.6); 361(925.91); 362(170.56); 363(477.47); 364(285.55); 365(634.75); 366(367.88); 367(296.92); 368(187.29); 369(61.0); 370(871.74); 371(648.18); 372(397.66); 373(487.31); 374(710.57); 375(992.7); 376(530.78); 377(734.41); 378(102.25); 379(496.61); 380(762.65); 381(875.85); 382(780.25); 383(480.27); 384(921.91); 385(221.21); 386(962.66); 387(111.58); 388(466.26); 389(936.86); 390(977.93); 391(917.0); 392(128.59); 393(747.0); 394(116.79); 395(935.31); 396(770.49); 397(951.74); 398(627.6); 399(300.9); 400(884.66); 401(129.62); 402(763.24); 403(450.31); 404(544.53); 405(842.03); 406(891.05); 407(975.74); 408(82.96); 409(305.66); 410(409.07); 411(489.77); 412(677.25); 413(45.58); 414(933.64); 415(61.85); 416(558.29); 417(770.0); 418(153.75); 419(343.2); 420(415.95); 421(982.66); 422(633.54); 423(173.52); 424(297.61); 425(891.22); 426(938.12); 427(915.59); 428(801.57); 429(234.24); 430(580.42); 431(426.6); 432(832.7); 433(513.59); 434(694.34); 435(591.67); 436(849.87); 437(243.54); 438(488.02); 439(816.69); 440(117.76); 441(252.86); 442(273.6); 443(798.17); 444(186.45); 445(58.58); 446(84.19); 447(763.31); 448(920.71); 449(980.01); 450(183.07); 451(609.75); 452(898.55); 453(263.66); 454(53.51); 455(212.8); 456(350.84); 457(104.82); 458(943.04); 459(950.6); 460(72.84); 461(820.69); 462(515.06); 463(76.0); 464(532.58); 465(365.65); 466(924.39); 467(807.01); 468(925.94); 469(2.65); 470(483.85); 471(984.39); 472(683.81); 473(786.14); 474(495.5); 475(553.77); 476(495.56); 477(788.97); 478(985.35); 479(494.67); 480(490.43); 481(847.59); 482(956.82); 483(315.82); 484(210.86); 485(827.82); 486(592.38); 487(382.3); 488(227.26); 489(569.8); 490(265.33); 491(554.07); 492(637.48); 493(85.81); 494(964.15); 495(504.31); 496(141.25); 497(808.83); 498(318.61); 499(363.44),1
214,0(974.78); 1(630.28); 2(105.55); 3(78.48); 4(20.38); 5(944.29); 6(687.8); 7(830.81); 8(567.86); 9(73.28); 10(952.18); 11(683.25); 12(977.02); 13(534.37); 14(462.55); 15(378.27); 16(814.72); 17(598.68); 18(888.18); 19(968.33); 20(670.6); 21(347.37); 22(632.05); 23(771.21); 24(881.36); 25(441.56); 26(79.97); 27(455.78); 28(359.4); 29(898.58); 30(454.99); 31(875.89); 32(612.64); 33(377.07); 34(567.76); 35(595.47); 36(253.66); 37(397.37); 38(798.84); 39(849.41); 40(149.46); 41(496.26); 42(524.74); 43(387.86); 44(470.86); 45(345.89); 46(926.74); 47(10.58); 48(876.07); 49(90.74); 50(697.4); 51(713.8); 52(553.97); 53(346.18); 54(79.96); 55(687.89); 56(966.92); 57(159.19); 58(995.83); 59(178.86); 60(883.82); 61(638.1); 62(463.9); 63(657.99); 64(426.78); 65(601.14); 66(609.22); 67(140.45); 68(297.81); 69(859.12); 70(308.01); 71(267.88); 72(187.09); 73(824.75); 74(748.69); 75(377.07); 76(418.51); 77(205.53); 78(171.32); 79(594.85); 80(307.98); 81(437.17); 82(267.82); 83(629.44); 84(226.51); 85(718.45); 86(111.98); 87(695.84); 88(758.0); 89(686.67); 90(492.87); 91(480.17); 92(126.3); 93(318.48); 94(765.52); 95(218.86); 96(214.6); 97(933.63); 98(902.81); 99(173.51); 100(31.99); 101(379.44); 102(330.08); 103(544.73); 104(364.35); 105(717.52); 106(184.18); 107(315.83); 108(703.42); 109(789.84); 110(405.49); 111(956.26); 112(88.58); 113(238.36); 114(577.87); 115(342.23); 116(233.59); 117(883.43); 118(94.34); 119(468.17); 120(352.89); 121(779.73); 122(170.01); 123(933.82); 124(732.03); 125(991.81); 126(948.54); 127(983.62); 128(256.34); 129(974.61); 130(183.5); 131(720.27); 132(299.06); 133(155.37); 134(393.02); 135(59.42); 136(466.61); 137(191.09); 138(330.96); 139(797.54); 140(324.51); 141(11.01); 142(177.6); 143(595.67); 144(853.2); 145(863.94); 146(155.2); 147(908.03); 148(306.42); 149(200.7); 150(621.47); 151(879.5); 152(147.41); 153(481.34); 154(138.69); 155(406.53); 156(836.28); 157(988.92); 158(667.23); 159(755.85); 160(243.05); 161(762.37); 162(799.32); 163(811.46); 164(971.92); 165(494.81); 166(233.03); 167(479.75); 168(606.96); 169(738.35); 170(62.61); 171(869.38); 172(861.75); 173(611.75); 174(651.72); 175(957.92); 176(627.22); 177(689.42); 178(612.07); 179(877.85); 180(87.12); 181(899.85); 182(591.38); 183(575.18); 184(906.96); 185(830.51); 186(409.84); 187(185.65); 188(361.47); 189(704.62); 190(383.53); 191(265.27); 192(188.91); 193(88.84); 194(769.52); 195(665.52); 196(226.65); 197(662.49); 198(291.09); 199(883.81); 200(457.69); 201(33.97); 202(449.94); 203(111.72); 204(341.47); 205(671.14); 206(905.18); 207(94.95); 208(237.5); 209(822.5); 210(372.46); 211(869.24); 212(582.7); 213(573.09); 215(962.47); 216(774.19); 217(32.01); 218(623.58); 219(922.38); 220(497.92); 221(50.69); 222(672.83); 223(289.07); 224(558.37); 225(447.13); 226(485.05); 227(811.78); 228(526.49); 229(710.19); 230(98.6); 231(330.88); 232(691.01); 233(153.44); 234(895.25); 235(904.58); 236(107.83); 237(346.71); 238(237.0); 239(236.89); 240(325.8); 241(795.1); 242(28.85); 243(979.25); 244(782.46); 245(715.46); 246(82.91); 247(345.25); 248(98.31); 249(630.43); 250(74.64); 251(979.12); 252(166.46); 253(76.86); 254(774.85); 255(217.07); 256(343.03); 257(440.82); 258(419.88); 259(308.67); 260(747.91); 261(491.73); 262(814.33); 263(870.63); 264(720.89); 265(489.6); 266(153.44); 267(176.42); 268(857.55); 269(756.62); 270(36.54); 271(964.69); 272(387.92); 273(256.06); 274(28.48); 275(186.45); 276(479.77); 277(443.61); 278(555.39); 279(529.78); 280(918.81); 281(916.06); 282(594.19); 283(5.96); 284(708.54); 285(903.17); 286(761.6); 287(681.91); 288(434.1); 289(705.79); 290(908.88); 291(983.33); 292(613.22); 293(354.17); 294(167.03); 295(822.38); 296(847.95); 297(922.19); 298(192.35); 299(581.86); 300(572.49); 301(404.06); 302(10.93); 303(578.05); 304(380.92); 305(933.18); 306(724.06); 307(984.96); 308(608.94); 309(63.93); 310(465.56); 311(463.86); 312(657.72); 313(617.32); 314(654.44); 315(128.85); 316(509.59); 317(243.53); 318(346.23); 319(196.31); 320(907.27); 321(655.04); 322(255.81); 323(322.61); 324(441.57); 325(650.54); 326(707.73); 327(70.18); 328(688.99); 329(773.03); 330(321.25); 331(289.91); 332(718.64); 333(974.27); 334(817.25); 335(885.87); 336(603.53); 337(413.95); 338(524.67); 339(619.42); 340(423.45); 341(377.48); 342(586.42); 343(378.53); 344(606.75); 345(658.4); 346(908.59); 347(933.07); 348(73.48); 349(749.19); 350(717.07); 351(965.18); 352(791.07); 353(891.03); 354(495.78); 355(457.01); 356(560.35); 357(146.83); 358(576.8); 359(945.46); 360(587.9); 361(16.58); 362(341.24); 363(442.96); 364(812.43); 365(497.74); 366(209.5); 367(505.06); 368(718.89); 369(130.14); 370(993.1); 371(492.58); 372(277.98); 373(729.83); 374(973.24); 375(240.38); 376(563.71); 377(219.35); 378(33.18); 379(503.09); 380(806.29); 381(454.14); 382(594.66); 383(768.53); 384(978.09); 385(307.52); 386(782.92); 387(435.75); 388(263.4); 389(2.01); 390(321.09); 391(7.22); 392(908.67); 393(707.09); 394(160.68); 395(889.67); 396(434.55); 397(804.67); 398(756.03); 399(782.45); 400(749.76); 401(402.79); 402(536.85); 403(444.51); 404(434.61); 405(680.33); 406(616.16); 407(242.1); 408(733.68); 409(567.96); 410(944.07); 411(527.77); 412(316.27); 413(61.1); 414(71.28); 415(484.08); 416(576.35); 417(205.02); 418(56.3); 419(128.95); 420(922.59); 421(589.56); 422(964.1); 423(741.13); 424(163.42); 425(284.89); 426(323.16); 427(736.12); 428(10.64); 429(759.76); 430(993.71); 431(500.51); 432(913.78); 433(80.0); 434(510.68); 435(643.02); 436(343.58); 437(969.63); 438(100.19); 439(867.1); 440(176.32); 441(83.1); 442(133.97); 443(477.71); 444(495.75); 445(203.12); 446(55.5); 447(272.3); 448(107.58); 449(631.1); 450(287.46); 451(536.64); 452(20.51); 453(863.69); 454(886.0); 455(836.33); 456(477.65); 457(224.82); 458(445.03); 459(960.75); 460(398.5); 461(141.68); 462(556.8); 463(319.21); 464(876.18); 465(778.96); 466(858.75); 467(968.44); 468(715.27); 469(959.41); 470(883.14); 471(945.2); 472(939.57); 473(459.36); 474(659.46); 475(920.41); 476(933.5); 477(136.46); 478(46.54); 479(796.85); 480(652.99); 481(406.64); 482(820.7); 483(564.32); 484(539.28); 485(129.02); 486(93.04); 487(984.3); 488(92.73); 489(296.92); 490(131.31); 491(664.43); 492(536.08); 493(993.37); 494(852.0); 495(873.0); 496(296.14); 497(39.79); 498(697.42); 499(10.13),1
215,0(867.48); 1(761.52); 2(943.75); 3(812.02); 4(892.47); 5(855.4); 6(365.88); 7(573.59); 8(958.11); 9(457.35); 10(789.43); 11(131.02); 12(316.93); 13(194.51); 14(897.28); 15(71.15); 16(511.18); 17(469.94); 18(736.64); 19(671.11); 20(834.35); 21(765.51); 22(864.28); 23(103.47); 24(3.28); 25(691.36); 26(971.31); 27(30.01); 28(884.91); 29(689.53); 30(777.14); 31(535.82); 32(262.83); 33(306.46); 34(431.58); 35(438.52); 36(869.7); 37(744.8); 38(89.78); 39(939.24); 40(409.72); 41(483.89); 42(288.89); 43(741.58); 44(921.72); 45(127.86); 46(646.69); 47(529.92); 48(660.04); 49(252.12); 50(68.31); 51(85.32); 52(376.85); 53(555.17); 54(91.72); 55(481.78); 56(48.58); 57(571.07); 58(411.81); 59(916.56); 60(940.6); 61(905.2); 62(529.58); 63(108.96); 64(248.8); 65(92.09); 66(177.98); 67(274.48); 68(224.25); 69(73.4); 70(774.99); 71(825.42); 72(506.79); 73(829.85); 74(284.45); 75(94.59); 76(26.62); 77(936.23); 78(946.5); 79(151.52); 80(291.76); 81(503.42); 82(335.61); 83(935.45); 84(785.65); 85(419.88); 86(872.72); 87(390.64); 88(685.99); 89(6.27); 90(345.45); 91(899.54); 92(853.56); 93(504.26); 94(648.04); 95(467.33); 96(652.6); 97(560.66); 98(29.54); 99(207.63); 100(802.49); 101(742.03); 102(99.01); 103(104.98); 104(885.22); 105(317.9); 106(236.19); 107(613.32); 108(792.72); 109(227.47); 110(781.2); 111(386.9); 112(119.03); 113(215.29); 114(921.32); 115(768.06); 116(553.15); 117(234.16); 118(309.97); 119(146.31); 120(269.42); 121(633.21); 122(582.25); 123(300.55); 124(855.22); 125(968.3); 126(711.08); 127(97.17); 128(787.25); 129(561.78); 130(980.55); 131(873.85); 132(298.48); 133(808.88); 134(467.75); 135(292.69); 136(100.55); 137(732.76); 138(471.72); 139(516.68); 140(294.03); 141(616.71); 142(958.71); 143(608.88); 144(40.44); 145(396.1); 146(747.2); 147(789.61); 148(426.51); 149(649.42); 150(352.19); 151(456.29); 152(746.16); 153(298.85); 154(873.0); 155(828.38); 156(674.02); 157(667.2); 158(757.77); 159(899.91); 160(112.73); 161(215.44); 162(622.66); 163(116.3); 164(460.62); 165(368.08); 166(965.67); 167(285.41); 168(595.9); 169(714.86); 170(917.94); 171(9.29); 172(318.66); 173(936.72); 174(154.93); 175(240.03); 176(920.47); 177(988.79); 178(349.65); 179(125.78); 180(988.4); 181(829.0); 182(52.75); 183(442.64); 184(971.95); 185(185.53); 186(654.08); 187(912.17); 188(876.49); 189(767.87); 190(679.62); 191(92.25); 192(306.85); 193(742.67); 194(119.41); 195(319.48); 196(332.36); 197(331.81); 198(139.82); 199(603.78); 200(535.66); 201(235.24); 202(545.93); 203(37.98); 204(714.17); 205(393.57); 206(194.4); 207(85.67); 208(479.02); 209(225.87); 210(345.42); 211(659.87); 212(561.02); 213(417.32); 214(962.47); 216(184.24); 217(29.09); 218(133.95); 219(316.99); 220(244.43); 221(237.06); 222(6.21); 223(302.2); 224(0.29); 225(36.69); 226(359.38); 227(422.12); 228(119.98); 229(97.84); 230(60.94); 231(904.45); 232(825.19); 233(730.13); 234(493.32); 235(989.32); 236(861.78); 237(406.26); 238(218.73); 239(354.85); 240(959.41); 241(418.66); 242(269.17); 243(273.7); 244(681.29); 245(226.51); 246(70.98); 247(88.17); 248(39.28); 249(508.51); 250(151.12); 251(620.65); 252(794.64); 253(712.83); 254(882.37); 255(112.83); 256(348.98); 257(996.01); 258(669.81); 259(365.1); 260(621.14); 261(398.08); 262(495.02); 263(419.14); 264(761.23); 265(891.16); 266(485.46); 267(628.26); 268(660.68); 269(309.54); 270(102.95); 271(705.59); 272(551.39); 273(260.73); 274(640.42); 275(864.98); 276(579.16); 277(699.66); 278(587.9); 279(554.3); 280(992.44); 281(156.33); 282(127.31); 283(330.87); 284(711.64); 285(694.66); 286(158.68); 287(301.42); 288(974.86); 289(252.12); 290(972.61); 291(657.78); 292(122.58); 293(797.54); 294(34.73); 295(845.19); 296(558.16); 297(956.87); 298(972.09); 299(797.49); 300(533.06); 301(761.23); 302(689.62); 303(642.47); 304(208.84); 305(70.99); 306(953.95); 307(886.48); 308(987.91); 309(54.25); 310(978.45); 311(341.97); 312(348.65); 313(434.19); 314(580.3); 315(443.28); 316(128.09); 317(517.82); 318(122.96); 319(709.82); 320(126.62); 321(581.09); 322(240.42); 323(883.82); 324(26.41); 325(577.35); 326(199.16); 327(795.4); 328(658.85); 329(902.35); 330(340.94); 331(908.26); 332(629.94); 333(688.29); 334(914.71); 335(40.54); 336(138.86); 337(495.58); 338(745.78); 339(59.02); 340(467.42); 341(838.92); 342(157.19); 343(778.37); 344(477.94); 345(628.26); 346(501.44); 347(476.29); 348(132.64); 349(322.66); 350(261.49); 351(336.16); 352(717.25); 353(498.86); 354(414.02); 355(378.19); 356(611.02); 357(511.29); 358(397.1); 359(250.44); 360(613.57); 361(371.05); 362(319.86); 363(386.16); 364(651.74); 365(906.31); 366(251.45); 367(659.62); 368(350.12); 369(704.12); 370(219.2); 371(199.81); 372(674.79); 373(429.58); 374(879.19); 375(888.58); 376(730.21); 377(443.42); 378(598.19); 379(33.02); 380(815.09); 381(506.61); 382(35.41); 383(262.29); 384(234.69); 385(172.87); 386(564.37); 387(109.3); 388(992.97); 389(536.41); 390(897.9); 391(685.56); 392(840.28); 393(611.05); 394(54.28); 395(538.35); 396(644.53); 397(34.14); 398(881.31); 399(418.4); 400(400.15); 401(301.3); 402(520.88); 403(423.0); 404(849.14); 405(930.15); 406(18.67); 407(906.96); 408(893.56); 409(320.77); 410(967.12); 411(111.62); 412(266.59); 413(888.71); 414(402.18); 415(758.33); 416(226.72); 417(886.0); 418(964.64); 419(603.74); 420(518.56); 421(389.59); 422(811.11); 423(807.57); 424(453.16); 425(194.89); 426(212.73); 427(504.8); 428(147.1); 429(462.06); 430(984.74); 431(32.22); 432(112.41); 433(131.2); 434(53.6); 435(511.35); 436(894.04); 437(762.25); 438(528.67); 439(460.72); 440(171.17); 441(508.76); 442(791.3); 443(690.26); 444(652.25); 445(994.79); 446(393.89); 447(626.63); 448(339.52); 449(270.82); 450(139.35); 451(441.45); 452(839.02); 453(639.41); 454(542.56); 455(512.85); 456(822.84); 457(751.67); 458(626.53); 459(564.24); 460(92.58); 461(545.36); 462(452.47); 463(148.57); 464(891.28); 465(185.11); 466(69.75); 467(910.81); 468(978.34); 469(111.81); 470(821.19); 471(546.76); 472(784.94); 473(259.54); 474(766.36); 475(126.45); 476(994.1); 477(25.79); 478(548.85); 479(55.32); 480(813.45); 481(788.63); 482(601.15); 483(787.6); 484(265.96); 485(320.08); 486(619.93); 487(227.41); 488(781.63); 489(653.27); 490(494.41); 491(828.42); 492(589.27); 493(112.2); 494(729.15); 495(698.24); 496(144.63); 497(999.3); 498(850.77); 499(923.33),1
216,0(483.25); 1(653.72); 2(211.21); 3(250.31); 4(315.77); 5(11.91); 6(713.01); 7(774.37); 8(460.94); 9(948.5); 10(111.29); 11(502.03); 12(762.03); 13(116.68); 14(841.47); 15(197.48); 16(184.75); 17(418.28); 18(83.6); 19(913.8); 20(291.6); 21(513.28); 22(936.6); 23(942.68); 24(276.31); 25(44.44); 26(282.11); 27(700.83); 28(712.22); 29(236.81); 30(886.33); 31(74.93); 32(698.96); 33(402.7); 34(303.37); 35(231.16); 36(868.02); 37(811.75); 38(938.28); 39(382.44); 40(633.39); 41(840.99); 42(331.36); 43(796.91); 44(211.52); 45(753.58); 46(264.91); 47(96.61); 48(848.71); 49(133.93); 50(422.6); 51(976.43); 52(829.87); 53(915.42); 54(349.0); 55(869.94); 56(166.35); 57(57.11); 58(867.73); 59(420.13); 60(360.02); 61(257.56); 62(653.48); 63(396.86); 64(724.31); 65(984.67); 66(830.89); 67(472.06); 68(227.39); 69(473.65); 70(467.87); 71(543.87); 72(859.22); 73(977.3); 74(159.73); 75(5.62); 76(681.05); 77(831.02); 78(677.96); 79(829.38); 80(632.83); 81(733.11); 82(557.52); 83(384.23); 84(868.24); 85(167.57); 86(524.21); 87(835.84); 88(791.8); 89(353.38); 90(177.46); 91(166.62); 92(119.4); 93(711.06); 94(758.02); 95(841.49); 96(393.73); 97(144.17); 98(976.44); 99(555.16); 100(850.25); 101(386.73); 102(459.46); 103(180.11); 104(193.66); 105(771.89); 106(442.09); 107(632.49); 108(37.21); 109(397.43); 110(496.92); 111(901.47); 112(253.87); 113(421.48); 114(139.24); 115(934.09); 116(144.83); 117(483.84); 118(417.32); 119(939.4); 120(191.6); 121(353.76); 122(341.33); 123(732.59); 124(360.39); 125(270.6); 126(821.04); 127(506.73); 128(684.31); 129(122.56); 130(577.56); 131(594.81); 132(930.91); 133(219.45); 134(393.67); 135(747.6); 136(143.43); 137(139.57); 138(905.57); 139(47.17); 140(383.99); 141(811.11); 142(353.6); 143(575.86); 144(175.78); 145(126.34); 146(331.63); 147(235.29); 148(96.8); 149(225.83); 150(344.83); 151(28.01); 152(11.33); 153(29.28); 154(417.53); 155(694.2); 156(591.72); 157(942.57); 158(201.58); 159(87.6); 160(703.23); 161(438.1); 162(397.07); 163(275.31); 164(965.91); 165(907.2); 166(638.14); 167(438.93); 168(488.88); 169(808.55); 170(711.03); 171(110.73); 172(160.38); 173(971.44); 174(231.29); 175(34.66); 176(227.27); 177(923.96); 178(813.75); 179(107.06); 180(637.49); 181(609.84); 182(177.73); 183(714.37); 184(763.16); 185(180.94); 186(313.55); 187(419.26); 188(790.83); 189(735.58); 190(475.13); 191(92.83); 192(811.51); 193(335.58); 194(1.99); 195(426.04); 196(788.19); 197(672.48); 198(164.25); 199(621.59); 200(175.45); 201(887.96); 202(216.37); 203(332.71); 204(487.7); 205(97.91); 206(568.98); 207(382.04); 208(509.1); 209(50.17); 210(491.95); 211(515.37); 212(749.96); 213(673.12); 214(774.19); 215(184.24); 217(767.14); 218(205.28); 219(408.8); 220(214.73); 221(637.97); 222(986.17); 223(66.4); 224(154.88); 225(471.94); 226(817.75); 227(165.09); 228(702.92); 229(286.38); 230(935.72); 231(543.14); 232(470.98); 233(712.48); 234(386.59); 235(534.75); 236(871.03); 237(747.44); 238(929.16); 239(707.51); 240(171.48); 241(584.35); 242(163.19); 243(873.91); 244(278.03); 245(496.58); 246(36.72); 247(692.82); 248(850.49); 249(60.52); 250(556.62); 251(97.33); 252(648.83); 253(855.57); 254(712.01); 255(434.76); 256(239.46); 257(854.85); 258(731.95); 259(218.4); 260(527.81); 261(72.4); 262(740.01); 263(574.2); 264(642.31); 265(852.69); 266(894.19); 267(657.99); 268(896.7); 269(548.99); 270(438.29); 271(711.37); 272(41.5); 273(397.81); 274(650.94); 275(536.28); 276(627.96); 277(608.67); 278(846.18); 279(538.14); 280(574.83); 281(819.58); 282(494.84); 283(0.61); 284(169.86); 285(659.34); 286(727.36); 287(454.6); 288(186.94); 289(477.98); 290(62.7); 291(948.62); 292(121.67); 293(906.21); 294(77.97); 295(965.97); 296(800.1); 297(752.03); 298(694.11); 299(516.26); 300(956.97); 301(79.54); 302(670.6); 303(726.88); 304(929.02); 305(82.11); 306(492.1); 307(933.5); 308(292.13); 309(346.63); 310(914.9); 311(395.8); 312(549.41); 313(348.72); 314(599.71); 315(512.78); 316(339.14); 317(809.55); 318(92.14); 319(682.23); 320(616.05); 321(569.97); 322(655.65); 323(489.98); 324(926.13); 325(881.02); 326(467.47); 327(227.68); 328(406.1); 329(907.03); 330(218.86); 331(758.55); 332(777.61); 333(22.44); 334(293.5); 335(132.91); 336(322.57); 337(453.6); 338(608.04); 339(565.93); 340(601.48); 341(880.48); 342(737.22); 343(408.66); 344(159.35); 345(564.45); 346(692.03); 347(643.75); 348(215.85); 349(958.11); 350(466.11); 351(672.22); 352(255.67); 353(61.45); 354(332.85); 355(880.25); 356(698.54); 357(306.32); 358(100.95); 359(678.51); 360(429.81); 361(754.85); 362(965.07); 363(849.12); 364(365.12); 365(712.03); 366(483.13); 367(16.56); 368(850.11); 369(381.33); 370(769.86); 371(515.17); 372(910.34); 373(587.84); 374(733.12); 375(285.59); 376(674.34); 377(2.34); 378(601.67); 379(50.96); 380(221.15); 381(858.84); 382(77.99); 383(105.64); 384(560.99); 385(302.52); 386(272.44); 387(926.79); 388(332.99); 389(881.67); 390(919.74); 391(101.62); 392(658.76); 393(631.58); 394(213.12); 395(276.63); 396(883.54); 397(889.97); 398(834.24); 399(244.73); 400(540.63); 401(659.55); 402(629.88); 403(290.89); 404(404.96); 405(930.83); 406(920.12); 407(755.68); 408(232.49); 409(738.38); 410(183.14); 411(386.04); 412(82.31); 413(908.29); 414(98.96); 415(972.58); 416(282.9); 417(618.61); 418(87.03); 419(999.78); 420(200.26); 421(27.02); 422(1.78); 423(945.94); 424(778.94); 425(830.36); 426(733.89); 427(820.19); 428(793.57); 429(326.87); 430(881.63); 431(703.66); 432(289.85); 433(57.88); 434(555.93); 435(233.57); 436(19.38); 437(174.31); 438(825.11); 439(391.43); 440(644.95); 441(815.86); 442(180.04); 443(652.57); 444(825.13); 445(109.93); 446(565.46); 447(222.41); 448(830.99); 449(294.09); 450(120.68); 451(846.31); 452(787.23); 453(838.86); 454(665.44); 455(536.77); 456(298.58); 457(722.35); 458(500.62); 459(639.29); 460(666.36); 461(451.19); 462(788.21); 463(720.03); 464(294.85); 465(734.0); 466(693.02); 467(938.76); 468(143.61); 469(615.99); 470(25.0); 471(639.61); 472(777.4); 473(626.16); 474(988.3); 475(593.29); 476(331.08); 477(9.8); 478(439.39); 479(728.93); 480(214.52); 481(794.62); 482(934.9); 483(556.84); 484(324.05); 485(735.29); 486(665.34); 487(583.63); 488(627.96); 489(994.97); 490(676.82); 491(203.75); 492(626.53); 493(539.57); 494(60.54); 495(385.24); 496(9.07); 497(663.55); 498(791.98); 499(628.6),1
217,0(713.9); 1(812.64); 2(973.51); 3(745.16); 4(610.46); 5(796.19); 6(915.48); 7(940.39); 8(201.36); 9(862.42); 10(768.94); 11(51.01); 12(686.29); 13(583.5); 14(43.0); 15(407.4); 16(293.97); 17(355.92); 18(588.2); 19(987.16); 20(260.48); 21(985.49); 22(542.43); 23(12.51); 24(233.51); 25(753.47); 26(337.79); 27(581.13); 28(209.99); 29(885.02); 30(682.87); 31(999.0); 32(303.93); 33(811.57); 34(372.37); 35(186.22); 36(390.55); 37(836.31); 38(644.69); 39(810.3); 40(87.5); 41(173.02); 42(356.73); 43(210.42); 44(463.36); 45(20.8); 46(615.2); 47(229.24); 48(554.16); 49(48.04); 50(207.79); 51(661.24); 52(175.26); 53(855.62); 54(713.17); 55(694.65); 56(198.96); 57(500.69); 58(353.39); 59(836.63); 60(614.64); 61(304.73); 62(653.6); 63(41.16); 64(852.44); 65(912.8); 66(871.26); 67(303.17); 68(365.75); 69(30.63); 70(682.91); 71(955.66); 72(476.0); 73(288.79); 74(964.31); 75(158.75); 76(959.69); 77(352.71); 78(391.84); 79(821.45); 80(228.18); 81(765.84); 82(897.23); 83(439.94); 84(979.3); 85(261.25); 86(788.63); 87(644.55); 88(176.85); 89(449.55); 90(965.85); 91(466.39); 92(11.23); 93(916.32); 94(826.72); 95(426.02); 96(476.27); 97(856.7); 98(963.67); 99(805.32); 100(327.3); 101(126.85); 102(373.6); 103(674.45); 104(349.6); 105(768.46); 106(396.75); 107(322.28); 108(26.49); 109(715.97); 110(375.41); 111(313.33); 112(268.51); 113(721.6); 114(591.26); 115(573.95); 116(525.21); 117(914.04); 118(138.55); 119(96.54); 120(980.31); 121(903.69); 122(346.22); 123(830.43); 124(328.39); 125(250.63); 126(612.32); 127(782.74); 128(48.84); 129(591.02); 130(511.11); 131(39.1); 132(361.54); 133(438.8); 134(737.37); 135(273.83); 136(606.11); 137(857.98); 138(773.26); 139(916.44); 140(907.56); 141(544.84); 142(482.35); 143(533.64); 144(371.93); 145(222.29); 146(384.17); 147(766.76); 148(279.71); 149(331.44); 150(753.74); 151(115.76); 152(777.54); 153(57.42); 154(427.4); 155(694.93); 156(43.59); 157(392.85); 158(231.77); 159(580.13); 160(66.72); 161(635.3); 162(798.87); 163(671.27); 164(882.47); 165(919.21); 166(12.27); 167(377.58); 168(44.56); 169(945.48); 170(864.6); 171(499.22); 172(379.56); 173(416.16); 174(164.08); 175(389.71); 176(539.28); 177(999.38); 178(137.39); 179(945.22); 180(18.6); 181(692.04); 182(362.91); 183(5.24); 184(946.47); 185(448.36); 186(461.72); 187(746.69); 188(933.86); 189(531.23); 190(786.65); 191(796.2); 192(386.68); 193(389.49); 194(980.89); 195(247.38); 196(598.94); 197(894.19); 198(755.48); 199(152.26); 200(751.3); 201(633.14); 202(740.69); 203(953.93); 204(841.79); 205(346.68); 206(614.02); 207(19.2); 208(158.91); 209(8.12); 210(853.49); 211(639.75); 212(366.66); 213(572.25); 214(32.01); 215(29.09); 216(767.14); 218(693.48); 219(950.35); 220(172.74); 221(139.27); 222(841.98); 223(934.83); 224(514.7); 225(139.98); 226(673.35); 227(112.02); 228(45.48); 229(133.99); 230(322.23); 231(952.83); 232(392.97); 233(67.51); 234(44.86); 235(575.81); 236(79.99); 237(201.56); 238(198.76); 239(602.52); 240(781.51); 241(537.75); 242(614.14); 243(801.4); 244(177.48); 245(939.47); 246(26.01); 247(673.93); 248(137.41); 249(357.6); 250(59.1); 251(776.24); 252(274.11); 253(347.85); 254(102.22); 255(329.82); 256(248.07); 257(696.39); 258(169.42); 259(292.29); 260(9.58); 261(686.61); 262(744.17); 263(292.67); 264(700.3); 265(877.94); 266(890.36); 267(298.4); 268(910.63); 269(421.93); 270(213.68); 271(348.0); 272(149.09); 273(269.01); 274(294.96); 275(765.81); 276(199.34); 277(311.83); 278(988.97); 279(553.98); 280(63.82); 281(219.0); 282(44.25); 283(841.99); 284(520.53); 285(73.94); 286(546.75); 287(70.76); 288(386.85); 289(811.16); 290(662.14); 291(347.03); 292(571.47); 293(443.28); 294(625.77); 295(896.01); 296(212.31); 297(144.44); 298(268.07); 299(149.67); 300(835.37); 301(894.56); 302(720.15); 303(131.58); 304(712.34); 305(151.98); 306(129.08); 307(416.19); 308(112.66); 309(224.84); 310(226.52); 311(928.03); 312(30.39); 313(20.67); 314(279.9); 315(481.09); 316(310.82); 317(550.42); 318(724.24); 319(418.4); 320(316.3); 321(89.52); 322(227.83); 323(679.16); 324(288.04); 325(216.41); 326(719.48); 327(837.38); 328(376.73); 329(268.26); 330(694.35); 331(95.64); 332(81.58); 333(605.72); 334(94.01); 335(649.3); 336(906.63); 337(652.4); 338(867.37); 339(899.61); 340(23.68); 341(412.93); 342(274.2); 343(374.87); 344(70.76); 345(355.04); 346(771.67); 347(130.48); 348(346.2); 349(83.07); 350(4.75); 351(819.28); 352(900.65); 353(911.36); 354(68.58); 355(404.42); 356(117.13); 357(626.06); 358(905.89); 359(213.61); 360(780.73); 361(132.24); 362(416.56); 363(591.93); 364(379.51); 365(529.77); 366(220.33); 367(291.7); 368(394.52); 369(861.11); 370(306.42); 371(125.33); 372(529.34); 373(453.37); 374(460.54); 375(717.0); 376(874.66); 377(922.51); 378(270.26); 379(749.63); 380(625.4); 381(577.76); 382(693.14); 383(974.94); 384(59.02); 385(691.18); 386(504.76); 387(249.71); 388(572.59); 389(346.05); 390(41.87); 391(323.01); 392(517.7); 393(219.34); 394(446.76); 395(980.46); 396(902.52); 397(887.53); 398(656.47); 399(912.24); 400(198.78); 401(260.24); 402(959.29); 403(690.19); 404(798.78); 405(891.37); 406(941.84); 407(455.8); 408(240.32); 409(438.91); 410(645.51); 411(434.64); 412(994.17); 413(282.82); 414(855.99); 415(701.56); 416(764.35); 417(719.52); 418(665.88); 419(216.67); 420(304.83); 421(967.6); 422(920.21); 423(317.24); 424(542.39); 425(247.2); 426(592.56); 427(468.75); 428(163.6); 429(658.14); 430(953.44); 431(581.75); 432(473.96); 433(125.88); 434(845.2); 435(718.3); 436(946.07); 437(108.79); 438(411.97); 439(784.54); 440(62.86); 441(324.93); 442(702.41); 443(32.71); 444(726.65); 445(175.68); 446(64.6); 447(290.08); 448(813.93); 449(181.83); 450(513.21); 451(456.67); 452(820.75); 453(171.4); 454(103.39); 455(896.96); 456(698.89); 457(613.42); 458(979.83); 459(668.56); 460(498.69); 461(705.28); 462(620.29); 463(885.03); 464(946.86); 465(460.79); 466(956.87); 467(554.69); 468(703.19); 469(993.54); 470(743.33); 471(919.93); 472(789.95); 473(587.74); 474(893.17); 475(861.92); 476(806.61); 477(958.3); 478(350.84); 479(668.65); 480(23.73); 481(79.3); 482(985.5); 483(663.77); 484(926.02); 485(507.89); 486(284.74); 487(779.54); 488(249.11); 489(710.38); 490(114.3); 491(396.78); 492(899.23); 493(945.54); 494(391.82); 495(564.27); 496(274.25); 497(79.41); 498(767.75); 499(956.53),1
218,0(199.64); 1(384.88); 2(845.76); 3(751.81); 4(813.3); 5(554.77); 6(208.91); 7(107.54); 8(10.77); 9(351.28); 10(350.51); 11(229.46); 12(958.95); 13(597.36); 14(973.36); 15(86.68); 16(8.59); 17(518.36); 18(389.06); 19(659.78); 20(940.61); 21(196.25); 22(332.7); 23(501.76); 24(739.1); 25(228.84); 26(83.27); 27(748.97); 28(465.85); 29(618.91); 30(579.06); 31(976.74); 32(329.35); 33(218.11); 34(815.29); 35(306.92); 36(34.71); 37(632.41); 38(192.26); 39(367.35); 40(413.87); 41(313.55); 42(313.83); 43(950.72); 44(163.31); 45(401.89); 46(725.95); 47(205.28); 48(167.56); 49(92.33); 50(343.81); 51(76.01); 52(618.21); 53(161.31); 54(476.11); 55(345.47); 56(524.64); 57(284.45); 58(873.01); 59(452.35); 60(43.24); 61(39.05); 62(473.17); 63(127.22); 64(339.12); 65(619.46); 66(408.93); 67(49.96); 68(504.05); 69(609.51); 70(641.24); 71(646.43); 72(961.03); 73(353.27); 74(892.25); 75(974.55); 76(534.82); 77(441.64); 78(388.42); 79(500.32); 80(849.5); 81(563.04); 82(15.92); 83(683.44); 84(101.99); 85(599.18); 86(909.21); 87(823.17); 88(64.34); 89(819.11); 90(894.99); 91(811.53); 92(24.65); 93(3.98); 94(464.5); 95(702.51); 96(172.55); 97(654.4); 98(506.15); 99(956.96); 100(574.72); 101(247.53); 102(818.3); 103(98.62); 104(377.54); 105(264.39); 106(680.22); 107(950.5); 108(310.62); 109(630.16); 110(967.08); 111(809.69); 112(675.21); 113(660.23); 114(251.32); 115(257.26); 116(476.59); 117(562.19); 118(113.12); 119(497.9); 120(316.7); 121(763.31); 122(746.46); 123(948.19); 124(639.83); 125(328.71); 126(569.57); 127(551.43); 128(823.09); 129(853.33); 130(348.21); 131(434.44); 132(985.46); 133(208.37); 134(944.28); 135(75.27); 136(922.49); 137(659.37); 138(963.41); 139(492.96); 140(892.7); 141(160.45); 142(783.15); 143(652.77); 144(198.32); 145(457.37); 146(642.78); 147(555.61); 148(697.64); 149(960.19); 150(705.85); 151(431.94); 152(767.27); 153(911.25); 154(419.52); 155(848.11); 156(355.82); 157(821.47); 158(993.85); 159(391.81); 160(834.36); 161(746.56); 162(170.57); 163(713.2); 164(643.29); 165(120.84); 166(661.14); 167(923.98); 168(279.84); 169(848.32); 170(384.17); 171(678.54); 172(983.35); 173(755.88); 174(810.71); 175(866.07); 176(740.28); 177(109.41); 178(575.86); 179(617.66); 180(385.37); 181(982.16); 182(291.16); 183(676.9); 184(486.7); 185(190.69); 186(567.77); 187(951.55); 188(895.96); 189(134.52); 190(831.68); 191(435.7); 192(462.7); 193(75.55); 194(165.24); 195(30.11); 196(624.01); 197(924.9); 198(15.33); 199(776.3); 200(270.96); 201(652.18); 202(654.94); 203(423.36); 204(342.21); 205(545.13); 206(281.72); 207(879.59); 208(826.1); 209(15.01); 210(464.31); 211(558.48); 212(830.28); 213(843.95); 214(623.58); 215(133.95); 216(205.28); 217(693.48); 219(869.8); 220(436.27); 221(428.61); 222(16.24); 223(687.46); 224(161.81); 225(682.43); 226(811.41); 227(362.4); 228(568.08); 229(55.05); 230(649.47); 231(71.14); 232(160.42); 233(779.38); 234(780.02); 235(331.23); 236(398.34); 237(571.47); 238(443.16); 239(108.36); 240(952.18); 241(392.31); 242(534.06); 243(546.0); 244(824.97); 245(79.64); 246(738.39); 247(894.57); 248(596.2); 249(695.58); 250(470.44); 251(650.8); 252(191.21); 253(625.78); 254(572.28); 255(499.93); 256(281.63); 257(862.35); 258(903.08); 259(828.54); 260(553.63); 261(920.28); 262(92.77); 263(667.97); 264(433.41); 265(857.82); 266(139.83); 267(42.76); 268(619.7); 269(750.11); 270(337.49); 271(504.98); 272(566.78); 273(242.85); 274(825.4); 275(521.24); 276(691.0); 277(877.24); 278(891.44); 279(913.9); 280(807.82); 281(557.34); 282(800.65); 283(88.86); 284(731.08); 285(49.59); 286(562.25); 287(999.85); 288(543.79); 289(350.25); 290(598.52); 291(316.69); 292(399.67); 293(292.89); 294(572.48); 295(894.88); 296(285.69); 297(428.39); 298(87.76); 299(763.35); 300(803.7); 301(673.92); 302(916.16); 303(9.98); 304(839.75); 305(444.27); 306(154.2); 307(124.16); 308(852.59); 309(7.41); 310(723.64); 311(310.55); 312(721.38); 313(76.05); 314(901.3); 315(887.43); 316(547.16); 317(544.79); 318(74.66); 319(768.47); 320(989.3); 321(95.24); 322(338.94); 323(569.4); 324(321.86); 325(706.23); 326(176.4); 327(52.82); 328(978.13); 329(352.13); 330(364.13); 331(283.34); 332(528.17); 333(696.87); 334(195.09); 335(351.85); 336(286.99); 337(176.37); 338(273.13); 339(977.6); 340(209.97); 341(119.44); 342(229.16); 343(694.93); 344(535.35); 345(712.65); 346(357.88); 347(157.55); 348(102.03); 349(580.19); 350(844.33); 351(262.24); 352(471.76); 353(214.85); 354(75.76); 355(382.1); 356(550.48); 357(832.07); 358(923.89); 359(825.05); 360(79.3); 361(524.49); 362(267.36); 363(223.29); 364(557.66); 365(64.55); 366(181.9); 367(271.23); 368(804.31); 369(875.52); 370(315.31); 371(537.03); 372(152.0); 373(658.27); 374(606.42); 375(185.63); 376(113.41); 377(136.48); 378(941.01); 379(51.63); 380(878.44); 381(44.58); 382(552.57); 383(752.38); 384(856.82); 385(370.03); 386(599.29); 387(210.57); 388(116.6); 389(838.09); 390(990.53); 391(696.51); 392(22.74); 393(165.04); 394(460.14); 395(525.04); 396(774.39); 397(646.5); 398(446.46); 399(446.39); 400(938.95); 401(480.14); 402(438.22); 403(573.96); 404(383.57); 405(449.97); 406(322.94); 407(631.01); 408(43.53); 409(249.87); 410(927.19); 411(499.59); 412(65.77); 413(362.0); 414(896.03); 415(990.63); 416(822.07); 417(249.03); 418(492.64); 419(982.82); 420(124.68); 421(234.44); 422(794.97); 423(439.26); 424(482.74); 425(896.58); 426(128.36); 427(805.4); 428(574.17); 429(530.31); 430(463.56); 431(52.84); 432(227.15); 433(580.1); 434(11.7); 435(483.55); 436(799.18); 437(86.18); 438(179.1); 439(717.93); 440(893.2); 441(172.39); 442(493.19); 443(917.47); 444(946.27); 445(774.6); 446(494.27); 447(194.81); 448(691.5); 449(850.18); 450(85.91); 451(37.1); 452(609.65); 453(170.1); 454(20.35); 455(231.77); 456(953.54); 457(65.13); 458(424.0); 459(307.55); 460(66.49); 461(995.68); 462(863.84); 463(147.07); 464(280.28); 465(323.0); 466(857.71); 467(50.9); 468(576.93); 469(214.19); 470(354.9); 471(376.31); 472(704.02); 473(68.85); 474(265.31); 475(3.75); 476(851.95); 477(398.14); 478(660.43); 479(32.23); 480(520.91); 481(696.51); 482(976.92); 483(451.5); 484(848.93); 485(225.92); 486(549.45); 487(827.37); 488(6.01); 489(172.94); 490(327.32); 491(73.92); 492(505.68); 493(998.77); 494(183.45); 495(255.66); 496(515.94); 497(310.87); 498(741.66); 499(60.17),1
219,0(6.86); 1(101.39); 2(784.15); 3(753.35); 4(69.94); 5(1.42); 6(467.87); 7(992.66); 8(271.58); 9(186.75); 10(815.08); 11(328.75); 12(992.63); 13(826.04); 14(814.17); 15(915.12); 16(242.02); 17(759.86); 18(215.56); 19(203.29); 20(690.69); 21(470.95); 22(901.32); 23(84.93); 24(193.33); 25(877.24); 26(144.79); 27(189.43); 28(694.76); 29(743.12); 30(318.28); 31(598.22); 32(702.63); 33(776.18); 34(515.27); 35(302.91); 36(19.23); 37(762.22); 38(329.05); 39(305.71); 40(305.58); 41(530.92); 42(871.35); 43(126.97); 44(950.07); 45(379.29); 46(939.01); 47(999.74); 48(267.63); 49(991.51); 50(338.07); 51(789.32); 52(356.16); 53(277.64); 54(61.91); 55(503.29); 56(928.37); 57(121.43); 58(449.71); 59(984.37); 60(935.61); 61(305.45); 62(12.13); 63(418.52); 64(782.7); 65(769.02); 66(684.72); 67(358.1); 68(429.59); 69(458.29); 70(578.97); 71(267.62); 72(870.47); 73(379.66); 74(197.5); 75(350.11); 76(83.81); 77(3.51); 78(147.91); 79(332.17); 80(325.51); 81(25.66); 82(634.2); 83(874.6); 84(4.5); 85(437.75); 86(893.02); 87(588.49); 88(429.38); 89(72.28); 90(631.15); 91(862.37); 92(393.51); 93(473.24); 94(614.12); 95(893.64); 96(82.24); 97(836.51); 98(404.64); 99(476.31); 100(930.58); 101(78.59); 102(940.97); 103(98.12); 104(672.84); 105(576.19); 106(791.28); 107(651.81); 108(231.59); 109(929.43); 110(977.79); 111(826.56); 112(685.8); 113(724.93); 114(880.92); 115(445.79); 116(899.61); 117(730.3); 118(746.57); 119(782.86); 120(332.16); 121(24.97); 122(730.79); 123(743.87); 124(834.05); 125(321.49); 126(811.12); 127(474.24); 128(121.27); 129(662.55); 130(556.58); 131(220.2); 132(366.12); 133(200.22); 134(541.74); 135(173.48); 136(991.69); 137(217.54); 138(842.37); 139(178.77); 140(75.34); 141(79.3); 142(332.97); 143(967.19); 144(285.67); 145(754.99); 146(390.16); 147(710.32); 148(292.05); 149(264.72); 150(379.02); 151(131.32); 152(548.89); 153(833.89); 154(372.63); 155(435.45); 156(25.75); 157(956.4); 158(28.22); 159(149.91); 160(299.4); 161(875.41); 162(752.98); 163(885.82); 164(38.22); 165(177.64); 166(958.36); 167(804.43); 168(498.5); 169(499.21); 170(71.94); 171(261.63); 172(242.44); 173(666.17); 174(792.74); 175(530.1); 176(697.13); 177(336.34); 178(666.46); 179(230.13); 180(347.39); 181(2.69); 182(354.57); 183(117.71); 184(25.31); 185(998.28); 186(141.77); 187(363.26); 188(552.42); 189(2.98); 190(658.41); 191(981.4); 192(428.13); 193(355.63); 194(339.57); 195(548.45); 196(974.18); 197(128.61); 198(427.63); 199(618.83); 200(29.73); 201(928.94); 202(575.02); 203(765.98); 204(443.73); 205(643.63); 206(10.9); 207(861.72); 208(695.05); 209(991.53); 210(115.85); 211(260.4); 212(742.29); 213(192.83); 214(922.38); 215(316.99); 216(408.8); 217(950.35); 218(869.8); 220(296.47); 221(623.89); 222(496.29); 223(598.08); 224(759.47); 225(692.61); 226(644.8); 227(969.5); 228(886.13); 229(743.9); 230(787.52); 231(226.12); 232(248.02); 233(380.33); 234(604.23); 235(995.9); 236(229.41); 237(695.97); 238(456.23); 239(178.34); 240(969.41); 241(929.85); 242(736.4); 243(818.21); 244(251.07); 245(631.77); 246(223.44); 247(683.38); 248(71.88); 249(984.17); 250(534.96); 251(525.9); 252(388.62); 253(235.38); 254(187.76); 255(936.11); 256(859.03); 257(444.47); 258(859.63); 259(456.72); 260(992.68); 261(738.07); 262(746.04); 263(910.65); 264(540.53); 265(102.51); 266(260.98); 267(543.88); 268(561.06); 269(150.46); 270(822.27); 271(619.81); 272(751.32); 273(729.88); 274(750.32); 275(468.99); 276(92.29); 277(267.69); 278(164.44); 279(200.53); 280(160.24); 281(333.37); 282(201.64); 283(247.7); 284(407.86); 285(995.84); 286(623.3); 287(22.51); 288(503.0); 289(937.09); 290(78.91); 291(701.91); 292(263.7); 293(48.05); 294(919.3); 295(660.74); 296(779.18); 297(395.26); 298(628.42); 299(484.95); 300(643.46); 301(33.52); 302(512.22); 303(397.86); 304(906.42); 305(630.25); 306(561.04); 307(657.43); 308(739.75); 309(615.07); 310(709.49); 311(590.73); 312(528.37); 313(409.62); 314(749.55); 315(638.8); 316(407.97); 317(599.36); 318(588.91); 319(16.1); 320(846.47); 321(181.17); 322(196.02); 323(442.72); 324(211.43); 325(794.59); 326(861.02); 327(286.47); 328(38.86); 329(603.22); 330(935.05); 331(85.72); 332(672.21); 333(565.64); 334(462.03); 335(739.32); 336(932.33); 337(869.46); 338(399.51); 339(526.65); 340(207.79); 341(215.42); 342(577.57); 343(975.69); 344(802.07); 345(620.4); 346(682.85); 347(498.5); 348(56.07); 349(264.41); 350(972.67); 351(864.46); 352(166.39); 353(693.28); 354(683.52); 355(604.97); 356(513.8); 357(709.05); 358(992.58); 359(237.41); 360(71.6); 361(480.63); 362(114.25); 363(814.94); 364(458.49); 365(626.54); 366(418.76); 367(329.88); 368(644.29); 369(760.63); 370(448.9); 371(469.11); 372(502.09); 373(420.56); 374(921.37); 375(770.81); 376(832.11); 377(225.81); 378(686.41); 379(846.05); 380(416.19); 381(153.99); 382(816.87); 383(552.5); 384(299.43); 385(879.09); 386(129.91); 387(381.1); 388(723.6); 389(106.56); 390(669.99); 391(318.57); 392(627.62); 393(793.96); 394(0.73); 395(66.45); 396(391.89); 397(230.34); 398(770.68); 399(978.11); 400(550.48); 401(852.87); 402(436.81); 403(735.84); 404(747.18); 405(992.1); 406(164.59); 407(440.33); 408(285.46); 409(711.02); 410(675.73); 411(267.97); 412(559.98); 413(633.07); 414(588.05); 415(95.54); 416(704.14); 417(945.34); 418(67.45); 419(187.21); 420(634.67); 421(849.49); 422(937.84); 423(82.1); 424(741.75); 425(78.18); 426(206.15); 427(43.25); 428(178.18); 429(299.78); 430(233.04); 431(357.99); 432(59.9); 433(33.72); 434(421.9); 435(22.7); 436(663.94); 437(924.85); 438(511.41); 439(499.38); 440(109.21); 441(880.96); 442(315.66); 443(254.39); 444(260.47); 445(807.27); 446(850.77); 447(901.28); 448(769.04); 449(718.98); 450(430.84); 451(492.41); 452(263.79); 453(476.24); 454(158.56); 455(313.2); 456(116.41); 457(50.69); 458(592.73); 459(856.68); 460(951.19); 461(71.61); 462(61.19); 463(730.96); 464(66.41); 465(482.78); 466(78.65); 467(596.11); 468(780.98); 469(520.05); 470(448.22); 471(480.08); 472(304.64); 473(960.04); 474(473.44); 475(293.38); 476(640.21); 477(819.23); 478(341.73); 479(209.91); 480(686.66); 481(688.54); 482(383.69); 483(674.91); 484(947.09); 485(137.7); 486(816.79); 487(410.16); 488(742.94); 489(78.33); 490(443.91); 491(161.15); 492(496.76); 493(653.57); 494(169.54); 495(618.12); 496(560.23); 497(16.63); 498(976.9); 499(209.9),1
220,0(372.83); 1(348.22); 2(683.46); 3(951.85); 4(355.54); 5(964.2); 6(614.67); 7(594.63); 8(616.67); 9(335.41); 10(461.25); 11(26.87); 12(648.43); 13(521.63); 14(840.66); 15(898.12); 16(427.87); 17(449.31); 18(654.84); 19(180.27); 20(327.63); 21(633.38); 22(221.55); 23(174.26); 24(397.55); 25(637.81); 26(270.27); 27(653.53); 28(274.41); 29(165.36); 30(824.69); 31(822.13); 32(979.28); 33(345.78); 34(555.19); 35(307.45); 36(805.24); 37(597.5); 38(551.32); 39(218.77); 40(725.17); 41(141.22); 42(682.32); 43(8.68); 44(802.5); 45(285.24); 46(939.19); 47(265.64); 48(117.81); 49(838.88); 50(738.94); 51(277.73); 52(886.1); 53(764.87); 54(665.85); 55(857.01); 56(802.39); 57(223.52); 58(102.37); 59(609.06); 60(67.45); 61(482.8); 62(117.77); 63(313.11); 64(473.17); 65(110.52); 66(379.93); 67(507.4); 68(596.76); 69(796.05); 70(808.15); 71(717.72); 72(846.12); 73(641.4); 74(87.08); 75(609.99); 76(661.61); 77(598.64); 78(640.38); 79(459.78); 80(931.6); 81(225.85); 82(187.22); 83(800.35); 84(783.3); 85(914.1); 86(870.39); 87(166.84); 88(666.38); 89(187.34); 90(795.46); 91(682.58); 92(736.22); 93(338.99); 94(997.86); 95(655.23); 96(805.08); 97(299.79); 98(663.88); 99(211.56); 100(999.85); 101(888.03); 102(283.81); 103(94.29); 104(492.97); 105(810.33); 106(36.96); 107(273.59); 108(368.79); 109(747.39); 110(88.11); 111(162.97); 112(427.98); 113(74.44); 114(680.39); 115(269.81); 116(389.98); 117(381.72); 118(47.12); 119(404.16); 120(395.15); 121(752.4); 122(560.53); 123(496.17); 124(524.64); 125(703.26); 126(891.73); 127(41.08); 128(106.79); 129(621.82); 130(9.08); 131(814.14); 132(864.47); 133(437.91); 134(987.56); 135(568.4); 136(942.94); 137(676.16); 138(350.01); 139(370.61); 140(212.39); 141(345.74); 142(478.16); 143(251.35); 144(187.25); 145(785.04); 146(576.1); 147(581.44); 148(67.25); 149(839.19); 150(156.07); 151(583.99); 152(296.19); 153(247.92); 154(746.51); 155(978.68); 156(583.41); 157(149.21); 158(285.58); 159(48.67); 160(590.16); 161(399.77); 162(286.49); 163(321.73); 164(373.81); 165(696.04); 166(514.88); 167(422.73); 168(27.6); 169(600.47); 170(135.49); 171(567.52); 172(621.36); 173(551.27); 174(840.38); 175(550.64); 176(373.99); 177(291.19); 178(11.75); 179(675.07); 180(606.2); 181(62.13); 182(705.79); 183(564.81); 184(713.45); 185(283.5); 186(905.7); 187(432.55); 188(188.68); 189(318.36); 190(769.07); 191(783.29); 192(945.29); 193(871.18); 194(208.2); 195(866.43); 196(502.72); 197(164.75); 198(514.71); 199(537.69); 200(801.89); 201(826.92); 202(916.76); 203(832.67); 204(48.5); 205(547.96); 206(498.44); 207(88.97); 208(612.82); 209(873.15); 210(447.53); 211(307.14); 212(484.18); 213(214.99); 214(497.92); 215(244.43); 216(214.73); 217(172.74); 218(436.27); 219(296.47); 221(170.17); 222(983.09); 223(869.36); 224(954.65); 225(659.44); 226(108.53); 227(481.93); 228(400.33); 229(54.19); 230(561.4); 231(266.43); 232(933.15); 233(222.27); 234(101.64); 235(474.12); 236(363.94); 237(626.38); 238(751.19); 239(815.17); 240(554.66); 241(204.87); 242(463.63); 243(398.63); 244(324.67); 245(396.28); 246(111.52); 247(830.74); 248(338.61); 249(780.08); 250(669.92); 251(995.03); 252(51.0); 253(629.75); 254(451.27); 255(945.59); 256(585.4); 257(423.87); 258(949.53); 259(984.23); 260(220.54); 261(823.39); 262(668.42); 263(700.96); 264(365.1); 265(442.19); 266(712.78); 267(684.02); 268(763.12); 269(873.29); 270(429.13); 271(622.03); 272(95.29); 273(45.72); 274(466.89); 275(572.33); 276(173.16); 277(968.66); 278(581.68); 279(838.26); 280(249.71); 281(459.37); 282(945.96); 283(722.85); 284(299.17); 285(933.65); 286(25.11); 287(394.1); 288(453.35); 289(759.82); 290(218.46); 291(986.51); 292(13.9); 293(688.93); 294(14.54); 295(987.73); 296(212.77); 297(437.69); 298(118.42); 299(689.18); 300(770.73); 301(60.22); 302(423.45); 303(745.81); 304(165.56); 305(579.13); 306(118.61); 307(618.33); 308(177.08); 309(187.42); 310(832.65); 311(839.56); 312(858.63); 313(353.22); 314(625.15); 315(502.5); 316(700.23); 317(909.8); 318(666.69); 319(419.65); 320(483.33); 321(605.35); 322(249.38); 323(513.28); 324(194.24); 325(590.5); 326(561.67); 327(816.12); 328(561.14); 329(667.03); 330(526.63); 331(340.29); 332(707.99); 333(84.26); 334(675.36); 335(687.57); 336(152.18); 337(172.89); 338(986.13); 339(46.03); 340(805.78); 341(349.43); 342(803.48); 343(658.18); 344(184.75); 345(284.62); 346(675.2); 347(352.77); 348(19.85); 349(250.97); 350(785.08); 351(742.81); 352(672.08); 353(912.52); 354(140.5); 355(812.64); 356(551.15); 357(824.58); 358(537.33); 359(103.73); 360(565.01); 361(198.28); 362(514.5); 363(416.11); 364(179.34); 365(603.97); 366(937.54); 367(218.21); 368(320.86); 369(423.69); 370(24.15); 371(884.65); 372(785.79); 373(149.56); 374(475.85); 375(531.91); 376(526.99); 377(892.2); 378(112.13); 379(365.17); 380(773.99); 381(499.46); 382(465.22); 383(214.36); 384(28.72); 385(392.82); 386(863.62); 387(24.03); 388(552.27); 389(982.32); 390(935.4); 391(151.37); 392(381.05); 393(789.43); 394(630.16); 395(730.07); 396(82.21); 397(918.26); 398(322.02); 399(896.59); 400(542.91); 401(120.65); 402(381.29); 403(441.37); 404(545.75); 405(322.45); 406(19.93); 407(511.63); 408(14.47); 409(763.08); 410(332.12); 411(259.07); 412(197.25); 413(798.33); 414(972.17); 415(976.0); 416(93.11); 417(830.69); 418(808.26); 419(220.63); 420(751.41); 421(560.56); 422(368.71); 423(710.72); 424(989.62); 425(226.44); 426(469.62); 427(128.15); 428(186.15); 429(755.28); 430(988.37); 431(507.53); 432(529.03); 433(22.43); 434(958.8); 435(121.13); 436(95.58); 437(900.96); 438(614.31); 439(733.17); 440(27.61); 441(885.73); 442(697.67); 443(249.81); 444(868.52); 445(124.79); 446(744.72); 447(164.93); 448(706.76); 449(808.56); 450(92.88); 451(774.3); 452(617.02); 453(411.64); 454(87.55); 455(923.66); 456(831.44); 457(604.67); 458(551.49); 459(613.09); 460(913.77); 461(336.32); 462(188.56); 463(262.0); 464(649.71); 465(669.48); 466(275.48); 467(298.19); 468(666.45); 469(610.58); 470(206.14); 471(933.31); 472(354.61); 473(682.26); 474(34.97); 475(680.96); 476(158.19); 477(287.77); 478(213.98); 479(745.52); 480(791.32); 481(897.75); 482(103.97); 483(619.85); 484(812.47); 485(115.27); 486(407.91); 487(700.11); 488(983.49); 489(651.28); 490(888.16); 491(349.69); 492(17.45); 493(181.97); 494(401.12); 495(487.87); 496(630.44); 497(459.81); 498(319.44); 499(354.49),1
221,0(55.42); 1(452.48); 2(613.23); 3(773.84); 4(394.52); 5(864.22); 6(539.64); 7(179.46); 8(107.8); 9(901.44); 10(346.06); 11(150.82); 12(272.15); 13(996.76); 14(321.74); 15(505.17); 16(774.93); 17(703.21); 18(544.5); 19(380.48); 20(905.48); 21(210.76); 22(112.33); 23(384.1); 24(234.87); 25(130.16); 26(11.23); 27(341.79); 28(668.76); 29(915.09); 30(555.31); 31(709.91); 32(489.81); 33(645.87); 34(751.89); 35(922.97); 36(489.76); 37(810.89); 38(921.31); 39(441.52); 40(446.28); 41(284.1); 42(524.53); 43(310.54); 44(429.52); 45(987.72); 46(668.56); 47(834.41); 48(147.58); 49(144.51); 50(402.35); 51(199.3); 52(179.64); 53(272.68); 54(787.01); 55(258.0); 56(869.17); 57(145.26); 58(313.87); 59(984.57); 60(818.54); 61(278.84); 62(964.19); 63(656.15); 64(361.15); 65(928.46); 66(611.0); 67(198.59); 68(880.08); 69(211.55); 70(310.39); 71(545.26); 72(156.23); 73(870.96); 74(525.7); 75(88.61); 76(425.89); 77(729.85); 78(984.41); 79(54.5); 80(768.7); 81(658.06); 82(278.94); 83(240.64); 84(482.14); 85(555.91); 86(632.17); 87(720.55); 88(924.46); 89(331.87); 90(568.94); 91(236.73); 92(218.81); 93(557.74); 94(758.6); 95(875.86); 96(465.86); 97(29.32); 98(460.35); 99(25.96); 100(144.88); 101(231.6); 102(595.15); 103(251.41); 104(499.71); 105(523.86); 106(852.33); 107(941.12); 108(760.53); 109(322.56); 110(214.23); 111(620.85); 112(568.29); 113(195.51); 114(789.74); 115(507.33); 116(653.52); 117(582.98); 118(148.15); 119(903.15); 120(305.22); 121(484.66); 122(220.89); 123(837.29); 124(507.8); 125(381.59); 126(480.77); 127(219.65); 128(314.63); 129(834.25); 130(645.68); 131(722.05); 132(745.9); 133(904.11); 134(24.4); 135(928.41); 136(601.55); 137(791.41); 138(383.54); 139(630.91); 140(136.3); 141(369.35); 142(603.87); 143(898.56); 144(49.34); 145(695.61); 146(971.45); 147(291.59); 148(956.74); 149(296.09); 150(446.46); 151(82.94); 152(598.14); 153(574.4); 154(477.39); 155(503.94); 156(13.24); 157(780.91); 158(58.74); 159(446.68); 160(744.51); 161(80.92); 162(308.02); 163(561.87); 164(986.08); 165(392.78); 166(257.81); 167(986.47); 168(332.5); 169(12.28); 170(504.35); 171(219.18); 172(388.24); 173(555.23); 174(90.79); 175(530.46); 176(9.99); 177(359.76); 178(167.55); 179(486.19); 180(365.26); 181(905.79); 182(819.02); 183(82.48); 184(218.34); 185(460.72); 186(398.2); 187(248.07); 188(272.72); 189(716.02); 190(104.15); 191(939.19); 192(768.44); 193(585.07); 194(436.54); 195(600.43); 196(780.86); 197(392.38); 198(594.61); 199(733.26); 200(672.7); 201(81.91); 202(905.21); 203(601.08); 204(470.22); 205(130.83); 206(671.7); 207(223.1); 208(536.94); 209(186.1); 210(360.95); 211(639.38); 212(33.58); 213(579.19); 214(50.69); 215(237.06); 216(637.97); 217(139.27); 218(428.61); 219(623.89); 220(170.17); 222(874.91); 223(197.26); 224(471.34); 225(954.87); 226(750.27); 227(689.45); 228(625.95); 229(949.07); 230(939.07); 231(705.13); 232(592.32); 233(589.84); 234(196.61); 235(2.75); 236(67.36); 237(619.73); 238(724.7); 239(395.53); 240(76.25); 241(735.8); 242(454.22); 243(196.82); 244(368.43); 245(748.77); 246(747.28); 247(317.9); 248(859.68); 249(740.49); 250(611.08); 251(859.33); 252(26.4); 253(416.47); 254(155.83); 255(726.69); 256(863.32); 257(547.47); 258(762.28); 259(563.56); 260(84.06); 261(587.87); 262(224.3); 263(284.41); 264(132.5); 265(469.91); 266(801.63); 267(41.88); 268(465.37); 269(243.86); 270(496.09); 271(690.79); 272(838.14); 273(964.23); 274(827.64); 275(222.95); 276(979.9); 277(362.42); 278(508.25); 279(111.98); 280(13.12); 281(380.97); 282(413.4); 283(878.67); 284(58.28); 285(483.62); 286(473.62); 287(400.21); 288(352.01); 289(889.53); 290(667.28); 291(877.76); 292(414.79); 293(901.78); 294(10.21); 295(479.22); 296(773.38); 297(964.51); 298(482.8); 299(226.19); 300(706.53); 301(962.63); 302(459.89); 303(661.38); 304(19.45); 305(504.72); 306(465.53); 307(960.59); 308(103.88); 309(989.68); 310(348.16); 311(557.93); 312(446.8); 313(803.04); 314(320.45); 315(67.52); 316(986.39); 317(778.22); 318(287.11); 319(444.76); 320(990.38); 321(399.12); 322(894.81); 323(102.52); 324(490.93); 325(779.22); 326(512.38); 327(751.67); 328(75.26); 329(835.37); 330(613.85); 331(356.93); 332(674.96); 333(614.47); 334(52.83); 335(875.91); 336(167.85); 337(319.37); 338(815.4); 339(660.03); 340(392.9); 341(811.75); 342(956.73); 343(353.53); 344(849.5); 345(484.6); 346(984.91); 347(388.17); 348(84.62); 349(157.51); 350(698.0); 351(425.55); 352(790.94); 353(479.45); 354(335.54); 355(829.04); 356(556.58); 357(667.64); 358(152.13); 359(487.22); 360(405.88); 361(322.61); 362(450.86); 363(517.23); 364(64.36); 365(690.89); 366(774.71); 367(418.44); 368(736.58); 369(313.82); 370(632.11); 371(90.85); 372(716.49); 373(214.23); 374(480.16); 375(259.61); 376(345.1); 377(675.01); 378(988.72); 379(651.12); 380(736.49); 381(524.25); 382(232.46); 383(28.08); 384(811.33); 385(136.22); 386(46.24); 387(932.31); 388(639.73); 389(134.71); 390(276.44); 391(933.84); 392(35.78); 393(997.31); 394(443.11); 395(437.26); 396(498.05); 397(525.09); 398(413.26); 399(873.41); 400(259.84); 401(374.63); 402(683.31); 403(505.16); 404(679.72); 405(632.19); 406(458.16); 407(447.63); 408(256.46); 409(400.61); 410(122.54); 411(969.69); 412(462.71); 413(333.58); 414(997.34); 415(596.84); 416(29.74); 417(441.26); 418(193.38); 419(299.33); 420(882.84); 421(46.07); 422(669.4); 423(724.92); 424(657.45); 425(606.71); 426(588.92); 427(591.49); 428(572.92); 429(519.66); 430(799.4); 431(305.1); 432(419.1); 433(346.85); 434(480.13); 435(570.6); 436(857.83); 437(955.51); 438(719.85); 439(506.16); 440(274.67); 441(338.33); 442(69.68); 443(591.84); 444(389.95); 445(347.36); 446(352.27); 447(944.13); 448(749.05); 449(67.1); 450(695.28); 451(233.93); 452(943.04); 453(821.57); 454(337.05); 455(656.13); 456(881.53); 457(659.89); 458(901.04); 459(866.74); 460(581.36); 461(529.02); 462(456.22); 463(634.92); 464(959.86); 465(267.61); 466(490.78); 467(336.14); 468(788.99); 469(212.64); 470(793.56); 471(687.02); 472(257.94); 473(450.46); 474(796.74); 475(13.3); 476(160.25); 477(233.82); 478(759.27); 479(920.7); 480(509.14); 481(169.28); 482(171.8); 483(998.47); 484(649.13); 485(361.88); 486(133.75); 487(897.38); 488(643.22); 489(96.41); 490(1.31); 491(381.64); 492(655.99); 493(645.93); 494(914.84); 495(964.37); 496(83.83); 497(719.59); 498(329.55); 499(211.94),2
222,0(818.27); 1(106.69); 2(629.02); 3(484.23); 4(105.78); 5(677.98); 6(271.52); 7(548.11); 8(690.85); 9(109.2); 10(572.39); 11(312.11); 12(137.82); 13(956.66); 14(894.98); 15(743.5); 16(356.13); 17(353.27); 18(186.85); 19(931.13); 20(139.0); 21(38.54); 22(349.55); 23(616.09); 24(133.3); 25(902.63); 26(9.59); 27(76.1); 28(408.9); 29(946.02); 30(137.79); 31(281.78); 32(92.67); 33(392.33); 34(802.73); 35(747.42); 36(306.98); 37(608.87); 38(809.16); 39(662.26); 40(922.6); 41(10.69); 42(818.58); 43(402.29); 44(365.24); 45(368.89); 46(218.86); 47(945.88); 48(589.71); 49(420.72); 50(571.53); 51(449.78); 52(971.34); 53(1.98); 54(4.83); 55(494.9); 56(210.94); 57(221.97); 58(932.41); 59(269.32); 60(175.09); 61(806.31); 62(739.55); 63(112.58); 64(329.28); 65(962.37); 66(485.38); 67(193.56); 68(62.37); 69(585.35); 70(258.73); 71(808.66); 72(433.65); 73(866.92); 74(176.37); 75(59.52); 76(795.23); 77(571.21); 78(821.35); 79(362.91); 80(487.49); 81(592.8); 82(334.37); 83(946.6); 84(730.72); 85(945.88); 86(697.37); 87(812.95); 88(16.01); 89(800.32); 90(534.62); 91(405.93); 92(737.84); 93(986.49); 94(922.22); 95(370.0); 96(346.04); 97(366.5); 98(901.03); 99(775.63); 100(780.6); 101(474.53); 102(87.33); 103(221.22); 104(539.63); 105(783.6); 106(287.09); 107(223.15); 108(441.6); 109(54.72); 110(642.21); 111(493.96); 112(536.09); 113(369.62); 114(485.45); 115(615.75); 116(117.96); 117(717.82); 118(82.66); 119(480.81); 120(104.37); 121(215.54); 122(701.93); 123(361.36); 124(76.94); 125(577.2); 126(700.8); 127(496.44); 128(859.13); 129(572.97); 130(415.01); 131(820.74); 132(832.85); 133(111.43); 134(783.52); 135(161.67); 136(238.66); 137(682.82); 138(306.46); 139(644.71); 140(226.51); 141(491.24); 142(449.79); 143(98.72); 144(216.86); 145(388.13); 146(153.24); 147(217.03); 148(5.31); 149(928.58); 150(406.8); 151(610.93); 152(975.49); 153(483.26); 154(660.8); 155(44.49); 156(413.95); 157(593.62); 158(375.36); 159(989.33); 160(516.84); 161(993.39); 162(213.51); 163(972.49); 164(152.23); 165(507.36); 166(543.1); 167(215.97); 168(35.35); 169(953.35); 170(922.06); 171(949.19); 172(855.69); 173(124.31); 174(720.12); 175(184.63); 176(925.1); 177(578.82); 178(207.73); 179(745.9); 180(416.15); 181(918.38); 182(154.53); 183(270.09); 184(125.97); 185(399.74); 186(15.89); 187(573.31); 188(181.19); 189(108.04); 190(230.45); 191(289.16); 192(707.35); 193(33.12); 194(122.95); 195(427.67); 196(858.96); 197(821.39); 198(255.04); 199(5.55); 200(423.9); 201(925.75); 202(614.23); 203(364.71); 204(611.66); 205(423.72); 206(684.98); 207(626.8); 208(468.94); 209(643.97); 210(176.0); 211(634.89); 212(286.25); 213(13.64); 214(672.83); 215(6.21); 216(986.17); 217(841.98); 218(16.24); 219(496.29); 220(983.09); 221(874.91); 223(91.5); 224(923.92); 225(225.74); 226(544.98); 227(909.7); 228(639.18); 229(745.7); 230(944.81); 231(727.14); 232(918.45); 233(829.9); 234(754.53); 235(168.41); 236(589.11); 237(122.16); 238(723.47); 239(665.1); 240(958.17); 241(832.37); 242(407.96); 243(179.8); 244(56.3); 245(933.22); 246(342.42); 247(821.9); 248(93.94); 249(797.13); 250(215.35); 251(734.49); 252(443.24); 253(236.08); 254(246.75); 255(41.76); 256(168.01); 257(368.02); 258(125.32); 259(312.09); 260(93.84); 261(468.28); 262(376.17); 263(491.49); 264(0.87); 265(882.16); 266(562.16); 267(797.83); 268(34.61); 269(602.57); 270(58.38); 271(225.13); 272(229.17); 273(394.3); 274(845.31); 275(878.9); 276(675.32); 277(168.65); 278(172.45); 279(495.29); 280(211.07); 281(785.34); 282(731.84); 283(843.86); 284(610.06); 285(966.38); 286(998.33); 287(636.75); 288(419.9); 289(316.94); 290(875.85); 291(193.06); 292(54.79); 293(828.77); 294(176.64); 295(309.48); 296(33.39); 297(123.4); 298(527.62); 299(136.02); 300(690.94); 301(510.85); 302(483.41); 303(235.43); 304(488.35); 305(132.29); 306(263.58); 307(253.05); 308(250.6); 309(621.96); 310(738.09); 311(183.15); 312(842.57); 313(802.36); 314(591.34); 315(8.11); 316(636.22); 317(402.68); 318(905.22); 319(336.91); 320(285.84); 321(300.25); 322(258.37); 323(112.02); 324(959.9); 325(189.23); 326(538.88); 327(627.22); 328(719.12); 329(421.67); 330(118.45); 331(130.07); 332(355.05); 333(873.46); 334(299.11); 335(499.0); 336(98.89); 337(35.66); 338(192.8); 339(84.85); 340(308.27); 341(604.21); 342(78.18); 343(260.02); 344(103.46); 345(247.97); 346(549.41); 347(942.2); 348(368.66); 349(471.78); 350(878.08); 351(657.94); 352(399.7); 353(778.84); 354(690.03); 355(748.76); 356(597.31); 357(813.6); 358(681.41); 359(686.66); 360(123.14); 361(795.7); 362(409.4); 363(584.79); 364(211.76); 365(402.72); 366(359.46); 367(547.64); 368(817.98); 369(258.81); 370(544.89); 371(619.14); 372(757.85); 373(311.42); 374(831.94); 375(168.4); 376(662.54); 377(946.77); 378(285.79); 379(421.58); 380(128.61); 381(18.87); 382(887.34); 383(262.16); 384(771.1); 385(645.21); 386(553.57); 387(607.1); 388(519.73); 389(490.37); 390(616.35); 391(211.08); 392(694.39); 393(614.58); 394(708.95); 395(435.14); 396(52.63); 397(56.23); 398(751.6); 399(206.77); 400(201.3); 401(661.06); 402(289.77); 403(617.12); 404(733.49); 405(436.61); 406(859.93); 407(338.73); 408(891.72); 409(944.1); 410(76.08); 411(935.18); 412(983.04); 413(642.41); 414(579.33); 415(997.51); 416(703.27); 417(372.52); 418(903.94); 419(463.43); 420(921.51); 421(964.15); 422(829.36); 423(196.65); 424(436.6); 425(707.48); 426(783.05); 427(47.83); 428(668.21); 429(922.46); 430(172.83); 431(892.41); 432(50.57); 433(601.66); 434(985.02); 435(556.75); 436(712.05); 437(766.85); 438(651.31); 439(388.88); 440(914.57); 441(841.98); 442(230.19); 443(811.34); 444(334.7); 445(533.67); 446(700.97); 447(16.13); 448(844.71); 449(825.17); 450(644.18); 451(754.44); 452(92.38); 453(866.13); 454(503.65); 455(371.97); 456(91.98); 457(942.19); 458(862.05); 459(82.55); 460(300.19); 461(796.94); 462(16.79); 463(943.81); 464(645.21); 465(631.75); 466(889.22); 467(725.72); 468(876.18); 469(690.4); 470(316.83); 471(884.37); 472(124.98); 473(428.14); 474(56.78); 475(670.84); 476(874.62); 477(738.16); 478(896.49); 479(186.63); 480(885.61); 481(683.04); 482(794.92); 483(323.58); 484(844.79); 485(226.41); 486(702.23); 487(660.1); 488(269.14); 489(595.33); 490(244.33); 491(541.36); 492(549.61); 493(611.91); 494(334.34); 495(263.05); 496(617.25); 497(81.17); 498(836.45); 499(599.35),1
223,0(392.82); 1(769.93); 2(56.3); 3(229.54); 4(628.4); 5(577.41); 6(885.65); 7(865.4); 8(957.53); 9(460.85); 10(91.98); 11(549.71); 12(964.3); 13(787.89); 14(3.67); 15(530.91); 16(419.35); 17(978.12); 18(168.94); 19(61.15); 20(250.98); 21(945.16); 22(235.88); 23(366.01); 24(693.62); 25(252.89); 26(758.92); 27(35.73); 28(674.36); 29(672.64); 30(32.87); 31(904.76); 32(419.68); 33(546.94); 34(127.28); 35(124.72); 36(908.1); 37(728.76); 38(764.63); 39(479.71); 40(390.52); 41(169.05); 42(246.83); 43(394.57); 44(279.06); 45(32.79); 46(470.95); 47(801.25); 48(233.34); 49(591.3); 50(573.63); 51(761.21); 52(919.87); 53(915.86); 54(744.04); 55(283.6); 56(97.56); 57(571.6); 58(756.4); 59(230.8); 60(458.4); 61(344.27); 62(676.8); 63(882.24); 64(469.71); 65(712.82); 66(304.02); 67(689.18); 68(682.15); 69(937.44); 70(831.59); 71(707.83); 72(858.74); 73(762.23); 74(619.96); 75(727.65); 76(194.01); 77(937.99); 78(280.8); 79(72.23); 80(465.26); 81(684.16); 82(554.56); 83(688.39); 84(748.25); 85(742.39); 86(15.71); 87(27.19); 88(195.78); 89(848.85); 90(392.33); 91(193.74); 92(565.18); 93(359.11); 94(731.73); 95(881.42); 96(669.98); 97(458.38); 98(141.88); 99(150.1); 100(306.76); 101(428.93); 102(475.19); 103(431.73); 104(929.87); 105(752.42); 106(508.68); 107(837.4); 108(808.64); 109(787.06); 110(294.31); 111(745.32); 112(206.33); 113(410.67); 114(910.62); 115(934.25); 116(385.18); 117(23.35); 118(675.47); 119(426.07); 120(504.19); 121(581.78); 122(362.2); 123(695.13); 124(425.59); 125(228.92); 126(605.75); 127(6.06); 128(106.45); 129(553.61); 130(265.5); 131(446.7); 132(216.57); 133(745.16); 134(67.14); 135(54.4); 136(107.9); 137(741.06); 138(944.1); 139(476.78); 140(951.47); 141(638.12); 142(191.42); 143(136.14); 144(214.48); 145(548.78); 146(477.56); 147(596.27); 148(857.72); 149(144.4); 150(390.37); 151(941.36); 152(431.09); 153(623.45); 154(80.82); 155(244.99); 156(746.27); 157(521.08); 158(487.08); 159(511.74); 160(872.92); 161(143.13); 162(313.78); 163(490.89); 164(302.68); 165(561.43); 166(367.55); 167(864.18); 168(608.94); 169(108.95); 170(217.09); 171(458.03); 172(917.1); 173(318.67); 174(204.35); 175(108.42); 176(849.39); 177(182.56); 178(489.49); 179(425.54); 180(457.11); 181(254.84); 182(298.7); 183(495.93); 184(153.38); 185(273.96); 186(214.5); 187(326.33); 188(622.38); 189(176.92); 190(333.07); 191(220.98); 192(899.39); 193(396.42); 194(993.05); 195(53.41); 196(966.86); 197(342.09); 198(351.8); 199(260.64); 200(187.42); 201(23.55); 202(929.31); 203(268.4); 204(903.47); 205(10.09); 206(558.37); 207(314.11); 208(932.04); 209(74.76); 210(569.73); 211(99.13); 212(530.33); 213(258.25); 214(289.07); 215(302.2); 216(66.4); 217(934.83); 218(687.46); 219(598.08); 220(869.36); 221(197.26); 222(91.5); 224(391.73); 225(955.7); 226(889.23); 227(84.6); 228(8.52); 229(539.63); 230(611.07); 231(453.34); 232(484.48); 233(444.0); 234(63.87); 235(900.55); 236(62.26); 237(412.04); 238(177.35); 239(959.59); 240(565.04); 241(948.72); 242(722.01); 243(441.43); 244(339.71); 245(806.1); 246(404.07); 247(65.46); 248(769.19); 249(259.44); 250(28.91); 251(716.87); 252(881.29); 253(344.14); 254(606.31); 255(320.35); 256(827.12); 257(294.5); 258(87.86); 259(372.4); 260(791.06); 261(504.76); 262(24.99); 263(775.08); 264(23.43); 265(800.39); 266(826.77); 267(252.92); 268(239.02); 269(617.7); 270(400.54); 271(527.35); 272(615.7); 273(657.87); 274(978.87); 275(659.55); 276(842.23); 277(828.13); 278(744.6); 279(408.83); 280(188.42); 281(157.81); 282(840.85); 283(86.92); 284(433.2); 285(547.48); 286(169.43); 287(832.62); 288(249.96); 289(83.92); 290(723.79); 291(548.56); 292(11.21); 293(571.96); 294(188.61); 295(939.87); 296(731.8); 297(893.45); 298(390.9); 299(935.7); 300(56.51); 301(201.55); 302(319.78); 303(637.52); 304(545.68); 305(425.81); 306(462.94); 307(857.19); 308(773.88); 309(804.55); 310(439.23); 311(250.47); 312(158.65); 313(333.27); 314(802.23); 315(93.72); 316(643.04); 317(836.8); 318(356.13); 319(852.58); 320(458.03); 321(346.65); 322(41.73); 323(565.38); 324(707.65); 325(420.64); 326(917.49); 327(508.6); 328(76.39); 329(224.81); 330(468.02); 331(455.13); 332(43.19); 333(206.96); 334(688.67); 335(874.82); 336(735.09); 337(896.62); 338(42.04); 339(974.88); 340(776.27); 341(68.27); 342(802.68); 343(353.81); 344(458.27); 345(797.13); 346(157.83); 347(607.91); 348(593.56); 349(785.24); 350(291.23); 351(637.87); 352(476.01); 353(988.44); 354(630.08); 355(664.12); 356(364.51); 357(333.79); 358(725.38); 359(990.31); 360(645.64); 361(151.68); 362(513.38); 363(871.43); 364(70.15); 365(965.47); 366(883.66); 367(444.64); 368(842.22); 369(524.02); 370(908.51); 371(505.23); 372(448.02); 373(395.32); 374(625.97); 375(607.49); 376(265.17); 377(435.98); 378(107.61); 379(804.8); 380(85.95); 381(808.71); 382(86.57); 383(612.11); 384(330.46); 385(42.04); 386(282.64); 387(583.76); 388(746.31); 389(688.07); 390(133.56); 391(785.49); 392(809.49); 393(371.01); 394(947.68); 395(546.82); 396(712.9); 397(475.82); 398(255.48); 399(564.56); 400(96.63); 401(712.96); 402(961.77); 403(730.58); 404(544.85); 405(739.81); 406(219.93); 407(960.85); 408(297.84); 409(115.99); 410(807.58); 411(729.97); 412(253.89); 413(669.62); 414(45.1); 415(782.61); 416(883.38); 417(814.51); 418(246.02); 419(884.98); 420(647.05); 421(133.6); 422(65.11); 423(320.49); 424(410.34); 425(194.73); 426(208.4); 427(607.64); 428(821.34); 429(957.35); 430(807.24); 431(964.79); 432(364.38); 433(921.27); 434(164.95); 435(551.07); 436(691.1); 437(694.17); 438(486.56); 439(882.82); 440(517.26); 441(525.52); 442(145.1); 443(101.2); 444(642.94); 445(32.37); 446(246.67); 447(967.8); 448(508.92); 449(37.86); 450(597.61); 451(880.94); 452(368.84); 453(114.63); 454(564.73); 455(677.24); 456(847.04); 457(949.34); 458(563.44); 459(968.46); 460(337.22); 461(11.93); 462(71.76); 463(752.48); 464(172.48); 465(353.36); 466(208.49); 467(878.43); 468(365.71); 469(108.03); 470(495.61); 471(392.63); 472(882.69); 473(865.47); 474(301.8); 475(142.59); 476(925.32); 477(247.07); 478(919.55); 479(852.68); 480(799.28); 481(0.86); 482(286.28); 483(514.9); 484(892.76); 485(165.6); 486(825.84); 487(654.23); 488(776.01); 489(51.71); 490(721.76); 491(348.71); 492(473.02); 493(262.27); 494(626.79); 495(212.99); 496(777.21); 497(479.72); 498(587.84); 499(38.67),1
224,0(319.35); 1(138.95); 2(10.28); 3(670.7); 4(995.75); 5(798.53); 6(538.1); 7(539.46); 8(281.48); 9(645.64); 10(595.04); 11(235.29); 12(77.33); 13(408.09); 14(272.05); 15(993.05); 16(961.14); 17(162.57); 18(525.76); 19(859.11); 20(225.71); 21(855.46); 22(190.1); 23(863.11); 24(825.44); 25(155.85); 26(362.68); 27(144.69); 28(636.87); 29(122.64); 30(84.75); 31(591.75); 32(730.13); 33(292.86); 34(906.74); 35(853.12); 36(17.29); 37(784.43); 38(302.85); 39(131.18); 40(909.6); 41(11.71); 42(155.84); 43(195.07); 44(285.14); 45(459.41); 46(603.04); 47(15.39); 48(550.41); 49(567.08); 50(974.6); 51(968.05); 52(244.9); 53(651.6); 54(469.28); 55(715.42); 56(532.87); 57(50.04); 58(794.1); 59(797.6); 60(58.04); 61(854.23); 62(767.26); 63(974.98); 64(663.36); 65(543.55); 66(951.91); 67(27.13); 68(607.49); 69(715.8); 70(720.72); 71(304.91); 72(396.12); 73(962.33); 74(169.02); 75(11.77); 76(799.2); 77(636.6); 78(676.59); 79(406.43); 80(325.92); 81(233.21); 82(370.09); 83(500.22); 84(164.35); 85(751.13); 86(870.18); 87(213.28); 88(418.54); 89(2.59); 90(429.43); 91(394.84); 92(299.52); 93(208.24); 94(182.91); 95(228.74); 96(290.98); 97(512.74); 98(89.86); 99(634.22); 100(108.2); 101(239.43); 102(656.27); 103(377.01); 104(945.11); 105(650.31); 106(386.55); 107(758.32); 108(349.98); 109(950.74); 110(681.02); 111(391.51); 112(410.99); 113(79.37); 114(612.48); 115(587.68); 116(268.96); 117(964.75); 118(824.3); 119(638.73); 120(409.38); 121(989.44); 122(214.77); 123(720.37); 124(22.46); 125(556.2); 126(210.65); 127(22.38); 128(126.22); 129(500.19); 130(713.99); 131(337.84); 132(438.87); 133(810.78); 134(545.77); 135(571.13); 136(184.79); 137(317.55); 138(905.17); 139(894.53); 140(751.16); 141(339.59); 142(503.85); 143(515.66); 144(102.57); 145(653.3); 146(264.79); 147(573.69); 148(665.83); 149(699.8); 150(865.24); 151(780.27); 152(531.8); 153(88.94); 154(231.25); 155(790.35); 156(332.99); 157(951.79); 158(398.24); 159(304.29); 160(562.18); 161(660.15); 162(215.52); 163(813.82); 164(493.1); 165(467.62); 166(198.24); 167(955.88); 168(297.38); 169(23.17); 170(546.99); 171(763.41); 172(711.48); 173(245.19); 174(649.09); 175(690.72); 176(445.59); 177(4.51); 178(220.71); 179(300.15); 180(42.61); 181(653.06); 182(991.58); 183(186.88); 184(130.49); 185(122.66); 186(343.2); 187(256.06); 188(36.04); 189(341.66); 190(525.99); 191(676.86); 192(336.87); 193(935.15); 194(673.92); 195(889.34); 196(385.99); 197(482.15); 198(310.8); 199(56.71); 200(31.08); 201(678.14); 202(550.71); 203(585.27); 204(254.87); 205(337.91); 206(566.75); 207(845.82); 208(500.86); 209(106.7); 210(954.28); 211(300.77); 212(165.35); 213(967.09); 214(558.37); 215(0.29); 216(154.88); 217(514.7); 218(161.81); 219(759.47); 220(954.65); 221(471.34); 222(923.92); 223(391.73); 225(956.38); 226(542.65); 227(11.63); 228(711.53); 229(829.84); 230(491.75); 231(184.89); 232(532.64); 233(777.13); 234(103.97); 235(146.08); 236(607.66); 237(908.93); 238(661.88); 239(859.8); 240(552.58); 241(940.79); 242(463.65); 243(775.16); 244(923.8); 245(599.65); 246(828.24); 247(705.72); 248(191.58); 249(471.16); 250(350.69); 251(60.65); 252(783.27); 253(819.6); 254(641.18); 255(669.03); 256(249.36); 257(729.34); 258(307.61); 259(728.68); 260(614.91); 261(34.45); 262(157.89); 263(507.57); 264(455.43); 265(638.57); 266(747.38); 267(104.93); 268(979.54); 269(293.57); 270(553.64); 271(161.07); 272(77.64); 273(560.51); 274(569.57); 275(842.65); 276(58.07); 277(2.2); 278(651.31); 279(970.8); 280(831.89); 281(5.08); 282(414.01); 283(891.38); 284(61.98); 285(811.18); 286(310.33); 287(513.88); 288(333.84); 289(574.13); 290(190.04); 291(644.57); 292(715.05); 293(593.23); 294(381.81); 295(216.73); 296(636.46); 297(419.91); 298(653.1); 299(563.25); 300(91.08); 301(682.27); 302(736.63); 303(752.78); 304(778.17); 305(410.46); 306(967.77); 307(750.28); 308(44.56); 309(541.47); 310(546.04); 311(359.78); 312(371.23); 313(295.07); 314(855.7); 315(353.31); 316(207.08); 317(810.63); 318(461.6); 319(848.69); 320(311.14); 321(99.0); 322(232.31); 323(420.78); 324(837.46); 325(502.59); 326(666.78); 327(411.39); 328(650.02); 329(667.56); 330(192.01); 331(23.81); 332(670.14); 333(13.7); 334(901.19); 335(563.76); 336(795.36); 337(559.48); 338(478.26); 339(185.52); 340(843.97); 341(323.29); 342(159.56); 343(963.37); 344(845.43); 345(112.35); 346(778.59); 347(509.51); 348(928.77); 349(96.93); 350(695.36); 351(312.68); 352(612.35); 353(788.41); 354(49.13); 355(476.76); 356(36.44); 357(948.27); 358(219.97); 359(958.69); 360(801.19); 361(384.02); 362(493.69); 363(758.13); 364(119.73); 365(26.23); 366(49.38); 367(656.27); 368(716.36); 369(144.38); 370(337.63); 371(206.61); 372(219.2); 373(114.4); 374(522.32); 375(409.7); 376(882.2); 377(55.4); 378(649.37); 379(544.82); 380(87.43); 381(125.91); 382(242.99); 383(398.03); 384(296.34); 385(822.36); 386(323.52); 387(44.87); 388(848.69); 389(438.55); 390(655.12); 391(179.22); 392(549.69); 393(862.53); 394(387.8); 395(793.6); 396(584.06); 397(424.43); 398(637.26); 399(171.04); 400(74.15); 401(398.19); 402(1.67); 403(135.26); 404(894.76); 405(665.22); 406(729.48); 407(901.55); 408(780.82); 409(953.69); 410(884.25); 411(166.16); 412(583.0); 413(433.95); 414(462.56); 415(960.35); 416(412.82); 417(338.7); 418(948.93); 419(443.18); 420(294.14); 421(948.8); 422(311.02); 423(425.82); 424(682.88); 425(565.38); 426(269.06); 427(842.57); 428(83.7); 429(893.36); 430(508.86); 431(327.81); 432(869.21); 433(342.25); 434(109.8); 435(958.66); 436(613.57); 437(510.44); 438(735.83); 439(324.79); 440(165.03); 441(227.96); 442(189.9); 443(283.77); 444(821.44); 445(866.91); 446(766.43); 447(225.91); 448(919.47); 449(761.99); 450(983.64); 451(850.51); 452(606.04); 453(775.78); 454(642.1); 455(451.12); 456(20.0); 457(766.05); 458(27.34); 459(800.16); 460(713.37); 461(558.04); 462(931.31); 463(341.19); 464(772.03); 465(970.77); 466(700.15); 467(264.51); 468(65.65); 469(168.44); 470(762.46); 471(371.54); 472(139.27); 473(201.29); 474(544.88); 475(881.71); 476(766.62); 477(465.44); 478(146.14); 479(835.18); 480(724.53); 481(966.96); 482(157.15); 483(831.88); 484(458.89); 485(841.33); 486(544.86); 487(601.3); 488(655.08); 489(467.28); 490(859.4); 491(933.74); 492(450.41); 493(257.93); 494(614.38); 495(355.75); 496(776.13); 497(744.03); 498(28.04); 499(418.59),2
225,0(540.28); 1(980.51); 2(521.6); 3(872.88); 4(995.27); 5(12.43); 6(732.25); 7(297.21); 8(318.32); 9(358.54); 10(99.51); 11(488.24); 12(775.06); 13(211.2); 14(782.16); 15(825.93); 16(666.33); 17(536.43); 18(266.54); 19(419.79); 20(119.34); 21(271.1); 22(674.49); 23(715.36); 24(465.41); 25(232.61); 26(763.61); 27(941.63); 28(378.86); 29(648.0); 30(748.29); 31(709.76); 32(607.72); 33(94.53); 34(726.44); 35(795.06); 36(862.42); 37(581.72); 38(601.15); 39(172.6); 40(696.46); 41(321.87); 42(868.5); 43(103.41); 44(871.91); 45(664.35); 46(275.98); 47(66.43); 48(209.83); 49(140.99); 50(787.7); 51(619.99); 52(569.36); 53(38.75); 54(0.27); 55(114.54); 56(174.63); 57(933.45); 58(332.45); 59(579.96); 60(944.67); 61(248.29); 62(178.92); 63(775.2); 64(517.19); 65(785.61); 66(623.2); 67(652.54); 68(881.45); 69(61.95); 70(204.23); 71(379.81); 72(404.17); 73(375.99); 74(803.48); 75(866.09); 76(884.82); 77(290.6); 78(607.92); 79(379.73); 80(733.06); 81(195.65); 82(263.13); 83(221.8); 84(614.68); 85(916.16); 86(441.93); 87(47.76); 88(643.27); 89(629.6); 90(90.1); 91(488.51); 92(636.51); 93(90.02); 94(687.87); 95(616.57); 96(812.68); 97(900.39); 98(962.0); 99(94.15); 100(696.32); 101(450.22); 102(923.5); 103(949.59); 104(584.27); 105(797.38); 106(651.13); 107(498.7); 108(246.15); 109(29.69); 110(290.03); 111(617.67); 112(116.78); 113(34.89); 114(883.86); 115(229.33); 116(516.67); 117(466.15); 118(98.08); 119(306.94); 120(815.82); 121(909.39); 122(590.25); 123(399.38); 124(767.03); 125(452.72); 126(650.25); 127(608.78); 128(991.55); 129(272.31); 130(541.94); 131(778.48); 132(862.82); 133(338.7); 134(136.87); 135(950.96); 136(908.85); 137(811.23); 138(839.89); 139(654.38); 140(845.28); 141(563.88); 142(908.53); 143(58.76); 144(360.42); 145(706.93); 146(98.43); 147(167.32); 148(783.47); 149(584.17); 150(392.22); 151(777.84); 152(477.35); 153(938.25); 154(544.37); 155(197.08); 156(846.3); 157(575.43); 158(357.86); 159(634.22); 160(475.59); 161(207.53); 162(909.52); 163(879.63); 164(441.26); 165(664.84); 166(513.63); 167(841.67); 168(995.3); 169(545.75); 170(971.13); 171(203.46); 172(422.46); 173(411.07); 174(703.82); 175(298.8); 176(914.41); 177(766.8); 178(583.55); 179(31.2); 180(789.31); 181(896.69); 182(887.9); 183(653.87); 184(660.31); 185(370.05); 186(691.25); 187(761.99); 188(727.46); 189(509.32); 190(566.31); 191(78.45); 192(249.03); 193(77.23); 194(258.41); 195(482.57); 196(155.28); 197(536.6); 198(0.12); 199(473.85); 200(572.52); 201(640.94); 202(178.56); 203(53.52); 204(940.31); 205(456.22); 206(957.19); 207(605.24); 208(127.36); 209(956.19); 210(495.9); 211(698.08); 212(16.47); 213(506.8); 214(447.13); 215(36.69); 216(471.94); 217(139.98); 218(682.43); 219(692.61); 220(659.44); 221(954.87); 222(225.74); 223(955.7); 224(956.38); 226(833.51); 227(976.13); 228(137.73); 229(207.16); 230(970.44); 231(208.49); 232(940.36); 233(30.77); 234(56.93); 235(366.7); 236(293.85); 237(554.33); 238(700.06); 239(115.73); 240(921.04); 241(418.25); 242(977.06); 243(26.83); 244(750.25); 245(742.01); 246(87.71); 247(539.96); 248(494.05); 249(649.79); 250(944.72); 251(665.29); 252(370.11); 253(493.48); 254(878.1); 255(856.93); 256(247.92); 257(385.5); 258(812.57); 259(707.55); 260(306.42); 261(818.93); 262(6.29); 263(415.52); 264(556.49); 265(94.78); 266(621.2); 267(155.91); 268(745.52); 269(259.22); 270(390.77); 271(354.09); 272(512.94); 273(953.22); 274(203.96); 275(767.64); 276(725.75); 277(814.63); 278(835.84); 279(564.82); 280(265.72); 281(287.31); 282(878.84); 283(37.47); 284(791.7); 285(504.85); 286(270.06); 287(700.17); 288(358.59); 289(967.87); 290(721.39); 291(212.22); 292(349.83); 293(537.42); 294(645.19); 295(458.86); 296(430.48); 297(132.45); 298(470.94); 299(197.12); 300(642.27); 301(311.95); 302(406.4); 303(125.48); 304(665.85); 305(812.5); 306(641.45); 307(941.25); 308(382.16); 309(183.13); 310(203.67); 311(250.77); 312(310.58); 313(704.11); 314(271.92); 315(146.37); 316(957.28); 317(758.38); 318(404.28); 319(731.92); 320(843.22); 321(972.12); 322(104.58); 323(14.37); 324(364.77); 325(249.84); 326(549.41); 327(7.15); 328(809.71); 329(988.39); 330(43.03); 331(587.05); 332(903.87); 333(55.37); 334(428.54); 335(731.77); 336(673.0); 337(147.8); 338(394.5); 339(633.05); 340(443.97); 341(152.22); 342(437.76); 343(499.63); 344(21.2); 345(835.72); 346(652.65); 347(703.71); 348(490.68); 349(686.54); 350(426.19); 351(991.45); 352(751.01); 353(302.75); 354(856.03); 355(134.17); 356(807.83); 357(327.78); 358(304.84); 359(317.91); 360(291.93); 361(285.41); 362(776.45); 363(269.95); 364(764.06); 365(356.37); 366(501.66); 367(818.99); 368(645.72); 369(466.82); 370(426.93); 371(235.65); 372(590.81); 373(206.14); 374(81.14); 375(354.32); 376(476.34); 377(8.82); 378(799.62); 379(717.7); 380(982.43); 381(581.89); 382(118.81); 383(115.05); 384(414.59); 385(844.07); 386(828.05); 387(543.19); 388(362.49); 389(683.2); 390(552.78); 391(947.36); 392(58.76); 393(819.6); 394(101.32); 395(707.37); 396(722.02); 397(74.26); 398(371.17); 399(834.46); 400(920.32); 401(761.61); 402(913.92); 403(607.04); 404(296.2); 405(318.19); 406(854.2); 407(57.77); 408(169.92); 409(975.96); 410(584.43); 411(546.53); 412(816.5); 413(540.28); 414(192.25); 415(660.74); 416(788.66); 417(88.42); 418(914.38); 419(188.28); 420(7.99); 421(128.2); 422(832.13); 423(27.16); 424(728.28); 425(188.71); 426(857.13); 427(270.56); 428(512.95); 429(435.01); 430(702.82); 431(348.83); 432(491.36); 433(29.37); 434(415.29); 435(922.3); 436(9.76); 437(269.46); 438(417.48); 439(549.13); 440(254.55); 441(33.94); 442(614.95); 443(58.73); 444(239.15); 445(143.01); 446(4.85); 447(618.31); 448(505.4); 449(586.0); 450(304.85); 451(601.97); 452(896.03); 453(212.07); 454(639.48); 455(783.05); 456(650.62); 457(189.55); 458(744.07); 459(608.15); 460(516.57); 461(664.93); 462(156.39); 463(898.28); 464(564.84); 465(888.74); 466(36.3); 467(651.01); 468(624.15); 469(809.36); 470(818.92); 471(946.81); 472(511.8); 473(358.42); 474(688.88); 475(382.0); 476(345.86); 477(5.88); 478(400.32); 479(730.1); 480(949.13); 481(428.09); 482(716.67); 483(489.23); 484(395.62); 485(538.34); 486(333.01); 487(371.46); 488(326.46); 489(215.98); 490(748.83); 491(813.09); 492(590.5); 493(835.72); 494(451.74); 495(777.24); 496(313.18); 497(924.38); 498(926.55); 499(151.74),2
226,0(540.02); 1(845.7); 2(489.71); 3(539.53); 4(456.99); 5(70.78); 6(405.81); 7(958.82); 8(192.1); 9(27.37); 10(128.49); 11(803.15); 12(831.5); 13(787.81); 14(723.19); 15(94.98); 16(706.31); 17(982.46); 18(929.35); 19(649.75); 20(243.45); 21(797.01); 22(911.0); 23(273.92); 24(228.26); 25(917.86); 26(208.68); 27(377.97); 28(353.96); 29(927.07); 30(975.94); 31(953.27); 32(518.44); 33(286.76); 34(388.82); 35(970.54); 36(160.98); 37(46.02); 38(551.74); 39(856.93); 40(482.77); 41(696.98); 42(689.13); 43(653.51); 44(697.92); 45(983.19); 46(20.32); 47(238.58); 48(387.55); 49(231.34); 50(837.14); 51(541.66); 52(531.0); 53(97.6); 54(72.29); 55(260.44); 56(91.72); 57(258.44); 58(467.88); 59(487.45); 60(109.55); 61(185.34); 62(377.03); 63(37.05); 64(901.98); 65(245.28); 66(640.99); 67(762.78); 68(561.44); 69(245.8); 70(889.66); 71(360.09); 72(847.02); 73(843.42); 74(847.73); 75(606.43); 76(952.84); 77(349.03); 78(707.13); 79(901.26); 80(283.04); 81(363.5); 82(981.09); 83(156.86); 84(828.22); 85(205.77); 86(601.18); 87(185.76); 88(818.57); 89(12.86); 90(555.52); 91(285.33); 92(436.09); 93(242.32); 94(374.39); 95(783.14); 96(542.95); 97(914.35); 98(153.72); 99(340.78); 100(425.57); 101(478.47); 102(568.98); 103(867.92); 104(507.69); 105(981.79); 106(866.36); 107(270.64); 108(672.49); 109(959.15); 110(239.28); 111(55.67); 112(24.26); 113(214.26); 114(655.11); 115(78.42); 116(514.37); 117(819.05); 118(872.83); 119(332.95); 120(421.92); 121(215.32); 122(666.41); 123(952.51); 124(259.27); 125(899.27); 126(712.68); 127(63.18); 128(917.22); 129(103.56); 130(243.21); 131(528.41); 132(191.47); 133(213.57); 134(247.54); 135(933.19); 136(200.2); 137(388.43); 138(386.01); 139(665.06); 140(148.59); 141(142.01); 142(758.54); 143(807.41); 144(183.0); 145(41.11); 146(608.96); 147(443.6); 148(2.13); 149(617.93); 150(487.82); 151(172.81); 152(28.87); 153(910.79); 154(828.96); 155(3.4); 156(743.62); 157(967.04); 158(377.55); 159(579.87); 160(341.14); 161(888.7); 162(364.43); 163(31.16); 164(795.65); 165(364.35); 166(423.78); 167(731.62); 168(64.4); 169(76.7); 170(220.73); 171(790.56); 172(56.1); 173(359.74); 174(917.01); 175(348.26); 176(783.53); 177(645.0); 178(119.62); 179(869.3); 180(769.06); 181(543.27); 182(80.35); 183(342.36); 184(981.77); 185(933.05); 186(142.63); 187(794.02); 188(179.56); 189(672.93); 190(645.03); 191(488.69); 192(295.58); 193(934.47); 194(575.33); 195(615.51); 196(689.95); 197(224.12); 198(320.28); 199(95.71); 200(110.95); 201(998.05); 202(961.94); 203(100.48); 204(918.32); 205(379.2); 206(138.6); 207(628.41); 208(834.27); 209(242.58); 210(453.03); 211(686.08); 212(48.64); 213(691.62); 214(485.05); 215(359.38); 216(817.75); 217(673.35); 218(811.41); 219(644.8); 220(108.53); 221(750.27); 222(544.98); 223(889.23); 224(542.65); 225(833.51); 227(924.71); 228(985.4); 229(765.57); 230(891.47); 231(493.77); 232(336.47); 233(915.46); 234(734.0); 235(685.9); 236(428.64); 237(17.24); 238(6.24); 239(482.01); 240(650.28); 241(593.1); 242(862.32); 243(391.18); 244(442.77); 245(842.96); 246(661.09); 247(154.95); 248(553.21); 249(874.72); 250(582.55); 251(872.44); 252(287.11); 253(579.72); 254(371.84); 255(520.05); 256(888.84); 257(999.81); 258(157.48); 259(573.65); 260(687.9); 261(647.81); 262(190.07); 263(153.75); 264(816.97); 265(559.72); 266(667.74); 267(926.27); 268(847.19); 269(388.32); 270(765.61); 271(522.94); 272(859.93); 273(600.27); 274(191.03); 275(553.53); 276(483.96); 277(959.08); 278(76.19); 279(345.27); 280(118.73); 281(15.39); 282(120.63); 283(674.38); 284(906.36); 285(247.67); 286(571.02); 287(349.17); 288(857.07); 289(126.0); 290(309.07); 291(917.9); 292(260.8); 293(323.74); 294(19.69); 295(205.07); 296(615.21); 297(222.71); 298(443.14); 299(81.13); 300(855.28); 301(968.75); 302(715.53); 303(917.13); 304(24.71); 305(192.81); 306(258.96); 307(956.8); 308(252.23); 309(69.75); 310(510.57); 311(633.28); 312(14.17); 313(132.9); 314(79.54); 315(759.7); 316(695.59); 317(813.5); 318(71.52); 319(923.81); 320(292.52); 321(720.08); 322(908.4); 323(187.19); 324(193.76); 325(604.42); 326(776.11); 327(931.06); 328(543.67); 329(235.37); 330(438.68); 331(461.89); 332(263.42); 333(287.55); 334(624.14); 335(184.91); 336(66.65); 337(887.35); 338(300.84); 339(607.32); 340(397.46); 341(54.3); 342(796.12); 343(848.15); 344(109.33); 345(102.92); 346(188.92); 347(427.65); 348(664.22); 349(775.38); 350(333.54); 351(238.42); 352(883.26); 353(792.63); 354(983.68); 355(480.02); 356(161.87); 357(723.64); 358(946.2); 359(127.85); 360(999.26); 361(612.93); 362(450.52); 363(443.37); 364(873.26); 365(361.81); 366(441.27); 367(67.58); 368(275.19); 369(255.39); 370(200.17); 371(384.42); 372(819.44); 373(89.02); 374(764.77); 375(405.24); 376(543.33); 377(297.15); 378(405.51); 379(117.15); 380(924.8); 381(442.36); 382(337.79); 383(522.27); 384(962.7); 385(894.35); 386(788.93); 387(223.4); 388(102.01); 389(854.53); 390(676.7); 391(8.52); 392(26.85); 393(514.04); 394(782.91); 395(727.45); 396(683.47); 397(443.71); 398(157.43); 399(144.56); 400(114.88); 401(391.71); 402(647.39); 403(235.98); 404(17.95); 405(752.08); 406(215.41); 407(194.07); 408(252.69); 409(572.04); 410(128.61); 411(390.37); 412(513.48); 413(560.9); 414(846.73); 415(455.36); 416(297.31); 417(641.46); 418(38.86); 419(938.34); 420(898.52); 421(932.54); 422(455.73); 423(196.57); 424(391.9); 425(550.76); 426(325.87); 427(463.24); 428(768.83); 429(806.32); 430(899.11); 431(593.95); 432(792.08); 433(436.67); 434(291.25); 435(716.48); 436(953.96); 437(834.22); 438(798.12); 439(267.95); 440(257.85); 441(403.69); 442(663.02); 443(915.91); 444(882.51); 445(676.08); 446(738.03); 447(711.39); 448(912.1); 449(191.9); 450(29.95); 451(846.85); 452(823.75); 453(377.39); 454(306.46); 455(821.19); 456(881.98); 457(829.25); 458(514.17); 459(105.15); 460(257.65); 461(731.91); 462(203.56); 463(191.78); 464(491.53); 465(377.62); 466(265.9); 467(122.15); 468(628.46); 469(572.01); 470(146.28); 471(658.57); 472(54.22); 473(88.13); 474(940.0); 475(748.31); 476(830.86); 477(280.3); 478(789.1); 479(915.44); 480(824.58); 481(768.75); 482(292.69); 483(691.28); 484(343.07); 485(432.22); 486(133.79); 487(532.61); 488(789.85); 489(579.53); 490(768.71); 491(257.27); 492(721.55); 493(786.98); 494(883.19); 495(845.39); 496(889.43); 497(975.04); 498(140.31); 499(7.24),2
227,0(946.26); 1(664.86); 2(318.58); 3(272.77); 4(933.67); 5(599.95); 6(516.0); 7(242.96); 8(422.51); 9(226.81); 10(571.58); 11(731.89); 12(634.54); 13(878.37); 14(535.15); 15(209.75); 16(933.79); 17(57.13); 18(398.77); 19(632.32); 20(329.81); 21(948.41); 22(633.09); 23(63.9); 24(660.66); 25(85.47); 26(81.64); 27(963.72); 28(294.74); 29(244.31); 30(350.24); 31(835.8); 32(599.23); 33(235.59); 34(603.01); 35(657.01); 36(233.07); 37(500.23); 38(484.68); 39(491.21); 40(152.53); 41(602.37); 42(68.44); 43(224.44); 44(1.7); 45(648.04); 46(406.66); 47(687.28); 48(590.64); 49(433.21); 50(293.39); 51(920.24); 52(647.25); 53(380.33); 54(659.21); 55(807.23); 56(551.8); 57(921.01); 58(25.83); 59(552.05); 60(21.39); 61(956.93); 62(807.95); 63(666.31); 64(855.93); 65(917.04); 66(261.83); 67(887.05); 68(80.87); 69(149.59); 70(834.51); 71(634.24); 72(308.86); 73(167.06); 74(896.12); 75(951.68); 76(954.1); 77(642.74); 78(284.63); 79(369.02); 80(428.71); 81(420.81); 82(151.13); 83(259.97); 84(719.04); 85(591.52); 86(178.59); 87(6.21); 88(829.72); 89(524.05); 90(813.53); 91(767.33); 92(700.06); 93(15.63); 94(719.48); 95(813.36); 96(110.94); 97(489.86); 98(268.53); 99(108.65); 100(800.28); 101(15.89); 102(329.05); 103(821.46); 104(102.87); 105(109.06); 106(229.55); 107(535.1); 108(626.05); 109(775.73); 110(108.53); 111(48.22); 112(29.76); 113(45.67); 114(436.63); 115(764.81); 116(524.68); 117(71.62); 118(871.82); 119(291.45); 120(870.65); 121(23.23); 122(76.15); 123(757.47); 124(794.76); 125(85.43); 126(716.83); 127(968.7); 128(148.38); 129(67.97); 130(599.14); 131(197.85); 132(929.42); 133(858.68); 134(64.35); 135(391.65); 136(498.25); 137(138.21); 138(623.66); 139(554.94); 140(617.71); 141(79.45); 142(537.92); 143(736.72); 144(192.41); 145(799.64); 146(88.48); 147(606.69); 148(627.21); 149(943.58); 150(241.86); 151(80.99); 152(372.42); 153(786.93); 154(536.32); 155(281.22); 156(205.6); 157(922.69); 158(955.38); 159(748.8); 160(483.99); 161(489.47); 162(904.38); 163(375.16); 164(330.59); 165(683.69); 166(859.73); 167(629.21); 168(854.61); 169(561.94); 170(695.95); 171(621.65); 172(692.56); 173(54.47); 174(904.22); 175(921.61); 176(990.71); 177(463.28); 178(97.12); 179(579.0); 180(410.2); 181(938.04); 182(750.17); 183(542.59); 184(570.98); 185(646.11); 186(898.75); 187(83.89); 188(955.33); 189(54.01); 190(88.85); 191(250.57); 192(484.68); 193(395.18); 194(719.84); 195(378.62); 196(701.85); 197(916.2); 198(699.28); 199(857.5); 200(846.78); 201(207.19); 202(698.1); 203(270.36); 204(273.73); 205(222.69); 206(333.88); 207(199.38); 208(449.7); 209(915.56); 210(97.08); 211(222.77); 212(437.55); 213(98.62); 214(811.78); 215(422.12); 216(165.09); 217(112.02); 218(362.4); 219(969.5); 220(481.93); 221(689.45); 222(909.7); 223(84.6); 224(11.63); 225(976.13); 226(924.71); 228(190.3); 229(165.63); 230(242.43); 231(295.89); 232(794.9); 233(199.22); 234(914.69); 235(674.87); 236(885.14); 237(977.42); 238(520.16); 239(63.42); 240(292.87); 241(698.96); 242(876.18); 243(20.8); 244(751.41); 245(164.27); 246(915.51); 247(824.79); 248(150.41); 249(672.89); 250(247.63); 251(420.74); 252(629.15); 253(585.54); 254(49.7); 255(994.76); 256(567.61); 257(76.96); 258(289.47); 259(556.55); 260(554.51); 261(307.66); 262(824.03); 263(563.37); 264(364.35); 265(421.16); 266(337.21); 267(145.35); 268(520.12); 269(614.36); 270(67.94); 271(396.02); 272(319.96); 273(95.35); 274(684.14); 275(502.84); 276(883.44); 277(277.99); 278(363.72); 279(791.33); 280(403.71); 281(240.59); 282(457.21); 283(781.62); 284(519.53); 285(285.98); 286(864.05); 287(670.24); 288(394.77); 289(82.36); 290(557.1); 291(620.59); 292(806.11); 293(174.95); 294(35.94); 295(68.46); 296(847.09); 297(265.41); 298(926.74); 299(385.05); 300(704.22); 301(248.91); 302(549.81); 303(206.93); 304(227.9); 305(152.6); 306(561.88); 307(472.48); 308(764.59); 309(476.14); 310(688.23); 311(811.65); 312(652.18); 313(459.11); 314(965.89); 315(234.64); 316(851.86); 317(199.41); 318(100.5); 319(618.19); 320(482.82); 321(233.98); 322(908.51); 323(948.25); 324(981.05); 325(671.9); 326(959.78); 327(13.11); 328(243.7); 329(174.14); 330(414.74); 331(503.96); 332(700.02); 333(287.59); 334(562.38); 335(0.81); 336(698.08); 337(811.68); 338(518.57); 339(712.1); 340(916.51); 341(225.8); 342(16.24); 343(192.43); 344(982.46); 345(744.89); 346(289.61); 347(995.76); 348(641.73); 349(859.69); 350(111.65); 351(614.92); 352(0.15); 353(228.95); 354(253.37); 355(389.08); 356(584.94); 357(75.84); 358(178.1); 359(22.34); 360(541.91); 361(650.19); 362(128.03); 363(275.44); 364(861.12); 365(468.04); 366(208.92); 367(804.96); 368(730.23); 369(240.63); 370(30.5); 371(415.53); 372(397.05); 373(4.23); 374(231.13); 375(505.55); 376(806.97); 377(142.4); 378(447.16); 379(681.61); 380(358.55); 381(513.78); 382(314.52); 383(427.79); 384(920.28); 385(727.49); 386(592.95); 387(794.59); 388(646.34); 389(856.41); 390(261.93); 391(695.85); 392(961.52); 393(948.59); 394(42.93); 395(346.34); 396(626.4); 397(401.91); 398(784.72); 399(767.95); 400(300.58); 401(943.17); 402(557.93); 403(193.63); 404(242.81); 405(991.99); 406(496.25); 407(333.58); 408(250.27); 409(199.94); 410(202.35); 411(637.67); 412(810.19); 413(57.09); 414(317.89); 415(580.3); 416(94.77); 417(680.06); 418(438.09); 419(547.81); 420(373.06); 421(353.29); 422(908.95); 423(962.78); 424(788.57); 425(126.29); 426(221.82); 427(133.78); 428(169.85); 429(967.02); 430(445.09); 431(878.33); 432(380.28); 433(906.47); 434(766.81); 435(603.67); 436(150.66); 437(248.9); 438(61.6); 439(865.13); 440(970.19); 441(348.32); 442(586.06); 443(810.5); 444(659.21); 445(600.86); 446(386.39); 447(753.31); 448(442.94); 449(848.47); 450(464.76); 451(131.84); 452(926.51); 453(580.71); 454(909.01); 455(549.93); 456(340.84); 457(343.98); 458(650.61); 459(932.8); 460(365.04); 461(594.68); 462(526.45); 463(463.01); 464(748.24); 465(739.85); 466(440.91); 467(2.67); 468(316.25); 469(642.56); 470(113.86); 471(467.34); 472(832.41); 473(241.2); 474(850.62); 475(535.37); 476(830.02); 477(344.49); 478(999.55); 479(445.96); 480(862.89); 481(325.91); 482(198.48); 483(37.06); 484(250.95); 485(54.79); 486(503.34); 487(648.16); 488(326.67); 489(777.4); 490(733.58); 491(19.45); 492(943.45); 493(381.47); 494(154.13); 495(140.31); 496(520.34); 497(961.71); 498(908.32); 499(195.82),1
228,0(44.13); 1(749.07); 2(194.82); 3(239.61); 4(459.79); 5(276.21); 6(416.71); 7(787.71); 8(770.21); 9(692.14); 10(563.85); 11(369.09); 12(602.41); 13(47.17); 14(381.73); 15(965.99); 16(95.07); 17(933.91); 18(262.63); 19(732.26); 20(447.62); 21(716.83); 22(666.74); 23(899.97); 24(525.22); 25(490.12); 26(960.67); 27(89.48); 28(97.5); 29(551.7); 30(545.72); 31(237.36); 32(66.97); 33(276.54); 34(293.32); 35(72.18); 36(430.16); 37(791.02); 38(13.41); 39(403.58); 40(714.83); 41(827.9); 42(29.69); 43(671.12); 44(893.47); 45(608.24); 46(990.56); 47(477.24); 48(24.74); 49(818.96); 50(180.38); 51(655.46); 52(938.54); 53(488.54); 54(616.2); 55(14.86); 56(840.68); 57(103.18); 58(276.73); 59(326.98); 60(763.76); 61(34.13); 62(668.54); 63(21.65); 64(484.5); 65(664.81); 66(30.41); 67(406.28); 68(34.77); 69(640.74); 70(784.6); 71(349.75); 72(781.03); 73(681.13); 74(253.93); 75(865.82); 76(328.69); 77(20.87); 78(122.24); 79(412.64); 80(604.4); 81(946.48); 82(961.3); 83(647.54); 84(83.93); 85(549.78); 86(55.84); 87(65.52); 88(206.56); 89(149.33); 90(982.01); 91(760.06); 92(277.61); 93(562.83); 94(125.79); 95(82.21); 96(829.02); 97(954.95); 98(356.53); 99(802.99); 100(385.47); 101(117.82); 102(671.5); 103(534.03); 104(922.2); 105(952.87); 106(838.15); 107(930.45); 108(873.86); 109(647.77); 110(954.63); 111(602.47); 112(33.65); 113(628.18); 114(875.82); 115(234.68); 116(201.96); 117(597.27); 118(555.37); 119(597.3); 120(263.1); 121(826.29); 122(513.19); 123(565.28); 124(60.45); 125(164.58); 126(899.61); 127(536.17); 128(94.88); 129(196.66); 130(369.69); 131(249.12); 132(488.4); 133(514.44); 134(165.41); 135(705.31); 136(801.25); 137(183.91); 138(13.62); 139(823.38); 140(86.65); 141(305.33); 142(39.87); 143(708.85); 144(469.66); 145(927.21); 146(960.27); 147(670.19); 148(671.99); 149(646.49); 150(148.45); 151(872.57); 152(416.63); 153(611.53); 154(192.28); 155(968.35); 156(938.21); 157(584.83); 158(420.19); 159(627.28); 160(733.32); 161(367.25); 162(279.08); 163(341.34); 164(388.66); 165(609.12); 166(60.31); 167(951.53); 168(231.85); 169(531.85); 170(416.0); 171(689.68); 172(780.31); 173(336.2); 174(576.76); 175(482.46); 176(231.71); 177(11.69); 178(18.58); 179(607.86); 180(495.57); 181(821.82); 182(323.24); 183(536.52); 184(755.76); 185(478.49); 186(736.83); 187(333.47); 188(668.99); 189(394.56); 190(589.08); 191(710.34); 192(697.35); 193(582.13); 194(974.38); 195(757.29); 196(835.86); 197(341.98); 198(752.75); 199(127.06); 200(288.29); 201(61.55); 202(260.16); 203(850.59); 204(361.02); 205(992.07); 206(875.47); 207(318.6); 208(454.35); 209(99.57); 210(405.46); 211(415.75); 212(105.44); 213(981.01); 214(526.49); 215(119.98); 216(702.92); 217(45.48); 218(568.08); 219(886.13); 220(400.33); 221(625.95); 222(639.18); 223(8.52); 224(711.53); 225(137.73); 226(985.4); 227(190.3); 229(752.68); 230(199.4); 231(993.85); 232(757.28); 233(533.25); 234(30.15); 235(330.93); 236(30.69); 237(160.34); 238(464.58); 239(993.53); 240(641.26); 241(613.64); 242(717.62); 243(584.8); 244(911.77); 245(869.43); 246(569.78); 247(763.43); 248(619.51); 249(271.0); 250(769.35); 251(229.1); 252(140.48); 253(855.32); 254(509.71); 255(105.02); 256(279.15); 257(970.08); 258(795.74); 259(63.8); 260(975.51); 261(853.12); 262(123.95); 263(253.49); 264(771.99); 265(387.21); 266(223.23); 267(39.48); 268(751.06); 269(793.85); 270(584.72); 271(8.27); 272(840.17); 273(419.71); 274(241.19); 275(277.77); 276(870.03); 277(990.61); 278(896.06); 279(207.56); 280(860.51); 281(709.01); 282(384.3); 283(715.22); 284(894.77); 285(646.15); 286(925.04); 287(597.97); 288(694.14); 289(879.32); 290(489.22); 291(139.71); 292(980.59); 293(598.48); 294(551.93); 295(981.61); 296(321.36); 297(647.94); 298(710.2); 299(377.08); 300(129.81); 301(619.9); 302(740.57); 303(950.45); 304(904.59); 305(600.32); 306(12.35); 307(902.85); 308(516.49); 309(261.11); 310(901.0); 311(430.73); 312(440.18); 313(331.12); 314(598.82); 315(916.02); 316(616.38); 317(315.77); 318(219.58); 319(86.54); 320(807.1); 321(431.14); 322(762.37); 323(759.38); 324(757.94); 325(645.74); 326(958.55); 327(607.74); 328(461.37); 329(268.78); 330(628.43); 331(569.94); 332(752.27); 333(386.0); 334(22.32); 335(645.97); 336(405.12); 337(447.11); 338(424.49); 339(410.14); 340(324.6); 341(241.27); 342(90.4); 343(565.16); 344(254.23); 345(600.49); 346(850.9); 347(945.19); 348(929.26); 349(785.31); 350(527.3); 351(822.98); 352(463.67); 353(117.78); 354(904.62); 355(697.62); 356(492.71); 357(393.64); 358(305.1); 359(692.28); 360(468.38); 361(932.6); 362(966.55); 363(987.59); 364(173.45); 365(659.01); 366(228.61); 367(102.64); 368(369.75); 369(379.78); 370(326.67); 371(204.12); 372(556.81); 373(118.06); 374(889.7); 375(631.7); 376(116.11); 377(775.92); 378(540.31); 379(453.79); 380(371.04); 381(223.29); 382(979.23); 383(778.61); 384(488.43); 385(303.5); 386(697.22); 387(821.95); 388(749.87); 389(545.79); 390(116.78); 391(136.9); 392(855.71); 393(841.75); 394(92.24); 395(683.47); 396(41.21); 397(445.73); 398(632.0); 399(385.83); 400(461.5); 401(749.49); 402(936.2); 403(958.44); 404(138.24); 405(871.03); 406(631.16); 407(955.1); 408(395.96); 409(438.73); 410(7.31); 411(166.67); 412(164.3); 413(690.49); 414(896.26); 415(189.68); 416(35.04); 417(636.82); 418(671.82); 419(558.93); 420(734.41); 421(155.01); 422(130.93); 423(615.19); 424(757.41); 425(233.18); 426(628.45); 427(459.22); 428(695.34); 429(140.95); 430(849.13); 431(398.46); 432(419.86); 433(294.03); 434(685.62); 435(127.21); 436(5.54); 437(719.18); 438(197.7); 439(961.78); 440(78.2); 441(370.86); 442(75.57); 443(259.71); 444(751.48); 445(981.95); 446(462.18); 447(638.06); 448(450.09); 449(901.66); 450(289.62); 451(676.8); 452(708.32); 453(623.3); 454(63.13); 455(238.41); 456(693.36); 457(502.98); 458(515.48); 459(717.22); 460(545.28); 461(281.29); 462(646.51); 463(562.88); 464(425.96); 465(109.34); 466(937.81); 467(745.66); 468(386.77); 469(772.13); 470(149.1); 471(589.19); 472(666.09); 473(268.64); 474(978.0); 475(759.84); 476(566.33); 477(730.0); 478(125.55); 479(217.99); 480(383.97); 481(305.65); 482(84.12); 483(166.4); 484(464.7); 485(397.34); 486(956.23); 487(896.41); 488(928.61); 489(449.05); 490(532.53); 491(713.95); 492(788.38); 493(486.3); 494(308.06); 495(779.75); 496(4.0); 497(615.46); 498(942.29); 499(43.41),1
229,0(502.81); 1(288.95); 2(603.13); 3(28.15); 4(121.21); 5(193.95); 6(206.94); 7(745.48); 8(188.54); 9(279.46); 10(508.08); 11(405.6); 12(386.07); 13(957.28); 14(82.48); 15(747.17); 16(366.56); 17(746.21); 18(183.38); 19(340.98); 20(248.15); 21(574.56); 22(104.9); 23(776.84); 24(752.23); 25(492.72); 26(603.8); 27(654.35); 28(516.82); 29(967.6); 30(825.9); 31(638.3); 32(798.8); 33(80.14); 34(168.71); 35(559.96); 36(559.45); 37(868.22); 38(571.13); 39(625.67); 40(559.65); 41(917.18); 42(82.62); 43(103.54); 44(973.69); 45(847.92); 46(671.09); 47(986.34); 48(308.75); 49(984.59); 50(610.84); 51(303.89); 52(462.42); 53(395.76); 54(236.06); 55(777.83); 56(420.91); 57(917.41); 58(984.93); 59(573.04); 60(106.29); 61(660.35); 62(844.07); 63(832.54); 64(643.96); 65(814.73); 66(603.52); 67(911.93); 68(828.93); 69(741.76); 70(589.89); 71(562.29); 72(705.5); 73(170.52); 74(15.91); 75(120.61); 76(953.31); 77(739.54); 78(763.82); 79(767.59); 80(932.12); 81(581.64); 82(223.16); 83(4.91); 84(602.16); 85(771.37); 86(639.96); 87(31.94); 88(138.61); 89(663.28); 90(595.02); 91(78.3); 92(52.18); 93(793.97); 94(198.42); 95(464.72); 96(178.68); 97(354.1); 98(258.93); 99(561.49); 100(961.66); 101(105.41); 102(944.67); 103(961.8); 104(717.23); 105(915.7); 106(918.14); 107(612.92); 108(235.95); 109(170.87); 110(20.34); 111(674.91); 112(483.11); 113(515.69); 114(675.69); 115(177.03); 116(45.77); 117(297.7); 118(200.48); 119(581.21); 120(664.32); 121(779.77); 122(690.18); 123(674.43); 124(423.5); 125(913.43); 126(811.41); 127(483.27); 128(254.27); 129(824.29); 130(787.09); 131(469.9); 132(553.36); 133(416.26); 134(976.75); 135(950.69); 136(309.24); 137(551.68); 138(626.42); 139(709.61); 140(249.0); 141(864.78); 142(682.21); 143(531.71); 144(859.85); 145(428.16); 146(421.54); 147(93.77); 148(125.07); 149(378.05); 150(816.86); 151(687.8); 152(866.9); 153(166.75); 154(295.94); 155(228.28); 156(659.85); 157(926.09); 158(758.05); 159(758.06); 160(291.11); 161(653.58); 162(313.94); 163(325.97); 164(608.06); 165(207.79); 166(54.19); 167(114.0); 168(146.29); 169(356.13); 170(245.51); 171(994.29); 172(314.09); 173(599.52); 174(608.72); 175(913.79); 176(837.49); 177(835.49); 178(232.36); 179(469.41); 180(576.96); 181(439.55); 182(244.27); 183(890.42); 184(702.64); 185(350.13); 186(395.7); 187(796.75); 188(326.4); 189(627.5); 190(168.96); 191(642.04); 192(689.23); 193(706.56); 194(808.25); 195(616.16); 196(902.95); 197(114.09); 198(436.95); 199(347.95); 200(919.15); 201(291.54); 202(693.95); 203(292.23); 204(597.46); 205(682.51); 206(301.96); 207(999.69); 208(733.92); 209(120.37); 210(93.52); 211(517.61); 212(841.52); 213(944.91); 214(710.19); 215(97.84); 216(286.38); 217(133.99); 218(55.05); 219(743.9); 220(54.19); 221(949.07); 222(745.7); 223(539.63); 224(829.84); 225(207.16); 226(765.57); 227(165.63); 228(752.68); 230(271.85); 231(27.34); 232(264.57); 233(426.85); 234(36.56); 235(271.32); 236(623.22); 237(780.6); 238(555.36); 239(539.31); 240(185.55); 241(48.86); 242(72.13); 243(962.3); 244(356.8); 245(998.63); 246(901.31); 247(736.25); 248(905.06); 249(651.91); 250(318.31); 251(557.93); 252(471.46); 253(531.93); 254(739.07); 255(81.13); 256(230.39); 257(764.63); 258(829.31); 259(675.86); 260(394.41); 261(204.13); 262(738.84); 263(692.39); 264(265.7); 265(9.18); 266(408.52); 267(200.93); 268(43.33); 269(442.51); 270(503.89); 271(747.44); 272(933.65); 273(671.9); 274(196.68); 275(43.19); 276(184.89); 277(764.61); 278(282.72); 279(339.29); 280(287.18); 281(894.05); 282(65.26); 283(548.63); 284(868.13); 285(642.29); 286(313.77); 287(34.58); 288(631.24); 289(277.69); 290(50.45); 291(305.78); 292(65.81); 293(846.18); 294(346.38); 295(318.36); 296(71.92); 297(612.26); 298(656.12); 299(406.92); 300(417.64); 301(247.15); 302(737.84); 303(118.68); 304(570.66); 305(75.57); 306(78.35); 307(523.93); 308(718.09); 309(264.26); 310(720.07); 311(303.53); 312(346.56); 313(610.65); 314(562.76); 315(736.83); 316(0.43); 317(889.66); 318(857.37); 319(322.68); 320(654.69); 321(42.12); 322(315.08); 323(48.39); 324(995.46); 325(2.74); 326(928.02); 327(778.69); 328(103.34); 329(247.92); 330(943.1); 331(67.71); 332(860.88); 333(395.42); 334(381.34); 335(459.39); 336(911.65); 337(927.04); 338(311.59); 339(586.54); 340(726.07); 341(321.53); 342(281.14); 343(981.63); 344(712.3); 345(428.86); 346(964.19); 347(784.87); 348(803.13); 349(352.74); 350(325.77); 351(734.6); 352(13.43); 353(819.59); 354(614.72); 355(3.2); 356(804.99); 357(792.89); 358(705.89); 359(489.38); 360(205.84); 361(791.86); 362(172.99); 363(161.19); 364(242.67); 365(609.94); 366(473.13); 367(624.88); 368(588.94); 369(404.18); 370(175.65); 371(877.8); 372(513.83); 373(805.07); 374(611.71); 375(864.08); 376(427.87); 377(412.73); 378(15.88); 379(363.62); 380(459.73); 381(752.21); 382(221.72); 383(442.37); 384(508.5); 385(50.49); 386(740.0); 387(531.96); 388(299.1); 389(115.41); 390(351.73); 391(260.08); 392(64.33); 393(155.82); 394(992.0); 395(829.51); 396(109.51); 397(597.43); 398(85.85); 399(944.99); 400(949.69); 401(405.81); 402(720.04); 403(542.47); 404(456.02); 405(135.31); 406(952.29); 407(543.14); 408(603.02); 409(993.94); 410(548.03); 411(453.18); 412(257.6); 413(927.61); 414(11.58); 415(86.63); 416(169.31); 417(941.77); 418(161.01); 419(153.01); 420(979.31); 421(717.22); 422(594.01); 423(160.02); 424(36.37); 425(729.3); 426(128.23); 427(886.09); 428(986.62); 429(176.14); 430(400.7); 431(539.68); 432(414.11); 433(480.21); 434(844.58); 435(884.76); 436(916.15); 437(300.74); 438(809.27); 439(432.31); 440(456.91); 441(466.12); 442(685.25); 443(745.4); 444(952.54); 445(729.62); 446(553.0); 447(802.21); 448(950.63); 449(886.78); 450(238.81); 451(239.6); 452(494.46); 453(517.25); 454(125.66); 455(200.16); 456(214.23); 457(704.78); 458(295.82); 459(172.01); 460(474.9); 461(819.12); 462(493.74); 463(403.23); 464(648.92); 465(640.94); 466(409.78); 467(189.74); 468(769.77); 469(535.89); 470(422.89); 471(185.74); 472(230.11); 473(576.29); 474(89.85); 475(631.92); 476(242.96); 477(813.34); 478(322.5); 479(266.76); 480(227.28); 481(240.62); 482(847.42); 483(911.78); 484(260.41); 485(997.78); 486(258.16); 487(94.75); 488(413.98); 489(826.3); 490(679.99); 491(450.06); 492(318.31); 493(838.03); 494(817.9); 495(647.56); 496(569.06); 497(247.14); 498(359.47); 499(942.49),1
230,0(827.67); 1(227.7); 2(647.57); 3(500.94); 4(72.58); 5(653.59); 6(877.37); 7(834.21); 8(919.0); 9(940.42); 10(182.56); 11(277.2); 12(763.24); 13(104.53); 14(604.73); 15(699.74); 16(626.82); 17(190.01); 18(825.78); 19(978.95); 20(70.02); 21(394.82); 22(666.32); 23(407.98); 24(464.8); 25(650.92); 26(754.25); 27(685.9); 28(566.89); 29(269.39); 30(63.28); 31(717.05); 32(286.14); 33(504.58); 34(410.8); 35(590.72); 36(535.07); 37(462.75); 38(477.36); 39(278.94); 40(45.82); 41(963.24); 42(737.31); 43(376.39); 44(232.75); 45(590.22); 46(230.65); 47(223.79); 48(162.48); 49(614.11); 50(439.86); 51(326.9); 52(893.39); 53(333.03); 54(980.53); 55(452.55); 56(177.34); 57(219.74); 58(986.88); 59(76.05); 60(594.14); 61(319.51); 62(604.51); 63(982.54); 64(267.52); 65(738.69); 66(426.35); 67(258.21); 68(512.53); 69(604.6); 70(562.41); 71(33.31); 72(839.99); 73(762.44); 74(373.0); 75(857.2); 76(402.97); 77(12.39); 78(320.5); 79(837.43); 80(144.05); 81(940.54); 82(321.55); 83(482.03); 84(326.45); 85(388.7); 86(827.74); 87(178.44); 88(776.88); 89(32.27); 90(489.74); 91(544.37); 92(536.0); 93(523.32); 94(356.19); 95(824.16); 96(214.27); 97(425.61); 98(791.51); 99(121.2); 100(186.39); 101(162.95); 102(862.98); 103(892.07); 104(382.36); 105(745.37); 106(247.03); 107(154.99); 108(135.45); 109(359.82); 110(2.37); 111(938.92); 112(369.91); 113(174.32); 114(200.35); 115(204.38); 116(731.01); 117(835.28); 118(167.55); 119(803.92); 120(510.5); 121(802.25); 122(997.79); 123(224.56); 124(593.49); 125(406.91); 126(544.45); 127(397.04); 128(62.02); 129(47.6); 130(370.03); 131(68.28); 132(759.61); 133(795.32); 134(739.48); 135(965.77); 136(499.71); 137(340.4); 138(491.63); 139(865.11); 140(919.33); 141(636.0); 142(538.39); 143(283.5); 144(12.3); 145(69.56); 146(56.29); 147(904.2); 148(952.14); 149(947.81); 150(724.78); 151(935.94); 152(460.33); 153(191.87); 154(908.35); 155(297.13); 156(61.84); 157(930.83); 158(85.17); 159(359.63); 160(295.07); 161(480.06); 162(386.21); 163(166.21); 164(775.63); 165(621.08); 166(796.08); 167(926.75); 168(789.3); 169(952.44); 170(510.23); 171(736.57); 172(83.68); 173(395.31); 174(146.28); 175(590.99); 176(897.54); 177(834.36); 178(296.88); 179(591.72); 180(450.34); 181(582.55); 182(276.56); 183(49.8); 184(812.92); 185(920.16); 186(696.46); 187(356.51); 188(410.09); 189(482.19); 190(605.69); 191(550.55); 192(537.77); 193(461.55); 194(620.49); 195(665.24); 196(980.91); 197(856.84); 198(837.0); 199(300.76); 200(796.05); 201(999.15); 202(642.79); 203(955.76); 204(65.08); 205(815.25); 206(93.42); 207(350.71); 208(153.71); 209(416.86); 210(984.78); 211(345.65); 212(831.84); 213(992.11); 214(98.6); 215(60.94); 216(935.72); 217(322.23); 218(649.47); 219(787.52); 220(561.4); 221(939.07); 222(944.81); 223(611.07); 224(491.75); 225(970.44); 226(891.47); 227(242.43); 228(199.4); 229(271.85); 231(54.59); 232(158.43); 233(99.49); 234(180.44); 235(357.62); 236(546.34); 237(472.4); 238(634.5); 239(708.24); 240(649.36); 241(727.39); 242(594.79); 243(832.56); 244(60.43); 245(457.54); 246(870.76); 247(839.08); 248(984.62); 249(311.65); 250(124.33); 251(893.96); 252(392.75); 253(131.36); 254(768.68); 255(717.67); 256(464.75); 257(205.89); 258(39.0); 259(836.91); 260(399.9); 261(245.94); 262(697.93); 263(39.25); 264(724.71); 265(482.84); 266(162.01); 267(154.19); 268(458.77); 269(679.27); 270(304.77); 271(42.39); 272(984.74); 273(139.14); 274(112.64); 275(83.54); 276(648.01); 277(78.2); 278(792.52); 279(695.78); 280(357.83); 281(272.47); 282(759.89); 283(619.39); 284(587.5); 285(831.67); 286(789.94); 287(720.66); 288(385.9); 289(488.06); 290(490.24); 291(692.98); 292(816.68); 293(235.96); 294(167.33); 295(482.0); 296(179.53); 297(401.13); 298(427.65); 299(162.74); 300(320.86); 301(686.29); 302(491.87); 303(180.5); 304(719.38); 305(765.58); 306(939.43); 307(617.91); 308(768.71); 309(521.95); 310(597.13); 311(761.74); 312(268.08); 313(595.76); 314(125.64); 315(978.96); 316(560.93); 317(563.13); 318(238.84); 319(903.59); 320(119.34); 321(975.59); 322(88.74); 323(802.04); 324(752.92); 325(255.79); 326(930.37); 327(143.48); 328(623.11); 329(510.0); 330(968.7); 331(999.69); 332(307.01); 333(157.14); 334(979.14); 335(650.28); 336(633.06); 337(820.78); 338(253.5); 339(175.11); 340(876.24); 341(276.44); 342(572.53); 343(485.35); 344(747.02); 345(148.14); 346(356.8); 347(696.83); 348(30.58); 349(93.71); 350(286.69); 351(859.31); 352(983.69); 353(904.45); 354(429.63); 355(956.34); 356(421.91); 357(427.85); 358(18.65); 359(599.48); 360(714.58); 361(559.04); 362(874.89); 363(175.93); 364(474.56); 365(824.99); 366(621.12); 367(179.67); 368(120.62); 369(430.09); 370(324.33); 371(359.93); 372(181.64); 373(401.82); 374(289.55); 375(822.61); 376(653.73); 377(242.9); 378(419.95); 379(409.99); 380(368.44); 381(706.28); 382(494.64); 383(428.68); 384(421.38); 385(133.25); 386(11.66); 387(447.61); 388(925.65); 389(103.51); 390(688.47); 391(490.21); 392(176.76); 393(82.31); 394(339.55); 395(470.8); 396(962.14); 397(517.64); 398(821.35); 399(851.07); 400(247.62); 401(359.9); 402(846.22); 403(697.56); 404(579.68); 405(596.91); 406(83.03); 407(806.42); 408(649.32); 409(930.94); 410(414.15); 411(420.61); 412(928.62); 413(833.75); 414(557.34); 415(440.41); 416(869.34); 417(978.61); 418(544.13); 419(357.78); 420(362.99); 421(740.8); 422(934.28); 423(309.13); 424(356.65); 425(961.83); 426(144.08); 427(530.83); 428(759.88); 429(553.66); 430(36.72); 431(862.15); 432(745.68); 433(494.25); 434(808.45); 435(257.93); 436(369.91); 437(833.55); 438(573.82); 439(738.2); 440(399.14); 441(61.39); 442(871.52); 443(87.6); 444(723.67); 445(158.67); 446(724.18); 447(757.3); 448(900.81); 449(632.39); 450(127.23); 451(333.12); 452(114.8); 453(773.26); 454(347.55); 455(966.46); 456(447.89); 457(514.21); 458(282.76); 459(962.02); 460(865.68); 461(978.34); 462(531.74); 463(224.41); 464(706.27); 465(74.64); 466(904.35); 467(578.45); 468(873.9); 469(75.6); 470(372.16); 471(571.52); 472(42.27); 473(713.28); 474(306.86); 475(511.66); 476(974.1); 477(724.2); 478(430.75); 479(696.12); 480(871.21); 481(885.22); 482(911.52); 483(552.5); 484(592.15); 485(919.39); 486(283.11); 487(261.32); 488(860.52); 489(849.2); 490(373.23); 491(128.55); 492(414.85); 493(0.41); 494(918.57); 495(649.74); 496(701.93); 497(379.57); 498(194.29); 499(215.13),2
231,0(877.85); 1(951.27); 2(369.55); 3(730.12); 4(505.75); 5(526.72); 6(214.52); 7(547.16); 8(198.37); 9(509.06); 10(494.64); 11(562.45); 12(517.3); 13(381.53); 14(115.39); 15(564.77); 16(143.46); 17(672.58); 18(468.46); 19(764.67); 20(556.14); 21(102.51); 22(729.09); 23(917.74); 24(492.41); 25(318.35); 26(275.41); 27(910.07); 28(356.8); 29(203.39); 30(770.24); 31(636.4); 32(542.93); 33(794.4); 34(828.25); 35(777.46); 36(975.16); 37(644.3); 38(90.37); 39(523.51); 40(448.92); 41(539.69); 42(855.2); 43(178.91); 44(206.04); 45(524.45); 46(549.64); 47(980.48); 48(705.79); 49(476.24); 50(332.76); 51(220.41); 52(274.14); 53(394.76); 54(225.02); 55(876.83); 56(337.42); 57(768.09); 58(518.08); 59(43.2); 60(228.44); 61(471.82); 62(580.64); 63(136.23); 64(861.96); 65(843.61); 66(194.99); 67(837.8); 68(270.5); 69(395.79); 70(903.95); 71(874.67); 72(845.66); 73(666.98); 74(222.01); 75(291.24); 76(716.03); 77(885.82); 78(326.55); 79(514.39); 80(86.95); 81(730.08); 82(613.08); 83(707.69); 84(711.5); 85(777.4); 86(258.52); 87(952.46); 88(584.49); 89(298.44); 90(926.62); 91(352.66); 92(367.69); 93(113.79); 94(528.62); 95(644.97); 96(285.29); 97(356.92); 98(344.2); 99(361.39); 100(904.96); 101(979.05); 102(406.82); 103(320.41); 104(47.51); 105(269.87); 106(28.89); 107(301.97); 108(255.24); 109(408.81); 110(870.57); 111(393.39); 112(201.88); 113(593.15); 114(472.61); 115(933.34); 116(115.16); 117(562.65); 118(861.98); 119(117.86); 120(360.32); 121(781.8); 122(274.89); 123(719.06); 124(191.49); 125(794.96); 126(947.63); 127(572.26); 128(637.9); 129(832.26); 130(860.53); 131(738.43); 132(530.32); 133(93.73); 134(404.18); 135(424.08); 136(484.24); 137(932.59); 138(12.17); 139(462.37); 140(21.6); 141(390.39); 142(113.69); 143(758.49); 144(206.36); 145(794.68); 146(894.87); 147(818.76); 148(202.11); 149(358.96); 150(202.57); 151(963.74); 152(848.59); 153(619.76); 154(912.01); 155(376.84); 156(2.77); 157(884.96); 158(513.0); 159(448.06); 160(895.14); 161(819.2); 162(814.05); 163(45.21); 164(541.77); 165(939.06); 166(659.42); 167(623.07); 168(29.39); 169(766.94); 170(799.43); 171(519.49); 172(247.27); 173(813.03); 174(180.12); 175(414.39); 176(755.32); 177(888.97); 178(765.13); 179(524.52); 180(882.67); 181(543.12); 182(127.02); 183(847.63); 184(114.68); 185(745.67); 186(208.14); 187(270.49); 188(840.92); 189(433.35); 190(896.53); 191(102.32); 192(908.71); 193(828.47); 194(47.23); 195(180.82); 196(63.14); 197(750.29); 198(745.57); 199(294.61); 200(168.68); 201(693.78); 202(370.6); 203(223.74); 204(794.47); 205(468.69); 206(753.56); 207(26.11); 208(895.09); 209(347.06); 210(760.27); 211(686.7); 212(39.67); 213(19.9); 214(330.88); 215(904.45); 216(543.14); 217(952.83); 218(71.14); 219(226.12); 220(266.43); 221(705.13); 222(727.14); 223(453.34); 224(184.89); 225(208.49); 226(493.77); 227(295.89); 228(993.85); 229(27.34); 230(54.59); 232(471.55); 233(652.83); 234(162.1); 235(606.83); 236(598.54); 237(747.3); 238(864.2); 239(324.36); 240(834.32); 241(771.2); 242(108.13); 243(397.72); 244(324.09); 245(969.09); 246(776.91); 247(746.99); 248(838.43); 249(407.6); 250(606.46); 251(839.87); 252(77.14); 253(404.24); 254(592.02); 255(161.08); 256(24.41); 257(39.21); 258(223.8); 259(509.37); 260(539.91); 261(490.73); 262(112.85); 263(284.59); 264(354.99); 265(97.15); 266(699.54); 267(944.96); 268(621.28); 269(304.01); 270(380.48); 271(975.73); 272(669.22); 273(381.25); 274(291.04); 275(707.99); 276(559.28); 277(840.55); 278(477.33); 279(93.82); 280(82.47); 281(714.41); 282(716.79); 283(695.52); 284(203.0); 285(781.91); 286(330.46); 287(468.12); 288(785.57); 289(541.54); 290(572.5); 291(62.63); 292(404.41); 293(359.92); 294(907.24); 295(488.09); 296(352.35); 297(669.61); 298(760.81); 299(598.3); 300(181.08); 301(881.02); 302(608.79); 303(351.43); 304(623.25); 305(561.97); 306(56.75); 307(924.55); 308(129.85); 309(246.98); 310(995.2); 311(860.96); 312(159.78); 313(345.92); 314(653.52); 315(265.52); 316(768.77); 317(269.99); 318(792.78); 319(892.42); 320(819.8); 321(705.17); 322(43.4); 323(45.11); 324(338.75); 325(427.89); 326(575.86); 327(830.29); 328(259.97); 329(702.23); 330(853.94); 331(637.49); 332(487.54); 333(739.91); 334(426.63); 335(719.2); 336(492.57); 337(982.46); 338(17.11); 339(868.1); 340(783.14); 341(442.09); 342(683.93); 343(307.03); 344(922.71); 345(791.04); 346(660.97); 347(428.45); 348(254.8); 349(923.13); 350(933.69); 351(134.0); 352(731.05); 353(332.68); 354(936.29); 355(891.18); 356(742.08); 357(463.89); 358(496.97); 359(902.77); 360(760.66); 361(128.35); 362(514.66); 363(648.05); 364(353.05); 365(189.53); 366(557.4); 367(964.84); 368(320.0); 369(647.77); 370(229.44); 371(789.64); 372(688.0); 373(531.59); 374(607.17); 375(731.92); 376(952.41); 377(40.07); 378(766.74); 379(120.45); 380(250.55); 381(683.21); 382(600.93); 383(486.06); 384(569.56); 385(896.82); 386(575.05); 387(238.08); 388(791.37); 389(320.96); 390(768.64); 391(251.86); 392(828.41); 393(698.91); 394(143.58); 395(991.9); 396(587.84); 397(690.65); 398(809.99); 399(748.81); 400(659.84); 401(361.23); 402(28.0); 403(66.18); 404(580.82); 405(694.67); 406(84.94); 407(620.98); 408(282.81); 409(380.48); 410(593.48); 411(584.4); 412(548.4); 413(443.18); 414(964.63); 415(76.8); 416(621.07); 417(783.39); 418(415.82); 419(824.8); 420(764.26); 421(838.97); 422(739.84); 423(835.89); 424(178.84); 425(642.35); 426(666.15); 427(688.97); 428(566.2); 429(77.08); 430(719.77); 431(242.58); 432(257.65); 433(672.33); 434(554.3); 435(0.68); 436(531.03); 437(739.77); 438(950.44); 439(336.41); 440(518.94); 441(622.38); 442(2.86); 443(633.31); 444(88.12); 445(220.49); 446(585.7); 447(328.65); 448(524.66); 449(411.63); 450(314.58); 451(986.16); 452(915.62); 453(951.43); 454(32.4); 455(646.16); 456(940.79); 457(721.91); 458(633.13); 459(556.98); 460(52.39); 461(145.77); 462(18.86); 463(163.5); 464(920.16); 465(717.67); 466(606.29); 467(767.86); 468(397.35); 469(54.58); 470(203.01); 471(171.87); 472(31.42); 473(588.04); 474(662.88); 475(82.03); 476(42.95); 477(100.87); 478(698.78); 479(721.12); 480(774.41); 481(370.65); 482(173.44); 483(180.6); 484(505.97); 485(791.61); 486(823.3); 487(897.37); 488(776.69); 489(536.27); 490(390.04); 491(530.62); 492(349.36); 493(981.3); 494(848.09); 495(387.87); 496(241.4); 497(578.68); 498(131.76); 499(165.59),1
232,0(167.6); 1(219.5); 2(68.49); 3(927.96); 4(359.35); 5(687.61); 6(271.86); 7(88.75); 8(76.27); 9(774.31); 10(168.18); 11(79.63); 12(320.57); 13(639.59); 14(229.93); 15(876.23); 16(367.21); 17(141.46); 18(684.47); 19(982.35); 20(677.09); 21(801.27); 22(403.39); 23(93.67); 24(335.49); 25(696.01); 26(971.14); 27(962.73); 28(99.72); 29(947.72); 30(136.76); 31(371.77); 32(348.93); 33(469.79); 34(744.06); 35(254.49); 36(972.71); 37(990.17); 38(948.31); 39(261.42); 40(980.98); 41(706.41); 42(972.63); 43(889.06); 44(280.54); 45(653.12); 46(645.67); 47(735.85); 48(399.07); 49(961.89); 50(785.77); 51(201.5); 52(249.3); 53(257.95); 54(714.25); 55(533.94); 56(812.2); 57(556.35); 58(101.56); 59(515.27); 60(924.53); 61(343.31); 62(395.84); 63(879.34); 64(589.67); 65(958.44); 66(869.64); 67(934.64); 68(204.47); 69(125.67); 70(195.81); 71(515.25); 72(443.62); 73(966.61); 74(52.22); 75(245.27); 76(159.82); 77(688.14); 78(410.07); 79(905.74); 80(334.15); 81(411.83); 82(726.49); 83(294.12); 84(658.22); 85(696.29); 86(519.03); 87(255.57); 88(806.94); 89(352.19); 90(232.85); 91(539.78); 92(983.6); 93(723.54); 94(295.02); 95(365.61); 96(831.61); 97(90.99); 98(601.07); 99(51.81); 100(390.92); 101(904.62); 102(631.51); 103(805.21); 104(956.8); 105(226.88); 106(278.48); 107(60.64); 108(967.29); 109(664.41); 110(353.35); 111(66.75); 112(279.7); 113(541.12); 114(573.59); 115(388.61); 116(877.3); 117(162.95); 118(154.85); 119(499.16); 120(955.9); 121(997.03); 122(188.15); 123(953.44); 124(104.34); 125(791.99); 126(753.59); 127(20.63); 128(156.96); 129(424.51); 130(215.27); 131(466.96); 132(908.8); 133(587.96); 134(663.06); 135(806.32); 136(527.42); 137(785.68); 138(884.85); 139(502.02); 140(113.26); 141(354.35); 142(633.82); 143(345.03); 144(504.31); 145(268.66); 146(61.39); 147(236.41); 148(329.99); 149(398.26); 150(625.59); 151(360.46); 152(950.45); 153(728.26); 154(757.06); 155(752.76); 156(5.59); 157(177.64); 158(563.61); 159(872.63); 160(138.1); 161(919.64); 162(446.25); 163(909.42); 164(454.87); 165(270.12); 166(580.61); 167(568.56); 168(1.35); 169(627.07); 170(643.69); 171(878.69); 172(218.66); 173(828.7); 174(996.25); 175(851.3); 176(908.63); 177(413.2); 178(811.71); 179(37.72); 180(534.56); 181(83.72); 182(311.32); 183(255.63); 184(616.85); 185(531.19); 186(109.49); 187(104.84); 188(516.6); 189(29.83); 190(840.67); 191(736.49); 192(725.22); 193(134.52); 194(245.77); 195(334.87); 196(1.66); 197(516.24); 198(358.73); 199(386.46); 200(320.28); 201(886.08); 202(536.79); 203(674.28); 204(478.59); 205(437.35); 206(465.59); 207(473.2); 208(666.66); 209(695.67); 210(928.86); 211(339.47); 212(397.54); 213(574.76); 214(691.01); 215(825.19); 216(470.98); 217(392.97); 218(160.42); 219(248.02); 220(933.15); 221(592.32); 222(918.45); 223(484.48); 224(532.64); 225(940.36); 226(336.47); 227(794.9); 228(757.28); 229(264.57); 230(158.43); 231(471.55); 233(860.25); 234(586.27); 235(952.01); 236(673.03); 237(918.52); 238(829.36); 239(723.64); 240(909.68); 241(913.82); 242(807.65); 243(979.07); 244(772.97); 245(722.17); 246(542.58); 247(711.81); 248(740.29); 249(163.92); 250(323.81); 251(126.64); 252(742.35); 253(741.74); 254(877.57); 255(272.69); 256(458.63); 257(501.44); 258(274.33); 259(669.93); 260(488.14); 261(301.12); 262(444.08); 263(226.47); 264(437.31); 265(488.51); 266(969.51); 267(664.34); 268(100.55); 269(932.66); 270(964.37); 271(616.58); 272(794.42); 273(344.7); 274(665.58); 275(783.66); 276(279.93); 277(391.5); 278(658.63); 279(705.56); 280(524.18); 281(694.45); 282(49.5); 283(621.39); 284(860.69); 285(425.5); 286(729.44); 287(886.51); 288(862.79); 289(276.56); 290(561.73); 291(906.86); 292(146.59); 293(814.22); 294(800.84); 295(104.68); 296(468.67); 297(744.78); 298(481.28); 299(783.9); 300(65.68); 301(289.08); 302(56.34); 303(18.35); 304(359.81); 305(532.45); 306(772.98); 307(484.69); 308(88.52); 309(350.94); 310(498.9); 311(145.05); 312(568.82); 313(961.82); 314(645.49); 315(286.24); 316(183.29); 317(375.78); 318(579.21); 319(736.24); 320(726.24); 321(332.1); 322(58.84); 323(847.91); 324(152.95); 325(405.17); 326(582.74); 327(708.5); 328(630.64); 329(505.03); 330(567.31); 331(167.72); 332(788.06); 333(203.43); 334(739.87); 335(26.59); 336(614.14); 337(905.43); 338(502.8); 339(491.08); 340(879.08); 341(559.54); 342(789.7); 343(48.75); 344(555.2); 345(716.39); 346(433.69); 347(729.57); 348(24.39); 349(934.63); 350(824.2); 351(883.81); 352(62.33); 353(191.43); 354(895.5); 355(94.45); 356(715.57); 357(677.36); 358(43.85); 359(513.95); 360(185.56); 361(342.45); 362(496.39); 363(558.39); 364(133.54); 365(493.35); 366(463.69); 367(636.14); 368(103.02); 369(624.87); 370(996.37); 371(489.3); 372(90.58); 373(537.78); 374(845.04); 375(574.67); 376(279.0); 377(253.6); 378(144.23); 379(80.7); 380(568.24); 381(465.35); 382(697.84); 383(345.35); 384(43.86); 385(786.68); 386(676.99); 387(593.55); 388(938.02); 389(252.84); 390(170.85); 391(140.6); 392(539.14); 393(941.55); 394(893.32); 395(643.58); 396(776.81); 397(819.51); 398(516.08); 399(808.36); 400(935.64); 401(683.76); 402(230.81); 403(567.22); 404(327.72); 405(327.39); 406(205.15); 407(721.14); 408(889.71); 409(449.16); 410(730.7); 411(537.33); 412(764.93); 413(660.55); 414(314.6); 415(281.92); 416(928.34); 417(257.04); 418(769.24); 419(828.54); 420(754.68); 421(538.68); 422(810.01); 423(304.46); 424(733.3); 425(238.64); 426(831.97); 427(395.58); 428(291.09); 429(266.11); 430(718.37); 431(730.56); 432(707.72); 433(24.77); 434(282.48); 435(799.14); 436(669.37); 437(532.85); 438(832.53); 439(46.12); 440(208.57); 441(235.75); 442(873.21); 443(118.38); 444(920.14); 445(241.41); 446(685.07); 447(139.02); 448(597.76); 449(866.11); 450(180.28); 451(529.31); 452(699.75); 453(436.52); 454(233.78); 455(391.7); 456(91.31); 457(419.38); 458(644.81); 459(243.08); 460(539.86); 461(673.35); 462(761.61); 463(290.19); 464(947.57); 465(361.14); 466(879.98); 467(401.79); 468(734.13); 469(324.0); 470(695.66); 471(359.85); 472(811.75); 473(174.7); 474(4.41); 475(928.58); 476(842.17); 477(350.25); 478(688.52); 479(383.83); 480(780.98); 481(737.59); 482(324.89); 483(640.33); 484(689.02); 485(537.96); 486(57.57); 487(65.94); 488(810.33); 489(958.29); 490(203.51); 491(293.67); 492(83.0); 493(974.16); 494(239.63); 495(30.09); 496(771.82); 497(994.04); 498(884.11); 499(682.65),1
233,0(929.91); 1(108.99); 2(357.31); 3(159.57); 4(745.76); 5(431.68); 6(838.18); 7(49.56); 8(212.55); 9(567.37); 10(105.67); 11(27.83); 12(978.65); 13(757.95); 14(426.43); 15(682.71); 16(273.0); 17(277.62); 18(426.13); 19(114.09); 20(309.23); 21(402.26); 22(197.96); 23(816.02); 24(604.5); 25(553.07); 26(55.27); 27(78.19); 28(190.09); 29(213.2); 30(620.83); 31(349.58); 32(469.68); 33(634.37); 34(815.92); 35(729.69); 36(172.26); 37(348.77); 38(279.13); 39(353.06); 40(912.72); 41(334.87); 42(295.84); 43(816.01); 44(571.5); 45(156.29); 46(98.41); 47(693.05); 48(815.75); 49(997.49); 50(527.8); 51(552.68); 52(799.27); 53(673.28); 54(959.12); 55(963.8); 56(391.27); 57(181.0); 58(909.58); 59(597.07); 60(763.68); 61(984.85); 62(867.28); 63(380.11); 64(360.36); 65(840.95); 66(206.25); 67(401.03); 68(59.61); 69(873.15); 70(879.16); 71(365.43); 72(499.2); 73(151.41); 74(912.61); 75(188.75); 76(350.28); 77(358.22); 78(329.0); 79(869.65); 80(457.95); 81(8.52); 82(636.75); 83(50.06); 84(630.3); 85(973.28); 86(523.69); 87(768.87); 88(358.19); 89(867.05); 90(161.37); 91(560.49); 92(819.85); 93(720.12); 94(602.14); 95(114.27); 96(802.28); 97(454.4); 98(190.06); 99(399.17); 100(267.2); 101(545.91); 102(597.16); 103(808.15); 104(172.74); 105(922.09); 106(811.57); 107(779.96); 108(638.37); 109(403.86); 110(21.45); 111(939.74); 112(889.45); 113(655.41); 114(142.62); 115(165.72); 116(848.43); 117(908.45); 118(98.04); 119(865.45); 120(112.58); 121(652.87); 122(712.42); 123(537.79); 124(978.98); 125(29.85); 126(612.91); 127(51.43); 128(944.94); 129(224.35); 130(409.24); 131(408.97); 132(462.83); 133(256.21); 134(634.95); 135(244.02); 136(510.0); 137(158.73); 138(701.1); 139(51.01); 140(252.78); 141(141.11); 142(188.73); 143(541.21); 144(211.91); 145(491.4); 146(280.53); 147(731.66); 148(249.19); 149(108.1); 150(331.09); 151(137.19); 152(558.33); 153(729.57); 154(849.89); 155(696.3); 156(441.64); 157(811.73); 158(588.57); 159(783.85); 160(106.34); 161(559.02); 162(690.34); 163(128.01); 164(945.7); 165(752.97); 166(902.56); 167(866.02); 168(872.95); 169(924.28); 170(724.0); 171(605.3); 172(361.13); 173(588.28); 174(840.88); 175(88.48); 176(357.62); 177(88.38); 178(439.15); 179(986.63); 180(52.33); 181(765.7); 182(994.04); 183(21.57); 184(64.74); 185(112.69); 186(669.82); 187(444.01); 188(766.49); 189(328.83); 190(916.02); 191(535.27); 192(176.26); 193(907.42); 194(527.82); 195(345.98); 196(809.36); 197(37.87); 198(715.6); 199(11.01); 200(429.06); 201(495.87); 202(709.54); 203(813.94); 204(577.86); 205(128.74); 206(173.76); 207(659.61); 208(106.43); 209(265.55); 210(189.63); 211(859.91); 212(420.09); 213(204.82); 214(153.44); 215(730.13); 216(712.48); 217(67.51); 218(779.38); 219(380.33); 220(222.27); 221(589.84); 222(829.9); 223(444.0); 224(777.13); 225(30.77); 226(915.46); 227(199.22); 228(533.25); 229(426.85); 230(99.49); 231(652.83); 232(860.25); 234(587.17); 235(14.77); 236(2.01); 237(307.08); 238(442.05); 239(121.61); 240(964.18); 241(271.33); 242(655.36); 243(873.99); 244(253.88); 245(382.86); 246(411.14); 247(946.1); 248(169.41); 249(57.71); 250(307.33); 251(445.49); 252(546.66); 253(966.32); 254(284.37); 255(757.09); 256(423.95); 257(160.76); 258(62.6); 259(893.48); 260(932.73); 261(289.65); 262(4.03); 263(784.54); 264(488.21); 265(279.36); 266(19.94); 267(887.3); 268(922.4); 269(244.07); 270(304.19); 271(774.85); 272(572.43); 273(75.37); 274(139.42); 275(99.37); 276(581.65); 277(502.24); 278(670.83); 279(755.13); 280(713.81); 281(337.48); 282(101.28); 283(465.84); 284(471.83); 285(403.65); 286(1.04); 287(155.63); 288(414.67); 289(138.91); 290(917.5); 291(249.24); 292(154.12); 293(519.48); 294(298.04); 295(985.03); 296(899.47); 297(720.42); 298(8.57); 299(603.02); 300(38.77); 301(83.14); 302(199.41); 303(930.8); 304(778.38); 305(624.52); 306(962.67); 307(564.84); 308(652.51); 309(174.14); 310(429.19); 311(725.01); 312(693.67); 313(634.98); 314(593.0); 315(412.58); 316(464.57); 317(322.06); 318(910.28); 319(15.2); 320(566.87); 321(526.34); 322(643.0); 323(102.59); 324(161.82); 325(750.14); 326(441.12); 327(836.17); 328(429.51); 329(138.31); 330(449.67); 331(503.26); 332(856.68); 333(877.58); 334(836.09); 335(452.96); 336(669.5); 337(158.3); 338(747.51); 339(478.27); 340(404.74); 341(927.52); 342(729.67); 343(819.14); 344(233.83); 345(780.88); 346(782.77); 347(929.6); 348(682.33); 349(227.94); 350(425.83); 351(589.41); 352(399.79); 353(337.81); 354(72.44); 355(361.74); 356(16.16); 357(815.21); 358(208.13); 359(502.11); 360(117.46); 361(947.73); 362(266.34); 363(728.48); 364(637.12); 365(685.14); 366(451.64); 367(90.54); 368(172.34); 369(16.34); 370(21.36); 371(297.48); 372(360.51); 373(409.89); 374(827.88); 375(308.88); 376(452.39); 377(907.04); 378(161.57); 379(900.1); 380(376.21); 381(320.24); 382(47.33); 383(116.9); 384(82.79); 385(260.54); 386(927.0); 387(545.79); 388(738.0); 389(450.32); 390(485.95); 391(241.56); 392(139.55); 393(248.32); 394(93.78); 395(252.7); 396(470.44); 397(850.51); 398(864.02); 399(937.22); 400(292.22); 401(74.77); 402(130.71); 403(297.74); 404(793.36); 405(288.34); 406(83.45); 407(698.11); 408(360.64); 409(747.95); 410(104.57); 411(517.34); 412(797.54); 413(396.93); 414(432.88); 415(118.25); 416(33.92); 417(678.25); 418(646.33); 419(486.85); 420(933.47); 421(346.21); 422(515.63); 423(581.31); 424(304.31); 425(112.41); 426(463.01); 427(84.66); 428(87.54); 429(410.26); 430(697.91); 431(194.57); 432(867.32); 433(913.34); 434(908.91); 435(24.43); 436(538.03); 437(961.46); 438(783.34); 439(979.96); 440(443.3); 441(236.55); 442(54.38); 443(731.61); 444(511.77); 445(794.7); 446(943.11); 447(122.36); 448(869.92); 449(291.47); 450(398.13); 451(461.61); 452(79.79); 453(174.83); 454(137.92); 455(920.55); 456(74.14); 457(258.15); 458(181.34); 459(656.71); 460(125.21); 461(232.76); 462(472.65); 463(410.33); 464(438.9); 465(885.94); 466(41.06); 467(123.96); 468(162.8); 469(912.41); 470(819.38); 471(483.07); 472(634.8); 473(766.87); 474(468.28); 475(113.87); 476(347.47); 477(161.82); 478(886.65); 479(67.48); 480(989.09); 481(632.45); 482(759.06); 483(730.81); 484(558.11); 485(549.06); 486(340.2); 487(795.92); 488(805.39); 489(129.41); 490(6.18); 491(705.8); 492(502.93); 493(896.71); 494(471.96); 495(58.75); 496(843.99); 497(107.58); 498(523.62); 499(890.85),1
234,0(432.57); 1(188.68); 2(21.51); 3(100.34); 4(315.24); 5(630.13); 6(849.7); 7(339.03); 8(422.14); 9(201.09); 10(172.69); 11(619.48); 12(336.58); 13(179.74); 14(281.15); 15(524.74); 16(945.52); 17(616.86); 18(972.22); 19(346.28); 20(456.62); 21(339.19); 22(945.26); 23(11.76); 24(733.4); 25(498.47); 26(576.52); 27(938.4); 28(617.06); 29(220.05); 30(67.05); 31(498.2); 32(231.04); 33(891.05); 34(425.53); 35(682.43); 36(117.42); 37(82.06); 38(179.65); 39(318.39); 40(906.2); 41(285.38); 42(944.6); 43(870.73); 44(167.35); 45(387.38); 46(275.91); 47(388.7); 48(805.27); 49(760.65); 50(547.89); 51(747.04); 52(938.85); 53(592.3); 54(948.31); 55(753.76); 56(680.4); 57(878.38); 58(298.58); 59(596.33); 60(259.05); 61(22.21); 62(838.45); 63(573.99); 64(620.63); 65(286.66); 66(538.18); 67(152.12); 68(785.04); 69(833.87); 70(256.07); 71(306.59); 72(442.11); 73(659.99); 74(731.24); 75(980.17); 76(926.68); 77(548.1); 78(884.3); 79(431.6); 80(469.72); 81(66.12); 82(70.88); 83(590.19); 84(655.67); 85(379.04); 86(731.0); 87(668.63); 88(252.16); 89(357.43); 90(899.18); 91(471.91); 92(669.93); 93(414.82); 94(516.03); 95(500.61); 96(157.51); 97(591.21); 98(680.82); 99(757.61); 100(752.15); 101(801.5); 102(97.57); 103(345.98); 104(894.28); 105(599.58); 106(638.09); 107(89.25); 108(904.75); 109(876.96); 110(3.35); 111(479.08); 112(100.52); 113(699.98); 114(66.84); 115(284.12); 116(241.59); 117(969.58); 118(414.47); 119(355.8); 120(33.71); 121(743.4); 122(988.66); 123(137.02); 124(993.72); 125(345.95); 126(662.73); 127(176.07); 128(872.79); 129(916.29); 130(484.53); 131(108.06); 132(520.15); 133(213.29); 134(179.94); 135(751.59); 136(241.36); 137(415.34); 138(858.45); 139(397.6); 140(238.18); 141(468.2); 142(639.84); 143(795.07); 144(733.53); 145(326.55); 146(880.12); 147(451.91); 148(830.81); 149(526.05); 150(547.61); 151(251.17); 152(772.88); 153(235.95); 154(186.5); 155(289.7); 156(341.02); 157(298.33); 158(348.12); 159(374.35); 160(327.87); 161(820.87); 162(505.86); 163(277.01); 164(983.87); 165(853.57); 166(0.97); 167(711.92); 168(497.35); 169(514.41); 170(468.0); 171(635.71); 172(823.03); 173(884.39); 174(216.43); 175(573.09); 176(103.18); 177(489.04); 178(828.84); 179(309.71); 180(847.96); 181(981.55); 182(173.8); 183(964.56); 184(7.82); 185(513.25); 186(698.96); 187(296.81); 188(751.77); 189(510.82); 190(452.48); 191(38.41); 192(766.47); 193(553.32); 194(163.54); 195(197.32); 196(414.36); 197(387.98); 198(973.09); 199(551.43); 200(362.02); 201(649.28); 202(839.3); 203(965.78); 204(364.6); 205(994.83); 206(69.13); 207(736.85); 208(463.7); 209(681.79); 210(326.7); 211(0.84); 212(701.23); 213(675.73); 214(895.25); 215(493.32); 216(386.59); 217(44.86); 218(780.02); 219(604.23); 220(101.64); 221(196.61); 222(754.53); 223(63.87); 224(103.97); 225(56.93); 226(734.0); 227(914.69); 228(30.15); 229(36.56); 230(180.44); 231(162.1); 232(586.27); 233(587.17); 235(491.94); 236(783.58); 237(740.77); 238(780.08); 239(596.51); 240(651.64); 241(921.74); 242(0.47); 243(659.74); 244(287.75); 245(307.56); 246(462.99); 247(659.23); 248(704.48); 249(390.12); 250(31.93); 251(750.17); 252(49.7); 253(47.3); 254(796.82); 255(647.42); 256(946.07); 257(69.2); 258(379.01); 259(313.95); 260(531.65); 261(786.0); 262(95.0); 263(290.97); 264(767.88); 265(592.58); 266(40.75); 267(343.3); 268(731.69); 269(210.31); 270(116.74); 271(598.41); 272(933.66); 273(10.86); 274(610.97); 275(113.92); 276(258.16); 277(940.59); 278(11.02); 279(882.3); 280(951.82); 281(783.38); 282(664.91); 283(70.12); 284(649.63); 285(796.64); 286(954.83); 287(20.99); 288(880.3); 289(82.2); 290(890.25); 291(236.7); 292(2.89); 293(703.59); 294(958.41); 295(533.63); 296(980.05); 297(585.82); 298(83.3); 299(29.14); 300(775.3); 301(745.56); 302(264.39); 303(565.14); 304(718.67); 305(538.2); 306(344.11); 307(471.31); 308(181.88); 309(346.47); 310(373.96); 311(774.61); 312(652.66); 313(411.06); 314(148.43); 315(157.43); 316(566.12); 317(136.22); 318(349.0); 319(902.84); 320(607.51); 321(379.33); 322(498.2); 323(720.51); 324(627.11); 325(170.04); 326(874.56); 327(928.07); 328(622.04); 329(487.99); 330(524.95); 331(899.87); 332(909.32); 333(392.82); 334(264.2); 335(203.82); 336(57.15); 337(836.31); 338(487.21); 339(73.81); 340(35.86); 341(631.69); 342(323.53); 343(76.89); 344(10.17); 345(507.34); 346(773.74); 347(883.19); 348(375.35); 349(158.47); 350(997.18); 351(899.57); 352(896.0); 353(787.77); 354(71.87); 355(813.56); 356(692.71); 357(285.52); 358(134.23); 359(349.18); 360(170.19); 361(260.42); 362(390.07); 363(986.78); 364(90.47); 365(875.65); 366(260.69); 367(293.95); 368(909.15); 369(558.21); 370(775.91); 371(446.28); 372(141.1); 373(606.29); 374(587.85); 375(130.14); 376(952.99); 377(900.33); 378(844.68); 379(548.52); 380(21.94); 381(961.16); 382(357.86); 383(124.65); 384(199.2); 385(761.78); 386(403.58); 387(572.96); 388(95.38); 389(749.6); 390(282.61); 391(71.07); 392(488.95); 393(187.83); 394(176.57); 395(246.96); 396(836.8); 397(754.34); 398(690.13); 399(644.61); 400(522.29); 401(165.82); 402(691.34); 403(70.07); 404(714.77); 405(349.44); 406(299.11); 407(730.52); 408(284.67); 409(900.01); 410(52.27); 411(199.58); 412(196.08); 413(246.87); 414(602.1); 415(172.02); 416(397.1); 417(654.58); 418(640.41); 419(547.65); 420(636.82); 421(862.92); 422(773.62); 423(544.77); 424(799.6); 425(681.51); 426(926.38); 427(461.64); 428(584.48); 429(120.48); 430(259.54); 431(589.07); 432(828.21); 433(776.98); 434(29.01); 435(61.6); 436(764.84); 437(825.64); 438(475.75); 439(609.41); 440(86.65); 441(936.96); 442(579.54); 443(612.39); 444(365.33); 445(992.33); 446(184.93); 447(521.37); 448(65.65); 449(617.38); 450(53.66); 451(633.82); 452(38.77); 453(234.14); 454(593.35); 455(740.84); 456(893.9); 457(40.53); 458(765.31); 459(840.23); 460(843.98); 461(199.49); 462(831.44); 463(840.18); 464(594.71); 465(83.61); 466(952.05); 467(300.77); 468(23.89); 469(351.77); 470(4.36); 471(616.35); 472(648.06); 473(272.3); 474(375.87); 475(91.87); 476(520.21); 477(823.19); 478(447.61); 479(279.6); 480(986.26); 481(908.39); 482(787.34); 483(738.07); 484(468.21); 485(656.57); 486(988.88); 487(729.79); 488(198.71); 489(513.64); 490(598.3); 491(268.01); 492(712.53); 493(962.88); 494(270.59); 495(175.5); 496(335.51); 497(337.33); 498(460.27); 499(301.78),1
235,0(449.42); 1(102.61); 2(62.51); 3(404.26); 4(229.63); 5(385.39); 6(150.76); 7(792.26); 8(79.09); 9(794.67); 10(552.7); 11(817.99); 12(75.23); 13(626.71); 14(798.91); 15(247.42); 16(5.81); 17(591.84); 18(552.06); 19(107.36); 20(908.29); 21(224.88); 22(392.6); 23(338.97); 24(14.96); 25(727.8); 26(514.12); 27(775.95); 28(74.22); 29(388.91); 30(396.83); 31(207.2); 32(758.31); 33(811.66); 34(641.41); 35(204.36); 36(775.39); 37(660.72); 38(275.03); 39(684.79); 40(63.85); 41(927.92); 42(351.6); 43(69.87); 44(301.65); 45(773.84); 46(191.29); 47(971.64); 48(117.0); 49(146.13); 50(202.45); 51(757.71); 52(133.37); 53(647.23); 54(287.35); 55(945.46); 56(483.46); 57(58.89); 58(250.87); 59(558.9); 60(269.63); 61(735.71); 62(355.84); 63(468.85); 64(321.49); 65(338.64); 66(973.3); 67(114.84); 68(208.7); 69(177.23); 70(713.22); 71(325.0); 72(787.03); 73(102.72); 74(938.73); 75(725.74); 76(934.32); 77(659.38); 78(318.31); 79(706.41); 80(601.64); 81(784.99); 82(982.82); 83(853.57); 84(980.79); 85(520.87); 86(348.1); 87(386.87); 88(514.15); 89(843.6); 90(657.09); 91(357.72); 92(806.72); 93(935.68); 94(299.88); 95(597.41); 96(522.11); 97(895.33); 98(558.42); 99(157.13); 100(487.5); 101(714.68); 102(932.82); 103(329.59); 104(582.91); 105(595.05); 106(721.41); 107(988.42); 108(146.14); 109(518.98); 110(551.03); 111(212.81); 112(574.14); 113(153.23); 114(884.49); 115(88.18); 116(736.67); 117(453.34); 118(364.29); 119(491.35); 120(888.33); 121(727.06); 122(258.19); 123(53.0); 124(817.04); 125(726.99); 126(126.64); 127(969.56); 128(394.1); 129(279.88); 130(713.62); 131(17.25); 132(521.9); 133(105.45); 134(736.73); 135(204.53); 136(798.03); 137(873.98); 138(968.65); 139(858.39); 140(809.13); 141(114.21); 142(182.0); 143(754.27); 144(157.41); 145(196.19); 146(415.25); 147(813.25); 148(525.75); 149(365.34); 150(574.44); 151(537.62); 152(974.65); 153(512.13); 154(906.5); 155(839.04); 156(887.27); 157(521.95); 158(714.71); 159(729.15); 160(339.81); 161(206.16); 162(88.66); 163(401.04); 164(119.7); 165(666.71); 166(267.46); 167(903.11); 168(278.36); 169(674.26); 170(143.32); 171(904.81); 172(47.58); 173(992.88); 174(583.69); 175(948.42); 176(780.23); 177(221.95); 178(734.18); 179(751.35); 180(925.08); 181(593.55); 182(885.27); 183(392.2); 184(692.19); 185(650.32); 186(658.36); 187(777.96); 188(74.8); 189(463.54); 190(766.39); 191(88.52); 192(207.62); 193(99.89); 194(67.95); 195(6.82); 196(219.51); 197(300.89); 198(739.95); 199(285.36); 200(391.04); 201(720.18); 202(223.97); 203(282.05); 204(865.26); 205(719.53); 206(892.45); 207(844.46); 208(405.02); 209(13.39); 210(271.13); 211(286.92); 212(650.65); 213(782.42); 214(904.58); 215(989.32); 216(534.75); 217(575.81); 218(331.23); 219(995.9); 220(474.12); 221(2.75); 222(168.41); 223(900.55); 224(146.08); 225(366.7); 226(685.9); 227(674.87); 228(330.93); 229(271.32); 230(357.62); 231(606.83); 232(952.01); 233(14.77); 234(491.94); 236(289.61); 237(838.57); 238(507.16); 239(138.97); 240(367.61); 241(129.54); 242(677.36); 243(165.23); 244(952.72); 245(26.57); 246(797.97); 247(888.68); 248(688.91); 249(724.87); 250(894.63); 251(129.42); 252(802.11); 253(384.02); 254(563.43); 255(192.03); 256(673.19); 257(163.39); 258(765.39); 259(634.04); 260(757.27); 261(768.63); 262(917.5); 263(932.74); 264(205.27); 265(270.14); 266(352.68); 267(214.68); 268(528.41); 269(489.24); 270(392.81); 271(580.72); 272(348.54); 273(370.16); 274(551.62); 275(938.36); 276(92.03); 277(613.75); 278(611.42); 279(988.61); 280(223.82); 281(628.01); 282(243.62); 283(721.08); 284(888.84); 285(741.42); 286(268.87); 287(539.09); 288(419.0); 289(238.74); 290(676.21); 291(93.69); 292(622.65); 293(278.77); 294(987.46); 295(548.12); 296(221.78); 297(578.14); 298(820.87); 299(104.4); 300(563.46); 301(968.22); 302(836.89); 303(248.72); 304(50.1); 305(232.47); 306(193.25); 307(208.87); 308(422.6); 309(665.55); 310(91.45); 311(118.23); 312(426.72); 313(349.58); 314(990.69); 315(122.45); 316(428.04); 317(655.11); 318(879.06); 319(875.17); 320(626.92); 321(906.05); 322(814.18); 323(439.13); 324(996.46); 325(748.13); 326(191.78); 327(567.19); 328(641.67); 329(643.22); 330(619.71); 331(956.45); 332(711.25); 333(122.89); 334(35.37); 335(80.92); 336(512.13); 337(165.85); 338(405.46); 339(107.27); 340(286.55); 341(849.99); 342(399.88); 343(322.24); 344(381.13); 345(67.27); 346(442.36); 347(455.92); 348(404.69); 349(348.03); 350(329.99); 351(733.18); 352(101.59); 353(438.21); 354(729.36); 355(722.7); 356(893.43); 357(432.89); 358(931.51); 359(20.01); 360(984.92); 361(343.3); 362(724.48); 363(762.68); 364(589.08); 365(899.52); 366(946.71); 367(135.51); 368(600.13); 369(448.76); 370(78.49); 371(751.77); 372(141.25); 373(671.46); 374(204.76); 375(968.6); 376(245.21); 377(48.44); 378(146.42); 379(629.74); 380(118.88); 381(162.44); 382(563.66); 383(677.56); 384(220.79); 385(412.6); 386(592.77); 387(73.42); 388(997.85); 389(506.21); 390(561.25); 391(121.47); 392(102.92); 393(894.57); 394(963.45); 395(166.68); 396(87.33); 397(232.12); 398(698.14); 399(857.79); 400(665.03); 401(802.17); 402(678.87); 403(68.92); 404(251.85); 405(117.39); 406(393.45); 407(612.1); 408(711.25); 409(357.8); 410(976.77); 411(193.04); 412(694.92); 413(69.39); 414(547.01); 415(904.04); 416(336.78); 417(189.56); 418(262.45); 419(7.59); 420(198.83); 421(159.27); 422(934.26); 423(626.41); 424(912.24); 425(150.9); 426(715.19); 427(611.22); 428(617.08); 429(147.8); 430(228.37); 431(588.22); 432(144.95); 433(234.2); 434(397.07); 435(631.7); 436(317.15); 437(941.01); 438(603.43); 439(507.86); 440(167.66); 441(722.04); 442(7.77); 443(98.2); 444(370.37); 445(987.46); 446(751.59); 447(548.31); 448(252.56); 449(413.73); 450(181.31); 451(505.58); 452(571.31); 453(272.49); 454(361.93); 455(175.07); 456(409.58); 457(137.76); 458(106.97); 459(415.05); 460(525.97); 461(645.57); 462(609.24); 463(104.09); 464(193.72); 465(942.11); 466(224.17); 467(100.1); 468(269.5); 469(422.61); 470(942.64); 471(434.05); 472(935.93); 473(98.93); 474(478.29); 475(440.82); 476(70.45); 477(810.38); 478(672.74); 479(547.21); 480(246.31); 481(334.28); 482(118.61); 483(259.68); 484(650.1); 485(291.55); 486(328.72); 487(583.38); 488(982.42); 489(472.39); 490(900.7); 491(902.21); 492(220.31); 493(868.47); 494(166.08); 495(981.7); 496(647.59); 497(780.31); 498(929.12); 499(916.39),1
236,0(725.67); 1(833.87); 2(35.3); 3(626.64); 4(380.34); 5(370.05); 6(330.7); 7(632.09); 8(914.91); 9(165.0); 10(656.8); 11(291.71); 12(57.48); 13(313.81); 14(140.69); 15(23.71); 16(163.65); 17(298.28); 18(493.95); 19(998.45); 20(229.55); 21(330.75); 22(657.64); 23(486.35); 24(487.68); 25(234.1); 26(160.32); 27(725.04); 28(29.95); 29(234.69); 30(747.12); 31(180.83); 32(683.48); 33(72.97); 34(758.51); 35(576.59); 36(639.53); 37(29.42); 38(779.57); 39(226.97); 40(690.59); 41(922.48); 42(743.24); 43(111.59); 44(743.08); 45(963.78); 46(631.23); 47(583.5); 48(409.97); 49(188.92); 50(227.0); 51(93.97); 52(487.1); 53(984.29); 54(562.44); 55(513.86); 56(69.99); 57(442.32); 58(884.72); 59(524.21); 60(19.49); 61(864.81); 62(149.46); 63(775.32); 64(565.26); 65(547.58); 66(223.02); 67(280.32); 68(121.95); 69(881.27); 70(224.23); 71(718.94); 72(418.91); 73(849.46); 74(903.74); 75(331.06); 76(274.63); 77(730.42); 78(123.29); 79(17.98); 80(327.75); 81(155.13); 82(111.68); 83(602.69); 84(998.18); 85(540.3); 86(451.8); 87(437.77); 88(42.85); 89(398.93); 90(350.63); 91(576.31); 92(303.73); 93(230.5); 94(385.71); 95(487.75); 96(506.17); 97(431.53); 98(306.07); 99(462.6); 100(155.17); 101(599.98); 102(897.9); 103(591.01); 104(737.56); 105(637.54); 106(777.96); 107(845.85); 108(391.91); 109(833.74); 110(120.99); 111(9.66); 112(700.17); 113(348.57); 114(825.97); 115(95.52); 116(121.24); 117(408.39); 118(246.11); 119(79.74); 120(466.06); 121(121.69); 122(353.24); 123(469.19); 124(805.43); 125(915.15); 126(781.9); 127(608.88); 128(167.01); 129(335.93); 130(132.8); 131(718.0); 132(101.99); 133(515.86); 134(557.08); 135(702.19); 136(899.63); 137(49.88); 138(535.36); 139(375.55); 140(207.67); 141(239.74); 142(147.83); 143(828.85); 144(534.73); 145(472.32); 146(378.69); 147(343.14); 148(496.8); 149(564.95); 150(254.7); 151(458.98); 152(256.24); 153(415.28); 154(659.67); 155(750.06); 156(437.07); 157(748.85); 158(977.98); 159(861.11); 160(580.89); 161(306.31); 162(542.9); 163(487.75); 164(979.75); 165(846.89); 166(402.18); 167(915.45); 168(248.25); 169(400.29); 170(905.32); 171(79.89); 172(133.88); 173(185.06); 174(215.17); 175(869.34); 176(171.68); 177(804.41); 178(33.28); 179(117.5); 180(723.76); 181(66.32); 182(996.05); 183(994.95); 184(86.55); 185(748.79); 186(698.73); 187(553.18); 188(229.71); 189(769.31); 190(662.81); 191(860.65); 192(438.48); 193(46.64); 194(866.23); 195(918.22); 196(857.83); 197(323.55); 198(754.56); 199(798.68); 200(992.29); 201(3.41); 202(401.01); 203(406.3); 204(518.35); 205(525.75); 206(547.05); 207(651.06); 208(133.18); 209(629.01); 210(63.93); 211(410.02); 212(362.13); 213(655.06); 214(107.83); 215(861.78); 216(871.03); 217(79.99); 218(398.34); 219(229.41); 220(363.94); 221(67.36); 222(589.11); 223(62.26); 224(607.66); 225(293.85); 226(428.64); 227(885.14); 228(30.69); 229(623.22); 230(546.34); 231(598.54); 232(673.03); 233(2.01); 234(783.58); 235(289.61); 237(940.24); 238(127.07); 239(517.39); 240(318.55); 241(554.19); 242(263.27); 243(30.4); 244(432.17); 245(262.07); 246(347.75); 247(405.24); 248(514.63); 249(109.88); 250(765.17); 251(769.92); 252(723.4); 253(357.39); 254(68.42); 255(188.67); 256(705.26); 257(420.79); 258(898.88); 259(154.61); 260(802.16); 261(707.19); 262(769.63); 263(76.38); 264(22.61); 265(670.94); 266(61.58); 267(894.08); 268(677.73); 269(365.43); 270(324.48); 271(89.98); 272(909.34); 273(910.48); 274(648.45); 275(489.28); 276(349.13); 277(727.88); 278(279.6); 279(135.48); 280(515.02); 281(301.12); 282(657.75); 283(963.48); 284(118.4); 285(579.68); 286(988.57); 287(804.98); 288(124.94); 289(498.08); 290(360.29); 291(457.47); 292(167.79); 293(439.17); 294(311.62); 295(844.14); 296(589.12); 297(446.14); 298(42.8); 299(590.58); 300(690.87); 301(643.05); 302(109.6); 303(527.91); 304(334.93); 305(907.96); 306(757.96); 307(219.46); 308(293.79); 309(270.03); 310(249.76); 311(437.53); 312(868.73); 313(669.99); 314(50.78); 315(560.37); 316(661.62); 317(100.62); 318(628.98); 319(395.37); 320(650.59); 321(990.14); 322(17.7); 323(962.13); 324(655.92); 325(374.67); 326(665.26); 327(892.63); 328(673.98); 329(47.44); 330(15.8); 331(127.65); 332(512.71); 333(298.29); 334(311.92); 335(208.38); 336(79.17); 337(734.71); 338(50.78); 339(750.81); 340(643.39); 341(688.75); 342(295.68); 343(136.26); 344(176.8); 345(675.97); 346(220.63); 347(506.43); 348(890.01); 349(386.8); 350(167.88); 351(813.53); 352(496.03); 353(71.22); 354(782.94); 355(164.65); 356(519.19); 357(211.59); 358(966.74); 359(977.02); 360(68.22); 361(944.26); 362(306.47); 363(974.53); 364(212.18); 365(722.28); 366(314.87); 367(114.29); 368(159.95); 369(618.23); 370(156.06); 371(907.9); 372(626.26); 373(277.78); 374(169.17); 375(464.85); 376(806.13); 377(307.13); 378(714.39); 379(683.18); 380(29.66); 381(418.3); 382(35.65); 383(782.63); 384(492.53); 385(985.52); 386(934.31); 387(390.33); 388(236.79); 389(823.93); 390(769.09); 391(274.44); 392(629.88); 393(772.79); 394(95.25); 395(467.26); 396(751.53); 397(766.71); 398(596.48); 399(518.26); 400(807.54); 401(971.66); 402(338.11); 403(780.03); 404(822.79); 405(47.56); 406(220.81); 407(700.21); 408(5.32); 409(705.92); 410(830.5); 411(803.74); 412(960.1); 413(692.22); 414(332.05); 415(580.3); 416(520.42); 417(789.87); 418(226.7); 419(190.78); 420(152.43); 421(747.06); 422(349.03); 423(431.13); 424(587.99); 425(553.51); 426(692.08); 427(173.67); 428(861.85); 429(956.88); 430(249.81); 431(60.83); 432(540.69); 433(309.86); 434(43.29); 435(668.53); 436(525.83); 437(933.62); 438(918.78); 439(56.82); 440(129.68); 441(732.04); 442(769.05); 443(860.79); 444(643.61); 445(24.39); 446(118.37); 447(944.6); 448(172.64); 449(609.22); 450(224.79); 451(508.7); 452(864.24); 453(640.61); 454(809.67); 455(982.69); 456(10.07); 457(518.91); 458(819.34); 459(926.12); 460(566.09); 461(370.76); 462(637.2); 463(234.93); 464(677.01); 465(216.21); 466(219.29); 467(479.4); 468(539.19); 469(905.3); 470(711.01); 471(390.76); 472(671.76); 473(259.08); 474(353.74); 475(378.1); 476(161.56); 477(395.58); 478(204.6); 479(238.55); 480(630.05); 481(27.19); 482(602.28); 483(290.11); 484(885.07); 485(110.64); 486(11.99); 487(409.38); 488(964.6); 489(891.18); 490(487.46); 491(381.03); 492(741.99); 493(678.72); 494(898.46); 495(991.72); 496(745.04); 497(722.66); 498(27.0); 499(948.77),1
237,0(777.2); 1(724.23); 2(486.39); 3(885.43); 4(336.97); 5(922.07); 6(632.22); 7(24.11); 8(156.64); 9(804.76); 10(570.09); 11(486.77); 12(488.96); 13(871.83); 14(951.24); 15(298.66); 16(497.63); 17(656.96); 18(354.33); 19(878.96); 20(998.18); 21(784.18); 22(163.16); 23(977.24); 24(434.15); 25(123.95); 26(136.11); 27(484.27); 28(73.99); 29(989.41); 30(568.63); 31(829.41); 32(348.04); 33(522.06); 34(619.8); 35(330.73); 36(917.12); 37(694.66); 38(288.35); 39(971.77); 40(726.7); 41(399.23); 42(410.37); 43(778.9); 44(422.44); 45(126.32); 46(723.81); 47(468.65); 48(938.4); 49(922.88); 50(641.19); 51(476.15); 52(848.18); 53(316.13); 54(521.5); 55(202.32); 56(657.02); 57(364.96); 58(479.1); 59(935.55); 60(484.59); 61(114.24); 62(815.45); 63(404.41); 64(714.66); 65(61.27); 66(778.85); 67(613.37); 68(951.73); 69(393.11); 70(841.3); 71(238.54); 72(442.04); 73(923.22); 74(671.05); 75(463.38); 76(719.03); 77(988.56); 78(368.16); 79(723.53); 80(326.09); 81(328.86); 82(897.97); 83(963.38); 84(778.89); 85(711.39); 86(303.51); 87(589.89); 88(337.23); 89(733.5); 90(923.09); 91(366.44); 92(781.63); 93(489.63); 94(974.05); 95(262.43); 96(873.01); 97(875.82); 98(915.45); 99(432.19); 100(376.84); 101(397.46); 102(448.76); 103(776.98); 104(957.56); 105(776.12); 106(463.38); 107(192.97); 108(962.16); 109(97.43); 110(449.74); 111(264.96); 112(352.16); 113(12.46); 114(397.62); 115(877.54); 116(341.51); 117(935.41); 118(39.27); 119(760.66); 120(46.29); 121(335.74); 122(416.89); 123(277.42); 124(95.47); 125(807.47); 126(806.85); 127(479.89); 128(703.1); 129(313.96); 130(170.14); 131(517.94); 132(367.99); 133(554.27); 134(345.25); 135(825.88); 136(841.93); 137(560.6); 138(986.41); 139(786.8); 140(956.6); 141(875.65); 142(367.81); 143(318.51); 144(872.38); 145(557.21); 146(506.25); 147(466.43); 148(650.71); 149(644.04); 150(741.38); 151(352.4); 152(396.2); 153(107.59); 154(61.01); 155(811.9); 156(893.23); 157(941.37); 158(532.39); 159(888.74); 160(847.67); 161(368.15); 162(598.21); 163(235.06); 164(331.23); 165(839.42); 166(915.13); 167(482.29); 168(468.9); 169(225.22); 170(274.99); 171(140.9); 172(80.14); 173(294.94); 174(314.96); 175(191.89); 176(214.69); 177(135.98); 178(545.94); 179(230.66); 180(967.0); 181(891.96); 182(734.92); 183(994.49); 184(804.06); 185(979.61); 186(784.75); 187(337.49); 188(690.93); 189(335.66); 190(900.81); 191(134.26); 192(418.16); 193(199.0); 194(932.73); 195(699.92); 196(175.28); 197(579.44); 198(427.06); 199(786.1); 200(550.23); 201(573.18); 202(211.08); 203(764.67); 204(248.65); 205(616.97); 206(33.76); 207(285.35); 208(680.54); 209(880.73); 210(275.13); 211(919.48); 212(718.96); 213(630.66); 214(346.71); 215(406.26); 216(747.44); 217(201.56); 218(571.47); 219(695.97); 220(626.38); 221(619.73); 222(122.16); 223(412.04); 224(908.93); 225(554.33); 226(17.24); 227(977.42); 228(160.34); 229(780.6); 230(472.4); 231(747.3); 232(918.52); 233(307.08); 234(740.77); 235(838.57); 236(940.24); 238(712.46); 239(247.93); 240(9.2); 241(412.41); 242(300.14); 243(590.27); 244(113.2); 245(584.79); 246(885.52); 247(952.95); 248(290.17); 249(248.76); 250(535.37); 251(247.82); 252(186.72); 253(861.05); 254(244.12); 255(45.11); 256(945.36); 257(183.74); 258(144.71); 259(356.62); 260(170.46); 261(684.71); 262(607.18); 263(978.07); 264(0.18); 265(751.98); 266(197.48); 267(649.32); 268(974.67); 269(382.65); 270(87.76); 271(855.47); 272(448.08); 273(380.46); 274(233.66); 275(255.63); 276(339.39); 277(312.49); 278(267.8); 279(696.19); 280(90.69); 281(950.41); 282(178.91); 283(369.46); 284(528.61); 285(741.33); 286(241.5); 287(163.32); 288(820.03); 289(428.59); 290(677.49); 291(8.21); 292(521.64); 293(993.36); 294(480.32); 295(379.87); 296(129.62); 297(451.56); 298(975.17); 299(7.36); 300(988.03); 301(984.04); 302(181.51); 303(8.89); 304(36.53); 305(354.63); 306(747.32); 307(543.68); 308(97.98); 309(538.22); 310(655.22); 311(145.07); 312(793.71); 313(976.52); 314(44.61); 315(870.63); 316(742.61); 317(616.46); 318(165.96); 319(292.92); 320(891.89); 321(188.19); 322(279.78); 323(732.78); 324(625.43); 325(496.25); 326(324.69); 327(516.6); 328(679.53); 329(798.92); 330(414.45); 331(89.36); 332(949.96); 333(984.05); 334(682.21); 335(912.66); 336(368.76); 337(669.53); 338(928.75); 339(873.96); 340(415.53); 341(187.26); 342(144.63); 343(396.39); 344(79.81); 345(175.18); 346(171.66); 347(745.7); 348(191.85); 349(807.11); 350(585.29); 351(476.7); 352(65.86); 353(991.41); 354(82.02); 355(490.03); 356(137.85); 357(957.83); 358(89.86); 359(203.63); 360(467.39); 361(742.88); 362(290.79); 363(792.45); 364(899.51); 365(65.92); 366(503.74); 367(588.33); 368(836.62); 369(438.78); 370(423.03); 371(31.4); 372(348.97); 373(708.85); 374(946.48); 375(674.37); 376(427.86); 377(841.88); 378(859.37); 379(475.9); 380(461.95); 381(474.01); 382(780.18); 383(430.44); 384(92.39); 385(54.79); 386(271.32); 387(258.97); 388(360.78); 389(196.95); 390(738.55); 391(844.76); 392(590.43); 393(522.71); 394(397.45); 395(337.23); 396(223.65); 397(969.08); 398(337.08); 399(724.06); 400(269.23); 401(306.71); 402(837.16); 403(243.2); 404(495.33); 405(205.71); 406(52.83); 407(200.86); 408(87.9); 409(414.01); 410(203.83); 411(344.06); 412(826.94); 413(316.98); 414(733.54); 415(16.23); 416(492.84); 417(704.54); 418(337.6); 419(609.32); 420(254.09); 421(547.54); 422(70.46); 423(172.97); 424(399.5); 425(72.93); 426(286.64); 427(125.64); 428(359.67); 429(151.3); 430(464.78); 431(11.95); 432(696.79); 433(822.95); 434(240.01); 435(947.78); 436(756.4); 437(163.71); 438(225.47); 439(326.88); 440(894.55); 441(846.89); 442(690.67); 443(281.85); 444(187.48); 445(848.77); 446(384.96); 447(695.04); 448(210.87); 449(684.26); 450(603.66); 451(581.47); 452(667.15); 453(566.66); 454(176.72); 455(855.45); 456(335.2); 457(726.72); 458(21.58); 459(978.95); 460(84.9); 461(201.56); 462(786.64); 463(6.62); 464(491.55); 465(242.9); 466(438.05); 467(163.2); 468(496.79); 469(433.46); 470(986.8); 471(652.59); 472(317.09); 473(535.66); 474(391.68); 475(910.97); 476(506.08); 477(17.13); 478(447.15); 479(211.19); 480(402.03); 481(257.96); 482(502.45); 483(616.82); 484(366.82); 485(440.89); 486(328.12); 487(664.49); 488(331.86); 489(899.55); 490(23.17); 491(861.79); 492(618.1); 493(188.53); 494(780.79); 495(648.45); 496(121.47); 497(695.52); 498(352.07); 499(650.79),1
238,0(951.76); 1(514.7); 2(629.1); 3(645.15); 4(502.19); 5(854.17); 6(911.92); 7(115.56); 8(95.7); 9(595.04); 10(619.39); 11(745.26); 12(917.44); 13(827.5); 14(24.64); 15(429.44); 16(735.17); 17(748.38); 18(547.85); 19(44.01); 20(500.56); 21(69.43); 22(198.61); 23(369.37); 24(107.39); 25(267.71); 26(543.91); 27(32.33); 28(282.45); 29(460.07); 30(196.07); 31(956.24); 32(192.88); 33(689.76); 34(82.3); 35(985.75); 36(220.16); 37(48.53); 38(525.01); 39(307.85); 40(626.05); 41(486.63); 42(651.98); 43(109.81); 44(61.46); 45(624.23); 46(279.17); 47(535.97); 48(578.33); 49(679.82); 50(226.61); 51(143.83); 52(489.84); 53(852.82); 54(965.96); 55(992.11); 56(14.89); 57(815.73); 58(944.71); 59(392.38); 60(355.54); 61(495.39); 62(590.84); 63(63.0); 64(971.07); 65(352.74); 66(505.37); 67(304.04); 68(938.59); 69(632.03); 70(640.28); 71(814.13); 72(600.2); 73(745.41); 74(585.05); 75(14.02); 76(955.29); 77(781.0); 78(564.7); 79(422.1); 80(656.84); 81(395.05); 82(730.99); 83(924.18); 84(15.85); 85(390.35); 86(377.47); 87(818.74); 88(950.09); 89(349.9); 90(621.98); 91(690.42); 92(894.7); 93(667.94); 94(470.23); 95(751.49); 96(782.03); 97(154.69); 98(891.29); 99(574.2); 100(721.62); 101(728.21); 102(412.29); 103(607.59); 104(735.4); 105(580.87); 106(15.66); 107(983.63); 108(766.6); 109(840.64); 110(511.69); 111(533.61); 112(792.42); 113(990.73); 114(467.64); 115(899.15); 116(213.35); 117(741.79); 118(546.58); 119(543.96); 120(2.27); 121(193.97); 122(164.5); 123(226.65); 124(163.43); 125(733.45); 126(737.3); 127(763.42); 128(302.21); 129(123.75); 130(978.23); 131(669.44); 132(704.06); 133(596.17); 134(161.32); 135(103.75); 136(750.42); 137(277.76); 138(17.63); 139(386.78); 140(558.37); 141(880.12); 142(352.15); 143(144.5); 144(118.53); 145(128.16); 146(587.88); 147(357.98); 148(733.53); 149(600.3); 150(998.53); 151(264.98); 152(594.23); 153(30.7); 154(285.28); 155(272.62); 156(146.43); 157(862.9); 158(148.32); 159(901.85); 160(183.35); 161(656.25); 162(118.15); 163(637.6); 164(740.59); 165(271.57); 166(714.35); 167(521.24); 168(780.97); 169(196.26); 170(361.33); 171(662.97); 172(888.93); 173(254.59); 174(667.81); 175(156.47); 176(21.28); 177(532.39); 178(60.39); 179(798.28); 180(470.36); 181(866.53); 182(581.22); 183(474.75); 184(165.52); 185(539.84); 186(135.77); 187(787.95); 188(173.86); 189(956.66); 190(443.37); 191(996.51); 192(432.14); 193(65.23); 194(481.76); 195(55.29); 196(22.75); 197(576.17); 198(136.02); 199(730.77); 200(666.43); 201(269.28); 202(934.21); 203(46.43); 204(602.46); 205(143.5); 206(470.76); 207(918.85); 208(358.15); 209(228.59); 210(808.42); 211(849.64); 212(667.85); 213(76.28); 214(237.0); 215(218.73); 216(929.16); 217(198.76); 218(443.16); 219(456.23); 220(751.19); 221(724.7); 222(723.47); 223(177.35); 224(661.88); 225(700.06); 226(6.24); 227(520.16); 228(464.58); 229(555.36); 230(634.5); 231(864.2); 232(829.36); 233(442.05); 234(780.08); 235(507.16); 236(127.07); 237(712.46); 239(906.54); 240(339.59); 241(339.54); 242(241.02); 243(781.58); 244(395.07); 245(686.23); 246(996.44); 247(740.22); 248(285.96); 249(524.43); 250(210.95); 251(975.78); 252(203.26); 253(946.99); 254(17.0); 255(514.59); 256(909.27); 257(942.38); 258(412.62); 259(248.63); 260(595.07); 261(413.82); 262(194.55); 263(678.58); 264(850.76); 265(588.61); 266(863.01); 267(948.68); 268(941.63); 269(23.21); 270(298.89); 271(721.9); 272(496.68); 273(893.28); 274(527.43); 275(695.69); 276(686.92); 277(114.83); 278(17.92); 279(929.51); 280(911.21); 281(606.2); 282(935.75); 283(822.14); 284(503.71); 285(313.86); 286(918.91); 287(38.8); 288(207.97); 289(529.91); 290(142.34); 291(825.04); 292(863.03); 293(537.41); 294(301.02); 295(107.63); 296(712.38); 297(68.46); 298(395.67); 299(576.9); 300(530.51); 301(945.69); 302(647.25); 303(733.53); 304(954.35); 305(698.92); 306(514.86); 307(969.61); 308(243.34); 309(469.0); 310(54.2); 311(649.61); 312(956.84); 313(705.93); 314(835.14); 315(654.75); 316(963.56); 317(50.29); 318(980.67); 319(143.1); 320(650.82); 321(913.57); 322(246.61); 323(40.72); 324(110.07); 325(881.56); 326(632.64); 327(133.04); 328(974.11); 329(138.11); 330(701.71); 331(464.05); 332(402.76); 333(510.97); 334(633.61); 335(86.2); 336(203.87); 337(464.55); 338(32.66); 339(741.9); 340(353.31); 341(784.26); 342(513.88); 343(281.15); 344(236.0); 345(251.05); 346(288.99); 347(356.65); 348(183.97); 349(970.45); 350(332.39); 351(374.56); 352(431.18); 353(148.75); 354(68.95); 355(516.51); 356(763.41); 357(350.51); 358(840.2); 359(100.56); 360(570.46); 361(345.36); 362(740.32); 363(63.7); 364(586.9); 365(633.15); 366(68.41); 367(503.52); 368(715.61); 369(298.76); 370(538.28); 371(344.29); 372(779.06); 373(684.9); 374(45.49); 375(518.33); 376(670.1); 377(459.67); 378(752.64); 379(591.54); 380(578.2); 381(563.24); 382(729.7); 383(133.2); 384(29.04); 385(902.69); 386(950.11); 387(799.98); 388(894.75); 389(534.11); 390(573.29); 391(848.83); 392(587.24); 393(496.66); 394(549.4); 395(926.0); 396(158.48); 397(188.2); 398(467.57); 399(531.71); 400(814.52); 401(28.24); 402(439.82); 403(739.99); 404(195.37); 405(132.78); 406(395.79); 407(196.7); 408(808.99); 409(54.94); 410(76.7); 411(7.91); 412(925.22); 413(543.78); 414(843.46); 415(215.45); 416(889.24); 417(2.54); 418(598.24); 419(608.38); 420(105.0); 421(298.99); 422(467.52); 423(662.06); 424(902.51); 425(295.0); 426(734.71); 427(455.7); 428(922.89); 429(956.53); 430(338.5); 431(71.15); 432(962.19); 433(54.76); 434(661.8); 435(140.79); 436(611.15); 437(751.27); 438(9.0); 439(237.56); 440(926.31); 441(235.74); 442(53.57); 443(60.04); 444(484.92); 445(230.85); 446(610.26); 447(830.87); 448(659.07); 449(939.99); 450(848.99); 451(431.44); 452(796.99); 453(171.22); 454(816.93); 455(372.64); 456(536.82); 457(222.26); 458(454.6); 459(745.86); 460(463.2); 461(32.48); 462(932.82); 463(113.73); 464(501.64); 465(902.01); 466(227.83); 467(967.83); 468(765.29); 469(727.61); 470(506.57); 471(798.06); 472(230.63); 473(974.02); 474(856.42); 475(918.87); 476(400.22); 477(118.61); 478(656.83); 479(584.31); 480(353.49); 481(3.04); 482(294.33); 483(28.2); 484(693.4); 485(188.51); 486(972.05); 487(250.02); 488(800.58); 489(381.59); 490(888.54); 491(344.91); 492(610.93); 493(470.78); 494(663.12); 495(276.99); 496(601.62); 497(936.69); 498(120.51); 499(614.72),2
239,0(144.26); 1(356.93); 2(199.56); 3(415.69); 4(968.52); 5(480.7); 6(248.84); 7(675.17); 8(417.38); 9(70.86); 10(179.87); 11(64.45); 12(714.99); 13(6.14); 14(912.14); 15(267.28); 16(116.65); 17(305.73); 18(252.2); 19(237.26); 20(965.54); 21(188.14); 22(68.47); 23(737.72); 24(963.54); 25(466.24); 26(142.94); 27(436.78); 28(255.64); 29(370.2); 30(681.77); 31(735.35); 32(176.31); 33(851.75); 34(589.17); 35(345.28); 36(614.15); 37(519.38); 38(309.08); 39(846.5); 40(241.6); 41(6.45); 42(215.88); 43(966.06); 44(906.82); 45(127.17); 46(885.66); 47(215.93); 48(314.44); 49(17.2); 50(603.17); 51(938.03); 52(942.46); 53(76.3); 54(938.34); 55(868.77); 56(492.8); 57(440.22); 58(948.91); 59(804.09); 60(454.23); 61(862.44); 62(939.73); 63(838.35); 64(883.66); 65(675.81); 66(832.99); 67(394.84); 68(508.87); 69(421.23); 70(398.45); 71(733.61); 72(459.24); 73(759.86); 74(482.24); 75(69.48); 76(534.3); 77(601.05); 78(509.36); 79(849.28); 80(385.83); 81(929.76); 82(1.56); 83(436.04); 84(435.21); 85(349.96); 86(290.0); 87(420.7); 88(934.73); 89(443.46); 90(617.51); 91(189.08); 92(130.73); 93(261.78); 94(291.28); 95(889.25); 96(439.28); 97(162.35); 98(694.75); 99(447.25); 100(895.19); 101(867.17); 102(354.16); 103(937.85); 104(134.25); 105(453.08); 106(710.45); 107(694.74); 108(62.88); 109(362.07); 110(145.97); 111(634.96); 112(279.96); 113(476.39); 114(4.14); 115(1.01); 116(78.42); 117(562.94); 118(439.18); 119(721.35); 120(352.72); 121(658.21); 122(731.69); 123(144.27); 124(674.97); 125(474.51); 126(346.65); 127(270.47); 128(436.6); 129(941.72); 130(653.25); 131(611.7); 132(380.89); 133(289.59); 134(315.77); 135(473.63); 136(487.77); 137(423.41); 138(617.32); 139(87.42); 140(890.77); 141(733.63); 142(85.57); 143(896.43); 144(129.68); 145(597.87); 146(203.38); 147(129.68); 148(500.99); 149(872.64); 150(224.15); 151(222.29); 152(540.91); 153(758.03); 154(449.79); 155(106.77); 156(107.23); 157(930.74); 158(354.29); 159(624.45); 160(678.99); 161(748.5); 162(12.87); 163(683.76); 164(386.98); 165(813.67); 166(143.7); 167(680.69); 168(196.37); 169(396.41); 170(365.24); 171(728.29); 172(992.88); 173(548.12); 174(268.49); 175(527.21); 176(731.48); 177(599.45); 178(601.94); 179(591.69); 180(455.31); 181(41.27); 182(579.89); 183(653.9); 184(960.59); 185(686.01); 186(880.28); 187(402.0); 188(196.36); 189(214.81); 190(753.58); 191(585.54); 192(302.33); 193(405.13); 194(698.16); 195(726.93); 196(45.97); 197(163.81); 198(841.95); 199(427.13); 200(42.31); 201(306.84); 202(815.14); 203(756.64); 204(711.46); 205(324.87); 206(276.84); 207(453.98); 208(275.69); 209(311.51); 210(355.11); 211(856.62); 212(156.02); 213(706.38); 214(236.89); 215(354.85); 216(707.51); 217(602.52); 218(108.36); 219(178.34); 220(815.17); 221(395.53); 222(665.1); 223(959.59); 224(859.8); 225(115.73); 226(482.01); 227(63.42); 228(993.53); 229(539.31); 230(708.24); 231(324.36); 232(723.64); 233(121.61); 234(596.51); 235(138.97); 236(517.39); 237(247.93); 238(906.54); 240(879.52); 241(108.86); 242(112.82); 243(14.42); 244(18.7); 245(752.97); 246(295.88); 247(866.43); 248(563.16); 249(785.03); 250(791.85); 251(933.87); 252(505.75); 253(769.34); 254(781.1); 255(780.0); 256(921.22); 257(540.56); 258(982.8); 259(860.84); 260(803.26); 261(996.87); 262(283.9); 263(311.45); 264(697.0); 265(655.36); 266(906.73); 267(390.49); 268(488.41); 269(356.94); 270(231.97); 271(108.3); 272(946.43); 273(336.95); 274(210.53); 275(841.6); 276(243.87); 277(318.73); 278(474.68); 279(88.44); 280(300.82); 281(532.57); 282(957.98); 283(246.24); 284(399.84); 285(675.35); 286(590.09); 287(86.45); 288(511.35); 289(136.65); 290(76.41); 291(538.65); 292(771.37); 293(22.68); 294(558.44); 295(791.99); 296(263.38); 297(724.21); 298(144.25); 299(669.26); 300(74.82); 301(373.41); 302(933.56); 303(527.5); 304(432.43); 305(669.17); 306(338.55); 307(183.9); 308(868.73); 309(107.53); 310(259.76); 311(845.63); 312(133.73); 313(489.82); 314(350.39); 315(409.51); 316(77.7); 317(502.94); 318(422.56); 319(160.79); 320(745.94); 321(268.6); 322(598.22); 323(256.86); 324(88.47); 325(615.43); 326(501.11); 327(624.84); 328(474.14); 329(627.12); 330(377.76); 331(714.84); 332(457.88); 333(397.22); 334(496.24); 335(448.6); 336(733.87); 337(580.46); 338(372.89); 339(42.9); 340(790.01); 341(640.39); 342(445.14); 343(162.38); 344(23.36); 345(301.44); 346(908.83); 347(915.39); 348(28.33); 349(567.8); 350(550.25); 351(794.68); 352(545.75); 353(968.61); 354(768.6); 355(627.84); 356(241.82); 357(39.33); 358(563.77); 359(261.14); 360(715.69); 361(173.87); 362(366.3); 363(744.47); 364(981.01); 365(226.81); 366(49.62); 367(31.85); 368(467.51); 369(677.18); 370(450.19); 371(10.49); 372(112.74); 373(38.68); 374(897.87); 375(791.94); 376(437.35); 377(529.68); 378(280.27); 379(11.54); 380(182.11); 381(210.29); 382(951.06); 383(899.31); 384(89.42); 385(458.39); 386(935.84); 387(378.08); 388(45.74); 389(915.66); 390(800.07); 391(302.84); 392(450.05); 393(954.83); 394(358.72); 395(434.92); 396(907.21); 397(552.07); 398(216.15); 399(486.66); 400(550.35); 401(117.42); 402(67.26); 403(29.95); 404(954.86); 405(702.82); 406(474.6); 407(411.86); 408(548.65); 409(709.61); 410(134.85); 411(570.21); 412(846.08); 413(60.98); 414(88.29); 415(720.0); 416(335.3); 417(153.88); 418(636.85); 419(24.52); 420(172.83); 421(835.73); 422(232.98); 423(869.39); 424(842.01); 425(706.47); 426(394.57); 427(347.14); 428(715.38); 429(751.45); 430(267.93); 431(636.24); 432(55.5); 433(385.68); 434(892.63); 435(99.76); 436(697.81); 437(172.25); 438(469.97); 439(104.68); 440(377.51); 441(575.8); 442(26.81); 443(79.43); 444(272.88); 445(740.29); 446(768.34); 447(359.76); 448(831.52); 449(258.47); 450(975.97); 451(684.31); 452(250.48); 453(268.79); 454(638.12); 455(807.6); 456(370.47); 457(282.64); 458(457.79); 459(873.01); 460(936.98); 461(969.88); 462(226.05); 463(223.04); 464(768.13); 465(341.61); 466(903.04); 467(717.57); 468(44.36); 469(259.18); 470(863.73); 471(836.59); 472(335.83); 473(460.55); 474(845.85); 475(324.3); 476(414.42); 477(639.16); 478(201.69); 479(161.92); 480(502.72); 481(513.37); 482(457.43); 483(71.13); 484(726.29); 485(392.82); 486(230.94); 487(959.38); 488(54.65); 489(123.95); 490(300.19); 491(992.44); 492(726.75); 493(433.01); 494(152.71); 495(534.24); 496(655.49); 497(274.31); 498(897.26); 499(733.57),1
240,0(777.13); 1(662.05); 2(621.73); 3(204.71); 4(713.15); 5(181.45); 6(358.56); 7(786.29); 8(131.06); 9(783.5); 10(800.05); 11(591.35); 12(499.11); 13(829.49); 14(32.45); 15(349.51); 16(748.57); 17(963.48); 18(991.51); 19(845.13); 20(64.48); 21(613.89); 22(255.49); 23(476.43); 24(322.53); 25(750.96); 26(742.55); 27(406.15); 28(7.83); 29(975.56); 30(552.28); 31(181.23); 32(442.25); 33(652.33); 34(315.29); 35(791.95); 36(785.39); 37(324.53); 38(183.6); 39(410.89); 40(178.7); 41(986.98); 42(927.42); 43(911.56); 44(599.71); 45(385.96); 46(771.13); 47(764.64); 48(947.22); 49(253.54); 50(422.05); 51(730.16); 52(711.0); 53(657.1); 54(336.88); 55(341.56); 56(978.58); 57(563.45); 58(851.45); 59(416.15); 60(930.86); 61(776.31); 62(871.11); 63(343.53); 64(391.9); 65(559.32); 66(978.57); 67(746.54); 68(58.54); 69(799.02); 70(192.77); 71(385.41); 72(892.62); 73(516.66); 74(968.74); 75(780.35); 76(883.2); 77(346.28); 78(829.58); 79(823.76); 80(958.28); 81(171.75); 82(775.6); 83(623.92); 84(577.96); 85(395.4); 86(314.96); 87(128.24); 88(607.82); 89(307.73); 90(281.49); 91(619.69); 92(637.28); 93(110.21); 94(812.87); 95(404.87); 96(816.96); 97(108.96); 98(372.04); 99(27.77); 100(418.81); 101(775.63); 102(524.19); 103(380.86); 104(808.0); 105(962.89); 106(485.43); 107(259.04); 108(210.52); 109(602.58); 110(362.71); 111(452.22); 112(112.98); 113(208.92); 114(524.6); 115(974.73); 116(993.6); 117(196.57); 118(786.34); 119(70.97); 120(977.56); 121(563.22); 122(952.77); 123(146.93); 124(109.3); 125(987.2); 126(556.6); 127(30.22); 128(785.29); 129(188.56); 130(7.13); 131(152.46); 132(396.04); 133(909.83); 134(733.15); 135(832.12); 136(125.54); 137(535.97); 138(125.89); 139(945.2); 140(611.5); 141(110.12); 142(205.71); 143(468.26); 144(421.3); 145(506.43); 146(760.78); 147(959.44); 148(353.06); 149(721.56); 150(413.39); 151(872.81); 152(883.13); 153(936.49); 154(23.03); 155(851.8); 156(52.47); 157(1.48); 158(212.08); 159(48.39); 160(588.98); 161(140.86); 162(364.56); 163(461.18); 164(874.54); 165(362.13); 166(565.42); 167(79.73); 168(583.17); 169(329.21); 170(147.75); 171(759.34); 172(7.67); 173(230.78); 174(938.47); 175(679.32); 176(343.05); 177(998.46); 178(45.75); 179(50.85); 180(107.02); 181(965.54); 182(896.96); 183(252.78); 184(472.1); 185(125.92); 186(612.33); 187(376.83); 188(457.41); 189(361.49); 190(716.54); 191(868.32); 192(589.85); 193(683.48); 194(715.67); 195(908.73); 196(570.78); 197(18.84); 198(411.74); 199(187.45); 200(559.78); 201(57.16); 202(952.23); 203(395.71); 204(301.91); 205(283.82); 206(351.07); 207(424.79); 208(473.28); 209(913.71); 210(137.38); 211(845.42); 212(454.53); 213(424.09); 214(325.8); 215(959.41); 216(171.48); 217(781.51); 218(952.18); 219(969.41); 220(554.66); 221(76.25); 222(958.17); 223(565.04); 224(552.58); 225(921.04); 226(650.28); 227(292.87); 228(641.26); 229(185.55); 230(649.36); 231(834.32); 232(909.68); 233(964.18); 234(651.64); 235(367.61); 236(318.55); 237(9.2); 238(339.59); 239(879.52); 241(689.97); 242(261.2); 243(435.57); 244(688.77); 245(841.23); 246(98.17); 247(36.83); 248(752.88); 249(513.9); 250(712.48); 251(14.89); 252(955.49); 253(423.49); 254(235.46); 255(238.28); 256(949.62); 257(538.58); 258(750.04); 259(975.68); 260(811.78); 261(412.67); 262(290.26); 263(337.21); 264(523.82); 265(551.1); 266(902.1); 267(256.86); 268(326.89); 269(65.78); 270(810.55); 271(666.08); 272(285.63); 273(718.24); 274(199.41); 275(955.09); 276(317.78); 277(712.16); 278(58.13); 279(552.22); 280(154.37); 281(733.03); 282(541.32); 283(48.79); 284(474.65); 285(719.2); 286(723.9); 287(26.38); 288(480.98); 289(76.61); 290(175.94); 291(397.61); 292(69.32); 293(297.02); 294(103.74); 295(992.16); 296(21.64); 297(908.52); 298(14.05); 299(496.79); 300(303.84); 301(905.98); 302(992.14); 303(739.47); 304(479.73); 305(500.61); 306(704.78); 307(767.13); 308(877.88); 309(626.71); 310(1.9); 311(162.26); 312(689.21); 313(941.93); 314(463.48); 315(816.44); 316(837.39); 317(445.96); 318(907.02); 319(616.2); 320(396.52); 321(163.18); 322(256.69); 323(538.51); 324(756.88); 325(658.13); 326(102.32); 327(817.86); 328(67.85); 329(284.13); 330(866.69); 331(957.82); 332(210.58); 333(721.08); 334(838.91); 335(329.81); 336(606.3); 337(659.98); 338(31.74); 339(624.54); 340(135.81); 341(147.27); 342(691.94); 343(193.34); 344(580.45); 345(814.29); 346(690.16); 347(136.14); 348(886.38); 349(12.67); 350(771.26); 351(837.02); 352(29.94); 353(798.84); 354(662.68); 355(30.78); 356(717.93); 357(650.84); 358(344.72); 359(252.93); 360(841.34); 361(838.77); 362(438.85); 363(769.75); 364(127.59); 365(313.64); 366(569.78); 367(938.73); 368(928.99); 369(530.2); 370(769.72); 371(122.65); 372(568.18); 373(21.83); 374(668.39); 375(362.33); 376(146.88); 377(581.44); 378(749.73); 379(347.31); 380(536.73); 381(516.44); 382(376.14); 383(632.23); 384(510.02); 385(422.87); 386(505.45); 387(421.15); 388(239.71); 389(16.19); 390(345.34); 391(481.22); 392(184.49); 393(148.8); 394(578.77); 395(881.81); 396(767.34); 397(794.78); 398(697.04); 399(991.2); 400(871.88); 401(198.93); 402(590.12); 403(206.06); 404(182.45); 405(324.72); 406(253.96); 407(344.07); 408(330.04); 409(968.4); 410(59.73); 411(222.22); 412(342.91); 413(894.01); 414(861.63); 415(55.18); 416(742.39); 417(167.92); 418(699.53); 419(652.51); 420(264.61); 421(232.78); 422(704.54); 423(975.8); 424(290.7); 425(761.21); 426(565.04); 427(780.23); 428(834.47); 429(584.85); 430(888.84); 431(480.46); 432(775.25); 433(30.55); 434(847.46); 435(379.39); 436(817.21); 437(736.47); 438(953.77); 439(104.45); 440(740.16); 441(839.48); 442(262.12); 443(54.74); 444(367.08); 445(267.36); 446(262.81); 447(221.73); 448(390.38); 449(807.44); 450(120.72); 451(700.27); 452(607.44); 453(603.17); 454(773.62); 455(501.04); 456(895.04); 457(316.26); 458(938.18); 459(319.18); 460(214.82); 461(737.19); 462(765.95); 463(575.36); 464(321.01); 465(40.81); 466(117.67); 467(628.8); 468(47.65); 469(290.62); 470(616.23); 471(259.43); 472(729.5); 473(156.94); 474(653.66); 475(423.76); 476(509.78); 477(538.39); 478(594.44); 479(446.4); 480(890.2); 481(340.53); 482(393.76); 483(991.39); 484(398.04); 485(418.59); 486(500.57); 487(795.96); 488(657.69); 489(618.39); 490(104.45); 491(718.15); 492(266.39); 493(382.72); 494(415.31); 495(607.3); 496(931.08); 497(915.17); 498(661.88); 499(532.6),1
241,0(383.3); 1(9.53); 2(230.75); 3(532.21); 4(96.09); 5(213.79); 6(426.55); 7(691.15); 8(71.9); 9(862.36); 10(511.39); 11(737.3); 12(755.71); 13(121.95); 14(77.99); 15(807.97); 16(140.75); 17(915.29); 18(50.91); 19(266.58); 20(592.37); 21(886.22); 22(323.58); 23(455.84); 24(111.45); 25(799.19); 26(406.29); 27(71.73); 28(75.53); 29(350.56); 30(175.55); 31(402.79); 32(354.97); 33(318.27); 34(717.3); 35(213.23); 36(118.38); 37(338.48); 38(62.92); 39(808.73); 40(762.41); 41(798.13); 42(825.46); 43(296.31); 44(780.08); 45(461.08); 46(234.14); 47(491.93); 48(439.12); 49(103.99); 50(5.38); 51(219.14); 52(75.45); 53(730.75); 54(249.46); 55(701.35); 56(301.65); 57(631.23); 58(329.31); 59(787.49); 60(513.66); 61(154.03); 62(408.41); 63(249.08); 64(481.19); 65(145.89); 66(20.31); 67(667.52); 68(722.83); 69(630.42); 70(651.87); 71(563.19); 72(815.36); 73(774.47); 74(333.95); 75(620.01); 76(830.6); 77(231.97); 78(654.47); 79(183.29); 80(495.78); 81(89.34); 82(15.65); 83(405.52); 84(622.2); 85(62.98); 86(130.53); 87(858.34); 88(407.29); 89(639.78); 90(433.97); 91(570.62); 92(153.18); 93(116.98); 94(444.31); 95(751.82); 96(353.17); 97(778.41); 98(670.69); 99(188.6); 100(480.01); 101(898.85); 102(993.45); 103(271.78); 104(668.04); 105(636.58); 106(494.52); 107(664.27); 108(885.12); 109(428.72); 110(506.33); 111(423.97); 112(172.83); 113(172.39); 114(295.75); 115(349.44); 116(271.64); 117(916.65); 118(602.1); 119(523.49); 120(828.54); 121(968.53); 122(832.16); 123(446.57); 124(886.79); 125(132.38); 126(3.93); 127(968.65); 128(945.76); 129(889.56); 130(525.91); 131(5.42); 132(525.73); 133(855.52); 134(494.65); 135(781.63); 136(639.31); 137(387.72); 138(554.93); 139(974.95); 140(612.7); 141(108.95); 142(975.38); 143(104.96); 144(426.94); 145(963.87); 146(744.07); 147(860.26); 148(239.78); 149(263.17); 150(166.59); 151(998.59); 152(666.89); 153(963.74); 154(762.87); 155(745.39); 156(341.36); 157(122.68); 158(196.0); 159(293.43); 160(779.74); 161(497.94); 162(501.9); 163(91.55); 164(360.53); 165(679.92); 166(359.96); 167(851.57); 168(356.09); 169(443.62); 170(370.57); 171(766.31); 172(925.4); 173(23.25); 174(386.2); 175(680.83); 176(928.32); 177(564.47); 178(442.03); 179(222.55); 180(445.31); 181(6.06); 182(12.41); 183(971.5); 184(118.85); 185(105.35); 186(30.28); 187(620.86); 188(329.59); 189(619.11); 190(288.6); 191(919.16); 192(92.1); 193(558.22); 194(562.79); 195(647.72); 196(45.41); 197(906.88); 198(430.16); 199(104.54); 200(425.08); 201(35.86); 202(681.22); 203(817.67); 204(594.13); 205(688.38); 206(497.21); 207(619.45); 208(950.45); 209(374.08); 210(319.96); 211(873.96); 212(225.95); 213(992.55); 214(795.1); 215(418.66); 216(584.35); 217(537.75); 218(392.31); 219(929.85); 220(204.87); 221(735.8); 222(832.37); 223(948.72); 224(940.79); 225(418.25); 226(593.1); 227(698.96); 228(613.64); 229(48.86); 230(727.39); 231(771.2); 232(913.82); 233(271.33); 234(921.74); 235(129.54); 236(554.19); 237(412.41); 238(339.54); 239(108.86); 240(689.97); 242(582.48); 243(854.3); 244(8.09); 245(531.11); 246(293.38); 247(332.74); 248(240.67); 249(750.9); 250(105.18); 251(748.36); 252(439.16); 253(680.43); 254(483.98); 255(205.8); 256(827.78); 257(659.08); 258(343.75); 259(731.29); 260(966.07); 261(582.16); 262(472.8); 263(791.53); 264(918.12); 265(288.5); 266(607.77); 267(211.36); 268(872.26); 269(241.77); 270(275.79); 271(357.17); 272(348.57); 273(778.0); 274(932.54); 275(0.64); 276(305.63); 277(453.93); 278(341.12); 279(361.37); 280(276.62); 281(778.39); 282(812.4); 283(304.99); 284(580.52); 285(950.14); 286(873.4); 287(945.07); 288(883.72); 289(516.22); 290(543.39); 291(530.6); 292(292.67); 293(952.82); 294(92.7); 295(594.13); 296(505.99); 297(158.54); 298(622.68); 299(524.47); 300(454.43); 301(124.06); 302(433.52); 303(532.2); 304(783.46); 305(139.43); 306(881.03); 307(428.72); 308(63.11); 309(92.79); 310(560.85); 311(501.09); 312(218.68); 313(673.13); 314(268.44); 315(217.18); 316(685.6); 317(448.61); 318(820.61); 319(491.78); 320(206.19); 321(374.15); 322(113.71); 323(242.39); 324(393.6); 325(982.17); 326(976.48); 327(874.66); 328(240.36); 329(460.16); 330(814.78); 331(503.7); 332(559.08); 333(818.39); 334(495.87); 335(473.03); 336(225.47); 337(319.55); 338(677.2); 339(649.79); 340(31.39); 341(897.34); 342(589.06); 343(702.38); 344(166.74); 345(236.84); 346(891.77); 347(997.27); 348(65.14); 349(368.44); 350(83.77); 351(590.61); 352(585.36); 353(170.83); 354(141.55); 355(431.19); 356(590.02); 357(549.16); 358(344.78); 359(802.65); 360(429.8); 361(571.31); 362(689.42); 363(458.16); 364(824.86); 365(602.83); 366(588.92); 367(890.16); 368(151.22); 369(472.69); 370(396.24); 371(980.02); 372(212.92); 373(170.93); 374(997.24); 375(698.78); 376(506.32); 377(301.98); 378(400.33); 379(351.08); 380(96.32); 381(423.73); 382(109.65); 383(492.93); 384(178.26); 385(535.22); 386(723.87); 387(692.98); 388(250.29); 389(980.66); 390(308.88); 391(374.66); 392(598.52); 393(943.26); 394(35.47); 395(664.03); 396(789.95); 397(661.79); 398(897.15); 399(376.8); 400(983.42); 401(430.23); 402(124.58); 403(784.39); 404(636.28); 405(658.3); 406(758.11); 407(65.52); 408(75.77); 409(121.02); 410(272.88); 411(7.91); 412(578.92); 413(833.93); 414(63.57); 415(63.78); 416(610.33); 417(162.49); 418(581.9); 419(645.04); 420(286.99); 421(905.85); 422(703.86); 423(68.33); 424(286.55); 425(348.77); 426(498.55); 427(598.97); 428(887.91); 429(24.38); 430(681.07); 431(916.23); 432(580.12); 433(103.75); 434(461.14); 435(870.45); 436(661.56); 437(877.75); 438(696.47); 439(39.45); 440(986.47); 441(467.8); 442(629.12); 443(56.28); 444(325.26); 445(39.55); 446(823.61); 447(36.7); 448(796.47); 449(166.88); 450(973.6); 451(747.1); 452(700.14); 453(419.32); 454(666.37); 455(66.67); 456(288.55); 457(198.6); 458(653.18); 459(802.22); 460(350.58); 461(374.07); 462(293.29); 463(748.35); 464(181.01); 465(268.97); 466(243.88); 467(498.06); 468(814.16); 469(485.93); 470(890.82); 471(999.23); 472(755.89); 473(968.88); 474(327.46); 475(294.35); 476(958.66); 477(850.2); 478(143.09); 479(102.65); 480(818.63); 481(910.48); 482(172.31); 483(183.05); 484(109.3); 485(399.13); 486(669.68); 487(107.48); 488(838.92); 489(86.7); 490(380.11); 491(581.43); 492(934.24); 493(28.79); 494(635.18); 495(993.88); 496(411.74); 497(379.38); 498(174.99); 499(275.32),1
242,0(657.75); 1(715.01); 2(48.83); 3(988.89); 4(602.51); 5(502.56); 6(439.39); 7(204.67); 8(342.86); 9(569.48); 10(595.76); 11(534.07); 12(123.42); 13(880.68); 14(78.73); 15(892.01); 16(206.45); 17(661.46); 18(166.02); 19(928.49); 20(379.78); 21(736.19); 22(807.34); 23(236.76); 24(974.1); 25(391.68); 26(190.19); 27(271.58); 28(939.71); 29(5.93); 30(140.23); 31(184.36); 32(413.46); 33(804.28); 34(659.85); 35(385.98); 36(618.96); 37(998.64); 38(387.23); 39(850.19); 40(196.91); 41(362.69); 42(891.51); 43(22.76); 44(398.42); 45(984.94); 46(28.49); 47(146.38); 48(233.99); 49(641.96); 50(976.6); 51(782.96); 52(222.1); 53(85.72); 54(383.0); 55(609.24); 56(142.25); 57(266.08); 58(904.55); 59(138.32); 60(447.26); 61(743.59); 62(452.59); 63(676.76); 64(817.09); 65(389.67); 66(976.72); 67(988.18); 68(96.3); 69(66.56); 70(18.86); 71(313.38); 72(798.09); 73(993.38); 74(764.09); 75(55.26); 76(46.79); 77(941.0); 78(984.05); 79(827.66); 80(546.29); 81(868.7); 82(433.28); 83(974.12); 84(661.29); 85(247.58); 86(642.79); 87(862.85); 88(696.67); 89(282.51); 90(80.14); 91(112.97); 92(938.03); 93(804.6); 94(362.02); 95(2.17); 96(91.11); 97(745.16); 98(784.82); 99(518.85); 100(398.19); 101(664.48); 102(440.21); 103(638.01); 104(196.67); 105(653.25); 106(906.15); 107(133.69); 108(216.94); 109(58.54); 110(400.99); 111(134.85); 112(329.43); 113(64.52); 114(354.92); 115(363.73); 116(266.65); 117(458.38); 118(865.46); 119(707.92); 120(715.63); 121(527.48); 122(4.36); 123(586.38); 124(288.46); 125(269.74); 126(475.42); 127(890.4); 128(28.03); 129(1.49); 130(372.72); 131(529.94); 132(883.13); 133(56.92); 134(839.41); 135(663.59); 136(152.94); 137(591.13); 138(510.79); 139(85.83); 140(104.69); 141(860.96); 142(60.16); 143(503.3); 144(656.9); 145(433.25); 146(7.03); 147(875.05); 148(728.33); 149(313.06); 150(926.59); 151(488.02); 152(877.84); 153(679.65); 154(973.67); 155(73.45); 156(267.13); 157(495.15); 158(874.99); 159(402.35); 160(926.29); 161(916.11); 162(911.58); 163(179.53); 164(198.09); 165(838.71); 166(497.98); 167(513.27); 168(672.29); 169(433.51); 170(151.08); 171(346.3); 172(61.84); 173(618.1); 174(986.84); 175(727.43); 176(611.22); 177(189.84); 178(714.48); 179(507.16); 180(936.21); 181(162.64); 182(689.97); 183(749.64); 184(349.54); 185(422.72); 186(37.43); 187(533.76); 188(110.3); 189(688.09); 190(239.3); 191(300.75); 192(616.36); 193(238.14); 194(238.55); 195(927.98); 196(995.31); 197(185.12); 198(817.84); 199(929.71); 200(735.02); 201(309.2); 202(590.59); 203(891.26); 204(117.69); 205(336.84); 206(512.9); 207(349.68); 208(808.53); 209(747.06); 210(933.34); 211(736.6); 212(429.32); 213(496.33); 214(28.85); 215(269.17); 216(163.19); 217(614.14); 218(534.06); 219(736.4); 220(463.63); 221(454.22); 222(407.96); 223(722.01); 224(463.65); 225(977.06); 226(862.32); 227(876.18); 228(717.62); 229(72.13); 230(594.79); 231(108.13); 232(807.65); 233(655.36); 234(0.47); 235(677.36); 236(263.27); 237(300.14); 238(241.02); 239(112.82); 240(261.2); 241(582.48); 243(244.49); 244(504.79); 245(736.62); 246(764.37); 247(19.78); 248(265.89); 249(828.57); 250(16.05); 251(205.09); 252(751.6); 253(434.12); 254(752.87); 255(856.92); 256(909.71); 257(602.24); 258(309.89); 259(958.78); 260(786.32); 261(606.87); 262(307.13); 263(386.67); 264(34.28); 265(473.02); 266(657.32); 267(232.62); 268(665.91); 269(259.77); 270(785.96); 271(88.0); 272(740.07); 273(208.48); 274(685.06); 275(682.05); 276(643.79); 277(427.99); 278(745.06); 279(792.58); 280(72.17); 281(706.58); 282(950.24); 283(735.28); 284(787.15); 285(812.91); 286(490.4); 287(714.33); 288(116.08); 289(197.65); 290(499.68); 291(684.47); 292(96.82); 293(257.04); 294(516.94); 295(204.22); 296(995.97); 297(652.39); 298(629.44); 299(406.87); 300(715.97); 301(179.18); 302(63.88); 303(425.16); 304(646.28); 305(582.23); 306(400.62); 307(967.46); 308(994.13); 309(22.36); 310(114.2); 311(5.81); 312(663.37); 313(24.37); 314(724.5); 315(556.84); 316(301.46); 317(385.82); 318(787.42); 319(307.18); 320(94.7); 321(521.12); 322(893.14); 323(79.29); 324(981.32); 325(358.34); 326(271.41); 327(333.63); 328(894.46); 329(545.11); 330(944.6); 331(777.12); 332(313.85); 333(22.2); 334(771.4); 335(35.96); 336(57.41); 337(230.32); 338(652.8); 339(549.54); 340(299.22); 341(765.81); 342(575.05); 343(524.7); 344(301.91); 345(377.02); 346(506.16); 347(526.41); 348(676.51); 349(827.5); 350(275.39); 351(51.56); 352(682.11); 353(398.11); 354(812.9); 355(113.09); 356(797.8); 357(810.13); 358(285.16); 359(68.45); 360(123.9); 361(22.25); 362(504.94); 363(989.37); 364(60.37); 365(112.21); 366(722.62); 367(622.31); 368(523.3); 369(75.06); 370(612.98); 371(182.71); 372(121.14); 373(188.65); 374(717.58); 375(614.33); 376(721.81); 377(592.33); 378(576.99); 379(996.34); 380(73.93); 381(947.07); 382(567.64); 383(731.93); 384(512.37); 385(860.89); 386(206.29); 387(509.44); 388(317.27); 389(865.28); 390(589.66); 391(200.13); 392(97.78); 393(866.27); 394(435.58); 395(644.41); 396(605.71); 397(712.07); 398(462.47); 399(276.24); 400(365.15); 401(749.96); 402(497.26); 403(430.13); 404(295.42); 405(952.78); 406(348.1); 407(47.67); 408(70.82); 409(114.98); 410(185.84); 411(352.41); 412(324.8); 413(456.93); 414(77.84); 415(63.68); 416(686.66); 417(105.77); 418(866.31); 419(655.25); 420(630.07); 421(883.34); 422(826.41); 423(880.96); 424(319.1); 425(861.93); 426(967.47); 427(550.91); 428(232.7); 429(543.76); 430(279.57); 431(491.62); 432(861.87); 433(518.25); 434(832.84); 435(576.72); 436(384.94); 437(626.77); 438(419.91); 439(68.53); 440(427.69); 441(52.85); 442(494.86); 443(94.16); 444(976.03); 445(361.65); 446(634.64); 447(345.69); 448(597.13); 449(484.37); 450(464.5); 451(45.75); 452(730.03); 453(790.61); 454(849.52); 455(736.21); 456(562.52); 457(294.59); 458(224.31); 459(201.38); 460(439.33); 461(404.72); 462(578.55); 463(817.06); 464(167.2); 465(758.09); 466(547.55); 467(559.07); 468(744.2); 469(52.21); 470(703.81); 471(119.5); 472(945.35); 473(995.5); 474(981.15); 475(861.47); 476(402.03); 477(261.6); 478(154.64); 479(452.45); 480(869.76); 481(805.41); 482(523.8); 483(543.18); 484(485.97); 485(439.85); 486(388.32); 487(218.4); 488(670.93); 489(565.21); 490(692.38); 491(842.34); 492(162.4); 493(39.1); 494(17.08); 495(555.66); 496(450.91); 497(309.56); 498(534.56); 499(76.02),1
243,0(548.85); 1(341.17); 2(671.28); 3(75.24); 4(669.87); 5(931.06); 6(525.76); 7(885.69); 8(755.41); 9(623.46); 10(23.97); 11(410.66); 12(287.14); 13(978.54); 14(846.65); 15(681.95); 16(596.34); 17(882.76); 18(933.23); 19(943.52); 20(412.16); 21(87.01); 22(282.73); 23(571.2); 24(259.91); 25(706.53); 26(813.49); 27(922.76); 28(999.69); 29(42.51); 30(554.34); 31(345.5); 32(785.21); 33(545.8); 34(226.06); 35(460.85); 36(413.08); 37(184.6); 38(165.08); 39(189.13); 40(31.57); 41(533.82); 42(13.94); 43(600.45); 44(364.38); 45(282.28); 46(785.54); 47(802.46); 48(486.97); 49(474.88); 50(271.51); 51(44.26); 52(682.64); 53(905.98); 54(10.21); 55(329.05); 56(992.61); 57(602.3); 58(949.75); 59(597.45); 60(246.64); 61(700.85); 62(681.63); 63(197.64); 64(243.74); 65(835.06); 66(210.78); 67(641.77); 68(102.91); 69(890.33); 70(990.98); 71(429.67); 72(346.0); 73(172.33); 74(984.03); 75(868.71); 76(514.91); 77(712.79); 78(860.74); 79(598.13); 80(87.3); 81(100.7); 82(987.81); 83(123.43); 84(115.38); 85(445.03); 86(300.32); 87(976.52); 88(846.62); 89(11.63); 90(905.29); 91(707.77); 92(859.48); 93(72.17); 94(398.22); 95(281.66); 96(945.44); 97(228.81); 98(806.27); 99(963.96); 100(658.73); 101(683.64); 102(10.93); 103(955.58); 104(220.93); 105(432.83); 106(718.12); 107(751.42); 108(986.04); 109(677.52); 110(547.19); 111(690.39); 112(163.25); 113(589.16); 114(425.11); 115(122.81); 116(942.36); 117(840.88); 118(731.22); 119(604.31); 120(28.47); 121(184.0); 122(39.59); 123(111.12); 124(263.42); 125(17.14); 126(807.13); 127(216.46); 128(727.41); 129(222.32); 130(648.5); 131(374.11); 132(736.55); 133(39.18); 134(119.48); 135(293.74); 136(718.64); 137(42.66); 138(159.53); 139(129.28); 140(277.0); 141(334.9); 142(466.47); 143(598.31); 144(880.01); 145(999.5); 146(944.98); 147(84.15); 148(846.3); 149(470.54); 150(628.96); 151(850.92); 152(369.87); 153(692.6); 154(176.55); 155(595.06); 156(160.51); 157(117.51); 158(272.1); 159(333.99); 160(195.97); 161(515.58); 162(564.97); 163(864.08); 164(393.68); 165(171.53); 166(848.39); 167(993.83); 168(124.36); 169(55.97); 170(64.69); 171(664.0); 172(192.87); 173(839.58); 174(900.06); 175(170.2); 176(173.46); 177(442.98); 178(633.24); 179(133.09); 180(999.86); 181(759.21); 182(583.3); 183(429.71); 184(48.01); 185(494.01); 186(715.05); 187(187.08); 188(780.11); 189(907.07); 190(59.87); 191(574.76); 192(609.36); 193(692.16); 194(474.01); 195(170.89); 196(254.72); 197(827.84); 198(477.78); 199(874.03); 200(559.72); 201(318.17); 202(29.96); 203(504.41); 204(732.22); 205(401.28); 206(882.35); 207(81.28); 208(256.93); 209(503.19); 210(380.08); 211(321.79); 212(913.97); 213(250.88); 214(979.25); 215(273.7); 216(873.91); 217(801.4); 218(546.0); 219(818.21); 220(398.63); 221(196.82); 222(179.8); 223(441.43); 224(775.16); 225(26.83); 226(391.18); 227(20.8); 228(584.8); 229(962.3); 230(832.56); 231(397.72); 232(979.07); 233(873.99); 234(659.74); 235(165.23); 236(30.4); 237(590.27); 238(781.58); 239(14.42); 240(435.57); 241(854.3); 242(244.49); 244(77.73); 245(9.48); 246(191.87); 247(794.5); 248(567.81); 249(225.18); 250(411.85); 251(991.31); 252(799.44); 253(358.38); 254(821.95); 255(802.26); 256(415.24); 257(221.31); 258(702.68); 259(225.83); 260(160.53); 261(996.88); 262(145.67); 263(831.19); 264(404.67); 265(161.55); 266(239.32); 267(849.25); 268(577.54); 269(121.92); 270(872.75); 271(405.43); 272(899.37); 273(200.12); 274(791.99); 275(758.1); 276(484.08); 277(419.25); 278(292.54); 279(695.69); 280(782.41); 281(26.8); 282(311.69); 283(34.53); 284(549.41); 285(267.5); 286(882.96); 287(536.87); 288(402.88); 289(653.54); 290(980.36); 291(995.38); 292(423.49); 293(738.14); 294(481.46); 295(278.45); 296(548.61); 297(557.79); 298(93.04); 299(421.83); 300(120.76); 301(21.76); 302(588.04); 303(397.81); 304(402.87); 305(496.29); 306(595.72); 307(819.5); 308(476.93); 309(998.26); 310(549.91); 311(196.53); 312(371.83); 313(815.65); 314(586.7); 315(100.64); 316(34.9); 317(929.33); 318(335.68); 319(628.19); 320(825.04); 321(18.7); 322(939.35); 323(432.26); 324(754.68); 325(615.2); 326(223.6); 327(917.66); 328(24.84); 329(885.78); 330(376.05); 331(587.0); 332(224.31); 333(644.2); 334(273.42); 335(260.92); 336(183.49); 337(561.13); 338(270.26); 339(372.26); 340(650.42); 341(392.05); 342(595.09); 343(860.63); 344(94.79); 345(389.79); 346(240.87); 347(677.61); 348(486.38); 349(969.37); 350(94.59); 351(724.9); 352(591.14); 353(343.67); 354(248.92); 355(278.24); 356(68.92); 357(614.29); 358(20.07); 359(391.99); 360(780.11); 361(56.23); 362(642.64); 363(460.88); 364(280.19); 365(311.94); 366(550.83); 367(408.49); 368(629.06); 369(865.5); 370(13.41); 371(464.5); 372(818.61); 373(535.0); 374(184.45); 375(438.14); 376(385.57); 377(581.42); 378(826.08); 379(966.34); 380(291.25); 381(677.1); 382(823.73); 383(103.21); 384(575.59); 385(263.06); 386(453.18); 387(614.45); 388(493.41); 389(390.99); 390(536.17); 391(137.35); 392(722.29); 393(264.26); 394(931.2); 395(173.01); 396(586.02); 397(128.14); 398(371.59); 399(591.79); 400(475.45); 401(639.35); 402(965.66); 403(645.47); 404(484.76); 405(942.08); 406(326.23); 407(825.16); 408(59.53); 409(592.5); 410(392.43); 411(380.71); 412(272.88); 413(743.28); 414(0.3); 415(598.92); 416(521.64); 417(825.46); 418(950.69); 419(55.43); 420(284.54); 421(152.14); 422(714.06); 423(974.94); 424(447.71); 425(41.42); 426(601.72); 427(691.89); 428(29.31); 429(316.77); 430(221.05); 431(202.48); 432(449.53); 433(911.0); 434(273.01); 435(462.01); 436(565.32); 437(645.3); 438(932.66); 439(288.25); 440(784.01); 441(765.88); 442(851.81); 443(263.47); 444(935.27); 445(155.18); 446(236.93); 447(586.01); 448(821.55); 449(277.11); 450(42.11); 451(767.22); 452(928.49); 453(32.71); 454(595.4); 455(341.45); 456(151.61); 457(97.39); 458(413.78); 459(745.13); 460(665.28); 461(939.52); 462(88.95); 463(257.27); 464(481.51); 465(496.99); 466(342.91); 467(286.04); 468(117.12); 469(839.37); 470(566.9); 471(462.14); 472(7.91); 473(647.71); 474(269.74); 475(333.75); 476(433.54); 477(744.08); 478(514.26); 479(160.41); 480(494.89); 481(291.8); 482(581.5); 483(140.69); 484(975.67); 485(101.19); 486(427.61); 487(782.53); 488(192.65); 489(649.74); 490(503.57); 491(473.92); 492(538.93); 493(560.34); 494(595.69); 495(621.78); 496(528.55); 497(621.03); 498(87.4); 499(542.24),1
244,0(402.9); 1(517.2); 2(774.83); 3(349.97); 4(914.08); 5(660.68); 6(594.38); 7(109.79); 8(887.4); 9(901.77); 10(720.31); 11(616.17); 12(221.14); 13(738.23); 14(467.93); 15(962.29); 16(243.73); 17(171.48); 18(251.0); 19(389.23); 20(888.17); 21(240.86); 22(451.02); 23(880.1); 24(48.05); 25(213.48); 26(312.71); 27(409.52); 28(432.89); 29(762.8); 30(834.12); 31(910.15); 32(829.8); 33(615.55); 34(705.76); 35(432.6); 36(720.31); 37(45.85); 38(316.12); 39(726.57); 40(869.97); 41(170.51); 42(552.87); 43(679.24); 44(3.41); 45(624.91); 46(950.16); 47(40.33); 48(97.14); 49(538.65); 50(689.23); 51(361.27); 52(990.17); 53(868.59); 54(384.94); 55(636.87); 56(625.3); 57(683.75); 58(459.24); 59(300.02); 60(110.07); 61(533.04); 62(914.26); 63(865.92); 64(72.35); 65(482.86); 66(520.83); 67(587.29); 68(8.82); 69(782.22); 70(418.53); 71(113.23); 72(572.4); 73(221.45); 74(941.62); 75(336.59); 76(173.33); 77(956.9); 78(484.03); 79(265.45); 80(728.42); 81(846.21); 82(953.21); 83(911.71); 84(634.52); 85(958.13); 86(489.83); 87(471.69); 88(39.57); 89(351.47); 90(238.01); 91(579.7); 92(530.87); 93(291.52); 94(477.88); 95(382.63); 96(0.9); 97(180.47); 98(212.76); 99(612.03); 100(314.09); 101(397.22); 102(792.34); 103(560.52); 104(576.02); 105(382.54); 106(954.3); 107(797.07); 108(451.77); 109(784.11); 110(235.67); 111(326.7); 112(996.21); 113(656.88); 114(333.49); 115(87.74); 116(661.92); 117(268.13); 118(352.74); 119(551.74); 120(900.46); 121(675.22); 122(849.21); 123(788.79); 124(7.91); 125(644.64); 126(61.13); 127(443.41); 128(855.7); 129(742.12); 130(365.56); 131(530.53); 132(365.07); 133(601.93); 134(67.61); 135(139.99); 136(304.78); 137(827.66); 138(619.35); 139(214.49); 140(327.39); 141(691.92); 142(169.12); 143(649.81); 144(57.67); 145(238.05); 146(270.54); 147(440.85); 148(775.55); 149(288.53); 150(113.44); 151(117.08); 152(900.45); 153(556.33); 154(736.75); 155(872.4); 156(2.94); 157(338.29); 158(228.72); 159(599.18); 160(790.24); 161(129.76); 162(51.31); 163(585.62); 164(759.11); 165(90.33); 166(21.97); 167(899.68); 168(730.47); 169(347.69); 170(664.02); 171(70.44); 172(333.06); 173(117.1); 174(555.34); 175(587.48); 176(571.9); 177(61.47); 178(341.51); 179(101.55); 180(80.85); 181(814.51); 182(809.45); 183(548.64); 184(327.13); 185(790.18); 186(346.59); 187(860.27); 188(872.39); 189(125.85); 190(498.68); 191(621.06); 192(825.96); 193(569.03); 194(51.29); 195(143.9); 196(317.35); 197(510.06); 198(833.08); 199(863.72); 200(919.26); 201(671.61); 202(795.29); 203(635.98); 204(307.25); 205(638.53); 206(475.33); 207(177.09); 208(565.02); 209(943.17); 210(41.23); 211(27.82); 212(775.9); 213(410.17); 214(782.46); 215(681.29); 216(278.03); 217(177.48); 218(824.97); 219(251.07); 220(324.67); 221(368.43); 222(56.3); 223(339.71); 224(923.8); 225(750.25); 226(442.77); 227(751.41); 228(911.77); 229(356.8); 230(60.43); 231(324.09); 232(772.97); 233(253.88); 234(287.75); 235(952.72); 236(432.17); 237(113.2); 238(395.07); 239(18.7); 240(688.77); 241(8.09); 242(504.79); 243(77.73); 245(518.32); 246(777.0); 247(56.56); 248(938.47); 249(804.83); 250(164.4); 251(870.33); 252(822.78); 253(535.82); 254(231.9); 255(78.85); 256(538.77); 257(441.89); 258(86.36); 259(662.68); 260(720.13); 261(10.51); 262(174.08); 263(129.44); 264(851.92); 265(769.6); 266(145.35); 267(822.76); 268(883.4); 269(464.33); 270(779.67); 271(450.82); 272(984.82); 273(732.81); 274(513.75); 275(904.84); 276(767.08); 277(609.29); 278(173.42); 279(732.32); 280(453.97); 281(246.25); 282(422.88); 283(526.37); 284(865.51); 285(99.65); 286(138.73); 287(43.74); 288(329.65); 289(443.9); 290(915.75); 291(12.27); 292(946.47); 293(839.93); 294(516.92); 295(235.51); 296(74.17); 297(423.19); 298(852.22); 299(221.23); 300(129.39); 301(792.9); 302(556.0); 303(772.64); 304(440.71); 305(641.61); 306(937.24); 307(509.59); 308(232.88); 309(204.65); 310(601.08); 311(806.96); 312(146.75); 313(455.29); 314(325.55); 315(930.64); 316(362.97); 317(841.3); 318(928.31); 319(633.67); 320(249.09); 321(909.87); 322(810.09); 323(293.32); 324(376.49); 325(715.01); 326(784.66); 327(453.01); 328(165.07); 329(913.44); 330(641.73); 331(653.17); 332(410.5); 333(628.22); 334(246.45); 335(651.09); 336(723.23); 337(423.1); 338(588.32); 339(560.83); 340(921.72); 341(857.94); 342(433.49); 343(246.84); 344(254.48); 345(15.66); 346(161.5); 347(646.61); 348(935.14); 349(445.12); 350(563.92); 351(337.16); 352(980.3); 353(69.29); 354(424.9); 355(909.25); 356(800.7); 357(689.71); 358(200.79); 359(944.98); 360(147.21); 361(535.81); 362(707.49); 363(915.7); 364(797.91); 365(983.42); 366(169.85); 367(891.1); 368(279.19); 369(247.59); 370(207.26); 371(488.56); 372(816.47); 373(523.93); 374(407.58); 375(446.93); 376(887.03); 377(499.12); 378(85.47); 379(206.95); 380(437.34); 381(408.58); 382(599.58); 383(38.5); 384(854.58); 385(967.28); 386(176.7); 387(932.57); 388(795.14); 389(127.05); 390(256.92); 391(857.05); 392(198.05); 393(871.14); 394(875.03); 395(451.22); 396(479.44); 397(274.02); 398(94.39); 399(711.65); 400(240.75); 401(356.05); 402(709.08); 403(802.58); 404(865.01); 405(889.29); 406(667.13); 407(141.67); 408(939.07); 409(253.03); 410(568.73); 411(506.09); 412(712.03); 413(463.53); 414(737.33); 415(455.27); 416(143.84); 417(786.22); 418(673.5); 419(344.78); 420(828.29); 421(854.8); 422(875.73); 423(787.87); 424(308.62); 425(678.74); 426(84.85); 427(958.84); 428(68.42); 429(645.95); 430(691.19); 431(854.55); 432(653.68); 433(615.7); 434(181.55); 435(167.26); 436(383.91); 437(354.58); 438(49.46); 439(228.37); 440(477.71); 441(254.45); 442(805.57); 443(983.61); 444(711.74); 445(129.99); 446(827.64); 447(463.85); 448(155.72); 449(445.66); 450(165.75); 451(575.5); 452(279.94); 453(420.81); 454(226.25); 455(295.4); 456(828.64); 457(859.05); 458(820.43); 459(666.87); 460(352.16); 461(575.73); 462(417.74); 463(571.13); 464(92.45); 465(676.62); 466(804.34); 467(588.41); 468(180.7); 469(900.64); 470(107.74); 471(41.71); 472(36.8); 473(313.45); 474(973.45); 475(645.44); 476(421.06); 477(36.56); 478(302.27); 479(323.96); 480(94.35); 481(698.49); 482(487.03); 483(854.33); 484(704.57); 485(322.28); 486(482.59); 487(564.14); 488(686.56); 489(924.0); 490(764.97); 491(752.44); 492(879.7); 493(624.11); 494(788.79); 495(266.4); 496(671.83); 497(345.81); 498(907.15); 499(101.23),1
245,0(576.0); 1(379.21); 2(24.93); 3(560.82); 4(669.52); 5(744.41); 6(541.23); 7(236.09); 8(603.27); 9(332.38); 10(284.83); 11(260.42); 12(417.93); 13(744.09); 14(740.62); 15(129.27); 16(521.36); 17(932.32); 18(142.34); 19(314.28); 20(437.59); 21(811.8); 22(158.91); 23(826.42); 24(633.41); 25(980.25); 26(487.43); 27(902.72); 28(394.48); 29(914.47); 30(250.02); 31(639.69); 32(52.54); 33(707.98); 34(596.61); 35(194.48); 36(31.17); 37(591.87); 38(679.3); 39(803.78); 40(928.84); 41(254.39); 42(794.32); 43(757.9); 44(871.93); 45(103.58); 46(505.47); 47(846.05); 48(597.19); 49(595.68); 50(584.63); 51(382.35); 52(166.28); 53(424.95); 54(257.52); 55(791.27); 56(145.13); 57(869.19); 58(904.14); 59(700.34); 60(589.26); 61(520.93); 62(35.42); 63(18.41); 64(316.21); 65(903.72); 66(505.06); 67(34.43); 68(904.52); 69(504.31); 70(977.98); 71(623.53); 72(243.3); 73(721.91); 74(902.24); 75(989.69); 76(42.0); 77(661.63); 78(410.94); 79(635.7); 80(301.42); 81(155.56); 82(275.32); 83(752.64); 84(248.81); 85(531.6); 86(553.15); 87(618.13); 88(132.24); 89(854.16); 90(1.78); 91(347.38); 92(956.25); 93(553.93); 94(165.05); 95(115.73); 96(246.91); 97(801.97); 98(411.42); 99(188.22); 100(96.02); 101(894.84); 102(194.08); 103(655.17); 104(964.47); 105(642.98); 106(382.71); 107(188.69); 108(523.09); 109(725.67); 110(659.5); 111(275.84); 112(931.4); 113(13.66); 114(905.03); 115(801.4); 116(632.37); 117(93.66); 118(380.79); 119(428.56); 120(796.73); 121(89.58); 122(26.48); 123(865.63); 124(617.48); 125(745.3); 126(667.16); 127(127.36); 128(936.37); 129(427.04); 130(408.62); 131(554.49); 132(592.77); 133(759.07); 134(227.99); 135(661.75); 136(58.19); 137(456.99); 138(248.98); 139(293.85); 140(79.53); 141(154.4); 142(493.19); 143(963.2); 144(728.55); 145(528.68); 146(51.57); 147(591.38); 148(346.95); 149(438.12); 150(111.56); 151(193.68); 152(359.63); 153(879.3); 154(97.33); 155(869.24); 156(774.57); 157(232.44); 158(753.07); 159(262.33); 160(634.39); 161(299.2); 162(857.24); 163(591.99); 164(396.28); 165(254.39); 166(379.75); 167(370.26); 168(721.42); 169(431.07); 170(967.79); 171(485.99); 172(49.65); 173(655.46); 174(894.22); 175(932.44); 176(367.84); 177(154.47); 178(403.4); 179(435.38); 180(745.06); 181(121.19); 182(370.91); 183(136.98); 184(974.88); 185(551.98); 186(186.63); 187(415.71); 188(225.08); 189(361.13); 190(840.89); 191(153.96); 192(823.56); 193(506.18); 194(125.41); 195(568.61); 196(369.72); 197(410.49); 198(136.49); 199(739.99); 200(54.02); 201(175.41); 202(51.12); 203(291.44); 204(61.04); 205(391.35); 206(135.17); 207(614.79); 208(34.66); 209(339.89); 210(986.62); 211(369.42); 212(820.23); 213(357.67); 214(715.46); 215(226.51); 216(496.58); 217(939.47); 218(79.64); 219(631.77); 220(396.28); 221(748.77); 222(933.22); 223(806.1); 224(599.65); 225(742.01); 226(842.96); 227(164.27); 228(869.43); 229(998.63); 230(457.54); 231(969.09); 232(722.17); 233(382.86); 234(307.56); 235(26.57); 236(262.07); 237(584.79); 238(686.23); 239(752.97); 240(841.23); 241(531.11); 242(736.62); 243(9.48); 244(518.32); 246(338.59); 247(156.95); 248(215.07); 249(795.39); 250(777.14); 251(235.76); 252(294.13); 253(587.03); 254(511.16); 255(559.23); 256(246.84); 257(298.38); 258(605.18); 259(457.61); 260(467.91); 261(79.69); 262(761.51); 263(881.21); 264(430.23); 265(465.73); 266(3.33); 267(237.03); 268(332.42); 269(894.17); 270(14.14); 271(959.56); 272(912.38); 273(744.69); 274(713.64); 275(206.96); 276(984.68); 277(92.61); 278(487.33); 279(41.04); 280(898.65); 281(405.6); 282(662.02); 283(420.92); 284(446.59); 285(378.94); 286(45.74); 287(153.92); 288(213.25); 289(933.51); 290(222.22); 291(182.7); 292(534.8); 293(179.77); 294(598.91); 295(499.23); 296(994.64); 297(319.77); 298(681.2); 299(242.36); 300(814.61); 301(562.79); 302(463.16); 303(266.11); 304(486.65); 305(596.49); 306(487.41); 307(788.46); 308(473.31); 309(913.89); 310(7.89); 311(951.11); 312(12.38); 313(73.23); 314(580.01); 315(875.0); 316(134.14); 317(851.12); 318(751.98); 319(173.68); 320(400.72); 321(950.08); 322(93.68); 323(656.79); 324(547.75); 325(898.83); 326(231.69); 327(699.96); 328(715.86); 329(809.99); 330(868.38); 331(67.44); 332(124.25); 333(869.66); 334(811.53); 335(857.8); 336(279.54); 337(550.5); 338(816.02); 339(274.29); 340(413.84); 341(60.35); 342(887.08); 343(121.68); 344(387.05); 345(702.68); 346(390.83); 347(498.61); 348(766.02); 349(975.66); 350(635.92); 351(639.08); 352(929.24); 353(777.45); 354(620.63); 355(323.65); 356(505.74); 357(606.84); 358(967.92); 359(146.22); 360(783.38); 361(544.22); 362(891.35); 363(660.6); 364(142.97); 365(131.52); 366(683.25); 367(456.14); 368(229.18); 369(712.76); 370(212.73); 371(311.78); 372(635.87); 373(862.95); 374(877.62); 375(219.6); 376(750.24); 377(225.33); 378(72.16); 379(920.18); 380(154.14); 381(308.69); 382(170.97); 383(313.57); 384(282.2); 385(972.77); 386(598.88); 387(542.32); 388(270.19); 389(812.2); 390(406.66); 391(532.28); 392(505.54); 393(71.0); 394(846.25); 395(861.47); 396(179.47); 397(805.81); 398(146.97); 399(145.3); 400(735.92); 401(18.52); 402(899.8); 403(772.82); 404(216.44); 405(789.55); 406(142.27); 407(548.0); 408(963.33); 409(847.3); 410(983.26); 411(493.48); 412(351.28); 413(61.01); 414(703.69); 415(241.49); 416(887.23); 417(839.39); 418(619.28); 419(27.47); 420(503.57); 421(432.56); 422(29.6); 423(315.16); 424(393.24); 425(48.94); 426(286.13); 427(860.38); 428(379.35); 429(425.4); 430(819.16); 431(856.03); 432(8.5); 433(226.96); 434(757.2); 435(460.79); 436(87.94); 437(699.1); 438(323.39); 439(678.6); 440(847.45); 441(602.16); 442(803.98); 443(668.35); 444(495.1); 445(990.92); 446(994.43); 447(474.33); 448(333.52); 449(21.27); 450(665.44); 451(697.56); 452(201.62); 453(898.31); 454(731.26); 455(167.99); 456(43.4); 457(226.2); 458(517.0); 459(619.02); 460(552.01); 461(456.17); 462(477.29); 463(911.12); 464(910.43); 465(990.38); 466(949.7); 467(482.15); 468(523.93); 469(667.55); 470(30.88); 471(555.34); 472(814.5); 473(848.17); 474(774.42); 475(955.23); 476(950.07); 477(180.69); 478(562.92); 479(557.86); 480(818.73); 481(964.46); 482(593.61); 483(405.99); 484(858.16); 485(631.28); 486(225.64); 487(757.0); 488(80.73); 489(838.29); 490(53.75); 491(572.25); 492(979.74); 493(985.96); 494(116.75); 495(365.13); 496(406.61); 497(5.81); 498(259.04); 499(795.45),1
246,0(360.51); 1(754.45); 2(178.3); 3(343.64); 4(815.02); 5(781.04); 6(201.21); 7(996.07); 8(497.12); 9(900.18); 10(686.11); 11(650.28); 12(674.51); 13(804.14); 14(511.98); 15(634.16); 16(365.78); 17(812.04); 18(323.46); 19(951.99); 20(996.64); 21(586.54); 22(438.98); 23(179.06); 24(581.16); 25(121.39); 26(851.95); 27(333.99); 28(554.69); 29(272.84); 30(302.37); 31(813.86); 32(562.18); 33(938.46); 34(475.13); 35(988.01); 36(678.17); 37(982.55); 38(978.34); 39(728.77); 40(153.68); 41(175.5); 42(377.55); 43(437.43); 44(602.09); 45(902.83); 46(726.67); 47(46.44); 48(40.42); 49(720.79); 50(953.47); 51(548.08); 52(964.99); 53(975.16); 54(732.16); 55(342.39); 56(218.25); 57(520.37); 58(100.09); 59(695.6); 60(909.96); 61(742.28); 62(52.69); 63(858.66); 64(536.84); 65(745.69); 66(578.47); 67(470.86); 68(602.35); 69(236.2); 70(264.56); 71(696.76); 72(965.0); 73(81.35); 74(560.12); 75(944.21); 76(101.77); 77(893.22); 78(184.55); 79(985.57); 80(115.78); 81(824.46); 82(290.18); 83(721.52); 84(617.17); 85(0.11); 86(548.09); 87(410.17); 88(900.98); 89(334.38); 90(301.75); 91(419.63); 92(179.11); 93(17.96); 94(167.3); 95(989.69); 96(383.0); 97(278.03); 98(275.64); 99(615.56); 100(563.4); 101(721.68); 102(827.71); 103(823.18); 104(85.68); 105(871.81); 106(333.7); 107(854.17); 108(340.69); 109(472.19); 110(63.11); 111(475.96); 112(872.49); 113(814.24); 114(569.83); 115(777.11); 116(101.82); 117(579.03); 118(31.99); 119(91.39); 120(988.32); 121(907.37); 122(212.69); 123(876.58); 124(389.72); 125(161.9); 126(567.07); 127(161.95); 128(718.12); 129(523.34); 130(791.34); 131(487.47); 132(824.01); 133(768.73); 134(914.34); 135(522.22); 136(787.23); 137(622.84); 138(410.93); 139(857.4); 140(985.83); 141(711.34); 142(794.26); 143(542.74); 144(309.5); 145(920.35); 146(3.98); 147(321.75); 148(465.53); 149(174.97); 150(35.3); 151(458.96); 152(668.56); 153(601.22); 154(183.63); 155(570.06); 156(63.26); 157(255.63); 158(462.37); 159(345.29); 160(871.51); 161(864.07); 162(102.65); 163(53.72); 164(971.28); 165(277.76); 166(389.29); 167(944.47); 168(567.74); 169(307.71); 170(80.37); 171(239.36); 172(8.23); 173(172.19); 174(565.79); 175(413.39); 176(205.09); 177(76.62); 178(533.72); 179(84.2); 180(345.18); 181(228.46); 182(849.23); 183(590.61); 184(826.55); 185(796.49); 186(791.59); 187(997.14); 188(781.69); 189(690.62); 190(545.65); 191(531.54); 192(932.48); 193(494.19); 194(863.14); 195(248.05); 196(561.62); 197(633.66); 198(902.89); 199(701.97); 200(689.46); 201(234.08); 202(939.18); 203(583.87); 204(720.12); 205(355.35); 206(557.22); 207(881.24); 208(462.49); 209(702.14); 210(815.29); 211(944.79); 212(809.41); 213(975.43); 214(82.91); 215(70.98); 216(36.72); 217(26.01); 218(738.39); 219(223.44); 220(111.52); 221(747.28); 222(342.42); 223(404.07); 224(828.24); 225(87.71); 226(661.09); 227(915.51); 228(569.78); 229(901.31); 230(870.76); 231(776.91); 232(542.58); 233(411.14); 234(462.99); 235(797.97); 236(347.75); 237(885.52); 238(996.44); 239(295.88); 240(98.17); 241(293.38); 242(764.37); 243(191.87); 244(777.0); 245(338.59); 247(673.6); 248(400.11); 249(354.59); 250(876.09); 251(511.51); 252(373.32); 253(92.0); 254(709.5); 255(197.23); 256(110.01); 257(905.97); 258(666.61); 259(501.64); 260(479.29); 261(217.19); 262(47.17); 263(733.55); 264(798.04); 265(439.65); 266(60.24); 267(84.91); 268(356.6); 269(148.56); 270(762.33); 271(334.85); 272(949.91); 273(214.37); 274(363.39); 275(822.78); 276(12.76); 277(910.74); 278(814.65); 279(67.38); 280(96.81); 281(669.12); 282(66.48); 283(863.12); 284(667.19); 285(783.1); 286(662.59); 287(577.62); 288(79.22); 289(257.02); 290(182.37); 291(516.54); 292(680.18); 293(123.12); 294(906.32); 295(726.01); 296(285.67); 297(98.73); 298(145.6); 299(518.65); 300(486.17); 301(709.65); 302(345.94); 303(728.23); 304(2.48); 305(911.25); 306(634.41); 307(742.4); 308(53.23); 309(500.46); 310(831.02); 311(446.97); 312(404.83); 313(27.55); 314(747.65); 315(874.37); 316(331.9); 317(13.17); 318(664.34); 319(302.79); 320(507.16); 321(426.31); 322(763.7); 323(829.84); 324(236.81); 325(400.19); 326(101.29); 327(682.93); 328(680.59); 329(137.07); 330(91.47); 331(460.16); 332(946.08); 333(191.82); 334(338.85); 335(914.65); 336(818.46); 337(124.54); 338(737.35); 339(898.01); 340(315.88); 341(742.13); 342(935.72); 343(148.86); 344(141.85); 345(604.91); 346(91.78); 347(773.35); 348(514.9); 349(926.75); 350(52.61); 351(952.05); 352(878.39); 353(391.07); 354(739.95); 355(831.57); 356(194.84); 357(122.68); 358(536.06); 359(380.96); 360(333.89); 361(892.33); 362(531.41); 363(695.02); 364(382.24); 365(730.83); 366(484.93); 367(623.51); 368(782.3); 369(784.04); 370(181.97); 371(337.16); 372(358.41); 373(973.14); 374(893.55); 375(494.96); 376(200.02); 377(882.55); 378(62.25); 379(848.7); 380(483.97); 381(197.16); 382(701.15); 383(559.92); 384(462.67); 385(458.97); 386(90.01); 387(316.07); 388(648.41); 389(818.52); 390(31.17); 391(730.61); 392(144.88); 393(348.11); 394(537.06); 395(334.59); 396(790.77); 397(936.8); 398(15.4); 399(861.85); 400(900.0); 401(71.41); 402(139.27); 403(416.3); 404(670.62); 405(888.73); 406(507.98); 407(399.76); 408(596.82); 409(200.75); 410(42.51); 411(160.83); 412(659.63); 413(716.98); 414(898.11); 415(87.52); 416(355.92); 417(782.57); 418(254.29); 419(424.85); 420(990.29); 421(859.62); 422(766.52); 423(728.86); 424(364.36); 425(569.1); 426(397.04); 427(920.44); 428(361.0); 429(894.47); 430(348.43); 431(207.45); 432(850.43); 433(932.75); 434(432.98); 435(305.93); 436(319.73); 437(171.47); 438(531.08); 439(426.18); 440(910.59); 441(61.48); 442(780.15); 443(257.33); 444(938.53); 445(772.43); 446(771.43); 447(19.33); 448(402.5); 449(58.75); 450(253.03); 451(436.08); 452(422.94); 453(596.22); 454(514.82); 455(677.69); 456(713.08); 457(792.13); 458(363.16); 459(680.24); 460(878.96); 461(215.46); 462(478.5); 463(195.38); 464(222.54); 465(101.69); 466(465.9); 467(756.89); 468(359.43); 469(563.88); 470(303.33); 471(236.42); 472(427.8); 473(379.17); 474(665.15); 475(727.13); 476(3.56); 477(607.5); 478(15.05); 479(44.87); 480(944.3); 481(138.31); 482(100.7); 483(354.16); 484(845.75); 485(967.29); 486(816.61); 487(516.81); 488(413.89); 489(799.14); 490(889.52); 491(786.4); 492(755.51); 493(48.28); 494(752.12); 495(730.42); 496(678.86); 497(326.41); 498(448.42); 499(401.42),1
247,0(405.86); 1(424.03); 2(273.96); 3(459.1); 4(189.44); 5(307.45); 6(405.42); 7(792.66); 8(449.01); 9(297.5); 10(920.32); 11(181.7); 12(924.68); 13(534.85); 14(950.35); 15(138.9); 16(255.31); 17(533.02); 18(908.16); 19(627.27); 20(306.69); 21(131.68); 22(120.73); 23(824.7); 24(601.52); 25(8.87); 26(734.78); 27(91.76); 28(588.46); 29(512.83); 30(434.72); 31(41.66); 32(122.72); 33(547.03); 34(158.1); 35(5.0); 36(123.61); 37(707.81); 38(356.84); 39(988.77); 40(494.85); 41(917.77); 42(167.13); 43(664.68); 44(939.07); 45(820.66); 46(965.25); 47(994.92); 48(563.56); 49(696.64); 50(354.52); 51(923.52); 52(950.55); 53(60.94); 54(162.98); 55(175.51); 56(66.18); 57(135.22); 58(474.96); 59(984.53); 60(619.17); 61(537.78); 62(3.06); 63(317.18); 64(665.26); 65(69.55); 66(44.24); 67(296.36); 68(378.02); 69(253.42); 70(77.59); 71(573.21); 72(615.53); 73(361.31); 74(493.41); 75(847.15); 76(819.61); 77(585.83); 78(590.19); 79(164.0); 80(918.2); 81(170.42); 82(946.63); 83(701.02); 84(257.66); 85(885.09); 86(8.7); 87(615.35); 88(209.91); 89(759.21); 90(875.8); 91(435.15); 92(643.77); 93(997.98); 94(106.84); 95(872.16); 96(228.0); 97(539.81); 98(121.02); 99(88.68); 100(563.2); 101(331.78); 102(331.5); 103(749.26); 104(359.31); 105(407.42); 106(771.74); 107(61.36); 108(684.0); 109(787.96); 110(616.54); 111(563.14); 112(428.05); 113(60.66); 114(895.69); 115(571.31); 116(671.75); 117(884.09); 118(217.26); 119(736.0); 120(106.01); 121(309.65); 122(106.36); 123(509.53); 124(563.45); 125(179.51); 126(44.55); 127(382.88); 128(406.54); 129(721.29); 130(842.31); 131(420.25); 132(519.06); 133(853.86); 134(445.65); 135(417.19); 136(481.11); 137(709.86); 138(868.07); 139(730.67); 140(888.76); 141(83.6); 142(722.09); 143(729.25); 144(640.92); 145(0.29); 146(558.06); 147(706.21); 148(707.68); 149(591.67); 150(363.24); 151(180.61); 152(92.67); 153(239.16); 154(845.5); 155(400.1); 156(835.84); 157(961.35); 158(25.59); 159(40.94); 160(66.96); 161(117.8); 162(835.87); 163(944.78); 164(612.57); 165(184.64); 166(863.31); 167(727.15); 168(458.46); 169(245.09); 170(354.6); 171(726.16); 172(67.36); 173(715.28); 174(178.93); 175(448.08); 176(425.83); 177(684.13); 178(661.64); 179(250.44); 180(203.23); 181(483.69); 182(285.94); 183(589.17); 184(868.57); 185(946.16); 186(196.49); 187(408.24); 188(256.29); 189(461.86); 190(713.01); 191(185.03); 192(470.99); 193(981.32); 194(812.82); 195(949.11); 196(53.99); 197(109.96); 198(119.67); 199(211.1); 200(517.65); 201(657.4); 202(709.8); 203(604.78); 204(686.22); 205(728.4); 206(841.05); 207(609.68); 208(511.25); 209(719.1); 210(984.14); 211(546.17); 212(961.55); 213(358.19); 214(345.25); 215(88.17); 216(692.82); 217(673.93); 218(894.57); 219(683.38); 220(830.74); 221(317.9); 222(821.9); 223(65.46); 224(705.72); 225(539.96); 226(154.95); 227(824.79); 228(763.43); 229(736.25); 230(839.08); 231(746.99); 232(711.81); 233(946.1); 234(659.23); 235(888.68); 236(405.24); 237(952.95); 238(740.22); 239(866.43); 240(36.83); 241(332.74); 242(19.78); 243(794.5); 244(56.56); 245(156.95); 246(673.6); 248(800.2); 249(215.21); 250(428.28); 251(174.64); 252(558.96); 253(647.75); 254(607.17); 255(390.62); 256(141.17); 257(993.13); 258(1.43); 259(17.32); 260(393.71); 261(933.66); 262(363.51); 263(579.22); 264(823.96); 265(83.79); 266(171.05); 267(477.02); 268(231.32); 269(670.13); 270(575.41); 271(428.88); 272(421.09); 273(669.09); 274(549.36); 275(71.63); 276(764.46); 277(18.89); 278(792.87); 279(322.1); 280(137.24); 281(518.09); 282(850.91); 283(47.34); 284(937.07); 285(5.89); 286(693.14); 287(20.54); 288(746.41); 289(233.59); 290(958.02); 291(340.72); 292(728.25); 293(375.84); 294(130.08); 295(990.18); 296(383.88); 297(202.88); 298(599.91); 299(310.03); 300(931.08); 301(344.48); 302(414.2); 303(175.4); 304(980.83); 305(190.82); 306(727.41); 307(427.97); 308(733.97); 309(94.43); 310(365.82); 311(452.54); 312(559.07); 313(161.44); 314(626.16); 315(316.57); 316(913.96); 317(889.3); 318(659.04); 319(679.17); 320(375.5); 321(93.88); 322(609.85); 323(158.73); 324(989.26); 325(10.54); 326(294.34); 327(303.86); 328(257.37); 329(534.11); 330(737.62); 331(745.89); 332(534.6); 333(102.14); 334(133.32); 335(198.6); 336(633.83); 337(87.39); 338(898.44); 339(314.78); 340(384.48); 341(305.52); 342(641.44); 343(743.81); 344(282.6); 345(121.95); 346(526.26); 347(452.69); 348(820.52); 349(579.62); 350(115.32); 351(248.59); 352(146.15); 353(688.92); 354(755.21); 355(932.06); 356(630.49); 357(957.95); 358(970.66); 359(532.77); 360(327.58); 361(820.98); 362(824.36); 363(598.14); 364(729.92); 365(686.68); 366(434.69); 367(382.64); 368(123.41); 369(754.43); 370(18.3); 371(546.74); 372(520.42); 373(803.98); 374(616.35); 375(924.45); 376(654.66); 377(972.74); 378(672.44); 379(983.4); 380(890.49); 381(355.33); 382(789.55); 383(341.06); 384(871.17); 385(899.65); 386(923.53); 387(767.47); 388(127.61); 389(110.52); 390(422.76); 391(203.64); 392(869.07); 393(109.39); 394(242.42); 395(342.85); 396(234.16); 397(890.77); 398(12.4); 399(443.52); 400(483.98); 401(394.08); 402(828.73); 403(108.01); 404(441.92); 405(325.44); 406(921.35); 407(41.2); 408(532.76); 409(168.26); 410(632.02); 411(370.61); 412(248.45); 413(907.8); 414(401.06); 415(330.76); 416(671.72); 417(752.96); 418(210.54); 419(225.13); 420(90.38); 421(615.25); 422(67.79); 423(757.26); 424(289.08); 425(632.22); 426(66.29); 427(295.21); 428(361.2); 429(380.59); 430(850.86); 431(341.5); 432(802.49); 433(47.21); 434(710.45); 435(42.09); 436(201.64); 437(639.49); 438(210.99); 439(359.3); 440(619.3); 441(258.21); 442(204.71); 443(0.11); 444(611.66); 445(852.82); 446(552.55); 447(986.67); 448(846.91); 449(572.25); 450(187.52); 451(417.91); 452(969.31); 453(798.8); 454(258.57); 455(669.73); 456(633.57); 457(379.09); 458(379.98); 459(441.26); 460(793.06); 461(506.2); 462(793.86); 463(756.93); 464(483.08); 465(594.5); 466(338.77); 467(640.84); 468(559.78); 469(936.59); 470(906.72); 471(657.93); 472(220.21); 473(678.38); 474(762.5); 475(587.31); 476(223.26); 477(59.05); 478(120.11); 479(938.58); 480(96.12); 481(297.18); 482(850.55); 483(77.82); 484(46.7); 485(420.79); 486(385.73); 487(17.64); 488(549.72); 489(862.24); 490(738.76); 491(73.76); 492(782.95); 493(411.39); 494(181.61); 495(499.63); 496(23.16); 497(694.79); 498(967.08); 499(585.51),1
248,0(617.97); 1(404.69); 2(300.82); 3(578.62); 4(441.83); 5(79.22); 6(520.79); 7(465.71); 8(644.67); 9(150.92); 10(933.9); 11(144.62); 12(504.01); 13(456.06); 14(445.09); 15(869.23); 16(982.37); 17(638.8); 18(333.0); 19(464.69); 20(455.42); 21(260.09); 22(379.86); 23(281.58); 24(149.3); 25(933.75); 26(850.79); 27(977.49); 28(25.5); 29(290.8); 30(759.38); 31(669.08); 32(75.63); 33(99.42); 34(972.27); 35(851.35); 36(746.28); 37(726.06); 38(975.79); 39(433.28); 40(423.54); 41(332.95); 42(928.76); 43(297.92); 44(587.32); 45(270.69); 46(83.19); 47(968.26); 48(669.96); 49(279.06); 50(394.92); 51(661.92); 52(722.02); 53(182.46); 54(961.31); 55(237.04); 56(82.66); 57(632.43); 58(877.15); 59(500.17); 60(340.82); 61(719.62); 62(62.82); 63(698.45); 64(123.38); 65(205.97); 66(917.37); 67(706.54); 68(160.48); 69(875.54); 70(426.33); 71(327.41); 72(190.17); 73(288.25); 74(789.32); 75(616.93); 76(757.98); 77(987.63); 78(934.72); 79(662.37); 80(242.69); 81(497.09); 82(830.99); 83(456.87); 84(844.67); 85(479.53); 86(556.44); 87(412.82); 88(204.47); 89(465.97); 90(225.7); 91(103.07); 92(809.38); 93(5.79); 94(184.99); 95(954.11); 96(796.55); 97(916.32); 98(336.79); 99(571.98); 100(680.71); 101(71.4); 102(5.93); 103(782.39); 104(26.12); 105(177.08); 106(52.82); 107(181.7); 108(453.53); 109(519.67); 110(44.58); 111(913.39); 112(42.44); 113(441.15); 114(514.46); 115(259.31); 116(110.27); 117(17.8); 118(917.87); 119(373.95); 120(547.62); 121(620.51); 122(824.13); 123(367.05); 124(985.64); 125(248.56); 126(175.24); 127(608.97); 128(731.85); 129(796.38); 130(299.32); 131(89.07); 132(852.23); 133(538.64); 134(357.2); 135(182.75); 136(444.97); 137(302.37); 138(812.12); 139(951.71); 140(838.13); 141(383.7); 142(172.03); 143(300.12); 144(746.0); 145(599.8); 146(541.32); 147(864.63); 148(277.63); 149(424.74); 150(190.93); 151(956.43); 152(695.91); 153(344.12); 154(724.0); 155(265.03); 156(176.85); 157(902.4); 158(127.55); 159(647.95); 160(856.17); 161(203.63); 162(146.79); 163(235.5); 164(698.06); 165(873.01); 166(360.8); 167(331.28); 168(945.65); 169(71.28); 170(483.47); 171(903.96); 172(14.88); 173(710.76); 174(62.16); 175(923.82); 176(148.16); 177(174.78); 178(361.22); 179(521.68); 180(55.21); 181(11.1); 182(73.79); 183(136.07); 184(560.04); 185(698.1); 186(556.98); 187(643.72); 188(362.11); 189(893.98); 190(33.08); 191(19.3); 192(650.03); 193(461.57); 194(712.74); 195(359.9); 196(759.81); 197(179.28); 198(503.8); 199(246.34); 200(772.23); 201(367.17); 202(56.1); 203(722.93); 204(582.3); 205(9.62); 206(943.39); 207(938.89); 208(760.01); 209(294.83); 210(79.99); 211(175.36); 212(263.09); 213(950.85); 214(98.31); 215(39.28); 216(850.49); 217(137.41); 218(596.2); 219(71.88); 220(338.61); 221(859.68); 222(93.94); 223(769.19); 224(191.58); 225(494.05); 226(553.21); 227(150.41); 228(619.51); 229(905.06); 230(984.62); 231(838.43); 232(740.29); 233(169.41); 234(704.48); 235(688.91); 236(514.63); 237(290.17); 238(285.96); 239(563.16); 240(752.88); 241(240.67); 242(265.89); 243(567.81); 244(938.47); 245(215.07); 246(400.11); 247(800.2); 249(257.61); 250(600.01); 251(186.14); 252(7.48); 253(188.61); 254(753.95); 255(404.65); 256(331.77); 257(877.36); 258(44.42); 259(186.64); 260(635.7); 261(640.53); 262(647.02); 263(902.43); 264(14.94); 265(54.28); 266(641.95); 267(272.49); 268(744.69); 269(799.87); 270(752.86); 271(285.58); 272(873.44); 273(100.61); 274(794.8); 275(416.24); 276(851.97); 277(64.46); 278(394.97); 279(473.75); 280(410.33); 281(51.6); 282(363.27); 283(177.92); 284(830.29); 285(295.9); 286(417.5); 287(437.34); 288(291.69); 289(640.05); 290(489.15); 291(515.06); 292(498.6); 293(798.7); 294(53.0); 295(447.79); 296(731.38); 297(772.72); 298(591.81); 299(927.36); 300(110.48); 301(164.8); 302(962.83); 303(645.22); 304(340.26); 305(839.95); 306(551.29); 307(650.98); 308(472.48); 309(369.82); 310(929.06); 311(453.41); 312(290.97); 313(625.44); 314(214.81); 315(501.54); 316(164.83); 317(225.06); 318(633.65); 319(499.32); 320(415.18); 321(529.1); 322(863.8); 323(431.45); 324(669.0); 325(306.46); 326(684.62); 327(519.72); 328(170.76); 329(957.74); 330(963.74); 331(514.44); 332(461.88); 333(149.23); 334(117.09); 335(893.28); 336(934.6); 337(63.3); 338(628.1); 339(768.71); 340(545.45); 341(738.17); 342(379.07); 343(771.13); 344(484.46); 345(34.38); 346(271.01); 347(451.38); 348(349.29); 349(43.32); 350(430.36); 351(865.95); 352(893.29); 353(303.69); 354(683.07); 355(733.67); 356(957.6); 357(203.4); 358(347.82); 359(659.53); 360(723.07); 361(509.57); 362(34.89); 363(347.95); 364(483.28); 365(934.51); 366(190.31); 367(791.0); 368(588.28); 369(673.14); 370(536.09); 371(864.67); 372(129.79); 373(472.76); 374(456.52); 375(724.25); 376(798.53); 377(352.83); 378(919.17); 379(806.93); 380(986.52); 381(265.77); 382(424.73); 383(343.8); 384(376.04); 385(402.98); 386(778.4); 387(268.79); 388(630.38); 389(671.75); 390(95.83); 391(67.49); 392(211.36); 393(719.59); 394(118.91); 395(740.01); 396(109.53); 397(66.03); 398(684.6); 399(909.23); 400(203.34); 401(879.58); 402(537.64); 403(56.14); 404(782.03); 405(342.25); 406(880.69); 407(322.59); 408(995.0); 409(448.22); 410(189.09); 411(260.62); 412(116.1); 413(34.09); 414(814.76); 415(958.56); 416(505.7); 417(249.89); 418(49.51); 419(387.65); 420(528.86); 421(756.53); 422(479.07); 423(226.43); 424(524.66); 425(41.77); 426(931.2); 427(140.83); 428(638.47); 429(492.69); 430(538.17); 431(956.42); 432(584.5); 433(220.72); 434(514.86); 435(41.11); 436(511.68); 437(261.61); 438(835.78); 439(560.63); 440(124.17); 441(531.93); 442(212.6); 443(287.56); 444(210.67); 445(930.31); 446(433.58); 447(639.16); 448(330.25); 449(951.9); 450(374.02); 451(610.72); 452(131.32); 453(500.87); 454(764.3); 455(185.03); 456(804.36); 457(768.81); 458(480.91); 459(800.35); 460(839.2); 461(685.34); 462(869.14); 463(16.95); 464(163.19); 465(898.6); 466(765.99); 467(750.49); 468(511.44); 469(720.75); 470(656.71); 471(771.45); 472(246.51); 473(574.76); 474(197.48); 475(706.24); 476(10.17); 477(46.64); 478(774.89); 479(719.43); 480(653.83); 481(971.94); 482(410.3); 483(793.25); 484(597.35); 485(236.03); 486(711.05); 487(513.33); 488(931.91); 489(213.02); 490(321.51); 491(349.02); 492(78.0); 493(432.94); 494(838.56); 495(434.41); 496(558.53); 497(470.99); 498(944.96); 499(23.29),1
249,0(680.84); 1(666.05); 2(824.0); 3(178.24); 4(421.25); 5(505.17); 6(90.44); 7(108.64); 8(612.91); 9(655.28); 10(77.69); 11(272.93); 12(178.09); 13(445.11); 14(383.15); 15(857.08); 16(784.89); 17(32.71); 18(558.74); 19(606.41); 20(991.67); 21(657.75); 22(265.68); 23(963.07); 24(156.71); 25(265.27); 26(93.09); 27(318.49); 28(69.73); 29(768.28); 30(614.58); 31(736.95); 32(398.33); 33(9.7); 34(405.51); 35(433.7); 36(30.92); 37(626.67); 38(420.45); 39(841.22); 40(394.57); 41(711.8); 42(52.21); 43(137.12); 44(907.92); 45(68.87); 46(815.04); 47(72.19); 48(650.41); 49(499.93); 50(48.17); 51(433.99); 52(587.95); 53(999.11); 54(698.25); 55(945.86); 56(11.88); 57(485.01); 58(973.94); 59(690.51); 60(882.51); 61(615.53); 62(877.73); 63(593.09); 64(163.11); 65(157.72); 66(822.87); 67(693.2); 68(199.83); 69(435.84); 70(259.22); 71(21.34); 72(824.25); 73(20.25); 74(317.67); 75(946.11); 76(759.25); 77(11.34); 78(526.42); 79(56.12); 80(274.76); 81(701.47); 82(536.9); 83(939.9); 84(908.93); 85(958.4); 86(290.05); 87(579.76); 88(178.24); 89(665.57); 90(619.53); 91(924.55); 92(780.72); 93(931.25); 94(760.84); 95(616.11); 96(455.64); 97(338.97); 98(390.5); 99(808.04); 100(351.14); 101(369.01); 102(471.79); 103(616.54); 104(787.88); 105(871.4); 106(675.79); 107(209.13); 108(681.51); 109(772.66); 110(505.41); 111(438.6); 112(277.36); 113(76.61); 114(979.94); 115(188.83); 116(866.21); 117(660.93); 118(327.46); 119(306.82); 120(829.58); 121(522.13); 122(683.09); 123(768.5); 124(994.68); 125(956.53); 126(282.1); 127(999.85); 128(262.95); 129(671.98); 130(84.28); 131(96.53); 132(190.41); 133(725.43); 134(629.18); 135(74.03); 136(956.24); 137(867.27); 138(921.54); 139(175.99); 140(432.21); 141(493.87); 142(334.27); 143(83.28); 144(930.78); 145(552.94); 146(327.87); 147(828.33); 148(613.63); 149(957.73); 150(881.6); 151(214.07); 152(421.38); 153(331.16); 154(818.92); 155(757.03); 156(645.61); 157(677.74); 158(172.85); 159(937.96); 160(524.49); 161(995.16); 162(519.07); 163(303.18); 164(827.58); 165(302.63); 166(450.29); 167(217.86); 168(522.5); 169(177.95); 170(53.39); 171(608.06); 172(372.19); 173(957.75); 174(880.32); 175(318.87); 176(388.23); 177(853.11); 178(27.65); 179(62.56); 180(391.3); 181(526.08); 182(138.98); 183(60.66); 184(154.94); 185(607.02); 186(243.47); 187(855.93); 188(451.97); 189(954.89); 190(791.89); 191(570.35); 192(112.89); 193(119.87); 194(375.38); 195(738.3); 196(472.85); 197(984.99); 198(50.7); 199(803.13); 200(478.34); 201(426.13); 202(91.9); 203(732.22); 204(603.03); 205(32.78); 206(356.54); 207(993.59); 208(353.21); 209(828.84); 210(843.29); 211(533.34); 212(484.32); 213(776.11); 214(630.43); 215(508.51); 216(60.52); 217(357.6); 218(695.58); 219(984.17); 220(780.08); 221(740.49); 222(797.13); 223(259.44); 224(471.16); 225(649.79); 226(874.72); 227(672.89); 228(271.0); 229(651.91); 230(311.65); 231(407.6); 232(163.92); 233(57.71); 234(390.12); 235(724.87); 236(109.88); 237(248.76); 238(524.43); 239(785.03); 240(513.9); 241(750.9); 242(828.57); 243(225.18); 244(804.83); 245(795.39); 246(354.59); 247(215.21); 248(257.61); 250(607.84); 251(856.14); 252(770.51); 253(312.84); 254(318.69); 255(30.32); 256(254.35); 257(139.98); 258(536.07); 259(266.16); 260(346.55); 261(467.89); 262(13.18); 263(528.85); 264(176.56); 265(462.46); 266(609.05); 267(381.94); 268(320.7); 269(3.82); 270(188.77); 271(965.62); 272(219.14); 273(739.67); 274(140.63); 275(878.68); 276(625.02); 277(454.87); 278(938.52); 279(321.76); 280(835.43); 281(384.42); 282(699.24); 283(712.13); 284(607.82); 285(363.03); 286(278.22); 287(274.93); 288(292.94); 289(20.84); 290(391.34); 291(850.61); 292(306.96); 293(894.56); 294(482.55); 295(765.7); 296(199.01); 297(642.43); 298(841.51); 299(660.91); 300(320.73); 301(484.77); 302(328.29); 303(987.02); 304(448.76); 305(685.24); 306(100.45); 307(401.69); 308(672.19); 309(406.42); 310(147.45); 311(115.81); 312(602.97); 313(335.16); 314(505.25); 315(607.7); 316(843.58); 317(696.69); 318(427.08); 319(734.68); 320(318.35); 321(79.29); 322(465.42); 323(537.36); 324(341.04); 325(648.63); 326(70.31); 327(547.26); 328(345.96); 329(716.92); 330(112.15); 331(606.32); 332(693.45); 333(622.98); 334(972.53); 335(430.41); 336(818.36); 337(386.06); 338(898.49); 339(446.46); 340(306.88); 341(421.55); 342(307.83); 343(620.95); 344(712.65); 345(810.81); 346(336.24); 347(186.95); 348(350.23); 349(528.21); 350(22.02); 351(616.5); 352(324.93); 353(466.42); 354(402.94); 355(283.11); 356(558.72); 357(196.41); 358(833.69); 359(690.12); 360(629.14); 361(25.65); 362(423.66); 363(375.72); 364(190.58); 365(249.62); 366(65.65); 367(807.96); 368(439.48); 369(905.68); 370(121.52); 371(560.6); 372(118.54); 373(985.04); 374(644.13); 375(886.36); 376(314.42); 377(856.96); 378(46.67); 379(846.5); 380(367.84); 381(721.87); 382(412.98); 383(10.74); 384(1.82); 385(507.79); 386(628.06); 387(455.3); 388(512.03); 389(670.72); 390(92.29); 391(805.83); 392(483.92); 393(404.7); 394(512.21); 395(654.4); 396(897.93); 397(212.39); 398(125.95); 399(647.9); 400(820.3); 401(310.29); 402(148.22); 403(226.2); 404(707.23); 405(879.69); 406(172.79); 407(906.21); 408(184.16); 409(888.17); 410(26.77); 411(584.12); 412(565.02); 413(443.46); 414(675.95); 415(737.85); 416(833.43); 417(875.49); 418(558.26); 419(110.73); 420(215.48); 421(169.32); 422(847.5); 423(108.23); 424(867.53); 425(611.26); 426(37.05); 427(443.67); 428(944.02); 429(889.06); 430(271.93); 431(108.89); 432(999.11); 433(293.76); 434(556.28); 435(269.81); 436(337.95); 437(584.36); 438(896.17); 439(163.6); 440(885.71); 441(817.97); 442(801.02); 443(439.29); 444(827.16); 445(225.54); 446(239.88); 447(799.42); 448(44.33); 449(450.4); 450(611.0); 451(840.29); 452(322.61); 453(253.68); 454(266.81); 455(6.76); 456(838.24); 457(342.99); 458(828.69); 459(72.33); 460(472.05); 461(895.99); 462(245.88); 463(676.02); 464(713.74); 465(451.3); 466(3.36); 467(376.25); 468(757.32); 469(809.83); 470(24.21); 471(412.42); 472(872.64); 473(619.9); 474(451.6); 475(549.32); 476(793.2); 477(965.19); 478(140.69); 479(588.11); 480(761.95); 481(949.18); 482(129.44); 483(25.04); 484(928.25); 485(665.83); 486(781.42); 487(10.06); 488(147.37); 489(441.59); 490(904.96); 491(736.33); 492(956.32); 493(484.9); 494(924.17); 495(505.31); 496(163.63); 497(721.03); 498(233.84); 499(772.17),1
250,0(742.3); 1(385.11); 2(846.57); 3(255.52); 4(790.22); 5(298.68); 6(188.59); 7(551.44); 8(38.02); 9(546.42); 10(902.7); 11(862.92); 12(711.32); 13(780.22); 14(997.79); 15(47.0); 16(999.87); 17(564.82); 18(746.99); 19(872.76); 20(478.38); 21(552.82); 22(725.29); 23(685.83); 24(951.12); 25(875.4); 26(194.85); 27(750.84); 28(530.94); 29(258.13); 30(426.77); 31(729.8); 32(127.28); 33(750.7); 34(355.6); 35(186.7); 36(46.09); 37(884.2); 38(196.1); 39(918.51); 40(855.93); 41(608.0); 42(239.75); 43(647.24); 44(82.26); 45(312.05); 46(244.87); 47(167.12); 48(142.9); 49(309.55); 50(180.42); 51(425.13); 52(71.89); 53(803.58); 54(108.47); 55(805.64); 56(769.5); 57(607.6); 58(457.42); 59(534.33); 60(41.42); 61(540.19); 62(330.86); 63(319.17); 64(782.01); 65(997.48); 66(289.83); 67(358.46); 68(303.53); 69(99.9); 70(746.69); 71(650.91); 72(345.54); 73(146.17); 74(491.21); 75(452.01); 76(758.71); 77(117.0); 78(697.12); 79(554.78); 80(577.88); 81(894.82); 82(813.62); 83(337.03); 84(443.23); 85(557.3); 86(452.91); 87(914.91); 88(947.08); 89(873.12); 90(798.44); 91(105.43); 92(838.84); 93(907.94); 94(92.58); 95(427.4); 96(691.64); 97(338.31); 98(47.56); 99(296.09); 100(382.23); 101(839.55); 102(538.46); 103(990.29); 104(21.99); 105(863.99); 106(35.93); 107(275.16); 108(882.6); 109(778.99); 110(194.67); 111(595.04); 112(620.72); 113(556.95); 114(847.34); 115(640.07); 116(336.71); 117(655.13); 118(253.28); 119(342.59); 120(552.39); 121(861.95); 122(682.02); 123(618.76); 124(108.73); 125(754.43); 126(3.94); 127(717.14); 128(161.51); 129(274.77); 130(7.41); 131(12.7); 132(59.02); 133(908.16); 134(315.66); 135(879.37); 136(442.1); 137(531.46); 138(272.74); 139(867.98); 140(589.61); 141(545.07); 142(5.38); 143(674.46); 144(73.89); 145(500.87); 146(570.04); 147(299.65); 148(924.2); 149(718.44); 150(997.98); 151(610.58); 152(799.43); 153(282.84); 154(822.78); 155(935.6); 156(471.45); 157(7.4); 158(284.87); 159(56.05); 160(769.45); 161(665.98); 162(219.77); 163(455.59); 164(539.72); 165(855.17); 166(216.78); 167(296.06); 168(571.38); 169(479.07); 170(302.42); 171(784.96); 172(981.46); 173(71.33); 174(289.29); 175(231.68); 176(416.14); 177(116.5); 178(904.96); 179(142.3); 180(547.17); 181(111.76); 182(963.64); 183(760.46); 184(828.37); 185(624.63); 186(12.97); 187(952.32); 188(855.62); 189(230.03); 190(548.2); 191(830.3); 192(666.29); 193(554.16); 194(565.39); 195(287.59); 196(645.14); 197(614.51); 198(207.68); 199(298.55); 200(75.53); 201(223.5); 202(614.41); 203(980.23); 204(706.07); 205(520.97); 206(195.4); 207(124.38); 208(527.05); 209(599.29); 210(994.96); 211(68.77); 212(69.96); 213(515.1); 214(74.64); 215(151.12); 216(556.62); 217(59.1); 218(470.44); 219(534.96); 220(669.92); 221(611.08); 222(215.35); 223(28.91); 224(350.69); 225(944.72); 226(582.55); 227(247.63); 228(769.35); 229(318.31); 230(124.33); 231(606.46); 232(323.81); 233(307.33); 234(31.93); 235(894.63); 236(765.17); 237(535.37); 238(210.95); 239(791.85); 240(712.48); 241(105.18); 242(16.05); 243(411.85); 244(164.4); 245(777.14); 246(876.09); 247(428.28); 248(600.01); 249(607.84); 251(448.15); 252(698.82); 253(52.06); 254(392.95); 255(271.54); 256(167.96); 257(596.36); 258(634.05); 259(552.87); 260(311.73); 261(668.84); 262(105.01); 263(381.94); 264(725.85); 265(825.13); 266(12.68); 267(292.47); 268(344.39); 269(486.97); 270(698.68); 271(414.93); 272(733.48); 273(282.81); 274(948.48); 275(441.88); 276(178.62); 277(718.47); 278(543.72); 279(722.91); 280(339.59); 281(6.3); 282(652.95); 283(605.5); 284(702.19); 285(879.14); 286(798.73); 287(156.85); 288(303.27); 289(881.22); 290(586.19); 291(438.1); 292(894.65); 293(55.96); 294(742.4); 295(999.63); 296(488.81); 297(38.46); 298(48.19); 299(80.03); 300(484.7); 301(376.1); 302(30.26); 303(504.51); 304(664.2); 305(628.65); 306(92.83); 307(780.22); 308(766.93); 309(605.79); 310(604.59); 311(891.14); 312(789.22); 313(761.02); 314(539.13); 315(390.95); 316(268.58); 317(501.6); 318(730.27); 319(948.51); 320(860.72); 321(877.72); 322(405.35); 323(761.37); 324(765.08); 325(664.88); 326(486.47); 327(75.91); 328(941.9); 329(596.47); 330(902.0); 331(658.89); 332(975.47); 333(114.62); 334(837.78); 335(254.74); 336(709.15); 337(333.23); 338(287.05); 339(572.97); 340(556.2); 341(746.67); 342(449.99); 343(394.31); 344(52.0); 345(348.58); 346(966.93); 347(989.03); 348(307.32); 349(882.29); 350(699.65); 351(777.66); 352(498.55); 353(926.64); 354(619.25); 355(673.3); 356(27.75); 357(745.0); 358(527.61); 359(425.57); 360(591.46); 361(308.62); 362(74.67); 363(71.11); 364(545.15); 365(570.54); 366(440.33); 367(992.67); 368(849.21); 369(653.53); 370(723.44); 371(614.47); 372(322.24); 373(29.81); 374(507.95); 375(479.09); 376(385.9); 377(210.09); 378(493.06); 379(630.09); 380(521.15); 381(424.43); 382(96.54); 383(853.89); 384(628.11); 385(814.35); 386(259.37); 387(163.19); 388(413.85); 389(323.7); 390(846.99); 391(523.24); 392(544.13); 393(578.89); 394(603.52); 395(628.74); 396(745.2); 397(290.5); 398(33.76); 399(872.39); 400(758.44); 401(986.99); 402(540.15); 403(386.7); 404(881.08); 405(357.72); 406(552.44); 407(136.13); 408(507.3); 409(886.84); 410(145.26); 411(100.29); 412(572.84); 413(124.41); 414(86.85); 415(905.67); 416(861.07); 417(325.24); 418(379.28); 419(583.21); 420(754.78); 421(765.01); 422(710.03); 423(548.57); 424(68.71); 425(776.04); 426(690.95); 427(227.9); 428(608.92); 429(274.22); 430(1.89); 431(653.1); 432(46.22); 433(115.57); 434(851.83); 435(489.56); 436(568.02); 437(312.16); 438(396.31); 439(160.76); 440(157.86); 441(412.46); 442(170.9); 443(158.42); 444(493.34); 445(102.51); 446(233.75); 447(47.32); 448(965.23); 449(418.46); 450(742.75); 451(621.45); 452(566.87); 453(941.44); 454(863.05); 455(888.31); 456(315.45); 457(569.22); 458(75.06); 459(929.75); 460(16.65); 461(693.88); 462(243.62); 463(410.66); 464(78.65); 465(908.44); 466(734.66); 467(619.09); 468(909.33); 469(734.38); 470(983.82); 471(475.6); 472(640.48); 473(213.36); 474(293.89); 475(594.19); 476(108.89); 477(383.88); 478(772.01); 479(831.31); 480(755.5); 481(57.22); 482(701.44); 483(586.57); 484(529.45); 485(102.39); 486(280.0); 487(980.53); 488(362.54); 489(228.34); 490(999.06); 491(3.39); 492(463.82); 493(593.82); 494(178.44); 495(528.94); 496(127.33); 497(867.53); 498(984.37); 499(503.15),1
251,0(771.39); 1(891.92); 2(608.6); 3(113.91); 4(589.23); 5(589.05); 6(651.3); 7(895.16); 8(367.12); 9(509.45); 10(284.71); 11(752.33); 12(612.56); 13(208.44); 14(919.25); 15(571.78); 16(389.37); 17(879.38); 18(541.29); 19(12.29); 20(836.14); 21(467.81); 22(978.4); 23(189.08); 24(981.27); 25(473.12); 26(663.42); 27(488.82); 28(551.19); 29(529.31); 30(403.92); 31(542.73); 32(545.35); 33(984.21); 34(46.54); 35(282.1); 36(422.53); 37(499.1); 38(453.59); 39(825.14); 40(282.25); 41(33.03); 42(293.74); 43(545.67); 44(793.75); 45(62.33); 46(261.27); 47(524.07); 48(2.58); 49(601.69); 50(953.89); 51(863.39); 52(128.23); 53(784.56); 54(450.87); 55(283.99); 56(175.63); 57(4.0); 58(454.19); 59(215.72); 60(883.92); 61(946.94); 62(735.4); 63(832.83); 64(141.52); 65(541.47); 66(610.22); 67(165.11); 68(565.53); 69(421.91); 70(933.01); 71(298.73); 72(669.52); 73(786.39); 74(199.76); 75(91.16); 76(326.34); 77(465.03); 78(785.76); 79(456.15); 80(561.8); 81(658.83); 82(434.38); 83(196.14); 84(833.33); 85(144.17); 86(183.89); 87(366.44); 88(286.04); 89(183.74); 90(500.84); 91(82.76); 92(310.37); 93(545.63); 94(739.01); 95(816.6); 96(856.77); 97(859.08); 98(568.11); 99(200.92); 100(293.29); 101(37.96); 102(475.97); 103(252.67); 104(514.6); 105(145.18); 106(10.64); 107(390.55); 108(355.55); 109(252.32); 110(230.39); 111(179.23); 112(905.0); 113(627.09); 114(153.8); 115(277.8); 116(401.8); 117(226.91); 118(561.27); 119(346.87); 120(946.65); 121(965.79); 122(941.77); 123(334.98); 124(73.67); 125(63.64); 126(825.16); 127(170.51); 128(191.83); 129(13.22); 130(889.5); 131(823.0); 132(730.17); 133(903.26); 134(968.96); 135(172.2); 136(412.03); 137(124.15); 138(649.25); 139(178.3); 140(929.75); 141(522.22); 142(851.38); 143(85.18); 144(93.78); 145(437.0); 146(415.62); 147(962.79); 148(871.39); 149(370.57); 150(341.06); 151(783.19); 152(245.63); 153(684.2); 154(211.37); 155(847.74); 156(929.21); 157(287.04); 158(584.63); 159(131.82); 160(566.87); 161(200.46); 162(967.03); 163(920.01); 164(940.62); 165(153.74); 166(780.17); 167(24.81); 168(83.29); 169(174.52); 170(247.05); 171(320.72); 172(221.18); 173(290.34); 174(833.51); 175(697.86); 176(800.07); 177(375.43); 178(87.69); 179(2.61); 180(439.28); 181(432.93); 182(517.61); 183(666.96); 184(238.75); 185(615.59); 186(281.85); 187(669.79); 188(782.29); 189(669.69); 190(365.24); 191(829.74); 192(502.09); 193(571.57); 194(554.58); 195(590.1); 196(641.88); 197(369.35); 198(189.09); 199(744.01); 200(19.48); 201(427.21); 202(882.64); 203(49.99); 204(109.5); 205(866.96); 206(992.56); 207(193.01); 208(560.48); 209(408.96); 210(247.46); 211(584.73); 212(256.75); 213(184.34); 214(979.12); 215(620.65); 216(97.33); 217(776.24); 218(650.8); 219(525.9); 220(995.03); 221(859.33); 222(734.49); 223(716.87); 224(60.65); 225(665.29); 226(872.44); 227(420.74); 228(229.1); 229(557.93); 230(893.96); 231(839.87); 232(126.64); 233(445.49); 234(750.17); 235(129.42); 236(769.92); 237(247.82); 238(975.78); 239(933.87); 240(14.89); 241(748.36); 242(205.09); 243(991.31); 244(870.33); 245(235.76); 246(511.51); 247(174.64); 248(186.14); 249(856.14); 250(448.15); 252(839.1); 253(889.8); 254(302.9); 255(488.16); 256(747.37); 257(611.54); 258(935.39); 259(251.22); 260(179.6); 261(358.21); 262(17.25); 263(76.46); 264(687.67); 265(304.6); 266(857.72); 267(800.51); 268(199.54); 269(921.56); 270(726.81); 271(458.8); 272(68.95); 273(712.77); 274(190.28); 275(10.1); 276(974.52); 277(317.71); 278(249.02); 279(725.07); 280(465.49); 281(645.76); 282(424.78); 283(462.26); 284(680.29); 285(850.77); 286(19.66); 287(271.06); 288(604.35); 289(246.56); 290(360.79); 291(206.83); 292(974.91); 293(374.08); 294(96.52); 295(674.69); 296(964.57); 297(129.7); 298(968.45); 299(65.61); 300(459.54); 301(953.69); 302(176.29); 303(997.59); 304(648.05); 305(939.58); 306(585.87); 307(412.83); 308(41.29); 309(653.05); 310(131.19); 311(269.05); 312(52.35); 313(982.09); 314(74.62); 315(940.18); 316(5.21); 317(176.47); 318(85.6); 319(259.13); 320(973.88); 321(974.05); 322(381.26); 323(578.45); 324(454.71); 325(165.01); 326(186.92); 327(395.16); 328(433.51); 329(268.96); 330(84.16); 331(956.65); 332(987.47); 333(385.35); 334(703.59); 335(486.87); 336(878.89); 337(314.93); 338(893.44); 339(512.01); 340(584.98); 341(757.5); 342(815.52); 343(951.33); 344(977.48); 345(741.08); 346(393.77); 347(105.12); 348(641.82); 349(513.12); 350(413.9); 351(613.71); 352(701.42); 353(491.66); 354(107.42); 355(497.77); 356(969.04); 357(173.15); 358(382.06); 359(6.35); 360(411.45); 361(271.62); 362(384.99); 363(681.67); 364(229.46); 365(779.14); 366(298.47); 367(701.28); 368(479.5); 369(959.77); 370(390.38); 371(72.51); 372(542.5); 373(728.98); 374(996.29); 375(746.73); 376(37.55); 377(913.97); 378(266.67); 379(853.87); 380(942.98); 381(64.06); 382(702.0); 383(839.79); 384(937.01); 385(521.84); 386(934.07); 387(356.28); 388(529.42); 389(62.35); 390(156.78); 391(380.71); 392(414.68); 393(48.34); 394(889.4); 395(515.87); 396(54.0); 397(775.62); 398(99.98); 399(461.98); 400(888.18); 401(707.55); 402(24.27); 403(98.66); 404(540.94); 405(553.62); 406(86.62); 407(284.3); 408(334.39); 409(639.45); 410(283.22); 411(482.94); 412(715.09); 413(568.69); 414(151.22); 415(442.61); 416(759.91); 417(6.4); 418(763.03); 419(698.87); 420(130.66); 421(13.84); 422(322.36); 423(450.37); 424(964.85); 425(415.63); 426(424.14); 427(273.79); 428(446.4); 429(543.8); 430(514.98); 431(111.82); 432(534.64); 433(476.19); 434(45.1); 435(463.85); 436(262.76); 437(491.36); 438(438.65); 439(103.19); 440(750.9); 441(374.64); 442(755.43); 443(807.67); 444(629.53); 445(149.04); 446(800.12); 447(883.19); 448(118.56); 449(931.09); 450(462.84); 451(663.87); 452(382.98); 453(16.93); 454(956.51); 455(894.39); 456(924.9); 457(437.91); 458(452.41); 459(481.98); 460(121.84); 461(589.39); 462(223.0); 463(511.44); 464(632.95); 465(898.96); 466(640.33); 467(234.17); 468(185.5); 469(272.67); 470(271.83); 471(385.83); 472(371.03); 473(432.38); 474(369.34); 475(317.67); 476(343.04); 477(574.62); 478(929.13); 479(390.71); 480(522.25); 481(4.75); 482(190.75); 483(155.9); 484(880.69); 485(83.99); 486(403.53); 487(217.17); 488(58.6); 489(75.46); 490(158.23); 491(686.52); 492(294.28); 493(859.0); 494(580.75); 495(679.85); 496(839.86); 497(148.06); 498(144.31); 499(681.64),1
252,0(611.44); 1(548.31); 2(284.02); 3(743.17); 4(570.07); 5(851.44); 6(40.4); 7(694.87); 8(202.61); 9(576.21); 10(513.51); 11(807.85); 12(238.46); 13(601.56); 14(64.62); 15(377.14); 16(566.82); 17(758.01); 18(695.29); 19(729.62); 20(923.22); 21(271.81); 22(184.2); 23(386.23); 24(414.08); 25(956.97); 26(842.61); 27(611.68); 28(422.09); 29(628.52); 30(356.17); 31(721.08); 32(623.41); 33(866.37); 34(418.17); 35(189.54); 36(848.59); 37(731.33); 38(550.5); 39(620.45); 40(965.5); 41(288.62); 42(304.32); 43(628.83); 44(728.78); 45(943.06); 46(684.94); 47(953.29); 48(399.5); 49(450.13); 50(804.18); 51(921.14); 52(503.11); 53(461.98); 54(123.02); 55(938.33); 56(788.16); 57(712.51); 58(326.51); 59(574.0); 60(453.04); 61(992.56); 62(212.13); 63(778.79); 64(849.71); 65(101.83); 66(441.79); 67(986.27); 68(178.86); 69(180.21); 70(911.46); 71(463.1); 72(370.26); 73(631.72); 74(544.31); 75(212.87); 76(853.62); 77(71.99); 78(465.27); 79(754.05); 80(309.51); 81(155.35); 82(581.15); 83(255.52); 84(121.96); 85(164.72); 86(316.92); 87(632.14); 88(468.03); 89(155.4); 90(575.76); 91(588.26); 92(15.0); 93(265.52); 94(53.54); 95(340.86); 96(512.86); 97(349.54); 98(367.4); 99(268.35); 100(847.35); 101(81.55); 102(684.42); 103(55.14); 104(570.35); 105(639.68); 106(894.19); 107(681.67); 108(83.04); 109(913.87); 110(995.76); 111(281.67); 112(539.2); 113(777.42); 114(942.38); 115(400.36); 116(684.4); 117(175.0); 118(283.45); 119(599.88); 120(96.01); 121(708.22); 122(912.75); 123(356.26); 124(117.52); 125(22.89); 126(843.02); 127(698.51); 128(843.73); 129(607.81); 130(34.97); 131(129.4); 132(926.1); 133(969.41); 134(481.3); 135(811.41); 136(356.05); 137(583.36); 138(376.36); 139(656.18); 140(364.66); 141(732.37); 142(255.76); 143(733.42); 144(245.78); 145(252.34); 146(692.34); 147(584.86); 148(471.52); 149(621.89); 150(115.44); 151(180.58); 152(673.83); 153(980.13); 154(302.96); 155(470.43); 156(357.15); 157(202.15); 158(986.59); 159(800.59); 160(110.67); 161(610.46); 162(319.52); 163(867.21); 164(615.03); 165(518.56); 166(494.83); 167(60.58); 168(83.77); 169(635.3); 170(544.47); 171(913.01); 172(183.61); 173(909.98); 174(526.66); 175(755.82); 176(608.54); 177(195.12); 178(721.46); 179(919.43); 180(825.79); 181(566.08); 182(139.02); 183(80.72); 184(761.78); 185(907.59); 186(691.95); 187(488.66); 188(902.48); 189(372.79); 190(452.63); 191(404.75); 192(397.57); 193(382.04); 194(647.91); 195(675.36); 196(267.59); 197(473.51); 198(897.78); 199(318.19); 200(258.72); 201(818.08); 202(793.85); 203(871.51); 204(455.36); 205(552.91); 206(456.96); 207(647.95); 208(479.17); 209(642.46); 210(621.55); 211(621.35); 212(591.08); 213(246.31); 214(166.46); 215(794.64); 216(648.83); 217(274.11); 218(191.21); 219(388.62); 220(51.0); 221(26.4); 222(443.24); 223(881.29); 224(783.27); 225(370.11); 226(287.11); 227(629.15); 228(140.48); 229(471.46); 230(392.75); 231(77.14); 232(742.35); 233(546.66); 234(49.7); 235(802.11); 236(723.4); 237(186.72); 238(203.26); 239(505.75); 240(955.49); 241(439.16); 242(751.6); 243(799.44); 244(822.78); 245(294.13); 246(373.32); 247(558.96); 248(7.48); 249(770.51); 250(698.82); 251(839.1); 253(349.96); 254(68.39); 255(949.4); 256(397.71); 257(971.88); 258(936.42); 259(530.01); 260(489.22); 261(831.07); 262(196.39); 263(810.27); 264(917.16); 265(594.55); 266(517.59); 267(69.43); 268(957.67); 269(174.69); 270(496.97); 271(290.72); 272(527.38); 273(370.01); 274(288.47); 275(861.49); 276(698.35); 277(395.55); 278(690.59); 279(142.76); 280(470.55); 281(704.94); 282(482.35); 283(727.21); 284(561.26); 285(252.56); 286(706.4); 287(46.71); 288(285.08); 289(961.89); 290(242.5); 291(42.72); 292(737.1); 293(368.23); 294(337.78); 295(753.09); 296(507.1); 297(733.62); 298(916.0); 299(409.93); 300(372.18); 301(970.56); 302(54.74); 303(128.78); 304(959.53); 305(677.89); 306(225.21); 307(32.17); 308(44.88); 309(182.66); 310(47.81); 311(863.07); 312(818.36); 313(165.88); 314(649.16); 315(854.25); 316(584.44); 317(25.57); 318(77.45); 319(803.71); 320(383.03); 321(734.14); 322(828.37); 323(807.78); 324(518.08); 325(152.93); 326(746.8); 327(412.13); 328(667.46); 329(756.55); 330(663.81); 331(441.19); 332(448.52); 333(52.04); 334(536.55); 335(795.56); 336(67.69); 337(84.12); 338(997.17); 339(242.5); 340(519.5); 341(217.48); 342(394.63); 343(569.78); 344(857.63); 345(909.8); 346(262.02); 347(206.67); 348(289.07); 349(713.2); 350(982.5); 351(698.32); 352(432.11); 353(442.6); 354(502.24); 355(671.99); 356(97.77); 357(188.63); 358(886.81); 359(283.77); 360(264.54); 361(903.3); 362(753.83); 363(381.7); 364(896.7); 365(204.5); 366(582.35); 367(404.31); 368(333.7); 369(743.65); 370(841.38); 371(491.86); 372(362.11); 373(409.85); 374(334.4); 375(924.42); 376(23.69); 377(302.78); 378(672.23); 379(804.85); 380(797.43); 381(773.68); 382(396.45); 383(280.8); 384(235.69); 385(89.39); 386(832.02); 387(681.87); 388(914.77); 389(776.65); 390(731.45); 391(810.06); 392(506.58); 393(305.57); 394(171.39); 395(768.64); 396(834.74); 397(518.6); 398(556.43); 399(747.92); 400(738.83); 401(723.65); 402(929.57); 403(994.28); 404(376.85); 405(93.53); 406(71.58); 407(820.23); 408(782.71); 409(876.88); 410(180.52); 411(241.87); 412(749.16); 413(866.62); 414(18.17); 415(216.41); 416(877.02); 417(160.9); 418(824.61); 419(325.06); 420(917.64); 421(685.09); 422(422.47); 423(993.81); 424(984.56); 425(535.2); 426(69.59); 427(850.07); 428(392.32); 429(483.61); 430(500.95); 431(105.97); 432(846.27); 433(312.37); 434(635.74); 435(786.41); 436(945.89); 437(635.82); 438(719.89); 439(130.54); 440(969.84); 441(334.26); 442(629.82); 443(704.4); 444(998.45); 445(917.97); 446(627.53); 447(736.99); 448(246.97); 449(862.87); 450(169.82); 451(789.72); 452(526.85); 453(676.77); 454(839.33); 455(742.99); 456(598.7); 457(861.31); 458(955.81); 459(641.1); 460(569.23); 461(727.11); 462(935.85); 463(146.08); 464(502.24); 465(476.49); 466(143.8); 467(509.75); 468(64.21); 469(778.93); 470(325.28); 471(801.87); 472(133.84); 473(34.95); 474(545.62); 475(449.55); 476(557.98); 477(664.31); 478(32.35); 479(120.46); 480(152.89); 481(17.97); 482(745.03); 483(137.34); 484(951.64); 485(560.04); 486(485.46); 487(611.93); 488(819.37); 489(421.87); 490(778.85); 491(902.22); 492(421.99); 493(245.21); 494(869.48); 495(74.63); 496(181.5); 497(323.31); 498(839.96); 499(326.33),1
253,0(682.92); 1(741.81); 2(58.46); 3(575.16); 4(716.42); 5(669.03); 6(468.32); 7(953.71); 8(577.55); 9(301.19); 10(183.65); 11(531.97); 12(741.62); 13(70.56); 14(943.5); 15(32.95); 16(790.45); 17(913.47); 18(850.35); 19(780.66); 20(486.6); 21(946.72); 22(792.19); 23(45.75); 24(362.44); 25(562.51); 26(378.09); 27(428.82); 28(800.34); 29(721.83); 30(52.62); 31(243.02); 32(888.3); 33(205.08); 34(193.76); 35(931.12); 36(376.22); 37(435.26); 38(337.27); 39(250.18); 40(582.34); 41(185.09); 42(780.59); 43(419.75); 44(472.16); 45(700.96); 46(719.92); 47(396.67); 48(489.91); 49(568.11); 50(388.76); 51(235.01); 52(556.62); 53(525.89); 54(294.03); 55(238.43); 56(730.68); 57(866.19); 58(387.23); 59(350.17); 60(451.11); 61(25.54); 62(190.73); 63(175.28); 64(412.29); 65(552.5); 66(112.36); 67(376.96); 68(403.11); 69(719.0); 70(713.42); 71(161.11); 72(432.42); 73(704.82); 74(420.46); 75(269.43); 76(500.53); 77(376.36); 78(526.03); 79(215.28); 80(705.47); 81(473.79); 82(512.81); 83(863.86); 84(391.15); 85(264.34); 86(690.15); 87(642.98); 88(215.97); 89(664.89); 90(716.99); 91(835.51); 92(387.67); 93(793.31); 94(448.6); 95(340.44); 96(960.87); 97(397.57); 98(948.22); 99(679.59); 100(688.62); 101(693.74); 102(831.13); 103(1.19); 104(256.51); 105(836.78); 106(903.85); 107(818.38); 108(49.07); 109(641.68); 110(729.17); 111(569.03); 112(237.65); 113(408.79); 114(612.94); 115(464.23); 116(323.47); 117(415.88); 118(356.21); 119(154.19); 120(857.53); 121(356.1); 122(295.38); 123(442.86); 124(971.85); 125(315.05); 126(891.3); 127(328.82); 128(498.18); 129(777.88); 130(703.9); 131(408.45); 132(611.36); 133(541.51); 134(160.72); 135(388.18); 136(747.16); 137(261.67); 138(440.64); 139(739.36); 140(14.64); 141(475.85); 142(148.31); 143(292.45); 144(909.25); 145(595.09); 146(26.47); 147(282.24); 148(403.52); 149(172.65); 150(754.69); 151(1.02); 152(466.99); 153(674.55); 154(235.77); 155(577.95); 156(725.43); 157(762.37); 158(655.4); 159(985.9); 160(578.36); 161(742.64); 162(209.3); 163(836.8); 164(894.88); 165(178.23); 166(787.62); 167(970.09); 168(546.86); 169(863.8); 170(601.98); 171(713.06); 172(506.72); 173(349.79); 174(652.0); 175(890.95); 176(88.19); 177(675.06); 178(972.32); 179(894.01); 180(756.84); 181(821.99); 182(518.86); 183(920.92); 184(969.77); 185(114.31); 186(776.11); 187(432.01); 188(945.41); 189(107.28); 190(514.02); 191(92.27); 192(539.62); 193(308.42); 194(277.92); 195(207.27); 196(669.52); 197(681.85); 198(615.6); 199(509.36); 200(362.63); 201(678.14); 202(823.81); 203(705.18); 204(742.98); 205(36.06); 206(677.84); 207(828.08); 208(850.79); 209(842.52); 210(264.59); 211(27.49); 212(491.59); 213(31.49); 214(76.86); 215(712.83); 216(855.57); 217(347.85); 218(625.78); 219(235.38); 220(629.75); 221(416.47); 222(236.08); 223(344.14); 224(819.6); 225(493.48); 226(579.72); 227(585.54); 228(855.32); 229(531.93); 230(131.36); 231(404.24); 232(741.74); 233(966.32); 234(47.3); 235(384.02); 236(357.39); 237(861.05); 238(946.99); 239(769.34); 240(423.49); 241(680.43); 242(434.12); 243(358.38); 244(535.82); 245(587.03); 246(92.0); 247(647.75); 248(188.61); 249(312.84); 250(52.06); 251(889.8); 252(349.96); 254(784.26); 255(832.2); 256(96.94); 257(332.59); 258(927.69); 259(215.72); 260(87.82); 261(481.63); 262(233.42); 263(770.19); 264(189.43); 265(81.24); 266(682.3); 267(782.03); 268(376.96); 269(120.91); 270(40.6); 271(156.11); 272(579.87); 273(714.26); 274(887.59); 275(436.78); 276(727.77); 277(652.3); 278(154.12); 279(182.64); 280(910.53); 281(956.22); 282(161.46); 283(13.27); 284(450.18); 285(420.5); 286(388.37); 287(616.27); 288(359.97); 289(698.53); 290(691.64); 291(909.67); 292(979.2); 293(535.78); 294(896.12); 295(732.35); 296(138.81); 297(414.15); 298(917.43); 299(797.88); 300(466.96); 301(909.07); 302(451.19); 303(416.14); 304(209.74); 305(803.69); 306(205.84); 307(689.81); 308(539.74); 309(335.78); 310(801.71); 311(820.04); 312(672.57); 313(398.95); 314(263.91); 315(205.34); 316(895.98); 317(512.36); 318(216.17); 319(504.81); 320(761.24); 321(143.62); 322(897.74); 323(506.58); 324(5.61); 325(396.97); 326(504.94); 327(278.88); 328(98.99); 329(270.24); 330(301.68); 331(727.53); 332(266.69); 333(824.29); 334(117.16); 335(304.89); 336(111.64); 337(776.2); 338(928.51); 339(986.63); 340(538.82); 341(885.48); 342(775.69); 343(547.26); 344(495.7); 345(391.22); 346(912.08); 347(39.69); 348(824.91); 349(638.96); 350(958.15); 351(59.41); 352(618.21); 353(94.28); 354(189.79); 355(657.02); 356(600.03); 357(800.0); 358(477.49); 359(837.04); 360(305.6); 361(291.95); 362(579.21); 363(685.29); 364(320.78); 365(990.75); 366(853.96); 367(649.24); 368(387.48); 369(457.38); 370(904.38); 371(568.64); 372(511.76); 373(905.55); 374(249.35); 375(102.34); 376(690.97); 377(772.61); 378(737.71); 379(180.36); 380(939.37); 381(499.29); 382(959.05); 383(938.67); 384(680.71); 385(479.96); 386(721.0); 387(261.28); 388(88.66); 389(792.52); 390(540.81); 391(826.99); 392(539.15); 393(481.04); 394(531.76); 395(866.04); 396(436.58); 397(702.03); 398(607.98); 399(652.98); 400(510.58); 401(785.31); 402(606.42); 403(252.71); 404(674.89); 405(388.2); 406(285.89); 407(518.05); 408(874.42); 409(555.69); 410(131.79); 411(402.75); 412(211.18); 413(153.07); 414(648.48); 415(845.01); 416(140.6); 417(567.65); 418(163.62); 419(275.53); 420(753.82); 421(376.16); 422(583.74); 423(662.96); 424(677.01); 425(155.05); 426(585.35); 427(173.56); 428(446.99); 429(417.31); 430(922.65); 431(214.61); 432(430.9); 433(607.41); 434(455.39); 435(519.72); 436(825.25); 437(993.84); 438(339.21); 439(977.32); 440(41.24); 441(2.24); 442(956.77); 443(766.64); 444(416.45); 445(22.71); 446(67.95); 447(204.42); 448(141.74); 449(805.4); 450(939.08); 451(824.99); 452(788.15); 453(326.68); 454(230.09); 455(346.36); 456(843.17); 457(469.76); 458(864.59); 459(792.26); 460(860.4); 461(168.14); 462(601.64); 463(999.34); 464(491.8); 465(571.69); 466(198.14); 467(680.88); 468(366.57); 469(49.88); 470(8.73); 471(522.27); 472(624.07); 473(971.13); 474(402.78); 475(666.65); 476(78.64); 477(387.16); 478(647.82); 479(14.79); 480(622.35); 481(227.24); 482(900.05); 483(168.24); 484(263.29); 485(142.48); 486(115.57); 487(353.26); 488(134.8); 489(504.46); 490(83.48); 491(197.97); 492(739.17); 493(458.39); 494(466.75); 495(67.05); 496(252.97); 497(280.94); 498(979.53); 499(775.03),1
254,0(6.41); 1(726.27); 2(265.29); 3(201.51); 4(3.7); 5(909.27); 6(272.66); 7(790.51); 8(151.17); 9(65.32); 10(543.85); 11(637.7); 12(523.5); 13(502.42); 14(990.95); 15(653.86); 16(106.59); 17(406.19); 18(472.81); 19(868.12); 20(373.03); 21(833.12); 22(685.7); 23(471.81); 24(304.48); 25(777.37); 26(740.67); 27(537.5); 28(476.69); 29(567.59); 30(806.77); 31(4.93); 32(612.12); 33(513.31); 34(850.21); 35(119.99); 36(794.89); 37(174.12); 38(515.99); 39(285.81); 40(289.68); 41(457.88); 42(799.44); 43(446.57); 44(71.61); 45(729.53); 46(639.47); 47(931.13); 48(592.69); 49(395.86); 50(150.81); 51(676.98); 52(777.45); 53(342.37); 54(227.08); 55(536.33); 56(990.01); 57(828.48); 58(639.05); 59(234.74); 60(193.04); 61(862.73); 62(211.75); 63(852.05); 64(333.34); 65(90.48); 66(846.55); 67(206.09); 68(58.43); 69(139.22); 70(918.44); 71(322.98); 72(42.5); 73(568.25); 74(302.5); 75(126.72); 76(525.91); 77(321.08); 78(712.84); 79(491.06); 80(904.8); 81(895.79); 82(232.84); 83(151.43); 84(595.11); 85(631.39); 86(49.93); 87(121.62); 88(613.96); 89(325.65); 90(600.12); 91(349.39); 92(275.71); 93(858.84); 94(828.7); 95(57.18); 96(156.92); 97(461.55); 98(470.03); 99(961.16); 100(921.49); 101(929.85); 102(150.1); 103(801.75); 104(890.86); 105(933.29); 106(586.29); 107(47.74); 108(884.52); 109(250.84); 110(570.61); 111(517.97); 112(818.52); 113(971.82); 114(227.25); 115(817.35); 116(819.91); 117(751.79); 118(724.1); 119(394.83); 120(357.91); 121(66.94); 122(74.0); 123(242.4); 124(764.65); 125(780.66); 126(911.76); 127(610.76); 128(452.26); 129(600.37); 130(231.03); 131(143.41); 132(390.82); 133(322.7); 134(388.07); 135(574.27); 136(965.58); 137(38.62); 138(635.42); 139(667.6); 140(20.0); 141(865.68); 142(547.13); 143(555.78); 144(451.52); 145(410.79); 146(193.53); 147(127.77); 148(428.55); 149(519.75); 150(8.45); 151(680.27); 152(294.57); 153(255.85); 154(659.57); 155(635.2); 156(280.61); 157(720.29); 158(292.48); 159(729.03); 160(278.33); 161(558.25); 162(565.11); 163(54.21); 164(127.59); 165(102.46); 166(333.99); 167(513.17); 168(883.01); 169(575.34); 170(429.13); 171(51.06); 172(949.41); 173(499.36); 174(91.48); 175(810.75); 176(860.51); 177(885.57); 178(538.57); 179(613.94); 180(600.57); 181(733.36); 182(665.69); 183(474.02); 184(92.14); 185(474.63); 186(605.02); 187(780.58); 188(361.07); 189(324.73); 190(966.46); 191(738.39); 192(448.93); 193(481.09); 194(740.89); 195(66.77); 196(637.44); 197(283.37); 198(612.56); 199(848.45); 200(915.66); 201(485.03); 202(143.52); 203(813.99); 204(219.61); 205(609.64); 206(976.76); 207(323.09); 208(172.56); 209(975.32); 210(451.2); 211(316.73); 212(31.72); 213(697.27); 214(774.85); 215(882.37); 216(712.01); 217(102.22); 218(572.28); 219(187.76); 220(451.27); 221(155.83); 222(246.75); 223(606.31); 224(641.18); 225(878.1); 226(371.84); 227(49.7); 228(509.71); 229(739.07); 230(768.68); 231(592.02); 232(877.57); 233(284.37); 234(796.82); 235(563.43); 236(68.42); 237(244.12); 238(17.0); 239(781.1); 240(235.46); 241(483.98); 242(752.87); 243(821.95); 244(231.9); 245(511.16); 246(709.5); 247(607.17); 248(753.95); 249(318.69); 250(392.95); 251(302.9); 252(68.39); 253(784.26); 255(425.09); 256(20.55); 257(4.11); 258(196.36); 259(226.32); 260(613.95); 261(2.09); 262(49.06); 263(587.67); 264(809.78); 265(224.91); 266(867.49); 267(24.44); 268(100.74); 269(72.73); 270(616.94); 271(88.58); 272(689.4); 273(742.16); 274(749.91); 275(153.59); 276(396.07); 277(391.18); 278(170.2); 279(282.69); 280(89.42); 281(43.48); 282(13.36); 283(423.73); 284(207.98); 285(712.12); 286(849.61); 287(234.7); 288(127.19); 289(129.91); 290(797.03); 291(330.08); 292(480.47); 293(399.62); 294(189.4); 295(287.33); 296(5.2); 297(868.77); 298(820.14); 299(21.7); 300(245.25); 301(278.57); 302(388.2); 303(185.81); 304(168.77); 305(62.18); 306(976.79); 307(125.27); 308(485.96); 309(904.2); 310(722.4); 311(340.45); 312(680.25); 313(209.11); 314(742.61); 315(856.52); 316(517.29); 317(693.08); 318(626.28); 319(862.61); 320(463.24); 321(325.58); 322(657.94); 323(575.11); 324(716.92); 325(580.67); 326(298.63); 327(688.57); 328(323.14); 329(471.92); 330(921.35); 331(56.43); 332(457.38); 333(737.57); 334(755.98); 335(648.14); 336(695.92); 337(976.88); 338(175.5); 339(142.08); 340(243.63); 341(505.66); 342(296.85); 343(473.89); 344(151.52); 345(732.66); 346(266.57); 347(348.75); 348(525.79); 349(128.58); 350(619.17); 351(453.03); 352(938.73); 353(826.13); 354(436.17); 355(907.39); 356(880.95); 357(582.75); 358(967.97); 359(275.06); 360(400.92); 361(765.11); 362(116.21); 363(129.92); 364(482.11); 365(734.49); 366(725.56); 367(511.97); 368(902.37); 369(153.56); 370(589.14); 371(681.09); 372(898.3); 373(551.02); 374(909.89); 375(620.16); 376(443.36); 377(579.06); 378(260.47); 379(57.97); 380(250.72); 381(686.73); 382(623.79); 383(511.84); 384(450.77); 385(97.36); 386(462.58); 387(642.88); 388(233.45); 389(157.72); 390(294.51); 391(909.3); 392(655.23); 393(164.51); 394(616.72); 395(810.58); 396(882.83); 397(105.21); 398(585.07); 399(241.52); 400(107.17); 401(579.06); 402(607.57); 403(374.67); 404(603.18); 405(92.54); 406(512.77); 407(901.91); 408(85.78); 409(950.78); 410(19.61); 411(931.37); 412(117.15); 413(147.7); 414(951.13); 415(816.1); 416(243.97); 417(731.69); 418(563.56); 419(500.47); 420(623.22); 421(165.75); 422(852.56); 423(710.04); 424(481.25); 425(552.55); 426(816.4); 427(523.15); 428(367.15); 429(538.07); 430(457.21); 431(170.97); 432(70.26); 433(527.35); 434(943.8); 435(151.43); 436(465.35); 437(330.83); 438(918.43); 439(141.92); 440(904.94); 441(776.76); 442(134.77); 443(891.92); 444(414.27); 445(852.12); 446(698.96); 447(836.64); 448(449.15); 449(172.3); 450(291.11); 451(16.11); 452(383.98); 453(554.77); 454(118.22); 455(285.98); 456(674.07); 457(233.53); 458(221.3); 459(443.86); 460(434.38); 461(559.42); 462(353.89); 463(935.2); 464(292.18); 465(678.37); 466(209.7); 467(165.17); 468(974.61); 469(476.48); 470(556.89); 471(443.6); 472(833.92); 473(448.6); 474(396.93); 475(48.48); 476(834.32); 477(338.05); 478(501.95); 479(20.18); 480(693.05); 481(868.41); 482(380.2); 483(391.32); 484(682.56); 485(0.48); 486(989.34); 487(492.65); 488(257.09); 489(928.39); 490(801.23); 491(766.6); 492(398.4); 493(759.87); 494(807.98); 495(315.43); 496(363.89); 497(66.31); 498(7.14); 499(82.5),1
255,0(924.17); 1(905.65); 2(583.53); 3(619.2); 4(739.46); 5(718.01); 6(809.79); 7(977.1); 8(737.28); 9(457.06); 10(116.37); 11(493.41); 12(257.27); 13(781.51); 14(27.54); 15(479.12); 16(617.94); 17(320.52); 18(108.04); 19(437.07); 20(364.42); 21(801.51); 22(195.2); 23(194.73); 24(385.91); 25(816.93); 26(718.08); 27(782.17); 28(669.72); 29(750.86); 30(225.0); 31(838.1); 32(214.47); 33(445.16); 34(133.25); 35(448.08); 36(67.93); 37(98.12); 38(355.84); 39(574.49); 40(409.03); 41(702.55); 42(786.89); 43(945.86); 44(535.8); 45(630.73); 46(507.56); 47(997.48); 48(220.45); 49(782.13); 50(6.15); 51(114.18); 52(766.29); 53(92.48); 54(294.82); 55(984.8); 56(671.85); 57(903.51); 58(887.85); 59(355.91); 60(973.34); 61(345.58); 62(446.13); 63(677.88); 64(61.21); 65(985.57); 66(16.64); 67(59.01); 68(401.61); 69(167.4); 70(405.79); 71(191.01); 72(427.04); 73(375.46); 74(283.68); 75(161.43); 76(761.39); 77(278.81); 78(968.33); 79(661.42); 80(118.68); 81(408.5); 82(766.27); 83(638.62); 84(652.27); 85(634.22); 86(264.23); 87(17.48); 88(682.4); 89(200.87); 90(704.57); 91(204.69); 92(744.47); 93(517.75); 94(223.43); 95(560.64); 96(462.97); 97(771.38); 98(178.94); 99(836.85); 100(767.72); 101(911.92); 102(530.29); 103(220.89); 104(392.03); 105(204.49); 106(275.11); 107(595.48); 108(44.44); 109(613.81); 110(960.5); 111(996.15); 112(775.68); 113(378.63); 114(924.05); 115(607.6); 116(498.35); 117(350.85); 118(499.59); 119(156.24); 120(165.74); 121(502.29); 122(350.04); 123(561.65); 124(415.19); 125(723.69); 126(277.65); 127(536.68); 128(248.45); 129(712.58); 130(210.7); 131(53.15); 132(98.14); 133(79.06); 134(956.18); 135(531.01); 136(777.77); 137(846.81); 138(894.72); 139(342.25); 140(448.29); 141(864.67); 142(688.19); 143(286.79); 144(978.26); 145(354.67); 146(428.78); 147(788.11); 148(394.52); 149(572.23); 150(20.18); 151(289.09); 152(376.99); 153(100.37); 154(597.38); 155(988.98); 156(804.48); 157(113.35); 158(721.13); 159(578.0); 160(937.53); 161(218.4); 162(346.25); 163(268.81); 164(723.1); 165(603.92); 166(820.85); 167(174.57); 168(768.01); 169(578.62); 170(474.94); 171(186.22); 172(910.89); 173(406.29); 174(542.08); 175(156.61); 176(61.2); 177(333.82); 178(98.32); 179(311.71); 180(14.38); 181(796.33); 182(322.12); 183(765.98); 184(525.2); 185(357.22); 186(794.39); 187(901.7); 188(465.17); 189(614.41); 190(75.81); 191(676.12); 192(749.78); 193(640.36); 194(243.55); 195(935.46); 196(622.56); 197(770.0); 198(963.31); 199(877.51); 200(722.79); 201(833.26); 202(188.88); 203(46.56); 204(536.07); 205(243.16); 206(124.01); 207(303.05); 208(855.64); 209(141.05); 210(42.4); 211(877.22); 212(723.22); 213(764.13); 214(217.07); 215(112.83); 216(434.76); 217(329.82); 218(499.93); 219(936.11); 220(945.59); 221(726.69); 222(41.76); 223(320.35); 224(669.03); 225(856.93); 226(520.05); 227(994.76); 228(105.02); 229(81.13); 230(717.67); 231(161.08); 232(272.69); 233(757.09); 234(647.42); 235(192.03); 236(188.67); 237(45.11); 238(514.59); 239(780.0); 240(238.28); 241(205.8); 242(856.92); 243(802.26); 244(78.85); 245(559.23); 246(197.23); 247(390.62); 248(404.65); 249(30.32); 250(271.54); 251(488.16); 252(949.4); 253(832.2); 254(425.09); 256(266.17); 257(585.85); 258(830.57); 259(306.2); 260(233.04); 261(677.35); 262(218.38); 263(205.23); 264(307.72); 265(451.92); 266(965.61); 267(454.25); 268(733.35); 269(808.33); 270(909.63); 271(663.0); 272(914.66); 273(43.43); 274(747.21); 275(529.98); 276(724.71); 277(396.81); 278(272.86); 279(890.49); 280(998.99); 281(111.53); 282(359.63); 283(405.73); 284(671.94); 285(74.55); 286(177.53); 287(666.5); 288(841.59); 289(42.45); 290(33.61); 291(856.94); 292(795.18); 293(879.98); 294(595.97); 295(103.41); 296(81.51); 297(266.98); 298(210.41); 299(19.39); 300(483.92); 301(179.9); 302(244.57); 303(355.59); 304(561.7); 305(713.75); 306(148.64); 307(165.94); 308(687.25); 309(613.61); 310(687.37); 311(913.3); 312(291.47); 313(733.65); 314(944.45); 315(712.23); 316(314.29); 317(781.58); 318(603.37); 319(844.4); 320(445.57); 321(238.24); 322(567.06); 323(583.14); 324(453.85); 325(645.71); 326(85.52); 327(417.48); 328(909.16); 329(270.51); 330(835.54); 331(678.3); 332(298.26); 333(293.16); 334(889.14); 335(138.43); 336(91.05); 337(354.31); 338(82.34); 339(970.95); 340(13.63); 341(730.52); 342(930.02); 343(424.04); 344(644.36); 345(829.37); 346(22.44); 347(287.66); 348(820.8); 349(677.27); 350(849.75); 351(94.76); 352(27.31); 353(614.7); 354(197.84); 355(337.51); 356(206.93); 357(761.23); 358(441.2); 359(104.31); 360(529.82); 361(126.92); 362(143.37); 363(899.53); 364(478.89); 365(470.08); 366(772.9); 367(596.26); 368(126.67); 369(278.64); 370(67.36); 371(348.96); 372(315.18); 373(217.07); 374(690.12); 375(976.44); 376(627.59); 377(91.16); 378(307.16); 379(698.95); 380(833.01); 381(327.97); 382(451.38); 383(498.63); 384(642.47); 385(230.26); 386(484.29); 387(831.5); 388(286.5); 389(534.63); 390(432.05); 391(308.55); 392(581.62); 393(462.41); 394(338.66); 395(339.08); 396(985.57); 397(63.47); 398(182.74); 399(836.9); 400(54.1); 401(874.7); 402(276.19); 403(70.22); 404(819.28); 405(28.7); 406(413.99); 407(58.15); 408(537.68); 409(626.52); 410(626.27); 411(235.42); 412(973.81); 413(541.96); 414(238.55); 415(701.18); 416(150.13); 417(828.25); 418(604.57); 419(206.24); 420(181.47); 421(884.6); 422(821.5); 423(993.19); 424(848.7); 425(439.09); 426(902.19); 427(457.97); 428(969.26); 429(617.48); 430(205.31); 431(156.08); 432(313.68); 433(680.22); 434(597.61); 435(335.02); 436(766.63); 437(610.22); 438(336.75); 439(960.91); 440(191.63); 441(397.83); 442(454.17); 443(584.87); 444(282.97); 445(187.83); 446(541.77); 447(367.66); 448(932.58); 449(397.14); 450(262.23); 451(563.21); 452(226.08); 453(424.32); 454(417.66); 455(1.22); 456(41.6); 457(252.85); 458(148.15); 459(185.74); 460(422.96); 461(302.35); 462(161.26); 463(576.12); 464(209.77); 465(914.99); 466(213.5); 467(654.46); 468(438.68); 469(521.45); 470(632.57); 471(891.86); 472(409.01); 473(370.42); 474(662.27); 475(177.11); 476(489.75); 477(393.64); 478(339.17); 479(630.14); 480(231.02); 481(716.22); 482(719.96); 483(699.57); 484(693.48); 485(803.01); 486(968.77); 487(22.42); 488(680.67); 489(996.64); 490(771.81); 491(797.18); 492(505.0); 493(352.21); 494(616.28); 495(559.84); 496(842.98); 497(397.98); 498(33.66); 499(547.54),1
256,0(911.84); 1(805.4); 2(691.8); 3(665.4); 4(466.98); 5(152.62); 6(287.47); 7(125.84); 8(822.89); 9(484.39); 10(367.19); 11(707.45); 12(3.47); 13(712.39); 14(340.14); 15(349.61); 16(372.44); 17(904.99); 18(113.72); 19(437.88); 20(354.05); 21(76.37); 22(723.32); 23(574.1); 24(55.94); 25(969.4); 26(231.3); 27(823.13); 28(930.3); 29(156.19); 30(971.85); 31(711.14); 32(691.69); 33(745.99); 34(982.08); 35(4.01); 36(131.02); 37(61.55); 38(9.87); 39(881.32); 40(958.42); 41(618.66); 42(528.5); 43(803.33); 44(852.71); 45(550.82); 46(511.22); 47(406.45); 48(214.4); 49(629.54); 50(926.9); 51(916.54); 52(435.2); 53(422.83); 54(310.38); 55(945.02); 56(324.82); 57(106.91); 58(848.89); 59(230.31); 60(251.17); 61(173.7); 62(715.73); 63(359.39); 64(882.53); 65(129.96); 66(434.75); 67(228.29); 68(822.11); 69(914.74); 70(90.39); 71(713.63); 72(335.03); 73(212.92); 74(610.92); 75(578.29); 76(871.34); 77(973.54); 78(658.91); 79(494.53); 80(793.03); 81(205.22); 82(359.58); 83(723.79); 84(203.48); 85(261.63); 86(938.15); 87(578.07); 88(733.23); 89(834.89); 90(811.73); 91(829.84); 92(147.01); 93(680.67); 94(475.95); 95(740.85); 96(415.31); 97(156.7); 98(808.16); 99(18.89); 100(776.31); 101(651.99); 102(361.74); 103(892.24); 104(273.07); 105(401.87); 106(730.64); 107(260.18); 108(269.41); 109(445.55); 110(918.7); 111(129.63); 112(10.2); 113(955.2); 114(796.16); 115(51.59); 116(849.56); 117(715.93); 118(239.8); 119(761.02); 120(935.43); 121(255.25); 122(404.93); 123(102.05); 124(595.35); 125(427.35); 126(908.82); 127(253.69); 128(260.63); 129(487.5); 130(514.13); 131(19.05); 132(95.52); 133(310.17); 134(301.8); 135(119.28); 136(603.4); 137(587.77); 138(295.74); 139(227.83); 140(597.49); 141(925.04); 142(824.8); 143(260.29); 144(105.18); 145(35.61); 146(489.88); 147(298.07); 148(762.83); 149(665.62); 150(83.12); 151(894.61); 152(601.03); 153(94.53); 154(751.25); 155(461.42); 156(37.66); 157(140.95); 158(307.67); 159(310.03); 160(802.21); 161(666.55); 162(204.21); 163(541.35); 164(64.59); 165(943.61); 166(134.46); 167(209.02); 168(399.68); 169(547.48); 170(365.38); 171(180.07); 172(769.76); 173(419.44); 174(344.78); 175(789.52); 176(163.83); 177(813.05); 178(253.66); 179(437.79); 180(558.75); 181(690.99); 182(938.96); 183(640.95); 184(103.34); 185(593.18); 186(320.26); 187(3.73); 188(606.85); 189(204.58); 190(940.27); 191(178.73); 192(136.97); 193(391.99); 194(820.47); 195(716.91); 196(685.39); 197(125.24); 198(129.31); 199(412.1); 200(734.39); 201(948.37); 202(887.33); 203(164.34); 204(663.02); 205(488.41); 206(521.58); 207(503.09); 208(236.62); 209(992.44); 210(357.92); 211(317.29); 212(318.31); 213(510.94); 214(343.03); 215(348.98); 216(239.46); 217(248.07); 218(281.63); 219(859.03); 220(585.4); 221(863.32); 222(168.01); 223(827.12); 224(249.36); 225(247.92); 226(888.84); 227(567.61); 228(279.15); 229(230.39); 230(464.75); 231(24.41); 232(458.63); 233(423.95); 234(946.07); 235(673.19); 236(705.26); 237(945.36); 238(909.27); 239(921.22); 240(949.62); 241(827.78); 242(909.71); 243(415.24); 244(538.77); 245(246.84); 246(110.01); 247(141.17); 248(331.77); 249(254.35); 250(167.96); 251(747.37); 252(397.71); 253(96.94); 254(20.55); 255(266.17); 257(25.74); 258(420.89); 259(560.27); 260(159.41); 261(67.62); 262(137.27); 263(465.22); 264(795.0); 265(637.24); 266(883.27); 267(898.6); 268(235.21); 269(209.72); 270(407.71); 271(456.75); 272(379.75); 273(390.24); 274(132.49); 275(967.78); 276(508.74); 277(527.6); 278(12.27); 279(92.02); 280(129.2); 281(148.19); 282(931.0); 283(289.3); 284(435.18); 285(709.21); 286(991.65); 287(497.89); 288(677.95); 289(904.75); 290(919.7); 291(575.22); 292(921.21); 293(42.83); 294(412.8); 295(531.62); 296(635.99); 297(157.5); 298(58.52); 299(297.17); 300(765.22); 301(189.24); 302(990.23); 303(770.85); 304(665.83); 305(419.29); 306(45.22); 307(251.14); 308(504.34); 309(909.59); 310(737.34); 311(105.99); 312(846.46); 313(300.33); 314(871.39); 315(754.27); 316(344.0); 317(86.51); 318(364.62); 319(544.15); 320(699.71); 321(666.46); 322(643.42); 323(526.3); 324(107.31); 325(60.81); 326(74.0); 327(779.69); 328(770.98); 329(102.95); 330(966.19); 331(864.92); 332(256.39); 333(558.83); 334(14.27); 335(757.59); 336(278.82); 337(363.82); 338(78.99); 339(529.1); 340(884.47); 341(900.72); 342(832.99); 343(408.65); 344(439.06); 345(218.69); 346(304.41); 347(746.98); 348(129.85); 349(121.67); 350(736.99); 351(957.2); 352(959.4); 353(818.77); 354(656.83); 355(244.46); 356(693.05); 357(883.5); 358(905.08); 359(627.56); 360(488.66); 361(973.79); 362(373.27); 363(336.6); 364(349.66); 365(60.63); 366(667.49); 367(442.75); 368(977.97); 369(748.48); 370(948.18); 371(117.09); 372(404.57); 373(666.26); 374(951.25); 375(939.55); 376(636.78); 377(740.56); 378(310.38); 379(606.35); 380(7.73); 381(303.7); 382(206.23); 383(164.0); 384(324.55); 385(469.96); 386(138.57); 387(614.05); 388(823.21); 389(783.35); 390(689.87); 391(413.03); 392(414.33); 393(768.28); 394(11.74); 395(9.55); 396(780.2); 397(301.36); 398(299.07); 399(973.78); 400(705.58); 401(583.06); 402(399.6); 403(861.79); 404(395.78); 405(859.13); 406(290.35); 407(853.17); 408(101.17); 409(135.8); 410(392.4); 411(153.19); 412(305.79); 413(791.48); 414(248.74); 415(534.39); 416(297.22); 417(250.23); 418(347.4); 419(416.9); 420(0.62); 421(129.14); 422(841.56); 423(849.16); 424(305.52); 425(523.29); 426(883.37); 427(362.61); 428(508.99); 429(596.58); 430(821.95); 431(946.7); 432(140.26); 433(816.59); 434(739.44); 435(454.81); 436(943.78); 437(717.37); 438(513.58); 439(807.79); 440(134.54); 441(961.89); 442(480.51); 443(307.54); 444(234.0); 445(961.52); 446(853.84); 447(703.68); 448(465.22); 449(361.37); 450(451.12); 451(499.73); 452(999.26); 453(216.11); 454(532.22); 455(855.4); 456(355.42); 457(271.61); 458(798.81); 459(793.69); 460(702.55); 461(835.84); 462(484.82); 463(839.97); 464(451.13); 465(224.29); 466(731.91); 467(714.34); 468(920.27); 469(781.02); 470(491.04); 471(73.4); 472(609.97); 473(332.21); 474(51.09); 475(908.94); 476(657.98); 477(303.05); 478(598.56); 479(228.53); 480(922.18); 481(74.66); 482(441.74); 483(646.75); 484(536.07); 485(534.91); 486(353.84); 487(296.98); 488(103.28); 489(806.75); 490(574.27); 491(737.04); 492(870.9); 493(886.82); 494(382.57); 495(199.85); 496(225.44); 497(931.88); 498(404.55); 499(572.9),1
257,0(505.32); 1(646.56); 2(101.45); 3(209.8); 4(673.68); 5(857.89); 6(278.7); 7(709.09); 8(560.29); 9(231.94); 10(881.13); 11(298.97); 12(306.26); 13(403.94); 14(41.78); 15(729.35); 16(416.51); 17(566.62); 18(308.08); 19(27.28); 20(703.35); 21(749.19); 22(181.55); 23(210.78); 24(800.83); 25(746.34); 26(253.28); 27(62.74); 28(99.8); 29(763.33); 30(160.46); 31(392.6); 32(851.31); 33(401.25); 34(539.35); 35(898.13); 36(896.91); 37(847.96); 38(87.4); 39(60.04); 40(665.74); 41(844.75); 42(165.97); 43(737.4); 44(68.96); 45(87.57); 46(15.99); 47(572.17); 48(811.0); 49(421.15); 50(677.37); 51(612.41); 52(110.08); 53(925.24); 54(643.43); 55(701.1); 56(25.22); 57(21.42); 58(93.72); 59(949.11); 60(351.53); 61(837.91); 62(382.82); 63(458.51); 64(160.05); 65(949.37); 66(887.21); 67(553.93); 68(417.83); 69(696.13); 70(110.09); 71(318.52); 72(995.0); 73(360.33); 74(176.3); 75(11.18); 76(231.7); 77(329.5); 78(108.25); 79(747.19); 80(498.14); 81(865.14); 82(559.54); 83(378.71); 84(97.99); 85(279.49); 86(741.53); 87(962.07); 88(525.92); 89(713.16); 90(814.64); 91(668.43); 92(831.68); 93(277.54); 94(683.5); 95(317.29); 96(561.33); 97(508.64); 98(763.37); 99(4.63); 100(933.05); 101(87.99); 102(199.6); 103(367.0); 104(660.91); 105(56.65); 106(12.5); 107(724.66); 108(256.05); 109(965.65); 110(777.57); 111(287.74); 112(928.44); 113(506.4); 114(212.1); 115(687.88); 116(484.75); 117(272.81); 118(769.5); 119(653.46); 120(753.05); 121(62.21); 122(515.11); 123(215.38); 124(542.55); 125(699.43); 126(532.92); 127(908.03); 128(738.49); 129(562.95); 130(857.69); 131(894.22); 132(143.04); 133(381.92); 134(696.66); 135(386.48); 136(645.18); 137(34.7); 138(364.41); 139(18.86); 140(917.6); 141(231.2); 142(13.85); 143(522.0); 144(175.25); 145(829.29); 146(122.92); 147(183.15); 148(393.49); 149(510.95); 150(395.25); 151(166.05); 152(200.33); 153(567.28); 154(814.44); 155(390.68); 156(134.47); 157(619.33); 158(615.65); 159(298.34); 160(631.53); 161(452.36); 162(217.29); 163(774.43); 164(727.74); 165(972.4); 166(783.09); 167(793.74); 168(473.27); 169(162.21); 170(881.39); 171(949.93); 172(788.74); 173(14.23); 174(361.0); 175(656.57); 176(178.47); 177(613.5); 178(737.22); 179(250.88); 180(465.87); 181(813.58); 182(44.75); 183(107.41); 184(720.49); 185(798.83); 186(182.24); 187(637.13); 188(977.01); 189(867.23); 190(498.12); 191(936.62); 192(215.76); 193(136.51); 194(230.84); 195(217.52); 196(898.63); 197(176.43); 198(412.68); 199(187.31); 200(834.15); 201(614.8); 202(668.38); 203(128.87); 204(201.39); 205(956.83); 206(826.4); 207(73.28); 208(342.56); 209(119.85); 210(607.7); 211(940.51); 212(203.09); 213(122.85); 214(440.82); 215(996.01); 216(854.85); 217(696.39); 218(862.35); 219(444.47); 220(423.87); 221(547.47); 222(368.02); 223(294.5); 224(729.34); 225(385.5); 226(999.81); 227(76.96); 228(970.08); 229(764.63); 230(205.89); 231(39.21); 232(501.44); 233(160.76); 234(69.2); 235(163.39); 236(420.79); 237(183.74); 238(942.38); 239(540.56); 240(538.58); 241(659.08); 242(602.24); 243(221.31); 244(441.89); 245(298.38); 246(905.97); 247(993.13); 248(877.36); 249(139.98); 250(596.36); 251(611.54); 252(971.88); 253(332.59); 254(4.11); 255(585.85); 256(25.74); 258(56.96); 259(86.0); 260(952.45); 261(468.7); 262(672.48); 263(947.19); 264(133.92); 265(951.53); 266(427.6); 267(461.85); 268(657.46); 269(138.75); 270(139.81); 271(70.44); 272(475.1); 273(58.95); 274(63.59); 275(679.4); 276(387.03); 277(731.91); 278(77.0); 279(672.45); 280(225.05); 281(799.11); 282(417.64); 283(545.57); 284(266.16); 285(939.35); 286(976.95); 287(625.4); 288(350.56); 289(668.61); 290(16.82); 291(351.54); 292(712.25); 293(279.83); 294(241.37); 295(429.81); 296(627.31); 297(372.69); 298(957.22); 299(493.31); 300(390.48); 301(218.24); 302(665.24); 303(379.54); 304(366.4); 305(183.5); 306(860.43); 307(139.02); 308(525.36); 309(581.61); 310(194.14); 311(917.43); 312(868.46); 313(466.85); 314(623.34); 315(16.48); 316(295.34); 317(992.36); 318(50.08); 319(462.22); 320(189.42); 321(823.4); 322(144.3); 323(793.13); 324(259.17); 325(73.05); 326(30.93); 327(244.02); 328(788.1); 329(678.9); 330(119.2); 331(44.85); 332(388.43); 333(811.42); 334(883.59); 335(610.29); 336(342.41); 337(497.54); 338(348.62); 339(429.45); 340(736.37); 341(637.0); 342(906.28); 343(279.62); 344(870.86); 345(548.19); 346(146.65); 347(574.34); 348(364.49); 349(427.91); 350(50.43); 351(879.22); 352(722.7); 353(566.15); 354(487.07); 355(353.7); 356(869.17); 357(901.65); 358(376.07); 359(407.92); 360(879.25); 361(656.24); 362(270.56); 363(56.99); 364(875.69); 365(727.52); 366(473.46); 367(9.44); 368(833.56); 369(703.69); 370(662.64); 371(293.33); 372(679.92); 373(981.84); 374(70.31); 375(816.1); 376(697.34); 377(760.48); 378(936.21); 379(939.47); 380(811.15); 381(641.81); 382(159.6); 383(798.48); 384(324.82); 385(585.91); 386(315.0); 387(324.8); 388(737.79); 389(182.28); 390(421.07); 391(317.48); 392(127.21); 393(625.88); 394(421.16); 395(299.66); 396(343.59); 397(546.12); 398(361.21); 399(196.27); 400(142.88); 401(318.34); 402(43.98); 403(595.95); 404(709.29); 405(952.71); 406(334.78); 407(994.77); 408(598.38); 409(660.84); 410(37.76); 411(903.3); 412(262.87); 413(694.88); 414(866.07); 415(439.94); 416(108.6); 417(398.98); 418(288.34); 419(804.89); 420(249.5); 421(88.7); 422(271.12); 423(754.38); 424(373.17); 425(252.81); 426(782.09); 427(723.36); 428(270.82); 429(414.25); 430(977.96); 431(97.44); 432(904.95); 433(662.94); 434(207.42); 435(320.74); 436(143.53); 437(531.61); 438(495.31); 439(904.66); 440(233.37); 441(896.09); 442(926.78); 443(365.38); 444(837.83); 445(816.78); 446(717.67); 447(647.49); 448(40.48); 449(877.61); 450(827.61); 451(336.33); 452(501.35); 453(70.85); 454(666.67); 455(805.12); 456(634.49); 457(813.88); 458(892.76); 459(998.9); 460(963.15); 461(336.68); 462(730.15); 463(725.24); 464(503.88); 465(155.31); 466(220.11); 467(86.36); 468(285.53); 469(89.37); 470(466.8); 471(791.82); 472(530.81); 473(895.78); 474(438.05); 475(503.5); 476(149.42); 477(483.23); 478(428.49); 479(433.95); 480(926.26); 481(697.78); 482(639.84); 483(927.6); 484(752.35); 485(481.61); 486(445.28); 487(495.87); 488(287.34); 489(259.9); 490(444.85); 491(158.73); 492(890.84); 493(515.4); 494(394.37); 495(736.76); 496(223.84); 497(411.91); 498(943.32); 499(802.81),1
258,0(389.58); 1(202.66); 2(818.08); 3(74.92); 4(43.8); 5(784.21); 6(246.85); 7(885.53); 8(205.97); 9(807.82); 10(21.76); 11(543.68); 12(653.89); 13(769.43); 14(799.92); 15(975.8); 16(822.4); 17(26.93); 18(435.37); 19(66.51); 20(998.04); 21(724.01); 22(564.29); 23(133.86); 24(38.22); 25(465.67); 26(854.52); 27(582.42); 28(991.6); 29(578.82); 30(110.74); 31(31.06); 32(56.96); 33(396.04); 34(826.87); 35(744.81); 36(480.98); 37(363.87); 38(27.91); 39(125.34); 40(513.75); 41(276.13); 42(11.52); 43(660.11); 44(675.54); 45(918.8); 46(236.79); 47(156.23); 48(266.0); 49(766.93); 50(746.86); 51(710.09); 52(513.22); 53(670.98); 54(93.44); 55(92.51); 56(806.12); 57(229.93); 58(695.09); 59(258.37); 60(607.94); 61(562.43); 62(463.15); 63(377.46); 64(128.28); 65(124.51); 66(377.88); 67(830.97); 68(16.74); 69(503.9); 70(826.84); 71(662.37); 72(733.49); 73(911.23); 74(647.55); 75(590.17); 76(717.96); 77(699.25); 78(50.56); 79(89.52); 80(147.2); 81(617.39); 82(218.82); 83(366.25); 84(258.11); 85(793.84); 86(262.84); 87(854.5); 88(917.07); 89(881.54); 90(599.93); 91(367.12); 92(799.07); 93(326.79); 94(135.02); 95(947.82); 96(35.6); 97(737.7); 98(886.67); 99(549.21); 100(196.39); 101(428.0); 102(871.35); 103(724.22); 104(536.42); 105(955.16); 106(852.0); 107(82.03); 108(146.6); 109(244.32); 110(58.77); 111(127.23); 112(260.99); 113(773.42); 114(881.23); 115(936.15); 116(13.61); 117(265.66); 118(551.78); 119(833.36); 120(56.12); 121(671.42); 122(139.21); 123(665.43); 124(440.37); 125(99.94); 126(983.19); 127(125.87); 128(358.35); 129(36.0); 130(582.78); 131(81.2); 132(511.68); 133(962.08); 134(75.12); 135(689.81); 136(762.02); 137(203.48); 138(106.59); 139(711.96); 140(559.04); 141(469.93); 142(726.37); 143(558.05); 144(749.94); 145(692.74); 146(381.6); 147(80.15); 148(767.43); 149(256.38); 150(586.07); 151(643.86); 152(638.25); 153(631.78); 154(628.98); 155(536.3); 156(333.33); 157(563.56); 158(477.91); 159(439.58); 160(585.96); 161(70.61); 162(181.54); 163(981.53); 164(155.01); 165(799.22); 166(13.96); 167(241.44); 168(529.0); 169(831.92); 170(41.21); 171(399.13); 172(783.82); 173(503.44); 174(82.01); 175(214.05); 176(443.04); 177(747.72); 178(502.47); 179(769.86); 180(857.6); 181(547.27); 182(237.66); 183(697.76); 184(551.77); 185(2.28); 186(459.75); 187(354.89); 188(867.21); 189(947.45); 190(615.6); 191(961.49); 192(795.35); 193(548.73); 194(676.72); 195(287.12); 196(440.52); 197(851.46); 198(864.17); 199(920.99); 200(619.51); 201(576.45); 202(192.98); 203(789.53); 204(867.48); 205(18.82); 206(790.76); 207(747.0); 208(100.0); 209(451.87); 210(554.44); 211(338.79); 212(78.14); 213(217.87); 214(419.88); 215(669.81); 216(731.95); 217(169.42); 218(903.08); 219(859.63); 220(949.53); 221(762.28); 222(125.32); 223(87.86); 224(307.61); 225(812.57); 226(157.48); 227(289.47); 228(795.74); 229(829.31); 230(39.0); 231(223.8); 232(274.33); 233(62.6); 234(379.01); 235(765.39); 236(898.88); 237(144.71); 238(412.62); 239(982.8); 240(750.04); 241(343.75); 242(309.89); 243(702.68); 244(86.36); 245(605.18); 246(666.61); 247(1.43); 248(44.42); 249(536.07); 250(634.05); 251(935.39); 252(936.42); 253(927.69); 254(196.36); 255(830.57); 256(420.89); 257(56.96); 259(381.31); 260(137.66); 261(118.93); 262(970.56); 263(308.59); 264(843.92); 265(255.13); 266(55.56); 267(279.52); 268(926.04); 269(953.9); 270(923.14); 271(808.06); 272(442.54); 273(37.12); 274(37.07); 275(698.77); 276(982.37); 277(514.19); 278(90.76); 279(120.79); 280(345.38); 281(270.48); 282(523.53); 283(932.56); 284(759.83); 285(612.97); 286(654.54); 287(607.03); 288(595.68); 289(170.9); 290(250.36); 291(526.33); 292(606.59); 293(268.86); 294(403.48); 295(771.84); 296(495.37); 297(944.48); 298(401.72); 299(861.1); 300(818.14); 301(154.84); 302(3.13); 303(883.0); 304(57.02); 305(209.24); 306(405.66); 307(17.83); 308(192.29); 309(236.92); 310(532.12); 311(648.2); 312(621.65); 313(926.67); 314(438.32); 315(586.92); 316(828.85); 317(594.91); 318(474.46); 319(622.47); 320(125.76); 321(657.85); 322(224.26); 323(100.03); 324(537.22); 325(839.71); 326(932.42); 327(426.73); 328(125.96); 329(151.41); 330(812.19); 331(5.89); 332(76.96); 333(264.71); 334(188.69); 335(554.3); 336(802.38); 337(199.98); 338(223.89); 339(105.74); 340(723.87); 341(472.38); 342(655.93); 343(885.95); 344(986.72); 345(612.18); 346(676.87); 347(884.39); 348(880.68); 349(7.64); 350(318.49); 351(239.64); 352(238.51); 353(982.87); 354(38.98); 355(943.7); 356(439.62); 357(368.78); 358(674.54); 359(562.6); 360(542.36); 361(990.94); 362(407.93); 363(803.76); 364(810.69); 365(637.64); 366(941.58); 367(240.97); 368(208.42); 369(60.47); 370(631.76); 371(628.53); 372(604.5); 373(726.14); 374(844.42); 375(521.28); 376(400.89); 377(728.41); 378(972.18); 379(852.67); 380(196.61); 381(471.29); 382(107.21); 383(166.21); 384(229.86); 385(420.81); 386(412.47); 387(544.17); 388(115.31); 389(153.23); 390(554.7); 391(451.71); 392(463.62); 393(313.44); 394(99.18); 395(22.16); 396(864.86); 397(429.91); 398(918.81); 399(1.18); 400(39.59); 401(773.37); 402(841.57); 403(459.18); 404(806.98); 405(789.08); 406(273.27); 407(691.16); 408(342.13); 409(740.99); 410(236.69); 411(479.19); 412(509.63); 413(319.5); 414(739.06); 415(80.25); 416(271.6); 417(9.99); 418(669.17); 419(134.94); 420(306.7); 421(211.54); 422(83.44); 423(397.0); 424(451.88); 425(465.58); 426(233.53); 427(722.94); 428(332.63); 429(873.47); 430(436.44); 431(789.02); 432(390.81); 433(654.32); 434(423.85); 435(769.07); 436(397.25); 437(879.66); 438(950.83); 439(834.06); 440(962.46); 441(368.1); 442(916.0); 443(658.78); 444(408.36); 445(101.76); 446(813.09); 447(302.71); 448(562.65); 449(297.95); 450(577.0); 451(793.36); 452(716.98); 453(114.64); 454(479.25); 455(40.42); 456(292.25); 457(746.01); 458(575.13); 459(995.58); 460(970.51); 461(583.32); 462(590.97); 463(900.44); 464(903.65); 465(881.89); 466(390.3); 467(251.38); 468(411.43); 469(857.94); 470(257.42); 471(305.25); 472(265.17); 473(512.07); 474(257.73); 475(955.41); 476(32.93); 477(139.79); 478(103.15); 479(868.03); 480(58.53); 481(109.48); 482(580.38); 483(89.29); 484(309.37); 485(211.82); 486(866.02); 487(901.29); 488(794.11); 489(793.67); 490(370.15); 491(297.31); 492(899.03); 493(955.38); 494(447.66); 495(535.38); 496(697.39); 497(934.73); 498(537.97); 499(68.12),1
259,0(858.02); 1(964.84); 2(237.19); 3(406.64); 4(227.24); 5(525.46); 6(827.52); 7(712.92); 8(102.07); 9(575.6); 10(222.67); 11(430.38); 12(302.74); 13(818.18); 14(708.04); 15(490.88); 16(953.09); 17(588.2); 18(49.84); 19(410.8); 20(406.9); 21(410.21); 22(914.44); 23(325.68); 24(439.72); 25(460.85); 26(316.08); 27(647.41); 28(467.03); 29(781.06); 30(247.65); 31(359.01); 32(792.82); 33(343.32); 34(233.38); 35(276.28); 36(352.42); 37(588.8); 38(238.82); 39(700.66); 40(843.47); 41(778.04); 42(242.0); 43(798.11); 44(453.18); 45(437.18); 46(597.83); 47(225.11); 48(800.98); 49(435.59); 50(230.41); 51(434.35); 52(24.51); 53(411.58); 54(593.41); 55(474.85); 56(798.49); 57(799.42); 58(554.42); 59(308.72); 60(197.59); 61(501.42); 62(631.33); 63(429.29); 64(584.0); 65(767.25); 66(899.25); 67(787.85); 68(330.97); 69(588.39); 70(420.76); 71(632.67); 72(754.54); 73(215.66); 74(623.84); 75(839.45); 76(711.1); 77(992.41); 78(67.38); 79(114.28); 80(529.07); 81(759.38); 82(473.64); 83(60.37); 84(474.04); 85(185.49); 86(983.46); 87(451.24); 88(857.64); 89(854.89); 90(545.29); 91(897.76); 92(964.87); 93(55.76); 94(241.99); 95(414.98); 96(660.09); 97(566.7); 98(504.63); 99(821.66); 100(587.63); 101(593.41); 102(22.06); 103(530.63); 104(617.64); 105(104.52); 106(828.1); 107(40.06); 108(671.74); 109(19.99); 110(56.11); 111(841.66); 112(48.25); 113(358.56); 114(253.63); 115(91.92); 116(226.99); 117(587.13); 118(179.0); 119(250.54); 120(784.58); 121(806.61); 122(633.42); 123(655.43); 124(710.26); 125(112.88); 126(271.11); 127(498.97); 128(668.65); 129(422.27); 130(6.78); 131(117.19); 132(327.49); 133(844.36); 134(537.55); 135(854.31); 136(791.34); 137(301.04); 138(873.82); 139(702.84); 140(827.08); 141(970.81); 142(449.13); 143(650.82); 144(355.47); 145(899.43); 146(228.24); 147(443.96); 148(167.54); 149(482.25); 150(291.91); 151(524.88); 152(400.14); 153(487.1); 154(416.91); 155(480.06); 156(836.63); 157(82.76); 158(463.31); 159(97.55); 160(356.27); 161(174.71); 162(101.5); 163(157.26); 164(494.55); 165(263.97); 166(93.49); 167(696.8); 168(197.93); 169(145.13); 170(457.35); 171(441.19); 172(633.39); 173(594.05); 174(76.45); 175(994.9); 176(789.97); 177(565.01); 178(632.38); 179(723.92); 180(416.33); 181(799.56); 182(531.75); 183(345.46); 184(797.0); 185(736.3); 186(169.82); 187(391.61); 188(822.35); 189(147.29); 190(819.11); 191(648.82); 192(356.4); 193(184.08); 194(795.6); 195(464.83); 196(703.23); 197(529.75); 198(14.43); 199(488.36); 200(8.4); 201(613.09); 202(947.32); 203(2.15); 204(552.84); 205(324.75); 206(683.5); 207(736.56); 208(484.08); 209(85.45); 210(379.66); 211(187.14); 212(879.69); 213(150.43); 214(308.67); 215(365.1); 216(218.4); 217(292.29); 218(828.54); 219(456.72); 220(984.23); 221(563.56); 222(312.09); 223(372.4); 224(728.68); 225(707.55); 226(573.65); 227(556.55); 228(63.8); 229(675.86); 230(836.91); 231(509.37); 232(669.93); 233(893.48); 234(313.95); 235(634.04); 236(154.61); 237(356.62); 238(248.63); 239(860.84); 240(975.68); 241(731.29); 242(958.78); 243(225.83); 244(662.68); 245(457.61); 246(501.64); 247(17.32); 248(186.64); 249(266.16); 250(552.87); 251(251.22); 252(530.01); 253(215.72); 254(226.32); 255(306.2); 256(560.27); 257(86.0); 258(381.31); 260(48.47); 261(919.12); 262(69.76); 263(244.5); 264(482.06); 265(296.2); 266(899.18); 267(487.85); 268(620.5); 269(58.81); 270(664.64); 271(447.01); 272(741.01); 273(345.84); 274(334.91); 275(745.75); 276(769.77); 277(179.82); 278(824.05); 279(11.37); 280(367.36); 281(493.4); 282(154.76); 283(61.48); 284(501.91); 285(182.56); 286(196.47); 287(23.32); 288(120.06); 289(779.05); 290(28.33); 291(715.46); 292(462.27); 293(40.97); 294(107.3); 295(668.17); 296(768.05); 297(274.74); 298(286.35); 299(549.0); 300(245.62); 301(89.2); 302(476.52); 303(468.38); 304(721.82); 305(208.69); 306(128.91); 307(510.73); 308(935.83); 309(306.15); 310(838.22); 311(268.57); 312(488.44); 313(88.69); 314(323.49); 315(946.25); 316(997.97); 317(803.65); 318(967.88); 319(881.22); 320(526.88); 321(35.98); 322(806.97); 323(222.67); 324(926.37); 325(258.04); 326(390.5); 327(676.01); 328(910.18); 329(974.59); 330(370.44); 331(60.22); 332(509.67); 333(235.98); 334(235.56); 335(831.53); 336(238.68); 337(626.75); 338(418.54); 339(895.13); 340(68.94); 341(40.33); 342(371.09); 343(230.09); 344(649.97); 345(662.62); 346(987.98); 347(955.91); 348(4.98); 349(155.69); 350(667.66); 351(347.39); 352(627.72); 353(489.83); 354(611.52); 355(148.72); 356(474.64); 357(443.14); 358(459.36); 359(786.65); 360(479.46); 361(322.75); 362(769.08); 363(846.7); 364(896.18); 365(542.45); 366(630.77); 367(510.8); 368(671.02); 369(193.42); 370(263.02); 371(807.46); 372(936.29); 373(596.6); 374(404.08); 375(136.51); 376(320.98); 377(507.32); 378(598.22); 379(471.43); 380(691.35); 381(67.66); 382(562.36); 383(562.88); 384(414.99); 385(317.52); 386(15.64); 387(345.77); 388(925.68); 389(847.39); 390(507.94); 391(476.03); 392(448.74); 393(810.75); 394(367.41); 395(683.33); 396(38.57); 397(934.75); 398(289.59); 399(386.83); 400(699.48); 401(728.06); 402(585.91); 403(747.06); 404(297.56); 405(177.71); 406(297.97); 407(715.98); 408(156.55); 409(875.85); 410(781.86); 411(236.84); 412(592.36); 413(660.84); 414(759.34); 415(544.35); 416(650.25); 417(379.16); 418(652.52); 419(170.73); 420(887.74); 421(542.21); 422(955.64); 423(405.48); 424(829.14); 425(731.41); 426(925.73); 427(551.83); 428(180.38); 429(604.71); 430(631.96); 431(124.15); 432(252.6); 433(931.3); 434(167.84); 435(253.03); 436(906.24); 437(897.67); 438(684.89); 439(725.05); 440(369.59); 441(88.93); 442(354.26); 443(841.39); 444(212.68); 445(908.44); 446(269.42); 447(418.56); 448(263.97); 449(965.87); 450(719.91); 451(368.3); 452(812.79); 453(488.02); 454(420.13); 455(114.63); 456(591.91); 457(705.82); 458(440.91); 459(202.19); 460(348.72); 461(589.84); 462(968.25); 463(264.74); 464(343.76); 465(686.14); 466(404.46); 467(225.51); 468(146.7); 469(926.01); 470(501.19); 471(499.31); 472(148.4); 473(740.76); 474(693.49); 475(341.34); 476(384.7); 477(284.41); 478(581.24); 479(401.93); 480(787.79); 481(619.43); 482(737.29); 483(254.05); 484(841.95); 485(375.36); 486(972.09); 487(621.6); 488(904.79); 489(674.09); 490(529.67); 491(648.47); 492(597.98); 493(508.08); 494(880.21); 495(445.5); 496(957.58); 497(150.8); 498(797.4); 499(565.1),1
260,0(268.78); 1(277.01); 2(866.56); 3(542.73); 4(415.19); 5(402.55); 6(759.35); 7(866.27); 8(50.91); 9(10.99); 10(754.46); 11(843.19); 12(598.84); 13(974.83); 14(581.65); 15(555.22); 16(83.3); 17(714.18); 18(348.07); 19(513.45); 20(650.97); 21(653.89); 22(744.07); 23(205.37); 24(572.76); 25(689.68); 26(636.8); 27(267.59); 28(837.34); 29(692.14); 30(422.31); 31(256.58); 32(3.28); 33(644.74); 34(667.81); 35(532.06); 36(254.41); 37(721.43); 38(880.39); 39(787.1); 40(629.4); 41(394.56); 42(965.81); 43(373.53); 44(689.42); 45(760.96); 46(506.35); 47(620.63); 48(353.72); 49(986.48); 50(244.14); 51(114.47); 52(258.27); 53(953.72); 54(145.66); 55(508.07); 56(298.24); 57(376.82); 58(688.0); 59(701.33); 60(399.75); 61(220.37); 62(885.21); 63(712.09); 64(395.02); 65(951.38); 66(671.49); 67(3.98); 68(757.29); 69(817.02); 70(253.49); 71(733.79); 72(162.36); 73(343.77); 74(596.04); 75(614.15); 76(278.96); 77(622.29); 78(498.11); 79(793.93); 80(938.72); 81(502.83); 82(824.49); 83(280.52); 84(306.44); 85(452.63); 86(935.25); 87(806.54); 88(386.89); 89(967.54); 90(859.32); 91(797.64); 92(644.01); 93(928.78); 94(306.16); 95(937.01); 96(833.09); 97(2.71); 98(211.85); 99(819.21); 100(238.08); 101(729.99); 102(802.0); 103(806.76); 104(437.83); 105(478.03); 106(551.94); 107(381.31); 108(479.27); 109(654.05); 110(571.38); 111(993.99); 112(283.17); 113(201.25); 114(574.58); 115(70.76); 116(84.28); 117(865.73); 118(251.52); 119(38.15); 120(951.79); 121(890.45); 122(538.58); 123(615.85); 124(127.54); 125(754.83); 126(315.98); 127(83.3); 128(615.42); 129(258.81); 130(456.78); 131(198.34); 132(438.08); 133(123.6); 134(174.39); 135(777.9); 136(390.32); 137(961.11); 138(2.54); 139(597.05); 140(798.54); 141(943.11); 142(466.62); 143(935.07); 144(678.57); 145(471.49); 146(29.77); 147(187.39); 148(419.42); 149(102.71); 150(654.38); 151(575.78); 152(332.26); 153(538.42); 154(480.63); 155(835.78); 156(953.35); 157(854.02); 158(129.09); 159(277.1); 160(571.58); 161(505.88); 162(838.93); 163(240.53); 164(817.94); 165(668.01); 166(38.94); 167(154.73); 168(277.77); 169(597.32); 170(37.75); 171(589.55); 172(229.66); 173(490.88); 174(650.24); 175(505.91); 176(79.94); 177(716.45); 178(486.54); 179(210.43); 180(512.09); 181(945.43); 182(869.73); 183(912.77); 184(929.48); 185(705.02); 186(789.64); 187(927.49); 188(335.95); 189(748.06); 190(782.38); 191(158.23); 192(42.7); 193(871.28); 194(443.06); 195(275.33); 196(672.02); 197(7.94); 198(835.01); 199(166.48); 200(421.16); 201(897.79); 202(177.93); 203(127.14); 204(309.38); 205(998.87); 206(462.84); 207(328.2); 208(883.24); 209(9.42); 210(232.66); 211(989.08); 212(216.25); 213(477.23); 214(747.91); 215(621.14); 216(527.81); 217(9.58); 218(553.63); 219(992.68); 220(220.54); 221(84.06); 222(93.84); 223(791.06); 224(614.91); 225(306.42); 226(687.9); 227(554.51); 228(975.51); 229(394.41); 230(399.9); 231(539.91); 232(488.14); 233(932.73); 234(531.65); 235(757.27); 236(802.16); 237(170.46); 238(595.07); 239(803.26); 240(811.78); 241(966.07); 242(786.32); 243(160.53); 244(720.13); 245(467.91); 246(479.29); 247(393.71); 248(635.7); 249(346.55); 250(311.73); 251(179.6); 252(489.22); 253(87.82); 254(613.95); 255(233.04); 256(159.41); 257(952.45); 258(137.66); 259(48.47); 261(124.8); 262(982.75); 263(390.44); 264(526.85); 265(527.69); 266(484.91); 267(561.11); 268(199.61); 269(572.94); 270(120.52); 271(230.78); 272(915.46); 273(786.17); 274(735.72); 275(311.49); 276(109.87); 277(884.86); 278(467.18); 279(524.16); 280(354.22); 281(788.52); 282(68.69); 283(488.1); 284(401.2); 285(957.71); 286(469.79); 287(440.05); 288(173.89); 289(911.58); 290(772.88); 291(698.08); 292(293.55); 293(486.36); 294(146.34); 295(709.18); 296(228.62); 297(184.72); 298(151.35); 299(84.48); 300(649.13); 301(335.37); 302(492.42); 303(23.55); 304(632.05); 305(61.09); 306(649.79); 307(59.74); 308(202.67); 309(38.09); 310(642.36); 311(515.35); 312(297.29); 313(642.76); 314(695.45); 315(839.68); 316(712.31); 317(544.41); 318(933.53); 319(735.67); 320(375.6); 321(172.43); 322(528.93); 323(282.46); 324(298.13); 325(862.52); 326(911.34); 327(881.6); 328(180.23); 329(497.82); 330(884.57); 331(300.76); 332(648.77); 333(443.88); 334(598.45); 335(245.24); 336(223.14); 337(587.59); 338(365.27); 339(723.31); 340(27.51); 341(645.98); 342(399.37); 343(548.12); 344(454.58); 345(560.23); 346(433.28); 347(225.22); 348(699.99); 349(936.86); 350(622.11); 351(423.62); 352(682.83); 353(270.65); 354(666.69); 355(706.05); 356(274.16); 357(534.96); 358(872.11); 359(433.22); 360(435.62); 361(170.75); 362(116.44); 363(417.16); 364(621.64); 365(876.34); 366(429.95); 367(759.42); 368(619.6); 369(311.65); 370(413.42); 371(177.3); 372(998.72); 373(389.35); 374(644.0); 375(907.46); 376(709.38); 377(623.97); 378(494.38); 379(99.87); 380(893.14); 381(672.97); 382(426.62); 383(364.03); 384(200.37); 385(883.16); 386(681.75); 387(727.33); 388(757.02); 389(922.98); 390(963.71); 391(262.23); 392(247.77); 393(606.98); 394(651.59); 395(641.78); 396(943.76); 397(382.02); 398(363.07); 399(476.24); 400(878.1); 401(164.23); 402(211.85); 403(941.86); 404(957.39); 405(27.15); 406(602.37); 407(667.65); 408(966.16); 409(728.68); 410(478.76); 411(889.08); 412(562.8); 413(3.16); 414(156.61); 415(12.09); 416(143.49); 417(888.95); 418(222.72); 419(609.3); 420(42.63); 421(151.71); 422(215.45); 423(441.07); 424(188.21); 425(412.51); 426(145.89); 427(126.57); 428(161.14); 429(295.13); 430(587.7); 431(388.43); 432(699.12); 433(320.08); 434(978.45); 435(378.95); 436(935.89); 437(78.6); 438(11.42); 439(379.56); 440(73.28); 441(245.03); 442(802.91); 443(417.71); 444(265.27); 445(804.08); 446(386.39); 447(397.54); 448(904.01); 449(535.47); 450(519.68); 451(653.7); 452(149.56); 453(389.25); 454(751.27); 455(245.54); 456(478.09); 457(680.18); 458(195.27); 459(382.64); 460(324.36); 461(797.56); 462(722.46); 463(236.9); 464(338.2); 465(615.42); 466(642.77); 467(695.6); 468(453.88); 469(175.02); 470(267.09); 471(14.4); 472(406.11); 473(368.09); 474(777.07); 475(984.58); 476(921.21); 477(201.37); 478(514.52); 479(937.73); 480(798.67); 481(813.13); 482(11.74); 483(850.79); 484(655.03); 485(65.16); 486(597.93); 487(962.38); 488(769.09); 489(213.43); 490(565.75); 491(70.33); 492(97.98); 493(359.33); 494(321.87); 495(300.2); 496(700.56); 497(751.04); 498(598.31); 499(363.96),1
261,0(203.42); 1(548.3); 2(825.95); 3(787.48); 4(982.73); 5(156.99); 6(422.54); 7(134.16); 8(616.71); 9(418.99); 10(376.9); 11(706.04); 12(851.84); 13(636.59); 14(57.5); 15(604.16); 16(727.58); 17(481.26); 18(798.08); 19(125.51); 20(873.95); 21(32.31); 22(65.98); 23(462.49); 24(840.2); 25(776.59); 26(610.37); 27(555.9); 28(559.2); 29(50.48); 30(126.4); 31(147.78); 32(731.44); 33(115.16); 34(197.56); 35(688.47); 36(170.11); 37(491.6); 38(707.4); 39(487.44); 40(831.56); 41(657.79); 42(310.7); 43(965.74); 44(81.31); 45(855.17); 46(382.07); 47(686.75); 48(799.17); 49(167.5); 50(907.18); 51(502.76); 52(831.22); 53(985.95); 54(381.04); 55(757.46); 56(51.76); 57(568.75); 58(180.3); 59(519.6); 60(1.78); 61(412.6); 62(143.35); 63(167.04); 64(181.9); 65(513.24); 66(574.85); 67(316.51); 68(556.61); 69(441.59); 70(537.21); 71(834.7); 72(618.49); 73(762.56); 74(926.64); 75(840.87); 76(717.55); 77(857.3); 78(441.43); 79(824.59); 80(717.65); 81(156.35); 82(298.94); 83(151.5); 84(52.5); 85(190.95); 86(289.74); 87(621.96); 88(473.37); 89(733.89); 90(600.22); 91(224.8); 92(95.62); 93(684.43); 94(540.97); 95(957.76); 96(30.22); 97(492.18); 98(157.65); 99(593.3); 100(336.97); 101(576.71); 102(372.33); 103(860.17); 104(21.74); 105(594.19); 106(232.31); 107(932.37); 108(42.47); 109(295.06); 110(656.45); 111(755.99); 112(20.19); 113(440.7); 114(259.49); 115(758.14); 116(280.82); 117(702.48); 118(586.81); 119(443.77); 120(659.98); 121(690.1); 122(210.6); 123(637.84); 124(521.2); 125(300.21); 126(848.43); 127(874.52); 128(194.63); 129(732.81); 130(399.49); 131(517.51); 132(165.87); 133(507.38); 134(348.03); 135(945.18); 136(26.05); 137(533.78); 138(189.3); 139(774.67); 140(553.61); 141(907.04); 142(611.47); 143(118.6); 144(64.26); 145(19.91); 146(679.75); 147(898.31); 148(41.83); 149(472.48); 150(472.29); 151(707.72); 152(627.4); 153(213.96); 154(325.36); 155(251.34); 156(839.06); 157(34.19); 158(470.12); 159(226.51); 160(225.43); 161(408.03); 162(45.35); 163(90.18); 164(349.47); 165(398.15); 166(380.81); 167(957.66); 168(397.65); 169(669.89); 170(496.35); 171(355.49); 172(32.72); 173(897.7); 174(530.2); 175(46.17); 176(371.61); 177(497.31); 178(436.81); 179(166.0); 180(138.6); 181(795.41); 182(46.87); 183(470.8); 184(283.74); 185(238.57); 186(649.55); 187(826.06); 188(163.21); 189(801.64); 190(584.57); 191(839.24); 192(923.93); 193(637.84); 194(269.6); 195(434.71); 196(878.07); 197(453.1); 198(6.95); 199(744.06); 200(575.17); 201(150.75); 202(506.74); 203(727.86); 204(320.17); 205(940.05); 206(624.97); 207(813.46); 208(906.42); 209(717.12); 210(421.11); 211(500.84); 212(453.01); 213(800.33); 214(491.73); 215(398.08); 216(72.4); 217(686.61); 218(920.28); 219(738.07); 220(823.39); 221(587.87); 222(468.28); 223(504.76); 224(34.45); 225(818.93); 226(647.81); 227(307.66); 228(853.12); 229(204.13); 230(245.94); 231(490.73); 232(301.12); 233(289.65); 234(786.0); 235(768.63); 236(707.19); 237(684.71); 238(413.82); 239(996.87); 240(412.67); 241(582.16); 242(606.87); 243(996.88); 244(10.51); 245(79.69); 246(217.19); 247(933.66); 248(640.53); 249(467.89); 250(668.84); 251(358.21); 252(831.07); 253(481.63); 254(2.09); 255(677.35); 256(67.62); 257(468.7); 258(118.93); 259(919.12); 260(124.8); 262(864.67); 263(623.27); 264(953.7); 265(759.46); 266(704.98); 267(940.75); 268(722.81); 269(897.09); 270(609.82); 271(742.88); 272(469.6); 273(640.41); 274(10.13); 275(621.66); 276(227.05); 277(739.73); 278(497.87); 279(230.82); 280(977.18); 281(337.14); 282(461.17); 283(350.18); 284(777.28); 285(382.79); 286(429.03); 287(544.34); 288(482.75); 289(896.13); 290(119.89); 291(620.42); 292(592.72); 293(999.12); 294(502.0); 295(662.18); 296(156.57); 297(607.7); 298(531.04); 299(84.64); 300(554.39); 301(337.4); 302(976.95); 303(571.03); 304(790.67); 305(217.18); 306(130.69); 307(352.75); 308(329.69); 309(770.62); 310(153.52); 311(649.09); 312(244.0); 313(149.85); 314(271.53); 315(755.11); 316(144.49); 317(120.76); 318(785.27); 319(289.44); 320(907.27); 321(413.76); 322(381.78); 323(665.06); 324(521.76); 325(270.68); 326(954.62); 327(290.56); 328(574.84); 329(104.56); 330(972.63); 331(362.45); 332(540.82); 333(945.11); 334(29.47); 335(943.06); 336(106.93); 337(223.35); 338(585.53); 339(197.34); 340(736.29); 341(842.69); 342(52.71); 343(850.69); 344(171.87); 345(105.92); 346(824.06); 347(500.61); 348(104.4); 349(566.37); 350(872.63); 351(722.19); 352(327.01); 353(773.07); 354(386.33); 355(613.75); 356(605.42); 357(434.69); 358(394.51); 359(926.49); 360(879.46); 361(512.08); 362(935.54); 363(669.33); 364(738.51); 365(190.66); 366(89.27); 367(661.3); 368(269.59); 369(968.16); 370(554.25); 371(546.07); 372(416.58); 373(252.33); 374(139.31); 375(167.7); 376(647.93); 377(870.47); 378(397.73); 379(40.94); 380(292.75); 381(475.03); 382(9.22); 383(83.55); 384(705.56); 385(697.7); 386(323.98); 387(488.14); 388(173.23); 389(779.88); 390(150.97); 391(139.33); 392(231.22); 393(34.34); 394(340.18); 395(270.98); 396(301.66); 397(790.9); 398(268.51); 399(377.85); 400(460.63); 401(762.16); 402(55.74); 403(276.82); 404(277.98); 405(953.32); 406(974.3); 407(606.45); 408(904.21); 409(85.29); 410(281.65); 411(355.45); 412(299.36); 413(612.63); 414(781.88); 415(432.92); 416(599.34); 417(172.03); 418(622.89); 419(626.52); 420(988.01); 421(959.9); 422(523.69); 423(927.24); 424(469.04); 425(495.69); 426(147.17); 427(699.61); 428(657.31); 429(443.8); 430(817.97); 431(505.8); 432(403.75); 433(64.32); 434(701.59); 435(198.71); 436(691.35); 437(144.33); 438(449.51); 439(18.77); 440(9.24); 441(428.92); 442(516.2); 443(49.16); 444(31.8); 445(30.8); 446(194.36); 447(373.22); 448(345.81); 449(139.95); 450(477.0); 451(749.11); 452(718.3); 453(170.95); 454(648.29); 455(844.49); 456(210.99); 457(827.19); 458(467.75); 459(562.0); 460(890.14); 461(865.16); 462(734.35); 463(638.75); 464(680.78); 465(85.93); 466(141.16); 467(879.72); 468(851.39); 469(96.56); 470(888.79); 471(33.14); 472(36.41); 473(832.06); 474(446.22); 475(694.63); 476(991.36); 477(309.5); 478(301.82); 479(29.16); 480(586.11); 481(777.41); 482(729.02); 483(864.25); 484(530.71); 485(366.49); 486(744.25); 487(990.49); 488(613.42); 489(505.22); 490(407.89); 491(136.73); 492(364.51); 493(472.59); 494(635.03); 495(624.48); 496(207.45); 497(501.75); 498(51.01); 499(923.44),1
262,0(168.14); 1(974.2); 2(357.46); 3(180.99); 4(269.09); 5(589.69); 6(388.13); 7(666.99); 8(775.21); 9(990.8); 10(24.65); 11(59.88); 12(977.25); 13(417.98); 14(745.64); 15(994.6); 16(401.32); 17(849.94); 18(163.62); 19(727.38); 20(793.01); 21(77.51); 22(608.34); 23(737.42); 24(401.62); 25(215.31); 26(176.56); 27(138.28); 28(554.15); 29(281.74); 30(312.89); 31(751.49); 32(562.85); 33(721.53); 34(240.83); 35(429.88); 36(974.81); 37(131.5); 38(929.04); 39(603.86); 40(633.73); 41(220.52); 42(280.17); 43(687.06); 44(377.45); 45(871.74); 46(767.77); 47(176.3); 48(157.27); 49(12.95); 50(133.75); 51(142.82); 52(161.71); 53(961.15); 54(331.98); 55(680.89); 56(60.35); 57(664.58); 58(290.13); 59(546.79); 60(386.85); 61(764.27); 62(998.43); 63(498.73); 64(838.65); 65(545.82); 66(925.48); 67(170.43); 68(816.93); 69(528.1); 70(226.17); 71(398.76); 72(385.22); 73(12.5); 74(354.93); 75(672.27); 76(388.22); 77(415.76); 78(683.37); 79(443.88); 80(819.61); 81(64.51); 82(266.1); 83(517.35); 84(844.16); 85(515.9); 86(410.12); 87(197.93); 88(908.26); 89(18.17); 90(42.59); 91(707.24); 92(279.07); 93(205.17); 94(318.56); 95(996.21); 96(1.37); 97(505.15); 98(56.89); 99(477.0); 100(200.82); 101(269.31); 102(601.82); 103(80.61); 104(521.97); 105(262.39); 106(720.47); 107(670.88); 108(645.49); 109(556.56); 110(64.62); 111(326.72); 112(692.73); 113(62.07); 114(100.85); 115(458.27); 116(249.57); 117(320.17); 118(227.64); 119(106.49); 120(688.05); 121(936.33); 122(527.68); 123(545.16); 124(575.51); 125(902.47); 126(548.05); 127(273.41); 128(387.01); 129(853.58); 130(455.24); 131(621.85); 132(619.17); 133(705.97); 134(980.8); 135(404.97); 136(503.76); 137(23.8); 138(118.33); 139(135.18); 140(253.47); 141(959.17); 142(15.52); 143(75.15); 144(591.08); 145(799.79); 146(668.36); 147(594.69); 148(362.73); 149(123.2); 150(937.49); 151(199.97); 152(865.55); 153(289.35); 154(884.32); 155(323.62); 156(601.42); 157(409.81); 158(899.57); 159(734.11); 160(553.14); 161(211.42); 162(412.27); 163(345.96); 164(966.21); 165(429.76); 166(793.76); 167(565.32); 168(300.4); 169(955.45); 170(448.16); 171(83.02); 172(112.49); 173(443.36); 174(204.95); 175(576.36); 176(286.15); 177(224.41); 178(962.95); 179(658.55); 180(739.08); 181(643.61); 182(425.15); 183(9.51); 184(437.95); 185(485.15); 186(654.3); 187(908.11); 188(726.37); 189(174.52); 190(117.32); 191(559.72); 192(714.21); 193(610.99); 194(755.17); 195(201.51); 196(430.36); 197(907.16); 198(150.55); 199(706.51); 200(934.5); 201(246.06); 202(67.62); 203(800.93); 204(118.61); 205(518.02); 206(662.41); 207(977.42); 208(914.36); 209(385.6); 210(980.29); 211(708.09); 212(684.84); 213(25.72); 214(814.33); 215(495.02); 216(740.01); 217(744.17); 218(92.77); 219(746.04); 220(668.42); 221(224.3); 222(376.17); 223(24.99); 224(157.89); 225(6.29); 226(190.07); 227(824.03); 228(123.95); 229(738.84); 230(697.93); 231(112.85); 232(444.08); 233(4.03); 234(95.0); 235(917.5); 236(769.63); 237(607.18); 238(194.55); 239(283.9); 240(290.26); 241(472.8); 242(307.13); 243(145.67); 244(174.08); 245(761.51); 246(47.17); 247(363.51); 248(647.02); 249(13.18); 250(105.01); 251(17.25); 252(196.39); 253(233.42); 254(49.06); 255(218.38); 256(137.27); 257(672.48); 258(970.56); 259(69.76); 260(982.75); 261(864.67); 263(906.47); 264(126.9); 265(689.62); 266(383.63); 267(534.42); 268(815.1); 269(829.07); 270(578.31); 271(341.18); 272(376.69); 273(433.54); 274(735.37); 275(686.42); 276(98.29); 277(200.4); 278(419.0); 279(121.88); 280(542.49); 281(775.76); 282(227.73); 283(649.8); 284(983.53); 285(966.62); 286(125.75); 287(36.42); 288(322.12); 289(67.05); 290(323.03); 291(385.36); 292(711.7); 293(915.0); 294(890.82); 295(952.98); 296(152.6); 297(245.0); 298(505.8); 299(875.59); 300(11.77); 301(657.85); 302(169.35); 303(200.94); 304(936.35); 305(449.61); 306(540.8); 307(127.33); 308(317.15); 309(623.73); 310(758.2); 311(311.68); 312(583.27); 313(435.57); 314(827.37); 315(376.19); 316(880.13); 317(286.21); 318(872.0); 319(444.91); 320(332.77); 321(971.86); 322(660.7); 323(77.64); 324(252.31); 325(660.04); 326(784.88); 327(433.19); 328(84.46); 329(66.64); 330(408.15); 331(86.85); 332(264.53); 333(218.9); 334(983.97); 335(893.57); 336(14.59); 337(135.12); 338(152.81); 339(185.8); 340(487.09); 341(743.85); 342(488.69); 343(522.62); 344(749.46); 345(995.15); 346(703.15); 347(47.2); 348(698.31); 349(152.03); 350(828.52); 351(617.41); 352(892.23); 353(170.77); 354(408.71); 355(4.19); 356(687.33); 357(535.1); 358(453.58); 359(759.49); 360(556.58); 361(919.5); 362(986.83); 363(33.46); 364(603.07); 365(952.64); 366(710.29); 367(56.92); 368(165.45); 369(437.52); 370(61.63); 371(567.28); 372(875.3); 373(798.19); 374(912.57); 375(635.11); 376(678.76); 377(702.55); 378(510.58); 379(940.34); 380(813.18); 381(227.68); 382(999.32); 383(949.1); 384(569.02); 385(332.29); 386(89.72); 387(149.73); 388(16.56); 389(997.35); 390(786.56); 391(607.56); 392(249.05); 393(139.73); 394(593.45); 395(569.69); 396(236.82); 397(925.58); 398(994.18); 399(30.84); 400(119.96); 401(304.06); 402(709.11); 403(290.16); 404(349.24); 405(147.34); 406(618.91); 407(844.08); 408(107.62); 409(945.15); 410(700.18); 411(624.12); 412(322.97); 413(582.92); 414(178.9); 415(424.82); 416(538.16); 417(418.65); 418(460.81); 419(994.11); 420(218.85); 421(568.73); 422(32.99); 423(886.24); 424(663.86); 425(507.65); 426(705.09); 427(169.12); 428(685.41); 429(461.35); 430(136.86); 431(262.94); 432(930.86); 433(785.27); 434(568.01); 435(742.71); 436(88.11); 437(834.27); 438(332.7); 439(26.88); 440(621.73); 441(277.77); 442(718.92); 443(53.99); 444(275.73); 445(675.06); 446(198.11); 447(257.71); 448(866.21); 449(973.33); 450(928.91); 451(686.61); 452(868.95); 453(365.61); 454(317.08); 455(647.69); 456(796.52); 457(824.65); 458(789.87); 459(523.55); 460(683.69); 461(944.77); 462(449.91); 463(393.73); 464(52.51); 465(571.22); 466(453.8); 467(761.36); 468(216.33); 469(696.16); 470(659.74); 471(383.56); 472(687.13); 473(776.56); 474(998.81); 475(720.37); 476(907.9); 477(675.12); 478(696.53); 479(368.63); 480(506.85); 481(297.17); 482(367.35); 483(348.28); 484(895.41); 485(761.87); 486(568.47); 487(403.74); 488(387.03); 489(722.94); 490(763.82); 491(212.96); 492(146.16); 493(433.54); 494(69.34); 495(542.84); 496(941.19); 497(156.27); 498(812.89); 499(856.83),1
263,0(507.32); 1(890.82); 2(904.85); 3(83.49); 4(831.08); 5(456.3); 6(370.16); 7(301.92); 8(243.72); 9(142.57); 10(221.1); 11(49.01); 12(990.68); 13(328.87); 14(606.7); 15(631.96); 16(784.72); 17(393.62); 18(167.44); 19(125.01); 20(921.89); 21(983.5); 22(288.89); 23(585.02); 24(361.87); 25(987.46); 26(801.07); 27(252.63); 28(252.03); 29(609.86); 30(121.72); 31(543.19); 32(778.0); 33(665.23); 34(729.61); 35(735.3); 36(546.24); 37(461.33); 38(292.63); 39(530.63); 40(93.55); 41(149.78); 42(324.99); 43(685.7); 44(920.65); 45(23.49); 46(831.81); 47(1.57); 48(244.89); 49(25.35); 50(618.21); 51(769.22); 52(983.52); 53(991.18); 54(382.67); 55(812.15); 56(691.17); 57(399.1); 58(333.84); 59(343.7); 60(841.55); 61(864.2); 62(760.19); 63(259.95); 64(206.84); 65(330.93); 66(516.03); 67(830.51); 68(276.62); 69(506.46); 70(295.6); 71(605.81); 72(952.57); 73(555.42); 74(250.51); 75(510.86); 76(996.0); 77(438.6); 78(996.31); 79(902.47); 80(524.98); 81(703.36); 82(232.24); 83(645.5); 84(701.81); 85(399.57); 86(908.53); 87(14.5); 88(769.56); 89(674.56); 90(345.35); 91(814.33); 92(678.61); 93(575.56); 94(471.31); 95(149.11); 96(682.07); 97(502.27); 98(691.14); 99(109.51); 100(551.78); 101(977.73); 102(521.14); 103(737.46); 104(5.88); 105(938.69); 106(474.59); 107(982.85); 108(297.25); 109(809.18); 110(768.78); 111(551.03); 112(466.53); 113(244.73); 114(180.88); 115(999.45); 116(25.99); 117(940.1); 118(592.17); 119(106.08); 120(341.7); 121(261.66); 122(46.11); 123(399.8); 124(147.59); 125(219.1); 126(387.1); 127(789.31); 128(490.99); 129(465.34); 130(838.68); 131(11.05); 132(390.58); 133(923.67); 134(208.81); 135(921.91); 136(826.74); 137(970.82); 138(2.57); 139(370.9); 140(786.37); 141(262.46); 142(981.86); 143(935.02); 144(721.91); 145(942.42); 146(149.53); 147(748.1); 148(208.26); 149(435.05); 150(125.31); 151(471.14); 152(333.89); 153(291.47); 154(437.76); 155(981.95); 156(359.25); 157(948.58); 158(726.4); 159(154.48); 160(945.38); 161(275.09); 162(311.4); 163(636.58); 164(588.54); 165(219.84); 166(411.14); 167(997.04); 168(682.73); 169(842.69); 170(97.06); 171(489.28); 172(630.28); 173(745.39); 174(543.99); 175(925.35); 176(76.52); 177(147.59); 178(462.52); 179(198.9); 180(699.1); 181(21.11); 182(98.71); 183(638.03); 184(535.2); 185(879.21); 186(227.6); 187(850.16); 188(968.06); 189(889.89); 190(478.5); 191(949.32); 192(765.41); 193(76.46); 194(471.78); 195(418.06); 196(552.06); 197(857.37); 198(907.45); 199(256.5); 200(283.36); 201(507.64); 202(62.87); 203(432.93); 204(834.92); 205(249.4); 206(993.01); 207(343.83); 208(689.37); 209(75.83); 210(308.49); 211(758.88); 212(152.78); 213(352.94); 214(870.63); 215(419.14); 216(574.2); 217(292.67); 218(667.97); 219(910.65); 220(700.96); 221(284.41); 222(491.49); 223(775.08); 224(507.57); 225(415.52); 226(153.75); 227(563.37); 228(253.49); 229(692.39); 230(39.25); 231(284.59); 232(226.47); 233(784.54); 234(290.97); 235(932.74); 236(76.38); 237(978.07); 238(678.58); 239(311.45); 240(337.21); 241(791.53); 242(386.67); 243(831.19); 244(129.44); 245(881.21); 246(733.55); 247(579.22); 248(902.43); 249(528.85); 250(381.94); 251(76.46); 252(810.27); 253(770.19); 254(587.67); 255(205.23); 256(465.22); 257(947.19); 258(308.59); 259(244.5); 260(390.44); 261(623.27); 262(906.47); 264(874.02); 265(53.04); 266(978.16); 267(796.78); 268(302.99); 269(129.7); 270(30.87); 271(223.67); 272(562.63); 273(352.4); 274(438.35); 275(442.76); 276(599.72); 277(805.27); 278(129.02); 279(961.2); 280(585.96); 281(935.27); 282(118.52); 283(177.13); 284(52.62); 285(647.21); 286(203.25); 287(80.3); 288(602.55); 289(298.66); 290(49.73); 291(302.59); 292(58.2); 293(396.02); 294(93.3); 295(527.09); 296(997.25); 297(611.16); 298(821.59); 299(408.11); 300(841.15); 301(681.64); 302(148.17); 303(581.48); 304(366.25); 305(907.79); 306(224.45); 307(203.8); 308(789.48); 309(606.19); 310(827.4); 311(272.37); 312(875.43); 313(602.85); 314(800.17); 315(207.24); 316(648.12); 317(663.66); 318(711.19); 319(651.2); 320(797.71); 321(18.94); 322(765.32); 323(574.03); 324(771.86); 325(616.32); 326(362.86); 327(637.56); 328(823.04); 329(146.81); 330(243.25); 331(900.05); 332(93.97); 333(935.15); 334(94.32); 335(416.06); 336(327.04); 337(235.93); 338(309.15); 339(521.53); 340(604.37); 341(526.39); 342(64.03); 343(939.43); 344(811.22); 345(124.76); 346(785.63); 347(516.93); 348(612.38); 349(556.04); 350(537.91); 351(133.32); 352(639.05); 353(748.64); 354(270.7); 355(301.64); 356(779.58); 357(283.23); 358(521.74); 359(867.79); 360(281.11); 361(704.88); 362(616.57); 363(363.37); 364(952.87); 365(675.15); 366(825.01); 367(925.12); 368(376.37); 369(748.62); 370(794.32); 371(344.56); 372(747.13); 373(454.21); 374(398.23); 375(180.58); 376(195.46); 377(558.0); 378(432.89); 379(500.89); 380(873.87); 381(291.05); 382(370.72); 383(764.89); 384(53.4); 385(462.02); 386(981.97); 387(828.96); 388(161.18); 389(301.52); 390(856.16); 391(171.44); 392(248.2); 393(15.32); 394(948.19); 395(446.71); 396(497.79); 397(420.8); 398(749.22); 399(636.16); 400(634.57); 401(940.84); 402(535.2); 403(683.72); 404(948.92); 405(183.03); 406(177.05); 407(171.82); 408(686.95); 409(699.64); 410(384.85); 411(346.2); 412(16.76); 413(46.06); 414(358.79); 415(243.33); 416(329.83); 417(908.93); 418(597.12); 419(803.24); 420(341.08); 421(225.66); 422(416.6); 423(252.75); 424(607.63); 425(766.62); 426(408.64); 427(616.36); 428(776.92); 429(286.83); 430(651.18); 431(688.38); 432(563.59); 433(247.99); 434(368.23); 435(502.25); 436(101.07); 437(813.11); 438(567.31); 439(936.7); 440(647.77); 441(115.82); 442(760.13); 443(738.46); 444(834.04); 445(525.84); 446(395.86); 447(80.84); 448(487.8); 449(702.46); 450(81.48); 451(212.26); 452(498.06); 453(628.62); 454(871.02); 455(972.73); 456(159.37); 457(929.13); 458(308.37); 459(917.3); 460(629.04); 461(353.72); 462(930.08); 463(846.77); 464(936.87); 465(859.56); 466(738.6); 467(643.93); 468(683.67); 469(144.0); 470(686.67); 471(443.87); 472(458.17); 473(486.75); 474(419.06); 475(624.52); 476(181.32); 477(955.44); 478(988.7); 479(627.43); 480(153.36); 481(601.15); 482(446.47); 483(944.71); 484(922.34); 485(617.94); 486(48.25); 487(44.33); 488(455.97); 489(133.14); 490(826.21); 491(959.7); 492(358.4); 493(5.64); 494(543.94); 495(968.09); 496(187.26); 497(753.82); 498(822.7); 499(684.53),1
264,0(627.39); 1(195.8); 2(377.77); 3(902.64); 4(168.83); 5(980.13); 6(282.13); 7(258.53); 8(659.77); 9(979.07); 10(920.17); 11(43.77); 12(367.89); 13(373.18); 14(809.6); 15(110.81); 16(511.36); 17(831.83); 18(429.8); 19(586.84); 20(531.14); 21(509.5); 22(741.3); 23(219.65); 24(188.05); 25(162.97); 26(778.37); 27(602.04); 28(321.1); 29(307.6); 30(306.89); 31(33.97); 32(301.0); 33(90.75); 34(394.8); 35(514.95); 36(500.87); 37(403.95); 38(353.2); 39(49.28); 40(243.03); 41(140.32); 42(291.72); 43(162.84); 44(729.56); 45(822.5); 46(438.53); 47(419.35); 48(234.86); 49(959.32); 50(788.62); 51(406.23); 52(836.42); 53(397.91); 54(540.01); 55(154.16); 56(263.51); 57(640.9); 58(168.78); 59(651.5); 60(517.56); 61(642.8); 62(81.44); 63(207.93); 64(181.31); 65(551.8); 66(657.69); 67(473.99); 68(468.38); 69(73.78); 70(595.66); 71(656.71); 72(173.96); 73(933.0); 74(448.84); 75(226.97); 76(565.71); 77(299.66); 78(943.3); 79(856.39); 80(735.39); 81(953.27); 82(205.3); 83(470.89); 84(433.29); 85(814.7); 86(415.34); 87(463.59); 88(857.2); 89(764.75); 90(25.94); 91(636.98); 92(427.82); 93(500.73); 94(809.97); 95(144.14); 96(627.55); 97(21.3); 98(626.3); 99(296.74); 100(838.88); 101(702.29); 102(61.96); 103(844.26); 104(552.85); 105(26.81); 106(960.43); 107(188.7); 108(145.6); 109(925.19); 110(456.71); 111(874.9); 112(812.26); 113(651.17); 114(270.91); 115(746.83); 116(396.66); 117(451.57); 118(347.73); 119(520.18); 120(325.49); 121(227.72); 122(485.23); 123(159.61); 124(774.24); 125(34.81); 126(925.29); 127(949.59); 128(942.23); 129(529.85); 130(513.69); 131(582.82); 132(772.62); 133(153.82); 134(756.29); 135(922.86); 136(80.79); 137(650.0); 138(994.24); 139(994.65); 140(809.42); 141(133.86); 142(726.39); 143(87.73); 144(405.38); 145(642.72); 146(927.62); 147(543.12); 148(71.55); 149(563.86); 150(749.76); 151(21.92); 152(36.02); 153(237.08); 154(782.22); 155(461.11); 156(66.22); 157(275.52); 158(350.89); 159(328.01); 160(808.1); 161(776.68); 162(582.62); 163(391.0); 164(403.89); 165(737.22); 166(696.81); 167(676.24); 168(935.3); 169(266.71); 170(752.8); 171(211.65); 172(682.64); 173(333.55); 174(562.83); 175(418.64); 176(345.76); 177(996.07); 178(195.2); 179(797.73); 180(144.09); 181(576.17); 182(896.87); 183(57.54); 184(132.95); 185(157.32); 186(991.19); 187(948.49); 188(30.49); 189(964.67); 190(519.52); 191(627.65); 192(55.06); 193(133.43); 194(682.1); 195(722.49); 196(566.72); 197(661.77); 198(16.66); 199(838.45); 200(367.61); 201(452.08); 202(382.0); 203(251.43); 204(773.39); 205(933.87); 206(934.2); 207(212.14); 208(956.1); 209(804.02); 210(357.88); 211(57.59); 212(420.89); 213(559.91); 214(720.89); 215(761.23); 216(642.31); 217(700.3); 218(433.41); 219(540.53); 220(365.1); 221(132.5); 222(0.87); 223(23.43); 224(455.43); 225(556.49); 226(816.97); 227(364.35); 228(771.99); 229(265.7); 230(724.71); 231(354.99); 232(437.31); 233(488.21); 234(767.88); 235(205.27); 236(22.61); 237(0.18); 238(850.76); 239(697.0); 240(523.82); 241(918.12); 242(34.28); 243(404.67); 244(851.92); 245(430.23); 246(798.04); 247(823.96); 248(14.94); 249(176.56); 250(725.85); 251(687.67); 252(917.16); 253(189.43); 254(809.78); 255(307.72); 256(795.0); 257(133.92); 258(843.92); 259(482.06); 260(526.85); 261(953.7); 262(126.9); 263(874.02); 265(801.93); 266(493.63); 267(843.22); 268(306.08); 269(740.11); 270(704.6); 271(873.25); 272(669.71); 273(755.07); 274(468.18); 275(197.87); 276(845.93); 277(134.57); 278(906.93); 279(559.52); 280(561.6); 281(125.58); 282(843.52); 283(860.86); 284(948.67); 285(892.37); 286(375.57); 287(708.72); 288(672.66); 289(186.79); 290(807.38); 291(912.33); 292(706.02); 293(33.37); 294(750.5); 295(415.04); 296(173.92); 297(239.68); 298(167.19); 299(85.45); 300(915.4); 301(757.35); 302(184.74); 303(240.04); 304(701.92); 305(707.92); 306(609.15); 307(453.77); 308(237.36); 309(601.9); 310(86.54); 311(924.02); 312(407.23); 313(938.06); 314(635.97); 315(823.88); 316(87.08); 317(287.91); 318(590.83); 319(684.5); 320(798.05); 321(418.91); 322(839.63); 323(200.88); 324(907.59); 325(278.43); 326(479.71); 327(716.04); 328(48.73); 329(167.96); 330(766.69); 331(983.41); 332(704.72); 333(697.05); 334(132.84); 335(861.05); 336(621.09); 337(843.75); 338(852.25); 339(576.79); 340(538.6); 341(956.0); 342(516.24); 343(839.55); 344(495.29); 345(287.52); 346(340.69); 347(358.34); 348(659.54); 349(84.4); 350(197.52); 351(750.4); 352(494.74); 353(87.44); 354(778.81); 355(755.36); 356(531.47); 357(191.32); 358(791.04); 359(481.75); 360(506.01); 361(446.72); 362(195.12); 363(256.3); 364(220.67); 365(997.38); 366(897.49); 367(134.8); 368(883.69); 369(274.03); 370(210.83); 371(522.99); 372(948.49); 373(390.09); 374(202.84); 375(578.33); 376(309.25); 377(602.69); 378(31.34); 379(501.76); 380(831.04); 381(883.33); 382(387.49); 383(349.38); 384(109.76); 385(788.21); 386(505.73); 387(980.07); 388(324.76); 389(401.5); 390(621.91); 391(283.06); 392(794.96); 393(615.46); 394(948.32); 395(809.35); 396(346.01); 397(177.11); 398(808.83); 399(476.72); 400(281.47); 401(74.98); 402(401.33); 403(621.94); 404(933.51); 405(498.4); 406(63.73); 407(752.74); 408(213.95); 409(746.31); 410(519.3); 411(65.96); 412(73.61); 413(541.59); 414(136.53); 415(749.06); 416(828.5); 417(504.54); 418(461.6); 419(453.98); 420(132.48); 421(791.98); 422(819.69); 423(470.41); 424(366.24); 425(635.46); 426(179.14); 427(151.8); 428(529.01); 429(254.87); 430(167.27); 431(322.43); 432(867.16); 433(391.76); 434(534.56); 435(816.22); 436(461.19); 437(470.08); 438(286.23); 439(884.58); 440(706.67); 441(781.41); 442(983.26); 443(431.41); 444(332.12); 445(303.71); 446(121.49); 447(350.9); 448(239.23); 449(688.37); 450(939.69); 451(994.84); 452(917.21); 453(794.13); 454(244.3); 455(606.92); 456(187.21); 457(723.6); 458(447.14); 459(457.48); 460(819.02); 461(747.52); 462(575.59); 463(434.12); 464(335.05); 465(917.39); 466(385.95); 467(511.59); 468(541.82); 469(32.6); 470(918.38); 471(385.2); 472(713.23); 473(142.93); 474(421.53); 475(574.16); 476(272.07); 477(824.3); 478(877.7); 479(365.07); 480(566.41); 481(725.58); 482(167.94); 483(460.06); 484(350.07); 485(912.96); 486(537.95); 487(618.32); 488(2.76); 489(813.21); 490(920.97); 491(27.15); 492(955.15); 493(423.49); 494(703.93); 495(61.37); 496(613.22); 497(922.31); 498(196.33); 499(969.88),1
265,0(914.06); 1(805.21); 2(684.63); 3(313.99); 4(287.76); 5(791.56); 6(729.14); 7(379.66); 8(143.81); 9(466.74); 10(435.33); 11(961.3); 12(279.52); 13(677.66); 14(891.43); 15(162.41); 16(542.73); 17(530.66); 18(610.72); 19(145.14); 20(646.75); 21(322.85); 22(534.49); 23(875.74); 24(522.67); 25(231.98); 26(563.63); 27(867.55); 28(724.43); 29(828.41); 30(494.08); 31(981.54); 32(829.96); 33(738.38); 34(99.61); 35(944.21); 36(738.78); 37(830.97); 38(552.92); 39(684.19); 40(85.1); 41(506.76); 42(254.0); 43(749.41); 44(249.1); 45(53.83); 46(180.45); 47(824.74); 48(633.61); 49(73.99); 50(108.88); 51(260.89); 52(417.94); 53(308.7); 54(383.9); 55(652.16); 56(149.98); 57(925.66); 58(393.02); 59(693.88); 60(404.74); 61(975.39); 62(644.93); 63(530.76); 64(955.93); 65(581.48); 66(127.96); 67(387.43); 68(351.01); 69(603.77); 70(35.83); 71(478.2); 72(311.51); 73(410.66); 74(545.25); 75(170.18); 76(1.45); 77(564.19); 78(770.33); 79(403.27); 80(563.14); 81(976.25); 82(196.31); 83(681.16); 84(519.33); 85(348.57); 86(910.06); 87(938.19); 88(424.93); 89(940.43); 90(220.8); 91(534.21); 92(931.46); 93(834.57); 94(38.27); 95(685.52); 96(624.3); 97(971.35); 98(563.15); 99(932.68); 100(718.54); 101(183.05); 102(346.69); 103(32.08); 104(357.31); 105(542.07); 106(685.18); 107(647.14); 108(869.43); 109(219.93); 110(784.96); 111(763.33); 112(441.09); 113(293.7); 114(922.33); 115(862.9); 116(991.6); 117(760.24); 118(311.65); 119(580.11); 120(516.45); 121(533.31); 122(718.62); 123(47.85); 124(557.53); 125(538.2); 126(709.41); 127(917.28); 128(999.78); 129(422.8); 130(503.25); 131(173.45); 132(894.87); 133(729.83); 134(874.2); 135(642.27); 136(779.81); 137(528.65); 138(259.15); 139(148.84); 140(111.88); 141(180.28); 142(88.76); 143(539.38); 144(410.57); 145(669.36); 146(217.5); 147(663.37); 148(800.69); 149(204.61); 150(583.94); 151(285.07); 152(100.14); 153(87.76); 154(991.24); 155(945.96); 156(953.05); 157(309.32); 158(970.22); 159(151.36); 160(922.32); 161(155.97); 162(744.44); 163(101.5); 164(928.35); 165(144.67); 166(456.94); 167(222.68); 168(326.96); 169(768.25); 170(630.64); 171(408.99); 172(576.16); 173(450.03); 174(739.03); 175(885.77); 176(790.66); 177(725.06); 178(36.02); 179(98.03); 180(606.67); 181(784.09); 182(188.31); 183(993.17); 184(32.99); 185(437.98); 186(600.29); 187(137.55); 188(265.93); 189(838.45); 190(474.44); 191(468.77); 192(233.61); 193(223.73); 194(366.75); 195(413.96); 196(862.96); 197(307.59); 198(332.67); 199(64.73); 200(106.45); 201(464.34); 202(319.02); 203(314.6); 204(355.33); 205(57.22); 206(115.01); 207(715.53); 208(624.77); 209(490.99); 210(650.13); 211(677.48); 212(611.19); 213(420.18); 214(489.6); 215(891.16); 216(852.69); 217(877.94); 218(857.82); 219(102.51); 220(442.19); 221(469.91); 222(882.16); 223(800.39); 224(638.57); 225(94.78); 226(559.72); 227(421.16); 228(387.21); 229(9.18); 230(482.84); 231(97.15); 232(488.51); 233(279.36); 234(592.58); 235(270.14); 236(670.94); 237(751.98); 238(588.61); 239(655.36); 240(551.1); 241(288.5); 242(473.02); 243(161.55); 244(769.6); 245(465.73); 246(439.65); 247(83.79); 248(54.28); 249(462.46); 250(825.13); 251(304.6); 252(594.55); 253(81.24); 254(224.91); 255(451.92); 256(637.24); 257(951.53); 258(255.13); 259(296.2); 260(527.69); 261(759.46); 262(689.62); 263(53.04); 264(801.93); 266(18.71); 267(294.44); 268(583.36); 269(736.57); 270(325.27); 271(231.23); 272(822.36); 273(350.91); 274(939.91); 275(721.86); 276(16.96); 277(421.74); 278(234.45); 279(909.92); 280(179.15); 281(61.94); 282(622.11); 283(789.22); 284(627.14); 285(977.18); 286(536.28); 287(578.48); 288(805.54); 289(707.77); 290(7.95); 291(791.0); 292(608.89); 293(701.66); 294(350.82); 295(337.85); 296(264.07); 297(748.14); 298(160.33); 299(789.52); 300(313.03); 301(794.43); 302(988.48); 303(749.19); 304(405.85); 305(111.6); 306(651.96); 307(770.25); 308(868.81); 309(170.79); 310(615.08); 311(3.52); 312(960.65); 313(59.9); 314(567.44); 315(866.56); 316(100.87); 317(630.83); 318(428.89); 319(895.59); 320(14.08); 321(115.6); 322(510.28); 323(19.44); 324(17.25); 325(130.15); 326(256.79); 327(150.99); 328(665.68); 329(782.5); 330(621.54); 331(996.91); 332(651.53); 333(726.74); 334(979.29); 335(321.14); 336(538.76); 337(557.96); 338(745.88); 339(453.37); 340(974.26); 341(281.9); 342(542.25); 343(334.64); 344(797.3); 345(944.18); 346(966.71); 347(355.77); 348(703.12); 349(871.09); 350(962.76); 351(760.56); 352(450.35); 353(451.28); 354(873.32); 355(425.52); 356(888.54); 357(281.67); 358(970.96); 359(893.6); 360(762.28); 361(1.54); 362(460.78); 363(641.97); 364(706.9); 365(707.74); 366(254.04); 367(60.82); 368(666.16); 369(525.33); 370(247.37); 371(107.07); 372(336.94); 373(779.01); 374(168.16); 375(4.31); 376(340.75); 377(269.07); 378(139.34); 379(238.59); 380(458.44); 381(207.59); 382(867.82); 383(253.19); 384(360.68); 385(819.35); 386(144.0); 387(797.12); 388(718.45); 389(746.46); 390(271.09); 391(130.47); 392(405.77); 393(599.01); 394(950.99); 395(201.84); 396(373.53); 397(955.84); 398(136.45); 399(282.67); 400(105.89); 401(551.32); 402(89.5); 403(915.04); 404(174.14); 405(318.7); 406(262.25); 407(844.52); 408(48.8); 409(904.66); 410(825.92); 411(740.76); 412(628.56); 413(27.8); 414(665.4); 415(811.35); 416(254.15); 417(912.65); 418(708.84); 419(572.34); 420(68.73); 421(165.46); 422(890.13); 423(630.96); 424(168.24); 425(636.68); 426(891.61); 427(547.3); 428(651.17); 429(56.53); 430(840.43); 431(369.19); 432(284.08); 433(734.2); 434(877.92); 435(752.36); 436(314.53); 437(254.82); 438(894.66); 439(649.58); 440(538.53); 441(325.8); 442(111.99); 443(526.16); 444(41.78); 445(618.63); 446(562.3); 447(716.64); 448(211.55); 449(439.73); 450(68.11); 451(204.83); 452(750.01); 453(296.37); 454(676.92); 455(371.01); 456(489.55); 457(368.87); 458(225.49); 459(619.26); 460(950.55); 461(773.14); 462(544.3); 463(484.2); 464(449.88); 465(176.24); 466(625.79); 467(6.69); 468(868.34); 469(618.09); 470(528.72); 471(423.71); 472(40.13); 473(796.25); 474(988.4); 475(861.73); 476(87.23); 477(104.83); 478(756.74); 479(787.17); 480(375.08); 481(880.07); 482(716.4); 483(887.79); 484(801.32); 485(386.67); 486(72.35); 487(682.2); 488(463.21); 489(610.53); 490(932.21); 491(749.82); 492(450.59); 493(459.05); 494(278.88); 495(542.29); 496(408.14); 497(718.88); 498(257.43); 499(601.03),1
266,0(769.08); 1(510.54); 2(749.54); 3(60.02); 4(855.95); 5(807.16); 6(583.9); 7(850.63); 8(912.34); 9(703.23); 10(163.79); 11(778.73); 12(551.8); 13(578.23); 14(323.38); 15(846.67); 16(50.52); 17(425.92); 18(296.73); 19(139.15); 20(385.69); 21(128.04); 22(990.51); 23(884.23); 24(721.72); 25(757.75); 26(981.26); 27(299.65); 28(777.33); 29(16.0); 30(859.96); 31(510.72); 32(949.23); 33(802.84); 34(365.93); 35(290.95); 36(484.12); 37(949.01); 38(602.18); 39(835.38); 40(929.55); 41(247.83); 42(801.96); 43(675.63); 44(430.46); 45(466.55); 46(626.09); 47(690.46); 48(912.77); 49(593.16); 50(893.49); 51(666.65); 52(584.59); 53(640.62); 54(270.6); 55(178.07); 56(63.28); 57(771.35); 58(402.67); 59(979.95); 60(846.55); 61(901.21); 62(137.16); 63(326.0); 64(784.04); 65(799.84); 66(492.17); 67(98.52); 68(640.51); 69(155.06); 70(152.02); 71(292.07); 72(99.03); 73(157.7); 74(512.07); 75(747.59); 76(237.86); 77(46.7); 78(984.48); 79(41.5); 80(981.79); 81(275.18); 82(811.18); 83(491.66); 84(177.05); 85(848.13); 86(299.42); 87(527.6); 88(995.12); 89(334.35); 90(795.35); 91(713.43); 92(143.44); 93(222.9); 94(551.75); 95(618.79); 96(73.75); 97(455.38); 98(106.09); 99(674.3); 100(271.74); 101(747.77); 102(808.85); 103(322.43); 104(315.22); 105(77.35); 106(969.23); 107(703.36); 108(214.06); 109(818.45); 110(293.38); 111(921.89); 112(950.02); 113(629.17); 114(309.67); 115(167.47); 116(816.11); 117(470.54); 118(451.21); 119(954.4); 120(791.42); 121(274.54); 122(339.89); 123(726.39); 124(39.8); 125(782.46); 126(249.76); 127(964.93); 128(580.47); 129(106.25); 130(467.18); 131(798.94); 132(586.05); 133(557.91); 134(91.52); 135(219.29); 136(548.42); 137(831.24); 138(698.09); 139(971.02); 140(815.48); 141(431.76); 142(894.73); 143(167.53); 144(990.66); 145(378.57); 146(906.43); 147(144.64); 148(110.21); 149(726.01); 150(611.39); 151(947.61); 152(202.19); 153(754.25); 154(657.25); 155(470.67); 156(428.09); 157(512.19); 158(349.94); 159(59.25); 160(913.37); 161(952.66); 162(276.55); 163(344.8); 164(966.07); 165(338.82); 166(778.46); 167(454.8); 168(794.23); 169(565.52); 170(704.03); 171(666.63); 172(928.16); 173(8.72); 174(819.58); 175(525.81); 176(891.63); 177(495.14); 178(440.53); 179(352.86); 180(96.45); 181(8.16); 182(285.97); 183(294.97); 184(204.79); 185(120.08); 186(353.63); 187(294.23); 188(666.45); 189(628.25); 190(415.44); 191(513.93); 192(139.0); 193(723.39); 194(86.83); 195(739.56); 196(558.0); 197(61.5); 198(55.58); 199(51.39); 200(731.55); 201(448.88); 202(193.88); 203(116.13); 204(577.79); 205(650.66); 206(525.88); 207(965.38); 208(210.74); 209(458.36); 210(217.58); 211(617.56); 212(849.08); 213(845.51); 214(153.44); 215(485.46); 216(894.19); 217(890.36); 218(139.83); 219(260.98); 220(712.78); 221(801.63); 222(562.16); 223(826.77); 224(747.38); 225(621.2); 226(667.74); 227(337.21); 228(223.23); 229(408.52); 230(162.01); 231(699.54); 232(969.51); 233(19.94); 234(40.75); 235(352.68); 236(61.58); 237(197.48); 238(863.01); 239(906.73); 240(902.1); 241(607.77); 242(657.32); 243(239.32); 244(145.35); 245(3.33); 246(60.24); 247(171.05); 248(641.95); 249(609.05); 250(12.68); 251(857.72); 252(517.59); 253(682.3); 254(867.49); 255(965.61); 256(883.27); 257(427.6); 258(55.56); 259(899.18); 260(484.91); 261(704.98); 262(383.63); 263(978.16); 264(493.63); 265(18.71); 267(828.1); 268(196.1); 269(644.9); 270(412.71); 271(831.84); 272(523.27); 273(855.6); 274(218.71); 275(47.69); 276(44.43); 277(966.37); 278(381.41); 279(339.82); 280(924.0); 281(886.25); 282(812.59); 283(40.27); 284(369.19); 285(133.61); 286(124.64); 287(136.7); 288(719.61); 289(171.91); 290(379.96); 291(686.52); 292(106.54); 293(999.77); 294(754.37); 295(422.27); 296(479.51); 297(308.05); 298(102.48); 299(487.02); 300(9.61); 301(112.68); 302(32.18); 303(625.19); 304(516.54); 305(760.42); 306(188.89); 307(561.65); 308(495.12); 309(121.45); 310(844.5); 311(723.98); 312(258.56); 313(947.92); 314(207.46); 315(198.52); 316(158.65); 317(588.88); 318(979.56); 319(281.88); 320(627.54); 321(702.36); 322(300.76); 323(411.6); 324(127.24); 325(776.02); 326(479.11); 327(3.5); 328(317.7); 329(233.22); 330(884.74); 331(683.78); 332(552.6); 333(909.61); 334(897.89); 335(578.53); 336(5.02); 337(442.19); 338(42.59); 339(832.97); 340(74.9); 341(399.93); 342(138.74); 343(160.89); 344(221.99); 345(989.97); 346(959.1); 347(168.25); 348(256.36); 349(407.12); 350(394.38); 351(436.31); 352(533.01); 353(200.57); 354(158.72); 355(875.38); 356(461.43); 357(446.36); 358(895.62); 359(253.42); 360(712.0); 361(950.44); 362(552.35); 363(856.89); 364(446.1); 365(409.01); 366(5.6); 367(638.23); 368(77.84); 369(9.04); 370(818.73); 371(603.97); 372(524.41); 373(655.09); 374(112.5); 375(444.32); 376(416.74); 377(995.43); 378(326.96); 379(923.82); 380(749.13); 381(175.57); 382(34.21); 383(867.73); 384(452.5); 385(127.82); 386(516.89); 387(808.79); 388(823.62); 389(696.53); 390(520.27); 391(361.65); 392(487.3); 393(449.49); 394(903.34); 395(407.07); 396(786.1); 397(364.63); 398(785.95); 399(330.63); 400(559.56); 401(282.13); 402(643.86); 403(241.37); 404(755.29); 405(209.49); 406(625.93); 407(192.11); 408(404.09); 409(393.23); 410(341.34); 411(395.68); 412(353.61); 413(238.81); 414(323.67); 415(943.62); 416(204.7); 417(157.62); 418(175.03); 419(252.18); 420(839.11); 421(833.3); 422(682.93); 423(383.84); 424(549.55); 425(102.18); 426(718.92); 427(903.69); 428(136.94); 429(901.04); 430(990.63); 431(595.63); 432(283.47); 433(439.21); 434(886.26); 435(663.28); 436(850.92); 437(690.92); 438(175.62); 439(697.03); 440(616.62); 441(100.11); 442(658.88); 443(975.72); 444(429.87); 445(24.02); 446(982.27); 447(471.97); 448(947.29); 449(395.13); 450(961.47); 451(438.82); 452(452.26); 453(230.56); 454(874.41); 455(461.65); 456(836.66); 457(470.3); 458(104.37); 459(853.36); 460(928.84); 461(654.15); 462(137.97); 463(851.65); 464(525.49); 465(95.32); 466(646.97); 467(670.62); 468(873.76); 469(733.07); 470(657.21); 471(234.22); 472(107.42); 473(900.4); 474(472.29); 475(34.51); 476(624.84); 477(949.71); 478(906.32); 479(876.5); 480(830.83); 481(39.13); 482(67.12); 483(184.76); 484(440.54); 485(568.57); 486(166.95); 487(585.25); 488(726.55); 489(763.47); 490(746.34); 491(472.1); 492(729.95); 493(184.52); 494(144.22); 495(478.38); 496(964.28); 497(832.05); 498(744.32); 499(801.3),1
267,0(197.57); 1(206.3); 2(748.44); 3(94.24); 4(289.21); 5(265.17); 6(596.59); 7(161.56); 8(602.84); 9(541.99); 10(524.9); 11(615.56); 12(693.88); 13(436.36); 14(609.89); 15(385.85); 16(107.1); 17(146.15); 18(959.06); 19(224.17); 20(717.77); 21(437.62); 22(918.03); 23(305.0); 24(723.33); 25(690.98); 26(114.18); 27(776.47); 28(970.98); 29(29.92); 30(426.52); 31(391.18); 32(620.2); 33(110.91); 34(710.55); 35(337.26); 36(111.09); 37(765.18); 38(596.28); 39(428.12); 40(110.75); 41(994.9); 42(761.07); 43(609.21); 44(550.58); 45(640.99); 46(175.47); 47(274.04); 48(247.2); 49(702.76); 50(121.29); 51(220.59); 52(477.71); 53(382.7); 54(723.31); 55(826.63); 56(853.26); 57(358.18); 58(932.18); 59(182.86); 60(532.27); 61(65.74); 62(705.87); 63(336.4); 64(599.11); 65(847.79); 66(619.37); 67(890.92); 68(74.08); 69(365.58); 70(527.35); 71(43.71); 72(889.22); 73(562.67); 74(284.33); 75(299.76); 76(255.17); 77(603.72); 78(580.87); 79(189.13); 80(237.16); 81(190.78); 82(995.01); 83(703.12); 84(380.96); 85(120.57); 86(492.91); 87(701.24); 88(593.06); 89(221.13); 90(411.8); 91(666.75); 92(397.41); 93(871.82); 94(883.99); 95(261.15); 96(710.0); 97(299.05); 98(555.72); 99(991.93); 100(846.15); 101(133.28); 102(759.2); 103(861.84); 104(307.79); 105(463.98); 106(166.44); 107(200.14); 108(678.54); 109(707.37); 110(329.93); 111(721.22); 112(582.58); 113(844.19); 114(157.46); 115(2.16); 116(503.88); 117(824.08); 118(936.52); 119(914.29); 120(560.98); 121(375.49); 122(942.43); 123(726.48); 124(302.03); 125(350.87); 126(24.01); 127(195.61); 128(592.16); 129(414.28); 130(902.54); 131(544.16); 132(468.29); 133(638.12); 134(956.81); 135(366.11); 136(176.63); 137(687.98); 138(550.24); 139(384.28); 140(393.45); 141(270.08); 142(535.26); 143(719.46); 144(178.75); 145(568.0); 146(692.51); 147(811.61); 148(625.77); 149(335.13); 150(320.36); 151(296.83); 152(297.38); 153(244.82); 154(602.9); 155(286.79); 156(738.52); 157(312.46); 158(868.23); 159(172.67); 160(493.11); 161(246.08); 162(675.5); 163(741.81); 164(443.3); 165(131.2); 166(175.35); 167(835.68); 168(105.92); 169(717.15); 170(465.9); 171(963.07); 172(290.62); 173(503.27); 174(834.77); 175(40.4); 176(890.27); 177(93.51); 178(623.39); 179(949.84); 180(226.59); 181(648.37); 182(942.37); 183(507.1); 184(974.58); 185(581.19); 186(590.47); 187(315.48); 188(387.93); 189(173.46); 190(597.54); 191(899.75); 192(526.45); 193(732.84); 194(214.79); 195(641.84); 196(205.05); 197(369.03); 198(192.88); 199(446.55); 200(504.94); 201(375.09); 202(321.98); 203(341.84); 204(987.91); 205(311.53); 206(274.17); 207(606.67); 208(698.5); 209(676.97); 210(396.07); 211(629.52); 212(701.26); 213(902.92); 214(176.42); 215(628.26); 216(657.99); 217(298.4); 218(42.76); 219(543.88); 220(684.02); 221(41.88); 222(797.83); 223(252.92); 224(104.93); 225(155.91); 226(926.27); 227(145.35); 228(39.48); 229(200.93); 230(154.19); 231(944.96); 232(664.34); 233(887.3); 234(343.3); 235(214.68); 236(894.08); 237(649.32); 238(948.68); 239(390.49); 240(256.86); 241(211.36); 242(232.62); 243(849.25); 244(822.76); 245(237.03); 246(84.91); 247(477.02); 248(272.49); 249(381.94); 250(292.47); 251(800.51); 252(69.43); 253(782.03); 254(24.44); 255(454.25); 256(898.6); 257(461.85); 258(279.52); 259(487.85); 260(561.11); 261(940.75); 262(534.42); 263(796.78); 264(843.22); 265(294.44); 266(828.1); 268(499.89); 269(920.22); 270(882.57); 271(31.52); 272(966.34); 273(170.3); 274(699.11); 275(301.09); 276(341.7); 277(339.55); 278(979.94); 279(390.37); 280(0.5); 281(492.19); 282(759.73); 283(571.68); 284(557.65); 285(781.29); 286(695.72); 287(237.4); 288(310.58); 289(899.51); 290(258.28); 291(316.45); 292(277.29); 293(205.86); 294(5.62); 295(730.76); 296(330.05); 297(82.74); 298(472.87); 299(189.09); 300(200.65); 301(490.92); 302(450.34); 303(963.59); 304(974.96); 305(966.77); 306(108.13); 307(937.38); 308(514.49); 309(803.67); 310(293.63); 311(813.27); 312(285.19); 313(527.33); 314(293.91); 315(823.61); 316(80.26); 317(352.45); 318(654.84); 319(781.81); 320(370.45); 321(539.93); 322(438.14); 323(554.33); 324(365.08); 325(104.66); 326(445.06); 327(431.07); 328(388.25); 329(391.45); 330(735.21); 331(13.98); 332(711.6); 333(853.0); 334(587.28); 335(795.76); 336(298.21); 337(135.4); 338(220.4); 339(654.81); 340(534.17); 341(775.86); 342(610.93); 343(194.66); 344(212.02); 345(889.64); 346(776.47); 347(168.28); 348(154.76); 349(492.7); 350(815.34); 351(490.56); 352(209.7); 353(19.8); 354(405.59); 355(56.0); 356(304.55); 357(230.83); 358(530.1); 359(954.48); 360(689.82); 361(831.01); 362(393.1); 363(213.91); 364(213.16); 365(900.09); 366(979.53); 367(560.88); 368(763.15); 369(768.7); 370(218.54); 371(374.77); 372(897.65); 373(220.74); 374(504.19); 375(134.61); 376(108.88); 377(868.31); 378(521.55); 379(629.96); 380(823.92); 381(627.96); 382(514.11); 383(535.58); 384(392.56); 385(413.63); 386(36.6); 387(668.66); 388(651.52); 389(601.0); 390(815.29); 391(663.37); 392(605.97); 393(221.86); 394(874.27); 395(895.77); 396(896.28); 397(641.76); 398(564.34); 399(784.06); 400(138.35); 401(261.05); 402(395.78); 403(868.51); 404(342.14); 405(88.37); 406(414.57); 407(757.17); 408(909.98); 409(107.21); 410(928.52); 411(144.15); 412(324.82); 413(22.53); 414(953.4); 415(585.9); 416(936.11); 417(649.15); 418(406.16); 419(262.18); 420(476.31); 421(484.4); 422(44.41); 423(590.3); 424(944.29); 425(332.65); 426(286.08); 427(894.95); 428(637.16); 429(934.41); 430(339.4); 431(282.57); 432(565.24); 433(763.72); 434(492.73); 435(469.14); 436(293.44); 437(485.98); 438(652.24); 439(54.86); 440(497.42); 441(573.46); 442(649.2); 443(147.72); 444(426.28); 445(652.06); 446(199.02); 447(41.21); 448(114.54); 449(970.95); 450(602.36); 451(788.37); 452(986.9); 453(165.77); 454(418.14); 455(876.7); 456(401.13); 457(218.93); 458(53.5); 459(663.62); 460(983.26); 461(854.42); 462(4.25); 463(279.97); 464(35.26); 465(960.72); 466(743.56); 467(649.58); 468(197.67); 469(846.38); 470(980.0); 471(464.66); 472(440.73); 473(950.58); 474(646.6); 475(39.27); 476(487.17); 477(437.1); 478(170.97); 479(316.82); 480(894.9); 481(467.23); 482(605.83); 483(52.53); 484(336.31); 485(536.12); 486(495.31); 487(643.1); 488(820.69); 489(842.08); 490(354.94); 491(772.95); 492(231.22); 493(567.15); 494(907.28); 495(409.61); 496(151.96); 497(388.4); 498(389.35); 499(797.36),1
268,0(203.5); 1(145.02); 2(171.23); 3(883.99); 4(88.53); 5(270.96); 6(351.01); 7(407.33); 8(122.78); 9(617.41); 10(761.27); 11(895.72); 12(517.05); 13(293.74); 14(315.28); 15(114.42); 16(363.18); 17(202.5); 18(640.33); 19(815.58); 20(178.02); 21(743.35); 22(903.56); 23(311.5); 24(278.85); 25(678.9); 26(509.92); 27(290.91); 28(185.66); 29(475.72); 30(33.02); 31(93.05); 32(667.87); 33(163.58); 34(25.98); 35(726.84); 36(849.56); 37(536.0); 38(680.28); 39(967.32); 40(21.34); 41(995.29); 42(655.37); 43(445.44); 44(92.58); 45(549.69); 46(392.95); 47(347.56); 48(305.18); 49(212.07); 50(400.46); 51(821.44); 52(746.52); 53(323.44); 54(434.44); 55(406.06); 56(968.97); 57(801.5); 58(932.65); 59(271.71); 60(74.92); 61(560.37); 62(671.9); 63(415.66); 64(343.37); 65(132.77); 66(917.12); 67(730.07); 68(705.16); 69(784.66); 70(198.79); 71(869.11); 72(539.5); 73(446.3); 74(790.84); 75(806.39); 76(36.81); 77(156.97); 78(768.3); 79(506.24); 80(897.27); 81(471.54); 82(42.41); 83(100.75); 84(958.11); 85(113.59); 86(685.92); 87(534.17); 88(328.34); 89(718.62); 90(155.07); 91(403.28); 92(158.13); 93(140.12); 94(212.8); 95(329.42); 96(793.4); 97(51.42); 98(7.56); 99(771.95); 100(616.99); 101(328.29); 102(350.43); 103(134.14); 104(926.79); 105(597.02); 106(43.05); 107(139.81); 108(885.26); 109(997.76); 110(149.89); 111(312.93); 112(128.95); 113(764.64); 114(606.79); 115(141.15); 116(465.51); 117(216.25); 118(383.77); 119(394.14); 120(103.74); 121(447.2); 122(256.1); 123(385.97); 124(178.74); 125(943.12); 126(981.01); 127(604.43); 128(266.96); 129(541.57); 130(552.95); 131(142.42); 132(18.88); 133(352.42); 134(306.72); 135(774.88); 136(251.22); 137(416.52); 138(839.39); 139(792.07); 140(344.22); 141(637.37); 142(10.27); 143(955.57); 144(142.97); 145(97.67); 146(156.04); 147(483.49); 148(476.29); 149(710.76); 150(373.96); 151(545.71); 152(693.43); 153(85.26); 154(696.71); 155(957.06); 156(983.54); 157(628.36); 158(17.69); 159(538.85); 160(364.92); 161(676.67); 162(525.01); 163(857.04); 164(497.56); 165(927.56); 166(424.87); 167(645.93); 168(652.06); 169(881.52); 170(710.85); 171(409.83); 172(483.74); 173(947.68); 174(913.64); 175(834.71); 176(175.3); 177(396.2); 178(169.99); 179(73.85); 180(238.14); 181(772.58); 182(514.25); 183(593.29); 184(55.16); 185(290.35); 186(657.14); 187(793.0); 188(995.85); 189(305.56); 190(110.89); 191(811.6); 192(471.34); 193(841.22); 194(702.09); 195(953.28); 196(629.13); 197(737.07); 198(579.15); 199(448.85); 200(108.77); 201(489.81); 202(271.78); 203(4.09); 204(439.39); 205(700.66); 206(757.36); 207(381.83); 208(697.05); 209(962.1); 210(739.07); 211(757.2); 212(77.33); 213(448.52); 214(857.55); 215(660.68); 216(896.7); 217(910.63); 218(619.7); 219(561.06); 220(763.12); 221(465.37); 222(34.61); 223(239.02); 224(979.54); 225(745.52); 226(847.19); 227(520.12); 228(751.06); 229(43.33); 230(458.77); 231(621.28); 232(100.55); 233(922.4); 234(731.69); 235(528.41); 236(677.73); 237(974.67); 238(941.63); 239(488.41); 240(326.89); 241(872.26); 242(665.91); 243(577.54); 244(883.4); 245(332.42); 246(356.6); 247(231.32); 248(744.69); 249(320.7); 250(344.39); 251(199.54); 252(957.67); 253(376.96); 254(100.74); 255(733.35); 256(235.21); 257(657.46); 258(926.04); 259(620.5); 260(199.61); 261(722.81); 262(815.1); 263(302.99); 264(306.08); 265(583.36); 266(196.1); 267(499.89); 269(822.5); 270(692.7); 271(713.12); 272(241.95); 273(281.32); 274(194.1); 275(956.75); 276(278.18); 277(214.11); 278(315.31); 279(888.09); 280(646.38); 281(542.46); 282(617.39); 283(329.99); 284(857.85); 285(270.35); 286(428.33); 287(881.86); 288(988.9); 289(13.5); 290(452.64); 291(654.25); 292(356.03); 293(135.94); 294(558.37); 295(383.29); 296(827.53); 297(91.82); 298(620.51); 299(96.74); 300(151.48); 301(526.26); 302(519.84); 303(880.15); 304(598.08); 305(552.75); 306(106.36); 307(946.59); 308(86.99); 309(890.39); 310(659.03); 311(36.54); 312(238.61); 313(184.54); 314(618.91); 315(690.05); 316(736.8); 317(815.82); 318(503.56); 319(108.3); 320(268.99); 321(126.72); 322(327.99); 323(651.17); 324(504.13); 325(9.96); 326(96.11); 327(757.9); 328(914.28); 329(794.44); 330(935.14); 331(179.82); 332(818.83); 333(377.5); 334(783.04); 335(350.31); 336(62.45); 337(672.26); 338(434.32); 339(624.85); 340(301.52); 341(886.0); 342(335.71); 343(349.63); 344(690.43); 345(141.78); 346(267.64); 347(63.98); 348(243.97); 349(832.48); 350(257.99); 351(867.57); 352(588.42); 353(438.03); 354(754.93); 355(472.71); 356(441.59); 357(602.63); 358(601.42); 359(261.32); 360(888.26); 361(207.67); 362(972.6); 363(271.13); 364(88.68); 365(986.96); 366(76.82); 367(347.74); 368(300.43); 369(871.23); 370(828.68); 371(424.33); 372(285.49); 373(15.69); 374(722.73); 375(374.85); 376(509.15); 377(910.63); 378(629.93); 379(352.38); 380(105.34); 381(324.12); 382(754.6); 383(581.85); 384(459.81); 385(265.49); 386(216.22); 387(989.53); 388(110.76); 389(709.74); 390(971.07); 391(713.51); 392(927.67); 393(814.09); 394(38.26); 395(427.75); 396(579.96); 397(378.77); 398(424.59); 399(740.1); 400(773.0); 401(940.09); 402(312.46); 403(379.45); 404(956.29); 405(925.68); 406(602.14); 407(989.44); 408(217.27); 409(551.33); 410(175.56); 411(324.34); 412(807.53); 413(633.84); 414(980.47); 415(222.72); 416(212.57); 417(63.25); 418(482.87); 419(712.59); 420(869.4); 421(731.32); 422(125.73); 423(115.16); 424(608.69); 425(393.21); 426(750.94); 427(852.13); 428(958.86); 429(922.57); 430(868.16); 431(562.25); 432(974.57); 433(254.34); 434(539.61); 435(660.4); 436(34.22); 437(653.08); 438(781.87); 439(342.43); 440(665.48); 441(81.75); 442(793.98); 443(791.21); 444(59.74); 445(896.7); 446(180.64); 447(355.69); 448(652.35); 449(799.34); 450(453.26); 451(555.18); 452(10.9); 453(693.94); 454(275.39); 455(588.04); 456(913.88); 457(441.95); 458(375.84); 459(1.73); 460(108.38); 461(179.69); 462(990.31); 463(457.43); 464(372.45); 465(901.67); 466(310.01); 467(485.19); 468(877.21); 469(966.46); 470(997.47); 471(23.25); 472(246.11); 473(767.69); 474(366.49); 475(701.92); 476(699.26); 477(259.47); 478(774.25); 479(890.22); 480(424.81); 481(126.75); 482(603.96); 483(922.52); 484(226.68); 485(135.73); 486(91.91); 487(286.93); 488(694.63); 489(714.74); 490(82.58); 491(531.29); 492(767.69); 493(62.25); 494(313.41); 495(667.6); 496(398.46); 497(840.74); 498(833.48); 499(644.42),1
269,0(185.49); 1(60.74); 2(997.35); 3(322.33); 4(726.2); 5(527.67); 6(373.73); 7(646.87); 8(992.26); 9(849.33); 10(735.69); 11(547.31); 12(718.14); 13(626.25); 14(406.42); 15(621.01); 16(317.65); 17(591.79); 18(332.68); 19(219.84); 20(517.65); 21(269.06); 22(795.13); 23(604.29); 24(364.17); 25(760.18); 26(766.81); 27(321.62); 28(569.04); 29(150.09); 30(18.86); 31(927.03); 32(628.68); 33(751.67); 34(678.89); 35(547.63); 36(127.07); 37(278.22); 38(807.99); 39(202.82); 40(502.68); 41(446.39); 42(403.32); 43(344.53); 44(128.61); 45(860.43); 46(395.14); 47(476.29); 48(556.73); 49(18.54); 50(369.94); 51(195.88); 52(965.0); 53(377.9); 54(997.54); 55(486.76); 56(477.35); 57(319.9); 58(88.52); 59(575.01); 60(291.16); 61(94.45); 62(404.0); 63(595.46); 64(688.87); 65(474.97); 66(342.34); 67(64.59); 68(85.5); 69(367.02); 70(894.64); 71(687.75); 72(72.45); 73(655.26); 74(80.0); 75(283.73); 76(756.13); 77(319.79); 78(704.65); 79(99.55); 80(58.02); 81(455.95); 82(0.5); 83(621.35); 84(522.76); 85(835.1); 86(409.3); 87(223.25); 88(649.14); 89(975.25); 90(254.18); 91(417.8); 92(11.24); 93(633.54); 94(81.65); 95(566.59); 96(17.71); 97(701.56); 98(438.7); 99(436.93); 100(414.95); 101(343.5); 102(518.34); 103(203.36); 104(91.51); 105(761.03); 106(626.73); 107(837.82); 108(252.04); 109(190.46); 110(941.63); 111(901.87); 112(471.88); 113(748.77); 114(371.34); 115(33.25); 116(853.12); 117(295.37); 118(195.15); 119(643.27); 120(99.31); 121(594.35); 122(28.43); 123(75.97); 124(94.24); 125(974.39); 126(48.55); 127(724.89); 128(750.15); 129(355.22); 130(327.48); 131(540.23); 132(855.26); 133(405.5); 134(509.84); 135(809.46); 136(287.47); 137(941.64); 138(859.97); 139(148.9); 140(982.02); 141(886.04); 142(111.54); 143(659.58); 144(429.47); 145(188.55); 146(744.48); 147(316.5); 148(538.03); 149(209.59); 150(106.1); 151(839.37); 152(930.26); 153(909.54); 154(230.72); 155(326.64); 156(956.93); 157(589.54); 158(946.62); 159(565.24); 160(284.96); 161(208.94); 162(245.3); 163(647.8); 164(571.42); 165(243.54); 166(907.39); 167(932.95); 168(526.49); 169(110.23); 170(668.28); 171(175.47); 172(64.08); 173(59.56); 174(891.8); 175(82.38); 176(279.34); 177(674.57); 178(824.58); 179(348.13); 180(165.91); 181(251.12); 182(500.09); 183(981.59); 184(517.22); 185(528.09); 186(347.31); 187(426.99); 188(743.21); 189(333.28); 190(199.61); 191(162.97); 192(551.9); 193(638.64); 194(415.81); 195(381.51); 196(870.71); 197(857.39); 198(452.15); 199(479.42); 200(833.41); 201(843.36); 202(117.73); 203(355.91); 204(291.2); 205(638.03); 206(286.69); 207(425.11); 208(882.79); 209(302.82); 210(705.36); 211(598.66); 212(550.6); 213(940.12); 214(756.62); 215(309.54); 216(548.99); 217(421.93); 218(750.11); 219(150.46); 220(873.29); 221(243.86); 222(602.57); 223(617.7); 224(293.57); 225(259.22); 226(388.32); 227(614.36); 228(793.85); 229(442.51); 230(679.27); 231(304.01); 232(932.66); 233(244.07); 234(210.31); 235(489.24); 236(365.43); 237(382.65); 238(23.21); 239(356.94); 240(65.78); 241(241.77); 242(259.77); 243(121.92); 244(464.33); 245(894.17); 246(148.56); 247(670.13); 248(799.87); 249(3.82); 250(486.97); 251(921.56); 252(174.69); 253(120.91); 254(72.73); 255(808.33); 256(209.72); 257(138.75); 258(953.9); 259(58.81); 260(572.94); 261(897.09); 262(829.07); 263(129.7); 264(740.11); 265(736.57); 266(644.9); 267(920.22); 268(822.5); 270(260.81); 271(991.16); 272(232.16); 273(915.05); 274(514.62); 275(948.5); 276(66.29); 277(714.79); 278(367.24); 279(501.15); 280(358.5); 281(891.66); 282(810.3); 283(278.94); 284(558.37); 285(818.76); 286(69.44); 287(722.8); 288(134.13); 289(38.33); 290(259.35); 291(771.46); 292(156.59); 293(847.18); 294(974.09); 295(6.84); 296(245.95); 297(363.29); 298(623.27); 299(143.28); 300(679.33); 301(26.73); 302(376.66); 303(911.81); 304(259.45); 305(484.79); 306(455.87); 307(777.26); 308(471.18); 309(741.76); 310(187.09); 311(165.38); 312(976.89); 313(627.59); 314(324.67); 315(76.65); 316(370.4); 317(549.89); 318(766.22); 319(901.93); 320(40.36); 321(303.01); 322(291.06); 323(745.01); 324(213.29); 325(790.81); 326(875.26); 327(46.95); 328(704.35); 329(198.37); 330(886.69); 331(822.58); 332(950.95); 333(31.54); 334(817.86); 335(481.08); 336(54.84); 337(44.26); 338(106.5); 339(148.42); 340(379.69); 341(359.1); 342(370.56); 343(612.59); 344(390.35); 345(238.02); 346(754.94); 347(486.06); 348(990.32); 349(3.79); 350(58.44); 351(541.21); 352(765.44); 353(94.5); 354(153.21); 355(630.29); 356(698.57); 357(670.59); 358(943.85); 359(525.93); 360(607.68); 361(66.02); 362(552.16); 363(748.93); 364(470.62); 365(245.88); 366(87.22); 367(932.28); 368(831.15); 369(390.26); 370(801.99); 371(950.17); 372(910.76); 373(148.06); 374(862.5); 375(865.32); 376(802.26); 377(354.37); 378(708.91); 379(830.14); 380(485.48); 381(206.34); 382(320.95); 383(987.51); 384(649.86); 385(238.52); 386(568.25); 387(26.32); 388(994.5); 389(258.3); 390(463.65); 391(250.43); 392(478.61); 393(8.06); 394(837.72); 395(562.74); 396(238.75); 397(814.56); 398(292.76); 399(654.75); 400(935.28); 401(838.14); 402(397.73); 403(709.47); 404(687.47); 405(329.11); 406(760.94); 407(862.9); 408(848.31); 409(681.02); 410(618.32); 411(358.33); 412(444.23); 413(587.61); 414(338.49); 415(953.2); 416(447.59); 417(969.22); 418(953.89); 419(994.68); 420(533.96); 421(327.33); 422(371.15); 423(0.77); 424(491.36); 425(979.37); 426(668.61); 427(186.71); 428(123.54); 429(791.08); 430(342.24); 431(226.46); 432(124.13); 433(417.95); 434(490.9); 435(229.62); 436(662.63); 437(403.15); 438(910.87); 439(813.93); 440(385.71); 441(290.68); 442(408.74); 443(530.92); 444(354.82); 445(803.17); 446(516.45); 447(946.55); 448(103.12); 449(139.47); 450(317.19); 451(120.69); 452(134.84); 453(503.9); 454(410.17); 455(683.8); 456(766.91); 457(107.61); 458(187.17); 459(794.54); 460(987.17); 461(545.88); 462(575.23); 463(87.94); 464(179.42); 465(266.56); 466(200.07); 467(191.87); 468(244.92); 469(824.49); 470(676.32); 471(714.46); 472(830.18); 473(432.6); 474(708.34); 475(827.17); 476(565.74); 477(53.9); 478(714.2); 479(336.28); 480(470.94); 481(274.53); 482(378.69); 483(445.58); 484(833.75); 485(149.0); 486(217.74); 487(27.84); 488(590.49); 489(471.41); 490(776.92); 491(234.15); 492(375.2); 493(159.94); 494(946.54); 495(583.65); 496(37.75); 497(884.66); 498(856.9); 499(348.35),1
270,0(540.15); 1(421.11); 2(995.64); 3(450.14); 4(255.23); 5(414.26); 6(959.47); 7(581.89); 8(73.2); 9(767.12); 10(622.93); 11(184.26); 12(640.66); 13(449.35); 14(407.71); 15(949.98); 16(177.93); 17(722.29); 18(454.12); 19(426.57); 20(812.8); 21(478.89); 22(251.79); 23(67.4); 24(535.1); 25(328.84); 26(319.35); 27(56.56); 28(825.25); 29(208.37); 30(129.72); 31(520.66); 32(724.78); 33(426.97); 34(90.9); 35(91.97); 36(524.58); 37(819.87); 38(185.9); 39(995.07); 40(785.91); 41(294.85); 42(429.01); 43(948.3); 44(944.56); 45(672.53); 46(272.8); 47(329.66); 48(995.72); 49(432.54); 50(130.6); 51(723.75); 52(277.12); 53(505.75); 54(804.15); 55(215.92); 56(40.37); 57(757.97); 58(157.66); 59(282.95); 60(587.89); 61(441.57); 62(991.27); 63(659.95); 64(591.96); 65(518.62); 66(423.28); 67(270.4); 68(257.08); 69(274.75); 70(713.53); 71(900.93); 72(401.39); 73(697.78); 74(857.95); 75(667.92); 76(285.53); 77(630.04); 78(123.04); 79(409.31); 80(583.88); 81(522.92); 82(471.37); 83(700.93); 84(865.15); 85(938.69); 86(703.16); 87(453.29); 88(301.92); 89(342.85); 90(245.66); 91(656.5); 92(678.1); 93(269.27); 94(828.31); 95(871.86); 96(356.69); 97(571.18); 98(211.75); 99(135.54); 100(112.17); 101(389.54); 102(423.21); 103(517.99); 104(279.54); 105(444.17); 106(142.99); 107(741.64); 108(930.64); 109(828.7); 110(910.2); 111(713.14); 112(124.69); 113(645.29); 114(389.05); 115(687.09); 116(959.2); 117(56.03); 118(573.13); 119(741.0); 120(659.95); 121(735.83); 122(34.09); 123(740.52); 124(555.61); 125(142.49); 126(189.9); 127(272.43); 128(559.94); 129(552.25); 130(57.31); 131(915.8); 132(488.39); 133(27.47); 134(220.7); 135(164.75); 136(202.53); 137(277.22); 138(247.76); 139(453.12); 140(834.54); 141(985.82); 142(888.41); 143(672.09); 144(804.08); 145(891.3); 146(811.42); 147(28.68); 148(310.89); 149(395.67); 150(915.68); 151(959.15); 152(116.44); 153(255.47); 154(55.81); 155(46.34); 156(608.54); 157(530.63); 158(452.39); 159(188.62); 160(261.41); 161(526.32); 162(714.31); 163(32.2); 164(592.35); 165(72.18); 166(396.75); 167(501.59); 168(726.92); 169(510.74); 170(581.6); 171(24.11); 172(14.54); 173(610.94); 174(434.54); 175(478.15); 176(108.93); 177(782.15); 178(90.49); 179(359.97); 180(191.44); 181(412.06); 182(595.77); 183(208.16); 184(968.67); 185(321.91); 186(386.29); 187(917.76); 188(851.69); 189(657.21); 190(950.84); 191(143.76); 192(879.79); 193(768.77); 194(158.37); 195(632.44); 196(150.26); 197(483.85); 198(454.39); 199(65.41); 200(552.43); 201(486.91); 202(906.53); 203(220.27); 204(488.97); 205(980.79); 206(464.34); 207(108.87); 208(936.9); 209(181.32); 210(88.78); 211(903.52); 212(383.58); 213(899.92); 214(36.54); 215(102.95); 216(438.29); 217(213.68); 218(337.49); 219(822.27); 220(429.13); 221(496.09); 222(58.38); 223(400.54); 224(553.64); 225(390.77); 226(765.61); 227(67.94); 228(584.72); 229(503.89); 230(304.77); 231(380.48); 232(964.37); 233(304.19); 234(116.74); 235(392.81); 236(324.48); 237(87.76); 238(298.89); 239(231.97); 240(810.55); 241(275.79); 242(785.96); 243(872.75); 244(779.67); 245(14.14); 246(762.33); 247(575.41); 248(752.86); 249(188.77); 250(698.68); 251(726.81); 252(496.97); 253(40.6); 254(616.94); 255(909.63); 256(407.71); 257(139.81); 258(923.14); 259(664.64); 260(120.52); 261(609.82); 262(578.31); 263(30.87); 264(704.6); 265(325.27); 266(412.71); 267(882.57); 268(692.7); 269(260.81); 271(612.92); 272(903.62); 273(280.83); 274(239.65); 275(632.24); 276(191.92); 277(482.5); 278(661.95); 279(25.89); 280(352.14); 281(811.5); 282(940.99); 283(740.94); 284(825.47); 285(741.96); 286(297.5); 287(752.19); 288(467.34); 289(91.69); 290(430.15); 291(727.57); 292(264.22); 293(376.26); 294(387.93); 295(943.73); 296(423.57); 297(29.81); 298(906.13); 299(387.27); 300(963.69); 301(883.36); 302(508.14); 303(29.45); 304(682.11); 305(449.94); 306(689.2); 307(470.5); 308(371.41); 309(793.98); 310(376.36); 311(697.63); 312(25.89); 313(114.72); 314(21.19); 315(211.86); 316(759.09); 317(494.3); 318(777.19); 319(830.06); 320(405.56); 321(322.84); 322(83.17); 323(847.4); 324(501.28); 325(163.64); 326(268.8); 327(112.41); 328(409.01); 329(187.97); 330(853.19); 331(753.14); 332(647.05); 333(431.92); 334(240.52); 335(103.79); 336(623.38); 337(219.99); 338(766.13); 339(784.33); 340(895.15); 341(949.62); 342(249.98); 343(464.83); 344(998.69); 345(616.67); 346(497.46); 347(714.66); 348(924.11); 349(617.27); 350(107.18); 351(498.52); 352(230.56); 353(174.25); 354(97.22); 355(849.63); 356(199.32); 357(138.01); 358(581.41); 359(273.54); 360(188.46); 361(374.73); 362(888.74); 363(801.14); 364(654.18); 365(157.05); 366(322.91); 367(50.25); 368(470.26); 369(406.13); 370(755.44); 371(887.37); 372(85.92); 373(587.12); 374(308.91); 375(228.99); 376(728.77); 377(295.99); 378(355.22); 379(559.21); 380(98.66); 381(331.89); 382(96.19); 383(921.21); 384(734.19); 385(142.22); 386(459.81); 387(385.23); 388(402.78); 389(466.47); 390(509.14); 391(785.29); 392(950.47); 393(768.26); 394(384.24); 395(914.81); 396(736.09); 397(131.36); 398(206.8); 399(894.54); 400(706.88); 401(985.88); 402(858.17); 403(76.18); 404(186.07); 405(123.5); 406(748.81); 407(908.82); 408(865.35); 409(155.89); 410(131.4); 411(605.63); 412(459.89); 413(916.46); 414(891.33); 415(11.19); 416(975.51); 417(265.48); 418(34.65); 419(442.86); 420(22.47); 421(414.96); 422(272.27); 423(264.71); 424(224.84); 425(383.84); 426(352.2); 427(770.9); 428(423.35); 429(104.61); 430(572.07); 431(182.21); 432(879.97); 433(136.96); 434(942.61); 435(313.33); 436(667.04); 437(185.99); 438(342.72); 439(214.24); 440(558.2); 441(241.47); 442(765.86); 443(938.94); 444(718.17); 445(374.18); 446(170.04); 447(650.39); 448(377.81); 449(895.01); 450(480.41); 451(682.83); 452(481.48); 453(115.26); 454(936.59); 455(144.85); 456(701.22); 457(477.46); 458(136.75); 459(623.14); 460(273.95); 461(711.45); 462(944.59); 463(526.8); 464(541.19); 465(577.9); 466(526.5); 467(364.73); 468(958.85); 469(798.65); 470(498.56); 471(508.34); 472(946.61); 473(860.06); 474(379.87); 475(21.33); 476(36.07); 477(269.1); 478(208.12); 479(476.22); 480(542.82); 481(997.07); 482(721.27); 483(900.22); 484(548.73); 485(845.7); 486(886.11); 487(766.43); 488(894.4); 489(730.54); 490(706.9); 491(336.64); 492(684.07); 493(929.54); 494(272.76); 495(866.37); 496(835.23); 497(952.57); 498(677.78); 499(473.66),1
271,0(49.4); 1(600.85); 2(391.62); 3(49.11); 4(551.47); 5(182.15); 6(969.04); 7(51.02); 8(512.17); 9(569.15); 10(380.52); 11(751.54); 12(64.48); 13(334.96); 14(272.45); 15(110.21); 16(183.93); 17(995.85); 18(904.42); 19(780.02); 20(949.04); 21(183.88); 22(693.54); 23(558.62); 24(783.55); 25(338.48); 26(716.33); 27(898.9); 28(763.75); 29(505.94); 30(831.99); 31(603.8); 32(74.08); 33(527.78); 34(127.73); 35(492.4); 36(773.69); 37(168.72); 38(525.89); 39(107.41); 40(135.44); 41(981.29); 42(702.33); 43(96.27); 44(325.51); 45(556.11); 46(540.53); 47(762.56); 48(589.57); 49(779.46); 50(277.28); 51(993.71); 52(51.51); 53(42.2); 54(982.7); 55(367.37); 56(723.18); 57(521.28); 58(813.77); 59(86.9); 60(919.35); 61(413.15); 62(376.63); 63(237.79); 64(28.08); 65(226.47); 66(555.01); 67(849.56); 68(584.98); 69(840.4); 70(131.43); 71(317.82); 72(975.94); 73(131.56); 74(178.64); 75(152.97); 76(131.1); 77(129.11); 78(330.99); 79(166.03); 80(692.54); 81(519.77); 82(785.29); 83(747.78); 84(343.75); 85(972.1); 86(555.81); 87(842.16); 88(461.79); 89(650.85); 90(899.43); 91(98.84); 92(315.01); 93(921.13); 94(496.73); 95(799.97); 96(698.0); 97(817.87); 98(783.4); 99(100.87); 100(30.99); 101(777.24); 102(618.31); 103(729.8); 104(782.35); 105(524.46); 106(401.86); 107(904.34); 108(603.86); 109(344.76); 110(107.99); 111(192.61); 112(298.56); 113(833.38); 114(359.68); 115(84.95); 116(253.87); 117(204.66); 118(318.49); 119(429.29); 120(638.6); 121(598.43); 122(303.18); 123(416.03); 124(318.87); 125(946.97); 126(361.83); 127(791.39); 128(938.59); 129(451.91); 130(362.43); 131(719.97); 132(28.73); 133(328.47); 134(155.43); 135(867.95); 136(702.75); 137(371.35); 138(105.01); 139(736.12); 140(704.41); 141(963.22); 142(766.49); 143(742.01); 144(425.24); 145(872.33); 146(737.03); 147(384.86); 148(386.8); 149(389.1); 150(775.69); 151(208.89); 152(644.05); 153(287.71); 154(262.91); 155(537.83); 156(63.21); 157(830.22); 158(136.89); 159(54.8); 160(909.87); 161(766.71); 162(731.04); 163(194.54); 164(51.64); 165(735.78); 166(845.89); 167(257.87); 168(457.91); 169(765.36); 170(115.67); 171(698.09); 172(941.54); 173(596.61); 174(725.53); 175(8.87); 176(560.59); 177(431.25); 178(697.84); 179(192.68); 180(420.38); 181(617.26); 182(910.22); 183(62.25); 184(922.9); 185(977.67); 186(950.14); 187(10.39); 188(705.36); 189(492.88); 190(403.65); 191(757.08); 192(754.82); 193(858.62); 194(433.99); 195(892.02); 196(382.33); 197(957.8); 198(61.9); 199(47.12); 200(907.41); 201(624.45); 202(900.17); 203(621.01); 204(875.7); 205(344.03); 206(71.45); 207(447.28); 208(928.17); 209(207.36); 210(228.26); 211(448.09); 212(85.98); 213(974.4); 214(964.69); 215(705.59); 216(711.37); 217(348.0); 218(504.98); 219(619.81); 220(622.03); 221(690.79); 222(225.13); 223(527.35); 224(161.07); 225(354.09); 226(522.94); 227(396.02); 228(8.27); 229(747.44); 230(42.39); 231(975.73); 232(616.58); 233(774.85); 234(598.41); 235(580.72); 236(89.98); 237(855.47); 238(721.9); 239(108.3); 240(666.08); 241(357.17); 242(88.0); 243(405.43); 244(450.82); 245(959.56); 246(334.85); 247(428.88); 248(285.58); 249(965.62); 250(414.93); 251(458.8); 252(290.72); 253(156.11); 254(88.58); 255(663.0); 256(456.75); 257(70.44); 258(808.06); 259(447.01); 260(230.78); 261(742.88); 262(341.18); 263(223.67); 264(873.25); 265(231.23); 266(831.84); 267(31.52); 268(713.12); 269(991.16); 270(612.92); 272(229.71); 273(769.28); 274(818.34); 275(453.61); 276(190.44); 277(701.8); 278(130.28); 279(410.84); 280(908.33); 281(90.51); 282(171.58); 283(55.86); 284(821.76); 285(422.88); 286(780.54); 287(120.67); 288(867.13); 289(29.49); 290(348.79); 291(543.38); 292(591.1); 293(73.45); 294(309.81); 295(919.86); 296(99.22); 297(447.54); 298(300.8); 299(743.82); 300(601.66); 301(55.64); 302(840.68); 303(617.14); 304(947.26); 305(184.37); 306(782.75); 307(784.53); 308(932.92); 309(527.17); 310(634.53); 311(862.88); 312(988.42); 313(649.37); 314(114.99); 315(487.15); 316(296.33); 317(523.57); 318(177.51); 319(599.0); 320(514.73); 321(268.59); 322(796.63); 323(62.91); 324(900.33); 325(385.93); 326(407.19); 327(479.32); 328(599.76); 329(882.98); 330(759.13); 331(420.36); 332(137.33); 333(129.93); 334(752.93); 335(229.69); 336(476.0); 337(145.36); 338(787.13); 339(650.4); 340(767.44); 341(280.42); 342(497.48); 343(948.39); 344(971.95); 345(254.12); 346(338.94); 347(40.45); 348(997.43); 349(564.89); 350(842.97); 351(154.23); 352(100.76); 353(949.66); 354(870.65); 355(155.85); 356(47.91); 357(273.08); 358(162.1); 359(811.56); 360(788.95); 361(162.76); 362(803.09); 363(492.97); 364(324.16); 365(154.42); 366(710.17); 367(36.75); 368(594.93); 369(762.47); 370(702.14); 371(33.18); 372(609.18); 373(820.8); 374(746.81); 375(247.55); 376(171.1); 377(6.56); 378(152.42); 379(611.4); 380(765.35); 381(761.23); 382(943.32); 383(486.97); 384(775.54); 385(219.49); 386(59.97); 387(927.1); 388(793.75); 389(594.47); 390(28.81); 391(444.36); 392(168.44); 393(318.8); 394(137.18); 395(5.34); 396(956.12); 397(678.93); 398(334.47); 399(820.22); 400(170.5); 401(606.54); 402(967.7); 403(619.2); 404(322.87); 405(262.04); 406(33.92); 407(158.11); 408(419.24); 409(26.38); 410(398.03); 411(583.93); 412(963.5); 413(269.86); 414(687.18); 415(272.95); 416(842.05); 417(600.09); 418(560.21); 419(413.42); 420(683.16); 421(746.92); 422(249.02); 423(861.55); 424(285.71); 425(556.25); 426(287.43); 427(839.62); 428(594.23); 429(276.51); 430(161.42); 431(680.86); 432(747.73); 433(391.3); 434(861.05); 435(848.6); 436(353.65); 437(206.43); 438(935.57); 439(459.32); 440(697.51); 441(616.97); 442(79.42); 443(843.41); 444(9.0); 445(892.32); 446(720.01); 447(841.46); 448(467.29); 449(901.85); 450(326.05); 451(800.61); 452(445.46); 453(217.74); 454(949.64); 455(41.02); 456(348.76); 457(780.67); 458(37.3); 459(206.09); 460(35.67); 461(276.75); 462(871.78); 463(448.98); 464(57.82); 465(801.35); 466(595.04); 467(590.88); 468(143.42); 469(752.08); 470(26.51); 471(658.24); 472(460.31); 473(733.56); 474(158.04); 475(202.84); 476(802.91); 477(358.36); 478(355.32); 479(266.68); 480(367.36); 481(195.52); 482(762.04); 483(468.11); 484(226.76); 485(837.35); 486(777.21); 487(264.21); 488(896.86); 489(473.59); 490(30.17); 491(834.84); 492(593.17); 493(55.99); 494(162.27); 495(487.0); 496(979.38); 497(672.9); 498(815.65); 499(90.09),1
272,0(919.43); 1(582.83); 2(886.64); 3(676.74); 4(426.55); 5(722.91); 6(198.69); 7(92.23); 8(446.05); 9(605.78); 10(580.51); 11(244.57); 12(398.38); 13(614.25); 14(260.85); 15(568.51); 16(382.04); 17(239.2); 18(658.79); 19(848.11); 20(141.45); 21(266.55); 22(822.17); 23(709.53); 24(521.97); 25(224.47); 26(505.17); 27(184.97); 28(558.35); 29(835.82); 30(545.63); 31(569.76); 32(224.63); 33(261.73); 34(766.06); 35(53.2); 36(219.5); 37(104.92); 38(310.92); 39(524.57); 40(594.93); 41(988.68); 42(312.47); 43(337.35); 44(991.86); 45(896.55); 46(445.42); 47(176.4); 48(189.34); 49(203.45); 50(341.77); 51(846.86); 52(356.46); 53(178.87); 54(258.75); 55(966.85); 56(776.03); 57(506.55); 58(597.42); 59(793.04); 60(268.54); 61(686.84); 62(560.58); 63(272.5); 64(80.24); 65(732.47); 66(604.0); 67(340.49); 68(272.29); 69(609.39); 70(625.64); 71(156.9); 72(770.16); 73(220.56); 74(641.62); 75(163.53); 76(737.91); 77(238.26); 78(511.82); 79(767.35); 80(323.44); 81(149.25); 82(565.26); 83(102.71); 84(296.53); 85(78.09); 86(623.97); 87(731.8); 88(140.54); 89(401.47); 90(809.7); 91(946.32); 92(422.76); 93(459.41); 94(222.7); 95(120.33); 96(470.12); 97(615.77); 98(986.66); 99(771.91); 100(182.48); 101(624.39); 102(802.47); 103(534.01); 104(264.35); 105(304.89); 106(577.92); 107(143.1); 108(455.22); 109(767.89); 110(831.66); 111(551.63); 112(19.57); 113(179.25); 114(844.37); 115(538.12); 116(584.09); 117(249.96); 118(197.64); 119(419.19); 120(121.29); 121(403.54); 122(11.16); 123(902.39); 124(166.41); 125(152.61); 126(633.86); 127(18.59); 128(766.17); 129(487.22); 130(887.86); 131(502.27); 132(498.32); 133(602.7); 134(55.89); 135(411.41); 136(17.5); 137(908.1); 138(653.18); 139(623.14); 140(883.93); 141(911.78); 142(652.75); 143(616.53); 144(235.5); 145(370.2); 146(672.56); 147(63.81); 148(768.37); 149(421.89); 150(676.21); 151(463.22); 152(287.54); 153(303.47); 154(509.0); 155(331.69); 156(75.32); 157(538.43); 158(319.42); 159(599.71); 160(161.95); 161(127.39); 162(112.76); 163(824.04); 164(869.69); 165(992.42); 166(431.59); 167(654.25); 168(54.96); 169(116.19); 170(986.93); 171(834.67); 172(838.5); 173(125.4); 174(502.2); 175(249.61); 176(2.65); 177(903.64); 178(746.82); 179(800.46); 180(34.82); 181(929.85); 182(934.83); 183(21.45); 184(933.16); 185(915.01); 186(959.31); 187(488.98); 188(674.44); 189(444.58); 190(437.98); 191(72.69); 192(9.78); 193(676.81); 194(21.89); 195(401.45); 196(409.85); 197(572.97); 198(911.46); 199(394.87); 200(304.36); 201(411.24); 202(890.46); 203(832.57); 204(899.49); 205(613.97); 206(425.44); 207(865.38); 208(849.54); 209(482.7); 210(244.5); 211(902.46); 212(36.29); 213(109.78); 214(387.92); 215(551.39); 216(41.5); 217(149.09); 218(566.78); 219(751.32); 220(95.29); 221(838.14); 222(229.17); 223(615.7); 224(77.64); 225(512.94); 226(859.93); 227(319.96); 228(840.17); 229(933.65); 230(984.74); 231(669.22); 232(794.42); 233(572.43); 234(933.66); 235(348.54); 236(909.34); 237(448.08); 238(496.68); 239(946.43); 240(285.63); 241(348.57); 242(740.07); 243(899.37); 244(984.82); 245(912.38); 246(949.91); 247(421.09); 248(873.44); 249(219.14); 250(733.48); 251(68.95); 252(527.38); 253(579.87); 254(689.4); 255(914.66); 256(379.75); 257(475.1); 258(442.54); 259(741.01); 260(915.46); 261(469.6); 262(376.69); 263(562.63); 264(669.71); 265(822.36); 266(523.27); 267(966.34); 268(241.95); 269(232.16); 270(903.62); 271(229.71); 273(734.6); 274(897.56); 275(47.6); 276(880.61); 277(621.87); 278(625.22); 279(257.14); 280(817.17); 281(448.55); 282(380.22); 283(703.43); 284(165.24); 285(652.45); 286(171.41); 287(312.74); 288(61.59); 289(864.89); 290(412.94); 291(528.58); 292(970.19); 293(594.12); 294(767.04); 295(353.17); 296(166.16); 297(849.06); 298(684.95); 299(98.69); 300(659.94); 301(280.16); 302(940.08); 303(41.86); 304(970.91); 305(935.51); 306(136.85); 307(0.69); 308(725.28); 309(922.99); 310(77.27); 311(427.16); 312(724.85); 313(293.91); 314(725.7); 315(907.42); 316(392.59); 317(405.23); 318(327.88); 319(736.48); 320(384.08); 321(773.96); 322(674.54); 323(896.58); 324(267.12); 325(743.38); 326(446.93); 327(294.01); 328(230.08); 329(295.62); 330(601.73); 331(277.88); 332(939.75); 333(694.18); 334(40.43); 335(792.8); 336(138.32); 337(108.69); 338(802.4); 339(701.54); 340(117.3); 341(236.77); 342(688.94); 343(813.43); 344(796.74); 345(163.93); 346(695.06); 347(2.7); 348(59.28); 349(675.92); 350(661.9); 351(922.86); 352(244.18); 353(893.38); 354(710.71); 355(719.77); 356(57.27); 357(771.28); 358(78.72); 359(854.38); 360(691.58); 361(595.52); 362(517.71); 363(389.36); 364(544.19); 365(259.31); 366(98.75); 367(371.28); 368(431.84); 369(787.38); 370(619.65); 371(57.0); 372(589.0); 373(330.96); 374(1000.0); 375(602.28); 376(942.76); 377(202.28); 378(624.03); 379(649.68); 380(533.7); 381(222.91); 382(797.86); 383(82.47); 384(578.9); 385(283.64); 386(327.32); 387(630.74); 388(342.21); 389(260.46); 390(390.75); 391(834.92); 392(759.71); 393(437.1); 394(185.75); 395(100.88); 396(159.53); 397(652.92); 398(121.61); 399(520.37); 400(520.66); 401(192.72); 402(882.2); 403(447.85); 404(487.69); 405(537.94); 406(277.55); 407(836.97); 408(99.84); 409(22.29); 410(155.55); 411(984.63); 412(388.22); 413(70.99); 414(271.8); 415(928.97); 416(414.53); 417(71.2); 418(132.78); 419(125.31); 420(469.28); 421(559.94); 422(316.56); 423(279.11); 424(238.77); 425(57.58); 426(888.59); 427(340.4); 428(924.26); 429(18.66); 430(588.94); 431(52.35); 432(831.32); 433(392.69); 434(790.19); 435(622.99); 436(984.69); 437(540.06); 438(272.72); 439(297.51); 440(676.49); 441(913.77); 442(250.01); 443(334.99); 444(668.44); 445(754.24); 446(484.18); 447(995.65); 448(992.76); 449(987.09); 450(424.42); 451(292.06); 452(296.97); 453(583.79); 454(646.1); 455(222.99); 456(884.34); 457(841.57); 458(425.33); 459(901.01); 460(293.49); 461(583.03); 462(378.99); 463(408.02); 464(917.97); 465(834.24); 466(316.37); 467(636.36); 468(382.99); 469(343.98); 470(212.86); 471(812.26); 472(351.34); 473(473.94); 474(495.73); 475(855.65); 476(874.48); 477(164.79); 478(434.56); 479(62.33); 480(676.15); 481(288.16); 482(575.0); 483(610.76); 484(522.75); 485(605.59); 486(646.97); 487(554.77); 488(174.01); 489(672.23); 490(726.16); 491(379.94); 492(694.62); 493(639.85); 494(884.56); 495(728.27); 496(757.9); 497(38.27); 498(521.94); 499(97.88),1
273,0(340.71); 1(713.18); 2(405.42); 3(698.52); 4(403.39); 5(333.18); 6(624.95); 7(548.57); 8(277.52); 9(974.54); 10(647.31); 11(23.23); 12(290.52); 13(437.86); 14(742.03); 15(867.86); 16(373.6); 17(478.93); 18(943.28); 19(826.26); 20(610.26); 21(663.63); 22(262.02); 23(640.59); 24(613.89); 25(114.82); 26(22.08); 27(460.74); 28(318.14); 29(437.3); 30(936.22); 31(41.53); 32(963.43); 33(654.97); 34(842.68); 35(698.13); 36(260.28); 37(741.68); 38(99.63); 39(187.46); 40(893.43); 41(664.33); 42(195.77); 43(112.07); 44(768.99); 45(587.32); 46(229.0); 47(206.23); 48(485.12); 49(492.29); 50(530.65); 51(667.04); 52(502.92); 53(797.85); 54(171.41); 55(820.25); 56(926.39); 57(996.33); 58(507.94); 59(240.7); 60(885.46); 61(132.17); 62(724.92); 63(673.33); 64(585.81); 65(642.83); 66(856.0); 67(624.0); 68(316.17); 69(300.16); 70(656.48); 71(409.5); 72(41.18); 73(165.68); 74(472.42); 75(769.18); 76(134.57); 77(774.9); 78(331.65); 79(947.53); 80(453.3); 81(45.51); 82(215.74); 83(771.69); 84(597.53); 85(66.86); 86(633.24); 87(928.25); 88(659.7); 89(594.75); 90(95.9); 91(620.73); 92(874.93); 93(404.73); 94(793.77); 95(824.11); 96(125.98); 97(328.95); 98(462.04); 99(841.52); 100(871.43); 101(896.39); 102(143.73); 103(178.52); 104(866.66); 105(524.19); 106(439.84); 107(927.14); 108(849.14); 109(166.77); 110(553.61); 111(109.51); 112(746.6); 113(892.14); 114(854.56); 115(868.52); 116(734.32); 117(135.36); 118(778.46); 119(693.93); 120(307.46); 121(985.2); 122(119.57); 123(544.54); 124(335.76); 125(68.9); 126(671.22); 127(270.07); 128(208.84); 129(549.49); 130(62.0); 131(750.3); 132(757.2); 133(977.39); 134(826.45); 135(774.63); 136(765.55); 137(685.77); 138(960.29); 139(968.05); 140(794.67); 141(609.64); 142(453.2); 143(528.57); 144(235.87); 145(647.1); 146(649.88); 147(175.59); 148(630.14); 149(785.83); 150(413.45); 151(639.85); 152(190.81); 153(36.81); 154(110.99); 155(652.62); 156(92.08); 157(20.52); 158(510.74); 159(927.07); 160(809.84); 161(288.5); 162(179.9); 163(904.98); 164(481.48); 165(218.14); 166(932.99); 167(180.93); 168(354.98); 169(242.91); 170(326.55); 171(358.75); 172(962.92); 173(166.04); 174(803.18); 175(78.76); 176(912.72); 177(393.64); 178(441.24); 179(798.28); 180(297.6); 181(544.74); 182(994.62); 183(886.47); 184(723.48); 185(655.56); 186(270.71); 187(11.61); 188(321.03); 189(567.96); 190(860.42); 191(665.15); 192(484.11); 193(391.0); 194(677.58); 195(697.67); 196(717.83); 197(572.94); 198(505.53); 199(445.99); 200(323.78); 201(478.88); 202(102.52); 203(204.9); 204(401.52); 205(306.52); 206(231.62); 207(333.8); 208(953.16); 209(32.88); 210(776.16); 211(395.86); 212(627.95); 213(415.73); 214(256.06); 215(260.73); 216(397.81); 217(269.01); 218(242.85); 219(729.88); 220(45.72); 221(964.23); 222(394.3); 223(657.87); 224(560.51); 225(953.22); 226(600.27); 227(95.35); 228(419.71); 229(671.9); 230(139.14); 231(381.25); 232(344.7); 233(75.37); 234(10.86); 235(370.16); 236(910.48); 237(380.46); 238(893.28); 239(336.95); 240(718.24); 241(778.0); 242(208.48); 243(200.12); 244(732.81); 245(744.69); 246(214.37); 247(669.09); 248(100.61); 249(739.67); 250(282.81); 251(712.77); 252(370.01); 253(714.26); 254(742.16); 255(43.43); 256(390.24); 257(58.95); 258(37.12); 259(345.84); 260(786.17); 261(640.41); 262(433.54); 263(352.4); 264(755.07); 265(350.91); 266(855.6); 267(170.3); 268(281.32); 269(915.05); 270(280.83); 271(769.28); 272(734.6); 274(912.49); 275(424.08); 276(295.84); 277(878.32); 278(808.07); 279(849.56); 280(493.04); 281(680.92); 282(203.05); 283(682.67); 284(758.88); 285(770.48); 286(426.71); 287(320.39); 288(257.16); 289(55.87); 290(562.12); 291(479.88); 292(637.57); 293(767.72); 294(659.53); 295(849.24); 296(808.52); 297(6.11); 298(720.39); 299(110.42); 300(147.78); 301(162.91); 302(384.46); 303(252.56); 304(398.45); 305(611.15); 306(157.14); 307(918.41); 308(489.35); 309(600.54); 310(735.01); 311(570.36); 312(127.61); 313(186.61); 314(763.01); 315(356.99); 316(283.52); 317(135.54); 318(387.54); 319(947.32); 320(530.86); 321(947.65); 322(783.52); 323(874.05); 324(998.47); 325(857.44); 326(624.54); 327(237.84); 328(555.25); 329(545.19); 330(272.97); 331(829.59); 332(21.04); 333(212.08); 334(31.18); 335(65.7); 336(993.76); 337(804.19); 338(534.49); 339(873.28); 340(45.44); 341(130.99); 342(600.29); 343(735.96); 344(688.38); 345(53.16); 346(703.65); 347(378.19); 348(649.93); 349(644.79); 350(666.67); 351(391.63); 352(855.32); 353(296.88); 354(524.75); 355(463.58); 356(226.91); 357(361.62); 358(544.41); 359(378.27); 360(98.27); 361(764.47); 362(814.54); 363(269.86); 364(694.15); 365(239.98); 366(579.6); 367(136.81); 368(749.42); 369(924.08); 370(431.79); 371(690.32); 372(557.36); 373(312.51); 374(831.38); 375(231.02); 376(708.21); 377(692.32); 378(474.93); 379(543.47); 380(325.19); 381(439.3); 382(930.1); 383(199.71); 384(298.56); 385(850.34); 386(847.9); 387(858.37); 388(267.9); 389(862.27); 390(200.02); 391(828.74); 392(829.91); 393(581.21); 394(345.1); 395(182.85); 396(444.97); 397(278.02); 398(771.3); 399(796.49); 400(47.64); 401(23.56); 402(620.46); 403(949.1); 404(817.03); 405(312.94); 406(973.13); 407(358.06); 408(856.06); 409(768.44); 410(605.96); 411(302.12); 412(450.74); 413(986.79); 414(804.0); 415(543.79); 416(777.8); 417(631.8); 418(899.97); 419(273.88); 420(406.15); 421(841.29); 422(380.12); 423(390.87); 424(165.2); 425(491.45); 426(672.37); 427(157.15); 428(631.73); 429(915.89); 430(843.89); 431(115.86); 432(202.83); 433(52.03); 434(934.83); 435(381.73); 436(889.67); 437(539.11); 438(749.39); 439(339.82); 440(955.97); 441(457.79); 442(161.9); 443(823.59); 444(162.7); 445(664.84); 446(796.4); 447(249.26); 448(964.26); 449(519.77); 450(101.4); 451(438.58); 452(886.51); 453(895.88); 454(230.4); 455(229.98); 456(536.58); 457(124.19); 458(719.11); 459(469.97); 460(38.08); 461(718.97); 462(768.74); 463(547.69); 464(31.59); 465(257.4); 466(607.34); 467(619.11); 468(620.6); 469(435.01); 470(778.8); 471(329.55); 472(835.0); 473(564.7); 474(330.71); 475(539.23); 476(434.86); 477(492.26); 478(991.17); 479(507.29); 480(457.83); 481(488.5); 482(575.4); 483(516.24); 484(605.04); 485(640.8); 486(543.73); 487(649.75); 488(922.89); 489(954.8); 490(194.25); 491(436.71); 492(454.24); 493(168.71); 494(347.93); 495(608.48); 496(326.63); 497(91.88); 498(810.85); 499(972.99),1
274,0(307.85); 1(630.99); 2(134.74); 3(359.67); 4(662.96); 5(567.3); 6(982.31); 7(651.77); 8(842.85); 9(333.21); 10(132.67); 11(442.65); 12(87.34); 13(90.7); 14(763.93); 15(261.24); 16(33.14); 17(435.59); 18(14.63); 19(108.51); 20(171.13); 21(222.24); 22(6.43); 23(775.25); 24(771.31); 25(559.14); 26(39.58); 27(736.13); 28(518.37); 29(582.24); 30(492.26); 31(798.99); 32(160.34); 33(944.15); 34(442.05); 35(240.98); 36(772.62); 37(538.19); 38(136.93); 39(135.36); 40(626.12); 41(771.65); 42(687.13); 43(426.56); 44(714.83); 45(735.59); 46(487.79); 47(184.86); 48(903.88); 49(685.49); 50(454.27); 51(37.62); 52(494.57); 53(832.99); 54(251.53); 55(518.71); 56(673.16); 57(982.66); 58(854.0); 59(704.27); 60(80.19); 61(373.78); 62(225.9); 63(449.81); 64(197.81); 65(868.03); 66(850.78); 67(402.81); 68(469.03); 69(966.35); 70(566.7); 71(308.69); 72(474.91); 73(247.55); 74(576.55); 75(173.98); 76(711.11); 77(498.53); 78(506.12); 79(768.81); 80(480.4); 81(215.66); 82(838.03); 83(156.3); 84(573.0); 85(960.48); 86(553.14); 87(761.02); 88(892.34); 89(555.77); 90(705.46); 91(919.1); 92(58.76); 93(595.95); 94(335.97); 95(737.25); 96(110.14); 97(233.14); 98(982.58); 99(597.31); 100(880.71); 101(665.2); 102(627.33); 103(860.73); 104(560.23); 105(91.06); 106(700.05); 107(706.93); 108(380.23); 109(388.05); 110(761.72); 111(664.38); 112(137.3); 113(109.6); 114(257.28); 115(462.59); 116(514.36); 117(271.09); 118(521.81); 119(927.3); 120(173.67); 121(295.15); 122(228.37); 123(34.18); 124(829.84); 125(754.9); 126(420.23); 127(551.93); 128(569.64); 129(720.69); 130(340.15); 131(319.52); 132(87.17); 133(464.77); 134(511.65); 135(7.17); 136(809.48); 137(757.4); 138(911.68); 139(73.17); 140(614.54); 141(648.37); 142(259.13); 143(98.74); 144(982.49); 145(703.5); 146(112.98); 147(849.62); 148(948.68); 149(747.76); 150(240.91); 151(111.7); 152(103.06); 153(2.9); 154(706.19); 155(420.01); 156(65.48); 157(616.01); 158(545.66); 159(174.51); 160(97.85); 161(705.75); 162(813.0); 163(136.09); 164(848.56); 165(436.96); 166(745.02); 167(856.28); 168(925.13); 169(654.57); 170(486.97); 171(315.31); 172(803.29); 173(948.54); 174(189.58); 175(714.18); 176(517.26); 177(870.33); 178(59.58); 179(767.53); 180(668.75); 181(527.41); 182(597.53); 183(590.42); 184(721.12); 185(405.88); 186(656.49); 187(391.44); 188(677.96); 189(344.23); 190(793.5); 191(971.37); 192(688.71); 193(228.64); 194(793.17); 195(296.63); 196(339.81); 197(215.65); 198(84.28); 199(540.02); 200(899.49); 201(462.35); 202(596.49); 203(50.72); 204(744.6); 205(450.63); 206(976.56); 207(412.94); 208(572.24); 209(807.5); 210(908.77); 211(732.61); 212(429.6); 213(807.18); 214(28.48); 215(640.42); 216(650.94); 217(294.96); 218(825.4); 219(750.32); 220(466.89); 221(827.64); 222(845.31); 223(978.87); 224(569.57); 225(203.96); 226(191.03); 227(684.14); 228(241.19); 229(196.68); 230(112.64); 231(291.04); 232(665.58); 233(139.42); 234(610.97); 235(551.62); 236(648.45); 237(233.66); 238(527.43); 239(210.53); 240(199.41); 241(932.54); 242(685.06); 243(791.99); 244(513.75); 245(713.64); 246(363.39); 247(549.36); 248(794.8); 249(140.63); 250(948.48); 251(190.28); 252(288.47); 253(887.59); 254(749.91); 255(747.21); 256(132.49); 257(63.59); 258(37.07); 259(334.91); 260(735.72); 261(10.13); 262(735.37); 263(438.35); 264(468.18); 265(939.91); 266(218.71); 267(699.11); 268(194.1); 269(514.62); 270(239.65); 271(818.34); 272(897.56); 273(912.49); 275(393.16); 276(638.2); 277(570.02); 278(454.23); 279(946.73); 280(949.6); 281(757.56); 282(367.26); 283(856.81); 284(996.76); 285(867.04); 286(176.79); 287(465.04); 288(656.68); 289(710.16); 290(97.38); 291(785.09); 292(990.48); 293(338.09); 294(868.88); 295(583.95); 296(474.19); 297(580.34); 298(46.68); 299(863.55); 300(590.21); 301(660.94); 302(432.38); 303(312.85); 304(193.65); 305(683.63); 306(672.22); 307(740.0); 308(290.92); 309(532.27); 310(373.4); 311(280.4); 312(127.57); 313(356.74); 314(636.51); 315(457.53); 316(501.06); 317(208.41); 318(246.51); 319(983.22); 320(171.94); 321(842.99); 322(368.94); 323(847.31); 324(310.27); 325(777.25); 326(883.13); 327(507.35); 328(853.9); 329(494.78); 330(972.11); 331(61.09); 332(261.17); 333(851.06); 334(594.76); 335(640.24); 336(244.05); 337(656.57); 338(735.72); 339(703.13); 340(139.01); 341(57.43); 342(438.59); 343(617.1); 344(599.81); 345(624.8); 346(363.11); 347(88.11); 348(171.04); 349(455.03); 350(499.88); 351(511.67); 352(596.16); 353(167.13); 354(483.28); 355(243.58); 356(390.04); 357(586.05); 358(503.64); 359(941.54); 360(177.1); 361(884.54); 362(228.12); 363(358.2); 364(488.51); 365(215.97); 366(841.05); 367(284.61); 368(872.53); 369(802.8); 370(672.95); 371(962.47); 372(193.85); 373(477.13); 374(915.42); 375(420.72); 376(329.39); 377(571.03); 378(703.77); 379(102.58); 380(43.82); 381(627.87); 382(615.87); 383(68.71); 384(599.31); 385(965.82); 386(596.35); 387(708.74); 388(887.75); 389(127.94); 390(409.63); 391(348.4); 392(551.39); 393(951.65); 394(293.05); 395(712.05); 396(857.39); 397(433.45); 398(508.45); 399(626.74); 400(746.04); 401(384.65); 402(304.11); 403(326.42); 404(636.41); 405(3.67); 406(695.85); 407(813.73); 408(191.96); 409(17.26); 410(115.11); 411(734.11); 412(734.57); 413(985.78); 414(321.96); 415(783.05); 416(365.24); 417(783.0); 418(698.25); 419(42.41); 420(399.55); 421(802.52); 422(536.71); 423(530.37); 424(86.12); 425(502.38); 426(321.21); 427(949.29); 428(812.61); 429(551.68); 430(433.32); 431(403.85); 432(963.24); 433(141.29); 434(254.83); 435(882.79); 436(774.12); 437(604.47); 438(511.46); 439(594.35); 440(256.92); 441(69.4); 442(581.16); 443(913.03); 444(784.66); 445(611.84); 446(873.38); 447(18.78); 448(700.69); 449(694.29); 450(279.48); 451(472.21); 452(753.7); 453(151.46); 454(502.02); 455(600.6); 456(782.36); 457(731.26); 458(31.76); 459(231.36); 460(653.48); 461(251.22); 462(599.81); 463(29.19); 464(501.24); 465(869.2); 466(257.35); 467(401.53); 468(479.89); 469(918.94); 470(687.43); 471(212.15); 472(728.28); 473(670.89); 474(261.32); 475(998.32); 476(383.45); 477(243.9); 478(17.52); 479(441.95); 480(341.54); 481(526.6); 482(519.04); 483(644.3); 484(910.18); 485(810.8); 486(130.96); 487(71.31); 488(13.62); 489(257.13); 490(669.36); 491(632.21); 492(801.78); 493(647.02); 494(888.26); 495(83.02); 496(835.34); 497(18.22); 498(98.75); 499(379.33),1
275,0(934.96); 1(910.45); 2(671.43); 3(547.22); 4(425.33); 5(53.31); 6(118.53); 7(769.66); 8(306.94); 9(730.97); 10(520.61); 11(893.62); 12(205.85); 13(184.06); 14(134.02); 15(808.2); 16(643.79); 17(990.63); 18(918.07); 19(152.8); 20(126.19); 21(890.98); 22(933.45); 23(742.4); 24(784.36); 25(703.06); 26(358.92); 27(945.97); 28(364.63); 29(234.58); 30(645.49); 31(387.06); 32(173.72); 33(488.32); 34(86.16); 35(713.64); 36(854.25); 37(382.35); 38(595.6); 39(245.83); 40(118.18); 41(498.44); 42(712.85); 43(708.1); 44(287.13); 45(334.42); 46(550.83); 47(766.06); 48(876.57); 49(74.66); 50(733.54); 51(690.05); 52(40.11); 53(916.11); 54(399.42); 55(432.97); 56(557.0); 57(232.29); 58(964.34); 59(813.71); 60(887.88); 61(20.73); 62(675.87); 63(638.37); 64(131.44); 65(571.19); 66(32.55); 67(602.5); 68(894.32); 69(87.29); 70(533.83); 71(886.76); 72(518.72); 73(775.13); 74(419.53); 75(779.95); 76(572.44); 77(828.25); 78(110.03); 79(413.84); 80(437.32); 81(696.38); 82(299.62); 83(309.98); 84(561.75); 85(545.2); 86(717.68); 87(908.44); 88(346.71); 89(53.93); 90(773.22); 91(682.04); 92(311.2); 93(810.63); 94(602.13); 95(409.58); 96(421.64); 97(585.53); 98(959.83); 99(69.79); 100(969.81); 101(828.25); 102(299.56); 103(206.18); 104(517.94); 105(999.73); 106(249.46); 107(399.72); 108(719.99); 109(407.55); 110(861.66); 111(127.67); 112(587.0); 113(40.71); 114(616.42); 115(769.89); 116(273.42); 117(385.82); 118(701.01); 119(95.34); 120(233.47); 121(787.5); 122(945.22); 123(744.3); 124(222.68); 125(587.3); 126(315.92); 127(365.77); 128(982.49); 129(171.2); 130(556.76); 131(542.73); 132(18.38); 133(659.52); 134(14.25); 135(265.5); 136(601.35); 137(43.55); 138(295.0); 139(410.45); 140(845.34); 141(525.64); 142(724.64); 143(751.4); 144(364.1); 145(995.64); 146(225.85); 147(589.59); 148(273.62); 149(868.65); 150(463.03); 151(368.78); 152(75.32); 153(761.68); 154(785.21); 155(114.47); 156(244.84); 157(41.39); 158(319.88); 159(972.14); 160(635.43); 161(921.01); 162(427.0); 163(183.33); 164(832.04); 165(960.29); 166(426.49); 167(913.2); 168(915.47); 169(369.27); 170(762.25); 171(769.21); 172(867.91); 173(819.8); 174(660.75); 175(763.69); 176(871.81); 177(633.78); 178(133.52); 179(684.79); 180(959.34); 181(87.75); 182(370.18); 183(964.04); 184(185.76); 185(159.65); 186(580.97); 187(524.27); 188(671.78); 189(396.7); 190(890.45); 191(634.45); 192(904.0); 193(782.59); 194(246.03); 195(871.99); 196(506.18); 197(286.67); 198(368.52); 199(618.17); 200(73.15); 201(655.08); 202(618.64); 203(894.6); 204(492.42); 205(597.31); 206(437.35); 207(98.93); 208(824.66); 209(932.51); 210(971.74); 211(715.38); 212(700.72); 213(828.19); 214(186.45); 215(864.98); 216(536.28); 217(765.81); 218(521.24); 219(468.99); 220(572.33); 221(222.95); 222(878.9); 223(659.55); 224(842.65); 225(767.64); 226(553.53); 227(502.84); 228(277.77); 229(43.19); 230(83.54); 231(707.99); 232(783.66); 233(99.37); 234(113.92); 235(938.36); 236(489.28); 237(255.63); 238(695.69); 239(841.6); 240(955.09); 241(0.64); 242(682.05); 243(758.1); 244(904.84); 245(206.96); 246(822.78); 247(71.63); 248(416.24); 249(878.68); 250(441.88); 251(10.1); 252(861.49); 253(436.78); 254(153.59); 255(529.98); 256(967.78); 257(679.4); 258(698.77); 259(745.75); 260(311.49); 261(621.66); 262(686.42); 263(442.76); 264(197.87); 265(721.86); 266(47.69); 267(301.09); 268(956.75); 269(948.5); 270(632.24); 271(453.61); 272(47.6); 273(424.08); 274(393.16); 276(389.64); 277(639.8); 278(696.98); 279(871.14); 280(170.98); 281(944.62); 282(890.05); 283(120.06); 284(144.65); 285(905.57); 286(358.57); 287(872.23); 288(279.42); 289(953.26); 290(911.35); 291(163.49); 292(551.77); 293(270.65); 294(162.83); 295(685.92); 296(138.34); 297(345.05); 298(94.24); 299(871.34); 300(999.9); 301(409.0); 302(320.91); 303(722.18); 304(712.33); 305(611.0); 306(914.4); 307(689.44); 308(712.32); 309(85.64); 310(389.53); 311(630.87); 312(333.29); 313(13.42); 314(264.47); 315(570.47); 316(833.76); 317(189.8); 318(198.32); 319(114.8); 320(801.44); 321(495.92); 322(550.59); 323(824.0); 324(952.37); 325(138.68); 326(809.04); 327(163.98); 328(209.06); 329(229.65); 330(295.62); 331(892.37); 332(459.82); 333(134.88); 334(377.19); 335(325.54); 336(767.62); 337(5.34); 338(61.3); 339(157.42); 340(668.03); 341(23.82); 342(884.37); 343(478.91); 344(908.78); 345(557.31); 346(367.72); 347(409.06); 348(719.62); 349(626.63); 350(626.11); 351(40.15); 352(411.17); 353(853.55); 354(836.94); 355(484.33); 356(287.86); 357(524.21); 358(77.92); 359(933.09); 360(325.41); 361(209.19); 362(25.61); 363(738.41); 364(34.85); 365(133.89); 366(461.25); 367(403.96); 368(60.36); 369(567.18); 370(109.69); 371(806.96); 372(858.89); 373(305.74); 374(888.44); 375(255.17); 376(816.84); 377(199.44); 378(65.69); 379(7.44); 380(693.45); 381(411.72); 382(772.72); 383(923.75); 384(387.99); 385(341.99); 386(951.4); 387(744.32); 388(583.58); 389(366.53); 390(605.45); 391(314.85); 392(669.39); 393(576.58); 394(715.2); 395(20.57); 396(430.51); 397(2.69); 398(899.09); 399(980.15); 400(817.11); 401(244.57); 402(442.65); 403(779.29); 404(379.98); 405(763.33); 406(357.58); 407(826.92); 408(707.04); 409(261.19); 410(250.28); 411(598.0); 412(951.06); 413(397.92); 414(881.09); 415(437.55); 416(606.18); 417(166.91); 418(250.45); 419(379.09); 420(843.4); 421(219.74); 422(933.9); 423(739.83); 424(341.38); 425(357.25); 426(821.89); 427(539.37); 428(998.15); 429(993.49); 430(937.78); 431(48.47); 432(929.9); 433(274.55); 434(842.2); 435(264.07); 436(129.83); 437(281.13); 438(545.88); 439(566.36); 440(373.11); 441(649.62); 442(268.37); 443(248.19); 444(441.15); 445(81.69); 446(329.83); 447(905.26); 448(352.61); 449(226.68); 450(272.62); 451(626.14); 452(675.66); 453(366.62); 454(638.72); 455(622.15); 456(352.45); 457(453.52); 458(286.28); 459(665.91); 460(636.14); 461(516.13); 462(415.85); 463(343.11); 464(556.25); 465(649.24); 466(619.84); 467(102.05); 468(323.78); 469(17.13); 470(424.07); 471(685.58); 472(174.17); 473(456.28); 474(182.53); 475(845.24); 476(676.71); 477(926.64); 478(520.64); 479(719.69); 480(679.0); 481(231.03); 482(299.31); 483(307.85); 484(662.47); 485(399.3); 486(0.36); 487(512.39); 488(58.45); 489(222.33); 490(834.3); 491(824.96); 492(488.1); 493(398.19); 494(749.74); 495(227.6); 496(734.52); 497(950.47); 498(996.87); 499(421.5),1
276,0(21.62); 1(259.35); 2(475.31); 3(320.49); 4(963.25); 5(221.49); 6(764.44); 7(70.85); 8(376.17); 9(344.12); 10(179.58); 11(94.88); 12(471.01); 13(903.34); 14(216.23); 15(62.07); 16(460.92); 17(169.95); 18(878.82); 19(50.53); 20(32.88); 21(212.22); 22(903.88); 23(200.44); 24(879.92); 25(744.66); 26(841.61); 27(272.55); 28(313.98); 29(780.01); 30(789.25); 31(672.09); 32(99.93); 33(676.72); 34(80.66); 35(573.03); 36(189.98); 37(869.52); 38(939.55); 39(621.45); 40(530.53); 41(405.82); 42(987.79); 43(350.87); 44(810.37); 45(689.11); 46(365.02); 47(193.8); 48(305.02); 49(318.61); 50(119.64); 51(982.62); 52(754.38); 53(304.58); 54(835.26); 55(686.64); 56(347.75); 57(937.07); 58(358.25); 59(605.15); 60(308.73); 61(683.01); 62(727.58); 63(168.91); 64(179.27); 65(23.37); 66(422.4); 67(154.06); 68(235.05); 69(163.39); 70(622.16); 71(650.94); 72(381.27); 73(330.02); 74(311.86); 75(429.32); 76(156.04); 77(319.64); 78(45.48); 79(571.39); 80(248.82); 81(746.04); 82(993.42); 83(765.14); 84(245.87); 85(709.37); 86(632.6); 87(193.49); 88(444.39); 89(598.68); 90(802.58); 91(565.28); 92(8.07); 93(497.1); 94(169.36); 95(290.99); 96(676.88); 97(355.05); 98(979.6); 99(130.07); 100(590.73); 101(520.89); 102(124.95); 103(370.13); 104(82.38); 105(144.19); 106(639.01); 107(540.56); 108(158.5); 109(925.13); 110(346.22); 111(240.42); 112(710.63); 113(450.68); 114(52.77); 115(585.07); 116(959.02); 117(315.39); 118(652.44); 119(862.9); 120(690.91); 121(387.82); 122(425.31); 123(553.94); 124(375.96); 125(795.87); 126(603.04); 127(408.4); 128(667.6); 129(489.89); 130(673.73); 131(225.22); 132(249.01); 133(767.23); 134(186.87); 135(571.34); 136(999.48); 137(476.1); 138(804.0); 139(649.6); 140(385.03); 141(881.26); 142(721.02); 143(628.81); 144(506.14); 145(698.98); 146(667.54); 147(764.63); 148(710.51); 149(542.1); 150(43.27); 151(666.64); 152(91.86); 153(155.8); 154(869.88); 155(24.88); 156(730.81); 157(773.91); 158(215.91); 159(449.7); 160(560.18); 161(882.29); 162(536.51); 163(683.47); 164(198.0); 165(446.98); 166(848.55); 167(892.11); 168(969.05); 169(928.11); 170(20.46); 171(400.21); 172(3.94); 173(574.04); 174(245.82); 175(263.81); 176(365.24); 177(317.38); 178(436.74); 179(410.96); 180(851.08); 181(828.71); 182(315.18); 183(613.44); 184(820.24); 185(890.09); 186(995.3); 187(664.36); 188(376.57); 189(60.73); 190(425.61); 191(507.5); 192(917.0); 193(442.58); 194(165.97); 195(13.16); 196(909.39); 197(584.23); 198(754.36); 199(774.86); 200(53.12); 201(58.27); 202(845.37); 203(991.45); 204(971.83); 205(778.73); 206(846.63); 207(303.11); 208(565.11); 209(286.37); 210(168.81); 211(402.41); 212(78.15); 213(77.35); 214(479.77); 215(579.16); 216(627.96); 217(199.34); 218(691.0); 219(92.29); 220(173.16); 221(979.9); 222(675.32); 223(842.23); 224(58.07); 225(725.75); 226(483.96); 227(883.44); 228(870.03); 229(184.89); 230(648.01); 231(559.28); 232(279.93); 233(581.65); 234(258.16); 235(92.03); 236(349.13); 237(339.39); 238(686.92); 239(243.87); 240(317.78); 241(305.63); 242(643.79); 243(484.08); 244(767.08); 245(984.68); 246(12.76); 247(764.46); 248(851.97); 249(625.02); 250(178.62); 251(974.52); 252(698.35); 253(727.77); 254(396.07); 255(724.71); 256(508.74); 257(387.03); 258(982.37); 259(769.77); 260(109.87); 261(227.05); 262(98.29); 263(599.72); 264(845.93); 265(16.96); 266(44.43); 267(341.7); 268(278.18); 269(66.29); 270(191.92); 271(190.44); 272(880.61); 273(295.84); 274(638.2); 275(389.64); 277(259.38); 278(604.61); 279(19.64); 280(273.37); 281(469.24); 282(893.42); 283(256.46); 284(504.94); 285(32.73); 286(211.52); 287(443.4); 288(212.35); 289(35.03); 290(202.01); 291(859.51); 292(362.97); 293(452.11); 294(780.04); 295(825.23); 296(158.14); 297(138.96); 298(128.18); 299(778.81); 300(701.78); 301(258.22); 302(396.63); 303(62.51); 304(983.21); 305(496.72); 306(167.33); 307(195.73); 308(977.79); 309(989.88); 310(888.85); 311(256.3); 312(988.47); 313(715.53); 314(263.44); 315(366.85); 316(183.83); 317(793.56); 318(619.58); 319(170.93); 320(28.19); 321(119.76); 322(449.4); 323(668.46); 324(853.45); 325(279.31); 326(688.5); 327(758.56); 328(512.98); 329(899.58); 330(181.27); 331(588.19); 332(296.96); 333(409.3); 334(478.43); 335(380.76); 336(999.38); 337(599.56); 338(52.82); 339(491.72); 340(960.41); 341(787.75); 342(83.73); 343(435.57); 344(855.27); 345(669.85); 346(315.58); 347(723.01); 348(39.45); 349(376.26); 350(885.77); 351(100.84); 352(30.1); 353(948.91); 354(565.78); 355(87.39); 356(36.59); 357(122.83); 358(92.22); 359(654.28); 360(864.94); 361(613.42); 362(953.37); 363(151.79); 364(5.35); 365(520.08); 366(946.36); 367(639.5); 368(653.4); 369(111.97); 370(430.84); 371(781.01); 372(919.73); 373(981.18); 374(47.95); 375(187.31); 376(33.17); 377(379.22); 378(859.0); 379(699.61); 380(538.4); 381(655.28); 382(350.19); 383(967.89); 384(236.21); 385(367.82); 386(731.16); 387(411.68); 388(896.45); 389(611.01); 390(245.93); 391(746.79); 392(652.12); 393(712.5); 394(938.6); 395(945.19); 396(221.28); 397(52.04); 398(498.67); 399(862.95); 400(177.13); 401(969.46); 402(334.9); 403(671.42); 404(519.41); 405(143.5); 406(296.66); 407(670.08); 408(64.13); 409(481.15); 410(631.58); 411(417.43); 412(688.21); 413(9.13); 414(567.95); 415(474.15); 416(684.24); 417(368.04); 418(433.37); 419(124.23); 420(766.9); 421(601.43); 422(762.09); 423(772.25); 424(465.09); 425(779.35); 426(828.45); 427(218.79); 428(334.97); 429(824.01); 430(259.78); 431(122.4); 432(785.9); 433(816.38); 434(404.0); 435(911.56); 436(101.65); 437(553.82); 438(324.93); 439(831.52); 440(412.13); 441(52.56); 442(141.06); 443(985.31); 444(291.27); 445(519.74); 446(20.0); 447(740.38); 448(610.45); 449(242.54); 450(522.67); 451(455.91); 452(959.31); 453(112.28); 454(601.41); 455(160.81); 456(978.21); 457(560.05); 458(847.1); 459(26.19); 460(243.72); 461(672.83); 462(898.77); 463(837.52); 464(888.1); 465(18.16); 466(633.35); 467(244.03); 468(604.17); 469(494.11); 470(937.37); 471(904.74); 472(861.82); 473(930.78); 474(692.57); 475(587.55); 476(941.19); 477(52.85); 478(209.1); 479(399.17); 480(624.69); 481(189.02); 482(376.21); 483(139.92); 484(230.61); 485(248.22); 486(144.23); 487(351.58); 488(607.91); 489(239.84); 490(980.01); 491(326.97); 492(662.18); 493(594.08); 494(107.15); 495(422.83); 496(677.85); 497(517.3); 498(28.59); 499(109.81),1
277,0(352.73); 1(994.84); 2(243.03); 3(757.53); 4(178.83); 5(568.65); 6(945.35); 7(979.37); 8(466.36); 9(284.86); 10(455.52); 11(135.3); 12(102.03); 13(784.99); 14(69.49); 15(578.87); 16(977.99); 17(429.56); 18(882.31); 19(329.15); 20(122.69); 21(566.4); 22(408.17); 23(155.35); 24(184.84); 25(359.75); 26(46.91); 27(931.21); 28(364.53); 29(667.29); 30(944.03); 31(525.34); 32(2.43); 33(170.31); 34(527.24); 35(803.84); 36(435.28); 37(576.26); 38(170.85); 39(813.09); 40(558.97); 41(126.06); 42(237.54); 43(556.64); 44(909.7); 45(300.96); 46(521.33); 47(40.1); 48(470.93); 49(955.77); 50(381.87); 51(202.63); 52(159.03); 53(184.55); 54(794.7); 55(90.54); 56(845.38); 57(760.88); 58(614.32); 59(759.41); 60(730.68); 61(904.74); 62(345.28); 63(867.71); 64(985.22); 65(297.13); 66(216.34); 67(326.86); 68(719.27); 69(960.19); 70(182.89); 71(540.25); 72(386.25); 73(634.09); 74(697.57); 75(200.99); 76(489.19); 77(875.99); 78(602.06); 79(494.07); 80(599.41); 81(126.87); 82(16.49); 83(126.95); 84(271.03); 85(86.66); 86(689.82); 87(258.94); 88(473.34); 89(64.65); 90(458.15); 91(71.49); 92(729.85); 93(999.35); 94(164.68); 95(832.93); 96(828.19); 97(415.66); 98(432.63); 99(495.69); 100(864.18); 101(174.25); 102(498.69); 103(242.01); 104(347.32); 105(472.0); 106(292.72); 107(15.82); 108(51.91); 109(216.23); 110(151.86); 111(120.74); 112(344.01); 113(673.54); 114(885.38); 115(926.92); 116(598.82); 117(861.75); 118(108.85); 119(250.05); 120(256.57); 121(254.96); 122(652.54); 123(121.61); 124(806.81); 125(259.87); 126(985.38); 127(147.44); 128(121.63); 129(814.34); 130(958.7); 131(363.57); 132(567.4); 133(381.02); 134(260.09); 135(937.75); 136(542.03); 137(893.51); 138(973.22); 139(160.02); 140(316.73); 141(104.49); 142(111.42); 143(446.69); 144(752.47); 145(38.64); 146(646.4); 147(819.17); 148(718.03); 149(513.83); 150(118.76); 151(982.22); 152(5.68); 153(362.57); 154(6.84); 155(218.09); 156(154.24); 157(389.46); 158(717.83); 159(30.05); 160(871.68); 161(34.5); 162(641.25); 163(481.47); 164(77.61); 165(450.17); 166(600.69); 167(882.51); 168(243.81); 169(909.77); 170(325.18); 171(785.05); 172(921.69); 173(113.41); 174(351.89); 175(337.32); 176(566.66); 177(999.47); 178(969.75); 179(389.07); 180(911.86); 181(138.27); 182(36.8); 183(643.46); 184(901.56); 185(4.04); 186(600.46); 187(831.27); 188(927.36); 189(994.73); 190(276.23); 191(270.27); 192(864.28); 193(952.05); 194(557.82); 195(548.22); 196(974.6); 197(754.66); 198(968.69); 199(532.22); 200(438.15); 201(760.46); 202(600.08); 203(484.95); 204(941.92); 205(519.91); 206(580.95); 207(983.48); 208(80.19); 209(392.45); 210(845.45); 211(241.48); 212(349.44); 213(487.03); 214(443.61); 215(699.66); 216(608.67); 217(311.83); 218(877.24); 219(267.69); 220(968.66); 221(362.42); 222(168.65); 223(828.13); 224(2.2); 225(814.63); 226(959.08); 227(277.99); 228(990.61); 229(764.61); 230(78.2); 231(840.55); 232(391.5); 233(502.24); 234(940.59); 235(613.75); 236(727.88); 237(312.49); 238(114.83); 239(318.73); 240(712.16); 241(453.93); 242(427.99); 243(419.25); 244(609.29); 245(92.61); 246(910.74); 247(18.89); 248(64.46); 249(454.87); 250(718.47); 251(317.71); 252(395.55); 253(652.3); 254(391.18); 255(396.81); 256(527.6); 257(731.91); 258(514.19); 259(179.82); 260(884.86); 261(739.73); 262(200.4); 263(805.27); 264(134.57); 265(421.74); 266(966.37); 267(339.55); 268(214.11); 269(714.79); 270(482.5); 271(701.8); 272(621.87); 273(878.32); 274(570.02); 275(639.8); 276(259.38); 278(125.05); 279(388.44); 280(471.53); 281(577.89); 282(880.74); 283(541.85); 284(114.24); 285(950.94); 286(719.17); 287(237.96); 288(920.92); 289(496.09); 290(475.31); 291(393.14); 292(558.5); 293(979.77); 294(305.9); 295(582.41); 296(830.24); 297(110.21); 298(388.39); 299(69.79); 300(568.75); 301(593.62); 302(920.22); 303(95.31); 304(94.4); 305(665.97); 306(671.36); 307(891.02); 308(233.83); 309(720.96); 310(263.64); 311(265.18); 312(553.42); 313(603.11); 314(844.46); 315(562.64); 316(92.7); 317(250.79); 318(981.4); 319(483.69); 320(498.46); 321(618.71); 322(120.38); 323(17.72); 324(340.55); 325(762.95); 326(173.43); 327(515.34); 328(172.15); 329(423.25); 330(400.31); 331(632.91); 332(581.62); 333(242.55); 334(764.78); 335(134.0); 336(980.89); 337(405.24); 338(890.61); 339(15.32); 340(235.78); 341(188.26); 342(273.17); 343(470.1); 344(610.01); 345(987.67); 346(684.93); 347(978.7); 348(290.33); 349(554.94); 350(741.17); 351(91.57); 352(758.72); 353(729.98); 354(931.59); 355(722.29); 356(553.05); 357(9.79); 358(962.91); 359(829.99); 360(308.52); 361(68.46); 362(799.84); 363(600.91); 364(685.98); 365(958.25); 366(15.11); 367(596.48); 368(374.66); 369(574.03); 370(754.01); 371(708.72); 372(352.37); 373(626.28); 374(907.77); 375(213.9); 376(477.4); 377(771.46); 378(706.53); 379(536.79); 380(640.38); 381(66.18); 382(324.77); 383(877.05); 384(715.67); 385(264.92); 386(399.27); 387(550.99); 388(318.95); 389(543.55); 390(493.77); 391(463.4); 392(650.66); 393(391.72); 394(138.69); 395(313.34); 396(395.52); 397(72.13); 398(59.12); 399(176.96); 400(51.22); 401(584.57); 402(808.83); 403(221.19); 404(161.45); 405(612.28); 406(8.39); 407(295.53); 408(127.88); 409(78.45); 410(933.88); 411(168.0); 412(813.48); 413(935.32); 414(707.71); 415(270.08); 416(804.85); 417(390.08); 418(619.39); 419(484.39); 420(634.57); 421(948.85); 422(549.2); 423(389.79); 424(661.83); 425(957.32); 426(357.74); 427(253.6); 428(71.21); 429(922.01); 430(852.9); 431(810.59); 432(972.07); 433(991.11); 434(77.28); 435(335.63); 436(955.38); 437(274.6); 438(408.79); 439(630.94); 440(472.33); 441(358.03); 442(854.88); 443(52.67); 444(300.81); 445(428.7); 446(793.56); 447(390.13); 448(902.7); 449(958.27); 450(148.26); 451(339.94); 452(879.3); 453(572.27); 454(196.39); 455(973.55); 456(42.79); 457(128.38); 458(230.05); 459(96.75); 460(578.03); 461(951.97); 462(260.89); 463(380.46); 464(117.82); 465(670.51); 466(773.69); 467(977.73); 468(447.75); 469(455.21); 470(758.03); 471(394.32); 472(193.98); 473(431.19); 474(105.2); 475(590.63); 476(363.9); 477(221.35); 478(914.96); 479(325.44); 480(250.01); 481(20.71); 482(768.92); 483(365.63); 484(607.98); 485(301.42); 486(132.02); 487(714.93); 488(665.43); 489(972.6); 490(380.13); 491(488.09); 492(842.24); 493(496.11); 494(533.49); 495(485.18); 496(534.53); 497(202.4); 498(172.3); 499(464.8),1
278,0(541.04); 1(661.11); 2(383.64); 3(980.31); 4(954.68); 5(145.72); 6(191.38); 7(104.03); 8(132.88); 9(272.12); 10(590.1); 11(634.94); 12(309.78); 13(491.19); 14(524.59); 15(455.87); 16(458.67); 17(935.27); 18(258.75); 19(729.43); 20(605.79); 21(669.55); 22(71.91); 23(508.88); 24(591.66); 25(971.76); 26(78.19); 27(735.91); 28(232.54); 29(962.58); 30(178.26); 31(836.81); 32(787.29); 33(326.61); 34(429.67); 35(385.49); 36(196.03); 37(928.74); 38(447.59); 39(206.59); 40(871.91); 41(883.3); 42(109.51); 43(508.75); 44(939.02); 45(10.72); 46(36.71); 47(104.91); 48(592.96); 49(315.61); 50(167.91); 51(899.01); 52(80.25); 53(870.85); 54(359.63); 55(871.58); 56(664.41); 57(961.88); 58(942.8); 59(200.45); 60(676.43); 61(693.96); 62(688.39); 63(742.52); 64(93.23); 65(652.97); 66(386.52); 67(71.59); 68(669.25); 69(854.34); 70(294.12); 71(619.82); 72(94.87); 73(746.34); 74(753.17); 75(684.92); 76(382.77); 77(961.3); 78(561.51); 79(762.78); 80(864.83); 81(265.77); 82(996.46); 83(153.28); 84(721.06); 85(894.42); 86(110.02); 87(593.94); 88(212.07); 89(458.19); 90(207.18); 91(889.87); 92(215.21); 93(249.51); 94(634.52); 95(772.13); 96(404.79); 97(691.42); 98(834.07); 99(738.34); 100(600.84); 101(226.73); 102(627.11); 103(252.98); 104(625.57); 105(668.29); 106(272.76); 107(240.79); 108(476.4); 109(613.58); 110(239.55); 111(713.55); 112(776.98); 113(624.9); 114(771.29); 115(707.18); 116(936.87); 117(682.33); 118(421.11); 119(893.75); 120(669.61); 121(821.53); 122(906.49); 123(213.43); 124(882.86); 125(201.25); 126(397.07); 127(672.0); 128(538.36); 129(302.17); 130(962.25); 131(748.22); 132(512.92); 133(306.57); 134(718.14); 135(634.18); 136(994.49); 137(189.82); 138(688.27); 139(397.67); 140(790.73); 141(629.06); 142(555.54); 143(432.47); 144(420.82); 145(182.2); 146(935.9); 147(45.69); 148(597.52); 149(113.32); 150(938.47); 151(107.17); 152(518.5); 153(491.88); 154(369.66); 155(993.59); 156(404.41); 157(338.97); 158(496.87); 159(197.12); 160(577.07); 161(382.93); 162(136.72); 163(351.2); 164(113.46); 165(511.88); 166(983.17); 167(17.1); 168(525.63); 169(751.56); 170(967.75); 171(74.07); 172(430.79); 173(820.74); 174(955.77); 175(679.43); 176(47.38); 177(584.56); 178(519.22); 179(876.79); 180(271.92); 181(55.02); 182(339.07); 183(814.92); 184(170.41); 185(993.96); 186(287.64); 187(957.87); 188(612.38); 189(616.81); 190(746.86); 191(165.92); 192(204.0); 193(900.99); 194(142.07); 195(35.44); 196(66.87); 197(799.79); 198(93.17); 199(893.02); 200(162.01); 201(219.44); 202(7.14); 203(567.5); 204(687.76); 205(421.57); 206(226.19); 207(930.38); 208(668.62); 209(928.38); 210(852.93); 211(493.62); 212(765.51); 213(906.54); 214(555.39); 215(587.9); 216(846.18); 217(988.97); 218(891.44); 219(164.44); 220(581.68); 221(508.25); 222(172.45); 223(744.6); 224(651.31); 225(835.84); 226(76.19); 227(363.72); 228(896.06); 229(282.72); 230(792.52); 231(477.33); 232(658.63); 233(670.83); 234(11.02); 235(611.42); 236(279.6); 237(267.8); 238(17.92); 239(474.68); 240(58.13); 241(341.12); 242(745.06); 243(292.54); 244(173.42); 245(487.33); 246(814.65); 247(792.87); 248(394.97); 249(938.52); 250(543.72); 251(249.02); 252(690.59); 253(154.12); 254(170.2); 255(272.86); 256(12.27); 257(77.0); 258(90.76); 259(824.05); 260(467.18); 261(497.87); 262(419.0); 263(129.02); 264(906.93); 265(234.45); 266(381.41); 267(979.94); 268(315.31); 269(367.24); 270(661.95); 271(130.28); 272(625.22); 273(808.07); 274(454.23); 275(696.98); 276(604.61); 277(125.05); 279(669.39); 280(357.67); 281(943.36); 282(99.76); 283(974.99); 284(543.54); 285(885.26); 286(759.88); 287(210.85); 288(583.63); 289(975.85); 290(305.78); 291(597.42); 292(189.43); 293(219.97); 294(84.79); 295(375.89); 296(664.84); 297(468.25); 298(894.2); 299(899.49); 300(888.89); 301(466.47); 302(409.7); 303(857.49); 304(578.26); 305(665.41); 306(38.68); 307(546.94); 308(300.61); 309(249.53); 310(50.83); 311(602.65); 312(167.36); 313(558.02); 314(813.45); 315(352.46); 316(723.59); 317(190.11); 318(675.6); 319(226.95); 320(579.79); 321(787.42); 322(312.7); 323(65.79); 324(213.52); 325(446.22); 326(785.66); 327(308.96); 328(63.08); 329(969.87); 330(173.2); 331(4.04); 332(374.49); 333(724.35); 334(947.85); 335(954.76); 336(662.39); 337(79.36); 338(578.28); 339(643.98); 340(476.2); 341(322.33); 342(669.76); 343(764.29); 344(947.45); 345(474.07); 346(926.93); 347(79.05); 348(669.13); 349(410.25); 350(996.29); 351(186.44); 352(330.18); 353(391.39); 354(928.22); 355(794.87); 356(848.82); 357(52.26); 358(682.18); 359(217.2); 360(44.87); 361(905.07); 362(620.22); 363(247.59); 364(828.14); 365(671.66); 366(687.59); 367(687.36); 368(175.62); 369(310.73); 370(104.53); 371(441.98); 372(671.6); 373(33.86); 374(508.56); 375(191.37); 376(582.98); 377(134.6); 378(877.69); 379(587.93); 380(517.86); 381(213.63); 382(324.6); 383(929.37); 384(315.63); 385(469.49); 386(62.8); 387(286.87); 388(455.8); 389(20.31); 390(593.29); 391(457.68); 392(664.41); 393(252.12); 394(53.64); 395(1.38); 396(862.77); 397(192.71); 398(579.98); 399(690.0); 400(243.18); 401(650.41); 402(339.76); 403(41.69); 404(270.54); 405(246.16); 406(949.47); 407(526.43); 408(481.96); 409(758.36); 410(672.08); 411(572.52); 412(367.37); 413(655.27); 414(543.86); 415(240.89); 416(490.35); 417(785.94); 418(179.67); 419(782.46); 420(622.04); 421(756.4); 422(987.87); 423(527.63); 424(583.44); 425(467.15); 426(508.85); 427(354.26); 428(467.52); 429(557.63); 430(959.8); 431(366.09); 432(111.56); 433(192.97); 434(737.4); 435(875.97); 436(815.28); 437(374.46); 438(621.55); 439(644.64); 440(604.35); 441(971.44); 442(740.51); 443(453.12); 444(393.29); 445(933.03); 446(251.5); 447(507.77); 448(424.26); 449(986.27); 450(239.89); 451(180.98); 452(289.31); 453(654.15); 454(235.23); 455(709.32); 456(232.44); 457(939.1); 458(859.89); 459(444.9); 460(437.92); 461(14.45); 462(104.44); 463(388.95); 464(308.67); 465(434.12); 466(383.29); 467(287.52); 468(329.72); 469(874.21); 470(172.9); 471(626.92); 472(989.58); 473(813.5); 474(891.45); 475(740.89); 476(233.8); 477(876.79); 478(742.13); 479(399.79); 480(682.04); 481(530.71); 482(636.39); 483(432.58); 484(602.86); 485(866.46); 486(433.54); 487(769.3); 488(878.9); 489(27.77); 490(926.01); 491(835.29); 492(779.19); 493(431.89); 494(111.86); 495(860.98); 496(484.66); 497(879.39); 498(173.14); 499(838.28),1
279,0(471.1); 1(480.7); 2(501.89); 3(717.65); 4(585.65); 5(305.28); 6(397.53); 7(121.79); 8(682.72); 9(321.4); 10(907.69); 11(182.41); 12(462.76); 13(323.2); 14(644.31); 15(327.56); 16(407.8); 17(299.79); 18(32.88); 19(122.71); 20(339.63); 21(563.71); 22(730.11); 23(622.48); 24(196.64); 25(969.36); 26(736.9); 27(307.3); 28(599.05); 29(717.94); 30(470.73); 31(721.62); 32(62.52); 33(651.55); 34(784.98); 35(442.92); 36(829.67); 37(121.8); 38(106.56); 39(654.43); 40(915.27); 41(575.59); 42(552.55); 43(229.76); 44(495.02); 45(69.99); 46(358.08); 47(409.48); 48(250.65); 49(408.69); 50(487.37); 51(218.82); 52(474.54); 53(12.66); 54(381.67); 55(954.54); 56(131.94); 57(315.19); 58(464.66); 59(793.06); 60(390.56); 61(377.91); 62(523.0); 63(825.05); 64(104.07); 65(726.22); 66(147.87); 67(852.93); 68(97.82); 69(988.55); 70(621.25); 71(643.29); 72(910.89); 73(904.66); 74(594.05); 75(711.63); 76(354.54); 77(443.77); 78(546.7); 79(476.4); 80(836.01); 81(317.88); 82(536.94); 83(897.19); 84(446.42); 85(145.71); 86(916.85); 87(952.52); 88(191.8); 89(901.9); 90(623.33); 91(561.72); 92(454.69); 93(39.83); 94(132.58); 95(126.1); 96(75.71); 97(588.73); 98(285.35); 99(248.5); 100(869.9); 101(280.09); 102(437.21); 103(19.12); 104(906.53); 105(92.34); 106(785.78); 107(201.6); 108(710.81); 109(482.0); 110(110.0); 111(340.63); 112(165.0); 113(247.51); 114(765.34); 115(835.33); 116(144.28); 117(505.83); 118(405.14); 119(617.65); 120(275.87); 121(587.8); 122(921.72); 123(779.17); 124(320.18); 125(872.54); 126(325.22); 127(656.02); 128(908.51); 129(535.41); 130(466.04); 131(511.28); 132(406.58); 133(225.98); 134(626.73); 135(833.04); 136(162.42); 137(889.29); 138(945.11); 139(242.55); 140(909.23); 141(482.74); 142(606.45); 143(277.9); 144(809.65); 145(552.27); 146(507.01); 147(374.62); 148(748.84); 149(552.86); 150(841.63); 151(554.39); 152(743.5); 153(585.64); 154(950.42); 155(626.35); 156(428.96); 157(554.63); 158(568.42); 159(459.82); 160(828.63); 161(480.3); 162(524.64); 163(890.82); 164(569.44); 165(882.78); 166(528.99); 167(954.49); 168(620.67); 169(505.94); 170(333.61); 171(12.54); 172(615.89); 173(605.65); 174(521.04); 175(528.32); 176(839.2); 177(354.94); 178(263.51); 179(288.94); 180(269.6); 181(5.3); 182(300.18); 183(634.85); 184(859.02); 185(58.24); 186(869.13); 187(789.4); 188(497.02); 189(321.94); 190(700.98); 191(912.2); 192(252.59); 193(18.93); 194(444.0); 195(993.69); 196(672.2); 197(612.65); 198(764.88); 199(784.38); 200(177.19); 201(164.4); 202(95.93); 203(473.33); 204(822.31); 205(164.43); 206(666.82); 207(999.16); 208(115.73); 209(205.6); 210(499.54); 211(60.14); 212(406.7); 213(918.67); 214(529.78); 215(554.3); 216(538.14); 217(553.98); 218(913.9); 219(200.53); 220(838.26); 221(111.98); 222(495.29); 223(408.83); 224(970.8); 225(564.82); 226(345.27); 227(791.33); 228(207.56); 229(339.29); 230(695.78); 231(93.82); 232(705.56); 233(755.13); 234(882.3); 235(988.61); 236(135.48); 237(696.19); 238(929.51); 239(88.44); 240(552.22); 241(361.37); 242(792.58); 243(695.69); 244(732.32); 245(41.04); 246(67.38); 247(322.1); 248(473.75); 249(321.76); 250(722.91); 251(725.07); 252(142.76); 253(182.64); 254(282.69); 255(890.49); 256(92.02); 257(672.45); 258(120.79); 259(11.37); 260(524.16); 261(230.82); 262(121.88); 263(961.2); 264(559.52); 265(909.92); 266(339.82); 267(390.37); 268(888.09); 269(501.15); 270(25.89); 271(410.84); 272(257.14); 273(849.56); 274(946.73); 275(871.14); 276(19.64); 277(388.44); 278(669.39); 280(145.96); 281(111.94); 282(17.05); 283(401.07); 284(500.15); 285(616.27); 286(225.07); 287(787.14); 288(981.9); 289(749.63); 290(171.63); 291(702.73); 292(280.48); 293(683.99); 294(685.68); 295(975.73); 296(247.23); 297(815.62); 298(135.47); 299(822.73); 300(625.5); 301(407.92); 302(609.25); 303(533.42); 304(364.75); 305(643.14); 306(141.93); 307(877.86); 308(78.28); 309(77.31); 310(118.09); 311(269.66); 312(5.06); 313(182.27); 314(327.97); 315(667.01); 316(226.61); 317(560.48); 318(766.89); 319(763.46); 320(526.46); 321(724.03); 322(84.16); 323(952.32); 324(63.39); 325(631.87); 326(161.81); 327(981.49); 328(59.64); 329(218.98); 330(838.45); 331(361.26); 332(992.72); 333(175.2); 334(109.76); 335(655.98); 336(350.66); 337(567.23); 338(520.47); 339(384.05); 340(676.82); 341(849.79); 342(997.43); 343(697.96); 344(460.55); 345(468.37); 346(272.2); 347(764.28); 348(904.98); 349(70.35); 350(904.58); 351(319.83); 352(780.29); 353(67.49); 354(999.3); 355(412.73); 356(969.74); 357(436.33); 358(459.69); 359(204.94); 360(969.46); 361(719.65); 362(311.99); 363(453.17); 364(386.45); 365(599.35); 366(223.24); 367(560.01); 368(278.08); 369(554.48); 370(26.22); 371(640.93); 372(827.5); 373(510.55); 374(142.48); 375(831.36); 376(123.61); 377(193.93); 378(250.74); 379(614.26); 380(631.79); 381(306.18); 382(599.45); 383(927.43); 384(13.4); 385(867.53); 386(483.11); 387(559.54); 388(44.06); 389(0.41); 390(201.36); 391(495.24); 392(841.38); 393(172.94); 394(663.54); 395(809.84); 396(476.76); 397(349.04); 398(79.45); 399(266.04); 400(51.24); 401(900.4); 402(742.22); 403(183.69); 404(549.51); 405(155.31); 406(671.29); 407(727.28); 408(205.03); 409(465.39); 410(439.1); 411(57.23); 412(539.81); 413(923.31); 414(460.81); 415(742.75); 416(648.22); 417(621.16); 418(492.74); 419(566.75); 420(486.34); 421(787.95); 422(130.23); 423(991.7); 424(828.99); 425(402.06); 426(968.66); 427(520.94); 428(770.77); 429(618.7); 430(514.91); 431(979.52); 432(73.46); 433(609.87); 434(393.5); 435(211.13); 436(269.95); 437(679.28); 438(24.87); 439(635.4); 440(713.03); 441(64.03); 442(713.69); 443(202.86); 444(746.34); 445(221.07); 446(135.38); 447(974.13); 448(212.26); 449(881.19); 450(903.54); 451(711.8); 452(8.66); 453(83.25); 454(788.03); 455(25.63); 456(276.69); 457(447.72); 458(292.26); 459(278.83); 460(181.71); 461(402.45); 462(46.65); 463(821.24); 464(932.88); 465(115.38); 466(56.74); 467(386.65); 468(30.89); 469(833.64); 470(337.79); 471(353.16); 472(1.73); 473(592.3); 474(709.71); 475(345.82); 476(388.1); 477(154.88); 478(26.64); 479(163.84); 480(758.25); 481(249.34); 482(830.9); 483(480.27); 484(143.09); 485(734.49); 486(672.69); 487(952.25); 488(982.76); 489(875.15); 490(519.28); 491(470.37); 492(616.01); 493(807.82); 494(154.65); 495(473.06); 496(700.84); 497(748.81); 498(330.83); 499(347.92),1
280,0(323.71); 1(491.44); 2(922.56); 3(107.74); 4(396.5); 5(56.1); 6(721.69); 7(742.08); 8(351.92); 9(446.32); 10(441.72); 11(773.93); 12(412.51); 13(628.82); 14(631.28); 15(74.82); 16(143.42); 17(112.81); 18(94.31); 19(502.25); 20(673.36); 21(899.77); 22(796.46); 23(861.27); 24(587.78); 25(956.75); 26(594.6); 27(578.43); 28(792.85); 29(799.38); 30(76.82); 31(242.84); 32(941.53); 33(441.48); 34(360.89); 35(190.92); 36(936.9); 37(281.61); 38(678.13); 39(250.25); 40(728.24); 41(12.56); 42(496.35); 43(14.67); 44(315.7); 45(676.14); 46(933.13); 47(972.75); 48(238.61); 49(346.86); 50(470.06); 51(775.71); 52(520.43); 53(160.39); 54(360.2); 55(295.82); 56(264.48); 57(629.95); 58(677.4); 59(410.84); 60(63.41); 61(685.12); 62(273.81); 63(814.11); 64(269.03); 65(771.15); 66(497.62); 67(601.4); 68(895.15); 69(824.02); 70(590.05); 71(592.66); 72(288.75); 73(641.74); 74(526.14); 75(758.52); 76(254.27); 77(696.91); 78(221.05); 79(994.57); 80(281.66); 81(258.68); 82(434.25); 83(192.6); 84(896.94); 85(453.21); 86(842.55); 87(909.12); 88(901.29); 89(177.2); 90(999.97); 91(184.13); 92(786.22); 93(152.19); 94(963.61); 95(281.44); 96(523.88); 97(132.26); 98(849.61); 99(569.77); 100(932.08); 101(202.37); 102(396.4); 103(701.08); 104(484.57); 105(139.45); 106(704.17); 107(369.22); 108(274.22); 109(455.36); 110(635.0); 111(968.4); 112(826.34); 113(316.04); 114(644.89); 115(121.88); 116(956.44); 117(911.54); 118(142.62); 119(622.58); 120(611.49); 121(470.64); 122(420.51); 123(346.55); 124(726.33); 125(386.14); 126(834.3); 127(865.77); 128(333.74); 129(680.38); 130(627.34); 131(456.82); 132(329.03); 133(418.36); 134(824.16); 135(694.17); 136(732.08); 137(533.74); 138(126.37); 139(662.57); 140(345.27); 141(13.63); 142(346.34); 143(314.46); 144(554.49); 145(932.35); 146(936.57); 147(784.25); 148(858.71); 149(61.62); 150(251.35); 151(221.58); 152(686.99); 153(371.36); 154(692.89); 155(138.57); 156(17.38); 157(999.4); 158(694.06); 159(305.78); 160(945.76); 161(480.83); 162(462.61); 163(156.81); 164(12.7); 165(392.08); 166(667.91); 167(234.31); 168(948.11); 169(676.39); 170(199.12); 171(63.72); 172(655.74); 173(124.91); 174(837.47); 175(836.2); 176(911.04); 177(834.31); 178(936.26); 179(102.4); 180(428.6); 181(603.13); 182(500.15); 183(309.91); 184(911.93); 185(647.16); 186(148.73); 187(399.1); 188(433.72); 189(296.91); 190(619.95); 191(895.71); 192(40.96); 193(854.26); 194(143.91); 195(542.45); 196(671.66); 197(749.86); 198(619.06); 199(380.26); 200(70.75); 201(42.09); 202(514.92); 203(796.96); 204(154.5); 205(922.36); 206(72.15); 207(317.18); 208(178.44); 209(305.73); 210(750.31); 211(99.38); 212(312.73); 213(603.95); 214(918.81); 215(992.44); 216(574.83); 217(63.82); 218(807.82); 219(160.24); 220(249.71); 221(13.12); 222(211.07); 223(188.42); 224(831.89); 225(265.72); 226(118.73); 227(403.71); 228(860.51); 229(287.18); 230(357.83); 231(82.47); 232(524.18); 233(713.81); 234(951.82); 235(223.82); 236(515.02); 237(90.69); 238(911.21); 239(300.82); 240(154.37); 241(276.62); 242(72.17); 243(782.41); 244(453.97); 245(898.65); 246(96.81); 247(137.24); 248(410.33); 249(835.43); 250(339.59); 251(465.49); 252(470.55); 253(910.53); 254(89.42); 255(998.99); 256(129.2); 257(225.05); 258(345.38); 259(367.36); 260(354.22); 261(977.18); 262(542.49); 263(585.96); 264(561.6); 265(179.15); 266(924.0); 267(0.5); 268(646.38); 269(358.5); 270(352.14); 271(908.33); 272(817.17); 273(493.04); 274(949.6); 275(170.98); 276(273.37); 277(471.53); 278(357.67); 279(145.96); 281(952.21); 282(276.31); 283(313.52); 284(911.16); 285(580.22); 286(489.25); 287(35.85); 288(794.55); 289(920.67); 290(819.89); 291(625.06); 292(827.97); 293(385.28); 294(322.94); 295(519.58); 296(90.4); 297(861.06); 298(883.94); 299(214.45); 300(956.69); 301(756.46); 302(493.4); 303(368.25); 304(626.49); 305(77.85); 306(401.41); 307(852.39); 308(650.98); 309(491.47); 310(534.16); 311(818.66); 312(136.7); 313(882.35); 314(452.41); 315(162.92); 316(436.52); 317(303.22); 318(112.07); 319(851.91); 320(179.25); 321(238.65); 322(131.68); 323(94.72); 324(878.53); 325(663.46); 326(258.65); 327(856.92); 328(501.14); 329(930.05); 330(584.22); 331(799.47); 332(768.51); 333(827.53); 334(444.1); 335(946.88); 336(505.91); 337(804.62); 338(915.17); 339(389.42); 340(37.28); 341(886.41); 342(740.68); 343(15.48); 344(690.19); 345(970.04); 346(963.57); 347(635.38); 348(878.92); 349(134.73); 350(679.92); 351(254.41); 352(938.23); 353(12.92); 354(415.48); 355(417.68); 356(592.17); 357(777.29); 358(648.53); 359(550.76); 360(243.16); 361(756.63); 362(878.16); 363(772.96); 364(514.35); 365(474.94); 366(805.88); 367(613.24); 368(811.73); 369(929.84); 370(374.25); 371(699.63); 372(980.97); 373(316.9); 374(844.27); 375(958.07); 376(538.95); 377(173.96); 378(59.07); 379(970.1); 380(138.61); 381(519.25); 382(599.71); 383(624.62); 384(888.91); 385(682.14); 386(776.56); 387(963.45); 388(970.0); 389(573.79); 390(232.29); 391(338.07); 392(388.33); 393(32.07); 394(705.25); 395(456.55); 396(409.04); 397(478.41); 398(256.03); 399(790.01); 400(337.25); 401(247.77); 402(141.66); 403(466.5); 404(197.52); 405(709.62); 406(54.83); 407(518.59); 408(453.26); 409(326.41); 410(338.5); 411(77.43); 412(417.88); 413(76.06); 414(143.26); 415(264.19); 416(851.44); 417(87.31); 418(688.12); 419(805.17); 420(113.97); 421(325.42); 422(255.58); 423(237.35); 424(50.74); 425(291.79); 426(665.68); 427(923.46); 428(157.39); 429(572.37); 430(588.25); 431(290.14); 432(209.48); 433(839.4); 434(66.02); 435(866.4); 436(230.8); 437(366.36); 438(112.39); 439(501.8); 440(172.9); 441(988.0); 442(800.12); 443(177.98); 444(243.84); 445(213.26); 446(561.49); 447(42.91); 448(110.64); 449(580.96); 450(273.75); 451(306.75); 452(127.86); 453(938.33); 454(319.32); 455(572.53); 456(717.19); 457(647.52); 458(768.22); 459(906.63); 460(859.04); 461(898.55); 462(351.66); 463(606.96); 464(385.18); 465(846.29); 466(120.04); 467(588.93); 468(777.02); 469(977.81); 470(848.98); 471(244.02); 472(506.12); 473(457.36); 474(620.4); 475(654.53); 476(851.08); 477(388.01); 478(616.87); 479(73.13); 480(361.38); 481(61.05); 482(501.3); 483(944.29); 484(381.68); 485(354.04); 486(914.29); 487(753.98); 488(67.23); 489(518.15); 490(294.11); 491(616.8); 492(417.68); 493(723.54); 494(844.63); 495(626.14); 496(494.47); 497(767.41); 498(654.62); 499(20.67),1
281,0(652.68); 1(9.47); 2(526.11); 3(123.99); 4(971.85); 5(333.4); 6(667.94); 7(44.95); 8(816.99); 9(934.05); 10(383.47); 11(374.92); 12(10.27); 13(187.55); 14(444.93); 15(943.2); 16(204.13); 17(971.11); 18(277.33); 19(789.49); 20(171.9); 21(165.36); 22(237.1); 23(325.15); 24(337.13); 25(266.37); 26(772.84); 27(534.07); 28(237.82); 29(802.44); 30(444.31); 31(928.62); 32(602.65); 33(21.24); 34(562.78); 35(617.06); 36(418.7); 37(950.85); 38(370.01); 39(488.08); 40(579.26); 41(75.56); 42(714.21); 43(458.57); 44(874.27); 45(145.01); 46(655.92); 47(501.03); 48(75.93); 49(442.88); 50(232.87); 51(865.9); 52(329.88); 53(508.54); 54(309.93); 55(64.35); 56(387.7); 57(459.53); 58(84.03); 59(337.65); 60(159.83); 61(989.65); 62(530.65); 63(595.29); 64(503.97); 65(245.19); 66(766.94); 67(365.05); 68(870.69); 69(122.46); 70(276.44); 71(523.33); 72(249.8); 73(736.33); 74(778.69); 75(217.08); 76(706.52); 77(428.85); 78(287.64); 79(777.77); 80(934.2); 81(384.51); 82(441.99); 83(951.49); 84(245.67); 85(114.33); 86(261.32); 87(530.0); 88(203.29); 89(405.78); 90(472.2); 91(780.62); 92(648.61); 93(654.78); 94(376.55); 95(812.17); 96(112.48); 97(11.32); 98(180.25); 99(390.44); 100(412.47); 101(541.49); 102(683.08); 103(254.32); 104(379.31); 105(680.06); 106(55.39); 107(826.98); 108(272.13); 109(553.12); 110(849.26); 111(567.86); 112(648.36); 113(630.24); 114(466.51); 115(70.75); 116(91.8); 117(542.42); 118(796.39); 119(277.75); 120(36.51); 121(868.09); 122(749.93); 123(39.31); 124(764.62); 125(269.73); 126(576.16); 127(290.52); 128(940.63); 129(834.31); 130(670.69); 131(45.25); 132(326.28); 133(900.23); 134(616.71); 135(836.37); 136(14.07); 137(412.61); 138(385.27); 139(783.57); 140(927.72); 141(763.36); 142(791.0); 143(939.61); 144(729.99); 145(608.63); 146(372.73); 147(59.18); 148(21.71); 149(729.15); 150(249.75); 151(72.18); 152(186.05); 153(623.07); 154(843.07); 155(744.54); 156(368.14); 157(927.61); 158(832.94); 159(194.59); 160(860.32); 161(280.05); 162(119.93); 163(419.39); 164(366.83); 165(133.7); 166(555.84); 167(771.94); 168(496.7); 169(618.28); 170(68.46); 171(877.41); 172(48.39); 173(166.38); 174(852.25); 175(128.43); 176(926.25); 177(209.47); 178(56.15); 179(677.55); 180(118.76); 181(376.89); 182(196.81); 183(956.34); 184(417.12); 185(174.23); 186(392.95); 187(34.63); 188(39.53); 189(78.19); 190(794.35); 191(501.35); 192(624.16); 193(210.16); 194(303.91); 195(498.68); 196(584.58); 197(809.62); 198(890.04); 199(428.06); 200(589.88); 201(189.12); 202(580.02); 203(832.24); 204(603.22); 205(95.5); 206(566.68); 207(334.7); 208(985.38); 209(488.33); 210(994.4); 211(159.06); 212(312.3); 213(919.25); 214(916.06); 215(156.33); 216(819.58); 217(219.0); 218(557.34); 219(333.37); 220(459.37); 221(380.97); 222(785.34); 223(157.81); 224(5.08); 225(287.31); 226(15.39); 227(240.59); 228(709.01); 229(894.05); 230(272.47); 231(714.41); 232(694.45); 233(337.48); 234(783.38); 235(628.01); 236(301.12); 237(950.41); 238(606.2); 239(532.57); 240(733.03); 241(778.39); 242(706.58); 243(26.8); 244(246.25); 245(405.6); 246(669.12); 247(518.09); 248(51.6); 249(384.42); 250(6.3); 251(645.76); 252(704.94); 253(956.22); 254(43.48); 255(111.53); 256(148.19); 257(799.11); 258(270.48); 259(493.4); 260(788.52); 261(337.14); 262(775.76); 263(935.27); 264(125.58); 265(61.94); 266(886.25); 267(492.19); 268(542.46); 269(891.66); 270(811.5); 271(90.51); 272(448.55); 273(680.92); 274(757.56); 275(944.62); 276(469.24); 277(577.89); 278(943.36); 279(111.94); 280(952.21); 282(652.44); 283(132.77); 284(735.14); 285(863.51); 286(896.72); 287(745.11); 288(731.49); 289(474.99); 290(954.76); 291(901.68); 292(969.01); 293(678.78); 294(341.72); 295(638.68); 296(17.93); 297(377.92); 298(389.34); 299(45.93); 300(698.39); 301(988.38); 302(240.95); 303(912.92); 304(71.31); 305(833.76); 306(635.19); 307(188.75); 308(17.99); 309(74.9); 310(788.98); 311(760.83); 312(657.36); 313(327.67); 314(51.93); 315(599.25); 316(947.71); 317(219.23); 318(910.78); 319(271.93); 320(420.24); 321(113.42); 322(982.92); 323(937.67); 324(971.73); 325(823.91); 326(906.91); 327(985.87); 328(649.73); 329(326.87); 330(4.01); 331(483.6); 332(664.51); 333(793.03); 334(346.8); 335(941.84); 336(231.09); 337(672.67); 338(68.74); 339(36.75); 340(12.27); 341(225.62); 342(254.77); 343(105.35); 344(778.69); 345(226.79); 346(629.31); 347(943.03); 348(641.05); 349(231.35); 350(949.15); 351(319.96); 352(487.55); 353(0.65); 354(950.39); 355(730.72); 356(182.45); 357(838.34); 358(710.37); 359(466.82); 360(604.78); 361(594.83); 362(326.85); 363(554.46); 364(925.54); 365(526.23); 366(528.25); 367(319.8); 368(583.64); 369(541.66); 370(676.09); 371(504.92); 372(281.3); 373(140.06); 374(980.11); 375(608.3); 376(707.16); 377(317.67); 378(319.73); 379(488.58); 380(376.57); 381(31.06); 382(964.09); 383(854.23); 384(839.05); 385(442.5); 386(910.56); 387(309.11); 388(693.65); 389(268.68); 390(352.49); 391(665.32); 392(640.21); 393(466.28); 394(195.0); 395(484.44); 396(274.65); 397(346.93); 398(813.61); 399(227.35); 400(463.55); 401(696.13); 402(677.77); 403(899.43); 404(461.78); 405(653.28); 406(616.23); 407(973.04); 408(916.92); 409(129.86); 410(484.48); 411(279.37); 412(395.3); 413(153.73); 414(397.47); 415(449.97); 416(169.35); 417(328.54); 418(19.25); 419(346.75); 420(392.59); 421(909.81); 422(986.58); 423(210.03); 424(541.01); 425(829.94); 426(386.21); 427(252.37); 428(186.1); 429(98.63); 430(319.58); 431(345.9); 432(106.61); 433(732.75); 434(910.33); 435(272.72); 436(312.67); 437(541.11); 438(945.6); 439(568.62); 440(453.14); 441(54.15); 442(789.05); 443(153.11); 444(27.9); 445(596.8); 446(472.02); 447(256.28); 448(771.73); 449(771.36); 450(744.82); 451(143.2); 452(762.13); 453(429.9); 454(841.4); 455(811.3); 456(138.92); 457(835.38); 458(406.29); 459(330.31); 460(963.97); 461(799.0); 462(652.11); 463(927.65); 464(913.94); 465(892.72); 466(419.95); 467(747.36); 468(266.77); 469(108.46); 470(282.69); 471(286.66); 472(577.44); 473(3.28); 474(548.3); 475(32.68); 476(655.98); 477(356.05); 478(964.38); 479(981.94); 480(606.62); 481(238.15); 482(436.57); 483(856.48); 484(377.91); 485(48.99); 486(281.77); 487(827.54); 488(906.25); 489(826.21); 490(655.86); 491(641.23); 492(942.74); 493(782.73); 494(735.35); 495(769.23); 496(889.59); 497(966.21); 498(932.03); 499(628.3),1
282,0(416.93); 1(749.73); 2(397.03); 3(844.46); 4(340.22); 5(655.58); 6(497.91); 7(374.51); 8(418.57); 9(907.95); 10(570.04); 11(691.03); 12(438.14); 13(982.29); 14(206.08); 15(451.25); 16(360.79); 17(667.45); 18(399.82); 19(568.69); 20(805.96); 21(340.59); 22(912.19); 23(980.67); 24(779.84); 25(953.32); 26(567.28); 27(415.22); 28(168.99); 29(516.25); 30(89.54); 31(775.14); 32(351.89); 33(858.42); 34(943.8); 35(970.18); 36(917.15); 37(640.22); 38(451.54); 39(195.5); 40(212.8); 41(305.61); 42(682.19); 43(702.08); 44(753.53); 45(761.04); 46(779.53); 47(37.26); 48(693.03); 49(194.65); 50(141.52); 51(964.19); 52(905.36); 53(316.63); 54(897.94); 55(248.44); 56(341.31); 57(837.46); 58(645.31); 59(888.42); 60(837.65); 61(273.46); 62(6.51); 63(267.83); 64(334.18); 65(468.51); 66(599.04); 67(383.99); 68(82.32); 69(669.23); 70(28.49); 71(228.54); 72(818.29); 73(795.44); 74(561.04); 75(994.36); 76(9.0); 77(870.87); 78(444.41); 79(213.75); 80(257.85); 81(601.19); 82(259.23); 83(537.02); 84(408.18); 85(168.96); 86(448.89); 87(850.69); 88(13.75); 89(684.36); 90(534.64); 91(906.67); 92(190.85); 93(241.81); 94(619.47); 95(309.23); 96(965.65); 97(362.16); 98(481.52); 99(736.22); 100(875.32); 101(169.57); 102(154.05); 103(651.24); 104(393.06); 105(558.71); 106(59.71); 107(710.53); 108(424.33); 109(875.68); 110(312.79); 111(50.23); 112(222.63); 113(799.34); 114(319.88); 115(190.0); 116(728.7); 117(709.06); 118(181.75); 119(550.75); 120(247.36); 121(291.27); 122(895.5); 123(260.44); 124(371.31); 125(463.95); 126(3.78); 127(367.91); 128(156.87); 129(621.94); 130(232.4); 131(849.6); 132(188.57); 133(384.5); 134(903.57); 135(683.7); 136(479.95); 137(131.82); 138(58.25); 139(811.65); 140(481.85); 141(228.51); 142(202.65); 143(283.64); 144(966.09); 145(187.46); 146(405.88); 147(409.23); 148(848.25); 149(130.36); 150(250.14); 151(460.45); 152(200.3); 153(998.13); 154(151.99); 155(916.46); 156(941.35); 157(891.65); 158(104.53); 159(856.1); 160(52.28); 161(995.11); 162(452.36); 163(748.08); 164(864.16); 165(899.05); 166(215.5); 167(938.45); 168(436.17); 169(80.94); 170(744.14); 171(486.01); 172(542.6); 173(681.8); 174(740.8); 175(777.42); 176(490.23); 177(323.41); 178(161.48); 179(598.12); 180(973.43); 181(547.6); 182(282.35); 183(699.27); 184(837.16); 185(662.99); 186(135.05); 187(526.96); 188(418.41); 189(436.7); 190(153.28); 191(392.8); 192(263.16); 193(659.85); 194(285.2); 195(906.08); 196(972.22); 197(974.62); 198(172.72); 199(405.91); 200(675.85); 201(453.14); 202(284.65); 203(393.14); 204(731.51); 205(129.15); 206(654.84); 207(905.54); 208(316.55); 209(574.08); 210(185.81); 211(916.82); 212(78.28); 213(316.77); 214(594.19); 215(127.31); 216(494.84); 217(44.25); 218(800.65); 219(201.64); 220(945.96); 221(413.4); 222(731.84); 223(840.85); 224(414.01); 225(878.84); 226(120.63); 227(457.21); 228(384.3); 229(65.26); 230(759.89); 231(716.79); 232(49.5); 233(101.28); 234(664.91); 235(243.62); 236(657.75); 237(178.91); 238(935.75); 239(957.98); 240(541.32); 241(812.4); 242(950.24); 243(311.69); 244(422.88); 245(662.02); 246(66.48); 247(850.91); 248(363.27); 249(699.24); 250(652.95); 251(424.78); 252(482.35); 253(161.46); 254(13.36); 255(359.63); 256(931.0); 257(417.64); 258(523.53); 259(154.76); 260(68.69); 261(461.17); 262(227.73); 263(118.52); 264(843.52); 265(622.11); 266(812.59); 267(759.73); 268(617.39); 269(810.3); 270(940.99); 271(171.58); 272(380.22); 273(203.05); 274(367.26); 275(890.05); 276(893.42); 277(880.74); 278(99.76); 279(17.05); 280(276.31); 281(652.44); 283(881.22); 284(443.68); 285(324.04); 286(745.13); 287(457.73); 288(590.14); 289(740.44); 290(763.54); 291(536.65); 292(563.65); 293(53.08); 294(877.71); 295(230.39); 296(82.15); 297(761.72); 298(209.12); 299(752.76); 300(647.09); 301(626.17); 302(331.91); 303(807.57); 304(645.62); 305(112.54); 306(560.77); 307(670.52); 308(95.56); 309(70.73); 310(420.46); 311(4.1); 312(48.8); 313(210.35); 314(498.51); 315(277.15); 316(344.89); 317(894.73); 318(760.77); 319(145.61); 320(306.95); 321(198.94); 322(367.93); 323(633.17); 324(967.15); 325(307.86); 326(460.27); 327(297.69); 328(274.66); 329(479.45); 330(488.72); 331(440.92); 332(466.36); 333(491.92); 334(65.71); 335(427.17); 336(523.28); 337(40.81); 338(912.35); 339(486.8); 340(930.79); 341(587.11); 342(522.39); 343(642.75); 344(95.23); 345(951.05); 346(806.69); 347(627.09); 348(103.89); 349(405.52); 350(575.75); 351(757.4); 352(977.79); 353(892.02); 354(614.17); 355(212.06); 356(13.92); 357(957.35); 358(999.82); 359(129.8); 360(12.5); 361(363.99); 362(288.02); 363(926.16); 364(633.87); 365(642.73); 366(141.43); 367(944.32); 368(67.98); 369(809.34); 370(424.65); 371(731.71); 372(513.46); 373(620.1); 374(263.99); 375(126.28); 376(37.23); 377(923.48); 378(89.23); 379(58.29); 380(674.43); 381(651.05); 382(536.16); 383(309.83); 384(793.39); 385(196.03); 386(675.71); 387(621.52); 388(623.29); 389(626.37); 390(6.12); 391(994.92); 392(405.94); 393(58.48); 394(993.2); 395(559.3); 396(999.66); 397(853.5); 398(680.5); 399(792.06); 400(767.19); 401(178.4); 402(67.1); 403(506.64); 404(937.72); 405(546.6); 406(338.03); 407(605.37); 408(833.78); 409(39.18); 410(732.78); 411(263.43); 412(29.04); 413(526.18); 414(285.89); 415(127.8); 416(363.07); 417(702.14); 418(371.73); 419(942.76); 420(295.11); 421(415.33); 422(400.76); 423(700.89); 424(928.24); 425(482.16); 426(689.96); 427(942.17); 428(988.79); 429(931.51); 430(140.96); 431(734.83); 432(189.54); 433(55.26); 434(100.96); 435(555.29); 436(256.24); 437(445.06); 438(177.97); 439(64.97); 440(845.25); 441(81.64); 442(231.8); 443(191.1); 444(669.64); 445(556.12); 446(353.87); 447(778.8); 448(970.27); 449(720.62); 450(155.45); 451(853.35); 452(789.22); 453(41.57); 454(912.59); 455(861.4); 456(966.8); 457(50.64); 458(870.65); 459(698.49); 460(179.72); 461(745.11); 462(401.19); 463(827.03); 464(757.54); 465(282.38); 466(945.42); 467(71.45); 468(902.22); 469(236.99); 470(855.81); 471(342.73); 472(457.39); 473(330.64); 474(536.48); 475(100.97); 476(201.38); 477(715.78); 478(936.95); 479(617.86); 480(467.89); 481(490.94); 482(557.08); 483(81.77); 484(273.85); 485(650.95); 486(754.11); 487(301.05); 488(193.7); 489(116.57); 490(971.24); 491(744.94); 492(514.3); 493(345.64); 494(299.47); 495(68.4); 496(954.26); 497(426.35); 498(525.6); 499(173.75),1
283,0(25.51); 1(110.27); 2(694.11); 3(792.12); 4(467.42); 5(322.79); 6(290.22); 7(232.94); 8(462.9); 9(842.15); 10(745.07); 11(714.83); 12(550.25); 13(392.09); 14(137.04); 15(169.36); 16(334.56); 17(195.25); 18(505.74); 19(148.49); 20(118.43); 21(32.67); 22(898.64); 23(59.04); 24(778.1); 25(809.71); 26(144.81); 27(971.93); 28(247.83); 29(975.06); 30(389.68); 31(633.34); 32(196.27); 33(848.22); 34(67.27); 35(520.59); 36(11.85); 37(817.34); 38(437.77); 39(971.53); 40(644.93); 41(222.98); 42(957.83); 43(613.19); 44(34.39); 45(919.61); 46(987.93); 47(21.85); 48(958.67); 49(476.82); 50(38.12); 51(287.31); 52(219.81); 53(476.77); 54(435.53); 55(284.05); 56(752.48); 57(630.37); 58(408.19); 59(787.28); 60(32.99); 61(633.66); 62(811.75); 63(630.13); 64(263.75); 65(146.63); 66(256.79); 67(616.89); 68(858.02); 69(354.72); 70(10.74); 71(589.23); 72(504.77); 73(677.5); 74(389.26); 75(786.42); 76(63.23); 77(830.88); 78(178.93); 79(736.87); 80(112.14); 81(826.0); 82(700.46); 83(731.54); 84(942.47); 85(223.81); 86(916.06); 87(849.39); 88(516.27); 89(462.36); 90(787.14); 91(780.27); 92(33.87); 93(509.95); 94(500.31); 95(728.71); 96(735.29); 97(885.92); 98(319.12); 99(200.07); 100(511.93); 101(222.83); 102(935.0); 103(784.19); 104(88.87); 105(214.06); 106(484.39); 107(675.08); 108(229.87); 109(193.79); 110(790.68); 111(358.28); 112(683.26); 113(217.71); 114(271.47); 115(766.17); 116(909.18); 117(535.06); 118(134.61); 119(983.65); 120(910.31); 121(98.19); 122(838.31); 123(205.04); 124(575.15); 125(565.62); 126(989.17); 127(170.07); 128(182.74); 129(118.66); 130(9.44); 131(540.57); 132(48.89); 133(319.94); 134(904.49); 135(232.65); 136(852.4); 137(783.54); 138(767.34); 139(295.88); 140(601.73); 141(126.07); 142(742.33); 143(844.19); 144(596.53); 145(753.57); 146(584.0); 147(529.85); 148(563.6); 149(64.93); 150(919.2); 151(753.07); 152(471.56); 153(404.19); 154(429.7); 155(130.74); 156(558.42); 157(980.52); 158(240.68); 159(450.84); 160(526.87); 161(470.31); 162(755.15); 163(62.41); 164(836.72); 165(579.55); 166(709.17); 167(173.17); 168(327.87); 169(280.11); 170(212.25); 171(265.74); 172(452.71); 173(348.0); 174(657.21); 175(594.43); 176(153.68); 177(128.57); 178(719.33); 179(298.06); 180(935.92); 181(983.28); 182(366.42); 183(573.69); 184(672.0); 185(882.48); 186(607.73); 187(979.72); 188(221.35); 189(681.53); 190(906.85); 191(885.6); 192(710.73); 193(58.32); 194(958.47); 195(337.37); 196(539.81); 197(334.52); 198(793.71); 199(500.75); 200(271.5); 201(956.48); 202(22.09); 203(66.86); 204(224.13); 205(146.55); 206(624.43); 207(998.26); 208(992.13); 209(928.28); 210(586.92); 211(520.64); 212(750.66); 213(247.7); 214(5.96); 215(330.87); 216(0.61); 217(841.99); 218(88.86); 219(247.7); 220(722.85); 221(878.67); 222(843.86); 223(86.92); 224(891.38); 225(37.47); 226(674.38); 227(781.62); 228(715.22); 229(548.63); 230(619.39); 231(695.52); 232(621.39); 233(465.84); 234(70.12); 235(721.08); 236(963.48); 237(369.46); 238(822.14); 239(246.24); 240(48.79); 241(304.99); 242(735.28); 243(34.53); 244(526.37); 245(420.92); 246(863.12); 247(47.34); 248(177.92); 249(712.13); 250(605.5); 251(462.26); 252(727.21); 253(13.27); 254(423.73); 255(405.73); 256(289.3); 257(545.57); 258(932.56); 259(61.48); 260(488.1); 261(350.18); 262(649.8); 263(177.13); 264(860.86); 265(789.22); 266(40.27); 267(571.68); 268(329.99); 269(278.94); 270(740.94); 271(55.86); 272(703.43); 273(682.67); 274(856.81); 275(120.06); 276(256.46); 277(541.85); 278(974.99); 279(401.07); 280(313.52); 281(132.77); 282(881.22); 284(149.84); 285(138.81); 286(919.72); 287(942.15); 288(593.41); 289(969.71); 290(587.98); 291(412.64); 292(673.56); 293(725.0); 294(184.55); 295(749.08); 296(660.77); 297(172.2); 298(234.57); 299(929.77); 300(385.82); 301(35.2); 302(361.93); 303(731.78); 304(847.83); 305(851.16); 306(687.17); 307(943.18); 308(230.03); 309(860.96); 310(981.12); 311(470.82); 312(731.51); 313(822.11); 314(937.93); 315(631.25); 316(407.7); 317(348.78); 318(115.81); 319(634.24); 320(705.91); 321(546.04); 322(325.21); 323(30.64); 324(967.73); 325(493.21); 326(900.26); 327(88.9); 328(964.55); 329(760.63); 330(741.45); 331(337.7); 332(293.88); 333(598.85); 334(846.02); 335(757.01); 336(630.98); 337(788.79); 338(943.22); 339(583.98); 340(544.34); 341(919.47); 342(592.78); 343(698.37); 344(408.06); 345(540.52); 346(768.13); 347(47.07); 348(588.6); 349(577.95); 350(96.21); 351(864.39); 352(377.54); 353(909.06); 354(694.65); 355(822.79); 356(974.91); 357(26.48); 358(989.92); 359(675.4); 360(848.74); 361(192.56); 362(882.2); 363(159.44); 364(524.81); 365(853.26); 366(177.05); 367(324.89); 368(523.2); 369(729.19); 370(136.56); 371(285.55); 372(398.8); 373(892.85); 374(392.02); 375(143.2); 376(995.05); 377(223.48); 378(794.28); 379(540.04); 380(985.78); 381(10.28); 382(0.14); 383(421.62); 384(622.96); 385(606.94); 386(696.27); 387(736.13); 388(782.79); 389(668.27); 390(254.06); 391(479.81); 392(989.82); 393(0.83); 394(466.8); 395(409.18); 396(945.74); 397(760.28); 398(287.44); 399(65.08); 400(552.3); 401(573.34); 402(404.75); 403(307.93); 404(795.5); 405(150.12); 406(838.55); 407(349.53); 408(905.18); 409(911.65); 410(161.19); 411(489.28); 412(571.59); 413(433.22); 414(994.6); 415(870.51); 416(919.54); 417(352.76); 418(779.91); 419(988.74); 420(0.52); 421(873.92); 422(64.78); 423(450.52); 424(601.99); 425(449.69); 426(778.32); 427(171.36); 428(626.91); 429(801.92); 430(960.94); 431(614.65); 432(822.46); 433(857.17); 434(342.82); 435(79.95); 436(116.32); 437(138.54); 438(481.64); 439(983.05); 440(774.64); 441(659.06); 442(411.83); 443(377.08); 444(53.51); 445(432.08); 446(90.8); 447(962.55); 448(778.27); 449(171.03); 450(130.74); 451(732.54); 452(356.61); 453(449.22); 454(207.18); 455(316.84); 456(599.42); 457(306.58); 458(267.5); 459(927.88); 460(10.74); 461(937.99); 462(565.32); 463(206.65); 464(61.09); 465(182.87); 466(202.3); 467(196.02); 468(755.29); 469(996.11); 470(128.66); 471(904.15); 472(348.15); 473(195.22); 474(913.43); 475(140.24); 476(141.37); 477(60.73); 478(120.0); 479(197.38); 480(289.44); 481(369.9); 482(618.63); 483(225.0); 484(787.66); 485(744.4); 486(718.95); 487(386.13); 488(721.87); 489(86.41); 490(883.9); 491(74.53); 492(319.71); 493(861.51); 494(318.67); 495(450.54); 496(553.7); 497(977.03); 498(314.23); 499(27.87),2
284,0(692.76); 1(845.32); 2(507.06); 3(807.36); 4(459.99); 5(759.37); 6(68.82); 7(305.67); 8(274.57); 9(225.29); 10(161.14); 11(342.89); 12(196.52); 13(568.62); 14(132.32); 15(865.07); 16(247.11); 17(305.49); 18(424.71); 19(991.51); 20(830.19); 21(530.43); 22(447.6); 23(341.92); 24(214.72); 25(47.96); 26(534.7); 27(99.48); 28(840.16); 29(170.0); 30(185.87); 31(794.18); 32(577.83); 33(681.78); 34(732.24); 35(556.65); 36(3.15); 37(627.46); 38(179.07); 39(348.56); 40(182.73); 41(745.14); 42(502.06); 43(410.7); 44(301.3); 45(316.84); 46(89.89); 47(711.18); 48(995.19); 49(264.41); 50(534.17); 51(994.47); 52(181.85); 53(919.95); 54(434.22); 55(728.12); 56(533.63); 57(287.62); 58(313.99); 59(56.84); 60(632.11); 61(25.29); 62(908.08); 63(209.41); 64(448.12); 65(581.86); 66(985.47); 67(206.25); 68(91.5); 69(833.24); 70(436.55); 71(800.71); 72(582.29); 73(938.56); 74(574.6); 75(39.98); 76(61.73); 77(371.2); 78(903.21); 79(300.07); 80(569.65); 81(468.83); 82(462.14); 83(778.21); 84(1.59); 85(393.29); 86(301.81); 87(196.52); 88(373.07); 89(647.41); 90(554.35); 91(591.81); 92(144.37); 93(703.5); 94(918.35); 95(792.42); 96(846.6); 97(508.63); 98(498.55); 99(745.65); 100(633.35); 101(483.9); 102(858.96); 103(14.78); 104(991.98); 105(55.66); 106(718.71); 107(348.24); 108(331.81); 109(192.88); 110(768.25); 111(363.19); 112(987.79); 113(152.31); 114(902.95); 115(483.92); 116(720.87); 117(525.67); 118(144.62); 119(128.42); 120(987.6); 121(620.08); 122(315.02); 123(401.11); 124(732.21); 125(57.7); 126(600.97); 127(939.06); 128(873.66); 129(142.03); 130(779.29); 131(253.34); 132(384.55); 133(901.35); 134(785.99); 135(334.38); 136(142.08); 137(579.14); 138(194.94); 139(191.41); 140(304.3); 141(704.11); 142(872.33); 143(350.18); 144(775.92); 145(219.88); 146(650.29); 147(609.48); 148(429.85); 149(210.21); 150(224.22); 151(213.7); 152(577.56); 153(113.95); 154(878.26); 155(291.75); 156(312.83); 157(744.01); 158(241.95); 159(683.94); 160(166.77); 161(553.25); 162(307.43); 163(703.56); 164(35.68); 165(297.15); 166(165.33); 167(887.7); 168(667.45); 169(864.85); 170(616.94); 171(555.76); 172(316.48); 173(633.01); 174(798.06); 175(123.39); 176(250.33); 177(266.05); 178(558.91); 179(824.0); 180(661.0); 181(424.53); 182(914.66); 183(567.63); 184(413.13); 185(329.9); 186(486.36); 187(132.8); 188(969.04); 189(568.74); 190(363.11); 191(949.12); 192(940.98); 193(836.71); 194(870.59); 195(77.4); 196(725.28); 197(376.74); 198(990.04); 199(940.65); 200(343.94); 201(520.15); 202(645.55); 203(746.63); 204(705.8); 205(673.36); 206(329.22); 207(75.11); 208(152.55); 209(630.64); 210(231.89); 211(336.83); 212(580.22); 213(605.8); 214(708.54); 215(711.64); 216(169.86); 217(520.53); 218(731.08); 219(407.86); 220(299.17); 221(58.28); 222(610.06); 223(433.2); 224(61.98); 225(791.7); 226(906.36); 227(519.53); 228(894.77); 229(868.13); 230(587.5); 231(203.0); 232(860.69); 233(471.83); 234(649.63); 235(888.84); 236(118.4); 237(528.61); 238(503.71); 239(399.84); 240(474.65); 241(580.52); 242(787.15); 243(549.41); 244(865.51); 245(446.59); 246(667.19); 247(937.07); 248(830.29); 249(607.82); 250(702.19); 251(680.29); 252(561.26); 253(450.18); 254(207.98); 255(671.94); 256(435.18); 257(266.16); 258(759.83); 259(501.91); 260(401.2); 261(777.28); 262(983.53); 263(52.62); 264(948.67); 265(627.14); 266(369.19); 267(557.65); 268(857.85); 269(558.37); 270(825.47); 271(821.76); 272(165.24); 273(758.88); 274(996.76); 275(144.65); 276(504.94); 277(114.24); 278(543.54); 279(500.15); 280(911.16); 281(735.14); 282(443.68); 283(149.84); 285(485.36); 286(447.13); 287(772.88); 288(173.04); 289(673.98); 290(331.43); 291(856.09); 292(655.55); 293(752.66); 294(542.63); 295(827.69); 296(432.2); 297(94.8); 298(394.03); 299(912.68); 300(29.33); 301(228.79); 302(40.31); 303(420.8); 304(515.16); 305(466.28); 306(364.8); 307(420.45); 308(286.22); 309(578.54); 310(527.64); 311(191.46); 312(821.01); 313(980.21); 314(912.16); 315(23.97); 316(220.77); 317(687.91); 318(954.31); 319(549.04); 320(134.34); 321(14.2); 322(263.36); 323(730.36); 324(236.67); 325(173.63); 326(763.96); 327(388.43); 328(623.24); 329(711.04); 330(615.41); 331(78.72); 332(693.66); 333(548.79); 334(205.58); 335(882.18); 336(801.6); 337(238.25); 338(610.48); 339(859.73); 340(696.25); 341(743.78); 342(868.7); 343(676.99); 344(229.9); 345(287.79); 346(598.96); 347(389.17); 348(811.61); 349(83.84); 350(514.56); 351(724.15); 352(422.53); 353(778.31); 354(695.64); 355(549.49); 356(58.87); 357(294.97); 358(256.18); 359(947.69); 360(331.3); 361(861.39); 362(100.57); 363(636.62); 364(526.63); 365(889.57); 366(650.55); 367(714.67); 368(260.28); 369(380.14); 370(650.16); 371(722.33); 372(832.76); 373(700.56); 374(271.5); 375(902.1); 376(88.91); 377(424.3); 378(535.79); 379(314.06); 380(411.05); 381(840.31); 382(993.07); 383(588.2); 384(921.1); 385(444.57); 386(127.71); 387(526.27); 388(886.06); 389(829.78); 390(240.25); 391(67.85); 392(123.83); 393(878.41); 394(623.18); 395(777.08); 396(411.45); 397(861.15); 398(356.9); 399(39.39); 400(20.8); 401(150.46); 402(291.47); 403(66.68); 404(710.92); 405(310.83); 406(124.07); 407(478.46); 408(387.11); 409(897.74); 410(670.17); 411(424.23); 412(105.81); 413(127.05); 414(70.74); 415(642.45); 416(95.06); 417(703.87); 418(50.81); 419(988.65); 420(602.86); 421(698.36); 422(763.89); 423(632.12); 424(295.39); 425(935.55); 426(183.37); 427(999.55); 428(429.94); 429(848.54); 430(689.39); 431(972.84); 432(151.36); 433(525.7); 434(655.44); 435(921.39); 436(202.25); 437(65.64); 438(769.25); 439(366.72); 440(460.59); 441(431.4); 442(856.63); 443(957.76); 444(939.45); 445(333.48); 446(511.78); 447(520.46); 448(375.7); 449(514.78); 450(852.57); 451(860.31); 452(936.74); 453(755.95); 454(554.05); 455(632.66); 456(248.42); 457(521.67); 458(653.53); 459(604.78); 460(25.63); 461(671.94); 462(194.72); 463(540.27); 464(14.29); 465(537.57); 466(328.4); 467(247.05); 468(0.06); 469(569.05); 470(405.49); 471(725.8); 472(449.63); 473(514.97); 474(365.62); 475(890.61); 476(489.59); 477(916.36); 478(597.27); 479(703.3); 480(186.98); 481(309.29); 482(650.96); 483(169.97); 484(298.29); 485(222.34); 486(871.92); 487(530.62); 488(881.06); 489(395.37); 490(304.13); 491(183.82); 492(631.75); 493(906.11); 494(939.96); 495(869.67); 496(16.11); 497(340.45); 498(919.03); 499(558.85),1
285,0(753.54); 1(487.91); 2(656.58); 3(182.12); 4(131.23); 5(818.21); 6(590.76); 7(602.92); 8(97.98); 9(338.21); 10(109.0); 11(386.92); 12(602.36); 13(376.73); 14(90.34); 15(583.19); 16(756.7); 17(967.7); 18(835.37); 19(846.39); 20(884.82); 21(474.54); 22(361.69); 23(764.33); 24(472.31); 25(200.68); 26(26.11); 27(503.57); 28(36.97); 29(630.6); 30(966.47); 31(515.81); 32(754.63); 33(332.7); 34(737.96); 35(859.74); 36(420.73); 37(524.49); 38(84.64); 39(638.48); 40(282.52); 41(999.95); 42(651.53); 43(142.51); 44(563.11); 45(995.39); 46(248.66); 47(148.95); 48(786.11); 49(389.66); 50(494.81); 51(660.86); 52(594.14); 53(521.25); 54(848.51); 55(21.88); 56(203.82); 57(811.78); 58(853.93); 59(335.56); 60(489.24); 61(392.25); 62(861.56); 63(629.52); 64(144.13); 65(853.69); 66(755.76); 67(962.87); 68(900.58); 69(1.26); 70(334.01); 71(674.04); 72(775.43); 73(656.82); 74(414.85); 75(551.17); 76(553.69); 77(7.44); 78(880.8); 79(908.71); 80(847.34); 81(10.21); 82(568.01); 83(641.02); 84(103.44); 85(775.48); 86(204.08); 87(622.84); 88(656.68); 89(374.34); 90(830.96); 91(150.21); 92(453.98); 93(876.56); 94(966.16); 95(974.72); 96(201.75); 97(827.36); 98(917.7); 99(318.61); 100(808.6); 101(369.07); 102(94.76); 103(756.63); 104(529.88); 105(560.99); 106(596.52); 107(612.15); 108(662.11); 109(965.65); 110(121.74); 111(996.86); 112(11.24); 113(417.3); 114(527.02); 115(878.49); 116(432.7); 117(268.25); 118(680.5); 119(818.11); 120(894.26); 121(627.51); 122(875.62); 123(105.78); 124(236.3); 125(319.64); 126(818.28); 127(663.89); 128(61.85); 129(791.04); 130(50.1); 131(402.03); 132(897.49); 133(738.76); 134(871.96); 135(537.22); 136(237.18); 137(740.77); 138(782.05); 139(491.8); 140(159.02); 141(384.3); 142(275.88); 143(775.54); 144(867.32); 145(764.14); 146(964.19); 147(576.41); 148(343.94); 149(349.03); 150(165.58); 151(303.67); 152(955.8); 153(832.77); 154(171.98); 155(778.71); 156(430.56); 157(815.33); 158(325.74); 159(82.79); 160(371.82); 161(845.52); 162(797.63); 163(534.34); 164(326.41); 165(880.03); 166(880.16); 167(569.2); 168(885.3); 169(679.42); 170(877.66); 171(840.61); 172(570.3); 173(572.4); 174(794.89); 175(236.07); 176(655.79); 177(249.99); 178(427.78); 179(592.95); 180(829.65); 181(719.65); 182(16.48); 183(881.09); 184(605.73); 185(585.27); 186(283.44); 187(728.6); 188(388.31); 189(815.15); 190(862.91); 191(141.11); 192(264.45); 193(822.35); 194(846.07); 195(988.15); 196(46.49); 197(100.07); 198(146.31); 199(987.57); 200(356.15); 201(79.03); 202(663.65); 203(118.02); 204(351.82); 205(481.0); 206(550.54); 207(468.64); 208(388.34); 209(328.74); 210(618.27); 211(537.4); 212(687.17); 213(411.45); 214(903.17); 215(694.66); 216(659.34); 217(73.94); 218(49.59); 219(995.84); 220(933.65); 221(483.62); 222(966.38); 223(547.48); 224(811.18); 225(504.85); 226(247.67); 227(285.98); 228(646.15); 229(642.29); 230(831.67); 231(781.91); 232(425.5); 233(403.65); 234(796.64); 235(741.42); 236(579.68); 237(741.33); 238(313.86); 239(675.35); 240(719.2); 241(950.14); 242(812.91); 243(267.5); 244(99.65); 245(378.94); 246(783.1); 247(5.89); 248(295.9); 249(363.03); 250(879.14); 251(850.77); 252(252.56); 253(420.5); 254(712.12); 255(74.55); 256(709.21); 257(939.35); 258(612.97); 259(182.56); 260(957.71); 261(382.79); 262(966.62); 263(647.21); 264(892.37); 265(977.18); 266(133.61); 267(781.29); 268(270.35); 269(818.76); 270(741.96); 271(422.88); 272(652.45); 273(770.48); 274(867.04); 275(905.57); 276(32.73); 277(950.94); 278(885.26); 279(616.27); 280(580.22); 281(863.51); 282(324.04); 283(138.81); 284(485.36); 286(72.48); 287(573.41); 288(329.89); 289(389.48); 290(933.36); 291(209.96); 292(973.24); 293(70.45); 294(7.69); 295(213.08); 296(26.05); 297(30.2); 298(534.06); 299(410.33); 300(476.41); 301(692.72); 302(52.31); 303(340.26); 304(124.67); 305(111.61); 306(315.99); 307(949.47); 308(528.35); 309(297.2); 310(445.28); 311(29.56); 312(130.06); 313(338.01); 314(243.42); 315(734.08); 316(475.01); 317(589.42); 318(681.22); 319(301.65); 320(218.22); 321(271.33); 322(100.13); 323(144.77); 324(694.74); 325(247.07); 326(988.22); 327(134.55); 328(8.56); 329(82.28); 330(995.82); 331(44.36); 332(439.24); 333(570.8); 334(386.55); 335(387.58); 336(908.14); 337(466.84); 338(867.6); 339(697.43); 340(528.37); 341(501.0); 342(666.61); 343(432.55); 344(455.21); 345(774.9); 346(444.65); 347(607.61); 348(996.74); 349(229.9); 350(575.52); 351(561.02); 352(216.39); 353(383.73); 354(782.41); 355(416.23); 356(720.28); 357(997.95); 358(75.43); 359(578.93); 360(314.36); 361(793.55); 362(983.32); 363(730.08); 364(840.87); 365(742.37); 366(205.24); 367(977.19); 368(531.67); 369(794.44); 370(460.81); 371(332.65); 372(115.7); 373(52.13); 374(568.21); 375(949.29); 376(955.29); 377(849.5); 378(756.87); 379(477.3); 380(604.0); 381(602.78); 382(359.4); 383(757.21); 384(179.89); 385(209.4); 386(455.45); 387(845.83); 388(684.82); 389(516.16); 390(445.62); 391(858.69); 392(526.78); 393(865.44); 394(197.75); 395(814.13); 396(664.23); 397(270.26); 398(939.95); 399(292.36); 400(168.73); 401(211.52); 402(301.77); 403(112.56); 404(424.42); 405(898.86); 406(135.96); 407(588.06); 408(184.95); 409(941.21); 410(695.43); 411(41.74); 412(518.42); 413(232.45); 414(655.39); 415(506.66); 416(405.83); 417(76.72); 418(206.43); 419(235.72); 420(267.52); 421(700.98); 422(367.29); 423(211.16); 424(968.52); 425(422.86); 426(930.36); 427(441.73); 428(371.52); 429(367.62); 430(36.84); 431(894.19); 432(112.41); 433(16.17); 434(897.0); 435(834.66); 436(953.34); 437(506.13); 438(190.11); 439(619.46); 440(675.48); 441(561.07); 442(65.72); 443(644.01); 444(975.62); 445(854.41); 446(417.55); 447(190.33); 448(453.62); 449(197.15); 450(514.51); 451(581.38); 452(374.28); 453(214.5); 454(695.73); 455(989.12); 456(78.88); 457(799.44); 458(794.8); 459(359.69); 460(186.82); 461(435.48); 462(899.32); 463(814.89); 464(887.25); 465(532.65); 466(793.9); 467(822.53); 468(693.48); 469(327.45); 470(344.35); 471(232.38); 472(944.3); 473(632.78); 474(181.42); 475(239.89); 476(533.4); 477(831.0); 478(30.68); 479(261.37); 480(973.27); 481(955.52); 482(117.53); 483(466.23); 484(496.27); 485(712.96); 486(125.11); 487(856.07); 488(653.61); 489(999.46); 490(667.2); 491(185.75); 492(657.04); 493(412.43); 494(216.15); 495(759.1); 496(611.77); 497(367.34); 498(26.87); 499(353.27),1
286,0(679.19); 1(790.1); 2(418.57); 3(207.46); 4(80.65); 5(781.81); 6(36.41); 7(814.17); 8(92.62); 9(883.69); 10(733.67); 11(780.03); 12(851.46); 13(677.72); 14(744.07); 15(142.37); 16(788.04); 17(907.13); 18(293.54); 19(898.35); 20(285.35); 21(650.13); 22(491.84); 23(70.3); 24(448.31); 25(419.17); 26(338.3); 27(703.58); 28(154.44); 29(413.56); 30(904.49); 31(593.41); 32(717.3); 33(189.19); 34(118.42); 35(568.59); 36(832.56); 37(335.82); 38(417.7); 39(188.83); 40(468.77); 41(861.5); 42(978.73); 43(976.22); 44(91.21); 45(181.14); 46(897.88); 47(953.13); 48(920.14); 49(457.58); 50(233.49); 51(293.9); 52(786.15); 53(400.25); 54(590.18); 55(543.03); 56(742.46); 57(212.54); 58(831.37); 59(762.08); 60(535.84); 61(127.78); 62(779.79); 63(64.65); 64(24.74); 65(805.82); 66(730.19); 67(14.22); 68(477.53); 69(763.49); 70(101.27); 71(391.77); 72(448.78); 73(905.42); 74(34.52); 75(674.15); 76(146.92); 77(336.4); 78(29.87); 79(254.79); 80(8.93); 81(60.31); 82(285.29); 83(49.5); 84(523.43); 85(901.18); 86(577.46); 87(165.46); 88(72.0); 89(587.28); 90(877.17); 91(430.96); 92(255.65); 93(13.12); 94(933.81); 95(211.51); 96(301.28); 97(242.62); 98(109.85); 99(854.14); 100(253.61); 101(920.9); 102(139.86); 103(434.75); 104(721.27); 105(337.72); 106(842.88); 107(186.1); 108(528.03); 109(719.6); 110(801.47); 111(318.65); 112(255.74); 113(970.95); 114(353.58); 115(760.59); 116(842.68); 117(973.92); 118(47.25); 119(49.65); 120(508.82); 121(988.93); 122(171.81); 123(431.14); 124(916.34); 125(759.79); 126(788.78); 127(245.17); 128(796.47); 129(929.45); 130(782.88); 131(758.87); 132(574.66); 133(220.22); 134(951.69); 135(771.93); 136(585.56); 137(991.62); 138(254.23); 139(36.07); 140(503.04); 141(531.1); 142(800.55); 143(244.68); 144(357.2); 145(207.11); 146(141.67); 147(702.54); 148(163.59); 149(669.18); 150(145.08); 151(799.62); 152(10.95); 153(497.95); 154(640.31); 155(894.13); 156(188.22); 157(75.46); 158(524.5); 159(428.71); 160(251.44); 161(270.2); 162(522.76); 163(215.32); 164(266.22); 165(374.79); 166(679.47); 167(856.82); 168(240.16); 169(644.22); 170(228.97); 171(952.17); 172(255.02); 173(796.72); 174(290.19); 175(366.56); 176(289.61); 177(49.14); 178(241.29); 179(949.65); 180(490.41); 181(97.99); 182(386.59); 183(400.43); 184(286.89); 185(872.58); 186(936.06); 187(590.11); 188(41.66); 189(534.74); 190(226.37); 191(424.1); 192(880.11); 193(339.44); 194(794.77); 195(654.3); 196(258.05); 197(996.39); 198(431.88); 199(915.72); 200(775.95); 201(734.85); 202(378.98); 203(968.68); 204(623.71); 205(563.13); 206(942.03); 207(555.92); 208(949.7); 209(898.8); 210(705.16); 211(22.61); 212(39.04); 213(961.49); 214(761.6); 215(158.68); 216(727.36); 217(546.75); 218(562.25); 219(623.3); 220(25.11); 221(473.62); 222(998.33); 223(169.43); 224(310.33); 225(270.06); 226(571.02); 227(864.05); 228(925.04); 229(313.77); 230(789.94); 231(330.46); 232(729.44); 233(1.04); 234(954.83); 235(268.87); 236(988.57); 237(241.5); 238(918.91); 239(590.09); 240(723.9); 241(873.4); 242(490.4); 243(882.96); 244(138.73); 245(45.74); 246(662.59); 247(693.14); 248(417.5); 249(278.22); 250(798.73); 251(19.66); 252(706.4); 253(388.37); 254(849.61); 255(177.53); 256(991.65); 257(976.95); 258(654.54); 259(196.47); 260(469.79); 261(429.03); 262(125.75); 263(203.25); 264(375.57); 265(536.28); 266(124.64); 267(695.72); 268(428.33); 269(69.44); 270(297.5); 271(780.54); 272(171.41); 273(426.71); 274(176.79); 275(358.57); 276(211.52); 277(719.17); 278(759.88); 279(225.07); 280(489.25); 281(896.72); 282(745.13); 283(919.72); 284(447.13); 285(72.48); 287(103.64); 288(829.05); 289(875.52); 290(86.9); 291(365.97); 292(854.61); 293(12.75); 294(74.01); 295(882.96); 296(75.68); 297(468.69); 298(693.55); 299(179.62); 300(952.94); 301(390.51); 302(699.37); 303(811.21); 304(885.77); 305(655.47); 306(396.45); 307(985.41); 308(710.18); 309(163.86); 310(224.95); 311(571.23); 312(813.51); 313(636.48); 314(88.5); 315(371.36); 316(747.38); 317(510.25); 318(97.33); 319(643.41); 320(214.56); 321(799.36); 322(565.88); 323(136.0); 324(433.35); 325(650.73); 326(877.68); 327(741.56); 328(969.06); 329(218.75); 330(849.54); 331(544.05); 332(950.29); 333(128.65); 334(997.93); 335(974.07); 336(679.35); 337(405.49); 338(293.46); 339(71.87); 340(630.04); 341(373.29); 342(891.21); 343(410.61); 344(74.6); 345(866.49); 346(758.39); 347(997.35); 348(861.83); 349(276.0); 350(114.09); 351(946.85); 352(194.5); 353(285.37); 354(358.21); 355(67.53); 356(974.26); 357(944.62); 358(641.7); 359(926.46); 360(611.9); 361(325.59); 362(633.87); 363(523.12); 364(705.49); 365(201.1); 366(557.42); 367(612.06); 368(13.11); 369(794.64); 370(158.97); 371(782.33); 372(893.79); 373(20.65); 374(606.51); 375(824.94); 376(937.46); 377(683.53); 378(921.2); 379(424.76); 380(524.54); 381(830.84); 382(449.22); 383(86.43); 384(72.32); 385(317.36); 386(820.16); 387(54.47); 388(687.84); 389(782.61); 390(779.63); 391(5.38); 392(196.58); 393(954.24); 394(429.06); 395(870.43); 396(218.26); 397(754.77); 398(240.05); 399(228.82); 400(723.86); 401(480.98); 402(996.75); 403(583.87); 404(278.41); 405(183.79); 406(525.8); 407(38.11); 408(564.19); 409(896.44); 410(447.04); 411(265.48); 412(140.99); 413(35.98); 414(71.44); 415(139.55); 416(464.6); 417(954.32); 418(838.08); 419(906.67); 420(612.22); 421(915.69); 422(503.67); 423(642.04); 424(637.73); 425(367.19); 426(944.4); 427(397.32); 428(869.3); 429(714.58); 430(58.88); 431(467.41); 432(394.53); 433(831.49); 434(600.77); 435(189.1); 436(282.63); 437(530.49); 438(507.85); 439(42.32); 440(474.22); 441(851.24); 442(328.91); 443(781.9); 444(892.9); 445(791.43); 446(535.17); 447(408.1); 448(676.68); 449(143.81); 450(9.87); 451(831.8); 452(507.25); 453(204.56); 454(364.85); 455(631.33); 456(215.31); 457(349.97); 458(182.02); 459(894.63); 460(767.89); 461(394.12); 462(294.22); 463(8.58); 464(784.64); 465(675.3); 466(155.25); 467(511.91); 468(712.49); 469(681.0); 470(674.32); 471(723.16); 472(282.8); 473(491.27); 474(573.44); 475(864.62); 476(728.78); 477(867.71); 478(705.07); 479(958.76); 480(51.01); 481(473.18); 482(771.88); 483(209.09); 484(651.76); 485(854.12); 486(170.49); 487(331.19); 488(844.86); 489(118.31); 490(19.28); 491(583.84); 492(123.58); 493(547.4); 494(507.24); 495(553.78); 496(136.1); 497(735.22); 498(664.1); 499(172.9),1
287,0(74.54); 1(618.64); 2(697.0); 3(259.84); 4(580.04); 5(277.95); 6(883.09); 7(997.38); 8(540.38); 9(565.07); 10(377.15); 11(947.96); 12(670.4); 13(736.92); 14(507.4); 15(647.82); 16(822.84); 17(178.04); 18(283.07); 19(590.53); 20(71.48); 21(423.1); 22(270.93); 23(361.75); 24(620.75); 25(95.29); 26(622.71); 27(694.92); 28(380.23); 29(273.94); 30(997.75); 31(197.08); 32(894.09); 33(968.72); 34(88.39); 35(817.49); 36(791.02); 37(410.37); 38(1.61); 39(455.64); 40(356.32); 41(574.04); 42(746.91); 43(609.56); 44(293.47); 45(40.73); 46(418.42); 47(649.75); 48(849.01); 49(403.46); 50(651.57); 51(899.75); 52(165.86); 53(200.0); 54(198.89); 55(917.56); 56(542.28); 57(271.92); 58(242.03); 59(434.45); 60(456.79); 61(470.77); 62(664.22); 63(316.6); 64(982.73); 65(760.11); 66(453.55); 67(334.54); 68(313.64); 69(842.21); 70(245.21); 71(889.74); 72(567.84); 73(36.64); 74(173.38); 75(149.01); 76(638.45); 77(291.73); 78(574.18); 79(694.28); 80(748.2); 81(45.37); 82(61.23); 83(546.73); 84(310.3); 85(310.76); 86(974.27); 87(613.05); 88(816.41); 89(517.35); 90(735.13); 91(393.13); 92(670.74); 93(206.13); 94(74.75); 95(38.16); 96(529.82); 97(554.31); 98(979.86); 99(926.28); 100(19.01); 101(527.23); 102(881.27); 103(979.07); 104(211.64); 105(112.84); 106(391.18); 107(800.08); 108(142.81); 109(973.48); 110(740.66); 111(433.37); 112(643.02); 113(55.86); 114(834.98); 115(601.36); 116(801.39); 117(157.86); 118(729.21); 119(9.35); 120(508.22); 121(818.97); 122(999.98); 123(925.28); 124(744.51); 125(562.73); 126(35.86); 127(497.62); 128(891.84); 129(895.15); 130(459.8); 131(2.53); 132(864.32); 133(589.26); 134(139.69); 135(172.6); 136(135.39); 137(788.2); 138(110.07); 139(543.06); 140(879.99); 141(989.72); 142(798.39); 143(590.73); 144(339.9); 145(6.65); 146(270.49); 147(710.42); 148(264.47); 149(907.6); 150(309.08); 151(453.48); 152(888.87); 153(842.31); 154(767.68); 155(768.41); 156(931.76); 157(253.46); 158(955.3); 159(675.93); 160(589.4); 161(87.14); 162(962.88); 163(897.32); 164(670.02); 165(529.99); 166(292.3); 167(388.48); 168(156.3); 169(559.21); 170(428.42); 171(207.34); 172(656.1); 173(103.21); 174(743.54); 175(935.07); 176(505.07); 177(554.03); 178(301.55); 179(842.46); 180(620.37); 181(271.94); 182(432.35); 183(492.25); 184(11.08); 185(557.08); 186(80.65); 187(466.63); 188(83.77); 189(718.66); 190(247.49); 191(682.07); 192(215.84); 193(358.79); 194(640.49); 195(947.28); 196(612.96); 197(233.83); 198(196.16); 199(580.92); 200(996.07); 201(395.88); 202(967.78); 203(901.42); 204(269.69); 205(386.32); 206(921.74); 207(928.97); 208(670.75); 209(459.74); 210(223.79); 211(285.18); 212(175.01); 213(998.4); 214(681.91); 215(301.42); 216(454.6); 217(70.76); 218(999.85); 219(22.51); 220(394.1); 221(400.21); 222(636.75); 223(832.62); 224(513.88); 225(700.17); 226(349.17); 227(670.24); 228(597.97); 229(34.58); 230(720.66); 231(468.12); 232(886.51); 233(155.63); 234(20.99); 235(539.09); 236(804.98); 237(163.32); 238(38.8); 239(86.45); 240(26.38); 241(945.07); 242(714.33); 243(536.87); 244(43.74); 245(153.92); 246(577.62); 247(20.54); 248(437.34); 249(274.93); 250(156.85); 251(271.06); 252(46.71); 253(616.27); 254(234.7); 255(666.5); 256(497.89); 257(625.4); 258(607.03); 259(23.32); 260(440.05); 261(544.34); 262(36.42); 263(80.3); 264(708.72); 265(578.48); 266(136.7); 267(237.4); 268(881.86); 269(722.8); 270(752.19); 271(120.67); 272(312.74); 273(320.39); 274(465.04); 275(872.23); 276(443.4); 277(237.96); 278(210.85); 279(787.14); 280(35.85); 281(745.11); 282(457.73); 283(942.15); 284(772.88); 285(573.41); 286(103.64); 288(607.96); 289(296.36); 290(251.79); 291(33.94); 292(204.56); 293(917.83); 294(719.56); 295(51.21); 296(825.67); 297(144.25); 298(243.3); 299(978.92); 300(624.03); 301(425.55); 302(255.05); 303(962.25); 304(695.32); 305(490.53); 306(232.19); 307(219.85); 308(482.55); 309(215.4); 310(187.38); 311(949.91); 312(569.13); 313(49.28); 314(532.51); 315(767.15); 316(974.66); 317(960.62); 318(600.43); 319(670.6); 320(874.47); 321(816.38); 322(441.4); 323(331.8); 324(130.96); 325(575.27); 326(988.76); 327(265.32); 328(637.67); 329(645.84); 330(90.1); 331(475.56); 332(547.37); 333(204.48); 334(991.92); 335(524.35); 336(519.75); 337(879.45); 338(791.4); 339(304.19); 340(158.16); 341(217.78); 342(323.33); 343(422.31); 344(874.69); 345(254.7); 346(384.01); 347(21.18); 348(159.64); 349(314.76); 350(487.11); 351(122.11); 352(470.24); 353(26.02); 354(41.83); 355(978.75); 356(576.34); 357(706.01); 358(627.5); 359(703.57); 360(4.33); 361(21.44); 362(34.79); 363(334.44); 364(2.57); 365(983.37); 366(794.15); 367(248.3); 368(783.22); 369(819.83); 370(981.68); 371(277.01); 372(871.87); 373(528.41); 374(746.84); 375(57.38); 376(702.48); 377(32.58); 378(975.88); 379(144.39); 380(761.28); 381(442.87); 382(379.25); 383(366.5); 384(349.13); 385(963.95); 386(564.24); 387(346.9); 388(104.87); 389(718.36); 390(117.91); 391(708.33); 392(957.96); 393(388.87); 394(476.45); 395(831.19); 396(960.04); 397(351.81); 398(769.2); 399(816.38); 400(473.58); 401(619.95); 402(756.73); 403(302.33); 404(321.8); 405(565.16); 406(116.56); 407(247.93); 408(35.79); 409(565.57); 410(322.67); 411(897.92); 412(79.89); 413(148.94); 414(424.91); 415(618.39); 416(378.02); 417(256.07); 418(87.08); 419(559.76); 420(430.12); 421(946.89); 422(183.24); 423(388.04); 424(214.81); 425(35.38); 426(811.51); 427(321.15); 428(121.66); 429(182.91); 430(249.42); 431(295.83); 432(504.62); 433(426.22); 434(223.23); 435(34.81); 436(722.51); 437(475.85); 438(28.38); 439(696.24); 440(136.13); 441(885.15); 442(100.86); 443(220.59); 444(475.91); 445(145.75); 446(460.21); 447(33.75); 448(185.84); 449(407.95); 450(552.95); 451(674.21); 452(332.86); 453(862.85); 454(314.91); 455(389.87); 456(460.53); 457(537.9); 458(524.49); 459(737.49); 460(23.71); 461(754.16); 462(557.36); 463(655.58); 464(296.77); 465(232.04); 466(658.91); 467(636.31); 468(20.24); 469(173.56); 470(674.69); 471(505.57); 472(777.8); 473(756.82); 474(801.36); 475(117.15); 476(403.99); 477(167.8); 478(763.02); 479(659.27); 480(988.12); 481(826.22); 482(7.78); 483(702.89); 484(946.78); 485(70.41); 486(461.6); 487(947.02); 488(761.69); 489(43.76); 490(463.69); 491(525.28); 492(897.48); 493(39.35); 494(725.84); 495(697.15); 496(436.59); 497(812.8); 498(656.48); 499(564.45),1
288,0(444.03); 1(354.1); 2(573.34); 3(372.22); 4(923.71); 5(480.44); 6(476.44); 7(519.03); 8(492.44); 9(440.85); 10(146.24); 11(498.52); 12(825.22); 13(398.42); 14(381.55); 15(95.56); 16(418.72); 17(681.02); 18(548.85); 19(854.78); 20(580.81); 21(584.74); 22(864.61); 23(413.42); 24(900.73); 25(246.53); 26(556.55); 27(941.88); 28(959.56); 29(286.73); 30(731.01); 31(322.93); 32(257.18); 33(517.09); 34(401.15); 35(435.99); 36(677.76); 37(583.01); 38(782.14); 39(903.15); 40(932.93); 41(387.51); 42(470.65); 43(587.48); 44(279.51); 45(315.55); 46(219.47); 47(337.76); 48(254.01); 49(629.86); 50(464.09); 51(414.19); 52(374.65); 53(393.8); 54(545.96); 55(741.57); 56(816.94); 57(733.33); 58(931.09); 59(236.32); 60(345.03); 61(142.63); 62(187.04); 63(781.66); 64(466.04); 65(608.16); 66(534.01); 67(50.12); 68(212.33); 69(154.79); 70(398.04); 71(560.05); 72(407.3); 73(230.7); 74(3.51); 75(656.42); 76(148.78); 77(687.73); 78(560.63); 79(114.86); 80(217.38); 81(141.82); 82(237.06); 83(361.25); 84(843.22); 85(451.38); 86(435.96); 87(521.35); 88(182.77); 89(48.52); 90(818.37); 91(178.66); 92(263.84); 93(888.3); 94(998.94); 95(976.56); 96(435.86); 97(521.22); 98(988.29); 99(976.31); 100(643.86); 101(189.9); 102(969.88); 103(112.5); 104(470.81); 105(52.98); 106(865.73); 107(459.73); 108(167.48); 109(768.25); 110(779.08); 111(257.89); 112(818.73); 113(255.95); 114(28.05); 115(4.1); 116(740.9); 117(764.75); 118(50.53); 119(392.77); 120(31.11); 121(282.22); 122(736.07); 123(624.07); 124(273.38); 125(276.99); 126(294.49); 127(762.72); 128(582.03); 129(754.75); 130(140.17); 131(567.48); 132(287.33); 133(796.34); 134(650.26); 135(135.15); 136(757.71); 137(243.69); 138(538.26); 139(388.75); 140(393.43); 141(441.45); 142(313.36); 143(385.5); 144(823.19); 145(181.52); 146(657.8); 147(604.27); 148(806.63); 149(145.74); 150(292.19); 151(973.87); 152(360.39); 153(96.77); 154(668.55); 155(547.87); 156(228.38); 157(968.69); 158(689.7); 159(461.25); 160(721.86); 161(294.61); 162(758.27); 163(803.87); 164(744.65); 165(549.33); 166(724.49); 167(298.38); 168(785.73); 169(721.52); 170(621.72); 171(718.21); 172(825.07); 173(454.76); 174(737.37); 175(791.56); 176(5.13); 177(543.23); 178(124.33); 179(954.62); 180(856.38); 181(503.09); 182(164.05); 183(601.1); 184(6.31); 185(559.5); 186(858.0); 187(388.87); 188(848.3); 189(581.82); 190(1.61); 191(957.66); 192(411.78); 193(132.75); 194(748.24); 195(585.82); 196(107.59); 197(359.85); 198(629.02); 199(270.06); 200(765.45); 201(247.08); 202(832.91); 203(836.84); 204(493.83); 205(430.76); 206(682.99); 207(310.64); 208(549.61); 209(585.91); 210(352.09); 211(710.79); 212(306.31); 213(252.8); 214(434.1); 215(974.86); 216(186.94); 217(386.85); 218(543.79); 219(503.0); 220(453.35); 221(352.01); 222(419.9); 223(249.96); 224(333.84); 225(358.59); 226(857.07); 227(394.77); 228(694.14); 229(631.24); 230(385.9); 231(785.57); 232(862.79); 233(414.67); 234(880.3); 235(419.0); 236(124.94); 237(820.03); 238(207.97); 239(511.35); 240(480.98); 241(883.72); 242(116.08); 243(402.88); 244(329.65); 245(213.25); 246(79.22); 247(746.41); 248(291.69); 249(292.94); 250(303.27); 251(604.35); 252(285.08); 253(359.97); 254(127.19); 255(841.59); 256(677.95); 257(350.56); 258(595.68); 259(120.06); 260(173.89); 261(482.75); 262(322.12); 263(602.55); 264(672.66); 265(805.54); 266(719.61); 267(310.58); 268(988.9); 269(134.13); 270(467.34); 271(867.13); 272(61.59); 273(257.16); 274(656.68); 275(279.42); 276(212.35); 277(920.92); 278(583.63); 279(981.9); 280(794.55); 281(731.49); 282(590.14); 283(593.41); 284(173.04); 285(329.89); 286(829.05); 287(607.96); 289(897.89); 290(680.25); 291(37.77); 292(522.54); 293(549.13); 294(267.3); 295(743.9); 296(531.04); 297(922.68); 298(975.98); 299(128.02); 300(991.16); 301(614.51); 302(856.97); 303(800.65); 304(151.78); 305(8.83); 306(400.03); 307(40.27); 308(385.52); 309(902.12); 310(889.35); 311(894.26); 312(418.15); 313(563.73); 314(278.51); 315(295.47); 316(154.25); 317(245.44); 318(782.95); 319(173.35); 320(211.04); 321(862.53); 322(975.2); 323(214.6); 324(910.07); 325(593.74); 326(495.51); 327(178.76); 328(524.18); 329(447.69); 330(935.89); 331(35.45); 332(929.44); 333(42.76); 334(77.4); 335(279.35); 336(540.27); 337(955.4); 338(538.32); 339(27.88); 340(847.2); 341(1.38); 342(61.46); 343(476.55); 344(21.04); 345(651.59); 346(762.31); 347(952.73); 348(677.55); 349(842.91); 350(726.92); 351(872.67); 352(955.59); 353(402.02); 354(515.02); 355(756.2); 356(709.88); 357(846.36); 358(266.82); 359(865.91); 360(998.55); 361(705.52); 362(549.85); 363(930.76); 364(622.05); 365(693.61); 366(830.73); 367(885.39); 368(983.18); 369(668.63); 370(781.38); 371(913.93); 372(193.47); 373(654.51); 374(914.49); 375(387.34); 376(86.79); 377(473.88); 378(212.03); 379(839.32); 380(454.44); 381(963.31); 382(372.84); 383(739.33); 384(974.12); 385(299.18); 386(137.56); 387(449.14); 388(768.6); 389(813.38); 390(335.05); 391(948.34); 392(190.46); 393(55.9); 394(864.58); 395(118.14); 396(511.87); 397(127.74); 398(627.73); 399(431.97); 400(339.61); 401(624.92); 402(941.92); 403(555.8); 404(424.65); 405(301.65); 406(924.91); 407(45.7); 408(646.82); 409(298.86); 410(198.31); 411(779.83); 412(130.78); 413(606.2); 414(710.06); 415(249.38); 416(76.56); 417(874.75); 418(664.79); 419(589.44); 420(900.09); 421(970.17); 422(204.58); 423(59.73); 424(687.36); 425(555.94); 426(846.48); 427(274.71); 428(489.03); 429(565.48); 430(859.9); 431(275.35); 432(143.19); 433(783.71); 434(924.34); 435(389.91); 436(820.26); 437(51.08); 438(349.13); 439(529.53); 440(530.22); 441(324.18); 442(387.98); 443(944.23); 444(753.92); 445(311.85); 446(279.46); 447(88.87); 448(931.94); 449(69.72); 450(54.37); 451(32.48); 452(917.27); 453(453.87); 454(977.89); 455(778.68); 456(728.4); 457(604.38); 458(704.37); 459(440.18); 460(149.71); 461(421.23); 462(647.69); 463(411.68); 464(642.73); 465(56.32); 466(45.83); 467(458.25); 468(821.56); 469(606.61); 470(139.1); 471(541.14); 472(6.41); 473(111.72); 474(999.36); 475(371.96); 476(32.3); 477(394.26); 478(891.07); 479(645.64); 480(527.54); 481(192.48); 482(159.21); 483(723.24); 484(789.51); 485(58.97); 486(549.39); 487(593.36); 488(349.34); 489(550.24); 490(554.58); 491(504.57); 492(497.46); 493(169.8); 494(184.07); 495(985.93); 496(894.38); 497(331.54); 498(923.45); 499(297.68),1
289,0(502.14); 1(873.67); 2(72.04); 3(487.2); 4(829.69); 5(899.93); 6(349.97); 7(222.96); 8(712.05); 9(624.2); 10(693.94); 11(102.52); 12(517.16); 13(127.75); 14(631.53); 15(656.76); 16(928.73); 17(132.33); 18(345.06); 19(29.11); 20(19.98); 21(944.27); 22(697.03); 23(597.57); 24(811.2); 25(611.61); 26(708.5); 27(168.26); 28(363.02); 29(75.98); 30(73.4); 31(402.32); 32(327.68); 33(790.77); 34(285.37); 35(641.54); 36(820.93); 37(2.02); 38(418.18); 39(991.47); 40(629.75); 41(787.77); 42(784.61); 43(27.03); 44(319.24); 45(355.49); 46(664.05); 47(147.86); 48(724.06); 49(283.92); 50(596.87); 51(716.1); 52(912.51); 53(998.86); 54(33.96); 55(65.8); 56(8.6); 57(769.91); 58(141.5); 59(39.47); 60(535.94); 61(74.56); 62(11.71); 63(220.02); 64(635.03); 65(851.56); 66(208.99); 67(3.11); 68(673.31); 69(242.21); 70(487.42); 71(591.04); 72(627.93); 73(963.54); 74(968.3); 75(18.05); 76(636.3); 77(817.21); 78(349.65); 79(821.89); 80(139.25); 81(280.99); 82(86.19); 83(28.15); 84(108.06); 85(682.3); 86(548.33); 87(666.82); 88(842.0); 89(918.01); 90(224.76); 91(313.69); 92(926.89); 93(257.8); 94(293.78); 95(990.73); 96(151.08); 97(910.88); 98(966.71); 99(475.07); 100(648.33); 101(216.68); 102(168.57); 103(315.9); 104(402.5); 105(735.32); 106(220.64); 107(846.08); 108(331.02); 109(813.73); 110(208.22); 111(526.75); 112(177.92); 113(108.16); 114(148.7); 115(863.36); 116(419.3); 117(605.47); 118(692.58); 119(580.14); 120(157.13); 121(488.89); 122(304.54); 123(218.42); 124(559.31); 125(958.01); 126(804.72); 127(907.28); 128(153.95); 129(844.98); 130(612.93); 131(976.09); 132(342.82); 133(910.94); 134(206.53); 135(982.71); 136(378.86); 137(20.64); 138(549.74); 139(94.68); 140(961.83); 141(161.46); 142(505.42); 143(679.12); 144(799.58); 145(319.95); 146(259.58); 147(699.91); 148(179.48); 149(515.39); 150(453.97); 151(612.16); 152(764.28); 153(685.0); 154(998.85); 155(247.83); 156(870.66); 157(241.18); 158(217.34); 159(57.09); 160(229.92); 161(368.06); 162(487.7); 163(559.9); 164(315.32); 165(101.78); 166(392.03); 167(247.9); 168(212.9); 169(54.56); 170(285.07); 171(787.79); 172(608.92); 173(198.14); 174(618.37); 175(235.04); 176(317.13); 177(154.0); 178(404.57); 179(17.92); 180(353.14); 181(11.78); 182(611.02); 183(993.88); 184(706.86); 185(192.28); 186(844.38); 187(722.76); 188(742.16); 189(611.19); 190(566.26); 191(178.2); 192(976.85); 193(654.07); 194(689.73); 195(923.09); 196(670.39); 197(592.75); 198(136.3); 199(969.09); 200(569.31); 201(439.6); 202(538.43); 203(294.38); 204(787.32); 205(897.78); 206(317.78); 207(35.62); 208(445.65); 209(108.58); 210(896.22); 211(383.76); 212(317.57); 213(60.43); 214(705.79); 215(252.12); 216(477.98); 217(811.16); 218(350.25); 219(937.09); 220(759.82); 221(889.53); 222(316.94); 223(83.92); 224(574.13); 225(967.87); 226(126.0); 227(82.36); 228(879.32); 229(277.69); 230(488.06); 231(541.54); 232(276.56); 233(138.91); 234(82.2); 235(238.74); 236(498.08); 237(428.59); 238(529.91); 239(136.65); 240(76.61); 241(516.22); 242(197.65); 243(653.54); 244(443.9); 245(933.51); 246(257.02); 247(233.59); 248(640.05); 249(20.84); 250(881.22); 251(246.56); 252(961.89); 253(698.53); 254(129.91); 255(42.45); 256(904.75); 257(668.61); 258(170.9); 259(779.05); 260(911.58); 261(896.13); 262(67.05); 263(298.66); 264(186.79); 265(707.77); 266(171.91); 267(899.51); 268(13.5); 269(38.33); 270(91.69); 271(29.49); 272(864.89); 273(55.87); 274(710.16); 275(953.26); 276(35.03); 277(496.09); 278(975.85); 279(749.63); 280(920.67); 281(474.99); 282(740.44); 283(969.71); 284(673.98); 285(389.48); 286(875.52); 287(296.36); 288(897.89); 290(641.9); 291(289.57); 292(651.57); 293(332.91); 294(675.6); 295(762.73); 296(477.27); 297(21.07); 298(622.77); 299(485.65); 300(853.61); 301(286.68); 302(323.06); 303(415.23); 304(82.03); 305(685.7); 306(792.05); 307(812.42); 308(867.69); 309(867.22); 310(719.77); 311(44.31); 312(57.18); 313(996.84); 314(750.44); 315(100.6); 316(540.98); 317(389.36); 318(328.51); 319(555.06); 320(730.55); 321(430.97); 322(42.83); 323(266.78); 324(565.27); 325(39.4); 326(460.59); 327(932.79); 328(922.07); 329(61.59); 330(507.81); 331(190.21); 332(945.89); 333(129.01); 334(327.65); 335(386.65); 336(62.99); 337(16.88); 338(717.23); 339(722.76); 340(803.92); 341(32.39); 342(826.62); 343(202.77); 344(782.53); 345(77.29); 346(915.69); 347(521.04); 348(835.85); 349(586.67); 350(462.73); 351(425.46); 352(540.22); 353(157.04); 354(259.21); 355(875.59); 356(264.33); 357(260.28); 358(575.16); 359(834.83); 360(962.37); 361(732.36); 362(543.98); 363(737.31); 364(474.49); 365(546.27); 366(662.33); 367(110.46); 368(916.39); 369(507.2); 370(925.54); 371(848.02); 372(954.74); 373(253.62); 374(356.01); 375(927.4); 376(337.82); 377(428.53); 378(429.91); 379(7.52); 380(304.35); 381(719.26); 382(895.82); 383(209.37); 384(610.4); 385(363.18); 386(115.04); 387(17.86); 388(244.25); 389(628.73); 390(466.98); 391(127.44); 392(138.53); 393(394.78); 394(602.43); 395(736.42); 396(623.06); 397(120.51); 398(165.59); 399(267.74); 400(806.98); 401(921.45); 402(659.05); 403(646.56); 404(756.46); 405(747.89); 406(794.76); 407(241.46); 408(863.94); 409(506.3); 410(122.42); 411(157.36); 412(631.33); 413(54.68); 414(580.44); 415(124.36); 416(551.68); 417(107.24); 418(41.23); 419(232.85); 420(521.38); 421(78.01); 422(930.65); 423(301.1); 424(168.85); 425(814.87); 426(269.76); 427(25.89); 428(402.11); 429(537.56); 430(1.66); 431(280.61); 432(680.41); 433(744.6); 434(306.88); 435(327.57); 436(332.04); 437(619.85); 438(942.61); 439(551.33); 440(442.11); 441(332.36); 442(679.23); 443(482.16); 444(581.61); 445(711.69); 446(898.85); 447(336.85); 448(927.78); 449(302.06); 450(345.12); 451(224.05); 452(257.22); 453(98.17); 454(937.71); 455(230.88); 456(450.49); 457(760.43); 458(158.64); 459(482.68); 460(27.46); 461(675.74); 462(511.12); 463(914.67); 464(830.08); 465(919.53); 466(263.23); 467(587.76); 468(908.02); 469(570.14); 470(101.83); 471(539.3); 472(980.37); 473(358.44); 474(863.08); 475(436.16); 476(37.53); 477(494.35); 478(374.75); 479(909.48); 480(52.84); 481(31.32); 482(844.81); 483(356.06); 484(705.67); 485(51.13); 486(969.26); 487(673.23); 488(93.13); 489(791.71); 490(139.93); 491(617.62); 492(944.41); 493(616.41); 494(173.55); 495(409.19); 496(508.91); 497(71.91); 498(626.94); 499(592.24),1
290,0(378.01); 1(248.73); 2(735.49); 3(358.16); 4(857.94); 5(849.35); 6(425.76); 7(656.15); 8(475.05); 9(500.43); 10(462.65); 11(659.4); 12(347.63); 13(13.07); 14(362.69); 15(883.84); 16(837.07); 17(808.18); 18(306.19); 19(794.65); 20(336.62); 21(946.53); 22(624.33); 23(585.28); 24(919.68); 25(407.25); 26(143.85); 27(693.81); 28(852.73); 29(173.8); 30(436.97); 31(838.4); 32(156.16); 33(629.75); 34(520.26); 35(429.71); 36(389.03); 37(716.74); 38(839.83); 39(260.07); 40(408.25); 41(191.73); 42(718.98); 43(468.63); 44(783.67); 45(477.78); 46(391.14); 47(942.21); 48(306.11); 49(460.12); 50(919.3); 51(683.64); 52(193.26); 53(372.99); 54(88.36); 55(630.5); 56(663.31); 57(207.85); 58(630.88); 59(778.03); 60(940.18); 61(863.02); 62(465.27); 63(878.97); 64(171.77); 65(694.76); 66(398.65); 67(810.03); 68(357.18); 69(222.4); 70(596.73); 71(75.67); 72(971.25); 73(781.26); 74(230.73); 75(697.67); 76(717.27); 77(947.38); 78(102.4); 79(408.04); 80(307.66); 81(281.12); 82(577.3); 83(825.2); 84(347.7); 85(741.2); 86(44.98); 87(308.12); 88(652.61); 89(59.86); 90(794.25); 91(802.02); 92(603.36); 93(142.48); 94(561.1); 95(694.33); 96(784.18); 97(254.14); 98(17.22); 99(865.32); 100(918.02); 101(672.83); 102(206.94); 103(648.18); 104(17.98); 105(121.28); 106(955.02); 107(544.96); 108(422.67); 109(45.82); 110(652.72); 111(651.67); 112(553.28); 113(288.94); 114(54.58); 115(705.02); 116(911.5); 117(680.19); 118(786.75); 119(889.62); 120(899.01); 121(370.63); 122(248.58); 123(796.54); 124(164.43); 125(776.94); 126(430.55); 127(274.34); 128(842.48); 129(607.71); 130(900.59); 131(24.29); 132(43.57); 133(784.99); 134(237.54); 135(105.35); 136(49.59); 137(968.54); 138(62.2); 139(648.63); 140(359.89); 141(714.93); 142(69.66); 143(811.16); 144(794.68); 145(201.71); 146(902.57); 147(404.98); 148(301.12); 149(729.75); 150(717.42); 151(25.46); 152(860.44); 153(259.12); 154(634.08); 155(37.6); 156(615.36); 157(347.4); 158(312.8); 159(162.29); 160(568.05); 161(433.88); 162(765.44); 163(119.84); 164(641.26); 165(917.82); 166(910.55); 167(262.74); 168(29.35); 169(136.6); 170(739.37); 171(21.91); 172(428.91); 173(867.71); 174(78.46); 175(36.28); 176(471.9); 177(342.28); 178(702.72); 179(690.64); 180(69.85); 181(899.96); 182(587.96); 183(564.74); 184(351.2); 185(669.05); 186(488.75); 187(338.92); 188(893.1); 189(363.48); 190(734.33); 191(974.41); 192(285.8); 193(846.48); 194(843.55); 195(105.86); 196(749.67); 197(356.64); 198(518.85); 199(614.43); 200(833.83); 201(503.82); 202(677.03); 203(845.88); 204(376.96); 205(672.46); 206(764.16); 207(616.47); 208(817.23); 209(809.53); 210(847.92); 211(816.13); 212(119.62); 213(894.7); 214(908.88); 215(972.61); 216(62.7); 217(662.14); 218(598.52); 219(78.91); 220(218.46); 221(667.28); 222(875.85); 223(723.79); 224(190.04); 225(721.39); 226(309.07); 227(557.1); 228(489.22); 229(50.45); 230(490.24); 231(572.5); 232(561.73); 233(917.5); 234(890.25); 235(676.21); 236(360.29); 237(677.49); 238(142.34); 239(76.41); 240(175.94); 241(543.39); 242(499.68); 243(980.36); 244(915.75); 245(222.22); 246(182.37); 247(958.02); 248(489.15); 249(391.34); 250(586.19); 251(360.79); 252(242.5); 253(691.64); 254(797.03); 255(33.61); 256(919.7); 257(16.82); 258(250.36); 259(28.33); 260(772.88); 261(119.89); 262(323.03); 263(49.73); 264(807.38); 265(7.95); 266(379.96); 267(258.28); 268(452.64); 269(259.35); 270(430.15); 271(348.79); 272(412.94); 273(562.12); 274(97.38); 275(911.35); 276(202.01); 277(475.31); 278(305.78); 279(171.63); 280(819.89); 281(954.76); 282(763.54); 283(587.98); 284(331.43); 285(933.36); 286(86.9); 287(251.79); 288(680.25); 289(641.9); 291(829.26); 292(523.2); 293(422.22); 294(459.11); 295(494.32); 296(344.09); 297(630.31); 298(831.7); 299(359.13); 300(139.12); 301(560.96); 302(507.3); 303(526.35); 304(164.45); 305(283.01); 306(82.67); 307(784.08); 308(689.34); 309(164.2); 310(311.46); 311(17.84); 312(246.84); 313(608.98); 314(370.98); 315(196.35); 316(475.3); 317(225.77); 318(847.81); 319(760.3); 320(703.53); 321(414.32); 322(412.88); 323(495.5); 324(55.69); 325(22.27); 326(494.64); 327(281.55); 328(332.33); 329(128.99); 330(957.81); 331(654.19); 332(919.72); 333(553.99); 334(974.4); 335(306.26); 336(285.51); 337(982.82); 338(832.19); 339(907.72); 340(5.65); 341(793.46); 342(940.4); 343(558.14); 344(820.95); 345(902.12); 346(926.25); 347(584.88); 348(147.8); 349(445.56); 350(636.87); 351(296.62); 352(731.2); 353(441.45); 354(597.49); 355(910.03); 356(289.53); 357(620.94); 358(488.49); 359(661.79); 360(344.3); 361(163.78); 362(696.5); 363(509.3); 364(166.16); 365(660.32); 366(621.83); 367(208.26); 368(182.51); 369(655.52); 370(554.03); 371(17.6); 372(413.17); 373(139.49); 374(518.13); 375(141.41); 376(115.6); 377(252.57); 378(778.08); 379(242.87); 380(433.99); 381(0.55); 382(236.9); 383(74.18); 384(128.59); 385(743.71); 386(22.38); 387(190.4); 388(980.26); 389(359.25); 390(469.05); 391(7.14); 392(565.96); 393(602.21); 394(657.84); 395(250.05); 396(284.73); 397(235.28); 398(628.91); 399(259.74); 400(884.6); 401(146.29); 402(623.56); 403(541.94); 404(603.06); 405(151.07); 406(300.81); 407(113.86); 408(348.0); 409(910.27); 410(431.12); 411(301.61); 412(192.23); 413(704.02); 414(405.78); 415(556.49); 416(743.31); 417(974.5); 418(404.63); 419(177.03); 420(999.81); 421(480.95); 422(792.01); 423(896.37); 424(570.22); 425(22.37); 426(100.83); 427(911.75); 428(218.27); 429(469.97); 430(973.62); 431(656.39); 432(559.48); 433(631.84); 434(308.5); 435(119.79); 436(879.91); 437(962.18); 438(129.5); 439(576.09); 440(997.59); 441(847.66); 442(569.77); 443(274.99); 444(554.11); 445(445.99); 446(122.94); 447(949.95); 448(22.11); 449(438.43); 450(296.07); 451(219.46); 452(524.54); 453(849.0); 454(710.32); 455(912.19); 456(228.01); 457(131.97); 458(445.0); 459(230.6); 460(849.06); 461(203.89); 462(14.91); 463(408.16); 464(578.98); 465(161.76); 466(747.29); 467(793.33); 468(487.18); 469(613.35); 470(166.89); 471(675.2); 472(643.94); 473(671.86); 474(933.89); 475(723.34); 476(970.6); 477(269.25); 478(279.43); 479(272.01); 480(251.35); 481(760.2); 482(507.55); 483(721.7); 484(257.92); 485(714.69); 486(863.01); 487(507.9); 488(338.82); 489(55.75); 490(372.94); 491(737.14); 492(45.28); 493(306.42); 494(526.62); 495(387.58); 496(52.55); 497(283.7); 498(776.85); 499(826.28),1
291,0(134.51); 1(369.41); 2(303.36); 3(836.36); 4(775.17); 5(55.99); 6(886.55); 7(668.01); 8(291.91); 9(601.91); 10(234.72); 11(470.49); 12(250.12); 13(112.38); 14(7.76); 15(395.64); 16(185.67); 17(910.99); 18(891.27); 19(843.92); 20(854.65); 21(640.37); 22(891.24); 23(957.77); 24(533.17); 25(401.92); 26(266.23); 27(609.71); 28(756.64); 29(226.34); 30(379.39); 31(631.84); 32(624.97); 33(815.47); 34(11.01); 35(120.69); 36(846.81); 37(116.33); 38(580.7); 39(305.62); 40(589.5); 41(246.18); 42(617.52); 43(39.35); 44(907.33); 45(999.78); 46(569.75); 47(343.55); 48(422.48); 49(131.7); 50(712.4); 51(199.98); 52(999.27); 53(743.17); 54(451.65); 55(376.97); 56(435.58); 57(169.57); 58(105.09); 59(440.97); 60(942.7); 61(81.71); 62(266.64); 63(524.45); 64(283.2); 65(698.5); 66(9.42); 67(44.16); 68(928.78); 69(834.57); 70(305.97); 71(703.17); 72(315.28); 73(721.72); 74(744.61); 75(44.26); 76(539.05); 77(621.5); 78(553.39); 79(622.11); 80(598.9); 81(33.07); 82(447.2); 83(612.21); 84(888.89); 85(481.07); 86(958.6); 87(935.38); 88(224.67); 89(345.02); 90(561.09); 91(832.25); 92(519.58); 93(813.72); 94(887.08); 95(915.15); 96(40.4); 97(901.43); 98(812.48); 99(676.67); 100(511.42); 101(64.48); 102(705.8); 103(653.86); 104(7.59); 105(371.58); 106(411.39); 107(570.75); 108(274.28); 109(982.71); 110(302.68); 111(873.61); 112(112.95); 113(382.87); 114(954.24); 115(888.54); 116(950.67); 117(693.69); 118(498.4); 119(451.3); 120(600.39); 121(632.23); 122(873.88); 123(947.3); 124(279.41); 125(320.4); 126(758.01); 127(937.17); 128(981.35); 129(365.02); 130(565.92); 131(619.55); 132(424.08); 133(688.09); 134(639.96); 135(94.67); 136(697.94); 137(906.98); 138(283.26); 139(276.54); 140(347.92); 141(806.06); 142(24.63); 143(172.61); 144(506.49); 145(525.24); 146(447.54); 147(693.66); 148(252.22); 149(151.13); 150(413.07); 151(983.05); 152(607.33); 153(88.98); 154(379.67); 155(981.46); 156(226.03); 157(29.11); 158(735.26); 159(893.5); 160(459.44); 161(606.09); 162(496.13); 163(416.13); 164(428.36); 165(314.1); 166(218.27); 167(300.31); 168(608.03); 169(786.05); 170(333.24); 171(540.97); 172(887.25); 173(519.7); 174(178.33); 175(567.7); 176(581.37); 177(745.8); 178(640.11); 179(625.19); 180(817.2); 181(743.12); 182(65.05); 183(14.32); 184(986.74); 185(135.09); 186(65.56); 187(164.1); 188(813.14); 189(188.15); 190(248.09); 191(312.73); 192(713.45); 193(853.33); 194(107.98); 195(471.43); 196(749.09); 197(473.86); 198(144.12); 199(506.48); 200(936.75); 201(40.81); 202(132.76); 203(115.18); 204(484.36); 205(885.17); 206(896.06); 207(174.95); 208(964.85); 209(261.51); 210(317.68); 211(282.45); 212(969.83); 213(426.52); 214(983.33); 215(657.78); 216(948.62); 217(347.03); 218(316.69); 219(701.91); 220(986.51); 221(877.76); 222(193.06); 223(548.56); 224(644.57); 225(212.22); 226(917.9); 227(620.59); 228(139.71); 229(305.78); 230(692.98); 231(62.63); 232(906.86); 233(249.24); 234(236.7); 235(93.69); 236(457.47); 237(8.21); 238(825.04); 239(538.65); 240(397.61); 241(530.6); 242(684.47); 243(995.38); 244(12.27); 245(182.7); 246(516.54); 247(340.72); 248(515.06); 249(850.61); 250(438.1); 251(206.83); 252(42.72); 253(909.67); 254(330.08); 255(856.94); 256(575.22); 257(351.54); 258(526.33); 259(715.46); 260(698.08); 261(620.42); 262(385.36); 263(302.59); 264(912.33); 265(791.0); 266(686.52); 267(316.45); 268(654.25); 269(771.46); 270(727.57); 271(543.38); 272(528.58); 273(479.88); 274(785.09); 275(163.49); 276(859.51); 277(393.14); 278(597.42); 279(702.73); 280(625.06); 281(901.68); 282(536.65); 283(412.64); 284(856.09); 285(209.96); 286(365.97); 287(33.94); 288(37.77); 289(289.57); 290(829.26); 292(470.66); 293(234.89); 294(737.29); 295(22.66); 296(414.14); 297(441.27); 298(127.28); 299(230.19); 300(880.18); 301(783.8); 302(31.27); 303(631.82); 304(347.08); 305(901.79); 306(285.84); 307(147.76); 308(766.11); 309(122.85); 310(234.42); 311(717.71); 312(758.39); 313(185.48); 314(733.92); 315(663.87); 316(116.73); 317(270.67); 318(543.5); 319(742.1); 320(891.85); 321(480.22); 322(0.83); 323(364.33); 324(243.72); 325(594.25); 326(841.15); 327(40.22); 328(979.29); 329(324.66); 330(344.0); 331(566.53); 332(646.61); 333(325.65); 334(588.28); 335(203.56); 336(10.28); 337(383.97); 338(741.99); 339(135.96); 340(712.29); 341(682.56); 342(340.21); 343(864.23); 344(541.14); 345(594.89); 346(612.93); 347(866.96); 348(37.61); 349(739.01); 350(985.71); 351(26.68); 352(959.09); 353(870.29); 354(895.61); 355(693.96); 356(959.75); 357(680.78); 358(581.79); 359(218.44); 360(406.71); 361(376.94); 362(112.61); 363(538.25); 364(206.34); 365(939.85); 366(363.76); 367(777.53); 368(609.81); 369(212.75); 370(706.0); 371(70.71); 372(104.87); 373(441.09); 374(202.92); 375(427.73); 376(81.85); 377(226.18); 378(562.85); 379(145.72); 380(248.4); 381(221.86); 382(847.31); 383(889.69); 384(686.91); 385(548.61); 386(598.81); 387(146.42); 388(345.66); 389(711.81); 390(157.6); 391(203.13); 392(515.5); 393(417.61); 394(658.69); 395(868.71); 396(950.85); 397(42.92); 398(431.39); 399(693.31); 400(546.88); 401(303.96); 402(104.78); 403(640.31); 404(775.58); 405(525.16); 406(461.21); 407(66.47); 408(17.72); 409(299.18); 410(836.81); 411(520.84); 412(77.54); 413(14.13); 414(246.55); 415(854.09); 416(31.9); 417(675.91); 418(903.08); 419(545.64); 420(659.59); 421(242.76); 422(376.65); 423(657.25); 424(742.86); 425(184.18); 426(750.74); 427(317.69); 428(42.0); 429(878.66); 430(429.96); 431(701.89); 432(335.36); 433(855.24); 434(977.91); 435(51.06); 436(670.1); 437(667.46); 438(430.4); 439(855.93); 440(673.32); 441(257.64); 442(536.76); 443(905.45); 444(345.47); 445(649.36); 446(600.77); 447(655.41); 448(200.26); 449(608.33); 450(492.43); 451(347.43); 452(538.1); 453(85.66); 454(594.18); 455(604.81); 456(959.52); 457(550.72); 458(83.66); 459(431.53); 460(320.08); 461(19.51); 462(497.05); 463(972.04); 464(977.49); 465(692.18); 466(851.89); 467(928.19); 468(949.77); 469(108.58); 470(859.02); 471(463.42); 472(949.05); 473(987.6); 474(613.94); 475(443.21); 476(170.45); 477(259.65); 478(663.99); 479(538.34); 480(669.3); 481(813.42); 482(695.33); 483(889.28); 484(710.49); 485(671.96); 486(153.36); 487(706.66); 488(47.36); 489(912.46); 490(152.07); 491(344.24); 492(921.19); 493(735.72); 494(696.36); 495(40.74); 496(905.53); 497(16.31); 498(92.65); 499(977.75),1
292,0(521.94); 1(577.72); 2(878.19); 3(325.38); 4(706.67); 5(266.07); 6(598.18); 7(322.91); 8(105.04); 9(841.49); 10(172.16); 11(473.09); 12(215.8); 13(934.95); 14(66.31); 15(917.49); 16(863.89); 17(452.19); 18(705.1); 19(753.71); 20(404.04); 21(666.75); 22(558.07); 23(927.5); 24(467.62); 25(336.16); 26(383.38); 27(78.02); 28(688.62); 29(181.68); 30(761.13); 31(788.82); 32(988.95); 33(507.35); 34(101.37); 35(180.73); 36(929.83); 37(430.13); 38(521.01); 39(59.35); 40(149.49); 41(798.08); 42(946.76); 43(848.87); 44(643.68); 45(812.0); 46(508.74); 47(320.1); 48(634.1); 49(932.44); 50(734.02); 51(841.7); 52(808.21); 53(151.39); 54(260.38); 55(799.47); 56(871.19); 57(199.13); 58(732.33); 59(169.64); 60(754.52); 61(838.06); 62(514.31); 63(719.14); 64(195.16); 65(527.98); 66(55.49); 67(478.91); 68(372.14); 69(278.72); 70(808.35); 71(310.84); 72(439.32); 73(525.1); 74(173.81); 75(906.33); 76(419.14); 77(447.66); 78(301.91); 79(934.03); 80(441.74); 81(568.35); 82(457.67); 83(309.9); 84(779.25); 85(31.55); 86(751.18); 87(156.95); 88(818.95); 89(958.84); 90(950.55); 91(33.17); 92(294.99); 93(514.89); 94(145.43); 95(933.57); 96(539.79); 97(138.5); 98(796.77); 99(409.64); 100(682.92); 101(263.15); 102(177.36); 103(45.38); 104(725.43); 105(650.97); 106(7.18); 107(194.04); 108(3.54); 109(910.07); 110(40.97); 111(444.18); 112(928.28); 113(928.94); 114(968.9); 115(76.7); 116(87.68); 117(268.15); 118(572.84); 119(264.62); 120(874.01); 121(32.52); 122(600.75); 123(17.42); 124(747.95); 125(636.14); 126(768.58); 127(767.61); 128(544.52); 129(609.61); 130(569.7); 131(365.95); 132(305.09); 133(989.99); 134(645.1); 135(945.28); 136(459.01); 137(129.49); 138(575.6); 139(102.29); 140(617.4); 141(894.85); 142(382.86); 143(840.27); 144(669.34); 145(277.08); 146(558.31); 147(321.95); 148(837.83); 149(773.93); 150(97.32); 151(766.25); 152(992.88); 153(113.6); 154(930.88); 155(556.88); 156(890.55); 157(928.13); 158(815.64); 159(857.45); 160(929.3); 161(713.12); 162(49.67); 163(697.65); 164(403.03); 165(15.38); 166(74.72); 167(94.84); 168(331.58); 169(140.28); 170(74.92); 171(839.36); 172(891.19); 173(919.22); 174(925.53); 175(95.36); 176(599.03); 177(917.09); 178(337.71); 179(558.18); 180(931.49); 181(4.55); 182(450.13); 183(778.79); 184(186.62); 185(343.71); 186(917.05); 187(937.99); 188(701.57); 189(87.89); 190(128.54); 191(814.91); 192(30.89); 193(75.02); 194(922.21); 195(283.49); 196(234.84); 197(371.95); 198(212.11); 199(241.63); 200(669.09); 201(430.27); 202(811.33); 203(812.48); 204(863.81); 205(880.83); 206(794.32); 207(667.14); 208(383.93); 209(911.28); 210(55.94); 211(610.08); 212(115.52); 213(82.83); 214(613.22); 215(122.58); 216(121.67); 217(571.47); 218(399.67); 219(263.7); 220(13.9); 221(414.79); 222(54.79); 223(11.21); 224(715.05); 225(349.83); 226(260.8); 227(806.11); 228(980.59); 229(65.81); 230(816.68); 231(404.41); 232(146.59); 233(154.12); 234(2.89); 235(622.65); 236(167.79); 237(521.64); 238(863.03); 239(771.37); 240(69.32); 241(292.67); 242(96.82); 243(423.49); 244(946.47); 245(534.8); 246(680.18); 247(728.25); 248(498.6); 249(306.96); 250(894.65); 251(974.91); 252(737.1); 253(979.2); 254(480.47); 255(795.18); 256(921.21); 257(712.25); 258(606.59); 259(462.27); 260(293.55); 261(592.72); 262(711.7); 263(58.2); 264(706.02); 265(608.89); 266(106.54); 267(277.29); 268(356.03); 269(156.59); 270(264.22); 271(591.1); 272(970.19); 273(637.57); 274(990.48); 275(551.77); 276(362.97); 277(558.5); 278(189.43); 279(280.48); 280(827.97); 281(969.01); 282(563.65); 283(673.56); 284(655.55); 285(973.24); 286(854.61); 287(204.56); 288(522.54); 289(651.57); 290(523.2); 291(470.66); 293(10.62); 294(428.91); 295(910.55); 296(798.72); 297(16.1); 298(569.01); 299(959.89); 300(537.01); 301(128.32); 302(316.58); 303(789.05); 304(35.9); 305(402.67); 306(314.8); 307(236.77); 308(781.42); 309(592.07); 310(128.03); 311(907.6); 312(909.28); 313(741.65); 314(896.31); 315(177.86); 316(97.61); 317(697.88); 318(989.98); 319(719.71); 320(577.94); 321(247.21); 322(597.91); 323(528.81); 324(911.51); 325(792.38); 326(813.67); 327(463.32); 328(636.56); 329(614.37); 330(310.1); 331(296.18); 332(16.39); 333(412.13); 334(888.75); 335(753.33); 336(789.38); 337(683.96); 338(425.52); 339(532.31); 340(352.68); 341(47.83); 342(574.1); 343(623.76); 344(531.67); 345(408.96); 346(695.91); 347(157.35); 348(901.35); 349(152.88); 350(74.97); 351(465.66); 352(830.85); 353(448.02); 354(763.64); 355(630.84); 356(117.53); 357(737.73); 358(255.49); 359(238.99); 360(846.02); 361(870.86); 362(298.26); 363(346.08); 364(461.31); 365(868.13); 366(917.78); 367(126.38); 368(725.37); 369(547.37); 370(913.99); 371(825.07); 372(391.49); 373(315.77); 374(70.14); 375(335.46); 376(935.99); 377(570.91); 378(21.85); 379(481.43); 380(600.52); 381(426.59); 382(426.98); 383(449.36); 384(134.11); 385(729.68); 386(50.87); 387(571.88); 388(101.92); 389(122.33); 390(619.21); 391(579.04); 392(963.11); 393(300.54); 394(961.8); 395(360.1); 396(195.6); 397(237.25); 398(364.14); 399(141.44); 400(817.64); 401(26.77); 402(562.15); 403(899.27); 404(667.84); 405(695.09); 406(55.3); 407(134.48); 408(731.51); 409(811.32); 410(920.16); 411(36.98); 412(750.93); 413(506.5); 414(827.49); 415(22.07); 416(664.57); 417(315.1); 418(992.51); 419(472.79); 420(805.92); 421(883.32); 422(858.02); 423(334.69); 424(888.09); 425(465.99); 426(362.37); 427(22.97); 428(370.25); 429(794.2); 430(559.61); 431(613.2); 432(29.66); 433(848.1); 434(961.39); 435(976.98); 436(929.74); 437(857.09); 438(211.89); 439(555.83); 440(149.11); 441(723.84); 442(523.51); 443(671.24); 444(312.18); 445(107.11); 446(627.91); 447(937.51); 448(446.84); 449(729.54); 450(728.58); 451(672.97); 452(434.47); 453(744.57); 454(348.88); 455(442.74); 456(253.65); 457(201.33); 458(104.87); 459(447.5); 460(198.01); 461(857.11); 462(415.98); 463(112.74); 464(578.11); 465(391.49); 466(648.95); 467(800.52); 468(2.03); 469(697.97); 470(744.78); 471(167.98); 472(229.18); 473(695.4); 474(238.59); 475(853.25); 476(525.9); 477(981.64); 478(373.7); 479(997.7); 480(671.76); 481(731.62); 482(617.89); 483(647.06); 484(978.45); 485(73.3); 486(503.6); 487(228.95); 488(66.22); 489(701.18); 490(127.1); 491(96.76); 492(135.7); 493(649.53); 494(309.91); 495(336.95); 496(445.34); 497(846.75); 498(645.23); 499(626.07),1
293,0(13.11); 1(71.38); 2(37.21); 3(174.58); 4(581.38); 5(996.64); 6(850.85); 7(518.31); 8(131.68); 9(452.39); 10(866.28); 11(233.77); 12(87.11); 13(897.41); 14(449.09); 15(924.91); 16(473.11); 17(547.41); 18(607.71); 19(60.48); 20(483.29); 21(494.19); 22(434.1); 23(180.59); 24(165.35); 25(873.6); 26(978.45); 27(784.16); 28(891.01); 29(474.8); 30(862.86); 31(600.88); 32(985.83); 33(779.24); 34(429.12); 35(146.63); 36(367.31); 37(603.11); 38(356.87); 39(546.71); 40(209.68); 41(739.45); 42(810.64); 43(180.28); 44(57.08); 45(903.68); 46(490.9); 47(224.13); 48(891.31); 49(25.71); 50(834.95); 51(975.82); 52(684.28); 53(935.17); 54(270.76); 55(826.59); 56(968.74); 57(476.43); 58(3.12); 59(857.43); 60(448.07); 61(214.62); 62(65.87); 63(182.15); 64(250.04); 65(101.53); 66(279.99); 67(244.41); 68(112.69); 69(747.05); 70(672.45); 71(705.75); 72(647.27); 73(299.97); 74(118.52); 75(313.55); 76(318.61); 77(470.65); 78(314.49); 79(572.19); 80(350.71); 81(742.4); 82(456.86); 83(167.81); 84(440.49); 85(975.55); 86(214.38); 87(481.7); 88(725.82); 89(9.11); 90(590.09); 91(973.81); 92(325.12); 93(442.25); 94(737.76); 95(294.38); 96(717.35); 97(248.96); 98(82.58); 99(310.72); 100(259.91); 101(904.96); 102(957.1); 103(647.89); 104(468.77); 105(633.03); 106(20.97); 107(633.98); 108(760.04); 109(269.96); 110(507.94); 111(758.41); 112(638.15); 113(10.2); 114(55.72); 115(706.6); 116(24.9); 117(838.46); 118(559.14); 119(734.69); 120(540.87); 121(28.64); 122(430.84); 123(223.29); 124(976.59); 125(558.63); 126(875.75); 127(573.67); 128(874.96); 129(707.06); 130(899.75); 131(12.14); 132(372.52); 133(939.6); 134(919.11); 135(349.11); 136(172.34); 137(618.01); 138(535.78); 139(485.55); 140(436.44); 141(722.84); 142(439.37); 143(390.29); 144(700.78); 145(683.25); 146(673.8); 147(923.65); 148(447.93); 149(856.27); 150(575.79); 151(93.06); 152(803.01); 153(511.31); 154(807.82); 155(494.66); 156(417.4); 157(981.65); 158(623.25); 159(291.08); 160(562.34); 161(17.52); 162(641.34); 163(225.7); 164(926.23); 165(963.7); 166(343.73); 167(713.14); 168(499.07); 169(374.13); 170(631.75); 171(890.28); 172(759.23); 173(675.85); 174(880.51); 175(767.61); 176(295.65); 177(344.65); 178(535.65); 179(361.91); 180(730.34); 181(971.56); 182(76.77); 183(408.42); 184(378.36); 185(903.6); 186(204.78); 187(38.51); 188(42.59); 189(188.96); 190(616.01); 191(466.3); 192(77.87); 193(525.06); 194(175.22); 195(225.5); 196(696.34); 197(250.08); 198(988.67); 199(152.23); 200(695.36); 201(494.18); 202(335.21); 203(379.24); 204(391.93); 205(963.13); 206(27.27); 207(954.07); 208(927.92); 209(780.04); 210(866.54); 211(299.13); 212(445.39); 213(486.62); 214(354.17); 215(797.54); 216(906.21); 217(443.28); 218(292.89); 219(48.05); 220(688.93); 221(901.78); 222(828.77); 223(571.96); 224(593.23); 225(537.42); 226(323.74); 227(174.95); 228(598.48); 229(846.18); 230(235.96); 231(359.92); 232(814.22); 233(519.48); 234(703.59); 235(278.77); 236(439.17); 237(993.36); 238(537.41); 239(22.68); 240(297.02); 241(952.82); 242(257.04); 243(738.14); 244(839.93); 245(179.77); 246(123.12); 247(375.84); 248(798.7); 249(894.56); 250(55.96); 251(374.08); 252(368.23); 253(535.78); 254(399.62); 255(879.98); 256(42.83); 257(279.83); 258(268.86); 259(40.97); 260(486.36); 261(999.12); 262(915.0); 263(396.02); 264(33.37); 265(701.66); 266(999.77); 267(205.86); 268(135.94); 269(847.18); 270(376.26); 271(73.45); 272(594.12); 273(767.72); 274(338.09); 275(270.65); 276(452.11); 277(979.77); 278(219.97); 279(683.99); 280(385.28); 281(678.78); 282(53.08); 283(725.0); 284(752.66); 285(70.45); 286(12.75); 287(917.83); 288(549.13); 289(332.91); 290(422.22); 291(234.89); 292(10.62); 294(890.54); 295(216.19); 296(193.09); 297(579.8); 298(303.5); 299(190.39); 300(808.06); 301(381.19); 302(574.77); 303(991.38); 304(242.61); 305(194.08); 306(441.03); 307(18.27); 308(401.1); 309(250.65); 310(998.77); 311(344.3); 312(558.22); 313(142.72); 314(706.56); 315(358.3); 316(322.42); 317(569.27); 318(571.71); 319(427.48); 320(226.46); 321(405.8); 322(467.32); 323(263.07); 324(46.36); 325(290.76); 326(874.52); 327(378.3); 328(365.93); 329(168.68); 330(268.6); 331(623.48); 332(700.51); 333(465.19); 334(643.41); 335(534.87); 336(946.79); 337(156.87); 338(96.06); 339(150.77); 340(414.99); 341(715.71); 342(667.51); 343(630.97); 344(320.66); 345(893.72); 346(956.19); 347(366.23); 348(95.95); 349(576.26); 350(973.79); 351(238.23); 352(142.53); 353(584.7); 354(983.44); 355(280.45); 356(160.39); 357(37.02); 358(352.21); 359(54.41); 360(274.18); 361(823.68); 362(83.15); 363(872.05); 364(345.45); 365(53.58); 366(428.25); 367(701.32); 368(371.25); 369(367.51); 370(868.94); 371(271.15); 372(590.65); 373(733.23); 374(779.78); 375(399.51); 376(579.26); 377(229.28); 378(675.86); 379(296.8); 380(878.11); 381(466.3); 382(820.47); 383(663.41); 384(161.33); 385(88.54); 386(912.95); 387(905.34); 388(340.84); 389(386.07); 390(290.58); 391(597.19); 392(712.14); 393(918.19); 394(654.23); 395(621.68); 396(103.73); 397(227.99); 398(935.9); 399(508.18); 400(684.89); 401(1.77); 402(513.96); 403(601.81); 404(792.43); 405(331.22); 406(922.0); 407(36.25); 408(115.13); 409(956.56); 410(623.4); 411(631.97); 412(882.29); 413(518.44); 414(673.43); 415(824.34); 416(840.37); 417(484.94); 418(846.33); 419(438.16); 420(190.56); 421(245.53); 422(714.31); 423(96.37); 424(733.54); 425(536.27); 426(466.7); 427(764.48); 428(25.24); 429(906.47); 430(742.62); 431(626.29); 432(702.26); 433(436.76); 434(847.53); 435(505.88); 436(924.43); 437(240.21); 438(90.96); 439(301.64); 440(11.91); 441(548.88); 442(738.14); 443(621.2); 444(444.56); 445(401.35); 446(453.4); 447(659.1); 448(344.06); 449(819.8); 450(172.09); 451(255.22); 452(732.68); 453(51.28); 454(631.69); 455(601.29); 456(281.01); 457(103.45); 458(249.03); 459(253.63); 460(104.0); 461(636.3); 462(907.86); 463(901.41); 464(157.62); 465(317.35); 466(33.27); 467(511.53); 468(336.24); 469(15.55); 470(840.19); 471(582.05); 472(747.06); 473(817.02); 474(95.39); 475(515.4); 476(852.92); 477(424.83); 478(814.38); 479(417.23); 480(481.29); 481(81.71); 482(376.89); 483(142.43); 484(301.33); 485(34.02); 486(715.92); 487(781.03); 488(451.63); 489(475.92); 490(60.06); 491(889.44); 492(695.78); 493(544.07); 494(244.01); 495(736.03); 496(632.08); 497(228.64); 498(621.48); 499(581.95),1
294,0(129.94); 1(789.74); 2(151.7); 3(133.47); 4(309.81); 5(744.45); 6(682.96); 7(25.66); 8(428.28); 9(44.99); 10(921.53); 11(239.0); 12(689.92); 13(925.16); 14(344.68); 15(657.62); 16(918.12); 17(489.96); 18(21.38); 19(712.79); 20(237.13); 21(928.04); 22(873.76); 23(976.83); 24(927.44); 25(346.23); 26(844.77); 27(947.38); 28(868.96); 29(185.18); 30(566.92); 31(506.61); 32(489.12); 33(933.68); 34(882.36); 35(737.61); 36(219.15); 37(988.49); 38(34.81); 39(748.28); 40(274.94); 41(670.72); 42(458.0); 43(889.71); 44(289.2); 45(776.78); 46(184.13); 47(19.05); 48(732.0); 49(764.09); 50(451.15); 51(799.91); 52(556.62); 53(126.02); 54(238.76); 55(277.89); 56(605.1); 57(580.27); 58(191.63); 59(328.03); 60(846.12); 61(338.62); 62(327.34); 63(655.85); 64(389.76); 65(710.19); 66(600.49); 67(935.4); 68(657.83); 69(976.59); 70(973.12); 71(528.38); 72(133.18); 73(841.08); 74(718.42); 75(880.54); 76(161.59); 77(14.45); 78(463.18); 79(64.77); 80(81.31); 81(224.29); 82(807.7); 83(751.08); 84(545.76); 85(292.56); 86(655.29); 87(512.28); 88(263.92); 89(309.64); 90(93.52); 91(392.67); 92(46.7); 93(937.55); 94(949.76); 95(748.65); 96(910.45); 97(0.24); 98(126.7); 99(21.84); 100(122.69); 101(74.84); 102(277.34); 103(656.62); 104(409.86); 105(396.99); 106(575.11); 107(927.72); 108(108.78); 109(49.68); 110(209.47); 111(854.93); 112(58.58); 113(153.08); 114(357.93); 115(308.87); 116(780.19); 117(474.16); 118(499.29); 119(738.84); 120(429.33); 121(338.97); 122(935.46); 123(822.85); 124(398.02); 125(179.79); 126(530.32); 127(303.3); 128(334.35); 129(431.49); 130(10.62); 131(100.61); 132(557.01); 133(848.87); 134(113.64); 135(392.52); 136(471.35); 137(628.46); 138(728.83); 139(667.84); 140(413.76); 141(738.81); 142(719.75); 143(682.07); 144(991.19); 145(411.82); 146(697.58); 147(293.35); 148(254.52); 149(240.05); 150(176.63); 151(271.03); 152(830.48); 153(138.68); 154(939.7); 155(807.92); 156(539.87); 157(689.69); 158(51.39); 159(811.53); 160(533.72); 161(107.5); 162(400.96); 163(219.88); 164(267.89); 165(868.71); 166(989.92); 167(895.86); 168(200.98); 169(138.15); 170(983.98); 171(711.51); 172(749.82); 173(216.63); 174(836.33); 175(710.56); 176(471.09); 177(140.07); 178(441.18); 179(120.94); 180(634.21); 181(471.13); 182(721.4); 183(101.88); 184(424.11); 185(234.82); 186(568.53); 187(640.14); 188(628.43); 189(900.24); 190(313.67); 191(330.07); 192(702.42); 193(775.94); 194(254.25); 195(430.25); 196(35.44); 197(37.5); 198(48.03); 199(985.96); 200(381.08); 201(197.13); 202(355.39); 203(822.3); 204(360.13); 205(400.92); 206(588.94); 207(375.6); 208(955.78); 209(718.82); 210(309.06); 211(331.76); 212(427.92); 213(327.65); 214(167.03); 215(34.73); 216(77.97); 217(625.77); 218(572.48); 219(919.3); 220(14.54); 221(10.21); 222(176.64); 223(188.61); 224(381.81); 225(645.19); 226(19.69); 227(35.94); 228(551.93); 229(346.38); 230(167.33); 231(907.24); 232(800.84); 233(298.04); 234(958.41); 235(987.46); 236(311.62); 237(480.32); 238(301.02); 239(558.44); 240(103.74); 241(92.7); 242(516.94); 243(481.46); 244(516.92); 245(598.91); 246(906.32); 247(130.08); 248(53.0); 249(482.55); 250(742.4); 251(96.52); 252(337.78); 253(896.12); 254(189.4); 255(595.97); 256(412.8); 257(241.37); 258(403.48); 259(107.3); 260(146.34); 261(502.0); 262(890.82); 263(93.3); 264(750.5); 265(350.82); 266(754.37); 267(5.62); 268(558.37); 269(974.09); 270(387.93); 271(309.81); 272(767.04); 273(659.53); 274(868.88); 275(162.83); 276(780.04); 277(305.9); 278(84.79); 279(685.68); 280(322.94); 281(341.72); 282(877.71); 283(184.55); 284(542.63); 285(7.69); 286(74.01); 287(719.56); 288(267.3); 289(675.6); 290(459.11); 291(737.29); 292(428.91); 293(890.54); 295(109.34); 296(393.84); 297(45.24); 298(750.56); 299(584.3); 300(467.84); 301(176.99); 302(792.53); 303(774.83); 304(375.48); 305(418.03); 306(468.85); 307(626.71); 308(81.6); 309(290.99); 310(436.33); 311(866.27); 312(405.77); 313(824.96); 314(681.18); 315(558.18); 316(788.84); 317(487.6); 318(432.9); 319(275.82); 320(180.6); 321(32.5); 322(207.14); 323(155.23); 324(785.27); 325(519.24); 326(257.63); 327(56.75); 328(252.96); 329(851.63); 330(196.56); 331(566.42); 332(820.93); 333(594.76); 334(819.49); 335(976.65); 336(968.19); 337(701.13); 338(937.67); 339(582.1); 340(193.45); 341(101.17); 342(103.05); 343(515.04); 344(1.48); 345(370.42); 346(780.49); 347(167.75); 348(473.3); 349(348.19); 350(908.28); 351(845.24); 352(782.52); 353(956.84); 354(404.72); 355(536.75); 356(875.3); 357(768.17); 358(239.33); 359(546.36); 360(577.45); 361(259.39); 362(18.01); 363(101.57); 364(288.82); 365(774.87); 366(865.63); 367(805.6); 368(882.09); 369(138.16); 370(285.54); 371(740.24); 372(633.76); 373(867.99); 374(533.31); 375(898.0); 376(574.74); 377(735.02); 378(511.35); 379(95.8); 380(488.05); 381(163.38); 382(352.62); 383(331.34); 384(422.82); 385(644.31); 386(163.79); 387(618.24); 388(354.59); 389(885.23); 390(640.2); 391(176.49); 392(29.4); 393(586.03); 394(273.1); 395(688.07); 396(7.2); 397(778.18); 398(845.26); 399(240.0); 400(657.11); 401(129.11); 402(947.69); 403(690.39); 404(285.36); 405(948.89); 406(156.5); 407(735.33); 408(49.15); 409(823.45); 410(259.72); 411(722.69); 412(96.69); 413(997.44); 414(16.46); 415(799.29); 416(191.36); 417(116.48); 418(578.93); 419(571.82); 420(590.18); 421(215.4); 422(492.3); 423(456.5); 424(481.19); 425(272.52); 426(389.24); 427(813.94); 428(377.94); 429(978.49); 430(139.36); 431(801.4); 432(353.1); 433(575.86); 434(98.72); 435(95.68); 436(722.64); 437(137.99); 438(691.79); 439(851.7); 440(462.97); 441(275.33); 442(917.87); 443(729.15); 444(225.14); 445(3.7); 446(187.8); 447(692.02); 448(233.96); 449(732.8); 450(744.79); 451(821.96); 452(94.22); 453(417.73); 454(607.67); 455(525.78); 456(206.21); 457(734.64); 458(176.36); 459(713.19); 460(896.51); 461(272.63); 462(133.07); 463(702.89); 464(518.14); 465(601.11); 466(47.04); 467(821.14); 468(625.36); 469(255.73); 470(677.02); 471(22.42); 472(379.47); 473(473.93); 474(847.9); 475(421.14); 476(355.63); 477(403.67); 478(542.83); 479(124.84); 480(597.4); 481(835.36); 482(532.69); 483(222.9); 484(551.6); 485(397.0); 486(748.17); 487(53.59); 488(34.42); 489(873.98); 490(350.75); 491(193.09); 492(992.64); 493(380.3); 494(792.82); 495(541.57); 496(519.0); 497(886.79); 498(20.77); 499(884.1),1
295,0(140.67); 1(290.58); 2(363.68); 3(537.51); 4(21.87); 5(442.46); 6(980.47); 7(601.19); 8(709.47); 9(865.22); 10(708.79); 11(397.9); 12(650.53); 13(260.06); 14(764.65); 15(511.68); 16(417.0); 17(676.0); 18(631.13); 19(7.71); 20(628.46); 21(366.52); 22(799.36); 23(919.93); 24(857.82); 25(379.85); 26(61.22); 27(62.19); 28(752.68); 29(235.97); 30(461.18); 31(140.81); 32(627.72); 33(573.28); 34(486.89); 35(348.95); 36(129.8); 37(28.98); 38(433.14); 39(696.06); 40(736.45); 41(452.98); 42(701.81); 43(950.03); 44(756.71); 45(632.37); 46(681.41); 47(657.04); 48(960.75); 49(481.57); 50(504.28); 51(255.82); 52(409.15); 53(672.09); 54(878.75); 55(817.42); 56(299.1); 57(240.94); 58(707.1); 59(446.22); 60(455.08); 61(735.35); 62(282.82); 63(15.7); 64(624.22); 65(473.64); 66(347.75); 67(864.17); 68(11.09); 69(458.06); 70(279.58); 71(719.86); 72(517.46); 73(541.54); 74(32.29); 75(366.77); 76(336.83); 77(239.16); 78(233.75); 79(265.6); 80(254.04); 81(200.08); 82(328.14); 83(4.5); 84(82.82); 85(866.81); 86(223.76); 87(316.06); 88(240.23); 89(753.2); 90(893.45); 91(656.77); 92(536.56); 93(406.08); 94(155.55); 95(24.0); 96(358.89); 97(928.96); 98(186.44); 99(973.6); 100(225.28); 101(218.29); 102(496.98); 103(377.55); 104(236.31); 105(737.4); 106(493.17); 107(359.86); 108(281.72); 109(993.85); 110(9.57); 111(485.66); 112(71.14); 113(126.12); 114(155.46); 115(331.83); 116(645.27); 117(292.96); 118(81.21); 119(216.24); 120(593.17); 121(841.37); 122(701.76); 123(615.2); 124(666.68); 125(279.52); 126(419.42); 127(689.14); 128(866.84); 129(937.21); 130(737.33); 131(885.65); 132(214.26); 133(303.44); 134(212.86); 135(454.42); 136(824.57); 137(726.44); 138(293.77); 139(449.64); 140(328.88); 141(382.61); 142(154.86); 143(362.99); 144(540.39); 145(130.32); 146(682.17); 147(807.83); 148(76.49); 149(898.19); 150(352.24); 151(318.33); 152(3.66); 153(793.5); 154(978.07); 155(816.6); 156(48.5); 157(691.51); 158(493.1); 159(190.18); 160(885.87); 161(994.33); 162(728.6); 163(377.89); 164(961.19); 165(920.23); 166(736.37); 167(512.44); 168(344.86); 169(120.24); 170(987.45); 171(240.11); 172(145.57); 173(34.76); 174(245.44); 175(753.22); 176(11.1); 177(396.93); 178(631.15); 179(1.38); 180(688.48); 181(634.93); 182(610.45); 183(701.74); 184(147.96); 185(888.97); 186(944.5); 187(296.55); 188(377.94); 189(989.59); 190(846.18); 191(303.06); 192(303.55); 193(752.03); 194(128.3); 195(795.09); 196(731.63); 197(33.34); 198(652.92); 199(923.55); 200(369.87); 201(902.24); 202(590.91); 203(389.32); 204(405.78); 205(899.85); 206(674.95); 207(839.85); 208(31.88); 209(106.08); 210(531.07); 211(23.75); 212(705.7); 213(927.7); 214(822.38); 215(845.19); 216(965.97); 217(896.01); 218(894.88); 219(660.74); 220(987.73); 221(479.22); 222(309.48); 223(939.87); 224(216.73); 225(458.86); 226(205.07); 227(68.46); 228(981.61); 229(318.36); 230(482.0); 231(488.09); 232(104.68); 233(985.03); 234(533.63); 235(548.12); 236(844.14); 237(379.87); 238(107.63); 239(791.99); 240(992.16); 241(594.13); 242(204.22); 243(278.45); 244(235.51); 245(499.23); 246(726.01); 247(990.18); 248(447.79); 249(765.7); 250(999.63); 251(674.69); 252(753.09); 253(732.35); 254(287.33); 255(103.41); 256(531.62); 257(429.81); 258(771.84); 259(668.17); 260(709.18); 261(662.18); 262(952.98); 263(527.09); 264(415.04); 265(337.85); 266(422.27); 267(730.76); 268(383.29); 269(6.84); 270(943.73); 271(919.86); 272(353.17); 273(849.24); 274(583.95); 275(685.92); 276(825.23); 277(582.41); 278(375.89); 279(975.73); 280(519.58); 281(638.68); 282(230.39); 283(749.08); 284(827.69); 285(213.08); 286(882.96); 287(51.21); 288(743.9); 289(762.73); 290(494.32); 291(22.66); 292(910.55); 293(216.19); 294(109.34); 296(26.24); 297(589.91); 298(646.17); 299(974.26); 300(904.03); 301(560.23); 302(47.9); 303(454.34); 304(332.79); 305(778.38); 306(570.71); 307(784.4); 308(365.23); 309(115.2); 310(357.31); 311(719.73); 312(671.71); 313(550.89); 314(993.0); 315(249.78); 316(403.88); 317(459.39); 318(431.61); 319(703.25); 320(158.43); 321(862.98); 322(178.87); 323(395.28); 324(50.62); 325(892.56); 326(241.0); 327(41.15); 328(656.73); 329(658.0); 330(973.18); 331(522.14); 332(8.26); 333(65.25); 334(355.64); 335(583.78); 336(929.09); 337(131.11); 338(713.87); 339(992.91); 340(512.06); 341(303.16); 342(29.52); 343(444.13); 344(719.88); 345(995.35); 346(197.15); 347(957.49); 348(430.45); 349(147.28); 350(616.62); 351(39.18); 352(115.23); 353(177.37); 354(678.26); 355(863.37); 356(458.96); 357(253.31); 358(106.91); 359(651.15); 360(919.75); 361(904.52); 362(927.2); 363(332.69); 364(896.75); 365(108.07); 366(526.21); 367(824.02); 368(864.01); 369(320.63); 370(872.78); 371(385.82); 372(860.75); 373(154.52); 374(325.2); 375(694.15); 376(104.77); 377(490.85); 378(244.25); 379(623.75); 380(727.39); 381(429.3); 382(183.29); 383(392.15); 384(843.82); 385(700.32); 386(355.83); 387(127.91); 388(129.69); 389(692.73); 390(652.01); 391(167.57); 392(774.82); 393(431.07); 394(629.84); 395(536.33); 396(992.13); 397(168.63); 398(74.0); 399(100.7); 400(906.49); 401(897.58); 402(845.8); 403(946.42); 404(267.97); 405(508.3); 406(404.28); 407(876.36); 408(646.54); 409(869.75); 410(708.57); 411(113.44); 412(316.9); 413(991.03); 414(183.09); 415(776.91); 416(847.46); 417(793.83); 418(74.28); 419(750.35); 420(454.14); 421(977.92); 422(427.01); 423(668.12); 424(530.41); 425(828.85); 426(581.85); 427(930.63); 428(595.15); 429(768.65); 430(790.06); 431(140.39); 432(961.07); 433(636.91); 434(806.77); 435(421.32); 436(483.24); 437(665.45); 438(146.38); 439(702.65); 440(847.95); 441(809.45); 442(392.41); 443(245.54); 444(900.28); 445(95.86); 446(307.82); 447(38.16); 448(883.9); 449(293.99); 450(500.37); 451(578.94); 452(599.6); 453(924.56); 454(853.78); 455(153.07); 456(62.78); 457(56.29); 458(257.02); 459(942.28); 460(779.4); 461(9.36); 462(554.69); 463(917.57); 464(962.3); 465(694.68); 466(129.15); 467(556.7); 468(17.32); 469(17.96); 470(358.37); 471(738.97); 472(236.78); 473(672.01); 474(696.68); 475(276.56); 476(153.09); 477(166.57); 478(477.62); 479(319.42); 480(779.52); 481(623.92); 482(756.97); 483(387.61); 484(15.95); 485(960.16); 486(862.75); 487(518.63); 488(248.7); 489(831.09); 490(874.95); 491(559.04); 492(576.48); 493(898.34); 494(348.6); 495(871.92); 496(866.61); 497(810.13); 498(817.1); 499(50.72),1
296,0(71.87); 1(692.41); 2(39.79); 3(217.17); 4(342.41); 5(533.0); 6(211.3); 7(13.34); 8(75.66); 9(333.96); 10(593.84); 11(38.83); 12(60.4); 13(811.6); 14(265.27); 15(952.74); 16(427.15); 17(414.75); 18(80.28); 19(566.99); 20(6.85); 21(826.96); 22(359.76); 23(840.5); 24(596.73); 25(399.99); 26(548.16); 27(472.24); 28(928.77); 29(154.1); 30(46.26); 31(394.19); 32(581.98); 33(261.4); 34(203.39); 35(10.5); 36(67.75); 37(414.98); 38(767.29); 39(17.12); 40(220.98); 41(105.41); 42(662.83); 43(136.4); 44(946.93); 45(955.91); 46(979.24); 47(307.7); 48(406.85); 49(443.05); 50(817.07); 51(43.84); 52(463.93); 53(324.66); 54(799.19); 55(831.24); 56(457.25); 57(931.44); 58(359.69); 59(823.91); 60(485.24); 61(931.2); 62(379.01); 63(480.64); 64(551.99); 65(58.57); 66(637.04); 67(379.36); 68(749.12); 69(480.19); 70(544.65); 71(363.91); 72(357.68); 73(461.18); 74(283.4); 75(958.74); 76(729.15); 77(668.26); 78(454.2); 79(386.05); 80(308.03); 81(213.65); 82(385.81); 83(607.13); 84(718.63); 85(140.1); 86(555.78); 87(862.23); 88(631.08); 89(928.17); 90(729.71); 91(767.71); 92(202.21); 93(824.09); 94(625.9); 95(615.55); 96(874.2); 97(617.74); 98(16.02); 99(298.98); 100(899.35); 101(676.7); 102(374.42); 103(565.16); 104(330.29); 105(669.41); 106(924.85); 107(606.14); 108(139.38); 109(879.98); 110(939.2); 111(879.8); 112(510.4); 113(338.82); 114(678.75); 115(982.43); 116(341.89); 117(414.5); 118(74.87); 119(455.77); 120(631.94); 121(370.52); 122(337.42); 123(881.72); 124(963.57); 125(555.13); 126(625.28); 127(121.11); 128(36.57); 129(911.2); 130(402.93); 131(46.49); 132(674.17); 133(3.79); 134(376.29); 135(592.89); 136(840.42); 137(855.98); 138(813.59); 139(253.33); 140(772.68); 141(563.06); 142(11.61); 143(306.36); 144(361.53); 145(257.53); 146(551.3); 147(979.15); 148(134.02); 149(298.77); 150(250.33); 151(94.35); 152(876.8); 153(138.39); 154(687.3); 155(86.3); 156(368.59); 157(297.16); 158(656.98); 159(659.68); 160(504.01); 161(960.13); 162(461.2); 163(135.82); 164(208.27); 165(706.27); 166(245.07); 167(260.23); 168(336.25); 169(967.83); 170(447.99); 171(703.84); 172(93.96); 173(636.86); 174(861.9); 175(86.42); 176(364.26); 177(212.31); 178(830.1); 179(184.52); 180(968.24); 181(955.41); 182(12.34); 183(453.34); 184(799.76); 185(448.71); 186(101.1); 187(936.19); 188(5.05); 189(442.82); 190(658.1); 191(846.55); 192(885.57); 193(418.47); 194(466.84); 195(303.0); 196(358.37); 197(990.87); 198(220.01); 199(731.3); 200(924.35); 201(698.07); 202(84.52); 203(240.8); 204(645.46); 205(255.3); 206(795.76); 207(739.47); 208(659.43); 209(241.42); 210(271.43); 211(896.17); 212(748.64); 213(670.49); 214(847.95); 215(558.16); 216(800.1); 217(212.31); 218(285.69); 219(779.18); 220(212.77); 221(773.38); 222(33.39); 223(731.8); 224(636.46); 225(430.48); 226(615.21); 227(847.09); 228(321.36); 229(71.92); 230(179.53); 231(352.35); 232(468.67); 233(899.47); 234(980.05); 235(221.78); 236(589.12); 237(129.62); 238(712.38); 239(263.38); 240(21.64); 241(505.99); 242(995.97); 243(548.61); 244(74.17); 245(994.64); 246(285.67); 247(383.88); 248(731.38); 249(199.01); 250(488.81); 251(964.57); 252(507.1); 253(138.81); 254(5.2); 255(81.51); 256(635.99); 257(627.31); 258(495.37); 259(768.05); 260(228.62); 261(156.57); 262(152.6); 263(997.25); 264(173.92); 265(264.07); 266(479.51); 267(330.05); 268(827.53); 269(245.95); 270(423.57); 271(99.22); 272(166.16); 273(808.52); 274(474.19); 275(138.34); 276(158.14); 277(830.24); 278(664.84); 279(247.23); 280(90.4); 281(17.93); 282(82.15); 283(660.77); 284(432.2); 285(26.05); 286(75.68); 287(825.67); 288(531.04); 289(477.27); 290(344.09); 291(414.14); 292(798.72); 293(193.09); 294(393.84); 295(26.24); 297(95.58); 298(309.79); 299(569.42); 300(497.28); 301(617.07); 302(55.21); 303(996.98); 304(432.69); 305(655.92); 306(582.67); 307(362.66); 308(792.71); 309(460.57); 310(574.06); 311(636.58); 312(946.72); 313(419.58); 314(926.74); 315(578.51); 316(502.43); 317(12.72); 318(515.7); 319(40.38); 320(287.98); 321(912.89); 322(814.66); 323(220.42); 324(809.14); 325(330.84); 326(268.34); 327(725.2); 328(575.28); 329(916.62); 330(912.44); 331(142.35); 332(239.38); 333(766.86); 334(530.68); 335(895.85); 336(596.33); 337(781.54); 338(933.46); 339(683.52); 340(89.16); 341(728.15); 342(138.28); 343(761.83); 344(699.47); 345(119.93); 346(613.83); 347(983.7); 348(440.3); 349(216.78); 350(986.67); 351(857.14); 352(633.5); 353(405.71); 354(482.45); 355(671.35); 356(299.32); 357(759.72); 358(846.84); 359(498.4); 360(499.57); 361(626.17); 362(445.49); 363(844.52); 364(230.94); 365(961.61); 366(231.88); 367(203.49); 368(279.89); 369(975.56); 370(692.15); 371(538.97); 372(609.25); 373(518.94); 374(326.21); 375(324.03); 376(909.16); 377(430.74); 378(779.07); 379(236.96); 380(75.59); 381(461.21); 382(42.49); 383(959.32); 384(66.24); 385(31.97); 386(659.71); 387(570.14); 388(993.52); 389(797.77); 390(413.15); 391(286.61); 392(255.72); 393(298.5); 394(328.54); 395(732.24); 396(741.74); 397(739.23); 398(848.76); 399(265.02); 400(469.14); 401(810.64); 402(426.84); 403(954.2); 404(196.01); 405(848.65); 406(362.78); 407(85.83); 408(734.49); 409(721.12); 410(699.8); 411(41.3); 412(892.84); 413(191.47); 414(239.73); 415(973.06); 416(771.7); 417(504.02); 418(541.0); 419(155.95); 420(334.47); 421(319.41); 422(251.32); 423(810.22); 424(772.57); 425(21.72); 426(4.61); 427(167.65); 428(777.87); 429(687.96); 430(679.16); 431(358.08); 432(608.77); 433(268.69); 434(974.33); 435(665.3); 436(730.31); 437(539.31); 438(694.7); 439(428.88); 440(692.81); 441(336.4); 442(115.53); 443(219.12); 444(326.29); 445(956.79); 446(505.05); 447(606.39); 448(551.14); 449(836.91); 450(451.65); 451(814.89); 452(20.06); 453(696.45); 454(493.08); 455(865.23); 456(152.61); 457(615.98); 458(681.81); 459(238.85); 460(891.09); 461(499.31); 462(405.15); 463(634.9); 464(328.52); 465(420.83); 466(894.33); 467(59.04); 468(361.81); 469(384.68); 470(728.73); 471(458.86); 472(361.26); 473(986.13); 474(426.48); 475(247.22); 476(217.79); 477(924.76); 478(164.48); 479(863.96); 480(580.87); 481(965.36); 482(947.96); 483(149.54); 484(570.1); 485(141.81); 486(559.59); 487(597.27); 488(512.11); 489(546.13); 490(551.71); 491(646.97); 492(350.27); 493(578.22); 494(284.27); 495(499.85); 496(917.71); 497(651.04); 498(521.39); 499(403.47),2
297,0(554.25); 1(451.9); 2(607.69); 3(980.55); 4(674.19); 5(742.68); 6(365.01); 7(581.48); 8(359.07); 9(212.77); 10(452.93); 11(819.59); 12(283.23); 13(674.69); 14(575.03); 15(751.89); 16(462.87); 17(54.38); 18(915.33); 19(562.9); 20(847.46); 21(708.8); 22(55.24); 23(764.58); 24(73.39); 25(730.48); 26(20.75); 27(497.94); 28(739.32); 29(150.76); 30(277.54); 31(408.11); 32(682.99); 33(188.4); 34(689.75); 35(675.83); 36(974.92); 37(449.61); 38(473.11); 39(439.61); 40(53.47); 41(704.89); 42(65.7); 43(419.09); 44(531.84); 45(781.34); 46(560.29); 47(991.07); 48(40.05); 49(919.11); 50(978.01); 51(324.84); 52(57.7); 53(836.28); 54(674.27); 55(351.69); 56(774.2); 57(326.23); 58(412.17); 59(67.44); 60(997.71); 61(918.92); 62(810.61); 63(623.57); 64(463.35); 65(324.58); 66(607.73); 67(832.87); 68(256.27); 69(433.03); 70(12.35); 71(941.11); 72(197.2); 73(693.58); 74(450.32); 75(810.73); 76(169.78); 77(528.84); 78(543.78); 79(487.26); 80(847.04); 81(776.56); 82(57.31); 83(828.27); 84(724.41); 85(426.82); 86(666.84); 87(101.9); 88(423.06); 89(357.65); 90(364.08); 91(514.03); 92(562.7); 93(268.81); 94(791.5); 95(734.39); 96(846.16); 97(636.6); 98(319.81); 99(406.93); 100(58.66); 101(422.6); 102(825.48); 103(272.98); 104(290.03); 105(124.85); 106(208.0); 107(495.27); 108(465.91); 109(855.04); 110(617.32); 111(647.81); 112(554.77); 113(74.17); 114(794.35); 115(79.34); 116(857.1); 117(624.4); 118(631.14); 119(604.6); 120(335.06); 121(926.75); 122(808.56); 123(69.78); 124(439.29); 125(170.01); 126(679.17); 127(131.34); 128(19.49); 129(546.36); 130(669.42); 131(730.76); 132(221.02); 133(425.69); 134(128.52); 135(765.23); 136(669.28); 137(401.25); 138(410.24); 139(261.74); 140(463.62); 141(342.03); 142(954.97); 143(12.94); 144(767.25); 145(469.06); 146(37.14); 147(702.42); 148(338.06); 149(353.9); 150(721.38); 151(552.95); 152(308.54); 153(293.28); 154(750.78); 155(609.72); 156(858.33); 157(811.64); 158(320.3); 159(742.96); 160(536.59); 161(106.01); 162(138.32); 163(411.47); 164(112.26); 165(795.56); 166(732.37); 167(267.28); 168(317.91); 169(545.37); 170(857.92); 171(991.56); 172(817.53); 173(120.69); 174(899.4); 175(472.63); 176(438.8); 177(214.82); 178(166.1); 179(932.13); 180(516.25); 181(683.38); 182(548.07); 183(799.22); 184(888.57); 185(54.13); 186(87.98); 187(764.19); 188(241.21); 189(586.89); 190(920.45); 191(53.41); 192(337.84); 193(602.49); 194(146.99); 195(859.87); 196(678.88); 197(614.9); 198(913.65); 199(845.56); 200(270.33); 201(888.7); 202(340.84); 203(713.51); 204(668.72); 205(434.34); 206(534.71); 207(903.58); 208(30.17); 209(808.85); 210(219.46); 211(22.02); 212(213.57); 213(166.36); 214(922.19); 215(956.87); 216(752.03); 217(144.44); 218(428.39); 219(395.26); 220(437.69); 221(964.51); 222(123.4); 223(893.45); 224(419.91); 225(132.45); 226(222.71); 227(265.41); 228(647.94); 229(612.26); 230(401.13); 231(669.61); 232(744.78); 233(720.42); 234(585.82); 235(578.14); 236(446.14); 237(451.56); 238(68.46); 239(724.21); 240(908.52); 241(158.54); 242(652.39); 243(557.79); 244(423.19); 245(319.77); 246(98.73); 247(202.88); 248(772.72); 249(642.43); 250(38.46); 251(129.7); 252(733.62); 253(414.15); 254(868.77); 255(266.98); 256(157.5); 257(372.69); 258(944.48); 259(274.74); 260(184.72); 261(607.7); 262(245.0); 263(611.16); 264(239.68); 265(748.14); 266(308.05); 267(82.74); 268(91.82); 269(363.29); 270(29.81); 271(447.54); 272(849.06); 273(6.11); 274(580.34); 275(345.05); 276(138.96); 277(110.21); 278(468.25); 279(815.62); 280(861.06); 281(377.92); 282(761.72); 283(172.2); 284(94.8); 285(30.2); 286(468.69); 287(144.25); 288(922.68); 289(21.07); 290(630.31); 291(441.27); 292(16.1); 293(579.8); 294(45.24); 295(589.91); 296(95.58); 298(832.27); 299(783.55); 300(755.16); 301(207.88); 302(857.16); 303(151.58); 304(462.73); 305(389.29); 306(305.16); 307(975.51); 308(582.72); 309(665.37); 310(399.81); 311(393.34); 312(53.97); 313(626.47); 314(784.23); 315(804.11); 316(346.44); 317(749.96); 318(776.5); 319(68.36); 320(861.22); 321(778.41); 322(717.45); 323(817.9); 324(804.52); 325(130.81); 326(27.79); 327(895.79); 328(703.05); 329(796.58); 330(726.48); 331(56.74); 332(847.69); 333(55.35); 334(800.87); 335(74.34); 336(24.26); 337(374.84); 338(265.93); 339(324.04); 340(966.21); 341(564.45); 342(326.46); 343(650.54); 344(730.64); 345(769.51); 346(664.57); 347(130.74); 348(346.58); 349(696.39); 350(5.75); 351(880.97); 352(97.52); 353(266.61); 354(199.56); 355(290.19); 356(967.75); 357(15.52); 358(641.92); 359(306.95); 360(702.49); 361(466.71); 362(270.42); 363(271.87); 364(718.14); 365(396.52); 366(597.52); 367(687.73); 368(800.17); 369(930.32); 370(93.87); 371(419.37); 372(128.68); 373(873.02); 374(864.1); 375(35.69); 376(56.46); 377(430.5); 378(615.31); 379(582.45); 380(230.89); 381(119.04); 382(629.16); 383(124.81); 384(301.03); 385(965.18); 386(241.68); 387(524.29); 388(305.03); 389(876.21); 390(376.34); 391(382.02); 392(151.68); 393(416.92); 394(855.21); 395(165.85); 396(205.14); 397(654.09); 398(811.29); 399(985.88); 400(632.63); 401(281.19); 402(831.18); 403(561.38); 404(359.59); 405(682.7); 406(655.76); 407(824.83); 408(222.76); 409(284.91); 410(419.99); 411(962.08); 412(965.92); 413(248.29); 414(687.65); 415(577.63); 416(524.15); 417(746.9); 418(740.74); 419(261.53); 420(263.19); 421(859.72); 422(75.27); 423(12.98); 424(693.8); 425(514.16); 426(934.4); 427(918.2); 428(226.26); 429(29.68); 430(819.82); 431(167.57); 432(1.81); 433(437.68); 434(247.16); 435(922.43); 436(878.04); 437(439.25); 438(166.89); 439(516.9); 440(571.45); 441(656.14); 442(425.1); 443(740.13); 444(749.18); 445(236.94); 446(211.44); 447(72.15); 448(767.0); 449(980.62); 450(551.38); 451(963.7); 452(473.05); 453(413.94); 454(727.65); 455(909.0); 456(811.42); 457(41.61); 458(460.24); 459(35.34); 460(491.39); 461(847.09); 462(806.57); 463(117.43); 464(84.4); 465(470.57); 466(62.98); 467(259.03); 468(225.1); 469(572.28); 470(74.15); 471(507.28); 472(407.31); 473(234.91); 474(305.29); 475(171.85); 476(778.78); 477(8.23); 478(55.33); 479(747.2); 480(896.48); 481(993.06); 482(805.83); 483(99.31); 484(878.17); 485(107.83); 486(102.86); 487(266.28); 488(557.44); 489(121.55); 490(186.71); 491(27.8); 492(953.34); 493(90.86); 494(360.01); 495(453.79); 496(259.84); 497(852.96); 498(204.74); 499(829.98),1
298,0(501.84); 1(724.8); 2(526.27); 3(396.32); 4(869.32); 5(905.84); 6(810.91); 7(66.69); 8(820.69); 9(766.53); 10(713.06); 11(181.6); 12(810.58); 13(685.99); 14(711.29); 15(859.67); 16(561.44); 17(961.45); 18(71.73); 19(564.36); 20(100.21); 21(10.73); 22(702.01); 23(285.5); 24(619.5); 25(811.62); 26(582.44); 27(83.14); 28(360.58); 29(911.82); 30(354.54); 31(986.71); 32(959.65); 33(750.6); 34(370.03); 35(775.55); 36(976.84); 37(353.39); 38(262.79); 39(70.06); 40(438.46); 41(931.51); 42(267.03); 43(158.68); 44(348.34); 45(534.94); 46(311.52); 47(376.43); 48(699.45); 49(953.4); 50(253.59); 51(371.16); 52(52.56); 53(218.12); 54(340.6); 55(166.93); 56(222.08); 57(332.36); 58(254.19); 59(322.44); 60(327.17); 61(815.64); 62(909.67); 63(351.1); 64(478.19); 65(705.45); 66(306.6); 67(70.91); 68(779.55); 69(819.99); 70(92.69); 71(344.72); 72(499.47); 73(553.33); 74(78.5); 75(724.77); 76(474.28); 77(605.28); 78(283.22); 79(0.73); 80(433.23); 81(415.91); 82(520.05); 83(697.74); 84(837.75); 85(84.65); 86(402.13); 87(253.93); 88(9.93); 89(232.71); 90(302.35); 91(370.33); 92(861.29); 93(684.56); 94(226.99); 95(267.4); 96(684.02); 97(933.37); 98(786.48); 99(302.29); 100(791.24); 101(174.79); 102(19.69); 103(182.35); 104(156.53); 105(67.69); 106(168.57); 107(3.82); 108(196.57); 109(112.6); 110(631.96); 111(501.09); 112(261.42); 113(870.99); 114(44.67); 115(904.79); 116(51.73); 117(319.99); 118(686.8); 119(898.7); 120(721.76); 121(968.96); 122(496.18); 123(187.91); 124(773.84); 125(30.96); 126(297.75); 127(122.28); 128(711.14); 129(742.52); 130(297.8); 131(729.2); 132(964.06); 133(138.56); 134(859.3); 135(184.74); 136(88.17); 137(327.68); 138(223.62); 139(223.03); 140(611.81); 141(523.97); 142(296.72); 143(898.55); 144(930.7); 145(578.21); 146(48.93); 147(431.65); 148(540.83); 149(792.42); 150(211.46); 151(541.91); 152(571.73); 153(357.83); 154(739.02); 155(454.68); 156(30.99); 157(192.61); 158(627.64); 159(392.43); 160(206.53); 161(427.62); 162(648.76); 163(428.36); 164(54.01); 165(697.01); 166(779.81); 167(413.26); 168(381.28); 169(80.65); 170(987.5); 171(374.29); 172(858.67); 173(924.84); 174(809.47); 175(395.68); 176(675.69); 177(250.74); 178(536.37); 179(455.14); 180(647.88); 181(604.02); 182(70.62); 183(897.82); 184(432.91); 185(150.38); 186(325.67); 187(539.36); 188(561.28); 189(972.76); 190(429.72); 191(295.18); 192(583.75); 193(201.53); 194(761.98); 195(331.45); 196(780.87); 197(348.6); 198(738.51); 199(365.25); 200(13.62); 201(447.94); 202(73.84); 203(450.18); 204(357.7); 205(385.42); 206(901.32); 207(9.05); 208(31.36); 209(849.83); 210(813.04); 211(609.66); 212(931.89); 213(615.95); 214(192.35); 215(972.09); 216(694.11); 217(268.07); 218(87.76); 219(628.42); 220(118.42); 221(482.8); 222(527.62); 223(390.9); 224(653.1); 225(470.94); 226(443.14); 227(926.74); 228(710.2); 229(656.12); 230(427.65); 231(760.81); 232(481.28); 233(8.57); 234(83.3); 235(820.87); 236(42.8); 237(975.17); 238(395.67); 239(144.25); 240(14.05); 241(622.68); 242(629.44); 243(93.04); 244(852.22); 245(681.2); 246(145.6); 247(599.91); 248(591.81); 249(841.51); 250(48.19); 251(968.45); 252(916.0); 253(917.43); 254(820.14); 255(210.41); 256(58.52); 257(957.22); 258(401.72); 259(286.35); 260(151.35); 261(531.04); 262(505.8); 263(821.59); 264(167.19); 265(160.33); 266(102.48); 267(472.87); 268(620.51); 269(623.27); 270(906.13); 271(300.8); 272(684.95); 273(720.39); 274(46.68); 275(94.24); 276(128.18); 277(388.39); 278(894.2); 279(135.47); 280(883.94); 281(389.34); 282(209.12); 283(234.57); 284(394.03); 285(534.06); 286(693.55); 287(243.3); 288(975.98); 289(622.77); 290(831.7); 291(127.28); 292(569.01); 293(303.5); 294(750.56); 295(646.17); 296(309.79); 297(832.27); 299(948.69); 300(294.17); 301(209.68); 302(989.09); 303(804.81); 304(291.69); 305(646.32); 306(453.21); 307(6.94); 308(810.53); 309(340.75); 310(802.8); 311(300.52); 312(571.23); 313(168.62); 314(659.52); 315(937.59); 316(324.19); 317(801.96); 318(577.61); 319(726.15); 320(861.67); 321(208.86); 322(515.0); 323(320.64); 324(101.24); 325(238.85); 326(613.47); 327(965.32); 328(649.1); 329(400.26); 330(29.31); 331(441.59); 332(706.77); 333(212.79); 334(958.87); 335(283.66); 336(449.63); 337(835.12); 338(538.19); 339(157.41); 340(138.94); 341(238.33); 342(620.47); 343(437.57); 344(623.07); 345(556.1); 346(682.31); 347(464.27); 348(166.84); 349(365.48); 350(689.98); 351(507.06); 352(264.64); 353(581.66); 354(989.89); 355(238.1); 356(70.19); 357(788.56); 358(229.55); 359(393.34); 360(593.8); 361(545.67); 362(53.67); 363(188.64); 364(593.33); 365(87.88); 366(297.75); 367(539.09); 368(375.74); 369(517.96); 370(355.76); 371(969.46); 372(99.86); 373(370.49); 374(617.34); 375(49.52); 376(172.78); 377(729.89); 378(171.57); 379(71.96); 380(341.53); 381(641.77); 382(301.01); 383(195.89); 384(884.56); 385(161.49); 386(548.74); 387(595.63); 388(708.59); 389(365.2); 390(314.58); 391(346.1); 392(91.75); 393(711.76); 394(874.48); 395(817.9); 396(591.48); 397(450.61); 398(586.36); 399(25.66); 400(71.65); 401(260.35); 402(602.64); 403(454.66); 404(766.83); 405(330.96); 406(755.78); 407(225.81); 408(944.96); 409(163.33); 410(592.04); 411(184.02); 412(762.78); 413(652.99); 414(133.29); 415(522.1); 416(363.02); 417(945.97); 418(125.22); 419(204.59); 420(40.36); 421(768.38); 422(236.56); 423(847.34); 424(309.33); 425(969.0); 426(98.62); 427(56.66); 428(66.9); 429(362.86); 430(473.85); 431(33.79); 432(312.08); 433(203.29); 434(827.96); 435(999.06); 436(46.18); 437(161.75); 438(935.89); 439(999.02); 440(78.53); 441(152.23); 442(935.11); 443(362.46); 444(988.9); 445(261.36); 446(275.49); 447(312.9); 448(93.87); 449(155.09); 450(395.34); 451(107.99); 452(102.5); 453(23.04); 454(633.76); 455(726.21); 456(70.96); 457(942.68); 458(263.35); 459(443.49); 460(584.04); 461(359.88); 462(554.18); 463(225.78); 464(795.72); 465(63.58); 466(974.78); 467(168.31); 468(458.89); 469(130.26); 470(283.36); 471(552.06); 472(521.81); 473(437.79); 474(669.5); 475(250.09); 476(378.45); 477(230.08); 478(921.04); 479(270.35); 480(647.13); 481(140.05); 482(847.66); 483(49.15); 484(709.15); 485(271.81); 486(773.81); 487(471.88); 488(483.14); 489(816.73); 490(573.8); 491(524.51); 492(861.71); 493(728.36); 494(797.64); 495(967.07); 496(829.46); 497(862.72); 498(528.61); 499(161.69),1
299,0(552.33); 1(784.42); 2(576.13); 3(512.16); 4(662.15); 5(663.75); 6(209.57); 7(111.44); 8(535.55); 9(55.19); 10(374.74); 11(598.91); 12(391.89); 13(823.16); 14(440.85); 15(758.86); 16(602.82); 17(436.02); 18(540.81); 19(276.7); 20(990.5); 21(348.29); 22(377.43); 23(598.33); 24(103.43); 25(609.46); 26(725.11); 27(395.59); 28(679.46); 29(0.99); 30(880.58); 31(333.86); 32(98.12); 33(654.29); 34(842.09); 35(165.86); 36(706.87); 37(633.02); 38(723.91); 39(661.34); 40(337.13); 41(840.23); 42(822.16); 43(731.13); 44(625.26); 45(339.66); 46(821.08); 47(979.84); 48(255.03); 49(913.18); 50(261.52); 51(356.73); 52(107.17); 53(367.26); 54(161.88); 55(211.26); 56(836.78); 57(325.95); 58(729.46); 59(951.95); 60(733.31); 61(419.8); 62(356.31); 63(490.29); 64(186.11); 65(293.0); 66(929.82); 67(777.72); 68(224.67); 69(948.43); 70(613.03); 71(350.81); 72(463.68); 73(541.63); 74(581.13); 75(990.05); 76(92.63); 77(210.94); 78(169.04); 79(148.3); 80(476.76); 81(380.66); 82(460.31); 83(551.18); 84(892.14); 85(764.0); 86(545.63); 87(457.41); 88(711.86); 89(929.83); 90(446.88); 91(511.73); 92(139.7); 93(556.88); 94(517.6); 95(175.83); 96(547.84); 97(564.18); 98(994.96); 99(221.24); 100(667.48); 101(979.0); 102(444.48); 103(689.2); 104(408.1); 105(907.54); 106(223.61); 107(391.88); 108(937.85); 109(494.01); 110(746.36); 111(693.01); 112(579.03); 113(695.4); 114(723.15); 115(164.61); 116(924.18); 117(384.48); 118(179.86); 119(253.74); 120(727.71); 121(338.96); 122(772.53); 123(883.4); 124(569.55); 125(796.74); 126(245.52); 127(679.85); 128(398.45); 129(231.04); 130(160.09); 131(971.9); 132(704.72); 133(835.35); 134(412.17); 135(292.78); 136(496.68); 137(494.26); 138(835.43); 139(220.25); 140(345.27); 141(354.38); 142(901.75); 143(783.58); 144(24.23); 145(183.53); 146(845.07); 147(384.07); 148(202.99); 149(172.23); 150(294.27); 151(388.84); 152(835.21); 153(322.63); 154(719.24); 155(719.19); 156(52.56); 157(510.54); 158(227.98); 159(772.1); 160(987.22); 161(497.52); 162(339.29); 163(555.82); 164(166.53); 165(463.3); 166(281.7); 167(143.99); 168(141.47); 169(898.11); 170(231.59); 171(52.67); 172(527.95); 173(635.98); 174(911.62); 175(498.83); 176(897.31); 177(124.68); 178(207.78); 179(266.6); 180(735.23); 181(734.81); 182(731.58); 183(591.62); 184(378.88); 185(179.49); 186(757.84); 187(388.56); 188(371.03); 189(559.4); 190(743.93); 191(921.0); 192(286.22); 193(713.63); 194(485.39); 195(24.85); 196(759.07); 197(430.97); 198(122.01); 199(707.13); 200(925.68); 201(726.0); 202(303.25); 203(143.48); 204(177.43); 205(762.42); 206(711.05); 207(355.12); 208(961.07); 209(233.62); 210(947.75); 211(583.51); 212(479.18); 213(228.51); 214(581.86); 215(797.49); 216(516.26); 217(149.67); 218(763.35); 219(484.95); 220(689.18); 221(226.19); 222(136.02); 223(935.7); 224(563.25); 225(197.12); 226(81.13); 227(385.05); 228(377.08); 229(406.92); 230(162.74); 231(598.3); 232(783.9); 233(603.02); 234(29.14); 235(104.4); 236(590.58); 237(7.36); 238(576.9); 239(669.26); 240(496.79); 241(524.47); 242(406.87); 243(421.83); 244(221.23); 245(242.36); 246(518.65); 247(310.03); 248(927.36); 249(660.91); 250(80.03); 251(65.61); 252(409.93); 253(797.88); 254(21.7); 255(19.39); 256(297.17); 257(493.31); 258(861.1); 259(549.0); 260(84.48); 261(84.64); 262(875.59); 263(408.11); 264(85.45); 265(789.52); 266(487.02); 267(189.09); 268(96.74); 269(143.28); 270(387.27); 271(743.82); 272(98.69); 273(110.42); 274(863.55); 275(871.34); 276(778.81); 277(69.79); 278(899.49); 279(822.73); 280(214.45); 281(45.93); 282(752.76); 283(929.77); 284(912.68); 285(410.33); 286(179.62); 287(978.92); 288(128.02); 289(485.65); 290(359.13); 291(230.19); 292(959.89); 293(190.39); 294(584.3); 295(974.26); 296(569.42); 297(783.55); 298(948.69); 300(338.54); 301(425.4); 302(444.87); 303(869.23); 304(257.79); 305(819.03); 306(289.16); 307(291.24); 308(735.5); 309(644.91); 310(295.66); 311(378.7); 312(548.61); 313(919.22); 314(585.8); 315(36.0); 316(954.28); 317(644.9); 318(649.73); 319(477.9); 320(329.19); 321(708.8); 322(95.29); 323(219.51); 324(741.15); 325(325.29); 326(298.51); 327(613.84); 328(911.82); 329(441.73); 330(265.87); 331(331.07); 332(227.25); 333(795.97); 334(450.92); 335(807.65); 336(938.53); 337(595.68); 338(365.74); 339(24.46); 340(155.6); 341(161.27); 342(48.48); 343(635.88); 344(813.36); 345(485.91); 346(151.75); 347(889.91); 348(300.95); 349(894.57); 350(49.64); 351(860.31); 352(960.46); 353(457.5); 354(103.73); 355(309.41); 356(270.31); 357(589.65); 358(749.23); 359(788.99); 360(391.69); 361(197.59); 362(25.68); 363(932.49); 364(759.81); 365(989.44); 366(577.73); 367(977.17); 368(307.58); 369(581.23); 370(261.69); 371(141.36); 372(235.64); 373(141.44); 374(335.11); 375(128.21); 376(177.09); 377(592.06); 378(311.46); 379(147.27); 380(231.45); 381(353.47); 382(17.48); 383(899.0); 384(979.51); 385(3.19); 386(611.33); 387(482.16); 388(741.27); 389(749.12); 390(183.8); 391(949.86); 392(882.28); 393(838.42); 394(917.12); 395(111.32); 396(218.85); 397(399.28); 398(506.99); 399(624.36); 400(43.18); 401(100.29); 402(61.43); 403(310.02); 404(256.76); 405(94.9); 406(128.62); 407(489.78); 408(82.16); 409(967.11); 410(72.26); 411(76.16); 412(969.62); 413(463.69); 414(155.59); 415(336.66); 416(108.99); 417(912.55); 418(683.19); 419(464.39); 420(322.29); 421(58.34); 422(871.76); 423(649.98); 424(879.3); 425(530.97); 426(580.42); 427(375.45); 428(411.86); 429(987.83); 430(773.58); 431(872.58); 432(874.21); 433(215.92); 434(941.75); 435(37.96); 436(250.85); 437(532.96); 438(315.66); 439(971.62); 440(792.81); 441(71.69); 442(222.07); 443(637.68); 444(684.69); 445(906.98); 446(580.69); 447(728.57); 448(142.38); 449(430.71); 450(650.09); 451(292.49); 452(404.9); 453(788.06); 454(495.96); 455(831.7); 456(146.67); 457(547.58); 458(63.82); 459(277.12); 460(992.79); 461(660.11); 462(134.56); 463(137.01); 464(277.19); 465(930.54); 466(215.04); 467(291.17); 468(675.03); 469(707.84); 470(644.07); 471(701.08); 472(2.55); 473(939.3); 474(236.6); 475(1.17); 476(107.82); 477(855.52); 478(689.27); 479(723.37); 480(824.62); 481(259.53); 482(688.38); 483(339.09); 484(305.81); 485(229.04); 486(940.47); 487(870.11); 488(591.71); 489(427.96); 490(990.6); 491(22.93); 492(699.88); 493(334.48); 494(708.06); 495(326.92); 496(162.34); 497(651.35); 498(197.3); 499(877.05),1
300,0(481.76); 1(198.74); 2(68.94); 3(177.04); 4(218.98); 5(144.26); 6(279.69); 7(883.72); 8(294.54); 9(261.53); 10(96.02); 11(848.64); 12(918.01); 13(418.23); 14(392.43); 15(518.98); 16(687.41); 17(872.82); 18(756.7); 19(864.63); 20(583.87); 21(295.97); 22(716.17); 23(700.43); 24(29.35); 25(79.33); 26(194.79); 27(137.01); 28(707.29); 29(931.61); 30(775.24); 31(206.39); 32(286.13); 33(117.37); 34(563.92); 35(546.88); 36(777.22); 37(908.54); 38(252.4); 39(127.67); 40(676.05); 41(412.65); 42(47.21); 43(449.13); 44(473.78); 45(437.46); 46(961.45); 47(243.98); 48(719.43); 49(696.24); 50(57.48); 51(998.59); 52(312.73); 53(932.5); 54(380.68); 55(835.58); 56(677.51); 57(830.14); 58(521.58); 59(394.32); 60(651.42); 61(57.88); 62(907.87); 63(886.02); 64(327.97); 65(973.53); 66(267.51); 67(788.29); 68(627.31); 69(302.75); 70(156.91); 71(324.23); 72(339.05); 73(488.26); 74(969.86); 75(321.64); 76(978.56); 77(30.97); 78(844.23); 79(378.74); 80(38.4); 81(873.7); 82(654.81); 83(271.01); 84(184.16); 85(229.28); 86(40.6); 87(672.24); 88(435.66); 89(860.79); 90(975.84); 91(479.27); 92(231.5); 93(213.08); 94(593.07); 95(83.02); 96(742.58); 97(753.34); 98(733.89); 99(9.42); 100(72.96); 101(420.47); 102(366.13); 103(263.82); 104(878.41); 105(235.14); 106(147.55); 107(743.74); 108(749.71); 109(581.3); 110(120.72); 111(795.52); 112(587.21); 113(759.95); 114(313.2); 115(53.68); 116(164.33); 117(937.2); 118(805.95); 119(221.49); 120(814.13); 121(320.53); 122(572.87); 123(7.1); 124(741.5); 125(446.71); 126(1.69); 127(673.7); 128(187.77); 129(634.08); 130(561.72); 131(393.55); 132(59.8); 133(547.45); 134(817.7); 135(456.57); 136(379.83); 137(569.0); 138(194.18); 139(63.6); 140(436.86); 141(787.46); 142(409.64); 143(179.5); 144(742.15); 145(997.85); 146(907.03); 147(753.92); 148(668.6); 149(457.19); 150(965.14); 151(946.92); 152(1.19); 153(869.06); 154(724.1); 155(41.7); 156(881.56); 157(373.53); 158(193.99); 159(412.15); 160(447.78); 161(843.81); 162(598.27); 163(720.6); 164(863.94); 165(183.86); 166(853.74); 167(70.61); 168(351.34); 169(983.99); 170(965.56); 171(288.37); 172(837.08); 173(295.0); 174(470.68); 175(729.03); 176(20.2); 177(562.25); 178(216.38); 179(264.26); 180(759.69); 181(930.42); 182(669.95); 183(459.49); 184(806.89); 185(730.12); 186(26.06); 187(273.82); 188(95.82); 189(977.21); 190(87.01); 191(233.25); 192(358.16); 193(776.73); 194(850.63); 195(554.37); 196(665.14); 197(147.17); 198(76.18); 199(687.12); 200(813.33); 201(698.4); 202(714.96); 203(22.98); 204(452.64); 205(741.5); 206(361.32); 207(439.34); 208(901.47); 209(0.99); 210(508.35); 211(57.97); 212(695.46); 213(219.48); 214(572.49); 215(533.06); 216(956.97); 217(835.37); 218(803.7); 219(643.46); 220(770.73); 221(706.53); 222(690.94); 223(56.51); 224(91.08); 225(642.27); 226(855.28); 227(704.22); 228(129.81); 229(417.64); 230(320.86); 231(181.08); 232(65.68); 233(38.77); 234(775.3); 235(563.46); 236(690.87); 237(988.03); 238(530.51); 239(74.82); 240(303.84); 241(454.43); 242(715.97); 243(120.76); 244(129.39); 245(814.61); 246(486.17); 247(931.08); 248(110.48); 249(320.73); 250(484.7); 251(459.54); 252(372.18); 253(466.96); 254(245.25); 255(483.92); 256(765.22); 257(390.48); 258(818.14); 259(245.62); 260(649.13); 261(554.39); 262(11.77); 263(841.15); 264(915.4); 265(313.03); 266(9.61); 267(200.65); 268(151.48); 269(679.33); 270(963.69); 271(601.66); 272(659.94); 273(147.78); 274(590.21); 275(999.9); 276(701.78); 277(568.75); 278(888.89); 279(625.5); 280(956.69); 281(698.39); 282(647.09); 283(385.82); 284(29.33); 285(476.41); 286(952.94); 287(624.03); 288(991.16); 289(853.61); 290(139.12); 291(880.18); 292(537.01); 293(808.06); 294(467.84); 295(904.03); 296(497.28); 297(755.16); 298(294.17); 299(338.54); 301(703.76); 302(850.06); 303(760.11); 304(475.93); 305(791.18); 306(708.94); 307(488.57); 308(413.99); 309(27.12); 310(227.25); 311(68.9); 312(938.06); 313(294.42); 314(457.01); 315(986.7); 316(926.31); 317(914.55); 318(412.82); 319(847.05); 320(251.63); 321(128.7); 322(394.43); 323(135.9); 324(21.89); 325(247.24); 326(435.14); 327(171.63); 328(954.9); 329(232.23); 330(293.5); 331(701.52); 332(238.98); 333(460.91); 334(731.71); 335(175.97); 336(973.11); 337(874.23); 338(0.21); 339(155.72); 340(263.58); 341(120.79); 342(920.78); 343(903.52); 344(274.83); 345(65.13); 346(547.99); 347(938.68); 348(125.97); 349(898.95); 350(623.35); 351(572.29); 352(843.21); 353(986.58); 354(761.05); 355(766.17); 356(986.61); 357(649.14); 358(670.03); 359(727.25); 360(808.35); 361(464.01); 362(113.2); 363(52.02); 364(186.2); 365(87.91); 366(563.43); 367(221.18); 368(296.86); 369(889.47); 370(829.21); 371(270.91); 372(751.63); 373(433.81); 374(201.85); 375(7.77); 376(786.87); 377(128.1); 378(630.88); 379(447.89); 380(325.44); 381(908.08); 382(5.36); 383(190.21); 384(886.25); 385(30.1); 386(732.45); 387(849.09); 388(669.22); 389(411.6); 390(795.55); 391(22.29); 392(360.79); 393(182.89); 394(269.77); 395(688.25); 396(519.86); 397(297.95); 398(166.39); 399(970.99); 400(150.26); 401(861.19); 402(109.61); 403(157.46); 404(894.97); 405(677.24); 406(811.2); 407(757.03); 408(882.11); 409(527.98); 410(814.27); 411(239.76); 412(926.1); 413(222.35); 414(719.65); 415(777.9); 416(150.37); 417(501.23); 418(275.19); 419(273.21); 420(177.57); 421(217.28); 422(496.83); 423(513.69); 424(25.16); 425(972.92); 426(610.0); 427(374.72); 428(890.63); 429(790.64); 430(90.9); 431(777.42); 432(108.97); 433(47.19); 434(807.4); 435(149.97); 436(134.85); 437(464.49); 438(193.07); 439(198.8); 440(89.88); 441(542.05); 442(183.86); 443(163.23); 444(965.46); 445(247.56); 446(124.03); 447(841.44); 448(575.43); 449(385.91); 450(384.46); 451(609.02); 452(998.85); 453(856.83); 454(743.68); 455(251.66); 456(784.54); 457(841.87); 458(81.95); 459(762.22); 460(375.48); 461(939.59); 462(601.8); 463(927.1); 464(741.66); 465(207.36); 466(199.45); 467(824.95); 468(11.92); 469(818.34); 470(391.46); 471(395.67); 472(555.82); 473(154.89); 474(633.93); 475(476.08); 476(88.45); 477(814.42); 478(480.21); 479(77.72); 480(102.72); 481(981.38); 482(18.87); 483(549.68); 484(219.67); 485(527.4); 486(38.13); 487(650.18); 488(505.93); 489(86.1); 490(399.26); 491(3.74); 492(950.48); 493(226.95); 494(544.14); 495(949.29); 496(175.32); 497(172.44); 498(156.69); 499(285.45),1
301,0(504.04); 1(340.89); 2(180.08); 3(309.92); 4(572.83); 5(396.12); 6(435.86); 7(122.64); 8(134.65); 9(241.29); 10(617.4); 11(441.38); 12(862.71); 13(10.81); 14(234.04); 15(38.89); 16(359.13); 17(700.8); 18(125.07); 19(75.13); 20(255.53); 21(886.45); 22(465.86); 23(315.21); 24(855.71); 25(477.88); 26(328.87); 27(610.84); 28(831.65); 29(994.58); 30(568.63); 31(318.1); 32(835.54); 33(458.74); 34(134.57); 35(338.09); 36(429.73); 37(242.32); 38(195.58); 39(414.15); 40(990.83); 41(324.39); 42(4.36); 43(509.8); 44(123.38); 45(804.73); 46(21.57); 47(644.06); 48(689.89); 49(3.73); 50(812.68); 51(357.89); 52(37.51); 53(8.33); 54(40.87); 55(848.43); 56(737.42); 57(688.96); 58(335.95); 59(412.94); 60(269.21); 61(533.11); 62(893.17); 63(516.77); 64(347.3); 65(806.01); 66(501.28); 67(956.18); 68(805.37); 69(418.79); 70(594.26); 71(206.43); 72(230.68); 73(485.69); 74(722.22); 75(195.52); 76(831.59); 77(237.89); 78(386.57); 79(503.87); 80(914.35); 81(304.02); 82(816.6); 83(283.21); 84(647.55); 85(388.11); 86(445.05); 87(309.9); 88(464.85); 89(485.14); 90(302.77); 91(111.07); 92(149.03); 93(787.12); 94(917.11); 95(194.6); 96(697.76); 97(917.66); 98(435.5); 99(295.15); 100(796.58); 101(791.36); 102(993.47); 103(423.86); 104(323.94); 105(728.21); 106(109.99); 107(982.73); 108(406.12); 109(822.3); 110(308.94); 111(728.11); 112(682.73); 113(830.25); 114(224.46); 115(371.06); 116(516.74); 117(939.24); 118(414.71); 119(359.47); 120(808.03); 121(284.91); 122(0.43); 123(498.88); 124(335.96); 125(48.02); 126(279.79); 127(674.47); 128(974.39); 129(912.2); 130(397.44); 131(750.23); 132(461.49); 133(891.25); 134(600.57); 135(659.03); 136(251.26); 137(659.28); 138(289.76); 139(704.48); 140(575.52); 141(342.6); 142(520.66); 143(952.02); 144(538.95); 145(51.64); 146(74.52); 147(659.47); 148(596.67); 149(112.57); 150(592.19); 151(385.01); 152(464.87); 153(778.15); 154(547.12); 155(813.67); 156(553.93); 157(323.18); 158(491.46); 159(491.81); 160(598.75); 161(115.18); 162(836.12); 163(205.94); 164(255.78); 165(599.65); 166(839.92); 167(904.09); 168(626.17); 169(230.36); 170(953.34); 171(726.43); 172(572.81); 173(386.48); 174(405.03); 175(762.68); 176(727.59); 177(451.02); 178(222.68); 179(166.6); 180(854.92); 181(585.79); 182(750.48); 183(402.11); 184(268.43); 185(348.39); 186(514.88); 187(64.22); 188(529.6); 189(71.12); 190(966.6); 191(882.34); 192(545.69); 193(132.83); 194(692.93); 195(751.11); 196(683.97); 197(67.34); 198(70.07); 199(564.44); 200(433.46); 201(606.94); 202(205.71); 203(861.61); 204(224.91); 205(984.01); 206(723.12); 207(646.84); 208(998.49); 209(523.24); 210(774.05); 211(918.34); 212(112.15); 213(423.0); 214(404.06); 215(761.23); 216(79.54); 217(894.56); 218(673.92); 219(33.52); 220(60.22); 221(962.63); 222(510.85); 223(201.55); 224(682.27); 225(311.95); 226(968.75); 227(248.91); 228(619.9); 229(247.15); 230(686.29); 231(881.02); 232(289.08); 233(83.14); 234(745.56); 235(968.22); 236(643.05); 237(984.04); 238(945.69); 239(373.41); 240(905.98); 241(124.06); 242(179.18); 243(21.76); 244(792.9); 245(562.79); 246(709.65); 247(344.48); 248(164.8); 249(484.77); 250(376.1); 251(953.69); 252(970.56); 253(909.07); 254(278.57); 255(179.9); 256(189.24); 257(218.24); 258(154.84); 259(89.2); 260(335.37); 261(337.4); 262(657.85); 263(681.64); 264(757.35); 265(794.43); 266(112.68); 267(490.92); 268(526.26); 269(26.73); 270(883.36); 271(55.64); 272(280.16); 273(162.91); 274(660.94); 275(409.0); 276(258.22); 277(593.62); 278(466.47); 279(407.92); 280(756.46); 281(988.38); 282(626.17); 283(35.2); 284(228.79); 285(692.72); 286(390.51); 287(425.55); 288(614.51); 289(286.68); 290(560.96); 291(783.8); 292(128.32); 293(381.19); 294(176.99); 295(560.23); 296(617.07); 297(207.88); 298(209.68); 299(425.4); 300(703.76); 302(941.35); 303(576.11); 304(323.27); 305(545.02); 306(685.63); 307(213.03); 308(235.73); 309(484.73); 310(927.43); 311(124.32); 312(677.68); 313(976.25); 314(757.39); 315(965.87); 316(279.5); 317(365.15); 318(602.56); 319(870.28); 320(977.04); 321(820.47); 322(582.9); 323(734.24); 324(396.75); 325(898.69); 326(713.14); 327(382.76); 328(118.89); 329(546.58); 330(823.64); 331(601.75); 332(421.38); 333(600.75); 334(153.41); 335(907.42); 336(865.86); 337(222.34); 338(805.73); 339(566.41); 340(582.19); 341(305.23); 342(187.77); 343(897.25); 344(498.36); 345(736.23); 346(866.32); 347(170.66); 348(343.72); 349(511.71); 350(337.91); 351(928.24); 352(836.69); 353(893.06); 354(772.38); 355(162.71); 356(391.65); 357(581.9); 358(868.77); 359(533.03); 360(223.96); 361(487.33); 362(808.68); 363(99.68); 364(946.91); 365(911.22); 366(804.54); 367(302.62); 368(512.7); 369(335.41); 370(296.33); 371(882.12); 372(200.88); 373(339.29); 374(924.44); 375(276.21); 376(760.73); 377(163.34); 378(750.38); 379(861.74); 380(765.55); 381(906.13); 382(742.45); 383(769.68); 384(231.6); 385(374.21); 386(981.46); 387(924.83); 388(755.54); 389(794.02); 390(269.5); 391(994.81); 392(203.95); 393(423.7); 394(307.06); 395(77.68); 396(380.49); 397(554.09); 398(387.98); 399(100.86); 400(925.16); 401(867.38); 402(141.39); 403(461.34); 404(149.01); 405(983.04); 406(777.04); 407(690.73); 408(703.42); 409(196.68); 410(658.77); 411(812.48); 412(947.68); 413(497.39); 414(79.9); 415(833.3); 416(737.13); 417(468.4); 418(560.3); 419(967.91); 420(460.58); 421(63.01); 422(62.3); 423(230.22); 424(679.98); 425(411.77); 426(904.88); 427(204.99); 428(17.64); 429(255.94); 430(828.75); 431(755.15); 432(796.01); 433(116.72); 434(633.7); 435(749.83); 436(163.43); 437(572.24); 438(883.42); 439(247.26); 440(525.02); 441(616.34); 442(726.32); 443(453.92); 444(376.03); 445(985.97); 446(902.85); 447(572.07); 448(643.14); 449(338.52); 450(862.38); 451(738.57); 452(461.13); 453(344.18); 454(843.9); 455(360.5); 456(499.17); 457(680.6); 458(948.64); 459(924.23); 460(337.15); 461(80.58); 462(264.63); 463(944.84); 464(869.16); 465(408.4); 466(768.95); 467(136.34); 468(588.15); 469(641.6); 470(358.04); 471(791.23); 472(841.75); 473(379.4); 474(683.32); 475(413.15); 476(799.01); 477(784.06); 478(526.33); 479(731.84); 480(102.73); 481(637.6); 482(805.65); 483(149.93); 484(179.88); 485(461.61); 486(555.54); 487(147.32); 488(652.01); 489(568.14); 490(43.8); 491(305.31); 492(514.68); 493(122.3); 494(168.68); 495(681.03); 496(380.4); 497(535.11); 498(832.83); 499(764.7),2
302,0(822.06); 1(102.85); 2(317.2); 3(326.03); 4(888.34); 5(974.1); 6(987.36); 7(379.45); 8(231.79); 9(694.86); 10(37.5); 11(447.72); 12(551.76); 13(716.95); 14(953.65); 15(82.08); 16(494.77); 17(472.58); 18(904.01); 19(683.0); 20(907.77); 21(91.07); 22(294.87); 23(419.25); 24(558.0); 25(82.38); 26(239.68); 27(910.23); 28(362.01); 29(161.18); 30(422.72); 31(570.68); 32(499.61); 33(856.62); 34(499.61); 35(164.78); 36(854.76); 37(965.6); 38(319.27); 39(150.24); 40(965.83); 41(173.36); 42(151.27); 43(856.16); 44(477.98); 45(353.86); 46(599.88); 47(244.79); 48(649.1); 49(831.47); 50(379.91); 51(642.17); 52(537.75); 53(919.83); 54(560.4); 55(634.91); 56(375.03); 57(631.01); 58(320.58); 59(188.22); 60(13.13); 61(854.99); 62(752.81); 63(508.2); 64(16.55); 65(390.66); 66(761.5); 67(418.84); 68(29.74); 69(616.17); 70(908.57); 71(587.0); 72(839.17); 73(351.51); 74(711.88); 75(923.8); 76(51.6); 77(480.26); 78(374.67); 79(930.71); 80(646.02); 81(85.51); 82(399.91); 83(653.91); 84(298.62); 85(577.1); 86(524.78); 87(882.46); 88(485.52); 89(436.94); 90(742.59); 91(238.38); 92(364.06); 93(967.02); 94(193.23); 95(224.14); 96(44.62); 97(869.46); 98(586.96); 99(826.29); 100(980.95); 101(559.44); 102(17.37); 103(873.88); 104(601.54); 105(58.19); 106(127.78); 107(254.55); 108(578.0); 109(376.64); 110(20.16); 111(690.31); 112(199.5); 113(190.89); 114(134.17); 115(5.06); 116(266.09); 117(230.15); 118(62.46); 119(657.39); 120(895.28); 121(916.91); 122(202.35); 123(725.05); 124(933.42); 125(411.89); 126(456.62); 127(982.81); 128(759.46); 129(192.23); 130(250.83); 131(538.14); 132(954.67); 133(757.81); 134(995.26); 135(410.08); 136(576.51); 137(12.93); 138(833.29); 139(390.8); 140(99.18); 141(54.43); 142(908.44); 143(815.73); 144(741.54); 145(778.94); 146(629.35); 147(733.57); 148(510.71); 149(541.15); 150(122.58); 151(543.7); 152(761.31); 153(451.63); 154(56.23); 155(358.19); 156(169.14); 157(889.65); 158(488.86); 159(718.79); 160(141.33); 161(222.9); 162(744.93); 163(271.88); 164(977.9); 165(419.23); 166(14.68); 167(719.62); 168(809.61); 169(550.68); 170(184.76); 171(511.73); 172(181.85); 173(961.98); 174(260.95); 175(91.05); 176(866.79); 177(905.05); 178(507.3); 179(797.22); 180(915.93); 181(342.49); 182(403.17); 183(426.53); 184(319.09); 185(490.72); 186(687.29); 187(344.67); 188(88.95); 189(70.83); 190(10.33); 191(19.02); 192(268.35); 193(298.49); 194(537.0); 195(944.97); 196(585.92); 197(570.55); 198(417.62); 199(93.32); 200(159.32); 201(891.8); 202(664.93); 203(491.01); 204(961.13); 205(512.11); 206(805.95); 207(815.61); 208(563.14); 209(536.08); 210(143.19); 211(519.43); 212(36.45); 213(299.97); 214(10.93); 215(689.62); 216(670.6); 217(720.15); 218(916.16); 219(512.22); 220(423.45); 221(459.89); 222(483.41); 223(319.78); 224(736.63); 225(406.4); 226(715.53); 227(549.81); 228(740.57); 229(737.84); 230(491.87); 231(608.79); 232(56.34); 233(199.41); 234(264.39); 235(836.89); 236(109.6); 237(181.51); 238(647.25); 239(933.56); 240(992.14); 241(433.52); 242(63.88); 243(588.04); 244(556.0); 245(463.16); 246(345.94); 247(414.2); 248(962.83); 249(328.29); 250(30.26); 251(176.29); 252(54.74); 253(451.19); 254(388.2); 255(244.57); 256(990.23); 257(665.24); 258(3.13); 259(476.52); 260(492.42); 261(976.95); 262(169.35); 263(148.17); 264(184.74); 265(988.48); 266(32.18); 267(450.34); 268(519.84); 269(376.66); 270(508.14); 271(840.68); 272(940.08); 273(384.46); 274(432.38); 275(320.91); 276(396.63); 277(920.22); 278(409.7); 279(609.25); 280(493.4); 281(240.95); 282(331.91); 283(361.93); 284(40.31); 285(52.31); 286(699.37); 287(255.05); 288(856.97); 289(323.06); 290(507.3); 291(31.27); 292(316.58); 293(574.77); 294(792.53); 295(47.9); 296(55.21); 297(857.16); 298(989.09); 299(444.87); 300(850.06); 301(941.35); 303(842.3); 304(102.89); 305(615.66); 306(331.13); 307(531.59); 308(807.95); 309(945.09); 310(771.0); 311(408.44); 312(976.88); 313(78.01); 314(105.54); 315(684.62); 316(748.51); 317(793.0); 318(368.77); 319(341.83); 320(683.08); 321(963.91); 322(335.52); 323(93.29); 324(567.0); 325(796.46); 326(968.02); 327(269.35); 328(44.78); 329(826.74); 330(369.71); 331(901.61); 332(69.11); 333(469.14); 334(512.92); 335(298.85); 336(953.32); 337(597.65); 338(506.84); 339(589.0); 340(221.48); 341(616.03); 342(243.99); 343(416.19); 344(108.72); 345(148.23); 346(675.79); 347(427.84); 348(519.75); 349(933.25); 350(356.9); 351(500.45); 352(267.44); 353(150.64); 354(364.26); 355(361.3); 356(617.82); 357(42.85); 358(125.03); 359(458.57); 360(508.11); 361(983.12); 362(978.39); 363(541.34); 364(519.55); 365(203.08); 366(387.31); 367(970.3); 368(259.13); 369(798.31); 370(397.96); 371(306.31); 372(236.85); 373(768.74); 374(531.44); 375(310.43); 376(490.16); 377(173.96); 378(279.32); 379(792.51); 380(537.76); 381(679.08); 382(691.4); 383(98.57); 384(183.61); 385(844.47); 386(155.51); 387(796.98); 388(341.35); 389(123.06); 390(55.85); 391(560.05); 392(539.35); 393(384.42); 394(556.05); 395(700.99); 396(611.32); 397(188.31); 398(665.98); 399(276.18); 400(964.03); 401(911.11); 402(4.7); 403(377.22); 404(229.54); 405(338.12); 406(631.46); 407(962.71); 408(366.85); 409(453.98); 410(796.46); 411(435.85); 412(417.22); 413(326.56); 414(666.94); 415(184.02); 416(14.09); 417(372.96); 418(169.1); 419(899.33); 420(349.59); 421(780.11); 422(815.73); 423(417.22); 424(963.63); 425(248.35); 426(500.14); 427(653.37); 428(54.93); 429(217.39); 430(344.34); 431(626.19); 432(977.17); 433(530.56); 434(733.02); 435(598.91); 436(178.31); 437(402.76); 438(111.28); 439(366.21); 440(417.85); 441(540.04); 442(235.09); 443(918.08); 444(323.44); 445(550.59); 446(502.02); 447(547.65); 448(862.13); 449(486.23); 450(113.37); 451(350.18); 452(214.26); 453(266.54); 454(13.76); 455(445.31); 456(558.15); 457(804.14); 458(48.77); 459(220.3); 460(271.12); 461(949.33); 462(941.44); 463(659.11); 464(784.88); 465(627.18); 466(675.63); 467(739.58); 468(154.03); 469(511.56); 470(330.16); 471(9.96); 472(466.77); 473(770.87); 474(155.08); 475(97.98); 476(362.38); 477(598.32); 478(529.95); 479(422.7); 480(127.39); 481(236.35); 482(735.2); 483(560.44); 484(718.1); 485(985.23); 486(542.56); 487(121.95); 488(959.84); 489(523.69); 490(557.48); 491(995.57); 492(429.61); 493(754.81); 494(737.56); 495(478.36); 496(424.76); 497(334.82); 498(951.97); 499(556.09),1
303,0(637.21); 1(857.75); 2(288.45); 3(274.36); 4(494.38); 5(498.48); 6(49.45); 7(23.94); 8(763.32); 9(448.5); 10(959.49); 11(305.79); 12(459.05); 13(830.97); 14(264.41); 15(219.54); 16(570.41); 17(257.94); 18(961.62); 19(105.67); 20(831.57); 21(600.63); 22(582.83); 23(915.08); 24(360.72); 25(729.12); 26(690.4); 27(802.61); 28(791.4); 29(258.42); 30(460.76); 31(459.07); 32(574.4); 33(463.67); 34(642.64); 35(824.19); 36(121.82); 37(538.68); 38(697.44); 39(967.55); 40(816.49); 41(583.71); 42(506.76); 43(263.32); 44(93.28); 45(89.27); 46(221.68); 47(690.83); 48(686.33); 49(377.86); 50(425.92); 51(578.81); 52(583.41); 53(270.49); 54(745.38); 55(930.04); 56(965.03); 57(925.71); 58(473.35); 59(960.68); 60(976.68); 61(502.6); 62(782.49); 63(243.29); 64(886.07); 65(110.46); 66(806.31); 67(706.9); 68(502.99); 69(116.55); 70(238.4); 71(472.13); 72(717.63); 73(103.23); 74(773.58); 75(212.31); 76(835.12); 77(463.77); 78(705.43); 79(214.6); 80(435.47); 81(352.64); 82(250.99); 83(572.72); 84(951.26); 85(742.23); 86(344.09); 87(93.44); 88(471.86); 89(102.29); 90(766.03); 91(673.13); 92(880.4); 93(610.0); 94(936.58); 95(796.51); 96(689.06); 97(165.86); 98(209.29); 99(225.78); 100(810.41); 101(556.71); 102(429.29); 103(867.06); 104(906.47); 105(277.47); 106(114.76); 107(443.54); 108(894.75); 109(827.17); 110(81.01); 111(861.54); 112(742.62); 113(509.57); 114(949.81); 115(590.0); 116(463.64); 117(637.62); 118(363.21); 119(772.9); 120(197.76); 121(662.72); 122(567.88); 123(967.56); 124(703.71); 125(5.08); 126(299.38); 127(316.52); 128(111.38); 129(23.7); 130(947.15); 131(691.29); 132(251.32); 133(604.01); 134(905.57); 135(516.73); 136(111.92); 137(517.58); 138(446.54); 139(401.94); 140(717.15); 141(928.79); 142(679.33); 143(635.4); 144(941.49); 145(45.33); 146(386.2); 147(773.24); 148(925.59); 149(526.01); 150(820.62); 151(535.46); 152(221.72); 153(659.06); 154(710.58); 155(759.4); 156(713.63); 157(410.7); 158(992.89); 159(613.64); 160(987.99); 161(455.64); 162(828.88); 163(786.05); 164(828.82); 165(953.62); 166(821.65); 167(625.76); 168(712.88); 169(659.77); 170(237.31); 171(96.62); 172(125.11); 173(174.53); 174(110.97); 175(532.67); 176(185.47); 177(533.89); 178(711.96); 179(974.51); 180(724.33); 181(671.58); 182(343.13); 183(466.01); 184(928.69); 185(795.69); 186(39.22); 187(485.66); 188(8.72); 189(869.19); 190(639.18); 191(558.46); 192(507.51); 193(394.88); 194(978.95); 195(10.12); 196(307.76); 197(578.74); 198(373.22); 199(734.57); 200(344.33); 201(370.63); 202(43.45); 203(237.2); 204(255.41); 205(628.56); 206(620.54); 207(843.96); 208(556.94); 209(392.94); 210(535.83); 211(267.27); 212(923.61); 213(728.57); 214(578.05); 215(642.47); 216(726.88); 217(131.58); 218(9.98); 219(397.86); 220(745.81); 221(661.38); 222(235.43); 223(637.52); 224(752.78); 225(125.48); 226(917.13); 227(206.93); 228(950.45); 229(118.68); 230(180.5); 231(351.43); 232(18.35); 233(930.8); 234(565.14); 235(248.72); 236(527.91); 237(8.89); 238(733.53); 239(527.5); 240(739.47); 241(532.2); 242(425.16); 243(397.81); 244(772.64); 245(266.11); 246(728.23); 247(175.4); 248(645.22); 249(987.02); 250(504.51); 251(997.59); 252(128.78); 253(416.14); 254(185.81); 255(355.59); 256(770.85); 257(379.54); 258(883.0); 259(468.38); 260(23.55); 261(571.03); 262(200.94); 263(581.48); 264(240.04); 265(749.19); 266(625.19); 267(963.59); 268(880.15); 269(911.81); 270(29.45); 271(617.14); 272(41.86); 273(252.56); 274(312.85); 275(722.18); 276(62.51); 277(95.31); 278(857.49); 279(533.42); 280(368.25); 281(912.92); 282(807.57); 283(731.78); 284(420.8); 285(340.26); 286(811.21); 287(962.25); 288(800.65); 289(415.23); 290(526.35); 291(631.82); 292(789.05); 293(991.38); 294(774.83); 295(454.34); 296(996.98); 297(151.58); 298(804.81); 299(869.23); 300(760.11); 301(576.11); 302(842.3); 304(373.88); 305(561.57); 306(401.13); 307(218.14); 308(784.02); 309(226.43); 310(960.23); 311(7.78); 312(330.55); 313(211.82); 314(980.68); 315(977.93); 316(697.61); 317(208.82); 318(301.7); 319(897.5); 320(771.97); 321(189.57); 322(130.22); 323(879.19); 324(213.53); 325(823.71); 326(432.24); 327(388.77); 328(318.92); 329(805.04); 330(956.82); 331(642.43); 332(817.31); 333(830.41); 334(706.03); 335(578.18); 336(826.24); 337(502.88); 338(810.61); 339(671.04); 340(567.27); 341(764.97); 342(428.89); 343(580.07); 344(888.25); 345(727.49); 346(194.45); 347(870.63); 348(190.77); 349(397.15); 350(753.85); 351(488.09); 352(34.46); 353(219.57); 354(540.77); 355(237.85); 356(70.33); 357(72.09); 358(117.35); 359(59.58); 360(70.56); 361(652.63); 362(322.1); 363(452.94); 364(594.95); 365(623.06); 366(499.41); 367(143.44); 368(191.65); 369(731.82); 370(365.71); 371(176.99); 372(371.56); 373(170.04); 374(250.94); 375(214.44); 376(978.72); 377(372.36); 378(927.11); 379(395.82); 380(388.76); 381(464.9); 382(880.74); 383(517.79); 384(360.63); 385(933.42); 386(87.0); 387(681.5); 388(38.66); 389(68.97); 390(781.97); 391(99.23); 392(120.41); 393(385.2); 394(598.62); 395(890.86); 396(444.26); 397(716.86); 398(397.54); 399(131.78); 400(240.15); 401(36.2); 402(13.03); 403(579.93); 404(406.01); 405(531.18); 406(571.51); 407(604.76); 408(362.86); 409(765.06); 410(196.04); 411(812.36); 412(131.85); 413(471.83); 414(55.26); 415(345.86); 416(745.36); 417(634.76); 418(764.43); 419(288.87); 420(889.69); 421(697.76); 422(917.01); 423(108.51); 424(255.51); 425(665.6); 426(19.19); 427(676.45); 428(80.71); 429(472.35); 430(686.89); 431(787.44); 432(185.98); 433(43.52); 434(430.35); 435(586.1); 436(591.86); 437(474.35); 438(358.42); 439(873.19); 440(126.78); 441(586.35); 442(245.72); 443(524.75); 444(517.27); 445(661.11); 446(260.12); 447(440.0); 448(796.89); 449(128.85); 450(250.62); 451(246.07); 452(87.66); 453(37.01); 454(149.44); 455(506.25); 456(751.81); 457(85.28); 458(605.94); 459(881.95); 460(348.94); 461(828.3); 462(441.4); 463(22.48); 464(486.04); 465(106.39); 466(481.67); 467(958.4); 468(163.76); 469(152.71); 470(358.06); 471(862.54); 472(403.21); 473(634.81); 474(176.67); 475(233.55); 476(845.18); 477(817.3); 478(209.68); 479(465.74); 480(221.49); 481(435.75); 482(261.17); 483(731.03); 484(356.05); 485(625.45); 486(542.52); 487(201.45); 488(762.61); 489(318.85); 490(586.11); 491(801.47); 492(738.51); 493(108.27); 494(398.6); 495(163.47); 496(805.6); 497(666.07); 498(777.06); 499(1.95),1
304,0(227.98); 1(925.9); 2(964.69); 3(753.12); 4(312.2); 5(263.74); 6(748.48); 7(858.06); 8(346.49); 9(743.11); 10(99.74); 11(540.06); 12(715.82); 13(703.35); 14(611.93); 15(402.99); 16(34.69); 17(222.21); 18(629.34); 19(586.88); 20(80.77); 21(852.66); 22(41.82); 23(714.18); 24(531.38); 25(756.88); 26(436.02); 27(337.36); 28(74.47); 29(133.77); 30(737.9); 31(309.32); 32(243.95); 33(549.91); 34(21.42); 35(837.48); 36(672.46); 37(174.54); 38(995.53); 39(737.31); 40(518.58); 41(570.35); 42(605.41); 43(520.33); 44(433.55); 45(795.49); 46(585.51); 47(152.34); 48(436.39); 49(525.1); 50(430.31); 51(525.7); 52(962.78); 53(524.75); 54(101.3); 55(494.82); 56(733.59); 57(337.47); 58(736.81); 59(75.09); 60(256.02); 61(564.66); 62(284.22); 63(718.23); 64(812.43); 65(960.59); 66(901.85); 67(470.08); 68(678.26); 69(223.52); 70(139.1); 71(461.05); 72(224.37); 73(230.24); 74(888.82); 75(674.06); 76(832.95); 77(304.42); 78(48.83); 79(958.18); 80(336.65); 81(489.12); 82(930.33); 83(272.78); 84(466.54); 85(572.99); 86(41.36); 87(905.44); 88(528.46); 89(471.27); 90(386.17); 91(882.96); 92(411.14); 93(222.38); 94(649.95); 95(391.96); 96(914.1); 97(966.99); 98(956.04); 99(692.27); 100(178.41); 101(337.01); 102(206.3); 103(348.31); 104(119.36); 105(834.76); 106(614.88); 107(930.75); 108(555.07); 109(789.98); 110(230.33); 111(654.09); 112(41.7); 113(361.42); 114(575.21); 115(555.27); 116(124.85); 117(523.5); 118(539.44); 119(551.61); 120(909.56); 121(966.05); 122(222.72); 123(682.87); 124(3.35); 125(968.72); 126(937.22); 127(531.0); 128(521.8); 129(538.3); 130(109.28); 131(96.88); 132(438.8); 133(80.09); 134(454.82); 135(967.06); 136(534.26); 137(887.8); 138(749.89); 139(887.17); 140(171.21); 141(898.5); 142(266.88); 143(776.57); 144(332.8); 145(941.31); 146(596.79); 147(262.77); 148(659.89); 149(375.41); 150(605.53); 151(562.52); 152(624.43); 153(385.27); 154(192.32); 155(367.74); 156(337.79); 157(365.85); 158(723.91); 159(111.62); 160(58.32); 161(134.62); 162(750.04); 163(592.06); 164(112.3); 165(394.34); 166(3.48); 167(734.91); 168(160.49); 169(283.34); 170(273.99); 171(762.5); 172(209.36); 173(755.62); 174(111.7); 175(418.84); 176(572.71); 177(898.32); 178(780.43); 179(700.87); 180(407.53); 181(849.23); 182(510.26); 183(976.48); 184(727.21); 185(876.61); 186(390.86); 187(28.51); 188(36.83); 189(891.56); 190(119.65); 191(131.21); 192(544.0); 193(896.7); 194(126.59); 195(507.01); 196(697.9); 197(230.69); 198(134.89); 199(59.31); 200(561.24); 201(977.91); 202(892.14); 203(744.55); 204(658.75); 205(709.76); 206(909.3); 207(438.28); 208(458.25); 209(888.29); 210(869.12); 211(984.57); 212(121.31); 213(35.12); 214(380.92); 215(208.84); 216(929.02); 217(712.34); 218(839.75); 219(906.42); 220(165.56); 221(19.45); 222(488.35); 223(545.68); 224(778.17); 225(665.85); 226(24.71); 227(227.9); 228(904.59); 229(570.66); 230(719.38); 231(623.25); 232(359.81); 233(778.38); 234(718.67); 235(50.1); 236(334.93); 237(36.53); 238(954.35); 239(432.43); 240(479.73); 241(783.46); 242(646.28); 243(402.87); 244(440.71); 245(486.65); 246(2.48); 247(980.83); 248(340.26); 249(448.76); 250(664.2); 251(648.05); 252(959.53); 253(209.74); 254(168.77); 255(561.7); 256(665.83); 257(366.4); 258(57.02); 259(721.82); 260(632.05); 261(790.67); 262(936.35); 263(366.25); 264(701.92); 265(405.85); 266(516.54); 267(974.96); 268(598.08); 269(259.45); 270(682.11); 271(947.26); 272(970.91); 273(398.45); 274(193.65); 275(712.33); 276(983.21); 277(94.4); 278(578.26); 279(364.75); 280(626.49); 281(71.31); 282(645.62); 283(847.83); 284(515.16); 285(124.67); 286(885.77); 287(695.32); 288(151.78); 289(82.03); 290(164.45); 291(347.08); 292(35.9); 293(242.61); 294(375.48); 295(332.79); 296(432.69); 297(462.73); 298(291.69); 299(257.79); 300(475.93); 301(323.27); 302(102.89); 303(373.88); 305(567.13); 306(659.76); 307(588.25); 308(852.96); 309(146.44); 310(155.71); 311(844.44); 312(710.68); 313(209.53); 314(375.26); 315(85.31); 316(705.0); 317(20.5); 318(632.55); 319(465.26); 320(458.49); 321(400.61); 322(156.58); 323(243.31); 324(262.06); 325(181.51); 326(365.46); 327(288.89); 328(20.38); 329(42.03); 330(975.15); 331(201.07); 332(184.56); 333(539.22); 334(615.91); 335(591.82); 336(166.65); 337(406.82); 338(401.08); 339(140.73); 340(197.94); 341(951.87); 342(970.84); 343(963.26); 344(926.93); 345(729.63); 346(331.63); 347(841.77); 348(180.59); 349(804.79); 350(554.85); 351(177.91); 352(878.49); 353(266.06); 354(752.96); 355(289.89); 356(592.87); 357(773.37); 358(834.67); 359(456.42); 360(130.45); 361(694.54); 362(831.47); 363(908.17); 364(588.5); 365(609.47); 366(656.67); 367(731.03); 368(942.96); 369(836.57); 370(510.9); 371(399.56); 372(830.54); 373(928.72); 374(272.59); 375(535.39); 376(978.71); 377(508.82); 378(126.26); 379(960.39); 380(879.46); 381(458.73); 382(585.52); 383(338.4); 384(48.4); 385(167.86); 386(430.16); 387(833.17); 388(498.26); 389(827.93); 390(47.55); 391(727.85); 392(624.61); 393(867.59); 394(860.84); 395(858.2); 396(676.18); 397(50.12); 398(753.14); 399(27.41); 400(58.36); 401(448.19); 402(341.04); 403(103.63); 404(287.14); 405(397.52); 406(791.89); 407(527.25); 408(990.61); 409(816.3); 410(817.77); 411(706.3); 412(419.19); 413(752.58); 414(58.46); 415(639.75); 416(80.43); 417(162.98); 418(414.63); 419(855.51); 420(399.97); 421(250.43); 422(376.3); 423(130.06); 424(81.12); 425(562.73); 426(298.95); 427(799.72); 428(243.93); 429(65.53); 430(530.29); 431(237.93); 432(890.93); 433(790.85); 434(397.25); 435(356.65); 436(128.14); 437(777.28); 438(987.12); 439(832.21); 440(366.16); 441(602.39); 442(599.22); 443(958.81); 444(173.1); 445(909.44); 446(422.92); 447(81.65); 448(590.95); 449(52.05); 450(15.85); 451(795.57); 452(506.19); 453(235.97); 454(564.87); 455(54.25); 456(223.65); 457(933.34); 458(461.53); 459(692.53); 460(824.92); 461(4.48); 462(897.83); 463(221.56); 464(888.32); 465(235.35); 466(672.57); 467(777.07); 468(533.23); 469(835.54); 470(710.7); 471(157.88); 472(556.19); 473(182.48); 474(224.34); 475(853.97); 476(431.81); 477(406.51); 478(684.28); 479(515.9); 480(827.12); 481(385.92); 482(852.45); 483(592.17); 484(281.84); 485(296.81); 486(571.64); 487(560.72); 488(652.0); 489(275.81); 490(465.11); 491(732.43); 492(278.72); 493(343.75); 494(209.21); 495(908.15); 496(157.9); 497(598.2); 498(989.44); 499(75.07),1
305,0(668.3); 1(16.98); 2(723.06); 3(432.34); 4(629.8); 5(570.76); 6(639.17); 7(384.72); 8(25.06); 9(249.65); 10(639.51); 11(500.07); 12(938.32); 13(366.64); 14(430.06); 15(317.45); 16(549.67); 17(992.14); 18(95.33); 19(812.3); 20(612.07); 21(415.43); 22(224.18); 23(451.89); 24(700.32); 25(295.32); 26(630.83); 27(117.13); 28(808.47); 29(606.79); 30(550.56); 31(444.24); 32(56.5); 33(239.19); 34(236.04); 35(740.7); 36(284.49); 37(865.68); 38(420.93); 39(102.28); 40(433.05); 41(392.95); 42(220.85); 43(801.57); 44(544.69); 45(100.44); 46(399.5); 47(494.19); 48(599.45); 49(891.06); 50(243.84); 51(310.89); 52(48.64); 53(97.62); 54(749.86); 55(636.63); 56(148.76); 57(695.89); 58(264.1); 59(316.44); 60(405.33); 61(189.74); 62(218.92); 63(724.3); 64(40.12); 65(696.27); 66(910.6); 67(448.55); 68(875.98); 69(149.4); 70(966.3); 71(65.39); 72(393.66); 73(27.27); 74(357.55); 75(196.2); 76(627.4); 77(156.59); 78(649.7); 79(856.81); 80(139.78); 81(832.46); 82(614.37); 83(231.45); 84(980.65); 85(479.04); 86(798.13); 87(71.17); 88(272.87); 89(834.12); 90(447.98); 91(800.89); 92(744.47); 93(823.86); 94(845.13); 95(601.37); 96(615.13); 97(659.94); 98(876.1); 99(126.83); 100(38.94); 101(208.05); 102(722.81); 103(150.52); 104(173.12); 105(38.78); 106(51.55); 107(399.91); 108(37.35); 109(649.24); 110(750.87); 111(656.29); 112(985.19); 113(285.29); 114(790.04); 115(405.18); 116(525.08); 117(356.88); 118(433.37); 119(319.22); 120(321.28); 121(308.0); 122(184.77); 123(789.31); 124(897.82); 125(138.12); 126(751.88); 127(166.26); 128(226.17); 129(482.31); 130(479.31); 131(557.09); 132(834.98); 133(838.38); 134(118.98); 135(310.13); 136(736.32); 137(918.47); 138(620.63); 139(344.51); 140(385.64); 141(807.5); 142(675.71); 143(505.53); 144(619.76); 145(453.17); 146(813.67); 147(603.84); 148(652.24); 149(397.92); 150(663.85); 151(97.86); 152(188.69); 153(590.05); 154(368.82); 155(93.44); 156(715.2); 157(908.42); 158(377.41); 159(757.72); 160(409.44); 161(8.81); 162(850.57); 163(733.45); 164(575.59); 165(687.75); 166(727.03); 167(289.55); 168(351.45); 169(779.15); 170(225.46); 171(549.78); 172(306.0); 173(400.08); 174(442.26); 175(422.87); 176(606.79); 177(433.01); 178(194.19); 179(909.64); 180(725.07); 181(640.88); 182(717.82); 183(133.85); 184(454.43); 185(524.22); 186(509.28); 187(11.97); 188(506.42); 189(271.74); 190(129.3); 191(879.52); 192(569.58); 193(774.01); 194(240.71); 195(35.93); 196(985.22); 197(256.13); 198(886.78); 199(679.58); 200(663.84); 201(362.87); 202(906.49); 203(199.17); 204(187.96); 205(136.27); 206(277.05); 207(533.28); 208(492.63); 209(458.15); 210(293.45); 211(798.36); 212(406.79); 213(947.39); 214(933.18); 215(70.99); 216(82.11); 217(151.98); 218(444.27); 219(630.25); 220(579.13); 221(504.72); 222(132.29); 223(425.81); 224(410.46); 225(812.5); 226(192.81); 227(152.6); 228(600.32); 229(75.57); 230(765.58); 231(561.97); 232(532.45); 233(624.52); 234(538.2); 235(232.47); 236(907.96); 237(354.63); 238(698.92); 239(669.17); 240(500.61); 241(139.43); 242(582.23); 243(496.29); 244(641.61); 245(596.49); 246(911.25); 247(190.82); 248(839.95); 249(685.24); 250(628.65); 251(939.58); 252(677.89); 253(803.69); 254(62.18); 255(713.75); 256(419.29); 257(183.5); 258(209.24); 259(208.69); 260(61.09); 261(217.18); 262(449.61); 263(907.79); 264(707.92); 265(111.6); 266(760.42); 267(966.77); 268(552.75); 269(484.79); 270(449.94); 271(184.37); 272(935.51); 273(611.15); 274(683.63); 275(611.0); 276(496.72); 277(665.97); 278(665.41); 279(643.14); 280(77.85); 281(833.76); 282(112.54); 283(851.16); 284(466.28); 285(111.61); 286(655.47); 287(490.53); 288(8.83); 289(685.7); 290(283.01); 291(901.79); 292(402.67); 293(194.08); 294(418.03); 295(778.38); 296(655.92); 297(389.29); 298(646.32); 299(819.03); 300(791.18); 301(545.02); 302(615.66); 303(561.57); 304(567.13); 306(548.7); 307(375.1); 308(140.97); 309(175.21); 310(559.9); 311(306.61); 312(673.49); 313(745.5); 314(460.6); 315(169.43); 316(75.68); 317(193.81); 318(438.71); 319(706.56); 320(466.69); 321(924.3); 322(950.06); 323(977.77); 324(374.78); 325(754.78); 326(752.23); 327(396.86); 328(282.43); 329(512.0); 330(764.46); 331(669.1); 332(505.93); 333(404.7); 334(419.22); 335(591.91); 336(195.91); 337(935.27); 338(869.06); 339(336.69); 340(691.6); 341(335.87); 342(833.94); 343(219.24); 344(632.23); 345(661.64); 346(46.4); 347(415.64); 348(787.19); 349(719.15); 350(830.95); 351(948.23); 352(475.98); 353(812.2); 354(862.88); 355(231.46); 356(885.88); 357(568.08); 358(401.02); 359(776.99); 360(524.48); 361(233.06); 362(748.94); 363(748.04); 364(403.74); 365(415.41); 366(763.59); 367(591.92); 368(60.4); 369(863.02); 370(501.91); 371(47.72); 372(44.15); 373(779.35); 374(558.72); 375(872.27); 376(73.47); 377(92.0); 378(207.49); 379(758.17); 380(436.33); 381(157.39); 382(716.19); 383(379.24); 384(229.03); 385(585.35); 386(348.53); 387(333.06); 388(301.8); 389(168.8); 390(621.03); 391(770.69); 392(83.81); 393(316.41); 394(378.47); 395(422.66); 396(272.48); 397(107.46); 398(54.5); 399(568.86); 400(827.37); 401(72.25); 402(3.12); 403(589.74); 404(815.22); 405(18.68); 406(499.44); 407(339.19); 408(866.33); 409(599.17); 410(192.83); 411(719.61); 412(309.23); 413(809.17); 414(869.86); 415(411.07); 416(55.9); 417(899.73); 418(996.22); 419(805.18); 420(210.33); 421(370.35); 422(491.59); 423(403.92); 424(891.51); 425(929.47); 426(256.42); 427(468.3); 428(704.05); 429(130.36); 430(749.18); 431(260.67); 432(724.32); 433(95.43); 434(746.58); 435(266.39); 436(357.15); 437(283.85); 438(171.38); 439(865.12); 440(233.58); 441(986.34); 442(879.75); 443(746.12); 444(138.24); 445(300.58); 446(36.45); 447(370.72); 448(417.57); 449(960.3); 450(93.43); 451(367.83); 452(264.46); 453(982.25); 454(224.27); 455(55.78); 456(10.98); 457(154.46); 458(709.19); 459(617.28); 460(942.46); 461(897.94); 462(591.18); 463(167.6); 464(795.51); 465(605.94); 466(124.06); 467(516.49); 468(520.35); 469(824.22); 470(565.77); 471(774.73); 472(953.37); 473(154.88); 474(956.23); 475(552.13); 476(725.43); 477(359.3); 478(977.75); 479(824.7); 480(40.73); 481(253.14); 482(382.47); 483(996.14); 484(371.54); 485(346.98); 486(344.9); 487(916.92); 488(289.94); 489(383.58); 490(321.43); 491(836.21); 492(30.31); 493(693.86); 494(150.99); 495(972.46); 496(641.64); 497(182.59); 498(446.65); 499(857.73),1
306,0(925.35); 1(101.29); 2(693.93); 3(691.74); 4(409.68); 5(275.21); 6(52.61); 7(238.63); 8(881.22); 9(310.94); 10(941.76); 11(193.88); 12(844.18); 13(153.53); 14(163.74); 15(7.88); 16(851.32); 17(873.88); 18(424.44); 19(976.29); 20(546.67); 21(19.37); 22(167.65); 23(79.0); 24(188.05); 25(864.89); 26(380.57); 27(32.48); 28(651.95); 29(448.13); 30(312.15); 31(66.63); 32(284.34); 33(861.24); 34(77.16); 35(172.62); 36(323.79); 37(503.72); 38(381.79); 39(553.6); 40(443.07); 41(340.74); 42(973.23); 43(197.93); 44(55.36); 45(763.29); 46(946.85); 47(566.01); 48(335.54); 49(411.88); 50(916.75); 51(451.37); 52(974.01); 53(627.73); 54(886.04); 55(58.69); 56(620.76); 57(751.8); 58(733.1); 59(991.68); 60(489.6); 61(326.22); 62(148.92); 63(399.78); 64(13.11); 65(316.41); 66(361.47); 67(477.87); 68(268.1); 69(787.39); 70(240.14); 71(63.1); 72(20.23); 73(384.71); 74(258.88); 75(532.17); 76(2.46); 77(6.55); 78(643.16); 79(799.36); 80(402.86); 81(10.33); 82(893.36); 83(642.68); 84(440.73); 85(68.81); 86(120.71); 87(822.44); 88(285.56); 89(104.38); 90(458.45); 91(3.54); 92(419.33); 93(168.75); 94(363.18); 95(983.14); 96(70.59); 97(485.23); 98(708.54); 99(204.56); 100(745.89); 101(785.76); 102(825.02); 103(749.28); 104(875.62); 105(536.64); 106(622.87); 107(694.13); 108(143.25); 109(835.04); 110(846.58); 111(571.94); 112(919.05); 113(19.21); 114(470.1); 115(913.97); 116(894.85); 117(758.18); 118(614.77); 119(784.77); 120(161.72); 121(782.12); 122(90.68); 123(259.28); 124(806.88); 125(92.98); 126(448.45); 127(345.0); 128(839.51); 129(123.63); 130(678.41); 131(481.34); 132(897.18); 133(913.98); 134(644.53); 135(245.32); 136(105.2); 137(426.87); 138(836.6); 139(647.58); 140(258.84); 141(805.89); 142(465.81); 143(485.93); 144(468.11); 145(599.62); 146(860.18); 147(515.27); 148(949.92); 149(105.71); 150(224.11); 151(942.06); 152(732.5); 153(973.82); 154(647.68); 155(990.35); 156(483.23); 157(936.4); 158(621.93); 159(802.46); 160(527.83); 161(623.27); 162(533.68); 163(891.52); 164(477.7); 165(694.98); 166(969.19); 167(487.2); 168(52.21); 169(29.13); 170(554.27); 171(147.58); 172(236.17); 173(97.9); 174(761.07); 175(514.69); 176(886.49); 177(694.59); 178(168.12); 179(258.24); 180(757.5); 181(407.22); 182(749.7); 183(808.52); 184(901.51); 185(477.06); 186(300.95); 187(735.24); 188(488.73); 189(791.07); 190(800.24); 191(303.44); 192(215.63); 193(35.74); 194(211.84); 195(100.35); 196(647.78); 197(870.91); 198(47.35); 199(270.01); 200(695.88); 201(138.44); 202(491.21); 203(394.34); 204(141.8); 205(229.59); 206(646.26); 207(71.87); 208(542.4); 209(593.11); 210(736.77); 211(647.36); 212(832.96); 213(140.91); 214(724.06); 215(953.95); 216(492.1); 217(129.08); 218(154.2); 219(561.04); 220(118.61); 221(465.53); 222(263.58); 223(462.94); 224(967.77); 225(641.45); 226(258.96); 227(561.88); 228(12.35); 229(78.35); 230(939.43); 231(56.75); 232(772.98); 233(962.67); 234(344.11); 235(193.25); 236(757.96); 237(747.32); 238(514.86); 239(338.55); 240(704.78); 241(881.03); 242(400.62); 243(595.72); 244(937.24); 245(487.41); 246(634.41); 247(727.41); 248(551.29); 249(100.45); 250(92.83); 251(585.87); 252(225.21); 253(205.84); 254(976.79); 255(148.64); 256(45.22); 257(860.43); 258(405.66); 259(128.91); 260(649.79); 261(130.69); 262(540.8); 263(224.45); 264(609.15); 265(651.96); 266(188.89); 267(108.13); 268(106.36); 269(455.87); 270(689.2); 271(782.75); 272(136.85); 273(157.14); 274(672.22); 275(914.4); 276(167.33); 277(671.36); 278(38.68); 279(141.93); 280(401.41); 281(635.19); 282(560.77); 283(687.17); 284(364.8); 285(315.99); 286(396.45); 287(232.19); 288(400.03); 289(792.05); 290(82.67); 291(285.84); 292(314.8); 293(441.03); 294(468.85); 295(570.71); 296(582.67); 297(305.16); 298(453.21); 299(289.16); 300(708.94); 301(685.63); 302(331.13); 303(401.13); 304(659.76); 305(548.7); 307(442.94); 308(72.59); 309(45.04); 310(292.44); 311(440.38); 312(984.6); 313(244.84); 314(711.91); 315(586.22); 316(778.81); 317(180.67); 318(805.5); 319(194.84); 320(662.96); 321(767.41); 322(423.23); 323(693.11); 324(52.74); 325(617.92); 326(636.38); 327(908.44); 328(123.02); 329(37.92); 330(14.0); 331(854.96); 332(552.38); 333(554.5); 334(351.18); 335(10.69); 336(409.77); 337(3.68); 338(359.84); 339(864.23); 340(419.34); 341(330.58); 342(835.97); 343(278.91); 344(792.04); 345(627.24); 346(848.6); 347(285.39); 348(313.67); 349(582.25); 350(985.86); 351(815.35); 352(767.34); 353(991.6); 354(943.59); 355(144.96); 356(18.39); 357(505.23); 358(111.64); 359(282.82); 360(315.2); 361(190.86); 362(957.15); 363(881.97); 364(384.45); 365(438.13); 366(656.12); 367(299.54); 368(466.34); 369(218.6); 370(106.66); 371(490.09); 372(500.57); 373(277.91); 374(187.6); 375(221.75); 376(897.28); 377(791.89); 378(624.19); 379(369.85); 380(288.55); 381(887.2); 382(589.52); 383(450.85); 384(38.19); 385(81.37); 386(881.2); 387(91.67); 388(17.05); 389(930.56); 390(610.61); 391(860.93); 392(659.29); 393(503.69); 394(968.02); 395(182.07); 396(221.82); 397(86.74); 398(549.52); 399(807.03); 400(365.01); 401(488.05); 402(599.75); 403(271.23); 404(922.23); 405(977.0); 406(656.77); 407(825.54); 408(6.08); 409(553.85); 410(587.74); 411(772.15); 412(985.39); 413(444.44); 414(353.61); 415(956.58); 416(633.28); 417(450.96); 418(972.23); 419(125.27); 420(378.89); 421(313.49); 422(642.26); 423(776.26); 424(131.45); 425(982.15); 426(171.6); 427(250.56); 428(67.46); 429(424.38); 430(597.4); 431(517.96); 432(583.86); 433(245.82); 434(110.72); 435(562.64); 436(543.09); 437(471.98); 438(583.76); 439(802.67); 440(592.09); 441(974.4); 442(211.84); 443(832.53); 444(871.95); 445(881.98); 446(825.69); 447(406.49); 448(119.1); 449(332.88); 450(431.77); 451(268.09); 452(15.69); 453(349.15); 454(598.76); 455(580.82); 456(370.62); 457(441.14); 458(120.14); 459(678.28); 460(119.56); 461(999.65); 462(688.02); 463(536.6); 464(611.65); 465(316.58); 466(793.52); 467(876.76); 468(411.68); 469(469.85); 470(906.92); 471(832.14); 472(194.08); 473(610.18); 474(881.6); 475(610.9); 476(948.99); 477(565.71); 478(358.92); 479(117.04); 480(82.28); 481(91.06); 482(509.38); 483(659.52); 484(921.48); 485(291.31); 486(482.25); 487(828.24); 488(553.33); 489(268.76); 490(379.31); 491(663.32); 492(388.79); 493(941.19); 494(303.79); 495(207.97); 496(793.12); 497(894.32); 498(302.57); 499(147.74),2
307,0(349.89); 1(590.27); 2(766.89); 3(667.32); 4(910.93); 5(456.68); 6(386.25); 7(571.73); 8(404.99); 9(455.65); 10(371.95); 11(330.59); 12(357.77); 13(398.11); 14(431.26); 15(634.08); 16(974.93); 17(843.53); 18(674.58); 19(935.39); 20(452.75); 21(494.68); 22(100.89); 23(228.09); 24(896.97); 25(226.85); 26(999.47); 27(693.52); 28(17.59); 29(633.15); 30(960.72); 31(358.33); 32(625.55); 33(242.61); 34(463.92); 35(784.45); 36(909.21); 37(768.45); 38(112.04); 39(955.55); 40(431.34); 41(278.79); 42(919.74); 43(967.0); 44(21.71); 45(480.76); 46(791.92); 47(665.94); 48(791.32); 49(374.48); 50(902.9); 51(485.54); 52(781.64); 53(160.64); 54(710.44); 55(97.98); 56(121.98); 57(424.8); 58(312.69); 59(271.7); 60(55.03); 61(560.87); 62(152.48); 63(402.25); 64(494.08); 65(555.71); 66(184.28); 67(264.2); 68(880.49); 69(389.47); 70(370.36); 71(312.27); 72(868.87); 73(251.92); 74(671.13); 75(322.85); 76(590.45); 77(939.18); 78(530.36); 79(21.65); 80(522.3); 81(49.68); 82(417.3); 83(112.19); 84(704.38); 85(822.71); 86(930.61); 87(415.89); 88(538.5); 89(388.29); 90(90.93); 91(439.59); 92(426.11); 93(575.82); 94(786.55); 95(446.88); 96(92.5); 97(965.39); 98(232.34); 99(206.86); 100(680.25); 101(599.62); 102(642.03); 103(422.43); 104(988.14); 105(786.22); 106(11.64); 107(362.27); 108(829.17); 109(308.98); 110(102.15); 111(569.24); 112(957.53); 113(881.43); 114(692.36); 115(126.57); 116(866.02); 117(113.25); 118(44.32); 119(909.25); 120(781.25); 121(621.81); 122(561.91); 123(331.12); 124(571.34); 125(152.43); 126(639.04); 127(433.44); 128(525.8); 129(945.29); 130(234.37); 131(428.5); 132(262.51); 133(684.18); 134(782.37); 135(72.44); 136(482.39); 137(391.61); 138(409.5); 139(960.59); 140(832.1); 141(171.45); 142(817.26); 143(799.29); 144(453.24); 145(336.65); 146(3.49); 147(7.13); 148(276.68); 149(908.53); 150(458.6); 151(703.62); 152(649.07); 153(28.18); 154(549.83); 155(872.4); 156(169.84); 157(197.97); 158(610.04); 159(399.5); 160(474.72); 161(132.52); 162(106.03); 163(190.3); 164(371.51); 165(776.87); 166(916.46); 167(720.8); 168(203.95); 169(943.16); 170(84.79); 171(140.13); 172(443.96); 173(201.78); 174(823.34); 175(379.68); 176(787.83); 177(469.37); 178(852.91); 179(656.01); 180(179.33); 181(740.61); 182(979.02); 183(972.51); 184(526.72); 185(186.85); 186(605.02); 187(603.46); 188(252.85); 189(371.09); 190(359.43); 191(936.62); 192(818.13); 193(868.1); 194(580.21); 195(153.3); 196(288.23); 197(559.49); 198(676.12); 199(709.76); 200(236.09); 201(837.84); 202(466.54); 203(327.08); 204(362.93); 205(890.9); 206(340.03); 207(871.73); 208(874.29); 209(486.79); 210(986.19); 211(500.42); 212(156.21); 213(340.56); 214(984.96); 215(886.48); 216(933.5); 217(416.19); 218(124.16); 219(657.43); 220(618.33); 221(960.59); 222(253.05); 223(857.19); 224(750.28); 225(941.25); 226(956.8); 227(472.48); 228(902.85); 229(523.93); 230(617.91); 231(924.55); 232(484.69); 233(564.84); 234(471.31); 235(208.87); 236(219.46); 237(543.68); 238(969.61); 239(183.9); 240(767.13); 241(428.72); 242(967.46); 243(819.5); 244(509.59); 245(788.46); 246(742.4); 247(427.97); 248(650.98); 249(401.69); 250(780.22); 251(412.83); 252(32.17); 253(689.81); 254(125.27); 255(165.94); 256(251.14); 257(139.02); 258(17.83); 259(510.73); 260(59.74); 261(352.75); 262(127.33); 263(203.8); 264(453.77); 265(770.25); 266(561.65); 267(937.38); 268(946.59); 269(777.26); 270(470.5); 271(784.53); 272(0.69); 273(918.41); 274(740.0); 275(689.44); 276(195.73); 277(891.02); 278(546.94); 279(877.86); 280(852.39); 281(188.75); 282(670.52); 283(943.18); 284(420.45); 285(949.47); 286(985.41); 287(219.85); 288(40.27); 289(812.42); 290(784.08); 291(147.76); 292(236.77); 293(18.27); 294(626.71); 295(784.4); 296(362.66); 297(975.51); 298(6.94); 299(291.24); 300(488.57); 301(213.03); 302(531.59); 303(218.14); 304(588.25); 305(375.1); 306(442.94); 308(859.96); 309(118.67); 310(654.2); 311(84.21); 312(467.05); 313(46.59); 314(913.91); 315(444.96); 316(46.66); 317(458.2); 318(156.35); 319(431.98); 320(225.37); 321(323.37); 322(60.73); 323(551.53); 324(255.21); 325(267.69); 326(81.65); 327(223.83); 328(713.67); 329(60.55); 330(474.63); 331(579.77); 332(344.31); 333(532.45); 334(49.75); 335(889.17); 336(299.67); 337(580.39); 338(477.85); 339(831.62); 340(295.94); 341(300.19); 342(850.95); 343(230.1); 344(271.46); 345(195.77); 346(887.22); 347(145.09); 348(99.48); 349(55.55); 350(367.57); 351(831.91); 352(286.76); 353(542.3); 354(468.89); 355(573.09); 356(708.26); 357(561.57); 358(218.24); 359(943.47); 360(606.34); 361(468.39); 362(114.17); 363(734.74); 364(109.6); 365(203.83); 366(595.21); 367(210.77); 368(69.31); 369(770.39); 370(499.16); 371(978.39); 372(438.87); 373(955.98); 374(976.59); 375(722.11); 376(401.8); 377(166.5); 378(516.27); 379(482.08); 380(80.29); 381(549.79); 382(734.84); 383(299.59); 384(531.05); 385(448.56); 386(91.33); 387(977.65); 388(95.45); 389(954.06); 390(876.38); 391(739.21); 392(689.04); 393(407.53); 394(350.14); 395(682.83); 396(472.57); 397(855.47); 398(487.55); 399(769.2); 400(114.11); 401(250.99); 402(363.83); 403(860.84); 404(851.53); 405(476.01); 406(309.97); 407(5.52); 408(582.24); 409(528.68); 410(650.0); 411(425.3); 412(239.94); 413(203.97); 414(114.5); 415(18.7); 416(232.12); 417(87.19); 418(147.64); 419(625.35); 420(12.22); 421(829.15); 422(330.58); 423(320.12); 424(62.34); 425(813.56); 426(833.76); 427(480.37); 428(245.02); 429(318.27); 430(900.98); 431(918.02); 432(36.22); 433(33.04); 434(68.23); 435(28.22); 436(27.69); 437(28.89); 438(107.04); 439(626.43); 440(388.7); 441(458.39); 442(105.91); 443(843.58); 444(587.41); 445(984.69); 446(295.1); 447(401.11); 448(936.95); 449(874.04); 450(659.45); 451(34.07); 452(355.84); 453(514.27); 454(427.94); 455(849.6); 456(24.16); 457(64.16); 458(649.32); 459(457.94); 460(861.12); 461(726.3); 462(109.13); 463(847.02); 464(23.59); 465(843.07); 466(775.37); 467(333.48); 468(928.1); 469(446.85); 470(315.68); 471(168.67); 472(176.94); 473(793.46); 474(464.99); 475(111.05); 476(387.34); 477(886.87); 478(356.02); 479(138.92); 480(367.29); 481(796.48); 482(612.91); 483(207.61); 484(992.6); 485(895.92); 486(551.07); 487(286.07); 488(60.47); 489(726.54); 490(176.51); 491(791.95); 492(120.25); 493(995.69); 494(785.06); 495(258.43); 496(728.59); 497(171.3); 498(735.6); 499(290.78),1
308,0(893.33); 1(992.34); 2(387.72); 3(374.17); 4(875.55); 5(321.1); 6(737.1); 7(556.75); 8(558.25); 9(336.69); 10(723.72); 11(962.99); 12(442.67); 13(403.95); 14(843.3); 15(677.05); 16(652.82); 17(494.67); 18(503.07); 19(387.53); 20(360.29); 21(186.49); 22(736.77); 23(87.88); 24(824.9); 25(452.76); 26(528.36); 27(17.9); 28(710.6); 29(153.25); 30(427.4); 31(182.56); 32(352.79); 33(763.97); 34(473.75); 35(808.55); 36(974.51); 37(535.78); 38(276.63); 39(406.86); 40(236.85); 41(387.3); 42(273.81); 43(285.49); 44(455.08); 45(939.69); 46(135.45); 47(862.57); 48(449.87); 49(351.43); 50(937.48); 51(414.0); 52(14.1); 53(492.73); 54(153.96); 55(11.9); 56(656.77); 57(404.82); 58(236.12); 59(541.53); 60(277.93); 61(259.28); 62(306.22); 63(121.57); 64(263.18); 65(546.0); 66(771.9); 67(153.57); 68(650.21); 69(242.78); 70(155.09); 71(243.23); 72(373.44); 73(717.54); 74(652.89); 75(802.34); 76(285.93); 77(817.19); 78(885.45); 79(551.7); 80(792.1); 81(326.62); 82(559.53); 83(775.13); 84(751.86); 85(199.11); 86(492.83); 87(116.55); 88(661.08); 89(675.62); 90(481.05); 91(626.44); 92(211.2); 93(220.73); 94(927.06); 95(650.5); 96(414.35); 97(564.04); 98(972.6); 99(780.46); 100(966.68); 101(528.7); 102(630.61); 103(316.65); 104(177.68); 105(647.17); 106(563.77); 107(860.32); 108(272.02); 109(707.68); 110(805.65); 111(29.45); 112(581.27); 113(336.55); 114(424.97); 115(396.58); 116(208.01); 117(333.46); 118(136.8); 119(356.69); 120(712.89); 121(255.95); 122(204.66); 123(939.39); 124(487.6); 125(204.35); 126(741.78); 127(189.42); 128(453.3); 129(625.21); 130(340.88); 131(731.84); 132(856.55); 133(912.64); 134(681.14); 135(850.03); 136(730.39); 137(13.49); 138(971.44); 139(973.1); 140(719.38); 141(930.94); 142(497.2); 143(296.66); 144(452.24); 145(922.45); 146(186.23); 147(8.86); 148(335.36); 149(526.99); 150(116.13); 151(583.61); 152(330.47); 153(652.09); 154(96.01); 155(668.14); 156(23.52); 157(275.55); 158(263.13); 159(733.87); 160(690.19); 161(612.6); 162(785.48); 163(998.07); 164(931.14); 165(721.49); 166(360.18); 167(940.87); 168(781.76); 169(182.24); 170(23.21); 171(588.0); 172(824.55); 173(918.94); 174(989.4); 175(970.53); 176(282.1); 177(441.36); 178(343.11); 179(576.33); 180(461.75); 181(928.31); 182(714.29); 183(143.2); 184(953.39); 185(211.82); 186(844.45); 187(219.55); 188(933.26); 189(705.27); 190(412.17); 191(422.47); 192(823.9); 193(314.6); 194(905.54); 195(59.7); 196(963.12); 197(523.63); 198(71.24); 199(304.33); 200(342.1); 201(424.07); 202(345.74); 203(694.76); 204(514.61); 205(855.13); 206(532.95); 207(798.61); 208(626.27); 209(849.19); 210(991.73); 211(647.89); 212(36.96); 213(660.5); 214(608.94); 215(987.91); 216(292.13); 217(112.66); 218(852.59); 219(739.75); 220(177.08); 221(103.88); 222(250.6); 223(773.88); 224(44.56); 225(382.16); 226(252.23); 227(764.59); 228(516.49); 229(718.09); 230(768.71); 231(129.85); 232(88.52); 233(652.51); 234(181.88); 235(422.6); 236(293.79); 237(97.98); 238(243.34); 239(868.73); 240(877.88); 241(63.11); 242(994.13); 243(476.93); 244(232.88); 245(473.31); 246(53.23); 247(733.97); 248(472.48); 249(672.19); 250(766.93); 251(41.29); 252(44.88); 253(539.74); 254(485.96); 255(687.25); 256(504.34); 257(525.36); 258(192.29); 259(935.83); 260(202.67); 261(329.69); 262(317.15); 263(789.48); 264(237.36); 265(868.81); 266(495.12); 267(514.49); 268(86.99); 269(471.18); 270(371.41); 271(932.92); 272(725.28); 273(489.35); 274(290.92); 275(712.32); 276(977.79); 277(233.83); 278(300.61); 279(78.28); 280(650.98); 281(17.99); 282(95.56); 283(230.03); 284(286.22); 285(528.35); 286(710.18); 287(482.55); 288(385.52); 289(867.69); 290(689.34); 291(766.11); 292(781.42); 293(401.1); 294(81.6); 295(365.23); 296(792.71); 297(582.72); 298(810.53); 299(735.5); 300(413.99); 301(235.73); 302(807.95); 303(784.02); 304(852.96); 305(140.97); 306(72.59); 307(859.96); 309(737.31); 310(848.31); 311(391.19); 312(241.57); 313(464.8); 314(868.74); 315(610.3); 316(3.79); 317(972.77); 318(49.98); 319(860.54); 320(127.52); 321(6.16); 322(966.57); 323(282.16); 324(999.37); 325(254.37); 326(157.45); 327(6.52); 328(227.58); 329(523.6); 330(94.89); 331(990.28); 332(472.24); 333(884.61); 334(530.02); 335(408.33); 336(615.81); 337(391.04); 338(320.36); 339(749.15); 340(85.13); 341(425.61); 342(334.32); 343(308.53); 344(858.46); 345(434.76); 346(824.89); 347(57.6); 348(22.47); 349(349.8); 350(713.27); 351(988.41); 352(61.09); 353(578.68); 354(896.82); 355(87.16); 356(59.19); 357(768.68); 358(316.03); 359(395.52); 360(981.97); 361(750.71); 362(269.9); 363(354.97); 364(819.01); 365(924.84); 366(735.25); 367(275.91); 368(564.25); 369(818.96); 370(6.91); 371(189.35); 372(405.07); 373(372.51); 374(432.44); 375(658.76); 376(523.77); 377(198.21); 378(886.51); 379(987.66); 380(631.33); 381(494.34); 382(515.43); 383(695.98); 384(802.27); 385(111.05); 386(328.11); 387(59.94); 388(493.74); 389(164.54); 390(618.9); 391(84.75); 392(16.28); 393(303.05); 394(754.92); 395(954.13); 396(598.75); 397(105.45); 398(701.76); 399(534.96); 400(719.15); 401(30.95); 402(956.46); 403(612.0); 404(167.24); 405(839.58); 406(669.06); 407(451.91); 408(289.21); 409(265.22); 410(349.54); 411(491.67); 412(832.89); 413(682.51); 414(255.96); 415(83.67); 416(567.81); 417(969.26); 418(398.48); 419(200.02); 420(405.67); 421(867.68); 422(352.79); 423(339.66); 424(97.95); 425(714.07); 426(602.91); 427(3.16); 428(330.47); 429(391.45); 430(403.05); 431(805.56); 432(872.14); 433(357.47); 434(589.27); 435(113.07); 436(170.48); 437(172.57); 438(925.85); 439(837.68); 440(327.16); 441(728.49); 442(801.04); 443(605.33); 444(785.81); 445(330.9); 446(464.63); 447(178.58); 448(935.02); 449(602.28); 450(603.06); 451(307.13); 452(574.86); 453(547.33); 454(992.25); 455(688.93); 456(478.27); 457(451.33); 458(382.06); 459(939.64); 460(41.41); 461(492.52); 462(467.23); 463(432.88); 464(841.77); 465(973.72); 466(15.95); 467(670.89); 468(738.65); 469(559.11); 470(788.91); 471(188.14); 472(797.93); 473(652.69); 474(683.11); 475(54.01); 476(248.29); 477(684.1); 478(478.69); 479(360.79); 480(142.27); 481(826.55); 482(783.02); 483(18.21); 484(834.23); 485(85.06); 486(277.75); 487(414.27); 488(586.93); 489(572.67); 490(897.96); 491(620.57); 492(718.49); 493(723.27); 494(337.09); 495(199.18); 496(93.79); 497(497.06); 498(908.2); 499(47.57),1
309,0(163.58); 1(903.23); 2(305.19); 3(476.39); 4(693.39); 5(503.21); 6(795.11); 7(531.16); 8(565.57); 9(548.52); 10(197.05); 11(639.39); 12(20.93); 13(666.06); 14(946.52); 15(324.7); 16(336.98); 17(541.74); 18(593.79); 19(550.06); 20(957.71); 21(518.19); 22(569.58); 23(143.78); 24(662.33); 25(812.02); 26(636.66); 27(463.08); 28(113.67); 29(218.9); 30(5.88); 31(706.79); 32(564.98); 33(779.38); 34(98.4); 35(664.66); 36(983.55); 37(181.06); 38(460.36); 39(400.05); 40(233.83); 41(409.52); 42(634.85); 43(991.58); 44(367.31); 45(269.78); 46(901.45); 47(273.34); 48(263.25); 49(674.35); 50(365.14); 51(566.36); 52(157.72); 53(12.32); 54(642.46); 55(428.28); 56(997.84); 57(585.88); 58(578.84); 59(101.95); 60(685.35); 61(250.55); 62(446.76); 63(444.43); 64(205.95); 65(593.74); 66(895.53); 67(904.02); 68(32.68); 69(539.35); 70(708.12); 71(830.76); 72(995.38); 73(236.09); 74(787.61); 75(584.14); 76(613.65); 77(47.53); 78(882.09); 79(997.05); 80(835.36); 81(214.87); 82(475.82); 83(109.17); 84(322.5); 85(334.93); 86(587.58); 87(244.05); 88(318.35); 89(754.02); 90(350.82); 91(543.07); 92(489.74); 93(773.58); 94(616.89); 95(508.75); 96(257.06); 97(385.24); 98(109.61); 99(127.19); 100(246.72); 101(369.2); 102(388.11); 103(63.36); 104(620.96); 105(815.0); 106(681.82); 107(438.79); 108(668.53); 109(144.83); 110(34.72); 111(655.87); 112(550.3); 113(428.23); 114(362.21); 115(430.44); 116(360.93); 117(778.51); 118(937.93); 119(233.69); 120(672.49); 121(302.53); 122(437.53); 123(772.83); 124(247.52); 125(499.77); 126(225.61); 127(570.46); 128(822.93); 129(714.52); 130(289.97); 131(815.9); 132(818.04); 133(720.71); 134(222.77); 135(891.43); 136(753.75); 137(977.0); 138(719.45); 139(83.58); 140(93.58); 141(995.52); 142(312.59); 143(959.47); 144(593.97); 145(807.63); 146(816.84); 147(57.89); 148(798.8); 149(479.1); 150(903.01); 151(167.68); 152(464.66); 153(383.8); 154(145.66); 155(142.26); 156(99.96); 157(378.07); 158(78.93); 159(826.44); 160(887.31); 161(840.43); 162(669.4); 163(817.83); 164(146.34); 165(320.48); 166(377.33); 167(89.58); 168(84.2); 169(891.98); 170(226.29); 171(687.71); 172(129.21); 173(915.25); 174(745.35); 175(653.96); 176(80.88); 177(617.31); 178(89.02); 179(435.95); 180(77.21); 181(675.31); 182(592.4); 183(939.78); 184(105.04); 185(674.17); 186(697.83); 187(904.18); 188(104.22); 189(421.65); 190(30.55); 191(444.91); 192(176.9); 193(428.77); 194(951.5); 195(939.27); 196(117.33); 197(67.75); 198(985.73); 199(160.89); 200(82.88); 201(627.56); 202(550.86); 203(103.21); 204(208.37); 205(549.05); 206(977.61); 207(36.21); 208(781.57); 209(712.48); 210(727.23); 211(394.09); 212(851.88); 213(289.08); 214(63.93); 215(54.25); 216(346.63); 217(224.84); 218(7.41); 219(615.07); 220(187.42); 221(989.68); 222(621.96); 223(804.55); 224(541.47); 225(183.13); 226(69.75); 227(476.14); 228(261.11); 229(264.26); 230(521.95); 231(246.98); 232(350.94); 233(174.14); 234(346.47); 235(665.55); 236(270.03); 237(538.22); 238(469.0); 239(107.53); 240(626.71); 241(92.79); 242(22.36); 243(998.26); 244(204.65); 245(913.89); 246(500.46); 247(94.43); 248(369.82); 249(406.42); 250(605.79); 251(653.05); 252(182.66); 253(335.78); 254(904.2); 255(613.61); 256(909.59); 257(581.61); 258(236.92); 259(306.15); 260(38.09); 261(770.62); 262(623.73); 263(606.19); 264(601.9); 265(170.79); 266(121.45); 267(803.67); 268(890.39); 269(741.76); 270(793.98); 271(527.17); 272(922.99); 273(600.54); 274(532.27); 275(85.64); 276(989.88); 277(720.96); 278(249.53); 279(77.31); 280(491.47); 281(74.9); 282(70.73); 283(860.96); 284(578.54); 285(297.2); 286(163.86); 287(215.4); 288(902.12); 289(867.22); 290(164.2); 291(122.85); 292(592.07); 293(250.65); 294(290.99); 295(115.2); 296(460.57); 297(665.37); 298(340.75); 299(644.91); 300(27.12); 301(484.73); 302(945.09); 303(226.43); 304(146.44); 305(175.21); 306(45.04); 307(118.67); 308(737.31); 310(743.33); 311(627.69); 312(741.03); 313(268.93); 314(816.05); 315(696.97); 316(646.71); 317(302.23); 318(258.16); 319(162.21); 320(754.73); 321(948.21); 322(700.47); 323(257.06); 324(214.33); 325(368.4); 326(562.24); 327(430.62); 328(771.81); 329(942.04); 330(407.28); 331(80.06); 332(989.87); 333(148.75); 334(680.77); 335(685.62); 336(738.83); 337(969.43); 338(467.16); 339(656.14); 340(806.81); 341(479.43); 342(543.12); 343(161.39); 344(290.06); 345(603.95); 346(455.71); 347(722.48); 348(362.34); 349(806.35); 350(951.66); 351(188.51); 352(105.78); 353(921.11); 354(676.67); 355(504.73); 356(696.67); 357(914.57); 358(97.13); 359(546.06); 360(225.49); 361(9.84); 362(347.99); 363(243.5); 364(999.35); 365(13.33); 366(152.79); 367(609.56); 368(389.1); 369(141.85); 370(502.32); 371(739.37); 372(630.55); 373(335.07); 374(692.74); 375(22.59); 376(187.15); 377(784.36); 378(535.85); 379(823.15); 380(159.66); 381(703.19); 382(366.29); 383(616.31); 384(453.62); 385(12.94); 386(300.46); 387(899.78); 388(255.35); 389(146.27); 390(140.88); 391(527.66); 392(3.89); 393(918.7); 394(517.44); 395(575.22); 396(334.93); 397(111.53); 398(851.49); 399(422.46); 400(46.42); 401(815.96); 402(38.38); 403(381.25); 404(156.56); 405(829.26); 406(918.84); 407(35.02); 408(468.61); 409(274.5); 410(610.3); 411(200.72); 412(313.95); 413(514.28); 414(601.34); 415(518.57); 416(751.75); 417(118.49); 418(551.07); 419(765.44); 420(45.11); 421(347.78); 422(723.38); 423(654.82); 424(349.29); 425(153.62); 426(724.55); 427(818.75); 428(630.73); 429(575.1); 430(61.0); 431(49.15); 432(980.81); 433(454.93); 434(751.96); 435(982.78); 436(568.88); 437(680.14); 438(60.47); 439(512.52); 440(478.83); 441(193.8); 442(299.66); 443(650.33); 444(813.17); 445(846.34); 446(342.03); 447(578.94); 448(671.19); 449(496.61); 450(196.31); 451(17.11); 452(97.96); 453(688.63); 454(440.72); 455(958.51); 456(782.76); 457(190.77); 458(13.95); 459(9.84); 460(219.9); 461(61.11); 462(56.8); 463(285.95); 464(935.99); 465(633.24); 466(151.65); 467(62.17); 468(54.3); 469(38.51); 470(52.96); 471(684.49); 472(413.74); 473(666.74); 474(119.26); 475(933.62); 476(12.85); 477(805.23); 478(109.56); 479(4.03); 480(717.51); 481(906.26); 482(238.18); 483(411.32); 484(191.93); 485(261.87); 486(520.99); 487(232.63); 488(651.73); 489(536.35); 490(997.99); 491(283.11); 492(755.38); 493(782.14); 494(117.0); 495(416.91); 496(694.02); 497(69.44); 498(229.66); 499(233.82),1
310,0(887.9); 1(146.86); 2(696.57); 3(119.48); 4(14.29); 5(276.89); 6(934.51); 7(386.03); 8(864.39); 9(331.6); 10(164.37); 11(774.96); 12(369.59); 13(975.56); 14(598.92); 15(56.79); 16(924.17); 17(383.83); 18(378.34); 19(382.43); 20(362.21); 21(404.95); 22(359.97); 23(246.21); 24(186.66); 25(641.19); 26(226.7); 27(35.62); 28(259.29); 29(705.58); 30(479.07); 31(245.67); 32(318.46); 33(444.65); 34(437.81); 35(746.63); 36(252.37); 37(319.42); 38(173.54); 39(971.8); 40(605.84); 41(336.31); 42(70.54); 43(208.49); 44(168.58); 45(64.39); 46(898.65); 47(39.32); 48(337.16); 49(735.14); 50(88.94); 51(790.1); 52(434.08); 53(681.84); 54(547.6); 55(390.71); 56(289.51); 57(659.25); 58(877.19); 59(629.92); 60(649.32); 61(408.78); 62(407.74); 63(390.66); 64(224.89); 65(658.77); 66(761.24); 67(415.64); 68(904.59); 69(22.94); 70(254.4); 71(810.22); 72(966.31); 73(367.65); 74(45.93); 75(417.0); 76(32.23); 77(438.39); 78(250.88); 79(235.85); 80(872.41); 81(854.95); 82(425.68); 83(796.81); 84(981.96); 85(245.22); 86(773.73); 87(859.04); 88(265.55); 89(622.67); 90(166.63); 91(209.19); 92(317.45); 93(997.61); 94(120.08); 95(516.74); 96(125.85); 97(629.83); 98(666.13); 99(946.56); 100(562.04); 101(0.55); 102(71.92); 103(924.57); 104(65.25); 105(598.05); 106(583.89); 107(226.56); 108(356.07); 109(802.86); 110(240.96); 111(301.01); 112(726.68); 113(302.12); 114(474.66); 115(488.18); 116(66.96); 117(502.59); 118(230.36); 119(688.02); 120(416.08); 121(723.41); 122(832.08); 123(78.89); 124(138.29); 125(400.26); 126(705.99); 127(301.11); 128(383.47); 129(211.48); 130(532.76); 131(563.81); 132(625.4); 133(589.43); 134(212.85); 135(904.82); 136(429.57); 137(430.22); 138(198.05); 139(947.42); 140(360.77); 141(629.41); 142(786.86); 143(998.37); 144(330.95); 145(266.18); 146(616.92); 147(54.73); 148(809.43); 149(505.25); 150(175.02); 151(851.12); 152(154.66); 153(327.33); 154(447.86); 155(902.12); 156(166.58); 157(399.87); 158(86.34); 159(697.42); 160(612.1); 161(688.33); 162(837.1); 163(860.53); 164(983.83); 165(50.12); 166(611.93); 167(100.63); 168(113.12); 169(533.78); 170(557.94); 171(870.08); 172(827.18); 173(213.47); 174(780.9); 175(911.62); 176(575.09); 177(2.27); 178(245.87); 179(747.97); 180(881.43); 181(76.26); 182(846.19); 183(196.38); 184(819.21); 185(625.06); 186(47.2); 187(34.04); 188(782.27); 189(225.87); 190(513.1); 191(344.15); 192(929.73); 193(873.81); 194(768.98); 195(941.42); 196(498.03); 197(237.41); 198(548.59); 199(393.65); 200(424.66); 201(343.39); 202(398.71); 203(962.02); 204(300.6); 205(361.21); 206(775.17); 207(331.83); 208(444.2); 209(840.85); 210(425.41); 211(955.43); 212(279.65); 213(389.92); 214(465.56); 215(978.45); 216(914.9); 217(226.52); 218(723.64); 219(709.49); 220(832.65); 221(348.16); 222(738.09); 223(439.23); 224(546.04); 225(203.67); 226(510.57); 227(688.23); 228(901.0); 229(720.07); 230(597.13); 231(995.2); 232(498.9); 233(429.19); 234(373.96); 235(91.45); 236(249.76); 237(655.22); 238(54.2); 239(259.76); 240(1.9); 241(560.85); 242(114.2); 243(549.91); 244(601.08); 245(7.89); 246(831.02); 247(365.82); 248(929.06); 249(147.45); 250(604.59); 251(131.19); 252(47.81); 253(801.71); 254(722.4); 255(687.37); 256(737.34); 257(194.14); 258(532.12); 259(838.22); 260(642.36); 261(153.52); 262(758.2); 263(827.4); 264(86.54); 265(615.08); 266(844.5); 267(293.63); 268(659.03); 269(187.09); 270(376.36); 271(634.53); 272(77.27); 273(735.01); 274(373.4); 275(389.53); 276(888.85); 277(263.64); 278(50.83); 279(118.09); 280(534.16); 281(788.98); 282(420.46); 283(981.12); 284(527.64); 285(445.28); 286(224.95); 287(187.38); 288(889.35); 289(719.77); 290(311.46); 291(234.42); 292(128.03); 293(998.77); 294(436.33); 295(357.31); 296(574.06); 297(399.81); 298(802.8); 299(295.66); 300(227.25); 301(927.43); 302(771.0); 303(960.23); 304(155.71); 305(559.9); 306(292.44); 307(654.2); 308(848.31); 309(743.33); 311(388.17); 312(959.49); 313(737.01); 314(326.3); 315(411.19); 316(434.9); 317(901.06); 318(407.59); 319(309.34); 320(447.81); 321(673.47); 322(45.56); 323(512.0); 324(403.67); 325(191.62); 326(126.55); 327(456.33); 328(39.66); 329(20.83); 330(313.82); 331(555.36); 332(887.89); 333(72.98); 334(506.2); 335(235.31); 336(780.23); 337(539.91); 338(188.3); 339(554.29); 340(860.68); 341(884.32); 342(606.24); 343(537.21); 344(525.22); 345(292.6); 346(939.76); 347(881.36); 348(932.2); 349(588.27); 350(851.17); 351(771.64); 352(669.43); 353(407.51); 354(239.12); 355(540.56); 356(800.63); 357(665.27); 358(595.96); 359(547.55); 360(368.21); 361(771.64); 362(992.87); 363(370.37); 364(903.54); 365(695.05); 366(942.1); 367(438.96); 368(179.84); 369(104.1); 370(167.01); 371(37.71); 372(703.23); 373(821.28); 374(885.12); 375(580.58); 376(923.72); 377(837.77); 378(415.03); 379(137.61); 380(380.15); 381(918.8); 382(728.74); 383(137.0); 384(812.88); 385(647.18); 386(454.61); 387(457.09); 388(927.68); 389(382.79); 390(776.51); 391(575.54); 392(164.02); 393(185.36); 394(946.56); 395(796.81); 396(569.17); 397(217.4); 398(667.73); 399(271.56); 400(177.85); 401(273.61); 402(936.97); 403(931.31); 404(449.81); 405(995.55); 406(632.45); 407(563.7); 408(585.64); 409(712.21); 410(557.84); 411(174.68); 412(8.89); 413(508.99); 414(906.46); 415(748.3); 416(781.7); 417(788.36); 418(730.15); 419(18.62); 420(776.81); 421(923.33); 422(587.63); 423(577.16); 424(449.55); 425(278.35); 426(353.86); 427(349.05); 428(6.15); 429(376.9); 430(771.98); 431(358.15); 432(961.41); 433(348.21); 434(555.82); 435(967.53); 436(346.24); 437(403.64); 438(581.95); 439(918.5); 440(692.6); 441(826.55); 442(36.42); 443(10.32); 444(502.07); 445(624.17); 446(36.33); 447(842.97); 448(500.26); 449(537.09); 450(264.92); 451(37.1); 452(30.86); 453(305.36); 454(393.49); 455(284.91); 456(386.67); 457(207.99); 458(391.94); 459(655.13); 460(974.09); 461(750.89); 462(707.76); 463(382.26); 464(974.01); 465(71.02); 466(164.02); 467(356.48); 468(136.82); 469(453.52); 470(65.22); 471(708.3); 472(17.29); 473(531.31); 474(631.58); 475(999.64); 476(619.12); 477(771.83); 478(23.3); 479(896.55); 480(158.45); 481(873.73); 482(212.35); 483(711.34); 484(372.37); 485(633.07); 486(805.42); 487(323.31); 488(275.17); 489(907.18); 490(767.83); 491(975.01); 492(969.0); 493(754.04); 494(430.38); 495(574.37); 496(985.29); 497(626.8); 498(452.13); 499(718.58),1
311,0(631.94); 1(872.51); 2(215.19); 3(137.31); 4(401.85); 5(872.3); 6(784.93); 7(919.84); 8(817.36); 9(531.71); 10(824.91); 11(822.07); 12(163.81); 13(397.88); 14(472.19); 15(119.17); 16(289.24); 17(434.59); 18(948.64); 19(736.99); 20(593.69); 21(23.96); 22(281.5); 23(752.37); 24(111.9); 25(365.31); 26(145.93); 27(840.18); 28(782.73); 29(833.18); 30(841.26); 31(581.79); 32(449.36); 33(672.34); 34(559.7); 35(816.65); 36(964.81); 37(183.01); 38(354.2); 39(832.48); 40(73.43); 41(467.74); 42(570.75); 43(247.6); 44(812.34); 45(24.64); 46(567.37); 47(880.65); 48(1.02); 49(665.81); 50(281.82); 51(500.07); 52(991.22); 53(251.97); 54(881.72); 55(985.7); 56(748.68); 57(85.31); 58(656.0); 59(761.63); 60(665.98); 61(976.0); 62(96.48); 63(702.95); 64(501.54); 65(240.42); 66(310.91); 67(320.4); 68(748.1); 69(338.98); 70(770.31); 71(582.65); 72(668.18); 73(522.89); 74(654.25); 75(647.78); 76(280.72); 77(793.55); 78(139.97); 79(650.01); 80(350.22); 81(184.56); 82(857.82); 83(857.6); 84(632.33); 85(994.11); 86(670.8); 87(290.85); 88(80.42); 89(716.62); 90(762.57); 91(731.23); 92(681.51); 93(622.7); 94(644.69); 95(211.97); 96(847.65); 97(998.08); 98(562.13); 99(398.93); 100(149.94); 101(277.72); 102(104.84); 103(774.2); 104(984.42); 105(842.71); 106(258.87); 107(108.71); 108(957.79); 109(351.88); 110(5.34); 111(395.99); 112(692.02); 113(124.31); 114(470.38); 115(887.03); 116(890.8); 117(921.0); 118(106.77); 119(552.44); 120(410.26); 121(315.33); 122(150.38); 123(753.09); 124(557.12); 125(783.18); 126(75.09); 127(708.16); 128(897.14); 129(98.36); 130(790.81); 131(90.93); 132(945.72); 133(690.12); 134(216.61); 135(29.09); 136(727.22); 137(876.2); 138(365.45); 139(539.8); 140(852.95); 141(201.66); 142(402.34); 143(164.07); 144(829.73); 145(916.34); 146(425.37); 147(769.56); 148(934.07); 149(990.05); 150(155.06); 151(623.32); 152(31.46); 153(383.25); 154(321.76); 155(380.77); 156(840.9); 157(88.41); 158(981.08); 159(814.62); 160(311.5); 161(113.21); 162(115.75); 163(789.9); 164(214.49); 165(338.8); 166(306.48); 167(376.19); 168(782.48); 169(88.5); 170(73.46); 171(661.87); 172(542.85); 173(314.63); 174(44.39); 175(732.48); 176(696.66); 177(18.53); 178(856.18); 179(875.23); 180(811.63); 181(886.69); 182(298.38); 183(943.28); 184(765.86); 185(42.04); 186(925.4); 187(196.49); 188(246.54); 189(366.74); 190(847.22); 191(324.08); 192(185.22); 193(715.4); 194(98.88); 195(520.43); 196(738.86); 197(982.86); 198(784.39); 199(65.0); 200(399.96); 201(515.28); 202(164.12); 203(709.8); 204(476.75); 205(364.81); 206(388.71); 207(853.62); 208(826.49); 209(530.67); 210(618.57); 211(108.35); 212(442.97); 213(91.45); 214(463.86); 215(341.97); 216(395.8); 217(928.03); 218(310.55); 219(590.73); 220(839.56); 221(557.93); 222(183.15); 223(250.47); 224(359.78); 225(250.77); 226(633.28); 227(811.65); 228(430.73); 229(303.53); 230(761.74); 231(860.96); 232(145.05); 233(725.01); 234(774.61); 235(118.23); 236(437.53); 237(145.07); 238(649.61); 239(845.63); 240(162.26); 241(501.09); 242(5.81); 243(196.53); 244(806.96); 245(951.11); 246(446.97); 247(452.54); 248(453.41); 249(115.81); 250(891.14); 251(269.05); 252(863.07); 253(820.04); 254(340.45); 255(913.3); 256(105.99); 257(917.43); 258(648.2); 259(268.57); 260(515.35); 261(649.09); 262(311.68); 263(272.37); 264(924.02); 265(3.52); 266(723.98); 267(813.27); 268(36.54); 269(165.38); 270(697.63); 271(862.88); 272(427.16); 273(570.36); 274(280.4); 275(630.87); 276(256.3); 277(265.18); 278(602.65); 279(269.66); 280(818.66); 281(760.83); 282(4.1); 283(470.82); 284(191.46); 285(29.56); 286(571.23); 287(949.91); 288(894.26); 289(44.31); 290(17.84); 291(717.71); 292(907.6); 293(344.3); 294(866.27); 295(719.73); 296(636.58); 297(393.34); 298(300.52); 299(378.7); 300(68.9); 301(124.32); 302(408.44); 303(7.78); 304(844.44); 305(306.61); 306(440.38); 307(84.21); 308(391.19); 309(627.69); 310(388.17); 312(560.89); 313(523.92); 314(67.61); 315(794.22); 316(39.22); 317(122.14); 318(615.26); 319(568.05); 320(473.71); 321(526.05); 322(118.36); 323(678.86); 324(396.6); 325(384.46); 326(581.32); 327(700.25); 328(359.99); 329(458.49); 330(450.51); 331(206.62); 332(458.3); 333(757.07); 334(205.62); 335(423.07); 336(544.0); 337(828.31); 338(421.84); 339(491.11); 340(642.47); 341(756.86); 342(46.7); 343(630.28); 344(620.77); 345(27.29); 346(919.44); 347(637.81); 348(911.32); 349(178.39); 350(640.53); 351(8.42); 352(217.44); 353(909.01); 354(531.01); 355(228.63); 356(549.18); 357(481.97); 358(908.7); 359(396.42); 360(179.0); 361(370.97); 362(579.04); 363(336.52); 364(805.44); 365(26.95); 366(267.2); 367(842.63); 368(380.35); 369(795.14); 370(246.91); 371(663.73); 372(332.34); 373(818.45); 374(104.59); 375(500.86); 376(862.79); 377(307.8); 378(868.89); 379(465.27); 380(499.32); 381(504.86); 382(643.86); 383(65.65); 384(118.53); 385(538.36); 386(327.22); 387(570.71); 388(877.44); 389(520.15); 390(130.35); 391(115.25); 392(713.19); 393(209.85); 394(37.05); 395(616.03); 396(175.74); 397(828.65); 398(202.91); 399(600.9); 400(565.11); 401(355.27); 402(630.47); 403(497.59); 404(233.08); 405(319.53); 406(422.3); 407(504.65); 408(946.41); 409(910.25); 410(793.59); 411(121.22); 412(658.1); 413(107.75); 414(211.23); 415(916.76); 416(854.17); 417(812.67); 418(306.29); 419(966.96); 420(942.05); 421(769.89); 422(552.88); 423(458.5); 424(266.98); 425(625.68); 426(181.35); 427(679.34); 428(275.07); 429(379.37); 430(110.56); 431(563.35); 432(69.79); 433(269.53); 434(741.76); 435(496.48); 436(653.5); 437(251.09); 438(394.81); 439(22.41); 440(379.96); 441(596.93); 442(885.38); 443(509.08); 444(462.07); 445(137.16); 446(476.12); 447(169.12); 448(4.21); 449(196.38); 450(359.13); 451(395.17); 452(494.29); 453(638.86); 454(364.06); 455(82.62); 456(474.94); 457(911.0); 458(304.91); 459(135.63); 460(475.93); 461(397.11); 462(523.77); 463(485.94); 464(311.37); 465(725.37); 466(591.21); 467(895.29); 468(466.72); 469(548.82); 470(781.68); 471(258.71); 472(458.24); 473(409.2); 474(251.21); 475(19.98); 476(843.08); 477(408.52); 478(852.17); 479(638.42); 480(604.05); 481(661.8); 482(209.65); 483(980.55); 484(987.31); 485(926.08); 486(284.17); 487(687.12); 488(453.99); 489(40.18); 490(180.35); 491(462.53); 492(916.02); 493(405.29); 494(634.23); 495(421.51); 496(795.24); 497(660.95); 498(913.0); 499(487.39),1
312,0(419.41); 1(908.36); 2(282.75); 3(895.43); 4(699.17); 5(312.17); 6(225.75); 7(810.1); 8(721.29); 9(151.78); 10(465.49); 11(414.28); 12(106.61); 13(83.76); 14(907.82); 15(9.67); 16(247.59); 17(231.37); 18(63.79); 19(941.14); 20(716.69); 21(601.59); 22(295.53); 23(499.5); 24(491.35); 25(562.56); 26(695.2); 27(534.88); 28(415.36); 29(220.21); 30(447.45); 31(513.72); 32(859.67); 33(963.02); 34(63.15); 35(949.44); 36(317.23); 37(757.98); 38(519.3); 39(685.26); 40(910.52); 41(721.85); 42(665.45); 43(857.53); 44(920.64); 45(983.57); 46(411.71); 47(292.78); 48(558.02); 49(832.96); 50(783.5); 51(546.32); 52(56.98); 53(700.01); 54(860.73); 55(16.78); 56(748.51); 57(432.55); 58(488.87); 59(236.17); 60(811.86); 61(312.49); 62(520.21); 63(14.38); 64(181.29); 65(369.74); 66(468.0); 67(569.84); 68(162.97); 69(481.28); 70(661.54); 71(681.19); 72(129.17); 73(58.95); 74(373.27); 75(35.7); 76(200.41); 77(559.41); 78(349.31); 79(522.02); 80(597.42); 81(745.04); 82(482.76); 83(675.54); 84(140.58); 85(320.7); 86(172.6); 87(343.65); 88(892.27); 89(247.66); 90(864.05); 91(883.49); 92(132.94); 93(654.8); 94(320.8); 95(885.72); 96(871.98); 97(683.61); 98(368.03); 99(521.89); 100(412.94); 101(761.23); 102(29.03); 103(154.36); 104(160.33); 105(916.69); 106(288.02); 107(483.86); 108(662.83); 109(25.97); 110(461.99); 111(698.47); 112(684.01); 113(636.39); 114(700.82); 115(719.31); 116(471.86); 117(842.16); 118(53.92); 119(352.33); 120(282.16); 121(174.02); 122(514.07); 123(768.37); 124(174.02); 125(458.55); 126(572.7); 127(232.01); 128(744.22); 129(381.0); 130(728.34); 131(796.75); 132(125.73); 133(759.46); 134(646.83); 135(908.29); 136(768.33); 137(26.1); 138(246.02); 139(98.46); 140(997.53); 141(329.24); 142(629.86); 143(900.35); 144(258.52); 145(268.32); 146(884.22); 147(763.79); 148(585.5); 149(256.47); 150(770.23); 151(177.72); 152(595.32); 153(483.39); 154(169.31); 155(162.06); 156(190.07); 157(195.29); 158(699.91); 159(347.06); 160(353.75); 161(491.75); 162(166.82); 163(135.88); 164(52.11); 165(578.61); 166(386.31); 167(157.44); 168(322.42); 169(452.91); 170(424.65); 171(398.79); 172(908.75); 173(72.99); 174(981.97); 175(988.0); 176(16.73); 177(306.9); 178(598.7); 179(662.98); 180(834.31); 181(321.04); 182(801.16); 183(446.88); 184(686.57); 185(33.5); 186(262.25); 187(856.96); 188(315.42); 189(120.15); 190(126.61); 191(974.63); 192(555.62); 193(628.54); 194(869.76); 195(216.89); 196(460.57); 197(656.42); 198(902.57); 199(799.9); 200(924.53); 201(425.2); 202(654.77); 203(13.27); 204(244.34); 205(396.05); 206(238.23); 207(876.4); 208(140.76); 209(669.53); 210(459.14); 211(561.98); 212(93.04); 213(515.51); 214(657.72); 215(348.65); 216(549.41); 217(30.39); 218(721.38); 219(528.37); 220(858.63); 221(446.8); 222(842.57); 223(158.65); 224(371.23); 225(310.58); 226(14.17); 227(652.18); 228(440.18); 229(346.56); 230(268.08); 231(159.78); 232(568.82); 233(693.67); 234(652.66); 235(426.72); 236(868.73); 237(793.71); 238(956.84); 239(133.73); 240(689.21); 241(218.68); 242(663.37); 243(371.83); 244(146.75); 245(12.38); 246(404.83); 247(559.07); 248(290.97); 249(602.97); 250(789.22); 251(52.35); 252(818.36); 253(672.57); 254(680.25); 255(291.47); 256(846.46); 257(868.46); 258(621.65); 259(488.44); 260(297.29); 261(244.0); 262(583.27); 263(875.43); 264(407.23); 265(960.65); 266(258.56); 267(285.19); 268(238.61); 269(976.89); 270(25.89); 271(988.42); 272(724.85); 273(127.61); 274(127.57); 275(333.29); 276(988.47); 277(553.42); 278(167.36); 279(5.06); 280(136.7); 281(657.36); 282(48.8); 283(731.51); 284(821.01); 285(130.06); 286(813.51); 287(569.13); 288(418.15); 289(57.18); 290(246.84); 291(758.39); 292(909.28); 293(558.22); 294(405.77); 295(671.71); 296(946.72); 297(53.97); 298(571.23); 299(548.61); 300(938.06); 301(677.68); 302(976.88); 303(330.55); 304(710.68); 305(673.49); 306(984.6); 307(467.05); 308(241.57); 309(741.03); 310(959.49); 311(560.89); 313(843.58); 314(204.79); 315(498.18); 316(985.23); 317(486.37); 318(574.71); 319(474.86); 320(962.9); 321(335.08); 322(949.9); 323(74.58); 324(345.68); 325(663.9); 326(176.14); 327(639.47); 328(565.9); 329(268.46); 330(602.4); 331(615.62); 332(50.89); 333(664.53); 334(255.62); 335(626.79); 336(111.34); 337(502.34); 338(820.85); 339(289.26); 340(783.4); 341(903.26); 342(100.89); 343(898.39); 344(727.71); 345(724.72); 346(135.75); 347(662.24); 348(449.72); 349(298.9); 350(561.32); 351(37.94); 352(715.27); 353(454.9); 354(934.67); 355(974.21); 356(405.15); 357(442.88); 358(20.01); 359(118.79); 360(947.94); 361(231.24); 362(461.75); 363(75.63); 364(514.32); 365(475.42); 366(544.99); 367(846.9); 368(552.53); 369(339.56); 370(72.5); 371(300.02); 372(295.79); 373(292.97); 374(540.25); 375(893.01); 376(475.61); 377(640.2); 378(336.0); 379(698.42); 380(788.57); 381(203.43); 382(232.98); 383(854.74); 384(317.65); 385(235.58); 386(856.24); 387(620.6); 388(167.89); 389(439.55); 390(599.72); 391(893.54); 392(588.3); 393(952.93); 394(160.27); 395(488.92); 396(871.83); 397(314.88); 398(815.57); 399(724.53); 400(583.21); 401(723.47); 402(430.06); 403(952.09); 404(500.23); 405(800.11); 406(167.25); 407(504.13); 408(725.75); 409(595.39); 410(765.63); 411(167.74); 412(463.71); 413(279.12); 414(413.1); 415(775.17); 416(145.08); 417(165.33); 418(777.71); 419(705.4); 420(285.33); 421(817.62); 422(755.51); 423(307.4); 424(859.93); 425(46.84); 426(811.72); 427(46.58); 428(333.42); 429(724.51); 430(650.57); 431(234.35); 432(665.53); 433(151.69); 434(43.87); 435(423.83); 436(763.36); 437(20.63); 438(282.4); 439(971.22); 440(568.49); 441(361.43); 442(561.77); 443(816.87); 444(71.79); 445(308.9); 446(882.12); 447(7.24); 448(59.05); 449(544.02); 450(166.4); 451(503.77); 452(709.49); 453(904.82); 454(80.95); 455(37.17); 456(207.6); 457(286.46); 458(360.1); 459(110.43); 460(61.05); 461(636.08); 462(491.17); 463(660.39); 464(129.96); 465(467.4); 466(386.59); 467(320.19); 468(425.36); 469(698.27); 470(549.72); 471(974.47); 472(451.85); 473(60.17); 474(315.59); 475(596.86); 476(771.06); 477(335.92); 478(958.51); 479(673.26); 480(668.72); 481(207.66); 482(271.61); 483(919.46); 484(99.67); 485(792.38); 486(988.59); 487(497.82); 488(734.06); 489(910.44); 490(100.2); 491(347.09); 492(603.45); 493(458.56); 494(100.14); 495(962.1); 496(461.13); 497(521.36); 498(92.04); 499(575.32),1
313,0(367.5); 1(290.58); 2(109.4); 3(313.89); 4(601.2); 5(468.69); 6(684.01); 7(429.61); 8(594.4); 9(795.96); 10(622.16); 11(910.09); 12(534.72); 13(356.75); 14(552.95); 15(982.25); 16(673.76); 17(307.43); 18(823.52); 19(634.75); 20(393.55); 21(474.24); 22(633.46); 23(303.52); 24(45.8); 25(283.91); 26(475.63); 27(85.89); 28(339.98); 29(177.47); 30(409.92); 31(647.4); 32(170.58); 33(905.33); 34(478.58); 35(516.05); 36(536.78); 37(95.17); 38(65.03); 39(696.65); 40(933.71); 41(417.69); 42(3.07); 43(838.34); 44(581.83); 45(307.02); 46(419.84); 47(314.68); 48(354.28); 49(963.96); 50(45.51); 51(558.03); 52(584.34); 53(357.88); 54(329.14); 55(889.4); 56(703.29); 57(866.08); 58(430.08); 59(8.78); 60(958.91); 61(644.81); 62(708.93); 63(904.58); 64(147.62); 65(603.39); 66(631.13); 67(367.71); 68(201.62); 69(32.27); 70(61.63); 71(160.56); 72(20.79); 73(61.57); 74(74.89); 75(482.56); 76(85.35); 77(580.04); 78(739.18); 79(700.62); 80(700.67); 81(657.64); 82(885.55); 83(912.7); 84(272.25); 85(880.64); 86(176.33); 87(159.57); 88(146.44); 89(480.37); 90(957.65); 91(758.29); 92(488.55); 93(482.16); 94(430.47); 95(754.91); 96(669.1); 97(453.28); 98(786.09); 99(382.19); 100(435.11); 101(118.05); 102(930.46); 103(403.05); 104(659.61); 105(375.27); 106(657.73); 107(257.2); 108(640.58); 109(872.78); 110(342.15); 111(304.36); 112(589.21); 113(798.57); 114(22.07); 115(967.66); 116(24.07); 117(342.96); 118(748.59); 119(732.44); 120(516.98); 121(332.16); 122(141.07); 123(164.24); 124(594.51); 125(761.38); 126(97.47); 127(484.18); 128(447.35); 129(897.69); 130(83.62); 131(701.21); 132(954.28); 133(869.57); 134(387.63); 135(922.86); 136(354.47); 137(464.88); 138(603.39); 139(13.3); 140(351.25); 141(803.62); 142(945.01); 143(692.59); 144(372.77); 145(719.7); 146(246.4); 147(258.38); 148(145.39); 149(492.77); 150(698.59); 151(833.96); 152(881.75); 153(235.87); 154(428.87); 155(187.43); 156(22.06); 157(172.46); 158(912.94); 159(233.75); 160(636.42); 161(117.12); 162(839.73); 163(222.52); 164(691.99); 165(490.6); 166(863.95); 167(330.14); 168(6.36); 169(488.15); 170(7.23); 171(895.23); 172(627.02); 173(83.03); 174(881.74); 175(226.83); 176(767.77); 177(838.11); 178(77.22); 179(976.54); 180(281.26); 181(629.03); 182(972.86); 183(626.41); 184(437.57); 185(892.05); 186(335.8); 187(642.33); 188(0.27); 189(915.54); 190(628.59); 191(784.01); 192(722.03); 193(455.78); 194(452.82); 195(190.41); 196(915.23); 197(207.36); 198(658.29); 199(12.3); 200(340.27); 201(934.2); 202(23.81); 203(862.61); 204(900.95); 205(952.86); 206(61.03); 207(109.55); 208(133.15); 209(161.09); 210(488.09); 211(242.97); 212(375.08); 213(552.85); 214(617.32); 215(434.19); 216(348.72); 217(20.67); 218(76.05); 219(409.62); 220(353.22); 221(803.04); 222(802.36); 223(333.27); 224(295.07); 225(704.11); 226(132.9); 227(459.11); 228(331.12); 229(610.65); 230(595.76); 231(345.92); 232(961.82); 233(634.98); 234(411.06); 235(349.58); 236(669.99); 237(976.52); 238(705.93); 239(489.82); 240(941.93); 241(673.13); 242(24.37); 243(815.65); 244(455.29); 245(73.23); 246(27.55); 247(161.44); 248(625.44); 249(335.16); 250(761.02); 251(982.09); 252(165.88); 253(398.95); 254(209.11); 255(733.65); 256(300.33); 257(466.85); 258(926.67); 259(88.69); 260(642.76); 261(149.85); 262(435.57); 263(602.85); 264(938.06); 265(59.9); 266(947.92); 267(527.33); 268(184.54); 269(627.59); 270(114.72); 271(649.37); 272(293.91); 273(186.61); 274(356.74); 275(13.42); 276(715.53); 277(603.11); 278(558.02); 279(182.27); 280(882.35); 281(327.67); 282(210.35); 283(822.11); 284(980.21); 285(338.01); 286(636.48); 287(49.28); 288(563.73); 289(996.84); 290(608.98); 291(185.48); 292(741.65); 293(142.72); 294(824.96); 295(550.89); 296(419.58); 297(626.47); 298(168.62); 299(919.22); 300(294.42); 301(976.25); 302(78.01); 303(211.82); 304(209.53); 305(745.5); 306(244.84); 307(46.59); 308(464.8); 309(268.93); 310(737.01); 311(523.92); 312(843.58); 314(832.39); 315(533.61); 316(619.76); 317(774.7); 318(729.59); 319(624.56); 320(331.73); 321(59.1); 322(574.68); 323(729.42); 324(383.27); 325(204.5); 326(707.37); 327(637.24); 328(800.21); 329(900.46); 330(495.22); 331(592.49); 332(724.58); 333(640.67); 334(891.01); 335(710.07); 336(862.08); 337(721.01); 338(224.09); 339(923.74); 340(406.2); 341(730.83); 342(95.04); 343(304.12); 344(216.46); 345(547.38); 346(701.46); 347(696.6); 348(987.69); 349(396.98); 350(834.07); 351(899.58); 352(687.75); 353(607.89); 354(968.05); 355(675.83); 356(905.03); 357(983.67); 358(874.72); 359(886.71); 360(595.39); 361(147.73); 362(551.8); 363(42.34); 364(44.1); 365(770.85); 366(128.39); 367(475.8); 368(245.06); 369(695.75); 370(163.39); 371(922.05); 372(933.55); 373(266.79); 374(633.55); 375(466.84); 376(738.68); 377(646.52); 378(220.25); 379(877.02); 380(77.99); 381(304.13); 382(67.24); 383(690.29); 384(43.61); 385(170.37); 386(377.78); 387(751.7); 388(683.47); 389(179.9); 390(131.63); 391(920.15); 392(157.39); 393(105.54); 394(669.39); 395(10.03); 396(250.79); 397(939.29); 398(212.65); 399(434.98); 400(173.83); 401(831.51); 402(888.18); 403(505.76); 404(306.2); 405(208.43); 406(203.82); 407(692.13); 408(483.5); 409(582.76); 410(765.44); 411(96.87); 412(859.55); 413(162.5); 414(349.73); 415(510.12); 416(363.03); 417(92.7); 418(431.28); 419(63.31); 420(830.11); 421(167.59); 422(306.59); 423(651.62); 424(458.22); 425(281.06); 426(137.3); 427(795.09); 428(70.98); 429(91.58); 430(434.98); 431(990.58); 432(120.21); 433(988.89); 434(138.96); 435(174.41); 436(137.08); 437(892.67); 438(748.21); 439(580.09); 440(76.63); 441(175.26); 442(866.33); 443(907.86); 444(708.3); 445(807.67); 446(873.34); 447(870.27); 448(151.91); 449(458.85); 450(409.62); 451(385.16); 452(845.34); 453(575.01); 454(276.78); 455(151.15); 456(242.78); 457(635.92); 458(358.45); 459(911.76); 460(484.35); 461(509.37); 462(803.71); 463(197.53); 464(750.15); 465(420.17); 466(130.21); 467(92.02); 468(668.32); 469(245.31); 470(349.45); 471(511.82); 472(113.22); 473(994.85); 474(649.94); 475(539.87); 476(44.63); 477(524.04); 478(537.78); 479(686.32); 480(854.69); 481(809.22); 482(692.11); 483(377.29); 484(870.67); 485(770.23); 486(900.54); 487(303.77); 488(150.3); 489(57.2); 490(544.61); 491(882.63); 492(227.58); 493(230.11); 494(431.88); 495(963.04); 496(649.97); 497(493.09); 498(783.4); 499(20.93),1
314,0(635.64); 1(328.42); 2(861.21); 3(904.33); 4(801.28); 5(702.83); 6(179.51); 7(23.42); 8(88.51); 9(873.51); 10(918.94); 11(12.47); 12(673.48); 13(863.9); 14(101.65); 15(871.44); 16(370.88); 17(116.82); 18(933.71); 19(729.9); 20(636.73); 21(695.25); 22(678.75); 23(3.89); 24(224.28); 25(989.02); 26(351.07); 27(901.67); 28(933.89); 29(63.51); 30(228.74); 31(494.56); 32(350.13); 33(210.43); 34(405.73); 35(575.65); 36(148.04); 37(734.47); 38(995.36); 39(573.88); 40(798.28); 41(761.29); 42(139.42); 43(454.69); 44(807.54); 45(858.78); 46(843.2); 47(748.13); 48(522.94); 49(462.21); 50(203.75); 51(158.01); 52(293.4); 53(963.67); 54(98.43); 55(340.63); 56(696.05); 57(813.47); 58(841.67); 59(527.78); 60(929.17); 61(987.51); 62(909.32); 63(585.47); 64(842.98); 65(192.97); 66(49.99); 67(453.78); 68(713.62); 69(330.46); 70(774.32); 71(527.14); 72(112.16); 73(277.4); 74(106.13); 75(62.34); 76(219.94); 77(376.21); 78(570.69); 79(788.57); 80(566.85); 81(150.96); 82(219.96); 83(700.65); 84(957.89); 85(949.6); 86(774.98); 87(225.94); 88(758.81); 89(293.67); 90(56.87); 91(839.68); 92(796.71); 93(51.8); 94(220.88); 95(779.14); 96(872.06); 97(921.18); 98(7.5); 99(680.63); 100(760.9); 101(393.94); 102(486.82); 103(210.19); 104(748.63); 105(379.18); 106(621.15); 107(500.42); 108(302.47); 109(35.77); 110(103.62); 111(366.37); 112(480.51); 113(100.57); 114(155.9); 115(65.89); 116(989.59); 117(821.17); 118(692.17); 119(494.9); 120(679.42); 121(182.88); 122(291.02); 123(714.05); 124(272.63); 125(824.98); 126(445.51); 127(54.67); 128(651.66); 129(95.32); 130(286.82); 131(880.79); 132(211.96); 133(843.88); 134(678.97); 135(39.42); 136(713.78); 137(190.69); 138(937.67); 139(22.46); 140(232.32); 141(435.19); 142(159.13); 143(927.17); 144(73.67); 145(242.54); 146(469.97); 147(725.21); 148(483.95); 149(314.96); 150(648.68); 151(937.71); 152(860.94); 153(587.36); 154(601.08); 155(23.35); 156(744.6); 157(343.03); 158(61.09); 159(519.54); 160(628.78); 161(904.56); 162(879.41); 163(93.32); 164(834.03); 165(911.69); 166(567.25); 167(604.75); 168(69.23); 169(554.51); 170(453.95); 171(502.67); 172(11.62); 173(443.78); 174(870.88); 175(250.48); 176(573.64); 177(188.86); 178(266.44); 179(95.59); 180(649.53); 181(526.21); 182(497.7); 183(174.87); 184(552.85); 185(646.18); 186(326.27); 187(721.35); 188(763.75); 189(353.72); 190(11.73); 191(891.19); 192(222.88); 193(928.1); 194(687.52); 195(867.78); 196(497.85); 197(633.77); 198(511.8); 199(85.5); 200(233.96); 201(479.47); 202(358.38); 203(229.08); 204(720.0); 205(618.5); 206(440.05); 207(612.38); 208(515.27); 209(146.84); 210(649.16); 211(217.94); 212(910.16); 213(390.06); 214(654.44); 215(580.3); 216(599.71); 217(279.9); 218(901.3); 219(749.55); 220(625.15); 221(320.45); 222(591.34); 223(802.23); 224(855.7); 225(271.92); 226(79.54); 227(965.89); 228(598.82); 229(562.76); 230(125.64); 231(653.52); 232(645.49); 233(593.0); 234(148.43); 235(990.69); 236(50.78); 237(44.61); 238(835.14); 239(350.39); 240(463.48); 241(268.44); 242(724.5); 243(586.7); 244(325.55); 245(580.01); 246(747.65); 247(626.16); 248(214.81); 249(505.25); 250(539.13); 251(74.62); 252(649.16); 253(263.91); 254(742.61); 255(944.45); 256(871.39); 257(623.34); 258(438.32); 259(323.49); 260(695.45); 261(271.53); 262(827.37); 263(800.17); 264(635.97); 265(567.44); 266(207.46); 267(293.91); 268(618.91); 269(324.67); 270(21.19); 271(114.99); 272(725.7); 273(763.01); 274(636.51); 275(264.47); 276(263.44); 277(844.46); 278(813.45); 279(327.97); 280(452.41); 281(51.93); 282(498.51); 283(937.93); 284(912.16); 285(243.42); 286(88.5); 287(532.51); 288(278.51); 289(750.44); 290(370.98); 291(733.92); 292(896.31); 293(706.56); 294(681.18); 295(993.0); 296(926.74); 297(784.23); 298(659.52); 299(585.8); 300(457.01); 301(757.39); 302(105.54); 303(980.68); 304(375.26); 305(460.6); 306(711.91); 307(913.91); 308(868.74); 309(816.05); 310(326.3); 311(67.61); 312(204.79); 313(832.39); 315(308.69); 316(275.99); 317(499.81); 318(6.16); 319(22.61); 320(434.15); 321(596.89); 322(768.52); 323(457.77); 324(594.71); 325(586.05); 326(885.71); 327(155.98); 328(39.24); 329(983.19); 330(411.05); 331(639.18); 332(579.99); 333(405.53); 334(880.46); 335(554.12); 336(787.2); 337(405.41); 338(676.35); 339(271.48); 340(365.77); 341(623.15); 342(859.85); 343(269.42); 344(799.72); 345(23.97); 346(442.15); 347(120.76); 348(340.18); 349(339.55); 350(441.7); 351(996.46); 352(931.76); 353(109.86); 354(570.97); 355(311.02); 356(316.5); 357(721.09); 358(611.05); 359(172.67); 360(484.45); 361(114.5); 362(87.12); 363(481.99); 364(356.28); 365(970.4); 366(83.77); 367(578.87); 368(209.94); 369(28.54); 370(4.05); 371(12.72); 372(592.58); 373(587.43); 374(732.7); 375(72.28); 376(878.14); 377(878.6); 378(995.44); 379(673.91); 380(138.29); 381(487.7); 382(345.57); 383(41.28); 384(167.05); 385(739.59); 386(721.7); 387(996.24); 388(772.2); 389(995.86); 390(345.42); 391(830.06); 392(612.06); 393(87.59); 394(720.44); 395(49.99); 396(857.32); 397(371.69); 398(726.82); 399(546.85); 400(875.27); 401(425.2); 402(758.34); 403(633.3); 404(951.7); 405(698.82); 406(569.87); 407(357.64); 408(92.99); 409(944.67); 410(472.57); 411(271.38); 412(899.76); 413(546.3); 414(773.8); 415(112.13); 416(863.62); 417(648.8); 418(474.83); 419(485.19); 420(688.23); 421(483.1); 422(69.33); 423(886.56); 424(302.81); 425(605.32); 426(310.24); 427(326.04); 428(117.69); 429(673.11); 430(640.58); 431(59.4); 432(819.03); 433(387.73); 434(739.89); 435(532.38); 436(254.44); 437(325.71); 438(557.25); 439(836.15); 440(576.13); 441(659.77); 442(793.37); 443(181.89); 444(291.5); 445(619.23); 446(566.33); 447(101.41); 448(513.69); 449(522.44); 450(324.72); 451(397.69); 452(357.46); 453(112.01); 454(283.3); 455(638.14); 456(400.78); 457(332.33); 458(71.6); 459(310.61); 460(962.58); 461(322.47); 462(259.67); 463(696.97); 464(683.14); 465(493.67); 466(575.18); 467(918.98); 468(424.74); 469(689.73); 470(369.97); 471(584.69); 472(971.46); 473(297.38); 474(691.84); 475(977.97); 476(540.29); 477(843.66); 478(28.31); 479(907.47); 480(625.25); 481(152.96); 482(12.42); 483(214.05); 484(927.83); 485(510.45); 486(750.55); 487(380.85); 488(574.25); 489(427.16); 490(993.91); 491(203.97); 492(535.45); 493(355.27); 494(465.73); 495(751.47); 496(654.43); 497(487.21); 498(39.99); 499(851.21),2
315,0(666.59); 1(349.35); 2(973.32); 3(551.55); 4(169.18); 5(186.93); 6(297.3); 7(502.11); 8(533.23); 9(319.75); 10(122.43); 11(996.02); 12(177.09); 13(841.51); 14(721.8); 15(517.18); 16(389.28); 17(433.71); 18(327.62); 19(118.01); 20(303.7); 21(110.4); 22(461.74); 23(177.22); 24(197.07); 25(889.91); 26(197.89); 27(164.41); 28(261.22); 29(809.77); 30(142.67); 31(771.02); 32(695.51); 33(820.22); 34(516.4); 35(545.13); 36(67.01); 37(81.84); 38(224.37); 39(745.87); 40(154.47); 41(229.34); 42(295.18); 43(875.14); 44(421.19); 45(360.78); 46(388.91); 47(509.6); 48(863.31); 49(452.83); 50(705.35); 51(101.81); 52(569.62); 53(292.26); 54(21.62); 55(377.71); 56(316.68); 57(342.93); 58(159.71); 59(904.17); 60(813.0); 61(291.0); 62(479.67); 63(404.81); 64(801.52); 65(538.08); 66(553.92); 67(342.77); 68(297.76); 69(192.21); 70(24.3); 71(931.26); 72(848.45); 73(935.03); 74(463.65); 75(340.16); 76(119.28); 77(993.53); 78(995.39); 79(221.13); 80(65.45); 81(275.76); 82(84.24); 83(656.19); 84(212.51); 85(585.14); 86(834.77); 87(702.0); 88(497.81); 89(757.43); 90(706.14); 91(476.31); 92(961.22); 93(822.61); 94(829.23); 95(910.46); 96(370.95); 97(73.36); 98(906.92); 99(217.9); 100(203.24); 101(45.51); 102(439.68); 103(268.62); 104(4.19); 105(286.0); 106(309.78); 107(497.94); 108(508.05); 109(211.11); 110(427.26); 111(787.74); 112(443.35); 113(19.94); 114(737.34); 115(775.69); 116(638.26); 117(161.05); 118(115.71); 119(332.3); 120(18.44); 121(797.1); 122(558.33); 123(80.34); 124(144.07); 125(701.2); 126(39.9); 127(168.35); 128(367.3); 129(580.41); 130(788.05); 131(573.66); 132(691.48); 133(903.48); 134(834.01); 135(310.87); 136(290.6); 137(558.64); 138(917.76); 139(109.9); 140(42.78); 141(923.02); 142(533.15); 143(617.04); 144(274.07); 145(563.11); 146(524.55); 147(623.39); 148(612.19); 149(778.04); 150(33.59); 151(75.07); 152(79.4); 153(403.89); 154(972.27); 155(345.92); 156(961.3); 157(486.81); 158(516.87); 159(108.19); 160(862.77); 161(759.03); 162(307.98); 163(409.13); 164(128.43); 165(885.53); 166(843.03); 167(634.42); 168(625.32); 169(450.93); 170(99.66); 171(39.29); 172(416.35); 173(439.52); 174(302.45); 175(249.83); 176(961.9); 177(814.99); 178(36.36); 179(297.21); 180(231.92); 181(743.62); 182(757.69); 183(801.42); 184(634.35); 185(578.0); 186(123.56); 187(395.82); 188(192.59); 189(571.06); 190(553.61); 191(369.29); 192(626.55); 193(827.19); 194(990.32); 195(282.15); 196(369.45); 197(902.16); 198(209.21); 199(193.6); 200(311.3); 201(773.74); 202(682.34); 203(71.86); 204(968.54); 205(319.25); 206(684.21); 207(949.59); 208(997.94); 209(346.39); 210(800.53); 211(403.66); 212(526.51); 213(220.21); 214(128.85); 215(443.28); 216(512.78); 217(481.09); 218(887.43); 219(638.8); 220(502.5); 221(67.52); 222(8.11); 223(93.72); 224(353.31); 225(146.37); 226(759.7); 227(234.64); 228(916.02); 229(736.83); 230(978.96); 231(265.52); 232(286.24); 233(412.58); 234(157.43); 235(122.45); 236(560.37); 237(870.63); 238(654.75); 239(409.51); 240(816.44); 241(217.18); 242(556.84); 243(100.64); 244(930.64); 245(875.0); 246(874.37); 247(316.57); 248(501.54); 249(607.7); 250(390.95); 251(940.18); 252(854.25); 253(205.34); 254(856.52); 255(712.23); 256(754.27); 257(16.48); 258(586.92); 259(946.25); 260(839.68); 261(755.11); 262(376.19); 263(207.24); 264(823.88); 265(866.56); 266(198.52); 267(823.61); 268(690.05); 269(76.65); 270(211.86); 271(487.15); 272(907.42); 273(356.99); 274(457.53); 275(570.47); 276(366.85); 277(562.64); 278(352.46); 279(667.01); 280(162.92); 281(599.25); 282(277.15); 283(631.25); 284(23.97); 285(734.08); 286(371.36); 287(767.15); 288(295.47); 289(100.6); 290(196.35); 291(663.87); 292(177.86); 293(358.3); 294(558.18); 295(249.78); 296(578.51); 297(804.11); 298(937.59); 299(36.0); 300(986.7); 301(965.87); 302(684.62); 303(977.93); 304(85.31); 305(169.43); 306(586.22); 307(444.96); 308(610.3); 309(696.97); 310(411.19); 311(794.22); 312(498.18); 313(533.61); 314(308.69); 316(307.2); 317(368.81); 318(921.33); 319(317.82); 320(289.33); 321(402.93); 322(321.13); 323(986.97); 324(230.4); 325(371.82); 326(349.84); 327(39.86); 328(839.47); 329(28.8); 330(235.82); 331(655.59); 332(532.85); 333(387.05); 334(32.27); 335(991.82); 336(210.12); 337(26.27); 338(112.93); 339(674.53); 340(921.69); 341(646.5); 342(47.12); 343(489.12); 344(588.44); 345(419.32); 346(68.22); 347(958.69); 348(792.58); 349(445.29); 350(615.66); 351(542.85); 352(595.06); 353(29.43); 354(111.53); 355(481.82); 356(820.57); 357(369.78); 358(586.19); 359(201.16); 360(783.48); 361(585.74); 362(195.42); 363(197.11); 364(24.23); 365(533.0); 366(58.37); 367(594.54); 368(683.73); 369(247.35); 370(209.57); 371(283.98); 372(897.41); 373(335.68); 374(660.77); 375(617.38); 376(271.35); 377(796.59); 378(456.61); 379(623.64); 380(484.14); 381(256.21); 382(58.01); 383(712.38); 384(836.62); 385(234.08); 386(325.64); 387(966.27); 388(398.22); 389(294.02); 390(309.67); 391(850.52); 392(715.48); 393(760.51); 394(143.28); 395(969.32); 396(470.22); 397(364.3); 398(105.07); 399(889.64); 400(14.36); 401(397.76); 402(366.89); 403(948.2); 404(500.09); 405(751.88); 406(340.9); 407(594.43); 408(187.51); 409(45.21); 410(220.87); 411(357.82); 412(219.66); 413(534.37); 414(797.92); 415(780.28); 416(760.06); 417(979.94); 418(386.95); 419(897.93); 420(487.13); 421(798.28); 422(133.9); 423(456.29); 424(199.25); 425(476.37); 426(787.83); 427(807.94); 428(230.62); 429(516.34); 430(915.36); 431(299.83); 432(956.05); 433(332.2); 434(154.43); 435(726.19); 436(458.57); 437(120.1); 438(808.24); 439(63.03); 440(188.8); 441(207.08); 442(626.88); 443(557.76); 444(232.96); 445(21.95); 446(201.63); 447(907.17); 448(26.42); 449(325.51); 450(204.67); 451(605.14); 452(509.19); 453(950.13); 454(777.01); 455(47.81); 456(926.45); 457(524.2); 458(649.36); 459(567.91); 460(381.69); 461(15.66); 462(576.23); 463(813.57); 464(386.98); 465(329.13); 466(321.23); 467(157.21); 468(14.44); 469(491.25); 470(419.71); 471(917.79); 472(56.57); 473(638.86); 474(850.49); 475(741.25); 476(923.59); 477(432.7); 478(452.4); 479(20.92); 480(219.58); 481(778.86); 482(821.82); 483(104.98); 484(244.74); 485(165.33); 486(622.02); 487(336.62); 488(482.93); 489(521.4); 490(965.58); 491(278.39); 492(513.36); 493(268.58); 494(820.47); 495(776.95); 496(24.24); 497(289.69); 498(65.85); 499(308.16),1
316,0(479.68); 1(773.5); 2(51.89); 3(461.7); 4(497.42); 5(579.51); 6(584.11); 7(241.12); 8(324.69); 9(8.63); 10(219.21); 11(688.83); 12(191.81); 13(300.7); 14(586.5); 15(177.46); 16(178.06); 17(711.95); 18(697.45); 19(30.85); 20(494.43); 21(644.42); 22(557.22); 23(698.26); 24(843.68); 25(394.24); 26(256.38); 27(422.54); 28(925.21); 29(446.3); 30(134.2); 31(234.68); 32(527.93); 33(920.44); 34(531.6); 35(78.89); 36(852.62); 37(686.98); 38(561.91); 39(649.55); 40(51.06); 41(285.92); 42(864.76); 43(655.58); 44(75.46); 45(947.9); 46(548.78); 47(8.93); 48(52.86); 49(189.82); 50(413.42); 51(142.85); 52(417.01); 53(65.69); 54(949.16); 55(880.0); 56(276.93); 57(664.65); 58(310.69); 59(601.06); 60(116.91); 61(565.44); 62(861.33); 63(29.21); 64(709.95); 65(263.29); 66(182.35); 67(891.12); 68(695.67); 69(668.87); 70(699.12); 71(74.72); 72(45.26); 73(343.36); 74(681.92); 75(339.68); 76(916.09); 77(995.84); 78(47.27); 79(574.04); 80(715.7); 81(464.89); 82(946.92); 83(216.33); 84(98.44); 85(959.12); 86(145.57); 87(871.45); 88(964.78); 89(943.78); 90(328.5); 91(803.88); 92(196.73); 93(612.14); 94(119.81); 95(939.92); 96(625.77); 97(260.43); 98(574.63); 99(395.45); 100(755.2); 101(253.89); 102(73.63); 103(152.66); 104(508.88); 105(182.86); 106(425.43); 107(114.44); 108(323.79); 109(45.23); 110(796.67); 111(161.54); 112(967.58); 113(86.93); 114(312.76); 115(859.22); 116(785.53); 117(273.79); 118(470.17); 119(988.54); 120(230.39); 121(787.54); 122(479.22); 123(37.39); 124(17.49); 125(608.39); 126(948.58); 127(902.14); 128(147.24); 129(961.97); 130(43.55); 131(33.56); 132(859.34); 133(747.84); 134(187.39); 135(719.33); 136(115.33); 137(433.36); 138(110.62); 139(633.04); 140(681.86); 141(216.97); 142(769.31); 143(932.05); 144(142.49); 145(113.37); 146(492.37); 147(575.35); 148(490.53); 149(832.1); 150(535.05); 151(379.74); 152(115.19); 153(576.95); 154(955.06); 155(956.19); 156(424.06); 157(302.61); 158(807.69); 159(118.25); 160(787.84); 161(273.39); 162(191.17); 163(265.18); 164(393.2); 165(756.16); 166(281.86); 167(578.33); 168(686.71); 169(269.88); 170(128.82); 171(576.8); 172(550.99); 173(7.0); 174(481.73); 175(979.64); 176(761.22); 177(188.4); 178(196.42); 179(566.58); 180(936.64); 181(17.55); 182(616.54); 183(56.68); 184(922.08); 185(585.5); 186(645.63); 187(352.35); 188(741.17); 189(904.64); 190(140.91); 191(489.22); 192(108.02); 193(671.48); 194(252.96); 195(985.72); 196(121.43); 197(730.27); 198(257.75); 199(690.87); 200(654.76); 201(930.19); 202(521.24); 203(853.81); 204(848.66); 205(4.48); 206(87.09); 207(487.4); 208(601.57); 209(173.86); 210(203.98); 211(628.48); 212(116.93); 213(72.49); 214(509.59); 215(128.09); 216(339.14); 217(310.82); 218(547.16); 219(407.97); 220(700.23); 221(986.39); 222(636.22); 223(643.04); 224(207.08); 225(957.28); 226(695.59); 227(851.86); 228(616.38); 229(0.43); 230(560.93); 231(768.77); 232(183.29); 233(464.57); 234(566.12); 235(428.04); 236(661.62); 237(742.61); 238(963.56); 239(77.7); 240(837.39); 241(685.6); 242(301.46); 243(34.9); 244(362.97); 245(134.14); 246(331.9); 247(913.96); 248(164.83); 249(843.58); 250(268.58); 251(5.21); 252(584.44); 253(895.98); 254(517.29); 255(314.29); 256(344.0); 257(295.34); 258(828.85); 259(997.97); 260(712.31); 261(144.49); 262(880.13); 263(648.12); 264(87.08); 265(100.87); 266(158.65); 267(80.26); 268(736.8); 269(370.4); 270(759.09); 271(296.33); 272(392.59); 273(283.52); 274(501.06); 275(833.76); 276(183.83); 277(92.7); 278(723.59); 279(226.61); 280(436.52); 281(947.71); 282(344.89); 283(407.7); 284(220.77); 285(475.01); 286(747.38); 287(974.66); 288(154.25); 289(540.98); 290(475.3); 291(116.73); 292(97.61); 293(322.42); 294(788.84); 295(403.88); 296(502.43); 297(346.44); 298(324.19); 299(954.28); 300(926.31); 301(279.5); 302(748.51); 303(697.61); 304(705.0); 305(75.68); 306(778.81); 307(46.66); 308(3.79); 309(646.71); 310(434.9); 311(39.22); 312(985.23); 313(619.76); 314(275.99); 315(307.2); 317(854.55); 318(629.36); 319(383.5); 320(491.33); 321(529.83); 322(949.67); 323(519.92); 324(989.4); 325(387.95); 326(21.38); 327(505.99); 328(206.59); 329(663.43); 330(416.34); 331(609.75); 332(927.19); 333(192.57); 334(471.21); 335(239.53); 336(135.06); 337(699.61); 338(775.71); 339(547.58); 340(817.21); 341(198.69); 342(751.87); 343(740.21); 344(742.72); 345(884.8); 346(477.23); 347(592.59); 348(635.83); 349(357.32); 350(496.21); 351(518.75); 352(669.9); 353(57.44); 354(87.04); 355(335.72); 356(632.49); 357(199.64); 358(289.41); 359(453.42); 360(143.67); 361(291.85); 362(483.63); 363(286.94); 364(933.07); 365(728.45); 366(588.33); 367(966.65); 368(231.95); 369(782.45); 370(249.56); 371(797.69); 372(69.13); 373(374.18); 374(616.6); 375(537.84); 376(670.57); 377(9.46); 378(404.61); 379(995.72); 380(504.61); 381(450.02); 382(410.73); 383(964.74); 384(927.1); 385(512.54); 386(447.28); 387(791.96); 388(119.69); 389(204.95); 390(105.35); 391(120.8); 392(958.39); 393(242.04); 394(40.08); 395(442.32); 396(17.69); 397(533.03); 398(25.95); 399(940.6); 400(462.02); 401(706.04); 402(2.56); 403(351.39); 404(24.23); 405(453.15); 406(507.29); 407(948.61); 408(594.79); 409(563.14); 410(396.73); 411(956.38); 412(348.9); 413(111.38); 414(586.12); 415(827.41); 416(305.08); 417(532.51); 418(305.76); 419(382.59); 420(450.55); 421(936.05); 422(148.25); 423(593.24); 424(517.54); 425(477.7); 426(935.26); 427(878.33); 428(44.28); 429(42.53); 430(705.54); 431(547.33); 432(935.86); 433(654.85); 434(364.44); 435(249.52); 436(491.13); 437(87.65); 438(396.1); 439(592.42); 440(858.5); 441(805.12); 442(943.03); 443(106.71); 444(812.03); 445(906.93); 446(466.13); 447(865.63); 448(483.57); 449(383.45); 450(136.65); 451(951.69); 452(867.46); 453(803.33); 454(268.53); 455(956.02); 456(789.73); 457(760.11); 458(557.27); 459(746.09); 460(439.22); 461(932.56); 462(78.4); 463(886.39); 464(745.31); 465(514.52); 466(440.55); 467(134.56); 468(985.01); 469(249.76); 470(586.05); 471(670.82); 472(359.75); 473(4.7); 474(429.18); 475(73.47); 476(461.93); 477(153.96); 478(813.4); 479(970.09); 480(293.04); 481(392.03); 482(203.64); 483(217.19); 484(444.12); 485(701.59); 486(165.99); 487(336.12); 488(326.41); 489(336.97); 490(860.92); 491(121.06); 492(160.74); 493(190.41); 494(659.71); 495(52.37); 496(809.31); 497(517.42); 498(554.81); 499(858.55),1
317,0(125.81); 1(851.68); 2(379.99); 3(620.25); 4(260.2); 5(872.6); 6(895.77); 7(912.64); 8(914.77); 9(793.06); 10(800.01); 11(896.87); 12(914.9); 13(840.87); 14(928.26); 15(896.35); 16(267.57); 17(376.44); 18(893.47); 19(38.95); 20(763.2); 21(360.49); 22(932.56); 23(922.66); 24(805.09); 25(881.66); 26(804.03); 27(744.69); 28(146.77); 29(928.59); 30(615.51); 31(352.73); 32(196.09); 33(679.6); 34(845.82); 35(205.26); 36(777.81); 37(846.38); 38(62.03); 39(990.43); 40(46.17); 41(237.58); 42(540.57); 43(706.74); 44(745.99); 45(513.55); 46(730.3); 47(842.77); 48(222.71); 49(648.8); 50(3.16); 51(498.69); 52(249.53); 53(726.51); 54(585.03); 55(519.47); 56(623.19); 57(817.06); 58(187.45); 59(108.84); 60(885.1); 61(853.25); 62(631.16); 63(752.89); 64(224.89); 65(590.5); 66(591.4); 67(89.71); 68(797.59); 69(502.29); 70(538.23); 71(753.89); 72(53.67); 73(201.65); 74(975.46); 75(827.32); 76(925.3); 77(295.26); 78(775.04); 79(752.0); 80(114.46); 81(222.72); 82(454.66); 83(216.59); 84(444.63); 85(79.75); 86(72.33); 87(986.59); 88(17.87); 89(501.26); 90(515.0); 91(703.09); 92(181.82); 93(794.34); 94(954.93); 95(550.64); 96(195.83); 97(184.7); 98(288.93); 99(34.61); 100(678.39); 101(669.53); 102(54.67); 103(590.62); 104(72.71); 105(63.26); 106(738.49); 107(778.63); 108(930.63); 109(256.61); 110(222.52); 111(772.38); 112(547.0); 113(548.82); 114(264.12); 115(459.24); 116(767.12); 117(707.19); 118(771.5); 119(315.3); 120(241.29); 121(686.04); 122(932.25); 123(904.06); 124(741.17); 125(457.39); 126(491.51); 127(365.85); 128(643.85); 129(420.12); 130(653.01); 131(468.3); 132(99.78); 133(419.25); 134(810.51); 135(520.47); 136(917.17); 137(779.22); 138(843.16); 139(920.25); 140(320.89); 141(236.37); 142(400.01); 143(644.8); 144(542.91); 145(377.17); 146(733.6); 147(738.89); 148(250.07); 149(250.98); 150(790.55); 151(852.04); 152(125.16); 153(73.25); 154(355.4); 155(701.62); 156(395.3); 157(724.9); 158(371.29); 159(748.17); 160(154.57); 161(188.14); 162(892.02); 163(172.75); 164(391.51); 165(401.74); 166(524.55); 167(844.21); 168(998.68); 169(999.15); 170(977.8); 171(819.7); 172(309.51); 173(592.91); 174(753.77); 175(490.65); 176(874.13); 177(129.98); 178(989.65); 179(486.62); 180(292.68); 181(659.15); 182(835.29); 183(562.01); 184(206.43); 185(379.4); 186(817.21); 187(671.2); 188(40.84); 189(527.16); 190(74.46); 191(325.98); 192(424.93); 193(295.98); 194(639.11); 195(831.73); 196(695.77); 197(320.43); 198(690.46); 199(630.06); 200(912.8); 201(639.75); 202(994.59); 203(330.87); 204(141.5); 205(661.9); 206(173.66); 207(33.81); 208(155.99); 209(239.41); 210(548.18); 211(243.79); 212(302.68); 213(245.26); 214(243.53); 215(517.82); 216(809.55); 217(550.42); 218(544.79); 219(599.36); 220(909.8); 221(778.22); 222(402.68); 223(836.8); 224(810.63); 225(758.38); 226(813.5); 227(199.41); 228(315.77); 229(889.66); 230(563.13); 231(269.99); 232(375.78); 233(322.06); 234(136.22); 235(655.11); 236(100.62); 237(616.46); 238(50.29); 239(502.94); 240(445.96); 241(448.61); 242(385.82); 243(929.33); 244(841.3); 245(851.12); 246(13.17); 247(889.3); 248(225.06); 249(696.69); 250(501.6); 251(176.47); 252(25.57); 253(512.36); 254(693.08); 255(781.58); 256(86.51); 257(992.36); 258(594.91); 259(803.65); 260(544.41); 261(120.76); 262(286.21); 263(663.66); 264(287.91); 265(630.83); 266(588.88); 267(352.45); 268(815.82); 269(549.89); 270(494.3); 271(523.57); 272(405.23); 273(135.54); 274(208.41); 275(189.8); 276(793.56); 277(250.79); 278(190.11); 279(560.48); 280(303.22); 281(219.23); 282(894.73); 283(348.78); 284(687.91); 285(589.42); 286(510.25); 287(960.62); 288(245.44); 289(389.36); 290(225.77); 291(270.67); 292(697.88); 293(569.27); 294(487.6); 295(459.39); 296(12.72); 297(749.96); 298(801.96); 299(644.9); 300(914.55); 301(365.15); 302(793.0); 303(208.82); 304(20.5); 305(193.81); 306(180.67); 307(458.2); 308(972.77); 309(302.23); 310(901.06); 311(122.14); 312(486.37); 313(774.7); 314(499.81); 315(368.81); 316(854.55); 318(201.73); 319(437.49); 320(354.2); 321(898.66); 322(874.67); 323(151.21); 324(252.89); 325(494.25); 326(450.03); 327(84.85); 328(966.86); 329(152.18); 330(155.24); 331(290.72); 332(418.45); 333(113.78); 334(811.21); 335(617.17); 336(22.01); 337(948.43); 338(68.75); 339(257.94); 340(997.6); 341(826.77); 342(492.53); 343(408.49); 344(228.59); 345(550.41); 346(23.16); 347(266.78); 348(434.64); 349(919.61); 350(741.75); 351(337.84); 352(832.07); 353(220.43); 354(884.05); 355(795.35); 356(865.95); 357(707.52); 358(485.48); 359(141.82); 360(984.48); 361(452.13); 362(213.24); 363(895.11); 364(39.74); 365(12.76); 366(993.55); 367(820.42); 368(490.33); 369(947.37); 370(615.02); 371(941.03); 372(244.27); 373(623.06); 374(765.61); 375(895.68); 376(480.97); 377(538.12); 378(561.24); 379(885.6); 380(278.06); 381(269.98); 382(909.59); 383(642.0); 384(860.89); 385(454.34); 386(391.29); 387(330.98); 388(607.16); 389(548.03); 390(12.64); 391(184.11); 392(297.16); 393(46.45); 394(598.24); 395(501.81); 396(880.0); 397(338.74); 398(250.73); 399(60.78); 400(25.31); 401(903.85); 402(382.5); 403(138.0); 404(379.19); 405(723.8); 406(864.89); 407(539.23); 408(20.66); 409(957.93); 410(587.68); 411(197.63); 412(92.5); 413(161.46); 414(108.79); 415(411.17); 416(431.75); 417(735.09); 418(247.99); 419(803.12); 420(582.5); 421(615.56); 422(466.37); 423(224.42); 424(57.54); 425(646.51); 426(923.04); 427(940.44); 428(948.82); 429(290.97); 430(909.21); 431(894.07); 432(848.81); 433(400.02); 434(285.32); 435(177.09); 436(964.5); 437(15.04); 438(470.73); 439(381.79); 440(287.66); 441(414.1); 442(275.3); 443(597.99); 444(333.07); 445(348.33); 446(372.72); 447(308.51); 448(254.39); 449(695.36); 450(736.63); 451(527.84); 452(829.28); 453(204.9); 454(92.83); 455(861.62); 456(939.98); 457(191.8); 458(761.54); 459(137.14); 460(488.73); 461(336.86); 462(80.21); 463(145.75); 464(306.39); 465(268.41); 466(403.1); 467(222.39); 468(100.88); 469(391.55); 470(188.58); 471(494.15); 472(188.32); 473(465.63); 474(774.66); 475(312.41); 476(836.63); 477(210.65); 478(380.84); 479(809.21); 480(642.4); 481(91.3); 482(286.12); 483(463.54); 484(82.96); 485(931.78); 486(877.91); 487(345.36); 488(390.91); 489(533.97); 490(101.0); 491(154.96); 492(853.02); 493(157.5); 494(752.19); 495(780.98); 496(163.05); 497(42.17); 498(935.68); 499(599.92),1
318,0(661.57); 1(999.31); 2(309.38); 3(873.98); 4(546.45); 5(921.35); 6(914.2); 7(442.93); 8(341.17); 9(513.87); 10(50.01); 11(929.35); 12(206.31); 13(198.05); 14(252.24); 15(49.89); 16(333.11); 17(472.09); 18(441.39); 19(386.6); 20(590.08); 21(656.07); 22(317.14); 23(762.16); 24(455.61); 25(965.47); 26(417.98); 27(412.45); 28(847.68); 29(772.61); 30(540.17); 31(492.89); 32(242.94); 33(315.53); 34(378.21); 35(252.14); 36(405.3); 37(161.68); 38(31.47); 39(729.15); 40(426.43); 41(729.79); 42(443.14); 43(469.25); 44(641.01); 45(199.02); 46(601.17); 47(53.0); 48(848.46); 49(241.83); 50(36.08); 51(568.93); 52(390.92); 53(60.73); 54(819.53); 55(20.57); 56(543.84); 57(527.62); 58(512.55); 59(221.95); 60(813.92); 61(589.22); 62(156.97); 63(417.85); 64(842.53); 65(924.14); 66(59.48); 67(386.7); 68(555.5); 69(942.03); 70(756.24); 71(907.42); 72(209.88); 73(929.46); 74(336.35); 75(330.03); 76(612.25); 77(697.64); 78(379.73); 79(887.36); 80(524.55); 81(987.47); 82(614.4); 83(360.44); 84(624.02); 85(858.01); 86(0.32); 87(241.9); 88(166.04); 89(574.9); 90(237.54); 91(232.63); 92(477.09); 93(503.65); 94(258.73); 95(945.26); 96(132.65); 97(314.65); 98(138.63); 99(395.31); 100(862.34); 101(192.48); 102(149.06); 103(231.69); 104(535.77); 105(981.33); 106(431.14); 107(218.62); 108(5.19); 109(263.49); 110(348.36); 111(711.97); 112(266.01); 113(564.96); 114(132.79); 115(290.24); 116(227.95); 117(993.03); 118(550.55); 119(126.31); 120(624.84); 121(985.59); 122(309.85); 123(281.74); 124(588.63); 125(12.99); 126(164.46); 127(981.58); 128(543.45); 129(488.33); 130(706.34); 131(399.23); 132(272.4); 133(371.23); 134(91.35); 135(892.08); 136(50.92); 137(956.69); 138(316.97); 139(742.23); 140(113.64); 141(82.65); 142(969.77); 143(838.22); 144(386.26); 145(373.84); 146(304.38); 147(32.28); 148(579.98); 149(609.84); 150(917.04); 151(632.71); 152(797.75); 153(100.82); 154(729.2); 155(379.47); 156(901.6); 157(938.66); 158(270.31); 159(502.15); 160(287.46); 161(806.93); 162(558.35); 163(439.93); 164(747.58); 165(90.53); 166(914.97); 167(11.28); 168(821.7); 169(917.94); 170(925.22); 171(986.85); 172(965.95); 173(303.35); 174(985.53); 175(748.87); 176(456.97); 177(62.22); 178(598.17); 179(369.64); 180(272.76); 181(447.91); 182(960.39); 183(376.69); 184(379.87); 185(545.04); 186(947.32); 187(928.2); 188(552.56); 189(864.39); 190(688.59); 191(179.61); 192(509.32); 193(828.74); 194(29.66); 195(279.01); 196(485.63); 197(9.08); 198(4.62); 199(606.29); 200(425.83); 201(398.37); 202(27.75); 203(208.55); 204(576.86); 205(8.1); 206(110.78); 207(203.64); 208(619.46); 209(825.42); 210(0.71); 211(44.13); 212(389.02); 213(189.74); 214(346.23); 215(122.96); 216(92.14); 217(724.24); 218(74.66); 219(588.91); 220(666.69); 221(287.11); 222(905.22); 223(356.13); 224(461.6); 225(404.28); 226(71.52); 227(100.5); 228(219.58); 229(857.37); 230(238.84); 231(792.78); 232(579.21); 233(910.28); 234(349.0); 235(879.06); 236(628.98); 237(165.96); 238(980.67); 239(422.56); 240(907.02); 241(820.61); 242(787.42); 243(335.68); 244(928.31); 245(751.98); 246(664.34); 247(659.04); 248(633.65); 249(427.08); 250(730.27); 251(85.6); 252(77.45); 253(216.17); 254(626.28); 255(603.37); 256(364.62); 257(50.08); 258(474.46); 259(967.88); 260(933.53); 261(785.27); 262(872.0); 263(711.19); 264(590.83); 265(428.89); 266(979.56); 267(654.84); 268(503.56); 269(766.22); 270(777.19); 271(177.51); 272(327.88); 273(387.54); 274(246.51); 275(198.32); 276(619.58); 277(981.4); 278(675.6); 279(766.89); 280(112.07); 281(910.78); 282(760.77); 283(115.81); 284(954.31); 285(681.22); 286(97.33); 287(600.43); 288(782.95); 289(328.51); 290(847.81); 291(543.5); 292(989.98); 293(571.71); 294(432.9); 295(431.61); 296(515.7); 297(776.5); 298(577.61); 299(649.73); 300(412.82); 301(602.56); 302(368.77); 303(301.7); 304(632.55); 305(438.71); 306(805.5); 307(156.35); 308(49.98); 309(258.16); 310(407.59); 311(615.26); 312(574.71); 313(729.59); 314(6.16); 315(921.33); 316(629.36); 317(201.73); 319(333.6); 320(350.68); 321(285.33); 322(827.93); 323(673.56); 324(85.8); 325(922.58); 326(966.22); 327(297.11); 328(569.14); 329(159.1); 330(54.92); 331(177.67); 332(65.28); 333(736.02); 334(244.16); 335(677.73); 336(28.92); 337(805.52); 338(799.5); 339(972.98); 340(160.64); 341(191.09); 342(363.58); 343(9.02); 344(103.97); 345(585.32); 346(580.3); 347(687.32); 348(63.06); 349(555.15); 350(116.55); 351(401.05); 352(418.69); 353(291.02); 354(468.24); 355(369.95); 356(214.97); 357(936.93); 358(275.6); 359(233.45); 360(277.0); 361(322.23); 362(396.02); 363(780.91); 364(994.07); 365(492.97); 366(805.73); 367(43.52); 368(605.56); 369(951.09); 370(915.1); 371(404.28); 372(367.73); 373(616.71); 374(27.22); 375(98.62); 376(572.66); 377(914.54); 378(250.13); 379(752.86); 380(131.52); 381(989.65); 382(458.74); 383(476.85); 384(855.38); 385(953.04); 386(364.2); 387(969.59); 388(805.99); 389(854.56); 390(480.45); 391(912.93); 392(133.31); 393(927.69); 394(960.0); 395(56.77); 396(882.32); 397(474.38); 398(437.73); 399(216.75); 400(469.82); 401(610.67); 402(943.49); 403(10.23); 404(409.72); 405(35.22); 406(492.88); 407(718.9); 408(101.77); 409(691.47); 410(871.08); 411(879.06); 412(256.52); 413(990.9); 414(944.99); 415(561.55); 416(830.28); 417(528.45); 418(796.6); 419(306.84); 420(874.33); 421(159.37); 422(201.41); 423(192.89); 424(534.63); 425(94.09); 426(438.28); 427(631.37); 428(813.99); 429(890.3); 430(639.49); 431(593.52); 432(822.16); 433(368.73); 434(323.07); 435(926.5); 436(879.76); 437(706.61); 438(482.12); 439(336.58); 440(921.3); 441(402.63); 442(75.66); 443(631.45); 444(381.39); 445(654.49); 446(729.63); 447(350.99); 448(145.26); 449(996.24); 450(432.49); 451(939.78); 452(679.48); 453(29.44); 454(956.07); 455(417.96); 456(77.92); 457(620.95); 458(941.33); 459(157.05); 460(949.05); 461(646.07); 462(807.35); 463(14.87); 464(288.38); 465(605.23); 466(78.12); 467(683.58); 468(576.97); 469(273.33); 470(7.4); 471(787.96); 472(850.06); 473(101.29); 474(336.53); 475(754.27); 476(241.31); 477(799.16); 478(566.67); 479(928.57); 480(614.42); 481(576.18); 482(13.27); 483(417.76); 484(430.98); 485(254.78); 486(726.15); 487(51.01); 488(915.47); 489(570.33); 490(827.97); 491(445.0); 492(355.48); 493(772.15); 494(581.82); 495(744.79); 496(102.01); 497(120.82); 498(124.7); 499(626.95),1
319,0(773.84); 1(32.03); 2(451.39); 3(85.39); 4(489.85); 5(861.46); 6(197.87); 7(156.51); 8(968.94); 9(64.86); 10(83.44); 11(478.24); 12(217.01); 13(92.89); 14(354.32); 15(491.58); 16(167.03); 17(124.03); 18(930.15); 19(539.45); 20(969.99); 21(812.92); 22(135.25); 23(877.06); 24(683.71); 25(834.76); 26(149.03); 27(949.26); 28(18.4); 29(984.43); 30(827.56); 31(146.09); 32(398.13); 33(972.03); 34(152.12); 35(789.74); 36(129.28); 37(442.27); 38(410.8); 39(524.83); 40(413.73); 41(70.73); 42(257.09); 43(381.42); 44(869.0); 45(557.9); 46(484.64); 47(944.63); 48(45.52); 49(46.84); 50(63.94); 51(630.82); 52(396.06); 53(863.53); 54(898.28); 55(366.08); 56(51.75); 57(466.72); 58(66.24); 59(286.38); 60(985.54); 61(553.76); 62(171.05); 63(82.21); 64(610.08); 65(525.02); 66(95.53); 67(333.37); 68(720.28); 69(757.27); 70(708.29); 71(317.24); 72(479.72); 73(483.44); 74(994.32); 75(117.26); 76(304.93); 77(685.15); 78(174.48); 79(555.63); 80(558.39); 81(656.96); 82(479.31); 83(753.08); 84(588.32); 85(112.61); 86(599.6); 87(421.36); 88(949.34); 89(118.77); 90(583.86); 91(835.48); 92(383.83); 93(570.67); 94(952.85); 95(650.41); 96(796.12); 97(593.16); 98(189.33); 99(86.08); 100(705.54); 101(341.02); 102(83.64); 103(175.25); 104(880.3); 105(351.67); 106(358.29); 107(540.07); 108(458.91); 109(807.25); 110(260.54); 111(254.57); 112(419.04); 113(222.33); 114(263.62); 115(5.11); 116(831.33); 117(760.7); 118(423.1); 119(373.07); 120(869.97); 121(640.13); 122(553.12); 123(64.11); 124(680.09); 125(342.64); 126(406.53); 127(942.44); 128(987.93); 129(130.01); 130(884.66); 131(480.35); 132(752.24); 133(720.05); 134(997.84); 135(113.19); 136(515.81); 137(134.63); 138(414.8); 139(127.97); 140(315.5); 141(847.14); 142(481.09); 143(529.94); 144(954.18); 145(245.14); 146(863.08); 147(112.62); 148(586.33); 149(504.26); 150(648.97); 151(27.88); 152(28.79); 153(662.79); 154(547.72); 155(608.9); 156(703.5); 157(424.42); 158(120.26); 159(552.81); 160(397.57); 161(307.83); 162(73.87); 163(529.6); 164(913.99); 165(401.96); 166(527.34); 167(388.72); 168(88.55); 169(718.15); 170(192.33); 171(122.84); 172(252.71); 173(343.48); 174(424.06); 175(796.81); 176(788.59); 177(974.31); 178(277.42); 179(336.45); 180(20.7); 181(993.45); 182(636.29); 183(671.17); 184(786.71); 185(910.0); 186(931.91); 187(929.27); 188(457.75); 189(232.17); 190(445.38); 191(682.99); 192(387.57); 193(821.54); 194(85.06); 195(464.46); 196(832.29); 197(807.0); 198(990.4); 199(654.98); 200(407.03); 201(287.41); 202(240.73); 203(180.49); 204(981.37); 205(550.18); 206(704.0); 207(360.02); 208(128.2); 209(518.37); 210(15.76); 211(430.45); 212(615.96); 213(358.04); 214(196.31); 215(709.82); 216(682.23); 217(418.4); 218(768.47); 219(16.1); 220(419.65); 221(444.76); 222(336.91); 223(852.58); 224(848.69); 225(731.92); 226(923.81); 227(618.19); 228(86.54); 229(322.68); 230(903.59); 231(892.42); 232(736.24); 233(15.2); 234(902.84); 235(875.17); 236(395.37); 237(292.92); 238(143.1); 239(160.79); 240(616.2); 241(491.78); 242(307.18); 243(628.19); 244(633.67); 245(173.68); 246(302.79); 247(679.17); 248(499.32); 249(734.68); 250(948.51); 251(259.13); 252(803.71); 253(504.81); 254(862.61); 255(844.4); 256(544.15); 257(462.22); 258(622.47); 259(881.22); 260(735.67); 261(289.44); 262(444.91); 263(651.2); 264(684.5); 265(895.59); 266(281.88); 267(781.81); 268(108.3); 269(901.93); 270(830.06); 271(599.0); 272(736.48); 273(947.32); 274(983.22); 275(114.8); 276(170.93); 277(483.69); 278(226.95); 279(763.46); 280(851.91); 281(271.93); 282(145.61); 283(634.24); 284(549.04); 285(301.65); 286(643.41); 287(670.6); 288(173.35); 289(555.06); 290(760.3); 291(742.1); 292(719.71); 293(427.48); 294(275.82); 295(703.25); 296(40.38); 297(68.36); 298(726.15); 299(477.9); 300(847.05); 301(870.28); 302(341.83); 303(897.5); 304(465.26); 305(706.56); 306(194.84); 307(431.98); 308(860.54); 309(162.21); 310(309.34); 311(568.05); 312(474.86); 313(624.56); 314(22.61); 315(317.82); 316(383.5); 317(437.49); 318(333.6); 320(360.73); 321(189.86); 322(848.07); 323(11.55); 324(787.2); 325(764.98); 326(193.43); 327(999.98); 328(111.66); 329(643.0); 330(916.1); 331(910.27); 332(561.78); 333(13.21); 334(241.32); 335(56.32); 336(402.8); 337(844.14); 338(291.4); 339(227.87); 340(960.42); 341(27.31); 342(574.94); 343(206.82); 344(961.32); 345(333.71); 346(396.65); 347(237.47); 348(69.37); 349(846.31); 350(986.07); 351(877.26); 352(324.91); 353(548.62); 354(445.26); 355(662.7); 356(596.2); 357(66.17); 358(442.93); 359(613.73); 360(553.29); 361(658.94); 362(418.42); 363(159.38); 364(922.16); 365(689.15); 366(429.35); 367(684.87); 368(52.7); 369(302.92); 370(970.56); 371(7.75); 372(71.15); 373(129.92); 374(793.13); 375(391.14); 376(428.57); 377(420.92); 378(616.57); 379(181.86); 380(980.93); 381(791.0); 382(371.41); 383(617.26); 384(152.46); 385(973.48); 386(800.51); 387(895.69); 388(248.47); 389(916.95); 390(255.86); 391(494.61); 392(527.02); 393(199.07); 394(69.9); 395(162.65); 396(417.0); 397(975.78); 398(275.67); 399(456.64); 400(357.29); 401(190.23); 402(696.03); 403(831.6); 404(903.4); 405(538.79); 406(129.19); 407(646.16); 408(187.73); 409(612.37); 410(243.45); 411(283.99); 412(971.3); 413(65.75); 414(449.97); 415(970.93); 416(624.76); 417(722.46); 418(140.86); 419(63.88); 420(389.81); 421(686.32); 422(781.01); 423(333.6); 424(742.81); 425(402.8); 426(228.68); 427(714.69); 428(121.78); 429(79.47); 430(412.1); 431(609.59); 432(349.14); 433(380.64); 434(528.69); 435(919.37); 436(698.24); 437(297.88); 438(11.7); 439(445.86); 440(29.5); 441(302.45); 442(835.43); 443(932.23); 444(19.31); 445(128.9); 446(597.21); 447(268.21); 448(288.99); 449(54.36); 450(936.93); 451(331.84); 452(572.92); 453(360.1); 454(853.85); 455(511.76); 456(202.97); 457(629.94); 458(525.11); 459(922.25); 460(825.55); 461(181.47); 462(833.77); 463(670.92); 464(124.3); 465(228.22); 466(694.25); 467(10.08); 468(172.47); 469(723.24); 470(192.28); 471(490.67); 472(611.0); 473(386.03); 474(947.73); 475(848.76); 476(877.15); 477(147.12); 478(696.41); 479(873.94); 480(686.15); 481(987.61); 482(779.41); 483(320.46); 484(632.32); 485(784.26); 486(603.27); 487(830.86); 488(781.29); 489(457.52); 490(289.33); 491(814.03); 492(64.86); 493(824.9); 494(209.81); 495(116.87); 496(861.71); 497(528.22); 498(660.73); 499(213.15),1
320,0(486.14); 1(585.38); 2(113.26); 3(904.96); 4(362.91); 5(514.4); 6(940.84); 7(133.07); 8(610.28); 9(894.64); 10(46.21); 11(939.95); 12(868.17); 13(658.71); 14(626.41); 15(403.73); 16(543.91); 17(274.42); 18(695.19); 19(916.25); 20(254.76); 21(701.82); 22(799.39); 23(583.43); 24(950.35); 25(363.95); 26(68.8); 27(472.6); 28(320.14); 29(564.83); 30(971.46); 31(292.91); 32(465.3); 33(116.26); 34(655.66); 35(32.42); 36(572.71); 37(437.08); 38(460.47); 39(430.27); 40(69.36); 41(547.73); 42(31.09); 43(589.76); 44(794.59); 45(426.71); 46(870.61); 47(849.11); 48(680.23); 49(451.98); 50(97.05); 51(490.47); 52(400.34); 53(680.14); 54(21.12); 55(517.75); 56(593.3); 57(273.01); 58(956.9); 59(950.86); 60(68.72); 61(870.54); 62(371.66); 63(871.48); 64(550.49); 65(923.08); 66(131.71); 67(404.91); 68(57.74); 69(265.91); 70(16.74); 71(761.41); 72(773.95); 73(289.29); 74(379.04); 75(699.37); 76(558.62); 77(701.08); 78(312.28); 79(578.32); 80(382.63); 81(630.76); 82(605.21); 83(71.53); 84(347.22); 85(871.45); 86(567.4); 87(920.68); 88(816.51); 89(92.24); 90(731.84); 91(662.14); 92(904.61); 93(47.64); 94(257.82); 95(412.94); 96(885.38); 97(753.32); 98(163.36); 99(440.76); 100(39.63); 101(453.98); 102(249.91); 103(567.8); 104(274.63); 105(666.48); 106(506.9); 107(303.72); 108(401.91); 109(801.38); 110(955.46); 111(961.36); 112(564.71); 113(568.62); 114(589.29); 115(898.17); 116(745.57); 117(18.39); 118(251.04); 119(575.24); 120(306.01); 121(877.41); 122(56.09); 123(137.06); 124(384.01); 125(536.85); 126(9.49); 127(98.08); 128(848.16); 129(279.76); 130(680.7); 131(921.89); 132(501.94); 133(61.4); 134(725.52); 135(838.6); 136(27.45); 137(145.6); 138(873.57); 139(697.9); 140(861.59); 141(737.29); 142(250.18); 143(325.26); 144(344.81); 145(180.22); 146(957.81); 147(403.72); 148(366.72); 149(466.52); 150(371.75); 151(405.37); 152(568.88); 153(563.84); 154(318.54); 155(767.99); 156(553.53); 157(924.99); 158(331.02); 159(907.54); 160(458.43); 161(780.34); 162(634.35); 163(533.37); 164(974.75); 165(82.28); 166(421.25); 167(987.85); 168(603.34); 169(669.06); 170(197.19); 171(716.33); 172(359.77); 173(12.79); 174(57.91); 175(585.75); 176(168.04); 177(109.01); 178(623.97); 179(787.91); 180(456.89); 181(873.19); 182(867.93); 183(23.19); 184(135.03); 185(825.06); 186(271.38); 187(454.15); 188(368.67); 189(472.93); 190(691.8); 191(400.46); 192(847.3); 193(806.69); 194(451.67); 195(293.85); 196(593.2); 197(348.62); 198(470.84); 199(466.33); 200(749.5); 201(321.82); 202(795.94); 203(768.7); 204(616.54); 205(132.33); 206(749.51); 207(531.39); 208(316.34); 209(693.21); 210(496.34); 211(898.57); 212(542.8); 213(932.34); 214(907.27); 215(126.62); 216(616.05); 217(316.3); 218(989.3); 219(846.47); 220(483.33); 221(990.38); 222(285.84); 223(458.03); 224(311.14); 225(843.22); 226(292.52); 227(482.82); 228(807.1); 229(654.69); 230(119.34); 231(819.8); 232(726.24); 233(566.87); 234(607.51); 235(626.92); 236(650.59); 237(891.89); 238(650.82); 239(745.94); 240(396.52); 241(206.19); 242(94.7); 243(825.04); 244(249.09); 245(400.72); 246(507.16); 247(375.5); 248(415.18); 249(318.35); 250(860.72); 251(973.88); 252(383.03); 253(761.24); 254(463.24); 255(445.57); 256(699.71); 257(189.42); 258(125.76); 259(526.88); 260(375.6); 261(907.27); 262(332.77); 263(797.71); 264(798.05); 265(14.08); 266(627.54); 267(370.45); 268(268.99); 269(40.36); 270(405.56); 271(514.73); 272(384.08); 273(530.86); 274(171.94); 275(801.44); 276(28.19); 277(498.46); 278(579.79); 279(526.46); 280(179.25); 281(420.24); 282(306.95); 283(705.91); 284(134.34); 285(218.22); 286(214.56); 287(874.47); 288(211.04); 289(730.55); 290(703.53); 291(891.85); 292(577.94); 293(226.46); 294(180.6); 295(158.43); 296(287.98); 297(861.22); 298(861.67); 299(329.19); 300(251.63); 301(977.04); 302(683.08); 303(771.97); 304(458.49); 305(466.69); 306(662.96); 307(225.37); 308(127.52); 309(754.73); 310(447.81); 311(473.71); 312(962.9); 313(331.73); 314(434.15); 315(289.33); 316(491.33); 317(354.2); 318(350.68); 319(360.73); 321(193.61); 322(266.07); 323(297.99); 324(954.97); 325(459.57); 326(454.86); 327(784.37); 328(290.19); 329(773.26); 330(287.05); 331(630.22); 332(85.12); 333(121.02); 334(754.6); 335(349.95); 336(783.26); 337(251.59); 338(818.19); 339(633.57); 340(460.57); 341(58.6); 342(589.91); 343(580.08); 344(486.92); 345(509.76); 346(416.92); 347(64.79); 348(62.3); 349(932.3); 350(254.6); 351(385.03); 352(22.9); 353(639.55); 354(562.91); 355(883.3); 356(489.3); 357(328.55); 358(774.18); 359(911.8); 360(864.95); 361(69.49); 362(429.61); 363(596.74); 364(23.58); 365(535.23); 366(283.97); 367(247.94); 368(509.92); 369(916.5); 370(54.98); 371(648.2); 372(921.03); 373(559.31); 374(466.19); 375(827.64); 376(226.4); 377(932.05); 378(606.93); 379(938.87); 380(5.59); 381(546.95); 382(221.28); 383(391.78); 384(224.02); 385(591.7); 386(261.83); 387(885.4); 388(288.59); 389(243.54); 390(500.82); 391(607.14); 392(974.55); 393(18.75); 394(168.31); 395(851.24); 396(551.76); 397(364.28); 398(45.46); 399(584.18); 400(650.14); 401(519.33); 402(109.38); 403(198.52); 404(215.68); 405(922.63); 406(262.1); 407(216.18); 408(642.87); 409(849.47); 410(799.25); 411(588.19); 412(933.21); 413(591.25); 414(669.3); 415(776.12); 416(792.22); 417(577.95); 418(143.58); 419(674.1); 420(483.78); 421(834.3); 422(860.14); 423(964.96); 424(49.65); 425(646.04); 426(614.27); 427(572.27); 428(508.43); 429(850.6); 430(849.82); 431(254.86); 432(507.85); 433(90.7); 434(863.57); 435(63.02); 436(766.54); 437(699.08); 438(950.55); 439(866.23); 440(735.18); 441(150.78); 442(936.15); 443(386.33); 444(40.87); 445(755.88); 446(367.48); 447(289.66); 448(16.23); 449(128.42); 450(147.75); 451(122.81); 452(258.86); 453(394.51); 454(454.75); 455(892.67); 456(541.13); 457(640.62); 458(914.58); 459(663.35); 460(272.95); 461(271.41); 462(966.09); 463(964.93); 464(602.2); 465(4.53); 466(37.46); 467(107.24); 468(780.67); 469(675.89); 470(874.19); 471(466.08); 472(764.47); 473(402.08); 474(256.62); 475(303.26); 476(887.87); 477(776.66); 478(391.79); 479(782.11); 480(241.48); 481(489.69); 482(237.4); 483(568.31); 484(705.08); 485(170.05); 486(36.15); 487(69.55); 488(483.43); 489(855.49); 490(958.87); 491(331.61); 492(571.9); 493(303.16); 494(708.59); 495(795.94); 496(820.93); 497(523.86); 498(150.08); 499(177.26),1
321,0(909.92); 1(924.95); 2(582.47); 3(860.97); 4(149.8); 5(270.77); 6(642.12); 7(861.5); 8(203.49); 9(403.08); 10(489.53); 11(530.56); 12(751.35); 13(763.87); 14(480.09); 15(601.38); 16(519.39); 17(884.16); 18(316.46); 19(992.53); 20(138.0); 21(316.92); 22(172.39); 23(144.01); 24(319.87); 25(180.54); 26(668.53); 27(209.85); 28(154.26); 29(646.09); 30(98.92); 31(136.4); 32(144.17); 33(264.61); 34(662.98); 35(815.26); 36(446.87); 37(239.28); 38(899.21); 39(489.71); 40(395.49); 41(581.15); 42(476.18); 43(82.74); 44(717.87); 45(510.61); 46(670.22); 47(889.75); 48(586.42); 49(478.21); 50(991.06); 51(461.65); 52(574.49); 53(965.94); 54(195.36); 55(915.94); 56(622.9); 57(884.65); 58(963.77); 59(182.21); 60(48.78); 61(542.5); 62(838.89); 63(530.12); 64(26.15); 65(576.03); 66(674.06); 67(11.9); 68(524.04); 69(245.44); 70(820.95); 71(264.34); 72(296.71); 73(854.18); 74(358.38); 75(190.76); 76(672.62); 77(890.28); 78(196.54); 79(768.65); 80(945.62); 81(943.48); 82(201.63); 83(483.88); 84(385.83); 85(89.55); 86(916.57); 87(390.53); 88(197.6); 89(491.71); 90(121.49); 91(830.43); 92(728.24); 93(120.48); 94(500.05); 95(706.01); 96(402.09); 97(963.87); 98(314.56); 99(3.19); 100(36.05); 101(150.64); 102(204.23); 103(220.51); 104(966.59); 105(806.07); 106(406.67); 107(613.56); 108(897.63); 109(973.96); 110(346.59); 111(274.52); 112(231.92); 113(610.81); 114(752.58); 115(274.59); 116(756.36); 117(825.76); 118(256.09); 119(45.53); 120(190.36); 121(973.15); 122(453.56); 123(778.56); 124(190.58); 125(304.32); 126(753.0); 127(927.96); 128(437.14); 129(934.16); 130(977.58); 131(865.75); 132(236.24); 133(581.65); 134(559.36); 135(771.05); 136(592.35); 137(646.61); 138(583.74); 139(156.71); 140(591.16); 141(580.38); 142(591.16); 143(258.33); 144(897.8); 145(486.04); 146(15.87); 147(158.96); 148(493.03); 149(396.71); 150(613.31); 151(472.55); 152(848.26); 153(946.21); 154(370.31); 155(865.88); 156(707.59); 157(725.44); 158(115.36); 159(999.67); 160(414.98); 161(433.97); 162(333.07); 163(990.48); 164(33.03); 165(132.44); 166(267.52); 167(764.58); 168(218.97); 169(818.36); 170(90.15); 171(104.27); 172(693.35); 173(117.71); 174(106.96); 175(437.61); 176(988.3); 177(429.85); 178(992.21); 179(148.74); 180(465.14); 181(982.54); 182(523.69); 183(404.9); 184(489.15); 185(693.7); 186(936.7); 187(238.03); 188(831.39); 189(718.76); 190(682.41); 191(939.41); 192(388.72); 193(320.91); 194(612.82); 195(742.62); 196(941.2); 197(917.99); 198(620.19); 199(379.02); 200(845.83); 201(606.02); 202(406.06); 203(395.2); 204(972.88); 205(211.89); 206(914.07); 207(697.94); 208(671.26); 209(635.57); 210(139.65); 211(790.5); 212(971.49); 213(111.55); 214(655.04); 215(581.09); 216(569.97); 217(89.52); 218(95.24); 219(181.17); 220(605.35); 221(399.12); 222(300.25); 223(346.65); 224(99.0); 225(972.12); 226(720.08); 227(233.98); 228(431.14); 229(42.12); 230(975.59); 231(705.17); 232(332.1); 233(526.34); 234(379.33); 235(906.05); 236(990.14); 237(188.19); 238(913.57); 239(268.6); 240(163.18); 241(374.15); 242(521.12); 243(18.7); 244(909.87); 245(950.08); 246(426.31); 247(93.88); 248(529.1); 249(79.29); 250(877.72); 251(974.05); 252(734.14); 253(143.62); 254(325.58); 255(238.24); 256(666.46); 257(823.4); 258(657.85); 259(35.98); 260(172.43); 261(413.76); 262(971.86); 263(18.94); 264(418.91); 265(115.6); 266(702.36); 267(539.93); 268(126.72); 269(303.01); 270(322.84); 271(268.59); 272(773.96); 273(947.65); 274(842.99); 275(495.92); 276(119.76); 277(618.71); 278(787.42); 279(724.03); 280(238.65); 281(113.42); 282(198.94); 283(546.04); 284(14.2); 285(271.33); 286(799.36); 287(816.38); 288(862.53); 289(430.97); 290(414.32); 291(480.22); 292(247.21); 293(405.8); 294(32.5); 295(862.98); 296(912.89); 297(778.41); 298(208.86); 299(708.8); 300(128.7); 301(820.47); 302(963.91); 303(189.57); 304(400.61); 305(924.3); 306(767.41); 307(323.37); 308(6.16); 309(948.21); 310(673.47); 311(526.05); 312(335.08); 313(59.1); 314(596.89); 315(402.93); 316(529.83); 317(898.66); 318(285.33); 319(189.86); 320(193.61); 322(554.87); 323(154.72); 324(452.6); 325(574.02); 326(918.9); 327(348.82); 328(863.31); 329(731.6); 330(960.02); 331(987.49); 332(879.97); 333(354.03); 334(16.03); 335(492.21); 336(29.27); 337(960.6); 338(230.75); 339(882.55); 340(106.61); 341(13.52); 342(787.22); 343(372.74); 344(278.74); 345(333.95); 346(243.66); 347(394.34); 348(831.3); 349(89.18); 350(466.05); 351(491.92); 352(443.49); 353(178.9); 354(921.95); 355(859.72); 356(451.18); 357(437.71); 358(519.55); 359(973.26); 360(114.84); 361(713.28); 362(295.86); 363(892.28); 364(111.84); 365(460.95); 366(657.32); 367(845.84); 368(267.99); 369(773.53); 370(697.07); 371(268.58); 372(813.41); 373(499.01); 374(777.35); 375(0.58); 376(997.45); 377(170.37); 378(953.09); 379(713.69); 380(924.34); 381(586.58); 382(362.6); 383(210.21); 384(756.19); 385(399.44); 386(278.84); 387(553.82); 388(392.47); 389(739.39); 390(926.39); 391(970.1); 392(890.36); 393(192.52); 394(596.57); 395(596.95); 396(711.95); 397(85.73); 398(196.44); 399(24.57); 400(714.28); 401(556.38); 402(136.96); 403(749.22); 404(884.25); 405(810.18); 406(790.57); 407(531.53); 408(558.15); 409(920.84); 410(278.52); 411(528.01); 412(721.56); 413(792.64); 414(781.67); 415(92.67); 416(443.93); 417(851.88); 418(892.1); 419(976.58); 420(915.3); 421(41.68); 422(435.57); 423(411.52); 424(103.04); 425(507.63); 426(881.54); 427(969.46); 428(884.0); 429(187.18); 430(771.21); 431(601.45); 432(479.38); 433(126.11); 434(520.34); 435(46.41); 436(979.83); 437(454.41); 438(317.22); 439(844.44); 440(171.06); 441(556.4); 442(158.9); 443(352.62); 444(234.53); 445(321.23); 446(989.19); 447(959.55); 448(907.05); 449(663.45); 450(532.2); 451(349.05); 452(812.01); 453(529.35); 454(48.56); 455(491.02); 456(971.36); 457(834.34); 458(259.39); 459(302.14); 460(486.94); 461(872.79); 462(949.03); 463(743.47); 464(153.56); 465(755.04); 466(435.58); 467(481.99); 468(867.26); 469(460.31); 470(24.23); 471(899.22); 472(996.77); 473(765.67); 474(77.82); 475(871.77); 476(136.5); 477(813.83); 478(636.2); 479(236.17); 480(483.85); 481(590.24); 482(298.38); 483(481.15); 484(492.34); 485(723.9); 486(862.93); 487(124.51); 488(676.11); 489(726.1); 490(605.81); 491(697.69); 492(47.3); 493(632.15); 494(133.73); 495(852.76); 496(418.87); 497(782.75); 498(91.33); 499(676.95),2
322,0(803.93); 1(860.58); 2(883.55); 3(553.62); 4(665.25); 5(385.46); 6(311.74); 7(348.15); 8(164.4); 9(691.5); 10(808.32); 11(724.3); 12(951.34); 13(990.05); 14(526.02); 15(578.93); 16(884.37); 17(617.36); 18(54.83); 19(706.33); 20(198.01); 21(572.99); 22(737.77); 23(171.88); 24(831.71); 25(458.35); 26(236.33); 27(49.98); 28(285.45); 29(659.51); 30(770.07); 31(247.86); 32(466.22); 33(670.53); 34(346.15); 35(683.91); 36(484.43); 37(885.24); 38(120.59); 39(71.65); 40(776.72); 41(24.39); 42(313.32); 43(595.52); 44(829.39); 45(642.18); 46(41.49); 47(49.36); 48(402.45); 49(873.1); 50(272.54); 51(203.15); 52(338.94); 53(442.84); 54(390.33); 55(907.02); 56(582.47); 57(580.41); 58(717.91); 59(800.43); 60(141.58); 61(884.7); 62(153.91); 63(482.58); 64(368.61); 65(575.85); 66(506.99); 67(359.64); 68(480.27); 69(703.63); 70(142.71); 71(126.16); 72(500.97); 73(258.33); 74(232.82); 75(878.74); 76(671.44); 77(106.5); 78(208.87); 79(674.25); 80(142.03); 81(333.94); 82(6.36); 83(457.95); 84(861.68); 85(120.25); 86(226.65); 87(824.89); 88(478.63); 89(145.69); 90(606.99); 91(512.3); 92(728.81); 93(827.4); 94(935.56); 95(517.58); 96(181.99); 97(970.7); 98(174.92); 99(919.67); 100(496.89); 101(767.91); 102(114.88); 103(276.2); 104(172.22); 105(993.67); 106(642.87); 107(581.69); 108(525.81); 109(270.14); 110(567.59); 111(81.77); 112(538.78); 113(788.2); 114(693.65); 115(521.54); 116(167.42); 117(406.45); 118(857.57); 119(225.48); 120(521.94); 121(84.38); 122(115.58); 123(451.43); 124(900.59); 125(787.34); 126(666.08); 127(515.84); 128(676.66); 129(787.19); 130(670.56); 131(724.27); 132(321.61); 133(62.14); 134(401.63); 135(309.81); 136(212.0); 137(427.8); 138(521.69); 139(210.53); 140(908.67); 141(574.65); 142(964.9); 143(663.17); 144(245.14); 145(231.06); 146(342.48); 147(883.39); 148(263.72); 149(944.53); 150(671.87); 151(640.06); 152(801.14); 153(720.1); 154(504.61); 155(851.14); 156(936.18); 157(563.43); 158(887.3); 159(834.29); 160(88.32); 161(248.25); 162(808.94); 163(638.33); 164(499.02); 165(678.39); 166(725.0); 167(841.82); 168(855.85); 169(364.77); 170(976.02); 171(753.44); 172(486.68); 173(742.37); 174(120.84); 175(175.08); 176(714.67); 177(275.01); 178(985.33); 179(376.47); 180(575.65); 181(838.66); 182(94.54); 183(925.6); 184(573.48); 185(858.79); 186(215.87); 187(69.16); 188(215.74); 189(263.04); 190(221.93); 191(275.11); 192(485.56); 193(151.89); 194(571.64); 195(477.05); 196(457.61); 197(682.61); 198(487.61); 199(848.7); 200(993.72); 201(182.91); 202(381.41); 203(423.25); 204(644.39); 205(939.82); 206(249.47); 207(178.9); 208(115.26); 209(498.71); 210(859.34); 211(107.33); 212(815.42); 213(76.51); 214(255.81); 215(240.42); 216(655.65); 217(227.83); 218(338.94); 219(196.02); 220(249.38); 221(894.81); 222(258.37); 223(41.73); 224(232.31); 225(104.58); 226(908.4); 227(908.51); 228(762.37); 229(315.08); 230(88.74); 231(43.4); 232(58.84); 233(643.0); 234(498.2); 235(814.18); 236(17.7); 237(279.78); 238(246.61); 239(598.22); 240(256.69); 241(113.71); 242(893.14); 243(939.35); 244(810.09); 245(93.68); 246(763.7); 247(609.85); 248(863.8); 249(465.42); 250(405.35); 251(381.26); 252(828.37); 253(897.74); 254(657.94); 255(567.06); 256(643.42); 257(144.3); 258(224.26); 259(806.97); 260(528.93); 261(381.78); 262(660.7); 263(765.32); 264(839.63); 265(510.28); 266(300.76); 267(438.14); 268(327.99); 269(291.06); 270(83.17); 271(796.63); 272(674.54); 273(783.52); 274(368.94); 275(550.59); 276(449.4); 277(120.38); 278(312.7); 279(84.16); 280(131.68); 281(982.92); 282(367.93); 283(325.21); 284(263.36); 285(100.13); 286(565.88); 287(441.4); 288(975.2); 289(42.83); 290(412.88); 291(0.83); 292(597.91); 293(467.32); 294(207.14); 295(178.87); 296(814.66); 297(717.45); 298(515.0); 299(95.29); 300(394.43); 301(582.9); 302(335.52); 303(130.22); 304(156.58); 305(950.06); 306(423.23); 307(60.73); 308(966.57); 309(700.47); 310(45.56); 311(118.36); 312(949.9); 313(574.68); 314(768.52); 315(321.13); 316(949.67); 317(874.67); 318(827.93); 319(848.07); 320(266.07); 321(554.87); 323(891.29); 324(427.45); 325(868.4); 326(845.23); 327(797.14); 328(109.28); 329(150.76); 330(643.52); 331(301.94); 332(800.99); 333(551.3); 334(581.35); 335(80.31); 336(22.68); 337(1.27); 338(785.86); 339(484.53); 340(627.1); 341(117.41); 342(915.92); 343(208.51); 344(951.29); 345(219.02); 346(777.61); 347(65.69); 348(301.31); 349(735.84); 350(234.45); 351(136.86); 352(233.84); 353(412.46); 354(655.98); 355(719.61); 356(118.39); 357(890.21); 358(63.64); 359(708.47); 360(457.58); 361(207.39); 362(51.66); 363(496.26); 364(660.43); 365(346.11); 366(290.7); 367(718.18); 368(217.86); 369(182.92); 370(471.02); 371(343.33); 372(603.13); 373(590.76); 374(707.73); 375(779.8); 376(735.79); 377(217.41); 378(691.86); 379(818.73); 380(332.0); 381(882.28); 382(741.59); 383(446.81); 384(33.92); 385(496.85); 386(680.37); 387(105.1); 388(602.54); 389(757.16); 390(98.99); 391(494.01); 392(127.66); 393(296.43); 394(81.72); 395(272.69); 396(86.32); 397(413.15); 398(526.09); 399(48.08); 400(601.19); 401(566.21); 402(728.63); 403(343.0); 404(181.04); 405(804.31); 406(598.22); 407(133.52); 408(232.98); 409(899.14); 410(179.58); 411(375.61); 412(366.72); 413(925.96); 414(552.72); 415(347.02); 416(901.99); 417(458.6); 418(648.24); 419(861.8); 420(569.26); 421(195.37); 422(801.85); 423(411.0); 424(885.08); 425(955.03); 426(770.45); 427(263.41); 428(463.98); 429(921.97); 430(175.16); 431(510.39); 432(879.61); 433(287.83); 434(914.11); 435(463.56); 436(828.63); 437(599.36); 438(331.12); 439(90.83); 440(831.84); 441(479.22); 442(334.22); 443(998.13); 444(957.32); 445(879.49); 446(244.41); 447(383.31); 448(401.35); 449(247.85); 450(804.31); 451(6.64); 452(605.89); 453(672.79); 454(180.89); 455(458.12); 456(803.43); 457(774.45); 458(303.59); 459(477.77); 460(876.8); 461(924.98); 462(783.38); 463(732.26); 464(717.35); 465(153.15); 466(351.45); 467(572.04); 468(657.74); 469(200.13); 470(635.87); 471(775.07); 472(586.37); 473(786.33); 474(108.63); 475(843.57); 476(597.96); 477(992.49); 478(776.46); 479(155.86); 480(375.96); 481(807.08); 482(79.73); 483(623.64); 484(293.65); 485(778.26); 486(140.17); 487(588.42); 488(818.29); 489(284.79); 490(837.0); 491(43.66); 492(789.04); 493(482.3); 494(821.46); 495(913.74); 496(183.15); 497(32.76); 498(313.29); 499(658.95),1
323,0(90.04); 1(497.21); 2(407.66); 3(407.75); 4(768.28); 5(451.59); 6(441.51); 7(814.74); 8(715.37); 9(269.88); 10(526.93); 11(209.08); 12(958.58); 13(298.9); 14(148.48); 15(236.62); 16(907.32); 17(244.74); 18(874.82); 19(2.09); 20(10.9); 21(998.79); 22(827.25); 23(657.81); 24(307.35); 25(206.85); 26(563.22); 27(898.84); 28(95.49); 29(814.7); 30(664.54); 31(358.63); 32(72.47); 33(103.0); 34(757.93); 35(487.01); 36(955.72); 37(421.15); 38(887.17); 39(931.06); 40(730.23); 41(996.11); 42(720.53); 43(316.16); 44(745.28); 45(81.3); 46(777.59); 47(900.77); 48(811.12); 49(757.32); 50(539.48); 51(959.56); 52(325.46); 53(506.7); 54(862.26); 55(837.52); 56(599.8); 57(879.07); 58(457.24); 59(731.5); 60(220.75); 61(863.54); 62(324.16); 63(862.54); 64(809.58); 65(723.2); 66(393.67); 67(286.73); 68(659.98); 69(416.81); 70(258.26); 71(127.96); 72(791.85); 73(100.54); 74(59.07); 75(453.74); 76(557.24); 77(962.17); 78(723.09); 79(187.81); 80(428.29); 81(946.55); 82(288.51); 83(348.69); 84(797.12); 85(351.45); 86(381.4); 87(199.7); 88(903.21); 89(504.16); 90(774.25); 91(977.61); 92(508.79); 93(757.23); 94(833.73); 95(629.58); 96(958.34); 97(245.61); 98(23.33); 99(391.33); 100(899.91); 101(625.04); 102(735.53); 103(295.37); 104(340.86); 105(767.43); 106(838.47); 107(251.7); 108(216.14); 109(344.16); 110(274.58); 111(53.23); 112(108.97); 113(912.9); 114(974.23); 115(350.74); 116(719.5); 117(20.01); 118(412.66); 119(931.7); 120(683.77); 121(430.14); 122(286.1); 123(1.07); 124(25.98); 125(748.87); 126(314.89); 127(668.11); 128(824.48); 129(758.23); 130(257.48); 131(734.89); 132(682.24); 133(616.32); 134(5.51); 135(7.5); 136(803.12); 137(440.39); 138(717.66); 139(842.72); 140(793.9); 141(824.8); 142(697.0); 143(411.82); 144(419.66); 145(965.37); 146(397.03); 147(470.0); 148(417.96); 149(482.93); 150(265.21); 151(184.11); 152(302.25); 153(891.75); 154(944.01); 155(905.81); 156(734.73); 157(240.54); 158(232.38); 159(436.62); 160(658.88); 161(520.34); 162(823.07); 163(721.44); 164(450.96); 165(47.34); 166(987.62); 167(428.64); 168(379.65); 169(388.56); 170(811.33); 171(253.46); 172(783.84); 173(656.07); 174(144.48); 175(831.34); 176(574.87); 177(710.25); 178(932.08); 179(33.37); 180(800.81); 181(416.91); 182(679.71); 183(520.59); 184(164.96); 185(892.33); 186(839.98); 187(292.16); 188(400.77); 189(806.67); 190(827.69); 191(683.08); 192(331.93); 193(219.09); 194(349.14); 195(809.32); 196(252.19); 197(404.17); 198(983.92); 199(645.14); 200(138.85); 201(269.77); 202(647.41); 203(421.39); 204(513.39); 205(332.06); 206(910.36); 207(588.9); 208(556.16); 209(959.15); 210(864.79); 211(643.91); 212(163.08); 213(72.42); 214(322.61); 215(883.82); 216(489.98); 217(679.16); 218(569.4); 219(442.72); 220(513.28); 221(102.52); 222(112.02); 223(565.38); 224(420.78); 225(14.37); 226(187.19); 227(948.25); 228(759.38); 229(48.39); 230(802.04); 231(45.11); 232(847.91); 233(102.59); 234(720.51); 235(439.13); 236(962.13); 237(732.78); 238(40.72); 239(256.86); 240(538.51); 241(242.39); 242(79.29); 243(432.26); 244(293.32); 245(656.79); 246(829.84); 247(158.73); 248(431.45); 249(537.36); 250(761.37); 251(578.45); 252(807.78); 253(506.58); 254(575.11); 255(583.14); 256(526.3); 257(793.13); 258(100.03); 259(222.67); 260(282.46); 261(665.06); 262(77.64); 263(574.03); 264(200.88); 265(19.44); 266(411.6); 267(554.33); 268(651.17); 269(745.01); 270(847.4); 271(62.91); 272(896.58); 273(874.05); 274(847.31); 275(824.0); 276(668.46); 277(17.72); 278(65.79); 279(952.32); 280(94.72); 281(937.67); 282(633.17); 283(30.64); 284(730.36); 285(144.77); 286(136.0); 287(331.8); 288(214.6); 289(266.78); 290(495.5); 291(364.33); 292(528.81); 293(263.07); 294(155.23); 295(395.28); 296(220.42); 297(817.9); 298(320.64); 299(219.51); 300(135.9); 301(734.24); 302(93.29); 303(879.19); 304(243.31); 305(977.77); 306(693.11); 307(551.53); 308(282.16); 309(257.06); 310(512.0); 311(678.86); 312(74.58); 313(729.42); 314(457.77); 315(986.97); 316(519.92); 317(151.21); 318(673.56); 319(11.55); 320(297.99); 321(154.72); 322(891.29); 324(692.13); 325(148.16); 326(383.23); 327(19.04); 328(879.34); 329(985.83); 330(296.9); 331(81.04); 332(738.97); 333(1.45); 334(168.2); 335(600.58); 336(900.53); 337(177.66); 338(627.5); 339(203.16); 340(811.6); 341(871.49); 342(360.11); 343(875.38); 344(111.19); 345(955.77); 346(604.83); 347(343.43); 348(683.07); 349(801.25); 350(13.14); 351(89.56); 352(711.13); 353(329.24); 354(222.95); 355(424.8); 356(788.53); 357(397.28); 358(722.23); 359(563.28); 360(308.0); 361(34.12); 362(40.44); 363(162.4); 364(178.75); 365(635.22); 366(867.64); 367(155.65); 368(550.26); 369(198.72); 370(168.71); 371(455.0); 372(241.84); 373(727.33); 374(973.76); 375(127.92); 376(830.77); 377(234.17); 378(746.4); 379(820.67); 380(21.9); 381(385.92); 382(66.84); 383(654.99); 384(464.3); 385(203.92); 386(293.33); 387(289.79); 388(635.34); 389(900.54); 390(639.82); 391(747.21); 392(863.99); 393(578.03); 394(434.82); 395(82.6); 396(733.62); 397(713.83); 398(908.0); 399(697.04); 400(956.49); 401(461.59); 402(347.21); 403(392.25); 404(351.85); 405(826.44); 406(648.43); 407(729.2); 408(594.75); 409(167.47); 410(169.23); 411(321.53); 412(963.12); 413(76.81); 414(792.38); 415(44.96); 416(185.89); 417(325.36); 418(330.14); 419(353.68); 420(54.19); 421(429.97); 422(405.28); 423(624.61); 424(238.2); 425(857.19); 426(435.74); 427(840.67); 428(78.62); 429(761.44); 430(76.43); 431(79.14); 432(328.47); 433(39.64); 434(867.91); 435(935.58); 436(848.15); 437(77.59); 438(986.91); 439(349.0); 440(163.86); 441(810.24); 442(806.01); 443(191.79); 444(140.03); 445(62.03); 446(322.89); 447(51.0); 448(433.81); 449(773.71); 450(580.03); 451(296.12); 452(144.09); 453(41.17); 454(752.51); 455(56.43); 456(173.54); 457(648.73); 458(72.28); 459(798.99); 460(192.36); 461(10.54); 462(749.24); 463(818.27); 464(988.88); 465(598.0); 466(61.05); 467(396.4); 468(662.97); 469(52.9); 470(427.24); 471(391.67); 472(904.13); 473(389.15); 474(980.43); 475(444.54); 476(978.89); 477(111.01); 478(627.25); 479(772.45); 480(517.67); 481(613.1); 482(275.4); 483(55.02); 484(410.64); 485(697.13); 486(232.13); 487(139.28); 488(887.59); 489(987.2); 490(803.2); 491(131.06); 492(547.3); 493(729.17); 494(732.39); 495(563.09); 496(21.29); 497(576.08); 498(21.28); 499(687.27),1
324,0(758.41); 1(803.73); 2(716.02); 3(619.15); 4(850.26); 5(444.3); 6(483.58); 7(170.66); 8(373.51); 9(197.24); 10(202.72); 11(772.09); 12(407.07); 13(570.48); 14(111.6); 15(1.19); 16(227.78); 17(518.64); 18(96.93); 19(416.64); 20(550.51); 21(11.09); 22(870.96); 23(172.46); 24(262.58); 25(620.59); 26(459.7); 27(791.23); 28(188.96); 29(598.53); 30(836.12); 31(918.69); 32(494.36); 33(51.68); 34(16.27); 35(238.08); 36(279.5); 37(296.7); 38(671.43); 39(810.48); 40(893.76); 41(910.61); 42(778.15); 43(372.83); 44(497.14); 45(14.92); 46(405.88); 47(298.87); 48(45.19); 49(372.35); 50(882.2); 51(824.84); 52(503.52); 53(58.13); 54(289.67); 55(669.68); 56(46.47); 57(364.7); 58(971.5); 59(439.97); 60(289.24); 61(805.53); 62(507.84); 63(571.49); 64(266.3); 65(69.35); 66(977.44); 67(471.44); 68(532.26); 69(308.08); 70(128.01); 71(106.64); 72(369.29); 73(663.15); 74(166.47); 75(631.85); 76(317.65); 77(658.63); 78(371.08); 79(139.2); 80(32.14); 81(515.81); 82(964.05); 83(308.98); 84(193.15); 85(496.13); 86(202.57); 87(983.4); 88(864.26); 89(465.84); 90(636.65); 91(42.51); 92(180.64); 93(248.64); 94(245.93); 95(890.69); 96(694.26); 97(391.51); 98(594.48); 99(79.51); 100(477.55); 101(726.04); 102(628.77); 103(794.61); 104(269.39); 105(127.79); 106(183.72); 107(123.07); 108(458.37); 109(978.38); 110(964.76); 111(900.73); 112(961.77); 113(693.45); 114(571.38); 115(863.09); 116(928.22); 117(293.47); 118(760.62); 119(519.38); 120(474.68); 121(598.23); 122(423.13); 123(307.73); 124(520.82); 125(837.29); 126(65.96); 127(551.69); 128(5.06); 129(286.04); 130(238.45); 131(498.33); 132(349.98); 133(444.86); 134(88.48); 135(45.53); 136(304.73); 137(23.21); 138(40.89); 139(109.35); 140(182.19); 141(78.58); 142(78.75); 143(141.9); 144(644.76); 145(362.12); 146(158.71); 147(902.85); 148(680.04); 149(204.88); 150(779.59); 151(402.63); 152(327.34); 153(513.39); 154(421.98); 155(423.63); 156(624.64); 157(200.24); 158(117.35); 159(272.72); 160(991.3); 161(818.85); 162(133.66); 163(320.85); 164(386.83); 165(159.57); 166(757.86); 167(330.87); 168(172.94); 169(55.45); 170(95.73); 171(130.74); 172(189.67); 173(395.11); 174(287.84); 175(910.45); 176(510.64); 177(910.45); 178(518.47); 179(587.2); 180(787.89); 181(958.54); 182(836.66); 183(415.45); 184(161.5); 185(651.75); 186(540.54); 187(780.99); 188(778.56); 189(870.0); 190(168.41); 191(583.26); 192(532.26); 193(737.61); 194(556.94); 195(114.07); 196(456.5); 197(110.81); 198(632.46); 199(187.21); 200(910.98); 201(980.82); 202(10.33); 203(260.68); 204(269.32); 205(745.07); 206(432.17); 207(489.78); 208(703.98); 209(188.32); 210(329.99); 211(206.07); 212(973.38); 213(445.75); 214(441.57); 215(26.41); 216(926.13); 217(288.04); 218(321.86); 219(211.43); 220(194.24); 221(490.93); 222(959.9); 223(707.65); 224(837.46); 225(364.77); 226(193.76); 227(981.05); 228(757.94); 229(995.46); 230(752.92); 231(338.75); 232(152.95); 233(161.82); 234(627.11); 235(996.46); 236(655.92); 237(625.43); 238(110.07); 239(88.47); 240(756.88); 241(393.6); 242(981.32); 243(754.68); 244(376.49); 245(547.75); 246(236.81); 247(989.26); 248(669.0); 249(341.04); 250(765.08); 251(454.71); 252(518.08); 253(5.61); 254(716.92); 255(453.85); 256(107.31); 257(259.17); 258(537.22); 259(926.37); 260(298.13); 261(521.76); 262(252.31); 263(771.86); 264(907.59); 265(17.25); 266(127.24); 267(365.08); 268(504.13); 269(213.29); 270(501.28); 271(900.33); 272(267.12); 273(998.47); 274(310.27); 275(952.37); 276(853.45); 277(340.55); 278(213.52); 279(63.39); 280(878.53); 281(971.73); 282(967.15); 283(967.73); 284(236.67); 285(694.74); 286(433.35); 287(130.96); 288(910.07); 289(565.27); 290(55.69); 291(243.72); 292(911.51); 293(46.36); 294(785.27); 295(50.62); 296(809.14); 297(804.52); 298(101.24); 299(741.15); 300(21.89); 301(396.75); 302(567.0); 303(213.53); 304(262.06); 305(374.78); 306(52.74); 307(255.21); 308(999.37); 309(214.33); 310(403.67); 311(396.6); 312(345.68); 313(383.27); 314(594.71); 315(230.4); 316(989.4); 317(252.89); 318(85.8); 319(787.2); 320(954.97); 321(452.6); 322(427.45); 323(692.13); 325(773.55); 326(530.72); 327(461.52); 328(88.27); 329(612.58); 330(621.19); 331(952.54); 332(195.1); 333(569.67); 334(550.91); 335(678.74); 336(677.9); 337(579.05); 338(932.37); 339(287.11); 340(112.15); 341(835.15); 342(952.31); 343(380.82); 344(347.7); 345(233.84); 346(402.19); 347(212.47); 348(353.22); 349(393.87); 350(262.08); 351(808.83); 352(113.28); 353(802.06); 354(531.94); 355(869.06); 356(666.6); 357(10.02); 358(230.81); 359(547.77); 360(885.8); 361(222.16); 362(530.41); 363(82.26); 364(694.49); 365(545.41); 366(281.46); 367(343.85); 368(906.98); 369(99.47); 370(907.93); 371(108.91); 372(234.02); 373(456.47); 374(820.08); 375(809.87); 376(854.08); 377(841.47); 378(638.56); 379(600.35); 380(191.6); 381(689.49); 382(189.62); 383(227.87); 384(786.38); 385(98.0); 386(54.07); 387(252.27); 388(634.24); 389(70.17); 390(359.1); 391(819.5); 392(275.07); 393(713.97); 394(329.83); 395(903.19); 396(568.15); 397(393.77); 398(408.59); 399(680.77); 400(249.41); 401(308.72); 402(885.62); 403(333.06); 404(310.05); 405(266.07); 406(648.06); 407(167.4); 408(929.1); 409(51.99); 410(600.56); 411(718.91); 412(695.55); 413(744.85); 414(856.52); 415(345.84); 416(525.92); 417(553.04); 418(192.04); 419(863.33); 420(972.75); 421(365.2); 422(923.5); 423(862.42); 424(905.57); 425(273.66); 426(57.4); 427(55.96); 428(225.22); 429(237.47); 430(298.49); 431(859.33); 432(286.55); 433(364.7); 434(185.97); 435(356.5); 436(203.18); 437(123.65); 438(598.39); 439(72.76); 440(992.23); 441(841.24); 442(255.56); 443(816.02); 444(292.2); 445(552.1); 446(555.0); 447(171.9); 448(381.26); 449(67.76); 450(902.72); 451(331.88); 452(740.72); 453(524.54); 454(821.95); 455(138.31); 456(91.88); 457(530.15); 458(378.34); 459(433.98); 460(459.37); 461(74.28); 462(449.07); 463(498.56); 464(685.04); 465(322.89); 466(282.47); 467(633.73); 468(902.41); 469(691.76); 470(72.45); 471(797.38); 472(361.74); 473(560.14); 474(781.26); 475(485.22); 476(904.8); 477(696.21); 478(962.96); 479(209.78); 480(166.29); 481(380.63); 482(82.51); 483(978.85); 484(448.87); 485(674.07); 486(258.34); 487(516.53); 488(834.12); 489(703.67); 490(290.77); 491(105.92); 492(218.74); 493(12.52); 494(268.91); 495(620.64); 496(238.88); 497(487.75); 498(47.19); 499(135.84),1
325,0(787.18); 1(204.36); 2(903.7); 3(172.23); 4(706.21); 5(212.79); 6(52.89); 7(927.07); 8(979.45); 9(626.81); 10(797.58); 11(134.26); 12(762.18); 13(243.75); 14(899.01); 15(835.35); 16(515.26); 17(111.84); 18(729.73); 19(805.75); 20(447.95); 21(225.1); 22(792.47); 23(565.41); 24(837.75); 25(802.04); 26(620.11); 27(430.39); 28(898.75); 29(274.2); 30(873.25); 31(800.18); 32(486.89); 33(614.1); 34(528.17); 35(99.2); 36(902.54); 37(216.8); 38(538.8); 39(378.87); 40(109.56); 41(287.39); 42(817.65); 43(658.59); 44(925.8); 45(44.99); 46(517.39); 47(555.5); 48(456.79); 49(843.4); 50(498.37); 51(323.56); 52(657.75); 53(179.95); 54(397.49); 55(72.63); 56(586.03); 57(942.35); 58(844.24); 59(362.2); 60(715.36); 61(101.75); 62(348.54); 63(419.47); 64(262.68); 65(233.3); 66(237.04); 67(418.65); 68(864.8); 69(344.77); 70(535.97); 71(232.2); 72(138.33); 73(558.08); 74(214.83); 75(103.94); 76(795.73); 77(729.07); 78(795.97); 79(196.68); 80(259.12); 81(109.79); 82(990.35); 83(126.41); 84(451.01); 85(324.0); 86(322.61); 87(537.18); 88(494.59); 89(721.3); 90(47.84); 91(299.81); 92(661.14); 93(92.46); 94(651.83); 95(113.76); 96(892.56); 97(250.7); 98(945.28); 99(699.9); 100(279.25); 101(701.23); 102(252.42); 103(944.85); 104(278.76); 105(980.15); 106(343.05); 107(829.45); 108(791.89); 109(866.16); 110(156.24); 111(40.37); 112(647.46); 113(60.79); 114(1.38); 115(662.53); 116(358.91); 117(896.78); 118(436.05); 119(810.94); 120(961.49); 121(1.21); 122(681.9); 123(252.4); 124(125.31); 125(369.96); 126(903.75); 127(853.7); 128(683.84); 129(319.4); 130(732.18); 131(635.37); 132(603.14); 133(706.81); 134(993.3); 135(234.77); 136(523.81); 137(957.79); 138(874.34); 139(847.53); 140(597.91); 141(578.08); 142(788.19); 143(236.51); 144(698.49); 145(248.71); 146(381.7); 147(103.99); 148(953.96); 149(550.58); 150(893.61); 151(635.25); 152(258.22); 153(456.42); 154(387.21); 155(679.66); 156(577.32); 157(513.62); 158(311.21); 159(78.57); 160(261.23); 161(911.17); 162(262.01); 163(85.2); 164(48.45); 165(635.4); 166(80.7); 167(233.95); 168(246.52); 169(776.12); 170(624.26); 171(82.17); 172(181.44); 173(214.43); 174(38.68); 175(221.43); 176(787.93); 177(640.81); 178(658.67); 179(101.51); 180(625.56); 181(677.4); 182(731.97); 183(827.94); 184(627.13); 185(11.6); 186(298.75); 187(259.83); 188(242.72); 189(291.96); 190(709.42); 191(842.37); 192(535.45); 193(947.49); 194(291.44); 195(152.58); 196(548.54); 197(116.02); 198(176.43); 199(601.0); 200(958.85); 201(893.69); 202(265.26); 203(164.45); 204(793.92); 205(148.81); 206(464.8); 207(520.52); 208(20.75); 209(989.92); 210(447.09); 211(811.51); 212(799.24); 213(842.46); 214(650.54); 215(577.35); 216(881.02); 217(216.41); 218(706.23); 219(794.59); 220(590.5); 221(779.22); 222(189.23); 223(420.64); 224(502.59); 225(249.84); 226(604.42); 227(671.9); 228(645.74); 229(2.74); 230(255.79); 231(427.89); 232(405.17); 233(750.14); 234(170.04); 235(748.13); 236(374.67); 237(496.25); 238(881.56); 239(615.43); 240(658.13); 241(982.17); 242(358.34); 243(615.2); 244(715.01); 245(898.83); 246(400.19); 247(10.54); 248(306.46); 249(648.63); 250(664.88); 251(165.01); 252(152.93); 253(396.97); 254(580.67); 255(645.71); 256(60.81); 257(73.05); 258(839.71); 259(258.04); 260(862.52); 261(270.68); 262(660.04); 263(616.32); 264(278.43); 265(130.15); 266(776.02); 267(104.66); 268(9.96); 269(790.81); 270(163.64); 271(385.93); 272(743.38); 273(857.44); 274(777.25); 275(138.68); 276(279.31); 277(762.95); 278(446.22); 279(631.87); 280(663.46); 281(823.91); 282(307.86); 283(493.21); 284(173.63); 285(247.07); 286(650.73); 287(575.27); 288(593.74); 289(39.4); 290(22.27); 291(594.25); 292(792.38); 293(290.76); 294(519.24); 295(892.56); 296(330.84); 297(130.81); 298(238.85); 299(325.29); 300(247.24); 301(898.69); 302(796.46); 303(823.71); 304(181.51); 305(754.78); 306(617.92); 307(267.69); 308(254.37); 309(368.4); 310(191.62); 311(384.46); 312(663.9); 313(204.5); 314(586.05); 315(371.82); 316(387.95); 317(494.25); 318(922.58); 319(764.98); 320(459.57); 321(574.02); 322(868.4); 323(148.16); 324(773.55); 326(229.22); 327(66.07); 328(963.95); 329(678.25); 330(679.07); 331(900.4); 332(1.87); 333(414.68); 334(812.13); 335(849.27); 336(645.71); 337(302.54); 338(544.45); 339(555.38); 340(612.44); 341(225.74); 342(806.13); 343(981.88); 344(818.95); 345(890.16); 346(776.2); 347(498.35); 348(666.59); 349(619.41); 350(515.25); 351(494.19); 352(355.78); 353(502.12); 354(285.44); 355(87.85); 356(179.06); 357(432.07); 358(199.98); 359(706.35); 360(677.51); 361(750.08); 362(903.91); 363(42.69); 364(344.17); 365(859.61); 366(774.19); 367(255.82); 368(61.55); 369(887.66); 370(570.8); 371(655.75); 372(605.36); 373(720.5); 374(819.66); 375(589.18); 376(650.67); 377(93.6); 378(602.9); 379(600.42); 380(116.86); 381(839.58); 382(984.54); 383(136.87); 384(222.5); 385(660.63); 386(119.97); 387(779.71); 388(577.47); 389(760.17); 390(389.51); 391(474.94); 392(135.62); 393(64.99); 394(773.29); 395(367.46); 396(616.46); 397(460.36); 398(219.19); 399(674.98); 400(486.69); 401(596.55); 402(311.63); 403(430.52); 404(777.81); 405(703.31); 406(665.03); 407(356.25); 408(492.12); 409(278.62); 410(753.67); 411(505.08); 412(633.36); 413(987.39); 414(416.26); 415(914.02); 416(905.34); 417(16.42); 418(239.15); 419(276.11); 420(133.36); 421(141.42); 422(423.78); 423(290.01); 424(495.87); 425(710.54); 426(685.15); 427(188.41); 428(192.57); 429(175.18); 430(201.85); 431(776.77); 432(808.73); 433(917.95); 434(256.72); 435(262.17); 436(728.53); 437(792.33); 438(272.03); 439(165.99); 440(449.77); 441(860.43); 442(254.21); 443(893.34); 444(678.08); 445(972.4); 446(56.34); 447(104.25); 448(69.2); 449(719.34); 450(362.84); 451(677.4); 452(529.61); 453(965.72); 454(474.79); 455(495.98); 456(631.31); 457(500.08); 458(548.33); 459(754.21); 460(514.11); 461(452.61); 462(641.46); 463(624.2); 464(241.69); 465(543.05); 466(922.38); 467(485.58); 468(950.13); 469(464.66); 470(910.8); 471(855.01); 472(849.33); 473(71.06); 474(76.51); 475(491.87); 476(774.93); 477(450.0); 478(597.74); 479(26.38); 480(322.43); 481(439.29); 482(404.07); 483(51.28); 484(497.41); 485(793.92); 486(641.95); 487(8.11); 488(311.29); 489(926.95); 490(380.44); 491(915.37); 492(382.99); 493(439.56); 494(247.86); 495(641.19); 496(233.97); 497(510.74); 498(557.77); 499(272.1),1
326,0(374.32); 1(7.6); 2(134.65); 3(802.41); 4(254.97); 5(638.47); 6(293.92); 7(956.31); 8(103.88); 9(135.81); 10(125.62); 11(471.73); 12(148.57); 13(16.38); 14(350.48); 15(114.09); 16(765.49); 17(360.5); 18(237.47); 19(303.56); 20(586.97); 21(256.81); 22(213.64); 23(688.33); 24(505.87); 25(487.52); 26(229.43); 27(230.0); 28(550.88); 29(199.88); 30(335.81); 31(503.14); 32(120.96); 33(120.17); 34(61.96); 35(273.59); 36(983.76); 37(527.69); 38(469.38); 39(517.28); 40(704.99); 41(261.03); 42(426.18); 43(501.39); 44(385.0); 45(733.89); 46(55.21); 47(646.36); 48(438.54); 49(682.14); 50(156.31); 51(224.22); 52(486.5); 53(161.68); 54(150.93); 55(315.85); 56(240.39); 57(70.49); 58(60.98); 59(817.05); 60(629.2); 61(796.36); 62(90.19); 63(980.45); 64(659.49); 65(75.79); 66(833.14); 67(533.86); 68(102.5); 69(153.58); 70(689.94); 71(139.96); 72(187.22); 73(707.91); 74(956.23); 75(949.35); 76(617.2); 77(862.0); 78(194.06); 79(483.78); 80(527.58); 81(192.32); 82(789.9); 83(928.92); 84(67.22); 85(233.26); 86(626.37); 87(951.69); 88(371.11); 89(326.65); 90(540.03); 91(53.45); 92(557.97); 93(865.72); 94(935.64); 95(168.92); 96(136.72); 97(740.66); 98(615.72); 99(943.52); 100(608.0); 101(20.68); 102(856.07); 103(962.66); 104(202.93); 105(527.64); 106(785.79); 107(399.41); 108(18.99); 109(722.91); 110(731.1); 111(981.96); 112(994.29); 113(409.1); 114(957.89); 115(49.28); 116(854.98); 117(494.4); 118(660.19); 119(148.88); 120(756.52); 121(926.32); 122(825.79); 123(79.22); 124(155.39); 125(139.47); 126(600.32); 127(165.09); 128(152.78); 129(295.29); 130(938.91); 131(911.82); 132(849.71); 133(326.42); 134(860.43); 135(6.53); 136(685.15); 137(665.57); 138(433.23); 139(407.04); 140(20.01); 141(175.51); 142(957.37); 143(173.26); 144(831.04); 145(519.8); 146(253.26); 147(193.21); 148(286.83); 149(715.5); 150(63.33); 151(509.48); 152(603.24); 153(507.13); 154(637.65); 155(344.41); 156(536.74); 157(172.27); 158(773.24); 159(244.56); 160(93.59); 161(979.43); 162(820.13); 163(954.38); 164(766.49); 165(769.77); 166(535.08); 167(473.34); 168(871.17); 169(961.44); 170(205.09); 171(219.01); 172(899.37); 173(113.45); 174(542.11); 175(209.12); 176(503.08); 177(250.52); 178(387.03); 179(799.23); 180(538.42); 181(817.32); 182(865.63); 183(504.94); 184(693.0); 185(379.91); 186(314.78); 187(221.96); 188(589.02); 189(260.65); 190(488.89); 191(481.38); 192(960.81); 193(574.31); 194(920.83); 195(33.38); 196(736.56); 197(150.76); 198(56.52); 199(436.3); 200(961.02); 201(555.67); 202(822.82); 203(984.47); 204(0.45); 205(711.49); 206(773.4); 207(258.47); 208(137.08); 209(114.0); 210(230.6); 211(167.46); 212(617.7); 213(932.96); 214(707.73); 215(199.16); 216(467.47); 217(719.48); 218(176.4); 219(861.02); 220(561.67); 221(512.38); 222(538.88); 223(917.49); 224(666.78); 225(549.41); 226(776.11); 227(959.78); 228(958.55); 229(928.02); 230(930.37); 231(575.86); 232(582.74); 233(441.12); 234(874.56); 235(191.78); 236(665.26); 237(324.69); 238(632.64); 239(501.11); 240(102.32); 241(976.48); 242(271.41); 243(223.6); 244(784.66); 245(231.69); 246(101.29); 247(294.34); 248(684.62); 249(70.31); 250(486.47); 251(186.92); 252(746.8); 253(504.94); 254(298.63); 255(85.52); 256(74.0); 257(30.93); 258(932.42); 259(390.5); 260(911.34); 261(954.62); 262(784.88); 263(362.86); 264(479.71); 265(256.79); 266(479.11); 267(445.06); 268(96.11); 269(875.26); 270(268.8); 271(407.19); 272(446.93); 273(624.54); 274(883.13); 275(809.04); 276(688.5); 277(173.43); 278(785.66); 279(161.81); 280(258.65); 281(906.91); 282(460.27); 283(900.26); 284(763.96); 285(988.22); 286(877.68); 287(988.76); 288(495.51); 289(460.59); 290(494.64); 291(841.15); 292(813.67); 293(874.52); 294(257.63); 295(241.0); 296(268.34); 297(27.79); 298(613.47); 299(298.51); 300(435.14); 301(713.14); 302(968.02); 303(432.24); 304(365.46); 305(752.23); 306(636.38); 307(81.65); 308(157.45); 309(562.24); 310(126.55); 311(581.32); 312(176.14); 313(707.37); 314(885.71); 315(349.84); 316(21.38); 317(450.03); 318(966.22); 319(193.43); 320(454.86); 321(918.9); 322(845.23); 323(383.23); 324(530.72); 325(229.22); 327(431.61); 328(239.42); 329(854.67); 330(570.23); 331(292.54); 332(18.15); 333(671.51); 334(349.18); 335(810.19); 336(95.49); 337(352.12); 338(516.33); 339(752.65); 340(758.64); 341(121.84); 342(234.8); 343(788.53); 344(566.53); 345(294.76); 346(464.29); 347(909.14); 348(378.95); 349(409.53); 350(889.37); 351(567.66); 352(13.99); 353(357.02); 354(215.6); 355(255.02); 356(937.13); 357(456.28); 358(90.54); 359(986.64); 360(911.76); 361(464.13); 362(909.04); 363(689.58); 364(626.84); 365(452.66); 366(888.64); 367(724.22); 368(641.93); 369(389.62); 370(381.51); 371(752.16); 372(488.69); 373(209.71); 374(275.44); 375(988.91); 376(144.42); 377(882.65); 378(642.83); 379(197.82); 380(103.15); 381(203.26); 382(105.71); 383(737.53); 384(86.94); 385(864.97); 386(709.8); 387(867.38); 388(116.26); 389(494.79); 390(804.18); 391(84.09); 392(372.1); 393(164.8); 394(969.85); 395(665.57); 396(258.33); 397(205.09); 398(896.68); 399(631.73); 400(602.31); 401(477.59); 402(827.41); 403(2.54); 404(509.38); 405(770.75); 406(745.62); 407(288.68); 408(538.11); 409(462.59); 410(266.37); 411(616.42); 412(565.77); 413(65.4); 414(729.29); 415(367.5); 416(274.48); 417(921.31); 418(197.93); 419(511.69); 420(242.74); 421(449.92); 422(507.21); 423(620.03); 424(897.72); 425(727.28); 426(389.8); 427(307.97); 428(775.88); 429(217.86); 430(503.87); 431(629.29); 432(227.26); 433(41.51); 434(93.44); 435(638.28); 436(35.01); 437(488.77); 438(327.4); 439(230.43); 440(91.23); 441(341.28); 442(704.9); 443(435.6); 444(460.67); 445(882.94); 446(207.23); 447(495.77); 448(954.77); 449(516.88); 450(261.6); 451(572.45); 452(724.44); 453(589.61); 454(645.53); 455(596.18); 456(0.31); 457(609.94); 458(904.15); 459(891.43); 460(855.41); 461(683.83); 462(920.44); 463(349.03); 464(372.65); 465(456.41); 466(574.89); 467(990.91); 468(348.71); 469(988.13); 470(297.31); 471(783.73); 472(820.31); 473(123.55); 474(423.85); 475(165.93); 476(873.05); 477(716.99); 478(955.08); 479(665.04); 480(714.01); 481(661.9); 482(659.08); 483(163.42); 484(746.08); 485(27.67); 486(238.8); 487(856.62); 488(798.42); 489(292.79); 490(334.86); 491(260.4); 492(921.88); 493(671.02); 494(276.53); 495(224.14); 496(645.74); 497(893.34); 498(265.01); 499(346.04),2
327,0(466.06); 1(163.38); 2(336.05); 3(197.36); 4(580.85); 5(115.13); 6(643.51); 7(156.32); 8(253.02); 9(827.19); 10(336.65); 11(55.95); 12(184.46); 13(689.15); 14(154.28); 15(417.52); 16(438.96); 17(837.95); 18(166.46); 19(10.05); 20(719.52); 21(753.6); 22(704.55); 23(576.46); 24(483.77); 25(180.25); 26(359.96); 27(657.92); 28(366.34); 29(528.17); 30(69.49); 31(449.66); 32(735.41); 33(79.16); 34(314.7); 35(885.24); 36(63.12); 37(791.43); 38(360.9); 39(839.73); 40(464.99); 41(336.03); 42(977.7); 43(934.68); 44(186.44); 45(423.03); 46(777.69); 47(537.22); 48(634.75); 49(141.63); 50(692.98); 51(109.72); 52(251.24); 53(548.05); 54(214.35); 55(21.26); 56(500.83); 57(541.41); 58(984.41); 59(332.52); 60(91.58); 61(950.41); 62(703.78); 63(604.38); 64(687.42); 65(781.28); 66(30.43); 67(174.95); 68(413.91); 69(781.73); 70(422.52); 71(593.92); 72(309.61); 73(425.33); 74(601.97); 75(506.11); 76(181.66); 77(504.34); 78(763.79); 79(262.69); 80(334.5); 81(707.66); 82(567.66); 83(473.33); 84(735.54); 85(480.73); 86(650.74); 87(159.15); 88(444.18); 89(730.18); 90(547.82); 91(285.63); 92(176.34); 93(229.81); 94(26.12); 95(849.46); 96(33.94); 97(390.41); 98(440.54); 99(156.51); 100(774.85); 101(614.36); 102(339.27); 103(8.63); 104(401.11); 105(413.44); 106(958.95); 107(244.92); 108(916.61); 109(44.26); 110(967.66); 111(820.39); 112(775.47); 113(508.8); 114(382.59); 115(724.4); 116(805.84); 117(544.24); 118(74.23); 119(462.62); 120(656.16); 121(587.7); 122(284.0); 123(378.64); 124(663.18); 125(163.81); 126(867.33); 127(50.43); 128(817.25); 129(352.39); 130(807.14); 131(738.93); 132(55.36); 133(877.95); 134(347.66); 135(322.31); 136(630.88); 137(662.12); 138(974.9); 139(972.57); 140(172.21); 141(602.93); 142(973.82); 143(5.51); 144(980.12); 145(924.87); 146(448.89); 147(469.66); 148(921.1); 149(810.68); 150(340.06); 151(717.19); 152(787.3); 153(879.6); 154(291.03); 155(979.03); 156(442.55); 157(866.03); 158(145.31); 159(865.19); 160(605.46); 161(922.65); 162(600.68); 163(486.52); 164(553.2); 165(478.72); 166(988.25); 167(337.0); 168(610.1); 169(882.62); 170(247.57); 171(638.13); 172(868.01); 173(921.63); 174(389.29); 175(804.77); 176(861.45); 177(620.19); 178(224.23); 179(850.25); 180(691.8); 181(390.04); 182(590.92); 183(914.53); 184(780.9); 185(748.31); 186(315.02); 187(251.97); 188(160.45); 189(772.89); 190(920.09); 191(483.65); 192(540.74); 193(704.32); 194(923.02); 195(381.15); 196(175.5); 197(942.2); 198(972.28); 199(92.35); 200(962.87); 201(449.79); 202(990.1); 203(490.53); 204(951.19); 205(611.09); 206(758.6); 207(549.19); 208(34.09); 209(121.57); 210(694.39); 211(766.56); 212(655.38); 213(339.88); 214(70.18); 215(795.4); 216(227.68); 217(837.38); 218(52.82); 219(286.47); 220(816.12); 221(751.67); 222(627.22); 223(508.6); 224(411.39); 225(7.15); 226(931.06); 227(13.11); 228(607.74); 229(778.69); 230(143.48); 231(830.29); 232(708.5); 233(836.17); 234(928.07); 235(567.19); 236(892.63); 237(516.6); 238(133.04); 239(624.84); 240(817.86); 241(874.66); 242(333.63); 243(917.66); 244(453.01); 245(699.96); 246(682.93); 247(303.86); 248(519.72); 249(547.26); 250(75.91); 251(395.16); 252(412.13); 253(278.88); 254(688.57); 255(417.48); 256(779.69); 257(244.02); 258(426.73); 259(676.01); 260(881.6); 261(290.56); 262(433.19); 263(637.56); 264(716.04); 265(150.99); 266(3.5); 267(431.07); 268(757.9); 269(46.95); 270(112.41); 271(479.32); 272(294.01); 273(237.84); 274(507.35); 275(163.98); 276(758.56); 277(515.34); 278(308.96); 279(981.49); 280(856.92); 281(985.87); 282(297.69); 283(88.9); 284(388.43); 285(134.55); 286(741.56); 287(265.32); 288(178.76); 289(932.79); 290(281.55); 291(40.22); 292(463.32); 293(378.3); 294(56.75); 295(41.15); 296(725.2); 297(895.79); 298(965.32); 299(613.84); 300(171.63); 301(382.76); 302(269.35); 303(388.77); 304(288.89); 305(396.86); 306(908.44); 307(223.83); 308(6.52); 309(430.62); 310(456.33); 311(700.25); 312(639.47); 313(637.24); 314(155.98); 315(39.86); 316(505.99); 317(84.85); 318(297.11); 319(999.98); 320(784.37); 321(348.82); 322(797.14); 323(19.04); 324(461.52); 325(66.07); 326(431.61); 328(97.38); 329(705.76); 330(935.6); 331(447.01); 332(759.51); 333(102.73); 334(727.42); 335(721.63); 336(671.76); 337(89.11); 338(921.07); 339(363.93); 340(118.77); 341(852.35); 342(946.04); 343(444.23); 344(46.34); 345(889.14); 346(208.24); 347(845.34); 348(195.43); 349(546.76); 350(625.13); 351(392.31); 352(160.49); 353(53.45); 354(823.73); 355(629.51); 356(92.97); 357(532.78); 358(563.2); 359(429.31); 360(68.44); 361(635.61); 362(615.83); 363(636.3); 364(84.6); 365(568.98); 366(938.51); 367(644.24); 368(389.62); 369(61.86); 370(631.52); 371(230.56); 372(130.52); 373(99.47); 374(711.09); 375(188.08); 376(222.72); 377(525.55); 378(610.42); 379(844.42); 380(805.24); 381(543.4); 382(114.94); 383(613.64); 384(350.64); 385(855.47); 386(383.87); 387(599.94); 388(76.28); 389(536.08); 390(93.59); 391(87.37); 392(890.0); 393(904.34); 394(848.81); 395(792.77); 396(369.48); 397(566.71); 398(628.24); 399(388.1); 400(620.16); 401(703.01); 402(310.77); 403(255.83); 404(800.55); 405(405.36); 406(415.5); 407(303.81); 408(682.16); 409(916.7); 410(510.41); 411(57.49); 412(781.5); 413(637.33); 414(3.48); 415(529.33); 416(405.92); 417(162.44); 418(553.23); 419(768.03); 420(324.51); 421(303.29); 422(622.63); 423(7.84); 424(101.78); 425(323.85); 426(892.64); 427(676.0); 428(51.79); 429(957.4); 430(762.78); 431(15.12); 432(51.59); 433(946.38); 434(787.42); 435(640.7); 436(146.64); 437(50.79); 438(235.59); 439(747.49); 440(313.64); 441(114.88); 442(738.98); 443(441.11); 444(352.76); 445(163.99); 446(73.29); 447(65.41); 448(765.58); 449(258.61); 450(866.69); 451(774.05); 452(302.27); 453(414.24); 454(582.58); 455(839.32); 456(875.95); 457(327.92); 458(18.02); 459(497.34); 460(639.9); 461(727.09); 462(716.97); 463(85.59); 464(608.4); 465(720.39); 466(687.02); 467(813.86); 468(929.26); 469(302.62); 470(621.52); 471(740.63); 472(291.38); 473(847.81); 474(21.92); 475(863.49); 476(964.32); 477(859.76); 478(655.07); 479(300.94); 480(493.98); 481(688.36); 482(224.54); 483(268.32); 484(793.71); 485(67.38); 486(467.13); 487(847.79); 488(443.15); 489(762.83); 490(466.27); 491(49.83); 492(931.25); 493(110.03); 494(692.13); 495(109.63); 496(895.8); 497(410.4); 498(897.16); 499(443.42),1
328,0(457.61); 1(80.52); 2(723.53); 3(818.67); 4(813.5); 5(829.75); 6(966.81); 7(43.82); 8(86.19); 9(8.68); 10(14.08); 11(388.19); 12(243.68); 13(916.07); 14(145.7); 15(578.59); 16(538.38); 17(809.17); 18(266.01); 19(675.33); 20(320.47); 21(959.3); 22(216.23); 23(869.23); 24(819.34); 25(88.75); 26(157.86); 27(142.33); 28(347.39); 29(772.35); 30(137.57); 31(925.94); 32(442.31); 33(712.92); 34(585.42); 35(225.02); 36(842.69); 37(682.19); 38(702.74); 39(556.41); 40(871.6); 41(849.55); 42(484.79); 43(672.39); 44(507.99); 45(323.49); 46(209.54); 47(417.63); 48(601.49); 49(420.05); 50(537.38); 51(980.89); 52(234.87); 53(274.41); 54(576.91); 55(333.94); 56(189.41); 57(360.09); 58(519.65); 59(425.73); 60(180.0); 61(622.89); 62(660.82); 63(194.3); 64(165.33); 65(973.95); 66(900.36); 67(81.02); 68(876.71); 69(508.72); 70(577.56); 71(469.32); 72(793.08); 73(511.75); 74(50.65); 75(523.14); 76(968.51); 77(3.45); 78(294.26); 79(641.29); 80(76.35); 81(859.3); 82(763.45); 83(471.15); 84(59.31); 85(21.49); 86(764.52); 87(148.34); 88(100.06); 89(936.41); 90(599.92); 91(500.29); 92(891.01); 93(677.08); 94(687.08); 95(589.05); 96(523.57); 97(409.35); 98(569.93); 99(900.2); 100(884.37); 101(146.01); 102(974.52); 103(988.6); 104(501.13); 105(564.65); 106(327.1); 107(489.59); 108(724.74); 109(27.83); 110(231.74); 111(617.39); 112(396.01); 113(79.99); 114(709.64); 115(133.17); 116(268.47); 117(350.86); 118(490.26); 119(715.13); 120(397.57); 121(120.16); 122(605.07); 123(617.72); 124(646.18); 125(5.52); 126(881.67); 127(298.38); 128(27.09); 129(203.32); 130(709.98); 131(248.59); 132(133.12); 133(645.03); 134(924.18); 135(681.1); 136(367.88); 137(834.16); 138(763.12); 139(976.1); 140(863.19); 141(691.07); 142(619.56); 143(767.34); 144(911.33); 145(818.1); 146(945.23); 147(9.94); 148(542.35); 149(167.48); 150(499.39); 151(615.3); 152(427.17); 153(592.08); 154(828.13); 155(647.43); 156(306.83); 157(864.78); 158(555.02); 159(833.52); 160(331.71); 161(57.3); 162(379.82); 163(773.1); 164(671.23); 165(418.67); 166(620.32); 167(855.89); 168(845.01); 169(763.11); 170(558.93); 171(95.6); 172(429.34); 173(394.59); 174(402.97); 175(953.01); 176(126.97); 177(128.12); 178(104.79); 179(880.87); 180(213.56); 181(945.72); 182(365.61); 183(151.48); 184(966.64); 185(171.3); 186(916.45); 187(583.42); 188(780.15); 189(747.52); 190(437.7); 191(279.87); 192(908.95); 193(289.6); 194(854.27); 195(797.61); 196(831.64); 197(631.21); 198(416.04); 199(807.49); 200(318.93); 201(28.57); 202(151.62); 203(822.24); 204(608.12); 205(821.72); 206(468.82); 207(812.74); 208(402.52); 209(352.46); 210(395.01); 211(42.66); 212(252.42); 213(437.41); 214(688.99); 215(658.85); 216(406.1); 217(376.73); 218(978.13); 219(38.86); 220(561.14); 221(75.26); 222(719.12); 223(76.39); 224(650.02); 225(809.71); 226(543.67); 227(243.7); 228(461.37); 229(103.34); 230(623.11); 231(259.97); 232(630.64); 233(429.51); 234(622.04); 235(641.67); 236(673.98); 237(679.53); 238(974.11); 239(474.14); 240(67.85); 241(240.36); 242(894.46); 243(24.84); 244(165.07); 245(715.86); 246(680.59); 247(257.37); 248(170.76); 249(345.96); 250(941.9); 251(433.51); 252(667.46); 253(98.99); 254(323.14); 255(909.16); 256(770.98); 257(788.1); 258(125.96); 259(910.18); 260(180.23); 261(574.84); 262(84.46); 263(823.04); 264(48.73); 265(665.68); 266(317.7); 267(388.25); 268(914.28); 269(704.35); 270(409.01); 271(599.76); 272(230.08); 273(555.25); 274(853.9); 275(209.06); 276(512.98); 277(172.15); 278(63.08); 279(59.64); 280(501.14); 281(649.73); 282(274.66); 283(964.55); 284(623.24); 285(8.56); 286(969.06); 287(637.67); 288(524.18); 289(922.07); 290(332.33); 291(979.29); 292(636.56); 293(365.93); 294(252.96); 295(656.73); 296(575.28); 297(703.05); 298(649.1); 299(911.82); 300(954.9); 301(118.89); 302(44.78); 303(318.92); 304(20.38); 305(282.43); 306(123.02); 307(713.67); 308(227.58); 309(771.81); 310(39.66); 311(359.99); 312(565.9); 313(800.21); 314(39.24); 315(839.47); 316(206.59); 317(966.86); 318(569.14); 319(111.66); 320(290.19); 321(863.31); 322(109.28); 323(879.34); 324(88.27); 325(963.95); 326(239.42); 327(97.38); 329(731.07); 330(837.63); 331(923.73); 332(41.36); 333(441.95); 334(187.87); 335(657.72); 336(97.18); 337(471.57); 338(823.95); 339(31.02); 340(120.82); 341(870.1); 342(299.49); 343(22.87); 344(469.44); 345(421.26); 346(279.79); 347(416.19); 348(609.39); 349(662.29); 350(170.2); 351(112.58); 352(116.07); 353(118.3); 354(141.25); 355(824.46); 356(239.3); 357(998.46); 358(320.48); 359(737.84); 360(839.27); 361(463.09); 362(783.59); 363(442.33); 364(129.24); 365(926.74); 366(705.86); 367(390.91); 368(492.34); 369(596.15); 370(865.27); 371(367.54); 372(551.16); 373(383.89); 374(160.33); 375(541.36); 376(94.61); 377(151.17); 378(383.62); 379(864.19); 380(625.02); 381(858.79); 382(765.27); 383(997.94); 384(221.91); 385(837.34); 386(928.71); 387(516.87); 388(257.37); 389(903.3); 390(388.72); 391(175.36); 392(107.17); 393(282.75); 394(222.93); 395(825.26); 396(170.44); 397(222.09); 398(94.17); 399(292.84); 400(714.55); 401(627.78); 402(481.37); 403(528.2); 404(518.39); 405(962.36); 406(533.31); 407(730.53); 408(201.7); 409(866.44); 410(301.35); 411(596.6); 412(794.95); 413(745.82); 414(166.48); 415(991.74); 416(287.5); 417(218.83); 418(362.15); 419(182.79); 420(383.63); 421(200.57); 422(859.8); 423(854.34); 424(993.74); 425(834.49); 426(814.11); 427(920.8); 428(732.7); 429(273.37); 430(92.31); 431(213.1); 432(848.07); 433(997.52); 434(984.36); 435(617.55); 436(701.35); 437(398.21); 438(531.43); 439(929.89); 440(346.17); 441(295.61); 442(773.29); 443(966.65); 444(414.71); 445(457.83); 446(973.81); 447(335.09); 448(642.31); 449(997.69); 450(672.76); 451(743.34); 452(185.19); 453(981.33); 454(165.56); 455(529.45); 456(201.85); 457(349.54); 458(928.35); 459(962.96); 460(532.53); 461(489.14); 462(664.59); 463(679.39); 464(395.91); 465(922.13); 466(323.9); 467(407.73); 468(496.62); 469(823.04); 470(281.71); 471(277.62); 472(842.85); 473(60.77); 474(860.16); 475(996.63); 476(177.31); 477(52.2); 478(456.46); 479(654.88); 480(986.46); 481(355.02); 482(912.47); 483(886.0); 484(926.67); 485(401.34); 486(433.76); 487(526.21); 488(953.91); 489(303.07); 490(516.34); 491(215.41); 492(345.51); 493(659.32); 494(625.0); 495(51.09); 496(987.95); 497(781.42); 498(465.16); 499(527.72),1
329,0(25.3); 1(833.9); 2(290.39); 3(674.51); 4(582.02); 5(301.24); 6(723.47); 7(223.22); 8(504.24); 9(821.55); 10(209.09); 11(735.19); 12(958.12); 13(623.9); 14(541.58); 15(417.41); 16(506.6); 17(207.38); 18(246.84); 19(151.52); 20(819.94); 21(945.57); 22(188.68); 23(144.34); 24(672.4); 25(860.38); 26(682.16); 27(297.9); 28(965.55); 29(221.65); 30(623.7); 31(852.87); 32(48.19); 33(777.47); 34(32.56); 35(194.63); 36(574.96); 37(20.17); 38(27.73); 39(253.29); 40(313.22); 41(528.13); 42(58.31); 43(757.5); 44(50.53); 45(351.28); 46(69.93); 47(63.2); 48(543.75); 49(470.87); 50(678.26); 51(987.76); 52(118.43); 53(191.19); 54(859.5); 55(268.39); 56(48.46); 57(395.63); 58(943.66); 59(829.6); 60(370.44); 61(30.88); 62(371.61); 63(660.41); 64(698.0); 65(397.11); 66(996.89); 67(237.46); 68(966.24); 69(284.82); 70(759.14); 71(89.01); 72(158.17); 73(537.46); 74(935.69); 75(938.42); 76(987.01); 77(397.01); 78(653.07); 79(878.98); 80(431.68); 81(697.49); 82(384.96); 83(508.81); 84(766.15); 85(263.09); 86(455.35); 87(550.49); 88(54.21); 89(511.19); 90(890.73); 91(249.52); 92(907.8); 93(40.21); 94(364.3); 95(499.0); 96(362.54); 97(229.59); 98(888.56); 99(710.88); 100(838.5); 101(583.49); 102(155.26); 103(94.4); 104(328.87); 105(203.25); 106(219.63); 107(833.15); 108(429.02); 109(942.07); 110(199.66); 111(172.16); 112(485.18); 113(429.76); 114(830.91); 115(942.09); 116(730.48); 117(820.3); 118(11.14); 119(643.78); 120(500.68); 121(847.8); 122(15.94); 123(141.0); 124(513.31); 125(76.04); 126(546.32); 127(349.66); 128(990.89); 129(698.72); 130(822.36); 131(565.85); 132(865.32); 133(320.44); 134(635.23); 135(441.01); 136(989.37); 137(463.88); 138(976.1); 139(645.96); 140(747.02); 141(768.08); 142(682.93); 143(739.78); 144(917.82); 145(578.72); 146(758.37); 147(337.23); 148(640.65); 149(425.42); 150(691.79); 151(807.02); 152(513.55); 153(594.29); 154(823.58); 155(157.35); 156(193.57); 157(424.8); 158(143.91); 159(902.21); 160(940.47); 161(451.57); 162(900.15); 163(636.18); 164(760.23); 165(515.36); 166(931.64); 167(702.6); 168(987.05); 169(518.16); 170(667.19); 171(883.38); 172(477.66); 173(932.63); 174(591.57); 175(934.71); 176(579.42); 177(267.56); 178(750.7); 179(617.1); 180(556.32); 181(76.23); 182(757.0); 183(210.54); 184(409.75); 185(530.8); 186(623.55); 187(191.99); 188(589.39); 189(946.58); 190(424.53); 191(750.76); 192(110.35); 193(658.19); 194(528.89); 195(992.01); 196(522.57); 197(895.66); 198(891.08); 199(795.46); 200(939.24); 201(156.65); 202(962.04); 203(615.76); 204(947.66); 205(148.55); 206(34.89); 207(878.65); 208(917.33); 209(332.57); 210(512.6); 211(743.44); 212(776.64); 213(764.64); 214(773.03); 215(902.35); 216(907.03); 217(268.26); 218(352.13); 219(603.22); 220(667.03); 221(835.37); 222(421.67); 223(224.81); 224(667.56); 225(988.39); 226(235.37); 227(174.14); 228(268.78); 229(247.92); 230(510.0); 231(702.23); 232(505.03); 233(138.31); 234(487.99); 235(643.22); 236(47.44); 237(798.92); 238(138.11); 239(627.12); 240(284.13); 241(460.16); 242(545.11); 243(885.78); 244(913.44); 245(809.99); 246(137.07); 247(534.11); 248(957.74); 249(716.92); 250(596.47); 251(268.96); 252(756.55); 253(270.24); 254(471.92); 255(270.51); 256(102.95); 257(678.9); 258(151.41); 259(974.59); 260(497.82); 261(104.56); 262(66.64); 263(146.81); 264(167.96); 265(782.5); 266(233.22); 267(391.45); 268(794.44); 269(198.37); 270(187.97); 271(882.98); 272(295.62); 273(545.19); 274(494.78); 275(229.65); 276(899.58); 277(423.25); 278(969.87); 279(218.98); 280(930.05); 281(326.87); 282(479.45); 283(760.63); 284(711.04); 285(82.28); 286(218.75); 287(645.84); 288(447.69); 289(61.59); 290(128.99); 291(324.66); 292(614.37); 293(168.68); 294(851.63); 295(658.0); 296(916.62); 297(796.58); 298(400.26); 299(441.73); 300(232.23); 301(546.58); 302(826.74); 303(805.04); 304(42.03); 305(512.0); 306(37.92); 307(60.55); 308(523.6); 309(942.04); 310(20.83); 311(458.49); 312(268.46); 313(900.46); 314(983.19); 315(28.8); 316(663.43); 317(152.18); 318(159.1); 319(643.0); 320(773.26); 321(731.6); 322(150.76); 323(985.83); 324(612.58); 325(678.25); 326(854.67); 327(705.76); 328(731.07); 330(843.34); 331(466.98); 332(226.27); 333(55.26); 334(396.56); 335(778.3); 336(154.26); 337(263.11); 338(22.8); 339(951.85); 340(502.32); 341(137.21); 342(185.38); 343(635.05); 344(804.0); 345(856.53); 346(255.25); 347(991.14); 348(711.38); 349(569.16); 350(705.36); 351(394.47); 352(737.03); 353(770.31); 354(186.08); 355(334.39); 356(976.37); 357(357.18); 358(419.26); 359(479.61); 360(258.59); 361(937.66); 362(637.63); 363(187.53); 364(482.88); 365(964.17); 366(598.25); 367(62.36); 368(458.22); 369(670.32); 370(758.75); 371(873.65); 372(77.21); 373(617.5); 374(163.45); 375(383.04); 376(438.76); 377(937.66); 378(423.83); 379(406.61); 380(169.41); 381(487.27); 382(650.31); 383(902.14); 384(587.47); 385(351.84); 386(940.49); 387(904.79); 388(464.37); 389(891.85); 390(44.86); 391(762.67); 392(29.34); 393(866.99); 394(750.91); 395(309.08); 396(443.62); 397(263.29); 398(7.14); 399(223.74); 400(163.96); 401(888.24); 402(502.72); 403(998.56); 404(375.15); 405(618.73); 406(716.63); 407(285.05); 408(475.46); 409(408.08); 410(694.75); 411(396.18); 412(268.19); 413(274.23); 414(18.21); 415(598.84); 416(409.85); 417(960.79); 418(461.88); 419(922.99); 420(474.04); 421(199.22); 422(622.15); 423(685.4); 424(991.49); 425(405.05); 426(822.37); 427(918.23); 428(144.21); 429(83.81); 430(618.06); 431(226.25); 432(770.39); 433(344.41); 434(387.19); 435(712.64); 436(382.13); 437(127.61); 438(649.89); 439(473.18); 440(881.66); 441(824.38); 442(586.03); 443(990.38); 444(296.51); 445(620.26); 446(828.89); 447(979.93); 448(351.37); 449(68.94); 450(150.56); 451(332.79); 452(370.95); 453(493.14); 454(2.78); 455(993.15); 456(250.27); 457(8.67); 458(321.46); 459(243.17); 460(830.55); 461(614.23); 462(238.9); 463(956.24); 464(410.94); 465(884.11); 466(461.9); 467(657.91); 468(711.14); 469(996.27); 470(483.87); 471(483.95); 472(968.51); 473(819.19); 474(998.04); 475(303.43); 476(908.24); 477(449.75); 478(445.02); 479(576.16); 480(636.42); 481(208.57); 482(687.68); 483(640.5); 484(139.99); 485(613.44); 486(965.0); 487(910.82); 488(339.92); 489(238.1); 490(764.32); 491(520.24); 492(356.93); 493(820.68); 494(505.51); 495(645.75); 496(426.36); 497(311.17); 498(485.58); 499(693.81),1
330,0(776.1); 1(399.21); 2(682.52); 3(290.14); 4(0.54); 5(188.48); 6(52.23); 7(956.0); 8(987.08); 9(353.18); 10(624.98); 11(38.17); 12(159.17); 13(203.8); 14(377.72); 15(161.48); 16(647.71); 17(101.53); 18(648.45); 19(385.2); 20(902.29); 21(32.23); 22(836.26); 23(23.67); 24(490.92); 25(128.53); 26(730.63); 27(376.26); 28(288.51); 29(232.82); 30(283.18); 31(497.05); 32(422.98); 33(442.53); 34(961.75); 35(339.82); 36(418.79); 37(805.66); 38(540.66); 39(711.44); 40(568.21); 41(647.79); 42(425.32); 43(629.92); 44(138.01); 45(843.79); 46(87.5); 47(144.65); 48(687.78); 49(848.64); 50(260.51); 51(239.82); 52(255.41); 53(985.89); 54(736.87); 55(196.16); 56(636.56); 57(335.77); 58(141.26); 59(908.0); 60(377.19); 61(661.93); 62(563.79); 63(799.55); 64(410.79); 65(433.27); 66(942.86); 67(689.56); 68(831.82); 69(387.54); 70(81.94); 71(171.58); 72(112.42); 73(254.47); 74(934.34); 75(40.65); 76(190.84); 77(675.34); 78(858.33); 79(389.79); 80(240.36); 81(780.39); 82(764.9); 83(378.22); 84(77.42); 85(654.37); 86(854.71); 87(871.71); 88(887.58); 89(119.38); 90(126.13); 91(337.61); 92(403.9); 93(699.22); 94(693.33); 95(971.0); 96(207.64); 97(94.69); 98(372.43); 99(519.44); 100(199.15); 101(197.77); 102(45.66); 103(843.53); 104(140.68); 105(336.69); 106(946.61); 107(159.32); 108(239.63); 109(837.17); 110(565.71); 111(155.47); 112(4.57); 113(142.89); 114(969.12); 115(509.7); 116(50.36); 117(104.62); 118(250.37); 119(127.62); 120(27.17); 121(312.66); 122(396.64); 123(481.44); 124(648.12); 125(928.21); 126(574.3); 127(824.99); 128(581.54); 129(365.78); 130(499.75); 131(375.08); 132(207.97); 133(251.34); 134(204.22); 135(605.06); 136(609.26); 137(929.26); 138(731.72); 139(896.53); 140(992.49); 141(146.8); 142(873.08); 143(668.51); 144(311.08); 145(252.42); 146(996.04); 147(371.82); 148(951.07); 149(722.28); 150(337.53); 151(277.09); 152(978.07); 153(406.83); 154(5.25); 155(914.18); 156(18.06); 157(889.22); 158(437.16); 159(923.99); 160(206.1); 161(929.24); 162(157.16); 163(868.83); 164(12.78); 165(312.17); 166(386.5); 167(621.45); 168(728.15); 169(860.81); 170(797.06); 171(970.08); 172(497.4); 173(207.15); 174(150.48); 175(164.47); 176(569.12); 177(651.1); 178(47.9); 179(430.92); 180(781.37); 181(693.81); 182(993.6); 183(696.08); 184(844.41); 185(865.39); 186(173.0); 187(530.45); 188(595.25); 189(387.82); 190(102.68); 191(536.41); 192(496.36); 193(920.46); 194(11.35); 195(397.96); 196(28.19); 197(470.39); 198(324.22); 199(908.33); 200(442.81); 201(840.61); 202(929.43); 203(545.08); 204(544.45); 205(552.08); 206(672.05); 207(175.9); 208(902.02); 209(773.08); 210(951.09); 211(915.95); 212(270.39); 213(179.63); 214(321.25); 215(340.94); 216(218.86); 217(694.35); 218(364.13); 219(935.05); 220(526.63); 221(613.85); 222(118.45); 223(468.02); 224(192.01); 225(43.03); 226(438.68); 227(414.74); 228(628.43); 229(943.1); 230(968.7); 231(853.94); 232(567.31); 233(449.67); 234(524.95); 235(619.71); 236(15.8); 237(414.45); 238(701.71); 239(377.76); 240(866.69); 241(814.78); 242(944.6); 243(376.05); 244(641.73); 245(868.38); 246(91.47); 247(737.62); 248(963.74); 249(112.15); 250(902.0); 251(84.16); 252(663.81); 253(301.68); 254(921.35); 255(835.54); 256(966.19); 257(119.2); 258(812.19); 259(370.44); 260(884.57); 261(972.63); 262(408.15); 263(243.25); 264(766.69); 265(621.54); 266(884.74); 267(735.21); 268(935.14); 269(886.69); 270(853.19); 271(759.13); 272(601.73); 273(272.97); 274(972.11); 275(295.62); 276(181.27); 277(400.31); 278(173.2); 279(838.45); 280(584.22); 281(4.01); 282(488.72); 283(741.45); 284(615.41); 285(995.82); 286(849.54); 287(90.1); 288(935.89); 289(507.81); 290(957.81); 291(344.0); 292(310.1); 293(268.6); 294(196.56); 295(973.18); 296(912.44); 297(726.48); 298(29.31); 299(265.87); 300(293.5); 301(823.64); 302(369.71); 303(956.82); 304(975.15); 305(764.46); 306(14.0); 307(474.63); 308(94.89); 309(407.28); 310(313.82); 311(450.51); 312(602.4); 313(495.22); 314(411.05); 315(235.82); 316(416.34); 317(155.24); 318(54.92); 319(916.1); 320(287.05); 321(960.02); 322(643.52); 323(296.9); 324(621.19); 325(679.07); 326(570.23); 327(935.6); 328(837.63); 329(843.34); 331(257.72); 332(791.31); 333(489.25); 334(703.36); 335(704.26); 336(403.91); 337(832.29); 338(125.27); 339(55.81); 340(435.92); 341(779.67); 342(399.86); 343(828.89); 344(655.78); 345(889.02); 346(982.73); 347(295.57); 348(293.89); 349(315.78); 350(192.6); 351(891.17); 352(288.97); 353(896.34); 354(762.26); 355(682.01); 356(456.24); 357(915.87); 358(715.33); 359(735.59); 360(128.1); 361(395.83); 362(169.15); 363(101.46); 364(186.42); 365(231.14); 366(75.63); 367(97.63); 368(21.25); 369(422.92); 370(554.76); 371(997.19); 372(0.86); 373(995.06); 374(499.21); 375(279.16); 376(574.88); 377(984.65); 378(157.31); 379(749.94); 380(287.39); 381(131.96); 382(302.6); 383(492.24); 384(241.51); 385(386.62); 386(820.7); 387(846.65); 388(451.0); 389(969.58); 390(154.93); 391(989.37); 392(741.19); 393(48.2); 394(699.09); 395(920.93); 396(887.34); 397(169.51); 398(144.55); 399(232.08); 400(533.78); 401(937.94); 402(403.13); 403(244.27); 404(839.78); 405(14.09); 406(22.57); 407(688.37); 408(803.64); 409(287.22); 410(810.03); 411(810.79); 412(391.59); 413(562.47); 414(807.24); 415(733.95); 416(58.49); 417(162.57); 418(916.52); 419(947.55); 420(70.75); 421(194.62); 422(919.84); 423(410.78); 424(31.44); 425(519.33); 426(724.88); 427(888.97); 428(906.57); 429(731.09); 430(154.41); 431(861.34); 432(689.27); 433(383.59); 434(315.06); 435(560.93); 436(725.83); 437(882.38); 438(674.9); 439(910.44); 440(516.46); 441(161.37); 442(388.19); 443(177.28); 444(230.13); 445(182.21); 446(35.83); 447(401.09); 448(432.54); 449(400.93); 450(885.49); 451(75.73); 452(872.15); 453(19.25); 454(763.96); 455(500.01); 456(528.07); 457(433.75); 458(805.72); 459(899.28); 460(722.25); 461(673.54); 462(53.86); 463(499.09); 464(446.69); 465(45.09); 466(725.64); 467(999.18); 468(80.08); 469(274.88); 470(155.87); 471(436.02); 472(317.54); 473(635.79); 474(209.37); 475(250.21); 476(318.1); 477(260.81); 478(695.95); 479(471.21); 480(30.51); 481(893.54); 482(747.23); 483(685.81); 484(15.13); 485(479.87); 486(37.33); 487(658.75); 488(615.12); 489(684.85); 490(368.18); 491(280.69); 492(77.06); 493(255.76); 494(214.86); 495(819.47); 496(486.32); 497(122.88); 498(218.75); 499(700.08),1
331,0(86.61); 1(160.2); 2(959.97); 3(139.81); 4(796.08); 5(654.58); 6(346.28); 7(612.94); 8(576.9); 9(250.04); 10(391.7); 11(308.79); 12(712.19); 13(788.48); 14(61.86); 15(498.72); 16(49.03); 17(676.88); 18(447.48); 19(610.66); 20(523.21); 21(761.66); 22(229.49); 23(54.27); 24(259.95); 25(481.49); 26(626.42); 27(522.71); 28(467.25); 29(74.41); 30(4.98); 31(737.45); 32(538.61); 33(428.07); 34(221.39); 35(378.04); 36(802.13); 37(687.15); 38(637.75); 39(867.88); 40(405.74); 41(452.26); 42(868.82); 43(760.47); 44(788.76); 45(301.18); 46(127.31); 47(249.0); 48(955.98); 49(68.36); 50(244.95); 51(629.59); 52(203.71); 53(652.44); 54(681.66); 55(613.74); 56(393.48); 57(303.79); 58(743.49); 59(209.65); 60(805.25); 61(702.57); 62(169.15); 63(22.02); 64(442.47); 65(58.86); 66(110.66); 67(529.41); 68(219.89); 69(676.1); 70(738.46); 71(19.95); 72(861.31); 73(864.1); 74(635.73); 75(828.93); 76(238.72); 77(569.11); 78(924.99); 79(655.83); 80(771.94); 81(614.98); 82(215.29); 83(125.93); 84(212.58); 85(124.18); 86(765.79); 87(211.87); 88(840.09); 89(934.01); 90(41.2); 91(203.59); 92(459.04); 93(540.26); 94(57.92); 95(586.35); 96(431.58); 97(167.88); 98(980.36); 99(186.48); 100(786.24); 101(367.77); 102(350.28); 103(509.61); 104(337.08); 105(559.11); 106(899.73); 107(164.01); 108(881.38); 109(253.58); 110(237.99); 111(182.61); 112(44.13); 113(78.97); 114(899.52); 115(144.44); 116(117.1); 117(356.65); 118(516.16); 119(79.27); 120(215.02); 121(383.35); 122(680.32); 123(376.99); 124(431.71); 125(629.06); 126(664.32); 127(543.99); 128(664.69); 129(912.14); 130(341.95); 131(546.9); 132(638.22); 133(536.85); 134(139.69); 135(6.34); 136(19.63); 137(37.39); 138(431.04); 139(139.69); 140(901.53); 141(664.34); 142(651.33); 143(571.14); 144(609.95); 145(561.68); 146(555.62); 147(643.58); 148(10.3); 149(550.0); 150(554.37); 151(212.13); 152(937.71); 153(469.49); 154(513.02); 155(458.88); 156(977.47); 157(351.6); 158(777.47); 159(661.66); 160(805.0); 161(373.97); 162(484.8); 163(743.8); 164(731.12); 165(542.01); 166(394.92); 167(728.6); 168(881.09); 169(914.1); 170(517.43); 171(819.39); 172(280.85); 173(26.24); 174(820.64); 175(71.58); 176(847.41); 177(831.8); 178(657.64); 179(186.34); 180(287.86); 181(449.59); 182(60.21); 183(680.47); 184(245.3); 185(894.65); 186(111.36); 187(57.88); 188(198.88); 189(664.51); 190(154.27); 191(438.75); 192(741.81); 193(945.42); 194(548.56); 195(433.77); 196(526.89); 197(314.07); 198(54.53); 199(985.82); 200(977.08); 201(418.57); 202(96.84); 203(364.63); 204(147.65); 205(22.9); 206(111.85); 207(961.94); 208(155.98); 209(660.86); 210(995.31); 211(744.75); 212(293.24); 213(36.64); 214(289.91); 215(908.26); 216(758.55); 217(95.64); 218(283.34); 219(85.72); 220(340.29); 221(356.93); 222(130.07); 223(455.13); 224(23.81); 225(587.05); 226(461.89); 227(503.96); 228(569.94); 229(67.71); 230(999.69); 231(637.49); 232(167.72); 233(503.26); 234(899.87); 235(956.45); 236(127.65); 237(89.36); 238(464.05); 239(714.84); 240(957.82); 241(503.7); 242(777.12); 243(587.0); 244(653.17); 245(67.44); 246(460.16); 247(745.89); 248(514.44); 249(606.32); 250(658.89); 251(956.65); 252(441.19); 253(727.53); 254(56.43); 255(678.3); 256(864.92); 257(44.85); 258(5.89); 259(60.22); 260(300.76); 261(362.45); 262(86.85); 263(900.05); 264(983.41); 265(996.91); 266(683.78); 267(13.98); 268(179.82); 269(822.58); 270(753.14); 271(420.36); 272(277.88); 273(829.59); 274(61.09); 275(892.37); 276(588.19); 277(632.91); 278(4.04); 279(361.26); 280(799.47); 281(483.6); 282(440.92); 283(337.7); 284(78.72); 285(44.36); 286(544.05); 287(475.56); 288(35.45); 289(190.21); 290(654.19); 291(566.53); 292(296.18); 293(623.48); 294(566.42); 295(522.14); 296(142.35); 297(56.74); 298(441.59); 299(331.07); 300(701.52); 301(601.75); 302(901.61); 303(642.43); 304(201.07); 305(669.1); 306(854.96); 307(579.77); 308(990.28); 309(80.06); 310(555.36); 311(206.62); 312(615.62); 313(592.49); 314(639.18); 315(655.59); 316(609.75); 317(290.72); 318(177.67); 319(910.27); 320(630.22); 321(987.49); 322(301.94); 323(81.04); 324(952.54); 325(900.4); 326(292.54); 327(447.01); 328(923.73); 329(466.98); 330(257.72); 332(902.61); 333(38.58); 334(478.15); 335(418.12); 336(710.43); 337(933.86); 338(396.6); 339(916.46); 340(576.26); 341(462.1); 342(551.37); 343(725.17); 344(658.26); 345(622.45); 346(319.43); 347(680.27); 348(335.7); 349(164.08); 350(578.68); 351(726.03); 352(466.14); 353(526.26); 354(751.71); 355(298.36); 356(766.63); 357(713.92); 358(944.93); 359(839.97); 360(485.44); 361(290.86); 362(438.7); 363(486.19); 364(133.73); 365(307.69); 366(999.61); 367(490.12); 368(437.46); 369(208.26); 370(888.01); 371(25.16); 372(764.82); 373(252.67); 374(402.76); 375(839.94); 376(896.7); 377(313.76); 378(733.68); 379(948.74); 380(447.47); 381(319.15); 382(414.13); 383(254.01); 384(771.67); 385(748.99); 386(449.65); 387(570.82); 388(894.63); 389(142.72); 390(716.31); 391(770.75); 392(48.18); 393(518.5); 394(146.79); 395(890.23); 396(68.15); 397(827.39); 398(162.07); 399(571.11); 400(692.74); 401(471.14); 402(112.7); 403(654.11); 404(745.47); 405(952.1); 406(500.14); 407(479.65); 408(372.62); 409(218.5); 410(76.1); 411(313.81); 412(137.54); 413(44.54); 414(780.23); 415(760.28); 416(551.37); 417(846.02); 418(8.32); 419(611.0); 420(193.55); 421(42.88); 422(694.77); 423(218.8); 424(529.78); 425(319.81); 426(555.89); 427(684.92); 428(854.09); 429(104.44); 430(854.3); 431(120.6); 432(265.59); 433(31.45); 434(643.99); 435(446.33); 436(662.6); 437(944.04); 438(154.29); 439(352.05); 440(892.27); 441(993.21); 442(334.97); 443(927.48); 444(89.18); 445(277.37); 446(335.92); 447(319.06); 448(263.1); 449(733.43); 450(792.21); 451(783.96); 452(149.24); 453(28.49); 454(659.39); 455(589.49); 456(234.88); 457(271.1); 458(205.02); 459(934.04); 460(187.02); 461(600.12); 462(755.37); 463(237.44); 464(435.83); 465(712.31); 466(805.65); 467(58.42); 468(583.79); 469(854.65); 470(106.27); 471(27.29); 472(754.15); 473(938.24); 474(518.96); 475(111.44); 476(706.87); 477(578.55); 478(659.91); 479(185.94); 480(528.31); 481(533.39); 482(723.57); 483(224.76); 484(46.83); 485(95.15); 486(831.13); 487(508.44); 488(106.13); 489(936.35); 490(166.12); 491(967.04); 492(111.33); 493(317.32); 494(768.37); 495(6.75); 496(237.22); 497(268.65); 498(371.57); 499(32.52),1
332,0(295.26); 1(172.41); 2(754.37); 3(252.22); 4(348.47); 5(316.56); 6(612.05); 7(524.45); 8(539.93); 9(236.75); 10(541.83); 11(82.1); 12(411.14); 13(491.63); 14(54.08); 15(935.19); 16(752.66); 17(867.28); 18(877.29); 19(38.21); 20(215.5); 21(532.39); 22(673.81); 23(984.25); 24(81.82); 25(222.96); 26(250.29); 27(424.89); 28(768.58); 29(868.35); 30(641.17); 31(800.06); 32(35.62); 33(346.09); 34(739.22); 35(387.13); 36(213.75); 37(175.48); 38(82.06); 39(253.21); 40(263.3); 41(178.67); 42(562.21); 43(681.91); 44(724.8); 45(6.04); 46(511.06); 47(994.74); 48(961.1); 49(895.1); 50(807.43); 51(459.07); 52(232.75); 53(463.08); 54(508.72); 55(860.98); 56(957.77); 57(750.82); 58(883.37); 59(182.91); 60(714.12); 61(414.38); 62(249.19); 63(626.15); 64(938.42); 65(37.17); 66(970.94); 67(207.75); 68(21.46); 69(80.46); 70(411.83); 71(706.03); 72(903.33); 73(32.98); 74(632.3); 75(637.06); 76(410.56); 77(754.32); 78(224.02); 79(478.37); 80(312.8); 81(455.78); 82(341.78); 83(940.26); 84(466.51); 85(783.42); 86(939.03); 87(721.35); 88(196.86); 89(549.44); 90(768.25); 91(721.67); 92(145.66); 93(229.83); 94(616.5); 95(602.58); 96(690.89); 97(293.01); 98(960.63); 99(936.81); 100(969.11); 101(835.38); 102(528.22); 103(563.42); 104(781.24); 105(551.19); 106(783.62); 107(39.07); 108(165.37); 109(498.92); 110(638.55); 111(950.58); 112(625.07); 113(228.95); 114(60.49); 115(236.34); 116(292.18); 117(739.02); 118(213.03); 119(816.13); 120(279.64); 121(965.91); 122(428.65); 123(93.42); 124(107.42); 125(326.5); 126(40.55); 127(487.25); 128(399.29); 129(100.98); 130(438.3); 131(407.71); 132(696.32); 133(224.95); 134(853.3); 135(923.37); 136(79.51); 137(371.87); 138(177.88); 139(341.05); 140(398.3); 141(595.9); 142(248.73); 143(839.99); 144(154.09); 145(959.25); 146(372.21); 147(954.84); 148(891.98); 149(618.06); 150(102.35); 151(956.11); 152(751.37); 153(325.86); 154(626.56); 155(615.96); 156(39.49); 157(41.55); 158(814.43); 159(795.91); 160(908.92); 161(159.83); 162(437.87); 163(459.32); 164(859.61); 165(206.73); 166(818.64); 167(543.31); 168(608.93); 169(207.94); 170(59.39); 171(611.15); 172(604.24); 173(193.05); 174(39.67); 175(457.43); 176(87.69); 177(825.77); 178(256.39); 179(861.03); 180(996.04); 181(759.44); 182(130.06); 183(641.88); 184(570.71); 185(107.72); 186(882.35); 187(91.61); 188(607.74); 189(823.14); 190(857.09); 191(795.68); 192(391.58); 193(307.83); 194(110.69); 195(983.44); 196(260.02); 197(821.99); 198(25.67); 199(524.01); 200(343.94); 201(474.09); 202(696.17); 203(52.38); 204(906.17); 205(493.46); 206(196.73); 207(615.61); 208(318.94); 209(386.14); 210(634.63); 211(319.56); 212(313.66); 213(360.64); 214(718.64); 215(629.94); 216(777.61); 217(81.58); 218(528.17); 219(672.21); 220(707.99); 221(674.96); 222(355.05); 223(43.19); 224(670.14); 225(903.87); 226(263.42); 227(700.02); 228(752.27); 229(860.88); 230(307.01); 231(487.54); 232(788.06); 233(856.68); 234(909.32); 235(711.25); 236(512.71); 237(949.96); 238(402.76); 239(457.88); 240(210.58); 241(559.08); 242(313.85); 243(224.31); 244(410.5); 245(124.25); 246(946.08); 247(534.6); 248(461.88); 249(693.45); 250(975.47); 251(987.47); 252(448.52); 253(266.69); 254(457.38); 255(298.26); 256(256.39); 257(388.43); 258(76.96); 259(509.67); 260(648.77); 261(540.82); 262(264.53); 263(93.97); 264(704.72); 265(651.53); 266(552.6); 267(711.6); 268(818.83); 269(950.95); 270(647.05); 271(137.33); 272(939.75); 273(21.04); 274(261.17); 275(459.82); 276(296.96); 277(581.62); 278(374.49); 279(992.72); 280(768.51); 281(664.51); 282(466.36); 283(293.88); 284(693.66); 285(439.24); 286(950.29); 287(547.37); 288(929.44); 289(945.89); 290(919.72); 291(646.61); 292(16.39); 293(700.51); 294(820.93); 295(8.26); 296(239.38); 297(847.69); 298(706.77); 299(227.25); 300(238.98); 301(421.38); 302(69.11); 303(817.31); 304(184.56); 305(505.93); 306(552.38); 307(344.31); 308(472.24); 309(989.87); 310(887.89); 311(458.3); 312(50.89); 313(724.58); 314(579.99); 315(532.85); 316(927.19); 317(418.45); 318(65.28); 319(561.78); 320(85.12); 321(879.97); 322(800.99); 323(738.97); 324(195.1); 325(1.87); 326(18.15); 327(759.51); 328(41.36); 329(226.27); 330(791.31); 331(902.61); 333(175.95); 334(27.46); 335(458.23); 336(774.24); 337(472.65); 338(812.83); 339(615.02); 340(719.88); 341(244.93); 342(393.8); 343(674.12); 344(621.87); 345(941.69); 346(32.83); 347(517.79); 348(529.09); 349(884.95); 350(771.3); 351(760.7); 352(12.44); 353(648.0); 354(924.52); 355(436.88); 356(429.19); 357(499.92); 358(198.89); 359(725.51); 360(94.28); 361(54.09); 362(911.27); 363(640.14); 364(480.71); 365(323.05); 366(596.74); 367(319.38); 368(0.97); 369(138.2); 370(277.37); 371(77.23); 372(846.1); 373(660.06); 374(156.26); 375(854.3); 376(694.97); 377(799.46); 378(922.75); 379(494.17); 380(934.66); 381(199.27); 382(367.39); 383(432.86); 384(249.56); 385(673.5); 386(54.68); 387(966.83); 388(308.51); 389(384.3); 390(687.95); 391(770.9); 392(907.44); 393(105.18); 394(788.35); 395(309.48); 396(930.25); 397(473.49); 398(351.0); 399(6.94); 400(955.57); 401(53.26); 402(124.03); 403(897.52); 404(956.2); 405(722.75); 406(683.06); 407(188.06); 408(455.76); 409(661.12); 410(559.31); 411(818.71); 412(995.79); 413(220.07); 414(474.42); 415(796.59); 416(856.31); 417(966.67); 418(100.74); 419(762.59); 420(331.32); 421(166.33); 422(20.33); 423(727.02); 424(196.6); 425(193.04); 426(667.77); 427(40.44); 428(413.41); 429(554.26); 430(835.99); 431(359.08); 432(520.22); 433(266.62); 434(381.96); 435(964.52); 436(803.69); 437(44.04); 438(617.56); 439(45.54); 440(569.69); 441(467.63); 442(385.9); 443(151.9); 444(378.12); 445(32.87); 446(252.93); 447(435.38); 448(212.56); 449(780.91); 450(958.77); 451(908.91); 452(613.87); 453(412.36); 454(569.05); 455(364.96); 456(196.66); 457(888.62); 458(102.24); 459(771.66); 460(321.67); 461(186.29); 462(990.8); 463(496.89); 464(399.02); 465(270.0); 466(804.83); 467(791.42); 468(238.51); 469(238.78); 470(148.11); 471(646.6); 472(571.56); 473(499.83); 474(558.71); 475(462.52); 476(504.83); 477(427.37); 478(927.86); 479(863.21); 480(887.74); 481(779.06); 482(182.76); 483(52.21); 484(688.92); 485(696.0); 486(720.37); 487(357.02); 488(569.59); 489(290.98); 490(657.86); 491(678.75); 492(455.04); 493(777.85); 494(483.08); 495(104.86); 496(374.87); 497(602.46); 498(619.09); 499(172.89),1
333,0(857.08); 1(854.22); 2(373.12); 3(809.21); 4(431.75); 5(131.29); 6(17.63); 7(676.76); 8(271.07); 9(504.99); 10(76.23); 11(688.15); 12(470.83); 13(144.74); 14(707.41); 15(936.32); 16(51.61); 17(403.03); 18(986.06); 19(661.58); 20(634.61); 21(763.71); 22(505.0); 23(117.37); 24(778.92); 25(745.43); 26(467.33); 27(97.09); 28(242.34); 29(947.58); 30(666.08); 31(495.08); 32(634.73); 33(643.96); 34(672.27); 35(712.98); 36(631.19); 37(568.02); 38(803.9); 39(767.11); 40(635.68); 41(829.43); 42(59.85); 43(390.0); 44(708.47); 45(663.22); 46(560.94); 47(605.35); 48(382.8); 49(155.71); 50(362.49); 51(470.38); 52(217.52); 53(508.78); 54(498.91); 55(214.12); 56(203.1); 57(903.28); 58(362.69); 59(645.4); 60(814.33); 61(581.6); 62(259.24); 63(662.51); 64(283.48); 65(648.34); 66(590.05); 67(245.98); 68(471.58); 69(586.03); 70(994.75); 71(624.12); 72(970.62); 73(603.66); 74(105.66); 75(529.61); 76(579.17); 77(927.12); 78(383.17); 79(145.51); 80(782.72); 81(0.85); 82(435.05); 83(873.96); 84(766.82); 85(762.83); 86(324.06); 87(905.89); 88(139.96); 89(591.37); 90(642.49); 91(483.83); 92(747.0); 93(876.55); 94(577.0); 95(719.37); 96(62.52); 97(842.19); 98(753.16); 99(250.31); 100(227.12); 101(536.03); 102(810.45); 103(473.83); 104(533.96); 105(883.34); 106(280.23); 107(657.54); 108(611.36); 109(219.19); 110(505.15); 111(603.93); 112(326.63); 113(238.93); 114(775.54); 115(270.43); 116(648.78); 117(238.78); 118(669.19); 119(970.38); 120(98.7); 121(208.32); 122(590.0); 123(89.5); 124(322.91); 125(558.28); 126(690.9); 127(28.55); 128(27.88); 129(242.06); 130(103.86); 131(233.21); 132(169.85); 133(780.01); 134(536.96); 135(980.32); 136(918.38); 137(240.45); 138(194.39); 139(967.29); 140(333.31); 141(835.88); 142(566.69); 143(109.43); 144(379.43); 145(120.65); 146(130.91); 147(37.5); 148(97.78); 149(957.17); 150(399.45); 151(861.23); 152(773.16); 153(943.51); 154(827.04); 155(389.25); 156(414.51); 157(516.48); 158(21.05); 159(12.16); 160(178.62); 161(691.0); 162(590.9); 163(706.99); 164(8.99); 165(759.03); 166(626.09); 167(294.81); 168(444.82); 169(493.61); 170(505.84); 171(126.7); 172(614.6); 173(168.08); 174(354.31); 175(801.5); 176(245.82); 177(55.68); 178(83.89); 179(317.27); 180(582.51); 181(564.72); 182(203.49); 183(577.58); 184(130.69); 185(665.04); 186(67.38); 187(230.99); 188(792.66); 189(658.16); 190(657.51); 191(808.65); 192(91.08); 193(501.22); 194(956.93); 195(940.8); 196(591.58); 197(554.82); 198(155.9); 199(232.98); 200(753.64); 201(636.38); 202(749.09); 203(270.35); 204(506.95); 205(168.64); 206(644.17); 207(319.82); 208(872.54); 209(186.86); 210(358.14); 211(53.57); 212(968.66); 213(305.45); 214(974.27); 215(688.29); 216(22.44); 217(605.72); 218(696.87); 219(565.64); 220(84.26); 221(614.47); 222(873.46); 223(206.96); 224(13.7); 225(55.37); 226(287.55); 227(287.59); 228(386.0); 229(395.42); 230(157.14); 231(739.91); 232(203.43); 233(877.58); 234(392.82); 235(122.89); 236(298.29); 237(984.05); 238(510.97); 239(397.22); 240(721.08); 241(818.39); 242(22.2); 243(644.2); 244(628.22); 245(869.66); 246(191.82); 247(102.14); 248(149.23); 249(622.98); 250(114.62); 251(385.35); 252(52.04); 253(824.29); 254(737.57); 255(293.16); 256(558.83); 257(811.42); 258(264.71); 259(235.98); 260(443.88); 261(945.11); 262(218.9); 263(935.15); 264(697.05); 265(726.74); 266(909.61); 267(853.0); 268(377.5); 269(31.54); 270(431.92); 271(129.93); 272(694.18); 273(212.08); 274(851.06); 275(134.88); 276(409.3); 277(242.55); 278(724.35); 279(175.2); 280(827.53); 281(793.03); 282(491.92); 283(598.85); 284(548.79); 285(570.8); 286(128.65); 287(204.48); 288(42.76); 289(129.01); 290(553.99); 291(325.65); 292(412.13); 293(465.19); 294(594.76); 295(65.25); 296(766.86); 297(55.35); 298(212.79); 299(795.97); 300(460.91); 301(600.75); 302(469.14); 303(830.41); 304(539.22); 305(404.7); 306(554.5); 307(532.45); 308(884.61); 309(148.75); 310(72.98); 311(757.07); 312(664.53); 313(640.67); 314(405.53); 315(387.05); 316(192.57); 317(113.78); 318(736.02); 319(13.21); 320(121.02); 321(354.03); 322(551.3); 323(1.45); 324(569.67); 325(414.68); 326(671.51); 327(102.73); 328(441.95); 329(55.26); 330(489.25); 331(38.58); 332(175.95); 334(149.26); 335(200.19); 336(787.63); 337(406.77); 338(857.39); 339(518.97); 340(136.0); 341(491.42); 342(751.45); 343(244.6); 344(896.3); 345(204.39); 346(913.09); 347(885.21); 348(842.6); 349(572.97); 350(724.0); 351(475.23); 352(735.34); 353(402.3); 354(245.93); 355(742.92); 356(540.73); 357(323.99); 358(792.45); 359(985.75); 360(734.76); 361(820.17); 362(92.63); 363(985.94); 364(443.9); 365(451.27); 366(412.93); 367(580.26); 368(305.77); 369(352.53); 370(947.05); 371(576.83); 372(314.38); 373(830.55); 374(301.34); 375(981.11); 376(340.17); 377(341.11); 378(530.44); 379(406.06); 380(423.3); 381(124.54); 382(320.85); 383(418.24); 384(116.81); 385(532.99); 386(596.2); 387(595.0); 388(969.95); 389(567.58); 390(274.23); 391(269.58); 392(329.55); 393(608.34); 394(616.94); 395(425.68); 396(131.54); 397(423.66); 398(784.37); 399(338.72); 400(900.62); 401(409.38); 402(378.13); 403(352.03); 404(967.15); 405(99.27); 406(46.79); 407(653.26); 408(921.12); 409(847.78); 410(917.24); 411(363.85); 412(991.4); 413(98.14); 414(694.45); 415(178.8); 416(73.86); 417(553.49); 418(919.09); 419(688.55); 420(227.8); 421(294.52); 422(267.62); 423(431.7); 424(817.38); 425(808.4); 426(457.31); 427(715.07); 428(464.15); 429(8.5); 430(91.09); 431(732.69); 432(614.42); 433(316.01); 434(619.93); 435(916.62); 436(312.79); 437(87.59); 438(245.91); 439(23.48); 440(217.67); 441(472.57); 442(739.85); 443(259.04); 444(442.98); 445(444.29); 446(378.51); 447(496.91); 448(696.11); 449(471.34); 450(12.63); 451(415.7); 452(124.78); 453(560.1); 454(619.0); 455(960.15); 456(76.18); 457(19.82); 458(911.83); 459(553.28); 460(465.19); 461(800.71); 462(63.54); 463(145.74); 464(117.56); 465(920.32); 466(612.91); 467(873.69); 468(190.09); 469(24.23); 470(172.83); 471(954.44); 472(895.81); 473(290.04); 474(682.94); 475(998.38); 476(117.48); 477(852.25); 478(698.32); 479(288.63); 480(594.18); 481(468.25); 482(296.0); 483(99.19); 484(49.96); 485(119.67); 486(812.97); 487(391.96); 488(30.3); 489(228.83); 490(927.14); 491(284.05); 492(577.74); 493(524.82); 494(196.55); 495(840.5); 496(800.32); 497(38.38); 498(286.91); 499(834.94),1
334,0(965.27); 1(74.66); 2(849.47); 3(715.6); 4(359.06); 5(729.87); 6(43.75); 7(479.27); 8(189.55); 9(63.15); 10(223.99); 11(240.49); 12(843.97); 13(551.48); 14(654.2); 15(931.28); 16(181.85); 17(34.12); 18(153.32); 19(1.67); 20(291.61); 21(201.89); 22(63.08); 23(788.67); 24(68.57); 25(939.18); 26(452.99); 27(180.14); 28(409.25); 29(289.59); 30(515.24); 31(778.31); 32(121.39); 33(162.44); 34(129.2); 35(647.33); 36(205.84); 37(873.74); 38(397.32); 39(588.44); 40(370.43); 41(720.49); 42(424.4); 43(337.42); 44(457.44); 45(79.29); 46(375.73); 47(130.7); 48(317.16); 49(687.12); 50(827.85); 51(523.04); 52(591.72); 53(578.8); 54(699.52); 55(190.09); 56(469.8); 57(301.43); 58(867.75); 59(581.75); 60(770.26); 61(767.27); 62(50.43); 63(675.77); 64(565.04); 65(836.8); 66(836.91); 67(567.27); 68(21.11); 69(814.01); 70(308.59); 71(75.5); 72(665.75); 73(8.43); 74(699.23); 75(133.68); 76(303.83); 77(25.51); 78(845.13); 79(545.83); 80(910.45); 81(184.31); 82(50.16); 83(403.09); 84(673.29); 85(836.63); 86(553.14); 87(227.95); 88(288.18); 89(411.45); 90(124.94); 91(934.86); 92(468.57); 93(384.45); 94(14.72); 95(707.29); 96(594.47); 97(282.47); 98(426.7); 99(566.7); 100(753.93); 101(305.84); 102(322.62); 103(772.85); 104(164.88); 105(279.39); 106(44.24); 107(518.39); 108(38.94); 109(691.88); 110(921.34); 111(522.07); 112(257.81); 113(370.06); 114(294.82); 115(391.98); 116(233.3); 117(600.09); 118(708.54); 119(951.23); 120(966.09); 121(19.71); 122(870.65); 123(337.44); 124(571.27); 125(915.02); 126(587.18); 127(950.14); 128(801.3); 129(431.38); 130(508.54); 131(59.5); 132(110.1); 133(195.39); 134(222.83); 135(325.06); 136(398.2); 137(383.08); 138(793.98); 139(889.81); 140(260.96); 141(117.49); 142(168.43); 143(204.6); 144(379.9); 145(264.76); 146(201.69); 147(943.18); 148(236.03); 149(435.44); 150(592.23); 151(855.46); 152(256.74); 153(57.83); 154(96.58); 155(516.64); 156(991.45); 157(160.18); 158(611.22); 159(590.69); 160(954.68); 161(687.8); 162(331.72); 163(341.01); 164(94.85); 165(642.28); 166(629.94); 167(824.71); 168(726.84); 169(814.06); 170(349.59); 171(462.88); 172(42.76); 173(464.67); 174(619.15); 175(118.24); 176(92.76); 177(937.38); 178(85.44); 179(90.95); 180(796.77); 181(610.77); 182(301.25); 183(354.1); 184(283.06); 185(138.31); 186(422.53); 187(266.87); 188(11.57); 189(300.54); 190(280.26); 191(536.27); 192(729.22); 193(633.57); 194(935.48); 195(159.77); 196(579.16); 197(513.25); 198(160.72); 199(41.3); 200(824.01); 201(795.26); 202(453.72); 203(761.01); 204(869.23); 205(281.59); 206(386.51); 207(278.51); 208(250.19); 209(47.21); 210(530.33); 211(277.22); 212(318.9); 213(132.15); 214(817.25); 215(914.71); 216(293.5); 217(94.01); 218(195.09); 219(462.03); 220(675.36); 221(52.83); 222(299.11); 223(688.67); 224(901.19); 225(428.54); 226(624.14); 227(562.38); 228(22.32); 229(381.34); 230(979.14); 231(426.63); 232(739.87); 233(836.09); 234(264.2); 235(35.37); 236(311.92); 237(682.21); 238(633.61); 239(496.24); 240(838.91); 241(495.87); 242(771.4); 243(273.42); 244(246.45); 245(811.53); 246(338.85); 247(133.32); 248(117.09); 249(972.53); 250(837.78); 251(703.59); 252(536.55); 253(117.16); 254(755.98); 255(889.14); 256(14.27); 257(883.59); 258(188.69); 259(235.56); 260(598.45); 261(29.47); 262(983.97); 263(94.32); 264(132.84); 265(979.29); 266(897.89); 267(587.28); 268(783.04); 269(817.86); 270(240.52); 271(752.93); 272(40.43); 273(31.18); 274(594.76); 275(377.19); 276(478.43); 277(764.78); 278(947.85); 279(109.76); 280(444.1); 281(346.8); 282(65.71); 283(846.02); 284(205.58); 285(386.55); 286(997.93); 287(991.92); 288(77.4); 289(327.65); 290(974.4); 291(588.28); 292(888.75); 293(643.41); 294(819.49); 295(355.64); 296(530.68); 297(800.87); 298(958.87); 299(450.92); 300(731.71); 301(153.41); 302(512.92); 303(706.03); 304(615.91); 305(419.22); 306(351.18); 307(49.75); 308(530.02); 309(680.77); 310(506.2); 311(205.62); 312(255.62); 313(891.01); 314(880.46); 315(32.27); 316(471.21); 317(811.21); 318(244.16); 319(241.32); 320(754.6); 321(16.03); 322(581.35); 323(168.2); 324(550.91); 325(812.13); 326(349.18); 327(727.42); 328(187.87); 329(396.56); 330(703.36); 331(478.15); 332(27.46); 333(149.26); 335(651.78); 336(148.28); 337(687.64); 338(848.8); 339(371.3); 340(800.59); 341(660.49); 342(528.29); 343(283.21); 344(983.67); 345(371.99); 346(118.36); 347(659.16); 348(690.73); 349(583.06); 350(854.89); 351(929.36); 352(520.84); 353(432.92); 354(606.19); 355(703.23); 356(963.11); 357(494.47); 358(969.05); 359(507.87); 360(508.05); 361(18.13); 362(0.12); 363(172.54); 364(936.32); 365(908.25); 366(667.12); 367(900.26); 368(283.52); 369(628.78); 370(107.91); 371(603.61); 372(444.38); 373(691.01); 374(406.63); 375(102.37); 376(177.81); 377(357.94); 378(541.69); 379(131.02); 380(840.15); 381(108.16); 382(782.36); 383(285.13); 384(605.47); 385(692.68); 386(775.34); 387(592.33); 388(752.02); 389(314.73); 390(537.73); 391(627.71); 392(482.31); 393(382.91); 394(98.53); 395(989.43); 396(70.25); 397(977.73); 398(571.49); 399(970.38); 400(794.11); 401(522.46); 402(505.72); 403(234.51); 404(890.87); 405(587.9); 406(496.5); 407(790.03); 408(994.64); 409(37.12); 410(820.91); 411(804.08); 412(722.65); 413(588.28); 414(381.69); 415(594.7); 416(283.3); 417(502.6); 418(303.01); 419(490.89); 420(432.91); 421(864.22); 422(202.37); 423(150.22); 424(877.96); 425(994.32); 426(526.59); 427(596.9); 428(665.88); 429(883.27); 430(261.49); 431(460.08); 432(784.11); 433(255.94); 434(143.44); 435(712.09); 436(884.76); 437(99.28); 438(890.89); 439(602.92); 440(50.63); 441(616.03); 442(412.38); 443(749.6); 444(118.14); 445(28.58); 446(522.72); 447(90.55); 448(119.12); 449(898.18); 450(744.48); 451(603.4); 452(160.28); 453(20.88); 454(370.03); 455(156.05); 456(543.86); 457(21.11); 458(604.59); 459(45.49); 460(144.31); 461(263.04); 462(128.24); 463(598.21); 464(715.01); 465(968.24); 466(524.54); 467(63.91); 468(990.15); 469(793.65); 470(60.57); 471(385.6); 472(157.93); 473(296.62); 474(401.93); 475(911.2); 476(736.12); 477(821.27); 478(735.0); 479(102.76); 480(709.5); 481(858.98); 482(103.8); 483(957.1); 484(440.0); 485(498.56); 486(123.72); 487(746.45); 488(858.12); 489(409.95); 490(388.09); 491(255.52); 492(119.05); 493(123.3); 494(578.03); 495(953.76); 496(384.19); 497(549.27); 498(582.46); 499(612.73),1
335,0(885.16); 1(522.88); 2(674.78); 3(672.84); 4(419.62); 5(889.22); 6(423.94); 7(74.62); 8(101.47); 9(17.42); 10(49.45); 11(978.86); 12(890.97); 13(890.8); 14(150.78); 15(519.63); 16(176.87); 17(804.07); 18(393.55); 19(662.67); 20(406.23); 21(738.52); 22(887.29); 23(905.72); 24(115.53); 25(557.12); 26(870.2); 27(207.08); 28(26.0); 29(851.93); 30(10.63); 31(812.64); 32(308.65); 33(805.11); 34(6.12); 35(319.87); 36(502.33); 37(972.43); 38(675.11); 39(176.14); 40(287.05); 41(25.58); 42(338.56); 43(336.69); 44(168.87); 45(225.77); 46(437.6); 47(649.17); 48(687.44); 49(423.97); 50(565.98); 51(664.02); 52(44.65); 53(90.31); 54(925.79); 55(829.98); 56(143.54); 57(526.85); 58(837.1); 59(162.16); 60(387.45); 61(83.18); 62(946.84); 63(108.77); 64(720.75); 65(779.01); 66(964.23); 67(96.02); 68(735.09); 69(432.06); 70(918.22); 71(828.32); 72(859.31); 73(509.89); 74(981.47); 75(741.21); 76(776.69); 77(611.67); 78(996.15); 79(508.99); 80(529.55); 81(513.77); 82(65.31); 83(524.87); 84(69.71); 85(108.94); 86(636.69); 87(3.68); 88(77.05); 89(703.72); 90(530.99); 91(547.18); 92(267.36); 93(994.7); 94(236.73); 95(926.49); 96(139.39); 97(686.54); 98(63.18); 99(144.23); 100(221.66); 101(500.9); 102(718.73); 103(969.27); 104(788.83); 105(824.58); 106(70.62); 107(772.84); 108(683.63); 109(46.08); 110(938.58); 111(163.25); 112(734.93); 113(214.89); 114(518.51); 115(901.66); 116(352.6); 117(429.39); 118(19.99); 119(980.06); 120(964.4); 121(981.78); 122(621.79); 123(172.18); 124(108.53); 125(293.43); 126(335.51); 127(521.13); 128(52.74); 129(731.04); 130(979.39); 131(502.09); 132(450.78); 133(865.01); 134(627.31); 135(402.38); 136(308.93); 137(276.33); 138(602.34); 139(855.1); 140(579.04); 141(69.4); 142(265.11); 143(429.77); 144(338.31); 145(800.95); 146(857.59); 147(484.36); 148(827.18); 149(822.94); 150(455.12); 151(338.29); 152(793.47); 153(719.7); 154(496.89); 155(914.16); 156(300.13); 157(320.94); 158(258.34); 159(616.06); 160(547.27); 161(753.35); 162(975.7); 163(779.8); 164(282.22); 165(251.32); 166(73.82); 167(758.71); 168(194.36); 169(680.43); 170(229.19); 171(601.71); 172(928.98); 173(538.07); 174(796.26); 175(859.77); 176(756.59); 177(662.11); 178(141.27); 179(825.32); 180(969.91); 181(624.63); 182(987.13); 183(389.9); 184(379.66); 185(564.82); 186(89.99); 187(384.19); 188(312.28); 189(275.15); 190(731.76); 191(962.54); 192(476.66); 193(476.54); 194(580.01); 195(377.35); 196(432.63); 197(246.84); 198(57.1); 199(962.0); 200(34.84); 201(521.14); 202(602.84); 203(365.08); 204(202.66); 205(183.51); 206(71.91); 207(562.0); 208(121.91); 209(987.22); 210(444.31); 211(96.74); 212(253.18); 213(336.74); 214(885.87); 215(40.54); 216(132.91); 217(649.3); 218(351.85); 219(739.32); 220(687.57); 221(875.91); 222(499.0); 223(874.82); 224(563.76); 225(731.77); 226(184.91); 227(0.81); 228(645.97); 229(459.39); 230(650.28); 231(719.2); 232(26.59); 233(452.96); 234(203.82); 235(80.92); 236(208.38); 237(912.66); 238(86.2); 239(448.6); 240(329.81); 241(473.03); 242(35.96); 243(260.92); 244(651.09); 245(857.8); 246(914.65); 247(198.6); 248(893.28); 249(430.41); 250(254.74); 251(486.87); 252(795.56); 253(304.89); 254(648.14); 255(138.43); 256(757.59); 257(610.29); 258(554.3); 259(831.53); 260(245.24); 261(943.06); 262(893.57); 263(416.06); 264(861.05); 265(321.14); 266(578.53); 267(795.76); 268(350.31); 269(481.08); 270(103.79); 271(229.69); 272(792.8); 273(65.7); 274(640.24); 275(325.54); 276(380.76); 277(134.0); 278(954.76); 279(655.98); 280(946.88); 281(941.84); 282(427.17); 283(757.01); 284(882.18); 285(387.58); 286(974.07); 287(524.35); 288(279.35); 289(386.65); 290(306.26); 291(203.56); 292(753.33); 293(534.87); 294(976.65); 295(583.78); 296(895.85); 297(74.34); 298(283.66); 299(807.65); 300(175.97); 301(907.42); 302(298.85); 303(578.18); 304(591.82); 305(591.91); 306(10.69); 307(889.17); 308(408.33); 309(685.62); 310(235.31); 311(423.07); 312(626.79); 313(710.07); 314(554.12); 315(991.82); 316(239.53); 317(617.17); 318(677.73); 319(56.32); 320(349.95); 321(492.21); 322(80.31); 323(600.58); 324(678.74); 325(849.27); 326(810.19); 327(721.63); 328(657.72); 329(778.3); 330(704.26); 331(418.12); 332(458.23); 333(200.19); 334(651.78); 336(623.0); 337(108.03); 338(423.24); 339(533.38); 340(311.22); 341(2.71); 342(789.8); 343(386.82); 344(53.06); 345(299.12); 346(112.44); 347(811.42); 348(194.42); 349(82.42); 350(476.83); 351(61.89); 352(190.54); 353(941.36); 354(181.9); 355(318.46); 356(542.01); 357(276.71); 358(570.06); 359(317.08); 360(911.77); 361(953.06); 362(795.94); 363(773.02); 364(451.77); 365(516.67); 366(865.62); 367(910.16); 368(989.88); 369(413.42); 370(486.62); 371(542.88); 372(476.89); 373(422.64); 374(210.28); 375(819.31); 376(272.03); 377(793.9); 378(14.5); 379(769.73); 380(993.94); 381(709.21); 382(308.33); 383(343.01); 384(17.8); 385(124.16); 386(426.66); 387(433.31); 388(564.84); 389(672.19); 390(205.13); 391(431.94); 392(859.23); 393(424.33); 394(877.82); 395(739.76); 396(78.29); 397(944.45); 398(909.52); 399(186.63); 400(475.71); 401(644.18); 402(666.07); 403(203.21); 404(492.92); 405(683.09); 406(324.74); 407(251.88); 408(578.04); 409(189.72); 410(495.26); 411(144.04); 412(53.28); 413(410.07); 414(178.93); 415(352.41); 416(632.79); 417(238.42); 418(47.85); 419(350.91); 420(590.76); 421(569.88); 422(214.8); 423(385.35); 424(109.18); 425(97.9); 426(866.82); 427(272.08); 428(551.95); 429(324.05); 430(908.85); 431(256.98); 432(779.2); 433(604.78); 434(194.49); 435(480.82); 436(760.32); 437(249.62); 438(234.0); 439(128.3); 440(593.88); 441(252.08); 442(573.06); 443(177.49); 444(800.76); 445(364.83); 446(455.95); 447(265.4); 448(706.81); 449(229.4); 450(85.79); 451(980.84); 452(396.25); 453(660.36); 454(369.93); 455(709.16); 456(916.14); 457(511.33); 458(773.01); 459(724.54); 460(31.08); 461(237.03); 462(103.82); 463(888.91); 464(273.75); 465(717.55); 466(318.21); 467(392.19); 468(720.15); 469(111.11); 470(973.09); 471(88.89); 472(724.01); 473(312.0); 474(479.23); 475(823.77); 476(744.22); 477(527.53); 478(666.09); 479(531.21); 480(725.4); 481(912.78); 482(883.84); 483(156.09); 484(65.27); 485(856.85); 486(769.44); 487(906.9); 488(832.43); 489(868.36); 490(694.17); 491(358.4); 492(863.26); 493(365.92); 494(932.48); 495(698.59); 496(303.86); 497(848.4); 498(166.31); 499(747.89),1
336,0(695.4); 1(505.41); 2(934.13); 3(312.83); 4(744.4); 5(801.39); 6(901.99); 7(776.94); 8(289.49); 9(388.43); 10(477.77); 11(626.5); 12(751.15); 13(436.54); 14(88.87); 15(231.97); 16(440.62); 17(2.36); 18(127.56); 19(481.24); 20(304.56); 21(906.82); 22(793.99); 23(204.46); 24(329.77); 25(782.17); 26(971.2); 27(718.44); 28(483.01); 29(29.99); 30(849.83); 31(464.04); 32(805.59); 33(103.29); 34(433.89); 35(90.34); 36(439.79); 37(102.39); 38(631.32); 39(886.09); 40(435.07); 41(607.86); 42(61.81); 43(427.76); 44(833.43); 45(867.55); 46(276.47); 47(593.02); 48(818.33); 49(64.56); 50(439.26); 51(780.23); 52(122.29); 53(521.67); 54(631.54); 55(356.7); 56(765.07); 57(278.58); 58(711.61); 59(693.38); 60(875.3); 61(823.85); 62(369.9); 63(430.5); 64(902.55); 65(482.83); 66(815.22); 67(650.87); 68(806.52); 69(776.56); 70(821.08); 71(859.05); 72(355.76); 73(573.06); 74(995.17); 75(958.16); 76(946.45); 77(690.06); 78(208.82); 79(972.31); 80(989.75); 81(823.01); 82(757.55); 83(398.45); 84(482.41); 85(549.59); 86(539.08); 87(649.96); 88(463.78); 89(50.57); 90(910.52); 91(145.3); 92(523.3); 93(670.4); 94(944.57); 95(479.86); 96(645.07); 97(637.61); 98(937.86); 99(812.91); 100(569.41); 101(296.1); 102(384.63); 103(591.68); 104(451.7); 105(726.47); 106(410.76); 107(827.87); 108(66.03); 109(476.17); 110(606.25); 111(824.35); 112(520.53); 113(617.22); 114(495.6); 115(649.85); 116(995.13); 117(76.07); 118(906.18); 119(869.3); 120(214.87); 121(257.23); 122(123.79); 123(335.54); 124(943.25); 125(872.6); 126(511.51); 127(542.11); 128(111.24); 129(790.48); 130(769.18); 131(454.67); 132(621.97); 133(355.58); 134(684.78); 135(769.15); 136(519.11); 137(167.26); 138(859.02); 139(580.12); 140(443.11); 141(901.19); 142(972.06); 143(244.7); 144(429.32); 145(485.41); 146(864.26); 147(281.88); 148(780.89); 149(347.85); 150(203.26); 151(72.29); 152(336.79); 153(281.38); 154(929.25); 155(265.09); 156(574.18); 157(733.31); 158(38.48); 159(478.55); 160(909.54); 161(816.29); 162(224.28); 163(334.3); 164(312.38); 165(110.11); 166(696.45); 167(481.46); 168(445.36); 169(975.56); 170(963.5); 171(45.18); 172(698.5); 173(354.89); 174(116.43); 175(592.32); 176(785.14); 177(366.35); 178(935.86); 179(24.86); 180(280.63); 181(963.88); 182(165.88); 183(202.14); 184(884.94); 185(196.87); 186(650.2); 187(827.79); 188(201.19); 189(980.53); 190(156.08); 191(867.73); 192(885.91); 193(752.18); 194(23.02); 195(921.67); 196(170.63); 197(731.24); 198(341.4); 199(74.27); 200(567.0); 201(461.36); 202(985.54); 203(15.47); 204(720.12); 205(448.11); 206(587.88); 207(631.11); 208(462.48); 209(226.85); 210(853.4); 211(277.91); 212(944.12); 213(964.86); 214(603.53); 215(138.86); 216(322.57); 217(906.63); 218(286.99); 219(932.33); 220(152.18); 221(167.85); 222(98.89); 223(735.09); 224(795.36); 225(673.0); 226(66.65); 227(698.08); 228(405.12); 229(911.65); 230(633.06); 231(492.57); 232(614.14); 233(669.5); 234(57.15); 235(512.13); 236(79.17); 237(368.76); 238(203.87); 239(733.87); 240(606.3); 241(225.47); 242(57.41); 243(183.49); 244(723.23); 245(279.54); 246(818.46); 247(633.83); 248(934.6); 249(818.36); 250(709.15); 251(878.89); 252(67.69); 253(111.64); 254(695.92); 255(91.05); 256(278.82); 257(342.41); 258(802.38); 259(238.68); 260(223.14); 261(106.93); 262(14.59); 263(327.04); 264(621.09); 265(538.76); 266(5.02); 267(298.21); 268(62.45); 269(54.84); 270(623.38); 271(476.0); 272(138.32); 273(993.76); 274(244.05); 275(767.62); 276(999.38); 277(980.89); 278(662.39); 279(350.66); 280(505.91); 281(231.09); 282(523.28); 283(630.98); 284(801.6); 285(908.14); 286(679.35); 287(519.75); 288(540.27); 289(62.99); 290(285.51); 291(10.28); 292(789.38); 293(946.79); 294(968.19); 295(929.09); 296(596.33); 297(24.26); 298(449.63); 299(938.53); 300(973.11); 301(865.86); 302(953.32); 303(826.24); 304(166.65); 305(195.91); 306(409.77); 307(299.67); 308(615.81); 309(738.83); 310(780.23); 311(544.0); 312(111.34); 313(862.08); 314(787.2); 315(210.12); 316(135.06); 317(22.01); 318(28.92); 319(402.8); 320(783.26); 321(29.27); 322(22.68); 323(900.53); 324(677.9); 325(645.71); 326(95.49); 327(671.76); 328(97.18); 329(154.26); 330(403.91); 331(710.43); 332(774.24); 333(787.63); 334(148.28); 335(623.0); 337(819.24); 338(244.83); 339(491.02); 340(638.66); 341(820.01); 342(864.6); 343(329.3); 344(421.22); 345(589.96); 346(456.18); 347(533.33); 348(383.57); 349(456.43); 350(952.76); 351(60.53); 352(124.46); 353(27.21); 354(224.55); 355(643.33); 356(448.36); 357(270.79); 358(34.1); 359(844.05); 360(534.92); 361(552.17); 362(92.55); 363(986.64); 364(285.76); 365(290.58); 366(652.34); 367(954.43); 368(333.57); 369(130.89); 370(891.99); 371(546.13); 372(390.19); 373(556.34); 374(120.54); 375(944.77); 376(758.62); 377(695.76); 378(841.41); 379(590.71); 380(346.86); 381(281.96); 382(530.47); 383(246.21); 384(158.3); 385(639.86); 386(107.8); 387(237.03); 388(925.87); 389(287.74); 390(532.28); 391(892.42); 392(796.03); 393(303.6); 394(400.35); 395(196.9); 396(583.65); 397(576.08); 398(655.74); 399(884.09); 400(641.73); 401(112.78); 402(98.34); 403(945.87); 404(432.65); 405(913.73); 406(400.18); 407(4.29); 408(61.77); 409(964.59); 410(277.15); 411(862.34); 412(347.98); 413(86.97); 414(248.47); 415(777.53); 416(186.93); 417(588.49); 418(509.1); 419(680.54); 420(438.56); 421(911.6); 422(628.76); 423(746.5); 424(890.74); 425(602.01); 426(234.44); 427(233.95); 428(437.13); 429(115.98); 430(651.59); 431(918.43); 432(778.47); 433(1.21); 434(4.89); 435(120.55); 436(880.66); 437(590.14); 438(624.51); 439(515.74); 440(739.71); 441(737.73); 442(279.13); 443(253.16); 444(862.42); 445(912.34); 446(853.29); 447(193.36); 448(942.8); 449(398.54); 450(932.99); 451(202.69); 452(453.92); 453(18.64); 454(944.48); 455(947.16); 456(265.69); 457(435.84); 458(256.27); 459(55.56); 460(400.3); 461(195.39); 462(961.61); 463(551.49); 464(376.15); 465(402.98); 466(992.17); 467(351.43); 468(168.7); 469(183.38); 470(718.91); 471(201.33); 472(161.3); 473(964.47); 474(36.93); 475(530.76); 476(256.46); 477(142.64); 478(298.6); 479(392.04); 480(291.65); 481(243.3); 482(603.33); 483(860.51); 484(736.36); 485(224.49); 486(848.56); 487(136.84); 488(381.46); 489(82.22); 490(160.22); 491(675.41); 492(232.53); 493(108.12); 494(197.54); 495(167.18); 496(516.59); 497(430.31); 498(336.06); 499(766.65),1
337,0(42.58); 1(513.38); 2(663.69); 3(423.38); 4(195.1); 5(236.42); 6(871.39); 7(158.49); 8(767.68); 9(408.2); 10(534.64); 11(615.9); 12(15.97); 13(667.22); 14(503.45); 15(44.52); 16(364.07); 17(540.32); 18(341.85); 19(281.31); 20(50.87); 21(927.51); 22(487.04); 23(122.04); 24(690.96); 25(139.91); 26(813.26); 27(324.89); 28(571.23); 29(794.92); 30(339.54); 31(222.47); 32(929.84); 33(629.87); 34(396.71); 35(327.54); 36(106.05); 37(65.29); 38(283.55); 39(861.05); 40(2.29); 41(501.54); 42(909.84); 43(19.46); 44(945.86); 45(458.63); 46(522.56); 47(940.6); 48(826.51); 49(601.65); 50(688.47); 51(922.7); 52(598.29); 53(848.91); 54(162.73); 55(403.32); 56(661.05); 57(711.39); 58(133.69); 59(388.58); 60(891.37); 61(615.61); 62(127.22); 63(447.43); 64(570.34); 65(458.03); 66(377.2); 67(406.96); 68(212.46); 69(66.48); 70(991.48); 71(355.67); 72(808.78); 73(697.38); 74(591.61); 75(102.18); 76(848.18); 77(309.23); 78(497.84); 79(47.07); 80(561.27); 81(71.33); 82(453.2); 83(326.12); 84(80.46); 85(342.59); 86(547.12); 87(46.04); 88(162.06); 89(48.55); 90(732.57); 91(723.09); 92(339.76); 93(852.67); 94(243.03); 95(177.21); 96(165.78); 97(224.59); 98(861.57); 99(747.25); 100(876.14); 101(659.95); 102(354.63); 103(233.53); 104(994.4); 105(844.8); 106(462.3); 107(635.9); 108(266.28); 109(572.36); 110(918.43); 111(925.62); 112(710.51); 113(702.85); 114(761.16); 115(516.64); 116(952.22); 117(550.62); 118(412.99); 119(364.37); 120(261.18); 121(240.86); 122(556.35); 123(555.37); 124(561.05); 125(838.77); 126(0.99); 127(799.38); 128(881.34); 129(795.85); 130(734.43); 131(276.35); 132(836.97); 133(710.02); 134(99.72); 135(601.27); 136(124.5); 137(630.5); 138(187.9); 139(807.8); 140(499.57); 141(431.25); 142(106.18); 143(99.84); 144(704.04); 145(53.27); 146(210.26); 147(875.42); 148(728.66); 149(878.86); 150(995.31); 151(816.22); 152(770.01); 153(601.96); 154(864.39); 155(700.64); 156(357.64); 157(177.19); 158(429.41); 159(119.68); 160(530.33); 161(617.59); 162(76.73); 163(283.45); 164(35.55); 165(656.27); 166(532.17); 167(672.24); 168(327.42); 169(109.08); 170(332.09); 171(474.56); 172(633.66); 173(794.67); 174(629.41); 175(180.86); 176(879.91); 177(969.29); 178(290.66); 179(679.17); 180(87.33); 181(501.32); 182(905.06); 183(510.55); 184(234.52); 185(529.93); 186(882.36); 187(11.46); 188(125.22); 189(710.77); 190(843.35); 191(296.51); 192(557.87); 193(580.21); 194(98.55); 195(743.0); 196(709.4); 197(754.73); 198(821.28); 199(565.28); 200(248.56); 201(644.0); 202(345.24); 203(191.01); 204(75.23); 205(632.36); 206(626.06); 207(216.21); 208(494.62); 209(612.06); 210(888.98); 211(519.61); 212(610.95); 213(947.41); 214(413.95); 215(495.58); 216(453.6); 217(652.4); 218(176.37); 219(869.46); 220(172.89); 221(319.37); 222(35.66); 223(896.62); 224(559.48); 225(147.8); 226(887.35); 227(811.68); 228(447.11); 229(927.04); 230(820.78); 231(982.46); 232(905.43); 233(158.3); 234(836.31); 235(165.85); 236(734.71); 237(669.53); 238(464.55); 239(580.46); 240(659.98); 241(319.55); 242(230.32); 243(561.13); 244(423.1); 245(550.5); 246(124.54); 247(87.39); 248(63.3); 249(386.06); 250(333.23); 251(314.93); 252(84.12); 253(776.2); 254(976.88); 255(354.31); 256(363.82); 257(497.54); 258(199.98); 259(626.75); 260(587.59); 261(223.35); 262(135.12); 263(235.93); 264(843.75); 265(557.96); 266(442.19); 267(135.4); 268(672.26); 269(44.26); 270(219.99); 271(145.36); 272(108.69); 273(804.19); 274(656.57); 275(5.34); 276(599.56); 277(405.24); 278(79.36); 279(567.23); 280(804.62); 281(672.67); 282(40.81); 283(788.79); 284(238.25); 285(466.84); 286(405.49); 287(879.45); 288(955.4); 289(16.88); 290(982.82); 291(383.97); 292(683.96); 293(156.87); 294(701.13); 295(131.11); 296(781.54); 297(374.84); 298(835.12); 299(595.68); 300(874.23); 301(222.34); 302(597.65); 303(502.88); 304(406.82); 305(935.27); 306(3.68); 307(580.39); 308(391.04); 309(969.43); 310(539.91); 311(828.31); 312(502.34); 313(721.01); 314(405.41); 315(26.27); 316(699.61); 317(948.43); 318(805.52); 319(844.14); 320(251.59); 321(960.6); 322(1.27); 323(177.66); 324(579.05); 325(302.54); 326(352.12); 327(89.11); 328(471.57); 329(263.11); 330(832.29); 331(933.86); 332(472.65); 333(406.77); 334(687.64); 335(108.03); 336(819.24); 338(713.47); 339(535.49); 340(47.28); 341(185.84); 342(488.39); 343(658.12); 344(154.92); 345(808.91); 346(129.81); 347(259.53); 348(536.14); 349(431.15); 350(232.26); 351(426.1); 352(866.95); 353(664.88); 354(583.89); 355(978.68); 356(791.51); 357(433.13); 358(826.81); 359(351.53); 360(787.16); 361(991.25); 362(991.58); 363(355.85); 364(220.85); 365(126.89); 366(647.72); 367(231.92); 368(314.54); 369(616.99); 370(954.35); 371(690.43); 372(970.96); 373(936.99); 374(578.01); 375(434.19); 376(349.94); 377(939.77); 378(398.14); 379(630.19); 380(373.02); 381(35.16); 382(2.1); 383(302.93); 384(359.27); 385(212.94); 386(834.5); 387(281.58); 388(969.48); 389(487.99); 390(757.1); 391(230.83); 392(894.38); 393(998.45); 394(99.1); 395(163.38); 396(989.36); 397(357.53); 398(769.75); 399(142.26); 400(217.6); 401(229.85); 402(506.63); 403(586.74); 404(943.64); 405(680.9); 406(845.34); 407(539.49); 408(179.95); 409(831.76); 410(269.62); 411(319.69); 412(100.63); 413(878.19); 414(94.97); 415(785.19); 416(371.38); 417(124.74); 418(852.76); 419(17.98); 420(252.61); 421(326.94); 422(947.87); 423(918.14); 424(384.67); 425(325.9); 426(701.6); 427(438.92); 428(731.18); 429(274.92); 430(673.89); 431(485.41); 432(631.42); 433(858.11); 434(825.93); 435(382.83); 436(167.66); 437(977.25); 438(867.77); 439(525.44); 440(414.51); 441(248.36); 442(350.14); 443(339.65); 444(132.51); 445(886.08); 446(797.67); 447(364.06); 448(443.93); 449(169.92); 450(421.68); 451(225.93); 452(770.02); 453(123.7); 454(345.59); 455(240.82); 456(84.93); 457(478.67); 458(324.6); 459(45.57); 460(729.77); 461(990.02); 462(646.32); 463(75.75); 464(326.25); 465(837.36); 466(986.65); 467(755.03); 468(242.53); 469(536.01); 470(943.9); 471(912.54); 472(561.97); 473(181.91); 474(380.82); 475(927.42); 476(104.97); 477(628.44); 478(776.28); 479(882.93); 480(92.48); 481(259.26); 482(637.3); 483(828.0); 484(670.29); 485(342.9); 486(290.68); 487(706.73); 488(745.02); 489(906.74); 490(676.61); 491(871.63); 492(957.97); 493(167.72); 494(707.18); 495(126.25); 496(59.19); 497(838.32); 498(635.34); 499(782.21),1
338,0(68.63); 1(375.22); 2(42.46); 3(214.73); 4(598.57); 5(589.84); 6(757.15); 7(800.37); 8(89.75); 9(250.89); 10(418.79); 11(366.58); 12(822.69); 13(0.67); 14(207.92); 15(727.41); 16(110.56); 17(784.96); 18(310.19); 19(259.99); 20(422.39); 21(394.68); 22(421.19); 23(277.04); 24(297.29); 25(935.73); 26(113.76); 27(801.21); 28(829.67); 29(429.45); 30(644.62); 31(110.98); 32(88.19); 33(88.88); 34(631.37); 35(742.67); 36(266.17); 37(468.84); 38(92.38); 39(708.46); 40(604.28); 41(756.37); 42(557.24); 43(99.16); 44(54.72); 45(301.71); 46(100.85); 47(343.65); 48(740.38); 49(10.5); 50(294.74); 51(191.2); 52(440.2); 53(864.01); 54(454.33); 55(813.09); 56(800.73); 57(662.01); 58(943.85); 59(295.06); 60(866.52); 61(447.3); 62(931.84); 63(719.27); 64(726.75); 65(821.45); 66(696.88); 67(713.31); 68(358.19); 69(384.79); 70(766.25); 71(179.2); 72(373.55); 73(975.66); 74(41.03); 75(635.58); 76(812.68); 77(891.0); 78(859.52); 79(495.98); 80(152.23); 81(402.58); 82(199.27); 83(65.24); 84(321.98); 85(376.42); 86(867.43); 87(263.64); 88(976.24); 89(599.81); 90(431.7); 91(500.76); 92(585.53); 93(305.22); 94(422.05); 95(202.82); 96(771.4); 97(522.3); 98(55.45); 99(858.49); 100(339.35); 101(203.07); 102(166.13); 103(145.01); 104(212.88); 105(201.73); 106(777.31); 107(711.48); 108(32.76); 109(291.18); 110(933.92); 111(756.54); 112(875.21); 113(951.37); 114(670.6); 115(907.42); 116(912.54); 117(887.5); 118(495.11); 119(673.8); 120(108.81); 121(372.87); 122(823.1); 123(594.79); 124(710.35); 125(286.51); 126(34.33); 127(205.95); 128(123.73); 129(19.19); 130(325.44); 131(62.37); 132(44.6); 133(856.38); 134(47.88); 135(958.5); 136(485.22); 137(523.68); 138(90.41); 139(771.88); 140(664.12); 141(485.53); 142(809.75); 143(466.76); 144(816.54); 145(468.14); 146(481.36); 147(491.33); 148(327.26); 149(887.7); 150(262.04); 151(867.61); 152(823.3); 153(335.55); 154(252.23); 155(411.76); 156(333.78); 157(621.98); 158(122.82); 159(643.65); 160(80.79); 161(798.24); 162(609.63); 163(393.76); 164(303.83); 165(949.08); 166(15.09); 167(555.53); 168(676.24); 169(157.63); 170(42.23); 171(52.22); 172(415.67); 173(26.88); 174(471.81); 175(632.72); 176(356.07); 177(754.28); 178(983.65); 179(651.23); 180(964.17); 181(993.03); 182(311.04); 183(659.24); 184(631.29); 185(575.49); 186(208.81); 187(284.56); 188(150.42); 189(128.73); 190(497.36); 191(666.59); 192(836.29); 193(947.99); 194(847.8); 195(946.65); 196(89.68); 197(921.41); 198(219.02); 199(476.72); 200(143.99); 201(18.76); 202(473.56); 203(110.13); 204(768.21); 205(752.92); 206(716.19); 207(950.02); 208(258.29); 209(918.39); 210(453.03); 211(833.95); 212(85.21); 213(322.02); 214(524.67); 215(745.78); 216(608.04); 217(867.37); 218(273.13); 219(399.51); 220(986.13); 221(815.4); 222(192.8); 223(42.04); 224(478.26); 225(394.5); 226(300.84); 227(518.57); 228(424.49); 229(311.59); 230(253.5); 231(17.11); 232(502.8); 233(747.51); 234(487.21); 235(405.46); 236(50.78); 237(928.75); 238(32.66); 239(372.89); 240(31.74); 241(677.2); 242(652.8); 243(270.26); 244(588.32); 245(816.02); 246(737.35); 247(898.44); 248(628.1); 249(898.49); 250(287.05); 251(893.44); 252(997.17); 253(928.51); 254(175.5); 255(82.34); 256(78.99); 257(348.62); 258(223.89); 259(418.54); 260(365.27); 261(585.53); 262(152.81); 263(309.15); 264(852.25); 265(745.88); 266(42.59); 267(220.4); 268(434.32); 269(106.5); 270(766.13); 271(787.13); 272(802.4); 273(534.49); 274(735.72); 275(61.3); 276(52.82); 277(890.61); 278(578.28); 279(520.47); 280(915.17); 281(68.74); 282(912.35); 283(943.22); 284(610.48); 285(867.6); 286(293.46); 287(791.4); 288(538.32); 289(717.23); 290(832.19); 291(741.99); 292(425.52); 293(96.06); 294(937.67); 295(713.87); 296(933.46); 297(265.93); 298(538.19); 299(365.74); 300(0.21); 301(805.73); 302(506.84); 303(810.61); 304(401.08); 305(869.06); 306(359.84); 307(477.85); 308(320.36); 309(467.16); 310(188.3); 311(421.84); 312(820.85); 313(224.09); 314(676.35); 315(112.93); 316(775.71); 317(68.75); 318(799.5); 319(291.4); 320(818.19); 321(230.75); 322(785.86); 323(627.5); 324(932.37); 325(544.45); 326(516.33); 327(921.07); 328(823.95); 329(22.8); 330(125.27); 331(396.6); 332(812.83); 333(857.39); 334(848.8); 335(423.24); 336(244.83); 337(713.47); 339(978.97); 340(452.1); 341(294.65); 342(409.29); 343(807.22); 344(101.66); 345(989.88); 346(402.46); 347(576.45); 348(898.14); 349(85.52); 350(987.66); 351(735.4); 352(827.33); 353(307.13); 354(830.03); 355(668.92); 356(760.24); 357(111.55); 358(557.46); 359(656.53); 360(342.38); 361(766.06); 362(527.28); 363(653.27); 364(874.87); 365(42.95); 366(313.86); 367(637.56); 368(47.42); 369(368.69); 370(649.2); 371(507.78); 372(368.69); 373(603.47); 374(135.65); 375(667.75); 376(464.56); 377(929.46); 378(986.84); 379(232.38); 380(960.37); 381(830.49); 382(563.34); 383(650.63); 384(223.46); 385(50.32); 386(777.28); 387(944.16); 388(235.47); 389(905.31); 390(276.6); 391(647.47); 392(381.94); 393(447.52); 394(484.05); 395(465.46); 396(460.77); 397(284.36); 398(848.01); 399(333.46); 400(471.21); 401(506.57); 402(394.41); 403(243.83); 404(532.85); 405(163.45); 406(67.5); 407(425.82); 408(475.53); 409(705.24); 410(757.36); 411(765.01); 412(665.86); 413(915.76); 414(267.52); 415(539.01); 416(308.37); 417(715.83); 418(181.9); 419(402.74); 420(127.66); 421(20.65); 422(972.81); 423(731.23); 424(138.74); 425(808.83); 426(315.01); 427(890.24); 428(870.04); 429(264.07); 430(407.63); 431(789.77); 432(669.77); 433(48.36); 434(391.52); 435(480.31); 436(735.22); 437(111.43); 438(334.06); 439(58.82); 440(80.04); 441(905.87); 442(369.89); 443(83.4); 444(696.03); 445(188.61); 446(146.02); 447(146.35); 448(503.03); 449(312.05); 450(926.13); 451(189.26); 452(161.71); 453(860.0); 454(672.84); 455(733.75); 456(529.53); 457(126.64); 458(476.45); 459(686.99); 460(644.01); 461(867.17); 462(841.23); 463(183.14); 464(92.87); 465(931.92); 466(671.75); 467(643.47); 468(728.1); 469(893.5); 470(698.86); 471(342.73); 472(780.84); 473(904.72); 474(666.29); 475(761.03); 476(370.12); 477(529.52); 478(673.45); 479(80.78); 480(157.92); 481(258.32); 482(872.56); 483(5.33); 484(11.54); 485(280.94); 486(998.83); 487(112.75); 488(105.79); 489(859.82); 490(37.28); 491(46.42); 492(642.93); 493(314.89); 494(697.77); 495(309.22); 496(418.1); 497(277.91); 498(425.42); 499(328.9),1
339,0(213.07); 1(800.03); 2(510.31); 3(244.62); 4(433.54); 5(99.66); 6(863.25); 7(494.89); 8(437.81); 9(927.04); 10(904.35); 11(490.42); 12(602.54); 13(269.26); 14(775.66); 15(301.1); 16(433.74); 17(275.01); 18(701.56); 19(510.09); 20(322.97); 21(790.8); 22(58.65); 23(999.92); 24(368.78); 25(652.73); 26(66.17); 27(819.21); 28(968.83); 29(714.69); 30(583.04); 31(487.21); 32(494.71); 33(995.8); 34(65.74); 35(598.68); 36(297.57); 37(712.08); 38(60.05); 39(85.82); 40(352.36); 41(188.6); 42(244.26); 43(36.89); 44(823.1); 45(39.35); 46(315.38); 47(100.2); 48(280.27); 49(444.56); 50(617.04); 51(736.79); 52(482.61); 53(272.4); 54(487.57); 55(949.9); 56(992.8); 57(735.82); 58(850.42); 59(581.71); 60(130.96); 61(383.35); 62(751.98); 63(552.1); 64(220.6); 65(379.49); 66(343.93); 67(288.16); 68(735.13); 69(515.53); 70(448.37); 71(53.88); 72(701.84); 73(187.02); 74(563.15); 75(780.47); 76(323.23); 77(151.28); 78(997.55); 79(677.41); 80(650.3); 81(980.46); 82(349.3); 83(954.63); 84(734.86); 85(685.25); 86(217.5); 87(678.06); 88(467.75); 89(968.41); 90(661.88); 91(315.39); 92(814.02); 93(669.31); 94(47.44); 95(387.32); 96(51.08); 97(470.38); 98(79.5); 99(750.67); 100(263.98); 101(889.27); 102(243.03); 103(88.28); 104(740.08); 105(452.29); 106(249.86); 107(307.78); 108(367.43); 109(506.48); 110(993.83); 111(117.8); 112(180.62); 113(727.81); 114(745.94); 115(982.2); 116(531.68); 117(46.31); 118(612.06); 119(678.91); 120(215.74); 121(498.92); 122(84.39); 123(141.97); 124(469.8); 125(153.27); 126(359.64); 127(500.38); 128(467.3); 129(410.49); 130(774.36); 131(733.69); 132(443.84); 133(141.01); 134(808.44); 135(218.27); 136(651.4); 137(177.78); 138(648.81); 139(474.58); 140(962.29); 141(894.53); 142(398.88); 143(80.67); 144(228.21); 145(566.66); 146(257.58); 147(528.58); 148(550.05); 149(913.92); 150(107.84); 151(875.82); 152(246.86); 153(404.22); 154(904.1); 155(696.05); 156(625.62); 157(423.31); 158(64.58); 159(660.08); 160(632.78); 161(385.22); 162(657.63); 163(174.6); 164(973.52); 165(661.31); 166(177.51); 167(390.65); 168(855.87); 169(87.3); 170(961.79); 171(926.34); 172(82.18); 173(332.54); 174(679.63); 175(464.41); 176(915.58); 177(675.37); 178(636.42); 179(731.42); 180(485.3); 181(577.83); 182(833.99); 183(265.76); 184(550.52); 185(214.95); 186(791.18); 187(83.02); 188(336.2); 189(613.92); 190(30.4); 191(138.63); 192(536.54); 193(755.42); 194(233.55); 195(32.87); 196(713.44); 197(563.86); 198(807.75); 199(795.44); 200(52.01); 201(663.03); 202(49.52); 203(426.58); 204(9.66); 205(852.8); 206(938.36); 207(152.34); 208(596.18); 209(311.31); 210(3.4); 211(389.86); 212(381.7); 213(976.29); 214(619.42); 215(59.02); 216(565.93); 217(899.61); 218(977.6); 219(526.65); 220(46.03); 221(660.03); 222(84.85); 223(974.88); 224(185.52); 225(633.05); 226(607.32); 227(712.1); 228(410.14); 229(586.54); 230(175.11); 231(868.1); 232(491.08); 233(478.27); 234(73.81); 235(107.27); 236(750.81); 237(873.96); 238(741.9); 239(42.9); 240(624.54); 241(649.79); 242(549.54); 243(372.26); 244(560.83); 245(274.29); 246(898.01); 247(314.78); 248(768.71); 249(446.46); 250(572.97); 251(512.01); 252(242.5); 253(986.63); 254(142.08); 255(970.95); 256(529.1); 257(429.45); 258(105.74); 259(895.13); 260(723.31); 261(197.34); 262(185.8); 263(521.53); 264(576.79); 265(453.37); 266(832.97); 267(654.81); 268(624.85); 269(148.42); 270(784.33); 271(650.4); 272(701.54); 273(873.28); 274(703.13); 275(157.42); 276(491.72); 277(15.32); 278(643.98); 279(384.05); 280(389.42); 281(36.75); 282(486.8); 283(583.98); 284(859.73); 285(697.43); 286(71.87); 287(304.19); 288(27.88); 289(722.76); 290(907.72); 291(135.96); 292(532.31); 293(150.77); 294(582.1); 295(992.91); 296(683.52); 297(324.04); 298(157.41); 299(24.46); 300(155.72); 301(566.41); 302(589.0); 303(671.04); 304(140.73); 305(336.69); 306(864.23); 307(831.62); 308(749.15); 309(656.14); 310(554.29); 311(491.11); 312(289.26); 313(923.74); 314(271.48); 315(674.53); 316(547.58); 317(257.94); 318(972.98); 319(227.87); 320(633.57); 321(882.55); 322(484.53); 323(203.16); 324(287.11); 325(555.38); 326(752.65); 327(363.93); 328(31.02); 329(951.85); 330(55.81); 331(916.46); 332(615.02); 333(518.97); 334(371.3); 335(533.38); 336(491.02); 337(535.49); 338(978.97); 340(373.13); 341(116.02); 342(794.12); 343(587.12); 344(503.46); 345(590.84); 346(709.9); 347(16.0); 348(177.03); 349(351.7); 350(965.08); 351(903.66); 352(606.01); 353(12.23); 354(5.46); 355(507.23); 356(73.41); 357(502.43); 358(408.82); 359(752.02); 360(930.97); 361(75.53); 362(773.26); 363(194.91); 364(849.59); 365(77.13); 366(744.86); 367(56.67); 368(525.43); 369(805.64); 370(344.41); 371(349.9); 372(204.41); 373(238.1); 374(366.46); 375(671.52); 376(7.76); 377(596.7); 378(3.0); 379(760.4); 380(423.54); 381(424.98); 382(164.72); 383(945.58); 384(898.9); 385(889.92); 386(803.38); 387(323.33); 388(504.78); 389(530.01); 390(693.99); 391(340.69); 392(664.42); 393(374.31); 394(375.93); 395(227.04); 396(540.65); 397(999.74); 398(175.06); 399(25.58); 400(444.77); 401(940.96); 402(875.5); 403(699.39); 404(82.62); 405(985.93); 406(633.31); 407(769.53); 408(146.78); 409(324.73); 410(498.88); 411(710.2); 412(3.92); 413(806.25); 414(572.07); 415(878.2); 416(28.07); 417(342.26); 418(834.42); 419(572.42); 420(258.4); 421(837.29); 422(194.43); 423(523.51); 424(18.38); 425(159.5); 426(169.97); 427(81.31); 428(182.22); 429(46.22); 430(383.22); 431(514.24); 432(828.62); 433(547.2); 434(410.3); 435(691.21); 436(848.54); 437(634.42); 438(934.98); 439(208.07); 440(701.19); 441(466.09); 442(160.75); 443(556.17); 444(862.01); 445(14.24); 446(202.71); 447(564.91); 448(114.42); 449(54.15); 450(148.21); 451(912.28); 452(297.06); 453(673.82); 454(477.16); 455(206.19); 456(619.91); 457(565.48); 458(619.59); 459(884.85); 460(211.67); 461(189.82); 462(266.57); 463(424.5); 464(5.77); 465(637.93); 466(269.36); 467(693.45); 468(484.09); 469(711.16); 470(315.62); 471(397.53); 472(6.8); 473(393.6); 474(364.63); 475(396.69); 476(910.3); 477(742.86); 478(726.63); 479(8.02); 480(266.98); 481(390.81); 482(531.61); 483(342.27); 484(865.93); 485(864.2); 486(981.44); 487(608.98); 488(895.71); 489(310.88); 490(185.13); 491(810.11); 492(275.2); 493(816.23); 494(35.3); 495(306.51); 496(790.63); 497(773.04); 498(896.34); 499(702.26),1
340,0(991.88); 1(901.97); 2(628.56); 3(761.54); 4(511.89); 5(34.97); 6(852.55); 7(101.81); 8(508.19); 9(844.03); 10(411.39); 11(955.11); 12(421.84); 13(750.82); 14(591.6); 15(692.2); 16(701.94); 17(728.38); 18(169.81); 19(905.26); 20(5.11); 21(901.7); 22(698.5); 23(95.86); 24(395.2); 25(627.51); 26(553.95); 27(160.41); 28(987.74); 29(910.73); 30(231.15); 31(109.24); 32(103.6); 33(538.63); 34(512.67); 35(694.49); 36(110.58); 37(415.89); 38(379.41); 39(936.9); 40(139.88); 41(18.38); 42(697.63); 43(392.96); 44(903.64); 45(127.68); 46(523.69); 47(210.85); 48(286.28); 49(70.16); 50(712.13); 51(830.06); 52(58.15); 53(346.62); 54(85.81); 55(208.35); 56(249.27); 57(339.37); 58(932.55); 59(829.27); 60(92.75); 61(666.11); 62(432.0); 63(397.09); 64(933.32); 65(485.83); 66(352.36); 67(640.95); 68(161.38); 69(720.01); 70(78.09); 71(734.49); 72(450.39); 73(542.7); 74(740.88); 75(422.31); 76(941.54); 77(621.98); 78(432.61); 79(636.66); 80(60.76); 81(505.75); 82(151.83); 83(885.86); 84(317.81); 85(114.12); 86(726.82); 87(153.8); 88(398.48); 89(814.48); 90(181.65); 91(402.71); 92(693.82); 93(449.53); 94(456.53); 95(143.58); 96(313.78); 97(729.93); 98(637.64); 99(562.0); 100(497.31); 101(546.82); 102(759.01); 103(207.16); 104(811.47); 105(657.04); 106(167.02); 107(901.66); 108(55.29); 109(919.96); 110(984.14); 111(355.39); 112(4.47); 113(7.48); 114(19.97); 115(139.09); 116(192.05); 117(551.25); 118(374.22); 119(420.82); 120(805.89); 121(602.34); 122(889.76); 123(188.64); 124(890.87); 125(570.13); 126(34.44); 127(861.91); 128(886.18); 129(948.35); 130(904.92); 131(244.38); 132(960.84); 133(563.09); 134(18.31); 135(277.78); 136(686.32); 137(701.66); 138(469.15); 139(17.65); 140(733.11); 141(357.01); 142(266.6); 143(976.87); 144(652.26); 145(186.36); 146(344.31); 147(902.73); 148(973.63); 149(614.69); 150(208.21); 151(546.96); 152(72.15); 153(785.75); 154(621.69); 155(296.82); 156(257.1); 157(612.03); 158(554.53); 159(848.91); 160(708.08); 161(809.2); 162(967.47); 163(217.34); 164(961.63); 165(533.46); 166(573.76); 167(353.07); 168(627.03); 169(739.9); 170(364.07); 171(911.74); 172(192.56); 173(980.84); 174(60.75); 175(12.35); 176(323.67); 177(433.07); 178(707.99); 179(870.34); 180(987.52); 181(372.65); 182(830.29); 183(304.53); 184(25.9); 185(670.41); 186(470.84); 187(416.74); 188(909.5); 189(429.69); 190(915.73); 191(360.25); 192(482.13); 193(690.31); 194(582.77); 195(759.75); 196(363.47); 197(337.92); 198(28.55); 199(448.11); 200(573.61); 201(445.47); 202(211.08); 203(408.66); 204(624.62); 205(416.09); 206(486.5); 207(969.58); 208(887.84); 209(498.5); 210(647.4); 211(402.05); 212(448.29); 213(662.3); 214(423.45); 215(467.42); 216(601.48); 217(23.68); 218(209.97); 219(207.79); 220(805.78); 221(392.9); 222(308.27); 223(776.27); 224(843.97); 225(443.97); 226(397.46); 227(916.51); 228(324.6); 229(726.07); 230(876.24); 231(783.14); 232(879.08); 233(404.74); 234(35.86); 235(286.55); 236(643.39); 237(415.53); 238(353.31); 239(790.01); 240(135.81); 241(31.39); 242(299.22); 243(650.42); 244(921.72); 245(413.84); 246(315.88); 247(384.48); 248(545.45); 249(306.88); 250(556.2); 251(584.98); 252(519.5); 253(538.82); 254(243.63); 255(13.63); 256(884.47); 257(736.37); 258(723.87); 259(68.94); 260(27.51); 261(736.29); 262(487.09); 263(604.37); 264(538.6); 265(974.26); 266(74.9); 267(534.17); 268(301.52); 269(379.69); 270(895.15); 271(767.44); 272(117.3); 273(45.44); 274(139.01); 275(668.03); 276(960.41); 277(235.78); 278(476.2); 279(676.82); 280(37.28); 281(12.27); 282(930.79); 283(544.34); 284(696.25); 285(528.37); 286(630.04); 287(158.16); 288(847.2); 289(803.92); 290(5.65); 291(712.29); 292(352.68); 293(414.99); 294(193.45); 295(512.06); 296(89.16); 297(966.21); 298(138.94); 299(155.6); 300(263.58); 301(582.19); 302(221.48); 303(567.27); 304(197.94); 305(691.6); 306(419.34); 307(295.94); 308(85.13); 309(806.81); 310(860.68); 311(642.47); 312(783.4); 313(406.2); 314(365.77); 315(921.69); 316(817.21); 317(997.6); 318(160.64); 319(960.42); 320(460.57); 321(106.61); 322(627.1); 323(811.6); 324(112.15); 325(612.44); 326(758.64); 327(118.77); 328(120.82); 329(502.32); 330(435.92); 331(576.26); 332(719.88); 333(136.0); 334(800.59); 335(311.22); 336(638.66); 337(47.28); 338(452.1); 339(373.13); 341(316.25); 342(413.8); 343(788.8); 344(840.67); 345(330.2); 346(943.57); 347(788.79); 348(253.15); 349(508.72); 350(582.1); 351(36.43); 352(43.94); 353(617.29); 354(947.33); 355(641.24); 356(547.52); 357(683.4); 358(798.26); 359(507.92); 360(248.81); 361(853.24); 362(769.71); 363(854.75); 364(938.8); 365(389.8); 366(309.68); 367(549.03); 368(78.69); 369(553.79); 370(983.22); 371(716.14); 372(380.04); 373(983.13); 374(648.57); 375(510.92); 376(653.18); 377(751.8); 378(504.95); 379(44.63); 380(587.19); 381(675.05); 382(226.59); 383(877.67); 384(203.77); 385(968.36); 386(608.49); 387(507.74); 388(107.09); 389(618.11); 390(874.27); 391(448.03); 392(150.07); 393(666.62); 394(381.66); 395(592.71); 396(399.38); 397(759.75); 398(713.12); 399(80.42); 400(884.21); 401(376.77); 402(20.98); 403(628.35); 404(737.21); 405(432.61); 406(883.76); 407(406.58); 408(138.08); 409(547.16); 410(725.96); 411(769.45); 412(352.02); 413(417.57); 414(432.93); 415(972.29); 416(406.12); 417(800.85); 418(342.42); 419(133.62); 420(329.38); 421(631.86); 422(750.82); 423(332.25); 424(260.67); 425(486.01); 426(21.45); 427(181.78); 428(595.05); 429(292.2); 430(28.29); 431(776.41); 432(92.3); 433(29.23); 434(647.71); 435(807.96); 436(779.41); 437(910.74); 438(130.32); 439(785.44); 440(609.26); 441(367.68); 442(779.88); 443(906.64); 444(598.01); 445(474.03); 446(687.22); 447(854.23); 448(447.38); 449(709.14); 450(22.03); 451(972.62); 452(53.56); 453(838.13); 454(253.55); 455(280.9); 456(132.5); 457(504.87); 458(872.89); 459(382.13); 460(290.36); 461(242.18); 462(955.2); 463(658.02); 464(685.32); 465(187.31); 466(12.38); 467(796.49); 468(551.82); 469(297.22); 470(363.74); 471(826.09); 472(410.08); 473(816.73); 474(891.1); 475(701.79); 476(576.24); 477(26.47); 478(71.14); 479(702.01); 480(1.73); 481(489.58); 482(422.13); 483(290.33); 484(994.69); 485(566.17); 486(678.47); 487(559.78); 488(778.48); 489(222.89); 490(593.29); 491(819.2); 492(425.34); 493(637.74); 494(177.81); 495(627.58); 496(782.13); 497(890.56); 498(669.83); 499(260.76),1
341,0(97.97); 1(479.93); 2(293.34); 3(707.48); 4(349.78); 5(612.74); 6(774.7); 7(197.25); 8(110.57); 9(612.63); 10(197.35); 11(879.68); 12(697.59); 13(343.46); 14(683.54); 15(152.4); 16(661.56); 17(977.16); 18(512.3); 19(251.88); 20(857.53); 21(930.8); 22(122.41); 23(907.31); 24(663.34); 25(281.87); 26(615.15); 27(912.7); 28(875.35); 29(548.82); 30(21.7); 31(176.75); 32(541.67); 33(407.96); 34(602.51); 35(349.11); 36(902.31); 37(75.71); 38(485.16); 39(513.92); 40(985.43); 41(596.57); 42(958.86); 43(210.47); 44(844.0); 45(664.32); 46(950.03); 47(164.64); 48(886.07); 49(655.09); 50(232.88); 51(697.51); 52(955.87); 53(10.26); 54(323.16); 55(433.8); 56(727.14); 57(390.62); 58(52.91); 59(358.2); 60(239.56); 61(491.02); 62(647.14); 63(796.94); 64(298.84); 65(468.25); 66(774.54); 67(224.24); 68(387.9); 69(367.94); 70(190.1); 71(707.74); 72(21.8); 73(353.12); 74(599.94); 75(949.59); 76(458.39); 77(884.15); 78(317.79); 79(348.02); 80(281.14); 81(486.81); 82(222.61); 83(595.65); 84(710.13); 85(734.77); 86(621.05); 87(398.41); 88(655.6); 89(716.8); 90(7.83); 91(730.65); 92(29.86); 93(153.74); 94(795.72); 95(889.09); 96(674.64); 97(247.99); 98(121.27); 99(127.19); 100(461.75); 101(612.01); 102(207.42); 103(432.78); 104(198.81); 105(595.78); 106(343.17); 107(317.93); 108(320.0); 109(671.51); 110(71.71); 111(913.78); 112(464.2); 113(72.93); 114(445.47); 115(608.39); 116(899.56); 117(905.38); 118(290.29); 119(795.04); 120(720.28); 121(991.93); 122(278.98); 123(754.58); 124(881.37); 125(944.7); 126(577.17); 127(817.11); 128(579.09); 129(542.82); 130(230.86); 131(64.38); 132(424.34); 133(240.26); 134(99.55); 135(909.41); 136(160.72); 137(97.34); 138(162.92); 139(612.58); 140(753.55); 141(474.23); 142(760.72); 143(121.33); 144(993.28); 145(21.08); 146(140.6); 147(781.78); 148(526.28); 149(298.16); 150(427.41); 151(342.19); 152(293.26); 153(554.93); 154(764.32); 155(832.19); 156(358.12); 157(850.93); 158(538.79); 159(579.45); 160(525.61); 161(268.67); 162(802.48); 163(451.03); 164(618.93); 165(874.71); 166(461.89); 167(680.11); 168(623.2); 169(819.21); 170(821.25); 171(518.14); 172(450.35); 173(709.14); 174(518.06); 175(350.57); 176(613.65); 177(973.53); 178(54.93); 179(960.61); 180(808.47); 181(324.65); 182(490.88); 183(98.82); 184(644.67); 185(423.88); 186(226.92); 187(568.96); 188(269.26); 189(893.21); 190(490.38); 191(47.94); 192(663.86); 193(557.6); 194(688.63); 195(306.6); 196(873.94); 197(754.92); 198(559.35); 199(58.02); 200(872.82); 201(482.24); 202(710.03); 203(144.99); 204(729.34); 205(493.5); 206(840.5); 207(573.11); 208(868.9); 209(542.34); 210(982.83); 211(966.87); 212(136.9); 213(230.14); 214(377.48); 215(838.92); 216(880.48); 217(412.93); 218(119.44); 219(215.42); 220(349.43); 221(811.75); 222(604.21); 223(68.27); 224(323.29); 225(152.22); 226(54.3); 227(225.8); 228(241.27); 229(321.53); 230(276.44); 231(442.09); 232(559.54); 233(927.52); 234(631.69); 235(849.99); 236(688.75); 237(187.26); 238(784.26); 239(640.39); 240(147.27); 241(897.34); 242(765.81); 243(392.05); 244(857.94); 245(60.35); 246(742.13); 247(305.52); 248(738.17); 249(421.55); 250(746.67); 251(757.5); 252(217.48); 253(885.48); 254(505.66); 255(730.52); 256(900.72); 257(637.0); 258(472.38); 259(40.33); 260(645.98); 261(842.69); 262(743.85); 263(526.39); 264(956.0); 265(281.9); 266(399.93); 267(775.86); 268(886.0); 269(359.1); 270(949.62); 271(280.42); 272(236.77); 273(130.99); 274(57.43); 275(23.82); 276(787.75); 277(188.26); 278(322.33); 279(849.79); 280(886.41); 281(225.62); 282(587.11); 283(919.47); 284(743.78); 285(501.0); 286(373.29); 287(217.78); 288(1.38); 289(32.39); 290(793.46); 291(682.56); 292(47.83); 293(715.71); 294(101.17); 295(303.16); 296(728.15); 297(564.45); 298(238.33); 299(161.27); 300(120.79); 301(305.23); 302(616.03); 303(764.97); 304(951.87); 305(335.87); 306(330.58); 307(300.19); 308(425.61); 309(479.43); 310(884.32); 311(756.86); 312(903.26); 313(730.83); 314(623.15); 315(646.5); 316(198.69); 317(826.77); 318(191.09); 319(27.31); 320(58.6); 321(13.52); 322(117.41); 323(871.49); 324(835.15); 325(225.74); 326(121.84); 327(852.35); 328(870.1); 329(137.21); 330(779.67); 331(462.1); 332(244.93); 333(491.42); 334(660.49); 335(2.71); 336(820.01); 337(185.84); 338(294.65); 339(116.02); 340(316.25); 342(439.82); 343(630.63); 344(455.84); 345(135.06); 346(706.76); 347(16.53); 348(138.87); 349(341.82); 350(948.13); 351(570.57); 352(930.03); 353(91.03); 354(396.35); 355(231.05); 356(59.89); 357(835.66); 358(231.3); 359(888.47); 360(735.18); 361(294.11); 362(167.79); 363(499.6); 364(195.41); 365(664.57); 366(953.06); 367(963.45); 368(364.87); 369(268.42); 370(104.91); 371(847.29); 372(64.89); 373(796.75); 374(601.05); 375(972.53); 376(455.29); 377(936.1); 378(484.3); 379(858.12); 380(874.16); 381(464.53); 382(373.88); 383(418.89); 384(462.7); 385(969.69); 386(406.58); 387(600.65); 388(681.28); 389(317.73); 390(414.53); 391(959.61); 392(253.84); 393(1.86); 394(128.73); 395(177.24); 396(85.04); 397(457.52); 398(838.96); 399(468.09); 400(181.76); 401(913.05); 402(556.51); 403(897.13); 404(868.47); 405(100.02); 406(3.84); 407(12.04); 408(420.52); 409(200.77); 410(548.17); 411(715.27); 412(546.98); 413(206.47); 414(84.21); 415(776.27); 416(48.42); 417(403.15); 418(288.51); 419(574.02); 420(704.67); 421(328.63); 422(261.92); 423(314.92); 424(326.59); 425(230.21); 426(201.5); 427(293.74); 428(862.44); 429(811.91); 430(71.94); 431(761.55); 432(499.38); 433(356.63); 434(955.29); 435(27.52); 436(736.45); 437(435.6); 438(634.32); 439(973.89); 440(142.0); 441(820.51); 442(954.52); 443(28.65); 444(235.79); 445(259.19); 446(467.69); 447(667.67); 448(709.82); 449(542.92); 450(661.45); 451(230.38); 452(943.72); 453(997.9); 454(998.88); 455(665.58); 456(632.57); 457(928.2); 458(115.43); 459(614.12); 460(652.85); 461(373.87); 462(68.6); 463(73.37); 464(341.63); 465(916.46); 466(702.52); 467(186.02); 468(985.36); 469(164.23); 470(18.9); 471(385.92); 472(388.58); 473(908.15); 474(708.53); 475(487.25); 476(512.93); 477(42.27); 478(948.47); 479(499.12); 480(386.77); 481(960.96); 482(166.12); 483(600.08); 484(186.37); 485(499.07); 486(488.49); 487(272.54); 488(636.39); 489(391.47); 490(653.18); 491(926.62); 492(429.12); 493(860.12); 494(792.19); 495(568.04); 496(609.38); 497(697.32); 498(130.19); 499(667.57),1
342,0(411.25); 1(720.39); 2(71.87); 3(982.18); 4(122.58); 5(371.64); 6(520.74); 7(442.3); 8(190.65); 9(266.42); 10(409.6); 11(164.21); 12(245.24); 13(855.07); 14(854.14); 15(933.38); 16(254.85); 17(217.43); 18(460.6); 19(373.93); 20(44.78); 21(42.21); 22(928.27); 23(58.27); 24(874.9); 25(251.73); 26(49.48); 27(743.62); 28(662.02); 29(853.71); 30(201.99); 31(934.4); 32(998.81); 33(847.87); 34(541.16); 35(955.14); 36(803.92); 37(934.96); 38(378.97); 39(839.97); 40(576.25); 41(637.08); 42(291.44); 43(760.55); 44(734.8); 45(407.9); 46(792.87); 47(50.79); 48(931.11); 49(467.01); 50(800.82); 51(247.0); 52(160.34); 53(83.38); 54(942.46); 55(662.21); 56(158.97); 57(560.45); 58(630.76); 59(676.64); 60(927.99); 61(456.35); 62(876.72); 63(775.45); 64(201.59); 65(672.31); 66(293.38); 67(222.78); 68(737.08); 69(198.14); 70(745.96); 71(89.39); 72(610.12); 73(554.82); 74(745.76); 75(300.68); 76(792.5); 77(452.88); 78(802.66); 79(518.41); 80(896.89); 81(803.21); 82(127.28); 83(983.83); 84(361.78); 85(170.57); 86(399.97); 87(125.63); 88(619.55); 89(956.65); 90(533.96); 91(348.62); 92(454.49); 93(537.19); 94(155.78); 95(547.55); 96(830.6); 97(418.17); 98(813.36); 99(338.13); 100(282.99); 101(800.33); 102(989.29); 103(339.85); 104(627.36); 105(457.96); 106(383.53); 107(969.0); 108(181.75); 109(305.08); 110(490.41); 111(201.96); 112(696.43); 113(94.77); 114(32.54); 115(366.15); 116(350.71); 117(154.01); 118(79.12); 119(224.18); 120(306.4); 121(733.14); 122(528.44); 123(455.78); 124(800.95); 125(608.49); 126(488.99); 127(476.04); 128(689.1); 129(605.75); 130(604.24); 131(43.69); 132(756.97); 133(81.1); 134(23.06); 135(635.79); 136(619.66); 137(472.92); 138(306.68); 139(406.69); 140(138.41); 141(405.28); 142(812.35); 143(233.46); 144(992.33); 145(229.91); 146(415.04); 147(853.7); 148(520.28); 149(318.42); 150(227.73); 151(0.06); 152(160.78); 153(430.73); 154(518.48); 155(519.47); 156(212.65); 157(58.55); 158(413.09); 159(349.22); 160(996.44); 161(321.05); 162(718.94); 163(906.0); 164(60.43); 165(16.18); 166(181.43); 167(816.73); 168(230.94); 169(843.01); 170(856.72); 171(21.58); 172(753.45); 173(323.4); 174(918.19); 175(529.83); 176(785.62); 177(376.28); 178(642.79); 179(733.81); 180(876.66); 181(297.11); 182(905.64); 183(450.37); 184(257.67); 185(574.34); 186(105.37); 187(991.94); 188(982.78); 189(698.01); 190(810.15); 191(796.1); 192(258.3); 193(902.32); 194(54.83); 195(798.32); 196(291.94); 197(587.78); 198(599.69); 199(363.96); 200(693.75); 201(331.6); 202(698.78); 203(661.63); 204(520.58); 205(156.15); 206(598.11); 207(997.16); 208(269.11); 209(751.11); 210(54.7); 211(587.24); 212(135.38); 213(29.09); 214(586.42); 215(157.19); 216(737.22); 217(274.2); 218(229.16); 219(577.57); 220(803.48); 221(956.73); 222(78.18); 223(802.68); 224(159.56); 225(437.76); 226(796.12); 227(16.24); 228(90.4); 229(281.14); 230(572.53); 231(683.93); 232(789.7); 233(729.67); 234(323.53); 235(399.88); 236(295.68); 237(144.63); 238(513.88); 239(445.14); 240(691.94); 241(589.06); 242(575.05); 243(595.09); 244(433.49); 245(887.08); 246(935.72); 247(641.44); 248(379.07); 249(307.83); 250(449.99); 251(815.52); 252(394.63); 253(775.69); 254(296.85); 255(930.02); 256(832.99); 257(906.28); 258(655.93); 259(371.09); 260(399.37); 261(52.71); 262(488.69); 263(64.03); 264(516.24); 265(542.25); 266(138.74); 267(610.93); 268(335.71); 269(370.56); 270(249.98); 271(497.48); 272(688.94); 273(600.29); 274(438.59); 275(884.37); 276(83.73); 277(273.17); 278(669.76); 279(997.43); 280(740.68); 281(254.77); 282(522.39); 283(592.78); 284(868.7); 285(666.61); 286(891.21); 287(323.33); 288(61.46); 289(826.62); 290(940.4); 291(340.21); 292(574.1); 293(667.51); 294(103.05); 295(29.52); 296(138.28); 297(326.46); 298(620.47); 299(48.48); 300(920.78); 301(187.77); 302(243.99); 303(428.89); 304(970.84); 305(833.94); 306(835.97); 307(850.95); 308(334.32); 309(543.12); 310(606.24); 311(46.7); 312(100.89); 313(95.04); 314(859.85); 315(47.12); 316(751.87); 317(492.53); 318(363.58); 319(574.94); 320(589.91); 321(787.22); 322(915.92); 323(360.11); 324(952.31); 325(806.13); 326(234.8); 327(946.04); 328(299.49); 329(185.38); 330(399.86); 331(551.37); 332(393.8); 333(751.45); 334(528.29); 335(789.8); 336(864.6); 337(488.39); 338(409.29); 339(794.12); 340(413.8); 341(439.82); 343(148.24); 344(487.0); 345(38.02); 346(817.64); 347(947.54); 348(65.06); 349(983.64); 350(657.47); 351(676.13); 352(166.82); 353(815.81); 354(276.66); 355(916.8); 356(12.62); 357(43.79); 358(98.87); 359(849.84); 360(568.05); 361(257.34); 362(811.7); 363(199.68); 364(844.89); 365(941.63); 366(512.23); 367(827.0); 368(533.77); 369(780.24); 370(43.97); 371(424.53); 372(205.32); 373(772.65); 374(816.95); 375(338.23); 376(570.77); 377(284.49); 378(922.18); 379(576.39); 380(666.21); 381(576.69); 382(972.9); 383(60.39); 384(603.47); 385(811.47); 386(323.37); 387(743.39); 388(614.67); 389(753.47); 390(762.1); 391(958.11); 392(659.87); 393(174.62); 394(207.31); 395(718.6); 396(755.41); 397(987.45); 398(494.32); 399(958.17); 400(302.43); 401(682.91); 402(2.45); 403(253.78); 404(949.1); 405(824.23); 406(451.74); 407(963.01); 408(584.29); 409(816.39); 410(359.04); 411(177.57); 412(439.2); 413(142.47); 414(326.67); 415(333.57); 416(510.64); 417(765.28); 418(724.87); 419(579.3); 420(899.67); 421(387.43); 422(401.22); 423(725.03); 424(642.54); 425(724.0); 426(182.67); 427(226.47); 428(830.12); 429(510.47); 430(674.45); 431(944.16); 432(678.22); 433(779.34); 434(398.07); 435(9.67); 436(477.93); 437(90.36); 438(652.6); 439(207.77); 440(104.12); 441(634.5); 442(276.09); 443(175.39); 444(976.04); 445(146.11); 446(800.07); 447(839.57); 448(312.23); 449(538.02); 450(372.75); 451(666.64); 452(489.24); 453(980.67); 454(229.6); 455(898.41); 456(404.27); 457(372.63); 458(613.17); 459(23.79); 460(509.52); 461(951.79); 462(226.03); 463(557.06); 464(330.34); 465(571.65); 466(565.61); 467(440.71); 468(491.95); 469(234.37); 470(326.55); 471(922.68); 472(327.73); 473(716.8); 474(150.17); 475(447.98); 476(567.41); 477(884.92); 478(348.01); 479(931.2); 480(975.42); 481(730.27); 482(45.83); 483(948.8); 484(592.66); 485(246.13); 486(481.4); 487(267.66); 488(37.86); 489(143.05); 490(53.73); 491(65.09); 492(504.24); 493(532.29); 494(127.65); 495(477.88); 496(27.03); 497(571.5); 498(158.74); 499(792.77),1
343,0(52.91); 1(356.02); 2(661.21); 3(904.59); 4(909.96); 5(333.21); 6(700.68); 7(333.28); 8(986.12); 9(145.44); 10(125.19); 11(127.39); 12(80.85); 13(820.98); 14(525.3); 15(197.06); 16(247.33); 17(749.06); 18(602.36); 19(358.99); 20(21.86); 21(113.13); 22(740.09); 23(680.67); 24(463.12); 25(126.15); 26(557.7); 27(552.96); 28(718.11); 29(849.92); 30(260.01); 31(683.56); 32(616.32); 33(479.98); 34(397.77); 35(712.46); 36(554.04); 37(137.24); 38(804.87); 39(841.98); 40(521.91); 41(577.95); 42(525.19); 43(370.71); 44(999.68); 45(572.94); 46(931.31); 47(933.84); 48(429.38); 49(5.92); 50(226.35); 51(189.67); 52(973.99); 53(933.34); 54(7.8); 55(156.16); 56(391.18); 57(297.62); 58(702.87); 59(848.46); 60(656.99); 61(858.4); 62(625.32); 63(460.81); 64(891.66); 65(298.59); 66(345.53); 67(811.09); 68(651.81); 69(819.04); 70(604.12); 71(661.36); 72(205.01); 73(287.16); 74(466.58); 75(784.37); 76(828.94); 77(9.05); 78(801.71); 79(668.41); 80(491.1); 81(743.65); 82(849.73); 83(674.07); 84(951.22); 85(585.87); 86(588.59); 87(973.06); 88(327.87); 89(546.62); 90(622.18); 91(628.34); 92(701.78); 93(13.88); 94(743.92); 95(37.85); 96(241.39); 97(544.27); 98(982.6); 99(167.46); 100(208.55); 101(458.3); 102(542.39); 103(763.88); 104(378.4); 105(912.81); 106(925.58); 107(44.73); 108(752.36); 109(991.67); 110(329.48); 111(386.94); 112(852.64); 113(484.61); 114(127.76); 115(845.18); 116(883.36); 117(971.78); 118(127.03); 119(176.31); 120(585.09); 121(25.69); 122(274.88); 123(479.2); 124(987.98); 125(455.85); 126(736.37); 127(65.24); 128(514.19); 129(454.06); 130(326.72); 131(501.64); 132(698.66); 133(109.3); 134(207.6); 135(446.14); 136(538.78); 137(862.95); 138(549.23); 139(131.55); 140(846.3); 141(529.94); 142(840.77); 143(186.15); 144(799.64); 145(164.24); 146(991.61); 147(933.85); 148(374.55); 149(542.9); 150(692.45); 151(4.35); 152(642.48); 153(31.48); 154(239.52); 155(149.03); 156(195.77); 157(881.64); 158(725.4); 159(213.85); 160(342.21); 161(681.4); 162(438.88); 163(817.89); 164(808.31); 165(477.9); 166(183.94); 167(538.71); 168(455.94); 169(827.87); 170(28.89); 171(184.26); 172(627.72); 173(701.22); 174(110.19); 175(182.88); 176(17.49); 177(313.05); 178(390.63); 179(391.92); 180(305.98); 181(100.82); 182(68.37); 183(207.92); 184(480.45); 185(742.8); 186(713.12); 187(952.06); 188(967.25); 189(291.36); 190(730.52); 191(85.97); 192(13.7); 193(422.7); 194(107.3); 195(515.06); 196(996.92); 197(113.13); 198(331.88); 199(163.55); 200(175.13); 201(339.71); 202(642.37); 203(162.15); 204(781.72); 205(941.42); 206(139.56); 207(75.39); 208(487.9); 209(341.92); 210(634.42); 211(445.57); 212(441.56); 213(242.81); 214(378.53); 215(778.37); 216(408.66); 217(374.87); 218(694.93); 219(975.69); 220(658.18); 221(353.53); 222(260.02); 223(353.81); 224(963.37); 225(499.63); 226(848.15); 227(192.43); 228(565.16); 229(981.63); 230(485.35); 231(307.03); 232(48.75); 233(819.14); 234(76.89); 235(322.24); 236(136.26); 237(396.39); 238(281.15); 239(162.38); 240(193.34); 241(702.38); 242(524.7); 243(860.63); 244(246.84); 245(121.68); 246(148.86); 247(743.81); 248(771.13); 249(620.95); 250(394.31); 251(951.33); 252(569.78); 253(547.26); 254(473.89); 255(424.04); 256(408.65); 257(279.62); 258(885.95); 259(230.09); 260(548.12); 261(850.69); 262(522.62); 263(939.43); 264(839.55); 265(334.64); 266(160.89); 267(194.66); 268(349.63); 269(612.59); 270(464.83); 271(948.39); 272(813.43); 273(735.96); 274(617.1); 275(478.91); 276(435.57); 277(470.1); 278(764.29); 279(697.96); 280(15.48); 281(105.35); 282(642.75); 283(698.37); 284(676.99); 285(432.55); 286(410.61); 287(422.31); 288(476.55); 289(202.77); 290(558.14); 291(864.23); 292(623.76); 293(630.97); 294(515.04); 295(444.13); 296(761.83); 297(650.54); 298(437.57); 299(635.88); 300(903.52); 301(897.25); 302(416.19); 303(580.07); 304(963.26); 305(219.24); 306(278.91); 307(230.1); 308(308.53); 309(161.39); 310(537.21); 311(630.28); 312(898.39); 313(304.12); 314(269.42); 315(489.12); 316(740.21); 317(408.49); 318(9.02); 319(206.82); 320(580.08); 321(372.74); 322(208.51); 323(875.38); 324(380.82); 325(981.88); 326(788.53); 327(444.23); 328(22.87); 329(635.05); 330(828.89); 331(725.17); 332(674.12); 333(244.6); 334(283.21); 335(386.82); 336(329.3); 337(658.12); 338(807.22); 339(587.12); 340(788.8); 341(630.63); 342(148.24); 344(294.19); 345(122.23); 346(883.57); 347(791.92); 348(336.14); 349(451.21); 350(172.11); 351(359.3); 352(180.05); 353(658.84); 354(891.3); 355(784.41); 356(657.47); 357(273.35); 358(506.25); 359(790.34); 360(729.15); 361(974.72); 362(117.29); 363(995.12); 364(945.62); 365(13.54); 366(673.22); 367(414.33); 368(115.8); 369(158.62); 370(268.09); 371(143.96); 372(512.84); 373(367.65); 374(134.58); 375(744.57); 376(511.56); 377(285.76); 378(702.06); 379(626.24); 380(129.32); 381(308.17); 382(62.69); 383(768.4); 384(785.42); 385(58.0); 386(380.29); 387(79.16); 388(832.32); 389(503.32); 390(555.77); 391(382.66); 392(325.66); 393(242.93); 394(894.5); 395(640.92); 396(806.67); 397(206.04); 398(886.71); 399(867.44); 400(457.22); 401(665.68); 402(54.65); 403(862.19); 404(83.41); 405(654.31); 406(330.17); 407(549.57); 408(744.13); 409(909.9); 410(225.9); 411(681.07); 412(894.89); 413(131.25); 414(338.45); 415(534.94); 416(741.75); 417(861.17); 418(952.35); 419(848.81); 420(49.76); 421(691.58); 422(249.78); 423(357.2); 424(340.08); 425(780.13); 426(524.21); 427(320.04); 428(986.81); 429(703.78); 430(743.56); 431(128.58); 432(922.55); 433(999.77); 434(665.18); 435(501.21); 436(837.22); 437(945.46); 438(229.98); 439(969.15); 440(605.26); 441(308.95); 442(533.87); 443(208.47); 444(379.81); 445(409.66); 446(675.21); 447(166.21); 448(500.0); 449(695.46); 450(678.97); 451(539.57); 452(2.67); 453(261.81); 454(311.02); 455(671.0); 456(233.03); 457(766.31); 458(973.42); 459(272.33); 460(206.39); 461(141.75); 462(633.32); 463(777.64); 464(910.53); 465(714.71); 466(890.08); 467(118.54); 468(387.88); 469(354.63); 470(833.78); 471(579.52); 472(388.69); 473(40.0); 474(183.09); 475(579.0); 476(883.13); 477(152.09); 478(3.96); 479(664.17); 480(895.23); 481(583.53); 482(401.72); 483(40.19); 484(390.99); 485(415.66); 486(674.1); 487(689.63); 488(89.67); 489(764.95); 490(398.7); 491(414.65); 492(526.63); 493(620.02); 494(432.17); 495(894.94); 496(164.55); 497(952.97); 498(395.81); 499(151.54),2
344,0(634.44); 1(567.8); 2(477.93); 3(148.17); 4(293.41); 5(14.0); 6(994.11); 7(288.65); 8(367.92); 9(519.65); 10(631.09); 11(583.46); 12(441.31); 13(301.7); 14(78.24); 15(607.42); 16(913.51); 17(321.67); 18(968.59); 19(196.93); 20(67.48); 21(236.23); 22(490.59); 23(487.38); 24(798.91); 25(644.75); 26(159.44); 27(796.74); 28(269.07); 29(217.8); 30(294.08); 31(774.22); 32(631.47); 33(623.52); 34(388.6); 35(154.64); 36(906.03); 37(889.82); 38(890.24); 39(452.97); 40(727.74); 41(401.22); 42(577.26); 43(706.69); 44(748.83); 45(244.72); 46(667.7); 47(701.15); 48(229.07); 49(94.09); 50(377.87); 51(515.65); 52(476.3); 53(386.41); 54(328.9); 55(57.86); 56(792.33); 57(538.75); 58(883.58); 59(410.09); 60(430.41); 61(481.91); 62(540.27); 63(35.84); 64(365.57); 65(306.37); 66(447.29); 67(390.33); 68(389.21); 69(326.15); 70(686.0); 71(177.42); 72(972.09); 73(545.85); 74(916.76); 75(295.59); 76(440.45); 77(746.37); 78(472.4); 79(778.72); 80(907.37); 81(678.52); 82(698.06); 83(699.12); 84(606.58); 85(247.28); 86(945.77); 87(673.95); 88(599.29); 89(107.89); 90(995.4); 91(974.19); 92(493.79); 93(588.66); 94(75.58); 95(106.73); 96(75.33); 97(316.66); 98(587.93); 99(524.47); 100(209.33); 101(895.11); 102(22.09); 103(887.62); 104(706.25); 105(549.54); 106(287.37); 107(41.15); 108(203.07); 109(136.92); 110(562.96); 111(683.36); 112(593.74); 113(190.21); 114(109.53); 115(558.69); 116(939.08); 117(454.33); 118(834.63); 119(648.63); 120(688.11); 121(515.31); 122(51.19); 123(0.61); 124(13.15); 125(477.62); 126(260.29); 127(728.2); 128(409.51); 129(179.19); 130(685.19); 131(210.41); 132(550.2); 133(376.74); 134(721.1); 135(766.24); 136(37.93); 137(852.13); 138(185.7); 139(824.28); 140(457.47); 141(232.4); 142(955.48); 143(515.88); 144(10.36); 145(495.46); 146(295.71); 147(105.96); 148(800.62); 149(194.64); 150(291.26); 151(97.28); 152(146.67); 153(589.7); 154(566.68); 155(642.72); 156(911.44); 157(735.15); 158(478.35); 159(365.17); 160(179.23); 161(706.85); 162(131.06); 163(275.35); 164(313.6); 165(376.72); 166(594.49); 167(87.73); 168(156.27); 169(960.98); 170(679.92); 171(226.05); 172(343.01); 173(238.22); 174(633.64); 175(601.44); 176(241.11); 177(491.19); 178(806.72); 179(103.3); 180(45.62); 181(819.13); 182(671.85); 183(275.93); 184(555.0); 185(267.02); 186(9.71); 187(717.37); 188(137.33); 189(152.75); 190(147.62); 191(331.83); 192(702.67); 193(500.83); 194(185.74); 195(672.68); 196(426.87); 197(619.43); 198(894.66); 199(475.59); 200(583.65); 201(653.58); 202(857.47); 203(481.35); 204(876.42); 205(195.12); 206(116.33); 207(43.32); 208(829.21); 209(63.08); 210(200.34); 211(542.05); 212(456.42); 213(117.26); 214(606.75); 215(477.94); 216(159.35); 217(70.76); 218(535.35); 219(802.07); 220(184.75); 221(849.5); 222(103.46); 223(458.27); 224(845.43); 225(21.2); 226(109.33); 227(982.46); 228(254.23); 229(712.3); 230(747.02); 231(922.71); 232(555.2); 233(233.83); 234(10.17); 235(381.13); 236(176.8); 237(79.81); 238(236.0); 239(23.36); 240(580.45); 241(166.74); 242(301.91); 243(94.79); 244(254.48); 245(387.05); 246(141.85); 247(282.6); 248(484.46); 249(712.65); 250(52.0); 251(977.48); 252(857.63); 253(495.7); 254(151.52); 255(644.36); 256(439.06); 257(870.86); 258(986.72); 259(649.97); 260(454.58); 261(171.87); 262(749.46); 263(811.22); 264(495.29); 265(797.3); 266(221.99); 267(212.02); 268(690.43); 269(390.35); 270(998.69); 271(971.95); 272(796.74); 273(688.38); 274(599.81); 275(908.78); 276(855.27); 277(610.01); 278(947.45); 279(460.55); 280(690.19); 281(778.69); 282(95.23); 283(408.06); 284(229.9); 285(455.21); 286(74.6); 287(874.69); 288(21.04); 289(782.53); 290(820.95); 291(541.14); 292(531.67); 293(320.66); 294(1.48); 295(719.88); 296(699.47); 297(730.64); 298(623.07); 299(813.36); 300(274.83); 301(498.36); 302(108.72); 303(888.25); 304(926.93); 305(632.23); 306(792.04); 307(271.46); 308(858.46); 309(290.06); 310(525.22); 311(620.77); 312(727.71); 313(216.46); 314(799.72); 315(588.44); 316(742.72); 317(228.59); 318(103.97); 319(961.32); 320(486.92); 321(278.74); 322(951.29); 323(111.19); 324(347.7); 325(818.95); 326(566.53); 327(46.34); 328(469.44); 329(804.0); 330(655.78); 331(658.26); 332(621.87); 333(896.3); 334(983.67); 335(53.06); 336(421.22); 337(154.92); 338(101.66); 339(503.46); 340(840.67); 341(455.84); 342(487.0); 343(294.19); 345(397.59); 346(532.39); 347(136.54); 348(702.41); 349(442.93); 350(262.83); 351(576.35); 352(139.26); 353(403.22); 354(491.4); 355(887.43); 356(581.02); 357(921.4); 358(358.2); 359(597.14); 360(518.58); 361(579.1); 362(430.24); 363(516.96); 364(998.33); 365(446.95); 366(624.48); 367(439.71); 368(919.23); 369(152.15); 370(718.94); 371(870.58); 372(506.17); 373(788.35); 374(540.95); 375(40.56); 376(233.05); 377(893.88); 378(762.48); 379(492.95); 380(734.89); 381(174.63); 382(832.42); 383(48.38); 384(414.29); 385(780.3); 386(689.93); 387(666.57); 388(368.5); 389(297.84); 390(350.58); 391(742.08); 392(766.38); 393(980.19); 394(911.47); 395(39.6); 396(160.79); 397(440.3); 398(461.62); 399(693.76); 400(678.6); 401(268.78); 402(13.58); 403(231.45); 404(297.92); 405(825.8); 406(77.74); 407(738.42); 408(576.88); 409(89.05); 410(832.5); 411(295.42); 412(654.68); 413(918.35); 414(486.93); 415(921.25); 416(239.17); 417(788.06); 418(388.01); 419(395.65); 420(392.71); 421(974.32); 422(840.04); 423(507.52); 424(144.37); 425(619.85); 426(812.8); 427(577.62); 428(235.63); 429(896.29); 430(549.62); 431(39.76); 432(86.41); 433(635.83); 434(45.8); 435(834.78); 436(261.08); 437(840.56); 438(712.22); 439(374.08); 440(754.99); 441(895.61); 442(575.43); 443(974.94); 444(804.3); 445(144.86); 446(250.75); 447(795.75); 448(510.59); 449(181.23); 450(355.02); 451(370.66); 452(508.8); 453(795.03); 454(625.58); 455(524.58); 456(635.87); 457(40.2); 458(143.41); 459(692.26); 460(803.65); 461(880.54); 462(393.79); 463(532.0); 464(368.17); 465(445.06); 466(606.99); 467(295.71); 468(514.59); 469(235.95); 470(3.44); 471(120.74); 472(123.55); 473(241.62); 474(86.81); 475(49.41); 476(125.82); 477(107.06); 478(251.25); 479(85.9); 480(48.28); 481(690.9); 482(137.91); 483(248.41); 484(122.06); 485(852.08); 486(958.77); 487(86.5); 488(356.81); 489(508.84); 490(130.4); 491(547.4); 492(355.7); 493(746.42); 494(728.34); 495(259.15); 496(84.99); 497(822.03); 498(104.44); 499(283.26),1
345,0(514.26); 1(662.76); 2(554.89); 3(827.36); 4(892.68); 5(355.76); 6(520.06); 7(548.27); 8(117.15); 9(735.04); 10(493.41); 11(90.23); 12(278.56); 13(526.76); 14(170.41); 15(437.15); 16(701.22); 17(192.12); 18(27.57); 19(572.38); 20(303.26); 21(33.48); 22(843.7); 23(234.74); 24(223.47); 25(837.57); 26(47.5); 27(936.4); 28(674.56); 29(692.61); 30(209.82); 31(368.42); 32(515.54); 33(34.51); 34(426.44); 35(837.12); 36(437.78); 37(217.6); 38(266.15); 39(728.34); 40(646.13); 41(52.42); 42(894.63); 43(250.64); 44(325.93); 45(3.2); 46(779.69); 47(886.41); 48(933.65); 49(879.94); 50(964.72); 51(264.16); 52(784.33); 53(577.91); 54(569.99); 55(668.2); 56(877.85); 57(915.07); 58(289.37); 59(233.7); 60(151.15); 61(244.1); 62(235.51); 63(595.01); 64(577.73); 65(853.42); 66(67.64); 67(859.38); 68(450.19); 69(971.48); 70(41.27); 71(904.02); 72(766.87); 73(451.63); 74(871.41); 75(652.53); 76(913.27); 77(436.65); 78(13.08); 79(435.87); 80(416.55); 81(151.45); 82(980.79); 83(845.53); 84(672.13); 85(422.59); 86(777.26); 87(80.33); 88(176.75); 89(627.64); 90(633.61); 91(984.76); 92(61.27); 93(760.03); 94(793.89); 95(561.18); 96(167.09); 97(484.0); 98(42.27); 99(467.98); 100(999.0); 101(50.46); 102(915.59); 103(634.25); 104(521.64); 105(604.83); 106(161.44); 107(595.69); 108(64.9); 109(486.82); 110(103.35); 111(467.55); 112(303.4); 113(725.71); 114(297.81); 115(128.76); 116(225.36); 117(845.9); 118(553.98); 119(386.5); 120(155.1); 121(862.64); 122(65.27); 123(629.19); 124(494.98); 125(669.88); 126(735.46); 127(653.49); 128(371.18); 129(679.05); 130(255.48); 131(720.58); 132(793.3); 133(876.23); 134(688.68); 135(25.15); 136(561.72); 137(273.77); 138(485.71); 139(106.9); 140(507.41); 141(449.77); 142(602.6); 143(453.36); 144(395.26); 145(578.1); 146(743.0); 147(385.9); 148(321.04); 149(999.48); 150(199.07); 151(802.85); 152(453.81); 153(241.9); 154(591.64); 155(674.88); 156(418.43); 157(8.85); 158(586.61); 159(392.02); 160(39.26); 161(650.56); 162(628.52); 163(929.87); 164(564.89); 165(837.19); 166(794.74); 167(139.83); 168(757.6); 169(424.4); 170(125.9); 171(718.7); 172(389.33); 173(594.0); 174(828.8); 175(542.29); 176(72.54); 177(653.8); 178(775.31); 179(472.5); 180(775.86); 181(778.16); 182(43.56); 183(771.36); 184(936.06); 185(148.84); 186(981.28); 187(927.77); 188(812.56); 189(871.09); 190(976.19); 191(774.99); 192(939.11); 193(646.71); 194(521.44); 195(420.12); 196(219.33); 197(582.72); 198(696.23); 199(338.88); 200(363.32); 201(445.36); 202(351.7); 203(382.22); 204(341.12); 205(921.24); 206(538.6); 207(594.36); 208(315.69); 209(725.55); 210(952.34); 211(984.47); 212(747.55); 213(337.47); 214(658.4); 215(628.26); 216(564.45); 217(355.04); 218(712.65); 219(620.4); 220(284.62); 221(484.6); 222(247.97); 223(797.13); 224(112.35); 225(835.72); 226(102.92); 227(744.89); 228(600.49); 229(428.86); 230(148.14); 231(791.04); 232(716.39); 233(780.88); 234(507.34); 235(67.27); 236(675.97); 237(175.18); 238(251.05); 239(301.44); 240(814.29); 241(236.84); 242(377.02); 243(389.79); 244(15.66); 245(702.68); 246(604.91); 247(121.95); 248(34.38); 249(810.81); 250(348.58); 251(741.08); 252(909.8); 253(391.22); 254(732.66); 255(829.37); 256(218.69); 257(548.19); 258(612.18); 259(662.62); 260(560.23); 261(105.92); 262(995.15); 263(124.76); 264(287.52); 265(944.18); 266(989.97); 267(889.64); 268(141.78); 269(238.02); 270(616.67); 271(254.12); 272(163.93); 273(53.16); 274(624.8); 275(557.31); 276(669.85); 277(987.67); 278(474.07); 279(468.37); 280(970.04); 281(226.79); 282(951.05); 283(540.52); 284(287.79); 285(774.9); 286(866.49); 287(254.7); 288(651.59); 289(77.29); 290(902.12); 291(594.89); 292(408.96); 293(893.72); 294(370.42); 295(995.35); 296(119.93); 297(769.51); 298(556.1); 299(485.91); 300(65.13); 301(736.23); 302(148.23); 303(727.49); 304(729.63); 305(661.64); 306(627.24); 307(195.77); 308(434.76); 309(603.95); 310(292.6); 311(27.29); 312(724.72); 313(547.38); 314(23.97); 315(419.32); 316(884.8); 317(550.41); 318(585.32); 319(333.71); 320(509.76); 321(333.95); 322(219.02); 323(955.77); 324(233.84); 325(890.16); 326(294.76); 327(889.14); 328(421.26); 329(856.53); 330(889.02); 331(622.45); 332(941.69); 333(204.39); 334(371.99); 335(299.12); 336(589.96); 337(808.91); 338(989.88); 339(590.84); 340(330.2); 341(135.06); 342(38.02); 343(122.23); 344(397.59); 346(700.8); 347(613.98); 348(738.09); 349(343.07); 350(24.48); 351(180.28); 352(109.05); 353(239.53); 354(30.01); 355(780.91); 356(837.47); 357(861.37); 358(69.21); 359(435.89); 360(455.98); 361(989.84); 362(247.57); 363(282.65); 364(177.62); 365(746.11); 366(484.04); 367(352.02); 368(507.61); 369(405.27); 370(732.55); 371(171.65); 372(69.21); 373(923.33); 374(14.11); 375(366.44); 376(854.7); 377(970.14); 378(119.07); 379(657.44); 380(315.51); 381(485.52); 382(818.11); 383(847.43); 384(628.84); 385(102.73); 386(171.32); 387(631.45); 388(196.03); 389(848.16); 390(156.97); 391(271.29); 392(584.83); 393(251.44); 394(319.13); 395(180.67); 396(467.94); 397(834.16); 398(206.27); 399(888.58); 400(403.19); 401(378.35); 402(936.7); 403(947.39); 404(389.3); 405(339.73); 406(196.71); 407(224.49); 408(700.0); 409(493.89); 410(288.58); 411(184.01); 412(940.15); 413(212.31); 414(878.71); 415(361.72); 416(365.79); 417(755.3); 418(879.88); 419(664.2); 420(420.99); 421(285.9); 422(849.85); 423(973.88); 424(385.19); 425(721.85); 426(612.27); 427(910.77); 428(367.04); 429(395.77); 430(926.21); 431(768.05); 432(764.44); 433(437.62); 434(136.87); 435(88.86); 436(555.19); 437(189.32); 438(404.78); 439(191.68); 440(133.65); 441(797.42); 442(830.01); 443(408.59); 444(182.1); 445(651.09); 446(950.52); 447(371.86); 448(700.19); 449(454.9); 450(404.29); 451(692.5); 452(551.35); 453(657.13); 454(961.88); 455(801.26); 456(419.65); 457(684.36); 458(13.04); 459(609.67); 460(270.61); 461(771.21); 462(300.74); 463(375.61); 464(473.17); 465(911.4); 466(925.36); 467(129.88); 468(324.42); 469(922.0); 470(367.51); 471(860.61); 472(466.97); 473(761.95); 474(282.44); 475(199.68); 476(615.86); 477(525.79); 478(53.03); 479(906.32); 480(608.87); 481(598.12); 482(853.36); 483(670.86); 484(114.36); 485(949.81); 486(841.88); 487(838.77); 488(402.39); 489(374.74); 490(323.53); 491(992.31); 492(133.21); 493(533.93); 494(670.91); 495(469.69); 496(864.88); 497(125.87); 498(886.48); 499(12.83),1
346,0(49.56); 1(143.27); 2(548.87); 3(451.23); 4(449.85); 5(126.11); 6(686.68); 7(414.77); 8(686.72); 9(494.37); 10(948.81); 11(188.75); 12(562.25); 13(320.04); 14(329.12); 15(839.05); 16(127.47); 17(121.65); 18(999.27); 19(425.04); 20(330.42); 21(663.03); 22(884.05); 23(894.22); 24(431.03); 25(78.7); 26(537.38); 27(700.36); 28(297.16); 29(971.31); 30(454.31); 31(114.78); 32(452.2); 33(608.83); 34(633.94); 35(841.8); 36(251.65); 37(780.82); 38(878.23); 39(673.18); 40(506.54); 41(802.06); 42(249.27); 43(255.74); 44(379.18); 45(376.72); 46(129.49); 47(773.89); 48(363.34); 49(205.11); 50(387.66); 51(858.71); 52(117.39); 53(960.55); 54(636.37); 55(134.25); 56(177.96); 57(792.56); 58(264.25); 59(637.08); 60(551.31); 61(525.37); 62(438.55); 63(932.56); 64(869.98); 65(314.91); 66(439.05); 67(284.62); 68(577.06); 69(684.93); 70(548.93); 71(85.48); 72(118.96); 73(863.53); 74(45.33); 75(497.19); 76(894.81); 77(373.87); 78(510.26); 79(468.14); 80(170.12); 81(265.43); 82(39.57); 83(12.24); 84(590.39); 85(493.61); 86(180.71); 87(886.65); 88(974.5); 89(860.49); 90(417.51); 91(946.49); 92(414.48); 93(880.01); 94(337.08); 95(325.86); 96(933.23); 97(617.7); 98(940.44); 99(352.4); 100(54.66); 101(999.8); 102(302.76); 103(638.66); 104(503.13); 105(104.14); 106(352.26); 107(537.13); 108(797.18); 109(776.65); 110(733.43); 111(835.76); 112(108.65); 113(214.72); 114(75.9); 115(180.41); 116(983.54); 117(972.69); 118(922.19); 119(270.46); 120(342.49); 121(114.66); 122(916.8); 123(679.78); 124(451.81); 125(760.11); 126(378.57); 127(142.79); 128(755.33); 129(585.7); 130(425.11); 131(302.7); 132(266.47); 133(236.78); 134(82.49); 135(935.14); 136(191.16); 137(540.29); 138(344.67); 139(939.76); 140(329.04); 141(864.72); 142(201.35); 143(639.98); 144(897.21); 145(506.65); 146(748.3); 147(499.19); 148(155.81); 149(111.6); 150(426.71); 151(300.84); 152(424.52); 153(182.17); 154(470.72); 155(850.49); 156(635.73); 157(310.74); 158(419.78); 159(53.64); 160(744.77); 161(707.81); 162(991.92); 163(790.66); 164(319.65); 165(986.56); 166(276.57); 167(766.63); 168(788.76); 169(584.46); 170(892.19); 171(933.09); 172(600.03); 173(966.94); 174(182.31); 175(898.31); 176(588.76); 177(777.89); 178(8.06); 179(359.86); 180(171.09); 181(651.89); 182(562.85); 183(563.7); 184(614.46); 185(613.34); 186(224.4); 187(733.59); 188(943.78); 189(601.55); 190(617.54); 191(341.82); 192(726.11); 193(523.8); 194(910.47); 195(114.43); 196(151.09); 197(502.6); 198(298.07); 199(840.03); 200(821.41); 201(57.98); 202(822.45); 203(67.57); 204(876.31); 205(307.33); 206(672.01); 207(365.88); 208(894.78); 209(509.43); 210(717.44); 211(70.87); 212(899.46); 213(18.51); 214(908.59); 215(501.44); 216(692.03); 217(771.67); 218(357.88); 219(682.85); 220(675.2); 221(984.91); 222(549.41); 223(157.83); 224(778.59); 225(652.65); 226(188.92); 227(289.61); 228(850.9); 229(964.19); 230(356.8); 231(660.97); 232(433.69); 233(782.77); 234(773.74); 235(442.36); 236(220.63); 237(171.66); 238(288.99); 239(908.83); 240(690.16); 241(891.77); 242(506.16); 243(240.87); 244(161.5); 245(390.83); 246(91.78); 247(526.26); 248(271.01); 249(336.24); 250(966.93); 251(393.77); 252(262.02); 253(912.08); 254(266.57); 255(22.44); 256(304.41); 257(146.65); 258(676.87); 259(987.98); 260(433.28); 261(824.06); 262(703.15); 263(785.63); 264(340.69); 265(966.71); 266(959.1); 267(776.47); 268(267.64); 269(754.94); 270(497.46); 271(338.94); 272(695.06); 273(703.65); 274(363.11); 275(367.72); 276(315.58); 277(684.93); 278(926.93); 279(272.2); 280(963.57); 281(629.31); 282(806.69); 283(768.13); 284(598.96); 285(444.65); 286(758.39); 287(384.01); 288(762.31); 289(915.69); 290(926.25); 291(612.93); 292(695.91); 293(956.19); 294(780.49); 295(197.15); 296(613.83); 297(664.57); 298(682.31); 299(151.75); 300(547.99); 301(866.32); 302(675.79); 303(194.45); 304(331.63); 305(46.4); 306(848.6); 307(887.22); 308(824.89); 309(455.71); 310(939.76); 311(919.44); 312(135.75); 313(701.46); 314(442.15); 315(68.22); 316(477.23); 317(23.16); 318(580.3); 319(396.65); 320(416.92); 321(243.66); 322(777.61); 323(604.83); 324(402.19); 325(776.2); 326(464.29); 327(208.24); 328(279.79); 329(255.25); 330(982.73); 331(319.43); 332(32.83); 333(913.09); 334(118.36); 335(112.44); 336(456.18); 337(129.81); 338(402.46); 339(709.9); 340(943.57); 341(706.76); 342(817.64); 343(883.57); 344(532.39); 345(700.8); 347(738.0); 348(15.54); 349(809.42); 350(927.3); 351(565.79); 352(825.88); 353(168.48); 354(835.78); 355(561.61); 356(21.77); 357(783.93); 358(854.42); 359(385.2); 360(574.88); 361(707.58); 362(855.91); 363(741.9); 364(791.02); 365(238.15); 366(847.58); 367(516.62); 368(802.54); 369(712.5); 370(822.58); 371(157.27); 372(591.32); 373(937.8); 374(335.67); 375(382.01); 376(926.81); 377(707.22); 378(881.84); 379(265.8); 380(998.08); 381(625.25); 382(678.97); 383(882.07); 384(382.51); 385(740.53); 386(723.66); 387(222.08); 388(66.14); 389(913.5); 390(347.6); 391(929.33); 392(371.12); 393(334.04); 394(630.33); 395(783.46); 396(780.3); 397(651.28); 398(946.53); 399(138.54); 400(759.88); 401(311.21); 402(752.12); 403(75.79); 404(50.78); 405(811.76); 406(36.2); 407(579.57); 408(493.42); 409(291.1); 410(412.01); 411(300.56); 412(337.99); 413(100.65); 414(744.06); 415(159.98); 416(727.76); 417(983.55); 418(219.35); 419(263.94); 420(587.6); 421(247.69); 422(994.02); 423(21.05); 424(466.04); 425(658.31); 426(825.99); 427(349.65); 428(712.88); 429(747.91); 430(209.32); 431(511.32); 432(286.6); 433(413.11); 434(622.92); 435(223.13); 436(74.91); 437(203.75); 438(471.16); 439(759.81); 440(10.82); 441(464.01); 442(862.28); 443(294.88); 444(280.4); 445(158.2); 446(566.18); 447(656.38); 448(665.11); 449(97.88); 450(120.36); 451(480.67); 452(632.14); 453(302.32); 454(174.4); 455(979.03); 456(843.3); 457(593.83); 458(175.6); 459(747.74); 460(819.41); 461(178.3); 462(158.23); 463(393.03); 464(796.67); 465(303.95); 466(849.21); 467(196.19); 468(109.36); 469(900.84); 470(733.35); 471(259.54); 472(589.24); 473(379.5); 474(514.76); 475(332.7); 476(311.07); 477(642.05); 478(841.39); 479(27.85); 480(308.31); 481(730.43); 482(387.19); 483(449.37); 484(541.81); 485(433.48); 486(598.78); 487(728.83); 488(201.39); 489(586.72); 490(834.15); 491(117.86); 492(38.77); 493(384.56); 494(708.7); 495(905.08); 496(708.69); 497(57.45); 498(358.09); 499(673.93),1
347,0(475.67); 1(583.44); 2(155.93); 3(707.49); 4(474.86); 5(71.6); 6(189.5); 7(997.39); 8(986.02); 9(170.9); 10(934.93); 11(363.71); 12(131.06); 13(543.76); 14(625.38); 15(270.3); 16(12.23); 17(930.29); 18(510.5); 19(84.84); 20(412.75); 21(931.39); 22(639.99); 23(92.51); 24(994.37); 25(610.4); 26(385.83); 27(501.95); 28(761.39); 29(6.84); 30(245.79); 31(223.67); 32(688.46); 33(418.79); 34(816.07); 35(36.4); 36(426.64); 37(667.61); 38(61.34); 39(741.01); 40(258.71); 41(509.79); 42(289.81); 43(869.85); 44(594.28); 45(905.03); 46(219.36); 47(599.9); 48(938.11); 49(210.83); 50(201.31); 51(390.26); 52(494.69); 53(740.52); 54(305.65); 55(16.73); 56(702.12); 57(631.76); 58(723.03); 59(146.36); 60(559.51); 61(697.03); 62(945.95); 63(6.53); 64(589.82); 65(801.38); 66(975.64); 67(46.21); 68(803.25); 69(55.56); 70(997.53); 71(542.59); 72(42.25); 73(195.12); 74(343.14); 75(188.3); 76(288.74); 77(860.48); 78(480.17); 79(737.33); 80(93.75); 81(647.84); 82(146.75); 83(150.96); 84(347.45); 85(396.52); 86(279.56); 87(296.78); 88(769.41); 89(908.92); 90(100.95); 91(707.27); 92(169.82); 93(559.32); 94(201.26); 95(787.68); 96(233.01); 97(121.14); 98(696.4); 99(794.0); 100(682.6); 101(995.9); 102(978.25); 103(330.91); 104(73.61); 105(313.08); 106(176.85); 107(79.55); 108(631.84); 109(571.09); 110(7.71); 111(128.74); 112(165.1); 113(741.16); 114(756.48); 115(477.52); 116(509.27); 117(325.6); 118(540.07); 119(19.25); 120(36.23); 121(588.61); 122(906.42); 123(854.45); 124(57.88); 125(252.58); 126(141.97); 127(601.61); 128(817.47); 129(516.25); 130(260.74); 131(515.31); 132(418.79); 133(139.94); 134(518.84); 135(984.35); 136(452.31); 137(367.81); 138(512.61); 139(908.73); 140(913.45); 141(941.67); 142(196.54); 143(674.93); 144(33.7); 145(618.24); 146(695.35); 147(238.08); 148(222.61); 149(126.06); 150(781.87); 151(196.7); 152(602.16); 153(425.61); 154(51.44); 155(809.12); 156(347.86); 157(431.27); 158(504.85); 159(303.49); 160(691.5); 161(494.42); 162(62.82); 163(643.35); 164(73.64); 165(97.04); 166(790.43); 167(197.04); 168(4.3); 169(88.09); 170(277.59); 171(589.23); 172(750.1); 173(568.99); 174(336.58); 175(946.3); 176(877.12); 177(598.04); 178(844.05); 179(900.43); 180(205.82); 181(544.74); 182(18.55); 183(64.73); 184(779.56); 185(54.54); 186(860.99); 187(934.43); 188(717.68); 189(619.45); 190(80.34); 191(817.71); 192(983.78); 193(847.8); 194(844.56); 195(832.42); 196(636.73); 197(837.49); 198(330.08); 199(805.42); 200(683.31); 201(938.8); 202(614.37); 203(67.51); 204(247.32); 205(970.42); 206(29.25); 207(56.64); 208(726.21); 209(256.68); 210(58.5); 211(592.39); 212(577.58); 213(310.74); 214(933.07); 215(476.29); 216(643.75); 217(130.48); 218(157.55); 219(498.5); 220(352.77); 221(388.17); 222(942.2); 223(607.91); 224(509.51); 225(703.71); 226(427.65); 227(995.76); 228(945.19); 229(784.87); 230(696.83); 231(428.45); 232(729.57); 233(929.6); 234(883.19); 235(455.92); 236(506.43); 237(745.7); 238(356.65); 239(915.39); 240(136.14); 241(997.27); 242(526.41); 243(677.61); 244(646.61); 245(498.61); 246(773.35); 247(452.69); 248(451.38); 249(186.95); 250(989.03); 251(105.12); 252(206.67); 253(39.69); 254(348.75); 255(287.66); 256(746.98); 257(574.34); 258(884.39); 259(955.91); 260(225.22); 261(500.61); 262(47.2); 263(516.93); 264(358.34); 265(355.77); 266(168.25); 267(168.28); 268(63.98); 269(486.06); 270(714.66); 271(40.45); 272(2.7); 273(378.19); 274(88.11); 275(409.06); 276(723.01); 277(978.7); 278(79.05); 279(764.28); 280(635.38); 281(943.03); 282(627.09); 283(47.07); 284(389.17); 285(607.61); 286(997.35); 287(21.18); 288(952.73); 289(521.04); 290(584.88); 291(866.96); 292(157.35); 293(366.23); 294(167.75); 295(957.49); 296(983.7); 297(130.74); 298(464.27); 299(889.91); 300(938.68); 301(170.66); 302(427.84); 303(870.63); 304(841.77); 305(415.64); 306(285.39); 307(145.09); 308(57.6); 309(722.48); 310(881.36); 311(637.81); 312(662.24); 313(696.6); 314(120.76); 315(958.69); 316(592.59); 317(266.78); 318(687.32); 319(237.47); 320(64.79); 321(394.34); 322(65.69); 323(343.43); 324(212.47); 325(498.35); 326(909.14); 327(845.34); 328(416.19); 329(991.14); 330(295.57); 331(680.27); 332(517.79); 333(885.21); 334(659.16); 335(811.42); 336(533.33); 337(259.53); 338(576.45); 339(16.0); 340(788.79); 341(16.53); 342(947.54); 343(791.92); 344(136.54); 345(613.98); 346(738.0); 348(125.35); 349(385.64); 350(89.79); 351(374.09); 352(553.87); 353(678.56); 354(407.13); 355(662.32); 356(49.96); 357(518.93); 358(332.41); 359(617.26); 360(25.11); 361(237.59); 362(421.59); 363(562.71); 364(426.94); 365(728.29); 366(753.81); 367(414.01); 368(759.04); 369(39.59); 370(471.74); 371(595.93); 372(926.78); 373(67.28); 374(494.42); 375(7.15); 376(779.85); 377(241.03); 378(616.36); 379(529.35); 380(637.33); 381(695.8); 382(276.13); 383(124.66); 384(983.71); 385(157.86); 386(185.81); 387(960.34); 388(698.11); 389(678.31); 390(131.63); 391(12.78); 392(835.86); 393(458.64); 394(685.79); 395(433.5); 396(616.93); 397(316.77); 398(934.0); 399(717.91); 400(792.53); 401(828.27); 402(336.18); 403(538.69); 404(839.1); 405(73.02); 406(600.33); 407(160.59); 408(16.9); 409(447.38); 410(850.32); 411(688.49); 412(690.39); 413(247.76); 414(133.07); 415(751.94); 416(450.3); 417(954.53); 418(353.19); 419(386.61); 420(427.96); 421(594.4); 422(173.01); 423(804.81); 424(668.36); 425(43.1); 426(179.17); 427(497.2); 428(517.49); 429(440.42); 430(448.09); 431(573.45); 432(337.66); 433(755.57); 434(389.78); 435(527.32); 436(872.16); 437(560.33); 438(472.58); 439(521.45); 440(631.15); 441(566.32); 442(302.27); 443(771.99); 444(655.19); 445(762.06); 446(339.17); 447(756.52); 448(459.74); 449(835.2); 450(766.83); 451(960.21); 452(931.55); 453(554.72); 454(679.99); 455(321.77); 456(147.41); 457(829.69); 458(787.18); 459(651.83); 460(115.59); 461(875.48); 462(104.72); 463(35.22); 464(541.36); 465(38.58); 466(536.59); 467(790.5); 468(417.73); 469(682.05); 470(479.74); 471(773.34); 472(672.52); 473(484.99); 474(205.6); 475(182.02); 476(607.84); 477(61.76); 478(698.43); 479(428.49); 480(28.03); 481(850.3); 482(221.79); 483(388.11); 484(295.84); 485(589.66); 486(870.97); 487(867.17); 488(835.09); 489(571.81); 490(529.86); 491(908.62); 492(592.36); 493(129.86); 494(856.22); 495(747.05); 496(619.14); 497(297.01); 498(973.48); 499(505.49),1
348,0(510.89); 1(169.34); 2(375.94); 3(231.22); 4(313.74); 5(834.48); 6(141.22); 7(550.01); 8(997.79); 9(642.02); 10(353.11); 11(547.21); 12(489.22); 13(44.94); 14(199.72); 15(952.38); 16(150.66); 17(770.51); 18(347.85); 19(47.45); 20(633.35); 21(68.18); 22(454.77); 23(794.55); 24(189.12); 25(800.51); 26(865.37); 27(359.19); 28(593.89); 29(154.69); 30(389.27); 31(772.88); 32(303.49); 33(435.59); 34(600.2); 35(757.46); 36(394.98); 37(620.41); 38(473.79); 39(381.13); 40(678.16); 41(979.44); 42(421.94); 43(876.15); 44(981.03); 45(68.97); 46(751.36); 47(55.62); 48(699.32); 49(430.57); 50(473.31); 51(188.57); 52(471.73); 53(386.8); 54(109.69); 55(607.41); 56(2.08); 57(446.88); 58(870.29); 59(90.53); 60(108.73); 61(151.64); 62(601.52); 63(809.05); 64(605.05); 65(736.53); 66(192.29); 67(261.38); 68(230.7); 69(781.58); 70(429.14); 71(121.98); 72(608.48); 73(177.68); 74(628.66); 75(351.18); 76(303.19); 77(182.72); 78(181.08); 79(760.92); 80(110.86); 81(329.99); 82(633.99); 83(450.81); 84(362.53); 85(509.65); 86(115.34); 87(65.14); 88(481.39); 89(311.76); 90(413.36); 91(906.79); 92(827.1); 93(452.89); 94(174.24); 95(339.5); 96(487.3); 97(672.66); 98(573.48); 99(176.41); 100(800.32); 101(918.65); 102(294.16); 103(898.52); 104(750.03); 105(61.54); 106(65.23); 107(811.08); 108(192.65); 109(639.4); 110(404.49); 111(756.94); 112(57.19); 113(815.52); 114(879.73); 115(7.83); 116(888.67); 117(485.59); 118(838.46); 119(785.99); 120(453.87); 121(584.14); 122(813.13); 123(419.42); 124(170.34); 125(528.42); 126(770.2); 127(270.58); 128(395.28); 129(532.03); 130(804.38); 131(435.5); 132(359.72); 133(243.48); 134(504.3); 135(746.42); 136(679.89); 137(42.86); 138(120.26); 139(943.69); 140(878.88); 141(882.25); 142(244.46); 143(68.65); 144(531.96); 145(605.12); 146(359.06); 147(98.95); 148(65.49); 149(331.74); 150(895.81); 151(863.1); 152(685.98); 153(476.7); 154(444.14); 155(115.49); 156(165.01); 157(235.23); 158(23.54); 159(576.03); 160(171.5); 161(879.35); 162(902.18); 163(310.7); 164(247.24); 165(786.26); 166(381.16); 167(367.02); 168(731.14); 169(817.33); 170(174.99); 171(126.81); 172(405.0); 173(543.33); 174(546.22); 175(903.21); 176(351.62); 177(595.05); 178(641.14); 179(609.2); 180(495.14); 181(401.9); 182(761.11); 183(46.22); 184(800.64); 185(50.17); 186(303.49); 187(642.66); 188(53.51); 189(625.73); 190(470.87); 191(263.17); 192(11.18); 193(57.6); 194(813.73); 195(586.81); 196(395.53); 197(347.15); 198(830.46); 199(328.08); 200(887.55); 201(977.6); 202(473.63); 203(481.16); 204(145.13); 205(511.83); 206(210.28); 207(802.71); 208(278.52); 209(409.73); 210(454.37); 211(141.34); 212(372.94); 213(25.64); 214(73.48); 215(132.64); 216(215.85); 217(346.2); 218(102.03); 219(56.07); 220(19.85); 221(84.62); 222(368.66); 223(593.56); 224(928.77); 225(490.68); 226(664.22); 227(641.73); 228(929.26); 229(803.13); 230(30.58); 231(254.8); 232(24.39); 233(682.33); 234(375.35); 235(404.69); 236(890.01); 237(191.85); 238(183.97); 239(28.33); 240(886.38); 241(65.14); 242(676.51); 243(486.38); 244(935.14); 245(766.02); 246(514.9); 247(820.52); 248(349.29); 249(350.23); 250(307.32); 251(641.82); 252(289.07); 253(824.91); 254(525.79); 255(820.8); 256(129.85); 257(364.49); 258(880.68); 259(4.98); 260(699.99); 261(104.4); 262(698.31); 263(612.38); 264(659.54); 265(703.12); 266(256.36); 267(154.76); 268(243.97); 269(990.32); 270(924.11); 271(997.43); 272(59.28); 273(649.93); 274(171.04); 275(719.62); 276(39.45); 277(290.33); 278(669.13); 279(904.98); 280(878.92); 281(641.05); 282(103.89); 283(588.6); 284(811.61); 285(996.74); 286(861.83); 287(159.64); 288(677.55); 289(835.85); 290(147.8); 291(37.61); 292(901.35); 293(95.95); 294(473.3); 295(430.45); 296(440.3); 297(346.58); 298(166.84); 299(300.95); 300(125.97); 301(343.72); 302(519.75); 303(190.77); 304(180.59); 305(787.19); 306(313.67); 307(99.48); 308(22.47); 309(362.34); 310(932.2); 311(911.32); 312(449.72); 313(987.69); 314(340.18); 315(792.58); 316(635.83); 317(434.64); 318(63.06); 319(69.37); 320(62.3); 321(831.3); 322(301.31); 323(683.07); 324(353.22); 325(666.59); 326(378.95); 327(195.43); 328(609.39); 329(711.38); 330(293.89); 331(335.7); 332(529.09); 333(842.6); 334(690.73); 335(194.42); 336(383.57); 337(536.14); 338(898.14); 339(177.03); 340(253.15); 341(138.87); 342(65.06); 343(336.14); 344(702.41); 345(738.09); 346(15.54); 347(125.35); 349(669.52); 350(692.83); 351(812.58); 352(291.55); 353(586.33); 354(774.71); 355(395.01); 356(328.41); 357(48.7); 358(365.51); 359(529.84); 360(465.69); 361(757.22); 362(314.11); 363(460.84); 364(963.87); 365(832.01); 366(990.49); 367(63.47); 368(607.78); 369(612.34); 370(469.46); 371(90.15); 372(408.93); 373(306.27); 374(706.24); 375(276.48); 376(820.32); 377(846.86); 378(208.66); 379(460.12); 380(832.48); 381(181.15); 382(411.92); 383(51.67); 384(405.35); 385(119.47); 386(93.96); 387(778.4); 388(247.01); 389(16.72); 390(642.22); 391(186.11); 392(195.64); 393(456.44); 394(868.13); 395(866.78); 396(91.57); 397(672.82); 398(287.54); 399(802.84); 400(936.25); 401(119.79); 402(215.04); 403(25.36); 404(768.18); 405(204.68); 406(259.0); 407(365.25); 408(664.97); 409(849.57); 410(571.33); 411(252.8); 412(852.61); 413(964.09); 414(58.12); 415(656.59); 416(230.6); 417(948.32); 418(514.43); 419(907.69); 420(202.02); 421(60.04); 422(454.72); 423(176.09); 424(479.71); 425(761.14); 426(960.84); 427(481.29); 428(730.7); 429(341.85); 430(136.71); 431(719.26); 432(175.03); 433(312.83); 434(31.65); 435(489.83); 436(130.85); 437(160.35); 438(927.79); 439(466.03); 440(463.95); 441(424.37); 442(819.33); 443(927.96); 444(887.7); 445(120.56); 446(48.86); 447(125.95); 448(661.58); 449(785.99); 450(319.24); 451(824.05); 452(115.69); 453(829.37); 454(7.07); 455(104.54); 456(65.27); 457(321.64); 458(998.19); 459(593.38); 460(419.39); 461(127.83); 462(697.12); 463(934.54); 464(585.23); 465(641.65); 466(632.52); 467(274.5); 468(263.45); 469(514.42); 470(571.63); 471(807.44); 472(780.63); 473(575.26); 474(5.74); 475(251.99); 476(571.05); 477(972.24); 478(566.34); 479(896.3); 480(905.33); 481(144.04); 482(698.21); 483(839.86); 484(614.38); 485(592.36); 486(224.5); 487(431.03); 488(700.02); 489(426.14); 490(979.15); 491(545.24); 492(715.13); 493(479.7); 494(509.09); 495(906.87); 496(563.65); 497(549.85); 498(411.9); 499(247.97),1
349,0(374.83); 1(914.84); 2(889.65); 3(290.44); 4(88.72); 5(598.61); 6(323.81); 7(18.31); 8(160.73); 9(397.51); 10(878.99); 11(370.74); 12(93.9); 13(382.97); 14(729.21); 15(928.07); 16(436.13); 17(382.86); 18(734.43); 19(926.61); 20(981.98); 21(79.62); 22(173.68); 23(557.21); 24(828.7); 25(337.61); 26(396.25); 27(748.37); 28(617.94); 29(499.47); 30(657.74); 31(34.79); 32(718.67); 33(305.01); 34(163.92); 35(977.93); 36(853.32); 37(25.95); 38(207.54); 39(311.4); 40(532.49); 41(147.35); 42(350.37); 43(182.44); 44(660.92); 45(734.03); 46(931.93); 47(165.96); 48(311.63); 49(381.1); 50(252.23); 51(380.67); 52(470.58); 53(675.52); 54(129.74); 55(612.37); 56(946.21); 57(654.24); 58(69.6); 59(254.68); 60(204.02); 61(504.15); 62(382.52); 63(251.17); 64(533.19); 65(936.02); 66(513.58); 67(984.13); 68(608.46); 69(429.9); 70(846.26); 71(103.96); 72(323.48); 73(863.26); 74(452.93); 75(722.01); 76(462.55); 77(903.31); 78(917.0); 79(673.85); 80(804.86); 81(381.02); 82(655.71); 83(765.99); 84(290.19); 85(485.19); 86(8.92); 87(236.63); 88(604.02); 89(465.39); 90(997.58); 91(880.91); 92(424.07); 93(422.98); 94(393.62); 95(888.86); 96(401.48); 97(963.61); 98(379.71); 99(7.03); 100(604.68); 101(914.86); 102(121.65); 103(388.19); 104(868.44); 105(829.98); 106(572.27); 107(665.61); 108(831.71); 109(538.09); 110(391.07); 111(66.45); 112(135.11); 113(916.79); 114(617.31); 115(829.94); 116(655.32); 117(408.74); 118(205.79); 119(631.03); 120(246.19); 121(956.55); 122(529.97); 123(323.19); 124(5.23); 125(130.32); 126(475.79); 127(961.01); 128(991.66); 129(885.71); 130(131.1); 131(449.07); 132(964.38); 133(934.71); 134(802.3); 135(468.45); 136(548.97); 137(906.24); 138(936.21); 139(882.47); 140(658.48); 141(859.09); 142(674.91); 143(427.31); 144(110.67); 145(541.46); 146(934.73); 147(24.53); 148(939.57); 149(732.47); 150(294.42); 151(899.21); 152(385.74); 153(889.12); 154(799.33); 155(327.8); 156(635.46); 157(610.14); 158(864.17); 159(131.59); 160(564.79); 161(158.8); 162(173.13); 163(896.04); 164(5.72); 165(614.99); 166(479.05); 167(730.92); 168(427.89); 169(341.75); 170(578.23); 171(386.08); 172(826.45); 173(565.63); 174(892.15); 175(108.55); 176(339.74); 177(503.2); 178(240.96); 179(539.21); 180(456.5); 181(382.82); 182(206.31); 183(506.9); 184(290.68); 185(585.29); 186(957.12); 187(599.23); 188(984.31); 189(20.51); 190(543.33); 191(928.4); 192(933.3); 193(154.47); 194(979.34); 195(879.93); 196(177.69); 197(752.76); 198(355.37); 199(330.64); 200(295.76); 201(506.32); 202(58.67); 203(887.69); 204(32.39); 205(937.2); 206(949.34); 207(848.7); 208(178.06); 209(277.85); 210(546.55); 211(305.57); 212(810.9); 213(339.99); 214(749.19); 215(322.66); 216(958.11); 217(83.07); 218(580.19); 219(264.41); 220(250.97); 221(157.51); 222(471.78); 223(785.24); 224(96.93); 225(686.54); 226(775.38); 227(859.69); 228(785.31); 229(352.74); 230(93.71); 231(923.13); 232(934.63); 233(227.94); 234(158.47); 235(348.03); 236(386.8); 237(807.11); 238(970.45); 239(567.8); 240(12.67); 241(368.44); 242(827.5); 243(969.37); 244(445.12); 245(975.66); 246(926.75); 247(579.62); 248(43.32); 249(528.21); 250(882.29); 251(513.12); 252(713.2); 253(638.96); 254(128.58); 255(677.27); 256(121.67); 257(427.91); 258(7.64); 259(155.69); 260(936.86); 261(566.37); 262(152.03); 263(556.04); 264(84.4); 265(871.09); 266(407.12); 267(492.7); 268(832.48); 269(3.79); 270(617.27); 271(564.89); 272(675.92); 273(644.79); 274(455.03); 275(626.63); 276(376.26); 277(554.94); 278(410.25); 279(70.35); 280(134.73); 281(231.35); 282(405.52); 283(577.95); 284(83.84); 285(229.9); 286(276.0); 287(314.76); 288(842.91); 289(586.67); 290(445.56); 291(739.01); 292(152.88); 293(576.26); 294(348.19); 295(147.28); 296(216.78); 297(696.39); 298(365.48); 299(894.57); 300(898.95); 301(511.71); 302(933.25); 303(397.15); 304(804.79); 305(719.15); 306(582.25); 307(55.55); 308(349.8); 309(806.35); 310(588.27); 311(178.39); 312(298.9); 313(396.98); 314(339.55); 315(445.29); 316(357.32); 317(919.61); 318(555.15); 319(846.31); 320(932.3); 321(89.18); 322(735.84); 323(801.25); 324(393.87); 325(619.41); 326(409.53); 327(546.76); 328(662.29); 329(569.16); 330(315.78); 331(164.08); 332(884.95); 333(572.97); 334(583.06); 335(82.42); 336(456.43); 337(431.15); 338(85.52); 339(351.7); 340(508.72); 341(341.82); 342(983.64); 343(451.21); 344(442.93); 345(343.07); 346(809.42); 347(385.64); 348(669.52); 350(367.61); 351(691.9); 352(284.61); 353(110.11); 354(57.22); 355(614.25); 356(637.53); 357(23.94); 358(470.08); 359(88.42); 360(683.97); 361(36.48); 362(486.74); 363(515.25); 364(117.91); 365(981.83); 366(177.51); 367(936.1); 368(510.45); 369(500.1); 370(672.72); 371(239.19); 372(149.71); 373(13.66); 374(269.16); 375(465.65); 376(109.74); 377(921.81); 378(749.76); 379(421.29); 380(934.78); 381(59.09); 382(471.05); 383(498.96); 384(731.1); 385(190.96); 386(141.03); 387(452.08); 388(567.85); 389(245.77); 390(668.26); 391(676.75); 392(668.0); 393(53.92); 394(371.11); 395(550.73); 396(761.31); 397(639.14); 398(997.25); 399(680.86); 400(411.93); 401(828.62); 402(978.29); 403(958.45); 404(836.66); 405(66.49); 406(164.59); 407(924.1); 408(391.18); 409(28.3); 410(377.08); 411(359.38); 412(515.18); 413(250.98); 414(886.07); 415(124.27); 416(971.01); 417(739.73); 418(394.25); 419(872.16); 420(671.89); 421(703.97); 422(51.67); 423(497.17); 424(857.57); 425(503.19); 426(871.54); 427(733.6); 428(639.02); 429(716.24); 430(30.48); 431(150.99); 432(362.87); 433(101.37); 434(969.69); 435(437.13); 436(625.39); 437(79.8); 438(802.37); 439(942.19); 440(810.2); 441(475.73); 442(835.6); 443(225.69); 444(902.05); 445(431.37); 446(910.72); 447(159.72); 448(287.86); 449(382.74); 450(36.9); 451(356.44); 452(242.68); 453(976.78); 454(610.8); 455(751.3); 456(628.4); 457(200.99); 458(851.43); 459(250.88); 460(441.35); 461(637.26); 462(696.25); 463(229.09); 464(651.64); 465(358.09); 466(495.54); 467(930.36); 468(633.47); 469(871.56); 470(569.01); 471(432.45); 472(798.35); 473(417.7); 474(661.31); 475(821.58); 476(368.33); 477(362.17); 478(639.23); 479(223.45); 480(6.04); 481(237.32); 482(941.31); 483(8.95); 484(307.37); 485(242.45); 486(851.84); 487(164.73); 488(561.8); 489(401.91); 490(411.38); 491(440.32); 492(448.74); 493(885.55); 494(451.68); 495(379.19); 496(603.88); 497(791.89); 498(906.39); 499(665.89),1
350,0(308.95); 1(602.37); 2(948.12); 3(434.17); 4(940.1); 5(884.8); 6(961.48); 7(895.53); 8(408.43); 9(498.45); 10(462.21); 11(820.06); 12(492.17); 13(248.1); 14(985.16); 15(370.99); 16(65.83); 17(471.55); 18(219.03); 19(685.48); 20(31.69); 21(654.09); 22(676.27); 23(761.43); 24(310.35); 25(497.48); 26(500.75); 27(335.23); 28(439.62); 29(406.35); 30(232.74); 31(949.83); 32(759.08); 33(445.94); 34(260.9); 35(673.28); 36(168.52); 37(456.71); 38(678.12); 39(70.31); 40(431.13); 41(842.75); 42(177.46); 43(826.01); 44(941.76); 45(100.34); 46(624.8); 47(956.48); 48(368.62); 49(664.7); 50(786.55); 51(626.93); 52(52.37); 53(9.56); 54(223.49); 55(399.71); 56(567.53); 57(835.04); 58(952.38); 59(846.53); 60(812.83); 61(323.81); 62(654.66); 63(392.27); 64(304.99); 65(866.52); 66(985.89); 67(947.67); 68(338.64); 69(745.17); 70(29.78); 71(994.95); 72(74.79); 73(483.36); 74(516.71); 75(581.65); 76(899.49); 77(737.41); 78(438.1); 79(307.81); 80(712.75); 81(123.52); 82(477.49); 83(261.04); 84(6.18); 85(565.63); 86(791.45); 87(277.09); 88(657.14); 89(967.57); 90(609.97); 91(625.49); 92(387.21); 93(488.15); 94(492.34); 95(158.11); 96(530.15); 97(61.75); 98(864.68); 99(717.94); 100(844.73); 101(326.59); 102(420.81); 103(655.47); 104(76.02); 105(767.67); 106(356.48); 107(179.56); 108(399.74); 109(563.24); 110(39.03); 111(294.96); 112(446.56); 113(141.91); 114(891.76); 115(660.68); 116(148.31); 117(434.73); 118(114.59); 119(916.17); 120(663.73); 121(73.5); 122(938.62); 123(881.56); 124(257.3); 125(724.62); 126(544.84); 127(886.36); 128(362.88); 129(833.66); 130(543.82); 131(539.9); 132(626.47); 133(23.67); 134(560.67); 135(801.87); 136(254.19); 137(851.68); 138(737.03); 139(368.85); 140(658.52); 141(526.18); 142(544.29); 143(805.16); 144(27.15); 145(893.47); 146(213.14); 147(226.66); 148(660.9); 149(976.66); 150(812.87); 151(103.84); 152(242.35); 153(577.53); 154(309.25); 155(37.35); 156(987.66); 157(256.63); 158(366.75); 159(100.05); 160(613.22); 161(518.23); 162(25.71); 163(153.98); 164(281.85); 165(741.08); 166(214.12); 167(246.82); 168(307.15); 169(627.29); 170(508.77); 171(849.32); 172(192.82); 173(962.08); 174(793.74); 175(475.16); 176(510.78); 177(62.31); 178(819.82); 179(758.54); 180(22.01); 181(757.1); 182(821.47); 183(241.59); 184(482.64); 185(777.55); 186(312.29); 187(84.5); 188(265.23); 189(356.02); 190(982.35); 191(254.82); 192(392.66); 193(974.76); 194(671.16); 195(952.24); 196(79.57); 197(32.29); 198(350.05); 199(908.96); 200(7.77); 201(63.36); 202(125.27); 203(683.59); 204(370.91); 205(690.44); 206(125.91); 207(889.03); 208(422.19); 209(977.15); 210(368.17); 211(446.49); 212(257.3); 213(320.13); 214(717.07); 215(261.49); 216(466.11); 217(4.75); 218(844.33); 219(972.67); 220(785.08); 221(698.0); 222(878.08); 223(291.23); 224(695.36); 225(426.19); 226(333.54); 227(111.65); 228(527.3); 229(325.77); 230(286.69); 231(933.69); 232(824.2); 233(425.83); 234(997.18); 235(329.99); 236(167.88); 237(585.29); 238(332.39); 239(550.25); 240(771.26); 241(83.77); 242(275.39); 243(94.59); 244(563.92); 245(635.92); 246(52.61); 247(115.32); 248(430.36); 249(22.02); 250(699.65); 251(413.9); 252(982.5); 253(958.15); 254(619.17); 255(849.75); 256(736.99); 257(50.43); 258(318.49); 259(667.66); 260(622.11); 261(872.63); 262(828.52); 263(537.91); 264(197.52); 265(962.76); 266(394.38); 267(815.34); 268(257.99); 269(58.44); 270(107.18); 271(842.97); 272(661.9); 273(666.67); 274(499.88); 275(626.11); 276(885.77); 277(741.17); 278(996.29); 279(904.58); 280(679.92); 281(949.15); 282(575.75); 283(96.21); 284(514.56); 285(575.52); 286(114.09); 287(487.11); 288(726.92); 289(462.73); 290(636.87); 291(985.71); 292(74.97); 293(973.79); 294(908.28); 295(616.62); 296(986.67); 297(5.75); 298(689.98); 299(49.64); 300(623.35); 301(337.91); 302(356.9); 303(753.85); 304(554.85); 305(830.95); 306(985.86); 307(367.57); 308(713.27); 309(951.66); 310(851.17); 311(640.53); 312(561.32); 313(834.07); 314(441.7); 315(615.66); 316(496.21); 317(741.75); 318(116.55); 319(986.07); 320(254.6); 321(466.05); 322(234.45); 323(13.14); 324(262.08); 325(515.25); 326(889.37); 327(625.13); 328(170.2); 329(705.36); 330(192.6); 331(578.68); 332(771.3); 333(724.0); 334(854.89); 335(476.83); 336(952.76); 337(232.26); 338(987.66); 339(965.08); 340(582.1); 341(948.13); 342(657.47); 343(172.11); 344(262.83); 345(24.48); 346(927.3); 347(89.79); 348(692.83); 349(367.61); 351(862.55); 352(747.71); 353(207.33); 354(166.29); 355(300.96); 356(377.72); 357(355.8); 358(127.98); 359(821.44); 360(128.57); 361(313.81); 362(180.52); 363(814.77); 364(819.86); 365(66.48); 366(804.42); 367(371.71); 368(48.92); 369(235.72); 370(916.64); 371(566.99); 372(522.49); 373(133.96); 374(125.22); 375(757.02); 376(93.84); 377(600.97); 378(711.49); 379(584.74); 380(573.8); 381(437.77); 382(657.06); 383(809.31); 384(576.8); 385(102.52); 386(694.8); 387(624.32); 388(561.81); 389(429.44); 390(930.2); 391(980.18); 392(559.26); 393(143.57); 394(778.59); 395(275.19); 396(517.79); 397(279.08); 398(246.52); 399(971.36); 400(630.07); 401(31.57); 402(665.01); 403(983.81); 404(270.92); 405(410.8); 406(735.96); 407(498.71); 408(834.81); 409(535.65); 410(853.3); 411(63.81); 412(905.6); 413(517.16); 414(150.95); 415(462.59); 416(956.05); 417(802.16); 418(590.78); 419(961.09); 420(169.31); 421(724.36); 422(800.64); 423(404.95); 424(29.7); 425(88.57); 426(430.48); 427(224.52); 428(232.55); 429(126.86); 430(265.6); 431(861.76); 432(779.0); 433(58.09); 434(985.06); 435(173.6); 436(849.32); 437(706.08); 438(281.96); 439(451.8); 440(361.33); 441(905.29); 442(536.54); 443(561.36); 444(508.05); 445(120.86); 446(510.93); 447(618.43); 448(884.5); 449(904.65); 450(367.73); 451(521.28); 452(267.34); 453(236.33); 454(344.09); 455(875.94); 456(429.13); 457(563.36); 458(626.02); 459(364.82); 460(679.92); 461(539.63); 462(440.07); 463(568.23); 464(425.4); 465(722.44); 466(525.71); 467(231.19); 468(210.37); 469(937.68); 470(673.25); 471(241.66); 472(508.3); 473(264.23); 474(893.15); 475(918.8); 476(637.4); 477(544.09); 478(53.49); 479(1.68); 480(942.48); 481(384.56); 482(941.31); 483(458.42); 484(631.93); 485(901.53); 486(275.8); 487(183.29); 488(907.71); 489(115.14); 490(280.49); 491(77.38); 492(702.96); 493(862.3); 494(730.01); 495(425.84); 496(638.77); 497(220.38); 498(891.21); 499(246.22),1
351,0(95.46); 1(968.09); 2(914.91); 3(293.53); 4(325.2); 5(848.56); 6(77.2); 7(51.38); 8(697.27); 9(396.92); 10(125.28); 11(574.54); 12(236.13); 13(645.37); 14(17.27); 15(535.07); 16(602.84); 17(63.96); 18(351.07); 19(532.04); 20(316.01); 21(252.96); 22(717.82); 23(583.98); 24(53.02); 25(854.46); 26(408.89); 27(27.34); 28(841.67); 29(120.48); 30(85.06); 31(281.21); 32(215.17); 33(915.98); 34(681.62); 35(789.52); 36(492.71); 37(364.47); 38(300.64); 39(264.01); 40(333.84); 41(400.61); 42(700.74); 43(873.56); 44(495.6); 45(549.47); 46(764.14); 47(294.33); 48(160.69); 49(809.71); 50(733.68); 51(972.84); 52(868.52); 53(67.78); 54(554.99); 55(909.73); 56(865.84); 57(16.77); 58(849.64); 59(383.42); 60(374.39); 61(357.44); 62(686.09); 63(385.17); 64(815.02); 65(392.58); 66(282.86); 67(901.07); 68(301.26); 69(479.17); 70(125.49); 71(120.35); 72(597.09); 73(847.93); 74(22.51); 75(414.82); 76(767.02); 77(649.18); 78(406.79); 79(146.78); 80(158.17); 81(398.11); 82(495.22); 83(527.76); 84(689.4); 85(973.6); 86(357.46); 87(256.43); 88(161.4); 89(950.61); 90(61.04); 91(806.34); 92(462.17); 93(611.46); 94(45.47); 95(423.13); 96(899.37); 97(320.39); 98(900.07); 99(102.91); 100(51.7); 101(43.68); 102(644.25); 103(460.32); 104(731.25); 105(852.71); 106(984.83); 107(9.75); 108(298.33); 109(418.13); 110(791.45); 111(481.36); 112(722.69); 113(633.85); 114(21.12); 115(873.85); 116(827.59); 117(413.17); 118(208.72); 119(270.29); 120(982.84); 121(418.91); 122(190.57); 123(957.97); 124(60.01); 125(602.54); 126(450.36); 127(925.15); 128(566.61); 129(145.86); 130(141.65); 131(521.98); 132(585.74); 133(996.64); 134(694.57); 135(554.95); 136(329.23); 137(492.04); 138(741.45); 139(0.15); 140(817.34); 141(218.05); 142(472.85); 143(544.18); 144(598.32); 145(486.14); 146(812.01); 147(786.11); 148(88.2); 149(847.57); 150(296.95); 151(63.19); 152(287.31); 153(349.27); 154(604.09); 155(412.64); 156(587.75); 157(9.14); 158(2.39); 159(230.78); 160(276.47); 161(429.93); 162(276.25); 163(440.76); 164(279.61); 165(657.05); 166(709.78); 167(612.54); 168(537.53); 169(436.73); 170(979.86); 171(60.76); 172(505.66); 173(867.13); 174(625.58); 175(926.27); 176(279.44); 177(579.53); 178(991.53); 179(887.61); 180(237.83); 181(506.37); 182(965.3); 183(110.25); 184(169.36); 185(450.54); 186(273.53); 187(441.09); 188(266.14); 189(899.81); 190(545.79); 191(818.41); 192(908.12); 193(871.49); 194(802.33); 195(862.36); 196(852.45); 197(607.15); 198(363.86); 199(331.54); 200(797.83); 201(975.23); 202(47.39); 203(128.54); 204(706.42); 205(107.72); 206(518.21); 207(404.07); 208(231.58); 209(891.65); 210(570.51); 211(462.37); 212(413.65); 213(430.07); 214(965.18); 215(336.16); 216(672.22); 217(819.28); 218(262.24); 219(864.46); 220(742.81); 221(425.55); 222(657.94); 223(637.87); 224(312.68); 225(991.45); 226(238.42); 227(614.92); 228(822.98); 229(734.6); 230(859.31); 231(134.0); 232(883.81); 233(589.41); 234(899.57); 235(733.18); 236(813.53); 237(476.7); 238(374.56); 239(794.68); 240(837.02); 241(590.61); 242(51.56); 243(724.9); 244(337.16); 245(639.08); 246(952.05); 247(248.59); 248(865.95); 249(616.5); 250(777.66); 251(613.71); 252(698.32); 253(59.41); 254(453.03); 255(94.76); 256(957.2); 257(879.22); 258(239.64); 259(347.39); 260(423.62); 261(722.19); 262(617.41); 263(133.32); 264(750.4); 265(760.56); 266(436.31); 267(490.56); 268(867.57); 269(541.21); 270(498.52); 271(154.23); 272(922.86); 273(391.63); 274(511.67); 275(40.15); 276(100.84); 277(91.57); 278(186.44); 279(319.83); 280(254.41); 281(319.96); 282(757.4); 283(864.39); 284(724.15); 285(561.02); 286(946.85); 287(122.11); 288(872.67); 289(425.46); 290(296.62); 291(26.68); 292(465.66); 293(238.23); 294(845.24); 295(39.18); 296(857.14); 297(880.97); 298(507.06); 299(860.31); 300(572.29); 301(928.24); 302(500.45); 303(488.09); 304(177.91); 305(948.23); 306(815.35); 307(831.91); 308(988.41); 309(188.51); 310(771.64); 311(8.42); 312(37.94); 313(899.58); 314(996.46); 315(542.85); 316(518.75); 317(337.84); 318(401.05); 319(877.26); 320(385.03); 321(491.92); 322(136.86); 323(89.56); 324(808.83); 325(494.19); 326(567.66); 327(392.31); 328(112.58); 329(394.47); 330(891.17); 331(726.03); 332(760.7); 333(475.23); 334(929.36); 335(61.89); 336(60.53); 337(426.1); 338(735.4); 339(903.66); 340(36.43); 341(570.57); 342(676.13); 343(359.3); 344(576.35); 345(180.28); 346(565.79); 347(374.09); 348(812.58); 349(691.9); 350(862.55); 352(658.03); 353(719.53); 354(205.53); 355(392.96); 356(969.33); 357(238.94); 358(232.51); 359(709.46); 360(38.75); 361(567.6); 362(829.09); 363(11.92); 364(231.82); 365(141.29); 366(562.0); 367(674.74); 368(871.33); 369(827.47); 370(5.56); 371(221.47); 372(954.31); 373(977.17); 374(545.49); 375(848.74); 376(169.26); 377(992.46); 378(481.02); 379(765.36); 380(13.54); 381(225.64); 382(365.95); 383(382.97); 384(516.29); 385(250.8); 386(769.62); 387(231.33); 388(4.88); 389(325.79); 390(710.57); 391(836.53); 392(276.03); 393(391.39); 394(371.87); 395(591.91); 396(634.3); 397(533.31); 398(133.73); 399(862.81); 400(377.5); 401(813.68); 402(326.03); 403(24.83); 404(636.66); 405(783.3); 406(638.98); 407(436.8); 408(607.86); 409(944.51); 410(628.05); 411(946.34); 412(813.42); 413(779.01); 414(209.2); 415(936.25); 416(591.2); 417(50.36); 418(349.34); 419(0.57); 420(85.5); 421(778.63); 422(93.47); 423(592.38); 424(426.97); 425(554.5); 426(167.77); 427(573.91); 428(941.85); 429(745.04); 430(911.48); 431(619.51); 432(740.81); 433(605.71); 434(838.57); 435(546.63); 436(919.43); 437(642.91); 438(698.34); 439(96.5); 440(947.07); 441(788.23); 442(418.09); 443(41.41); 444(17.99); 445(488.74); 446(285.97); 447(864.15); 448(109.89); 449(35.25); 450(399.84); 451(341.23); 452(584.2); 453(173.88); 454(417.67); 455(317.09); 456(499.42); 457(353.44); 458(71.45); 459(629.63); 460(405.21); 461(468.2); 462(189.31); 463(266.1); 464(747.56); 465(703.43); 466(685.95); 467(744.33); 468(646.48); 469(284.07); 470(380.22); 471(485.41); 472(147.93); 473(770.72); 474(487.79); 475(283.51); 476(251.99); 477(277.93); 478(615.14); 479(737.05); 480(132.1); 481(57.08); 482(668.56); 483(414.17); 484(612.09); 485(366.17); 486(395.51); 487(927.91); 488(702.32); 489(970.42); 490(993.98); 491(68.76); 492(14.66); 493(775.3); 494(223.44); 495(501.69); 496(23.35); 497(805.33); 498(133.33); 499(900.56),2
352,0(610.7); 1(798.96); 2(885.95); 3(499.15); 4(1.63); 5(262.92); 6(236.72); 7(717.34); 8(795.84); 9(865.38); 10(428.78); 11(760.52); 12(361.68); 13(236.73); 14(834.14); 15(30.89); 16(877.97); 17(215.87); 18(344.56); 19(391.87); 20(153.85); 21(910.7); 22(89.44); 23(68.93); 24(586.31); 25(556.6); 26(225.0); 27(624.65); 28(354.62); 29(579.7); 30(730.24); 31(354.01); 32(881.2); 33(560.32); 34(262.03); 35(770.25); 36(911.95); 37(657.28); 38(439.26); 39(337.99); 40(589.77); 41(628.87); 42(370.32); 43(594.97); 44(319.23); 45(543.38); 46(558.15); 47(219.11); 48(223.78); 49(101.37); 50(274.38); 51(883.03); 52(377.99); 53(206.78); 54(579.05); 55(79.62); 56(292.61); 57(390.19); 58(378.97); 59(836.77); 60(884.13); 61(50.1); 62(616.7); 63(409.76); 64(859.14); 65(565.51); 66(301.75); 67(216.61); 68(333.34); 69(130.94); 70(977.56); 71(412.54); 72(508.32); 73(80.35); 74(170.94); 75(249.05); 76(542.2); 77(133.43); 78(870.24); 79(452.22); 80(157.5); 81(223.04); 82(789.53); 83(292.29); 84(489.7); 85(417.35); 86(466.36); 87(538.6); 88(14.85); 89(932.29); 90(70.09); 91(818.34); 92(140.01); 93(84.78); 94(427.41); 95(681.38); 96(658.93); 97(704.89); 98(729.82); 99(835.48); 100(145.09); 101(84.8); 102(30.81); 103(415.4); 104(97.25); 105(691.39); 106(499.76); 107(181.26); 108(412.62); 109(359.54); 110(636.82); 111(18.05); 112(504.04); 113(293.48); 114(795.54); 115(919.18); 116(508.88); 117(216.77); 118(359.71); 119(644.61); 120(598.16); 121(998.18); 122(446.78); 123(74.13); 124(639.16); 125(29.78); 126(782.81); 127(862.61); 128(674.41); 129(802.21); 130(668.13); 131(803.42); 132(287.59); 133(669.29); 134(681.65); 135(83.06); 136(245.91); 137(351.19); 138(978.21); 139(395.72); 140(865.49); 141(86.22); 142(933.95); 143(47.48); 144(455.89); 145(486.18); 146(474.36); 147(243.99); 148(207.46); 149(999.13); 150(77.39); 151(302.52); 152(466.38); 153(270.72); 154(849.98); 155(703.14); 156(570.78); 157(679.52); 158(940.09); 159(936.53); 160(451.3); 161(636.96); 162(408.05); 163(525.84); 164(315.69); 165(406.02); 166(348.54); 167(711.72); 168(182.93); 169(412.73); 170(623.23); 171(536.31); 172(91.03); 173(997.36); 174(405.3); 175(39.23); 176(426.76); 177(781.71); 178(876.1); 179(75.35); 180(824.47); 181(331.82); 182(367.44); 183(722.21); 184(918.53); 185(841.02); 186(417.85); 187(407.83); 188(676.54); 189(397.16); 190(807.29); 191(180.46); 192(119.81); 193(335.6); 194(987.71); 195(37.18); 196(568.29); 197(475.3); 198(910.79); 199(878.69); 200(205.83); 201(615.84); 202(905.1); 203(295.43); 204(152.65); 205(838.1); 206(192.35); 207(885.17); 208(191.89); 209(2.01); 210(433.11); 211(73.4); 212(412.98); 213(541.07); 214(791.07); 215(717.25); 216(255.67); 217(900.65); 218(471.76); 219(166.39); 220(672.08); 221(790.94); 222(399.7); 223(476.01); 224(612.35); 225(751.01); 226(883.26); 227(0.15); 228(463.67); 229(13.43); 230(983.69); 231(731.05); 232(62.33); 233(399.79); 234(896.0); 235(101.59); 236(496.03); 237(65.86); 238(431.18); 239(545.75); 240(29.94); 241(585.36); 242(682.11); 243(591.14); 244(980.3); 245(929.24); 246(878.39); 247(146.15); 248(893.29); 249(324.93); 250(498.55); 251(701.42); 252(432.11); 253(618.21); 254(938.73); 255(27.31); 256(959.4); 257(722.7); 258(238.51); 259(627.72); 260(682.83); 261(327.01); 262(892.23); 263(639.05); 264(494.74); 265(450.35); 266(533.01); 267(209.7); 268(588.42); 269(765.44); 270(230.56); 271(100.76); 272(244.18); 273(855.32); 274(596.16); 275(411.17); 276(30.1); 277(758.72); 278(330.18); 279(780.29); 280(938.23); 281(487.55); 282(977.79); 283(377.54); 284(422.53); 285(216.39); 286(194.5); 287(470.24); 288(955.59); 289(540.22); 290(731.2); 291(959.09); 292(830.85); 293(142.53); 294(782.52); 295(115.23); 296(633.5); 297(97.52); 298(264.64); 299(960.46); 300(843.21); 301(836.69); 302(267.44); 303(34.46); 304(878.49); 305(475.98); 306(767.34); 307(286.76); 308(61.09); 309(105.78); 310(669.43); 311(217.44); 312(715.27); 313(687.75); 314(931.76); 315(595.06); 316(669.9); 317(832.07); 318(418.69); 319(324.91); 320(22.9); 321(443.49); 322(233.84); 323(711.13); 324(113.28); 325(355.78); 326(13.99); 327(160.49); 328(116.07); 329(737.03); 330(288.97); 331(466.14); 332(12.44); 333(735.34); 334(520.84); 335(190.54); 336(124.46); 337(866.95); 338(827.33); 339(606.01); 340(43.94); 341(930.03); 342(166.82); 343(180.05); 344(139.26); 345(109.05); 346(825.88); 347(553.87); 348(291.55); 349(284.61); 350(747.71); 351(658.03); 353(359.47); 354(436.66); 355(258.33); 356(153.99); 357(827.72); 358(258.2); 359(419.25); 360(40.75); 361(871.15); 362(652.23); 363(331.75); 364(404.59); 365(781.92); 366(512.85); 367(351.24); 368(856.61); 369(655.8); 370(686.66); 371(434.28); 372(143.69); 373(170.28); 374(966.01); 375(566.77); 376(782.59); 377(343.71); 378(364.53); 379(781.17); 380(343.35); 381(368.03); 382(307.01); 383(294.44); 384(98.57); 385(323.85); 386(772.57); 387(123.33); 388(350.6); 389(120.34); 390(954.5); 391(242.48); 392(350.26); 393(600.86); 394(357.13); 395(877.5); 396(967.1); 397(269.89); 398(329.04); 399(895.91); 400(389.38); 401(22.91); 402(942.5); 403(603.4); 404(834.74); 405(394.02); 406(422.16); 407(80.93); 408(950.23); 409(464.62); 410(162.8); 411(189.78); 412(228.54); 413(298.94); 414(899.71); 415(965.37); 416(665.76); 417(295.24); 418(281.45); 419(500.55); 420(283.29); 421(788.25); 422(560.31); 423(925.24); 424(523.17); 425(76.34); 426(234.38); 427(537.96); 428(745.5); 429(39.09); 430(648.85); 431(490.81); 432(387.34); 433(2.74); 434(173.35); 435(535.52); 436(360.46); 437(680.77); 438(340.9); 439(721.4); 440(896.16); 441(51.06); 442(81.2); 443(299.43); 444(443.68); 445(152.78); 446(336.35); 447(482.14); 448(159.65); 449(425.71); 450(978.36); 451(522.04); 452(569.23); 453(637.26); 454(247.34); 455(272.78); 456(206.44); 457(152.4); 458(428.04); 459(238.86); 460(135.54); 461(114.77); 462(219.41); 463(352.15); 464(444.94); 465(308.75); 466(324.74); 467(138.5); 468(809.6); 469(585.49); 470(281.19); 471(237.18); 472(224.32); 473(880.61); 474(644.27); 475(241.67); 476(885.2); 477(825.29); 478(618.96); 479(472.39); 480(402.96); 481(990.8); 482(797.87); 483(377.14); 484(708.07); 485(90.48); 486(17.76); 487(708.72); 488(965.65); 489(893.23); 490(828.99); 491(854.89); 492(702.05); 493(628.77); 494(387.47); 495(800.16); 496(125.48); 497(906.51); 498(654.74); 499(491.74),1
353,0(436.9); 1(32.91); 2(938.39); 3(332.96); 4(466.14); 5(898.1); 6(748.03); 7(23.37); 8(605.27); 9(829.93); 10(551.17); 11(774.22); 12(171.48); 13(883.37); 14(348.56); 15(86.17); 16(784.76); 17(498.73); 18(189.81); 19(285.02); 20(974.68); 21(18.92); 22(857.0); 23(581.92); 24(212.31); 25(424.28); 26(26.95); 27(75.89); 28(417.58); 29(294.11); 30(630.82); 31(420.51); 32(832.27); 33(785.32); 34(220.59); 35(959.89); 36(529.85); 37(356.57); 38(116.66); 39(220.67); 40(876.7); 41(594.97); 42(794.55); 43(331.0); 44(315.95); 45(410.24); 46(264.17); 47(755.36); 48(273.87); 49(831.87); 50(526.95); 51(754.88); 52(838.18); 53(927.26); 54(806.17); 55(687.78); 56(664.38); 57(298.73); 58(238.97); 59(459.68); 60(111.95); 61(632.46); 62(454.02); 63(691.74); 64(855.6); 65(548.19); 66(212.24); 67(6.14); 68(208.5); 69(998.61); 70(141.19); 71(966.5); 72(87.94); 73(171.73); 74(178.09); 75(84.4); 76(7.07); 77(176.66); 78(199.18); 79(928.06); 80(589.74); 81(248.61); 82(452.68); 83(923.97); 84(39.68); 85(678.02); 86(891.25); 87(925.91); 88(90.5); 89(424.15); 90(886.5); 91(526.61); 92(542.3); 93(648.97); 94(497.38); 95(811.77); 96(512.18); 97(742.29); 98(752.39); 99(939.0); 100(973.4); 101(853.25); 102(183.14); 103(994.24); 104(173.93); 105(466.48); 106(907.01); 107(409.42); 108(304.41); 109(782.92); 110(427.15); 111(567.27); 112(904.14); 113(17.31); 114(272.0); 115(499.74); 116(837.7); 117(242.43); 118(135.91); 119(120.56); 120(338.35); 121(475.33); 122(168.89); 123(212.55); 124(181.44); 125(425.44); 126(759.28); 127(464.02); 128(437.49); 129(917.65); 130(993.12); 131(725.35); 132(112.54); 133(179.86); 134(755.89); 135(60.51); 136(264.08); 137(461.26); 138(547.73); 139(914.92); 140(30.11); 141(54.29); 142(57.61); 143(367.11); 144(959.66); 145(992.0); 146(215.36); 147(492.56); 148(722.72); 149(303.03); 150(142.56); 151(560.87); 152(966.78); 153(778.26); 154(853.88); 155(620.51); 156(308.53); 157(773.73); 158(678.98); 159(415.52); 160(717.52); 161(21.9); 162(385.93); 163(230.79); 164(833.22); 165(627.14); 166(828.48); 167(634.06); 168(721.05); 169(628.0); 170(635.68); 171(55.84); 172(888.02); 173(666.53); 174(565.72); 175(92.53); 176(714.49); 177(617.27); 178(800.66); 179(194.53); 180(422.75); 181(665.22); 182(302.11); 183(361.21); 184(741.97); 185(59.86); 186(367.07); 187(756.38); 188(871.5); 189(794.61); 190(616.76); 191(805.27); 192(192.63); 193(66.3); 194(857.38); 195(570.92); 196(632.64); 197(685.73); 198(60.51); 199(550.6); 200(686.41); 201(906.72); 202(275.48); 203(819.87); 204(731.36); 205(326.35); 206(429.95); 207(734.58); 208(890.53); 209(334.03); 210(232.34); 211(637.54); 212(96.1); 213(143.78); 214(891.03); 215(498.86); 216(61.45); 217(911.36); 218(214.85); 219(693.28); 220(912.52); 221(479.45); 222(778.84); 223(988.44); 224(788.41); 225(302.75); 226(792.63); 227(228.95); 228(117.78); 229(819.59); 230(904.45); 231(332.68); 232(191.43); 233(337.81); 234(787.77); 235(438.21); 236(71.22); 237(991.41); 238(148.75); 239(968.61); 240(798.84); 241(170.83); 242(398.11); 243(343.67); 244(69.29); 245(777.45); 246(391.07); 247(688.92); 248(303.69); 249(466.42); 250(926.64); 251(491.66); 252(442.6); 253(94.28); 254(826.13); 255(614.7); 256(818.77); 257(566.15); 258(982.87); 259(489.83); 260(270.65); 261(773.07); 262(170.77); 263(748.64); 264(87.44); 265(451.28); 266(200.57); 267(19.8); 268(438.03); 269(94.5); 270(174.25); 271(949.66); 272(893.38); 273(296.88); 274(167.13); 275(853.55); 276(948.91); 277(729.98); 278(391.39); 279(67.49); 280(12.92); 281(0.65); 282(892.02); 283(909.06); 284(778.31); 285(383.73); 286(285.37); 287(26.02); 288(402.02); 289(157.04); 290(441.45); 291(870.29); 292(448.02); 293(584.7); 294(956.84); 295(177.37); 296(405.71); 297(266.61); 298(581.66); 299(457.5); 300(986.58); 301(893.06); 302(150.64); 303(219.57); 304(266.06); 305(812.2); 306(991.6); 307(542.3); 308(578.68); 309(921.11); 310(407.51); 311(909.01); 312(454.9); 313(607.89); 314(109.86); 315(29.43); 316(57.44); 317(220.43); 318(291.02); 319(548.62); 320(639.55); 321(178.9); 322(412.46); 323(329.24); 324(802.06); 325(502.12); 326(357.02); 327(53.45); 328(118.3); 329(770.31); 330(896.34); 331(526.26); 332(648.0); 333(402.3); 334(432.92); 335(941.36); 336(27.21); 337(664.88); 338(307.13); 339(12.23); 340(617.29); 341(91.03); 342(815.81); 343(658.84); 344(403.22); 345(239.53); 346(168.48); 347(678.56); 348(586.33); 349(110.11); 350(207.33); 351(719.53); 352(359.47); 354(501.08); 355(257.79); 356(955.21); 357(29.29); 358(31.05); 359(575.38); 360(33.31); 361(959.96); 362(754.09); 363(777.23); 364(136.73); 365(335.94); 366(689.09); 367(551.91); 368(315.53); 369(727.57); 370(936.53); 371(555.81); 372(700.79); 373(800.84); 374(889.38); 375(91.38); 376(811.86); 377(528.04); 378(859.07); 379(434.31); 380(128.78); 381(476.64); 382(413.39); 383(27.27); 384(717.79); 385(910.83); 386(522.46); 387(112.02); 388(215.25); 389(448.64); 390(642.92); 391(845.93); 392(164.81); 393(458.06); 394(942.52); 395(27.06); 396(834.35); 397(254.94); 398(170.61); 399(896.0); 400(70.98); 401(115.11); 402(721.14); 403(423.77); 404(237.11); 405(272.26); 406(375.08); 407(900.91); 408(475.86); 409(493.13); 410(910.56); 411(259.2); 412(433.14); 413(267.03); 414(582.29); 415(559.45); 416(815.8); 417(81.07); 418(324.52); 419(495.3); 420(81.49); 421(359.98); 422(286.82); 423(203.83); 424(359.54); 425(222.25); 426(233.14); 427(227.94); 428(432.15); 429(139.24); 430(286.09); 431(447.68); 432(473.22); 433(371.89); 434(468.59); 435(22.0); 436(867.99); 437(829.43); 438(677.25); 439(792.79); 440(372.86); 441(813.72); 442(448.14); 443(852.93); 444(685.67); 445(813.23); 446(672.54); 447(555.66); 448(365.97); 449(698.91); 450(416.06); 451(231.64); 452(99.11); 453(493.98); 454(589.55); 455(112.19); 456(419.06); 457(827.51); 458(335.11); 459(55.85); 460(846.57); 461(967.66); 462(313.2); 463(617.33); 464(739.31); 465(190.86); 466(322.02); 467(556.75); 468(325.01); 469(760.07); 470(803.43); 471(61.96); 472(500.49); 473(287.35); 474(434.26); 475(913.57); 476(888.2); 477(350.07); 478(602.32); 479(27.42); 480(14.11); 481(374.44); 482(781.46); 483(307.74); 484(165.03); 485(39.92); 486(1.84); 487(41.38); 488(602.08); 489(150.06); 490(505.7); 491(880.14); 492(512.07); 493(471.9); 494(555.05); 495(534.8); 496(942.88); 497(842.48); 498(436.75); 499(276.83),1
354,0(582.1); 1(813.58); 2(712.64); 3(116.53); 4(325.22); 5(452.25); 6(50.9); 7(926.91); 8(470.26); 9(870.59); 10(440.22); 11(63.67); 12(283.7); 13(321.43); 14(99.91); 15(367.66); 16(382.62); 17(885.7); 18(292.4); 19(790.13); 20(339.31); 21(821.34); 22(590.38); 23(412.75); 24(225.38); 25(136.86); 26(578.9); 27(575.23); 28(479.39); 29(937.65); 30(742.63); 31(679.48); 32(650.05); 33(500.78); 34(576.5); 35(736.93); 36(369.94); 37(555.73); 38(201.61); 39(538.75); 40(47.83); 41(606.97); 42(299.14); 43(529.68); 44(922.66); 45(969.84); 46(545.65); 47(470.03); 48(816.17); 49(657.33); 50(136.11); 51(872.39); 52(881.35); 53(143.09); 54(263.05); 55(40.57); 56(949.52); 57(763.3); 58(436.52); 59(917.56); 60(965.13); 61(482.55); 62(208.61); 63(777.76); 64(959.98); 65(659.49); 66(455.37); 67(634.88); 68(533.67); 69(341.36); 70(290.53); 71(15.74); 72(513.5); 73(831.21); 74(771.15); 75(621.06); 76(982.13); 77(629.14); 78(74.59); 79(272.81); 80(828.19); 81(33.34); 82(615.54); 83(608.78); 84(515.82); 85(879.91); 86(298.85); 87(18.8); 88(741.47); 89(211.09); 90(364.05); 91(257.54); 92(405.66); 93(312.81); 94(212.9); 95(313.71); 96(743.76); 97(838.68); 98(399.43); 99(846.07); 100(531.67); 101(595.43); 102(395.75); 103(70.83); 104(430.18); 105(471.62); 106(515.76); 107(38.29); 108(471.25); 109(331.77); 110(45.42); 111(756.04); 112(127.53); 113(875.43); 114(934.28); 115(198.08); 116(539.05); 117(467.21); 118(193.32); 119(95.52); 120(545.78); 121(614.77); 122(388.44); 123(287.94); 124(789.67); 125(453.8); 126(447.78); 127(949.05); 128(615.11); 129(127.18); 130(224.98); 131(185.8); 132(286.98); 133(265.21); 134(672.96); 135(197.84); 136(895.25); 137(132.55); 138(112.55); 139(802.49); 140(444.09); 141(483.29); 142(368.01); 143(930.81); 144(160.23); 145(813.76); 146(362.07); 147(389.28); 148(785.33); 149(447.0); 150(960.69); 151(353.3); 152(157.12); 153(142.24); 154(493.66); 155(766.23); 156(485.61); 157(632.32); 158(325.41); 159(126.18); 160(995.99); 161(9.84); 162(245.51); 163(80.44); 164(976.26); 165(720.12); 166(352.92); 167(505.84); 168(165.39); 169(840.95); 170(375.12); 171(17.75); 172(322.34); 173(593.67); 174(588.35); 175(839.35); 176(851.28); 177(56.99); 178(613.8); 179(44.07); 180(19.71); 181(427.3); 182(1.85); 183(666.92); 184(316.24); 185(835.06); 186(900.16); 187(779.01); 188(353.36); 189(428.7); 190(930.11); 191(383.47); 192(869.07); 193(435.05); 194(443.28); 195(302.3); 196(976.88); 197(477.33); 198(908.35); 199(289.9); 200(146.7); 201(213.03); 202(422.68); 203(185.97); 204(668.24); 205(913.45); 206(379.57); 207(481.57); 208(393.95); 209(179.79); 210(729.63); 211(851.64); 212(573.24); 213(211.09); 214(495.78); 215(414.02); 216(332.85); 217(68.58); 218(75.76); 219(683.52); 220(140.5); 221(335.54); 222(690.03); 223(630.08); 224(49.13); 225(856.03); 226(983.68); 227(253.37); 228(904.62); 229(614.72); 230(429.63); 231(936.29); 232(895.5); 233(72.44); 234(71.87); 235(729.36); 236(782.94); 237(82.02); 238(68.95); 239(768.6); 240(662.68); 241(141.55); 242(812.9); 243(248.92); 244(424.9); 245(620.63); 246(739.95); 247(755.21); 248(683.07); 249(402.94); 250(619.25); 251(107.42); 252(502.24); 253(189.79); 254(436.17); 255(197.84); 256(656.83); 257(487.07); 258(38.98); 259(611.52); 260(666.69); 261(386.33); 262(408.71); 263(270.7); 264(778.81); 265(873.32); 266(158.72); 267(405.59); 268(754.93); 269(153.21); 270(97.22); 271(870.65); 272(710.71); 273(524.75); 274(483.28); 275(836.94); 276(565.78); 277(931.59); 278(928.22); 279(999.3); 280(415.48); 281(950.39); 282(614.17); 283(694.65); 284(695.64); 285(782.41); 286(358.21); 287(41.83); 288(515.02); 289(259.21); 290(597.49); 291(895.61); 292(763.64); 293(983.44); 294(404.72); 295(678.26); 296(482.45); 297(199.56); 298(989.89); 299(103.73); 300(761.05); 301(772.38); 302(364.26); 303(540.77); 304(752.96); 305(862.88); 306(943.59); 307(468.89); 308(896.82); 309(676.67); 310(239.12); 311(531.01); 312(934.67); 313(968.05); 314(570.97); 315(111.53); 316(87.04); 317(884.05); 318(468.24); 319(445.26); 320(562.91); 321(921.95); 322(655.98); 323(222.95); 324(531.94); 325(285.44); 326(215.6); 327(823.73); 328(141.25); 329(186.08); 330(762.26); 331(751.71); 332(924.52); 333(245.93); 334(606.19); 335(181.9); 336(224.55); 337(583.89); 338(830.03); 339(5.46); 340(947.33); 341(396.35); 342(276.66); 343(891.3); 344(491.4); 345(30.01); 346(835.78); 347(407.13); 348(774.71); 349(57.22); 350(166.29); 351(205.53); 352(436.66); 353(501.08); 355(232.65); 356(186.81); 357(176.12); 358(536.16); 359(420.68); 360(17.12); 361(696.8); 362(37.88); 363(924.9); 364(663.15); 365(941.11); 366(433.61); 367(896.97); 368(419.85); 369(792.59); 370(914.64); 371(243.93); 372(464.97); 373(12.55); 374(459.11); 375(700.0); 376(773.98); 377(881.77); 378(449.66); 379(308.66); 380(314.32); 381(944.69); 382(971.53); 383(409.04); 384(268.91); 385(297.71); 386(545.1); 387(938.95); 388(29.84); 389(311.0); 390(550.71); 391(656.54); 392(586.68); 393(16.61); 394(248.8); 395(455.21); 396(936.12); 397(219.85); 398(444.41); 399(716.15); 400(964.63); 401(628.73); 402(866.53); 403(903.82); 404(974.73); 405(849.06); 406(206.93); 407(723.59); 408(467.46); 409(794.01); 410(817.63); 411(449.81); 412(920.69); 413(930.64); 414(33.24); 415(276.26); 416(412.8); 417(394.42); 418(718.31); 419(420.95); 420(522.53); 421(40.11); 422(334.01); 423(752.91); 424(973.01); 425(885.52); 426(209.52); 427(366.72); 428(466.01); 429(563.81); 430(273.09); 431(142.09); 432(238.09); 433(482.27); 434(186.42); 435(134.92); 436(847.45); 437(284.44); 438(487.15); 439(213.33); 440(515.68); 441(666.34); 442(449.09); 443(320.78); 444(701.34); 445(203.71); 446(195.68); 447(599.13); 448(811.76); 449(914.5); 450(875.18); 451(221.35); 452(250.87); 453(600.02); 454(242.29); 455(206.69); 456(190.63); 457(643.25); 458(425.24); 459(567.04); 460(563.06); 461(937.9); 462(406.02); 463(340.51); 464(930.66); 465(606.59); 466(96.47); 467(689.7); 468(749.09); 469(335.89); 470(35.8); 471(896.04); 472(752.39); 473(158.73); 474(173.09); 475(84.58); 476(958.16); 477(27.34); 478(320.04); 479(447.9); 480(404.36); 481(424.13); 482(232.94); 483(62.43); 484(297.61); 485(711.18); 486(673.61); 487(420.75); 488(517.31); 489(639.72); 490(107.63); 491(558.39); 492(120.48); 493(142.99); 494(961.52); 495(175.99); 496(607.59); 497(477.24); 498(321.33); 499(560.54),1
355,0(346.35); 1(193.56); 2(28.74); 3(0.15); 4(924.62); 5(983.63); 6(388.97); 7(774.13); 8(722.5); 9(258.5); 10(549.54); 11(877.44); 12(285.05); 13(729.44); 14(534.65); 15(805.92); 16(690.41); 17(76.29); 18(180.57); 19(593.94); 20(917.39); 21(608.19); 22(961.72); 23(751.67); 24(396.82); 25(236.33); 26(525.8); 27(319.58); 28(460.99); 29(309.08); 30(611.64); 31(403.32); 32(720.75); 33(343.52); 34(146.42); 35(997.24); 36(738.7); 37(283.37); 38(549.18); 39(519.39); 40(611.81); 41(60.37); 42(8.65); 43(215.37); 44(229.38); 45(612.0); 46(108.25); 47(147.1); 48(41.48); 49(125.52); 50(958.49); 51(452.87); 52(812.13); 53(252.35); 54(694.02); 55(644.83); 56(188.42); 57(453.75); 58(563.01); 59(984.98); 60(67.93); 61(214.72); 62(58.21); 63(342.5); 64(242.54); 65(411.44); 66(707.04); 67(900.08); 68(538.05); 69(374.07); 70(544.61); 71(201.11); 72(498.28); 73(468.11); 74(383.87); 75(391.11); 76(69.59); 77(694.23); 78(676.69); 79(327.33); 80(317.55); 81(218.63); 82(286.79); 83(396.69); 84(527.12); 85(376.24); 86(433.36); 87(986.73); 88(637.74); 89(820.32); 90(710.81); 91(566.3); 92(636.03); 93(764.29); 94(666.97); 95(685.41); 96(733.57); 97(62.03); 98(853.63); 99(438.59); 100(977.92); 101(108.46); 102(31.9); 103(682.79); 104(611.38); 105(33.78); 106(530.13); 107(403.45); 108(779.27); 109(753.93); 110(909.93); 111(469.76); 112(843.72); 113(83.97); 114(472.14); 115(841.33); 116(221.78); 117(748.44); 118(878.85); 119(644.18); 120(653.83); 121(160.87); 122(118.26); 123(798.06); 124(486.44); 125(429.32); 126(364.13); 127(23.22); 128(963.08); 129(345.6); 130(425.45); 131(836.78); 132(80.84); 133(236.6); 134(104.62); 135(637.54); 136(429.81); 137(304.72); 138(536.2); 139(451.09); 140(254.4); 141(914.18); 142(852.88); 143(204.18); 144(287.22); 145(133.47); 146(984.52); 147(469.53); 148(198.21); 149(77.21); 150(339.44); 151(444.63); 152(852.05); 153(889.74); 154(871.68); 155(267.34); 156(673.32); 157(412.61); 158(758.8); 159(248.51); 160(838.55); 161(118.03); 162(778.51); 163(551.69); 164(837.4); 165(243.37); 166(171.72); 167(860.66); 168(14.92); 169(22.99); 170(716.4); 171(181.82); 172(984.12); 173(424.88); 174(407.24); 175(812.71); 176(584.28); 177(771.88); 178(404.2); 179(251.45); 180(709.34); 181(618.84); 182(567.08); 183(626.23); 184(657.15); 185(85.59); 186(373.42); 187(123.75); 188(277.0); 189(90.12); 190(854.13); 191(722.3); 192(717.32); 193(319.53); 194(557.6); 195(635.28); 196(584.74); 197(31.89); 198(126.81); 199(93.61); 200(741.66); 201(840.38); 202(672.19); 203(95.7); 204(998.13); 205(461.12); 206(161.75); 207(312.33); 208(351.25); 209(542.25); 210(176.19); 211(878.66); 212(455.33); 213(857.8); 214(457.01); 215(378.19); 216(880.25); 217(404.42); 218(382.1); 219(604.97); 220(812.64); 221(829.04); 222(748.76); 223(664.12); 224(476.76); 225(134.17); 226(480.02); 227(389.08); 228(697.62); 229(3.2); 230(956.34); 231(891.18); 232(94.45); 233(361.74); 234(813.56); 235(722.7); 236(164.65); 237(490.03); 238(516.51); 239(627.84); 240(30.78); 241(431.19); 242(113.09); 243(278.24); 244(909.25); 245(323.65); 246(831.57); 247(932.06); 248(733.67); 249(283.11); 250(673.3); 251(497.77); 252(671.99); 253(657.02); 254(907.39); 255(337.51); 256(244.46); 257(353.7); 258(943.7); 259(148.72); 260(706.05); 261(613.75); 262(4.19); 263(301.64); 264(755.36); 265(425.52); 266(875.38); 267(56.0); 268(472.71); 269(630.29); 270(849.63); 271(155.85); 272(719.77); 273(463.58); 274(243.58); 275(484.33); 276(87.39); 277(722.29); 278(794.87); 279(412.73); 280(417.68); 281(730.72); 282(212.06); 283(822.79); 284(549.49); 285(416.23); 286(67.53); 287(978.75); 288(756.2); 289(875.59); 290(910.03); 291(693.96); 292(630.84); 293(280.45); 294(536.75); 295(863.37); 296(671.35); 297(290.19); 298(238.1); 299(309.41); 300(766.17); 301(162.71); 302(361.3); 303(237.85); 304(289.89); 305(231.46); 306(144.96); 307(573.09); 308(87.16); 309(504.73); 310(540.56); 311(228.63); 312(974.21); 313(675.83); 314(311.02); 315(481.82); 316(335.72); 317(795.35); 318(369.95); 319(662.7); 320(883.3); 321(859.72); 322(719.61); 323(424.8); 324(869.06); 325(87.85); 326(255.02); 327(629.51); 328(824.46); 329(334.39); 330(682.01); 331(298.36); 332(436.88); 333(742.92); 334(703.23); 335(318.46); 336(643.33); 337(978.68); 338(668.92); 339(507.23); 340(641.24); 341(231.05); 342(916.8); 343(784.41); 344(887.43); 345(780.91); 346(561.61); 347(662.32); 348(395.01); 349(614.25); 350(300.96); 351(392.96); 352(258.33); 353(257.79); 354(232.65); 356(51.43); 357(499.27); 358(139.9); 359(26.38); 360(789.13); 361(42.53); 362(242.64); 363(62.17); 364(627.51); 365(802.72); 366(746.48); 367(381.52); 368(704.63); 369(295.07); 370(968.69); 371(839.28); 372(648.66); 373(442.36); 374(961.2); 375(45.18); 376(920.69); 377(279.96); 378(288.75); 379(909.11); 380(988.52); 381(781.87); 382(378.62); 383(176.12); 384(478.63); 385(648.34); 386(20.1); 387(488.18); 388(326.98); 389(553.48); 390(767.51); 391(264.3); 392(577.02); 393(447.19); 394(173.1); 395(896.51); 396(914.66); 397(421.5); 398(100.44); 399(872.22); 400(944.55); 401(903.92); 402(468.59); 403(472.92); 404(292.62); 405(827.35); 406(165.84); 407(928.16); 408(225.63); 409(679.82); 410(104.02); 411(789.73); 412(197.47); 413(442.04); 414(65.3); 415(142.8); 416(682.99); 417(33.59); 418(726.14); 419(192.21); 420(806.79); 421(334.56); 422(12.02); 423(565.93); 424(212.0); 425(67.8); 426(506.83); 427(254.25); 428(38.64); 429(921.54); 430(653.7); 431(248.04); 432(954.48); 433(813.67); 434(49.96); 435(474.92); 436(83.98); 437(853.92); 438(224.66); 439(523.65); 440(346.26); 441(964.94); 442(520.66); 443(753.53); 444(281.81); 445(786.57); 446(117.05); 447(949.98); 448(80.53); 449(10.95); 450(878.87); 451(384.62); 452(801.91); 453(196.71); 454(755.58); 455(254.22); 456(197.95); 457(35.22); 458(74.14); 459(967.46); 460(383.97); 461(597.73); 462(172.54); 463(153.72); 464(495.83); 465(994.51); 466(31.79); 467(325.63); 468(163.83); 469(768.09); 470(522.02); 471(420.99); 472(976.53); 473(322.56); 474(432.27); 475(627.16); 476(552.68); 477(822.2); 478(621.31); 479(285.75); 480(385.59); 481(677.44); 482(337.28); 483(89.28); 484(417.16); 485(285.27); 486(135.04); 487(699.16); 488(408.33); 489(760.23); 490(948.46); 491(307.02); 492(590.39); 493(76.12); 494(212.67); 495(664.05); 496(967.7); 497(283.67); 498(666.32); 499(828.11),1
356,0(975.64); 1(758.89); 2(340.28); 3(585.81); 4(679.54); 5(341.4); 6(277.93); 7(991.32); 8(675.8); 9(586.98); 10(910.75); 11(217.72); 12(515.03); 13(839.42); 14(654.25); 15(573.99); 16(147.35); 17(567.17); 18(528.89); 19(994.09); 20(638.55); 21(319.05); 22(732.22); 23(210.8); 24(435.14); 25(623.91); 26(746.31); 27(186.64); 28(86.12); 29(78.66); 30(41.37); 31(256.61); 32(595.92); 33(671.13); 34(700.67); 35(151.65); 36(863.76); 37(585.4); 38(666.6); 39(470.01); 40(619.01); 41(693.41); 42(45.35); 43(314.76); 44(712.61); 45(206.56); 46(822.22); 47(383.82); 48(807.53); 49(985.84); 50(844.7); 51(194.5); 52(553.32); 53(396.19); 54(281.16); 55(919.05); 56(440.1); 57(264.13); 58(149.58); 59(121.23); 60(560.97); 61(250.74); 62(684.31); 63(565.55); 64(518.44); 65(516.77); 66(796.69); 67(827.58); 68(499.36); 69(401.33); 70(588.32); 71(12.47); 72(937.54); 73(437.51); 74(374.55); 75(433.51); 76(460.57); 77(476.18); 78(989.3); 79(545.65); 80(508.73); 81(338.15); 82(155.34); 83(270.18); 84(583.69); 85(667.21); 86(959.73); 87(607.28); 88(778.62); 89(274.06); 90(620.13); 91(842.65); 92(591.22); 93(215.71); 94(501.71); 95(337.54); 96(894.75); 97(733.17); 98(926.02); 99(970.71); 100(288.66); 101(385.48); 102(907.03); 103(246.4); 104(34.43); 105(418.57); 106(288.82); 107(62.49); 108(78.49); 109(848.22); 110(632.46); 111(436.24); 112(789.01); 113(489.55); 114(664.09); 115(71.55); 116(326.35); 117(784.97); 118(412.28); 119(775.82); 120(206.91); 121(252.7); 122(110.19); 123(310.45); 124(891.41); 125(531.71); 126(910.02); 127(257.07); 128(912.71); 129(659.76); 130(964.4); 131(521.31); 132(750.84); 133(556.51); 134(218.0); 135(108.03); 136(328.63); 137(227.77); 138(218.43); 139(8.81); 140(980.92); 141(232.27); 142(626.42); 143(118.35); 144(292.81); 145(588.97); 146(760.95); 147(110.67); 148(160.77); 149(378.54); 150(909.86); 151(752.92); 152(824.4); 153(301.09); 154(101.28); 155(997.52); 156(409.82); 157(325.28); 158(65.56); 159(897.88); 160(20.72); 161(435.62); 162(156.48); 163(185.18); 164(821.77); 165(504.42); 166(18.85); 167(280.09); 168(134.36); 169(428.64); 170(747.75); 171(53.49); 172(929.24); 173(950.82); 174(855.83); 175(46.72); 176(612.31); 177(320.67); 178(998.0); 179(30.56); 180(487.63); 181(645.47); 182(327.59); 183(627.05); 184(181.27); 185(304.43); 186(425.83); 187(727.72); 188(948.34); 189(629.48); 190(404.4); 191(557.51); 192(718.16); 193(480.79); 194(456.04); 195(489.56); 196(680.73); 197(684.01); 198(141.83); 199(901.61); 200(451.77); 201(428.97); 202(225.05); 203(353.35); 204(615.23); 205(899.78); 206(319.53); 207(9.23); 208(897.02); 209(621.38); 210(827.95); 211(463.07); 212(823.13); 213(272.11); 214(560.35); 215(611.02); 216(698.54); 217(117.13); 218(550.48); 219(513.8); 220(551.15); 221(556.58); 222(597.31); 223(364.51); 224(36.44); 225(807.83); 226(161.87); 227(584.94); 228(492.71); 229(804.99); 230(421.91); 231(742.08); 232(715.57); 233(16.16); 234(692.71); 235(893.43); 236(519.19); 237(137.85); 238(763.41); 239(241.82); 240(717.93); 241(590.02); 242(797.8); 243(68.92); 244(800.7); 245(505.74); 246(194.84); 247(630.49); 248(957.6); 249(558.72); 250(27.75); 251(969.04); 252(97.77); 253(600.03); 254(880.95); 255(206.93); 256(693.05); 257(869.17); 258(439.62); 259(474.64); 260(274.16); 261(605.42); 262(687.33); 263(779.58); 264(531.47); 265(888.54); 266(461.43); 267(304.55); 268(441.59); 269(698.57); 270(199.32); 271(47.91); 272(57.27); 273(226.91); 274(390.04); 275(287.86); 276(36.59); 277(553.05); 278(848.82); 279(969.74); 280(592.17); 281(182.45); 282(13.92); 283(974.91); 284(58.87); 285(720.28); 286(974.26); 287(576.34); 288(709.88); 289(264.33); 290(289.53); 291(959.75); 292(117.53); 293(160.39); 294(875.3); 295(458.96); 296(299.32); 297(967.75); 298(70.19); 299(270.31); 300(986.61); 301(391.65); 302(617.82); 303(70.33); 304(592.87); 305(885.88); 306(18.39); 307(708.26); 308(59.19); 309(696.67); 310(800.63); 311(549.18); 312(405.15); 313(905.03); 314(316.5); 315(820.57); 316(632.49); 317(865.95); 318(214.97); 319(596.2); 320(489.3); 321(451.18); 322(118.39); 323(788.53); 324(666.6); 325(179.06); 326(937.13); 327(92.97); 328(239.3); 329(976.37); 330(456.24); 331(766.63); 332(429.19); 333(540.73); 334(963.11); 335(542.01); 336(448.36); 337(791.51); 338(760.24); 339(73.41); 340(547.52); 341(59.89); 342(12.62); 343(657.47); 344(581.02); 345(837.47); 346(21.77); 347(49.96); 348(328.41); 349(637.53); 350(377.72); 351(969.33); 352(153.99); 353(955.21); 354(186.81); 355(51.43); 357(60.57); 358(30.94); 359(92.69); 360(870.37); 361(442.4); 362(579.33); 363(842.55); 364(161.1); 365(819.23); 366(864.24); 367(529.35); 368(360.2); 369(291.48); 370(579.03); 371(23.56); 372(387.63); 373(36.93); 374(969.86); 375(30.31); 376(871.35); 377(227.09); 378(273.1); 379(861.11); 380(805.02); 381(13.47); 382(833.16); 383(904.06); 384(550.82); 385(694.77); 386(63.74); 387(742.43); 388(78.91); 389(649.4); 390(820.84); 391(421.73); 392(898.63); 393(854.91); 394(417.56); 395(898.57); 396(490.7); 397(808.76); 398(759.69); 399(223.07); 400(46.98); 401(503.3); 402(726.53); 403(992.26); 404(675.14); 405(993.24); 406(557.37); 407(401.33); 408(690.43); 409(199.89); 410(822.43); 411(484.19); 412(551.35); 413(747.56); 414(552.27); 415(7.01); 416(570.63); 417(196.38); 418(648.8); 419(862.99); 420(854.38); 421(553.6); 422(648.59); 423(212.27); 424(969.08); 425(349.95); 426(70.04); 427(969.42); 428(905.34); 429(438.58); 430(442.54); 431(172.64); 432(231.77); 433(393.01); 434(773.94); 435(959.65); 436(230.22); 437(22.91); 438(751.33); 439(116.86); 440(938.39); 441(751.62); 442(369.76); 443(490.34); 444(709.3); 445(427.84); 446(507.78); 447(389.55); 448(692.37); 449(458.77); 450(223.9); 451(146.14); 452(187.86); 453(390.45); 454(467.54); 455(797.32); 456(195.54); 457(434.99); 458(65.54); 459(18.49); 460(540.09); 461(805.49); 462(409.08); 463(371.97); 464(32.99); 465(840.82); 466(32.81); 467(655.47); 468(632.92); 469(522.96); 470(728.16); 471(888.17); 472(959.26); 473(282.99); 474(657.15); 475(277.91); 476(218.27); 477(315.63); 478(252.32); 479(641.88); 480(378.09); 481(901.18); 482(873.71); 483(977.13); 484(434.53); 485(305.44); 486(106.56); 487(667.48); 488(604.87); 489(337.19); 490(692.17); 491(507.07); 492(200.65); 493(972.05); 494(737.87); 495(518.95); 496(284.51); 497(881.86); 498(46.72); 499(948.16),1
357,0(599.96); 1(720.12); 2(986.79); 3(346.48); 4(310.16); 5(83.9); 6(639.36); 7(930.74); 8(202.4); 9(171.55); 10(177.64); 11(117.26); 12(80.13); 13(432.01); 14(421.49); 15(962.75); 16(313.63); 17(283.52); 18(260.78); 19(107.87); 20(794.52); 21(252.54); 22(870.04); 23(384.24); 24(754.34); 25(454.14); 26(869.46); 27(135.37); 28(462.35); 29(447.54); 30(252.05); 31(593.36); 32(831.62); 33(469.15); 34(397.11); 35(322.29); 36(635.23); 37(188.9); 38(880.6); 39(7.32); 40(154.54); 41(770.87); 42(331.28); 43(653.23); 44(833.64); 45(692.34); 46(429.67); 47(463.46); 48(989.82); 49(801.36); 50(935.1); 51(583.84); 52(47.24); 53(127.07); 54(644.24); 55(106.68); 56(965.73); 57(675.88); 58(742.98); 59(304.95); 60(809.91); 61(403.76); 62(883.67); 63(359.13); 64(343.98); 65(855.14); 66(207.93); 67(573.48); 68(401.29); 69(931.7); 70(568.31); 71(661.49); 72(927.5); 73(844.19); 74(883.24); 75(815.97); 76(349.82); 77(555.5); 78(484.8); 79(849.84); 80(21.66); 81(791.78); 82(224.48); 83(155.32); 84(178.46); 85(295.85); 86(613.11); 87(214.27); 88(845.25); 89(561.12); 90(100.02); 91(735.14); 92(773.14); 93(318.76); 94(676.52); 95(538.54); 96(800.32); 97(412.29); 98(970.68); 99(146.25); 100(805.91); 101(578.7); 102(470.54); 103(411.1); 104(3.95); 105(175.96); 106(563.84); 107(642.44); 108(178.68); 109(511.59); 110(515.53); 111(200.31); 112(768.8); 113(462.9); 114(21.94); 115(824.75); 116(635.96); 117(466.83); 118(555.24); 119(221.95); 120(629.58); 121(646.93); 122(186.52); 123(900.38); 124(274.27); 125(839.85); 126(890.89); 127(207.97); 128(710.72); 129(358.57); 130(153.78); 131(732.36); 132(402.03); 133(593.18); 134(35.81); 135(244.72); 136(555.29); 137(347.93); 138(939.94); 139(602.43); 140(329.32); 141(893.12); 142(342.99); 143(303.58); 144(781.64); 145(47.4); 146(300.72); 147(294.96); 148(908.47); 149(293.98); 150(591.86); 151(169.76); 152(70.97); 153(369.21); 154(863.09); 155(757.44); 156(79.21); 157(33.62); 158(883.31); 159(160.66); 160(935.93); 161(736.29); 162(278.14); 163(523.0); 164(28.78); 165(376.18); 166(753.52); 167(60.16); 168(431.98); 169(711.79); 170(948.51); 171(240.42); 172(315.31); 173(913.57); 174(272.83); 175(985.18); 176(548.4); 177(818.43); 178(329.02); 179(876.86); 180(363.58); 181(897.6); 182(858.58); 183(800.08); 184(866.94); 185(992.59); 186(285.12); 187(79.79); 188(649.13); 189(243.42); 190(861.33); 191(807.71); 192(599.57); 193(708.71); 194(816.34); 195(986.21); 196(9.08); 197(891.97); 198(891.23); 199(185.59); 200(205.34); 201(976.5); 202(411.34); 203(203.32); 204(461.59); 205(953.01); 206(445.23); 207(847.94); 208(972.6); 209(311.41); 210(915.59); 211(841.65); 212(160.49); 213(32.53); 214(146.83); 215(511.29); 216(306.32); 217(626.06); 218(832.07); 219(709.05); 220(824.58); 221(667.64); 222(813.6); 223(333.79); 224(948.27); 225(327.78); 226(723.64); 227(75.84); 228(393.64); 229(792.89); 230(427.85); 231(463.89); 232(677.36); 233(815.21); 234(285.52); 235(432.89); 236(211.59); 237(957.83); 238(350.51); 239(39.33); 240(650.84); 241(549.16); 242(810.13); 243(614.29); 244(689.71); 245(606.84); 246(122.68); 247(957.95); 248(203.4); 249(196.41); 250(745.0); 251(173.15); 252(188.63); 253(800.0); 254(582.75); 255(761.23); 256(883.5); 257(901.65); 258(368.78); 259(443.14); 260(534.96); 261(434.69); 262(535.1); 263(283.23); 264(191.32); 265(281.67); 266(446.36); 267(230.83); 268(602.63); 269(670.59); 270(138.01); 271(273.08); 272(771.28); 273(361.62); 274(586.05); 275(524.21); 276(122.83); 277(9.79); 278(52.26); 279(436.33); 280(777.29); 281(838.34); 282(957.35); 283(26.48); 284(294.97); 285(997.95); 286(944.62); 287(706.01); 288(846.36); 289(260.28); 290(620.94); 291(680.78); 292(737.73); 293(37.02); 294(768.17); 295(253.31); 296(759.72); 297(15.52); 298(788.56); 299(589.65); 300(649.14); 301(581.9); 302(42.85); 303(72.09); 304(773.37); 305(568.08); 306(505.23); 307(561.57); 308(768.68); 309(914.57); 310(665.27); 311(481.97); 312(442.88); 313(983.67); 314(721.09); 315(369.78); 316(199.64); 317(707.52); 318(936.93); 319(66.17); 320(328.55); 321(437.71); 322(890.21); 323(397.28); 324(10.02); 325(432.07); 326(456.28); 327(532.78); 328(998.46); 329(357.18); 330(915.87); 331(713.92); 332(499.92); 333(323.99); 334(494.47); 335(276.71); 336(270.79); 337(433.13); 338(111.55); 339(502.43); 340(683.4); 341(835.66); 342(43.79); 343(273.35); 344(921.4); 345(861.37); 346(783.93); 347(518.93); 348(48.7); 349(23.94); 350(355.8); 351(238.94); 352(827.72); 353(29.29); 354(176.12); 355(499.27); 356(60.57); 358(868.46); 359(711.78); 360(523.84); 361(695.54); 362(826.25); 363(359.94); 364(112.65); 365(35.47); 366(972.87); 367(828.66); 368(614.39); 369(919.58); 370(40.73); 371(142.63); 372(198.14); 373(578.27); 374(250.69); 375(617.01); 376(218.83); 377(345.43); 378(413.38); 379(740.69); 380(693.66); 381(970.07); 382(985.93); 383(218.42); 384(55.36); 385(839.41); 386(547.43); 387(151.31); 388(909.68); 389(198.43); 390(780.12); 391(34.71); 392(270.01); 393(350.79); 394(41.01); 395(585.95); 396(914.17); 397(514.44); 398(245.86); 399(141.39); 400(436.02); 401(692.2); 402(547.48); 403(711.62); 404(201.99); 405(704.38); 406(64.54); 407(359.14); 408(482.96); 409(666.72); 410(999.65); 411(512.22); 412(801.52); 413(947.9); 414(197.79); 415(117.59); 416(26.71); 417(40.01); 418(414.15); 419(895.41); 420(712.87); 421(626.51); 422(552.74); 423(722.81); 424(552.06); 425(924.6); 426(165.95); 427(246.3); 428(401.04); 429(705.07); 430(567.42); 431(505.9); 432(604.28); 433(434.54); 434(18.68); 435(568.14); 436(935.12); 437(492.68); 438(412.88); 439(880.75); 440(603.38); 441(896.07); 442(37.86); 443(735.62); 444(456.15); 445(11.81); 446(309.27); 447(148.77); 448(907.9); 449(631.84); 450(29.77); 451(783.38); 452(949.19); 453(510.07); 454(639.89); 455(224.17); 456(287.9); 457(602.95); 458(162.62); 459(565.53); 460(636.37); 461(508.36); 462(492.28); 463(334.9); 464(94.87); 465(137.4); 466(385.24); 467(597.54); 468(207.67); 469(128.73); 470(409.44); 471(693.35); 472(50.84); 473(709.08); 474(92.62); 475(63.09); 476(143.08); 477(13.27); 478(489.29); 479(729.07); 480(536.82); 481(171.59); 482(423.99); 483(919.34); 484(324.4); 485(619.18); 486(901.9); 487(461.69); 488(83.55); 489(933.84); 490(178.72); 491(11.98); 492(611.68); 493(877.38); 494(281.71); 495(968.73); 496(668.12); 497(972.95); 498(915.64); 499(817.09),1
358,0(928.01); 1(588.19); 2(452.27); 3(75.94); 4(34.67); 5(350.3); 6(451.75); 7(200.57); 8(775.92); 9(413.94); 10(829.33); 11(969.3); 12(891.79); 13(878.28); 14(22.85); 15(667.12); 16(401.23); 17(357.26); 18(709.01); 19(560.18); 20(81.66); 21(177.86); 22(356.0); 23(262.81); 24(948.77); 25(477.08); 26(539.93); 27(407.25); 28(472.91); 29(958.92); 30(956.65); 31(537.15); 32(328.22); 33(776.85); 34(962.42); 35(888.4); 36(876.81); 37(102.17); 38(802.71); 39(550.56); 40(412.43); 41(327.16); 42(894.54); 43(181.45); 44(397.22); 45(4.59); 46(388.07); 47(84.6); 48(833.02); 49(474.98); 50(34.05); 51(568.48); 52(926.72); 53(118.07); 54(263.02); 55(702.19); 56(572.75); 57(256.81); 58(227.53); 59(906.95); 60(529.77); 61(384.37); 62(610.69); 63(8.54); 64(340.83); 65(279.31); 66(252.39); 67(738.17); 68(230.79); 69(698.11); 70(222.42); 71(659.94); 72(347.07); 73(591.77); 74(688.25); 75(4.52); 76(938.68); 77(511.95); 78(512.7); 79(353.37); 80(86.55); 81(530.68); 82(280.13); 83(462.2); 84(306.2); 85(721.16); 86(440.48); 87(8.55); 88(54.51); 89(305.4); 90(252.19); 91(33.94); 92(503.23); 93(130.14); 94(807.02); 95(699.62); 96(372.31); 97(68.34); 98(473.95); 99(443.83); 100(521.17); 101(397.08); 102(800.1); 103(838.21); 104(76.39); 105(149.39); 106(153.22); 107(238.82); 108(114.15); 109(603.04); 110(991.37); 111(960.42); 112(678.51); 113(174.82); 114(324.63); 115(940.92); 116(214.68); 117(310.97); 118(509.0); 119(338.84); 120(585.59); 121(224.35); 122(47.46); 123(26.46); 124(333.7); 125(398.14); 126(758.05); 127(926.35); 128(901.89); 129(24.21); 130(132.6); 131(416.98); 132(997.77); 133(430.23); 134(673.93); 135(949.27); 136(181.25); 137(689.83); 138(479.33); 139(893.67); 140(738.97); 141(667.03); 142(203.4); 143(939.81); 144(995.27); 145(605.01); 146(884.81); 147(368.88); 148(503.61); 149(77.1); 150(376.71); 151(162.19); 152(12.72); 153(838.75); 154(877.38); 155(364.51); 156(154.08); 157(95.34); 158(477.01); 159(279.15); 160(816.35); 161(588.06); 162(168.22); 163(52.15); 164(305.99); 165(853.33); 166(296.72); 167(663.68); 168(820.87); 169(370.24); 170(608.43); 171(796.29); 172(671.58); 173(942.47); 174(935.48); 175(784.3); 176(596.07); 177(506.55); 178(383.94); 179(814.4); 180(180.3); 181(200.61); 182(527.56); 183(929.37); 184(978.11); 185(572.28); 186(163.39); 187(797.06); 188(555.69); 189(415.11); 190(360.57); 191(62.17); 192(488.87); 193(803.38); 194(967.86); 195(982.34); 196(536.41); 197(872.88); 198(413.21); 199(771.21); 200(701.59); 201(655.09); 202(311.98); 203(893.25); 204(437.07); 205(350.57); 206(853.75); 207(154.41); 208(646.47); 209(319.25); 210(234.27); 211(665.13); 212(859.88); 213(57.75); 214(576.8); 215(397.1); 216(100.95); 217(905.89); 218(923.89); 219(992.58); 220(537.33); 221(152.13); 222(681.41); 223(725.38); 224(219.97); 225(304.84); 226(946.2); 227(178.1); 228(305.1); 229(705.89); 230(18.65); 231(496.97); 232(43.85); 233(208.13); 234(134.23); 235(931.51); 236(966.74); 237(89.86); 238(840.2); 239(563.77); 240(344.72); 241(344.78); 242(285.16); 243(20.07); 244(200.79); 245(967.92); 246(536.06); 247(970.66); 248(347.82); 249(833.69); 250(527.61); 251(382.06); 252(886.81); 253(477.49); 254(967.97); 255(441.2); 256(905.08); 257(376.07); 258(674.54); 259(459.36); 260(872.11); 261(394.51); 262(453.58); 263(521.74); 264(791.04); 265(970.96); 266(895.62); 267(530.1); 268(601.42); 269(943.85); 270(581.41); 271(162.1); 272(78.72); 273(544.41); 274(503.64); 275(77.92); 276(92.22); 277(962.91); 278(682.18); 279(459.69); 280(648.53); 281(710.37); 282(999.82); 283(989.92); 284(256.18); 285(75.43); 286(641.7); 287(627.5); 288(266.82); 289(575.16); 290(488.49); 291(581.79); 292(255.49); 293(352.21); 294(239.33); 295(106.91); 296(846.84); 297(641.92); 298(229.55); 299(749.23); 300(670.03); 301(868.77); 302(125.03); 303(117.35); 304(834.67); 305(401.02); 306(111.64); 307(218.24); 308(316.03); 309(97.13); 310(595.96); 311(908.7); 312(20.01); 313(874.72); 314(611.05); 315(586.19); 316(289.41); 317(485.48); 318(275.6); 319(442.93); 320(774.18); 321(519.55); 322(63.64); 323(722.23); 324(230.81); 325(199.98); 326(90.54); 327(563.2); 328(320.48); 329(419.26); 330(715.33); 331(944.93); 332(198.89); 333(792.45); 334(969.05); 335(570.06); 336(34.1); 337(826.81); 338(557.46); 339(408.82); 340(798.26); 341(231.3); 342(98.87); 343(506.25); 344(358.2); 345(69.21); 346(854.42); 347(332.41); 348(365.51); 349(470.08); 350(127.98); 351(232.51); 352(258.2); 353(31.05); 354(536.16); 355(139.9); 356(30.94); 357(868.46); 359(727.46); 360(458.21); 361(745.25); 362(649.96); 363(713.79); 364(179.76); 365(799.33); 366(341.03); 367(239.82); 368(673.8); 369(288.38); 370(585.17); 371(321.89); 372(113.42); 373(967.07); 374(343.88); 375(584.49); 376(824.02); 377(607.36); 378(422.36); 379(28.2); 380(192.9); 381(995.64); 382(772.33); 383(758.02); 384(865.65); 385(570.45); 386(210.57); 387(388.85); 388(895.79); 389(230.5); 390(553.9); 391(269.01); 392(73.5); 393(662.36); 394(972.68); 395(579.38); 396(178.42); 397(849.26); 398(788.13); 399(678.81); 400(579.35); 401(914.1); 402(380.6); 403(403.67); 404(689.16); 405(429.52); 406(894.77); 407(685.89); 408(7.05); 409(285.9); 410(536.9); 411(542.25); 412(252.83); 413(246.43); 414(957.34); 415(422.59); 416(443.0); 417(533.45); 418(62.09); 419(749.25); 420(460.79); 421(733.96); 422(150.53); 423(822.45); 424(618.38); 425(923.06); 426(409.55); 427(212.62); 428(166.61); 429(428.7); 430(268.37); 431(321.2); 432(966.1); 433(46.33); 434(109.4); 435(305.14); 436(556.39); 437(695.48); 438(984.67); 439(859.09); 440(525.65); 441(320.31); 442(871.58); 443(183.35); 444(684.77); 445(703.36); 446(456.55); 447(401.2); 448(375.12); 449(452.39); 450(190.92); 451(802.33); 452(82.17); 453(738.38); 454(882.32); 455(186.51); 456(168.36); 457(904.38); 458(438.2); 459(895.96); 460(385.44); 461(136.53); 462(641.28); 463(604.68); 464(216.84); 465(308.73); 466(959.59); 467(796.62); 468(368.41); 469(443.34); 470(557.33); 471(578.84); 472(760.22); 473(625.32); 474(148.1); 475(733.55); 476(521.39); 477(520.58); 478(104.39); 479(979.19); 480(574.52); 481(467.72); 482(428.83); 483(766.87); 484(799.57); 485(360.62); 486(322.79); 487(550.19); 488(204.16); 489(353.04); 490(811.8); 491(12.51); 492(379.05); 493(289.31); 494(934.31); 495(415.43); 496(316.77); 497(287.72); 498(990.32); 499(73.77),1
359,0(934.85); 1(763.0); 2(933.41); 3(990.95); 4(667.46); 5(143.69); 6(666.37); 7(269.25); 8(332.06); 9(842.71); 10(691.94); 11(85.23); 12(916.18); 13(362.97); 14(25.55); 15(568.97); 16(329.1); 17(529.54); 18(805.84); 19(810.41); 20(217.29); 21(903.4); 22(150.53); 23(690.42); 24(52.82); 25(347.93); 26(768.47); 27(504.6); 28(44.27); 29(100.77); 30(797.87); 31(968.23); 32(839.87); 33(951.92); 34(222.73); 35(462.46); 36(562.64); 37(849.53); 38(626.46); 39(170.61); 40(493.32); 41(876.76); 42(849.58); 43(138.85); 44(592.41); 45(981.06); 46(191.94); 47(784.27); 48(846.28); 49(271.7); 50(139.82); 51(558.36); 52(401.91); 53(386.99); 54(125.14); 55(871.67); 56(292.96); 57(735.55); 58(86.34); 59(922.76); 60(468.42); 61(55.85); 62(619.61); 63(884.99); 64(643.12); 65(237.26); 66(129.49); 67(0.9); 68(702.83); 69(299.7); 70(186.93); 71(45.01); 72(909.64); 73(362.29); 74(900.15); 75(91.74); 76(904.29); 77(447.65); 78(889.58); 79(281.98); 80(305.85); 81(952.68); 82(914.62); 83(138.32); 84(21.07); 85(652.98); 86(775.43); 87(381.57); 88(736.42); 89(502.27); 90(337.21); 91(333.41); 92(76.48); 93(563.84); 94(897.01); 95(612.9); 96(946.05); 97(33.45); 98(652.76); 99(821.17); 100(963.22); 101(651.89); 102(683.38); 103(671.84); 104(882.78); 105(414.57); 106(304.34); 107(99.99); 108(955.28); 109(487.8); 110(68.93); 111(802.51); 112(103.16); 113(269.13); 114(388.54); 115(834.87); 116(767.3); 117(35.34); 118(112.18); 119(793.8); 120(682.61); 121(934.22); 122(466.34); 123(418.9); 124(937.54); 125(886.69); 126(94.93); 127(5.99); 128(411.14); 129(63.43); 130(846.29); 131(925.98); 132(722.83); 133(906.47); 134(98.29); 135(231.49); 136(931.72); 137(962.25); 138(734.88); 139(525.07); 140(661.86); 141(252.57); 142(749.67); 143(646.43); 144(308.29); 145(539.46); 146(317.38); 147(40.93); 148(760.77); 149(898.46); 150(660.36); 151(253.91); 152(395.96); 153(199.5); 154(541.85); 155(587.72); 156(103.25); 157(982.57); 158(763.6); 159(899.21); 160(441.86); 161(282.63); 162(375.16); 163(171.61); 164(796.94); 165(385.31); 166(226.17); 167(314.25); 168(55.9); 169(167.71); 170(639.94); 171(89.64); 172(582.17); 173(607.58); 174(452.03); 175(402.17); 176(893.98); 177(121.72); 178(114.79); 179(958.37); 180(30.72); 181(862.27); 182(400.4); 183(990.96); 184(521.22); 185(147.55); 186(896.26); 187(616.98); 188(636.69); 189(516.6); 190(262.16); 191(852.17); 192(928.34); 193(756.89); 194(177.42); 195(762.8); 196(332.12); 197(839.26); 198(937.02); 199(71.48); 200(135.09); 201(684.76); 202(545.82); 203(697.66); 204(494.64); 205(301.34); 206(816.93); 207(976.2); 208(774.33); 209(249.23); 210(413.86); 211(62.42); 212(636.35); 213(132.25); 214(945.46); 215(250.44); 216(678.51); 217(213.61); 218(825.05); 219(237.41); 220(103.73); 221(487.22); 222(686.66); 223(990.31); 224(958.69); 225(317.91); 226(127.85); 227(22.34); 228(692.28); 229(489.38); 230(599.48); 231(902.77); 232(513.95); 233(502.11); 234(349.18); 235(20.01); 236(977.02); 237(203.63); 238(100.56); 239(261.14); 240(252.93); 241(802.65); 242(68.45); 243(391.99); 244(944.98); 245(146.22); 246(380.96); 247(532.77); 248(659.53); 249(690.12); 250(425.57); 251(6.35); 252(283.77); 253(837.04); 254(275.06); 255(104.31); 256(627.56); 257(407.92); 258(562.6); 259(786.65); 260(433.22); 261(926.49); 262(759.49); 263(867.79); 264(481.75); 265(893.6); 266(253.42); 267(954.48); 268(261.32); 269(525.93); 270(273.54); 271(811.56); 272(854.38); 273(378.27); 274(941.54); 275(933.09); 276(654.28); 277(829.99); 278(217.2); 279(204.94); 280(550.76); 281(466.82); 282(129.8); 283(675.4); 284(947.69); 285(578.93); 286(926.46); 287(703.57); 288(865.91); 289(834.83); 290(661.79); 291(218.44); 292(238.99); 293(54.41); 294(546.36); 295(651.15); 296(498.4); 297(306.95); 298(393.34); 299(788.99); 300(727.25); 301(533.03); 302(458.57); 303(59.58); 304(456.42); 305(776.99); 306(282.82); 307(943.47); 308(395.52); 309(546.06); 310(547.55); 311(396.42); 312(118.79); 313(886.71); 314(172.67); 315(201.16); 316(453.42); 317(141.82); 318(233.45); 319(613.73); 320(911.8); 321(973.26); 322(708.47); 323(563.28); 324(547.77); 325(706.35); 326(986.64); 327(429.31); 328(737.84); 329(479.61); 330(735.59); 331(839.97); 332(725.51); 333(985.75); 334(507.87); 335(317.08); 336(844.05); 337(351.53); 338(656.53); 339(752.02); 340(507.92); 341(888.47); 342(849.84); 343(790.34); 344(597.14); 345(435.89); 346(385.2); 347(617.26); 348(529.84); 349(88.42); 350(821.44); 351(709.46); 352(419.25); 353(575.38); 354(420.68); 355(26.38); 356(92.69); 357(711.78); 358(727.46); 360(700.02); 361(93.6); 362(100.49); 363(206.03); 364(786.58); 365(536.79); 366(860.42); 367(145.15); 368(170.56); 369(409.63); 370(165.82); 371(345.16); 372(512.7); 373(245.67); 374(627.29); 375(826.31); 376(167.28); 377(629.92); 378(589.07); 379(925.96); 380(473.14); 381(593.41); 382(465.0); 383(604.94); 384(384.74); 385(417.77); 386(811.32); 387(166.11); 388(312.38); 389(872.17); 390(522.01); 391(42.65); 392(327.64); 393(901.68); 394(612.34); 395(405.67); 396(328.89); 397(939.65); 398(953.0); 399(56.39); 400(867.44); 401(518.01); 402(718.23); 403(623.91); 404(187.84); 405(590.93); 406(440.09); 407(76.97); 408(490.93); 409(576.92); 410(574.46); 411(144.65); 412(30.45); 413(883.98); 414(168.61); 415(99.39); 416(56.24); 417(197.37); 418(175.6); 419(624.82); 420(105.89); 421(777.41); 422(846.91); 423(106.08); 424(992.66); 425(366.94); 426(154.87); 427(507.5); 428(637.19); 429(563.7); 430(388.95); 431(475.0); 432(918.39); 433(505.82); 434(458.71); 435(601.48); 436(152.71); 437(507.43); 438(807.15); 439(932.6); 440(206.02); 441(773.22); 442(565.4); 443(965.11); 444(839.95); 445(351.77); 446(246.25); 447(765.54); 448(586.98); 449(456.92); 450(194.75); 451(977.89); 452(423.44); 453(657.04); 454(381.72); 455(282.8); 456(112.43); 457(235.46); 458(496.17); 459(304.8); 460(928.03); 461(291.58); 462(573.99); 463(945.94); 464(596.09); 465(636.39); 466(618.98); 467(612.87); 468(157.95); 469(13.31); 470(545.28); 471(513.58); 472(25.07); 473(913.16); 474(921.2); 475(43.73); 476(352.68); 477(521.64); 478(478.73); 479(308.55); 480(276.26); 481(976.6); 482(305.38); 483(861.86); 484(942.09); 485(12.22); 486(350.48); 487(162.75); 488(802.01); 489(520.99); 490(934.37); 491(750.77); 492(937.96); 493(726.05); 494(563.06); 495(661.2); 496(321.29); 497(219.4); 498(602.97); 499(848.12),1
360,0(56.7); 1(321.63); 2(869.46); 3(130.08); 4(799.45); 5(39.46); 6(214.0); 7(762.69); 8(330.06); 9(244.4); 10(796.2); 11(263.68); 12(424.41); 13(693.54); 14(611.96); 15(452.78); 16(471.27); 17(286.57); 18(580.63); 19(87.98); 20(424.43); 21(971.47); 22(186.46); 23(505.24); 24(139.85); 25(389.76); 26(123.28); 27(752.28); 28(70.61); 29(221.1); 30(871.13); 31(249.43); 32(64.28); 33(488.99); 34(326.09); 35(230.47); 36(976.25); 37(480.76); 38(386.13); 39(7.23); 40(400.73); 41(880.97); 42(826.87); 43(761.82); 44(329.65); 45(271.45); 46(168.06); 47(177.68); 48(163.23); 49(736.78); 50(338.02); 51(491.86); 52(287.59); 53(553.45); 54(125.54); 55(317.93); 56(630.61); 57(657.46); 58(449.78); 59(363.06); 60(570.91); 61(830.88); 62(705.41); 63(508.84); 64(146.29); 65(809.71); 66(543.7); 67(804.53); 68(230.41); 69(929.8); 70(644.26); 71(170.97); 72(59.53); 73(69.54); 74(281.32); 75(70.56); 76(497.12); 77(938.65); 78(980.47); 79(350.62); 80(949.91); 81(869.77); 82(213.77); 83(255.81); 84(276.69); 85(429.61); 86(255.23); 87(22.32); 88(845.59); 89(485.44); 90(810.14); 91(845.74); 92(2.41); 93(824.29); 94(667.84); 95(26.49); 96(899.77); 97(828.96); 98(419.35); 99(689.84); 100(843.42); 101(872.6); 102(942.75); 103(878.91); 104(907.42); 105(151.75); 106(249.54); 107(611.32); 108(361.57); 109(562.84); 110(412.52); 111(352.71); 112(507.19); 113(41.88); 114(998.51); 115(340.03); 116(816.38); 117(6.56); 118(612.04); 119(190.44); 120(918.0); 121(639.75); 122(968.74); 123(650.28); 124(897.21); 125(15.87); 126(224.82); 127(600.62); 128(113.4); 129(332.84); 130(175.12); 131(398.68); 132(590.67); 133(331.76); 134(234.93); 135(696.81); 136(784.46); 137(587.73); 138(721.81); 139(651.0); 140(72.22); 141(211.62); 142(253.5); 143(701.35); 144(899.32); 145(626.45); 146(241.36); 147(298.14); 148(271.58); 149(22.76); 150(353.14); 151(167.13); 152(543.95); 153(797.5); 154(78.01); 155(140.13); 156(732.19); 157(115.34); 158(753.87); 159(829.84); 160(305.67); 161(378.21); 162(589.19); 163(747.98); 164(839.15); 165(216.03); 166(323.97); 167(895.1); 168(273.46); 169(603.6); 170(332.49); 171(375.62); 172(268.17); 173(834.6); 174(667.08); 175(959.63); 176(84.98); 177(485.67); 178(500.22); 179(493.27); 180(863.45); 181(268.88); 182(503.95); 183(282.85); 184(58.61); 185(333.74); 186(711.08); 187(957.85); 188(806.44); 189(150.34); 190(414.93); 191(769.43); 192(741.33); 193(241.76); 194(931.17); 195(192.42); 196(84.16); 197(359.22); 198(794.53); 199(17.4); 200(417.24); 201(611.11); 202(597.57); 203(505.91); 204(280.77); 205(977.77); 206(246.15); 207(797.23); 208(588.55); 209(19.28); 210(402.68); 211(169.2); 212(631.16); 213(170.6); 214(587.9); 215(613.57); 216(429.81); 217(780.73); 218(79.3); 219(71.6); 220(565.01); 221(405.88); 222(123.14); 223(645.64); 224(801.19); 225(291.93); 226(999.26); 227(541.91); 228(468.38); 229(205.84); 230(714.58); 231(760.66); 232(185.56); 233(117.46); 234(170.19); 235(984.92); 236(68.22); 237(467.39); 238(570.46); 239(715.69); 240(841.34); 241(429.8); 242(123.9); 243(780.11); 244(147.21); 245(783.38); 246(333.89); 247(327.58); 248(723.07); 249(629.14); 250(591.46); 251(411.45); 252(264.54); 253(305.6); 254(400.92); 255(529.82); 256(488.66); 257(879.25); 258(542.36); 259(479.46); 260(435.62); 261(879.46); 262(556.58); 263(281.11); 264(506.01); 265(762.28); 266(712.0); 267(689.82); 268(888.26); 269(607.68); 270(188.46); 271(788.95); 272(691.58); 273(98.27); 274(177.1); 275(325.41); 276(864.94); 277(308.52); 278(44.87); 279(969.46); 280(243.16); 281(604.78); 282(12.5); 283(848.74); 284(331.3); 285(314.36); 286(611.9); 287(4.33); 288(998.55); 289(962.37); 290(344.3); 291(406.71); 292(846.02); 293(274.18); 294(577.45); 295(919.75); 296(499.57); 297(702.49); 298(593.8); 299(391.69); 300(808.35); 301(223.96); 302(508.11); 303(70.56); 304(130.45); 305(524.48); 306(315.2); 307(606.34); 308(981.97); 309(225.49); 310(368.21); 311(179.0); 312(947.94); 313(595.39); 314(484.45); 315(783.48); 316(143.67); 317(984.48); 318(277.0); 319(553.29); 320(864.95); 321(114.84); 322(457.58); 323(308.0); 324(885.8); 325(677.51); 326(911.76); 327(68.44); 328(839.27); 329(258.59); 330(128.1); 331(485.44); 332(94.28); 333(734.76); 334(508.05); 335(911.77); 336(534.92); 337(787.16); 338(342.38); 339(930.97); 340(248.81); 341(735.18); 342(568.05); 343(729.15); 344(518.58); 345(455.98); 346(574.88); 347(25.11); 348(465.69); 349(683.97); 350(128.57); 351(38.75); 352(40.75); 353(33.31); 354(17.12); 355(789.13); 356(870.37); 357(523.84); 358(458.21); 359(700.02); 361(638.99); 362(146.25); 363(780.57); 364(890.23); 365(499.81); 366(74.82); 367(422.06); 368(359.37); 369(502.41); 370(128.24); 371(913.45); 372(694.17); 373(575.79); 374(202.82); 375(646.29); 376(22.79); 377(995.46); 378(854.48); 379(206.8); 380(271.59); 381(841.45); 382(760.61); 383(653.74); 384(869.41); 385(305.65); 386(29.16); 387(34.03); 388(107.1); 389(522.53); 390(454.98); 391(0.48); 392(40.72); 393(475.42); 394(305.84); 395(790.31); 396(468.63); 397(866.54); 398(913.67); 399(104.88); 400(30.5); 401(849.15); 402(470.75); 403(741.66); 404(252.74); 405(127.07); 406(929.5); 407(171.65); 408(554.44); 409(274.39); 410(894.83); 411(12.36); 412(804.75); 413(294.19); 414(235.53); 415(56.52); 416(690.09); 417(721.09); 418(138.09); 419(767.45); 420(892.43); 421(187.15); 422(104.15); 423(464.7); 424(572.71); 425(1.08); 426(981.55); 427(462.45); 428(811.76); 429(969.12); 430(263.25); 431(535.23); 432(357.53); 433(964.81); 434(739.24); 435(199.92); 436(450.09); 437(93.1); 438(582.77); 439(892.87); 440(983.4); 441(40.98); 442(359.05); 443(555.16); 444(993.61); 445(525.9); 446(503.12); 447(865.08); 448(856.6); 449(287.04); 450(998.74); 451(230.49); 452(954.16); 453(457.7); 454(701.63); 455(695.32); 456(614.55); 457(323.65); 458(448.71); 459(642.29); 460(166.18); 461(912.33); 462(740.25); 463(41.4); 464(54.32); 465(79.39); 466(411.64); 467(886.42); 468(129.62); 469(845.52); 470(9.86); 471(516.28); 472(612.77); 473(190.54); 474(686.96); 475(200.97); 476(981.91); 477(510.31); 478(33.27); 479(462.67); 480(474.27); 481(958.79); 482(157.64); 483(681.37); 484(539.25); 485(616.5); 486(118.75); 487(970.65); 488(221.46); 489(655.62); 490(928.38); 491(751.68); 492(788.48); 493(331.65); 494(391.98); 495(906.27); 496(304.41); 497(31.97); 498(704.09); 499(579.28),1
361,0(618.47); 1(512.36); 2(47.45); 3(469.84); 4(768.37); 5(717.19); 6(364.38); 7(865.77); 8(192.7); 9(602.82); 10(320.39); 11(39.26); 12(840.72); 13(175.37); 14(73.53); 15(619.46); 16(401.79); 17(773.56); 18(778.65); 19(435.66); 20(889.97); 21(385.67); 22(188.75); 23(984.65); 24(245.21); 25(535.53); 26(765.09); 27(680.77); 28(93.46); 29(382.23); 30(762.89); 31(273.23); 32(188.34); 33(118.68); 34(360.31); 35(792.81); 36(322.81); 37(644.86); 38(218.99); 39(846.7); 40(616.73); 41(987.68); 42(355.98); 43(312.52); 44(718.36); 45(101.99); 46(450.43); 47(362.39); 48(144.46); 49(789.4); 50(170.88); 51(398.96); 52(967.65); 53(982.16); 54(553.27); 55(488.63); 56(314.77); 57(14.55); 58(446.9); 59(924.2); 60(193.16); 61(58.05); 62(43.48); 63(338.11); 64(814.43); 65(998.12); 66(606.64); 67(870.68); 68(469.37); 69(944.52); 70(310.59); 71(780.21); 72(76.6); 73(277.35); 74(591.41); 75(74.87); 76(512.13); 77(226.23); 78(643.66); 79(470.28); 80(542.46); 81(473.25); 82(201.34); 83(855.86); 84(142.62); 85(773.67); 86(318.64); 87(574.19); 88(807.35); 89(222.38); 90(650.19); 91(527.16); 92(659.26); 93(112.91); 94(49.06); 95(486.35); 96(9.7); 97(816.47); 98(191.15); 99(56.76); 100(613.02); 101(265.81); 102(241.53); 103(742.44); 104(949.14); 105(648.88); 106(72.89); 107(227.52); 108(825.02); 109(856.47); 110(478.47); 111(587.5); 112(524.97); 113(103.06); 114(87.15); 115(59.11); 116(249.93); 117(912.46); 118(236.17); 119(986.9); 120(94.51); 121(85.51); 122(628.68); 123(680.7); 124(509.38); 125(378.01); 126(115.43); 127(402.67); 128(452.7); 129(9.36); 130(567.36); 131(612.61); 132(470.17); 133(781.66); 134(507.67); 135(247.51); 136(473.35); 137(674.08); 138(342.51); 139(645.8); 140(942.8); 141(663.87); 142(898.86); 143(527.22); 144(25.53); 145(693.22); 146(116.2); 147(821.94); 148(190.22); 149(830.94); 150(88.05); 151(488.77); 152(584.7); 153(229.81); 154(409.43); 155(701.49); 156(449.56); 157(487.15); 158(430.66); 159(929.86); 160(168.76); 161(588.18); 162(542.36); 163(802.66); 164(174.89); 165(342.55); 166(511.3); 167(477.44); 168(799.98); 169(118.65); 170(327.51); 171(217.91); 172(57.34); 173(314.28); 174(610.37); 175(222.07); 176(122.15); 177(491.63); 178(7.13); 179(875.05); 180(747.0); 181(283.3); 182(381.97); 183(606.89); 184(687.52); 185(643.74); 186(394.3); 187(464.1); 188(577.71); 189(994.88); 190(146.04); 191(298.89); 192(439.91); 193(198.66); 194(349.28); 195(207.81); 196(431.71); 197(82.81); 198(792.76); 199(388.19); 200(142.51); 201(647.4); 202(709.45); 203(733.5); 204(64.26); 205(423.04); 206(554.06); 207(131.29); 208(912.28); 209(583.03); 210(535.16); 211(454.66); 212(801.97); 213(925.91); 214(16.58); 215(371.05); 216(754.85); 217(132.24); 218(524.49); 219(480.63); 220(198.28); 221(322.61); 222(795.7); 223(151.68); 224(384.02); 225(285.41); 226(612.93); 227(650.19); 228(932.6); 229(791.86); 230(559.04); 231(128.35); 232(342.45); 233(947.73); 234(260.42); 235(343.3); 236(944.26); 237(742.88); 238(345.36); 239(173.87); 240(838.77); 241(571.31); 242(22.25); 243(56.23); 244(535.81); 245(544.22); 246(892.33); 247(820.98); 248(509.57); 249(25.65); 250(308.62); 251(271.62); 252(903.3); 253(291.95); 254(765.11); 255(126.92); 256(973.79); 257(656.24); 258(990.94); 259(322.75); 260(170.75); 261(512.08); 262(919.5); 263(704.88); 264(446.72); 265(1.54); 266(950.44); 267(831.01); 268(207.67); 269(66.02); 270(374.73); 271(162.76); 272(595.52); 273(764.47); 274(884.54); 275(209.19); 276(613.42); 277(68.46); 278(905.07); 279(719.65); 280(756.63); 281(594.83); 282(363.99); 283(192.56); 284(861.39); 285(793.55); 286(325.59); 287(21.44); 288(705.52); 289(732.36); 290(163.78); 291(376.94); 292(870.86); 293(823.68); 294(259.39); 295(904.52); 296(626.17); 297(466.71); 298(545.67); 299(197.59); 300(464.01); 301(487.33); 302(983.12); 303(652.63); 304(694.54); 305(233.06); 306(190.86); 307(468.39); 308(750.71); 309(9.84); 310(771.64); 311(370.97); 312(231.24); 313(147.73); 314(114.5); 315(585.74); 316(291.85); 317(452.13); 318(322.23); 319(658.94); 320(69.49); 321(713.28); 322(207.39); 323(34.12); 324(222.16); 325(750.08); 326(464.13); 327(635.61); 328(463.09); 329(937.66); 330(395.83); 331(290.86); 332(54.09); 333(820.17); 334(18.13); 335(953.06); 336(552.17); 337(991.25); 338(766.06); 339(75.53); 340(853.24); 341(294.11); 342(257.34); 343(974.72); 344(579.1); 345(989.84); 346(707.58); 347(237.59); 348(757.22); 349(36.48); 350(313.81); 351(567.6); 352(871.15); 353(959.96); 354(696.8); 355(42.53); 356(442.4); 357(695.54); 358(745.25); 359(93.6); 360(638.99); 362(35.1); 363(684.96); 364(53.89); 365(334.18); 366(215.41); 367(44.14); 368(494.02); 369(296.67); 370(729.67); 371(881.67); 372(451.23); 373(929.09); 374(19.26); 375(750.16); 376(387.16); 377(545.39); 378(842.66); 379(636.28); 380(21.0); 381(384.77); 382(11.0); 383(398.27); 384(959.94); 385(273.95); 386(967.35); 387(851.62); 388(731.91); 389(209.91); 390(611.0); 391(293.04); 392(199.59); 393(336.43); 394(690.25); 395(637.05); 396(313.72); 397(864.75); 398(869.75); 399(76.44); 400(859.94); 401(786.84); 402(875.5); 403(341.01); 404(485.74); 405(20.45); 406(436.13); 407(825.32); 408(893.2); 409(321.33); 410(585.91); 411(643.53); 412(466.87); 413(754.07); 414(769.4); 415(216.87); 416(255.43); 417(989.2); 418(532.3); 419(388.45); 420(282.41); 421(174.93); 422(470.32); 423(457.34); 424(326.58); 425(176.94); 426(974.64); 427(593.46); 428(46.14); 429(859.34); 430(960.94); 431(877.38); 432(144.49); 433(680.03); 434(7.16); 435(585.46); 436(498.15); 437(319.88); 438(234.44); 439(972.22); 440(462.18); 441(161.63); 442(752.19); 443(273.81); 444(559.83); 445(750.14); 446(727.2); 447(44.14); 448(842.25); 449(771.9); 450(696.66); 451(219.4); 452(335.86); 453(117.81); 454(220.85); 455(586.95); 456(29.25); 457(756.14); 458(743.81); 459(282.42); 460(321.21); 461(188.36); 462(517.9); 463(797.21); 464(958.68); 465(155.02); 466(485.18); 467(62.61); 468(671.25); 469(371.96); 470(381.85); 471(535.34); 472(145.19); 473(148.95); 474(621.63); 475(291.67); 476(704.72); 477(827.31); 478(764.71); 479(108.98); 480(588.5); 481(765.6); 482(205.39); 483(487.24); 484(786.54); 485(92.91); 486(844.22); 487(267.07); 488(907.71); 489(329.88); 490(606.75); 491(656.3); 492(549.82); 493(224.15); 494(844.66); 495(428.33); 496(743.7); 497(761.08); 498(228.09); 499(455.06),1
362,0(619.91); 1(517.01); 2(837.02); 3(741.91); 4(981.64); 5(441.78); 6(908.9); 7(253.78); 8(495.09); 9(239.88); 10(306.82); 11(751.13); 12(204.44); 13(693.33); 14(307.32); 15(467.36); 16(373.07); 17(185.33); 18(913.14); 19(321.23); 20(317.69); 21(422.07); 22(171.2); 23(472.41); 24(599.74); 25(212.96); 26(367.23); 27(973.39); 28(467.15); 29(996.4); 30(770.69); 31(479.85); 32(818.37); 33(550.89); 34(240.52); 35(457.51); 36(638.27); 37(219.81); 38(352.88); 39(399.76); 40(469.24); 41(524.2); 42(918.52); 43(219.83); 44(465.32); 45(346.44); 46(318.32); 47(57.29); 48(211.08); 49(207.07); 50(286.67); 51(506.84); 52(566.52); 53(663.21); 54(144.13); 55(795.89); 56(865.07); 57(972.01); 58(785.9); 59(784.58); 60(199.32); 61(779.18); 62(189.66); 63(281.13); 64(702.43); 65(86.1); 66(753.42); 67(40.55); 68(259.16); 69(164.27); 70(387.79); 71(719.26); 72(672.75); 73(68.6); 74(2.54); 75(661.78); 76(191.24); 77(775.19); 78(910.96); 79(807.44); 80(763.97); 81(356.38); 82(593.23); 83(951.73); 84(101.04); 85(297.29); 86(171.08); 87(219.43); 88(79.13); 89(310.93); 90(125.16); 91(179.27); 92(563.34); 93(536.91); 94(813.96); 95(453.93); 96(690.44); 97(321.12); 98(257.38); 99(890.48); 100(556.44); 101(851.46); 102(966.01); 103(375.67); 104(419.95); 105(407.68); 106(241.98); 107(397.37); 108(975.87); 109(937.54); 110(111.87); 111(656.11); 112(542.85); 113(765.51); 114(806.64); 115(43.5); 116(667.89); 117(563.4); 118(598.62); 119(726.24); 120(854.37); 121(736.89); 122(620.16); 123(713.82); 124(554.23); 125(42.93); 126(848.75); 127(377.63); 128(317.64); 129(934.27); 130(674.58); 131(401.5); 132(115.79); 133(524.56); 134(945.48); 135(616.15); 136(980.26); 137(152.11); 138(238.06); 139(828.17); 140(906.93); 141(368.75); 142(210.97); 143(879.44); 144(821.67); 145(864.04); 146(710.54); 147(625.24); 148(577.74); 149(524.77); 150(247.81); 151(579.3); 152(846.78); 153(9.1); 154(823.48); 155(953.95); 156(999.06); 157(164.28); 158(577.85); 159(978.04); 160(7.15); 161(746.44); 162(714.27); 163(22.68); 164(681.6); 165(224.9); 166(198.26); 167(289.13); 168(312.51); 169(276.66); 170(378.51); 171(245.13); 172(153.29); 173(250.68); 174(428.3); 175(206.1); 176(513.79); 177(879.39); 178(137.0); 179(615.94); 180(458.02); 181(677.35); 182(760.35); 183(388.09); 184(356.13); 185(168.59); 186(873.92); 187(546.78); 188(571.61); 189(112.89); 190(365.04); 191(753.53); 192(637.27); 193(400.43); 194(299.66); 195(290.93); 196(728.73); 197(9.45); 198(724.29); 199(688.65); 200(558.49); 201(550.38); 202(791.26); 203(428.23); 204(168.42); 205(183.85); 206(911.96); 207(151.17); 208(965.35); 209(228.18); 210(36.28); 211(727.36); 212(314.61); 213(170.56); 214(341.24); 215(319.86); 216(965.07); 217(416.56); 218(267.36); 219(114.25); 220(514.5); 221(450.86); 222(409.4); 223(513.38); 224(493.69); 225(776.45); 226(450.52); 227(128.03); 228(966.55); 229(172.99); 230(874.89); 231(514.66); 232(496.39); 233(266.34); 234(390.07); 235(724.48); 236(306.47); 237(290.79); 238(740.32); 239(366.3); 240(438.85); 241(689.42); 242(504.94); 243(642.64); 244(707.49); 245(891.35); 246(531.41); 247(824.36); 248(34.89); 249(423.66); 250(74.67); 251(384.99); 252(753.83); 253(579.21); 254(116.21); 255(143.37); 256(373.27); 257(270.56); 258(407.93); 259(769.08); 260(116.44); 261(935.54); 262(986.83); 263(616.57); 264(195.12); 265(460.78); 266(552.35); 267(393.1); 268(972.6); 269(552.16); 270(888.74); 271(803.09); 272(517.71); 273(814.54); 274(228.12); 275(25.61); 276(953.37); 277(799.84); 278(620.22); 279(311.99); 280(878.16); 281(326.85); 282(288.02); 283(882.2); 284(100.57); 285(983.32); 286(633.87); 287(34.79); 288(549.85); 289(543.98); 290(696.5); 291(112.61); 292(298.26); 293(83.15); 294(18.01); 295(927.2); 296(445.49); 297(270.42); 298(53.67); 299(25.68); 300(113.2); 301(808.68); 302(978.39); 303(322.1); 304(831.47); 305(748.94); 306(957.15); 307(114.17); 308(269.9); 309(347.99); 310(992.87); 311(579.04); 312(461.75); 313(551.8); 314(87.12); 315(195.42); 316(483.63); 317(213.24); 318(396.02); 319(418.42); 320(429.61); 321(295.86); 322(51.66); 323(40.44); 324(530.41); 325(903.91); 326(909.04); 327(615.83); 328(783.59); 329(637.63); 330(169.15); 331(438.7); 332(911.27); 333(92.63); 334(0.12); 335(795.94); 336(92.55); 337(991.58); 338(527.28); 339(773.26); 340(769.71); 341(167.79); 342(811.7); 343(117.29); 344(430.24); 345(247.57); 346(855.91); 347(421.59); 348(314.11); 349(486.74); 350(180.52); 351(829.09); 352(652.23); 353(754.09); 354(37.88); 355(242.64); 356(579.33); 357(826.25); 358(649.96); 359(100.49); 360(146.25); 361(35.1); 363(323.93); 364(798.11); 365(273.47); 366(733.07); 367(651.59); 368(939.98); 369(763.11); 370(907.91); 371(612.79); 372(224.53); 373(781.26); 374(531.32); 375(301.7); 376(774.03); 377(317.4); 378(34.33); 379(162.36); 380(690.59); 381(723.06); 382(393.94); 383(8.56); 384(918.08); 385(749.86); 386(787.41); 387(667.48); 388(247.57); 389(480.87); 390(587.43); 391(610.21); 392(144.39); 393(656.8); 394(487.35); 395(519.4); 396(313.05); 397(628.91); 398(312.68); 399(799.15); 400(210.57); 401(42.24); 402(705.76); 403(963.08); 404(269.73); 405(319.6); 406(817.0); 407(50.66); 408(861.06); 409(585.66); 410(869.63); 411(468.14); 412(958.23); 413(556.32); 414(129.16); 415(745.82); 416(201.78); 417(207.3); 418(421.36); 419(63.74); 420(283.92); 421(516.51); 422(210.94); 423(251.32); 424(463.96); 425(191.98); 426(235.54); 427(588.77); 428(53.12); 429(874.68); 430(737.25); 431(743.39); 432(317.89); 433(985.43); 434(653.81); 435(371.06); 436(124.46); 437(877.22); 438(719.44); 439(606.93); 440(591.82); 441(807.49); 442(351.98); 443(930.71); 444(99.09); 445(951.0); 446(435.96); 447(915.16); 448(318.42); 449(199.35); 450(855.82); 451(148.93); 452(801.49); 453(811.86); 454(97.73); 455(523.38); 456(788.08); 457(258.56); 458(39.23); 459(908.93); 460(517.97); 461(430.27); 462(354.39); 463(673.41); 464(968.76); 465(636.74); 466(499.12); 467(763.52); 468(178.49); 469(43.81); 470(877.62); 471(889.72); 472(380.58); 473(857.77); 474(836.84); 475(203.86); 476(695.46); 477(506.51); 478(582.02); 479(26.63); 480(923.96); 481(277.65); 482(859.55); 483(535.65); 484(165.55); 485(810.01); 486(467.32); 487(490.99); 488(478.77); 489(120.19); 490(227.86); 491(929.92); 492(167.34); 493(168.29); 494(522.91); 495(56.22); 496(193.56); 497(391.78); 498(463.94); 499(208.28),1
363,0(379.43); 1(208.37); 2(992.55); 3(474.75); 4(351.32); 5(264.75); 6(81.34); 7(194.27); 8(294.45); 9(146.42); 10(62.08); 11(569.99); 12(703.91); 13(520.16); 14(673.93); 15(380.3); 16(486.56); 17(404.57); 18(744.39); 19(283.84); 20(485.18); 21(168.89); 22(59.94); 23(393.77); 24(479.95); 25(152.93); 26(206.56); 27(271.36); 28(217.26); 29(424.57); 30(281.54); 31(480.62); 32(249.84); 33(170.27); 34(691.48); 35(68.1); 36(995.23); 37(942.53); 38(825.59); 39(386.28); 40(980.51); 41(169.44); 42(598.43); 43(369.92); 44(349.05); 45(120.56); 46(624.43); 47(856.86); 48(377.56); 49(388.64); 50(201.02); 51(906.91); 52(148.73); 53(902.43); 54(289.15); 55(913.29); 56(905.52); 57(980.93); 58(846.04); 59(779.85); 60(487.49); 61(731.86); 62(913.54); 63(22.75); 64(618.57); 65(400.43); 66(205.8); 67(500.97); 68(295.99); 69(245.76); 70(43.88); 71(879.24); 72(758.98); 73(219.46); 74(396.59); 75(186.14); 76(235.88); 77(541.59); 78(819.03); 79(187.65); 80(31.33); 81(516.98); 82(37.37); 83(443.72); 84(390.72); 85(166.13); 86(139.53); 87(532.31); 88(524.66); 89(36.32); 90(235.25); 91(953.18); 92(580.03); 93(760.89); 94(738.27); 95(160.94); 96(687.65); 97(82.34); 98(631.85); 99(943.32); 100(409.52); 101(110.54); 102(378.54); 103(702.31); 104(607.47); 105(360.92); 106(899.82); 107(791.76); 108(310.97); 109(201.8); 110(614.48); 111(126.32); 112(899.21); 113(870.07); 114(459.24); 115(99.81); 116(623.47); 117(131.61); 118(107.7); 119(653.09); 120(202.31); 121(337.62); 122(343.9); 123(802.58); 124(728.05); 125(844.11); 126(480.56); 127(167.38); 128(972.96); 129(171.64); 130(567.83); 131(219.22); 132(611.21); 133(105.76); 134(978.03); 135(180.26); 136(407.75); 137(789.43); 138(485.5); 139(320.88); 140(700.74); 141(528.15); 142(86.37); 143(371.21); 144(365.47); 145(344.87); 146(372.95); 147(218.57); 148(76.23); 149(335.83); 150(402.82); 151(408.85); 152(567.45); 153(83.88); 154(801.67); 155(573.24); 156(269.29); 157(634.44); 158(157.39); 159(558.84); 160(589.0); 161(169.93); 162(92.16); 163(761.44); 164(610.97); 165(977.29); 166(643.92); 167(387.02); 168(65.35); 169(593.4); 170(557.14); 171(883.69); 172(165.91); 173(818.18); 174(125.67); 175(262.04); 176(814.24); 177(189.65); 178(412.14); 179(425.17); 180(247.29); 181(275.3); 182(655.18); 183(12.55); 184(379.64); 185(919.29); 186(140.52); 187(711.47); 188(449.44); 189(723.68); 190(620.38); 191(657.5); 192(898.38); 193(654.5); 194(747.09); 195(165.43); 196(743.41); 197(102.49); 198(829.77); 199(847.16); 200(737.39); 201(881.55); 202(380.81); 203(546.44); 204(362.07); 205(828.26); 206(831.96); 207(459.83); 208(811.53); 209(915.15); 210(671.27); 211(598.1); 212(127.2); 213(477.47); 214(442.96); 215(386.16); 216(849.12); 217(591.93); 218(223.29); 219(814.94); 220(416.11); 221(517.23); 222(584.79); 223(871.43); 224(758.13); 225(269.95); 226(443.37); 227(275.44); 228(987.59); 229(161.19); 230(175.93); 231(648.05); 232(558.39); 233(728.48); 234(986.78); 235(762.68); 236(974.53); 237(792.45); 238(63.7); 239(744.47); 240(769.75); 241(458.16); 242(989.37); 243(460.88); 244(915.7); 245(660.6); 246(695.02); 247(598.14); 248(347.95); 249(375.72); 250(71.11); 251(681.67); 252(381.7); 253(685.29); 254(129.92); 255(899.53); 256(336.6); 257(56.99); 258(803.76); 259(846.7); 260(417.16); 261(669.33); 262(33.46); 263(363.37); 264(256.3); 265(641.97); 266(856.89); 267(213.91); 268(271.13); 269(748.93); 270(801.14); 271(492.97); 272(389.36); 273(269.86); 274(358.2); 275(738.41); 276(151.79); 277(600.91); 278(247.59); 279(453.17); 280(772.96); 281(554.46); 282(926.16); 283(159.44); 284(636.62); 285(730.08); 286(523.12); 287(334.44); 288(930.76); 289(737.31); 290(509.3); 291(538.25); 292(346.08); 293(872.05); 294(101.57); 295(332.69); 296(844.52); 297(271.87); 298(188.64); 299(932.49); 300(52.02); 301(99.68); 302(541.34); 303(452.94); 304(908.17); 305(748.04); 306(881.97); 307(734.74); 308(354.97); 309(243.5); 310(370.37); 311(336.52); 312(75.63); 313(42.34); 314(481.99); 315(197.11); 316(286.94); 317(895.11); 318(780.91); 319(159.38); 320(596.74); 321(892.28); 322(496.26); 323(162.4); 324(82.26); 325(42.69); 326(689.58); 327(636.3); 328(442.33); 329(187.53); 330(101.46); 331(486.19); 332(640.14); 333(985.94); 334(172.54); 335(773.02); 336(986.64); 337(355.85); 338(653.27); 339(194.91); 340(854.75); 341(499.6); 342(199.68); 343(995.12); 344(516.96); 345(282.65); 346(741.9); 347(562.71); 348(460.84); 349(515.25); 350(814.77); 351(11.92); 352(331.75); 353(777.23); 354(924.9); 355(62.17); 356(842.55); 357(359.94); 358(713.79); 359(206.03); 360(780.57); 361(684.96); 362(323.93); 364(255.1); 365(820.89); 366(731.97); 367(311.9); 368(514.04); 369(267.89); 370(815.26); 371(950.08); 372(899.62); 373(507.26); 374(259.36); 375(592.71); 376(506.07); 377(740.01); 378(333.16); 379(847.35); 380(540.1); 381(4.92); 382(377.0); 383(906.46); 384(983.96); 385(715.37); 386(916.69); 387(879.38); 388(973.27); 389(112.01); 390(670.63); 391(921.99); 392(631.3); 393(831.23); 394(842.98); 395(897.79); 396(844.79); 397(988.79); 398(203.51); 399(10.27); 400(84.58); 401(203.98); 402(36.03); 403(168.28); 404(408.68); 405(407.49); 406(599.93); 407(176.73); 408(452.04); 409(149.32); 410(370.22); 411(319.44); 412(51.85); 413(201.42); 414(34.42); 415(711.79); 416(375.68); 417(585.88); 418(198.29); 419(538.61); 420(278.61); 421(788.28); 422(123.74); 423(736.18); 424(499.73); 425(995.4); 426(952.46); 427(759.06); 428(685.63); 429(666.43); 430(941.8); 431(211.07); 432(51.63); 433(223.77); 434(98.45); 435(524.38); 436(433.74); 437(907.18); 438(189.63); 439(138.3); 440(861.7); 441(882.08); 442(105.59); 443(917.24); 444(193.87); 445(333.47); 446(454.41); 447(962.06); 448(156.67); 449(121.85); 450(301.42); 451(797.59); 452(882.73); 453(753.18); 454(691.18); 455(912.59); 456(446.59); 457(630.18); 458(218.99); 459(93.4); 460(672.56); 461(842.24); 462(946.49); 463(569.64); 464(356.08); 465(945.4); 466(341.24); 467(947.73); 468(170.1); 469(167.03); 470(444.75); 471(161.13); 472(961.07); 473(475.51); 474(597.35); 475(54.58); 476(148.92); 477(960.93); 478(647.18); 479(40.85); 480(922.0); 481(38.49); 482(157.3); 483(918.03); 484(14.44); 485(938.02); 486(543.49); 487(329.28); 488(456.75); 489(150.93); 490(795.67); 491(903.11); 492(301.96); 493(975.9); 494(537.45); 495(6.39); 496(303.34); 497(202.58); 498(787.35); 499(168.25),1
364,0(566.14); 1(569.45); 2(292.63); 3(852.39); 4(998.83); 5(614.31); 6(749.56); 7(923.3); 8(291.47); 9(576.46); 10(822.4); 11(966.42); 12(660.91); 13(830.67); 14(244.1); 15(836.36); 16(933.2); 17(270.87); 18(859.48); 19(562.45); 20(299.78); 21(530.53); 22(127.69); 23(231.09); 24(609.76); 25(167.35); 26(826.79); 27(300.81); 28(237.25); 29(282.43); 30(375.72); 31(481.18); 32(950.52); 33(965.04); 34(303.48); 35(62.4); 36(963.76); 37(994.97); 38(916.39); 39(970.34); 40(387.0); 41(889.83); 42(320.61); 43(547.89); 44(205.5); 45(651.73); 46(897.67); 47(347.29); 48(899.7); 49(586.31); 50(180.07); 51(633.26); 52(417.28); 53(890.94); 54(676.32); 55(426.58); 56(866.78); 57(362.43); 58(407.97); 59(941.14); 60(616.33); 61(753.43); 62(73.65); 63(354.31); 64(537.25); 65(978.44); 66(109.35); 67(617.99); 68(239.75); 69(173.03); 70(404.71); 71(669.99); 72(12.06); 73(920.47); 74(151.27); 75(599.76); 76(351.25); 77(207.11); 78(8.06); 79(140.87); 80(45.51); 81(712.51); 82(615.82); 83(357.96); 84(875.6); 85(35.73); 86(690.67); 87(700.61); 88(596.42); 89(518.33); 90(149.84); 91(153.64); 92(335.67); 93(444.2); 94(610.97); 95(371.17); 96(491.09); 97(855.07); 98(965.59); 99(142.65); 100(359.72); 101(284.38); 102(672.64); 103(808.9); 104(664.75); 105(40.47); 106(934.62); 107(1.91); 108(225.19); 109(317.02); 110(91.06); 111(643.42); 112(410.25); 113(417.84); 114(756.53); 115(482.64); 116(104.88); 117(693.87); 118(337.05); 119(118.46); 120(345.47); 121(991.89); 122(198.3); 123(325.84); 124(510.36); 125(698.02); 126(378.93); 127(577.65); 128(953.03); 129(229.28); 130(11.99); 131(514.23); 132(672.6); 133(546.15); 134(174.94); 135(295.47); 136(489.39); 137(668.35); 138(90.27); 139(148.6); 140(243.11); 141(978.73); 142(517.46); 143(846.72); 144(147.61); 145(820.58); 146(466.84); 147(433.92); 148(358.3); 149(716.2); 150(471.11); 151(152.84); 152(665.89); 153(535.35); 154(536.42); 155(639.74); 156(238.66); 157(469.54); 158(660.63); 159(398.09); 160(790.41); 161(249.52); 162(389.95); 163(788.44); 164(245.65); 165(396.25); 166(645.72); 167(224.77); 168(613.64); 169(796.43); 170(391.4); 171(404.29); 172(939.67); 173(213.77); 174(148.65); 175(515.3); 176(61.8); 177(135.65); 178(790.98); 179(15.03); 180(713.13); 181(421.41); 182(386.48); 183(9.83); 184(52.17); 185(188.05); 186(862.28); 187(860.65); 188(713.14); 189(469.89); 190(807.95); 191(245.14); 192(330.5); 193(769.99); 194(338.2); 195(782.81); 196(901.67); 197(801.39); 198(72.86); 199(660.76); 200(149.11); 201(718.54); 202(659.19); 203(598.38); 204(116.2); 205(888.35); 206(223.84); 207(476.66); 208(526.87); 209(902.27); 210(877.75); 211(741.9); 212(995.71); 213(285.55); 214(812.43); 215(651.74); 216(365.12); 217(379.51); 218(557.66); 219(458.49); 220(179.34); 221(64.36); 222(211.76); 223(70.15); 224(119.73); 225(764.06); 226(873.26); 227(861.12); 228(173.45); 229(242.67); 230(474.56); 231(353.05); 232(133.54); 233(637.12); 234(90.47); 235(589.08); 236(212.18); 237(899.51); 238(586.9); 239(981.01); 240(127.59); 241(824.86); 242(60.37); 243(280.19); 244(797.91); 245(142.97); 246(382.24); 247(729.92); 248(483.28); 249(190.58); 250(545.15); 251(229.46); 252(896.7); 253(320.78); 254(482.11); 255(478.89); 256(349.66); 257(875.69); 258(810.69); 259(896.18); 260(621.64); 261(738.51); 262(603.07); 263(952.87); 264(220.67); 265(706.9); 266(446.1); 267(213.16); 268(88.68); 269(470.62); 270(654.18); 271(324.16); 272(544.19); 273(694.15); 274(488.51); 275(34.85); 276(5.35); 277(685.98); 278(828.14); 279(386.45); 280(514.35); 281(925.54); 282(633.87); 283(524.81); 284(526.63); 285(840.87); 286(705.49); 287(2.57); 288(622.05); 289(474.49); 290(166.16); 291(206.34); 292(461.31); 293(345.45); 294(288.82); 295(896.75); 296(230.94); 297(718.14); 298(593.33); 299(759.81); 300(186.2); 301(946.91); 302(519.55); 303(594.95); 304(588.5); 305(403.74); 306(384.45); 307(109.6); 308(819.01); 309(999.35); 310(903.54); 311(805.44); 312(514.32); 313(44.1); 314(356.28); 315(24.23); 316(933.07); 317(39.74); 318(994.07); 319(922.16); 320(23.58); 321(111.84); 322(660.43); 323(178.75); 324(694.49); 325(344.17); 326(626.84); 327(84.6); 328(129.24); 329(482.88); 330(186.42); 331(133.73); 332(480.71); 333(443.9); 334(936.32); 335(451.77); 336(285.76); 337(220.85); 338(874.87); 339(849.59); 340(938.8); 341(195.41); 342(844.89); 343(945.62); 344(998.33); 345(177.62); 346(791.02); 347(426.94); 348(963.87); 349(117.91); 350(819.86); 351(231.82); 352(404.59); 353(136.73); 354(663.15); 355(627.51); 356(161.1); 357(112.65); 358(179.76); 359(786.58); 360(890.23); 361(53.89); 362(798.11); 363(255.1); 365(11.51); 366(374.8); 367(253.78); 368(690.58); 369(196.45); 370(348.95); 371(601.34); 372(271.18); 373(216.31); 374(458.12); 375(518.15); 376(317.03); 377(500.7); 378(630.63); 379(857.14); 380(787.03); 381(272.69); 382(139.5); 383(653.8); 384(815.21); 385(962.26); 386(501.21); 387(118.97); 388(986.71); 389(398.01); 390(88.89); 391(714.97); 392(328.88); 393(426.29); 394(351.24); 395(252.44); 396(29.64); 397(793.07); 398(874.75); 399(37.91); 400(542.26); 401(860.01); 402(602.95); 403(776.62); 404(705.71); 405(157.45); 406(676.25); 407(165.35); 408(448.64); 409(603.65); 410(949.07); 411(715.94); 412(329.15); 413(478.38); 414(14.18); 415(226.55); 416(163.93); 417(939.92); 418(849.57); 419(482.85); 420(666.59); 421(754.84); 422(319.39); 423(110.65); 424(137.66); 425(366.86); 426(118.78); 427(970.36); 428(427.74); 429(281.34); 430(994.98); 431(907.72); 432(265.43); 433(745.81); 434(908.46); 435(296.75); 436(978.17); 437(11.56); 438(335.72); 439(55.1); 440(20.25); 441(892.2); 442(579.95); 443(286.33); 444(204.52); 445(516.08); 446(441.66); 447(774.2); 448(12.51); 449(985.51); 450(404.33); 451(425.42); 452(291.52); 453(774.57); 454(485.86); 455(211.95); 456(970.24); 457(191.28); 458(788.58); 459(504.46); 460(116.59); 461(648.26); 462(561.09); 463(154.05); 464(619.76); 465(5.14); 466(689.64); 467(836.16); 468(641.37); 469(144.63); 470(783.69); 471(261.05); 472(80.78); 473(420.33); 474(317.2); 475(121.25); 476(308.0); 477(823.27); 478(299.32); 479(640.84); 480(97.08); 481(707.05); 482(381.92); 483(23.75); 484(962.41); 485(162.7); 486(128.45); 487(177.88); 488(320.84); 489(379.36); 490(953.8); 491(487.21); 492(275.38); 493(179.59); 494(205.52); 495(281.84); 496(153.31); 497(927.98); 498(236.24); 499(752.65),1
365,0(211.06); 1(634.26); 2(506.43); 3(152.41); 4(957.22); 5(601.45); 6(185.8); 7(747.39); 8(276.35); 9(826.09); 10(35.93); 11(715.7); 12(130.4); 13(9.63); 14(954.95); 15(280.71); 16(709.45); 17(864.42); 18(228.92); 19(805.47); 20(253.52); 21(343.34); 22(886.53); 23(986.66); 24(634.94); 25(384.48); 26(135.21); 27(884.97); 28(291.19); 29(791.5); 30(173.4); 31(97.17); 32(947.26); 33(166.19); 34(595.13); 35(48.19); 36(336.06); 37(935.61); 38(937.45); 39(812.04); 40(258.02); 41(544.71); 42(401.62); 43(677.71); 44(0.49); 45(509.8); 46(344.47); 47(428.96); 48(836.65); 49(597.01); 50(611.96); 51(170.82); 52(677.66); 53(803.89); 54(239.15); 55(920.03); 56(717.96); 57(360.28); 58(319.64); 59(467.53); 60(708.38); 61(27.96); 62(985.37); 63(403.64); 64(587.95); 65(825.83); 66(495.38); 67(493.01); 68(102.58); 69(865.48); 70(714.67); 71(486.42); 72(720.55); 73(737.33); 74(887.54); 75(38.59); 76(590.7); 77(15.99); 78(122.75); 79(491.85); 80(94.94); 81(575.3); 82(545.4); 83(614.17); 84(461.06); 85(168.29); 86(31.89); 87(630.17); 88(137.82); 89(750.21); 90(497.95); 91(334.06); 92(701.87); 93(477.4); 94(309.7); 95(753.78); 96(528.27); 97(988.49); 98(785.88); 99(526.14); 100(751.5); 101(712.24); 102(756.76); 103(400.36); 104(143.26); 105(926.9); 106(977.29); 107(385.17); 108(273.53); 109(108.91); 110(81.45); 111(749.35); 112(623.18); 113(630.21); 114(944.08); 115(731.18); 116(8.83); 117(800.14); 118(310.08); 119(407.56); 120(220.51); 121(4.08); 122(810.82); 123(118.93); 124(308.23); 125(459.14); 126(275.89); 127(851.44); 128(393.21); 129(970.87); 130(906.02); 131(45.77); 132(94.44); 133(421.31); 134(286.16); 135(84.01); 136(296.29); 137(23.07); 138(245.72); 139(494.69); 140(433.14); 141(848.88); 142(415.34); 143(812.64); 144(33.47); 145(202.88); 146(267.76); 147(553.49); 148(169.91); 149(777.64); 150(304.03); 151(825.78); 152(326.41); 153(901.68); 154(40.17); 155(580.87); 156(559.68); 157(787.94); 158(356.12); 159(559.14); 160(151.27); 161(574.97); 162(436.5); 163(112.25); 164(17.5); 165(995.22); 166(217.87); 167(562.45); 168(147.85); 169(519.88); 170(394.79); 171(939.46); 172(765.89); 173(717.87); 174(655.73); 175(215.05); 176(766.56); 177(485.12); 178(185.21); 179(125.78); 180(167.44); 181(778.44); 182(181.33); 183(957.43); 184(397.98); 185(684.95); 186(971.44); 187(972.22); 188(930.32); 189(258.32); 190(147.54); 191(455.69); 192(143.28); 193(147.1); 194(700.04); 195(986.8); 196(285.93); 197(500.36); 198(16.8); 199(574.49); 200(480.26); 201(638.73); 202(489.83); 203(788.31); 204(0.57); 205(589.34); 206(690.38); 207(179.16); 208(550.76); 209(393.84); 210(576.07); 211(126.18); 212(520.76); 213(634.75); 214(497.74); 215(906.31); 216(712.03); 217(529.77); 218(64.55); 219(626.54); 220(603.97); 221(690.89); 222(402.72); 223(965.47); 224(26.23); 225(356.37); 226(361.81); 227(468.04); 228(659.01); 229(609.94); 230(824.99); 231(189.53); 232(493.35); 233(685.14); 234(875.65); 235(899.52); 236(722.28); 237(65.92); 238(633.15); 239(226.81); 240(313.64); 241(602.83); 242(112.21); 243(311.94); 244(983.42); 245(131.52); 246(730.83); 247(686.68); 248(934.51); 249(249.62); 250(570.54); 251(779.14); 252(204.5); 253(990.75); 254(734.49); 255(470.08); 256(60.63); 257(727.52); 258(637.64); 259(542.45); 260(876.34); 261(190.66); 262(952.64); 263(675.15); 264(997.38); 265(707.74); 266(409.01); 267(900.09); 268(986.96); 269(245.88); 270(157.05); 271(154.42); 272(259.31); 273(239.98); 274(215.97); 275(133.89); 276(520.08); 277(958.25); 278(671.66); 279(599.35); 280(474.94); 281(526.23); 282(642.73); 283(853.26); 284(889.57); 285(742.37); 286(201.1); 287(983.37); 288(693.61); 289(546.27); 290(660.32); 291(939.85); 292(868.13); 293(53.58); 294(774.87); 295(108.07); 296(961.61); 297(396.52); 298(87.88); 299(989.44); 300(87.91); 301(911.22); 302(203.08); 303(623.06); 304(609.47); 305(415.41); 306(438.13); 307(203.83); 308(924.84); 309(13.33); 310(695.05); 311(26.95); 312(475.42); 313(770.85); 314(970.4); 315(533.0); 316(728.45); 317(12.76); 318(492.97); 319(689.15); 320(535.23); 321(460.95); 322(346.11); 323(635.22); 324(545.41); 325(859.61); 326(452.66); 327(568.98); 328(926.74); 329(964.17); 330(231.14); 331(307.69); 332(323.05); 333(451.27); 334(908.25); 335(516.67); 336(290.58); 337(126.89); 338(42.95); 339(77.13); 340(389.8); 341(664.57); 342(941.63); 343(13.54); 344(446.95); 345(746.11); 346(238.15); 347(728.29); 348(832.01); 349(981.83); 350(66.48); 351(141.29); 352(781.92); 353(335.94); 354(941.11); 355(802.72); 356(819.23); 357(35.47); 358(799.33); 359(536.79); 360(499.81); 361(334.18); 362(273.47); 363(820.89); 364(11.51); 366(744.29); 367(611.45); 368(615.35); 369(221.95); 370(831.28); 371(898.17); 372(326.94); 373(380.15); 374(933.5); 375(251.95); 376(810.09); 377(699.51); 378(889.27); 379(537.81); 380(833.5); 381(187.49); 382(493.47); 383(416.66); 384(568.36); 385(704.75); 386(476.89); 387(241.27); 388(625.8); 389(591.72); 390(563.86); 391(271.5); 392(424.67); 393(74.75); 394(116.44); 395(410.58); 396(805.51); 397(240.58); 398(207.4); 399(946.42); 400(134.77); 401(732.1); 402(121.45); 403(629.65); 404(648.71); 405(652.85); 406(491.75); 407(947.99); 408(705.58); 409(560.58); 410(997.47); 411(786.58); 412(835.79); 413(309.04); 414(859.42); 415(57.02); 416(352.16); 417(972.38); 418(58.84); 419(381.92); 420(17.47); 421(166.84); 422(629.75); 423(185.27); 424(11.3); 425(778.11); 426(459.58); 427(494.93); 428(321.14); 429(882.6); 430(21.31); 431(804.23); 432(448.41); 433(538.41); 434(702.43); 435(509.88); 436(737.33); 437(868.46); 438(925.71); 439(915.02); 440(172.42); 441(784.37); 442(816.29); 443(220.4); 444(315.04); 445(660.98); 446(227.64); 447(184.29); 448(47.37); 449(366.27); 450(733.86); 451(896.33); 452(183.96); 453(9.13); 454(337.49); 455(661.27); 456(912.82); 457(112.5); 458(295.19); 459(439.68); 460(342.26); 461(448.86); 462(347.9); 463(701.16); 464(616.01); 465(569.7); 466(338.08); 467(996.4); 468(605.55); 469(590.73); 470(28.3); 471(730.94); 472(323.63); 473(569.74); 474(328.38); 475(798.08); 476(502.24); 477(886.66); 478(84.78); 479(385.91); 480(898.02); 481(958.28); 482(721.83); 483(26.3); 484(631.7); 485(105.46); 486(264.86); 487(163.79); 488(686.87); 489(653.29); 490(193.43); 491(258.34); 492(803.02); 493(166.16); 494(247.39); 495(267.48); 496(599.02); 497(877.24); 498(799.0); 499(272.57),1
366,0(841.41); 1(606.74); 2(256.12); 3(211.57); 4(597.99); 5(395.97); 6(248.46); 7(61.92); 8(208.32); 9(138.02); 10(832.73); 11(919.23); 12(265.31); 13(61.63); 14(556.65); 15(318.83); 16(211.64); 17(186.28); 18(690.65); 19(644.01); 20(516.56); 21(853.09); 22(863.72); 23(345.59); 24(928.28); 25(270.21); 26(225.29); 27(407.91); 28(817.36); 29(319.89); 30(947.97); 31(15.11); 32(591.31); 33(875.07); 34(283.98); 35(758.2); 36(45.82); 37(293.7); 38(171.77); 39(741.12); 40(950.75); 41(118.49); 42(666.34); 43(193.64); 44(78.02); 45(756.61); 46(533.31); 47(13.03); 48(310.47); 49(724.98); 50(299.9); 51(58.93); 52(370.2); 53(660.36); 54(629.46); 55(584.45); 56(639.14); 57(537.68); 58(997.6); 59(342.32); 60(43.24); 61(973.07); 62(353.92); 63(726.8); 64(650.57); 65(49.45); 66(382.62); 67(83.02); 68(979.8); 69(775.49); 70(877.69); 71(526.58); 72(987.15); 73(909.3); 74(643.65); 75(939.9); 76(97.55); 77(534.02); 78(893.12); 79(444.71); 80(477.15); 81(766.7); 82(794.54); 83(401.88); 84(134.84); 85(955.88); 86(637.27); 87(273.01); 88(326.22); 89(557.17); 90(923.01); 91(633.17); 92(701.83); 93(535.93); 94(944.29); 95(258.63); 96(140.24); 97(451.68); 98(235.97); 99(469.86); 100(445.96); 101(737.14); 102(987.52); 103(342.45); 104(15.85); 105(64.95); 106(827.27); 107(127.71); 108(549.03); 109(514.86); 110(815.59); 111(423.87); 112(814.51); 113(673.48); 114(86.87); 115(7.3); 116(498.17); 117(252.33); 118(575.29); 119(557.85); 120(537.05); 121(318.4); 122(960.05); 123(557.13); 124(189.16); 125(603.9); 126(749.38); 127(240.07); 128(796.81); 129(774.04); 130(206.55); 131(787.93); 132(441.26); 133(678.84); 134(176.57); 135(396.33); 136(981.21); 137(329.95); 138(984.22); 139(526.78); 140(117.31); 141(757.93); 142(228.78); 143(169.58); 144(710.55); 145(366.43); 146(361.41); 147(652.26); 148(629.14); 149(805.84); 150(416.12); 151(732.07); 152(821.12); 153(576.96); 154(865.46); 155(396.69); 156(926.74); 157(565.87); 158(526.16); 159(217.64); 160(183.78); 161(960.52); 162(35.75); 163(663.75); 164(87.43); 165(808.09); 166(745.43); 167(550.3); 168(472.29); 169(323.83); 170(18.65); 171(772.8); 172(686.86); 173(671.13); 174(513.18); 175(634.85); 176(306.48); 177(932.29); 178(747.78); 179(425.58); 180(968.65); 181(460.1); 182(559.66); 183(958.6); 184(739.71); 185(466.08); 186(145.74); 187(49.47); 188(242.39); 189(560.51); 190(722.03); 191(850.26); 192(181.48); 193(221.44); 194(557.68); 195(694.63); 196(96.89); 197(846.92); 198(624.62); 199(822.2); 200(87.4); 201(836.88); 202(226.95); 203(348.65); 204(791.39); 205(814.69); 206(683.67); 207(162.34); 208(583.4); 209(182.7); 210(6.7); 211(240.54); 212(907.63); 213(367.88); 214(209.5); 215(251.45); 216(483.13); 217(220.33); 218(181.9); 219(418.76); 220(937.54); 221(774.71); 222(359.46); 223(883.66); 224(49.38); 225(501.66); 226(441.27); 227(208.92); 228(228.61); 229(473.13); 230(621.12); 231(557.4); 232(463.69); 233(451.64); 234(260.69); 235(946.71); 236(314.87); 237(503.74); 238(68.41); 239(49.62); 240(569.78); 241(588.92); 242(722.62); 243(550.83); 244(169.85); 245(683.25); 246(484.93); 247(434.69); 248(190.31); 249(65.65); 250(440.33); 251(298.47); 252(582.35); 253(853.96); 254(725.56); 255(772.9); 256(667.49); 257(473.46); 258(941.58); 259(630.77); 260(429.95); 261(89.27); 262(710.29); 263(825.01); 264(897.49); 265(254.04); 266(5.6); 267(979.53); 268(76.82); 269(87.22); 270(322.91); 271(710.17); 272(98.75); 273(579.6); 274(841.05); 275(461.25); 276(946.36); 277(15.11); 278(687.59); 279(223.24); 280(805.88); 281(528.25); 282(141.43); 283(177.05); 284(650.55); 285(205.24); 286(557.42); 287(794.15); 288(830.73); 289(662.33); 290(621.83); 291(363.76); 292(917.78); 293(428.25); 294(865.63); 295(526.21); 296(231.88); 297(597.52); 298(297.75); 299(577.73); 300(563.43); 301(804.54); 302(387.31); 303(499.41); 304(656.67); 305(763.59); 306(656.12); 307(595.21); 308(735.25); 309(152.79); 310(942.1); 311(267.2); 312(544.99); 313(128.39); 314(83.77); 315(58.37); 316(588.33); 317(993.55); 318(805.73); 319(429.35); 320(283.97); 321(657.32); 322(290.7); 323(867.64); 324(281.46); 325(774.19); 326(888.64); 327(938.51); 328(705.86); 329(598.25); 330(75.63); 331(999.61); 332(596.74); 333(412.93); 334(667.12); 335(865.62); 336(652.34); 337(647.72); 338(313.86); 339(744.86); 340(309.68); 341(953.06); 342(512.23); 343(673.22); 344(624.48); 345(484.04); 346(847.58); 347(753.81); 348(990.49); 349(177.51); 350(804.42); 351(562.0); 352(512.85); 353(689.09); 354(433.61); 355(746.48); 356(864.24); 357(972.87); 358(341.03); 359(860.42); 360(74.82); 361(215.41); 362(733.07); 363(731.97); 364(374.8); 365(744.29); 367(163.2); 368(127.1); 369(978.29); 370(164.79); 371(725.29); 372(800.03); 373(264.52); 374(931.31); 375(826.27); 376(517.91); 377(834.77); 378(449.32); 379(32.24); 380(329.92); 381(959.06); 382(813.35); 383(257.96); 384(50.15); 385(196.23); 386(444.73); 387(594.95); 388(373.7); 389(219.56); 390(884.41); 391(21.85); 392(680.01); 393(433.44); 394(318.2); 395(415.16); 396(28.35); 397(472.12); 398(818.17); 399(676.31); 400(623.51); 401(915.65); 402(119.39); 403(2.76); 404(321.53); 405(233.76); 406(831.77); 407(604.99); 408(206.58); 409(719.06); 410(928.92); 411(411.55); 412(429.59); 413(435.07); 414(288.29); 415(279.03); 416(211.78); 417(228.99); 418(364.57); 419(618.95); 420(556.6); 421(108.55); 422(44.46); 423(835.44); 424(400.08); 425(143.52); 426(868.32); 427(107.58); 428(924.29); 429(338.38); 430(764.34); 431(642.37); 432(888.52); 433(960.64); 434(293.86); 435(675.86); 436(76.63); 437(755.98); 438(645.96); 439(252.82); 440(633.65); 441(88.52); 442(382.39); 443(613.8); 444(528.02); 445(636.51); 446(501.63); 447(149.58); 448(583.8); 449(385.42); 450(514.83); 451(970.33); 452(844.74); 453(147.61); 454(320.77); 455(290.49); 456(531.16); 457(658.42); 458(538.97); 459(599.48); 460(556.66); 461(112.76); 462(470.15); 463(586.16); 464(854.94); 465(276.01); 466(166.06); 467(742.19); 468(613.76); 469(837.96); 470(467.59); 471(265.65); 472(771.32); 473(492.59); 474(21.62); 475(511.37); 476(810.68); 477(210.78); 478(506.07); 479(704.89); 480(14.09); 481(199.3); 482(965.06); 483(246.97); 484(169.54); 485(322.72); 486(195.22); 487(968.27); 488(513.07); 489(435.25); 490(9.13); 491(176.5); 492(52.94); 493(810.12); 494(661.64); 495(611.5); 496(821.28); 497(343.01); 498(200.83); 499(103.57),1
367,0(731.1); 1(190.53); 2(116.86); 3(342.48); 4(243.13); 5(940.44); 6(456.04); 7(868.2); 8(219.17); 9(23.37); 10(683.73); 11(251.07); 12(30.39); 13(613.7); 14(371.39); 15(779.05); 16(333.71); 17(99.24); 18(731.67); 19(860.37); 20(15.79); 21(724.17); 22(441.76); 23(313.91); 24(174.85); 25(259.1); 26(163.63); 27(706.7); 28(659.2); 29(958.66); 30(261.99); 31(93.32); 32(919.91); 33(354.7); 34(995.71); 35(115.86); 36(738.55); 37(231.66); 38(249.09); 39(400.28); 40(896.1); 41(851.98); 42(756.61); 43(904.84); 44(910.24); 45(892.3); 46(757.29); 47(476.97); 48(951.78); 49(986.35); 50(775.58); 51(510.21); 52(411.92); 53(552.12); 54(693.07); 55(913.22); 56(43.86); 57(294.83); 58(456.73); 59(819.44); 60(712.09); 61(506.29); 62(486.93); 63(676.3); 64(121.96); 65(486.17); 66(34.08); 67(337.58); 68(484.42); 69(339.73); 70(165.57); 71(102.27); 72(721.73); 73(104.72); 74(228.71); 75(697.21); 76(865.66); 77(114.42); 78(482.67); 79(704.38); 80(548.17); 81(809.93); 82(833.84); 83(891.99); 84(555.78); 85(287.0); 86(889.66); 87(98.72); 88(268.11); 89(499.99); 90(400.41); 91(863.2); 92(510.07); 93(876.87); 94(144.25); 95(921.04); 96(612.4); 97(221.48); 98(336.89); 99(679.48); 100(740.29); 101(884.45); 102(117.86); 103(771.28); 104(926.78); 105(981.46); 106(940.37); 107(550.13); 108(69.83); 109(449.35); 110(699.62); 111(45.29); 112(334.74); 113(783.98); 114(531.27); 115(448.96); 116(518.62); 117(464.51); 118(702.37); 119(607.2); 120(677.15); 121(516.86); 122(863.05); 123(748.79); 124(87.13); 125(369.41); 126(346.41); 127(436.02); 128(71.22); 129(803.28); 130(546.16); 131(897.24); 132(183.25); 133(772.13); 134(268.21); 135(794.99); 136(783.33); 137(627.46); 138(712.82); 139(811.04); 140(679.3); 141(715.09); 142(590.54); 143(601.36); 144(740.61); 145(685.74); 146(830.29); 147(874.71); 148(703.96); 149(743.24); 150(760.0); 151(239.76); 152(20.33); 153(134.43); 154(521.57); 155(892.44); 156(181.43); 157(812.22); 158(159.05); 159(266.62); 160(550.32); 161(238.74); 162(516.51); 163(167.46); 164(934.96); 165(859.98); 166(666.92); 167(436.41); 168(831.47); 169(889.0); 170(838.66); 171(357.96); 172(330.84); 173(354.66); 174(101.11); 175(249.4); 176(857.68); 177(495.76); 178(877.92); 179(329.62); 180(693.47); 181(513.34); 182(536.49); 183(913.58); 184(819.25); 185(80.25); 186(561.72); 187(214.12); 188(402.38); 189(290.4); 190(703.59); 191(766.48); 192(875.26); 193(651.18); 194(326.35); 195(746.37); 196(721.53); 197(795.38); 198(101.16); 199(519.09); 200(693.54); 201(181.18); 202(693.39); 203(863.57); 204(278.04); 205(925.42); 206(752.25); 207(239.96); 208(797.78); 209(767.69); 210(781.75); 211(802.58); 212(790.58); 213(296.92); 214(505.06); 215(659.62); 216(16.56); 217(291.7); 218(271.23); 219(329.88); 220(218.21); 221(418.44); 222(547.64); 223(444.64); 224(656.27); 225(818.99); 226(67.58); 227(804.96); 228(102.64); 229(624.88); 230(179.67); 231(964.84); 232(636.14); 233(90.54); 234(293.95); 235(135.51); 236(114.29); 237(588.33); 238(503.52); 239(31.85); 240(938.73); 241(890.16); 242(622.31); 243(408.49); 244(891.1); 245(456.14); 246(623.51); 247(382.64); 248(791.0); 249(807.96); 250(992.67); 251(701.28); 252(404.31); 253(649.24); 254(511.97); 255(596.26); 256(442.75); 257(9.44); 258(240.97); 259(510.8); 260(759.42); 261(661.3); 262(56.92); 263(925.12); 264(134.8); 265(60.82); 266(638.23); 267(560.88); 268(347.74); 269(932.28); 270(50.25); 271(36.75); 272(371.28); 273(136.81); 274(284.61); 275(403.96); 276(639.5); 277(596.48); 278(687.36); 279(560.01); 280(613.24); 281(319.8); 282(944.32); 283(324.89); 284(714.67); 285(977.19); 286(612.06); 287(248.3); 288(885.39); 289(110.46); 290(208.26); 291(777.53); 292(126.38); 293(701.32); 294(805.6); 295(824.02); 296(203.49); 297(687.73); 298(539.09); 299(977.17); 300(221.18); 301(302.62); 302(970.3); 303(143.44); 304(731.03); 305(591.92); 306(299.54); 307(210.77); 308(275.91); 309(609.56); 310(438.96); 311(842.63); 312(846.9); 313(475.8); 314(578.87); 315(594.54); 316(966.65); 317(820.42); 318(43.52); 319(684.87); 320(247.94); 321(845.84); 322(718.18); 323(155.65); 324(343.85); 325(255.82); 326(724.22); 327(644.24); 328(390.91); 329(62.36); 330(97.63); 331(490.12); 332(319.38); 333(580.26); 334(900.26); 335(910.16); 336(954.43); 337(231.92); 338(637.56); 339(56.67); 340(549.03); 341(963.45); 342(827.0); 343(414.33); 344(439.71); 345(352.02); 346(516.62); 347(414.01); 348(63.47); 349(936.1); 350(371.71); 351(674.74); 352(351.24); 353(551.91); 354(896.97); 355(381.52); 356(529.35); 357(828.66); 358(239.82); 359(145.15); 360(422.06); 361(44.14); 362(651.59); 363(311.9); 364(253.78); 365(611.45); 366(163.2); 368(254.22); 369(695.75); 370(906.31); 371(591.71); 372(491.93); 373(915.17); 374(575.06); 375(471.49); 376(664.75); 377(73.65); 378(768.57); 379(951.63); 380(516.98); 381(115.81); 382(182.21); 383(662.69); 384(522.17); 385(854.09); 386(95.09); 387(657.29); 388(89.68); 389(601.79); 390(446.36); 391(764.49); 392(619.57); 393(109.66); 394(283.82); 395(955.37); 396(34.44); 397(232.86); 398(32.27); 399(336.92); 400(924.26); 401(245.39); 402(155.87); 403(358.9); 404(674.56); 405(155.78); 406(129.69); 407(659.84); 408(503.74); 409(153.29); 410(42.43); 411(233.44); 412(173.63); 413(243.91); 414(291.1); 415(696.12); 416(294.11); 417(893.35); 418(999.85); 419(807.58); 420(89.77); 421(923.39); 422(695.41); 423(800.59); 424(573.06); 425(531.8); 426(587.63); 427(271.22); 428(937.95); 429(106.84); 430(846.55); 431(10.31); 432(968.59); 433(683.32); 434(948.02); 435(74.72); 436(967.76); 437(15.52); 438(27.3); 439(231.19); 440(641.2); 441(67.82); 442(245.48); 443(429.61); 444(742.21); 445(680.78); 446(901.37); 447(873.82); 448(375.34); 449(357.5); 450(624.93); 451(142.78); 452(514.42); 453(339.15); 454(593.1); 455(740.32); 456(892.69); 457(487.41); 458(824.35); 459(951.59); 460(330.38); 461(73.91); 462(996.73); 463(354.19); 464(87.8); 465(789.79); 466(514.3); 467(309.27); 468(483.0); 469(653.81); 470(227.43); 471(320.75); 472(686.92); 473(852.09); 474(563.47); 475(920.49); 476(698.61); 477(661.21); 478(676.04); 479(143.85); 480(672.34); 481(293.71); 482(887.45); 483(460.99); 484(725.1); 485(920.89); 486(364.62); 487(597.72); 488(351.01); 489(211.25); 490(172.18); 491(760.47); 492(127.22); 493(644.93); 494(670.29); 495(51.04); 496(808.62); 497(103.82); 498(458.54); 499(537.03),1
368,0(349.79); 1(128.34); 2(279.67); 3(106.56); 4(563.02); 5(611.92); 6(832.08); 7(126.92); 8(191.66); 9(283.45); 10(868.44); 11(512.98); 12(324.51); 13(705.85); 14(633.59); 15(210.35); 16(680.5); 17(483.1); 18(831.75); 19(907.44); 20(902.46); 21(231.04); 22(110.39); 23(562.24); 24(593.32); 25(446.29); 26(821.83); 27(661.82); 28(279.72); 29(937.6); 30(935.07); 31(463.47); 32(593.86); 33(617.14); 34(378.38); 35(135.67); 36(192.15); 37(326.41); 38(545.68); 39(223.83); 40(352.53); 41(701.38); 42(687.32); 43(800.03); 44(916.97); 45(252.39); 46(933.78); 47(721.22); 48(876.73); 49(617.46); 50(174.24); 51(298.52); 52(831.39); 53(568.58); 54(251.82); 55(98.46); 56(661.39); 57(950.46); 58(607.58); 59(59.41); 60(662.33); 61(658.51); 62(515.82); 63(257.66); 64(590.83); 65(108.54); 66(303.74); 67(631.85); 68(122.74); 69(782.79); 70(944.12); 71(115.35); 72(200.81); 73(588.27); 74(891.8); 75(255.08); 76(892.45); 77(193.81); 78(249.56); 79(127.21); 80(64.25); 81(460.37); 82(572.74); 83(34.77); 84(233.97); 85(794.15); 86(278.37); 87(783.69); 88(27.17); 89(235.94); 90(229.3); 91(903.98); 92(175.16); 93(725.85); 94(534.77); 95(750.12); 96(167.91); 97(939.36); 98(51.29); 99(547.4); 100(952.65); 101(353.5); 102(334.49); 103(118.8); 104(245.29); 105(474.78); 106(984.39); 107(356.01); 108(748.84); 109(682.58); 110(156.2); 111(314.18); 112(737.94); 113(712.49); 114(938.56); 115(694.41); 116(799.26); 117(89.96); 118(111.96); 119(369.72); 120(861.75); 121(914.11); 122(453.64); 123(291.0); 124(524.94); 125(824.62); 126(732.62); 127(121.7); 128(168.51); 129(967.51); 130(935.8); 131(327.55); 132(307.66); 133(619.5); 134(342.54); 135(895.38); 136(420.16); 137(895.33); 138(739.81); 139(186.51); 140(220.41); 141(355.53); 142(443.73); 143(633.41); 144(363.36); 145(286.39); 146(597.56); 147(780.13); 148(408.73); 149(729.78); 150(449.35); 151(746.2); 152(848.59); 153(292.46); 154(907.24); 155(429.29); 156(860.78); 157(226.22); 158(770.02); 159(832.16); 160(502.12); 161(937.98); 162(240.9); 163(42.03); 164(184.53); 165(559.55); 166(14.96); 167(442.88); 168(878.56); 169(244.13); 170(770.61); 171(820.86); 172(310.73); 173(631.5); 174(609.57); 175(48.95); 176(18.48); 177(296.18); 178(589.7); 179(436.04); 180(910.26); 181(400.45); 182(39.9); 183(168.06); 184(503.24); 185(591.63); 186(453.77); 187(880.25); 188(436.3); 189(518.38); 190(900.84); 191(75.58); 192(112.28); 193(308.56); 194(237.02); 195(297.6); 196(608.11); 197(8.12); 198(424.46); 199(661.73); 200(976.93); 201(594.53); 202(929.55); 203(401.65); 204(58.24); 205(792.96); 206(891.94); 207(368.04); 208(750.67); 209(745.37); 210(540.71); 211(763.84); 212(621.94); 213(187.29); 214(718.89); 215(350.12); 216(850.11); 217(394.52); 218(804.31); 219(644.29); 220(320.86); 221(736.58); 222(817.98); 223(842.22); 224(716.36); 225(645.72); 226(275.19); 227(730.23); 228(369.75); 229(588.94); 230(120.62); 231(320.0); 232(103.02); 233(172.34); 234(909.15); 235(600.13); 236(159.95); 237(836.62); 238(715.61); 239(467.51); 240(928.99); 241(151.22); 242(523.3); 243(629.06); 244(279.19); 245(229.18); 246(782.3); 247(123.41); 248(588.28); 249(439.48); 250(849.21); 251(479.5); 252(333.7); 253(387.48); 254(902.37); 255(126.67); 256(977.97); 257(833.56); 258(208.42); 259(671.02); 260(619.6); 261(269.59); 262(165.45); 263(376.37); 264(883.69); 265(666.16); 266(77.84); 267(763.15); 268(300.43); 269(831.15); 270(470.26); 271(594.93); 272(431.84); 273(749.42); 274(872.53); 275(60.36); 276(653.4); 277(374.66); 278(175.62); 279(278.08); 280(811.73); 281(583.64); 282(67.98); 283(523.2); 284(260.28); 285(531.67); 286(13.11); 287(783.22); 288(983.18); 289(916.39); 290(182.51); 291(609.81); 292(725.37); 293(371.25); 294(882.09); 295(864.01); 296(279.89); 297(800.17); 298(375.74); 299(307.58); 300(296.86); 301(512.7); 302(259.13); 303(191.65); 304(942.96); 305(60.4); 306(466.34); 307(69.31); 308(564.25); 309(389.1); 310(179.84); 311(380.35); 312(552.53); 313(245.06); 314(209.94); 315(683.73); 316(231.95); 317(490.33); 318(605.56); 319(52.7); 320(509.92); 321(267.99); 322(217.86); 323(550.26); 324(906.98); 325(61.55); 326(641.93); 327(389.62); 328(492.34); 329(458.22); 330(21.25); 331(437.46); 332(0.97); 333(305.77); 334(283.52); 335(989.88); 336(333.57); 337(314.54); 338(47.42); 339(525.43); 340(78.69); 341(364.87); 342(533.77); 343(115.8); 344(919.23); 345(507.61); 346(802.54); 347(759.04); 348(607.78); 349(510.45); 350(48.92); 351(871.33); 352(856.61); 353(315.53); 354(419.85); 355(704.63); 356(360.2); 357(614.39); 358(673.8); 359(170.56); 360(359.37); 361(494.02); 362(939.98); 363(514.04); 364(690.58); 365(615.35); 366(127.1); 367(254.22); 369(41.73); 370(266.88); 371(571.83); 372(611.4); 373(970.47); 374(16.85); 375(663.3); 376(996.93); 377(59.71); 378(297.6); 379(645.02); 380(818.11); 381(940.84); 382(34.36); 383(991.28); 384(883.24); 385(188.64); 386(861.48); 387(661.14); 388(492.72); 389(345.92); 390(239.89); 391(355.04); 392(283.86); 393(949.99); 394(503.13); 395(515.46); 396(318.08); 397(893.68); 398(340.83); 399(463.1); 400(644.67); 401(804.69); 402(69.14); 403(707.81); 404(345.11); 405(473.63); 406(413.9); 407(801.95); 408(451.48); 409(599.33); 410(689.98); 411(88.07); 412(649.23); 413(830.86); 414(832.11); 415(251.7); 416(686.83); 417(367.36); 418(575.35); 419(343.91); 420(710.61); 421(4.32); 422(174.48); 423(193.61); 424(630.37); 425(986.99); 426(379.47); 427(371.65); 428(474.24); 429(575.43); 430(923.51); 431(330.32); 432(479.25); 433(557.87); 434(136.87); 435(386.68); 436(466.83); 437(526.7); 438(393.75); 439(675.8); 440(833.85); 441(65.14); 442(91.9); 443(255.63); 444(227.48); 445(284.7); 446(5.45); 447(831.73); 448(543.07); 449(41.35); 450(1.39); 451(9.99); 452(505.6); 453(453.72); 454(697.5); 455(149.46); 456(931.61); 457(894.36); 458(960.54); 459(371.86); 460(474.31); 461(663.37); 462(165.82); 463(648.81); 464(140.64); 465(529.06); 466(545.59); 467(887.42); 468(775.6); 469(406.35); 470(409.25); 471(202.35); 472(3.56); 473(35.2); 474(142.64); 475(297.26); 476(864.03); 477(907.56); 478(175.88); 479(142.61); 480(485.63); 481(771.68); 482(716.13); 483(649.61); 484(73.97); 485(128.48); 486(629.79); 487(609.27); 488(962.04); 489(741.35); 490(762.65); 491(291.24); 492(329.3); 493(475.7); 494(920.45); 495(241.03); 496(552.15); 497(226.31); 498(960.54); 499(885.18),1
369,0(78.38); 1(519.37); 2(71.21); 3(435.62); 4(727.08); 5(439.65); 6(271.97); 7(582.36); 8(844.21); 9(607.85); 10(285.18); 11(544.33); 12(134.99); 13(354.0); 14(913.69); 15(664.3); 16(64.67); 17(367.8); 18(506.41); 19(487.48); 20(408.39); 21(313.56); 22(356.44); 23(405.34); 24(290.64); 25(299.26); 26(22.85); 27(540.61); 28(699.27); 29(770.26); 30(591.25); 31(925.99); 32(122.54); 33(550.49); 34(964.28); 35(428.56); 36(419.54); 37(112.4); 38(397.72); 39(202.34); 40(981.1); 41(741.38); 42(80.33); 43(408.96); 44(70.08); 45(865.08); 46(312.23); 47(790.02); 48(654.0); 49(531.74); 50(482.18); 51(616.62); 52(401.55); 53(649.45); 54(262.79); 55(325.65); 56(827.98); 57(904.75); 58(353.31); 59(689.59); 60(878.54); 61(826.07); 62(841.43); 63(699.92); 64(384.34); 65(355.27); 66(609.21); 67(76.23); 68(60.54); 69(916.47); 70(473.33); 71(921.15); 72(26.24); 73(791.57); 74(672.29); 75(79.23); 76(403.25); 77(32.13); 78(309.44); 79(607.94); 80(68.44); 81(838.84); 82(392.32); 83(485.3); 84(925.66); 85(65.12); 86(272.49); 87(184.76); 88(263.08); 89(741.82); 90(56.59); 91(142.98); 92(401.12); 93(603.18); 94(497.35); 95(643.83); 96(161.42); 97(948.49); 98(539.72); 99(701.38); 100(752.91); 101(331.58); 102(165.12); 103(497.6); 104(713.43); 105(973.73); 106(414.65); 107(699.69); 108(533.87); 109(268.45); 110(85.88); 111(195.63); 112(769.64); 113(23.15); 114(406.07); 115(885.68); 116(694.84); 117(487.25); 118(16.73); 119(730.34); 120(586.58); 121(926.39); 122(855.36); 123(549.32); 124(181.22); 125(102.99); 126(622.67); 127(545.39); 128(970.31); 129(417.84); 130(510.46); 131(695.59); 132(465.51); 133(423.95); 134(318.51); 135(174.76); 136(33.69); 137(697.39); 138(585.81); 139(853.42); 140(929.46); 141(92.73); 142(68.51); 143(843.86); 144(914.3); 145(689.94); 146(533.81); 147(523.83); 148(802.37); 149(407.57); 150(480.5); 151(809.86); 152(296.11); 153(405.42); 154(613.8); 155(291.98); 156(34.16); 157(871.41); 158(152.89); 159(218.35); 160(184.1); 161(840.43); 162(670.23); 163(963.35); 164(896.4); 165(930.25); 166(516.68); 167(131.38); 168(80.56); 169(953.06); 170(805.64); 171(720.96); 172(775.88); 173(873.48); 174(754.35); 175(227.63); 176(86.51); 177(663.84); 178(116.9); 179(526.06); 180(503.62); 181(382.21); 182(190.73); 183(218.13); 184(768.09); 185(767.61); 186(687.14); 187(79.98); 188(632.04); 189(568.56); 190(729.04); 191(636.41); 192(796.65); 193(664.0); 194(509.21); 195(701.75); 196(985.91); 197(675.56); 198(480.5); 199(225.25); 200(421.35); 201(851.53); 202(782.47); 203(156.45); 204(983.67); 205(817.91); 206(601.0); 207(765.99); 208(402.65); 209(384.64); 210(806.07); 211(830.43); 212(621.71); 213(61.0); 214(130.14); 215(704.12); 216(381.33); 217(861.11); 218(875.52); 219(760.63); 220(423.69); 221(313.82); 222(258.81); 223(524.02); 224(144.38); 225(466.82); 226(255.39); 227(240.63); 228(379.78); 229(404.18); 230(430.09); 231(647.77); 232(624.87); 233(16.34); 234(558.21); 235(448.76); 236(618.23); 237(438.78); 238(298.76); 239(677.18); 240(530.2); 241(472.69); 242(75.06); 243(865.5); 244(247.59); 245(712.76); 246(784.04); 247(754.43); 248(673.14); 249(905.68); 250(653.53); 251(959.77); 252(743.65); 253(457.38); 254(153.56); 255(278.64); 256(748.48); 257(703.69); 258(60.47); 259(193.42); 260(311.65); 261(968.16); 262(437.52); 263(748.62); 264(274.03); 265(525.33); 266(9.04); 267(768.7); 268(871.23); 269(390.26); 270(406.13); 271(762.47); 272(787.38); 273(924.08); 274(802.8); 275(567.18); 276(111.97); 277(574.03); 278(310.73); 279(554.48); 280(929.84); 281(541.66); 282(809.34); 283(729.19); 284(380.14); 285(794.44); 286(794.64); 287(819.83); 288(668.63); 289(507.2); 290(655.52); 291(212.75); 292(547.37); 293(367.51); 294(138.16); 295(320.63); 296(975.56); 297(930.32); 298(517.96); 299(581.23); 300(889.47); 301(335.41); 302(798.31); 303(731.82); 304(836.57); 305(863.02); 306(218.6); 307(770.39); 308(818.96); 309(141.85); 310(104.1); 311(795.14); 312(339.56); 313(695.75); 314(28.54); 315(247.35); 316(782.45); 317(947.37); 318(951.09); 319(302.92); 320(916.5); 321(773.53); 322(182.92); 323(198.72); 324(99.47); 325(887.66); 326(389.62); 327(61.86); 328(596.15); 329(670.32); 330(422.92); 331(208.26); 332(138.2); 333(352.53); 334(628.78); 335(413.42); 336(130.89); 337(616.99); 338(368.69); 339(805.64); 340(553.79); 341(268.42); 342(780.24); 343(158.62); 344(152.15); 345(405.27); 346(712.5); 347(39.59); 348(612.34); 349(500.1); 350(235.72); 351(827.47); 352(655.8); 353(727.57); 354(792.59); 355(295.07); 356(291.48); 357(919.58); 358(288.38); 359(409.63); 360(502.41); 361(296.67); 362(763.11); 363(267.89); 364(196.45); 365(221.95); 366(978.29); 367(695.75); 368(41.73); 370(441.12); 371(465.73); 372(433.34); 373(91.3); 374(185.79); 375(652.88); 376(123.73); 377(791.8); 378(322.83); 379(158.23); 380(720.16); 381(967.98); 382(876.85); 383(948.42); 384(26.58); 385(512.93); 386(616.99); 387(779.53); 388(145.25); 389(626.57); 390(308.5); 391(452.38); 392(516.99); 393(692.89); 394(147.64); 395(452.91); 396(180.18); 397(426.44); 398(453.26); 399(134.51); 400(509.15); 401(159.49); 402(145.35); 403(99.86); 404(941.25); 405(289.82); 406(870.9); 407(476.47); 408(968.16); 409(498.68); 410(85.64); 411(267.06); 412(318.39); 413(778.85); 414(647.91); 415(465.41); 416(41.03); 417(970.22); 418(757.28); 419(189.79); 420(601.28); 421(940.76); 422(296.66); 423(848.76); 424(978.87); 425(309.01); 426(904.97); 427(388.05); 428(5.43); 429(394.74); 430(73.38); 431(143.95); 432(395.34); 433(821.8); 434(229.08); 435(578.7); 436(220.42); 437(254.17); 438(647.8); 439(773.98); 440(791.68); 441(363.33); 442(558.58); 443(678.69); 444(245.41); 445(942.4); 446(175.85); 447(462.19); 448(127.35); 449(12.71); 450(190.97); 451(845.75); 452(624.26); 453(404.01); 454(524.33); 455(856.8); 456(836.02); 457(383.28); 458(146.27); 459(669.77); 460(436.56); 461(689.4); 462(479.13); 463(74.5); 464(103.67); 465(423.66); 466(327.24); 467(411.53); 468(437.86); 469(455.53); 470(46.22); 471(444.77); 472(283.91); 473(241.18); 474(744.57); 475(296.69); 476(233.33); 477(520.13); 478(914.26); 479(481.79); 480(742.58); 481(58.85); 482(242.58); 483(894.05); 484(580.6); 485(116.53); 486(883.39); 487(140.66); 488(204.75); 489(358.55); 490(129.98); 491(943.75); 492(729.1); 493(447.27); 494(631.22); 495(173.28); 496(631.6); 497(93.9); 498(377.38); 499(699.04),1
370,0(909.61); 1(965.59); 2(19.72); 3(815.27); 4(259.08); 5(876.01); 6(719.1); 7(94.44); 8(241.98); 9(764.32); 10(509.18); 11(61.68); 12(680.8); 13(506.93); 14(821.12); 15(639.71); 16(270.7); 17(685.32); 18(536.36); 19(91.93); 20(567.74); 21(101.16); 22(840.07); 23(137.09); 24(749.19); 25(70.47); 26(816.62); 27(762.96); 28(141.99); 29(887.59); 30(196.99); 31(546.86); 32(851.77); 33(950.89); 34(522.1); 35(899.48); 36(74.39); 37(110.0); 38(904.25); 39(990.34); 40(544.53); 41(876.42); 42(973.56); 43(279.44); 44(959.95); 45(993.58); 46(806.59); 47(641.03); 48(338.68); 49(926.8); 50(629.22); 51(187.47); 52(163.26); 53(306.33); 54(350.25); 55(291.58); 56(561.94); 57(73.16); 58(273.46); 59(183.44); 60(617.0); 61(465.69); 62(492.01); 63(471.73); 64(688.72); 65(785.53); 66(938.33); 67(899.85); 68(255.41); 69(913.4); 70(912.7); 71(517.01); 72(86.81); 73(106.6); 74(81.18); 75(372.75); 76(866.27); 77(230.98); 78(725.11); 79(695.15); 80(646.96); 81(958.9); 82(395.71); 83(26.66); 84(583.62); 85(256.55); 86(316.62); 87(831.94); 88(900.47); 89(747.91); 90(363.36); 91(376.23); 92(897.86); 93(927.42); 94(965.23); 95(495.72); 96(903.93); 97(421.68); 98(552.21); 99(336.92); 100(595.47); 101(714.53); 102(692.78); 103(355.26); 104(876.37); 105(600.3); 106(782.62); 107(368.1); 108(596.41); 109(947.39); 110(123.45); 111(748.68); 112(592.17); 113(223.39); 114(329.89); 115(398.29); 116(76.82); 117(341.89); 118(745.3); 119(667.91); 120(780.55); 121(824.94); 122(420.25); 123(702.67); 124(51.99); 125(803.66); 126(783.13); 127(551.69); 128(77.17); 129(491.46); 130(604.56); 131(964.9); 132(992.19); 133(320.86); 134(95.13); 135(645.94); 136(747.42); 137(155.21); 138(463.57); 139(964.86); 140(389.75); 141(445.58); 142(506.43); 143(561.49); 144(60.9); 145(460.41); 146(92.22); 147(934.3); 148(618.37); 149(973.59); 150(839.2); 151(968.21); 152(175.68); 153(708.85); 154(786.87); 155(844.22); 156(198.52); 157(225.57); 158(115.81); 159(252.34); 160(198.61); 161(213.69); 162(422.02); 163(192.87); 164(20.24); 165(685.53); 166(199.1); 167(338.71); 168(97.59); 169(304.87); 170(107.89); 171(261.97); 172(662.58); 173(79.15); 174(722.77); 175(893.79); 176(380.24); 177(307.84); 178(945.93); 179(526.33); 180(983.87); 181(156.54); 182(698.29); 183(568.62); 184(756.62); 185(841.17); 186(655.05); 187(408.55); 188(398.55); 189(876.52); 190(957.61); 191(466.76); 192(147.62); 193(196.54); 194(347.71); 195(988.77); 196(192.85); 197(441.53); 198(536.41); 199(848.36); 200(670.34); 201(373.5); 202(767.53); 203(634.16); 204(903.7); 205(760.98); 206(54.08); 207(476.3); 208(687.95); 209(205.7); 210(465.68); 211(270.88); 212(403.04); 213(871.74); 214(993.1); 215(219.2); 216(769.86); 217(306.42); 218(315.31); 219(448.9); 220(24.15); 221(632.11); 222(544.89); 223(908.51); 224(337.63); 225(426.93); 226(200.17); 227(30.5); 228(326.67); 229(175.65); 230(324.33); 231(229.44); 232(996.37); 233(21.36); 234(775.91); 235(78.49); 236(156.06); 237(423.03); 238(538.28); 239(450.19); 240(769.72); 241(396.24); 242(612.98); 243(13.41); 244(207.26); 245(212.73); 246(181.97); 247(18.3); 248(536.09); 249(121.52); 250(723.44); 251(390.38); 252(841.38); 253(904.38); 254(589.14); 255(67.36); 256(948.18); 257(662.64); 258(631.76); 259(263.02); 260(413.42); 261(554.25); 262(61.63); 263(794.32); 264(210.83); 265(247.37); 266(818.73); 267(218.54); 268(828.68); 269(801.99); 270(755.44); 271(702.14); 272(619.65); 273(431.79); 274(672.95); 275(109.69); 276(430.84); 277(754.01); 278(104.53); 279(26.22); 280(374.25); 281(676.09); 282(424.65); 283(136.56); 284(650.16); 285(460.81); 286(158.97); 287(981.68); 288(781.38); 289(925.54); 290(554.03); 291(706.0); 292(913.99); 293(868.94); 294(285.54); 295(872.78); 296(692.15); 297(93.87); 298(355.76); 299(261.69); 300(829.21); 301(296.33); 302(397.96); 303(365.71); 304(510.9); 305(501.91); 306(106.66); 307(499.16); 308(6.91); 309(502.32); 310(167.01); 311(246.91); 312(72.5); 313(163.39); 314(4.05); 315(209.57); 316(249.56); 317(615.02); 318(915.1); 319(970.56); 320(54.98); 321(697.07); 322(471.02); 323(168.71); 324(907.93); 325(570.8); 326(381.51); 327(631.52); 328(865.27); 329(758.75); 330(554.76); 331(888.01); 332(277.37); 333(947.05); 334(107.91); 335(486.62); 336(891.99); 337(954.35); 338(649.2); 339(344.41); 340(983.22); 341(104.91); 342(43.97); 343(268.09); 344(718.94); 345(732.55); 346(822.58); 347(471.74); 348(469.46); 349(672.72); 350(916.64); 351(5.56); 352(686.66); 353(936.53); 354(914.64); 355(968.69); 356(579.03); 357(40.73); 358(585.17); 359(165.82); 360(128.24); 361(729.67); 362(907.91); 363(815.26); 364(348.95); 365(831.28); 366(164.79); 367(906.31); 368(266.88); 369(441.12); 371(379.55); 372(519.63); 373(552.8); 374(533.52); 375(622.49); 376(768.69); 377(888.68); 378(765.05); 379(511.34); 380(218.86); 381(345.08); 382(994.31); 383(40.7); 384(335.15); 385(58.34); 386(619.39); 387(894.19); 388(919.19); 389(688.03); 390(1.8); 391(222.71); 392(267.12); 393(143.26); 394(800.93); 395(90.95); 396(764.96); 397(287.82); 398(290.29); 399(343.71); 400(954.25); 401(252.46); 402(118.73); 403(401.78); 404(461.63); 405(988.56); 406(598.73); 407(965.88); 408(147.85); 409(734.28); 410(376.79); 411(715.52); 412(496.77); 413(505.09); 414(237.68); 415(497.34); 416(863.82); 417(808.4); 418(638.71); 419(282.39); 420(402.65); 421(791.34); 422(663.06); 423(367.96); 424(71.69); 425(899.97); 426(964.84); 427(143.21); 428(949.53); 429(923.97); 430(935.29); 431(298.78); 432(239.17); 433(893.86); 434(615.42); 435(582.01); 436(428.3); 437(188.45); 438(696.78); 439(512.75); 440(293.58); 441(425.98); 442(903.88); 443(450.56); 444(35.59); 445(428.11); 446(404.48); 447(37.68); 448(274.64); 449(430.34); 450(37.64); 451(137.22); 452(199.99); 453(562.78); 454(484.76); 455(604.05); 456(597.11); 457(950.07); 458(881.18); 459(156.04); 460(255.84); 461(78.74); 462(722.33); 463(363.38); 464(175.04); 465(663.32); 466(694.15); 467(880.01); 468(114.81); 469(717.33); 470(324.37); 471(388.24); 472(951.74); 473(567.6); 474(282.27); 475(382.83); 476(535.46); 477(515.19); 478(485.32); 479(214.13); 480(379.78); 481(231.43); 482(19.43); 483(851.97); 484(250.86); 485(13.18); 486(873.54); 487(556.13); 488(460.77); 489(874.67); 490(840.05); 491(977.64); 492(953.74); 493(459.59); 494(487.15); 495(858.52); 496(108.59); 497(702.86); 498(245.74); 499(909.27),1
371,0(481.34); 1(757.72); 2(741.03); 3(430.14); 4(362.06); 5(542.58); 6(959.82); 7(408.87); 8(101.69); 9(631.27); 10(393.28); 11(619.08); 12(110.06); 13(660.33); 14(475.12); 15(917.72); 16(203.11); 17(280.43); 18(379.78); 19(670.77); 20(439.71); 21(581.02); 22(536.78); 23(398.37); 24(858.86); 25(321.3); 26(12.4); 27(102.58); 28(433.29); 29(906.26); 30(723.6); 31(687.89); 32(388.72); 33(722.82); 34(407.05); 35(576.01); 36(412.35); 37(245.91); 38(414.79); 39(49.77); 40(577.39); 41(926.6); 42(532.54); 43(939.86); 44(934.47); 45(143.25); 46(160.71); 47(838.46); 48(624.91); 49(434.37); 50(386.13); 51(900.67); 52(175.34); 53(782.53); 54(256.33); 55(790.88); 56(394.01); 57(428.75); 58(757.19); 59(723.33); 60(853.46); 61(503.85); 62(640.31); 63(723.62); 64(835.68); 65(676.98); 66(913.01); 67(135.35); 68(560.51); 69(51.36); 70(768.14); 71(666.91); 72(42.32); 73(779.9); 74(503.62); 75(352.62); 76(200.49); 77(375.69); 78(793.86); 79(17.15); 80(677.76); 81(770.37); 82(982.76); 83(770.08); 84(715.56); 85(863.8); 86(883.35); 87(79.39); 88(103.17); 89(126.17); 90(725.44); 91(653.7); 92(437.2); 93(47.57); 94(763.51); 95(188.64); 96(626.39); 97(665.01); 98(43.89); 99(601.24); 100(929.16); 101(102.79); 102(36.82); 103(489.52); 104(910.25); 105(112.55); 106(392.76); 107(446.21); 108(553.14); 109(900.34); 110(535.77); 111(700.93); 112(688.76); 113(251.99); 114(736.27); 115(41.05); 116(262.16); 117(578.05); 118(646.01); 119(972.58); 120(475.96); 121(38.38); 122(959.76); 123(528.93); 124(849.17); 125(357.05); 126(174.95); 127(620.58); 128(172.03); 129(505.4); 130(401.58); 131(448.03); 132(667.28); 133(775.18); 134(566.8); 135(711.0); 136(216.02); 137(894.93); 138(122.94); 139(553.81); 140(976.74); 141(66.21); 142(793.08); 143(732.87); 144(79.59); 145(323.02); 146(727.4); 147(313.02); 148(466.77); 149(650.1); 150(225.95); 151(492.6); 152(165.75); 153(750.63); 154(740.45); 155(824.47); 156(890.1); 157(639.97); 158(307.86); 159(959.23); 160(576.23); 161(421.78); 162(610.44); 163(635.9); 164(182.03); 165(959.75); 166(115.13); 167(965.63); 168(768.07); 169(152.38); 170(943.31); 171(853.1); 172(389.56); 173(65.85); 174(82.71); 175(424.58); 176(356.99); 177(168.86); 178(164.42); 179(519.28); 180(230.78); 181(44.39); 182(416.73); 183(524.76); 184(890.26); 185(626.29); 186(235.75); 187(887.56); 188(387.06); 189(649.54); 190(977.31); 191(773.48); 192(361.75); 193(859.9); 194(403.0); 195(217.62); 196(200.72); 197(473.85); 198(885.24); 199(471.89); 200(159.69); 201(971.48); 202(177.92); 203(553.4); 204(187.57); 205(677.04); 206(157.39); 207(471.2); 208(610.23); 209(216.15); 210(130.32); 211(472.65); 212(442.46); 213(648.18); 214(492.58); 215(199.81); 216(515.17); 217(125.33); 218(537.03); 219(469.11); 220(884.65); 221(90.85); 222(619.14); 223(505.23); 224(206.61); 225(235.65); 226(384.42); 227(415.53); 228(204.12); 229(877.8); 230(359.93); 231(789.64); 232(489.3); 233(297.48); 234(446.28); 235(751.77); 236(907.9); 237(31.4); 238(344.29); 239(10.49); 240(122.65); 241(980.02); 242(182.71); 243(464.5); 244(488.56); 245(311.78); 246(337.16); 247(546.74); 248(864.67); 249(560.6); 250(614.47); 251(72.51); 252(491.86); 253(568.64); 254(681.09); 255(348.96); 256(117.09); 257(293.33); 258(628.53); 259(807.46); 260(177.3); 261(546.07); 262(567.28); 263(344.56); 264(522.99); 265(107.07); 266(603.97); 267(374.77); 268(424.33); 269(950.17); 270(887.37); 271(33.18); 272(57.0); 273(690.32); 274(962.47); 275(806.96); 276(781.01); 277(708.72); 278(441.98); 279(640.93); 280(699.63); 281(504.92); 282(731.71); 283(285.55); 284(722.33); 285(332.65); 286(782.33); 287(277.01); 288(913.93); 289(848.02); 290(17.6); 291(70.71); 292(825.07); 293(271.15); 294(740.24); 295(385.82); 296(538.97); 297(419.37); 298(969.46); 299(141.36); 300(270.91); 301(882.12); 302(306.31); 303(176.99); 304(399.56); 305(47.72); 306(490.09); 307(978.39); 308(189.35); 309(739.37); 310(37.71); 311(663.73); 312(300.02); 313(922.05); 314(12.72); 315(283.98); 316(797.69); 317(941.03); 318(404.28); 319(7.75); 320(648.2); 321(268.58); 322(343.33); 323(455.0); 324(108.91); 325(655.75); 326(752.16); 327(230.56); 328(367.54); 329(873.65); 330(997.19); 331(25.16); 332(77.23); 333(576.83); 334(603.61); 335(542.88); 336(546.13); 337(690.43); 338(507.78); 339(349.9); 340(716.14); 341(847.29); 342(424.53); 343(143.96); 344(870.58); 345(171.65); 346(157.27); 347(595.93); 348(90.15); 349(239.19); 350(566.99); 351(221.47); 352(434.28); 353(555.81); 354(243.93); 355(839.28); 356(23.56); 357(142.63); 358(321.89); 359(345.16); 360(913.45); 361(881.67); 362(612.79); 363(950.08); 364(601.34); 365(898.17); 366(725.29); 367(591.71); 368(571.83); 369(465.73); 370(379.55); 372(954.55); 373(203.54); 374(554.28); 375(752.01); 376(714.93); 377(325.88); 378(962.13); 379(122.4); 380(852.19); 381(999.75); 382(146.19); 383(568.68); 384(785.65); 385(896.28); 386(255.89); 387(137.74); 388(273.87); 389(951.33); 390(736.42); 391(973.72); 392(194.72); 393(638.37); 394(885.28); 395(197.98); 396(750.09); 397(820.51); 398(168.2); 399(533.22); 400(419.49); 401(162.71); 402(106.8); 403(321.81); 404(411.67); 405(598.02); 406(379.08); 407(375.98); 408(37.08); 409(37.05); 410(578.73); 411(716.77); 412(470.14); 413(495.8); 414(174.88); 415(708.15); 416(439.57); 417(163.92); 418(133.26); 419(615.28); 420(399.05); 421(80.56); 422(526.94); 423(586.89); 424(856.88); 425(896.68); 426(677.43); 427(326.74); 428(790.53); 429(98.94); 430(631.7); 431(668.29); 432(662.46); 433(864.82); 434(198.81); 435(449.32); 436(382.86); 437(254.5); 438(189.04); 439(276.38); 440(543.01); 441(496.49); 442(0.4); 443(406.92); 444(569.87); 445(109.13); 446(761.22); 447(363.04); 448(876.84); 449(518.33); 450(94.41); 451(357.07); 452(849.53); 453(687.5); 454(771.86); 455(658.73); 456(716.74); 457(425.4); 458(833.89); 459(530.14); 460(118.91); 461(620.41); 462(898.29); 463(662.79); 464(253.25); 465(890.26); 466(644.06); 467(126.53); 468(765.69); 469(607.39); 470(883.77); 471(448.42); 472(901.0); 473(958.77); 474(726.58); 475(251.06); 476(533.27); 477(127.78); 478(401.31); 479(400.73); 480(889.89); 481(859.38); 482(327.52); 483(715.42); 484(270.38); 485(235.98); 486(441.37); 487(429.41); 488(902.86); 489(467.12); 490(652.95); 491(241.68); 492(96.43); 493(745.48); 494(494.76); 495(454.13); 496(204.24); 497(571.31); 498(291.76); 499(139.17),1
372,0(547.67); 1(70.39); 2(52.52); 3(411.46); 4(394.77); 5(690.57); 6(969.57); 7(91.66); 8(455.69); 9(312.85); 10(120.7); 11(980.25); 12(651.03); 13(630.98); 14(916.7); 15(270.12); 16(190.74); 17(240.34); 18(282.5); 19(290.49); 20(174.06); 21(283.12); 22(711.91); 23(705.05); 24(531.49); 25(832.76); 26(476.16); 27(393.03); 28(774.11); 29(697.58); 30(812.9); 31(776.23); 32(959.07); 33(88.68); 34(943.08); 35(116.27); 36(897.3); 37(985.62); 38(616.02); 39(47.76); 40(521.17); 41(308.5); 42(967.91); 43(746.59); 44(7.97); 45(717.74); 46(479.74); 47(924.16); 48(949.6); 49(382.64); 50(958.06); 51(322.1); 52(951.11); 53(759.8); 54(638.82); 55(375.58); 56(114.32); 57(65.16); 58(11.45); 59(730.68); 60(760.1); 61(186.51); 62(477.1); 63(783.39); 64(904.69); 65(915.76); 66(419.09); 67(36.57); 68(561.52); 69(732.83); 70(82.9); 71(121.71); 72(815.52); 73(2.07); 74(628.28); 75(247.78); 76(849.77); 77(199.0); 78(723.05); 79(14.13); 80(976.7); 81(397.67); 82(283.92); 83(464.87); 84(262.58); 85(196.03); 86(755.44); 87(372.22); 88(570.03); 89(362.78); 90(870.73); 91(664.01); 92(436.42); 93(273.35); 94(73.36); 95(479.89); 96(268.95); 97(632.34); 98(236.9); 99(566.87); 100(290.27); 101(479.34); 102(897.49); 103(319.54); 104(936.5); 105(838.73); 106(302.17); 107(752.41); 108(471.65); 109(41.81); 110(82.98); 111(688.18); 112(299.52); 113(46.48); 114(835.65); 115(544.51); 116(779.16); 117(314.66); 118(585.23); 119(54.9); 120(865.91); 121(522.68); 122(200.79); 123(467.67); 124(582.9); 125(704.53); 126(788.27); 127(605.16); 128(335.56); 129(940.07); 130(588.08); 131(185.99); 132(870.02); 133(372.36); 134(248.5); 135(505.05); 136(754.5); 137(346.34); 138(940.98); 139(122.22); 140(583.3); 141(290.11); 142(288.14); 143(6.49); 144(576.8); 145(496.33); 146(276.47); 147(523.02); 148(858.15); 149(914.18); 150(49.93); 151(470.73); 152(999.67); 153(803.16); 154(202.89); 155(682.78); 156(72.39); 157(320.44); 158(343.17); 159(552.01); 160(709.05); 161(230.46); 162(957.6); 163(771.3); 164(786.0); 165(917.85); 166(472.86); 167(852.25); 168(916.01); 169(648.5); 170(366.35); 171(275.21); 172(242.26); 173(942.89); 174(373.31); 175(993.4); 176(653.03); 177(166.09); 178(805.26); 179(655.11); 180(718.35); 181(271.15); 182(463.48); 183(394.19); 184(599.73); 185(37.71); 186(381.18); 187(865.44); 188(601.99); 189(346.21); 190(518.95); 191(760.03); 192(669.86); 193(995.8); 194(480.5); 195(307.92); 196(631.5); 197(388.77); 198(161.87); 199(262.86); 200(872.6); 201(670.65); 202(284.12); 203(498.98); 204(77.83); 205(313.79); 206(971.73); 207(362.83); 208(850.7); 209(640.46); 210(896.25); 211(916.96); 212(103.66); 213(397.66); 214(277.98); 215(674.79); 216(910.34); 217(529.34); 218(152.0); 219(502.09); 220(785.79); 221(716.49); 222(757.85); 223(448.02); 224(219.2); 225(590.81); 226(819.44); 227(397.05); 228(556.81); 229(513.83); 230(181.64); 231(688.0); 232(90.58); 233(360.51); 234(141.1); 235(141.25); 236(626.26); 237(348.97); 238(779.06); 239(112.74); 240(568.18); 241(212.92); 242(121.14); 243(818.61); 244(816.47); 245(635.87); 246(358.41); 247(520.42); 248(129.79); 249(118.54); 250(322.24); 251(542.5); 252(362.11); 253(511.76); 254(898.3); 255(315.18); 256(404.57); 257(679.92); 258(604.5); 259(936.29); 260(998.72); 261(416.58); 262(875.3); 263(747.13); 264(948.49); 265(336.94); 266(524.41); 267(897.65); 268(285.49); 269(910.76); 270(85.92); 271(609.18); 272(589.0); 273(557.36); 274(193.85); 275(858.89); 276(919.73); 277(352.37); 278(671.6); 279(827.5); 280(980.97); 281(281.3); 282(513.46); 283(398.8); 284(832.76); 285(115.7); 286(893.79); 287(871.87); 288(193.47); 289(954.74); 290(413.17); 291(104.87); 292(391.49); 293(590.65); 294(633.76); 295(860.75); 296(609.25); 297(128.68); 298(99.86); 299(235.64); 300(751.63); 301(200.88); 302(236.85); 303(371.56); 304(830.54); 305(44.15); 306(500.57); 307(438.87); 308(405.07); 309(630.55); 310(703.23); 311(332.34); 312(295.79); 313(933.55); 314(592.58); 315(897.41); 316(69.13); 317(244.27); 318(367.73); 319(71.15); 320(921.03); 321(813.41); 322(603.13); 323(241.84); 324(234.02); 325(605.36); 326(488.69); 327(130.52); 328(551.16); 329(77.21); 330(0.86); 331(764.82); 332(846.1); 333(314.38); 334(444.38); 335(476.89); 336(390.19); 337(970.96); 338(368.69); 339(204.41); 340(380.04); 341(64.89); 342(205.32); 343(512.84); 344(506.17); 345(69.21); 346(591.32); 347(926.78); 348(408.93); 349(149.71); 350(522.49); 351(954.31); 352(143.69); 353(700.79); 354(464.97); 355(648.66); 356(387.63); 357(198.14); 358(113.42); 359(512.7); 360(694.17); 361(451.23); 362(224.53); 363(899.62); 364(271.18); 365(326.94); 366(800.03); 367(491.93); 368(611.4); 369(433.34); 370(519.63); 371(954.55); 373(429.72); 374(953.41); 375(743.83); 376(477.79); 377(628.4); 378(883.67); 379(694.67); 380(333.54); 381(249.76); 382(140.9); 383(656.4); 384(655.78); 385(711.49); 386(108.18); 387(205.62); 388(959.61); 389(759.71); 390(990.34); 391(83.16); 392(671.48); 393(828.34); 394(522.25); 395(283.8); 396(494.64); 397(402.96); 398(586.74); 399(107.55); 400(248.33); 401(59.51); 402(761.46); 403(547.48); 404(36.76); 405(297.36); 406(660.46); 407(538.04); 408(199.8); 409(886.74); 410(703.58); 411(647.82); 412(624.88); 413(264.24); 414(656.72); 415(811.26); 416(886.31); 417(44.83); 418(469.7); 419(971.77); 420(512.45); 421(680.37); 422(546.92); 423(347.27); 424(231.68); 425(441.34); 426(594.35); 427(637.66); 428(257.09); 429(503.99); 430(164.72); 431(912.97); 432(402.69); 433(569.34); 434(751.05); 435(823.86); 436(121.08); 437(974.03); 438(763.52); 439(866.65); 440(317.75); 441(31.86); 442(798.64); 443(319.95); 444(412.31); 445(399.44); 446(490.24); 447(954.79); 448(390.07); 449(680.41); 450(50.8); 451(546.58); 452(996.42); 453(856.07); 454(735.12); 455(314.57); 456(991.39); 457(587.07); 458(482.14); 459(344.63); 460(2.95); 461(954.51); 462(748.63); 463(993.01); 464(309.01); 465(329.31); 466(978.18); 467(162.1); 468(461.01); 469(605.99); 470(83.42); 471(135.64); 472(760.35); 473(659.91); 474(68.94); 475(251.6); 476(662.4); 477(713.05); 478(319.38); 479(969.71); 480(61.5); 481(943.38); 482(503.84); 483(632.08); 484(712.66); 485(763.24); 486(576.11); 487(302.63); 488(644.2); 489(96.29); 490(151.39); 491(818.27); 492(574.67); 493(100.29); 494(314.82); 495(268.07); 496(41.38); 497(583.45); 498(220.01); 499(878.92),1
373,0(667.06); 1(838.5); 2(658.78); 3(295.65); 4(585.96); 5(652.99); 6(745.34); 7(556.18); 8(180.26); 9(18.27); 10(612.99); 11(693.43); 12(472.11); 13(947.3); 14(483.07); 15(51.52); 16(656.89); 17(896.59); 18(832.77); 19(929.9); 20(285.64); 21(201.15); 22(83.39); 23(815.72); 24(951.31); 25(53.6); 26(10.13); 27(767.32); 28(873.93); 29(326.13); 30(221.42); 31(765.69); 32(272.58); 33(43.78); 34(612.93); 35(37.33); 36(26.34); 37(764.71); 38(180.76); 39(179.86); 40(290.4); 41(807.31); 42(737.17); 43(35.13); 44(115.28); 45(459.3); 46(169.99); 47(960.86); 48(810.0); 49(616.85); 50(695.62); 51(799.24); 52(68.3); 53(192.54); 54(215.86); 55(237.63); 56(396.13); 57(857.35); 58(386.07); 59(922.62); 60(62.98); 61(968.13); 62(362.23); 63(432.86); 64(424.04); 65(129.46); 66(182.4); 67(560.14); 68(94.04); 69(587.94); 70(880.89); 71(219.47); 72(398.58); 73(357.66); 74(586.43); 75(555.14); 76(995.57); 77(434.08); 78(473.57); 79(491.84); 80(26.96); 81(211.23); 82(176.22); 83(281.0); 84(769.17); 85(835.44); 86(883.56); 87(279.23); 88(397.73); 89(420.1); 90(779.32); 91(865.11); 92(989.39); 93(730.9); 94(243.01); 95(17.85); 96(383.52); 97(262.35); 98(645.1); 99(691.1); 100(473.79); 101(257.98); 102(355.61); 103(848.85); 104(265.79); 105(491.08); 106(351.2); 107(794.36); 108(860.87); 109(500.22); 110(287.66); 111(64.89); 112(165.57); 113(750.42); 114(933.56); 115(956.7); 116(182.48); 117(78.05); 118(886.99); 119(697.74); 120(514.92); 121(447.55); 122(532.05); 123(633.12); 124(678.89); 125(349.08); 126(675.8); 127(334.58); 128(342.27); 129(591.76); 130(590.07); 131(55.03); 132(875.66); 133(156.26); 134(362.89); 135(411.63); 136(174.31); 137(421.27); 138(234.46); 139(364.47); 140(675.54); 141(956.28); 142(902.11); 143(832.38); 144(841.68); 145(761.61); 146(523.93); 147(658.79); 148(768.04); 149(725.45); 150(442.25); 151(342.26); 152(389.78); 153(410.34); 154(801.24); 155(997.67); 156(859.52); 157(651.92); 158(512.55); 159(704.04); 160(255.92); 161(30.12); 162(345.5); 163(987.02); 164(482.92); 165(617.16); 166(780.1); 167(326.72); 168(943.96); 169(305.66); 170(618.08); 171(256.92); 172(71.38); 173(517.78); 174(693.44); 175(391.6); 176(621.63); 177(272.97); 178(732.07); 179(301.88); 180(688.84); 181(533.05); 182(579.31); 183(516.27); 184(716.43); 185(839.03); 186(447.88); 187(415.45); 188(775.32); 189(914.74); 190(187.96); 191(211.49); 192(691.58); 193(92.65); 194(55.76); 195(169.44); 196(159.55); 197(811.85); 198(47.01); 199(471.96); 200(538.34); 201(97.76); 202(466.97); 203(182.29); 204(322.97); 205(486.44); 206(533.98); 207(7.15); 208(363.68); 209(197.03); 210(132.54); 211(966.98); 212(239.48); 213(487.31); 214(729.83); 215(429.58); 216(587.84); 217(453.37); 218(658.27); 219(420.56); 220(149.56); 221(214.23); 222(311.42); 223(395.32); 224(114.4); 225(206.14); 226(89.02); 227(4.23); 228(118.06); 229(805.07); 230(401.82); 231(531.59); 232(537.78); 233(409.89); 234(606.29); 235(671.46); 236(277.78); 237(708.85); 238(684.9); 239(38.68); 240(21.83); 241(170.93); 242(188.65); 243(535.0); 244(523.93); 245(862.95); 246(973.14); 247(803.98); 248(472.76); 249(985.04); 250(29.81); 251(728.98); 252(409.85); 253(905.55); 254(551.02); 255(217.07); 256(666.26); 257(981.84); 258(726.14); 259(596.6); 260(389.35); 261(252.33); 262(798.19); 263(454.21); 264(390.09); 265(779.01); 266(655.09); 267(220.74); 268(15.69); 269(148.06); 270(587.12); 271(820.8); 272(330.96); 273(312.51); 274(477.13); 275(305.74); 276(981.18); 277(626.28); 278(33.86); 279(510.55); 280(316.9); 281(140.06); 282(620.1); 283(892.85); 284(700.56); 285(52.13); 286(20.65); 287(528.41); 288(654.51); 289(253.62); 290(139.49); 291(441.09); 292(315.77); 293(733.23); 294(867.99); 295(154.52); 296(518.94); 297(873.02); 298(370.49); 299(141.44); 300(433.81); 301(339.29); 302(768.74); 303(170.04); 304(928.72); 305(779.35); 306(277.91); 307(955.98); 308(372.51); 309(335.07); 310(821.28); 311(818.45); 312(292.97); 313(266.79); 314(587.43); 315(335.68); 316(374.18); 317(623.06); 318(616.71); 319(129.92); 320(559.31); 321(499.01); 322(590.76); 323(727.33); 324(456.47); 325(720.5); 326(209.71); 327(99.47); 328(383.89); 329(617.5); 330(995.06); 331(252.67); 332(660.06); 333(830.55); 334(691.01); 335(422.64); 336(556.34); 337(936.99); 338(603.47); 339(238.1); 340(983.13); 341(796.75); 342(772.65); 343(367.65); 344(788.35); 345(923.33); 346(937.8); 347(67.28); 348(306.27); 349(13.66); 350(133.96); 351(977.17); 352(170.28); 353(800.84); 354(12.55); 355(442.36); 356(36.93); 357(578.27); 358(967.07); 359(245.67); 360(575.79); 361(929.09); 362(781.26); 363(507.26); 364(216.31); 365(380.15); 366(264.52); 367(915.17); 368(970.47); 369(91.3); 370(552.8); 371(203.54); 372(429.72); 374(247.66); 375(717.79); 376(851.49); 377(906.09); 378(340.6); 379(714.27); 380(523.1); 381(473.71); 382(6.16); 383(744.01); 384(962.87); 385(436.98); 386(637.88); 387(33.6); 388(190.65); 389(109.14); 390(989.5); 391(166.18); 392(962.91); 393(241.22); 394(957.2); 395(735.44); 396(356.91); 397(296.73); 398(930.42); 399(322.96); 400(226.64); 401(47.98); 402(527.6); 403(653.16); 404(451.18); 405(740.13); 406(694.42); 407(139.42); 408(5.63); 409(524.49); 410(22.58); 411(318.06); 412(842.97); 413(781.76); 414(303.83); 415(701.66); 416(271.62); 417(5.67); 418(818.9); 419(817.3); 420(483.92); 421(903.23); 422(425.82); 423(127.02); 424(828.72); 425(503.08); 426(520.17); 427(523.24); 428(653.86); 429(232.78); 430(175.69); 431(392.23); 432(823.42); 433(688.77); 434(390.71); 435(307.57); 436(424.13); 437(996.27); 438(490.33); 439(140.14); 440(998.91); 441(278.22); 442(91.39); 443(270.64); 444(524.88); 445(705.31); 446(490.38); 447(117.11); 448(847.99); 449(930.1); 450(735.11); 451(241.21); 452(336.84); 453(305.65); 454(744.85); 455(734.15); 456(804.62); 457(205.28); 458(453.22); 459(345.32); 460(763.93); 461(709.21); 462(505.64); 463(116.46); 464(732.05); 465(202.07); 466(374.14); 467(290.58); 468(273.41); 469(763.46); 470(795.5); 471(880.19); 472(941.88); 473(549.46); 474(385.54); 475(630.98); 476(857.7); 477(969.41); 478(254.04); 479(134.59); 480(947.17); 481(958.16); 482(704.87); 483(565.66); 484(576.11); 485(760.88); 486(38.15); 487(718.03); 488(672.86); 489(22.14); 490(896.11); 491(857.18); 492(863.46); 493(666.65); 494(232.71); 495(18.83); 496(422.69); 497(147.18); 498(122.94); 499(571.52),1
374,0(883.11); 1(896.67); 2(147.63); 3(177.9); 4(592.55); 5(210.51); 6(724.04); 7(901.75); 8(331.92); 9(704.07); 10(196.1); 11(634.44); 12(529.63); 13(233.08); 14(218.58); 15(604.02); 16(687.44); 17(567.59); 18(678.33); 19(577.08); 20(666.72); 21(640.76); 22(125.8); 23(36.17); 24(263.15); 25(923.37); 26(714.97); 27(804.33); 28(565.03); 29(253.91); 30(734.14); 31(553.64); 32(534.99); 33(286.34); 34(494.24); 35(361.04); 36(88.19); 37(655.69); 38(347.74); 39(759.32); 40(998.56); 41(765.21); 42(367.29); 43(46.3); 44(834.14); 45(260.36); 46(763.08); 47(623.04); 48(477.53); 49(281.77); 50(71.17); 51(674.54); 52(964.42); 53(784.32); 54(258.41); 55(862.76); 56(425.0); 57(399.87); 58(765.65); 59(905.93); 60(24.5); 61(495.58); 62(820.06); 63(779.22); 64(949.25); 65(683.55); 66(749.73); 67(179.87); 68(240.91); 69(490.44); 70(857.76); 71(369.76); 72(90.9); 73(961.41); 74(680.74); 75(345.17); 76(595.33); 77(944.56); 78(24.74); 79(526.9); 80(533.82); 81(119.88); 82(117.28); 83(774.34); 84(199.6); 85(407.87); 86(615.38); 87(118.79); 88(917.57); 89(757.16); 90(122.78); 91(285.61); 92(423.9); 93(527.28); 94(301.22); 95(727.01); 96(528.69); 97(637.68); 98(216.41); 99(449.46); 100(528.5); 101(620.11); 102(574.54); 103(914.65); 104(3.28); 105(110.81); 106(199.48); 107(777.3); 108(427.07); 109(227.28); 110(264.39); 111(119.82); 112(858.0); 113(748.96); 114(884.48); 115(313.19); 116(695.65); 117(129.62); 118(349.72); 119(996.64); 120(417.1); 121(249.59); 122(729.46); 123(84.75); 124(942.34); 125(437.63); 126(373.19); 127(958.66); 128(749.46); 129(370.93); 130(166.14); 131(796.61); 132(342.88); 133(452.74); 134(938.45); 135(259.3); 136(135.74); 137(976.87); 138(70.75); 139(588.96); 140(413.28); 141(628.9); 142(222.24); 143(333.76); 144(416.3); 145(358.32); 146(630.85); 147(29.81); 148(106.0); 149(209.59); 150(876.97); 151(390.45); 152(567.46); 153(701.99); 154(516.22); 155(210.04); 156(294.35); 157(317.35); 158(434.52); 159(8.8); 160(979.01); 161(239.17); 162(451.39); 163(885.3); 164(910.1); 165(996.78); 166(454.75); 167(761.97); 168(516.63); 169(117.59); 170(53.46); 171(475.94); 172(869.92); 173(436.81); 174(345.53); 175(282.53); 176(704.09); 177(251.19); 178(494.25); 179(557.95); 180(560.64); 181(357.58); 182(244.58); 183(392.47); 184(81.97); 185(851.47); 186(780.76); 187(50.21); 188(878.32); 189(106.35); 190(31.22); 191(349.89); 192(438.53); 193(541.14); 194(789.79); 195(406.59); 196(225.37); 197(13.24); 198(965.14); 199(204.67); 200(792.49); 201(132.57); 202(744.77); 203(14.98); 204(68.65); 205(240.17); 206(667.18); 207(622.92); 208(936.05); 209(266.41); 210(767.63); 211(492.37); 212(304.19); 213(710.57); 214(973.24); 215(879.19); 216(733.12); 217(460.54); 218(606.42); 219(921.37); 220(475.85); 221(480.16); 222(831.94); 223(625.97); 224(522.32); 225(81.14); 226(764.77); 227(231.13); 228(889.7); 229(611.71); 230(289.55); 231(607.17); 232(845.04); 233(827.88); 234(587.85); 235(204.76); 236(169.17); 237(946.48); 238(45.49); 239(897.87); 240(668.39); 241(997.24); 242(717.58); 243(184.45); 244(407.58); 245(877.62); 246(893.55); 247(616.35); 248(456.52); 249(644.13); 250(507.95); 251(996.29); 252(334.4); 253(249.35); 254(909.89); 255(690.12); 256(951.25); 257(70.31); 258(844.42); 259(404.08); 260(644.0); 261(139.31); 262(912.57); 263(398.23); 264(202.84); 265(168.16); 266(112.5); 267(504.19); 268(722.73); 269(862.5); 270(308.91); 271(746.81); 272(1000.0); 273(831.38); 274(915.42); 275(888.44); 276(47.95); 277(907.77); 278(508.56); 279(142.48); 280(844.27); 281(980.11); 282(263.99); 283(392.02); 284(271.5); 285(568.21); 286(606.51); 287(746.84); 288(914.49); 289(356.01); 290(518.13); 291(202.92); 292(70.14); 293(779.78); 294(533.31); 295(325.2); 296(326.21); 297(864.1); 298(617.34); 299(335.11); 300(201.85); 301(924.44); 302(531.44); 303(250.94); 304(272.59); 305(558.72); 306(187.6); 307(976.59); 308(432.44); 309(692.74); 310(885.12); 311(104.59); 312(540.25); 313(633.55); 314(732.7); 315(660.77); 316(616.6); 317(765.61); 318(27.22); 319(793.13); 320(466.19); 321(777.35); 322(707.73); 323(973.76); 324(820.08); 325(819.66); 326(275.44); 327(711.09); 328(160.33); 329(163.45); 330(499.21); 331(402.76); 332(156.26); 333(301.34); 334(406.63); 335(210.28); 336(120.54); 337(578.01); 338(135.65); 339(366.46); 340(648.57); 341(601.05); 342(816.95); 343(134.58); 344(540.95); 345(14.11); 346(335.67); 347(494.42); 348(706.24); 349(269.16); 350(125.22); 351(545.49); 352(966.01); 353(889.38); 354(459.11); 355(961.2); 356(969.86); 357(250.69); 358(343.88); 359(627.29); 360(202.82); 361(19.26); 362(531.32); 363(259.36); 364(458.12); 365(933.5); 366(931.31); 367(575.06); 368(16.85); 369(185.79); 370(533.52); 371(554.28); 372(953.41); 373(247.66); 375(303.3); 376(969.46); 377(777.55); 378(201.27); 379(43.13); 380(629.0); 381(507.36); 382(265.52); 383(58.43); 384(177.17); 385(20.66); 386(470.65); 387(683.9); 388(242.82); 389(482.34); 390(535.22); 391(576.5); 392(744.87); 393(854.66); 394(441.9); 395(736.95); 396(530.56); 397(96.75); 398(968.58); 399(958.52); 400(80.39); 401(481.04); 402(492.06); 403(535.58); 404(963.27); 405(441.21); 406(988.06); 407(236.91); 408(330.69); 409(844.05); 410(273.08); 411(16.38); 412(878.86); 413(405.66); 414(141.26); 415(504.69); 416(14.88); 417(739.1); 418(934.08); 419(196.41); 420(167.91); 421(435.19); 422(372.74); 423(340.75); 424(745.66); 425(882.35); 426(643.44); 427(684.66); 428(310.33); 429(415.49); 430(602.74); 431(346.26); 432(152.65); 433(92.64); 434(379.71); 435(464.87); 436(453.73); 437(237.17); 438(208.44); 439(516.6); 440(355.95); 441(639.09); 442(672.23); 443(950.21); 444(161.44); 445(110.02); 446(311.2); 447(78.58); 448(767.58); 449(955.54); 450(908.3); 451(773.01); 452(490.92); 453(825.12); 454(72.15); 455(926.67); 456(552.79); 457(851.52); 458(232.55); 459(346.05); 460(908.4); 461(192.28); 462(493.61); 463(66.29); 464(708.55); 465(873.14); 466(342.22); 467(631.52); 468(382.08); 469(21.71); 470(408.86); 471(640.78); 472(229.38); 473(638.17); 474(138.84); 475(178.07); 476(791.69); 477(998.36); 478(83.32); 479(997.07); 480(355.8); 481(454.31); 482(347.67); 483(621.68); 484(458.0); 485(72.27); 486(886.95); 487(326.89); 488(219.57); 489(861.79); 490(84.95); 491(896.89); 492(962.39); 493(560.13); 494(847.92); 495(12.68); 496(820.06); 497(688.23); 498(98.11); 499(842.97),1
375,0(184.03); 1(46.9); 2(54.23); 3(585.95); 4(246.96); 5(33.2); 6(22.71); 7(29.18); 8(664.7); 9(807.4); 10(649.02); 11(986.82); 12(672.84); 13(931.78); 14(837.86); 15(708.01); 16(363.9); 17(395.58); 18(709.76); 19(124.06); 20(544.11); 21(271.99); 22(759.03); 23(639.0); 24(265.82); 25(515.61); 26(295.32); 27(384.11); 28(571.82); 29(275.67); 30(145.98); 31(475.5); 32(295.05); 33(301.36); 34(172.52); 35(48.5); 36(266.81); 37(924.56); 38(792.16); 39(44.48); 40(479.64); 41(810.87); 42(689.64); 43(587.99); 44(466.34); 45(362.62); 46(233.56); 47(688.43); 48(629.4); 49(237.25); 50(644.01); 51(346.4); 52(922.72); 53(891.17); 54(191.1); 55(286.3); 56(267.33); 57(897.95); 58(813.74); 59(280.52); 60(941.05); 61(652.69); 62(160.64); 63(804.3); 64(756.57); 65(954.62); 66(665.98); 67(252.58); 68(748.71); 69(660.57); 70(426.23); 71(407.16); 72(850.75); 73(300.83); 74(708.17); 75(695.82); 76(347.72); 77(475.53); 78(134.74); 79(314.11); 80(698.54); 81(106.83); 82(235.06); 83(546.98); 84(21.97); 85(318.57); 86(998.96); 87(556.99); 88(459.03); 89(801.7); 90(173.07); 91(941.47); 92(307.35); 93(773.45); 94(897.64); 95(419.44); 96(933.36); 97(284.92); 98(730.81); 99(440.37); 100(903.58); 101(130.09); 102(846.64); 103(901.98); 104(702.01); 105(855.05); 106(882.4); 107(838.91); 108(170.04); 109(254.61); 110(727.79); 111(321.85); 112(67.04); 113(251.51); 114(345.22); 115(407.46); 116(375.41); 117(245.42); 118(895.24); 119(656.37); 120(606.36); 121(373.82); 122(79.46); 123(756.14); 124(494.24); 125(759.06); 126(858.64); 127(727.84); 128(900.42); 129(963.8); 130(686.86); 131(767.79); 132(720.7); 133(980.68); 134(964.96); 135(347.98); 136(294.13); 137(843.48); 138(376.05); 139(216.67); 140(144.14); 141(226.52); 142(84.94); 143(730.35); 144(732.66); 145(910.91); 146(593.27); 147(435.51); 148(344.2); 149(799.25); 150(78.54); 151(397.51); 152(619.15); 153(800.62); 154(401.23); 155(228.63); 156(940.64); 157(506.83); 158(850.98); 159(495.81); 160(444.92); 161(753.01); 162(58.36); 163(559.02); 164(946.08); 165(549.08); 166(670.2); 167(599.84); 168(157.04); 169(831.2); 170(416.42); 171(47.16); 172(195.73); 173(323.01); 174(489.73); 175(745.37); 176(727.99); 177(217.42); 178(383.68); 179(242.81); 180(379.3); 181(645.96); 182(43.13); 183(379.67); 184(100.42); 185(201.86); 186(734.67); 187(970.95); 188(907.9); 189(54.38); 190(217.0); 191(386.1); 192(916.92); 193(7.01); 194(430.97); 195(815.63); 196(255.41); 197(40.85); 198(586.42); 199(573.87); 200(650.91); 201(779.11); 202(325.14); 203(902.12); 204(298.06); 205(599.4); 206(843.16); 207(171.91); 208(162.69); 209(221.0); 210(747.15); 211(384.52); 212(688.65); 213(992.7); 214(240.38); 215(888.58); 216(285.59); 217(717.0); 218(185.63); 219(770.81); 220(531.91); 221(259.61); 222(168.4); 223(607.49); 224(409.7); 225(354.32); 226(405.24); 227(505.55); 228(631.7); 229(864.08); 230(822.61); 231(731.92); 232(574.67); 233(308.88); 234(130.14); 235(968.6); 236(464.85); 237(674.37); 238(518.33); 239(791.94); 240(362.33); 241(698.78); 242(614.33); 243(438.14); 244(446.93); 245(219.6); 246(494.96); 247(924.45); 248(724.25); 249(886.36); 250(479.09); 251(746.73); 252(924.42); 253(102.34); 254(620.16); 255(976.44); 256(939.55); 257(816.1); 258(521.28); 259(136.51); 260(907.46); 261(167.7); 262(635.11); 263(180.58); 264(578.33); 265(4.31); 266(444.32); 267(134.61); 268(374.85); 269(865.32); 270(228.99); 271(247.55); 272(602.28); 273(231.02); 274(420.72); 275(255.17); 276(187.31); 277(213.9); 278(191.37); 279(831.36); 280(958.07); 281(608.3); 282(126.28); 283(143.2); 284(902.1); 285(949.29); 286(824.94); 287(57.38); 288(387.34); 289(927.4); 290(141.41); 291(427.73); 292(335.46); 293(399.51); 294(898.0); 295(694.15); 296(324.03); 297(35.69); 298(49.52); 299(128.21); 300(7.77); 301(276.21); 302(310.43); 303(214.44); 304(535.39); 305(872.27); 306(221.75); 307(722.11); 308(658.76); 309(22.59); 310(580.58); 311(500.86); 312(893.01); 313(466.84); 314(72.28); 315(617.38); 316(537.84); 317(895.68); 318(98.62); 319(391.14); 320(827.64); 321(0.58); 322(779.8); 323(127.92); 324(809.87); 325(589.18); 326(988.91); 327(188.08); 328(541.36); 329(383.04); 330(279.16); 331(839.94); 332(854.3); 333(981.11); 334(102.37); 335(819.31); 336(944.77); 337(434.19); 338(667.75); 339(671.52); 340(510.92); 341(972.53); 342(338.23); 343(744.57); 344(40.56); 345(366.44); 346(382.01); 347(7.15); 348(276.48); 349(465.65); 350(757.02); 351(848.74); 352(566.77); 353(91.38); 354(700.0); 355(45.18); 356(30.31); 357(617.01); 358(584.49); 359(826.31); 360(646.29); 361(750.16); 362(301.7); 363(592.71); 364(518.15); 365(251.95); 366(826.27); 367(471.49); 368(663.3); 369(652.88); 370(622.49); 371(752.01); 372(743.83); 373(717.79); 374(303.3); 376(864.57); 377(745.82); 378(57.42); 379(770.33); 380(591.93); 381(47.99); 382(34.26); 383(989.52); 384(886.52); 385(597.11); 386(906.72); 387(972.24); 388(10.0); 389(102.62); 390(985.04); 391(357.23); 392(450.71); 393(690.71); 394(494.08); 395(866.24); 396(216.6); 397(501.3); 398(924.25); 399(55.5); 400(706.64); 401(90.57); 402(296.98); 403(462.03); 404(167.23); 405(193.71); 406(642.97); 407(533.65); 408(237.98); 409(644.65); 410(819.2); 411(544.04); 412(347.83); 413(416.46); 414(798.78); 415(562.73); 416(396.35); 417(848.77); 418(198.48); 419(998.77); 420(136.87); 421(94.06); 422(877.96); 423(592.89); 424(696.38); 425(840.19); 426(124.04); 427(599.21); 428(167.56); 429(227.74); 430(686.68); 431(767.59); 432(363.87); 433(417.24); 434(341.58); 435(116.16); 436(362.3); 437(893.69); 438(0.55); 439(169.47); 440(361.6); 441(13.06); 442(307.7); 443(328.07); 444(647.57); 445(971.21); 446(797.56); 447(600.24); 448(706.12); 449(957.05); 450(557.53); 451(223.73); 452(657.67); 453(512.66); 454(799.56); 455(158.42); 456(406.73); 457(530.22); 458(137.02); 459(356.58); 460(458.23); 461(793.1); 462(35.88); 463(833.61); 464(168.21); 465(70.12); 466(76.82); 467(505.68); 468(201.71); 469(908.32); 470(544.65); 471(107.09); 472(589.47); 473(273.68); 474(824.62); 475(280.1); 476(208.35); 477(719.84); 478(450.68); 479(460.31); 480(5.69); 481(379.89); 482(486.54); 483(796.58); 484(555.72); 485(303.48); 486(881.85); 487(251.3); 488(940.13); 489(407.63); 490(325.08); 491(922.48); 492(245.37); 493(423.28); 494(737.47); 495(726.09); 496(700.36); 497(51.21); 498(994.19); 499(446.03),1
376,0(665.58); 1(345.71); 2(723.26); 3(866.93); 4(557.77); 5(433.76); 6(718.73); 7(181.75); 8(869.22); 9(204.18); 10(441.29); 11(602.28); 12(276.76); 13(998.19); 14(50.96); 15(20.98); 16(436.14); 17(760.67); 18(376.08); 19(851.69); 20(748.15); 21(347.52); 22(915.3); 23(397.49); 24(939.03); 25(468.78); 26(701.39); 27(414.6); 28(600.4); 29(676.58); 30(169.36); 31(381.93); 32(460.08); 33(202.09); 34(758.09); 35(305.47); 36(187.64); 37(722.59); 38(793.26); 39(133.9); 40(34.4); 41(871.31); 42(511.17); 43(277.83); 44(418.94); 45(330.62); 46(313.82); 47(575.49); 48(116.16); 49(262.05); 50(602.95); 51(554.4); 52(212.96); 53(997.62); 54(948.9); 55(120.49); 56(351.19); 57(773.25); 58(237.2); 59(712.42); 60(489.22); 61(777.93); 62(713.47); 63(922.17); 64(162.15); 65(635.75); 66(171.04); 67(782.65); 68(937.83); 69(616.41); 70(133.81); 71(514.87); 72(264.28); 73(541.56); 74(481.32); 75(78.34); 76(65.25); 77(204.55); 78(53.3); 79(442.92); 80(731.41); 81(49.78); 82(985.89); 83(9.92); 84(293.1); 85(453.05); 86(625.35); 87(693.48); 88(538.6); 89(526.3); 90(689.18); 91(607.87); 92(752.45); 93(647.55); 94(790.07); 95(452.32); 96(496.8); 97(134.8); 98(108.64); 99(172.78); 100(562.88); 101(505.63); 102(180.14); 103(736.18); 104(991.22); 105(344.65); 106(648.62); 107(554.01); 108(410.21); 109(985.33); 110(543.38); 111(849.16); 112(125.76); 113(748.35); 114(278.58); 115(992.94); 116(958.63); 117(854.52); 118(750.61); 119(199.95); 120(398.05); 121(974.08); 122(542.55); 123(668.69); 124(27.0); 125(588.12); 126(667.74); 127(302.68); 128(701.78); 129(755.92); 130(39.18); 131(175.13); 132(798.99); 133(395.23); 134(342.72); 135(562.79); 136(779.86); 137(88.4); 138(241.21); 139(747.73); 140(525.1); 141(402.72); 142(534.31); 143(612.94); 144(16.22); 145(4.87); 146(613.88); 147(922.29); 148(686.18); 149(928.24); 150(521.46); 151(827.15); 152(493.05); 153(444.49); 154(121.87); 155(567.66); 156(51.59); 157(775.0); 158(216.31); 159(699.3); 160(525.23); 161(629.95); 162(72.11); 163(562.58); 164(820.94); 165(557.86); 166(728.76); 167(72.11); 168(584.98); 169(951.16); 170(50.93); 171(403.08); 172(759.24); 173(664.67); 174(832.65); 175(832.64); 176(557.75); 177(804.78); 178(472.95); 179(278.46); 180(169.13); 181(321.43); 182(513.76); 183(23.11); 184(905.83); 185(486.9); 186(461.42); 187(394.82); 188(831.16); 189(517.14); 190(603.71); 191(276.04); 192(103.29); 193(449.27); 194(280.54); 195(628.53); 196(653.96); 197(552.1); 198(537.47); 199(970.56); 200(298.77); 201(342.01); 202(254.75); 203(812.08); 204(425.39); 205(582.1); 206(278.13); 207(56.84); 208(234.93); 209(841.03); 210(400.0); 211(251.41); 212(675.5); 213(530.78); 214(563.71); 215(730.21); 216(674.34); 217(874.66); 218(113.41); 219(832.11); 220(526.99); 221(345.1); 222(662.54); 223(265.17); 224(882.2); 225(476.34); 226(543.33); 227(806.97); 228(116.11); 229(427.87); 230(653.73); 231(952.41); 232(279.0); 233(452.39); 234(952.99); 235(245.21); 236(806.13); 237(427.86); 238(670.1); 239(437.35); 240(146.88); 241(506.32); 242(721.81); 243(385.57); 244(887.03); 245(750.24); 246(200.02); 247(654.66); 248(798.53); 249(314.42); 250(385.9); 251(37.55); 252(23.69); 253(690.97); 254(443.36); 255(627.59); 256(636.78); 257(697.34); 258(400.89); 259(320.98); 260(709.38); 261(647.93); 262(678.76); 263(195.46); 264(309.25); 265(340.75); 266(416.74); 267(108.88); 268(509.15); 269(802.26); 270(728.77); 271(171.1); 272(942.76); 273(708.21); 274(329.39); 275(816.84); 276(33.17); 277(477.4); 278(582.98); 279(123.61); 280(538.95); 281(707.16); 282(37.23); 283(995.05); 284(88.91); 285(955.29); 286(937.46); 287(702.48); 288(86.79); 289(337.82); 290(115.6); 291(81.85); 292(935.99); 293(579.26); 294(574.74); 295(104.77); 296(909.16); 297(56.46); 298(172.78); 299(177.09); 300(786.87); 301(760.73); 302(490.16); 303(978.72); 304(978.71); 305(73.47); 306(897.28); 307(401.8); 308(523.77); 309(187.15); 310(923.72); 311(862.79); 312(475.61); 313(738.68); 314(878.14); 315(271.35); 316(670.57); 317(480.97); 318(572.66); 319(428.57); 320(226.4); 321(997.45); 322(735.79); 323(830.77); 324(854.08); 325(650.67); 326(144.42); 327(222.72); 328(94.61); 329(438.76); 330(574.88); 331(896.7); 332(694.97); 333(340.17); 334(177.81); 335(272.03); 336(758.62); 337(349.94); 338(464.56); 339(7.76); 340(653.18); 341(455.29); 342(570.77); 343(511.56); 344(233.05); 345(854.7); 346(926.81); 347(779.85); 348(820.32); 349(109.74); 350(93.84); 351(169.26); 352(782.59); 353(811.86); 354(773.98); 355(920.69); 356(871.35); 357(218.83); 358(824.02); 359(167.28); 360(22.79); 361(387.16); 362(774.03); 363(506.07); 364(317.03); 365(810.09); 366(517.91); 367(664.75); 368(996.93); 369(123.73); 370(768.69); 371(714.93); 372(477.79); 373(851.49); 374(969.46); 375(864.57); 377(651.44); 378(951.08); 379(718.62); 380(24.72); 381(993.47); 382(566.43); 383(499.22); 384(283.5); 385(277.87); 386(911.82); 387(748.15); 388(471.37); 389(630.43); 390(596.55); 391(841.57); 392(466.09); 393(132.97); 394(125.55); 395(499.89); 396(899.12); 397(835.43); 398(782.02); 399(746.69); 400(544.41); 401(629.1); 402(517.22); 403(408.8); 404(336.54); 405(803.23); 406(326.83); 407(309.32); 408(700.54); 409(338.51); 410(147.51); 411(696.59); 412(898.64); 413(388.16); 414(723.26); 415(748.77); 416(330.52); 417(88.95); 418(709.41); 419(642.72); 420(230.24); 421(921.62); 422(340.93); 423(271.66); 424(557.44); 425(161.04); 426(550.98); 427(898.01); 428(472.34); 429(645.82); 430(966.96); 431(523.67); 432(613.23); 433(572.77); 434(705.51); 435(478.61); 436(734.41); 437(966.53); 438(612.38); 439(285.52); 440(700.38); 441(94.64); 442(861.49); 443(381.77); 444(936.61); 445(93.74); 446(834.86); 447(640.09); 448(374.92); 449(912.94); 450(145.33); 451(407.81); 452(616.44); 453(629.49); 454(578.04); 455(293.71); 456(168.66); 457(272.39); 458(531.59); 459(107.46); 460(21.19); 461(64.9); 462(509.85); 463(111.43); 464(320.8); 465(806.5); 466(937.35); 467(584.84); 468(284.93); 469(723.88); 470(672.36); 471(445.35); 472(675.56); 473(215.45); 474(276.99); 475(360.57); 476(287.0); 477(946.25); 478(753.49); 479(340.02); 480(591.91); 481(811.26); 482(728.73); 483(750.79); 484(787.79); 485(301.98); 486(633.73); 487(240.46); 488(816.0); 489(899.38); 490(813.94); 491(345.5); 492(203.71); 493(823.9); 494(856.95); 495(0.97); 496(970.84); 497(81.96); 498(973.24); 499(235.3),2
377,0(772.78); 1(30.38); 2(522.64); 3(275.18); 4(905.28); 5(378.52); 6(404.75); 7(326.13); 8(146.33); 9(873.12); 10(422.09); 11(931.24); 12(585.63); 13(243.18); 14(737.75); 15(309.69); 16(90.17); 17(620.49); 18(342.58); 19(987.83); 20(431.91); 21(281.75); 22(242.71); 23(18.82); 24(503.29); 25(467.21); 26(600.59); 27(795.37); 28(47.75); 29(869.16); 30(608.86); 31(652.1); 32(35.5); 33(995.86); 34(850.76); 35(528.74); 36(757.52); 37(44.81); 38(377.38); 39(324.61); 40(47.54); 41(294.15); 42(980.79); 43(181.33); 44(92.25); 45(797.84); 46(577.42); 47(839.68); 48(751.33); 49(38.7); 50(551.1); 51(201.41); 52(775.52); 53(219.68); 54(306.79); 55(812.94); 56(260.39); 57(558.46); 58(443.18); 59(602.96); 60(823.85); 61(568.08); 62(573.14); 63(678.46); 64(681.7); 65(481.31); 66(299.45); 67(765.47); 68(814.39); 69(243.4); 70(328.98); 71(805.48); 72(239.66); 73(381.78); 74(340.76); 75(38.27); 76(243.4); 77(37.68); 78(318.14); 79(818.52); 80(342.83); 81(5.33); 82(382.98); 83(151.68); 84(505.94); 85(79.04); 86(2.14); 87(859.29); 88(409.61); 89(825.45); 90(209.83); 91(261.98); 92(738.87); 93(842.2); 94(367.2); 95(160.65); 96(856.11); 97(428.71); 98(70.82); 99(907.05); 100(174.11); 101(680.52); 102(997.66); 103(33.2); 104(898.82); 105(366.83); 106(730.41); 107(741.99); 108(259.92); 109(727.55); 110(637.55); 111(671.82); 112(59.47); 113(772.43); 114(845.03); 115(900.13); 116(774.2); 117(511.18); 118(318.99); 119(84.83); 120(791.88); 121(96.65); 122(811.79); 123(327.14); 124(284.11); 125(950.08); 126(848.96); 127(396.84); 128(631.22); 129(395.59); 130(105.94); 131(175.84); 132(289.4); 133(390.51); 134(849.59); 135(33.48); 136(24.6); 137(982.59); 138(267.7); 139(740.41); 140(381.81); 141(296.11); 142(581.58); 143(238.11); 144(449.77); 145(347.68); 146(939.25); 147(896.84); 148(882.81); 149(105.62); 150(245.44); 151(483.15); 152(917.21); 153(33.6); 154(90.46); 155(141.87); 156(769.97); 157(411.47); 158(24.52); 159(716.35); 160(608.7); 161(195.6); 162(575.85); 163(213.91); 164(677.88); 165(95.65); 166(930.2); 167(815.25); 168(834.35); 169(126.54); 170(542.82); 171(23.12); 172(579.59); 173(612.36); 174(170.27); 175(705.25); 176(382.98); 177(874.58); 178(180.41); 179(560.16); 180(634.62); 181(420.14); 182(644.64); 183(656.39); 184(788.94); 185(540.51); 186(572.23); 187(947.21); 188(156.26); 189(25.53); 190(327.95); 191(285.4); 192(838.54); 193(662.05); 194(888.82); 195(324.24); 196(851.1); 197(445.49); 198(31.96); 199(34.19); 200(123.75); 201(450.44); 202(797.72); 203(971.5); 204(4.59); 205(249.05); 206(604.05); 207(921.07); 208(714.01); 209(831.11); 210(194.05); 211(3.74); 212(117.91); 213(734.41); 214(219.35); 215(443.42); 216(2.34); 217(922.51); 218(136.48); 219(225.81); 220(892.2); 221(675.01); 222(946.77); 223(435.98); 224(55.4); 225(8.82); 226(297.15); 227(142.4); 228(775.92); 229(412.73); 230(242.9); 231(40.07); 232(253.6); 233(907.04); 234(900.33); 235(48.44); 236(307.13); 237(841.88); 238(459.67); 239(529.68); 240(581.44); 241(301.98); 242(592.33); 243(581.42); 244(499.12); 245(225.33); 246(882.55); 247(972.74); 248(352.83); 249(856.96); 250(210.09); 251(913.97); 252(302.78); 253(772.61); 254(579.06); 255(91.16); 256(740.56); 257(760.48); 258(728.41); 259(507.32); 260(623.97); 261(870.47); 262(702.55); 263(558.0); 264(602.69); 265(269.07); 266(995.43); 267(868.31); 268(910.63); 269(354.37); 270(295.99); 271(6.56); 272(202.28); 273(692.32); 274(571.03); 275(199.44); 276(379.22); 277(771.46); 278(134.6); 279(193.93); 280(173.96); 281(317.67); 282(923.48); 283(223.48); 284(424.3); 285(849.5); 286(683.53); 287(32.58); 288(473.88); 289(428.53); 290(252.57); 291(226.18); 292(570.91); 293(229.28); 294(735.02); 295(490.85); 296(430.74); 297(430.5); 298(729.89); 299(592.06); 300(128.1); 301(163.34); 302(173.96); 303(372.36); 304(508.82); 305(92.0); 306(791.89); 307(166.5); 308(198.21); 309(784.36); 310(837.77); 311(307.8); 312(640.2); 313(646.52); 314(878.6); 315(796.59); 316(9.46); 317(538.12); 318(914.54); 319(420.92); 320(932.05); 321(170.37); 322(217.41); 323(234.17); 324(841.47); 325(93.6); 326(882.65); 327(525.55); 328(151.17); 329(937.66); 330(984.65); 331(313.76); 332(799.46); 333(341.11); 334(357.94); 335(793.9); 336(695.76); 337(939.77); 338(929.46); 339(596.7); 340(751.8); 341(936.1); 342(284.49); 343(285.76); 344(893.88); 345(970.14); 346(707.22); 347(241.03); 348(846.86); 349(921.81); 350(600.97); 351(992.46); 352(343.71); 353(528.04); 354(881.77); 355(279.96); 356(227.09); 357(345.43); 358(607.36); 359(629.92); 360(995.46); 361(545.39); 362(317.4); 363(740.01); 364(500.7); 365(699.51); 366(834.77); 367(73.65); 368(59.71); 369(791.8); 370(888.68); 371(325.88); 372(628.4); 373(906.09); 374(777.55); 375(745.82); 376(651.44); 378(208.42); 379(675.69); 380(630.05); 381(356.37); 382(126.7); 383(395.66); 384(597.96); 385(828.71); 386(337.68); 387(308.42); 388(982.49); 389(325.34); 390(979.04); 391(729.84); 392(119.77); 393(998.19); 394(856.32); 395(503.74); 396(213.73); 397(909.35); 398(170.07); 399(248.39); 400(856.36); 401(171.4); 402(0.46); 403(739.7); 404(944.53); 405(555.06); 406(308.21); 407(626.33); 408(635.17); 409(942.44); 410(478.36); 411(739.15); 412(204.97); 413(706.09); 414(974.16); 415(598.47); 416(321.42); 417(317.58); 418(593.97); 419(496.43); 420(128.87); 421(910.86); 422(972.8); 423(796.43); 424(940.19); 425(332.16); 426(487.24); 427(254.34); 428(144.45); 429(669.12); 430(61.15); 431(473.5); 432(606.89); 433(165.35); 434(67.42); 435(565.13); 436(518.37); 437(465.46); 438(836.84); 439(946.24); 440(702.72); 441(837.64); 442(493.45); 443(42.03); 444(56.83); 445(132.96); 446(959.28); 447(234.17); 448(899.45); 449(510.05); 450(187.79); 451(757.63); 452(508.89); 453(156.42); 454(575.88); 455(463.07); 456(587.2); 457(193.91); 458(517.17); 459(382.24); 460(626.36); 461(138.77); 462(819.84); 463(483.02); 464(302.01); 465(592.76); 466(935.69); 467(339.1); 468(560.7); 469(968.77); 470(749.41); 471(680.76); 472(7.14); 473(820.56); 474(53.92); 475(636.59); 476(14.19); 477(812.1); 478(890.51); 479(579.33); 480(469.91); 481(339.82); 482(16.84); 483(825.34); 484(289.3); 485(839.13); 486(784.9); 487(62.38); 488(123.55); 489(939.09); 490(785.79); 491(611.95); 492(224.35); 493(662.55); 494(188.39); 495(295.73); 496(727.19); 497(804.42); 498(967.84); 499(764.63),1
378,0(391.63); 1(349.55); 2(619.38); 3(248.1); 4(616.82); 5(528.44); 6(87.62); 7(641.61); 8(551.47); 9(827.15); 10(973.84); 11(478.15); 12(29.78); 13(198.31); 14(814.27); 15(829.29); 16(384.89); 17(381.71); 18(109.93); 19(778.49); 20(497.4); 21(521.46); 22(918.15); 23(581.42); 24(254.4); 25(406.23); 26(684.11); 27(488.17); 28(77.59); 29(255.27); 30(991.46); 31(966.9); 32(94.41); 33(113.41); 34(753.38); 35(254.33); 36(819.76); 37(661.77); 38(967.07); 39(772.23); 40(161.76); 41(519.73); 42(880.36); 43(143.19); 44(157.64); 45(763.34); 46(666.99); 47(967.11); 48(549.63); 49(397.48); 50(289.54); 51(955.96); 52(939.32); 53(788.59); 54(224.64); 55(411.08); 56(323.05); 57(151.83); 58(615.64); 59(884.87); 60(209.68); 61(408.71); 62(263.09); 63(879.04); 64(746.19); 65(408.17); 66(642.51); 67(213.57); 68(887.62); 69(749.29); 70(109.5); 71(271.15); 72(842.95); 73(92.25); 74(329.41); 75(153.66); 76(841.95); 77(852.35); 78(686.47); 79(438.17); 80(707.87); 81(860.32); 82(807.76); 83(0.13); 84(136.14); 85(621.21); 86(432.71); 87(950.5); 88(935.37); 89(172.68); 90(653.24); 91(431.81); 92(460.71); 93(996.45); 94(221.25); 95(960.43); 96(941.17); 97(996.62); 98(337.69); 99(378.17); 100(92.0); 101(609.73); 102(178.1); 103(849.54); 104(561.53); 105(33.55); 106(968.67); 107(406.39); 108(174.65); 109(779.15); 110(355.41); 111(935.83); 112(442.04); 113(265.78); 114(62.91); 115(734.81); 116(986.28); 117(961.13); 118(194.31); 119(702.86); 120(161.19); 121(988.71); 122(483.58); 123(846.34); 124(45.89); 125(914.36); 126(26.81); 127(430.73); 128(199.82); 129(53.38); 130(718.03); 131(775.95); 132(328.68); 133(184.58); 134(162.75); 135(702.83); 136(520.52); 137(633.49); 138(221.69); 139(793.56); 140(620.33); 141(88.07); 142(710.08); 143(553.81); 144(929.02); 145(614.63); 146(422.88); 147(189.95); 148(232.15); 149(852.82); 150(166.55); 151(329.69); 152(784.22); 153(817.82); 154(691.81); 155(47.8); 156(970.33); 157(579.89); 158(692.96); 159(677.6); 160(119.89); 161(428.03); 162(823.37); 163(143.31); 164(706.55); 165(645.29); 166(858.33); 167(893.11); 168(866.21); 169(262.15); 170(203.4); 171(428.12); 172(359.07); 173(750.98); 174(164.27); 175(830.68); 176(536.15); 177(280.03); 178(832.36); 179(770.95); 180(68.51); 181(16.11); 182(100.13); 183(95.78); 184(460.59); 185(954.24); 186(66.48); 187(843.87); 188(378.68); 189(58.28); 190(692.07); 191(514.98); 192(540.53); 193(930.6); 194(998.31); 195(904.56); 196(664.22); 197(544.22); 198(513.77); 199(74.97); 200(412.73); 201(433.56); 202(71.49); 203(675.99); 204(183.03); 205(952.49); 206(380.92); 207(826.75); 208(23.47); 209(782.27); 210(918.76); 211(798.02); 212(569.86); 213(102.25); 214(33.18); 215(598.19); 216(601.67); 217(270.26); 218(941.01); 219(686.41); 220(112.13); 221(988.72); 222(285.79); 223(107.61); 224(649.37); 225(799.62); 226(405.51); 227(447.16); 228(540.31); 229(15.88); 230(419.95); 231(766.74); 232(144.23); 233(161.57); 234(844.68); 235(146.42); 236(714.39); 237(859.37); 238(752.64); 239(280.27); 240(749.73); 241(400.33); 242(576.99); 243(826.08); 244(85.47); 245(72.16); 246(62.25); 247(672.44); 248(919.17); 249(46.67); 250(493.06); 251(266.67); 252(672.23); 253(737.71); 254(260.47); 255(307.16); 256(310.38); 257(936.21); 258(972.18); 259(598.22); 260(494.38); 261(397.73); 262(510.58); 263(432.89); 264(31.34); 265(139.34); 266(326.96); 267(521.55); 268(629.93); 269(708.91); 270(355.22); 271(152.42); 272(624.03); 273(474.93); 274(703.77); 275(65.69); 276(859.0); 277(706.53); 278(877.69); 279(250.74); 280(59.07); 281(319.73); 282(89.23); 283(794.28); 284(535.79); 285(756.87); 286(921.2); 287(975.88); 288(212.03); 289(429.91); 290(778.08); 291(562.85); 292(21.85); 293(675.86); 294(511.35); 295(244.25); 296(779.07); 297(615.31); 298(171.57); 299(311.46); 300(630.88); 301(750.38); 302(279.32); 303(927.11); 304(126.26); 305(207.49); 306(624.19); 307(516.27); 308(886.51); 309(535.85); 310(415.03); 311(868.89); 312(336.0); 313(220.25); 314(995.44); 315(456.61); 316(404.61); 317(561.24); 318(250.13); 319(616.57); 320(606.93); 321(953.09); 322(691.86); 323(746.4); 324(638.56); 325(602.9); 326(642.83); 327(610.42); 328(383.62); 329(423.83); 330(157.31); 331(733.68); 332(922.75); 333(530.44); 334(541.69); 335(14.5); 336(841.41); 337(398.14); 338(986.84); 339(3.0); 340(504.95); 341(484.3); 342(922.18); 343(702.06); 344(762.48); 345(119.07); 346(881.84); 347(616.36); 348(208.66); 349(749.76); 350(711.49); 351(481.02); 352(364.53); 353(859.07); 354(449.66); 355(288.75); 356(273.1); 357(413.38); 358(422.36); 359(589.07); 360(854.48); 361(842.66); 362(34.33); 363(333.16); 364(630.63); 365(889.27); 366(449.32); 367(768.57); 368(297.6); 369(322.83); 370(765.05); 371(962.13); 372(883.67); 373(340.6); 374(201.27); 375(57.42); 376(951.08); 377(208.42); 379(881.89); 380(727.15); 381(90.05); 382(89.96); 383(470.76); 384(920.76); 385(21.14); 386(875.14); 387(346.49); 388(43.72); 389(358.75); 390(230.09); 391(176.71); 392(779.88); 393(156.0); 394(511.23); 395(732.65); 396(19.96); 397(996.35); 398(495.57); 399(532.25); 400(173.65); 401(352.56); 402(259.18); 403(497.27); 404(173.33); 405(398.62); 406(30.61); 407(866.58); 408(721.96); 409(835.97); 410(469.49); 411(931.05); 412(351.13); 413(974.47); 414(458.97); 415(330.95); 416(632.24); 417(610.76); 418(924.99); 419(800.66); 420(504.39); 421(470.68); 422(29.32); 423(201.54); 424(67.56); 425(549.32); 426(867.27); 427(596.51); 428(23.03); 429(622.07); 430(629.42); 431(896.93); 432(260.88); 433(835.43); 434(240.66); 435(100.07); 436(753.1); 437(955.9); 438(112.36); 439(303.97); 440(196.05); 441(863.89); 442(254.32); 443(325.54); 444(164.38); 445(191.97); 446(140.08); 447(859.4); 448(274.44); 449(181.43); 450(906.76); 451(484.26); 452(651.26); 453(548.06); 454(814.44); 455(750.33); 456(857.33); 457(267.22); 458(890.52); 459(637.76); 460(525.2); 461(826.82); 462(409.17); 463(112.96); 464(331.78); 465(496.81); 466(908.05); 467(611.69); 468(773.23); 469(767.38); 470(0.64); 471(126.16); 472(503.97); 473(745.93); 474(800.83); 475(97.69); 476(996.3); 477(732.76); 478(824.62); 479(581.38); 480(62.76); 481(158.98); 482(573.77); 483(502.82); 484(840.14); 485(80.32); 486(585.7); 487(715.22); 488(823.59); 489(942.49); 490(617.33); 491(830.39); 492(975.45); 493(734.71); 494(303.19); 495(961.31); 496(804.23); 497(386.99); 498(223.76); 499(561.32),2
379,0(200.07); 1(492.65); 2(656.11); 3(114.79); 4(44.51); 5(616.23); 6(409.86); 7(364.52); 8(829.96); 9(596.29); 10(957.78); 11(93.76); 12(581.34); 13(469.81); 14(880.49); 15(765.77); 16(513.62); 17(59.33); 18(339.93); 19(117.13); 20(102.77); 21(511.09); 22(179.93); 23(890.37); 24(452.25); 25(195.2); 26(989.08); 27(304.12); 28(375.34); 29(592.4); 30(777.34); 31(801.9); 32(605.75); 33(673.33); 34(528.75); 35(304.14); 36(845.78); 37(427.82); 38(433.31); 39(506.17); 40(263.86); 41(191.5); 42(183.85); 43(652.55); 44(582.92); 45(119.15); 46(415.86); 47(938.85); 48(655.64); 49(2.09); 50(23.94); 51(64.89); 52(356.93); 53(7.51); 54(756.11); 55(447.84); 56(668.32); 57(870.44); 58(576.34); 59(331.32); 60(158.97); 61(149.1); 62(12.22); 63(572.52); 64(986.18); 65(907.93); 66(880.95); 67(68.76); 68(609.08); 69(200.45); 70(677.72); 71(40.73); 72(221.88); 73(492.9); 74(667.11); 75(918.95); 76(804.61); 77(911.09); 78(675.36); 79(695.43); 80(750.13); 81(749.17); 82(781.54); 83(388.59); 84(476.88); 85(704.13); 86(272.92); 87(861.94); 88(121.46); 89(20.23); 90(761.44); 91(705.35); 92(32.99); 93(291.6); 94(680.64); 95(248.43); 96(188.13); 97(572.54); 98(63.73); 99(800.07); 100(680.39); 101(496.76); 102(319.62); 103(802.38); 104(713.2); 105(46.84); 106(342.12); 107(566.9); 108(166.84); 109(705.34); 110(398.67); 111(535.62); 112(586.99); 113(873.38); 114(816.11); 115(912.84); 116(490.28); 117(685.02); 118(899.86); 119(724.18); 120(882.4); 121(829.86); 122(241.14); 123(219.72); 124(682.22); 125(400.94); 126(451.63); 127(994.76); 128(565.04); 129(42.81); 130(225.38); 131(388.36); 132(564.76); 133(760.04); 134(417.01); 135(97.15); 136(732.59); 137(243.87); 138(178.91); 139(685.35); 140(718.24); 141(91.27); 142(501.05); 143(230.55); 144(114.09); 145(286.47); 146(588.04); 147(439.33); 148(206.16); 149(353.99); 150(372.68); 151(209.83); 152(719.21); 153(873.92); 154(800.45); 155(903.08); 156(613.21); 157(244.26); 158(637.88); 159(817.87); 160(540.06); 161(481.06); 162(630.37); 163(699.53); 164(513.48); 165(273.43); 166(459.97); 167(380.1); 168(720.09); 169(480.48); 170(401.14); 171(586.4); 172(815.32); 173(389.98); 174(460.06); 175(638.05); 176(318.52); 177(980.36); 178(414.07); 179(162.25); 180(256.27); 181(892.62); 182(163.22); 183(255.06); 184(750.98); 185(419.79); 186(817.7); 187(241.53); 188(630.75); 189(758.23); 190(187.8); 191(721.34); 192(865.05); 193(257.71); 194(190.3); 195(549.77); 196(603.65); 197(957.88); 198(264.83); 199(70.2); 200(828.66); 201(346.31); 202(104.77); 203(223.22); 204(701.38); 205(950.06); 206(41.89); 207(703.12); 208(109.97); 209(100.97); 210(68.15); 211(723.14); 212(509.88); 213(496.61); 214(503.09); 215(33.02); 216(50.96); 217(749.63); 218(51.63); 219(846.05); 220(365.17); 221(651.12); 222(421.58); 223(804.8); 224(544.82); 225(717.7); 226(117.15); 227(681.61); 228(453.79); 229(363.62); 230(409.99); 231(120.45); 232(80.7); 233(900.1); 234(548.52); 235(629.74); 236(683.18); 237(475.9); 238(591.54); 239(11.54); 240(347.31); 241(351.08); 242(996.34); 243(966.34); 244(206.95); 245(920.18); 246(848.7); 247(983.4); 248(806.93); 249(846.5); 250(630.09); 251(853.87); 252(804.85); 253(180.36); 254(57.97); 255(698.95); 256(606.35); 257(939.47); 258(852.67); 259(471.43); 260(99.87); 261(40.94); 262(940.34); 263(500.89); 264(501.76); 265(238.59); 266(923.82); 267(629.96); 268(352.38); 269(830.14); 270(559.21); 271(611.4); 272(649.68); 273(543.47); 274(102.58); 275(7.44); 276(699.61); 277(536.79); 278(587.93); 279(614.26); 280(970.1); 281(488.58); 282(58.29); 283(540.04); 284(314.06); 285(477.3); 286(424.76); 287(144.39); 288(839.32); 289(7.52); 290(242.87); 291(145.72); 292(481.43); 293(296.8); 294(95.8); 295(623.75); 296(236.96); 297(582.45); 298(71.96); 299(147.27); 300(447.89); 301(861.74); 302(792.51); 303(395.82); 304(960.39); 305(758.17); 306(369.85); 307(482.08); 308(987.66); 309(823.15); 310(137.61); 311(465.27); 312(698.42); 313(877.02); 314(673.91); 315(623.64); 316(995.72); 317(885.6); 318(752.86); 319(181.86); 320(938.87); 321(713.69); 322(818.73); 323(820.67); 324(600.35); 325(600.42); 326(197.82); 327(844.42); 328(864.19); 329(406.61); 330(749.94); 331(948.74); 332(494.17); 333(406.06); 334(131.02); 335(769.73); 336(590.71); 337(630.19); 338(232.38); 339(760.4); 340(44.63); 341(858.12); 342(576.39); 343(626.24); 344(492.95); 345(657.44); 346(265.8); 347(529.35); 348(460.12); 349(421.29); 350(584.74); 351(765.36); 352(781.17); 353(434.31); 354(308.66); 355(909.11); 356(861.11); 357(740.69); 358(28.2); 359(925.96); 360(206.8); 361(636.28); 362(162.36); 363(847.35); 364(857.14); 365(537.81); 366(32.24); 367(951.63); 368(645.02); 369(158.23); 370(511.34); 371(122.4); 372(694.67); 373(714.27); 374(43.13); 375(770.33); 376(718.62); 377(675.69); 378(881.89); 380(360.03); 381(563.64); 382(12.78); 383(390.62); 384(702.17); 385(365.28); 386(791.08); 387(196.92); 388(322.35); 389(102.74); 390(876.32); 391(655.89); 392(640.28); 393(766.94); 394(546.16); 395(469.48); 396(272.07); 397(876.02); 398(965.28); 399(925.48); 400(829.81); 401(772.68); 402(936.38); 403(334.73); 404(510.7); 405(634.41); 406(292.94); 407(653.44); 408(190.14); 409(350.02); 410(366.52); 411(987.36); 412(789.97); 413(593.41); 414(606.89); 415(979.81); 416(43.9); 417(698.05); 418(367.81); 419(811.95); 420(946.79); 421(174.91); 422(143.06); 423(104.36); 424(732.38); 425(188.64); 426(944.6); 427(190.1); 428(230.15); 429(360.63); 430(950.07); 431(580.67); 432(282.9); 433(7.9); 434(33.8); 435(59.57); 436(40.67); 437(427.88); 438(628.09); 439(954.93); 440(167.29); 441(723.14); 442(421.07); 443(258.83); 444(565.69); 445(410.93); 446(660.46); 447(8.35); 448(375.33); 449(853.96); 450(354.64); 451(197.84); 452(910.83); 453(521.37); 454(53.36); 455(59.85); 456(452.82); 457(588.73); 458(214.36); 459(925.88); 460(367.6); 461(772.61); 462(434.6); 463(958.67); 464(279.05); 465(201.72); 466(182.2); 467(428.65); 468(28.52); 469(61.52); 470(366.58); 471(334.12); 472(411.83); 473(714.76); 474(683.73); 475(848.29); 476(172.86); 477(21.27); 478(466.24); 479(241.99); 480(259.03); 481(822.57); 482(971.06); 483(56.35); 484(203.71); 485(823.75); 486(752.11); 487(842.13); 488(796.96); 489(304.27); 490(690.37); 491(149.1); 492(957.22); 493(352.6); 494(801.85); 495(216.51); 496(152.44); 497(149.23); 498(588.42); 499(751.64),1
380,0(122.6); 1(507.17); 2(730.83); 3(639.97); 4(442.96); 5(860.04); 6(857.32); 7(719.65); 8(616.42); 9(414.42); 10(160.21); 11(210.21); 12(91.94); 13(475.76); 14(383.35); 15(844.65); 16(795.58); 17(142.01); 18(747.18); 19(476.28); 20(820.85); 21(920.81); 22(586.53); 23(0.31); 24(484.5); 25(358.57); 26(472.85); 27(552.63); 28(118.29); 29(224.81); 30(604.14); 31(90.12); 32(274.48); 33(262.23); 34(857.12); 35(633.71); 36(976.19); 37(576.16); 38(315.79); 39(433.42); 40(635.9); 41(133.19); 42(210.22); 43(43.31); 44(255.51); 45(608.63); 46(76.91); 47(206.32); 48(328.91); 49(689.44); 50(6.77); 51(867.83); 52(979.57); 53(895.76); 54(322.53); 55(807.23); 56(183.32); 57(522.44); 58(225.96); 59(851.6); 60(711.57); 61(924.91); 62(538.34); 63(263.18); 64(387.66); 65(838.3); 66(642.8); 67(645.44); 68(10.87); 69(304.42); 70(222.63); 71(506.32); 72(158.44); 73(113.88); 74(210.76); 75(130.86); 76(146.13); 77(359.22); 78(763.44); 79(868.75); 80(257.45); 81(975.33); 82(625.13); 83(847.42); 84(475.52); 85(267.82); 86(478.76); 87(989.88); 88(153.28); 89(674.66); 90(261.07); 91(466.74); 92(81.29); 93(642.43); 94(932.91); 95(585.89); 96(364.82); 97(260.08); 98(314.72); 99(442.18); 100(52.44); 101(15.59); 102(851.75); 103(299.58); 104(50.14); 105(989.15); 106(492.67); 107(410.19); 108(136.46); 109(559.5); 110(614.01); 111(266.69); 112(605.2); 113(966.36); 114(460.92); 115(735.28); 116(486.56); 117(429.6); 118(813.25); 119(265.89); 120(411.72); 121(251.54); 122(483.3); 123(92.93); 124(531.06); 125(258.55); 126(896.69); 127(158.68); 128(494.05); 129(236.67); 130(15.75); 131(65.24); 132(839.84); 133(285.86); 134(936.83); 135(651.1); 136(515.46); 137(651.17); 138(924.47); 139(892.36); 140(144.23); 141(56.08); 142(853.21); 143(841.34); 144(562.64); 145(339.44); 146(225.08); 147(678.94); 148(972.68); 149(685.55); 150(975.68); 151(782.81); 152(333.4); 153(228.21); 154(535.2); 155(192.85); 156(535.07); 157(654.15); 158(200.27); 159(518.31); 160(648.78); 161(362.16); 162(528.96); 163(23.63); 164(540.22); 165(914.94); 166(369.3); 167(460.67); 168(517.25); 169(993.57); 170(463.15); 171(374.66); 172(547.94); 173(153.36); 174(279.13); 175(751.31); 176(999.29); 177(190.11); 178(185.34); 179(28.83); 180(513.59); 181(678.9); 182(920.31); 183(226.12); 184(784.85); 185(950.44); 186(15.78); 187(512.77); 188(72.0); 189(91.8); 190(727.21); 191(614.31); 192(748.29); 193(890.38); 194(63.0); 195(678.18); 196(662.36); 197(311.19); 198(234.19); 199(268.55); 200(995.49); 201(230.82); 202(360.95); 203(399.18); 204(651.43); 205(217.49); 206(9.7); 207(869.05); 208(456.79); 209(344.53); 210(838.86); 211(475.93); 212(322.91); 213(762.65); 214(806.29); 215(815.09); 216(221.15); 217(625.4); 218(878.44); 219(416.19); 220(773.99); 221(736.49); 222(128.61); 223(85.95); 224(87.43); 225(982.43); 226(924.8); 227(358.55); 228(371.04); 229(459.73); 230(368.44); 231(250.55); 232(568.24); 233(376.21); 234(21.94); 235(118.88); 236(29.66); 237(461.95); 238(578.2); 239(182.11); 240(536.73); 241(96.32); 242(73.93); 243(291.25); 244(437.34); 245(154.14); 246(483.97); 247(890.49); 248(986.52); 249(367.84); 250(521.15); 251(942.98); 252(797.43); 253(939.37); 254(250.72); 255(833.01); 256(7.73); 257(811.15); 258(196.61); 259(691.35); 260(893.14); 261(292.75); 262(813.18); 263(873.87); 264(831.04); 265(458.44); 266(749.13); 267(823.92); 268(105.34); 269(485.48); 270(98.66); 271(765.35); 272(533.7); 273(325.19); 274(43.82); 275(693.45); 276(538.4); 277(640.38); 278(517.86); 279(631.79); 280(138.61); 281(376.57); 282(674.43); 283(985.78); 284(411.05); 285(604.0); 286(524.54); 287(761.28); 288(454.44); 289(304.35); 290(433.99); 291(248.4); 292(600.52); 293(878.11); 294(488.05); 295(727.39); 296(75.59); 297(230.89); 298(341.53); 299(231.45); 300(325.44); 301(765.55); 302(537.76); 303(388.76); 304(879.46); 305(436.33); 306(288.55); 307(80.29); 308(631.33); 309(159.66); 310(380.15); 311(499.32); 312(788.57); 313(77.99); 314(138.29); 315(484.14); 316(504.61); 317(278.06); 318(131.52); 319(980.93); 320(5.59); 321(924.34); 322(332.0); 323(21.9); 324(191.6); 325(116.86); 326(103.15); 327(805.24); 328(625.02); 329(169.41); 330(287.39); 331(447.47); 332(934.66); 333(423.3); 334(840.15); 335(993.94); 336(346.86); 337(373.02); 338(960.37); 339(423.54); 340(587.19); 341(874.16); 342(666.21); 343(129.32); 344(734.89); 345(315.51); 346(998.08); 347(637.33); 348(832.48); 349(934.78); 350(573.8); 351(13.54); 352(343.35); 353(128.78); 354(314.32); 355(988.52); 356(805.02); 357(693.66); 358(192.9); 359(473.14); 360(271.59); 361(21.0); 362(690.59); 363(540.1); 364(787.03); 365(833.5); 366(329.92); 367(516.98); 368(818.11); 369(720.16); 370(218.86); 371(852.19); 372(333.54); 373(523.1); 374(629.0); 375(591.93); 376(24.72); 377(630.05); 378(727.15); 379(360.03); 381(528.05); 382(356.13); 383(275.89); 384(544.84); 385(521.58); 386(460.78); 387(210.04); 388(312.62); 389(5.59); 390(586.11); 391(159.15); 392(559.34); 393(262.35); 394(842.9); 395(68.09); 396(544.47); 397(244.92); 398(148.88); 399(948.36); 400(567.7); 401(327.38); 402(203.52); 403(283.88); 404(500.26); 405(505.55); 406(544.43); 407(772.55); 408(477.48); 409(88.36); 410(815.1); 411(93.71); 412(841.77); 413(659.92); 414(831.29); 415(543.3); 416(945.29); 417(238.94); 418(410.92); 419(853.34); 420(416.97); 421(829.43); 422(406.11); 423(59.15); 424(900.02); 425(559.36); 426(630.56); 427(46.55); 428(660.71); 429(336.63); 430(292.99); 431(162.97); 432(596.21); 433(731.71); 434(72.73); 435(629.87); 436(561.35); 437(494.61); 438(637.39); 439(645.11); 440(190.52); 441(726.18); 442(806.87); 443(186.79); 444(30.01); 445(245.46); 446(786.45); 447(501.59); 448(854.75); 449(387.5); 450(726.9); 451(931.65); 452(428.42); 453(58.64); 454(87.55); 455(174.55); 456(677.75); 457(864.19); 458(786.69); 459(573.04); 460(743.88); 461(991.89); 462(306.14); 463(49.76); 464(841.9); 465(277.59); 466(190.34); 467(744.11); 468(455.39); 469(679.14); 470(730.94); 471(100.71); 472(651.93); 473(364.69); 474(390.8); 475(857.38); 476(761.43); 477(249.02); 478(147.26); 479(702.54); 480(971.18); 481(717.24); 482(471.5); 483(271.78); 484(30.14); 485(777.28); 486(411.85); 487(597.05); 488(599.31); 489(705.36); 490(665.9); 491(91.16); 492(913.1); 493(364.02); 494(471.3); 495(7.07); 496(47.62); 497(662.68); 498(151.65); 499(995.29),1
381,0(936.42); 1(94.72); 2(1.5); 3(756.11); 4(315.39); 5(514.65); 6(32.45); 7(841.64); 8(793.34); 9(325.59); 10(192.14); 11(243.39); 12(920.16); 13(11.02); 14(340.63); 15(304.53); 16(258.3); 17(987.6); 18(704.04); 19(114.01); 20(299.36); 21(378.09); 22(159.47); 23(773.23); 24(214.09); 25(612.25); 26(557.2); 27(58.51); 28(383.66); 29(264.43); 30(994.91); 31(908.35); 32(87.81); 33(145.22); 34(471.38); 35(422.14); 36(588.84); 37(737.9); 38(809.02); 39(369.67); 40(376.52); 41(242.8); 42(321.85); 43(180.41); 44(471.82); 45(497.98); 46(477.7); 47(259.54); 48(772.74); 49(590.25); 50(979.83); 51(205.32); 52(930.68); 53(300.28); 54(450.38); 55(584.0); 56(414.54); 57(591.16); 58(347.6); 59(201.77); 60(309.93); 61(976.81); 62(406.19); 63(990.91); 64(723.12); 65(704.54); 66(662.02); 67(872.68); 68(21.55); 69(303.42); 70(990.28); 71(823.14); 72(757.84); 73(275.45); 74(761.37); 75(200.74); 76(560.77); 77(95.07); 78(792.36); 79(15.52); 80(702.21); 81(526.41); 82(369.0); 83(39.45); 84(262.09); 85(845.44); 86(52.06); 87(552.35); 88(823.28); 89(878.62); 90(508.54); 91(801.37); 92(868.01); 93(454.58); 94(247.64); 95(310.57); 96(33.63); 97(178.07); 98(951.85); 99(297.09); 100(680.94); 101(159.47); 102(753.51); 103(660.85); 104(28.62); 105(20.75); 106(180.48); 107(214.85); 108(251.1); 109(755.91); 110(720.37); 111(331.24); 112(46.36); 113(737.54); 114(209.8); 115(215.93); 116(262.59); 117(841.86); 118(678.51); 119(185.1); 120(49.0); 121(295.42); 122(204.84); 123(596.88); 124(823.6); 125(344.1); 126(531.23); 127(17.96); 128(228.53); 129(246.43); 130(292.12); 131(427.64); 132(60.39); 133(19.47); 134(614.83); 135(382.46); 136(766.05); 137(863.75); 138(414.01); 139(927.35); 140(692.43); 141(932.51); 142(272.81); 143(793.81); 144(783.89); 145(473.11); 146(323.61); 147(847.44); 148(706.8); 149(509.73); 150(682.02); 151(395.67); 152(548.3); 153(181.93); 154(60.39); 155(987.97); 156(837.79); 157(303.22); 158(303.41); 159(906.67); 160(43.02); 161(963.1); 162(94.72); 163(163.88); 164(585.26); 165(988.14); 166(239.04); 167(512.35); 168(654.76); 169(448.91); 170(433.7); 171(513.28); 172(232.7); 173(801.85); 174(428.74); 175(577.77); 176(98.78); 177(987.6); 178(508.81); 179(198.21); 180(862.29); 181(423.99); 182(908.59); 183(818.68); 184(805.88); 185(984.32); 186(57.08); 187(671.52); 188(242.86); 189(89.72); 190(976.44); 191(834.94); 192(353.26); 193(955.75); 194(163.7); 195(201.42); 196(476.95); 197(910.17); 198(271.91); 199(117.24); 200(290.81); 201(899.8); 202(92.47); 203(873.78); 204(457.51); 205(453.79); 206(145.33); 207(833.82); 208(962.43); 209(164.01); 210(916.64); 211(752.76); 212(17.94); 213(875.85); 214(454.14); 215(506.61); 216(858.84); 217(577.76); 218(44.58); 219(153.99); 220(499.46); 221(524.25); 222(18.87); 223(808.71); 224(125.91); 225(581.89); 226(442.36); 227(513.78); 228(223.29); 229(752.21); 230(706.28); 231(683.21); 232(465.35); 233(320.24); 234(961.16); 235(162.44); 236(418.3); 237(474.01); 238(563.24); 239(210.29); 240(516.44); 241(423.73); 242(947.07); 243(677.1); 244(408.58); 245(308.69); 246(197.16); 247(355.33); 248(265.77); 249(721.87); 250(424.43); 251(64.06); 252(773.68); 253(499.29); 254(686.73); 255(327.97); 256(303.7); 257(641.81); 258(471.29); 259(67.66); 260(672.97); 261(475.03); 262(227.68); 263(291.05); 264(883.33); 265(207.59); 266(175.57); 267(627.96); 268(324.12); 269(206.34); 270(331.89); 271(761.23); 272(222.91); 273(439.3); 274(627.87); 275(411.72); 276(655.28); 277(66.18); 278(213.63); 279(306.18); 280(519.25); 281(31.06); 282(651.05); 283(10.28); 284(840.31); 285(602.78); 286(830.84); 287(442.87); 288(963.31); 289(719.26); 290(0.55); 291(221.86); 292(426.59); 293(466.3); 294(163.38); 295(429.3); 296(461.21); 297(119.04); 298(641.77); 299(353.47); 300(908.08); 301(906.13); 302(679.08); 303(464.9); 304(458.73); 305(157.39); 306(887.2); 307(549.79); 308(494.34); 309(703.19); 310(918.8); 311(504.86); 312(203.43); 313(304.13); 314(487.7); 315(256.21); 316(450.02); 317(269.98); 318(989.65); 319(791.0); 320(546.95); 321(586.58); 322(882.28); 323(385.92); 324(689.49); 325(839.58); 326(203.26); 327(543.4); 328(858.79); 329(487.27); 330(131.96); 331(319.15); 332(199.27); 333(124.54); 334(108.16); 335(709.21); 336(281.96); 337(35.16); 338(830.49); 339(424.98); 340(675.05); 341(464.53); 342(576.69); 343(308.17); 344(174.63); 345(485.52); 346(625.25); 347(695.8); 348(181.15); 349(59.09); 350(437.77); 351(225.64); 352(368.03); 353(476.64); 354(944.69); 355(781.87); 356(13.47); 357(970.07); 358(995.64); 359(593.41); 360(841.45); 361(384.77); 362(723.06); 363(4.92); 364(272.69); 365(187.49); 366(959.06); 367(115.81); 368(940.84); 369(967.98); 370(345.08); 371(999.75); 372(249.76); 373(473.71); 374(507.36); 375(47.99); 376(993.47); 377(356.37); 378(90.05); 379(563.64); 380(528.05); 382(21.09); 383(524.78); 384(137.92); 385(435.14); 386(30.59); 387(278.93); 388(997.8); 389(252.42); 390(943.2); 391(92.36); 392(833.26); 393(309.68); 394(721.96); 395(44.0); 396(248.23); 397(226.7); 398(357.3); 399(512.92); 400(655.75); 401(241.63); 402(546.07); 403(608.64); 404(3.76); 405(89.67); 406(221.84); 407(563.23); 408(279.06); 409(832.65); 410(774.32); 411(195.91); 412(642.67); 413(810.06); 414(982.99); 415(835.46); 416(374.34); 417(563.02); 418(622.13); 419(872.79); 420(532.62); 421(853.65); 422(234.35); 423(799.8); 424(851.02); 425(109.91); 426(396.57); 427(407.68); 428(171.74); 429(184.62); 430(903.63); 431(687.84); 432(35.58); 433(882.56); 434(334.87); 435(519.89); 436(919.81); 437(255.54); 438(542.91); 439(386.03); 440(904.04); 441(224.24); 442(77.3); 443(356.18); 444(641.88); 445(573.55); 446(752.52); 447(221.13); 448(673.13); 449(464.15); 450(324.18); 451(625.38); 452(174.37); 453(157.32); 454(896.53); 455(112.76); 456(740.88); 457(123.7); 458(586.69); 459(984.01); 460(76.05); 461(137.8); 462(896.31); 463(2.03); 464(485.11); 465(847.73); 466(123.17); 467(802.69); 468(842.03); 469(915.83); 470(616.74); 471(393.81); 472(644.7); 473(336.43); 474(242.48); 475(280.29); 476(101.25); 477(864.24); 478(642.71); 479(318.19); 480(275.97); 481(701.32); 482(132.85); 483(263.1); 484(571.28); 485(844.39); 486(213.22); 487(918.53); 488(416.31); 489(998.23); 490(16.31); 491(191.53); 492(50.92); 493(355.59); 494(455.84); 495(502.65); 496(673.49); 497(112.0); 498(181.55); 499(841.93),1
382,0(38.23); 1(625.95); 2(190.15); 3(238.66); 4(548.16); 5(721.19); 6(825.01); 7(997.52); 8(659.03); 9(590.99); 10(622.21); 11(173.23); 12(452.04); 13(451.83); 14(923.36); 15(894.74); 16(856.81); 17(620.75); 18(441.81); 19(559.31); 20(227.87); 21(405.16); 22(248.18); 23(365.51); 24(551.37); 25(416.5); 26(238.69); 27(756.66); 28(915.09); 29(861.42); 30(981.8); 31(572.68); 32(90.66); 33(744.01); 34(834.2); 35(584.99); 36(451.91); 37(450.96); 38(827.83); 39(663.63); 40(856.69); 41(178.17); 42(169.16); 43(135.2); 44(488.53); 45(609.66); 46(799.35); 47(229.52); 48(221.67); 49(240.4); 50(932.93); 51(410.34); 52(756.91); 53(83.58); 54(493.85); 55(580.53); 56(997.17); 57(892.99); 58(91.85); 59(977.28); 60(665.66); 61(500.45); 62(415.35); 63(276.5); 64(862.33); 65(565.39); 66(821.48); 67(359.0); 68(282.54); 69(325.29); 70(105.4); 71(555.96); 72(792.61); 73(652.03); 74(816.39); 75(899.71); 76(445.09); 77(462.46); 78(932.48); 79(839.2); 80(580.4); 81(832.41); 82(924.32); 83(545.9); 84(824.82); 85(345.36); 86(400.4); 87(717.74); 88(669.58); 89(814.23); 90(397.14); 91(211.29); 92(11.43); 93(54.79); 94(687.35); 95(310.1); 96(693.54); 97(271.37); 98(580.16); 99(603.72); 100(799.65); 101(961.95); 102(285.35); 103(310.72); 104(605.38); 105(153.33); 106(442.29); 107(826.4); 108(576.65); 109(777.23); 110(659.51); 111(785.38); 112(297.02); 113(539.44); 114(569.51); 115(581.26); 116(433.18); 117(20.77); 118(631.32); 119(609.95); 120(927.72); 121(770.72); 122(423.93); 123(72.76); 124(473.7); 125(372.43); 126(988.47); 127(716.98); 128(447.41); 129(992.13); 130(193.18); 131(328.65); 132(833.23); 133(263.49); 134(820.91); 135(689.37); 136(279.0); 137(643.51); 138(213.0); 139(786.91); 140(711.25); 141(191.47); 142(114.64); 143(898.9); 144(26.8); 145(958.67); 146(114.53); 147(438.28); 148(39.78); 149(547.63); 150(993.49); 151(810.88); 152(844.93); 153(177.84); 154(520.0); 155(63.85); 156(278.88); 157(127.62); 158(362.55); 159(631.39); 160(363.82); 161(167.42); 162(972.64); 163(57.98); 164(472.42); 165(324.23); 166(103.32); 167(990.79); 168(708.82); 169(194.01); 170(123.82); 171(994.68); 172(640.68); 173(758.14); 174(983.67); 175(524.7); 176(80.49); 177(39.98); 178(822.78); 179(416.83); 180(397.52); 181(733.25); 182(638.7); 183(808.3); 184(44.03); 185(112.33); 186(318.47); 187(518.57); 188(729.96); 189(942.66); 190(320.98); 191(956.56); 192(437.46); 193(376.56); 194(764.01); 195(647.4); 196(768.93); 197(417.01); 198(872.47); 199(189.61); 200(599.65); 201(26.61); 202(883.74); 203(974.52); 204(393.56); 205(93.39); 206(430.94); 207(635.68); 208(907.65); 209(312.8); 210(546.41); 211(3.41); 212(262.31); 213(780.25); 214(594.66); 215(35.41); 216(77.99); 217(693.14); 218(552.57); 219(816.87); 220(465.22); 221(232.46); 222(887.34); 223(86.57); 224(242.99); 225(118.81); 226(337.79); 227(314.52); 228(979.23); 229(221.72); 230(494.64); 231(600.93); 232(697.84); 233(47.33); 234(357.86); 235(563.66); 236(35.65); 237(780.18); 238(729.7); 239(951.06); 240(376.14); 241(109.65); 242(567.64); 243(823.73); 244(599.58); 245(170.97); 246(701.15); 247(789.55); 248(424.73); 249(412.98); 250(96.54); 251(702.0); 252(396.45); 253(959.05); 254(623.79); 255(451.38); 256(206.23); 257(159.6); 258(107.21); 259(562.36); 260(426.62); 261(9.22); 262(999.32); 263(370.72); 264(387.49); 265(867.82); 266(34.21); 267(514.11); 268(754.6); 269(320.95); 270(96.19); 271(943.32); 272(797.86); 273(930.1); 274(615.87); 275(772.72); 276(350.19); 277(324.77); 278(324.6); 279(599.45); 280(599.71); 281(964.09); 282(536.16); 283(0.14); 284(993.07); 285(359.4); 286(449.22); 287(379.25); 288(372.84); 289(895.82); 290(236.9); 291(847.31); 292(426.98); 293(820.47); 294(352.62); 295(183.29); 296(42.49); 297(629.16); 298(301.01); 299(17.48); 300(5.36); 301(742.45); 302(691.4); 303(880.74); 304(585.52); 305(716.19); 306(589.52); 307(734.84); 308(515.43); 309(366.29); 310(728.74); 311(643.86); 312(232.98); 313(67.24); 314(345.57); 315(58.01); 316(410.73); 317(909.59); 318(458.74); 319(371.41); 320(221.28); 321(362.6); 322(741.59); 323(66.84); 324(189.62); 325(984.54); 326(105.71); 327(114.94); 328(765.27); 329(650.31); 330(302.6); 331(414.13); 332(367.39); 333(320.85); 334(782.36); 335(308.33); 336(530.47); 337(2.1); 338(563.34); 339(164.72); 340(226.59); 341(373.88); 342(972.9); 343(62.69); 344(832.42); 345(818.11); 346(678.97); 347(276.13); 348(411.92); 349(471.05); 350(657.06); 351(365.95); 352(307.01); 353(413.39); 354(971.53); 355(378.62); 356(833.16); 357(985.93); 358(772.33); 359(465.0); 360(760.61); 361(11.0); 362(393.94); 363(377.0); 364(139.5); 365(493.47); 366(813.35); 367(182.21); 368(34.36); 369(876.85); 370(994.31); 371(146.19); 372(140.9); 373(6.16); 374(265.52); 375(34.26); 376(566.43); 377(126.7); 378(89.96); 379(12.78); 380(356.13); 381(21.09); 383(608.1); 384(623.02); 385(898.5); 386(488.03); 387(520.9); 388(833.65); 389(562.59); 390(231.17); 391(705.14); 392(760.73); 393(961.83); 394(153.47); 395(288.25); 396(404.66); 397(877.28); 398(968.37); 399(910.04); 400(440.58); 401(599.16); 402(128.68); 403(160.86); 404(793.42); 405(719.64); 406(108.17); 407(82.21); 408(918.92); 409(156.42); 410(548.32); 411(695.27); 412(952.16); 413(715.75); 414(55.8); 415(991.15); 416(294.88); 417(83.04); 418(394.65); 419(842.16); 420(650.88); 421(333.29); 422(79.23); 423(350.08); 424(327.71); 425(587.72); 426(619.06); 427(78.78); 428(605.84); 429(740.81); 430(386.22); 431(191.88); 432(997.74); 433(576.5); 434(873.07); 435(874.21); 436(799.16); 437(587.15); 438(164.52); 439(609.81); 440(38.87); 441(354.35); 442(274.94); 443(111.45); 444(962.92); 445(880.33); 446(481.78); 447(139.73); 448(329.12); 449(370.42); 450(288.03); 451(767.94); 452(752.97); 453(275.71); 454(261.1); 455(229.38); 456(76.51); 457(970.32); 458(810.71); 459(452.44); 460(289.78); 461(358.57); 462(445.41); 463(527.19); 464(484.81); 465(594.11); 466(706.7); 467(121.55); 468(919.71); 469(295.61); 470(255.93); 471(513.01); 472(832.2); 473(0.03); 474(455.61); 475(74.13); 476(858.17); 477(422.51); 478(45.53); 479(317.06); 480(976.36); 481(310.64); 482(630.06); 483(185.37); 484(161.27); 485(128.53); 486(429.71); 487(244.03); 488(67.28); 489(739.34); 490(573.75); 491(5.43); 492(570.72); 493(331.85); 494(758.02); 495(831.57); 496(184.07); 497(709.96); 498(894.67); 499(773.63),1
383,0(820.8); 1(184.96); 2(387.55); 3(946.46); 4(166.2); 5(1.11); 6(443.26); 7(441.71); 8(804.04); 9(870.06); 10(356.86); 11(295.99); 12(658.5); 13(394.94); 14(399.66); 15(986.04); 16(409.24); 17(582.69); 18(321.37); 19(397.7); 20(908.53); 21(374.99); 22(302.31); 23(26.17); 24(343.22); 25(329.16); 26(318.22); 27(508.2); 28(597.3); 29(785.73); 30(407.89); 31(859.89); 32(964.72); 33(828.65); 34(590.11); 35(26.61); 36(711.57); 37(156.76); 38(725.79); 39(81.17); 40(965.9); 41(672.83); 42(615.57); 43(534.02); 44(505.15); 45(960.14); 46(955.64); 47(976.99); 48(425.68); 49(20.37); 50(956.51); 51(235.53); 52(5.14); 53(324.23); 54(827.88); 55(298.78); 56(975.37); 57(445.99); 58(747.05); 59(88.45); 60(340.96); 61(125.65); 62(131.88); 63(131.86); 64(17.05); 65(837.75); 66(22.69); 67(849.8); 68(366.28); 69(439.59); 70(102.46); 71(329.22); 72(90.85); 73(924.4); 74(293.88); 75(587.4); 76(83.77); 77(638.88); 78(253.91); 79(899.62); 80(668.83); 81(277.38); 82(146.06); 83(702.01); 84(306.48); 85(764.54); 86(52.87); 87(329.74); 88(393.61); 89(246.32); 90(941.95); 91(685.01); 92(819.24); 93(162.66); 94(293.16); 95(971.8); 96(843.23); 97(169.97); 98(582.93); 99(196.28); 100(971.13); 101(875.39); 102(592.62); 103(828.68); 104(420.57); 105(101.38); 106(942.2); 107(985.91); 108(683.08); 109(994.95); 110(637.08); 111(405.63); 112(863.76); 113(60.94); 114(975.29); 115(218.62); 116(363.84); 117(255.03); 118(147.27); 119(60.87); 120(449.1); 121(636.95); 122(925.09); 123(606.24); 124(807.64); 125(8.05); 126(438.47); 127(297.39); 128(687.48); 129(253.29); 130(161.91); 131(508.19); 132(605.64); 133(788.25); 134(2.85); 135(842.87); 136(770.04); 137(290.03); 138(283.0); 139(548.91); 140(371.75); 141(693.66); 142(63.82); 143(272.62); 144(363.1); 145(840.4); 146(329.35); 147(132.79); 148(802.14); 149(969.31); 150(472.56); 151(344.04); 152(431.92); 153(347.96); 154(281.43); 155(834.1); 156(435.92); 157(71.24); 158(567.58); 159(961.17); 160(499.32); 161(394.04); 162(99.56); 163(71.39); 164(728.57); 165(70.2); 166(324.55); 167(11.33); 168(958.26); 169(65.0); 170(862.81); 171(914.04); 172(517.39); 173(283.32); 174(887.99); 175(860.14); 176(731.79); 177(651.67); 178(713.74); 179(536.49); 180(526.63); 181(775.39); 182(979.05); 183(558.35); 184(48.18); 185(380.33); 186(682.77); 187(605.97); 188(598.11); 189(76.42); 190(814.34); 191(952.39); 192(523.99); 193(495.71); 194(321.57); 195(676.41); 196(553.35); 197(320.92); 198(952.79); 199(78.29); 200(747.17); 201(266.82); 202(902.15); 203(7.06); 204(665.08); 205(936.39); 206(8.47); 207(267.41); 208(762.28); 209(745.1); 210(706.82); 211(172.42); 212(101.19); 213(480.27); 214(768.53); 215(262.29); 216(105.64); 217(974.94); 218(752.38); 219(552.5); 220(214.36); 221(28.08); 222(262.16); 223(612.11); 224(398.03); 225(115.05); 226(522.27); 227(427.79); 228(778.61); 229(442.37); 230(428.68); 231(486.06); 232(345.35); 233(116.9); 234(124.65); 235(677.56); 236(782.63); 237(430.44); 238(133.2); 239(899.31); 240(632.23); 241(492.93); 242(731.93); 243(103.21); 244(38.5); 245(313.57); 246(559.92); 247(341.06); 248(343.8); 249(10.74); 250(853.89); 251(839.79); 252(280.8); 253(938.67); 254(511.84); 255(498.63); 256(164.0); 257(798.48); 258(166.21); 259(562.88); 260(364.03); 261(83.55); 262(949.1); 263(764.89); 264(349.38); 265(253.19); 266(867.73); 267(535.58); 268(581.85); 269(987.51); 270(921.21); 271(486.97); 272(82.47); 273(199.71); 274(68.71); 275(923.75); 276(967.89); 277(877.05); 278(929.37); 279(927.43); 280(624.62); 281(854.23); 282(309.83); 283(421.62); 284(588.2); 285(757.21); 286(86.43); 287(366.5); 288(739.33); 289(209.37); 290(74.18); 291(889.69); 292(449.36); 293(663.41); 294(331.34); 295(392.15); 296(959.32); 297(124.81); 298(195.89); 299(899.0); 300(190.21); 301(769.68); 302(98.57); 303(517.79); 304(338.4); 305(379.24); 306(450.85); 307(299.59); 308(695.98); 309(616.31); 310(137.0); 311(65.65); 312(854.74); 313(690.29); 314(41.28); 315(712.38); 316(964.74); 317(642.0); 318(476.85); 319(617.26); 320(391.78); 321(210.21); 322(446.81); 323(654.99); 324(227.87); 325(136.87); 326(737.53); 327(613.64); 328(997.94); 329(902.14); 330(492.24); 331(254.01); 332(432.86); 333(418.24); 334(285.13); 335(343.01); 336(246.21); 337(302.93); 338(650.63); 339(945.58); 340(877.67); 341(418.89); 342(60.39); 343(768.4); 344(48.38); 345(847.43); 346(882.07); 347(124.66); 348(51.67); 349(498.96); 350(809.31); 351(382.97); 352(294.44); 353(27.27); 354(409.04); 355(176.12); 356(904.06); 357(218.42); 358(758.02); 359(604.94); 360(653.74); 361(398.27); 362(8.56); 363(906.46); 364(653.8); 365(416.66); 366(257.96); 367(662.69); 368(991.28); 369(948.42); 370(40.7); 371(568.68); 372(656.4); 373(744.01); 374(58.43); 375(989.52); 376(499.22); 377(395.66); 378(470.76); 379(390.62); 380(275.89); 381(524.78); 382(608.1); 384(230.65); 385(628.82); 386(687.61); 387(464.66); 388(167.46); 389(382.41); 390(108.71); 391(125.25); 392(806.96); 393(139.42); 394(917.6); 395(172.23); 396(848.89); 397(261.16); 398(755.26); 399(183.26); 400(172.13); 401(546.78); 402(725.68); 403(635.25); 404(483.93); 405(994.69); 406(562.2); 407(255.9); 408(707.34); 409(360.67); 410(389.15); 411(40.49); 412(9.25); 413(806.33); 414(34.56); 415(341.48); 416(657.37); 417(453.54); 418(957.43); 419(197.79); 420(226.42); 421(426.28); 422(805.44); 423(863.61); 424(150.48); 425(882.42); 426(429.43); 427(473.89); 428(316.53); 429(116.39); 430(101.32); 431(638.17); 432(362.8); 433(422.56); 434(312.43); 435(534.35); 436(878.64); 437(436.5); 438(396.94); 439(9.16); 440(108.48); 441(205.49); 442(142.46); 443(7.0); 444(666.35); 445(605.7); 446(845.8); 447(298.02); 448(782.02); 449(509.24); 450(185.47); 451(479.93); 452(81.64); 453(76.37); 454(725.88); 455(547.27); 456(147.79); 457(63.25); 458(301.54); 459(987.06); 460(337.4); 461(234.96); 462(511.94); 463(366.47); 464(108.03); 465(586.83); 466(866.55); 467(227.9); 468(465.74); 469(489.97); 470(186.08); 471(371.74); 472(687.07); 473(334.53); 474(492.99); 475(934.96); 476(240.8); 477(798.41); 478(138.83); 479(527.47); 480(245.57); 481(250.96); 482(544.46); 483(807.52); 484(502.22); 485(780.66); 486(690.59); 487(317.66); 488(127.2); 489(530.42); 490(70.54); 491(342.64); 492(81.86); 493(44.8); 494(417.98); 495(413.87); 496(769.1); 497(31.57); 498(955.43); 499(399.48),1
384,0(59.08); 1(226.1); 2(557.92); 3(445.5); 4(267.38); 5(991.35); 6(675.52); 7(550.0); 8(887.78); 9(882.22); 10(537.29); 11(487.84); 12(605.03); 13(408.97); 14(46.3); 15(195.16); 16(818.18); 17(523.92); 18(112.73); 19(688.8); 20(506.16); 21(550.93); 22(116.98); 23(667.82); 24(838.35); 25(376.71); 26(577.72); 27(403.72); 28(971.86); 29(86.77); 30(467.69); 31(428.49); 32(789.32); 33(751.17); 34(460.76); 35(707.93); 36(786.29); 37(731.43); 38(78.36); 39(149.21); 40(756.18); 41(29.28); 42(229.39); 43(165.17); 44(856.04); 45(215.81); 46(440.56); 47(575.03); 48(410.85); 49(921.16); 50(200.97); 51(771.05); 52(872.07); 53(962.71); 54(46.07); 55(258.87); 56(888.33); 57(564.1); 58(580.5); 59(117.98); 60(7.85); 61(773.89); 62(652.81); 63(797.58); 64(500.55); 65(575.66); 66(890.16); 67(681.37); 68(527.55); 69(355.25); 70(531.14); 71(589.4); 72(801.82); 73(961.3); 74(425.18); 75(498.74); 76(343.75); 77(963.21); 78(8.46); 79(497.69); 80(199.68); 81(154.05); 82(224.32); 83(923.52); 84(826.93); 85(997.78); 86(69.6); 87(226.53); 88(89.26); 89(35.89); 90(631.72); 91(657.96); 92(533.12); 93(800.75); 94(97.1); 95(30.13); 96(780.06); 97(41.78); 98(220.56); 99(228.38); 100(257.16); 101(656.06); 102(866.81); 103(669.24); 104(90.96); 105(191.07); 106(141.58); 107(429.06); 108(865.47); 109(823.8); 110(134.29); 111(6.04); 112(315.01); 113(106.36); 114(342.83); 115(967.34); 116(110.81); 117(702.1); 118(360.35); 119(742.39); 120(663.99); 121(91.94); 122(302.39); 123(43.73); 124(910.71); 125(914.49); 126(245.34); 127(986.75); 128(229.14); 129(806.25); 130(443.21); 131(266.23); 132(360.44); 133(336.89); 134(523.4); 135(780.39); 136(95.87); 137(308.01); 138(474.23); 139(189.65); 140(305.5); 141(453.81); 142(234.21); 143(977.38); 144(982.8); 145(64.15); 146(734.15); 147(471.05); 148(138.14); 149(140.22); 150(615.45); 151(207.19); 152(438.59); 153(503.99); 154(71.06); 155(768.85); 156(179.54); 157(539.42); 158(94.34); 159(689.93); 160(67.61); 161(669.7); 162(854.78); 163(220.83); 164(996.4); 165(588.88); 166(541.22); 167(952.28); 168(665.19); 169(573.13); 170(869.83); 171(810.23); 172(218.99); 173(611.09); 174(537.27); 175(536.61); 176(452.78); 177(398.46); 178(355.38); 179(847.65); 180(803.3); 181(325.85); 182(380.71); 183(618.29); 184(509.56); 185(418.72); 186(543.46); 187(842.42); 188(2.47); 189(804.25); 190(579.36); 191(41.19); 192(922.39); 193(856.93); 194(831.99); 195(167.84); 196(615.0); 197(472.73); 198(493.8); 199(383.57); 200(971.35); 201(523.66); 202(133.19); 203(223.49); 204(255.04); 205(89.52); 206(258.89); 207(404.71); 208(139.66); 209(163.91); 210(858.22); 211(752.68); 212(13.27); 213(921.91); 214(978.09); 215(234.69); 216(560.99); 217(59.02); 218(856.82); 219(299.43); 220(28.72); 221(811.33); 222(771.1); 223(330.46); 224(296.34); 225(414.59); 226(962.7); 227(920.28); 228(488.43); 229(508.5); 230(421.38); 231(569.56); 232(43.86); 233(82.79); 234(199.2); 235(220.79); 236(492.53); 237(92.39); 238(29.04); 239(89.42); 240(510.02); 241(178.26); 242(512.37); 243(575.59); 244(854.58); 245(282.2); 246(462.67); 247(871.17); 248(376.04); 249(1.82); 250(628.11); 251(937.01); 252(235.69); 253(680.71); 254(450.77); 255(642.47); 256(324.55); 257(324.82); 258(229.86); 259(414.99); 260(200.37); 261(705.56); 262(569.02); 263(53.4); 264(109.76); 265(360.68); 266(452.5); 267(392.56); 268(459.81); 269(649.86); 270(734.19); 271(775.54); 272(578.9); 273(298.56); 274(599.31); 275(387.99); 276(236.21); 277(715.67); 278(315.63); 279(13.4); 280(888.91); 281(839.05); 282(793.39); 283(622.96); 284(921.1); 285(179.89); 286(72.32); 287(349.13); 288(974.12); 289(610.4); 290(128.59); 291(686.91); 292(134.11); 293(161.33); 294(422.82); 295(843.82); 296(66.24); 297(301.03); 298(884.56); 299(979.51); 300(886.25); 301(231.6); 302(183.61); 303(360.63); 304(48.4); 305(229.03); 306(38.19); 307(531.05); 308(802.27); 309(453.62); 310(812.88); 311(118.53); 312(317.65); 313(43.61); 314(167.05); 315(836.62); 316(927.1); 317(860.89); 318(855.38); 319(152.46); 320(224.02); 321(756.19); 322(33.92); 323(464.3); 324(786.38); 325(222.5); 326(86.94); 327(350.64); 328(221.91); 329(587.47); 330(241.51); 331(771.67); 332(249.56); 333(116.81); 334(605.47); 335(17.8); 336(158.3); 337(359.27); 338(223.46); 339(898.9); 340(203.77); 341(462.7); 342(603.47); 343(785.42); 344(414.29); 345(628.84); 346(382.51); 347(983.71); 348(405.35); 349(731.1); 350(576.8); 351(516.29); 352(98.57); 353(717.79); 354(268.91); 355(478.63); 356(550.82); 357(55.36); 358(865.65); 359(384.74); 360(869.41); 361(959.94); 362(918.08); 363(983.96); 364(815.21); 365(568.36); 366(50.15); 367(522.17); 368(883.24); 369(26.58); 370(335.15); 371(785.65); 372(655.78); 373(962.87); 374(177.17); 375(886.52); 376(283.5); 377(597.96); 378(920.76); 379(702.17); 380(544.84); 381(137.92); 382(623.02); 383(230.65); 385(465.2); 386(209.53); 387(261.4); 388(736.08); 389(645.42); 390(272.67); 391(129.2); 392(320.11); 393(509.84); 394(227.96); 395(584.03); 396(942.61); 397(505.82); 398(920.7); 399(838.64); 400(578.05); 401(653.77); 402(283.39); 403(342.72); 404(102.16); 405(828.52); 406(106.89); 407(58.87); 408(867.46); 409(106.88); 410(331.11); 411(189.23); 412(220.01); 413(646.6); 414(24.86); 415(85.18); 416(783.23); 417(446.22); 418(464.92); 419(920.77); 420(484.28); 421(236.01); 422(568.1); 423(467.35); 424(991.38); 425(121.53); 426(708.33); 427(155.25); 428(230.75); 429(452.31); 430(144.5); 431(612.82); 432(542.99); 433(876.46); 434(53.88); 435(739.8); 436(964.69); 437(604.45); 438(874.72); 439(380.54); 440(904.34); 441(585.29); 442(699.14); 443(182.68); 444(798.2); 445(481.46); 446(877.93); 447(340.88); 448(782.33); 449(587.41); 450(986.58); 451(407.26); 452(569.52); 453(969.04); 454(32.51); 455(807.48); 456(975.48); 457(564.97); 458(397.27); 459(280.26); 460(681.34); 461(306.61); 462(273.2); 463(951.66); 464(209.19); 465(298.71); 466(885.92); 467(821.0); 468(116.26); 469(160.34); 470(77.95); 471(483.14); 472(898.77); 473(504.19); 474(187.47); 475(401.32); 476(708.31); 477(363.83); 478(771.7); 479(167.42); 480(637.94); 481(914.13); 482(520.14); 483(411.41); 484(975.07); 485(892.69); 486(965.2); 487(673.42); 488(569.74); 489(249.02); 490(289.04); 491(243.68); 492(223.77); 493(617.17); 494(930.56); 495(595.79); 496(26.02); 497(446.29); 498(820.46); 499(632.88),1
385,0(625.07); 1(828.86); 2(751.5); 3(666.94); 4(229.77); 5(81.26); 6(840.18); 7(71.69); 8(773.56); 9(254.01); 10(709.74); 11(654.48); 12(745.79); 13(293.15); 14(995.56); 15(706.4); 16(788.21); 17(247.71); 18(956.52); 19(80.48); 20(362.6); 21(21.11); 22(88.79); 23(600.44); 24(209.78); 25(641.61); 26(397.19); 27(634.5); 28(639.64); 29(614.23); 30(468.64); 31(458.14); 32(971.79); 33(436.88); 34(995.93); 35(671.38); 36(426.23); 37(196.85); 38(672.09); 39(101.54); 40(482.55); 41(248.49); 42(550.58); 43(185.41); 44(163.13); 45(255.26); 46(542.48); 47(993.01); 48(169.32); 49(65.99); 50(711.46); 51(637.47); 52(96.08); 53(273.6); 54(609.5); 55(423.3); 56(492.48); 57(153.19); 58(296.26); 59(466.06); 60(751.85); 61(387.25); 62(165.84); 63(958.74); 64(383.47); 65(787.96); 66(395.64); 67(627.62); 68(685.97); 69(864.84); 70(886.79); 71(362.46); 72(737.28); 73(441.91); 74(588.64); 75(108.25); 76(208.91); 77(223.96); 78(197.58); 79(227.54); 80(358.92); 81(423.76); 82(269.92); 83(449.11); 84(344.22); 85(455.09); 86(196.98); 87(384.45); 88(439.88); 89(675.49); 90(650.06); 91(811.45); 92(204.88); 93(224.96); 94(666.93); 95(707.14); 96(410.31); 97(340.37); 98(612.68); 99(42.96); 100(10.87); 101(728.15); 102(375.83); 103(49.02); 104(545.85); 105(501.56); 106(610.29); 107(986.19); 108(17.29); 109(996.03); 110(593.02); 111(690.49); 112(812.26); 113(657.81); 114(801.57); 115(115.2); 116(276.64); 117(542.38); 118(468.78); 119(939.44); 120(699.58); 121(189.14); 122(986.59); 123(922.76); 124(565.85); 125(906.18); 126(360.59); 127(117.15); 128(412.84); 129(717.54); 130(144.31); 131(342.15); 132(608.47); 133(141.79); 134(588.43); 135(247.06); 136(977.99); 137(634.15); 138(632.27); 139(46.2); 140(255.29); 141(76.39); 142(471.73); 143(283.07); 144(211.89); 145(88.83); 146(447.79); 147(681.53); 148(484.69); 149(699.08); 150(920.03); 151(458.28); 152(915.31); 153(762.35); 154(569.08); 155(185.6); 156(444.76); 157(127.58); 158(357.56); 159(852.22); 160(170.64); 161(120.25); 162(444.81); 163(651.89); 164(619.33); 165(776.44); 166(505.85); 167(277.72); 168(494.25); 169(311.16); 170(983.67); 171(267.48); 172(334.24); 173(143.12); 174(665.2); 175(276.4); 176(4.58); 177(0.98); 178(502.09); 179(26.27); 180(51.27); 181(371.78); 182(173.61); 183(244.85); 184(961.19); 185(215.86); 186(527.81); 187(267.12); 188(828.24); 189(972.35); 190(102.69); 191(239.62); 192(58.4); 193(354.05); 194(114.81); 195(953.73); 196(924.01); 197(274.24); 198(492.0); 199(8.84); 200(910.22); 201(818.11); 202(221.31); 203(117.72); 204(185.98); 205(160.23); 206(272.27); 207(799.36); 208(731.46); 209(248.88); 210(824.67); 211(374.67); 212(794.36); 213(221.21); 214(307.52); 215(172.87); 216(302.52); 217(691.18); 218(370.03); 219(879.09); 220(392.82); 221(136.22); 222(645.21); 223(42.04); 224(822.36); 225(844.07); 226(894.35); 227(727.49); 228(303.5); 229(50.49); 230(133.25); 231(896.82); 232(786.68); 233(260.54); 234(761.78); 235(412.6); 236(985.52); 237(54.79); 238(902.69); 239(458.39); 240(422.87); 241(535.22); 242(860.89); 243(263.06); 244(967.28); 245(972.77); 246(458.97); 247(899.65); 248(402.98); 249(507.79); 250(814.35); 251(521.84); 252(89.39); 253(479.96); 254(97.36); 255(230.26); 256(469.96); 257(585.91); 258(420.81); 259(317.52); 260(883.16); 261(697.7); 262(332.29); 263(462.02); 264(788.21); 265(819.35); 266(127.82); 267(413.63); 268(265.49); 269(238.52); 270(142.22); 271(219.49); 272(283.64); 273(850.34); 274(965.82); 275(341.99); 276(367.82); 277(264.92); 278(469.49); 279(867.53); 280(682.14); 281(442.5); 282(196.03); 283(606.94); 284(444.57); 285(209.4); 286(317.36); 287(963.95); 288(299.18); 289(363.18); 290(743.71); 291(548.61); 292(729.68); 293(88.54); 294(644.31); 295(700.32); 296(31.97); 297(965.18); 298(161.49); 299(3.19); 300(30.1); 301(374.21); 302(844.47); 303(933.42); 304(167.86); 305(585.35); 306(81.37); 307(448.56); 308(111.05); 309(12.94); 310(647.18); 311(538.36); 312(235.58); 313(170.37); 314(739.59); 315(234.08); 316(512.54); 317(454.34); 318(953.04); 319(973.48); 320(591.7); 321(399.44); 322(496.85); 323(203.92); 324(98.0); 325(660.63); 326(864.97); 327(855.47); 328(837.34); 329(351.84); 330(386.62); 331(748.99); 332(673.5); 333(532.99); 334(692.68); 335(124.16); 336(639.86); 337(212.94); 338(50.32); 339(889.92); 340(968.36); 341(969.69); 342(811.47); 343(58.0); 344(780.3); 345(102.73); 346(740.53); 347(157.86); 348(119.47); 349(190.96); 350(102.52); 351(250.8); 352(323.85); 353(910.83); 354(297.71); 355(648.34); 356(694.77); 357(839.41); 358(570.45); 359(417.77); 360(305.65); 361(273.95); 362(749.86); 363(715.37); 364(962.26); 365(704.75); 366(196.23); 367(854.09); 368(188.64); 369(512.93); 370(58.34); 371(896.28); 372(711.49); 373(436.98); 374(20.66); 375(597.11); 376(277.87); 377(828.71); 378(21.14); 379(365.28); 380(521.58); 381(435.14); 382(898.5); 383(628.82); 384(465.2); 386(790.51); 387(113.88); 388(620.4); 389(434.51); 390(679.38); 391(535.54); 392(401.0); 393(35.4); 394(666.26); 395(108.89); 396(913.29); 397(476.63); 398(728.23); 399(71.69); 400(221.3); 401(651.71); 402(180.96); 403(371.16); 404(465.68); 405(574.61); 406(288.31); 407(591.59); 408(702.93); 409(425.79); 410(893.61); 411(418.19); 412(920.74); 413(790.89); 414(962.1); 415(426.25); 416(116.2); 417(44.11); 418(76.92); 419(382.47); 420(800.89); 421(828.18); 422(656.31); 423(598.11); 424(162.0); 425(234.91); 426(825.83); 427(945.19); 428(655.92); 429(634.04); 430(159.47); 431(26.67); 432(992.41); 433(264.16); 434(324.87); 435(255.13); 436(39.28); 437(293.73); 438(76.24); 439(938.45); 440(754.61); 441(76.72); 442(323.2); 443(287.77); 444(747.24); 445(441.23); 446(234.28); 447(978.2); 448(760.32); 449(403.44); 450(382.92); 451(345.51); 452(558.15); 453(904.99); 454(175.57); 455(255.59); 456(117.01); 457(479.1); 458(901.28); 459(575.01); 460(577.14); 461(560.98); 462(798.8); 463(975.65); 464(763.23); 465(445.88); 466(75.57); 467(936.24); 468(431.7); 469(154.45); 470(98.99); 471(135.07); 472(312.92); 473(599.32); 474(710.01); 475(667.96); 476(315.96); 477(26.7); 478(785.74); 479(394.07); 480(137.87); 481(997.34); 482(550.96); 483(687.36); 484(395.98); 485(491.15); 486(474.84); 487(775.15); 488(672.83); 489(248.44); 490(98.27); 491(360.17); 492(79.5); 493(862.59); 494(813.16); 495(76.59); 496(307.98); 497(40.66); 498(862.13); 499(257.78),1
386,0(88.11); 1(686.0); 2(829.52); 3(118.86); 4(723.85); 5(644.31); 6(900.87); 7(502.92); 8(314.25); 9(298.27); 10(855.43); 11(137.47); 12(873.91); 13(878.37); 14(919.56); 15(616.25); 16(221.21); 17(281.93); 18(386.46); 19(819.76); 20(744.07); 21(559.1); 22(608.45); 23(133.45); 24(280.18); 25(101.32); 26(818.41); 27(24.99); 28(414.9); 29(848.78); 30(364.75); 31(182.6); 32(668.01); 33(935.72); 34(740.32); 35(741.62); 36(119.44); 37(942.02); 38(703.78); 39(397.08); 40(116.78); 41(320.81); 42(240.45); 43(172.59); 44(600.66); 45(838.21); 46(83.11); 47(449.99); 48(27.19); 49(536.07); 50(800.35); 51(985.55); 52(402.29); 53(966.18); 54(199.47); 55(695.09); 56(163.17); 57(629.39); 58(289.72); 59(805.4); 60(753.94); 61(936.02); 62(275.6); 63(983.13); 64(540.73); 65(237.93); 66(892.47); 67(313.61); 68(838.49); 69(829.84); 70(211.55); 71(615.9); 72(311.75); 73(584.95); 74(568.19); 75(362.32); 76(403.45); 77(649.7); 78(354.9); 79(222.69); 80(549.74); 81(895.76); 82(258.44); 83(556.45); 84(266.52); 85(415.18); 86(17.12); 87(761.65); 88(822.75); 89(260.41); 90(283.37); 91(281.09); 92(116.64); 93(96.14); 94(23.54); 95(597.93); 96(274.19); 97(961.27); 98(832.05); 99(572.37); 100(636.4); 101(254.68); 102(146.16); 103(720.99); 104(961.79); 105(192.46); 106(277.98); 107(420.15); 108(460.91); 109(717.91); 110(995.52); 111(499.0); 112(557.39); 113(957.96); 114(372.35); 115(950.46); 116(161.54); 117(149.3); 118(687.04); 119(685.35); 120(434.48); 121(476.69); 122(256.24); 123(483.76); 124(368.81); 125(163.52); 126(161.84); 127(515.02); 128(374.17); 129(948.73); 130(929.75); 131(887.38); 132(54.26); 133(198.35); 134(775.74); 135(948.67); 136(3.43); 137(983.8); 138(8.74); 139(330.67); 140(58.03); 141(565.44); 142(177.34); 143(14.84); 144(639.99); 145(881.88); 146(133.6); 147(805.6); 148(219.74); 149(409.79); 150(879.17); 151(786.59); 152(306.99); 153(18.73); 154(250.09); 155(646.92); 156(740.93); 157(915.0); 158(489.78); 159(351.93); 160(67.14); 161(668.31); 162(3.38); 163(427.25); 164(118.72); 165(551.8); 166(225.74); 167(125.51); 168(755.99); 169(669.07); 170(355.79); 171(624.98); 172(367.69); 173(988.61); 174(299.49); 175(123.92); 176(725.4); 177(300.79); 178(156.05); 179(997.1); 180(948.37); 181(84.2); 182(844.95); 183(980.94); 184(863.77); 185(913.9); 186(751.12); 187(544.16); 188(648.96); 189(877.54); 190(775.27); 191(568.66); 192(529.45); 193(202.76); 194(393.7); 195(37.92); 196(642.63); 197(993.26); 198(677.43); 199(237.09); 200(824.83); 201(19.16); 202(146.12); 203(354.21); 204(230.45); 205(362.07); 206(172.87); 207(681.18); 208(779.03); 209(54.04); 210(691.65); 211(296.71); 212(104.02); 213(962.66); 214(782.92); 215(564.37); 216(272.44); 217(504.76); 218(599.29); 219(129.91); 220(863.62); 221(46.24); 222(553.57); 223(282.64); 224(323.52); 225(828.05); 226(788.93); 227(592.95); 228(697.22); 229(740.0); 230(11.66); 231(575.05); 232(676.99); 233(927.0); 234(403.58); 235(592.77); 236(934.31); 237(271.32); 238(950.11); 239(935.84); 240(505.45); 241(723.87); 242(206.29); 243(453.18); 244(176.7); 245(598.88); 246(90.01); 247(923.53); 248(778.4); 249(628.06); 250(259.37); 251(934.07); 252(832.02); 253(721.0); 254(462.58); 255(484.29); 256(138.57); 257(315.0); 258(412.47); 259(15.64); 260(681.75); 261(323.98); 262(89.72); 263(981.97); 264(505.73); 265(144.0); 266(516.89); 267(36.6); 268(216.22); 269(568.25); 270(459.81); 271(59.97); 272(327.32); 273(847.9); 274(596.35); 275(951.4); 276(731.16); 277(399.27); 278(62.8); 279(483.11); 280(776.56); 281(910.56); 282(675.71); 283(696.27); 284(127.71); 285(455.45); 286(820.16); 287(564.24); 288(137.56); 289(115.04); 290(22.38); 291(598.81); 292(50.87); 293(912.95); 294(163.79); 295(355.83); 296(659.71); 297(241.68); 298(548.74); 299(611.33); 300(732.45); 301(981.46); 302(155.51); 303(87.0); 304(430.16); 305(348.53); 306(881.2); 307(91.33); 308(328.11); 309(300.46); 310(454.61); 311(327.22); 312(856.24); 313(377.78); 314(721.7); 315(325.64); 316(447.28); 317(391.29); 318(364.2); 319(800.51); 320(261.83); 321(278.84); 322(680.37); 323(293.33); 324(54.07); 325(119.97); 326(709.8); 327(383.87); 328(928.71); 329(940.49); 330(820.7); 331(449.65); 332(54.68); 333(596.2); 334(775.34); 335(426.66); 336(107.8); 337(834.5); 338(777.28); 339(803.38); 340(608.49); 341(406.58); 342(323.37); 343(380.29); 344(689.93); 345(171.32); 346(723.66); 347(185.81); 348(93.96); 349(141.03); 350(694.8); 351(769.62); 352(772.57); 353(522.46); 354(545.1); 355(20.1); 356(63.74); 357(547.43); 358(210.57); 359(811.32); 360(29.16); 361(967.35); 362(787.41); 363(916.69); 364(501.21); 365(476.89); 366(444.73); 367(95.09); 368(861.48); 369(616.99); 370(619.39); 371(255.89); 372(108.18); 373(637.88); 374(470.65); 375(906.72); 376(911.82); 377(337.68); 378(875.14); 379(791.08); 380(460.78); 381(30.59); 382(488.03); 383(687.61); 384(209.53); 385(790.51); 387(443.28); 388(526.43); 389(107.04); 390(128.58); 391(257.37); 392(763.47); 393(191.19); 394(864.35); 395(671.71); 396(799.88); 397(35.58); 398(135.88); 399(744.16); 400(202.46); 401(767.12); 402(181.73); 403(151.5); 404(847.63); 405(668.03); 406(272.21); 407(628.74); 408(701.91); 409(564.03); 410(610.8); 411(206.53); 412(263.51); 413(916.71); 414(842.15); 415(633.26); 416(484.16); 417(583.0); 418(405.29); 419(625.16); 420(863.94); 421(921.0); 422(883.57); 423(382.43); 424(672.02); 425(586.51); 426(433.28); 427(9.22); 428(977.94); 429(168.19); 430(787.51); 431(452.41); 432(15.13); 433(277.74); 434(138.7); 435(492.55); 436(892.08); 437(599.41); 438(114.04); 439(905.5); 440(121.75); 441(499.31); 442(611.63); 443(977.63); 444(675.43); 445(702.36); 446(276.01); 447(171.6); 448(105.79); 449(881.24); 450(369.72); 451(19.63); 452(766.93); 453(316.24); 454(438.46); 455(187.62); 456(598.13); 457(766.74); 458(382.73); 459(888.14); 460(312.88); 461(540.64); 462(576.44); 463(560.84); 464(832.9); 465(620.49); 466(10.13); 467(606.35); 468(168.62); 469(753.24); 470(284.85); 471(423.84); 472(600.61); 473(833.56); 474(282.12); 475(202.31); 476(171.97); 477(986.15); 478(204.07); 479(421.48); 480(743.0); 481(890.16); 482(117.4); 483(812.96); 484(311.87); 485(281.54); 486(685.92); 487(417.12); 488(226.16); 489(335.66); 490(510.09); 491(722.13); 492(36.78); 493(768.64); 494(840.99); 495(51.35); 496(0.63); 497(324.05); 498(229.53); 499(489.34),1
387,0(293.41); 1(561.43); 2(69.71); 3(132.3); 4(315.01); 5(477.79); 6(362.35); 7(39.77); 8(315.44); 9(820.74); 10(516.37); 11(161.96); 12(427.4); 13(892.94); 14(711.63); 15(285.16); 16(304.48); 17(206.56); 18(871.15); 19(368.76); 20(288.46); 21(556.89); 22(321.25); 23(126.91); 24(720.37); 25(188.86); 26(526.6); 27(577.64); 28(296.13); 29(588.18); 30(74.4); 31(56.51); 32(887.51); 33(388.26); 34(60.35); 35(145.32); 36(431.52); 37(608.64); 38(161.63); 39(522.38); 40(559.53); 41(857.15); 42(352.31); 43(139.31); 44(330.18); 45(198.5); 46(672.39); 47(899.54); 48(649.3); 49(174.16); 50(389.6); 51(311.98); 52(280.52); 53(872.62); 54(355.74); 55(606.96); 56(824.27); 57(665.47); 58(12.98); 59(559.34); 60(935.71); 61(326.22); 62(266.42); 63(974.9); 64(228.09); 65(649.49); 66(195.22); 67(811.3); 68(535.71); 69(3.34); 70(669.21); 71(72.18); 72(670.34); 73(181.51); 74(982.12); 75(458.81); 76(274.18); 77(738.41); 78(285.02); 79(922.54); 80(349.13); 81(388.2); 82(304.47); 83(329.03); 84(711.47); 85(240.36); 86(337.68); 87(213.16); 88(51.05); 89(287.64); 90(910.52); 91(867.39); 92(566.93); 93(135.49); 94(80.24); 95(754.82); 96(554.15); 97(547.98); 98(742.02); 99(379.08); 100(479.43); 101(852.39); 102(644.21); 103(243.84); 104(650.99); 105(208.13); 106(449.85); 107(505.31); 108(453.92); 109(827.49); 110(416.41); 111(773.28); 112(723.49); 113(331.28); 114(44.49); 115(497.6); 116(897.9); 117(498.62); 118(479.97); 119(139.84); 120(30.79); 121(507.48); 122(882.96); 123(546.96); 124(619.24); 125(676.39); 126(113.42); 127(237.39); 128(308.49); 129(529.63); 130(135.79); 131(478.2); 132(153.9); 133(542.53); 134(767.5); 135(828.03); 136(413.24); 137(363.2); 138(591.41); 139(985.66); 140(144.08); 141(70.55); 142(413.57); 143(893.42); 144(918.21); 145(390.13); 146(141.49); 147(209.72); 148(713.17); 149(40.38); 150(403.4); 151(906.97); 152(492.4); 153(1.83); 154(118.24); 155(545.07); 156(592.96); 157(80.03); 158(987.32); 159(89.69); 160(337.0); 161(900.57); 162(781.72); 163(800.46); 164(57.92); 165(280.66); 166(79.24); 167(922.23); 168(161.86); 169(162.03); 170(833.22); 171(678.58); 172(330.38); 173(169.94); 174(781.32); 175(290.11); 176(987.48); 177(976.72); 178(528.1); 179(349.12); 180(432.01); 181(440.59); 182(242.23); 183(651.13); 184(362.56); 185(549.9); 186(400.75); 187(996.37); 188(401.72); 189(474.75); 190(234.57); 191(236.58); 192(798.85); 193(574.72); 194(853.8); 195(630.39); 196(379.54); 197(401.44); 198(607.54); 199(526.76); 200(982.37); 201(55.89); 202(344.48); 203(29.27); 204(646.71); 205(937.71); 206(481.45); 207(922.65); 208(539.72); 209(118.41); 210(480.47); 211(398.18); 212(891.99); 213(111.58); 214(435.75); 215(109.3); 216(926.79); 217(249.71); 218(210.57); 219(381.1); 220(24.03); 221(932.31); 222(607.1); 223(583.76); 224(44.87); 225(543.19); 226(223.4); 227(794.59); 228(821.95); 229(531.96); 230(447.61); 231(238.08); 232(593.55); 233(545.79); 234(572.96); 235(73.42); 236(390.33); 237(258.97); 238(799.98); 239(378.08); 240(421.15); 241(692.98); 242(509.44); 243(614.45); 244(932.57); 245(542.32); 246(316.07); 247(767.47); 248(268.79); 249(455.3); 250(163.19); 251(356.28); 252(681.87); 253(261.28); 254(642.88); 255(831.5); 256(614.05); 257(324.8); 258(544.17); 259(345.77); 260(727.33); 261(488.14); 262(149.73); 263(828.96); 264(980.07); 265(797.12); 266(808.79); 267(668.66); 268(989.53); 269(26.32); 270(385.23); 271(927.1); 272(630.74); 273(858.37); 274(708.74); 275(744.32); 276(411.68); 277(550.99); 278(286.87); 279(559.54); 280(963.45); 281(309.11); 282(621.52); 283(736.13); 284(526.27); 285(845.83); 286(54.47); 287(346.9); 288(449.14); 289(17.86); 290(190.4); 291(146.42); 292(571.88); 293(905.34); 294(618.24); 295(127.91); 296(570.14); 297(524.29); 298(595.63); 299(482.16); 300(849.09); 301(924.83); 302(796.98); 303(681.5); 304(833.17); 305(333.06); 306(91.67); 307(977.65); 308(59.94); 309(899.78); 310(457.09); 311(570.71); 312(620.6); 313(751.7); 314(996.24); 315(966.27); 316(791.96); 317(330.98); 318(969.59); 319(895.69); 320(885.4); 321(553.82); 322(105.1); 323(289.79); 324(252.27); 325(779.71); 326(867.38); 327(599.94); 328(516.87); 329(904.79); 330(846.65); 331(570.82); 332(966.83); 333(595.0); 334(592.33); 335(433.31); 336(237.03); 337(281.58); 338(944.16); 339(323.33); 340(507.74); 341(600.65); 342(743.39); 343(79.16); 344(666.57); 345(631.45); 346(222.08); 347(960.34); 348(778.4); 349(452.08); 350(624.32); 351(231.33); 352(123.33); 353(112.02); 354(938.95); 355(488.18); 356(742.43); 357(151.31); 358(388.85); 359(166.11); 360(34.03); 361(851.62); 362(667.48); 363(879.38); 364(118.97); 365(241.27); 366(594.95); 367(657.29); 368(661.14); 369(779.53); 370(894.19); 371(137.74); 372(205.62); 373(33.6); 374(683.9); 375(972.24); 376(748.15); 377(308.42); 378(346.49); 379(196.92); 380(210.04); 381(278.93); 382(520.9); 383(464.66); 384(261.4); 385(113.88); 386(443.28); 388(835.11); 389(885.5); 390(585.34); 391(477.73); 392(437.58); 393(863.45); 394(659.71); 395(490.92); 396(795.77); 397(960.16); 398(160.78); 399(502.71); 400(839.33); 401(195.9); 402(732.54); 403(583.16); 404(346.45); 405(666.42); 406(909.53); 407(120.24); 408(60.63); 409(402.49); 410(445.91); 411(529.66); 412(540.96); 413(317.16); 414(680.84); 415(810.88); 416(971.98); 417(192.21); 418(691.15); 419(4.28); 420(997.57); 421(270.18); 422(676.63); 423(719.25); 424(598.8); 425(511.78); 426(51.16); 427(285.16); 428(114.84); 429(944.07); 430(542.04); 431(169.58); 432(224.13); 433(323.19); 434(758.94); 435(868.55); 436(863.9); 437(947.08); 438(94.83); 439(479.28); 440(378.34); 441(828.76); 442(450.81); 443(194.13); 444(202.53); 445(931.16); 446(583.94); 447(332.62); 448(106.69); 449(116.4); 450(220.58); 451(668.61); 452(309.14); 453(835.31); 454(403.06); 455(101.36); 456(87.56); 457(703.8); 458(188.3); 459(13.13); 460(379.75); 461(572.47); 462(473.54); 463(341.38); 464(920.12); 465(798.88); 466(949.74); 467(285.96); 468(573.74); 469(674.32); 470(144.49); 471(599.87); 472(162.88); 473(141.55); 474(190.76); 475(34.97); 476(123.3); 477(523.18); 478(22.2); 479(905.3); 480(552.44); 481(833.09); 482(216.05); 483(13.76); 484(604.58); 485(652.5); 486(414.98); 487(146.54); 488(760.1); 489(221.26); 490(290.06); 491(133.64); 492(218.65); 493(530.34); 494(478.39); 495(481.35); 496(118.26); 497(340.44); 498(96.47); 499(729.45),1
388,0(431.84); 1(802.82); 2(898.77); 3(435.06); 4(117.43); 5(755.18); 6(966.74); 7(526.05); 8(660.2); 9(826.83); 10(266.38); 11(233.11); 12(695.89); 13(677.78); 14(748.25); 15(678.77); 16(428.93); 17(49.43); 18(892.23); 19(595.95); 20(952.04); 21(714.73); 22(594.15); 23(172.65); 24(61.75); 25(590.83); 26(740.22); 27(271.6); 28(241.7); 29(170.14); 30(537.63); 31(518.27); 32(961.09); 33(358.8); 34(569.15); 35(441.24); 36(509.3); 37(345.52); 38(185.75); 39(867.76); 40(604.34); 41(263.39); 42(793.99); 43(875.84); 44(179.61); 45(694.93); 46(914.58); 47(290.37); 48(448.33); 49(687.09); 50(503.42); 51(647.86); 52(815.55); 53(481.28); 54(239.83); 55(101.3); 56(144.81); 57(651.95); 58(477.77); 59(586.36); 60(351.1); 61(829.0); 62(912.46); 63(390.88); 64(97.7); 65(875.9); 66(729.02); 67(428.56); 68(479.35); 69(810.15); 70(275.98); 71(995.73); 72(516.11); 73(64.93); 74(79.53); 75(871.41); 76(584.93); 77(46.27); 78(68.36); 79(885.7); 80(449.57); 81(922.39); 82(169.05); 83(387.42); 84(659.43); 85(661.33); 86(630.64); 87(208.93); 88(619.99); 89(22.41); 90(411.32); 91(652.75); 92(477.26); 93(533.25); 94(750.64); 95(793.5); 96(371.04); 97(65.87); 98(822.14); 99(312.31); 100(315.79); 101(629.79); 102(223.56); 103(74.75); 104(367.29); 105(136.18); 106(742.72); 107(210.26); 108(38.58); 109(752.07); 110(593.8); 111(203.47); 112(763.41); 113(660.17); 114(957.81); 115(725.93); 116(540.67); 117(216.85); 118(937.81); 119(651.27); 120(484.17); 121(836.68); 122(290.12); 123(400.39); 124(862.25); 125(836.94); 126(565.25); 127(566.62); 128(516.27); 129(72.09); 130(805.59); 131(485.8); 132(414.29); 133(910.63); 134(837.92); 135(568.81); 136(574.71); 137(542.12); 138(217.08); 139(526.76); 140(115.46); 141(518.68); 142(180.02); 143(287.93); 144(219.05); 145(944.73); 146(664.96); 147(692.3); 148(729.26); 149(320.35); 150(422.9); 151(941.48); 152(836.43); 153(968.0); 154(65.47); 155(144.01); 156(169.57); 157(959.96); 158(777.72); 159(929.54); 160(293.45); 161(99.98); 162(536.04); 163(89.82); 164(324.35); 165(128.51); 166(322.98); 167(675.57); 168(86.34); 169(549.89); 170(760.12); 171(125.48); 172(439.67); 173(576.41); 174(459.4); 175(233.92); 176(649.61); 177(98.71); 178(635.25); 179(201.92); 180(213.33); 181(49.05); 182(120.33); 183(255.06); 184(9.29); 185(612.9); 186(773.85); 187(647.59); 188(861.18); 189(879.84); 190(910.02); 191(810.16); 192(125.1); 193(443.25); 194(227.77); 195(236.76); 196(175.73); 197(168.97); 198(454.18); 199(334.95); 200(193.59); 201(343.56); 202(606.4); 203(870.88); 204(221.64); 205(227.66); 206(753.62); 207(708.67); 208(9.95); 209(656.52); 210(823.58); 211(6.65); 212(379.93); 213(466.26); 214(263.4); 215(992.97); 216(332.99); 217(572.59); 218(116.6); 219(723.6); 220(552.27); 221(639.73); 222(519.73); 223(746.31); 224(848.69); 225(362.49); 226(102.01); 227(646.34); 228(749.87); 229(299.1); 230(925.65); 231(791.37); 232(938.02); 233(738.0); 234(95.38); 235(997.85); 236(236.79); 237(360.78); 238(894.75); 239(45.74); 240(239.71); 241(250.29); 242(317.27); 243(493.41); 244(795.14); 245(270.19); 246(648.41); 247(127.61); 248(630.38); 249(512.03); 250(413.85); 251(529.42); 252(914.77); 253(88.66); 254(233.45); 255(286.5); 256(823.21); 257(737.79); 258(115.31); 259(925.68); 260(757.02); 261(173.23); 262(16.56); 263(161.18); 264(324.76); 265(718.45); 266(823.62); 267(651.52); 268(110.76); 269(994.5); 270(402.78); 271(793.75); 272(342.21); 273(267.9); 274(887.75); 275(583.58); 276(896.45); 277(318.95); 278(455.8); 279(44.06); 280(970.0); 281(693.65); 282(623.29); 283(782.79); 284(886.06); 285(684.82); 286(687.84); 287(104.87); 288(768.6); 289(244.25); 290(980.26); 291(345.66); 292(101.92); 293(340.84); 294(354.59); 295(129.69); 296(993.52); 297(305.03); 298(708.59); 299(741.27); 300(669.22); 301(755.54); 302(341.35); 303(38.66); 304(498.26); 305(301.8); 306(17.05); 307(95.45); 308(493.74); 309(255.35); 310(927.68); 311(877.44); 312(167.89); 313(683.47); 314(772.2); 315(398.22); 316(119.69); 317(607.16); 318(805.99); 319(248.47); 320(288.59); 321(392.47); 322(602.54); 323(635.34); 324(634.24); 325(577.47); 326(116.26); 327(76.28); 328(257.37); 329(464.37); 330(451.0); 331(894.63); 332(308.51); 333(969.95); 334(752.02); 335(564.84); 336(925.87); 337(969.48); 338(235.47); 339(504.78); 340(107.09); 341(681.28); 342(614.67); 343(832.32); 344(368.5); 345(196.03); 346(66.14); 347(698.11); 348(247.01); 349(567.85); 350(561.81); 351(4.88); 352(350.6); 353(215.25); 354(29.84); 355(326.98); 356(78.91); 357(909.68); 358(895.79); 359(312.38); 360(107.1); 361(731.91); 362(247.57); 363(973.27); 364(986.71); 365(625.8); 366(373.7); 367(89.68); 368(492.72); 369(145.25); 370(919.19); 371(273.87); 372(959.61); 373(190.65); 374(242.82); 375(10.0); 376(471.37); 377(982.49); 378(43.72); 379(322.35); 380(312.62); 381(997.8); 382(833.65); 383(167.46); 384(736.08); 385(620.4); 386(526.43); 387(835.11); 389(409.76); 390(706.02); 391(288.53); 392(758.11); 393(565.53); 394(515.0); 395(722.35); 396(980.43); 397(750.15); 398(872.32); 399(13.14); 400(132.33); 401(952.89); 402(129.28); 403(193.37); 404(737.87); 405(700.28); 406(285.8); 407(683.44); 408(401.48); 409(349.68); 410(110.82); 411(678.92); 412(618.12); 413(891.58); 414(550.3); 415(611.7); 416(826.6); 417(789.17); 418(206.31); 419(871.81); 420(559.73); 421(514.62); 422(662.35); 423(160.62); 424(210.68); 425(920.05); 426(831.33); 427(622.12); 428(40.31); 429(978.18); 430(837.42); 431(394.47); 432(480.64); 433(788.82); 434(943.93); 435(731.47); 436(273.8); 437(411.52); 438(304.56); 439(152.32); 440(618.99); 441(224.56); 442(792.99); 443(285.17); 444(846.21); 445(248.46); 446(784.27); 447(249.17); 448(375.52); 449(94.69); 450(335.11); 451(288.83); 452(415.9); 453(605.93); 454(566.02); 455(426.63); 456(714.11); 457(893.48); 458(136.54); 459(919.3); 460(925.35); 461(692.39); 462(457.95); 463(713.24); 464(864.59); 465(976.68); 466(910.16); 467(932.21); 468(549.13); 469(455.97); 470(22.5); 471(550.64); 472(875.91); 473(564.22); 474(314.7); 475(433.48); 476(285.29); 477(907.89); 478(274.66); 479(581.14); 480(925.99); 481(513.28); 482(779.82); 483(897.71); 484(702.0); 485(742.63); 486(602.31); 487(346.39); 488(13.84); 489(632.16); 490(130.67); 491(826.68); 492(729.98); 493(350.45); 494(192.48); 495(504.63); 496(574.08); 497(967.66); 498(8.75); 499(856.96),1
389,0(25.96); 1(86.14); 2(319.38); 3(667.3); 4(161.2); 5(434.52); 6(499.17); 7(641.55); 8(813.87); 9(827.56); 10(966.9); 11(466.43); 12(106.37); 13(319.17); 14(21.25); 15(310.06); 16(318.77); 17(858.51); 18(872.29); 19(685.01); 20(722.36); 21(599.7); 22(755.2); 23(563.31); 24(792.9); 25(765.83); 26(440.35); 27(33.05); 28(581.51); 29(904.03); 30(503.74); 31(933.9); 32(839.48); 33(746.94); 34(781.81); 35(681.51); 36(114.72); 37(224.55); 38(646.47); 39(438.99); 40(863.92); 41(872.24); 42(23.65); 43(397.03); 44(4.71); 45(542.01); 46(737.26); 47(330.57); 48(640.41); 49(143.75); 50(321.0); 51(377.19); 52(899.35); 53(597.63); 54(510.41); 55(729.01); 56(451.54); 57(992.22); 58(959.56); 59(696.59); 60(868.28); 61(572.79); 62(302.74); 63(183.69); 64(363.48); 65(735.94); 66(552.18); 67(997.57); 68(517.65); 69(458.42); 70(819.7); 71(360.81); 72(414.58); 73(407.89); 74(341.65); 75(400.48); 76(600.91); 77(406.47); 78(414.62); 79(741.03); 80(760.69); 81(806.86); 82(836.65); 83(87.87); 84(4.21); 85(703.66); 86(806.28); 87(903.61); 88(236.7); 89(560.17); 90(629.95); 91(936.22); 92(997.44); 93(650.23); 94(729.19); 95(468.84); 96(661.33); 97(442.81); 98(784.52); 99(710.08); 100(103.0); 101(593.79); 102(2.68); 103(533.92); 104(342.27); 105(926.01); 106(359.75); 107(904.33); 108(730.74); 109(341.55); 110(848.64); 111(967.72); 112(986.37); 113(884.21); 114(388.42); 115(366.35); 116(816.69); 117(438.16); 118(537.81); 119(899.86); 120(975.98); 121(582.09); 122(186.42); 123(820.63); 124(870.64); 125(458.12); 126(271.06); 127(303.34); 128(886.64); 129(445.04); 130(943.16); 131(855.61); 132(263.66); 133(311.57); 134(944.04); 135(934.54); 136(912.54); 137(162.93); 138(875.99); 139(580.11); 140(283.05); 141(348.77); 142(996.76); 143(552.48); 144(82.68); 145(478.95); 146(597.05); 147(586.0); 148(952.05); 149(287.37); 150(26.37); 151(324.18); 152(88.47); 153(923.89); 154(170.21); 155(289.35); 156(156.91); 157(892.03); 158(743.47); 159(940.31); 160(291.25); 161(693.85); 162(543.46); 163(180.87); 164(361.17); 165(411.58); 166(15.64); 167(126.55); 168(556.0); 169(241.31); 170(575.7); 171(458.77); 172(23.53); 173(417.19); 174(109.88); 175(894.86); 176(68.82); 177(683.76); 178(610.47); 179(72.37); 180(702.7); 181(408.2); 182(137.48); 183(130.83); 184(336.52); 185(707.35); 186(611.62); 187(215.48); 188(509.74); 189(862.33); 190(887.39); 191(39.97); 192(35.11); 193(416.92); 194(820.6); 195(482.2); 196(644.98); 197(380.41); 198(517.72); 199(447.86); 200(703.45); 201(81.35); 202(170.62); 203(77.1); 204(185.27); 205(984.9); 206(918.29); 207(843.94); 208(994.78); 209(276.56); 210(411.14); 211(893.36); 212(309.11); 213(936.86); 214(2.01); 215(536.41); 216(881.67); 217(346.05); 218(838.09); 219(106.56); 220(982.32); 221(134.71); 222(490.37); 223(688.07); 224(438.55); 225(683.2); 226(854.53); 227(856.41); 228(545.79); 229(115.41); 230(103.51); 231(320.96); 232(252.84); 233(450.32); 234(749.6); 235(506.21); 236(823.93); 237(196.95); 238(534.11); 239(915.66); 240(16.19); 241(980.66); 242(865.28); 243(390.99); 244(127.05); 245(812.2); 246(818.52); 247(110.52); 248(671.75); 249(670.72); 250(323.7); 251(62.35); 252(776.65); 253(792.52); 254(157.72); 255(534.63); 256(783.35); 257(182.28); 258(153.23); 259(847.39); 260(922.98); 261(779.88); 262(997.35); 263(301.52); 264(401.5); 265(746.46); 266(696.53); 267(601.0); 268(709.74); 269(258.3); 270(466.47); 271(594.47); 272(260.46); 273(862.27); 274(127.94); 275(366.53); 276(611.01); 277(543.55); 278(20.31); 279(0.41); 280(573.79); 281(268.68); 282(626.37); 283(668.27); 284(829.78); 285(516.16); 286(782.61); 287(718.36); 288(813.38); 289(628.73); 290(359.25); 291(711.81); 292(122.33); 293(386.07); 294(885.23); 295(692.73); 296(797.77); 297(876.21); 298(365.2); 299(749.12); 300(411.6); 301(794.02); 302(123.06); 303(68.97); 304(827.93); 305(168.8); 306(930.56); 307(954.06); 308(164.54); 309(146.27); 310(382.79); 311(520.15); 312(439.55); 313(179.9); 314(995.86); 315(294.02); 316(204.95); 317(548.03); 318(854.56); 319(916.95); 320(243.54); 321(739.39); 322(757.16); 323(900.54); 324(70.17); 325(760.17); 326(494.79); 327(536.08); 328(903.3); 329(891.85); 330(969.58); 331(142.72); 332(384.3); 333(567.58); 334(314.73); 335(672.19); 336(287.74); 337(487.99); 338(905.31); 339(530.01); 340(618.11); 341(317.73); 342(753.47); 343(503.32); 344(297.84); 345(848.16); 346(913.5); 347(678.31); 348(16.72); 349(245.77); 350(429.44); 351(325.79); 352(120.34); 353(448.64); 354(311.0); 355(553.48); 356(649.4); 357(198.43); 358(230.5); 359(872.17); 360(522.53); 361(209.91); 362(480.87); 363(112.01); 364(398.01); 365(591.72); 366(219.56); 367(601.79); 368(345.92); 369(626.57); 370(688.03); 371(951.33); 372(759.71); 373(109.14); 374(482.34); 375(102.62); 376(630.43); 377(325.34); 378(358.75); 379(102.74); 380(5.59); 381(252.42); 382(562.59); 383(382.41); 384(645.42); 385(434.51); 386(107.04); 387(885.5); 388(409.76); 390(694.44); 391(762.09); 392(930.74); 393(996.25); 394(775.78); 395(655.65); 396(673.45); 397(893.78); 398(897.6); 399(90.85); 400(42.26); 401(180.7); 402(594.14); 403(867.65); 404(952.77); 405(575.94); 406(102.09); 407(73.37); 408(820.75); 409(454.65); 410(427.55); 411(845.12); 412(703.1); 413(978.96); 414(2.81); 415(952.96); 416(334.99); 417(440.56); 418(229.0); 419(236.58); 420(219.7); 421(56.18); 422(652.25); 423(795.33); 424(256.12); 425(653.21); 426(481.11); 427(590.24); 428(130.96); 429(172.35); 430(332.33); 431(470.64); 432(392.49); 433(811.51); 434(776.27); 435(425.07); 436(469.52); 437(193.36); 438(966.83); 439(386.92); 440(505.48); 441(513.49); 442(394.17); 443(272.32); 444(864.08); 445(611.96); 446(583.71); 447(896.75); 448(405.93); 449(447.0); 450(408.39); 451(892.56); 452(816.66); 453(889.48); 454(929.8); 455(270.29); 456(545.35); 457(2.96); 458(35.76); 459(52.05); 460(904.47); 461(108.8); 462(301.33); 463(62.38); 464(714.03); 465(538.55); 466(693.72); 467(931.82); 468(400.67); 469(74.58); 470(999.48); 471(158.13); 472(978.38); 473(143.13); 474(65.25); 475(4.86); 476(887.49); 477(359.4); 478(574.22); 479(909.28); 480(981.72); 481(770.23); 482(152.56); 483(374.24); 484(455.11); 485(433.18); 486(567.12); 487(666.3); 488(857.99); 489(500.86); 490(232.14); 491(913.14); 492(680.72); 493(92.2); 494(800.03); 495(5.25); 496(139.48); 497(17.28); 498(695.87); 499(709.0),1
390,0(429.22); 1(548.01); 2(869.95); 3(787.59); 4(899.04); 5(265.1); 6(788.45); 7(330.15); 8(155.26); 9(366.01); 10(619.61); 11(641.04); 12(123.59); 13(9.53); 14(774.88); 15(344.53); 16(615.45); 17(325.54); 18(382.0); 19(367.24); 20(277.67); 21(412.59); 22(214.13); 23(779.26); 24(365.52); 25(419.83); 26(938.82); 27(838.49); 28(899.66); 29(842.59); 30(273.07); 31(579.5); 32(464.49); 33(59.21); 34(215.78); 35(862.63); 36(319.22); 37(394.23); 38(786.24); 39(487.68); 40(131.88); 41(362.35); 42(423.87); 43(49.68); 44(129.78); 45(821.27); 46(883.16); 47(769.38); 48(313.57); 49(422.16); 50(503.55); 51(553.45); 52(786.04); 53(13.39); 54(261.02); 55(358.47); 56(796.97); 57(310.27); 58(730.65); 59(315.19); 60(846.79); 61(623.56); 62(885.14); 63(661.73); 64(100.1); 65(639.29); 66(927.46); 67(455.64); 68(376.44); 69(658.56); 70(650.48); 71(206.82); 72(464.02); 73(629.86); 74(885.36); 75(382.32); 76(674.97); 77(977.67); 78(230.45); 79(251.71); 80(24.59); 81(351.12); 82(96.02); 83(125.19); 84(36.78); 85(123.95); 86(90.29); 87(802.67); 88(752.43); 89(624.25); 90(748.55); 91(8.33); 92(426.06); 93(272.22); 94(393.97); 95(237.5); 96(693.78); 97(176.5); 98(535.38); 99(984.14); 100(421.45); 101(939.77); 102(486.5); 103(908.77); 104(433.8); 105(965.64); 106(767.89); 107(262.9); 108(363.49); 109(122.64); 110(698.66); 111(1.82); 112(791.12); 113(597.92); 114(877.97); 115(866.4); 116(159.34); 117(152.19); 118(106.34); 119(458.38); 120(201.94); 121(369.86); 122(726.27); 123(963.33); 124(765.91); 125(684.41); 126(500.35); 127(131.78); 128(28.27); 129(84.02); 130(161.13); 131(372.33); 132(979.11); 133(594.43); 134(603.73); 135(202.75); 136(106.0); 137(911.26); 138(766.44); 139(454.18); 140(329.54); 141(609.58); 142(483.99); 143(832.59); 144(414.29); 145(805.77); 146(650.69); 147(471.56); 148(807.66); 149(343.66); 150(360.43); 151(452.08); 152(187.75); 153(670.86); 154(518.82); 155(710.81); 156(409.92); 157(521.3); 158(97.34); 159(518.91); 160(172.19); 161(738.3); 162(359.24); 163(12.76); 164(891.5); 165(938.21); 166(968.3); 167(170.03); 168(565.93); 169(208.08); 170(511.84); 171(583.95); 172(53.86); 173(716.97); 174(59.41); 175(155.25); 176(499.05); 177(646.27); 178(233.7); 179(966.44); 180(703.71); 181(602.51); 182(819.96); 183(325.22); 184(918.25); 185(779.41); 186(30.2); 187(711.3); 188(677.53); 189(632.44); 190(937.76); 191(766.58); 192(403.25); 193(391.78); 194(205.55); 195(188.44); 196(259.11); 197(232.64); 198(911.13); 199(633.57); 200(188.97); 201(393.04); 202(950.21); 203(824.91); 204(541.58); 205(105.82); 206(644.2); 207(399.16); 208(175.2); 209(484.76); 210(804.87); 211(721.2); 212(261.96); 213(977.93); 214(321.09); 215(897.9); 216(919.74); 217(41.87); 218(990.53); 219(669.99); 220(935.4); 221(276.44); 222(616.35); 223(133.56); 224(655.12); 225(552.78); 226(676.7); 227(261.93); 228(116.78); 229(351.73); 230(688.47); 231(768.64); 232(170.85); 233(485.95); 234(282.61); 235(561.25); 236(769.09); 237(738.55); 238(573.29); 239(800.07); 240(345.34); 241(308.88); 242(589.66); 243(536.17); 244(256.92); 245(406.66); 246(31.17); 247(422.76); 248(95.83); 249(92.29); 250(846.99); 251(156.78); 252(731.45); 253(540.81); 254(294.51); 255(432.05); 256(689.87); 257(421.07); 258(554.7); 259(507.94); 260(963.71); 261(150.97); 262(786.56); 263(856.16); 264(621.91); 265(271.09); 266(520.27); 267(815.29); 268(971.07); 269(463.65); 270(509.14); 271(28.81); 272(390.75); 273(200.02); 274(409.63); 275(605.45); 276(245.93); 277(493.77); 278(593.29); 279(201.36); 280(232.29); 281(352.49); 282(6.12); 283(254.06); 284(240.25); 285(445.62); 286(779.63); 287(117.91); 288(335.05); 289(466.98); 290(469.05); 291(157.6); 292(619.21); 293(290.58); 294(640.2); 295(652.01); 296(413.15); 297(376.34); 298(314.58); 299(183.8); 300(795.55); 301(269.5); 302(55.85); 303(781.97); 304(47.55); 305(621.03); 306(610.61); 307(876.38); 308(618.9); 309(140.88); 310(776.51); 311(130.35); 312(599.72); 313(131.63); 314(345.42); 315(309.67); 316(105.35); 317(12.64); 318(480.45); 319(255.86); 320(500.82); 321(926.39); 322(98.99); 323(639.82); 324(359.1); 325(389.51); 326(804.18); 327(93.59); 328(388.72); 329(44.86); 330(154.93); 331(716.31); 332(687.95); 333(274.23); 334(537.73); 335(205.13); 336(532.28); 337(757.1); 338(276.6); 339(693.99); 340(874.27); 341(414.53); 342(762.1); 343(555.77); 344(350.58); 345(156.97); 346(347.6); 347(131.63); 348(642.22); 349(668.26); 350(930.2); 351(710.57); 352(954.5); 353(642.92); 354(550.71); 355(767.51); 356(820.84); 357(780.12); 358(553.9); 359(522.01); 360(454.98); 361(611.0); 362(587.43); 363(670.63); 364(88.89); 365(563.86); 366(884.41); 367(446.36); 368(239.89); 369(308.5); 370(1.8); 371(736.42); 372(990.34); 373(989.5); 374(535.22); 375(985.04); 376(596.55); 377(979.04); 378(230.09); 379(876.32); 380(586.11); 381(943.2); 382(231.17); 383(108.71); 384(272.67); 385(679.38); 386(128.58); 387(585.34); 388(706.02); 389(694.44); 391(758.35); 392(400.05); 393(522.36); 394(710.35); 395(732.52); 396(568.01); 397(451.35); 398(232.35); 399(22.35); 400(595.98); 401(256.9); 402(152.23); 403(415.08); 404(928.05); 405(917.47); 406(563.4); 407(699.61); 408(877.69); 409(863.5); 410(603.42); 411(714.55); 412(376.51); 413(899.88); 414(772.48); 415(287.67); 416(341.51); 417(487.71); 418(11.62); 419(233.58); 420(340.8); 421(793.14); 422(213.48); 423(671.56); 424(318.01); 425(69.89); 426(786.8); 427(845.75); 428(753.97); 429(39.16); 430(839.81); 431(231.95); 432(400.94); 433(76.73); 434(331.06); 435(576.94); 436(78.2); 437(860.34); 438(105.38); 439(782.76); 440(974.86); 441(431.11); 442(517.99); 443(452.15); 444(885.16); 445(276.35); 446(480.6); 447(631.16); 448(849.21); 449(250.2); 450(614.29); 451(820.23); 452(82.35); 453(372.76); 454(117.93); 455(520.36); 456(611.65); 457(109.35); 458(409.31); 459(633.71); 460(496.77); 461(142.37); 462(343.84); 463(242.03); 464(53.59); 465(610.44); 466(652.32); 467(401.84); 468(64.32); 469(210.44); 470(224.24); 471(189.93); 472(725.04); 473(849.18); 474(571.03); 475(757.46); 476(401.44); 477(912.67); 478(858.19); 479(934.72); 480(703.55); 481(39.4); 482(58.79); 483(814.58); 484(420.75); 485(792.76); 486(368.74); 487(210.83); 488(321.65); 489(545.24); 490(863.54); 491(569.16); 492(146.24); 493(231.83); 494(624.38); 495(704.83); 496(749.67); 497(5.67); 498(508.17); 499(225.52),1
391,0(762.25); 1(748.84); 2(645.34); 3(710.18); 4(586.89); 5(376.96); 6(568.41); 7(604.87); 8(329.12); 9(624.8); 10(712.52); 11(956.46); 12(554.83); 13(927.89); 14(120.51); 15(858.54); 16(684.8); 17(853.89); 18(340.69); 19(383.94); 20(768.09); 21(777.9); 22(459.54); 23(397.44); 24(793.31); 25(490.01); 26(97.11); 27(156.9); 28(606.32); 29(645.26); 30(248.28); 31(405.49); 32(873.58); 33(919.6); 34(634.71); 35(754.65); 36(566.04); 37(196.46); 38(933.82); 39(399.58); 40(589.12); 41(579.12); 42(256.22); 43(296.74); 44(544.79); 45(124.72); 46(928.9); 47(483.14); 48(613.6); 49(604.21); 50(475.57); 51(38.31); 52(960.2); 53(404.99); 54(251.82); 55(232.67); 56(640.0); 57(347.14); 58(505.36); 59(323.91); 60(408.59); 61(613.3); 62(286.8); 63(710.82); 64(3.42); 65(672.55); 66(764.15); 67(12.1); 68(583.31); 69(251.88); 70(337.54); 71(657.12); 72(129.95); 73(419.39); 74(250.4); 75(581.99); 76(601.95); 77(649.55); 78(143.71); 79(199.94); 80(211.3); 81(505.47); 82(903.67); 83(710.88); 84(835.11); 85(947.42); 86(775.63); 87(112.85); 88(674.88); 89(645.29); 90(508.25); 91(282.91); 92(967.3); 93(518.76); 94(218.65); 95(808.01); 96(220.66); 97(75.41); 98(834.61); 99(216.21); 100(196.33); 101(668.95); 102(740.84); 103(659.15); 104(371.35); 105(336.74); 106(177.59); 107(735.73); 108(811.68); 109(412.45); 110(536.19); 111(59.25); 112(426.79); 113(157.4); 114(240.03); 115(390.8); 116(265.4); 117(633.96); 118(912.89); 119(141.38); 120(126.33); 121(337.97); 122(252.77); 123(82.52); 124(2.51); 125(701.37); 126(733.43); 127(577.38); 128(310.94); 129(635.14); 130(822.98); 131(554.49); 132(305.33); 133(429.15); 134(185.3); 135(746.33); 136(531.31); 137(424.49); 138(167.7); 139(126.68); 140(329.87); 141(547.68); 142(835.89); 143(649.93); 144(996.89); 145(360.86); 146(94.33); 147(339.38); 148(280.49); 149(737.08); 150(155.44); 151(51.57); 152(932.6); 153(260.61); 154(701.99); 155(870.56); 156(932.43); 157(656.07); 158(947.82); 159(148.44); 160(678.9); 161(471.13); 162(273.9); 163(257.83); 164(292.18); 165(499.9); 166(87.94); 167(45.48); 168(177.16); 169(442.22); 170(451.48); 171(139.8); 172(542.95); 173(369.8); 174(40.48); 175(668.7); 176(892.32); 177(25.06); 178(306.93); 179(219.89); 180(686.51); 181(272.1); 182(551.89); 183(895.8); 184(489.19); 185(332.88); 186(789.78); 187(47.75); 188(866.77); 189(409.15); 190(400.29); 191(409.86); 192(753.43); 193(354.2); 194(717.76); 195(234.62); 196(742.31); 197(116.41); 198(294.05); 199(47.28); 200(614.46); 201(932.96); 202(450.15); 203(831.89); 204(625.67); 205(179.05); 206(771.28); 207(785.11); 208(664.57); 209(276.06); 210(304.29); 211(165.56); 212(128.93); 213(917.0); 214(7.22); 215(685.56); 216(101.62); 217(323.01); 218(696.51); 219(318.57); 220(151.37); 221(933.84); 222(211.08); 223(785.49); 224(179.22); 225(947.36); 226(8.52); 227(695.85); 228(136.9); 229(260.08); 230(490.21); 231(251.86); 232(140.6); 233(241.56); 234(71.07); 235(121.47); 236(274.44); 237(844.76); 238(848.83); 239(302.84); 240(481.22); 241(374.66); 242(200.13); 243(137.35); 244(857.05); 245(532.28); 246(730.61); 247(203.64); 248(67.49); 249(805.83); 250(523.24); 251(380.71); 252(810.06); 253(826.99); 254(909.3); 255(308.55); 256(413.03); 257(317.48); 258(451.71); 259(476.03); 260(262.23); 261(139.33); 262(607.56); 263(171.44); 264(283.06); 265(130.47); 266(361.65); 267(663.37); 268(713.51); 269(250.43); 270(785.29); 271(444.36); 272(834.92); 273(828.74); 274(348.4); 275(314.85); 276(746.79); 277(463.4); 278(457.68); 279(495.24); 280(338.07); 281(665.32); 282(994.92); 283(479.81); 284(67.85); 285(858.69); 286(5.38); 287(708.33); 288(948.34); 289(127.44); 290(7.14); 291(203.13); 292(579.04); 293(597.19); 294(176.49); 295(167.57); 296(286.61); 297(382.02); 298(346.1); 299(949.86); 300(22.29); 301(994.81); 302(560.05); 303(99.23); 304(727.85); 305(770.69); 306(860.93); 307(739.21); 308(84.75); 309(527.66); 310(575.54); 311(115.25); 312(893.54); 313(920.15); 314(830.06); 315(850.52); 316(120.8); 317(184.11); 318(912.93); 319(494.61); 320(607.14); 321(970.1); 322(494.01); 323(747.21); 324(819.5); 325(474.94); 326(84.09); 327(87.37); 328(175.36); 329(762.67); 330(989.37); 331(770.75); 332(770.9); 333(269.58); 334(627.71); 335(431.94); 336(892.42); 337(230.83); 338(647.47); 339(340.69); 340(448.03); 341(959.61); 342(958.11); 343(382.66); 344(742.08); 345(271.29); 346(929.33); 347(12.78); 348(186.11); 349(676.75); 350(980.18); 351(836.53); 352(242.48); 353(845.93); 354(656.54); 355(264.3); 356(421.73); 357(34.71); 358(269.01); 359(42.65); 360(0.48); 361(293.04); 362(610.21); 363(921.99); 364(714.97); 365(271.5); 366(21.85); 367(764.49); 368(355.04); 369(452.38); 370(222.71); 371(973.72); 372(83.16); 373(166.18); 374(576.5); 375(357.23); 376(841.57); 377(729.84); 378(176.71); 379(655.89); 380(159.15); 381(92.36); 382(705.14); 383(125.25); 384(129.2); 385(535.54); 386(257.37); 387(477.73); 388(288.53); 389(762.09); 390(758.35); 392(10.37); 393(658.95); 394(920.61); 395(500.08); 396(436.05); 397(150.18); 398(819.3); 399(207.9); 400(89.49); 401(585.26); 402(946.64); 403(269.44); 404(674.09); 405(561.0); 406(33.14); 407(943.3); 408(665.14); 409(966.99); 410(585.34); 411(599.36); 412(493.47); 413(872.07); 414(3.06); 415(84.42); 416(488.56); 417(388.9); 418(20.98); 419(549.81); 420(323.58); 421(60.72); 422(944.91); 423(296.21); 424(774.32); 425(161.22); 426(789.88); 427(246.58); 428(387.47); 429(841.65); 430(484.92); 431(457.8); 432(604.56); 433(678.74); 434(475.31); 435(628.45); 436(315.85); 437(742.02); 438(158.23); 439(458.75); 440(548.35); 441(181.86); 442(688.53); 443(193.58); 444(920.56); 445(919.32); 446(497.4); 447(604.13); 448(40.13); 449(457.87); 450(984.17); 451(266.93); 452(954.85); 453(230.03); 454(106.79); 455(953.73); 456(119.0); 457(597.01); 458(70.14); 459(214.16); 460(752.55); 461(709.9); 462(944.37); 463(213.33); 464(799.67); 465(263.35); 466(561.65); 467(573.09); 468(627.77); 469(449.73); 470(462.56); 471(606.97); 472(880.43); 473(983.19); 474(26.56); 475(768.53); 476(426.19); 477(330.22); 478(991.09); 479(974.11); 480(968.74); 481(843.23); 482(199.76); 483(743.46); 484(221.33); 485(914.64); 486(9.6); 487(53.24); 488(452.01); 489(347.67); 490(489.54); 491(888.66); 492(80.91); 493(378.63); 494(418.12); 495(13.46); 496(847.36); 497(318.51); 498(531.37); 499(626.38),1
392,0(379.4); 1(939.32); 2(527.67); 3(328.76); 4(23.48); 5(147.12); 6(79.39); 7(508.83); 8(72.93); 9(942.3); 10(622.09); 11(331.74); 12(647.63); 13(476.87); 14(869.52); 15(865.86); 16(945.45); 17(234.53); 18(782.12); 19(970.72); 20(449.28); 21(756.6); 22(997.82); 23(83.68); 24(385.16); 25(172.5); 26(965.73); 27(670.68); 28(169.54); 29(323.98); 30(125.85); 31(194.63); 32(536.3); 33(208.86); 34(729.19); 35(921.77); 36(592.58); 37(866.13); 38(171.53); 39(608.13); 40(500.72); 41(922.55); 42(88.54); 43(939.15); 44(966.97); 45(770.42); 46(913.38); 47(590.02); 48(363.82); 49(435.61); 50(125.43); 51(74.72); 52(847.08); 53(272.54); 54(793.54); 55(930.87); 56(660.8); 57(374.99); 58(124.22); 59(894.63); 60(428.26); 61(898.86); 62(76.47); 63(777.91); 64(246.24); 65(762.25); 66(648.04); 67(573.15); 68(512.03); 69(356.8); 70(977.61); 71(39.16); 72(617.68); 73(598.61); 74(924.69); 75(432.79); 76(662.91); 77(326.75); 78(954.26); 79(483.77); 80(386.45); 81(383.88); 82(444.71); 83(228.53); 84(689.36); 85(31.81); 86(240.68); 87(787.37); 88(768.52); 89(190.48); 90(864.15); 91(757.35); 92(342.03); 93(132.86); 94(213.9); 95(447.7); 96(45.25); 97(690.25); 98(369.49); 99(34.8); 100(304.42); 101(238.41); 102(402.46); 103(650.16); 104(302.75); 105(806.99); 106(618.16); 107(264.97); 108(128.37); 109(103.92); 110(922.54); 111(27.51); 112(400.1); 113(695.03); 114(644.81); 115(676.16); 116(693.86); 117(652.28); 118(19.35); 119(591.9); 120(367.79); 121(870.42); 122(878.33); 123(779.39); 124(517.86); 125(268.85); 126(564.65); 127(641.01); 128(693.42); 129(797.71); 130(952.25); 131(417.83); 132(853.44); 133(26.57); 134(926.51); 135(823.78); 136(663.21); 137(132.44); 138(847.76); 139(512.75); 140(925.48); 141(958.56); 142(827.25); 143(856.64); 144(349.39); 145(667.14); 146(877.16); 147(977.07); 148(235.82); 149(580.86); 150(990.36); 151(261.06); 152(411.56); 153(385.06); 154(760.22); 155(775.11); 156(316.82); 157(431.3); 158(214.34); 159(605.95); 160(623.19); 161(935.8); 162(632.38); 163(916.86); 164(509.94); 165(940.62); 166(50.29); 167(47.22); 168(484.08); 169(138.33); 170(119.62); 171(830.94); 172(472.96); 173(805.11); 174(212.84); 175(537.42); 176(511.45); 177(638.36); 178(393.03); 179(255.07); 180(393.72); 181(763.93); 182(710.21); 183(673.22); 184(283.44); 185(182.5); 186(444.35); 187(21.75); 188(566.28); 189(110.35); 190(320.86); 191(278.84); 192(646.05); 193(909.86); 194(106.41); 195(708.11); 196(467.62); 197(538.72); 198(704.75); 199(115.91); 200(411.82); 201(932.44); 202(464.86); 203(173.34); 204(630.57); 205(209.12); 206(583.85); 207(257.01); 208(759.96); 209(352.01); 210(604.57); 211(401.22); 212(274.38); 213(128.59); 214(908.67); 215(840.28); 216(658.76); 217(517.7); 218(22.74); 219(627.62); 220(381.05); 221(35.78); 222(694.39); 223(809.49); 224(549.69); 225(58.76); 226(26.85); 227(961.52); 228(855.71); 229(64.33); 230(176.76); 231(828.41); 232(539.14); 233(139.55); 234(488.95); 235(102.92); 236(629.88); 237(590.43); 238(587.24); 239(450.05); 240(184.49); 241(598.52); 242(97.78); 243(722.29); 244(198.05); 245(505.54); 246(144.88); 247(869.07); 248(211.36); 249(483.92); 250(544.13); 251(414.68); 252(506.58); 253(539.15); 254(655.23); 255(581.62); 256(414.33); 257(127.21); 258(463.62); 259(448.74); 260(247.77); 261(231.22); 262(249.05); 263(248.2); 264(794.96); 265(405.77); 266(487.3); 267(605.97); 268(927.67); 269(478.61); 270(950.47); 271(168.44); 272(759.71); 273(829.91); 274(551.39); 275(669.39); 276(652.12); 277(650.66); 278(664.41); 279(841.38); 280(388.33); 281(640.21); 282(405.94); 283(989.82); 284(123.83); 285(526.78); 286(196.58); 287(957.96); 288(190.46); 289(138.53); 290(565.96); 291(515.5); 292(963.11); 293(712.14); 294(29.4); 295(774.82); 296(255.72); 297(151.68); 298(91.75); 299(882.28); 300(360.79); 301(203.95); 302(539.35); 303(120.41); 304(624.61); 305(83.81); 306(659.29); 307(689.04); 308(16.28); 309(3.89); 310(164.02); 311(713.19); 312(588.3); 313(157.39); 314(612.06); 315(715.48); 316(958.39); 317(297.16); 318(133.31); 319(527.02); 320(974.55); 321(890.36); 322(127.66); 323(863.99); 324(275.07); 325(135.62); 326(372.1); 327(890.0); 328(107.17); 329(29.34); 330(741.19); 331(48.18); 332(907.44); 333(329.55); 334(482.31); 335(859.23); 336(796.03); 337(894.38); 338(381.94); 339(664.42); 340(150.07); 341(253.84); 342(659.87); 343(325.66); 344(766.38); 345(584.83); 346(371.12); 347(835.86); 348(195.64); 349(668.0); 350(559.26); 351(276.03); 352(350.26); 353(164.81); 354(586.68); 355(577.02); 356(898.63); 357(270.01); 358(73.5); 359(327.64); 360(40.72); 361(199.59); 362(144.39); 363(631.3); 364(328.88); 365(424.67); 366(680.01); 367(619.57); 368(283.86); 369(516.99); 370(267.12); 371(194.72); 372(671.48); 373(962.91); 374(744.87); 375(450.71); 376(466.09); 377(119.77); 378(779.88); 379(640.28); 380(559.34); 381(833.26); 382(760.73); 383(806.96); 384(320.11); 385(401.0); 386(763.47); 387(437.58); 388(758.11); 389(930.74); 390(400.05); 391(10.37); 393(899.72); 394(469.94); 395(706.07); 396(281.34); 397(652.09); 398(653.5); 399(641.67); 400(996.62); 401(108.54); 402(631.96); 403(423.96); 404(601.72); 405(925.01); 406(884.56); 407(332.33); 408(13.46); 409(470.96); 410(504.63); 411(8.43); 412(524.76); 413(679.78); 414(668.93); 415(213.62); 416(195.73); 417(540.34); 418(179.23); 419(816.91); 420(138.64); 421(124.8); 422(431.21); 423(40.36); 424(237.64); 425(365.16); 426(281.7); 427(646.75); 428(550.66); 429(594.07); 430(217.9); 431(255.0); 432(390.29); 433(873.53); 434(15.71); 435(658.98); 436(483.2); 437(906.18); 438(852.37); 439(459.11); 440(8.43); 441(422.28); 442(642.63); 443(589.33); 444(948.71); 445(269.01); 446(527.47); 447(711.91); 448(707.03); 449(968.89); 450(683.7); 451(166.77); 452(396.92); 453(740.12); 454(541.42); 455(292.17); 456(683.89); 457(755.63); 458(173.51); 459(621.89); 460(763.44); 461(354.84); 462(456.75); 463(150.6); 464(488.48); 465(959.67); 466(976.5); 467(562.04); 468(158.07); 469(169.51); 470(341.19); 471(865.76); 472(94.18); 473(662.98); 474(218.17); 475(479.5); 476(83.87); 477(399.87); 478(321.96); 479(783.03); 480(117.77); 481(829.6); 482(524.25); 483(690.39); 484(70.06); 485(18.29); 486(842.61); 487(102.29); 488(772.72); 489(846.25); 490(921.21); 491(168.46); 492(793.59); 493(225.67); 494(719.37); 495(793.57); 496(84.97); 497(561.58); 498(638.38); 499(77.04),1
393,0(656.79); 1(582.31); 2(719.24); 3(121.48); 4(282.54); 5(881.19); 6(401.98); 7(24.16); 8(176.97); 9(61.73); 10(687.92); 11(59.14); 12(152.03); 13(89.78); 14(297.03); 15(688.76); 16(841.88); 17(918.5); 18(314.32); 19(828.74); 20(430.67); 21(648.47); 22(519.89); 23(685.34); 24(295.06); 25(184.35); 26(840.45); 27(451.62); 28(27.79); 29(120.72); 30(554.62); 31(507.21); 32(280.76); 33(404.39); 34(327.69); 35(56.57); 36(205.76); 37(333.51); 38(503.74); 39(731.06); 40(195.77); 41(844.81); 42(894.08); 43(714.47); 44(895.89); 45(356.42); 46(409.98); 47(891.07); 48(662.46); 49(856.74); 50(119.54); 51(320.89); 52(223.26); 53(682.5); 54(498.89); 55(213.77); 56(580.18); 57(563.04); 58(258.18); 59(762.58); 60(617.57); 61(54.92); 62(863.4); 63(880.54); 64(639.01); 65(788.53); 66(410.29); 67(567.57); 68(712.24); 69(799.99); 70(171.5); 71(329.93); 72(934.28); 73(659.99); 74(2.82); 75(828.55); 76(832.36); 77(424.71); 78(492.3); 79(681.66); 80(334.7); 81(638.75); 82(564.91); 83(19.08); 84(777.24); 85(419.56); 86(350.69); 87(345.17); 88(997.12); 89(966.8); 90(238.8); 91(334.46); 92(437.51); 93(891.7); 94(409.75); 95(572.7); 96(212.13); 97(945.79); 98(118.3); 99(837.56); 100(184.4); 101(851.92); 102(158.31); 103(61.35); 104(493.47); 105(760.04); 106(782.14); 107(327.12); 108(604.93); 109(609.88); 110(909.25); 111(509.32); 112(428.67); 113(95.49); 114(738.89); 115(255.36); 116(516.42); 117(197.67); 118(895.18); 119(970.37); 120(7.1); 121(372.98); 122(676.84); 123(605.77); 124(625.26); 125(627.57); 126(593.82); 127(100.16); 128(624.51); 129(419.42); 130(876.33); 131(412.95); 132(999.01); 133(757.56); 134(777.23); 135(354.7); 136(614.79); 137(998.86); 138(509.65); 139(653.2); 140(985.77); 141(898.14); 142(363.31); 143(92.99); 144(187.74); 145(549.98); 146(655.07); 147(583.52); 148(800.35); 149(413.27); 150(841.06); 151(657.9); 152(353.07); 153(248.28); 154(289.63); 155(585.52); 156(426.11); 157(483.07); 158(923.65); 159(544.25); 160(101.11); 161(226.77); 162(441.93); 163(433.12); 164(288.99); 165(86.72); 166(25.2); 167(615.23); 168(618.96); 169(290.44); 170(169.28); 171(544.9); 172(382.94); 173(215.61); 174(976.27); 175(847.74); 176(441.51); 177(836.35); 178(153.02); 179(673.02); 180(112.31); 181(494.1); 182(958.09); 183(447.58); 184(650.61); 185(692.0); 186(969.77); 187(523.66); 188(402.69); 189(750.22); 190(936.0); 191(239.78); 192(820.05); 193(905.95); 194(551.3); 195(495.37); 196(218.61); 197(272.72); 198(35.74); 199(652.08); 200(637.05); 201(132.62); 202(425.33); 203(884.65); 204(22.75); 205(653.01); 206(990.97); 207(150.86); 208(742.68); 209(96.01); 210(266.67); 211(877.21); 212(828.07); 213(747.0); 214(707.09); 215(611.05); 216(631.58); 217(219.34); 218(165.04); 219(793.96); 220(789.43); 221(997.31); 222(614.58); 223(371.01); 224(862.53); 225(819.6); 226(514.04); 227(948.59); 228(841.75); 229(155.82); 230(82.31); 231(698.91); 232(941.55); 233(248.32); 234(187.83); 235(894.57); 236(772.79); 237(522.71); 238(496.66); 239(954.83); 240(148.8); 241(943.26); 242(866.27); 243(264.26); 244(871.14); 245(71.0); 246(348.11); 247(109.39); 248(719.59); 249(404.7); 250(578.89); 251(48.34); 252(305.57); 253(481.04); 254(164.51); 255(462.41); 256(768.28); 257(625.88); 258(313.44); 259(810.75); 260(606.98); 261(34.34); 262(139.73); 263(15.32); 264(615.46); 265(599.01); 266(449.49); 267(221.86); 268(814.09); 269(8.06); 270(768.26); 271(318.8); 272(437.1); 273(581.21); 274(951.65); 275(576.58); 276(712.5); 277(391.72); 278(252.12); 279(172.94); 280(32.07); 281(466.28); 282(58.48); 283(0.83); 284(878.41); 285(865.44); 286(954.24); 287(388.87); 288(55.9); 289(394.78); 290(602.21); 291(417.61); 292(300.54); 293(918.19); 294(586.03); 295(431.07); 296(298.5); 297(416.92); 298(711.76); 299(838.42); 300(182.89); 301(423.7); 302(384.42); 303(385.2); 304(867.59); 305(316.41); 306(503.69); 307(407.53); 308(303.05); 309(918.7); 310(185.36); 311(209.85); 312(952.93); 313(105.54); 314(87.59); 315(760.51); 316(242.04); 317(46.45); 318(927.69); 319(199.07); 320(18.75); 321(192.52); 322(296.43); 323(578.03); 324(713.97); 325(64.99); 326(164.8); 327(904.34); 328(282.75); 329(866.99); 330(48.2); 331(518.5); 332(105.18); 333(608.34); 334(382.91); 335(424.33); 336(303.6); 337(998.45); 338(447.52); 339(374.31); 340(666.62); 341(1.86); 342(174.62); 343(242.93); 344(980.19); 345(251.44); 346(334.04); 347(458.64); 348(456.44); 349(53.92); 350(143.57); 351(391.39); 352(600.86); 353(458.06); 354(16.61); 355(447.19); 356(854.91); 357(350.79); 358(662.36); 359(901.68); 360(475.42); 361(336.43); 362(656.8); 363(831.23); 364(426.29); 365(74.75); 366(433.44); 367(109.66); 368(949.99); 369(692.89); 370(143.26); 371(638.37); 372(828.34); 373(241.22); 374(854.66); 375(690.71); 376(132.97); 377(998.19); 378(156.0); 379(766.94); 380(262.35); 381(309.68); 382(961.83); 383(139.42); 384(509.84); 385(35.4); 386(191.19); 387(863.45); 388(565.53); 389(996.25); 390(522.36); 391(658.95); 392(899.72); 394(288.99); 395(36.14); 396(122.86); 397(837.47); 398(328.64); 399(17.47); 400(811.05); 401(411.37); 402(153.43); 403(384.38); 404(604.92); 405(994.25); 406(149.01); 407(814.98); 408(336.99); 409(351.99); 410(745.21); 411(914.49); 412(586.54); 413(375.42); 414(171.93); 415(441.95); 416(31.26); 417(665.83); 418(886.3); 419(435.15); 420(405.52); 421(548.39); 422(453.4); 423(566.19); 424(450.49); 425(65.42); 426(523.19); 427(332.9); 428(805.78); 429(663.75); 430(677.6); 431(963.28); 432(727.54); 433(8.4); 434(709.25); 435(569.47); 436(37.38); 437(143.97); 438(320.36); 439(143.56); 440(899.24); 441(834.27); 442(870.94); 443(47.44); 444(193.07); 445(233.7); 446(679.43); 447(609.67); 448(317.91); 449(112.71); 450(167.32); 451(217.42); 452(686.57); 453(237.89); 454(214.53); 455(503.26); 456(895.73); 457(306.63); 458(939.06); 459(953.71); 460(86.81); 461(326.22); 462(373.32); 463(827.95); 464(435.81); 465(234.07); 466(101.26); 467(817.66); 468(571.8); 469(9.23); 470(342.78); 471(879.14); 472(675.79); 473(926.24); 474(548.1); 475(654.01); 476(47.64); 477(947.24); 478(714.65); 479(906.66); 480(707.27); 481(150.33); 482(840.29); 483(966.44); 484(43.48); 485(394.16); 486(367.29); 487(547.53); 488(619.87); 489(353.62); 490(241.68); 491(261.28); 492(376.92); 493(500.17); 494(648.97); 495(482.98); 496(478.43); 497(23.29); 498(986.84); 499(150.03),1
394,0(520.18); 1(138.61); 2(925.81); 3(491.47); 4(16.59); 5(43.69); 6(398.59); 7(127.68); 8(414.2); 9(255.53); 10(827.46); 11(209.35); 12(205.89); 13(773.03); 14(763.59); 15(41.38); 16(264.68); 17(841.81); 18(688.99); 19(474.27); 20(674.85); 21(457.67); 22(462.32); 23(929.67); 24(30.27); 25(370.88); 26(485.13); 27(248.36); 28(743.45); 29(226.53); 30(382.16); 31(215.26); 32(422.8); 33(522.88); 34(955.96); 35(785.94); 36(788.9); 37(543.04); 38(228.52); 39(160.0); 40(477.13); 41(608.11); 42(134.41); 43(990.84); 44(522.75); 45(668.98); 46(826.17); 47(970.89); 48(371.49); 49(996.75); 50(801.72); 51(62.33); 52(889.8); 53(140.01); 54(47.77); 55(852.01); 56(258.17); 57(711.13); 58(256.17); 59(271.64); 60(743.98); 61(494.36); 62(571.02); 63(428.51); 64(753.87); 65(639.65); 66(237.12); 67(510.78); 68(634.89); 69(859.33); 70(54.98); 71(282.49); 72(604.85); 73(424.94); 74(380.98); 75(33.42); 76(194.99); 77(388.79); 78(258.55); 79(224.07); 80(212.96); 81(687.15); 82(657.96); 83(679.05); 84(836.62); 85(20.11); 86(676.39); 87(803.92); 88(800.56); 89(946.3); 90(792.81); 91(611.61); 92(689.12); 93(339.37); 94(77.7); 95(748.47); 96(70.83); 97(535.84); 98(188.02); 99(545.5); 100(593.12); 101(624.73); 102(255.71); 103(175.46); 104(687.89); 105(528.86); 106(172.31); 107(502.37); 108(212.24); 109(323.59); 110(982.02); 111(272.94); 112(193.18); 113(895.26); 114(849.7); 115(925.37); 116(861.68); 117(510.82); 118(33.09); 119(20.51); 120(121.82); 121(250.86); 122(572.91); 123(479.82); 124(178.6); 125(943.31); 126(451.44); 127(375.13); 128(251.94); 129(286.61); 130(703.27); 131(83.45); 132(934.61); 133(677.13); 134(237.66); 135(537.75); 136(879.65); 137(64.29); 138(675.47); 139(65.86); 140(614.29); 141(828.97); 142(534.82); 143(16.02); 144(216.06); 145(241.1); 146(962.04); 147(155.23); 148(602.7); 149(489.09); 150(117.5); 151(888.93); 152(5.44); 153(73.19); 154(658.52); 155(618.76); 156(400.86); 157(962.86); 158(618.9); 159(545.41); 160(652.02); 161(23.31); 162(891.5); 163(290.8); 164(886.96); 165(596.19); 166(113.41); 167(869.62); 168(219.7); 169(691.84); 170(216.49); 171(277.93); 172(826.56); 173(562.51); 174(741.48); 175(362.57); 176(313.91); 177(599.45); 178(289.14); 179(626.4); 180(172.39); 181(639.04); 182(792.46); 183(901.26); 184(348.09); 185(752.85); 186(318.15); 187(714.8); 188(530.61); 189(75.91); 190(415.29); 191(714.93); 192(765.02); 193(533.4); 194(925.14); 195(908.29); 196(274.68); 197(179.64); 198(107.67); 199(699.05); 200(30.58); 201(93.03); 202(436.09); 203(738.98); 204(568.69); 205(342.56); 206(758.97); 207(659.98); 208(345.09); 209(743.6); 210(185.28); 211(177.16); 212(642.71); 213(116.79); 214(160.68); 215(54.28); 216(213.12); 217(446.76); 218(460.14); 219(0.73); 220(630.16); 221(443.11); 222(708.95); 223(947.68); 224(387.8); 225(101.32); 226(782.91); 227(42.93); 228(92.24); 229(992.0); 230(339.55); 231(143.58); 232(893.32); 233(93.78); 234(176.57); 235(963.45); 236(95.25); 237(397.45); 238(549.4); 239(358.72); 240(578.77); 241(35.47); 242(435.58); 243(931.2); 244(875.03); 245(846.25); 246(537.06); 247(242.42); 248(118.91); 249(512.21); 250(603.52); 251(889.4); 252(171.39); 253(531.76); 254(616.72); 255(338.66); 256(11.74); 257(421.16); 258(99.18); 259(367.41); 260(651.59); 261(340.18); 262(593.45); 263(948.19); 264(948.32); 265(950.99); 266(903.34); 267(874.27); 268(38.26); 269(837.72); 270(384.24); 271(137.18); 272(185.75); 273(345.1); 274(293.05); 275(715.2); 276(938.6); 277(138.69); 278(53.64); 279(663.54); 280(705.25); 281(195.0); 282(993.2); 283(466.8); 284(623.18); 285(197.75); 286(429.06); 287(476.45); 288(864.58); 289(602.43); 290(657.84); 291(658.69); 292(961.8); 293(654.23); 294(273.1); 295(629.84); 296(328.54); 297(855.21); 298(874.48); 299(917.12); 300(269.77); 301(307.06); 302(556.05); 303(598.62); 304(860.84); 305(378.47); 306(968.02); 307(350.14); 308(754.92); 309(517.44); 310(946.56); 311(37.05); 312(160.27); 313(669.39); 314(720.44); 315(143.28); 316(40.08); 317(598.24); 318(960.0); 319(69.9); 320(168.31); 321(596.57); 322(81.72); 323(434.82); 324(329.83); 325(773.29); 326(969.85); 327(848.81); 328(222.93); 329(750.91); 330(699.09); 331(146.79); 332(788.35); 333(616.94); 334(98.53); 335(877.82); 336(400.35); 337(99.1); 338(484.05); 339(375.93); 340(381.66); 341(128.73); 342(207.31); 343(894.5); 344(911.47); 345(319.13); 346(630.33); 347(685.79); 348(868.13); 349(371.11); 350(778.59); 351(371.87); 352(357.13); 353(942.52); 354(248.8); 355(173.1); 356(417.56); 357(41.01); 358(972.68); 359(612.34); 360(305.84); 361(690.25); 362(487.35); 363(842.98); 364(351.24); 365(116.44); 366(318.2); 367(283.82); 368(503.13); 369(147.64); 370(800.93); 371(885.28); 372(522.25); 373(957.2); 374(441.9); 375(494.08); 376(125.55); 377(856.32); 378(511.23); 379(546.16); 380(842.9); 381(721.96); 382(153.47); 383(917.6); 384(227.96); 385(666.26); 386(864.35); 387(659.71); 388(515.0); 389(775.78); 390(710.35); 391(920.61); 392(469.94); 393(288.99); 395(558.54); 396(303.64); 397(297.61); 398(456.2); 399(45.56); 400(260.03); 401(520.09); 402(775.59); 403(279.48); 404(635.52); 405(524.29); 406(800.52); 407(532.58); 408(44.11); 409(68.06); 410(659.66); 411(271.12); 412(220.96); 413(2.82); 414(294.9); 415(521.63); 416(114.86); 417(20.3); 418(882.29); 419(362.64); 420(766.5); 421(444.36); 422(166.42); 423(317.42); 424(22.01); 425(262.58); 426(181.65); 427(837.17); 428(705.48); 429(464.87); 430(516.58); 431(749.86); 432(764.65); 433(279.23); 434(528.0); 435(911.01); 436(202.08); 437(465.07); 438(762.5); 439(155.59); 440(999.31); 441(667.74); 442(989.04); 443(801.64); 444(608.78); 445(220.38); 446(995.02); 447(421.02); 448(481.72); 449(200.01); 450(537.69); 451(236.87); 452(781.19); 453(877.48); 454(252.25); 455(454.08); 456(988.22); 457(820.16); 458(138.32); 459(484.51); 460(441.8); 461(144.01); 462(569.42); 463(87.46); 464(257.1); 465(80.03); 466(570.54); 467(185.47); 468(988.67); 469(949.16); 470(1.91); 471(838.98); 472(71.3); 473(791.56); 474(879.07); 475(317.56); 476(905.39); 477(424.84); 478(666.19); 479(636.36); 480(539.09); 481(144.9); 482(937.09); 483(689.65); 484(295.89); 485(896.57); 486(389.57); 487(171.83); 488(699.03); 489(242.79); 490(434.88); 491(537.81); 492(320.49); 493(526.34); 494(488.42); 495(723.93); 496(901.88); 497(347.49); 498(528.5); 499(744.75),1
395,0(952.53); 1(816.28); 2(747.8); 3(122.9); 4(144.23); 5(737.16); 6(377.35); 7(674.88); 8(30.95); 9(952.68); 10(66.81); 11(260.54); 12(74.34); 13(950.47); 14(348.92); 15(427.12); 16(823.09); 17(583.0); 18(321.17); 19(46.31); 20(484.84); 21(711.32); 22(473.3); 23(584.48); 24(823.35); 25(211.12); 26(778.73); 27(980.63); 28(263.16); 29(344.02); 30(216.74); 31(240.0); 32(877.91); 33(901.92); 34(698.54); 35(919.92); 36(276.87); 37(45.43); 38(279.06); 39(58.68); 40(120.04); 41(888.56); 42(943.23); 43(421.14); 44(956.75); 45(794.36); 46(930.12); 47(761.75); 48(893.9); 49(404.06); 50(498.62); 51(32.88); 52(360.12); 53(954.7); 54(656.19); 55(577.01); 56(686.09); 57(150.22); 58(766.91); 59(951.98); 60(394.72); 61(118.51); 62(130.5); 63(576.37); 64(728.13); 65(328.26); 66(133.03); 67(135.82); 68(75.81); 69(875.16); 70(5.53); 71(858.15); 72(761.86); 73(2.24); 74(958.7); 75(766.82); 76(936.76); 77(620.64); 78(670.88); 79(666.11); 80(856.65); 81(871.38); 82(868.0); 83(256.4); 84(25.51); 85(398.06); 86(883.52); 87(549.31); 88(619.7); 89(408.72); 90(924.05); 91(211.41); 92(521.27); 93(373.29); 94(624.87); 95(783.98); 96(708.72); 97(490.43); 98(493.51); 99(312.28); 100(867.8); 101(377.17); 102(107.58); 103(642.87); 104(322.95); 105(709.02); 106(347.52); 107(263.04); 108(923.6); 109(508.26); 110(894.09); 111(594.33); 112(968.81); 113(764.67); 114(396.37); 115(206.73); 116(579.23); 117(999.0); 118(505.25); 119(682.25); 120(528.0); 121(936.58); 122(771.21); 123(327.0); 124(298.46); 125(697.94); 126(334.16); 127(306.87); 128(880.68); 129(277.5); 130(232.77); 131(943.4); 132(351.26); 133(695.05); 134(994.47); 135(245.58); 136(559.68); 137(252.96); 138(134.21); 139(999.41); 140(111.94); 141(145.23); 142(575.02); 143(652.34); 144(664.78); 145(784.93); 146(198.38); 147(575.13); 148(449.82); 149(925.5); 150(373.26); 151(314.42); 152(348.86); 153(764.76); 154(774.59); 155(85.6); 156(686.93); 157(506.44); 158(235.41); 159(455.34); 160(536.73); 161(241.42); 162(658.66); 163(244.2); 164(437.75); 165(193.01); 166(298.43); 167(840.56); 168(178.15); 169(675.71); 170(724.77); 171(765.39); 172(73.13); 173(68.37); 174(904.85); 175(221.78); 176(367.65); 177(17.32); 178(912.81); 179(496.66); 180(160.35); 181(756.05); 182(903.16); 183(136.61); 184(453.21); 185(416.65); 186(608.54); 187(981.1); 188(367.09); 189(851.38); 190(378.86); 191(549.58); 192(769.15); 193(608.39); 194(291.83); 195(193.42); 196(435.58); 197(384.44); 198(947.61); 199(728.33); 200(361.73); 201(728.16); 202(980.92); 203(277.37); 204(596.61); 205(124.56); 206(350.32); 207(832.56); 208(543.34); 209(390.1); 210(279.56); 211(934.5); 212(672.72); 213(935.31); 214(889.67); 215(538.35); 216(276.63); 217(980.46); 218(525.04); 219(66.45); 220(730.07); 221(437.26); 222(435.14); 223(546.82); 224(793.6); 225(707.37); 226(727.45); 227(346.34); 228(683.47); 229(829.51); 230(470.8); 231(991.9); 232(643.58); 233(252.7); 234(246.96); 235(166.68); 236(467.26); 237(337.23); 238(926.0); 239(434.92); 240(881.81); 241(664.03); 242(644.41); 243(173.01); 244(451.22); 245(861.47); 246(334.59); 247(342.85); 248(740.01); 249(654.4); 250(628.74); 251(515.87); 252(768.64); 253(866.04); 254(810.58); 255(339.08); 256(9.55); 257(299.66); 258(22.16); 259(683.33); 260(641.78); 261(270.98); 262(569.69); 263(446.71); 264(809.35); 265(201.84); 266(407.07); 267(895.77); 268(427.75); 269(562.74); 270(914.81); 271(5.34); 272(100.88); 273(182.85); 274(712.05); 275(20.57); 276(945.19); 277(313.34); 278(1.38); 279(809.84); 280(456.55); 281(484.44); 282(559.3); 283(409.18); 284(777.08); 285(814.13); 286(870.43); 287(831.19); 288(118.14); 289(736.42); 290(250.05); 291(868.71); 292(360.1); 293(621.68); 294(688.07); 295(536.33); 296(732.24); 297(165.85); 298(817.9); 299(111.32); 300(688.25); 301(77.68); 302(700.99); 303(890.86); 304(858.2); 305(422.66); 306(182.07); 307(682.83); 308(954.13); 309(575.22); 310(796.81); 311(616.03); 312(488.92); 313(10.03); 314(49.99); 315(969.32); 316(442.32); 317(501.81); 318(56.77); 319(162.65); 320(851.24); 321(596.95); 322(272.69); 323(82.6); 324(903.19); 325(367.46); 326(665.57); 327(792.77); 328(825.26); 329(309.08); 330(920.93); 331(890.23); 332(309.48); 333(425.68); 334(989.43); 335(739.76); 336(196.9); 337(163.38); 338(465.46); 339(227.04); 340(592.71); 341(177.24); 342(718.6); 343(640.92); 344(39.6); 345(180.67); 346(783.46); 347(433.5); 348(866.78); 349(550.73); 350(275.19); 351(591.91); 352(877.5); 353(27.06); 354(455.21); 355(896.51); 356(898.57); 357(585.95); 358(579.38); 359(405.67); 360(790.31); 361(637.05); 362(519.4); 363(897.79); 364(252.44); 365(410.58); 366(415.16); 367(955.37); 368(515.46); 369(452.91); 370(90.95); 371(197.98); 372(283.8); 373(735.44); 374(736.95); 375(866.24); 376(499.89); 377(503.74); 378(732.65); 379(469.48); 380(68.09); 381(44.0); 382(288.25); 383(172.23); 384(584.03); 385(108.89); 386(671.71); 387(490.92); 388(722.35); 389(655.65); 390(732.52); 391(500.08); 392(706.07); 393(36.14); 394(558.54); 396(895.99); 397(905.02); 398(972.08); 399(129.27); 400(174.72); 401(154.15); 402(846.15); 403(352.45); 404(486.04); 405(656.72); 406(515.41); 407(79.39); 408(276.79); 409(26.57); 410(787.17); 411(426.6); 412(567.28); 413(90.08); 414(40.27); 415(312.98); 416(199.44); 417(971.48); 418(669.37); 419(393.56); 420(39.29); 421(978.06); 422(417.61); 423(976.79); 424(846.19); 425(879.75); 426(372.56); 427(948.12); 428(431.73); 429(188.56); 430(683.98); 431(662.32); 432(321.86); 433(368.16); 434(480.47); 435(492.65); 436(379.0); 437(251.59); 438(815.01); 439(558.43); 440(58.08); 441(194.12); 442(418.34); 443(243.05); 444(854.27); 445(993.5); 446(90.11); 447(660.55); 448(808.01); 449(900.43); 450(150.1); 451(296.75); 452(235.12); 453(498.44); 454(982.32); 455(65.34); 456(394.43); 457(39.59); 458(355.45); 459(394.05); 460(448.2); 461(961.52); 462(715.42); 463(753.13); 464(697.5); 465(327.06); 466(659.9); 467(157.9); 468(662.99); 469(316.22); 470(833.78); 471(25.77); 472(144.33); 473(588.93); 474(136.02); 475(451.84); 476(713.74); 477(217.85); 478(94.38); 479(918.19); 480(914.68); 481(897.51); 482(901.51); 483(810.63); 484(637.06); 485(353.91); 486(705.45); 487(362.92); 488(459.49); 489(538.47); 490(344.62); 491(502.26); 492(599.83); 493(107.81); 494(967.75); 495(799.8); 496(627.06); 497(317.25); 498(404.27); 499(134.66),1
396,0(757.47); 1(864.07); 2(41.12); 3(858.14); 4(724.99); 5(112.74); 6(807.27); 7(132.02); 8(969.95); 9(31.55); 10(629.12); 11(439.43); 12(275.28); 13(599.56); 14(342.49); 15(551.07); 16(661.07); 17(608.45); 18(241.38); 19(468.63); 20(356.96); 21(899.35); 22(953.74); 23(596.61); 24(233.5); 25(656.37); 26(434.45); 27(339.54); 28(255.49); 29(678.72); 30(967.53); 31(64.56); 32(86.66); 33(465.25); 34(794.3); 35(850.27); 36(451.19); 37(309.58); 38(732.02); 39(101.86); 40(726.04); 41(369.37); 42(844.03); 43(530.99); 44(743.72); 45(113.24); 46(451.5); 47(550.87); 48(950.84); 49(746.14); 50(123.2); 51(626.28); 52(644.45); 53(327.78); 54(183.65); 55(201.37); 56(253.81); 57(105.51); 58(201.01); 59(536.45); 60(57.04); 61(949.99); 62(948.77); 63(169.83); 64(20.98); 65(51.09); 66(116.25); 67(270.44); 68(474.76); 69(349.7); 70(395.96); 71(587.97); 72(685.12); 73(375.28); 74(41.28); 75(425.98); 76(316.96); 77(514.83); 78(572.09); 79(252.54); 80(899.82); 81(708.83); 82(843.31); 83(774.33); 84(515.12); 85(472.8); 86(136.89); 87(391.35); 88(396.87); 89(906.81); 90(68.95); 91(964.04); 92(222.27); 93(313.5); 94(205.11); 95(615.74); 96(965.74); 97(589.5); 98(328.3); 99(323.17); 100(94.77); 101(49.1); 102(281.37); 103(133.64); 104(331.76); 105(662.69); 106(682.72); 107(864.65); 108(143.2); 109(896.8); 110(41.9); 111(177.4); 112(428.59); 113(588.91); 114(289.24); 115(439.68); 116(9.9); 117(801.0); 118(404.06); 119(371.48); 120(204.98); 121(478.1); 122(519.73); 123(33.88); 124(61.78); 125(802.72); 126(938.1); 127(117.71); 128(716.45); 129(539.6); 130(200.69); 131(679.13); 132(746.75); 133(652.03); 134(798.05); 135(787.07); 136(31.59); 137(170.86); 138(316.9); 139(792.82); 140(855.89); 141(456.99); 142(85.05); 143(399.94); 144(394.38); 145(16.54); 146(169.87); 147(97.85); 148(630.43); 149(18.14); 150(542.35); 151(582.23); 152(556.05); 153(205.04); 154(740.77); 155(898.14); 156(781.46); 157(104.89); 158(776.92); 159(821.26); 160(893.86); 161(969.33); 162(770.51); 163(246.13); 164(228.19); 165(766.85); 166(880.79); 167(987.29); 168(997.41); 169(95.53); 170(49.19); 171(456.24); 172(308.71); 173(765.88); 174(804.13); 175(4.47); 176(310.19); 177(12.69); 178(17.99); 179(908.99); 180(4.81); 181(983.02); 182(979.78); 183(745.56); 184(48.81); 185(865.47); 186(281.45); 187(463.63); 188(471.68); 189(756.69); 190(693.09); 191(360.66); 192(84.1); 193(71.65); 194(829.24); 195(171.17); 196(977.68); 197(948.71); 198(15.52); 199(125.23); 200(935.24); 201(971.49); 202(435.43); 203(322.93); 204(719.62); 205(494.91); 206(705.1); 207(753.8); 208(633.77); 209(733.15); 210(63.5); 211(865.34); 212(622.15); 213(770.49); 214(434.55); 215(644.53); 216(883.54); 217(902.52); 218(774.39); 219(391.89); 220(82.21); 221(498.05); 222(52.63); 223(712.9); 224(584.06); 225(722.02); 226(683.47); 227(626.4); 228(41.21); 229(109.51); 230(962.14); 231(587.84); 232(776.81); 233(470.44); 234(836.8); 235(87.33); 236(751.53); 237(223.65); 238(158.48); 239(907.21); 240(767.34); 241(789.95); 242(605.71); 243(586.02); 244(479.44); 245(179.47); 246(790.77); 247(234.16); 248(109.53); 249(897.93); 250(745.2); 251(54.0); 252(834.74); 253(436.58); 254(882.83); 255(985.57); 256(780.2); 257(343.59); 258(864.86); 259(38.57); 260(943.76); 261(301.66); 262(236.82); 263(497.79); 264(346.01); 265(373.53); 266(786.1); 267(896.28); 268(579.96); 269(238.75); 270(736.09); 271(956.12); 272(159.53); 273(444.97); 274(857.39); 275(430.51); 276(221.28); 277(395.52); 278(862.77); 279(476.76); 280(409.04); 281(274.65); 282(999.66); 283(945.74); 284(411.45); 285(664.23); 286(218.26); 287(960.04); 288(511.87); 289(623.06); 290(284.73); 291(950.85); 292(195.6); 293(103.73); 294(7.2); 295(992.13); 296(741.74); 297(205.14); 298(591.48); 299(218.85); 300(519.86); 301(380.49); 302(611.32); 303(444.26); 304(676.18); 305(272.48); 306(221.82); 307(472.57); 308(598.75); 309(334.93); 310(569.17); 311(175.74); 312(871.83); 313(250.79); 314(857.32); 315(470.22); 316(17.69); 317(880.0); 318(882.32); 319(417.0); 320(551.76); 321(711.95); 322(86.32); 323(733.62); 324(568.15); 325(616.46); 326(258.33); 327(369.48); 328(170.44); 329(443.62); 330(887.34); 331(68.15); 332(930.25); 333(131.54); 334(70.25); 335(78.29); 336(583.65); 337(989.36); 338(460.77); 339(540.65); 340(399.38); 341(85.04); 342(755.41); 343(806.67); 344(160.79); 345(467.94); 346(780.3); 347(616.93); 348(91.57); 349(761.31); 350(517.79); 351(634.3); 352(967.1); 353(834.35); 354(936.12); 355(914.66); 356(490.7); 357(914.17); 358(178.42); 359(328.89); 360(468.63); 361(313.72); 362(313.05); 363(844.79); 364(29.64); 365(805.51); 366(28.35); 367(34.44); 368(318.08); 369(180.18); 370(764.96); 371(750.09); 372(494.64); 373(356.91); 374(530.56); 375(216.6); 376(899.12); 377(213.73); 378(19.96); 379(272.07); 380(544.47); 381(248.23); 382(404.66); 383(848.89); 384(942.61); 385(913.29); 386(799.88); 387(795.77); 388(980.43); 389(673.45); 390(568.01); 391(436.05); 392(281.34); 393(122.86); 394(303.64); 395(895.99); 397(771.29); 398(735.26); 399(429.98); 400(114.53); 401(767.8); 402(893.5); 403(736.88); 404(629.74); 405(786.55); 406(15.65); 407(302.31); 408(564.76); 409(231.12); 410(564.84); 411(780.69); 412(373.45); 413(114.34); 414(357.4); 415(569.34); 416(787.46); 417(717.37); 418(278.89); 419(889.15); 420(903.72); 421(785.55); 422(82.34); 423(111.17); 424(22.3); 425(91.18); 426(94.31); 427(539.65); 428(767.58); 429(361.15); 430(28.04); 431(131.65); 432(288.88); 433(511.41); 434(643.13); 435(487.41); 436(28.18); 437(631.4); 438(547.97); 439(988.53); 440(297.51); 441(110.63); 442(23.93); 443(633.72); 444(157.03); 445(595.45); 446(514.19); 447(412.86); 448(31.18); 449(307.28); 450(497.98); 451(585.89); 452(927.47); 453(228.14); 454(737.89); 455(895.59); 456(414.06); 457(687.8); 458(725.46); 459(573.13); 460(464.89); 461(518.65); 462(647.3); 463(67.06); 464(229.62); 465(966.68); 466(269.15); 467(237.34); 468(846.02); 469(160.32); 470(909.78); 471(944.41); 472(855.01); 473(460.42); 474(426.76); 475(125.53); 476(403.46); 477(225.07); 478(643.33); 479(121.59); 480(439.02); 481(218.41); 482(923.56); 483(929.8); 484(348.38); 485(822.95); 486(388.96); 487(346.69); 488(990.14); 489(853.65); 490(568.2); 491(346.84); 492(512.05); 493(982.33); 494(927.73); 495(498.64); 496(258.33); 497(214.4); 498(783.75); 499(725.42),2
397,0(799.46); 1(417.2); 2(110.67); 3(278.29); 4(230.14); 5(251.4); 6(934.65); 7(293.07); 8(974.66); 9(362.77); 10(814.06); 11(107.06); 12(934.58); 13(135.55); 14(381.96); 15(413.01); 16(855.08); 17(28.71); 18(707.54); 19(747.81); 20(714.02); 21(485.14); 22(147.74); 23(268.81); 24(693.03); 25(971.94); 26(558.94); 27(734.36); 28(939.38); 29(421.41); 30(921.56); 31(551.69); 32(207.33); 33(71.26); 34(976.02); 35(70.16); 36(233.68); 37(269.38); 38(62.17); 39(490.88); 40(34.79); 41(893.87); 42(294.35); 43(950.86); 44(158.65); 45(121.44); 46(999.59); 47(662.2); 48(689.03); 49(190.8); 50(65.74); 51(405.83); 52(435.86); 53(415.17); 54(818.17); 55(846.77); 56(416.41); 57(984.14); 58(49.89); 59(800.66); 60(436.24); 61(715.78); 62(233.63); 63(586.44); 64(575.07); 65(974.04); 66(288.97); 67(463.3); 68(780.45); 69(253.31); 70(393.15); 71(438.95); 72(56.62); 73(844.19); 74(712.59); 75(509.98); 76(389.64); 77(907.8); 78(710.01); 79(885.68); 80(117.7); 81(608.31); 82(97.41); 83(983.21); 84(214.82); 85(996.57); 86(754.43); 87(472.54); 88(591.08); 89(111.21); 90(997.12); 91(415.31); 92(912.56); 93(776.24); 94(497.85); 95(384.86); 96(941.53); 97(994.12); 98(759.42); 99(386.06); 100(900.19); 101(823.25); 102(751.93); 103(391.52); 104(18.92); 105(532.98); 106(361.7); 107(166.99); 108(829.13); 109(53.96); 110(875.14); 111(807.26); 112(513.84); 113(92.92); 114(416.59); 115(451.05); 116(152.77); 117(10.63); 118(796.42); 119(420.22); 120(286.34); 121(314.79); 122(700.35); 123(414.4); 124(166.4); 125(599.69); 126(320.9); 127(947.98); 128(825.22); 129(248.37); 130(574.89); 131(541.75); 132(644.72); 133(973.56); 134(238.24); 135(803.43); 136(650.86); 137(72.88); 138(961.06); 139(977.5); 140(582.8); 141(822.22); 142(129.73); 143(893.12); 144(753.06); 145(253.4); 146(142.65); 147(495.33); 148(985.12); 149(550.3); 150(142.36); 151(203.62); 152(537.34); 153(592.2); 154(526.1); 155(623.68); 156(627.83); 157(560.97); 158(407.6); 159(62.93); 160(894.53); 161(327.59); 162(996.08); 163(406.69); 164(341.5); 165(438.19); 166(272.07); 167(647.43); 168(493.84); 169(288.66); 170(246.15); 171(60.94); 172(188.45); 173(731.45); 174(333.07); 175(668.45); 176(861.54); 177(418.08); 178(255.04); 179(981.59); 180(357.07); 181(799.37); 182(298.79); 183(137.17); 184(418.38); 185(258.12); 186(948.38); 187(836.84); 188(629.55); 189(136.17); 190(333.12); 191(355.99); 192(980.61); 193(411.53); 194(120.1); 195(283.92); 196(323.96); 197(634.06); 198(444.97); 199(847.16); 200(99.86); 201(815.45); 202(290.19); 203(885.89); 204(289.49); 205(81.76); 206(232.93); 207(516.78); 208(880.96); 209(691.5); 210(191.2); 211(870.57); 212(309.05); 213(951.74); 214(804.67); 215(34.14); 216(889.97); 217(887.53); 218(646.5); 219(230.34); 220(918.26); 221(525.09); 222(56.23); 223(475.82); 224(424.43); 225(74.26); 226(443.71); 227(401.91); 228(445.73); 229(597.43); 230(517.64); 231(690.65); 232(819.51); 233(850.51); 234(754.34); 235(232.12); 236(766.71); 237(969.08); 238(188.2); 239(552.07); 240(794.78); 241(661.79); 242(712.07); 243(128.14); 244(274.02); 245(805.81); 246(936.8); 247(890.77); 248(66.03); 249(212.39); 250(290.5); 251(775.62); 252(518.6); 253(702.03); 254(105.21); 255(63.47); 256(301.36); 257(546.12); 258(429.91); 259(934.75); 260(382.02); 261(790.9); 262(925.58); 263(420.8); 264(177.11); 265(955.84); 266(364.63); 267(641.76); 268(378.77); 269(814.56); 270(131.36); 271(678.93); 272(652.92); 273(278.02); 274(433.45); 275(2.69); 276(52.04); 277(72.13); 278(192.71); 279(349.04); 280(478.41); 281(346.93); 282(853.5); 283(760.28); 284(861.15); 285(270.26); 286(754.77); 287(351.81); 288(127.74); 289(120.51); 290(235.28); 291(42.92); 292(237.25); 293(227.99); 294(778.18); 295(168.63); 296(739.23); 297(654.09); 298(450.61); 299(399.28); 300(297.95); 301(554.09); 302(188.31); 303(716.86); 304(50.12); 305(107.46); 306(86.74); 307(855.47); 308(105.45); 309(111.53); 310(217.4); 311(828.65); 312(314.88); 313(939.29); 314(371.69); 315(364.3); 316(533.03); 317(338.74); 318(474.38); 319(975.78); 320(364.28); 321(85.73); 322(413.15); 323(713.83); 324(393.77); 325(460.36); 326(205.09); 327(566.71); 328(222.09); 329(263.29); 330(169.51); 331(827.39); 332(473.49); 333(423.66); 334(977.73); 335(944.45); 336(576.08); 337(357.53); 338(284.36); 339(999.74); 340(759.75); 341(457.52); 342(987.45); 343(206.04); 344(440.3); 345(834.16); 346(651.28); 347(316.77); 348(672.82); 349(639.14); 350(279.08); 351(533.31); 352(269.89); 353(254.94); 354(219.85); 355(421.5); 356(808.76); 357(514.44); 358(849.26); 359(939.65); 360(866.54); 361(864.75); 362(628.91); 363(988.79); 364(793.07); 365(240.58); 366(472.12); 367(232.86); 368(893.68); 369(426.44); 370(287.82); 371(820.51); 372(402.96); 373(296.73); 374(96.75); 375(501.3); 376(835.43); 377(909.35); 378(996.35); 379(876.02); 380(244.92); 381(226.7); 382(877.28); 383(261.16); 384(505.82); 385(476.63); 386(35.58); 387(960.16); 388(750.15); 389(893.78); 390(451.35); 391(150.18); 392(652.09); 393(837.47); 394(297.61); 395(905.02); 396(771.29); 398(227.34); 399(941.3); 400(303.82); 401(707.28); 402(141.37); 403(636.55); 404(156.73); 405(102.85); 406(266.15); 407(426.35); 408(224.87); 409(412.21); 410(820.66); 411(227.39); 412(550.52); 413(426.69); 414(494.1); 415(978.01); 416(781.07); 417(14.73); 418(706.0); 419(951.53); 420(794.18); 421(390.27); 422(274.7); 423(382.7); 424(745.59); 425(565.65); 426(76.99); 427(683.06); 428(436.86); 429(8.45); 430(40.63); 431(431.75); 432(322.07); 433(279.95); 434(687.96); 435(572.22); 436(507.51); 437(365.66); 438(184.47); 439(241.19); 440(791.07); 441(512.43); 442(649.38); 443(160.19); 444(807.47); 445(782.36); 446(318.07); 447(997.73); 448(440.82); 449(187.69); 450(507.16); 451(463.58); 452(933.01); 453(612.39); 454(391.08); 455(966.27); 456(68.65); 457(107.86); 458(457.61); 459(719.51); 460(345.37); 461(805.46); 462(358.9); 463(203.04); 464(960.13); 465(425.16); 466(12.39); 467(598.32); 468(635.21); 469(154.22); 470(225.03); 471(528.64); 472(371.44); 473(405.53); 474(760.49); 475(151.0); 476(573.41); 477(512.28); 478(724.69); 479(667.01); 480(602.56); 481(952.12); 482(566.32); 483(201.84); 484(508.39); 485(827.83); 486(0.03); 487(593.31); 488(683.11); 489(874.76); 490(218.29); 491(793.08); 492(625.88); 493(484.9); 494(716.56); 495(642.93); 496(817.19); 497(269.46); 498(186.06); 499(125.93),1
398,0(509.12); 1(340.69); 2(359.54); 3(558.85); 4(306.07); 5(245.25); 6(556.18); 7(385.85); 8(803.53); 9(616.37); 10(774.75); 11(474.37); 12(574.43); 13(506.52); 14(937.54); 15(22.76); 16(881.52); 17(754.7); 18(616.84); 19(658.15); 20(444.35); 21(28.78); 22(840.39); 23(293.96); 24(146.01); 25(96.76); 26(358.75); 27(253.37); 28(446.22); 29(41.55); 30(546.21); 31(763.06); 32(961.21); 33(129.84); 34(541.51); 35(962.64); 36(369.85); 37(421.77); 38(159.19); 39(474.03); 40(502.73); 41(712.08); 42(328.24); 43(536.21); 44(78.26); 45(434.6); 46(728.62); 47(391.71); 48(224.73); 49(654.41); 50(264.75); 51(208.64); 52(741.14); 53(88.43); 54(965.15); 55(227.55); 56(945.02); 57(699.17); 58(524.38); 59(145.4); 60(526.49); 61(685.43); 62(309.15); 63(630.9); 64(417.57); 65(982.43); 66(955.0); 67(832.67); 68(78.9); 69(449.78); 70(475.43); 71(436.91); 72(862.4); 73(421.84); 74(250.3); 75(475.06); 76(666.38); 77(325.11); 78(318.64); 79(407.71); 80(386.98); 81(768.9); 82(312.89); 83(502.81); 84(760.48); 85(415.13); 86(148.63); 87(515.34); 88(704.13); 89(836.16); 90(867.69); 91(379.76); 92(828.47); 93(549.36); 94(115.18); 95(254.26); 96(288.92); 97(631.0); 98(578.15); 99(212.36); 100(387.34); 101(344.66); 102(821.03); 103(601.34); 104(967.53); 105(644.57); 106(70.87); 107(839.81); 108(613.33); 109(452.17); 110(204.44); 111(668.68); 112(838.19); 113(99.47); 114(122.56); 115(436.82); 116(250.97); 117(548.73); 118(849.91); 119(506.13); 120(910.69); 121(989.44); 122(945.66); 123(178.93); 124(469.9); 125(585.32); 126(142.35); 127(84.4); 128(598.88); 129(574.04); 130(630.17); 131(790.67); 132(19.47); 133(833.85); 134(733.8); 135(365.04); 136(706.83); 137(347.64); 138(103.44); 139(754.81); 140(115.88); 141(30.06); 142(627.5); 143(741.59); 144(521.75); 145(229.71); 146(986.88); 147(427.56); 148(274.61); 149(811.91); 150(130.84); 151(191.88); 152(58.01); 153(928.6); 154(317.96); 155(213.34); 156(445.98); 157(529.17); 158(747.04); 159(791.5); 160(56.17); 161(744.65); 162(403.06); 163(494.9); 164(720.65); 165(490.99); 166(743.11); 167(889.59); 168(744.88); 169(999.53); 170(313.69); 171(848.43); 172(266.32); 173(597.96); 174(931.01); 175(367.17); 176(524.3); 177(551.16); 178(888.24); 179(195.87); 180(829.85); 181(488.77); 182(772.75); 183(722.9); 184(669.48); 185(813.35); 186(331.52); 187(668.91); 188(801.26); 189(973.82); 190(424.46); 191(155.04); 192(529.24); 193(77.75); 194(179.53); 195(563.09); 196(188.1); 197(793.9); 198(488.13); 199(366.17); 200(791.95); 201(865.48); 202(805.44); 203(112.64); 204(767.51); 205(343.24); 206(260.11); 207(614.08); 208(654.1); 209(841.58); 210(428.48); 211(306.25); 212(519.8); 213(627.6); 214(756.03); 215(881.31); 216(834.24); 217(656.47); 218(446.46); 219(770.68); 220(322.02); 221(413.26); 222(751.6); 223(255.48); 224(637.26); 225(371.17); 226(157.43); 227(784.72); 228(632.0); 229(85.85); 230(821.35); 231(809.99); 232(516.08); 233(864.02); 234(690.13); 235(698.14); 236(596.48); 237(337.08); 238(467.57); 239(216.15); 240(697.04); 241(897.15); 242(462.47); 243(371.59); 244(94.39); 245(146.97); 246(15.4); 247(12.4); 248(684.6); 249(125.95); 250(33.76); 251(99.98); 252(556.43); 253(607.98); 254(585.07); 255(182.74); 256(299.07); 257(361.21); 258(918.81); 259(289.59); 260(363.07); 261(268.51); 262(994.18); 263(749.22); 264(808.83); 265(136.45); 266(785.95); 267(564.34); 268(424.59); 269(292.76); 270(206.8); 271(334.47); 272(121.61); 273(771.3); 274(508.45); 275(899.09); 276(498.67); 277(59.12); 278(579.98); 279(79.45); 280(256.03); 281(813.61); 282(680.5); 283(287.44); 284(356.9); 285(939.95); 286(240.05); 287(769.2); 288(627.73); 289(165.59); 290(628.91); 291(431.39); 292(364.14); 293(935.9); 294(845.26); 295(74.0); 296(848.76); 297(811.29); 298(586.36); 299(506.99); 300(166.39); 301(387.98); 302(665.98); 303(397.54); 304(753.14); 305(54.5); 306(549.52); 307(487.55); 308(701.76); 309(851.49); 310(667.73); 311(202.91); 312(815.57); 313(212.65); 314(726.82); 315(105.07); 316(25.95); 317(250.73); 318(437.73); 319(275.67); 320(45.46); 321(196.44); 322(526.09); 323(908.0); 324(408.59); 325(219.19); 326(896.68); 327(628.24); 328(94.17); 329(7.14); 330(144.55); 331(162.07); 332(351.0); 333(784.37); 334(571.49); 335(909.52); 336(655.74); 337(769.75); 338(848.01); 339(175.06); 340(713.12); 341(838.96); 342(494.32); 343(886.71); 344(461.62); 345(206.27); 346(946.53); 347(934.0); 348(287.54); 349(997.25); 350(246.52); 351(133.73); 352(329.04); 353(170.61); 354(444.41); 355(100.44); 356(759.69); 357(245.86); 358(788.13); 359(953.0); 360(913.67); 361(869.75); 362(312.68); 363(203.51); 364(874.75); 365(207.4); 366(818.17); 367(32.27); 368(340.83); 369(453.26); 370(290.29); 371(168.2); 372(586.74); 373(930.42); 374(968.58); 375(924.25); 376(782.02); 377(170.07); 378(495.57); 379(965.28); 380(148.88); 381(357.3); 382(968.37); 383(755.26); 384(920.7); 385(728.23); 386(135.88); 387(160.78); 388(872.32); 389(897.6); 390(232.35); 391(819.3); 392(653.5); 393(328.64); 394(456.2); 395(972.08); 396(735.26); 397(227.34); 399(467.19); 400(520.98); 401(867.28); 402(261.28); 403(14.83); 404(284.56); 405(649.91); 406(113.11); 407(168.61); 408(279.62); 409(117.61); 410(507.85); 411(512.01); 412(97.16); 413(762.04); 414(874.74); 415(50.53); 416(913.86); 417(640.9); 418(289.65); 419(383.0); 420(411.1); 421(681.92); 422(671.11); 423(160.54); 424(221.45); 425(67.11); 426(721.06); 427(833.03); 428(294.64); 429(265.06); 430(175.45); 431(572.92); 432(341.96); 433(395.23); 434(547.12); 435(892.27); 436(509.42); 437(226.84); 438(550.74); 439(444.5); 440(680.48); 441(749.79); 442(882.74); 443(182.18); 444(839.4); 445(977.71); 446(38.41); 447(785.63); 448(554.77); 449(622.86); 450(585.8); 451(838.74); 452(918.58); 453(500.24); 454(883.4); 455(49.99); 456(147.46); 457(697.71); 458(866.78); 459(234.53); 460(620.5); 461(818.79); 462(5.71); 463(253.4); 464(26.34); 465(308.39); 466(783.85); 467(517.71); 468(947.18); 469(420.77); 470(315.96); 471(394.48); 472(38.94); 473(157.96); 474(780.26); 475(887.99); 476(690.53); 477(242.46); 478(817.92); 479(634.89); 480(851.75); 481(345.57); 482(109.36); 483(345.15); 484(72.61); 485(653.59); 486(169.11); 487(94.48); 488(377.13); 489(759.5); 490(552.1); 491(38.87); 492(841.39); 493(931.87); 494(1.38); 495(60.67); 496(44.02); 497(698.91); 498(563.99); 499(636.72),1
399,0(485.34); 1(763.48); 2(948.72); 3(970.07); 4(889.12); 5(16.53); 6(306.99); 7(289.85); 8(925.89); 9(817.91); 10(814.97); 11(669.04); 12(188.8); 13(783.59); 14(100.88); 15(458.78); 16(804.91); 17(789.91); 18(550.68); 19(553.22); 20(890.4); 21(246.34); 22(796.11); 23(189.63); 24(1.79); 25(56.85); 26(445.29); 27(856.65); 28(914.67); 29(733.38); 30(580.31); 31(256.69); 32(675.83); 33(812.7); 34(14.37); 35(409.91); 36(707.28); 37(530.59); 38(428.24); 39(307.13); 40(116.41); 41(428.67); 42(87.64); 43(688.35); 44(721.69); 45(705.67); 46(682.63); 47(943.16); 48(771.84); 49(70.46); 50(378.64); 51(348.12); 52(81.04); 53(996.03); 54(36.73); 55(866.35); 56(767.88); 57(450.5); 58(941.37); 59(965.15); 60(977.55); 61(773.59); 62(558.22); 63(259.71); 64(210.94); 65(749.08); 66(480.92); 67(597.17); 68(425.05); 69(298.11); 70(291.75); 71(175.26); 72(291.68); 73(468.34); 74(178.98); 75(143.9); 76(977.34); 77(245.18); 78(508.07); 79(655.39); 80(23.31); 81(841.24); 82(724.61); 83(836.95); 84(851.63); 85(325.13); 86(433.65); 87(647.2); 88(680.27); 89(576.86); 90(103.54); 91(576.3); 92(635.44); 93(124.91); 94(432.53); 95(505.26); 96(390.83); 97(723.85); 98(655.15); 99(557.35); 100(275.42); 101(737.44); 102(8.72); 103(75.33); 104(731.48); 105(672.23); 106(215.77); 107(134.33); 108(611.55); 109(996.7); 110(422.29); 111(772.23); 112(383.53); 113(837.27); 114(254.37); 115(463.76); 116(800.55); 117(732.51); 118(468.44); 119(811.48); 120(498.48); 121(525.93); 122(625.43); 123(861.61); 124(315.66); 125(624.55); 126(951.63); 127(553.36); 128(367.47); 129(568.88); 130(162.32); 131(135.75); 132(770.99); 133(226.65); 134(469.7); 135(992.49); 136(44.84); 137(636.58); 138(605.68); 139(755.56); 140(538.49); 141(745.11); 142(444.13); 143(872.38); 144(410.56); 145(928.35); 146(761.78); 147(230.0); 148(883.05); 149(8.78); 150(508.93); 151(906.25); 152(264.21); 153(51.71); 154(918.96); 155(2.11); 156(110.38); 157(16.18); 158(734.53); 159(739.55); 160(378.47); 161(908.23); 162(599.28); 163(663.22); 164(802.35); 165(665.87); 166(968.81); 167(182.78); 168(251.45); 169(64.11); 170(433.29); 171(173.87); 172(604.04); 173(826.84); 174(484.78); 175(827.29); 176(829.16); 177(127.76); 178(813.31); 179(221.43); 180(680.72); 181(508.96); 182(830.52); 183(95.67); 184(105.71); 185(453.1); 186(472.35); 187(606.44); 188(103.1); 189(59.37); 190(690.77); 191(585.53); 192(799.0); 193(308.38); 194(901.91); 195(695.24); 196(65.72); 197(100.72); 198(846.44); 199(567.83); 200(411.16); 201(388.04); 202(223.11); 203(696.75); 204(516.5); 205(714.11); 206(279.12); 207(620.31); 208(702.32); 209(736.67); 210(794.35); 211(25.47); 212(883.33); 213(300.9); 214(782.45); 215(418.4); 216(244.73); 217(912.24); 218(446.39); 219(978.11); 220(896.59); 221(873.41); 222(206.77); 223(564.56); 224(171.04); 225(834.46); 226(144.56); 227(767.95); 228(385.83); 229(944.99); 230(851.07); 231(748.81); 232(808.36); 233(937.22); 234(644.61); 235(857.79); 236(518.26); 237(724.06); 238(531.71); 239(486.66); 240(991.2); 241(376.8); 242(276.24); 243(591.79); 244(711.65); 245(145.3); 246(861.85); 247(443.52); 248(909.23); 249(647.9); 250(872.39); 251(461.98); 252(747.92); 253(652.98); 254(241.52); 255(836.9); 256(973.78); 257(196.27); 258(1.18); 259(386.83); 260(476.24); 261(377.85); 262(30.84); 263(636.16); 264(476.72); 265(282.67); 266(330.63); 267(784.06); 268(740.1); 269(654.75); 270(894.54); 271(820.22); 272(520.37); 273(796.49); 274(626.74); 275(980.15); 276(862.95); 277(176.96); 278(690.0); 279(266.04); 280(790.01); 281(227.35); 282(792.06); 283(65.08); 284(39.39); 285(292.36); 286(228.82); 287(816.38); 288(431.97); 289(267.74); 290(259.74); 291(693.31); 292(141.44); 293(508.18); 294(240.0); 295(100.7); 296(265.02); 297(985.88); 298(25.66); 299(624.36); 300(970.99); 301(100.86); 302(276.18); 303(131.78); 304(27.41); 305(568.86); 306(807.03); 307(769.2); 308(534.96); 309(422.46); 310(271.56); 311(600.9); 312(724.53); 313(434.98); 314(546.85); 315(889.64); 316(940.6); 317(60.78); 318(216.75); 319(456.64); 320(584.18); 321(24.57); 322(48.08); 323(697.04); 324(680.77); 325(674.98); 326(631.73); 327(388.1); 328(292.84); 329(223.74); 330(232.08); 331(571.11); 332(6.94); 333(338.72); 334(970.38); 335(186.63); 336(884.09); 337(142.26); 338(333.46); 339(25.58); 340(80.42); 341(468.09); 342(958.17); 343(867.44); 344(693.76); 345(888.58); 346(138.54); 347(717.91); 348(802.84); 349(680.86); 350(971.36); 351(862.81); 352(895.91); 353(896.0); 354(716.15); 355(872.22); 356(223.07); 357(141.39); 358(678.81); 359(56.39); 360(104.88); 361(76.44); 362(799.15); 363(10.27); 364(37.91); 365(946.42); 366(676.31); 367(336.92); 368(463.1); 369(134.51); 370(343.71); 371(533.22); 372(107.55); 373(322.96); 374(958.52); 375(55.5); 376(746.69); 377(248.39); 378(532.25); 379(925.48); 380(948.36); 381(512.92); 382(910.04); 383(183.26); 384(838.64); 385(71.69); 386(744.16); 387(502.71); 388(13.14); 389(90.85); 390(22.35); 391(207.9); 392(641.67); 393(17.47); 394(45.56); 395(129.27); 396(429.98); 397(941.3); 398(467.19); 400(695.49); 401(372.6); 402(895.92); 403(292.85); 404(949.01); 405(796.24); 406(83.46); 407(867.27); 408(701.32); 409(171.2); 410(975.13); 411(352.4); 412(464.6); 413(715.56); 414(273.36); 415(460.81); 416(901.91); 417(624.82); 418(237.6); 419(771.35); 420(613.08); 421(498.02); 422(299.9); 423(983.65); 424(111.88); 425(428.16); 426(964.85); 427(94.07); 428(301.68); 429(751.95); 430(852.65); 431(107.7); 432(600.35); 433(692.26); 434(6.37); 435(298.84); 436(167.52); 437(489.4); 438(954.31); 439(948.64); 440(595.7); 441(367.02); 442(376.53); 443(486.76); 444(93.11); 445(389.66); 446(198.9); 447(627.65); 448(937.38); 449(62.96); 450(192.06); 451(857.37); 452(943.16); 453(929.57); 454(178.87); 455(357.54); 456(736.87); 457(952.58); 458(930.9); 459(517.05); 460(391.57); 461(588.83); 462(208.12); 463(559.13); 464(466.13); 465(227.76); 466(19.99); 467(493.69); 468(804.91); 469(439.07); 470(730.68); 471(966.13); 472(96.55); 473(334.72); 474(255.62); 475(681.11); 476(243.54); 477(68.01); 478(402.55); 479(956.3); 480(898.11); 481(564.24); 482(665.9); 483(495.5); 484(986.65); 485(741.14); 486(67.43); 487(582.38); 488(187.27); 489(691.09); 490(621.76); 491(944.75); 492(663.02); 493(110.24); 494(303.89); 495(421.84); 496(708.67); 497(314.73); 498(690.21); 499(859.31),2
400,0(896.98); 1(522.58); 2(524.57); 3(273.79); 4(316.31); 5(542.79); 6(384.07); 7(59.75); 8(29.79); 9(990.17); 10(256.72); 11(183.85); 12(46.57); 13(543.96); 14(98.73); 15(281.18); 16(521.86); 17(384.63); 18(670.08); 19(988.36); 20(342.99); 21(252.87); 22(579.11); 23(323.24); 24(854.54); 25(95.91); 26(542.56); 27(48.69); 28(717.34); 29(272.26); 30(563.83); 31(510.09); 32(601.28); 33(924.68); 34(430.65); 35(885.56); 36(673.61); 37(459.82); 38(760.62); 39(170.89); 40(238.12); 41(270.46); 42(218.51); 43(628.81); 44(184.56); 45(695.47); 46(496.98); 47(578.33); 48(774.99); 49(284.73); 50(239.6); 51(687.52); 52(591.05); 53(959.69); 54(496.74); 55(155.64); 56(697.83); 57(164.58); 58(405.88); 59(125.93); 60(375.95); 61(835.11); 62(208.55); 63(143.74); 64(289.35); 65(467.55); 66(196.54); 67(750.29); 68(785.28); 69(374.91); 70(919.17); 71(681.01); 72(103.34); 73(36.67); 74(293.38); 75(296.32); 76(112.76); 77(372.47); 78(260.66); 79(801.64); 80(17.53); 81(353.28); 82(303.04); 83(730.18); 84(852.92); 85(54.89); 86(518.26); 87(10.07); 88(838.13); 89(236.69); 90(118.78); 91(898.92); 92(468.23); 93(12.28); 94(609.59); 95(958.33); 96(881.54); 97(829.75); 98(52.84); 99(150.66); 100(600.65); 101(498.63); 102(709.4); 103(562.11); 104(266.35); 105(358.99); 106(578.68); 107(578.01); 108(592.31); 109(63.49); 110(598.98); 111(888.13); 112(789.34); 113(921.78); 114(18.9); 115(693.49); 116(357.84); 117(185.61); 118(646.18); 119(822.69); 120(771.46); 121(261.57); 122(235.74); 123(215.64); 124(335.49); 125(155.12); 126(996.66); 127(819.81); 128(956.97); 129(877.5); 130(585.87); 131(260.49); 132(334.26); 133(887.85); 134(324.94); 135(14.51); 136(717.4); 137(83.83); 138(802.04); 139(411.18); 140(233.05); 141(309.44); 142(91.14); 143(820.95); 144(566.91); 145(261.15); 146(61.23); 147(411.11); 148(890.3); 149(946.75); 150(144.39); 151(577.26); 152(570.05); 153(326.57); 154(377.54); 155(285.13); 156(413.25); 157(7.71); 158(885.42); 159(393.57); 160(398.04); 161(78.69); 162(803.81); 163(801.53); 164(328.3); 165(102.58); 166(20.11); 167(843.82); 168(401.89); 169(530.81); 170(991.54); 171(329.41); 172(579.85); 173(333.66); 174(490.68); 175(294.89); 176(859.7); 177(339.81); 178(683.99); 179(933.58); 180(520.04); 181(21.05); 182(914.34); 183(509.12); 184(433.68); 185(359.08); 186(463.59); 187(645.26); 188(186.51); 189(377.98); 190(819.37); 191(74.29); 192(368.56); 193(948.86); 194(285.25); 195(136.08); 196(679.33); 197(453.65); 198(395.55); 199(652.25); 200(156.86); 201(126.6); 202(466.04); 203(879.14); 204(67.86); 205(719.0); 206(835.83); 207(227.75); 208(251.02); 209(568.3); 210(492.05); 211(388.59); 212(732.18); 213(884.66); 214(749.76); 215(400.15); 216(540.63); 217(198.78); 218(938.95); 219(550.48); 220(542.91); 221(259.84); 222(201.3); 223(96.63); 224(74.15); 225(920.32); 226(114.88); 227(300.58); 228(461.5); 229(949.69); 230(247.62); 231(659.84); 232(935.64); 233(292.22); 234(522.29); 235(665.03); 236(807.54); 237(269.23); 238(814.52); 239(550.35); 240(871.88); 241(983.42); 242(365.15); 243(475.45); 244(240.75); 245(735.92); 246(900.0); 247(483.98); 248(203.34); 249(820.3); 250(758.44); 251(888.18); 252(738.83); 253(510.58); 254(107.17); 255(54.1); 256(705.58); 257(142.88); 258(39.59); 259(699.48); 260(878.1); 261(460.63); 262(119.96); 263(634.57); 264(281.47); 265(105.89); 266(559.56); 267(138.35); 268(773.0); 269(935.28); 270(706.88); 271(170.5); 272(520.66); 273(47.64); 274(746.04); 275(817.11); 276(177.13); 277(51.22); 278(243.18); 279(51.24); 280(337.25); 281(463.55); 282(767.19); 283(552.3); 284(20.8); 285(168.73); 286(723.86); 287(473.58); 288(339.61); 289(806.98); 290(884.6); 291(546.88); 292(817.64); 293(684.89); 294(657.11); 295(906.49); 296(469.14); 297(632.63); 298(71.65); 299(43.18); 300(150.26); 301(925.16); 302(964.03); 303(240.15); 304(58.36); 305(827.37); 306(365.01); 307(114.11); 308(719.15); 309(46.42); 310(177.85); 311(565.11); 312(583.21); 313(173.83); 314(875.27); 315(14.36); 316(462.02); 317(25.31); 318(469.82); 319(357.29); 320(650.14); 321(714.28); 322(601.19); 323(956.49); 324(249.41); 325(486.69); 326(602.31); 327(620.16); 328(714.55); 329(163.96); 330(533.78); 331(692.74); 332(955.57); 333(900.62); 334(794.11); 335(475.71); 336(641.73); 337(217.6); 338(471.21); 339(444.77); 340(884.21); 341(181.76); 342(302.43); 343(457.22); 344(678.6); 345(403.19); 346(759.88); 347(792.53); 348(936.25); 349(411.93); 350(630.07); 351(377.5); 352(389.38); 353(70.98); 354(964.63); 355(944.55); 356(46.98); 357(436.02); 358(579.35); 359(867.44); 360(30.5); 361(859.94); 362(210.57); 363(84.58); 364(542.26); 365(134.77); 366(623.51); 367(924.26); 368(644.67); 369(509.15); 370(954.25); 371(419.49); 372(248.33); 373(226.64); 374(80.39); 375(706.64); 376(544.41); 377(856.36); 378(173.65); 379(829.81); 380(567.7); 381(655.75); 382(440.58); 383(172.13); 384(578.05); 385(221.3); 386(202.46); 387(839.33); 388(132.33); 389(42.26); 390(595.98); 391(89.49); 392(996.62); 393(811.05); 394(260.03); 395(174.72); 396(114.53); 397(303.82); 398(520.98); 399(695.49); 401(507.19); 402(576.24); 403(176.03); 404(815.05); 405(227.94); 406(919.05); 407(290.55); 408(944.66); 409(160.96); 410(790.87); 411(520.15); 412(533.09); 413(779.03); 414(256.18); 415(645.52); 416(149.03); 417(27.62); 418(164.3); 419(486.4); 420(259.1); 421(438.2); 422(677.07); 423(55.69); 424(86.67); 425(232.42); 426(222.78); 427(512.9); 428(135.85); 429(273.47); 430(505.08); 431(238.06); 432(127.22); 433(276.89); 434(994.2); 435(665.27); 436(727.65); 437(828.41); 438(173.04); 439(762.18); 440(934.69); 441(282.91); 442(213.38); 443(259.04); 444(633.62); 445(580.97); 446(711.31); 447(965.42); 448(899.84); 449(66.13); 450(511.48); 451(62.09); 452(561.5); 453(71.77); 454(413.37); 455(289.13); 456(350.59); 457(531.73); 458(419.49); 459(249.51); 460(840.09); 461(157.22); 462(796.22); 463(191.03); 464(521.4); 465(94.34); 466(263.14); 467(192.6); 468(326.16); 469(413.26); 470(616.01); 471(563.45); 472(934.55); 473(954.78); 474(414.58); 475(496.78); 476(87.61); 477(449.18); 478(437.63); 479(426.18); 480(285.01); 481(997.97); 482(750.88); 483(966.69); 484(7.75); 485(739.22); 486(235.69); 487(413.69); 488(623.84); 489(793.63); 490(178.83); 491(607.85); 492(360.15); 493(870.04); 494(213.23); 495(280.42); 496(232.07); 497(765.52); 498(631.04); 499(381.09),1
401,0(744.85); 1(263.9); 2(132.9); 3(130.75); 4(208.11); 5(725.47); 6(131.3); 7(992.01); 8(740.38); 9(147.69); 10(102.11); 11(314.59); 12(595.73); 13(826.3); 14(912.54); 15(29.26); 16(397.92); 17(934.02); 18(69.74); 19(162.26); 20(657.32); 21(5.1); 22(491.06); 23(352.99); 24(533.92); 25(643.07); 26(405.04); 27(320.07); 28(126.49); 29(110.0); 30(382.05); 31(385.65); 32(37.68); 33(167.89); 34(442.12); 35(755.76); 36(90.52); 37(227.33); 38(257.13); 39(860.3); 40(945.47); 41(845.08); 42(535.37); 43(382.05); 44(650.01); 45(997.0); 46(852.98); 47(566.94); 48(447.82); 49(245.38); 50(198.11); 51(580.34); 52(894.58); 53(321.46); 54(129.75); 55(326.47); 56(771.11); 57(58.41); 58(367.07); 59(555.76); 60(371.12); 61(469.67); 62(851.91); 63(90.49); 64(507.46); 65(762.26); 66(488.3); 67(248.91); 68(365.71); 69(783.19); 70(958.7); 71(918.61); 72(344.75); 73(618.63); 74(687.23); 75(351.22); 76(369.81); 77(850.02); 78(323.73); 79(934.08); 80(982.51); 81(536.47); 82(524.62); 83(471.91); 84(410.84); 85(843.58); 86(92.65); 87(164.36); 88(133.65); 89(165.51); 90(662.91); 91(565.81); 92(765.13); 93(230.68); 94(474.19); 95(253.77); 96(423.65); 97(19.91); 98(130.54); 99(30.72); 100(758.59); 101(419.22); 102(708.05); 103(887.81); 104(425.17); 105(641.36); 106(696.85); 107(541.54); 108(56.52); 109(291.35); 110(398.03); 111(963.05); 112(10.59); 113(848.36); 114(996.87); 115(87.09); 116(84.67); 117(558.49); 118(326.98); 119(317.89); 120(64.83); 121(730.62); 122(885.26); 123(528.46); 124(531.98); 125(64.95); 126(978.26); 127(862.33); 128(106.12); 129(443.42); 130(413.84); 131(823.85); 132(38.99); 133(466.01); 134(639.81); 135(532.16); 136(976.69); 137(146.34); 138(197.17); 139(664.99); 140(501.31); 141(358.28); 142(365.93); 143(787.41); 144(743.05); 145(44.81); 146(485.92); 147(494.52); 148(272.01); 149(591.73); 150(165.57); 151(836.93); 152(854.28); 153(958.3); 154(221.64); 155(54.33); 156(522.35); 157(611.33); 158(287.79); 159(891.9); 160(962.1); 161(835.8); 162(833.55); 163(79.23); 164(518.79); 165(838.63); 166(521.6); 167(69.15); 168(655.11); 169(811.96); 170(344.83); 171(837.77); 172(453.44); 173(995.88); 174(292.19); 175(974.66); 176(545.28); 177(778.6); 178(927.62); 179(649.69); 180(737.34); 181(596.36); 182(940.82); 183(755.14); 184(320.95); 185(898.46); 186(387.83); 187(88.99); 188(284.07); 189(464.51); 190(56.69); 191(636.18); 192(515.16); 193(197.36); 194(684.39); 195(515.71); 196(150.47); 197(847.93); 198(693.92); 199(95.12); 200(415.78); 201(726.6); 202(24.36); 203(700.62); 204(325.0); 205(531.17); 206(749.78); 207(843.65); 208(139.23); 209(117.81); 210(684.31); 211(86.16); 212(944.97); 213(129.62); 214(402.79); 215(301.3); 216(659.55); 217(260.24); 218(480.14); 219(852.87); 220(120.65); 221(374.63); 222(661.06); 223(712.96); 224(398.19); 225(761.61); 226(391.71); 227(943.17); 228(749.49); 229(405.81); 230(359.9); 231(361.23); 232(683.76); 233(74.77); 234(165.82); 235(802.17); 236(971.66); 237(306.71); 238(28.24); 239(117.42); 240(198.93); 241(430.23); 242(749.96); 243(639.35); 244(356.05); 245(18.52); 246(71.41); 247(394.08); 248(879.58); 249(310.29); 250(986.99); 251(707.55); 252(723.65); 253(785.31); 254(579.06); 255(874.7); 256(583.06); 257(318.34); 258(773.37); 259(728.06); 260(164.23); 261(762.16); 262(304.06); 263(940.84); 264(74.98); 265(551.32); 266(282.13); 267(261.05); 268(940.09); 269(838.14); 270(985.88); 271(606.54); 272(192.72); 273(23.56); 274(384.65); 275(244.57); 276(969.46); 277(584.57); 278(650.41); 279(900.4); 280(247.77); 281(696.13); 282(178.4); 283(573.34); 284(150.46); 285(211.52); 286(480.98); 287(619.95); 288(624.92); 289(921.45); 290(146.29); 291(303.96); 292(26.77); 293(1.77); 294(129.11); 295(897.58); 296(810.64); 297(281.19); 298(260.35); 299(100.29); 300(861.19); 301(867.38); 302(911.11); 303(36.2); 304(448.19); 305(72.25); 306(488.05); 307(250.99); 308(30.95); 309(815.96); 310(273.61); 311(355.27); 312(723.47); 313(831.51); 314(425.2); 315(397.76); 316(706.04); 317(903.85); 318(610.67); 319(190.23); 320(519.33); 321(556.38); 322(566.21); 323(461.59); 324(308.72); 325(596.55); 326(477.59); 327(703.01); 328(627.78); 329(888.24); 330(937.94); 331(471.14); 332(53.26); 333(409.38); 334(522.46); 335(644.18); 336(112.78); 337(229.85); 338(506.57); 339(940.96); 340(376.77); 341(913.05); 342(682.91); 343(665.68); 344(268.78); 345(378.35); 346(311.21); 347(828.27); 348(119.79); 349(828.62); 350(31.57); 351(813.68); 352(22.91); 353(115.11); 354(628.73); 355(903.92); 356(503.3); 357(692.2); 358(914.1); 359(518.01); 360(849.15); 361(786.84); 362(42.24); 363(203.98); 364(860.01); 365(732.1); 366(915.65); 367(245.39); 368(804.69); 369(159.49); 370(252.46); 371(162.71); 372(59.51); 373(47.98); 374(481.04); 375(90.57); 376(629.1); 377(171.4); 378(352.56); 379(772.68); 380(327.38); 381(241.63); 382(599.16); 383(546.78); 384(653.77); 385(651.71); 386(767.12); 387(195.9); 388(952.89); 389(180.7); 390(256.9); 391(585.26); 392(108.54); 393(411.37); 394(520.09); 395(154.15); 396(767.8); 397(707.28); 398(867.28); 399(372.6); 400(507.19); 402(368.07); 403(310.52); 404(551.99); 405(630.05); 406(282.36); 407(928.69); 408(535.52); 409(540.89); 410(436.11); 411(782.11); 412(692.89); 413(187.52); 414(490.33); 415(433.9); 416(745.75); 417(233.4); 418(582.75); 419(459.18); 420(769.87); 421(872.08); 422(863.63); 423(558.54); 424(735.84); 425(454.48); 426(507.95); 427(437.98); 428(86.85); 429(122.92); 430(376.86); 431(926.29); 432(167.44); 433(960.06); 434(474.8); 435(857.12); 436(619.5); 437(961.63); 438(827.62); 439(541.94); 440(782.74); 441(196.6); 442(579.51); 443(90.8); 444(405.23); 445(577.22); 446(954.21); 447(77.44); 448(268.8); 449(462.21); 450(154.39); 451(448.57); 452(168.49); 453(413.78); 454(296.56); 455(614.77); 456(744.71); 457(479.29); 458(393.36); 459(829.31); 460(542.67); 461(393.11); 462(381.6); 463(677.46); 464(390.75); 465(785.97); 466(499.14); 467(487.3); 468(282.59); 469(890.86); 470(855.61); 471(723.99); 472(761.24); 473(18.79); 474(109.33); 475(326.67); 476(6.89); 477(447.17); 478(614.82); 479(673.36); 480(219.65); 481(619.1); 482(54.96); 483(510.61); 484(781.03); 485(242.88); 486(245.19); 487(510.9); 488(591.47); 489(637.95); 490(466.95); 491(773.51); 492(896.0); 493(331.87); 494(782.71); 495(357.19); 496(773.52); 497(131.89); 498(95.46); 499(527.02),1
402,0(327.88); 1(420.65); 2(122.13); 3(987.74); 4(349.41); 5(714.83); 6(430.34); 7(123.06); 8(289.83); 9(817.39); 10(919.52); 11(978.28); 12(288.86); 13(601.92); 14(911.87); 15(509.62); 16(281.12); 17(242.26); 18(335.12); 19(778.0); 20(597.4); 21(529.8); 22(306.58); 23(22.08); 24(817.19); 25(301.97); 26(240.64); 27(696.1); 28(892.75); 29(975.45); 30(373.39); 31(547.29); 32(656.27); 33(765.85); 34(926.3); 35(730.34); 36(84.33); 37(406.22); 38(487.78); 39(841.94); 40(778.78); 41(861.45); 42(269.37); 43(913.1); 44(357.22); 45(497.2); 46(31.22); 47(459.83); 48(128.75); 49(369.73); 50(760.6); 51(251.11); 52(171.72); 53(691.71); 54(204.11); 55(419.7); 56(471.06); 57(51.58); 58(797.79); 59(328.38); 60(452.55); 61(29.32); 62(45.65); 63(297.25); 64(619.62); 65(158.12); 66(965.14); 67(779.76); 68(224.0); 69(58.74); 70(119.62); 71(572.42); 72(699.76); 73(896.17); 74(100.64); 75(147.72); 76(347.92); 77(750.31); 78(900.95); 79(704.57); 80(729.57); 81(243.5); 82(91.56); 83(659.53); 84(952.12); 85(389.5); 86(111.81); 87(994.38); 88(527.53); 89(351.28); 90(469.26); 91(722.93); 92(274.83); 93(74.68); 94(4.03); 95(624.45); 96(917.3); 97(437.6); 98(367.41); 99(741.36); 100(204.93); 101(186.96); 102(664.36); 103(254.19); 104(193.82); 105(395.57); 106(589.47); 107(671.83); 108(450.88); 109(919.43); 110(850.96); 111(714.95); 112(866.45); 113(60.86); 114(47.72); 115(274.42); 116(62.29); 117(831.31); 118(335.01); 119(415.34); 120(756.12); 121(467.99); 122(60.38); 123(584.07); 124(209.78); 125(647.72); 126(290.91); 127(741.76); 128(124.01); 129(745.79); 130(302.0); 131(377.96); 132(840.71); 133(876.0); 134(0.47); 135(490.17); 136(626.94); 137(136.06); 138(156.45); 139(695.27); 140(248.98); 141(34.05); 142(867.16); 143(539.07); 144(632.22); 145(961.05); 146(738.83); 147(275.64); 148(934.94); 149(613.97); 150(271.81); 151(760.47); 152(566.17); 153(653.93); 154(310.33); 155(80.04); 156(80.6); 157(323.79); 158(454.23); 159(984.14); 160(909.79); 161(495.06); 162(166.4); 163(911.76); 164(477.46); 165(763.78); 166(0.47); 167(519.67); 168(885.51); 169(562.55); 170(380.08); 171(86.82); 172(215.63); 173(369.15); 174(40.08); 175(722.63); 176(808.32); 177(490.02); 178(765.5); 179(64.54); 180(757.71); 181(478.37); 182(4.14); 183(280.4); 184(417.54); 185(147.16); 186(244.69); 187(71.42); 188(724.57); 189(419.97); 190(987.64); 191(153.04); 192(283.94); 193(504.74); 194(356.33); 195(252.75); 196(544.91); 197(359.86); 198(854.66); 199(306.09); 200(621.98); 201(796.98); 202(619.22); 203(373.08); 204(702.44); 205(853.33); 206(517.33); 207(941.78); 208(231.91); 209(630.34); 210(22.7); 211(199.16); 212(23.82); 213(763.24); 214(536.85); 215(520.88); 216(629.88); 217(959.29); 218(438.22); 219(436.81); 220(381.29); 221(683.31); 222(289.77); 223(961.77); 224(1.67); 225(913.92); 226(647.39); 227(557.93); 228(936.2); 229(720.04); 230(846.22); 231(28.0); 232(230.81); 233(130.71); 234(691.34); 235(678.87); 236(338.11); 237(837.16); 238(439.82); 239(67.26); 240(590.12); 241(124.58); 242(497.26); 243(965.66); 244(709.08); 245(899.8); 246(139.27); 247(828.73); 248(537.64); 249(148.22); 250(540.15); 251(24.27); 252(929.57); 253(606.42); 254(607.57); 255(276.19); 256(399.6); 257(43.98); 258(841.57); 259(585.91); 260(211.85); 261(55.74); 262(709.11); 263(535.2); 264(401.33); 265(89.5); 266(643.86); 267(395.78); 268(312.46); 269(397.73); 270(858.17); 271(967.7); 272(882.2); 273(620.46); 274(304.11); 275(442.65); 276(334.9); 277(808.83); 278(339.76); 279(742.22); 280(141.66); 281(677.77); 282(67.1); 283(404.75); 284(291.47); 285(301.77); 286(996.75); 287(756.73); 288(941.92); 289(659.05); 290(623.56); 291(104.78); 292(562.15); 293(513.96); 294(947.69); 295(845.8); 296(426.84); 297(831.18); 298(602.64); 299(61.43); 300(109.61); 301(141.39); 302(4.7); 303(13.03); 304(341.04); 305(3.12); 306(599.75); 307(363.83); 308(956.46); 309(38.38); 310(936.97); 311(630.47); 312(430.06); 313(888.18); 314(758.34); 315(366.89); 316(2.56); 317(382.5); 318(943.49); 319(696.03); 320(109.38); 321(136.96); 322(728.63); 323(347.21); 324(885.62); 325(311.63); 326(827.41); 327(310.77); 328(481.37); 329(502.72); 330(403.13); 331(112.7); 332(124.03); 333(378.13); 334(505.72); 335(666.07); 336(98.34); 337(506.63); 338(394.41); 339(875.5); 340(20.98); 341(556.51); 342(2.45); 343(54.65); 344(13.58); 345(936.7); 346(752.12); 347(336.18); 348(215.04); 349(978.29); 350(665.01); 351(326.03); 352(942.5); 353(721.14); 354(866.53); 355(468.59); 356(726.53); 357(547.48); 358(380.6); 359(718.23); 360(470.75); 361(875.5); 362(705.76); 363(36.03); 364(602.95); 365(121.45); 366(119.39); 367(155.87); 368(69.14); 369(145.35); 370(118.73); 371(106.8); 372(761.46); 373(527.6); 374(492.06); 375(296.98); 376(517.22); 377(0.46); 378(259.18); 379(936.38); 380(203.52); 381(546.07); 382(128.68); 383(725.68); 384(283.39); 385(180.96); 386(181.73); 387(732.54); 388(129.28); 389(594.14); 390(152.23); 391(946.64); 392(631.96); 393(153.43); 394(775.59); 395(846.15); 396(893.5); 397(141.37); 398(261.28); 399(895.92); 400(576.24); 401(368.07); 403(671.38); 404(737.54); 405(383.16); 406(152.9); 407(304.93); 408(71.85); 409(345.85); 410(11.33); 411(686.15); 412(112.05); 413(148.37); 414(15.33); 415(647.42); 416(887.12); 417(35.83); 418(456.54); 419(985.35); 420(530.48); 421(644.26); 422(604.44); 423(174.28); 424(454.79); 425(496.75); 426(398.72); 427(722.03); 428(510.4); 429(779.14); 430(490.87); 431(393.6); 432(347.27); 433(675.32); 434(785.52); 435(438.76); 436(618.47); 437(924.96); 438(176.75); 439(59.57); 440(204.93); 441(391.05); 442(885.58); 443(249.41); 444(963.64); 445(519.13); 446(800.56); 447(212.84); 448(482.47); 449(121.36); 450(320.43); 451(1.33); 452(815.27); 453(781.06); 454(379.2); 455(654.26); 456(30.16); 457(907.4); 458(947.87); 459(325.87); 460(488.26); 461(672.29); 462(945.42); 463(785.49); 464(441.76); 465(176.81); 466(324.18); 467(930.88); 468(544.28); 469(686.34); 470(298.17); 471(805.23); 472(408.23); 473(377.74); 474(147.68); 475(469.41); 476(881.94); 477(887.87); 478(953.85); 479(22.56); 480(510.13); 481(348.48); 482(623.49); 483(509.58); 484(616.19); 485(19.79); 486(982.36); 487(509.77); 488(76.93); 489(996.35); 490(866.83); 491(797.05); 492(606.77); 493(996.05); 494(945.91); 495(69.13); 496(777.51); 497(683.72); 498(266.52); 499(264.51),1
403,0(250.03); 1(170.72); 2(793.38); 3(850.04); 4(79.14); 5(438.4); 6(14.68); 7(877.64); 8(59.28); 9(67.94); 10(837.04); 11(205.11); 12(950.62); 13(157.73); 14(218.87); 15(423.37); 16(488.0); 17(868.73); 18(178.75); 19(370.43); 20(230.68); 21(77.86); 22(956.56); 23(570.77); 24(754.46); 25(187.01); 26(206.65); 27(723.82); 28(186.58); 29(881.97); 30(914.65); 31(169.09); 32(42.07); 33(913.93); 34(888.03); 35(465.21); 36(303.54); 37(447.39); 38(770.13); 39(72.12); 40(780.14); 41(984.29); 42(808.33); 43(445.88); 44(169.4); 45(986.64); 46(732.36); 47(694.52); 48(173.58); 49(844.21); 50(812.24); 51(108.52); 52(206.35); 53(169.14); 54(955.99); 55(181.37); 56(752.89); 57(562.46); 58(747.92); 59(565.97); 60(119.61); 61(339.59); 62(769.12); 63(835.46); 64(284.85); 65(230.82); 66(836.67); 67(426.35); 68(117.02); 69(851.39); 70(798.42); 71(342.49); 72(929.93); 73(131.29); 74(604.97); 75(269.57); 76(321.64); 77(118.49); 78(292.12); 79(902.52); 80(574.11); 81(978.69); 82(447.59); 83(304.4); 84(684.62); 85(871.03); 86(730.03); 87(850.89); 88(155.05); 89(31.71); 90(471.29); 91(218.05); 92(464.7); 93(801.22); 94(86.24); 95(574.17); 96(788.07); 97(39.27); 98(390.38); 99(950.13); 100(444.0); 101(288.61); 102(167.47); 103(212.79); 104(937.76); 105(360.6); 106(516.22); 107(245.04); 108(646.42); 109(826.89); 110(545.81); 111(300.4); 112(548.27); 113(249.05); 114(562.77); 115(893.02); 116(128.03); 117(256.03); 118(806.85); 119(739.08); 120(236.02); 121(98.57); 122(883.0); 123(882.62); 124(542.56); 125(805.96); 126(970.12); 127(205.19); 128(158.39); 129(141.35); 130(715.64); 131(403.93); 132(815.62); 133(44.01); 134(503.73); 135(77.9); 136(236.53); 137(965.11); 138(757.91); 139(904.83); 140(895.44); 141(838.06); 142(403.96); 143(477.47); 144(148.86); 145(881.99); 146(882.3); 147(947.86); 148(137.35); 149(941.02); 150(301.19); 151(464.91); 152(229.91); 153(14.49); 154(570.95); 155(594.52); 156(648.72); 157(679.51); 158(788.8); 159(752.17); 160(827.04); 161(598.94); 162(849.19); 163(56.34); 164(226.15); 165(79.42); 166(720.44); 167(710.74); 168(791.19); 169(110.82); 170(625.7); 171(351.55); 172(267.34); 173(144.38); 174(596.75); 175(28.35); 176(569.06); 177(76.49); 178(836.27); 179(120.43); 180(922.18); 181(974.28); 182(716.97); 183(703.69); 184(243.03); 185(785.37); 186(68.41); 187(138.35); 188(95.54); 189(684.66); 190(76.22); 191(457.07); 192(72.82); 193(168.84); 194(587.05); 195(823.63); 196(46.84); 197(250.95); 198(970.92); 199(0.94); 200(884.84); 201(143.78); 202(135.13); 203(747.43); 204(458.84); 205(622.71); 206(773.89); 207(872.51); 208(77.84); 209(437.47); 210(633.53); 211(142.12); 212(946.61); 213(450.31); 214(444.51); 215(423.0); 216(290.89); 217(690.19); 218(573.96); 219(735.84); 220(441.37); 221(505.16); 222(617.12); 223(730.58); 224(135.26); 225(607.04); 226(235.98); 227(193.63); 228(958.44); 229(542.47); 230(697.56); 231(66.18); 232(567.22); 233(297.74); 234(70.07); 235(68.92); 236(780.03); 237(243.2); 238(739.99); 239(29.95); 240(206.06); 241(784.39); 242(430.13); 243(645.47); 244(802.58); 245(772.82); 246(416.3); 247(108.01); 248(56.14); 249(226.2); 250(386.7); 251(98.66); 252(994.28); 253(252.71); 254(374.67); 255(70.22); 256(861.79); 257(595.95); 258(459.18); 259(747.06); 260(941.86); 261(276.82); 262(290.16); 263(683.72); 264(621.94); 265(915.04); 266(241.37); 267(868.51); 268(379.45); 269(709.47); 270(76.18); 271(619.2); 272(447.85); 273(949.1); 274(326.42); 275(779.29); 276(671.42); 277(221.19); 278(41.69); 279(183.69); 280(466.5); 281(899.43); 282(506.64); 283(307.93); 284(66.68); 285(112.56); 286(583.87); 287(302.33); 288(555.8); 289(646.56); 290(541.94); 291(640.31); 292(899.27); 293(601.81); 294(690.39); 295(946.42); 296(954.2); 297(561.38); 298(454.66); 299(310.02); 300(157.46); 301(461.34); 302(377.22); 303(579.93); 304(103.63); 305(589.74); 306(271.23); 307(860.84); 308(612.0); 309(381.25); 310(931.31); 311(497.59); 312(952.09); 313(505.76); 314(633.3); 315(948.2); 316(351.39); 317(138.0); 318(10.23); 319(831.6); 320(198.52); 321(749.22); 322(343.0); 323(392.25); 324(333.06); 325(430.52); 326(2.54); 327(255.83); 328(528.2); 329(998.56); 330(244.27); 331(654.11); 332(897.52); 333(352.03); 334(234.51); 335(203.21); 336(945.87); 337(586.74); 338(243.83); 339(699.39); 340(628.35); 341(897.13); 342(253.78); 343(862.19); 344(231.45); 345(947.39); 346(75.79); 347(538.69); 348(25.36); 349(958.45); 350(983.81); 351(24.83); 352(603.4); 353(423.77); 354(903.82); 355(472.92); 356(992.26); 357(711.62); 358(403.67); 359(623.91); 360(741.66); 361(341.01); 362(963.08); 363(168.28); 364(776.62); 365(629.65); 366(2.76); 367(358.9); 368(707.81); 369(99.86); 370(401.78); 371(321.81); 372(547.48); 373(653.16); 374(535.58); 375(462.03); 376(408.8); 377(739.7); 378(497.27); 379(334.73); 380(283.88); 381(608.64); 382(160.86); 383(635.25); 384(342.72); 385(371.16); 386(151.5); 387(583.16); 388(193.37); 389(867.65); 390(415.08); 391(269.44); 392(423.96); 393(384.38); 394(279.48); 395(352.45); 396(736.88); 397(636.55); 398(14.83); 399(292.85); 400(176.03); 401(310.52); 402(671.38); 404(526.57); 405(323.46); 406(169.01); 407(524.81); 408(271.58); 409(832.36); 410(405.55); 411(875.06); 412(850.45); 413(669.87); 414(715.13); 415(784.95); 416(173.6); 417(493.87); 418(373.25); 419(253.37); 420(617.06); 421(995.71); 422(576.78); 423(763.03); 424(241.01); 425(786.21); 426(434.28); 427(537.78); 428(214.82); 429(803.05); 430(345.12); 431(853.43); 432(221.63); 433(699.88); 434(3.91); 435(389.4); 436(955.26); 437(114.39); 438(318.34); 439(672.53); 440(701.01); 441(894.86); 442(97.16); 443(824.85); 444(764.9); 445(79.28); 446(329.93); 447(250.64); 448(503.63); 449(549.57); 450(47.44); 451(272.44); 452(976.92); 453(596.95); 454(94.51); 455(605.98); 456(860.47); 457(313.83); 458(637.36); 459(812.65); 460(916.11); 461(844.23); 462(174.26); 463(179.36); 464(539.37); 465(698.84); 466(51.11); 467(390.08); 468(543.79); 469(75.47); 470(566.3); 471(617.95); 472(767.13); 473(134.65); 474(420.55); 475(366.01); 476(913.41); 477(851.89); 478(868.59); 479(745.9); 480(426.26); 481(303.24); 482(851.97); 483(895.88); 484(44.92); 485(741.05); 486(445.63); 487(686.07); 488(585.17); 489(228.5); 490(128.53); 491(830.32); 492(984.76); 493(622.79); 494(11.44); 495(851.07); 496(207.72); 497(401.05); 498(802.66); 499(259.58),1
404,0(486.04); 1(421.78); 2(279.58); 3(99.46); 4(685.85); 5(356.29); 6(197.18); 7(233.38); 8(545.66); 9(23.48); 10(816.82); 11(949.64); 12(187.59); 13(672.2); 14(183.29); 15(673.6); 16(422.16); 17(296.48); 18(245.85); 19(473.06); 20(956.91); 21(168.08); 22(514.62); 23(867.87); 24(567.69); 25(140.72); 26(860.68); 27(96.27); 28(14.65); 29(583.81); 30(735.74); 31(561.01); 32(894.77); 33(362.59); 34(439.35); 35(764.0); 36(260.43); 37(138.76); 38(877.42); 39(540.02); 40(714.78); 41(165.27); 42(986.29); 43(493.7); 44(492.36); 45(500.75); 46(327.65); 47(177.3); 48(219.69); 49(702.58); 50(732.44); 51(365.88); 52(240.43); 53(956.3); 54(699.46); 55(766.29); 56(238.19); 57(807.37); 58(718.86); 59(160.77); 60(58.07); 61(788.4); 62(522.47); 63(748.23); 64(693.69); 65(359.84); 66(849.71); 67(221.69); 68(339.25); 69(885.24); 70(100.14); 71(941.56); 72(384.81); 73(823.41); 74(450.43); 75(470.94); 76(136.88); 77(578.09); 78(517.7); 79(732.03); 80(154.37); 81(109.49); 82(838.02); 83(450.48); 84(94.46); 85(354.02); 86(256.75); 87(202.46); 88(49.45); 89(237.85); 90(846.5); 91(593.41); 92(724.98); 93(79.92); 94(600.23); 95(719.24); 96(172.43); 97(601.89); 98(345.71); 99(989.11); 100(923.44); 101(433.49); 102(247.4); 103(353.75); 104(431.42); 105(357.5); 106(314.51); 107(822.57); 108(293.37); 109(430.21); 110(213.64); 111(961.18); 112(58.76); 113(507.12); 114(153.8); 115(406.29); 116(590.53); 117(434.28); 118(30.72); 119(954.1); 120(577.03); 121(535.48); 122(269.2); 123(263.16); 124(176.62); 125(318.75); 126(462.81); 127(524.06); 128(548.71); 129(674.02); 130(472.69); 131(373.29); 132(699.26); 133(475.16); 134(459.91); 135(847.74); 136(522.85); 137(901.26); 138(191.55); 139(408.98); 140(96.96); 141(765.89); 142(23.83); 143(729.09); 144(439.45); 145(992.88); 146(203.78); 147(856.07); 148(781.13); 149(779.05); 150(741.71); 151(163.65); 152(609.36); 153(677.88); 154(939.88); 155(18.89); 156(905.47); 157(944.67); 158(369.57); 159(124.13); 160(698.16); 161(594.87); 162(422.35); 163(845.43); 164(915.81); 165(578.8); 166(401.27); 167(486.52); 168(66.86); 169(632.94); 170(868.25); 171(225.75); 172(262.82); 173(485.25); 174(694.05); 175(37.64); 176(997.19); 177(884.76); 178(951.69); 179(129.34); 180(431.33); 181(358.16); 182(678.66); 183(492.48); 184(657.41); 185(482.95); 186(499.86); 187(740.49); 188(983.81); 189(293.56); 190(926.87); 191(546.61); 192(966.04); 193(866.23); 194(953.86); 195(327.16); 196(546.6); 197(293.7); 198(966.57); 199(17.24); 200(629.5); 201(600.79); 202(738.0); 203(196.28); 204(130.02); 205(68.16); 206(884.34); 207(789.92); 208(634.17); 209(30.49); 210(961.2); 211(105.4); 212(332.61); 213(544.53); 214(434.61); 215(849.14); 216(404.96); 217(798.78); 218(383.57); 219(747.18); 220(545.75); 221(679.72); 222(733.49); 223(544.85); 224(894.76); 225(296.2); 226(17.95); 227(242.81); 228(138.24); 229(456.02); 230(579.68); 231(580.82); 232(327.72); 233(793.36); 234(714.77); 235(251.85); 236(822.79); 237(495.33); 238(195.37); 239(954.86); 240(182.45); 241(636.28); 242(295.42); 243(484.76); 244(865.01); 245(216.44); 246(670.62); 247(441.92); 248(782.03); 249(707.23); 250(881.08); 251(540.94); 252(376.85); 253(674.89); 254(603.18); 255(819.28); 256(395.78); 257(709.29); 258(806.98); 259(297.56); 260(957.39); 261(277.98); 262(349.24); 263(948.92); 264(933.51); 265(174.14); 266(755.29); 267(342.14); 268(956.29); 269(687.47); 270(186.07); 271(322.87); 272(487.69); 273(817.03); 274(636.41); 275(379.98); 276(519.41); 277(161.45); 278(270.54); 279(549.51); 280(197.52); 281(461.78); 282(937.72); 283(795.5); 284(710.92); 285(424.42); 286(278.41); 287(321.8); 288(424.65); 289(756.46); 290(603.06); 291(775.58); 292(667.84); 293(792.43); 294(285.36); 295(267.97); 296(196.01); 297(359.59); 298(766.83); 299(256.76); 300(894.97); 301(149.01); 302(229.54); 303(406.01); 304(287.14); 305(815.22); 306(922.23); 307(851.53); 308(167.24); 309(156.56); 310(449.81); 311(233.08); 312(500.23); 313(306.2); 314(951.7); 315(500.09); 316(24.23); 317(379.19); 318(409.72); 319(903.4); 320(215.68); 321(884.25); 322(181.04); 323(351.85); 324(310.05); 325(777.81); 326(509.38); 327(800.55); 328(518.39); 329(375.15); 330(839.78); 331(745.47); 332(956.2); 333(967.15); 334(890.87); 335(492.92); 336(432.65); 337(943.64); 338(532.85); 339(82.62); 340(737.21); 341(868.47); 342(949.1); 343(83.41); 344(297.92); 345(389.3); 346(50.78); 347(839.1); 348(768.18); 349(836.66); 350(270.92); 351(636.66); 352(834.74); 353(237.11); 354(974.73); 355(292.62); 356(675.14); 357(201.99); 358(689.16); 359(187.84); 360(252.74); 361(485.74); 362(269.73); 363(408.68); 364(705.71); 365(648.71); 366(321.53); 367(674.56); 368(345.11); 369(941.25); 370(461.63); 371(411.67); 372(36.76); 373(451.18); 374(963.27); 375(167.23); 376(336.54); 377(944.53); 378(173.33); 379(510.7); 380(500.26); 381(3.76); 382(793.42); 383(483.93); 384(102.16); 385(465.68); 386(847.63); 387(346.45); 388(737.87); 389(952.77); 390(928.05); 391(674.09); 392(601.72); 393(604.92); 394(635.52); 395(486.04); 396(629.74); 397(156.73); 398(284.56); 399(949.01); 400(815.05); 401(551.99); 402(737.54); 403(526.57); 405(987.47); 406(701.95); 407(528.6); 408(77.48); 409(270.25); 410(407.7); 411(350.72); 412(578.53); 413(742.45); 414(859.92); 415(504.78); 416(574.86); 417(238.44); 418(666.59); 419(630.68); 420(998.07); 421(859.05); 422(713.12); 423(916.23); 424(416.27); 425(489.6); 426(381.12); 427(783.4); 428(567.54); 429(99.28); 430(102.75); 431(409.94); 432(981.94); 433(52.17); 434(521.49); 435(212.48); 436(195.71); 437(98.2); 438(743.71); 439(765.33); 440(882.4); 441(205.57); 442(15.04); 443(888.5); 444(130.87); 445(135.19); 446(316.51); 447(685.13); 448(118.48); 449(521.37); 450(549.62); 451(616.38); 452(403.31); 453(760.98); 454(702.54); 455(160.02); 456(531.58); 457(863.15); 458(307.94); 459(712.33); 460(115.55); 461(230.78); 462(216.5); 463(38.63); 464(63.57); 465(793.18); 466(226.13); 467(622.55); 468(702.37); 469(150.44); 470(560.55); 471(916.87); 472(309.9); 473(63.71); 474(905.24); 475(511.24); 476(521.35); 477(654.7); 478(712.53); 479(119.93); 480(140.85); 481(676.51); 482(485.35); 483(233.08); 484(150.67); 485(140.82); 486(593.55); 487(638.76); 488(202.34); 489(949.54); 490(93.29); 491(87.5); 492(447.93); 493(48.08); 494(320.49); 495(690.35); 496(438.17); 497(339.66); 498(23.8); 499(291.96),1
405,0(268.18); 1(983.97); 2(211.73); 3(928.77); 4(13.37); 5(565.23); 6(52.08); 7(81.33); 8(402.48); 9(391.01); 10(563.08); 11(567.6); 12(634.3); 13(796.68); 14(180.73); 15(653.62); 16(555.88); 17(286.07); 18(704.27); 19(156.02); 20(704.9); 21(380.97); 22(202.56); 23(613.78); 24(626.35); 25(741.41); 26(438.74); 27(649.95); 28(769.87); 29(417.31); 30(453.82); 31(167.54); 32(93.09); 33(450.81); 34(121.63); 35(484.98); 36(972.64); 37(458.56); 38(565.46); 39(623.91); 40(824.24); 41(287.4); 42(645.6); 43(883.73); 44(651.12); 45(174.79); 46(213.05); 47(323.43); 48(379.49); 49(893.9); 50(342.41); 51(412.59); 52(722.77); 53(483.12); 54(313.06); 55(678.59); 56(814.86); 57(329.77); 58(109.84); 59(615.27); 60(515.6); 61(979.39); 62(778.77); 63(201.27); 64(5.84); 65(398.01); 66(844.72); 67(174.27); 68(945.59); 69(294.1); 70(154.56); 71(841.82); 72(847.35); 73(7.42); 74(296.8); 75(684.8); 76(103.49); 77(912.02); 78(517.21); 79(909.03); 80(959.08); 81(887.14); 82(626.21); 83(523.79); 84(110.42); 85(534.28); 86(559.66); 87(94.77); 88(51.16); 89(959.07); 90(492.02); 91(524.4); 92(807.69); 93(358.29); 94(622.72); 95(228.62); 96(986.81); 97(255.82); 98(475.62); 99(500.32); 100(946.97); 101(421.96); 102(352.24); 103(577.06); 104(278.26); 105(109.83); 106(806.05); 107(91.56); 108(522.72); 109(539.8); 110(852.28); 111(752.84); 112(955.56); 113(40.09); 114(42.52); 115(705.49); 116(133.94); 117(689.76); 118(711.91); 119(358.68); 120(842.81); 121(126.13); 122(24.26); 123(901.41); 124(156.26); 125(742.75); 126(367.72); 127(868.57); 128(576.72); 129(182.83); 130(812.62); 131(408.06); 132(559.51); 133(875.96); 134(67.48); 135(222.52); 136(501.88); 137(875.25); 138(399.4); 139(153.53); 140(279.29); 141(514.02); 142(155.5); 143(12.31); 144(699.04); 145(630.12); 146(842.02); 147(383.65); 148(671.09); 149(342.37); 150(36.62); 151(530.57); 152(310.19); 153(515.25); 154(887.5); 155(340.63); 156(775.78); 157(582.04); 158(555.5); 159(169.35); 160(736.53); 161(519.91); 162(468.58); 163(467.05); 164(909.22); 165(324.18); 166(771.05); 167(841.97); 168(372.02); 169(950.44); 170(947.86); 171(123.23); 172(382.96); 173(680.4); 174(646.07); 175(429.6); 176(288.34); 177(657.17); 178(452.68); 179(241.26); 180(736.07); 181(729.76); 182(492.44); 183(367.39); 184(386.13); 185(190.06); 186(121.36); 187(571.37); 188(675.59); 189(725.19); 190(665.1); 191(931.55); 192(715.91); 193(163.72); 194(209.77); 195(40.82); 196(669.65); 197(577.99); 198(324.51); 199(104.44); 200(825.62); 201(134.23); 202(530.88); 203(419.98); 204(298.68); 205(701.44); 206(89.48); 207(132.76); 208(620.05); 209(378.88); 210(15.92); 211(998.21); 212(97.13); 213(842.03); 214(680.33); 215(930.15); 216(930.83); 217(891.37); 218(449.97); 219(992.1); 220(322.45); 221(632.19); 222(436.61); 223(739.81); 224(665.22); 225(318.19); 226(752.08); 227(991.99); 228(871.03); 229(135.31); 230(596.91); 231(694.67); 232(327.39); 233(288.34); 234(349.44); 235(117.39); 236(47.56); 237(205.71); 238(132.78); 239(702.82); 240(324.72); 241(658.3); 242(952.78); 243(942.08); 244(889.29); 245(789.55); 246(888.73); 247(325.44); 248(342.25); 249(879.69); 250(357.72); 251(553.62); 252(93.53); 253(388.2); 254(92.54); 255(28.7); 256(859.13); 257(952.71); 258(789.08); 259(177.71); 260(27.15); 261(953.32); 262(147.34); 263(183.03); 264(498.4); 265(318.7); 266(209.49); 267(88.37); 268(925.68); 269(329.11); 270(123.5); 271(262.04); 272(537.94); 273(312.94); 274(3.67); 275(763.33); 276(143.5); 277(612.28); 278(246.16); 279(155.31); 280(709.62); 281(653.28); 282(546.6); 283(150.12); 284(310.83); 285(898.86); 286(183.79); 287(565.16); 288(301.65); 289(747.89); 290(151.07); 291(525.16); 292(695.09); 293(331.22); 294(948.89); 295(508.3); 296(848.65); 297(682.7); 298(330.96); 299(94.9); 300(677.24); 301(983.04); 302(338.12); 303(531.18); 304(397.52); 305(18.68); 306(977.0); 307(476.01); 308(839.58); 309(829.26); 310(995.55); 311(319.53); 312(800.11); 313(208.43); 314(698.82); 315(751.88); 316(453.15); 317(723.8); 318(35.22); 319(538.79); 320(922.63); 321(810.18); 322(804.31); 323(826.44); 324(266.07); 325(703.31); 326(770.75); 327(405.36); 328(962.36); 329(618.73); 330(14.09); 331(952.1); 332(722.75); 333(99.27); 334(587.9); 335(683.09); 336(913.73); 337(680.9); 338(163.45); 339(985.93); 340(432.61); 341(100.02); 342(824.23); 343(654.31); 344(825.8); 345(339.73); 346(811.76); 347(73.02); 348(204.68); 349(66.49); 350(410.8); 351(783.3); 352(394.02); 353(272.26); 354(849.06); 355(827.35); 356(993.24); 357(704.38); 358(429.52); 359(590.93); 360(127.07); 361(20.45); 362(319.6); 363(407.49); 364(157.45); 365(652.85); 366(233.76); 367(155.78); 368(473.63); 369(289.82); 370(988.56); 371(598.02); 372(297.36); 373(740.13); 374(441.21); 375(193.71); 376(803.23); 377(555.06); 378(398.62); 379(634.41); 380(505.55); 381(89.67); 382(719.64); 383(994.69); 384(828.52); 385(574.61); 386(668.03); 387(666.42); 388(700.28); 389(575.94); 390(917.47); 391(561.0); 392(925.01); 393(994.25); 394(524.29); 395(656.72); 396(786.55); 397(102.85); 398(649.91); 399(796.24); 400(227.94); 401(630.05); 402(383.16); 403(323.46); 404(987.47); 406(690.3); 407(206.49); 408(857.53); 409(360.07); 410(264.91); 411(755.41); 412(919.72); 413(369.81); 414(8.89); 415(214.31); 416(58.11); 417(824.12); 418(337.28); 419(272.17); 420(78.72); 421(308.11); 422(884.16); 423(780.22); 424(785.07); 425(266.25); 426(535.96); 427(421.51); 428(515.85); 429(360.14); 430(524.39); 431(682.59); 432(15.42); 433(795.72); 434(354.76); 435(797.06); 436(713.59); 437(635.87); 438(479.86); 439(258.57); 440(18.91); 441(43.86); 442(953.64); 443(689.71); 444(847.12); 445(485.67); 446(512.06); 447(9.09); 448(187.97); 449(116.21); 450(613.13); 451(636.82); 452(588.83); 453(223.7); 454(827.1); 455(524.19); 456(740.03); 457(367.71); 458(510.42); 459(122.82); 460(334.99); 461(610.4); 462(509.84); 463(649.95); 464(710.22); 465(25.01); 466(869.31); 467(866.37); 468(289.41); 469(172.2); 470(69.63); 471(638.87); 472(287.56); 473(529.77); 474(818.77); 475(751.6); 476(271.89); 477(813.52); 478(565.97); 479(997.8); 480(873.19); 481(62.79); 482(64.57); 483(801.38); 484(777.01); 485(292.37); 486(528.6); 487(830.33); 488(825.81); 489(328.82); 490(941.19); 491(409.03); 492(866.15); 493(326.67); 494(748.97); 495(290.79); 496(269.72); 497(461.93); 498(941.95); 499(425.9),2
406,0(976.34); 1(65.87); 2(23.93); 3(177.15); 4(656.23); 5(820.86); 6(996.73); 7(286.25); 8(475.43); 9(624.01); 10(406.41); 11(124.05); 12(522.03); 13(863.08); 14(881.64); 15(899.68); 16(890.74); 17(415.27); 18(451.7); 19(64.78); 20(686.3); 21(122.68); 22(912.0); 23(119.38); 24(859.12); 25(939.11); 26(417.34); 27(521.35); 28(134.69); 29(85.87); 30(929.11); 31(206.78); 32(388.13); 33(502.37); 34(854.47); 35(889.64); 36(514.55); 37(36.41); 38(242.58); 39(796.89); 40(765.47); 41(938.15); 42(429.02); 43(673.59); 44(383.38); 45(43.43); 46(748.23); 47(668.49); 48(872.86); 49(503.75); 50(926.97); 51(475.43); 52(194.06); 53(724.35); 54(743.71); 55(839.46); 56(14.88); 57(623.84); 58(841.55); 59(442.46); 60(934.18); 61(210.05); 62(320.41); 63(438.98); 64(558.29); 65(445.73); 66(709.22); 67(814.48); 68(531.43); 69(749.04); 70(428.14); 71(621.49); 72(615.52); 73(591.02); 74(477.13); 75(11.79); 76(513.56); 77(848.04); 78(594.4); 79(788.4); 80(231.85); 81(354.71); 82(198.39); 83(811.38); 84(640.38); 85(633.14); 86(866.24); 87(838.3); 88(188.87); 89(168.1); 90(806.74); 91(817.63); 92(414.72); 93(849.28); 94(56.0); 95(938.5); 96(65.19); 97(650.9); 98(460.98); 99(39.79); 100(497.04); 101(557.73); 102(860.36); 103(374.54); 104(233.27); 105(274.46); 106(800.07); 107(420.79); 108(771.8); 109(208.29); 110(590.05); 111(335.32); 112(154.03); 113(147.71); 114(268.86); 115(669.23); 116(4.12); 117(875.42); 118(753.66); 119(491.7); 120(214.57); 121(72.76); 122(242.81); 123(404.67); 124(347.02); 125(212.1); 126(185.09); 127(97.35); 128(485.48); 129(967.95); 130(368.06); 131(561.71); 132(819.78); 133(865.96); 134(33.32); 135(209.83); 136(162.79); 137(11.38); 138(734.13); 139(87.27); 140(498.46); 141(22.31); 142(591.25); 143(231.79); 144(674.39); 145(48.43); 146(696.09); 147(492.8); 148(735.69); 149(8.35); 150(170.08); 151(461.0); 152(649.99); 153(548.87); 154(88.85); 155(371.94); 156(210.5); 157(283.66); 158(486.02); 159(193.94); 160(688.78); 161(896.34); 162(667.46); 163(241.86); 164(219.6); 165(850.91); 166(935.14); 167(665.07); 168(982.7); 169(484.29); 170(268.03); 171(718.28); 172(670.58); 173(958.58); 174(183.51); 175(960.32); 176(586.27); 177(330.26); 178(517.22); 179(422.14); 180(93.41); 181(786.68); 182(735.43); 183(381.18); 184(372.74); 185(429.07); 186(503.51); 187(887.59); 188(449.93); 189(861.12); 190(761.82); 191(221.68); 192(343.86); 193(818.86); 194(887.36); 195(429.78); 196(833.07); 197(536.5); 198(365.36); 199(689.52); 200(175.35); 201(704.03); 202(76.54); 203(819.49); 204(417.46); 205(471.7); 206(158.38); 207(87.12); 208(49.17); 209(422.28); 210(1.31); 211(335.7); 212(46.63); 213(891.05); 214(616.16); 215(18.67); 216(920.12); 217(941.84); 218(322.94); 219(164.59); 220(19.93); 221(458.16); 222(859.93); 223(219.93); 224(729.48); 225(854.2); 226(215.41); 227(496.25); 228(631.16); 229(952.29); 230(83.03); 231(84.94); 232(205.15); 233(83.45); 234(299.11); 235(393.45); 236(220.81); 237(52.83); 238(395.79); 239(474.6); 240(253.96); 241(758.11); 242(348.1); 243(326.23); 244(667.13); 245(142.27); 246(507.98); 247(921.35); 248(880.69); 249(172.79); 250(552.44); 251(86.62); 252(71.58); 253(285.89); 254(512.77); 255(413.99); 256(290.35); 257(334.78); 258(273.27); 259(297.97); 260(602.37); 261(974.3); 262(618.91); 263(177.05); 264(63.73); 265(262.25); 266(625.93); 267(414.57); 268(602.14); 269(760.94); 270(748.81); 271(33.92); 272(277.55); 273(973.13); 274(695.85); 275(357.58); 276(296.66); 277(8.39); 278(949.47); 279(671.29); 280(54.83); 281(616.23); 282(338.03); 283(838.55); 284(124.07); 285(135.96); 286(525.8); 287(116.56); 288(924.91); 289(794.76); 290(300.81); 291(461.21); 292(55.3); 293(922.0); 294(156.5); 295(404.28); 296(362.78); 297(655.76); 298(755.78); 299(128.62); 300(811.2); 301(777.04); 302(631.46); 303(571.51); 304(791.89); 305(499.44); 306(656.77); 307(309.97); 308(669.06); 309(918.84); 310(632.45); 311(422.3); 312(167.25); 313(203.82); 314(569.87); 315(340.9); 316(507.29); 317(864.89); 318(492.88); 319(129.19); 320(262.1); 321(790.57); 322(598.22); 323(648.43); 324(648.06); 325(665.03); 326(745.62); 327(415.5); 328(533.31); 329(716.63); 330(22.57); 331(500.14); 332(683.06); 333(46.79); 334(496.5); 335(324.74); 336(400.18); 337(845.34); 338(67.5); 339(633.31); 340(883.76); 341(3.84); 342(451.74); 343(330.17); 344(77.74); 345(196.71); 346(36.2); 347(600.33); 348(259.0); 349(164.59); 350(735.96); 351(638.98); 352(422.16); 353(375.08); 354(206.93); 355(165.84); 356(557.37); 357(64.54); 358(894.77); 359(440.09); 360(929.5); 361(436.13); 362(817.0); 363(599.93); 364(676.25); 365(491.75); 366(831.77); 367(129.69); 368(413.9); 369(870.9); 370(598.73); 371(379.08); 372(660.46); 373(694.42); 374(988.06); 375(642.97); 376(326.83); 377(308.21); 378(30.61); 379(292.94); 380(544.43); 381(221.84); 382(108.17); 383(562.2); 384(106.89); 385(288.31); 386(272.21); 387(909.53); 388(285.8); 389(102.09); 390(563.4); 391(33.14); 392(884.56); 393(149.01); 394(800.52); 395(515.41); 396(15.65); 397(266.15); 398(113.11); 399(83.46); 400(919.05); 401(282.36); 402(152.9); 403(169.01); 404(701.95); 405(690.3); 407(638.43); 408(512.41); 409(84.81); 410(337.65); 411(356.36); 412(943.41); 413(761.54); 414(194.13); 415(463.51); 416(163.8); 417(907.87); 418(394.13); 419(171.24); 420(414.56); 421(237.34); 422(99.67); 423(217.06); 424(231.13); 425(531.66); 426(372.58); 427(138.9); 428(654.9); 429(606.24); 430(775.22); 431(126.2); 432(820.18); 433(264.4); 434(336.4); 435(599.58); 436(497.47); 437(583.59); 438(950.59); 439(922.88); 440(110.26); 441(239.0); 442(715.81); 443(660.07); 444(85.32); 445(498.19); 446(282.85); 447(169.33); 448(119.42); 449(840.52); 450(988.27); 451(818.88); 452(23.42); 453(1.94); 454(930.56); 455(315.45); 456(514.4); 457(208.51); 458(302.24); 459(178.99); 460(273.46); 461(500.31); 462(456.29); 463(728.88); 464(237.17); 465(527.33); 466(433.05); 467(22.89); 468(935.09); 469(795.56); 470(384.63); 471(615.96); 472(240.74); 473(556.14); 474(432.87); 475(904.54); 476(993.05); 477(56.02); 478(436.71); 479(798.18); 480(598.83); 481(558.06); 482(112.54); 483(932.98); 484(816.62); 485(438.84); 486(376.95); 487(311.66); 488(743.33); 489(794.59); 490(464.25); 491(488.82); 492(378.79); 493(207.15); 494(896.26); 495(205.31); 496(650.89); 497(548.61); 498(657.08); 499(915.19),1
407,0(925.63); 1(215.53); 2(418.74); 3(643.22); 4(514.34); 5(44.92); 6(23.37); 7(323.09); 8(272.82); 9(806.84); 10(212.7); 11(381.54); 12(744.77); 13(11.98); 14(619.96); 15(102.59); 16(787.39); 17(816.96); 18(743.25); 19(223.26); 20(308.81); 21(820.07); 22(366.37); 23(164.99); 24(188.42); 25(115.06); 26(239.4); 27(818.95); 28(546.83); 29(167.73); 30(983.14); 31(446.02); 32(817.31); 33(108.11); 34(478.43); 35(376.21); 36(558.35); 37(0.64); 38(952.03); 39(842.22); 40(276.2); 41(104.89); 42(134.84); 43(606.81); 44(426.02); 45(251.29); 46(399.42); 47(14.53); 48(80.4); 49(88.56); 50(403.98); 51(471.01); 52(481.64); 53(733.66); 54(817.01); 55(746.9); 56(598.54); 57(301.44); 58(845.03); 59(531.54); 60(253.26); 61(528.33); 62(698.26); 63(541.37); 64(440.97); 65(620.37); 66(642.78); 67(840.73); 68(573.79); 69(769.06); 70(712.2); 71(630.68); 72(57.22); 73(752.42); 74(30.25); 75(0.26); 76(554.93); 77(780.91); 78(147.98); 79(75.43); 80(646.83); 81(202.55); 82(71.42); 83(463.94); 84(864.12); 85(650.21); 86(871.05); 87(735.33); 88(124.33); 89(523.04); 90(509.82); 91(91.23); 92(61.24); 93(2.59); 94(140.48); 95(927.87); 96(815.38); 97(73.31); 98(269.18); 99(757.5); 100(433.65); 101(878.39); 102(681.4); 103(129.9); 104(183.73); 105(851.59); 106(299.46); 107(89.13); 108(871.11); 109(527.37); 110(751.6); 111(102.47); 112(864.05); 113(186.67); 114(186.37); 115(935.48); 116(140.11); 117(926.34); 118(627.19); 119(839.66); 120(8.02); 121(224.86); 122(389.52); 123(27.37); 124(25.11); 125(608.26); 126(664.2); 127(891.11); 128(792.42); 129(199.08); 130(730.48); 131(438.55); 132(450.06); 133(73.49); 134(488.23); 135(327.51); 136(967.36); 137(588.15); 138(648.47); 139(864.24); 140(390.08); 141(597.17); 142(197.02); 143(225.32); 144(38.18); 145(474.59); 146(702.95); 147(369.47); 148(871.01); 149(511.88); 150(691.65); 151(600.66); 152(292.12); 153(821.49); 154(248.52); 155(850.41); 156(797.57); 157(669.94); 158(165.82); 159(180.63); 160(82.07); 161(355.6); 162(262.09); 163(296.16); 164(389.65); 165(478.25); 166(324.97); 167(675.95); 168(905.92); 169(82.39); 170(991.82); 171(874.44); 172(125.22); 173(731.21); 174(475.81); 175(210.81); 176(222.16); 177(564.33); 178(771.35); 179(579.86); 180(629.23); 181(297.48); 182(674.22); 183(699.07); 184(287.69); 185(593.65); 186(741.21); 187(145.26); 188(449.01); 189(119.01); 190(771.11); 191(371.51); 192(103.46); 193(174.06); 194(359.42); 195(641.33); 196(516.33); 197(799.01); 198(772.72); 199(906.03); 200(135.81); 201(626.03); 202(569.75); 203(621.24); 204(526.19); 205(451.04); 206(944.71); 207(621.64); 208(989.48); 209(352.62); 210(123.34); 211(214.36); 212(446.9); 213(975.74); 214(242.1); 215(906.96); 216(755.68); 217(455.8); 218(631.01); 219(440.33); 220(511.63); 221(447.63); 222(338.73); 223(960.85); 224(901.55); 225(57.77); 226(194.07); 227(333.58); 228(955.1); 229(543.14); 230(806.42); 231(620.98); 232(721.14); 233(698.11); 234(730.52); 235(612.1); 236(700.21); 237(200.86); 238(196.7); 239(411.86); 240(344.07); 241(65.52); 242(47.67); 243(825.16); 244(141.67); 245(548.0); 246(399.76); 247(41.2); 248(322.59); 249(906.21); 250(136.13); 251(284.3); 252(820.23); 253(518.05); 254(901.91); 255(58.15); 256(853.17); 257(994.77); 258(691.16); 259(715.98); 260(667.65); 261(606.45); 262(844.08); 263(171.82); 264(752.74); 265(844.52); 266(192.11); 267(757.17); 268(989.44); 269(862.9); 270(908.82); 271(158.11); 272(836.97); 273(358.06); 274(813.73); 275(826.92); 276(670.08); 277(295.53); 278(526.43); 279(727.28); 280(518.59); 281(973.04); 282(605.37); 283(349.53); 284(478.46); 285(588.06); 286(38.11); 287(247.93); 288(45.7); 289(241.46); 290(113.86); 291(66.47); 292(134.48); 293(36.25); 294(735.33); 295(876.36); 296(85.83); 297(824.83); 298(225.81); 299(489.78); 300(757.03); 301(690.73); 302(962.71); 303(604.76); 304(527.25); 305(339.19); 306(825.54); 307(5.52); 308(451.91); 309(35.02); 310(563.7); 311(504.65); 312(504.13); 313(692.13); 314(357.64); 315(594.43); 316(948.61); 317(539.23); 318(718.9); 319(646.16); 320(216.18); 321(531.53); 322(133.52); 323(729.2); 324(167.4); 325(356.25); 326(288.68); 327(303.81); 328(730.53); 329(285.05); 330(688.37); 331(479.65); 332(188.06); 333(653.26); 334(790.03); 335(251.88); 336(4.29); 337(539.49); 338(425.82); 339(769.53); 340(406.58); 341(12.04); 342(963.01); 343(549.57); 344(738.42); 345(224.49); 346(579.57); 347(160.59); 348(365.25); 349(924.1); 350(498.71); 351(436.8); 352(80.93); 353(900.91); 354(723.59); 355(928.16); 356(401.33); 357(359.14); 358(685.89); 359(76.97); 360(171.65); 361(825.32); 362(50.66); 363(176.73); 364(165.35); 365(947.99); 366(604.99); 367(659.84); 368(801.95); 369(476.47); 370(965.88); 371(375.98); 372(538.04); 373(139.42); 374(236.91); 375(533.65); 376(309.32); 377(626.33); 378(866.58); 379(653.44); 380(772.55); 381(563.23); 382(82.21); 383(255.9); 384(58.87); 385(591.59); 386(628.74); 387(120.24); 388(683.44); 389(73.37); 390(699.61); 391(943.3); 392(332.33); 393(814.98); 394(532.58); 395(79.39); 396(302.31); 397(426.35); 398(168.61); 399(867.27); 400(290.55); 401(928.69); 402(304.93); 403(524.81); 404(528.6); 405(206.49); 406(638.43); 408(290.51); 409(772.82); 410(853.07); 411(665.25); 412(208.63); 413(925.65); 414(438.2); 415(215.2); 416(803.95); 417(360.18); 418(147.38); 419(622.66); 420(794.63); 421(564.74); 422(195.32); 423(320.68); 424(10.11); 425(117.57); 426(612.72); 427(352.54); 428(820.0); 429(950.77); 430(929.65); 431(24.27); 432(410.5); 433(104.74); 434(130.26); 435(800.19); 436(996.13); 437(69.37); 438(299.74); 439(45.7); 440(245.54); 441(695.99); 442(438.98); 443(374.84); 444(772.62); 445(235.57); 446(701.21); 447(820.52); 448(257.6); 449(139.87); 450(580.64); 451(810.8); 452(445.93); 453(497.94); 454(19.95); 455(819.29); 456(232.77); 457(85.24); 458(882.88); 459(445.54); 460(140.06); 461(171.17); 462(128.6); 463(929.15); 464(773.58); 465(233.99); 466(749.72); 467(273.33); 468(791.78); 469(262.11); 470(110.65); 471(191.18); 472(126.7); 473(740.35); 474(90.41); 475(763.67); 476(692.04); 477(70.1); 478(76.48); 479(581.03); 480(557.86); 481(235.1); 482(994.57); 483(223.07); 484(820.33); 485(897.7); 486(729.36); 487(546.21); 488(801.34); 489(724.3); 490(524.28); 491(795.78); 492(652.85); 493(911.24); 494(754.96); 495(52.21); 496(241.8); 497(98.7); 498(904.52); 499(192.79),1
408,0(191.38); 1(754.73); 2(927.8); 3(747.81); 4(112.31); 5(996.33); 6(176.41); 7(865.55); 8(111.59); 9(24.35); 10(541.18); 11(45.15); 12(674.85); 13(566.59); 14(863.79); 15(241.35); 16(839.3); 17(452.42); 18(446.53); 19(712.16); 20(179.14); 21(752.06); 22(881.85); 23(427.05); 24(365.63); 25(632.88); 26(68.07); 27(579.38); 28(260.19); 29(720.04); 30(492.32); 31(133.61); 32(234.31); 33(379.33); 34(68.59); 35(540.0); 36(794.09); 37(187.59); 38(134.82); 39(817.27); 40(549.97); 41(529.95); 42(90.86); 43(667.55); 44(820.04); 45(248.85); 46(290.82); 47(903.7); 48(535.66); 49(671.48); 50(44.96); 51(567.81); 52(797.44); 53(886.79); 54(553.66); 55(749.72); 56(79.33); 57(813.19); 58(795.59); 59(892.43); 60(541.78); 61(294.14); 62(257.35); 63(115.85); 64(182.01); 65(407.67); 66(638.07); 67(144.83); 68(871.08); 69(540.86); 70(272.7); 71(674.16); 72(387.07); 73(38.65); 74(159.6); 75(680.54); 76(687.49); 77(853.22); 78(545.04); 79(799.4); 80(192.2); 81(762.03); 82(558.17); 83(811.23); 84(92.44); 85(221.9); 86(730.03); 87(578.55); 88(131.49); 89(211.09); 90(488.4); 91(958.25); 92(840.6); 93(462.15); 94(985.92); 95(168.69); 96(481.3); 97(58.7); 98(586.4); 99(586.23); 100(560.96); 101(140.01); 102(959.67); 103(681.65); 104(900.81); 105(177.29); 106(930.08); 107(979.05); 108(480.68); 109(962.47); 110(505.73); 111(301.29); 112(36.34); 113(899.96); 114(537.9); 115(391.99); 116(882.15); 117(80.88); 118(6.66); 119(922.2); 120(388.45); 121(800.18); 122(901.02); 123(586.71); 124(42.24); 125(565.08); 126(146.58); 127(267.17); 128(883.63); 129(677.08); 130(671.3); 131(547.34); 132(272.42); 133(7.2); 134(463.18); 135(639.81); 136(536.11); 137(801.42); 138(623.5); 139(103.27); 140(345.26); 141(710.89); 142(664.03); 143(468.76); 144(860.66); 145(400.96); 146(28.35); 147(132.45); 148(151.57); 149(448.46); 150(429.51); 151(34.67); 152(938.58); 153(116.62); 154(510.62); 155(227.28); 156(641.07); 157(277.96); 158(711.93); 159(69.42); 160(441.85); 161(734.81); 162(18.8); 163(802.05); 164(81.16); 165(888.11); 166(897.19); 167(79.52); 168(756.76); 169(11.39); 170(858.07); 171(562.59); 172(933.41); 173(68.55); 174(506.27); 175(183.01); 176(818.34); 177(776.04); 178(477.9); 179(22.5); 180(220.26); 181(650.27); 182(84.35); 183(135.02); 184(752.65); 185(337.18); 186(602.09); 187(903.38); 188(959.32); 189(43.28); 190(698.77); 191(462.2); 192(791.26); 193(897.44); 194(193.45); 195(462.5); 196(832.79); 197(569.48); 198(768.2); 199(950.21); 200(865.82); 201(468.94); 202(709.22); 203(643.77); 204(318.33); 205(493.99); 206(849.95); 207(112.53); 208(657.28); 209(675.32); 210(747.17); 211(756.28); 212(114.03); 213(82.96); 214(733.68); 215(893.56); 216(232.49); 217(240.32); 218(43.53); 219(285.46); 220(14.47); 221(256.46); 222(891.72); 223(297.84); 224(780.82); 225(169.92); 226(252.69); 227(250.27); 228(395.96); 229(603.02); 230(649.32); 231(282.81); 232(889.71); 233(360.64); 234(284.67); 235(711.25); 236(5.32); 237(87.9); 238(808.99); 239(548.65); 240(330.04); 241(75.77); 242(70.82); 243(59.53); 244(939.07); 245(963.33); 246(596.82); 247(532.76); 248(995.0); 249(184.16); 250(507.3); 251(334.39); 252(782.71); 253(874.42); 254(85.78); 255(537.68); 256(101.17); 257(598.38); 258(342.13); 259(156.55); 260(966.16); 261(904.21); 262(107.62); 263(686.95); 264(213.95); 265(48.8); 266(404.09); 267(909.98); 268(217.27); 269(848.31); 270(865.35); 271(419.24); 272(99.84); 273(856.06); 274(191.96); 275(707.04); 276(64.13); 277(127.88); 278(481.96); 279(205.03); 280(453.26); 281(916.92); 282(833.78); 283(905.18); 284(387.11); 285(184.95); 286(564.19); 287(35.79); 288(646.82); 289(863.94); 290(348.0); 291(17.72); 292(731.51); 293(115.13); 294(49.15); 295(646.54); 296(734.49); 297(222.76); 298(944.96); 299(82.16); 300(882.11); 301(703.42); 302(366.85); 303(362.86); 304(990.61); 305(866.33); 306(6.08); 307(582.24); 308(289.21); 309(468.61); 310(585.64); 311(946.41); 312(725.75); 313(483.5); 314(92.99); 315(187.51); 316(594.79); 317(20.66); 318(101.77); 319(187.73); 320(642.87); 321(558.15); 322(232.98); 323(594.75); 324(929.1); 325(492.12); 326(538.11); 327(682.16); 328(201.7); 329(475.46); 330(803.64); 331(372.62); 332(455.76); 333(921.12); 334(994.64); 335(578.04); 336(61.77); 337(179.95); 338(475.53); 339(146.78); 340(138.08); 341(420.52); 342(584.29); 343(744.13); 344(576.88); 345(700.0); 346(493.42); 347(16.9); 348(664.97); 349(391.18); 350(834.81); 351(607.86); 352(950.23); 353(475.86); 354(467.46); 355(225.63); 356(690.43); 357(482.96); 358(7.05); 359(490.93); 360(554.44); 361(893.2); 362(861.06); 363(452.04); 364(448.64); 365(705.58); 366(206.58); 367(503.74); 368(451.48); 369(968.16); 370(147.85); 371(37.08); 372(199.8); 373(5.63); 374(330.69); 375(237.98); 376(700.54); 377(635.17); 378(721.96); 379(190.14); 380(477.48); 381(279.06); 382(918.92); 383(707.34); 384(867.46); 385(702.93); 386(701.91); 387(60.63); 388(401.48); 389(820.75); 390(877.69); 391(665.14); 392(13.46); 393(336.99); 394(44.11); 395(276.79); 396(564.76); 397(224.87); 398(279.62); 399(701.32); 400(944.66); 401(535.52); 402(71.85); 403(271.58); 404(77.48); 405(857.53); 406(512.41); 407(290.51); 409(379.79); 410(720.71); 411(506.78); 412(389.7); 413(649.06); 414(478.0); 415(329.62); 416(642.27); 417(948.26); 418(970.8); 419(56.39); 420(253.95); 421(871.43); 422(812.2); 423(494.3); 424(700.41); 425(430.48); 426(443.64); 427(48.82); 428(634.97); 429(604.46); 430(125.29); 431(872.22); 432(353.63); 433(187.05); 434(417.56); 435(91.52); 436(604.21); 437(395.74); 438(825.56); 439(438.47); 440(917.34); 441(358.83); 442(56.8); 443(283.58); 444(200.54); 445(844.55); 446(541.74); 447(641.86); 448(879.88); 449(646.25); 450(13.49); 451(703.03); 452(949.95); 453(540.92); 454(534.18); 455(136.99); 456(465.66); 457(721.34); 458(343.47); 459(55.29); 460(807.86); 461(202.66); 462(637.15); 463(734.26); 464(410.48); 465(464.98); 466(948.64); 467(793.69); 468(891.68); 469(387.06); 470(478.68); 471(426.98); 472(728.79); 473(984.86); 474(311.1); 475(750.61); 476(70.15); 477(478.78); 478(603.78); 479(475.23); 480(620.37); 481(579.86); 482(128.63); 483(236.39); 484(968.11); 485(309.75); 486(800.11); 487(500.89); 488(92.01); 489(441.28); 490(764.52); 491(994.98); 492(490.48); 493(415.05); 494(57.5); 495(662.97); 496(439.16); 497(765.99); 498(410.78); 499(279.86),1
409,0(148.55); 1(952.11); 2(928.69); 3(495.0); 4(412.19); 5(306.15); 6(843.19); 7(929.61); 8(740.7); 9(561.77); 10(584.17); 11(864.61); 12(347.5); 13(319.98); 14(806.62); 15(901.36); 16(683.99); 17(315.94); 18(715.15); 19(144.29); 20(207.11); 21(428.2); 22(783.98); 23(614.01); 24(868.51); 25(657.2); 26(482.92); 27(925.75); 28(591.07); 29(763.81); 30(593.81); 31(16.54); 32(25.03); 33(795.03); 34(31.54); 35(978.53); 36(987.31); 37(816.76); 38(887.08); 39(655.69); 40(79.38); 41(983.82); 42(33.21); 43(170.94); 44(971.41); 45(308.71); 46(277.59); 47(167.26); 48(875.05); 49(238.88); 50(712.59); 51(323.51); 52(597.34); 53(250.14); 54(200.42); 55(115.84); 56(668.62); 57(747.21); 58(750.95); 59(529.26); 60(991.71); 61(837.14); 62(772.42); 63(307.3); 64(96.59); 65(553.75); 66(292.06); 67(49.96); 68(190.02); 69(663.86); 70(200.07); 71(576.92); 72(943.06); 73(235.21); 74(843.07); 75(867.97); 76(411.82); 77(880.29); 78(871.59); 79(849.44); 80(97.38); 81(412.7); 82(667.69); 83(900.11); 84(151.8); 85(359.54); 86(163.63); 87(616.36); 88(413.62); 89(140.34); 90(243.86); 91(610.01); 92(1.13); 93(250.11); 94(200.31); 95(671.16); 96(918.55); 97(997.59); 98(416.03); 99(71.89); 100(611.35); 101(690.89); 102(404.32); 103(35.99); 104(658.45); 105(286.79); 106(710.76); 107(905.9); 108(235.74); 109(325.57); 110(491.57); 111(356.4); 112(58.1); 113(342.73); 114(411.15); 115(19.21); 116(518.86); 117(312.13); 118(190.46); 119(742.99); 120(786.96); 121(971.42); 122(269.09); 123(10.63); 124(850.31); 125(894.37); 126(352.13); 127(889.02); 128(891.67); 129(787.9); 130(973.29); 131(68.97); 132(142.99); 133(296.09); 134(427.95); 135(131.08); 136(512.3); 137(623.13); 138(372.84); 139(22.57); 140(218.67); 141(719.49); 142(314.16); 143(721.12); 144(63.14); 145(805.18); 146(380.52); 147(667.26); 148(18.97); 149(537.8); 150(168.93); 151(35.82); 152(226.36); 153(596.17); 154(237.21); 155(762.96); 156(253.83); 157(628.07); 158(410.77); 159(349.6); 160(119.45); 161(218.67); 162(531.36); 163(457.03); 164(799.03); 165(656.12); 166(190.96); 167(704.23); 168(778.47); 169(565.36); 170(819.45); 171(210.07); 172(250.98); 173(428.12); 174(604.28); 175(544.89); 176(817.72); 177(723.79); 178(133.87); 179(200.52); 180(196.98); 181(593.63); 182(474.78); 183(949.33); 184(718.09); 185(545.36); 186(549.25); 187(819.55); 188(973.34); 189(60.36); 190(733.99); 191(393.59); 192(529.92); 193(556.72); 194(681.76); 195(120.14); 196(463.39); 197(429.73); 198(280.82); 199(958.25); 200(260.64); 201(340.25); 202(824.15); 203(742.15); 204(747.71); 205(949.48); 206(557.88); 207(541.1); 208(158.33); 209(554.14); 210(780.0); 211(840.28); 212(945.39); 213(305.66); 214(567.96); 215(320.77); 216(738.38); 217(438.91); 218(249.87); 219(711.02); 220(763.08); 221(400.61); 222(944.1); 223(115.99); 224(953.69); 225(975.96); 226(572.04); 227(199.94); 228(438.73); 229(993.94); 230(930.94); 231(380.48); 232(449.16); 233(747.95); 234(900.01); 235(357.8); 236(705.92); 237(414.01); 238(54.94); 239(709.61); 240(968.4); 241(121.02); 242(114.98); 243(592.5); 244(253.03); 245(847.3); 246(200.75); 247(168.26); 248(448.22); 249(888.17); 250(886.84); 251(639.45); 252(876.88); 253(555.69); 254(950.78); 255(626.52); 256(135.8); 257(660.84); 258(740.99); 259(875.85); 260(728.68); 261(85.29); 262(945.15); 263(699.64); 264(746.31); 265(904.66); 266(393.23); 267(107.21); 268(551.33); 269(681.02); 270(155.89); 271(26.38); 272(22.29); 273(768.44); 274(17.26); 275(261.19); 276(481.15); 277(78.45); 278(758.36); 279(465.39); 280(326.41); 281(129.86); 282(39.18); 283(911.65); 284(897.74); 285(941.21); 286(896.44); 287(565.57); 288(298.86); 289(506.3); 290(910.27); 291(299.18); 292(811.32); 293(956.56); 294(823.45); 295(869.75); 296(721.12); 297(284.91); 298(163.33); 299(967.11); 300(527.98); 301(196.68); 302(453.98); 303(765.06); 304(816.3); 305(599.17); 306(553.85); 307(528.68); 308(265.22); 309(274.5); 310(712.21); 311(910.25); 312(595.39); 313(582.76); 314(944.67); 315(45.21); 316(563.14); 317(957.93); 318(691.47); 319(612.37); 320(849.47); 321(920.84); 322(899.14); 323(167.47); 324(51.99); 325(278.62); 326(462.59); 327(916.7); 328(866.44); 329(408.08); 330(287.22); 331(218.5); 332(661.12); 333(847.78); 334(37.12); 335(189.72); 336(964.59); 337(831.76); 338(705.24); 339(324.73); 340(547.16); 341(200.77); 342(816.39); 343(909.9); 344(89.05); 345(493.89); 346(291.1); 347(447.38); 348(849.57); 349(28.3); 350(535.65); 351(944.51); 352(464.62); 353(493.13); 354(794.01); 355(679.82); 356(199.89); 357(666.72); 358(285.9); 359(576.92); 360(274.39); 361(321.33); 362(585.66); 363(149.32); 364(603.65); 365(560.58); 366(719.06); 367(153.29); 368(599.33); 369(498.68); 370(734.28); 371(37.05); 372(886.74); 373(524.49); 374(844.05); 375(644.65); 376(338.51); 377(942.44); 378(835.97); 379(350.02); 380(88.36); 381(832.65); 382(156.42); 383(360.67); 384(106.88); 385(425.79); 386(564.03); 387(402.49); 388(349.68); 389(454.65); 390(863.5); 391(966.99); 392(470.96); 393(351.99); 394(68.06); 395(26.57); 396(231.12); 397(412.21); 398(117.61); 399(171.2); 400(160.96); 401(540.89); 402(345.85); 403(832.36); 404(270.25); 405(360.07); 406(84.81); 407(772.82); 408(379.79); 410(435.59); 411(637.03); 412(120.97); 413(960.3); 414(763.18); 415(710.76); 416(485.74); 417(40.79); 418(861.24); 419(89.23); 420(21.7); 421(163.78); 422(607.16); 423(778.0); 424(604.28); 425(658.41); 426(777.08); 427(585.94); 428(550.97); 429(254.73); 430(373.47); 431(767.28); 432(377.84); 433(656.85); 434(719.91); 435(775.09); 436(819.41); 437(431.88); 438(592.69); 439(535.76); 440(642.99); 441(737.65); 442(67.39); 443(489.29); 444(325.95); 445(773.76); 446(449.17); 447(868.11); 448(727.88); 449(148.52); 450(403.65); 451(90.77); 452(460.15); 453(664.38); 454(105.12); 455(98.7); 456(167.07); 457(883.13); 458(676.49); 459(10.55); 460(901.45); 461(787.72); 462(439.41); 463(694.32); 464(898.74); 465(781.17); 466(250.16); 467(234.62); 468(262.96); 469(119.13); 470(836.48); 471(326.18); 472(391.62); 473(289.2); 474(85.66); 475(194.37); 476(0.43); 477(989.86); 478(388.45); 479(804.45); 480(376.76); 481(658.5); 482(437.07); 483(621.06); 484(541.64); 485(693.39); 486(624.12); 487(417.55); 488(306.91); 489(192.63); 490(244.03); 491(498.27); 492(142.36); 493(502.29); 494(622.21); 495(106.41); 496(78.51); 497(163.41); 498(764.31); 499(191.44),1
410,0(201.15); 1(868.86); 2(352.4); 3(619.39); 4(973.02); 5(667.53); 6(841.4); 7(154.54); 8(997.77); 9(328.15); 10(899.47); 11(117.95); 12(404.79); 13(619.7); 14(252.62); 15(26.08); 16(259.46); 17(44.1); 18(514.52); 19(785.66); 20(969.66); 21(95.82); 22(554.92); 23(47.06); 24(791.38); 25(258.1); 26(685.83); 27(978.09); 28(667.69); 29(70.45); 30(923.0); 31(706.52); 32(680.57); 33(767.87); 34(375.15); 35(445.99); 36(222.07); 37(92.51); 38(297.93); 39(298.3); 40(23.43); 41(673.67); 42(466.29); 43(701.12); 44(256.42); 45(378.57); 46(99.72); 47(868.92); 48(62.63); 49(267.49); 50(163.04); 51(742.65); 52(294.14); 53(899.19); 54(418.86); 55(113.9); 56(545.35); 57(169.43); 58(419.35); 59(513.1); 60(435.91); 61(103.04); 62(905.59); 63(486.22); 64(588.82); 65(615.23); 66(10.12); 67(556.95); 68(597.55); 69(102.19); 70(831.35); 71(273.86); 72(855.04); 73(791.03); 74(784.76); 75(269.07); 76(451.27); 77(525.35); 78(262.2); 79(414.69); 80(480.36); 81(229.43); 82(314.87); 83(249.93); 84(821.2); 85(953.74); 86(766.95); 87(741.78); 88(427.51); 89(138.78); 90(82.21); 91(900.05); 92(192.24); 93(84.43); 94(568.94); 95(599.53); 96(759.93); 97(390.11); 98(476.98); 99(469.53); 100(427.86); 101(342.76); 102(977.25); 103(494.21); 104(759.33); 105(639.18); 106(424.08); 107(130.03); 108(950.57); 109(158.52); 110(596.32); 111(582.85); 112(621.58); 113(972.91); 114(839.13); 115(952.47); 116(91.49); 117(490.3); 118(53.8); 119(874.42); 120(501.06); 121(325.33); 122(32.27); 123(921.81); 124(88.53); 125(144.03); 126(806.66); 127(367.77); 128(729.05); 129(461.03); 130(807.93); 131(151.55); 132(301.57); 133(692.34); 134(555.05); 135(41.28); 136(464.56); 137(274.22); 138(573.04); 139(212.91); 140(561.66); 141(640.52); 142(399.14); 143(998.55); 144(840.09); 145(866.93); 146(208.06); 147(35.93); 148(872.14); 149(634.5); 150(996.02); 151(603.46); 152(868.78); 153(347.36); 154(894.61); 155(516.58); 156(435.42); 157(516.2); 158(188.67); 159(456.83); 160(622.28); 161(500.85); 162(260.0); 163(155.94); 164(73.6); 165(727.07); 166(791.36); 167(860.01); 168(851.2); 169(319.36); 170(415.33); 171(719.29); 172(375.67); 173(639.11); 174(19.43); 175(383.9); 176(455.77); 177(672.68); 178(89.14); 179(926.96); 180(914.77); 181(229.39); 182(120.35); 183(514.78); 184(716.17); 185(664.01); 186(94.1); 187(312.06); 188(610.15); 189(496.13); 190(113.71); 191(121.29); 192(222.02); 193(546.88); 194(590.16); 195(47.94); 196(5.58); 197(246.74); 198(108.89); 199(863.01); 200(700.29); 201(595.63); 202(822.88); 203(627.3); 204(32.67); 205(165.31); 206(170.36); 207(206.69); 208(279.45); 209(80.67); 210(816.68); 211(307.16); 212(797.16); 213(409.07); 214(944.07); 215(967.12); 216(183.14); 217(645.51); 218(927.19); 219(675.73); 220(332.12); 221(122.54); 222(76.08); 223(807.58); 224(884.25); 225(584.43); 226(128.61); 227(202.35); 228(7.31); 229(548.03); 230(414.15); 231(593.48); 232(730.7); 233(104.57); 234(52.27); 235(976.77); 236(830.5); 237(203.83); 238(76.7); 239(134.85); 240(59.73); 241(272.88); 242(185.84); 243(392.43); 244(568.73); 245(983.26); 246(42.51); 247(632.02); 248(189.09); 249(26.77); 250(145.26); 251(283.22); 252(180.52); 253(131.79); 254(19.61); 255(626.27); 256(392.4); 257(37.76); 258(236.69); 259(781.86); 260(478.76); 261(281.65); 262(700.18); 263(384.85); 264(519.3); 265(825.92); 266(341.34); 267(928.52); 268(175.56); 269(618.32); 270(131.4); 271(398.03); 272(155.55); 273(605.96); 274(115.11); 275(250.28); 276(631.58); 277(933.88); 278(672.08); 279(439.1); 280(338.5); 281(484.48); 282(732.78); 283(161.19); 284(670.17); 285(695.43); 286(447.04); 287(322.67); 288(198.31); 289(122.42); 290(431.12); 291(836.81); 292(920.16); 293(623.4); 294(259.72); 295(708.57); 296(699.8); 297(419.99); 298(592.04); 299(72.26); 300(814.27); 301(658.77); 302(796.46); 303(196.04); 304(817.77); 305(192.83); 306(587.74); 307(650.0); 308(349.54); 309(610.3); 310(557.84); 311(793.59); 312(765.63); 313(765.44); 314(472.57); 315(220.87); 316(396.73); 317(587.68); 318(871.08); 319(243.45); 320(799.25); 321(278.52); 322(179.58); 323(169.23); 324(600.56); 325(753.67); 326(266.37); 327(510.41); 328(301.35); 329(694.75); 330(810.03); 331(76.1); 332(559.31); 333(917.24); 334(820.91); 335(495.26); 336(277.15); 337(269.62); 338(757.36); 339(498.88); 340(725.96); 341(548.17); 342(359.04); 343(225.9); 344(832.5); 345(288.58); 346(412.01); 347(850.32); 348(571.33); 349(377.08); 350(853.3); 351(628.05); 352(162.8); 353(910.56); 354(817.63); 355(104.02); 356(822.43); 357(999.65); 358(536.9); 359(574.46); 360(894.83); 361(585.91); 362(869.63); 363(370.22); 364(949.07); 365(997.47); 366(928.92); 367(42.43); 368(689.98); 369(85.64); 370(376.79); 371(578.73); 372(703.58); 373(22.58); 374(273.08); 375(819.2); 376(147.51); 377(478.36); 378(469.49); 379(366.52); 380(815.1); 381(774.32); 382(548.32); 383(389.15); 384(331.11); 385(893.61); 386(610.8); 387(445.91); 388(110.82); 389(427.55); 390(603.42); 391(585.34); 392(504.63); 393(745.21); 394(659.66); 395(787.17); 396(564.84); 397(820.66); 398(507.85); 399(975.13); 400(790.87); 401(436.11); 402(11.33); 403(405.55); 404(407.7); 405(264.91); 406(337.65); 407(853.07); 408(720.71); 409(435.59); 411(745.87); 412(900.34); 413(781.82); 414(318.24); 415(858.01); 416(404.32); 417(556.9); 418(569.94); 419(130.79); 420(714.26); 421(608.96); 422(632.09); 423(134.72); 424(296.66); 425(997.3); 426(605.02); 427(412.34); 428(277.98); 429(253.23); 430(695.36); 431(642.93); 432(804.65); 433(615.75); 434(736.5); 435(570.47); 436(97.87); 437(660.34); 438(536.39); 439(240.94); 440(392.65); 441(295.72); 442(275.53); 443(494.76); 444(962.79); 445(109.2); 446(806.19); 447(745.69); 448(226.06); 449(540.73); 450(349.09); 451(963.7); 452(41.66); 453(302.26); 454(634.62); 455(315.24); 456(399.74); 457(872.62); 458(59.47); 459(303.13); 460(738.72); 461(906.95); 462(675.05); 463(896.8); 464(758.67); 465(229.22); 466(372.36); 467(767.94); 468(783.62); 469(485.01); 470(870.06); 471(903.97); 472(94.47); 473(233.96); 474(284.02); 475(540.09); 476(43.76); 477(142.86); 478(821.38); 479(392.02); 480(924.97); 481(678.53); 482(936.94); 483(30.39); 484(972.05); 485(550.59); 486(317.68); 487(132.65); 488(767.2); 489(779.85); 490(506.61); 491(766.49); 492(894.38); 493(617.59); 494(980.18); 495(756.02); 496(926.72); 497(238.4); 498(677.54); 499(550.75),1
411,0(490.72); 1(599.26); 2(481.86); 3(753.02); 4(722.52); 5(216.6); 6(689.34); 7(490.48); 8(12.3); 9(184.59); 10(870.59); 11(436.37); 12(357.47); 13(952.87); 14(769.93); 15(656.28); 16(254.85); 17(178.36); 18(773.82); 19(566.83); 20(208.44); 21(478.77); 22(28.42); 23(767.29); 24(308.07); 25(70.46); 26(435.32); 27(204.86); 28(264.68); 29(135.82); 30(275.56); 31(294.86); 32(67.9); 33(699.33); 34(485.35); 35(948.71); 36(510.88); 37(678.1); 38(528.35); 39(918.11); 40(759.96); 41(784.37); 42(432.83); 43(555.5); 44(283.48); 45(681.94); 46(989.46); 47(98.0); 48(940.27); 49(869.16); 50(503.68); 51(392.74); 52(196.56); 53(96.1); 54(590.04); 55(225.99); 56(306.85); 57(728.48); 58(494.21); 59(675.9); 60(500.91); 61(985.74); 62(429.17); 63(576.06); 64(524.54); 65(544.95); 66(980.01); 67(385.07); 68(277.95); 69(201.95); 70(556.13); 71(27.17); 72(794.87); 73(659.39); 74(656.6); 75(831.01); 76(364.06); 77(810.85); 78(293.25); 79(632.6); 80(96.5); 81(929.87); 82(0.73); 83(782.27); 84(285.72); 85(163.68); 86(692.09); 87(867.0); 88(115.94); 89(164.2); 90(97.99); 91(961.48); 92(105.37); 93(203.72); 94(282.24); 95(540.91); 96(422.7); 97(911.2); 98(101.79); 99(745.71); 100(230.73); 101(652.59); 102(21.92); 103(701.47); 104(626.55); 105(579.98); 106(143.05); 107(900.94); 108(885.0); 109(376.81); 110(520.69); 111(332.36); 112(778.05); 113(761.03); 114(570.89); 115(390.57); 116(419.08); 117(316.63); 118(736.0); 119(646.75); 120(437.04); 121(132.43); 122(349.19); 123(707.06); 124(805.65); 125(875.66); 126(587.1); 127(691.25); 128(715.59); 129(414.17); 130(739.29); 131(886.92); 132(9.82); 133(977.83); 134(704.03); 135(904.51); 136(869.7); 137(36.55); 138(135.89); 139(828.5); 140(747.37); 141(194.27); 142(53.04); 143(660.51); 144(576.76); 145(80.32); 146(349.98); 147(283.93); 148(917.59); 149(991.17); 150(617.15); 151(867.42); 152(551.49); 153(990.86); 154(838.89); 155(414.17); 156(132.4); 157(514.62); 158(993.35); 159(73.48); 160(497.51); 161(375.37); 162(566.06); 163(549.28); 164(937.48); 165(366.87); 166(920.61); 167(503.73); 168(923.53); 169(733.89); 170(806.98); 171(527.81); 172(499.65); 173(542.26); 174(534.02); 175(59.99); 176(827.18); 177(709.84); 178(474.11); 179(196.37); 180(594.51); 181(218.66); 182(629.85); 183(947.41); 184(796.22); 185(276.02); 186(49.6); 187(551.2); 188(259.56); 189(558.25); 190(304.49); 191(274.57); 192(898.06); 193(636.8); 194(931.61); 195(838.43); 196(490.31); 197(508.41); 198(514.52); 199(659.85); 200(913.22); 201(852.14); 202(919.88); 203(812.23); 204(637.06); 205(640.85); 206(301.67); 207(894.14); 208(613.62); 209(325.84); 210(229.59); 211(509.82); 212(1.05); 213(489.77); 214(527.77); 215(111.62); 216(386.04); 217(434.64); 218(499.59); 219(267.97); 220(259.07); 221(969.69); 222(935.18); 223(729.97); 224(166.16); 225(546.53); 226(390.37); 227(637.67); 228(166.67); 229(453.18); 230(420.61); 231(584.4); 232(537.33); 233(517.34); 234(199.58); 235(193.04); 236(803.74); 237(344.06); 238(7.91); 239(570.21); 240(222.22); 241(7.91); 242(352.41); 243(380.71); 244(506.09); 245(493.48); 246(160.83); 247(370.61); 248(260.62); 249(584.12); 250(100.29); 251(482.94); 252(241.87); 253(402.75); 254(931.37); 255(235.42); 256(153.19); 257(903.3); 258(479.19); 259(236.84); 260(889.08); 261(355.45); 262(624.12); 263(346.2); 264(65.96); 265(740.76); 266(395.68); 267(144.15); 268(324.34); 269(358.33); 270(605.63); 271(583.93); 272(984.63); 273(302.12); 274(734.11); 275(598.0); 276(417.43); 277(168.0); 278(572.52); 279(57.23); 280(77.43); 281(279.37); 282(263.43); 283(489.28); 284(424.23); 285(41.74); 286(265.48); 287(897.92); 288(779.83); 289(157.36); 290(301.61); 291(520.84); 292(36.98); 293(631.97); 294(722.69); 295(113.44); 296(41.3); 297(962.08); 298(184.02); 299(76.16); 300(239.76); 301(812.48); 302(435.85); 303(812.36); 304(706.3); 305(719.61); 306(772.15); 307(425.3); 308(491.67); 309(200.72); 310(174.68); 311(121.22); 312(167.74); 313(96.87); 314(271.38); 315(357.82); 316(956.38); 317(197.63); 318(879.06); 319(283.99); 320(588.19); 321(528.01); 322(375.61); 323(321.53); 324(718.91); 325(505.08); 326(616.42); 327(57.49); 328(596.6); 329(396.18); 330(810.79); 331(313.81); 332(818.71); 333(363.85); 334(804.08); 335(144.04); 336(862.34); 337(319.69); 338(765.01); 339(710.2); 340(769.45); 341(715.27); 342(177.57); 343(681.07); 344(295.42); 345(184.01); 346(300.56); 347(688.49); 348(252.8); 349(359.38); 350(63.81); 351(946.34); 352(189.78); 353(259.2); 354(449.81); 355(789.73); 356(484.19); 357(512.22); 358(542.25); 359(144.65); 360(12.36); 361(643.53); 362(468.14); 363(319.44); 364(715.94); 365(786.58); 366(411.55); 367(233.44); 368(88.07); 369(267.06); 370(715.52); 371(716.77); 372(647.82); 373(318.06); 374(16.38); 375(544.04); 376(696.59); 377(739.15); 378(931.05); 379(987.36); 380(93.71); 381(195.91); 382(695.27); 383(40.49); 384(189.23); 385(418.19); 386(206.53); 387(529.66); 388(678.92); 389(845.12); 390(714.55); 391(599.36); 392(8.43); 393(914.49); 394(271.12); 395(426.6); 396(780.69); 397(227.39); 398(512.01); 399(352.4); 400(520.15); 401(782.11); 402(686.15); 403(875.06); 404(350.72); 405(755.41); 406(356.36); 407(665.25); 408(506.78); 409(637.03); 410(745.87); 412(72.69); 413(387.41); 414(955.82); 415(737.17); 416(538.03); 417(42.45); 418(403.9); 419(558.38); 420(608.61); 421(351.84); 422(945.36); 423(118.57); 424(950.37); 425(592.92); 426(952.93); 427(393.17); 428(31.76); 429(657.66); 430(152.93); 431(675.41); 432(692.31); 433(525.26); 434(105.01); 435(505.3); 436(19.06); 437(702.53); 438(568.06); 439(606.52); 440(577.63); 441(784.61); 442(356.0); 443(555.76); 444(431.81); 445(257.66); 446(374.3); 447(698.68); 448(439.07); 449(829.73); 450(75.05); 451(549.27); 452(868.23); 453(641.8); 454(820.89); 455(334.14); 456(483.42); 457(679.6); 458(116.22); 459(727.98); 460(723.87); 461(563.45); 462(749.85); 463(444.69); 464(890.01); 465(989.16); 466(674.31); 467(25.26); 468(627.37); 469(643.85); 470(41.46); 471(845.73); 472(564.78); 473(84.98); 474(118.47); 475(17.5); 476(624.11); 477(985.66); 478(152.23); 479(837.66); 480(69.68); 481(82.92); 482(879.88); 483(584.31); 484(633.35); 485(477.83); 486(703.72); 487(215.51); 488(729.29); 489(405.72); 490(242.86); 491(594.21); 492(649.36); 493(464.13); 494(184.96); 495(762.98); 496(762.01); 497(972.97); 498(652.7); 499(567.19),1
412,0(424.64); 1(244.52); 2(862.88); 3(559.98); 4(564.63); 5(722.47); 6(827.4); 7(581.43); 8(24.04); 9(746.17); 10(448.58); 11(630.13); 12(751.45); 13(580.49); 14(498.63); 15(708.21); 16(595.87); 17(908.0); 18(236.23); 19(913.92); 20(192.01); 21(375.17); 22(438.32); 23(516.43); 24(797.43); 25(331.48); 26(492.58); 27(764.16); 28(578.95); 29(553.29); 30(155.84); 31(553.43); 32(888.09); 33(822.34); 34(550.64); 35(466.11); 36(354.2); 37(952.63); 38(290.96); 39(340.42); 40(145.31); 41(430.91); 42(700.69); 43(36.5); 44(986.9); 45(799.17); 46(117.75); 47(171.58); 48(755.8); 49(344.86); 50(360.69); 51(129.92); 52(657.87); 53(113.38); 54(546.25); 55(135.52); 56(753.27); 57(685.97); 58(815.75); 59(384.71); 60(898.71); 61(380.78); 62(499.74); 63(880.31); 64(499.75); 65(988.12); 66(544.79); 67(427.29); 68(818.62); 69(969.94); 70(388.6); 71(464.35); 72(294.98); 73(919.83); 74(20.76); 75(374.28); 76(99.32); 77(704.46); 78(410.81); 79(826.46); 80(580.71); 81(385.35); 82(787.29); 83(189.72); 84(371.81); 85(429.03); 86(330.43); 87(622.51); 88(597.87); 89(535.94); 90(99.24); 91(51.28); 92(82.34); 93(153.19); 94(463.17); 95(354.93); 96(735.35); 97(713.29); 98(538.05); 99(345.25); 100(771.8); 101(202.24); 102(580.62); 103(979.99); 104(229.9); 105(786.36); 106(470.65); 107(475.95); 108(134.08); 109(936.58); 110(398.27); 111(209.32); 112(761.89); 113(333.94); 114(75.99); 115(285.18); 116(598.02); 117(258.66); 118(550.88); 119(333.98); 120(226.63); 121(849.01); 122(672.47); 123(874.25); 124(231.56); 125(343.71); 126(610.76); 127(60.96); 128(176.72); 129(362.0); 130(216.35); 131(486.98); 132(731.46); 133(20.43); 134(994.77); 135(115.22); 136(447.22); 137(617.96); 138(730.91); 139(611.81); 140(828.96); 141(991.32); 142(683.58); 143(659.46); 144(768.31); 145(772.91); 146(96.02); 147(625.09); 148(203.75); 149(673.8); 150(212.47); 151(855.4); 152(895.29); 153(300.4); 154(901.23); 155(260.86); 156(6.1); 157(777.76); 158(601.28); 159(379.7); 160(105.92); 161(969.54); 162(857.3); 163(929.16); 164(83.2); 165(852.1); 166(611.16); 167(587.98); 168(462.57); 169(131.74); 170(86.27); 171(222.66); 172(751.08); 173(648.87); 174(330.29); 175(474.9); 176(556.57); 177(834.75); 178(507.26); 179(385.06); 180(826.08); 181(956.76); 182(271.69); 183(225.62); 184(186.9); 185(991.51); 186(368.72); 187(892.84); 188(176.11); 189(474.45); 190(876.57); 191(553.85); 192(716.03); 193(741.04); 194(678.11); 195(937.59); 196(831.63); 197(965.21); 198(81.49); 199(964.43); 200(784.69); 201(711.13); 202(61.53); 203(970.23); 204(946.16); 205(293.81); 206(667.4); 207(429.42); 208(995.41); 209(313.78); 210(879.61); 211(103.61); 212(456.63); 213(677.25); 214(316.27); 215(266.59); 216(82.31); 217(994.17); 218(65.77); 219(559.98); 220(197.25); 221(462.71); 222(983.04); 223(253.89); 224(583.0); 225(816.5); 226(513.48); 227(810.19); 228(164.3); 229(257.6); 230(928.62); 231(548.4); 232(764.93); 233(797.54); 234(196.08); 235(694.92); 236(960.1); 237(826.94); 238(925.22); 239(846.08); 240(342.91); 241(578.92); 242(324.8); 243(272.88); 244(712.03); 245(351.28); 246(659.63); 247(248.45); 248(116.1); 249(565.02); 250(572.84); 251(715.09); 252(749.16); 253(211.18); 254(117.15); 255(973.81); 256(305.79); 257(262.87); 258(509.63); 259(592.36); 260(562.8); 261(299.36); 262(322.97); 263(16.76); 264(73.61); 265(628.56); 266(353.61); 267(324.82); 268(807.53); 269(444.23); 270(459.89); 271(963.5); 272(388.22); 273(450.74); 274(734.57); 275(951.06); 276(688.21); 277(813.48); 278(367.37); 279(539.81); 280(417.88); 281(395.3); 282(29.04); 283(571.59); 284(105.81); 285(518.42); 286(140.99); 287(79.89); 288(130.78); 289(631.33); 290(192.23); 291(77.54); 292(750.93); 293(882.29); 294(96.69); 295(316.9); 296(892.84); 297(965.92); 298(762.78); 299(969.62); 300(926.1); 301(947.68); 302(417.22); 303(131.85); 304(419.19); 305(309.23); 306(985.39); 307(239.94); 308(832.89); 309(313.95); 310(8.89); 311(658.1); 312(463.71); 313(859.55); 314(899.76); 315(219.66); 316(348.9); 317(92.5); 318(256.52); 319(971.3); 320(933.21); 321(721.56); 322(366.72); 323(963.12); 324(695.55); 325(633.36); 326(565.77); 327(781.5); 328(794.95); 329(268.19); 330(391.59); 331(137.54); 332(995.79); 333(991.4); 334(722.65); 335(53.28); 336(347.98); 337(100.63); 338(665.86); 339(3.92); 340(352.02); 341(546.98); 342(439.2); 343(894.89); 344(654.68); 345(940.15); 346(337.99); 347(690.39); 348(852.61); 349(515.18); 350(905.6); 351(813.42); 352(228.54); 353(433.14); 354(920.69); 355(197.47); 356(551.35); 357(801.52); 358(252.83); 359(30.45); 360(804.75); 361(466.87); 362(958.23); 363(51.85); 364(329.15); 365(835.79); 366(429.59); 367(173.63); 368(649.23); 369(318.39); 370(496.77); 371(470.14); 372(624.88); 373(842.97); 374(878.86); 375(347.83); 376(898.64); 377(204.97); 378(351.13); 379(789.97); 380(841.77); 381(642.67); 382(952.16); 383(9.25); 384(220.01); 385(920.74); 386(263.51); 387(540.96); 388(618.12); 389(703.1); 390(376.51); 391(493.47); 392(524.76); 393(586.54); 394(220.96); 395(567.28); 396(373.45); 397(550.52); 398(97.16); 399(464.6); 400(533.09); 401(692.89); 402(112.05); 403(850.45); 404(578.53); 405(919.72); 406(943.41); 407(208.63); 408(389.7); 409(120.97); 410(900.34); 411(72.69); 413(783.19); 414(549.33); 415(570.32); 416(38.22); 417(222.67); 418(321.04); 419(476.74); 420(212.66); 421(980.4); 422(970.86); 423(805.03); 424(504.5); 425(842.38); 426(14.6); 427(500.98); 428(652.57); 429(632.59); 430(791.72); 431(515.84); 432(613.91); 433(545.82); 434(674.05); 435(775.24); 436(953.92); 437(321.25); 438(174.53); 439(780.16); 440(773.13); 441(296.96); 442(858.4); 443(575.29); 444(345.3); 445(292.85); 446(222.69); 447(980.55); 448(401.72); 449(332.26); 450(693.41); 451(211.05); 452(429.34); 453(514.09); 454(394.07); 455(667.36); 456(908.0); 457(756.18); 458(313.19); 459(193.22); 460(222.75); 461(869.08); 462(975.26); 463(170.93); 464(863.83); 465(2.3); 466(929.04); 467(247.4); 468(563.65); 469(799.89); 470(126.79); 471(848.96); 472(208.48); 473(906.92); 474(213.04); 475(704.35); 476(31.62); 477(560.93); 478(482.98); 479(886.21); 480(546.25); 481(814.72); 482(554.18); 483(25.64); 484(94.88); 485(667.4); 486(102.03); 487(678.2); 488(686.35); 489(160.53); 490(862.06); 491(365.72); 492(970.77); 493(743.84); 494(275.77); 495(423.9); 496(469.57); 497(853.94); 498(837.7); 499(134.94),2
413,0(714.63); 1(347.37); 2(109.12); 3(541.28); 4(13.76); 5(105.03); 6(22.25); 7(655.43); 8(508.26); 9(737.08); 10(10.77); 11(379.69); 12(124.77); 13(196.52); 14(218.49); 15(413.78); 16(863.21); 17(227.41); 18(265.62); 19(934.14); 20(858.92); 21(114.21); 22(430.59); 23(269.13); 24(700.72); 25(68.3); 26(105.51); 27(154.32); 28(854.05); 29(198.22); 30(159.47); 31(508.24); 32(930.64); 33(843.06); 34(868.72); 35(827.34); 36(153.79); 37(196.45); 38(905.77); 39(192.78); 40(408.91); 41(457.55); 42(287.05); 43(292.1); 44(245.48); 45(403.04); 46(527.43); 47(171.33); 48(1.66); 49(720.28); 50(22.82); 51(468.21); 52(478.83); 53(510.97); 54(971.58); 55(76.95); 56(574.01); 57(97.74); 58(423.03); 59(192.86); 60(196.02); 61(462.43); 62(274.55); 63(627.01); 64(829.3); 65(160.92); 66(285.37); 67(846.74); 68(855.78); 69(502.02); 70(736.77); 71(488.32); 72(919.45); 73(635.77); 74(939.07); 75(570.23); 76(563.68); 77(110.81); 78(694.9); 79(237.1); 80(675.35); 81(534.86); 82(644.52); 83(958.78); 84(523.54); 85(343.35); 86(214.35); 87(885.89); 88(330.74); 89(360.89); 90(651.04); 91(999.41); 92(84.79); 93(616.7); 94(924.76); 95(206.8); 96(242.04); 97(128.03); 98(346.06); 99(585.33); 100(557.16); 101(909.29); 102(394.14); 103(778.32); 104(548.76); 105(941.79); 106(881.55); 107(977.86); 108(881.68); 109(757.37); 110(473.87); 111(398.41); 112(786.49); 113(716.41); 114(604.77); 115(484.67); 116(236.44); 117(75.61); 118(105.63); 119(387.88); 120(415.78); 121(14.54); 122(699.75); 123(445.17); 124(206.54); 125(184.84); 126(915.32); 127(917.54); 128(898.67); 129(590.53); 130(11.47); 131(547.87); 132(347.07); 133(458.01); 134(294.75); 135(958.31); 136(539.81); 137(876.51); 138(161.79); 139(486.64); 140(632.41); 141(479.69); 142(70.03); 143(215.35); 144(882.62); 145(146.67); 146(141.2); 147(896.88); 148(296.63); 149(850.63); 150(815.06); 151(442.77); 152(684.6); 153(108.96); 154(0.3); 155(883.28); 156(398.37); 157(26.27); 158(558.19); 159(560.51); 160(5.41); 161(267.14); 162(562.47); 163(613.4); 164(0.16); 165(533.12); 166(526.65); 167(875.0); 168(668.75); 169(686.78); 170(776.19); 171(842.17); 172(53.39); 173(388.0); 174(13.54); 175(531.88); 176(132.75); 177(749.15); 178(5.03); 179(855.67); 180(767.02); 181(972.01); 182(563.34); 183(447.83); 184(435.58); 185(32.12); 186(280.23); 187(211.01); 188(746.61); 189(669.22); 190(258.29); 191(98.56); 192(208.86); 193(94.57); 194(149.37); 195(429.81); 196(939.86); 197(850.23); 198(542.61); 199(659.08); 200(793.32); 201(377.82); 202(207.01); 203(897.02); 204(371.38); 205(527.29); 206(866.58); 207(92.84); 208(749.26); 209(808.1); 210(599.78); 211(265.51); 212(413.34); 213(45.58); 214(61.1); 215(888.71); 216(908.29); 217(282.82); 218(362.0); 219(633.07); 220(798.33); 221(333.58); 222(642.41); 223(669.62); 224(433.95); 225(540.28); 226(560.9); 227(57.09); 228(690.49); 229(927.61); 230(833.75); 231(443.18); 232(660.55); 233(396.93); 234(246.87); 235(69.39); 236(692.22); 237(316.98); 238(543.78); 239(60.98); 240(894.01); 241(833.93); 242(456.93); 243(743.28); 244(463.53); 245(61.01); 246(716.98); 247(907.8); 248(34.09); 249(443.46); 250(124.41); 251(568.69); 252(866.62); 253(153.07); 254(147.7); 255(541.96); 256(791.48); 257(694.88); 258(319.5); 259(660.84); 260(3.16); 261(612.63); 262(582.92); 263(46.06); 264(541.59); 265(27.8); 266(238.81); 267(22.53); 268(633.84); 269(587.61); 270(916.46); 271(269.86); 272(70.99); 273(986.79); 274(985.78); 275(397.92); 276(9.13); 277(935.32); 278(655.27); 279(923.31); 280(76.06); 281(153.73); 282(526.18); 283(433.22); 284(127.05); 285(232.45); 286(35.98); 287(148.94); 288(606.2); 289(54.68); 290(704.02); 291(14.13); 292(506.5); 293(518.44); 294(997.44); 295(991.03); 296(191.47); 297(248.29); 298(652.99); 299(463.69); 300(222.35); 301(497.39); 302(326.56); 303(471.83); 304(752.58); 305(809.17); 306(444.44); 307(203.97); 308(682.51); 309(514.28); 310(508.99); 311(107.75); 312(279.12); 313(162.5); 314(546.3); 315(534.37); 316(111.38); 317(161.46); 318(990.9); 319(65.75); 320(591.25); 321(792.64); 322(925.96); 323(76.81); 324(744.85); 325(987.39); 326(65.4); 327(637.33); 328(745.82); 329(274.23); 330(562.47); 331(44.54); 332(220.07); 333(98.14); 334(588.28); 335(410.07); 336(86.97); 337(878.19); 338(915.76); 339(806.25); 340(417.57); 341(206.47); 342(142.47); 343(131.25); 344(918.35); 345(212.31); 346(100.65); 347(247.76); 348(964.09); 349(250.98); 350(517.16); 351(779.01); 352(298.94); 353(267.03); 354(930.64); 355(442.04); 356(747.56); 357(947.9); 358(246.43); 359(883.98); 360(294.19); 361(754.07); 362(556.32); 363(201.42); 364(478.38); 365(309.04); 366(435.07); 367(243.91); 368(830.86); 369(778.85); 370(505.09); 371(495.8); 372(264.24); 373(781.76); 374(405.66); 375(416.46); 376(388.16); 377(706.09); 378(974.47); 379(593.41); 380(659.92); 381(810.06); 382(715.75); 383(806.33); 384(646.6); 385(790.89); 386(916.71); 387(317.16); 388(891.58); 389(978.96); 390(899.88); 391(872.07); 392(679.78); 393(375.42); 394(2.82); 395(90.08); 396(114.34); 397(426.69); 398(762.04); 399(715.56); 400(779.03); 401(187.52); 402(148.37); 403(669.87); 404(742.45); 405(369.81); 406(761.54); 407(925.65); 408(649.06); 409(960.3); 410(781.82); 411(387.41); 412(783.19); 414(423.56); 415(990.4); 416(34.53); 417(476.66); 418(6.45); 419(721.95); 420(376.42); 421(680.05); 422(607.12); 423(863.1); 424(464.07); 425(935.96); 426(652.67); 427(20.3); 428(578.77); 429(296.91); 430(982.07); 431(576.77); 432(268.18); 433(615.77); 434(640.5); 435(62.5); 436(298.78); 437(589.07); 438(622.7); 439(476.36); 440(317.67); 441(278.1); 442(258.15); 443(998.87); 444(835.76); 445(14.94); 446(961.82); 447(530.58); 448(836.37); 449(938.55); 450(987.02); 451(861.15); 452(878.33); 453(545.77); 454(677.24); 455(762.45); 456(61.61); 457(900.97); 458(996.17); 459(90.23); 460(278.38); 461(812.94); 462(122.24); 463(628.51); 464(41.18); 465(839.38); 466(465.24); 467(777.55); 468(93.7); 469(855.5); 470(81.96); 471(112.79); 472(750.9); 473(375.66); 474(566.98); 475(226.92); 476(540.73); 477(56.3); 478(587.31); 479(224.85); 480(140.08); 481(82.96); 482(207.49); 483(47.69); 484(429.78); 485(379.65); 486(88.69); 487(817.25); 488(853.32); 489(245.61); 490(916.22); 491(386.6); 492(84.89); 493(807.8); 494(947.08); 495(408.26); 496(128.68); 497(382.83); 498(701.0); 499(43.87),1
414,0(723.67); 1(727.32); 2(619.75); 3(938.52); 4(303.54); 5(785.61); 6(396.07); 7(497.01); 8(850.44); 9(601.35); 10(962.75); 11(148.85); 12(730.89); 13(821.39); 14(515.08); 15(701.29); 16(963.31); 17(692.32); 18(131.28); 19(763.44); 20(254.11); 21(301.43); 22(771.28); 23(63.7); 24(695.56); 25(322.5); 26(490.78); 27(710.78); 28(67.3); 29(480.39); 30(652.52); 31(416.7); 32(850.26); 33(279.07); 34(665.81); 35(93.42); 36(144.93); 37(248.59); 38(761.71); 39(265.04); 40(470.95); 41(690.85); 42(124.57); 43(380.96); 44(471.55); 45(247.67); 46(991.96); 47(440.51); 48(376.2); 49(180.44); 50(971.03); 51(725.72); 52(781.71); 53(599.88); 54(564.9); 55(605.23); 56(606.42); 57(17.78); 58(178.66); 59(490.59); 60(1.58); 61(182.64); 62(482.68); 63(126.07); 64(750.45); 65(4.81); 66(899.51); 67(958.85); 68(304.24); 69(491.46); 70(53.39); 71(802.36); 72(192.05); 73(951.73); 74(918.91); 75(524.84); 76(617.52); 77(788.48); 78(311.76); 79(95.19); 80(806.24); 81(146.85); 82(559.6); 83(769.85); 84(778.06); 85(135.44); 86(988.54); 87(611.47); 88(643.23); 89(798.74); 90(963.68); 91(136.38); 92(448.26); 93(918.18); 94(474.61); 95(874.35); 96(246.28); 97(557.57); 98(588.11); 99(275.3); 100(775.92); 101(85.38); 102(5.31); 103(142.1); 104(301.74); 105(709.56); 106(90.7); 107(564.31); 108(178.43); 109(818.69); 110(955.61); 111(781.79); 112(931.34); 113(256.36); 114(820.34); 115(1.47); 116(483.26); 117(13.3); 118(105.98); 119(699.13); 120(601.16); 121(908.81); 122(571.96); 123(308.03); 124(406.34); 125(537.95); 126(541.72); 127(339.04); 128(959.24); 129(586.42); 130(422.35); 131(781.68); 132(601.94); 133(50.18); 134(39.76); 135(602.28); 136(186.93); 137(757.6); 138(457.36); 139(276.01); 140(463.16); 141(6.9); 142(385.23); 143(749.87); 144(656.55); 145(121.81); 146(675.6); 147(340.26); 148(782.31); 149(596.49); 150(142.19); 151(118.13); 152(161.92); 153(576.8); 154(352.82); 155(228.29); 156(368.52); 157(117.41); 158(7.78); 159(24.57); 160(934.6); 161(47.64); 162(26.42); 163(305.72); 164(711.54); 165(863.1); 166(433.53); 167(887.98); 168(537.45); 169(319.18); 170(606.67); 171(492.09); 172(74.36); 173(160.88); 174(611.6); 175(550.42); 176(601.99); 177(251.23); 178(944.48); 179(765.02); 180(475.85); 181(224.23); 182(181.51); 183(345.19); 184(367.27); 185(482.79); 186(63.46); 187(767.59); 188(187.97); 189(447.79); 190(560.72); 191(788.09); 192(995.14); 193(895.13); 194(21.43); 195(834.01); 196(756.91); 197(969.63); 198(384.18); 199(86.15); 200(130.77); 201(545.71); 202(307.83); 203(915.92); 204(755.67); 205(455.24); 206(16.11); 207(204.02); 208(597.12); 209(336.92); 210(589.52); 211(510.17); 212(410.37); 213(933.64); 214(71.28); 215(402.18); 216(98.96); 217(855.99); 218(896.03); 219(588.05); 220(972.17); 221(997.34); 222(579.33); 223(45.1); 224(462.56); 225(192.25); 226(846.73); 227(317.89); 228(896.26); 229(11.58); 230(557.34); 231(964.63); 232(314.6); 233(432.88); 234(602.1); 235(547.01); 236(332.05); 237(733.54); 238(843.46); 239(88.29); 240(861.63); 241(63.57); 242(77.84); 243(0.3); 244(737.33); 245(703.69); 246(898.11); 247(401.06); 248(814.76); 249(675.95); 250(86.85); 251(151.22); 252(18.17); 253(648.48); 254(951.13); 255(238.55); 256(248.74); 257(866.07); 258(739.06); 259(759.34); 260(156.61); 261(781.88); 262(178.9); 263(358.79); 264(136.53); 265(665.4); 266(323.67); 267(953.4); 268(980.47); 269(338.49); 270(891.33); 271(687.18); 272(271.8); 273(804.0); 274(321.96); 275(881.09); 276(567.95); 277(707.71); 278(543.86); 279(460.81); 280(143.26); 281(397.47); 282(285.89); 283(994.6); 284(70.74); 285(655.39); 286(71.44); 287(424.91); 288(710.06); 289(580.44); 290(405.78); 291(246.55); 292(827.49); 293(673.43); 294(16.46); 295(183.09); 296(239.73); 297(687.65); 298(133.29); 299(155.59); 300(719.65); 301(79.9); 302(666.94); 303(55.26); 304(58.46); 305(869.86); 306(353.61); 307(114.5); 308(255.96); 309(601.34); 310(906.46); 311(211.23); 312(413.1); 313(349.73); 314(773.8); 315(797.92); 316(586.12); 317(108.79); 318(944.99); 319(449.97); 320(669.3); 321(781.67); 322(552.72); 323(792.38); 324(856.52); 325(416.26); 326(729.29); 327(3.48); 328(166.48); 329(18.21); 330(807.24); 331(780.23); 332(474.42); 333(694.45); 334(381.69); 335(178.93); 336(248.47); 337(94.97); 338(267.52); 339(572.07); 340(432.93); 341(84.21); 342(326.67); 343(338.45); 344(486.93); 345(878.71); 346(744.06); 347(133.07); 348(58.12); 349(886.07); 350(150.95); 351(209.2); 352(899.71); 353(582.29); 354(33.24); 355(65.3); 356(552.27); 357(197.79); 358(957.34); 359(168.61); 360(235.53); 361(769.4); 362(129.16); 363(34.42); 364(14.18); 365(859.42); 366(288.29); 367(291.1); 368(832.11); 369(647.91); 370(237.68); 371(174.88); 372(656.72); 373(303.83); 374(141.26); 375(798.78); 376(723.26); 377(974.16); 378(458.97); 379(606.89); 380(831.29); 381(982.99); 382(55.8); 383(34.56); 384(24.86); 385(962.1); 386(842.15); 387(680.84); 388(550.3); 389(2.81); 390(772.48); 391(3.06); 392(668.93); 393(171.93); 394(294.9); 395(40.27); 396(357.4); 397(494.1); 398(874.74); 399(273.36); 400(256.18); 401(490.33); 402(15.33); 403(715.13); 404(859.92); 405(8.89); 406(194.13); 407(438.2); 408(478.0); 409(763.18); 410(318.24); 411(955.82); 412(549.33); 413(423.56); 415(609.4); 416(111.12); 417(659.89); 418(985.94); 419(15.42); 420(745.74); 421(858.12); 422(530.4); 423(637.08); 424(370.56); 425(452.22); 426(565.2); 427(584.22); 428(720.9); 429(229.92); 430(190.39); 431(325.1); 432(287.27); 433(781.21); 434(658.94); 435(25.87); 436(867.68); 437(769.55); 438(555.82); 439(346.61); 440(60.2); 441(986.75); 442(16.36); 443(75.35); 444(751.33); 445(423.07); 446(497.44); 447(181.86); 448(528.72); 449(85.05); 450(640.5); 451(416.44); 452(157.6); 453(898.52); 454(718.09); 455(134.37); 456(945.63); 457(314.56); 458(300.97); 459(312.86); 460(149.23); 461(964.32); 462(905.7); 463(54.08); 464(455.19); 465(557.64); 466(442.79); 467(499.0); 468(406.87); 469(748.13); 470(727.71); 471(197.57); 472(945.71); 473(56.71); 474(364.11); 475(614.95); 476(167.88); 477(966.02); 478(686.98); 479(436.11); 480(26.77); 481(545.57); 482(665.27); 483(873.2); 484(933.55); 485(640.96); 486(832.76); 487(405.02); 488(570.76); 489(588.37); 490(750.41); 491(891.92); 492(990.81); 493(230.36); 494(328.77); 495(84.4); 496(638.0); 497(815.93); 498(237.38); 499(254.87),1
415,0(93.15); 1(800.62); 2(310.72); 3(323.34); 4(285.35); 5(786.06); 6(817.74); 7(844.56); 8(603.54); 9(340.22); 10(601.77); 11(796.3); 12(222.87); 13(105.1); 14(82.71); 15(357.55); 16(191.05); 17(891.16); 18(717.24); 19(51.07); 20(477.94); 21(21.96); 22(334.03); 23(694.06); 24(4.72); 25(385.62); 26(568.16); 27(149.36); 28(212.77); 29(702.95); 30(886.57); 31(194.11); 32(352.05); 33(589.46); 34(770.67); 35(592.48); 36(775.39); 37(703.42); 38(470.63); 39(334.31); 40(393.22); 41(477.4); 42(667.27); 43(843.17); 44(126.85); 45(845.82); 46(261.41); 47(948.7); 48(511.6); 49(293.65); 50(621.37); 51(362.46); 52(165.79); 53(181.84); 54(549.69); 55(805.07); 56(722.81); 57(16.55); 58(470.46); 59(644.5); 60(974.31); 61(137.44); 62(865.38); 63(857.71); 64(861.68); 65(222.83); 66(458.62); 67(936.18); 68(379.44); 69(724.85); 70(173.23); 71(720.07); 72(916.76); 73(305.19); 74(275.92); 75(78.95); 76(97.82); 77(120.13); 78(692.99); 79(810.48); 80(220.99); 81(137.03); 82(904.81); 83(590.79); 84(292.29); 85(560.43); 86(512.23); 87(538.35); 88(678.99); 89(177.87); 90(934.55); 91(47.08); 92(316.0); 93(346.57); 94(69.67); 95(999.37); 96(727.57); 97(821.36); 98(516.85); 99(449.95); 100(991.48); 101(828.87); 102(769.36); 103(644.91); 104(253.48); 105(133.3); 106(349.61); 107(620.03); 108(842.07); 109(440.45); 110(969.89); 111(659.13); 112(713.78); 113(38.17); 114(196.82); 115(643.4); 116(478.97); 117(872.34); 118(122.88); 119(913.21); 120(200.26); 121(369.01); 122(285.29); 123(438.95); 124(350.28); 125(216.32); 126(397.19); 127(623.64); 128(182.29); 129(271.07); 130(481.82); 131(708.12); 132(51.9); 133(612.65); 134(432.02); 135(374.01); 136(517.51); 137(341.83); 138(456.56); 139(72.8); 140(67.92); 141(260.83); 142(93.2); 143(640.15); 144(214.49); 145(274.49); 146(22.14); 147(277.22); 148(318.98); 149(85.34); 150(941.98); 151(728.16); 152(975.9); 153(9.73); 154(189.58); 155(528.02); 156(772.47); 157(768.58); 158(740.34); 159(13.68); 160(88.25); 161(255.4); 162(932.48); 163(173.22); 164(78.58); 165(166.97); 166(298.54); 167(211.87); 168(638.26); 169(124.84); 170(136.8); 171(215.33); 172(338.1); 173(82.47); 174(151.21); 175(845.08); 176(31.55); 177(176.54); 178(21.71); 179(159.08); 180(67.66); 181(986.32); 182(883.51); 183(587.93); 184(193.37); 185(871.38); 186(51.89); 187(337.05); 188(959.74); 189(602.94); 190(766.19); 191(278.03); 192(619.47); 193(920.52); 194(170.22); 195(860.97); 196(557.91); 197(631.02); 198(392.6); 199(845.3); 200(399.92); 201(391.83); 202(367.48); 203(162.44); 204(508.01); 205(103.73); 206(464.95); 207(988.54); 208(754.56); 209(385.67); 210(926.25); 211(474.06); 212(3.5); 213(61.85); 214(484.08); 215(758.33); 216(972.58); 217(701.56); 218(990.63); 219(95.54); 220(976.0); 221(596.84); 222(997.51); 223(782.61); 224(960.35); 225(660.74); 226(455.36); 227(580.3); 228(189.68); 229(86.63); 230(440.41); 231(76.8); 232(281.92); 233(118.25); 234(172.02); 235(904.04); 236(580.3); 237(16.23); 238(215.45); 239(720.0); 240(55.18); 241(63.78); 242(63.68); 243(598.92); 244(455.27); 245(241.49); 246(87.52); 247(330.76); 248(958.56); 249(737.85); 250(905.67); 251(442.61); 252(216.41); 253(845.01); 254(816.1); 255(701.18); 256(534.39); 257(439.94); 258(80.25); 259(544.35); 260(12.09); 261(432.92); 262(424.82); 263(243.33); 264(749.06); 265(811.35); 266(943.62); 267(585.9); 268(222.72); 269(953.2); 270(11.19); 271(272.95); 272(928.97); 273(543.79); 274(783.05); 275(437.55); 276(474.15); 277(270.08); 278(240.89); 279(742.75); 280(264.19); 281(449.97); 282(127.8); 283(870.51); 284(642.45); 285(506.66); 286(139.55); 287(618.39); 288(249.38); 289(124.36); 290(556.49); 291(854.09); 292(22.07); 293(824.34); 294(799.29); 295(776.91); 296(973.06); 297(577.63); 298(522.1); 299(336.66); 300(777.9); 301(833.3); 302(184.02); 303(345.86); 304(639.75); 305(411.07); 306(956.58); 307(18.7); 308(83.67); 309(518.57); 310(748.3); 311(916.76); 312(775.17); 313(510.12); 314(112.13); 315(780.28); 316(827.41); 317(411.17); 318(561.55); 319(970.93); 320(776.12); 321(92.67); 322(347.02); 323(44.96); 324(345.84); 325(914.02); 326(367.5); 327(529.33); 328(991.74); 329(598.84); 330(733.95); 331(760.28); 332(796.59); 333(178.8); 334(594.7); 335(352.41); 336(777.53); 337(785.19); 338(539.01); 339(878.2); 340(972.29); 341(776.27); 342(333.57); 343(534.94); 344(921.25); 345(361.72); 346(159.98); 347(751.94); 348(656.59); 349(124.27); 350(462.59); 351(936.25); 352(965.37); 353(559.45); 354(276.26); 355(142.8); 356(7.01); 357(117.59); 358(422.59); 359(99.39); 360(56.52); 361(216.87); 362(745.82); 363(711.79); 364(226.55); 365(57.02); 366(279.03); 367(696.12); 368(251.7); 369(465.41); 370(497.34); 371(708.15); 372(811.26); 373(701.66); 374(504.69); 375(562.73); 376(748.77); 377(598.47); 378(330.95); 379(979.81); 380(543.3); 381(835.46); 382(991.15); 383(341.48); 384(85.18); 385(426.25); 386(633.26); 387(810.88); 388(611.7); 389(952.96); 390(287.67); 391(84.42); 392(213.62); 393(441.95); 394(521.63); 395(312.98); 396(569.34); 397(978.01); 398(50.53); 399(460.81); 400(645.52); 401(433.9); 402(647.42); 403(784.95); 404(504.78); 405(214.31); 406(463.51); 407(215.2); 408(329.62); 409(710.76); 410(858.01); 411(737.17); 412(570.32); 413(990.4); 414(609.4); 416(363.52); 417(568.55); 418(746.37); 419(245.59); 420(30.6); 421(690.7); 422(867.25); 423(215.73); 424(242.17); 425(989.67); 426(244.75); 427(264.74); 428(978.77); 429(593.8); 430(603.3); 431(651.61); 432(42.27); 433(250.33); 434(736.47); 435(962.73); 436(421.19); 437(889.68); 438(930.37); 439(785.09); 440(683.19); 441(835.28); 442(359.28); 443(319.52); 444(329.45); 445(773.24); 446(613.99); 447(332.15); 448(266.13); 449(369.56); 450(768.12); 451(903.24); 452(304.41); 453(84.01); 454(258.95); 455(413.89); 456(413.69); 457(907.33); 458(639.17); 459(380.99); 460(326.6); 461(363.24); 462(685.39); 463(247.99); 464(486.24); 465(665.95); 466(915.58); 467(246.21); 468(775.68); 469(251.09); 470(405.6); 471(490.35); 472(967.03); 473(242.81); 474(633.69); 475(505.1); 476(147.3); 477(35.14); 478(950.13); 479(346.11); 480(141.7); 481(50.31); 482(531.98); 483(213.68); 484(240.15); 485(756.6); 486(869.75); 487(279.99); 488(489.0); 489(124.45); 490(899.53); 491(936.74); 492(487.41); 493(673.01); 494(285.12); 495(766.9); 496(755.41); 497(445.91); 498(384.35); 499(264.36),1
416,0(551.49); 1(804.24); 2(272.31); 3(117.69); 4(824.78); 5(920.73); 6(794.36); 7(474.16); 8(244.29); 9(223.06); 10(2.78); 11(515.31); 12(938.64); 13(603.49); 14(10.06); 15(178.38); 16(461.67); 17(415.35); 18(686.79); 19(681.28); 20(468.51); 21(833.76); 22(961.85); 23(907.14); 24(399.68); 25(92.39); 26(914.04); 27(182.85); 28(772.55); 29(541.39); 30(414.12); 31(33.07); 32(634.94); 33(802.3); 34(333.19); 35(437.92); 36(971.23); 37(712.87); 38(413.56); 39(239.75); 40(1.9); 41(460.16); 42(274.49); 43(986.38); 44(180.12); 45(824.93); 46(517.42); 47(423.61); 48(728.08); 49(668.38); 50(298.23); 51(317.71); 52(155.73); 53(854.67); 54(1.35); 55(227.12); 56(621.73); 57(321.58); 58(349.3); 59(659.11); 60(80.68); 61(198.0); 62(975.91); 63(874.29); 64(483.53); 65(744.39); 66(130.37); 67(532.4); 68(756.76); 69(836.8); 70(973.39); 71(278.65); 72(273.95); 73(764.1); 74(557.65); 75(842.04); 76(285.44); 77(274.33); 78(95.32); 79(427.45); 80(749.26); 81(434.41); 82(20.76); 83(102.51); 84(374.51); 85(761.14); 86(498.47); 87(77.63); 88(996.99); 89(917.83); 90(772.54); 91(287.99); 92(253.09); 93(964.21); 94(919.02); 95(830.27); 96(522.06); 97(85.44); 98(879.13); 99(471.21); 100(768.36); 101(637.88); 102(480.43); 103(822.66); 104(994.72); 105(890.85); 106(82.34); 107(367.84); 108(265.2); 109(877.14); 110(963.16); 111(626.29); 112(254.41); 113(651.77); 114(592.07); 115(784.37); 116(633.52); 117(40.95); 118(753.15); 119(269.89); 120(542.81); 121(378.76); 122(729.12); 123(613.74); 124(915.72); 125(185.2); 126(263.33); 127(624.79); 128(359.52); 129(879.06); 130(109.49); 131(147.72); 132(726.48); 133(917.41); 134(206.27); 135(454.02); 136(190.5); 137(712.37); 138(299.78); 139(81.71); 140(692.79); 141(264.74); 142(499.57); 143(589.74); 144(791.73); 145(757.91); 146(587.89); 147(580.38); 148(22.79); 149(419.82); 150(532.94); 151(782.14); 152(692.53); 153(937.32); 154(722.75); 155(559.92); 156(562.78); 157(11.71); 158(929.22); 159(85.67); 160(447.86); 161(912.35); 162(65.29); 163(155.25); 164(448.81); 165(343.57); 166(744.72); 167(893.21); 168(245.02); 169(528.57); 170(219.55); 171(332.92); 172(168.89); 173(736.07); 174(131.73); 175(447.79); 176(36.93); 177(925.74); 178(243.02); 179(736.36); 180(997.83); 181(582.6); 182(312.64); 183(597.1); 184(740.76); 185(908.33); 186(181.18); 187(173.55); 188(750.39); 189(660.77); 190(330.23); 191(783.25); 192(737.32); 193(0.17); 194(661.41); 195(270.19); 196(276.15); 197(291.0); 198(111.55); 199(666.74); 200(475.93); 201(980.68); 202(72.1); 203(848.86); 204(575.3); 205(179.82); 206(244.6); 207(805.01); 208(976.88); 209(573.09); 210(866.71); 211(227.65); 212(557.55); 213(558.29); 214(576.35); 215(226.72); 216(282.9); 217(764.35); 218(822.07); 219(704.14); 220(93.11); 221(29.74); 222(703.27); 223(883.38); 224(412.82); 225(788.66); 226(297.31); 227(94.77); 228(35.04); 229(169.31); 230(869.34); 231(621.07); 232(928.34); 233(33.92); 234(397.1); 235(336.78); 236(520.42); 237(492.84); 238(889.24); 239(335.3); 240(742.39); 241(610.33); 242(686.66); 243(521.64); 244(143.84); 245(887.23); 246(355.92); 247(671.72); 248(505.7); 249(833.43); 250(861.07); 251(759.91); 252(877.02); 253(140.6); 254(243.97); 255(150.13); 256(297.22); 257(108.6); 258(271.6); 259(650.25); 260(143.49); 261(599.34); 262(538.16); 263(329.83); 264(828.5); 265(254.15); 266(204.7); 267(936.11); 268(212.57); 269(447.59); 270(975.51); 271(842.05); 272(414.53); 273(777.8); 274(365.24); 275(606.18); 276(684.24); 277(804.85); 278(490.35); 279(648.22); 280(851.44); 281(169.35); 282(363.07); 283(919.54); 284(95.06); 285(405.83); 286(464.6); 287(378.02); 288(76.56); 289(551.68); 290(743.31); 291(31.9); 292(664.57); 293(840.37); 294(191.36); 295(847.46); 296(771.7); 297(524.15); 298(363.02); 299(108.99); 300(150.37); 301(737.13); 302(14.09); 303(745.36); 304(80.43); 305(55.9); 306(633.28); 307(232.12); 308(567.81); 309(751.75); 310(781.7); 311(854.17); 312(145.08); 313(363.03); 314(863.62); 315(760.06); 316(305.08); 317(431.75); 318(830.28); 319(624.76); 320(792.22); 321(443.93); 322(901.99); 323(185.89); 324(525.92); 325(905.34); 326(274.48); 327(405.92); 328(287.5); 329(409.85); 330(58.49); 331(551.37); 332(856.31); 333(73.86); 334(283.3); 335(632.79); 336(186.93); 337(371.38); 338(308.37); 339(28.07); 340(406.12); 341(48.42); 342(510.64); 343(741.75); 344(239.17); 345(365.79); 346(727.76); 347(450.3); 348(230.6); 349(971.01); 350(956.05); 351(591.2); 352(665.76); 353(815.8); 354(412.8); 355(682.99); 356(570.63); 357(26.71); 358(443.0); 359(56.24); 360(690.09); 361(255.43); 362(201.78); 363(375.68); 364(163.93); 365(352.16); 366(211.78); 367(294.11); 368(686.83); 369(41.03); 370(863.82); 371(439.57); 372(886.31); 373(271.62); 374(14.88); 375(396.35); 376(330.52); 377(321.42); 378(632.24); 379(43.9); 380(945.29); 381(374.34); 382(294.88); 383(657.37); 384(783.23); 385(116.2); 386(484.16); 387(971.98); 388(826.6); 389(334.99); 390(341.51); 391(488.56); 392(195.73); 393(31.26); 394(114.86); 395(199.44); 396(787.46); 397(781.07); 398(913.86); 399(901.91); 400(149.03); 401(745.75); 402(887.12); 403(173.6); 404(574.86); 405(58.11); 406(163.8); 407(803.95); 408(642.27); 409(485.74); 410(404.32); 411(538.03); 412(38.22); 413(34.53); 414(111.12); 415(363.52); 417(103.02); 418(461.58); 419(775.05); 420(920.79); 421(75.76); 422(143.71); 423(515.41); 424(117.37); 425(611.26); 426(565.57); 427(480.28); 428(427.85); 429(693.34); 430(275.48); 431(849.03); 432(696.02); 433(365.37); 434(536.12); 435(660.55); 436(232.17); 437(313.46); 438(344.03); 439(146.76); 440(815.43); 441(136.6); 442(204.2); 443(983.5); 444(929.81); 445(276.07); 446(248.43); 447(25.25); 448(442.62); 449(951.76); 450(759.26); 451(122.14); 452(416.22); 453(493.09); 454(422.08); 455(11.99); 456(997.58); 457(244.39); 458(880.77); 459(825.7); 460(184.77); 461(155.07); 462(171.48); 463(29.7); 464(425.5); 465(81.9); 466(548.46); 467(587.21); 468(714.56); 469(948.66); 470(285.72); 471(608.56); 472(504.82); 473(840.78); 474(830.03); 475(568.62); 476(360.29); 477(605.29); 478(236.71); 479(24.92); 480(965.31); 481(602.86); 482(999.18); 483(622.3); 484(813.56); 485(162.81); 486(231.94); 487(273.48); 488(615.84); 489(214.86); 490(643.67); 491(781.95); 492(417.36); 493(903.56); 494(937.94); 495(2.45); 496(521.4); 497(920.75); 498(95.52); 499(903.21),1
417,0(85.09); 1(519.75); 2(61.68); 3(44.92); 4(267.33); 5(2.38); 6(625.71); 7(209.44); 8(922.51); 9(910.77); 10(659.86); 11(867.23); 12(91.27); 13(573.77); 14(226.04); 15(160.08); 16(897.97); 17(984.1); 18(447.12); 19(676.98); 20(87.9); 21(533.31); 22(544.79); 23(617.82); 24(452.99); 25(893.9); 26(459.28); 27(692.22); 28(11.27); 29(618.68); 30(705.52); 31(552.57); 32(341.36); 33(499.67); 34(812.1); 35(375.27); 36(804.88); 37(522.57); 38(227.46); 39(218.92); 40(473.38); 41(430.06); 42(813.38); 43(985.8); 44(969.26); 45(723.56); 46(195.94); 47(871.6); 48(164.14); 49(325.58); 50(470.65); 51(469.54); 52(63.91); 53(293.9); 54(838.07); 55(95.63); 56(568.12); 57(771.64); 58(611.6); 59(938.44); 60(497.9); 61(500.16); 62(821.93); 63(219.47); 64(799.07); 65(783.56); 66(609.56); 67(158.94); 68(580.5); 69(657.86); 70(775.54); 71(881.02); 72(500.96); 73(727.46); 74(713.68); 75(369.13); 76(559.91); 77(21.5); 78(990.99); 79(843.42); 80(553.79); 81(953.82); 82(912.17); 83(575.28); 84(563.4); 85(93.42); 86(18.84); 87(400.99); 88(742.26); 89(896.73); 90(481.15); 91(535.32); 92(733.38); 93(825.52); 94(63.17); 95(174.4); 96(988.57); 97(572.74); 98(234.09); 99(422.18); 100(776.36); 101(553.22); 102(39.3); 103(934.65); 104(201.25); 105(376.11); 106(303.1); 107(682.58); 108(583.51); 109(577.36); 110(933.23); 111(533.18); 112(201.34); 113(496.13); 114(130.93); 115(373.88); 116(370.03); 117(727.25); 118(770.77); 119(628.73); 120(435.2); 121(600.75); 122(808.17); 123(348.11); 124(508.72); 125(43.63); 126(615.29); 127(425.77); 128(487.84); 129(315.21); 130(336.45); 131(870.88); 132(733.77); 133(550.05); 134(993.8); 135(748.11); 136(394.32); 137(982.74); 138(125.79); 139(874.65); 140(552.83); 141(985.41); 142(7.37); 143(10.89); 144(756.58); 145(630.0); 146(27.97); 147(274.43); 148(300.19); 149(260.0); 150(290.04); 151(770.91); 152(534.25); 153(279.45); 154(868.4); 155(124.19); 156(225.05); 157(924.75); 158(149.89); 159(996.11); 160(55.94); 161(0.16); 162(840.05); 163(220.34); 164(663.4); 165(594.91); 166(231.1); 167(704.54); 168(621.75); 169(116.97); 170(567.9); 171(31.13); 172(995.47); 173(216.51); 174(661.06); 175(152.94); 176(923.05); 177(848.13); 178(953.18); 179(93.58); 180(717.97); 181(357.43); 182(777.36); 183(877.01); 184(168.35); 185(343.46); 186(74.81); 187(627.04); 188(330.58); 189(86.38); 190(268.87); 191(247.96); 192(271.43); 193(345.81); 194(227.53); 195(676.76); 196(430.67); 197(760.61); 198(85.04); 199(122.83); 200(74.96); 201(776.54); 202(111.27); 203(862.79); 204(253.15); 205(381.79); 206(213.24); 207(417.27); 208(254.66); 209(764.55); 210(379.0); 211(732.74); 212(957.06); 213(770.0); 214(205.02); 215(886.0); 216(618.61); 217(719.52); 218(249.03); 219(945.34); 220(830.69); 221(441.26); 222(372.52); 223(814.51); 224(338.7); 225(88.42); 226(641.46); 227(680.06); 228(636.82); 229(941.77); 230(978.61); 231(783.39); 232(257.04); 233(678.25); 234(654.58); 235(189.56); 236(789.87); 237(704.54); 238(2.54); 239(153.88); 240(167.92); 241(162.49); 242(105.77); 243(825.46); 244(786.22); 245(839.39); 246(782.57); 247(752.96); 248(249.89); 249(875.49); 250(325.24); 251(6.4); 252(160.9); 253(567.65); 254(731.69); 255(828.25); 256(250.23); 257(398.98); 258(9.99); 259(379.16); 260(888.95); 261(172.03); 262(418.65); 263(908.93); 264(504.54); 265(912.65); 266(157.62); 267(649.15); 268(63.25); 269(969.22); 270(265.48); 271(600.09); 272(71.2); 273(631.8); 274(783.0); 275(166.91); 276(368.04); 277(390.08); 278(785.94); 279(621.16); 280(87.31); 281(328.54); 282(702.14); 283(352.76); 284(703.87); 285(76.72); 286(954.32); 287(256.07); 288(874.75); 289(107.24); 290(974.5); 291(675.91); 292(315.1); 293(484.94); 294(116.48); 295(793.83); 296(504.02); 297(746.9); 298(945.97); 299(912.55); 300(501.23); 301(468.4); 302(372.96); 303(634.76); 304(162.98); 305(899.73); 306(450.96); 307(87.19); 308(969.26); 309(118.49); 310(788.36); 311(812.67); 312(165.33); 313(92.7); 314(648.8); 315(979.94); 316(532.51); 317(735.09); 318(528.45); 319(722.46); 320(577.95); 321(851.88); 322(458.6); 323(325.36); 324(553.04); 325(16.42); 326(921.31); 327(162.44); 328(218.83); 329(960.79); 330(162.57); 331(846.02); 332(966.67); 333(553.49); 334(502.6); 335(238.42); 336(588.49); 337(124.74); 338(715.83); 339(342.26); 340(800.85); 341(403.15); 342(765.28); 343(861.17); 344(788.06); 345(755.3); 346(983.55); 347(954.53); 348(948.32); 349(739.73); 350(802.16); 351(50.36); 352(295.24); 353(81.07); 354(394.42); 355(33.59); 356(196.38); 357(40.01); 358(533.45); 359(197.37); 360(721.09); 361(989.2); 362(207.3); 363(585.88); 364(939.92); 365(972.38); 366(228.99); 367(893.35); 368(367.36); 369(970.22); 370(808.4); 371(163.92); 372(44.83); 373(5.67); 374(739.1); 375(848.77); 376(88.95); 377(317.58); 378(610.76); 379(698.05); 380(238.94); 381(563.02); 382(83.04); 383(453.54); 384(446.22); 385(44.11); 386(583.0); 387(192.21); 388(789.17); 389(440.56); 390(487.71); 391(388.9); 392(540.34); 393(665.83); 394(20.3); 395(971.48); 396(717.37); 397(14.73); 398(640.9); 399(624.82); 400(27.62); 401(233.4); 402(35.83); 403(493.87); 404(238.44); 405(824.12); 406(907.87); 407(360.18); 408(948.26); 409(40.79); 410(556.9); 411(42.45); 412(222.67); 413(476.66); 414(659.89); 415(568.55); 416(103.02); 418(491.23); 419(136.29); 420(310.34); 421(955.58); 422(588.3); 423(814.05); 424(692.84); 425(353.38); 426(951.97); 427(457.72); 428(78.79); 429(408.23); 430(807.41); 431(424.31); 432(631.33); 433(29.98); 434(139.1); 435(776.69); 436(206.27); 437(198.5); 438(680.45); 439(470.6); 440(613.53); 441(205.18); 442(774.18); 443(407.95); 444(920.66); 445(12.81); 446(621.44); 447(166.86); 448(103.03); 449(505.69); 450(869.51); 451(714.86); 452(656.43); 453(790.48); 454(65.08); 455(490.66); 456(803.33); 457(159.6); 458(784.26); 459(593.82); 460(560.81); 461(222.33); 462(219.14); 463(641.55); 464(680.88); 465(731.63); 466(573.04); 467(42.47); 468(160.61); 469(82.65); 470(273.74); 471(430.2); 472(626.0); 473(143.33); 474(944.39); 475(111.59); 476(989.99); 477(245.71); 478(946.4); 479(221.73); 480(754.49); 481(443.02); 482(113.08); 483(510.2); 484(446.35); 485(803.7); 486(532.66); 487(973.76); 488(59.31); 489(602.56); 490(384.2); 491(53.7); 492(392.91); 493(924.83); 494(793.41); 495(419.24); 496(716.12); 497(429.76); 498(969.6); 499(455.95),1
418,0(895.95); 1(678.67); 2(78.78); 3(785.44); 4(865.34); 5(285.86); 6(263.18); 7(206.42); 8(720.55); 9(378.98); 10(77.09); 11(36.37); 12(945.75); 13(957.45); 14(896.96); 15(362.8); 16(995.91); 17(78.91); 18(544.45); 19(932.22); 20(530.37); 21(496.55); 22(532.45); 23(254.31); 24(677.0); 25(110.03); 26(917.84); 27(360.39); 28(182.15); 29(141.67); 30(199.4); 31(654.14); 32(21.82); 33(36.36); 34(741.4); 35(756.49); 36(757.64); 37(152.95); 38(521.85); 39(475.3); 40(519.11); 41(252.85); 42(764.84); 43(478.34); 44(963.02); 45(948.81); 46(630.73); 47(411.32); 48(16.62); 49(69.24); 50(654.47); 51(344.13); 52(919.74); 53(595.34); 54(721.77); 55(406.53); 56(586.37); 57(201.65); 58(771.2); 59(479.86); 60(504.61); 61(661.57); 62(798.57); 63(136.12); 64(726.28); 65(852.42); 66(2.23); 67(41.46); 68(277.06); 69(295.92); 70(65.38); 71(465.18); 72(866.87); 73(549.79); 74(639.25); 75(269.63); 76(287.05); 77(118.22); 78(464.84); 79(572.21); 80(514.83); 81(518.95); 82(456.73); 83(224.05); 84(751.29); 85(350.06); 86(381.0); 87(256.6); 88(757.77); 89(577.84); 90(730.82); 91(652.62); 92(30.52); 93(151.02); 94(387.93); 95(495.13); 96(163.09); 97(590.04); 98(438.34); 99(553.32); 100(716.46); 101(888.61); 102(57.52); 103(12.31); 104(792.18); 105(404.45); 106(927.9); 107(898.07); 108(841.29); 109(815.8); 110(485.17); 111(836.44); 112(729.83); 113(203.85); 114(115.54); 115(821.86); 116(343.95); 117(775.34); 118(28.48); 119(619.83); 120(228.4); 121(234.2); 122(886.13); 123(51.82); 124(320.53); 125(895.48); 126(306.39); 127(655.08); 128(157.05); 129(880.39); 130(199.54); 131(166.76); 132(931.38); 133(868.48); 134(61.68); 135(733.38); 136(133.8); 137(169.31); 138(425.46); 139(86.77); 140(787.57); 141(21.69); 142(916.8); 143(664.74); 144(945.11); 145(723.5); 146(204.15); 147(393.99); 148(618.67); 149(562.16); 150(891.31); 151(506.2); 152(898.51); 153(102.35); 154(990.72); 155(334.05); 156(57.05); 157(952.5); 158(798.81); 159(401.16); 160(912.8); 161(196.12); 162(274.07); 163(875.41); 164(993.61); 165(929.62); 166(65.72); 167(364.18); 168(813.1); 169(524.84); 170(3.68); 171(869.13); 172(582.34); 173(778.72); 174(332.03); 175(546.79); 176(378.0); 177(272.67); 178(46.39); 179(393.33); 180(46.23); 181(625.36); 182(468.98); 183(246.34); 184(303.14); 185(197.54); 186(630.87); 187(419.94); 188(229.14); 189(755.86); 190(714.66); 191(925.55); 192(821.95); 193(919.48); 194(55.42); 195(225.01); 196(992.56); 197(658.6); 198(594.44); 199(643.86); 200(421.65); 201(964.28); 202(535.21); 203(238.16); 204(811.18); 205(150.7); 206(974.21); 207(618.32); 208(405.71); 209(154.55); 210(583.22); 211(457.79); 212(757.88); 213(153.75); 214(56.3); 215(964.64); 216(87.03); 217(665.88); 218(492.64); 219(67.45); 220(808.26); 221(193.38); 222(903.94); 223(246.02); 224(948.93); 225(914.38); 226(38.86); 227(438.09); 228(671.82); 229(161.01); 230(544.13); 231(415.82); 232(769.24); 233(646.33); 234(640.41); 235(262.45); 236(226.7); 237(337.6); 238(598.24); 239(636.85); 240(699.53); 241(581.9); 242(866.31); 243(950.69); 244(673.5); 245(619.28); 246(254.29); 247(210.54); 248(49.51); 249(558.26); 250(379.28); 251(763.03); 252(824.61); 253(163.62); 254(563.56); 255(604.57); 256(347.4); 257(288.34); 258(669.17); 259(652.52); 260(222.72); 261(622.89); 262(460.81); 263(597.12); 264(461.6); 265(708.84); 266(175.03); 267(406.16); 268(482.87); 269(953.89); 270(34.65); 271(560.21); 272(132.78); 273(899.97); 274(698.25); 275(250.45); 276(433.37); 277(619.39); 278(179.67); 279(492.74); 280(688.12); 281(19.25); 282(371.73); 283(779.91); 284(50.81); 285(206.43); 286(838.08); 287(87.08); 288(664.79); 289(41.23); 290(404.63); 291(903.08); 292(992.51); 293(846.33); 294(578.93); 295(74.28); 296(541.0); 297(740.74); 298(125.22); 299(683.19); 300(275.19); 301(560.3); 302(169.1); 303(764.43); 304(414.63); 305(996.22); 306(972.23); 307(147.64); 308(398.48); 309(551.07); 310(730.15); 311(306.29); 312(777.71); 313(431.28); 314(474.83); 315(386.95); 316(305.76); 317(247.99); 318(796.6); 319(140.86); 320(143.58); 321(892.1); 322(648.24); 323(330.14); 324(192.04); 325(239.15); 326(197.93); 327(553.23); 328(362.15); 329(461.88); 330(916.52); 331(8.32); 332(100.74); 333(919.09); 334(303.01); 335(47.85); 336(509.1); 337(852.76); 338(181.9); 339(834.42); 340(342.42); 341(288.51); 342(724.87); 343(952.35); 344(388.01); 345(879.88); 346(219.35); 347(353.19); 348(514.43); 349(394.25); 350(590.78); 351(349.34); 352(281.45); 353(324.52); 354(718.31); 355(726.14); 356(648.8); 357(414.15); 358(62.09); 359(175.6); 360(138.09); 361(532.3); 362(421.36); 363(198.29); 364(849.57); 365(58.84); 366(364.57); 367(999.85); 368(575.35); 369(757.28); 370(638.71); 371(133.26); 372(469.7); 373(818.9); 374(934.08); 375(198.48); 376(709.41); 377(593.97); 378(924.99); 379(367.81); 380(410.92); 381(622.13); 382(394.65); 383(957.43); 384(464.92); 385(76.92); 386(405.29); 387(691.15); 388(206.31); 389(229.0); 390(11.62); 391(20.98); 392(179.23); 393(886.3); 394(882.29); 395(669.37); 396(278.89); 397(706.0); 398(289.65); 399(237.6); 400(164.3); 401(582.75); 402(456.54); 403(373.25); 404(666.59); 405(337.28); 406(394.13); 407(147.38); 408(970.8); 409(861.24); 410(569.94); 411(403.9); 412(321.04); 413(6.45); 414(985.94); 415(746.37); 416(461.58); 417(491.23); 419(136.96); 420(374.66); 421(326.07); 422(370.07); 423(124.86); 424(622.79); 425(127.3); 426(543.09); 427(75.58); 428(912.98); 429(114.45); 430(400.6); 431(341.22); 432(646.35); 433(289.02); 434(148.24); 435(502.14); 436(554.51); 437(777.18); 438(637.49); 439(718.13); 440(73.95); 441(592.55); 442(478.16); 443(527.51); 444(503.15); 445(235.02); 446(618.72); 447(875.19); 448(716.25); 449(962.27); 450(35.9); 451(475.89); 452(563.98); 453(776.11); 454(847.84); 455(984.6); 456(195.92); 457(403.45); 458(251.07); 459(590.78); 460(116.57); 461(522.56); 462(796.32); 463(142.12); 464(841.01); 465(589.16); 466(403.71); 467(903.36); 468(394.65); 469(582.42); 470(511.5); 471(415.67); 472(416.79); 473(958.7); 474(264.42); 475(342.37); 476(891.85); 477(632.93); 478(760.97); 479(965.85); 480(538.61); 481(283.42); 482(9.39); 483(529.76); 484(208.72); 485(459.44); 486(2.7); 487(468.0); 488(907.83); 489(517.46); 490(498.18); 491(906.4); 492(686.41); 493(739.4); 494(73.2); 495(410.15); 496(440.11); 497(921.41); 498(14.9); 499(90.81),2
419,0(267.6); 1(570.73); 2(246.9); 3(101.74); 4(452.45); 5(608.52); 6(295.41); 7(251.62); 8(37.63); 9(368.81); 10(666.27); 11(745.3); 12(46.02); 13(632.76); 14(838.15); 15(308.53); 16(423.09); 17(193.96); 18(560.32); 19(930.32); 20(476.6); 21(722.1); 22(337.49); 23(191.43); 24(82.11); 25(372.63); 26(558.71); 27(695.41); 28(167.92); 29(819.07); 30(507.76); 31(106.73); 32(904.31); 33(905.72); 34(324.25); 35(865.1); 36(763.44); 37(552.59); 38(225.83); 39(192.93); 40(689.03); 41(670.81); 42(666.87); 43(423.21); 44(473.28); 45(393.08); 46(691.57); 47(474.56); 48(680.92); 49(297.03); 50(330.26); 51(388.59); 52(989.62); 53(753.52); 54(814.24); 55(12.16); 56(780.71); 57(752.65); 58(293.66); 59(855.19); 60(992.26); 61(117.87); 62(923.98); 63(439.34); 64(276.2); 65(860.75); 66(389.24); 67(476.02); 68(34.86); 69(606.34); 70(491.26); 71(959.09); 72(970.69); 73(375.87); 74(719.31); 75(343.49); 76(809.76); 77(291.53); 78(218.31); 79(372.03); 80(414.44); 81(314.79); 82(701.8); 83(724.34); 84(429.6); 85(836.31); 86(634.5); 87(789.39); 88(461.95); 89(857.97); 90(291.66); 91(710.73); 92(369.66); 93(285.95); 94(654.38); 95(668.42); 96(916.95); 97(293.07); 98(544.75); 99(397.64); 100(945.63); 101(209.24); 102(517.49); 103(151.38); 104(765.65); 105(858.84); 106(262.65); 107(991.63); 108(487.5); 109(990.97); 110(776.5); 111(445.76); 112(993.59); 113(845.46); 114(296.16); 115(838.85); 116(330.79); 117(694.53); 118(503.98); 119(147.06); 120(322.71); 121(91.23); 122(930.8); 123(990.86); 124(517.32); 125(930.25); 126(671.01); 127(808.88); 128(488.16); 129(108.62); 130(27.21); 131(3.1); 132(876.83); 133(237.24); 134(862.96); 135(966.79); 136(240.11); 137(929.01); 138(164.8); 139(599.35); 140(322.59); 141(517.16); 142(487.59); 143(736.15); 144(282.55); 145(404.66); 146(375.26); 147(366.9); 148(277.47); 149(231.8); 150(663.66); 151(118.02); 152(601.92); 153(12.73); 154(958.36); 155(957.75); 156(999.65); 157(535.06); 158(934.79); 159(329.86); 160(968.24); 161(286.91); 162(295.85); 163(932.86); 164(313.81); 165(170.58); 166(263.57); 167(80.75); 168(275.88); 169(908.73); 170(221.72); 171(47.53); 172(400.27); 173(757.45); 174(195.0); 175(278.8); 176(278.56); 177(323.96); 178(162.76); 179(165.5); 180(174.48); 181(575.26); 182(194.19); 183(1.33); 184(711.14); 185(645.36); 186(97.1); 187(902.26); 188(782.85); 189(20.09); 190(506.19); 191(915.48); 192(51.44); 193(103.77); 194(303.06); 195(987.15); 196(802.43); 197(152.66); 198(410.56); 199(496.83); 200(36.86); 201(855.98); 202(909.2); 203(238.69); 204(705.51); 205(21.67); 206(17.2); 207(169.44); 208(678.31); 209(59.22); 210(24.48); 211(768.13); 212(583.63); 213(343.2); 214(128.95); 215(603.74); 216(999.78); 217(216.67); 218(982.82); 219(187.21); 220(220.63); 221(299.33); 222(463.43); 223(884.98); 224(443.18); 225(188.28); 226(938.34); 227(547.81); 228(558.93); 229(153.01); 230(357.78); 231(824.8); 232(828.54); 233(486.85); 234(547.65); 235(7.59); 236(190.78); 237(609.32); 238(608.38); 239(24.52); 240(652.51); 241(645.04); 242(655.25); 243(55.43); 244(344.78); 245(27.47); 246(424.85); 247(225.13); 248(387.65); 249(110.73); 250(583.21); 251(698.87); 252(325.06); 253(275.53); 254(500.47); 255(206.24); 256(416.9); 257(804.89); 258(134.94); 259(170.73); 260(609.3); 261(626.52); 262(994.11); 263(803.24); 264(453.98); 265(572.34); 266(252.18); 267(262.18); 268(712.59); 269(994.68); 270(442.86); 271(413.42); 272(125.31); 273(273.88); 274(42.41); 275(379.09); 276(124.23); 277(484.39); 278(782.46); 279(566.75); 280(805.17); 281(346.75); 282(942.76); 283(988.74); 284(988.65); 285(235.72); 286(906.67); 287(559.76); 288(589.44); 289(232.85); 290(177.03); 291(545.64); 292(472.79); 293(438.16); 294(571.82); 295(750.35); 296(155.95); 297(261.53); 298(204.59); 299(464.39); 300(273.21); 301(967.91); 302(899.33); 303(288.87); 304(855.51); 305(805.18); 306(125.27); 307(625.35); 308(200.02); 309(765.44); 310(18.62); 311(966.96); 312(705.4); 313(63.31); 314(485.19); 315(897.93); 316(382.59); 317(803.12); 318(306.84); 319(63.88); 320(674.1); 321(976.58); 322(861.8); 323(353.68); 324(863.33); 325(276.11); 326(511.69); 327(768.03); 328(182.79); 329(922.99); 330(947.55); 331(611.0); 332(762.59); 333(688.55); 334(490.89); 335(350.91); 336(680.54); 337(17.98); 338(402.74); 339(572.42); 340(133.62); 341(574.02); 342(579.3); 343(848.81); 344(395.65); 345(664.2); 346(263.94); 347(386.61); 348(907.69); 349(872.16); 350(961.09); 351(0.57); 352(500.55); 353(495.3); 354(420.95); 355(192.21); 356(862.99); 357(895.41); 358(749.25); 359(624.82); 360(767.45); 361(388.45); 362(63.74); 363(538.61); 364(482.85); 365(381.92); 366(618.95); 367(807.58); 368(343.91); 369(189.79); 370(282.39); 371(615.28); 372(971.77); 373(817.3); 374(196.41); 375(998.77); 376(642.72); 377(496.43); 378(800.66); 379(811.95); 380(853.34); 381(872.79); 382(842.16); 383(197.79); 384(920.77); 385(382.47); 386(625.16); 387(4.28); 388(871.81); 389(236.58); 390(233.58); 391(549.81); 392(816.91); 393(435.15); 394(362.64); 395(393.56); 396(889.15); 397(951.53); 398(383.0); 399(771.35); 400(486.4); 401(459.18); 402(985.35); 403(253.37); 404(630.68); 405(272.17); 406(171.24); 407(622.66); 408(56.39); 409(89.23); 410(130.79); 411(558.38); 412(476.74); 413(721.95); 414(15.42); 415(245.59); 416(775.05); 417(136.29); 418(136.96); 420(724.54); 421(664.7); 422(661.29); 423(298.58); 424(765.66); 425(851.19); 426(819.4); 427(605.15); 428(890.38); 429(653.78); 430(422.8); 431(940.22); 432(849.62); 433(167.95); 434(249.99); 435(382.81); 436(734.03); 437(75.65); 438(758.0); 439(43.73); 440(233.52); 441(726.67); 442(470.19); 443(518.55); 444(780.04); 445(453.67); 446(330.32); 447(693.78); 448(457.42); 449(809.21); 450(862.4); 451(631.9); 452(402.33); 453(782.37); 454(140.93); 455(310.68); 456(718.76); 457(769.1); 458(355.5); 459(183.98); 460(703.84); 461(289.66); 462(283.24); 463(30.92); 464(813.33); 465(377.21); 466(810.85); 467(393.06); 468(409.53); 469(697.5); 470(597.69); 471(65.62); 472(700.77); 473(48.77); 474(247.59); 475(813.83); 476(586.87); 477(786.0); 478(307.59); 479(674.33); 480(981.62); 481(215.87); 482(384.43); 483(941.46); 484(970.95); 485(558.47); 486(694.21); 487(436.84); 488(551.29); 489(695.71); 490(417.99); 491(17.94); 492(280.52); 493(908.44); 494(158.36); 495(620.99); 496(998.71); 497(530.97); 498(886.27); 499(730.04),1
420,0(14.72); 1(431.42); 2(977.92); 3(96.03); 4(282.22); 5(805.89); 6(14.34); 7(805.8); 8(891.75); 9(284.9); 10(265.71); 11(335.23); 12(933.41); 13(672.55); 14(774.05); 15(9.25); 16(795.61); 17(444.91); 18(931.05); 19(939.5); 20(345.71); 21(356.89); 22(728.68); 23(908.12); 24(836.09); 25(252.18); 26(811.12); 27(905.72); 28(543.33); 29(809.95); 30(345.83); 31(514.68); 32(992.05); 33(794.49); 34(923.49); 35(562.42); 36(692.23); 37(450.5); 38(218.02); 39(573.61); 40(105.32); 41(173.99); 42(15.69); 43(187.12); 44(47.4); 45(876.26); 46(952.81); 47(341.79); 48(790.89); 49(522.72); 50(838.97); 51(699.05); 52(193.3); 53(91.43); 54(157.9); 55(64.53); 56(931.28); 57(582.92); 58(743.79); 59(849.59); 60(870.32); 61(582.5); 62(571.99); 63(607.41); 64(550.25); 65(45.9); 66(700.16); 67(908.88); 68(97.86); 69(236.0); 70(821.35); 71(659.11); 72(461.43); 73(774.17); 74(434.66); 75(445.77); 76(622.8); 77(378.28); 78(554.39); 79(236.86); 80(418.14); 81(72.42); 82(914.94); 83(663.59); 84(561.32); 85(888.01); 86(371.1); 87(237.51); 88(830.83); 89(31.73); 90(130.64); 91(343.8); 92(366.36); 93(524.6); 94(268.15); 95(994.33); 96(754.04); 97(325.87); 98(666.15); 99(245.42); 100(314.32); 101(884.07); 102(734.69); 103(163.22); 104(966.97); 105(335.52); 106(57.94); 107(820.81); 108(381.87); 109(432.23); 110(896.35); 111(155.66); 112(227.37); 113(548.43); 114(80.29); 115(807.5); 116(398.86); 117(434.85); 118(901.77); 119(669.56); 120(839.27); 121(713.4); 122(932.36); 123(31.79); 124(314.87); 125(988.9); 126(272.05); 127(148.27); 128(136.28); 129(499.87); 130(891.72); 131(558.48); 132(185.33); 133(822.86); 134(194.13); 135(699.07); 136(198.89); 137(98.65); 138(888.27); 139(322.49); 140(69.56); 141(986.79); 142(386.31); 143(305.66); 144(642.29); 145(570.8); 146(474.46); 147(311.31); 148(535.92); 149(254.72); 150(626.89); 151(491.48); 152(865.17); 153(6.63); 154(722.48); 155(833.96); 156(641.66); 157(456.04); 158(410.93); 159(376.01); 160(861.68); 161(266.89); 162(393.88); 163(914.81); 164(496.89); 165(100.68); 166(657.64); 167(703.41); 168(745.27); 169(667.75); 170(522.44); 171(275.61); 172(175.29); 173(376.56); 174(412.98); 175(580.3); 176(746.73); 177(123.59); 178(544.24); 179(890.07); 180(60.22); 181(282.38); 182(292.94); 183(706.61); 184(726.67); 185(925.44); 186(607.85); 187(423.31); 188(90.65); 189(749.53); 190(905.88); 191(966.05); 192(821.19); 193(712.11); 194(261.33); 195(246.16); 196(157.86); 197(539.45); 198(16.03); 199(171.45); 200(297.2); 201(703.57); 202(419.19); 203(840.72); 204(792.03); 205(916.43); 206(43.6); 207(738.31); 208(208.78); 209(466.39); 210(295.62); 211(305.8); 212(134.58); 213(415.95); 214(922.59); 215(518.56); 216(200.26); 217(304.83); 218(124.68); 219(634.67); 220(751.41); 221(882.84); 222(921.51); 223(647.05); 224(294.14); 225(7.99); 226(898.52); 227(373.06); 228(734.41); 229(979.31); 230(362.99); 231(764.26); 232(754.68); 233(933.47); 234(636.82); 235(198.83); 236(152.43); 237(254.09); 238(105.0); 239(172.83); 240(264.61); 241(286.99); 242(630.07); 243(284.54); 244(828.29); 245(503.57); 246(990.29); 247(90.38); 248(528.86); 249(215.48); 250(754.78); 251(130.66); 252(917.64); 253(753.82); 254(623.22); 255(181.47); 256(0.62); 257(249.5); 258(306.7); 259(887.74); 260(42.63); 261(988.01); 262(218.85); 263(341.08); 264(132.48); 265(68.73); 266(839.11); 267(476.31); 268(869.4); 269(533.96); 270(22.47); 271(683.16); 272(469.28); 273(406.15); 274(399.55); 275(843.4); 276(766.9); 277(634.57); 278(622.04); 279(486.34); 280(113.97); 281(392.59); 282(295.11); 283(0.52); 284(602.86); 285(267.52); 286(612.22); 287(430.12); 288(900.09); 289(521.38); 290(999.81); 291(659.59); 292(805.92); 293(190.56); 294(590.18); 295(454.14); 296(334.47); 297(263.19); 298(40.36); 299(322.29); 300(177.57); 301(460.58); 302(349.59); 303(889.69); 304(399.97); 305(210.33); 306(378.89); 307(12.22); 308(405.67); 309(45.11); 310(776.81); 311(942.05); 312(285.33); 313(830.11); 314(688.23); 315(487.13); 316(450.55); 317(582.5); 318(874.33); 319(389.81); 320(483.78); 321(915.3); 322(569.26); 323(54.19); 324(972.75); 325(133.36); 326(242.74); 327(324.51); 328(383.63); 329(474.04); 330(70.75); 331(193.55); 332(331.32); 333(227.8); 334(432.91); 335(590.76); 336(438.56); 337(252.61); 338(127.66); 339(258.4); 340(329.38); 341(704.67); 342(899.67); 343(49.76); 344(392.71); 345(420.99); 346(587.6); 347(427.96); 348(202.02); 349(671.89); 350(169.31); 351(85.5); 352(283.29); 353(81.49); 354(522.53); 355(806.79); 356(854.38); 357(712.87); 358(460.79); 359(105.89); 360(892.43); 361(282.41); 362(283.92); 363(278.61); 364(666.59); 365(17.47); 366(556.6); 367(89.77); 368(710.61); 369(601.28); 370(402.65); 371(399.05); 372(512.45); 373(483.92); 374(167.91); 375(136.87); 376(230.24); 377(128.87); 378(504.39); 379(946.79); 380(416.97); 381(532.62); 382(650.88); 383(226.42); 384(484.28); 385(800.89); 386(863.94); 387(997.57); 388(559.73); 389(219.7); 390(340.8); 391(323.58); 392(138.64); 393(405.52); 394(766.5); 395(39.29); 396(903.72); 397(794.18); 398(411.1); 399(613.08); 400(259.1); 401(769.87); 402(530.48); 403(617.06); 404(998.07); 405(78.72); 406(414.56); 407(794.63); 408(253.95); 409(21.7); 410(714.26); 411(608.61); 412(212.66); 413(376.42); 414(745.74); 415(30.6); 416(920.79); 417(310.34); 418(374.66); 419(724.54); 421(390.57); 422(904.58); 423(414.59); 424(754.92); 425(143.28); 426(239.66); 427(405.21); 428(205.05); 429(26.82); 430(238.59); 431(446.94); 432(375.26); 433(60.58); 434(733.62); 435(676.2); 436(448.43); 437(743.87); 438(951.06); 439(945.33); 440(58.42); 441(861.76); 442(732.02); 443(420.97); 444(328.28); 445(772.3); 446(527.66); 447(954.92); 448(731.94); 449(411.96); 450(895.32); 451(819.94); 452(333.96); 453(444.58); 454(587.92); 455(419.8); 456(971.09); 457(678.03); 458(388.08); 459(42.2); 460(984.63); 461(682.2); 462(372.06); 463(113.44); 464(432.12); 465(34.39); 466(145.11); 467(823.06); 468(344.43); 469(106.93); 470(1.92); 471(191.59); 472(725.97); 473(735.84); 474(371.04); 475(659.25); 476(777.08); 477(454.14); 478(825.12); 479(122.37); 480(729.16); 481(209.17); 482(936.42); 483(50.35); 484(9.24); 485(231.88); 486(375.0); 487(431.34); 488(358.82); 489(532.1); 490(109.57); 491(135.1); 492(718.98); 493(711.96); 494(23.04); 495(805.07); 496(668.07); 497(407.55); 498(873.06); 499(733.96),1
421,0(669.22); 1(336.69); 2(417.15); 3(7.88); 4(477.68); 5(793.07); 6(228.26); 7(346.63); 8(663.05); 9(321.35); 10(256.26); 11(732.74); 12(132.69); 13(892.65); 14(875.38); 15(10.24); 16(941.42); 17(647.17); 18(275.07); 19(264.58); 20(192.58); 21(43.47); 22(95.97); 23(315.75); 24(803.83); 25(444.81); 26(278.84); 27(83.1); 28(962.02); 29(359.29); 30(139.0); 31(132.26); 32(934.22); 33(259.98); 34(874.85); 35(336.76); 36(686.01); 37(969.74); 38(10.57); 39(847.98); 40(930.6); 41(249.47); 42(969.38); 43(458.08); 44(803.73); 45(62.38); 46(343.11); 47(999.4); 48(330.98); 49(559.0); 50(244.18); 51(192.29); 52(767.46); 53(987.98); 54(95.94); 55(64.19); 56(137.8); 57(607.18); 58(441.08); 59(604.92); 60(679.87); 61(723.15); 62(480.8); 63(424.55); 64(357.66); 65(110.58); 66(453.59); 67(452.74); 68(342.17); 69(637.14); 70(462.96); 71(579.34); 72(328.57); 73(773.02); 74(42.76); 75(966.9); 76(922.85); 77(664.01); 78(19.32); 79(644.02); 80(446.86); 81(876.56); 82(629.53); 83(318.38); 84(111.21); 85(994.42); 86(64.14); 87(565.05); 88(806.94); 89(699.43); 90(656.83); 91(845.85); 92(744.07); 93(49.2); 94(868.76); 95(560.78); 96(838.33); 97(826.69); 98(415.48); 99(978.36); 100(13.33); 101(54.78); 102(737.5); 103(242.26); 104(262.73); 105(291.79); 106(64.99); 107(390.57); 108(258.91); 109(858.06); 110(37.31); 111(226.61); 112(522.26); 113(859.16); 114(467.52); 115(799.4); 116(943.72); 117(369.42); 118(75.16); 119(397.14); 120(29.47); 121(458.34); 122(889.57); 123(936.02); 124(76.08); 125(160.19); 126(958.34); 127(275.11); 128(921.1); 129(5.35); 130(11.13); 131(510.29); 132(392.92); 133(166.19); 134(962.24); 135(907.96); 136(505.82); 137(311.03); 138(41.16); 139(690.06); 140(966.98); 141(849.0); 142(291.21); 143(749.44); 144(921.76); 145(914.71); 146(978.6); 147(533.27); 148(296.24); 149(559.79); 150(601.41); 151(269.06); 152(799.44); 153(722.23); 154(659.64); 155(767.78); 156(491.91); 157(756.89); 158(203.84); 159(671.7); 160(102.63); 161(139.71); 162(384.85); 163(250.63); 164(419.85); 165(995.27); 166(369.47); 167(239.92); 168(726.64); 169(74.27); 170(779.81); 171(522.45); 172(199.24); 173(836.69); 174(228.49); 175(354.14); 176(359.92); 177(592.73); 178(120.09); 179(342.02); 180(139.4); 181(525.93); 182(984.25); 183(279.76); 184(714.45); 185(841.91); 186(317.57); 187(272.2); 188(389.09); 189(214.56); 190(727.32); 191(466.03); 192(955.94); 193(407.76); 194(317.44); 195(948.68); 196(394.96); 197(645.6); 198(230.0); 199(996.87); 200(746.25); 201(137.6); 202(963.01); 203(151.79); 204(425.36); 205(548.22); 206(975.17); 207(972.33); 208(112.64); 209(691.03); 210(544.28); 211(419.28); 212(553.5); 213(982.66); 214(589.56); 215(389.59); 216(27.02); 217(967.6); 218(234.44); 219(849.49); 220(560.56); 221(46.07); 222(964.15); 223(133.6); 224(948.8); 225(128.2); 226(932.54); 227(353.29); 228(155.01); 229(717.22); 230(740.8); 231(838.97); 232(538.68); 233(346.21); 234(862.92); 235(159.27); 236(747.06); 237(547.54); 238(298.99); 239(835.73); 240(232.78); 241(905.85); 242(883.34); 243(152.14); 244(854.8); 245(432.56); 246(859.62); 247(615.25); 248(756.53); 249(169.32); 250(765.01); 251(13.84); 252(685.09); 253(376.16); 254(165.75); 255(884.6); 256(129.14); 257(88.7); 258(211.54); 259(542.21); 260(151.71); 261(959.9); 262(568.73); 263(225.66); 264(791.98); 265(165.46); 266(833.3); 267(484.4); 268(731.32); 269(327.33); 270(414.96); 271(746.92); 272(559.94); 273(841.29); 274(802.52); 275(219.74); 276(601.43); 277(948.85); 278(756.4); 279(787.95); 280(325.42); 281(909.81); 282(415.33); 283(873.92); 284(698.36); 285(700.98); 286(915.69); 287(946.89); 288(970.17); 289(78.01); 290(480.95); 291(242.76); 292(883.32); 293(245.53); 294(215.4); 295(977.92); 296(319.41); 297(859.72); 298(768.38); 299(58.34); 300(217.28); 301(63.01); 302(780.11); 303(697.76); 304(250.43); 305(370.35); 306(313.49); 307(829.15); 308(867.68); 309(347.78); 310(923.33); 311(769.89); 312(817.62); 313(167.59); 314(483.1); 315(798.28); 316(936.05); 317(615.56); 318(159.37); 319(686.32); 320(834.3); 321(41.68); 322(195.37); 323(429.97); 324(365.2); 325(141.42); 326(449.92); 327(303.29); 328(200.57); 329(199.22); 330(194.62); 331(42.88); 332(166.33); 333(294.52); 334(864.22); 335(569.88); 336(911.6); 337(326.94); 338(20.65); 339(837.29); 340(631.86); 341(328.63); 342(387.43); 343(691.58); 344(974.32); 345(285.9); 346(247.69); 347(594.4); 348(60.04); 349(703.97); 350(724.36); 351(778.63); 352(788.25); 353(359.98); 354(40.11); 355(334.56); 356(553.6); 357(626.51); 358(733.96); 359(777.41); 360(187.15); 361(174.93); 362(516.51); 363(788.28); 364(754.84); 365(166.84); 366(108.55); 367(923.39); 368(4.32); 369(940.76); 370(791.34); 371(80.56); 372(680.37); 373(903.23); 374(435.19); 375(94.06); 376(921.62); 377(910.86); 378(470.68); 379(174.91); 380(829.43); 381(853.65); 382(333.29); 383(426.28); 384(236.01); 385(828.18); 386(921.0); 387(270.18); 388(514.62); 389(56.18); 390(793.14); 391(60.72); 392(124.8); 393(548.39); 394(444.36); 395(978.06); 396(785.55); 397(390.27); 398(681.92); 399(498.02); 400(438.2); 401(872.08); 402(644.26); 403(995.71); 404(859.05); 405(308.11); 406(237.34); 407(564.74); 408(871.43); 409(163.78); 410(608.96); 411(351.84); 412(980.4); 413(680.05); 414(858.12); 415(690.7); 416(75.76); 417(955.58); 418(326.07); 419(664.7); 420(390.57); 422(370.49); 423(728.3); 424(549.23); 425(160.79); 426(159.3); 427(770.92); 428(563.9); 429(931.61); 430(218.68); 431(928.39); 432(904.23); 433(955.33); 434(562.3); 435(392.17); 436(25.83); 437(696.65); 438(523.17); 439(810.41); 440(521.23); 441(366.94); 442(814.72); 443(325.8); 444(805.86); 445(680.16); 446(296.6); 447(265.71); 448(380.51); 449(583.17); 450(441.29); 451(582.47); 452(824.92); 453(941.52); 454(650.67); 455(25.76); 456(192.13); 457(755.8); 458(391.88); 459(638.29); 460(540.61); 461(494.54); 462(160.33); 463(329.49); 464(335.18); 465(863.02); 466(913.95); 467(35.47); 468(960.19); 469(262.69); 470(883.34); 471(570.13); 472(354.54); 473(861.74); 474(764.41); 475(709.65); 476(27.42); 477(761.9); 478(207.73); 479(571.03); 480(869.8); 481(677.45); 482(528.18); 483(973.8); 484(793.8); 485(810.48); 486(264.25); 487(99.92); 488(513.47); 489(909.45); 490(469.54); 491(155.66); 492(745.59); 493(232.02); 494(754.96); 495(989.28); 496(400.25); 497(592.76); 498(303.19); 499(503.32),1
422,0(124.89); 1(700.8); 2(511.02); 3(976.89); 4(542.13); 5(200.98); 6(420.62); 7(646.15); 8(464.25); 9(612.14); 10(230.23); 11(51.4); 12(562.32); 13(316.46); 14(1.92); 15(313.95); 16(67.4); 17(632.84); 18(96.77); 19(678.35); 20(782.4); 21(889.67); 22(170.57); 23(337.77); 24(611.54); 25(564.99); 26(129.89); 27(781.4); 28(992.31); 29(823.03); 30(853.69); 31(203.83); 32(402.46); 33(296.59); 34(129.05); 35(685.43); 36(793.97); 37(31.3); 38(342.92); 39(706.16); 40(213.63); 41(65.92); 42(111.11); 43(313.5); 44(82.93); 45(556.61); 46(121.76); 47(693.14); 48(393.13); 49(600.69); 50(94.7); 51(525.58); 52(59.38); 53(954.9); 54(86.52); 55(186.52); 56(49.48); 57(302.29); 58(885.77); 59(131.57); 60(998.86); 61(576.06); 62(898.89); 63(115.75); 64(926.19); 65(958.75); 66(419.01); 67(142.23); 68(360.32); 69(996.56); 70(237.91); 71(264.12); 72(195.38); 73(964.83); 74(500.22); 75(949.09); 76(231.53); 77(726.58); 78(618.69); 79(805.2); 80(961.99); 81(860.16); 82(267.06); 83(815.48); 84(127.49); 85(414.31); 86(143.38); 87(335.15); 88(305.7); 89(594.97); 90(901.52); 91(407.31); 92(437.9); 93(43.31); 94(366.19); 95(388.65); 96(387.09); 97(637.85); 98(449.33); 99(111.78); 100(478.15); 101(38.92); 102(440.12); 103(960.62); 104(462.18); 105(253.77); 106(575.82); 107(352.27); 108(10.39); 109(558.53); 110(504.43); 111(752.49); 112(640.6); 113(101.53); 114(901.07); 115(243.89); 116(401.42); 117(844.58); 118(371.29); 119(881.33); 120(663.86); 121(720.82); 122(961.78); 123(928.7); 124(411.21); 125(494.99); 126(968.74); 127(220.31); 128(514.99); 129(383.05); 130(703.35); 131(374.55); 132(515.09); 133(799.45); 134(129.8); 135(817.21); 136(221.38); 137(105.84); 138(286.29); 139(24.38); 140(729.05); 141(419.64); 142(1.84); 143(146.89); 144(773.97); 145(367.99); 146(999.04); 147(529.44); 148(742.24); 149(987.17); 150(670.38); 151(440.51); 152(966.9); 153(200.68); 154(688.02); 155(654.48); 156(1.34); 157(788.05); 158(591.92); 159(554.29); 160(229.13); 161(117.42); 162(829.74); 163(475.08); 164(792.66); 165(899.08); 166(643.08); 167(490.1); 168(179.61); 169(119.91); 170(422.33); 171(570.01); 172(400.61); 173(717.88); 174(462.33); 175(136.69); 176(470.42); 177(590.99); 178(11.86); 179(632.76); 180(412.69); 181(346.71); 182(540.52); 183(385.59); 184(638.19); 185(726.15); 186(908.55); 187(381.66); 188(711.35); 189(690.31); 190(279.83); 191(936.96); 192(398.14); 193(401.31); 194(533.96); 195(62.34); 196(622.78); 197(219.51); 198(115.79); 199(799.13); 200(393.32); 201(644.81); 202(984.88); 203(383.65); 204(372.66); 205(940.19); 206(489.84); 207(308.67); 208(417.29); 209(161.87); 210(702.78); 211(82.83); 212(65.52); 213(633.54); 214(964.1); 215(811.11); 216(1.78); 217(920.21); 218(794.97); 219(937.84); 220(368.71); 221(669.4); 222(829.36); 223(65.11); 224(311.02); 225(832.13); 226(455.73); 227(908.95); 228(130.93); 229(594.01); 230(934.28); 231(739.84); 232(810.01); 233(515.63); 234(773.62); 235(934.26); 236(349.03); 237(70.46); 238(467.52); 239(232.98); 240(704.54); 241(703.86); 242(826.41); 243(714.06); 244(875.73); 245(29.6); 246(766.52); 247(67.79); 248(479.07); 249(847.5); 250(710.03); 251(322.36); 252(422.47); 253(583.74); 254(852.56); 255(821.5); 256(841.56); 257(271.12); 258(83.44); 259(955.64); 260(215.45); 261(523.69); 262(32.99); 263(416.6); 264(819.69); 265(890.13); 266(682.93); 267(44.41); 268(125.73); 269(371.15); 270(272.27); 271(249.02); 272(316.56); 273(380.12); 274(536.71); 275(933.9); 276(762.09); 277(549.2); 278(987.87); 279(130.23); 280(255.58); 281(986.58); 282(400.76); 283(64.78); 284(763.89); 285(367.29); 286(503.67); 287(183.24); 288(204.58); 289(930.65); 290(792.01); 291(376.65); 292(858.02); 293(714.31); 294(492.3); 295(427.01); 296(251.32); 297(75.27); 298(236.56); 299(871.76); 300(496.83); 301(62.3); 302(815.73); 303(917.01); 304(376.3); 305(491.59); 306(642.26); 307(330.58); 308(352.79); 309(723.38); 310(587.63); 311(552.88); 312(755.51); 313(306.59); 314(69.33); 315(133.9); 316(148.25); 317(466.37); 318(201.41); 319(781.01); 320(860.14); 321(435.57); 322(801.85); 323(405.28); 324(923.5); 325(423.78); 326(507.21); 327(622.63); 328(859.8); 329(622.15); 330(919.84); 331(694.77); 332(20.33); 333(267.62); 334(202.37); 335(214.8); 336(628.76); 337(947.87); 338(972.81); 339(194.43); 340(750.82); 341(261.92); 342(401.22); 343(249.78); 344(840.04); 345(849.85); 346(994.02); 347(173.01); 348(454.72); 349(51.67); 350(800.64); 351(93.47); 352(560.31); 353(286.82); 354(334.01); 355(12.02); 356(648.59); 357(552.74); 358(150.53); 359(846.91); 360(104.15); 361(470.32); 362(210.94); 363(123.74); 364(319.39); 365(629.75); 366(44.46); 367(695.41); 368(174.48); 369(296.66); 370(663.06); 371(526.94); 372(546.92); 373(425.82); 374(372.74); 375(877.96); 376(340.93); 377(972.8); 378(29.32); 379(143.06); 380(406.11); 381(234.35); 382(79.23); 383(805.44); 384(568.1); 385(656.31); 386(883.57); 387(676.63); 388(662.35); 389(652.25); 390(213.48); 391(944.91); 392(431.21); 393(453.4); 394(166.42); 395(417.61); 396(82.34); 397(274.7); 398(671.11); 399(299.9); 400(677.07); 401(863.63); 402(604.44); 403(576.78); 404(713.12); 405(884.16); 406(99.67); 407(195.32); 408(812.2); 409(607.16); 410(632.09); 411(945.36); 412(970.86); 413(607.12); 414(530.4); 415(867.25); 416(143.71); 417(588.3); 418(370.07); 419(661.29); 420(904.58); 421(370.49); 423(131.31); 424(517.35); 425(431.85); 426(992.87); 427(136.2); 428(858.07); 429(407.66); 430(531.61); 431(772.15); 432(325.95); 433(420.71); 434(190.32); 435(577.7); 436(72.54); 437(656.05); 438(839.38); 439(309.09); 440(481.1); 441(516.23); 442(361.84); 443(640.91); 444(800.29); 445(44.16); 446(648.4); 447(940.1); 448(633.81); 449(526.51); 450(466.96); 451(150.48); 452(604.53); 453(991.94); 454(154.29); 455(40.99); 456(207.38); 457(824.97); 458(858.35); 459(856.98); 460(125.7); 461(569.1); 462(556.23); 463(26.15); 464(711.4); 465(509.25); 466(453.62); 467(898.48); 468(833.25); 469(589.69); 470(480.63); 471(99.45); 472(677.38); 473(728.85); 474(70.91); 475(229.49); 476(803.58); 477(411.77); 478(610.23); 479(392.39); 480(326.4); 481(397.78); 482(690.11); 483(816.71); 484(705.11); 485(121.38); 486(227.01); 487(499.26); 488(802.4); 489(168.79); 490(235.6); 491(118.55); 492(177.77); 493(634.74); 494(238.36); 495(502.88); 496(467.03); 497(326.48); 498(246.73); 499(793.35),1
423,0(929.05); 1(890.79); 2(268.25); 3(419.85); 4(639.12); 5(187.66); 6(813.89); 7(247.43); 8(679.96); 9(545.74); 10(360.96); 11(818.71); 12(469.57); 13(499.68); 14(44.07); 15(253.42); 16(820.89); 17(537.23); 18(930.12); 19(116.54); 20(794.87); 21(847.12); 22(618.01); 23(147.68); 24(829.96); 25(702.25); 26(435.31); 27(532.6); 28(944.04); 29(963.44); 30(459.81); 31(468.98); 32(840.21); 33(763.84); 34(988.77); 35(378.0); 36(389.83); 37(868.0); 38(866.09); 39(292.33); 40(107.49); 41(184.89); 42(190.02); 43(320.19); 44(360.96); 45(692.08); 46(695.77); 47(811.76); 48(822.12); 49(500.95); 50(803.47); 51(32.08); 52(530.42); 53(406.45); 54(974.75); 55(710.29); 56(92.54); 57(469.44); 58(421.12); 59(942.78); 60(720.63); 61(843.84); 62(778.74); 63(236.15); 64(726.0); 65(994.42); 66(67.22); 67(892.43); 68(635.01); 69(290.3); 70(460.56); 71(924.95); 72(11.17); 73(619.82); 74(93.84); 75(250.98); 76(39.74); 77(823.77); 78(24.4); 79(892.54); 80(128.44); 81(38.37); 82(696.71); 83(118.34); 84(256.96); 85(462.41); 86(946.72); 87(871.83); 88(962.04); 89(30.11); 90(30.71); 91(138.55); 92(507.6); 93(440.67); 94(763.0); 95(891.46); 96(93.0); 97(701.35); 98(390.46); 99(584.53); 100(89.96); 101(417.55); 102(947.15); 103(62.45); 104(166.72); 105(540.29); 106(689.16); 107(196.59); 108(593.28); 109(86.73); 110(438.22); 111(911.44); 112(925.3); 113(45.15); 114(488.92); 115(41.13); 116(100.11); 117(120.51); 118(337.03); 119(620.76); 120(795.69); 121(621.36); 122(420.02); 123(392.29); 124(462.86); 125(148.24); 126(797.03); 127(959.9); 128(557.87); 129(14.76); 130(332.56); 131(812.37); 132(972.06); 133(77.43); 134(452.17); 135(444.08); 136(508.74); 137(895.47); 138(764.95); 139(321.35); 140(346.77); 141(400.24); 142(535.59); 143(527.73); 144(465.22); 145(122.02); 146(167.65); 147(99.67); 148(233.03); 149(563.32); 150(882.24); 151(833.57); 152(628.72); 153(777.11); 154(348.17); 155(750.64); 156(999.2); 157(811.89); 158(156.74); 159(41.43); 160(656.37); 161(115.1); 162(854.15); 163(497.38); 164(906.02); 165(380.6); 166(867.11); 167(4.57); 168(866.19); 169(423.42); 170(855.96); 171(780.3); 172(442.84); 173(775.4); 174(449.01); 175(90.95); 176(376.66); 177(557.56); 178(289.27); 179(282.73); 180(500.0); 181(670.54); 182(40.56); 183(131.94); 184(123.79); 185(267.09); 186(399.51); 187(65.75); 188(509.11); 189(373.48); 190(934.09); 191(328.3); 192(104.76); 193(344.0); 194(63.97); 195(154.62); 196(46.75); 197(522.55); 198(707.21); 199(795.58); 200(325.81); 201(940.66); 202(92.4); 203(241.32); 204(6.64); 205(131.15); 206(416.04); 207(278.37); 208(588.33); 209(867.0); 210(927.63); 211(5.43); 212(591.27); 213(173.52); 214(741.13); 215(807.57); 216(945.94); 217(317.24); 218(439.26); 219(82.1); 220(710.72); 221(724.92); 222(196.65); 223(320.49); 224(425.82); 225(27.16); 226(196.57); 227(962.78); 228(615.19); 229(160.02); 230(309.13); 231(835.89); 232(304.46); 233(581.31); 234(544.77); 235(626.41); 236(431.13); 237(172.97); 238(662.06); 239(869.39); 240(975.8); 241(68.33); 242(880.96); 243(974.94); 244(787.87); 245(315.16); 246(728.86); 247(757.26); 248(226.43); 249(108.23); 250(548.57); 251(450.37); 252(993.81); 253(662.96); 254(710.04); 255(993.19); 256(849.16); 257(754.38); 258(397.0); 259(405.48); 260(441.07); 261(927.24); 262(886.24); 263(252.75); 264(470.41); 265(630.96); 266(383.84); 267(590.3); 268(115.16); 269(0.77); 270(264.71); 271(861.55); 272(279.11); 273(390.87); 274(530.37); 275(739.83); 276(772.25); 277(389.79); 278(527.63); 279(991.7); 280(237.35); 281(210.03); 282(700.89); 283(450.52); 284(632.12); 285(211.16); 286(642.04); 287(388.04); 288(59.73); 289(301.1); 290(896.37); 291(657.25); 292(334.69); 293(96.37); 294(456.5); 295(668.12); 296(810.22); 297(12.98); 298(847.34); 299(649.98); 300(513.69); 301(230.22); 302(417.22); 303(108.51); 304(130.06); 305(403.92); 306(776.26); 307(320.12); 308(339.66); 309(654.82); 310(577.16); 311(458.5); 312(307.4); 313(651.62); 314(886.56); 315(456.29); 316(593.24); 317(224.42); 318(192.89); 319(333.6); 320(964.96); 321(411.52); 322(411.0); 323(624.61); 324(862.42); 325(290.01); 326(620.03); 327(7.84); 328(854.34); 329(685.4); 330(410.78); 331(218.8); 332(727.02); 333(431.7); 334(150.22); 335(385.35); 336(746.5); 337(918.14); 338(731.23); 339(523.51); 340(332.25); 341(314.92); 342(725.03); 343(357.2); 344(507.52); 345(973.88); 346(21.05); 347(804.81); 348(176.09); 349(497.17); 350(404.95); 351(592.38); 352(925.24); 353(203.83); 354(752.91); 355(565.93); 356(212.27); 357(722.81); 358(822.45); 359(106.08); 360(464.7); 361(457.34); 362(251.32); 363(736.18); 364(110.65); 365(185.27); 366(835.44); 367(800.59); 368(193.61); 369(848.76); 370(367.96); 371(586.89); 372(347.27); 373(127.02); 374(340.75); 375(592.89); 376(271.66); 377(796.43); 378(201.54); 379(104.36); 380(59.15); 381(799.8); 382(350.08); 383(863.61); 384(467.35); 385(598.11); 386(382.43); 387(719.25); 388(160.62); 389(795.33); 390(671.56); 391(296.21); 392(40.36); 393(566.19); 394(317.42); 395(976.79); 396(111.17); 397(382.7); 398(160.54); 399(983.65); 400(55.69); 401(558.54); 402(174.28); 403(763.03); 404(916.23); 405(780.22); 406(217.06); 407(320.68); 408(494.3); 409(778.0); 410(134.72); 411(118.57); 412(805.03); 413(863.1); 414(637.08); 415(215.73); 416(515.41); 417(814.05); 418(124.86); 419(298.58); 420(414.59); 421(728.3); 422(131.31); 424(359.26); 425(880.91); 426(536.07); 427(987.64); 428(406.22); 429(3.82); 430(378.01); 431(738.28); 432(386.58); 433(354.94); 434(56.25); 435(53.79); 436(540.33); 437(413.66); 438(947.2); 439(511.73); 440(867.61); 441(183.53); 442(654.0); 443(70.38); 444(324.31); 445(270.65); 446(430.5); 447(569.17); 448(169.45); 449(384.91); 450(666.94); 451(50.51); 452(507.73); 453(847.64); 454(746.48); 455(126.22); 456(995.12); 457(491.19); 458(914.77); 459(107.42); 460(39.51); 461(70.32); 462(849.23); 463(917.66); 464(595.91); 465(504.34); 466(264.99); 467(715.32); 468(820.66); 469(881.15); 470(733.96); 471(542.15); 472(275.12); 473(14.52); 474(596.88); 475(95.51); 476(85.18); 477(265.45); 478(171.86); 479(812.85); 480(567.14); 481(635.1); 482(916.25); 483(480.83); 484(416.78); 485(812.17); 486(669.64); 487(753.29); 488(435.0); 489(552.62); 490(968.1); 491(518.34); 492(400.03); 493(836.27); 494(83.73); 495(902.59); 496(877.88); 497(85.73); 498(973.07); 499(536.83),1
424,0(993.17); 1(387.26); 2(891.08); 3(529.89); 4(736.01); 5(645.04); 6(781.96); 7(892.06); 8(336.48); 9(692.0); 10(361.11); 11(365.29); 12(834.53); 13(894.56); 14(894.85); 15(516.58); 16(464.23); 17(265.99); 18(9.97); 19(239.59); 20(895.43); 21(896.42); 22(264.09); 23(64.38); 24(791.23); 25(484.39); 26(258.44); 27(90.76); 28(756.44); 29(240.46); 30(6.59); 31(379.39); 32(818.9); 33(970.48); 34(512.95); 35(566.37); 36(631.91); 37(142.83); 38(790.51); 39(212.64); 40(492.42); 41(457.76); 42(221.57); 43(814.33); 44(764.24); 45(701.46); 46(761.29); 47(936.25); 48(998.59); 49(414.21); 50(392.76); 51(643.88); 52(16.66); 53(62.9); 54(676.31); 55(603.18); 56(293.97); 57(644.39); 58(508.91); 59(168.26); 60(585.42); 61(517.11); 62(704.8); 63(145.71); 64(730.59); 65(386.05); 66(836.92); 67(243.91); 68(17.44); 69(961.72); 70(687.12); 71(777.31); 72(416.79); 73(197.21); 74(38.68); 75(637.33); 76(639.76); 77(448.82); 78(935.81); 79(749.78); 80(587.97); 81(680.09); 82(802.56); 83(522.32); 84(104.2); 85(716.95); 86(349.21); 87(711.87); 88(503.74); 89(424.6); 90(542.46); 91(490.99); 92(133.63); 93(123.98); 94(98.94); 95(419.44); 96(459.43); 97(445.57); 98(282.38); 99(126.05); 100(690.3); 101(965.51); 102(516.01); 103(962.78); 104(38.2); 105(70.98); 106(626.53); 107(676.42); 108(276.94); 109(900.67); 110(157.48); 111(615.57); 112(142.85); 113(471.49); 114(270.27); 115(746.19); 116(511.13); 117(645.43); 118(760.39); 119(594.98); 120(127.39); 121(878.49); 122(728.52); 123(358.3); 124(940.92); 125(394.16); 126(359.82); 127(955.41); 128(972.59); 129(896.84); 130(594.21); 131(508.3); 132(582.97); 133(511.99); 134(978.66); 135(166.46); 136(134.42); 137(884.29); 138(635.47); 139(838.23); 140(73.44); 141(841.17); 142(45.42); 143(308.22); 144(519.43); 145(902.85); 146(328.96); 147(28.65); 148(485.7); 149(110.61); 150(984.81); 151(854.82); 152(983.74); 153(408.11); 154(989.95); 155(896.36); 156(988.17); 157(411.72); 158(158.18); 159(360.69); 160(458.47); 161(147.37); 162(369.11); 163(459.68); 164(903.77); 165(361.31); 166(385.32); 167(18.87); 168(964.21); 169(850.45); 170(11.26); 171(105.75); 172(599.15); 173(914.68); 174(537.28); 175(647.46); 176(715.25); 177(775.78); 178(499.7); 179(288.27); 180(83.52); 181(112.0); 182(155.67); 183(627.26); 184(642.67); 185(522.22); 186(391.37); 187(511.38); 188(296.35); 189(373.39); 190(841.93); 191(252.06); 192(56.58); 193(87.46); 194(49.15); 195(144.58); 196(562.28); 197(38.95); 198(534.67); 199(104.07); 200(703.56); 201(698.8); 202(734.44); 203(81.25); 204(632.97); 205(272.17); 206(514.47); 207(640.47); 208(599.59); 209(648.75); 210(683.75); 211(366.92); 212(951.12); 213(297.61); 214(163.42); 215(453.16); 216(778.94); 217(542.39); 218(482.74); 219(741.75); 220(989.62); 221(657.45); 222(436.6); 223(410.34); 224(682.88); 225(728.28); 226(391.9); 227(788.57); 228(757.41); 229(36.37); 230(356.65); 231(178.84); 232(733.3); 233(304.31); 234(799.6); 235(912.24); 236(587.99); 237(399.5); 238(902.51); 239(842.01); 240(290.7); 241(286.55); 242(319.1); 243(447.71); 244(308.62); 245(393.24); 246(364.36); 247(289.08); 248(524.66); 249(867.53); 250(68.71); 251(964.85); 252(984.56); 253(677.01); 254(481.25); 255(848.7); 256(305.52); 257(373.17); 258(451.88); 259(829.14); 260(188.21); 261(469.04); 262(663.86); 263(607.63); 264(366.24); 265(168.24); 266(549.55); 267(944.29); 268(608.69); 269(491.36); 270(224.84); 271(285.71); 272(238.77); 273(165.2); 274(86.12); 275(341.38); 276(465.09); 277(661.83); 278(583.44); 279(828.99); 280(50.74); 281(541.01); 282(928.24); 283(601.99); 284(295.39); 285(968.52); 286(637.73); 287(214.81); 288(687.36); 289(168.85); 290(570.22); 291(742.86); 292(888.09); 293(733.54); 294(481.19); 295(530.41); 296(772.57); 297(693.8); 298(309.33); 299(879.3); 300(25.16); 301(679.98); 302(963.63); 303(255.51); 304(81.12); 305(891.51); 306(131.45); 307(62.34); 308(97.95); 309(349.29); 310(449.55); 311(266.98); 312(859.93); 313(458.22); 314(302.81); 315(199.25); 316(517.54); 317(57.54); 318(534.63); 319(742.81); 320(49.65); 321(103.04); 322(885.08); 323(238.2); 324(905.57); 325(495.87); 326(897.72); 327(101.78); 328(993.74); 329(991.49); 330(31.44); 331(529.78); 332(196.6); 333(817.38); 334(877.96); 335(109.18); 336(890.74); 337(384.67); 338(138.74); 339(18.38); 340(260.67); 341(326.59); 342(642.54); 343(340.08); 344(144.37); 345(385.19); 346(466.04); 347(668.36); 348(479.71); 349(857.57); 350(29.7); 351(426.97); 352(523.17); 353(359.54); 354(973.01); 355(212.0); 356(969.08); 357(552.06); 358(618.38); 359(992.66); 360(572.71); 361(326.58); 362(463.96); 363(499.73); 364(137.66); 365(11.3); 366(400.08); 367(573.06); 368(630.37); 369(978.87); 370(71.69); 371(856.88); 372(231.68); 373(828.72); 374(745.66); 375(696.38); 376(557.44); 377(940.19); 378(67.56); 379(732.38); 380(900.02); 381(851.02); 382(327.71); 383(150.48); 384(991.38); 385(162.0); 386(672.02); 387(598.8); 388(210.68); 389(256.12); 390(318.01); 391(774.32); 392(237.64); 393(450.49); 394(22.01); 395(846.19); 396(22.3); 397(745.59); 398(221.45); 399(111.88); 400(86.67); 401(735.84); 402(454.79); 403(241.01); 404(416.27); 405(785.07); 406(231.13); 407(10.11); 408(700.41); 409(604.28); 410(296.66); 411(950.37); 412(504.5); 413(464.07); 414(370.56); 415(242.17); 416(117.37); 417(692.84); 418(622.79); 419(765.66); 420(754.92); 421(549.23); 422(517.35); 423(359.26); 425(290.14); 426(942.19); 427(34.71); 428(974.59); 429(164.39); 430(49.8); 431(130.05); 432(778.4); 433(729.35); 434(6.94); 435(108.98); 436(184.88); 437(399.57); 438(694.4); 439(718.14); 440(71.31); 441(685.73); 442(459.23); 443(647.56); 444(742.96); 445(368.91); 446(648.36); 447(849.75); 448(966.63); 449(457.9); 450(154.66); 451(673.79); 452(309.67); 453(392.55); 454(662.94); 455(805.57); 456(452.01); 457(739.26); 458(995.52); 459(701.06); 460(741.53); 461(303.91); 462(948.2); 463(452.58); 464(383.52); 465(867.37); 466(685.11); 467(385.72); 468(760.65); 469(874.91); 470(93.18); 471(71.42); 472(755.37); 473(357.33); 474(752.87); 475(893.39); 476(310.43); 477(84.87); 478(33.71); 479(271.39); 480(585.13); 481(448.74); 482(325.36); 483(408.36); 484(499.68); 485(472.48); 486(923.47); 487(276.22); 488(143.61); 489(508.81); 490(958.7); 491(806.54); 492(178.6); 493(167.18); 494(233.95); 495(574.74); 496(172.61); 497(337.01); 498(6.96); 499(618.1),1
425,0(119.27); 1(318.71); 2(749.63); 3(149.82); 4(403.67); 5(579.1); 6(777.16); 7(320.79); 8(135.66); 9(409.62); 10(209.96); 11(718.1); 12(562.81); 13(458.22); 14(106.39); 15(691.77); 16(916.74); 17(630.24); 18(252.02); 19(835.66); 20(841.37); 21(182.75); 22(498.0); 23(664.4); 24(788.09); 25(119.82); 26(790.7); 27(509.5); 28(631.78); 29(521.65); 30(234.65); 31(907.61); 32(741.89); 33(414.19); 34(589.95); 35(708.17); 36(65.33); 37(292.32); 38(836.48); 39(980.45); 40(970.91); 41(792.45); 42(346.31); 43(641.76); 44(88.03); 45(531.36); 46(482.44); 47(994.55); 48(355.69); 49(484.25); 50(378.77); 51(499.85); 52(292.21); 53(733.49); 54(271.8); 55(977.49); 56(622.7); 57(310.4); 58(772.2); 59(723.69); 60(404.88); 61(369.97); 62(487.1); 63(947.79); 64(135.37); 65(943.21); 66(885.3); 67(341.75); 68(246.0); 69(549.11); 70(318.08); 71(166.37); 72(769.46); 73(655.55); 74(624.4); 75(728.77); 76(1.25); 77(735.1); 78(808.36); 79(84.68); 80(893.88); 81(786.12); 82(909.26); 83(177.44); 84(96.69); 85(690.84); 86(768.23); 87(770.48); 88(758.32); 89(28.67); 90(668.62); 91(257.85); 92(41.35); 93(808.54); 94(799.17); 95(480.24); 96(46.28); 97(440.14); 98(299.88); 99(885.64); 100(480.99); 101(672.89); 102(168.18); 103(513.18); 104(659.03); 105(866.69); 106(364.0); 107(466.59); 108(217.46); 109(79.5); 110(701.52); 111(81.4); 112(726.78); 113(847.29); 114(248.24); 115(331.86); 116(342.34); 117(333.75); 118(329.58); 119(967.18); 120(880.68); 121(34.0); 122(706.42); 123(530.74); 124(271.71); 125(489.21); 126(241.9); 127(143.79); 128(19.55); 129(832.68); 130(570.17); 131(955.15); 132(523.17); 133(353.41); 134(541.92); 135(475.05); 136(490.71); 137(487.26); 138(950.92); 139(151.73); 140(913.92); 141(909.03); 142(760.76); 143(154.42); 144(662.5); 145(291.49); 146(267.8); 147(765.06); 148(34.0); 149(244.06); 150(351.11); 151(112.29); 152(226.98); 153(556.18); 154(642.45); 155(790.0); 156(189.87); 157(965.12); 158(431.56); 159(514.76); 160(288.64); 161(606.22); 162(989.13); 163(19.07); 164(810.78); 165(861.61); 166(783.17); 167(91.08); 168(931.19); 169(54.15); 170(265.37); 171(362.06); 172(398.16); 173(883.51); 174(542.97); 175(773.94); 176(467.81); 177(126.25); 178(415.79); 179(118.95); 180(846.29); 181(870.04); 182(290.81); 183(139.19); 184(94.32); 185(100.84); 186(506.78); 187(718.55); 188(668.07); 189(310.74); 190(428.14); 191(293.45); 192(575.07); 193(757.62); 194(243.51); 195(684.95); 196(927.86); 197(969.25); 198(58.06); 199(232.73); 200(334.3); 201(166.65); 202(284.67); 203(672.07); 204(697.0); 205(191.74); 206(614.83); 207(17.49); 208(670.84); 209(436.18); 210(3.78); 211(52.85); 212(251.21); 213(891.22); 214(284.89); 215(194.89); 216(830.36); 217(247.2); 218(896.58); 219(78.18); 220(226.44); 221(606.71); 222(707.48); 223(194.73); 224(565.38); 225(188.71); 226(550.76); 227(126.29); 228(233.18); 229(729.3); 230(961.83); 231(642.35); 232(238.64); 233(112.41); 234(681.51); 235(150.9); 236(553.51); 237(72.93); 238(295.0); 239(706.47); 240(761.21); 241(348.77); 242(861.93); 243(41.42); 244(678.74); 245(48.94); 246(569.1); 247(632.22); 248(41.77); 249(611.26); 250(776.04); 251(415.63); 252(535.2); 253(155.05); 254(552.55); 255(439.09); 256(523.29); 257(252.81); 258(465.58); 259(731.41); 260(412.51); 261(495.69); 262(507.65); 263(766.62); 264(635.46); 265(636.68); 266(102.18); 267(332.65); 268(393.21); 269(979.37); 270(383.84); 271(556.25); 272(57.58); 273(491.45); 274(502.38); 275(357.25); 276(779.35); 277(957.32); 278(467.15); 279(402.06); 280(291.79); 281(829.94); 282(482.16); 283(449.69); 284(935.55); 285(422.86); 286(367.19); 287(35.38); 288(555.94); 289(814.87); 290(22.37); 291(184.18); 292(465.99); 293(536.27); 294(272.52); 295(828.85); 296(21.72); 297(514.16); 298(969.0); 299(530.97); 300(972.92); 301(411.77); 302(248.35); 303(665.6); 304(562.73); 305(929.47); 306(982.15); 307(813.56); 308(714.07); 309(153.62); 310(278.35); 311(625.68); 312(46.84); 313(281.06); 314(605.32); 315(476.37); 316(477.7); 317(646.51); 318(94.09); 319(402.8); 320(646.04); 321(507.63); 322(955.03); 323(857.19); 324(273.66); 325(710.54); 326(727.28); 327(323.85); 328(834.49); 329(405.05); 330(519.33); 331(319.81); 332(193.04); 333(808.4); 334(994.32); 335(97.9); 336(602.01); 337(325.9); 338(808.83); 339(159.5); 340(486.01); 341(230.21); 342(724.0); 343(780.13); 344(619.85); 345(721.85); 346(658.31); 347(43.1); 348(761.14); 349(503.19); 350(88.57); 351(554.5); 352(76.34); 353(222.25); 354(885.52); 355(67.8); 356(349.95); 357(924.6); 358(923.06); 359(366.94); 360(1.08); 361(176.94); 362(191.98); 363(995.4); 364(366.86); 365(778.11); 366(143.52); 367(531.8); 368(986.99); 369(309.01); 370(899.97); 371(896.68); 372(441.34); 373(503.08); 374(882.35); 375(840.19); 376(161.04); 377(332.16); 378(549.32); 379(188.64); 380(559.36); 381(109.91); 382(587.72); 383(882.42); 384(121.53); 385(234.91); 386(586.51); 387(511.78); 388(920.05); 389(653.21); 390(69.89); 391(161.22); 392(365.16); 393(65.42); 394(262.58); 395(879.75); 396(91.18); 397(565.65); 398(67.11); 399(428.16); 400(232.42); 401(454.48); 402(496.75); 403(786.21); 404(489.6); 405(266.25); 406(531.66); 407(117.57); 408(430.48); 409(658.41); 410(997.3); 411(592.92); 412(842.38); 413(935.96); 414(452.22); 415(989.67); 416(611.26); 417(353.38); 418(127.3); 419(851.19); 420(143.28); 421(160.79); 422(431.85); 423(880.91); 424(290.14); 426(44.62); 427(725.82); 428(844.98); 429(151.69); 430(656.14); 431(972.84); 432(523.57); 433(119.99); 434(248.21); 435(924.88); 436(728.77); 437(572.37); 438(356.34); 439(626.16); 440(479.71); 441(836.78); 442(345.4); 443(929.91); 444(608.63); 445(496.25); 446(574.74); 447(245.47); 448(477.09); 449(708.43); 450(514.8); 451(135.82); 452(684.0); 453(741.17); 454(740.63); 455(733.51); 456(251.8); 457(253.5); 458(319.57); 459(275.97); 460(230.27); 461(625.09); 462(532.05); 463(35.36); 464(418.47); 465(963.05); 466(961.13); 467(479.79); 468(302.76); 469(676.68); 470(304.56); 471(750.28); 472(271.23); 473(299.3); 474(998.04); 475(852.19); 476(545.7); 477(57.67); 478(181.76); 479(96.01); 480(76.62); 481(992.47); 482(806.9); 483(712.46); 484(936.06); 485(895.33); 486(677.8); 487(940.32); 488(646.7); 489(701.48); 490(482.92); 491(279.54); 492(974.74); 493(14.35); 494(62.58); 495(861.39); 496(28.51); 497(156.81); 498(426.72); 499(385.25),1
426,0(208.57); 1(357.77); 2(89.32); 3(830.14); 4(817.14); 5(779.61); 6(633.46); 7(195.38); 8(803.24); 9(901.39); 10(346.77); 11(485.34); 12(257.93); 13(915.12); 14(153.27); 15(646.15); 16(673.3); 17(644.56); 18(201.33); 19(122.41); 20(718.14); 21(138.98); 22(924.06); 23(29.04); 24(591.07); 25(588.46); 26(447.97); 27(212.23); 28(141.3); 29(504.31); 30(964.95); 31(365.31); 32(102.54); 33(322.82); 34(524.35); 35(508.8); 36(575.38); 37(969.97); 38(199.37); 39(831.39); 40(663.23); 41(955.64); 42(95.33); 43(266.12); 44(557.1); 45(689.62); 46(225.07); 47(448.0); 48(980.09); 49(984.53); 50(756.64); 51(25.41); 52(478.61); 53(835.11); 54(848.69); 55(13.5); 56(604.82); 57(336.6); 58(988.63); 59(145.04); 60(709.62); 61(269.81); 62(806.55); 63(102.83); 64(432.85); 65(572.47); 66(66.85); 67(666.99); 68(473.51); 69(378.38); 70(719.7); 71(576.7); 72(494.41); 73(412.73); 74(201.28); 75(702.6); 76(71.39); 77(369.93); 78(762.42); 79(808.09); 80(357.69); 81(774.15); 82(351.99); 83(751.89); 84(807.23); 85(204.9); 86(411.46); 87(441.19); 88(325.95); 89(887.88); 90(187.03); 91(36.43); 92(788.82); 93(515.25); 94(887.87); 95(788.17); 96(261.22); 97(208.3); 98(550.97); 99(768.02); 100(314.6); 101(158.92); 102(578.49); 103(475.84); 104(557.78); 105(645.21); 106(830.96); 107(257.44); 108(629.51); 109(848.69); 110(130.11); 111(917.96); 112(950.06); 113(880.85); 114(513.28); 115(678.31); 116(364.94); 117(482.99); 118(994.62); 119(930.5); 120(676.24); 121(820.63); 122(973.27); 123(118.42); 124(523.3); 125(306.64); 126(599.31); 127(43.07); 128(880.98); 129(696.39); 130(715.19); 131(321.72); 132(111.6); 133(640.9); 134(256.78); 135(621.15); 136(684.18); 137(987.87); 138(659.65); 139(397.54); 140(5.08); 141(410.42); 142(88.89); 143(65.53); 144(110.43); 145(565.75); 146(527.91); 147(531.63); 148(744.23); 149(321.96); 150(158.32); 151(460.21); 152(75.56); 153(30.58); 154(806.99); 155(104.13); 156(543.0); 157(190.2); 158(352.4); 159(606.42); 160(883.14); 161(619.66); 162(35.24); 163(857.38); 164(521.74); 165(449.64); 166(312.8); 167(879.61); 168(393.47); 169(35.29); 170(931.7); 171(611.57); 172(308.03); 173(354.54); 174(421.36); 175(522.7); 176(94.76); 177(604.0); 178(493.53); 179(630.68); 180(534.46); 181(209.96); 182(899.24); 183(543.01); 184(829.46); 185(691.05); 186(51.49); 187(850.82); 188(98.23); 189(253.61); 190(453.6); 191(739.87); 192(309.99); 193(707.12); 194(141.57); 195(751.6); 196(247.55); 197(137.5); 198(55.82); 199(936.47); 200(980.19); 201(328.37); 202(368.95); 203(639.1); 204(880.11); 205(350.17); 206(274.47); 207(200.54); 208(830.82); 209(205.69); 210(492.14); 211(395.33); 212(85.7); 213(938.12); 214(323.16); 215(212.73); 216(733.89); 217(592.56); 218(128.36); 219(206.15); 220(469.62); 221(588.92); 222(783.05); 223(208.4); 224(269.06); 225(857.13); 226(325.87); 227(221.82); 228(628.45); 229(128.23); 230(144.08); 231(666.15); 232(831.97); 233(463.01); 234(926.38); 235(715.19); 236(692.08); 237(286.64); 238(734.71); 239(394.57); 240(565.04); 241(498.55); 242(967.47); 243(601.72); 244(84.85); 245(286.13); 246(397.04); 247(66.29); 248(931.2); 249(37.05); 250(690.95); 251(424.14); 252(69.59); 253(585.35); 254(816.4); 255(902.19); 256(883.37); 257(782.09); 258(233.53); 259(925.73); 260(145.89); 261(147.17); 262(705.09); 263(408.64); 264(179.14); 265(891.61); 266(718.92); 267(286.08); 268(750.94); 269(668.61); 270(352.2); 271(287.43); 272(888.59); 273(672.37); 274(321.21); 275(821.89); 276(828.45); 277(357.74); 278(508.85); 279(968.66); 280(665.68); 281(386.21); 282(689.96); 283(778.32); 284(183.37); 285(930.36); 286(944.4); 287(811.51); 288(846.48); 289(269.76); 290(100.83); 291(750.74); 292(362.37); 293(466.7); 294(389.24); 295(581.85); 296(4.61); 297(934.4); 298(98.62); 299(580.42); 300(610.0); 301(904.88); 302(500.14); 303(19.19); 304(298.95); 305(256.42); 306(171.6); 307(833.76); 308(602.91); 309(724.55); 310(353.86); 311(181.35); 312(811.72); 313(137.3); 314(310.24); 315(787.83); 316(935.26); 317(923.04); 318(438.28); 319(228.68); 320(614.27); 321(881.54); 322(770.45); 323(435.74); 324(57.4); 325(685.15); 326(389.8); 327(892.64); 328(814.11); 329(822.37); 330(724.88); 331(555.89); 332(667.77); 333(457.31); 334(526.59); 335(866.82); 336(234.44); 337(701.6); 338(315.01); 339(169.97); 340(21.45); 341(201.5); 342(182.67); 343(524.21); 344(812.8); 345(612.27); 346(825.99); 347(179.17); 348(960.84); 349(871.54); 350(430.48); 351(167.77); 352(234.38); 353(233.14); 354(209.52); 355(506.83); 356(70.04); 357(165.95); 358(409.55); 359(154.87); 360(981.55); 361(974.64); 362(235.54); 363(952.46); 364(118.78); 365(459.58); 366(868.32); 367(587.63); 368(379.47); 369(904.97); 370(964.84); 371(677.43); 372(594.35); 373(520.17); 374(643.44); 375(124.04); 376(550.98); 377(487.24); 378(867.27); 379(944.6); 380(630.56); 381(396.57); 382(619.06); 383(429.43); 384(708.33); 385(825.83); 386(433.28); 387(51.16); 388(831.33); 389(481.11); 390(786.8); 391(789.88); 392(281.7); 393(523.19); 394(181.65); 395(372.56); 396(94.31); 397(76.99); 398(721.06); 399(964.85); 400(222.78); 401(507.95); 402(398.72); 403(434.28); 404(381.12); 405(535.96); 406(372.58); 407(612.72); 408(443.64); 409(777.08); 410(605.02); 411(952.93); 412(14.6); 413(652.67); 414(565.2); 415(244.75); 416(565.57); 417(951.97); 418(543.09); 419(819.4); 420(239.66); 421(159.3); 422(992.87); 423(536.07); 424(942.19); 425(44.62); 427(856.86); 428(258.47); 429(321.57); 430(595.86); 431(768.6); 432(544.17); 433(799.29); 434(510.27); 435(779.49); 436(563.84); 437(32.35); 438(822.26); 439(301.05); 440(152.81); 441(562.54); 442(817.56); 443(47.6); 444(951.32); 445(669.31); 446(574.47); 447(574.92); 448(483.66); 449(715.59); 450(275.65); 451(862.6); 452(764.2); 453(826.01); 454(887.11); 455(311.09); 456(752.43); 457(879.13); 458(878.86); 459(264.08); 460(429.23); 461(113.01); 462(602.66); 463(842.28); 464(895.42); 465(355.17); 466(334.84); 467(293.65); 468(778.54); 469(577.71); 470(950.32); 471(779.76); 472(993.38); 473(142.68); 474(43.69); 475(629.67); 476(857.83); 477(990.56); 478(582.86); 479(197.76); 480(16.68); 481(868.76); 482(520.73); 483(991.67); 484(695.8); 485(735.99); 486(220.03); 487(944.12); 488(998.36); 489(885.4); 490(218.54); 491(613.75); 492(188.23); 493(871.71); 494(800.88); 495(506.87); 496(416.14); 497(887.02); 498(288.78); 499(323.26),1
427,0(754.03); 1(288.38); 2(439.98); 3(985.27); 4(419.29); 5(995.8); 6(576.95); 7(364.75); 8(252.66); 9(537.54); 10(220.54); 11(89.56); 12(385.09); 13(273.57); 14(587.62); 15(676.73); 16(241.05); 17(13.92); 18(546.1); 19(241.03); 20(216.21); 21(334.18); 22(911.56); 23(982.75); 24(446.24); 25(502.62); 26(488.47); 27(961.67); 28(819.42); 29(718.06); 30(351.84); 31(414.11); 32(606.72); 33(760.33); 34(327.28); 35(567.41); 36(745.4); 37(397.55); 38(647.85); 39(115.67); 40(37.27); 41(432.43); 42(182.35); 43(283.11); 44(887.43); 45(294.93); 46(242.81); 47(358.91); 48(458.63); 49(982.96); 50(444.75); 51(117.46); 52(504.55); 53(675.23); 54(526.73); 55(984.08); 56(224.63); 57(420.28); 58(894.47); 59(581.62); 60(649.24); 61(80.48); 62(244.19); 63(486.12); 64(405.41); 65(569.54); 66(151.04); 67(439.78); 68(331.09); 69(831.17); 70(516.51); 71(860.29); 72(80.72); 73(783.22); 74(892.27); 75(364.51); 76(969.96); 77(102.57); 78(304.07); 79(476.43); 80(76.67); 81(42.4); 82(610.51); 83(20.77); 84(828.01); 85(240.58); 86(661.15); 87(933.0); 88(234.81); 89(227.55); 90(68.02); 91(818.3); 92(544.36); 93(658.71); 94(515.33); 95(231.27); 96(578.81); 97(152.1); 98(705.46); 99(749.74); 100(878.8); 101(881.96); 102(347.18); 103(917.85); 104(469.49); 105(958.58); 106(798.54); 107(625.98); 108(263.61); 109(732.9); 110(541.71); 111(650.24); 112(911.3); 113(902.9); 114(419.57); 115(486.51); 116(168.35); 117(757.75); 118(894.06); 119(141.57); 120(873.41); 121(833.16); 122(446.13); 123(594.97); 124(93.61); 125(798.35); 126(797.54); 127(393.5); 128(639.04); 129(657.67); 130(75.96); 131(505.12); 132(468.52); 133(646.72); 134(740.12); 135(846.62); 136(596.38); 137(679.22); 138(115.27); 139(800.58); 140(463.6); 141(64.59); 142(615.8); 143(507.61); 144(583.54); 145(271.86); 146(186.57); 147(125.02); 148(141.74); 149(670.92); 150(748.09); 151(354.97); 152(62.46); 153(153.73); 154(475.54); 155(113.57); 156(263.02); 157(910.57); 158(370.78); 159(582.85); 160(311.58); 161(157.3); 162(846.32); 163(90.36); 164(389.5); 165(7.07); 166(50.65); 167(926.16); 168(596.77); 169(180.94); 170(83.67); 171(285.72); 172(860.13); 173(662.05); 174(81.81); 175(312.61); 176(923.84); 177(972.01); 178(454.75); 179(559.93); 180(757.17); 181(27.87); 182(723.47); 183(613.79); 184(619.31); 185(963.58); 186(986.46); 187(25.85); 188(590.6); 189(86.6); 190(798.67); 191(559.72); 192(509.14); 193(371.84); 194(621.76); 195(507.46); 196(908.41); 197(862.19); 198(721.0); 199(855.51); 200(693.24); 201(28.08); 202(18.57); 203(999.76); 204(258.97); 205(325.45); 206(498.1); 207(27.37); 208(818.6); 209(3.69); 210(963.42); 211(162.69); 212(12.69); 213(915.59); 214(736.12); 215(504.8); 216(820.19); 217(468.75); 218(805.4); 219(43.25); 220(128.15); 221(591.49); 222(47.83); 223(607.64); 224(842.57); 225(270.56); 226(463.24); 227(133.78); 228(459.22); 229(886.09); 230(530.83); 231(688.97); 232(395.58); 233(84.66); 234(461.64); 235(611.22); 236(173.67); 237(125.64); 238(455.7); 239(347.14); 240(780.23); 241(598.97); 242(550.91); 243(691.89); 244(958.84); 245(860.38); 246(920.44); 247(295.21); 248(140.83); 249(443.67); 250(227.9); 251(273.79); 252(850.07); 253(173.56); 254(523.15); 255(457.97); 256(362.61); 257(723.36); 258(722.94); 259(551.83); 260(126.57); 261(699.61); 262(169.12); 263(616.36); 264(151.8); 265(547.3); 266(903.69); 267(894.95); 268(852.13); 269(186.71); 270(770.9); 271(839.62); 272(340.4); 273(157.15); 274(949.29); 275(539.37); 276(218.79); 277(253.6); 278(354.26); 279(520.94); 280(923.46); 281(252.37); 282(942.17); 283(171.36); 284(999.55); 285(441.73); 286(397.32); 287(321.15); 288(274.71); 289(25.89); 290(911.75); 291(317.69); 292(22.97); 293(764.48); 294(813.94); 295(930.63); 296(167.65); 297(918.2); 298(56.66); 299(375.45); 300(374.72); 301(204.99); 302(653.37); 303(676.45); 304(799.72); 305(468.3); 306(250.56); 307(480.37); 308(3.16); 309(818.75); 310(349.05); 311(679.34); 312(46.58); 313(795.09); 314(326.04); 315(807.94); 316(878.33); 317(940.44); 318(631.37); 319(714.69); 320(572.27); 321(969.46); 322(263.41); 323(840.67); 324(55.96); 325(188.41); 326(307.97); 327(676.0); 328(920.8); 329(918.23); 330(888.97); 331(684.92); 332(40.44); 333(715.07); 334(596.9); 335(272.08); 336(233.95); 337(438.92); 338(890.24); 339(81.31); 340(181.78); 341(293.74); 342(226.47); 343(320.04); 344(577.62); 345(910.77); 346(349.65); 347(497.2); 348(481.29); 349(733.6); 350(224.52); 351(573.91); 352(537.96); 353(227.94); 354(366.72); 355(254.25); 356(969.42); 357(246.3); 358(212.62); 359(507.5); 360(462.45); 361(593.46); 362(588.77); 363(759.06); 364(970.36); 365(494.93); 366(107.58); 367(271.22); 368(371.65); 369(388.05); 370(143.21); 371(326.74); 372(637.66); 373(523.24); 374(684.66); 375(599.21); 376(898.01); 377(254.34); 378(596.51); 379(190.1); 380(46.55); 381(407.68); 382(78.78); 383(473.89); 384(155.25); 385(945.19); 386(9.22); 387(285.16); 388(622.12); 389(590.24); 390(845.75); 391(246.58); 392(646.75); 393(332.9); 394(837.17); 395(948.12); 396(539.65); 397(683.06); 398(833.03); 399(94.07); 400(512.9); 401(437.98); 402(722.03); 403(537.78); 404(783.4); 405(421.51); 406(138.9); 407(352.54); 408(48.82); 409(585.94); 410(412.34); 411(393.17); 412(500.98); 413(20.3); 414(584.22); 415(264.74); 416(480.28); 417(457.72); 418(75.58); 419(605.15); 420(405.21); 421(770.92); 422(136.2); 423(987.64); 424(34.71); 425(725.82); 426(856.86); 428(256.83); 429(590.06); 430(942.48); 431(39.88); 432(23.71); 433(611.27); 434(441.21); 435(692.39); 436(619.78); 437(525.35); 438(775.16); 439(152.16); 440(949.35); 441(387.37); 442(128.47); 443(385.63); 444(580.42); 445(585.59); 446(679.51); 447(8.67); 448(690.74); 449(545.52); 450(532.6); 451(101.22); 452(284.75); 453(877.62); 454(24.96); 455(918.08); 456(75.85); 457(45.95); 458(66.13); 459(64.26); 460(421.79); 461(221.0); 462(596.03); 463(662.17); 464(780.83); 465(347.8); 466(624.28); 467(518.34); 468(507.92); 469(243.76); 470(164.94); 471(552.0); 472(57.03); 473(253.87); 474(813.39); 475(451.42); 476(132.86); 477(494.95); 478(604.32); 479(416.82); 480(933.28); 481(320.17); 482(4.23); 483(320.67); 484(675.87); 485(493.4); 486(801.99); 487(47.92); 488(317.62); 489(627.22); 490(532.66); 491(624.8); 492(148.94); 493(171.7); 494(433.75); 495(67.68); 496(362.53); 497(457.72); 498(110.41); 499(294.46),1
428,0(688.96); 1(949.45); 2(564.28); 3(617.26); 4(783.89); 5(783.58); 6(322.84); 7(169.81); 8(250.28); 9(184.26); 10(438.58); 11(691.49); 12(839.1); 13(598.84); 14(769.14); 15(39.44); 16(501.91); 17(182.57); 18(316.36); 19(544.67); 20(528.69); 21(671.5); 22(849.04); 23(26.06); 24(719.71); 25(446.41); 26(158.24); 27(172.42); 28(291.44); 29(458.02); 30(755.71); 31(627.64); 32(108.23); 33(362.99); 34(275.96); 35(383.89); 36(305.78); 37(377.66); 38(85.19); 39(295.34); 40(428.91); 41(293.19); 42(617.43); 43(979.41); 44(801.78); 45(76.87); 46(231.03); 47(560.38); 48(88.65); 49(247.14); 50(404.89); 51(525.47); 52(215.86); 53(215.25); 54(663.49); 55(262.73); 56(580.47); 57(631.22); 58(41.83); 59(338.97); 60(565.74); 61(43.95); 62(798.86); 63(235.08); 64(316.5); 65(361.97); 66(500.31); 67(16.87); 68(506.63); 69(976.71); 70(495.18); 71(811.61); 72(320.61); 73(619.88); 74(277.24); 75(99.49); 76(844.8); 77(173.82); 78(636.33); 79(293.08); 80(300.12); 81(541.38); 82(475.2); 83(497.01); 84(865.97); 85(264.87); 86(126.45); 87(703.08); 88(930.67); 89(22.71); 90(203.12); 91(804.99); 92(825.54); 93(425.36); 94(491.95); 95(221.4); 96(796.27); 97(979.54); 98(184.84); 99(397.15); 100(278.6); 101(471.41); 102(577.82); 103(540.24); 104(805.57); 105(122.41); 106(549.17); 107(801.68); 108(210.33); 109(425.62); 110(737.1); 111(569.7); 112(817.44); 113(40.09); 114(158.95); 115(141.17); 116(208.68); 117(409.62); 118(262.16); 119(680.99); 120(546.36); 121(38.13); 122(336.3); 123(613.49); 124(427.59); 125(277.55); 126(29.79); 127(88.18); 128(731.39); 129(271.45); 130(358.15); 131(661.74); 132(759.79); 133(44.67); 134(492.26); 135(312.43); 136(914.09); 137(878.95); 138(330.46); 139(478.93); 140(599.93); 141(178.71); 142(810.28); 143(438.91); 144(846.07); 145(262.96); 146(399.44); 147(816.85); 148(573.19); 149(39.71); 150(263.57); 151(203.61); 152(0.49); 153(289.01); 154(183.64); 155(85.57); 156(694.58); 157(353.18); 158(779.2); 159(631.09); 160(711.5); 161(300.19); 162(265.75); 163(85.55); 164(442.24); 165(391.26); 166(282.37); 167(785.76); 168(447.91); 169(991.2); 170(966.62); 171(718.49); 172(899.15); 173(204.23); 174(12.86); 175(364.89); 176(199.67); 177(578.96); 178(742.12); 179(122.69); 180(480.82); 181(166.81); 182(414.77); 183(935.99); 184(237.9); 185(869.1); 186(269.72); 187(21.8); 188(620.39); 189(813.21); 190(504.93); 191(553.03); 192(865.34); 193(772.82); 194(489.46); 195(770.8); 196(315.75); 197(53.42); 198(845.9); 199(364.64); 200(198.43); 201(392.91); 202(923.77); 203(743.1); 204(931.82); 205(272.58); 206(135.56); 207(525.23); 208(304.8); 209(903.37); 210(448.04); 211(396.63); 212(37.13); 213(801.57); 214(10.64); 215(147.1); 216(793.57); 217(163.6); 218(574.17); 219(178.18); 220(186.15); 221(572.92); 222(668.21); 223(821.34); 224(83.7); 225(512.95); 226(768.83); 227(169.85); 228(695.34); 229(986.62); 230(759.88); 231(566.2); 232(291.09); 233(87.54); 234(584.48); 235(617.08); 236(861.85); 237(359.67); 238(922.89); 239(715.38); 240(834.47); 241(887.91); 242(232.7); 243(29.31); 244(68.42); 245(379.35); 246(361.0); 247(361.2); 248(638.47); 249(944.02); 250(608.92); 251(446.4); 252(392.32); 253(446.99); 254(367.15); 255(969.26); 256(508.99); 257(270.82); 258(332.63); 259(180.38); 260(161.14); 261(657.31); 262(685.41); 263(776.92); 264(529.01); 265(651.17); 266(136.94); 267(637.16); 268(958.86); 269(123.54); 270(423.35); 271(594.23); 272(924.26); 273(631.73); 274(812.61); 275(998.15); 276(334.97); 277(71.21); 278(467.52); 279(770.77); 280(157.39); 281(186.1); 282(988.79); 283(626.91); 284(429.94); 285(371.52); 286(869.3); 287(121.66); 288(489.03); 289(402.11); 290(218.27); 291(42.0); 292(370.25); 293(25.24); 294(377.94); 295(595.15); 296(777.87); 297(226.26); 298(66.9); 299(411.86); 300(890.63); 301(17.64); 302(54.93); 303(80.71); 304(243.93); 305(704.05); 306(67.46); 307(245.02); 308(330.47); 309(630.73); 310(6.15); 311(275.07); 312(333.42); 313(70.98); 314(117.69); 315(230.62); 316(44.28); 317(948.82); 318(813.99); 319(121.78); 320(508.43); 321(884.0); 322(463.98); 323(78.62); 324(225.22); 325(192.57); 326(775.88); 327(51.79); 328(732.7); 329(144.21); 330(906.57); 331(854.09); 332(413.41); 333(464.15); 334(665.88); 335(551.95); 336(437.13); 337(731.18); 338(870.04); 339(182.22); 340(595.05); 341(862.44); 342(830.12); 343(986.81); 344(235.63); 345(367.04); 346(712.88); 347(517.49); 348(730.7); 349(639.02); 350(232.55); 351(941.85); 352(745.5); 353(432.15); 354(466.01); 355(38.64); 356(905.34); 357(401.04); 358(166.61); 359(637.19); 360(811.76); 361(46.14); 362(53.12); 363(685.63); 364(427.74); 365(321.14); 366(924.29); 367(937.95); 368(474.24); 369(5.43); 370(949.53); 371(790.53); 372(257.09); 373(653.86); 374(310.33); 375(167.56); 376(472.34); 377(144.45); 378(23.03); 379(230.15); 380(660.71); 381(171.74); 382(605.84); 383(316.53); 384(230.75); 385(655.92); 386(977.94); 387(114.84); 388(40.31); 389(130.96); 390(753.97); 391(387.47); 392(550.66); 393(805.78); 394(705.48); 395(431.73); 396(767.58); 397(436.86); 398(294.64); 399(301.68); 400(135.85); 401(86.85); 402(510.4); 403(214.82); 404(567.54); 405(515.85); 406(654.9); 407(820.0); 408(634.97); 409(550.97); 410(277.98); 411(31.76); 412(652.57); 413(578.77); 414(720.9); 415(978.77); 416(427.85); 417(78.79); 418(912.98); 419(890.38); 420(205.05); 421(563.9); 422(858.07); 423(406.22); 424(974.59); 425(844.98); 426(258.47); 427(256.83); 429(643.15); 430(526.58); 431(398.75); 432(670.47); 433(879.78); 434(218.53); 435(350.71); 436(211.69); 437(424.53); 438(977.7); 439(982.88); 440(86.23); 441(310.46); 442(41.83); 443(427.68); 444(492.38); 445(729.04); 446(467.84); 447(953.33); 448(961.8); 449(886.85); 450(919.12); 451(39.94); 452(960.87); 453(654.76); 454(213.01); 455(759.38); 456(675.1); 457(591.96); 458(952.04); 459(141.11); 460(753.84); 461(270.4); 462(682.33); 463(296.86); 464(479.01); 465(65.48); 466(288.61); 467(264.93); 468(216.31); 469(332.3); 470(990.93); 471(76.2); 472(302.48); 473(486.04); 474(909.28); 475(842.09); 476(914.28); 477(82.03); 478(256.86); 479(440.79); 480(413.17); 481(781.38); 482(443.44); 483(410.27); 484(24.03); 485(84.57); 486(690.1); 487(809.99); 488(110.44); 489(111.56); 490(967.15); 491(314.31); 492(100.1); 493(360.56); 494(359.59); 495(896.82); 496(648.12); 497(248.19); 498(55.92); 499(155.47),1
429,0(604.91); 1(538.95); 2(27.19); 3(301.51); 4(165.02); 5(295.48); 6(405.99); 7(720.87); 8(295.77); 9(772.08); 10(923.89); 11(438.78); 12(956.8); 13(324.72); 14(832.41); 15(531.48); 16(810.26); 17(375.03); 18(287.36); 19(612.16); 20(101.16); 21(966.87); 22(672.19); 23(59.3); 24(428.65); 25(914.19); 26(394.28); 27(438.9); 28(502.96); 29(116.96); 30(201.83); 31(825.89); 32(155.22); 33(129.76); 34(82.93); 35(916.93); 36(784.23); 37(734.87); 38(926.07); 39(56.24); 40(537.36); 41(791.86); 42(329.69); 43(788.64); 44(100.82); 45(722.2); 46(182.41); 47(308.85); 48(773.41); 49(481.79); 50(686.92); 51(810.45); 52(330.29); 53(483.6); 54(683.85); 55(32.4); 56(935.0); 57(83.72); 58(240.41); 59(899.3); 60(432.25); 61(849.22); 62(371.35); 63(528.66); 64(368.88); 65(347.69); 66(478.93); 67(100.91); 68(859.52); 69(435.78); 70(109.16); 71(696.52); 72(729.39); 73(789.08); 74(151.9); 75(535.89); 76(879.18); 77(549.79); 78(889.36); 79(599.77); 80(433.62); 81(930.32); 82(851.17); 83(709.58); 84(283.42); 85(197.29); 86(78.73); 87(854.38); 88(243.18); 89(290.47); 90(600.36); 91(174.33); 92(443.94); 93(752.91); 94(663.27); 95(424.77); 96(43.71); 97(901.01); 98(445.25); 99(319.95); 100(679.23); 101(709.05); 102(69.12); 103(729.03); 104(624.76); 105(907.65); 106(700.4); 107(626.85); 108(665.84); 109(554.36); 110(393.93); 111(422.25); 112(442.48); 113(710.09); 114(821.05); 115(139.59); 116(948.5); 117(696.38); 118(247.0); 119(574.33); 120(900.01); 121(934.56); 122(870.36); 123(78.26); 124(17.74); 125(742.54); 126(519.87); 127(686.8); 128(244.69); 129(125.88); 130(980.75); 131(633.64); 132(874.7); 133(543.11); 134(455.61); 135(243.98); 136(530.31); 137(140.65); 138(98.57); 139(904.08); 140(757.35); 141(565.51); 142(658.03); 143(208.91); 144(646.29); 145(252.66); 146(568.2); 147(767.66); 148(700.86); 149(219.08); 150(257.34); 151(570.73); 152(911.74); 153(947.03); 154(18.95); 155(662.9); 156(402.5); 157(137.89); 158(472.8); 159(691.85); 160(432.36); 161(631.07); 162(460.5); 163(472.92); 164(659.58); 165(591.34); 166(943.71); 167(501.14); 168(236.6); 169(815.37); 170(651.95); 171(403.86); 172(681.04); 173(773.45); 174(379.75); 175(710.77); 176(884.44); 177(461.76); 178(955.59); 179(51.57); 180(22.93); 181(305.96); 182(526.55); 183(173.42); 184(460.61); 185(788.47); 186(675.75); 187(662.59); 188(388.57); 189(65.54); 190(368.54); 191(552.13); 192(43.57); 193(753.4); 194(65.22); 195(816.03); 196(473.98); 197(347.98); 198(638.96); 199(591.8); 200(171.38); 201(147.03); 202(272.57); 203(307.31); 204(74.93); 205(452.13); 206(40.77); 207(556.77); 208(148.41); 209(47.48); 210(132.39); 211(389.44); 212(397.15); 213(234.24); 214(759.76); 215(462.06); 216(326.87); 217(658.14); 218(530.31); 219(299.78); 220(755.28); 221(519.66); 222(922.46); 223(957.35); 224(893.36); 225(435.01); 226(806.32); 227(967.02); 228(140.95); 229(176.14); 230(553.66); 231(77.08); 232(266.11); 233(410.26); 234(120.48); 235(147.8); 236(956.88); 237(151.3); 238(956.53); 239(751.45); 240(584.85); 241(24.38); 242(543.76); 243(316.77); 244(645.95); 245(425.4); 246(894.47); 247(380.59); 248(492.69); 249(889.06); 250(274.22); 251(543.8); 252(483.61); 253(417.31); 254(538.07); 255(617.48); 256(596.58); 257(414.25); 258(873.47); 259(604.71); 260(295.13); 261(443.8); 262(461.35); 263(286.83); 264(254.87); 265(56.53); 266(901.04); 267(934.41); 268(922.57); 269(791.08); 270(104.61); 271(276.51); 272(18.66); 273(915.89); 274(551.68); 275(993.49); 276(824.01); 277(922.01); 278(557.63); 279(618.7); 280(572.37); 281(98.63); 282(931.51); 283(801.92); 284(848.54); 285(367.62); 286(714.58); 287(182.91); 288(565.48); 289(537.56); 290(469.97); 291(878.66); 292(794.2); 293(906.47); 294(978.49); 295(768.65); 296(687.96); 297(29.68); 298(362.86); 299(987.83); 300(790.64); 301(255.94); 302(217.39); 303(472.35); 304(65.53); 305(130.36); 306(424.38); 307(318.27); 308(391.45); 309(575.1); 310(376.9); 311(379.37); 312(724.51); 313(91.58); 314(673.11); 315(516.34); 316(42.53); 317(290.97); 318(890.3); 319(79.47); 320(850.6); 321(187.18); 322(921.97); 323(761.44); 324(237.47); 325(175.18); 326(217.86); 327(957.4); 328(273.37); 329(83.81); 330(731.09); 331(104.44); 332(554.26); 333(8.5); 334(883.27); 335(324.05); 336(115.98); 337(274.92); 338(264.07); 339(46.22); 340(292.2); 341(811.91); 342(510.47); 343(703.78); 344(896.29); 345(395.77); 346(747.91); 347(440.42); 348(341.85); 349(716.24); 350(126.86); 351(745.04); 352(39.09); 353(139.24); 354(563.81); 355(921.54); 356(438.58); 357(705.07); 358(428.7); 359(563.7); 360(969.12); 361(859.34); 362(874.68); 363(666.43); 364(281.34); 365(882.6); 366(338.38); 367(106.84); 368(575.43); 369(394.74); 370(923.97); 371(98.94); 372(503.99); 373(232.78); 374(415.49); 375(227.74); 376(645.82); 377(669.12); 378(622.07); 379(360.63); 380(336.63); 381(184.62); 382(740.81); 383(116.39); 384(452.31); 385(634.04); 386(168.19); 387(944.07); 388(978.18); 389(172.35); 390(39.16); 391(841.65); 392(594.07); 393(663.75); 394(464.87); 395(188.56); 396(361.15); 397(8.45); 398(265.06); 399(751.95); 400(273.47); 401(122.92); 402(779.14); 403(803.05); 404(99.28); 405(360.14); 406(606.24); 407(950.77); 408(604.46); 409(254.73); 410(253.23); 411(657.66); 412(632.59); 413(296.91); 414(229.92); 415(593.8); 416(693.34); 417(408.23); 418(114.45); 419(653.78); 420(26.82); 421(931.61); 422(407.66); 423(3.82); 424(164.39); 425(151.69); 426(321.57); 427(590.06); 428(643.15); 430(603.05); 431(157.86); 432(780.58); 433(644.64); 434(88.37); 435(861.44); 436(410.6); 437(68.08); 438(625.32); 439(101.85); 440(717.79); 441(629.9); 442(634.63); 443(390.21); 444(210.21); 445(134.4); 446(422.3); 447(267.2); 448(608.37); 449(256.71); 450(967.11); 451(988.45); 452(622.01); 453(113.07); 454(966.23); 455(374.48); 456(418.96); 457(989.1); 458(50.32); 459(677.2); 460(593.55); 461(339.99); 462(384.41); 463(49.16); 464(451.51); 465(31.59); 466(832.08); 467(352.1); 468(840.49); 469(91.55); 470(954.55); 471(749.02); 472(640.12); 473(376.66); 474(654.93); 475(170.55); 476(885.68); 477(822.63); 478(773.86); 479(309.14); 480(739.83); 481(883.37); 482(492.6); 483(820.07); 484(750.05); 485(918.02); 486(843.95); 487(709.92); 488(13.2); 489(646.99); 490(546.61); 491(883.19); 492(409.52); 493(789.63); 494(696.93); 495(389.18); 496(496.88); 497(227.41); 498(920.03); 499(734.24),1
430,0(458.5); 1(825.3); 2(314.8); 3(21.2); 4(474.25); 5(431.15); 6(817.48); 7(136.42); 8(197.49); 9(852.89); 10(427.49); 11(719.83); 12(31.2); 13(634.99); 14(900.36); 15(973.89); 16(19.02); 17(24.43); 18(358.08); 19(433.36); 20(222.72); 21(379.34); 22(424.84); 23(705.61); 24(775.61); 25(776.37); 26(335.37); 27(673.72); 28(136.48); 29(773.1); 30(242.58); 31(712.21); 32(360.22); 33(388.96); 34(922.57); 35(557.72); 36(316.66); 37(169.08); 38(204.21); 39(169.84); 40(259.32); 41(444.14); 42(26.68); 43(852.24); 44(931.38); 45(578.01); 46(25.43); 47(271.26); 48(418.74); 49(33.5); 50(334.88); 51(159.39); 52(803.07); 53(601.08); 54(251.72); 55(62.34); 56(729.51); 57(449.68); 58(434.88); 59(960.98); 60(615.13); 61(681.01); 62(477.76); 63(62.77); 64(356.91); 65(546.22); 66(408.71); 67(535.27); 68(763.41); 69(656.57); 70(993.22); 71(127.71); 72(710.76); 73(930.98); 74(87.2); 75(740.96); 76(831.81); 77(353.81); 78(874.93); 79(566.44); 80(292.71); 81(934.78); 82(442.13); 83(675.81); 84(750.21); 85(375.16); 86(201.14); 87(204.24); 88(66.56); 89(896.85); 90(619.33); 91(378.65); 92(398.55); 93(526.9); 94(21.35); 95(927.54); 96(2.23); 97(461.69); 98(117.56); 99(937.85); 100(735.1); 101(39.48); 102(160.47); 103(733.9); 104(117.81); 105(479.7); 106(837.05); 107(460.18); 108(74.77); 109(195.79); 110(367.0); 111(883.22); 112(780.95); 113(770.51); 114(998.2); 115(693.49); 116(863.0); 117(788.87); 118(159.29); 119(612.88); 120(861.73); 121(635.27); 122(132.79); 123(159.03); 124(482.03); 125(365.21); 126(260.77); 127(691.49); 128(505.9); 129(9.81); 130(106.62); 131(756.54); 132(69.24); 133(78.55); 134(245.12); 135(838.91); 136(341.62); 137(444.37); 138(476.3); 139(107.73); 140(738.36); 141(775.82); 142(101.01); 143(597.53); 144(72.91); 145(841.53); 146(20.67); 147(411.55); 148(971.07); 149(3.13); 150(559.27); 151(822.85); 152(126.98); 153(892.07); 154(438.77); 155(431.9); 156(606.58); 157(433.68); 158(738.37); 159(828.43); 160(782.94); 161(892.84); 162(443.1); 163(139.34); 164(354.51); 165(216.84); 166(206.65); 167(504.19); 168(228.4); 169(713.32); 170(461.82); 171(836.81); 172(735.69); 173(441.92); 174(234.66); 175(323.34); 176(450.81); 177(540.52); 178(556.79); 179(17.94); 180(845.45); 181(333.37); 182(366.48); 183(302.93); 184(801.07); 185(719.93); 186(342.92); 187(209.72); 188(114.83); 189(642.9); 190(455.2); 191(176.87); 192(935.21); 193(336.21); 194(677.52); 195(407.4); 196(973.36); 197(748.72); 198(541.89); 199(740.93); 200(981.28); 201(46.94); 202(472.82); 203(673.3); 204(278.34); 205(671.47); 206(838.8); 207(905.22); 208(372.43); 209(160.1); 210(973.82); 211(17.65); 212(107.75); 213(580.42); 214(993.71); 215(984.74); 216(881.63); 217(953.44); 218(463.56); 219(233.04); 220(988.37); 221(799.4); 222(172.83); 223(807.24); 224(508.86); 225(702.82); 226(899.11); 227(445.09); 228(849.13); 229(400.7); 230(36.72); 231(719.77); 232(718.37); 233(697.91); 234(259.54); 235(228.37); 236(249.81); 237(464.78); 238(338.5); 239(267.93); 240(888.84); 241(681.07); 242(279.57); 243(221.05); 244(691.19); 245(819.16); 246(348.43); 247(850.86); 248(538.17); 249(271.93); 250(1.89); 251(514.98); 252(500.95); 253(922.65); 254(457.21); 255(205.31); 256(821.95); 257(977.96); 258(436.44); 259(631.96); 260(587.7); 261(817.97); 262(136.86); 263(651.18); 264(167.27); 265(840.43); 266(990.63); 267(339.4); 268(868.16); 269(342.24); 270(572.07); 271(161.42); 272(588.94); 273(843.89); 274(433.32); 275(937.78); 276(259.78); 277(852.9); 278(959.8); 279(514.91); 280(588.25); 281(319.58); 282(140.96); 283(960.94); 284(689.39); 285(36.84); 286(58.88); 287(249.42); 288(859.9); 289(1.66); 290(973.62); 291(429.96); 292(559.61); 293(742.62); 294(139.36); 295(790.06); 296(679.16); 297(819.82); 298(473.85); 299(773.58); 300(90.9); 301(828.75); 302(344.34); 303(686.89); 304(530.29); 305(749.18); 306(597.4); 307(900.98); 308(403.05); 309(61.0); 310(771.98); 311(110.56); 312(650.57); 313(434.98); 314(640.58); 315(915.36); 316(705.54); 317(909.21); 318(639.49); 319(412.1); 320(849.82); 321(771.21); 322(175.16); 323(76.43); 324(298.49); 325(201.85); 326(503.87); 327(762.78); 328(92.31); 329(618.06); 330(154.41); 331(854.3); 332(835.99); 333(91.09); 334(261.49); 335(908.85); 336(651.59); 337(673.89); 338(407.63); 339(383.22); 340(28.29); 341(71.94); 342(674.45); 343(743.56); 344(549.62); 345(926.21); 346(209.32); 347(448.09); 348(136.71); 349(30.48); 350(265.6); 351(911.48); 352(648.85); 353(286.09); 354(273.09); 355(653.7); 356(442.54); 357(567.42); 358(268.37); 359(388.95); 360(263.25); 361(960.94); 362(737.25); 363(941.8); 364(994.98); 365(21.31); 366(764.34); 367(846.55); 368(923.51); 369(73.38); 370(935.29); 371(631.7); 372(164.72); 373(175.69); 374(602.74); 375(686.68); 376(966.96); 377(61.15); 378(629.42); 379(950.07); 380(292.99); 381(903.63); 382(386.22); 383(101.32); 384(144.5); 385(159.47); 386(787.51); 387(542.04); 388(837.42); 389(332.33); 390(839.81); 391(484.92); 392(217.9); 393(677.6); 394(516.58); 395(683.98); 396(28.04); 397(40.63); 398(175.45); 399(852.65); 400(505.08); 401(376.86); 402(490.87); 403(345.12); 404(102.75); 405(524.39); 406(775.22); 407(929.65); 408(125.29); 409(373.47); 410(695.36); 411(152.93); 412(791.72); 413(982.07); 414(190.39); 415(603.3); 416(275.48); 417(807.41); 418(400.6); 419(422.8); 420(238.59); 421(218.68); 422(531.61); 423(378.01); 424(49.8); 425(656.14); 426(595.86); 427(942.48); 428(526.58); 429(603.05); 431(150.64); 432(394.49); 433(803.74); 434(42.07); 435(668.24); 436(892.6); 437(701.89); 438(705.5); 439(871.31); 440(170.4); 441(18.01); 442(383.54); 443(840.24); 444(837.56); 445(457.88); 446(406.41); 447(728.5); 448(803.07); 449(805.85); 450(671.49); 451(849.74); 452(866.64); 453(987.65); 454(147.24); 455(325.34); 456(991.65); 457(132.11); 458(120.95); 459(567.28); 460(845.62); 461(324.19); 462(614.11); 463(638.62); 464(250.3); 465(130.37); 466(927.11); 467(589.8); 468(426.08); 469(826.09); 470(412.55); 471(121.95); 472(943.39); 473(380.5); 474(368.85); 475(842.31); 476(198.81); 477(306.45); 478(289.96); 479(365.68); 480(336.8); 481(389.29); 482(205.91); 483(47.56); 484(282.57); 485(143.17); 486(597.92); 487(323.46); 488(627.35); 489(421.52); 490(582.79); 491(50.43); 492(93.95); 493(416.19); 494(694.29); 495(655.78); 496(767.24); 497(13.21); 498(139.03); 499(827.26),1
431,0(303.7); 1(68.43); 2(254.49); 3(24.73); 4(849.73); 5(640.12); 6(333.31); 7(417.98); 8(941.06); 9(222.64); 10(291.07); 11(595.01); 12(659.65); 13(323.24); 14(768.79); 15(954.46); 16(575.91); 17(579.09); 18(981.7); 19(108.87); 20(865.84); 21(253.64); 22(323.15); 23(968.05); 24(393.76); 25(104.52); 26(269.63); 27(979.01); 28(145.06); 29(214.57); 30(662.28); 31(392.93); 32(881.1); 33(902.8); 34(432.31); 35(911.86); 36(327.23); 37(538.26); 38(596.65); 39(987.87); 40(793.68); 41(291.67); 42(985.27); 43(609.09); 44(232.13); 45(529.02); 46(328.36); 47(447.48); 48(270.05); 49(560.23); 50(323.53); 51(313.11); 52(330.62); 53(996.1); 54(158.21); 55(525.63); 56(492.81); 57(572.75); 58(888.04); 59(544.28); 60(770.39); 61(965.49); 62(505.74); 63(592.21); 64(490.87); 65(940.38); 66(757.83); 67(766.13); 68(635.47); 69(388.21); 70(203.61); 71(624.62); 72(721.5); 73(745.35); 74(634.9); 75(796.17); 76(230.86); 77(639.91); 78(737.95); 79(378.58); 80(499.54); 81(844.43); 82(450.41); 83(936.34); 84(738.75); 85(858.61); 86(608.51); 87(250.35); 88(861.89); 89(827.94); 90(912.41); 91(521.74); 92(257.35); 93(957.81); 94(945.56); 95(954.54); 96(289.98); 97(836.62); 98(416.56); 99(738.95); 100(700.23); 101(262.95); 102(147.97); 103(256.08); 104(565.12); 105(85.46); 106(246.66); 107(806.06); 108(452.77); 109(768.21); 110(679.34); 111(192.98); 112(244.52); 113(529.12); 114(748.0); 115(873.27); 116(436.05); 117(378.27); 118(128.15); 119(928.51); 120(13.36); 121(67.58); 122(30.57); 123(199.25); 124(984.61); 125(694.11); 126(418.74); 127(87.54); 128(712.19); 129(899.71); 130(700.37); 131(94.04); 132(741.74); 133(751.88); 134(646.2); 135(892.85); 136(75.77); 137(970.67); 138(104.35); 139(167.38); 140(506.3); 141(315.95); 142(766.2); 143(770.38); 144(48.83); 145(418.05); 146(14.92); 147(635.15); 148(175.0); 149(186.88); 150(333.36); 151(712.31); 152(104.82); 153(174.85); 154(124.46); 155(381.8); 156(317.45); 157(481.69); 158(846.89); 159(207.21); 160(666.54); 161(630.19); 162(40.3); 163(930.36); 164(702.55); 165(503.83); 166(159.12); 167(835.87); 168(59.98); 169(612.22); 170(634.65); 171(809.38); 172(195.75); 173(945.0); 174(161.49); 175(348.37); 176(971.58); 177(767.36); 178(424.06); 179(805.41); 180(714.5); 181(649.56); 182(831.3); 183(40.56); 184(149.33); 185(32.63); 186(626.42); 187(116.56); 188(655.17); 189(58.64); 190(524.09); 191(60.44); 192(873.54); 193(212.33); 194(650.99); 195(133.8); 196(58.22); 197(959.02); 198(117.69); 199(265.95); 200(616.97); 201(388.22); 202(807.92); 203(92.06); 204(740.53); 205(331.3); 206(620.04); 207(158.0); 208(894.57); 209(6.44); 210(386.57); 211(485.19); 212(939.16); 213(426.6); 214(500.51); 215(32.22); 216(703.66); 217(581.75); 218(52.84); 219(357.99); 220(507.53); 221(305.1); 222(892.41); 223(964.79); 224(327.81); 225(348.83); 226(593.95); 227(878.33); 228(398.46); 229(539.68); 230(862.15); 231(242.58); 232(730.56); 233(194.57); 234(589.07); 235(588.22); 236(60.83); 237(11.95); 238(71.15); 239(636.24); 240(480.46); 241(916.23); 242(491.62); 243(202.48); 244(854.55); 245(856.03); 246(207.45); 247(341.5); 248(956.42); 249(108.89); 250(653.1); 251(111.82); 252(105.97); 253(214.61); 254(170.97); 255(156.08); 256(946.7); 257(97.44); 258(789.02); 259(124.15); 260(388.43); 261(505.8); 262(262.94); 263(688.38); 264(322.43); 265(369.19); 266(595.63); 267(282.57); 268(562.25); 269(226.46); 270(182.21); 271(680.86); 272(52.35); 273(115.86); 274(403.85); 275(48.47); 276(122.4); 277(810.59); 278(366.09); 279(979.52); 280(290.14); 281(345.9); 282(734.83); 283(614.65); 284(972.84); 285(894.19); 286(467.41); 287(295.83); 288(275.35); 289(280.61); 290(656.39); 291(701.89); 292(613.2); 293(626.29); 294(801.4); 295(140.39); 296(358.08); 297(167.57); 298(33.79); 299(872.58); 300(777.42); 301(755.15); 302(626.19); 303(787.44); 304(237.93); 305(260.67); 306(517.96); 307(918.02); 308(805.56); 309(49.15); 310(358.15); 311(563.35); 312(234.35); 313(990.58); 314(59.4); 315(299.83); 316(547.33); 317(894.07); 318(593.52); 319(609.59); 320(254.86); 321(601.45); 322(510.39); 323(79.14); 324(859.33); 325(776.77); 326(629.29); 327(15.12); 328(213.1); 329(226.25); 330(861.34); 331(120.6); 332(359.08); 333(732.69); 334(460.08); 335(256.98); 336(918.43); 337(485.41); 338(789.77); 339(514.24); 340(776.41); 341(761.55); 342(944.16); 343(128.58); 344(39.76); 345(768.05); 346(511.32); 347(573.45); 348(719.26); 349(150.99); 350(861.76); 351(619.51); 352(490.81); 353(447.68); 354(142.09); 355(248.04); 356(172.64); 357(505.9); 358(321.2); 359(475.0); 360(535.23); 361(877.38); 362(743.39); 363(211.07); 364(907.72); 365(804.23); 366(642.37); 367(10.31); 368(330.32); 369(143.95); 370(298.78); 371(668.29); 372(912.97); 373(392.23); 374(346.26); 375(767.59); 376(523.67); 377(473.5); 378(896.93); 379(580.67); 380(162.97); 381(687.84); 382(191.88); 383(638.17); 384(612.82); 385(26.67); 386(452.41); 387(169.58); 388(394.47); 389(470.64); 390(231.95); 391(457.8); 392(255.0); 393(963.28); 394(749.86); 395(662.32); 396(131.65); 397(431.75); 398(572.92); 399(107.7); 400(238.06); 401(926.29); 402(393.6); 403(853.43); 404(409.94); 405(682.59); 406(126.2); 407(24.27); 408(872.22); 409(767.28); 410(642.93); 411(675.41); 412(515.84); 413(576.77); 414(325.1); 415(651.61); 416(849.03); 417(424.31); 418(341.22); 419(940.22); 420(446.94); 421(928.39); 422(772.15); 423(738.28); 424(130.05); 425(972.84); 426(768.6); 427(39.88); 428(398.75); 429(157.86); 430(150.64); 432(874.9); 433(742.94); 434(898.44); 435(545.32); 436(175.45); 437(494.04); 438(10.79); 439(878.74); 440(19.2); 441(840.61); 442(13.78); 443(616.11); 444(552.2); 445(343.11); 446(409.68); 447(271.98); 448(309.87); 449(382.13); 450(412.96); 451(989.97); 452(90.44); 453(741.67); 454(107.67); 455(719.02); 456(456.49); 457(573.31); 458(761.36); 459(813.74); 460(174.54); 461(855.58); 462(558.35); 463(264.67); 464(569.42); 465(615.64); 466(342.47); 467(483.44); 468(466.77); 469(536.86); 470(514.0); 471(726.18); 472(200.05); 473(532.47); 474(520.1); 475(937.56); 476(698.37); 477(839.45); 478(664.11); 479(62.32); 480(789.42); 481(940.4); 482(272.58); 483(505.32); 484(917.04); 485(207.95); 486(43.59); 487(731.74); 488(293.43); 489(48.97); 490(130.77); 491(638.01); 492(492.63); 493(699.46); 494(15.7); 495(203.38); 496(931.97); 497(297.24); 498(109.1); 499(641.25),1
432,0(834.31); 1(4.99); 2(269.98); 3(664.22); 4(652.63); 5(12.68); 6(517.04); 7(379.94); 8(281.5); 9(557.12); 10(574.8); 11(415.67); 12(454.04); 13(259.61); 14(594.69); 15(597.92); 16(114.89); 17(895.82); 18(865.5); 19(403.08); 20(198.85); 21(583.3); 22(992.49); 23(836.24); 24(723.13); 25(719.7); 26(56.95); 27(732.86); 28(648.38); 29(337.62); 30(713.54); 31(951.8); 32(257.07); 33(56.2); 34(597.33); 35(423.55); 36(908.52); 37(695.74); 38(547.97); 39(113.54); 40(396.99); 41(384.27); 42(232.29); 43(622.81); 44(958.69); 45(520.71); 46(639.33); 47(906.16); 48(830.35); 49(762.2); 50(655.11); 51(504.39); 52(76.18); 53(355.45); 54(844.93); 55(121.33); 56(560.98); 57(554.83); 58(414.17); 59(26.2); 60(877.12); 61(830.48); 62(137.81); 63(81.5); 64(580.4); 65(21.61); 66(362.33); 67(741.98); 68(913.8); 69(101.41); 70(52.09); 71(398.22); 72(280.78); 73(798.06); 74(352.71); 75(827.36); 76(936.05); 77(325.0); 78(167.39); 79(193.07); 80(773.06); 81(226.26); 82(993.09); 83(95.2); 84(342.55); 85(972.94); 86(361.31); 87(773.35); 88(52.34); 89(978.02); 90(827.72); 91(178.03); 92(523.1); 93(119.52); 94(231.45); 95(768.21); 96(856.06); 97(665.78); 98(394.96); 99(90.31); 100(414.55); 101(778.63); 102(935.34); 103(945.41); 104(859.14); 105(800.05); 106(728.37); 107(94.87); 108(538.82); 109(352.34); 110(837.72); 111(517.58); 112(742.33); 113(856.88); 114(134.15); 115(538.44); 116(367.46); 117(642.07); 118(203.84); 119(756.76); 120(402.33); 121(198.96); 122(894.33); 123(343.15); 124(15.22); 125(322.72); 126(406.41); 127(956.09); 128(714.61); 129(708.93); 130(357.91); 131(571.85); 132(72.39); 133(126.2); 134(455.41); 135(553.1); 136(572.25); 137(181.74); 138(830.39); 139(446.97); 140(173.66); 141(596.63); 142(186.43); 143(557.39); 144(703.86); 145(694.68); 146(509.45); 147(496.2); 148(696.85); 149(150.67); 150(643.51); 151(760.52); 152(212.06); 153(812.35); 154(992.78); 155(519.46); 156(207.1); 157(922.95); 158(796.62); 159(145.69); 160(991.81); 161(248.03); 162(702.77); 163(977.75); 164(324.69); 165(707.57); 166(906.9); 167(417.99); 168(994.44); 169(555.74); 170(534.9); 171(109.95); 172(825.17); 173(614.9); 174(616.36); 175(311.4); 176(921.02); 177(281.38); 178(844.03); 179(839.56); 180(136.82); 181(867.01); 182(592.47); 183(888.4); 184(240.77); 185(339.04); 186(922.43); 187(32.98); 188(365.95); 189(811.09); 190(13.81); 191(811.44); 192(205.77); 193(147.21); 194(353.24); 195(85.96); 196(280.03); 197(667.1); 198(664.36); 199(280.16); 200(106.19); 201(180.19); 202(587.95); 203(596.96); 204(725.61); 205(300.11); 206(411.83); 207(513.97); 208(123.3); 209(556.84); 210(34.23); 211(142.84); 212(164.92); 213(832.7); 214(913.78); 215(112.41); 216(289.85); 217(473.96); 218(227.15); 219(59.9); 220(529.03); 221(419.1); 222(50.57); 223(364.38); 224(869.21); 225(491.36); 226(792.08); 227(380.28); 228(419.86); 229(414.11); 230(745.68); 231(257.65); 232(707.72); 233(867.32); 234(828.21); 235(144.95); 236(540.69); 237(696.79); 238(962.19); 239(55.5); 240(775.25); 241(580.12); 242(861.87); 243(449.53); 244(653.68); 245(8.5); 246(850.43); 247(802.49); 248(584.5); 249(999.11); 250(46.22); 251(534.64); 252(846.27); 253(430.9); 254(70.26); 255(313.68); 256(140.26); 257(904.95); 258(390.81); 259(252.6); 260(699.12); 261(403.75); 262(930.86); 263(563.59); 264(867.16); 265(284.08); 266(283.47); 267(565.24); 268(974.57); 269(124.13); 270(879.97); 271(747.73); 272(831.32); 273(202.83); 274(963.24); 275(929.9); 276(785.9); 277(972.07); 278(111.56); 279(73.46); 280(209.48); 281(106.61); 282(189.54); 283(822.46); 284(151.36); 285(112.41); 286(394.53); 287(504.62); 288(143.19); 289(680.41); 290(559.48); 291(335.36); 292(29.66); 293(702.26); 294(353.1); 295(961.07); 296(608.77); 297(1.81); 298(312.08); 299(874.21); 300(108.97); 301(796.01); 302(977.17); 303(185.98); 304(890.93); 305(724.32); 306(583.86); 307(36.22); 308(872.14); 309(980.81); 310(961.41); 311(69.79); 312(665.53); 313(120.21); 314(819.03); 315(956.05); 316(935.86); 317(848.81); 318(822.16); 319(349.14); 320(507.85); 321(479.38); 322(879.61); 323(328.47); 324(286.55); 325(808.73); 326(227.26); 327(51.59); 328(848.07); 329(770.39); 330(689.27); 331(265.59); 332(520.22); 333(614.42); 334(784.11); 335(779.2); 336(778.47); 337(631.42); 338(669.77); 339(828.62); 340(92.3); 341(499.38); 342(678.22); 343(922.55); 344(86.41); 345(764.44); 346(286.6); 347(337.66); 348(175.03); 349(362.87); 350(779.0); 351(740.81); 352(387.34); 353(473.22); 354(238.09); 355(954.48); 356(231.77); 357(604.28); 358(966.1); 359(918.39); 360(357.53); 361(144.49); 362(317.89); 363(51.63); 364(265.43); 365(448.41); 366(888.52); 367(968.59); 368(479.25); 369(395.34); 370(239.17); 371(662.46); 372(402.69); 373(823.42); 374(152.65); 375(363.87); 376(613.23); 377(606.89); 378(260.88); 379(282.9); 380(596.21); 381(35.58); 382(997.74); 383(362.8); 384(542.99); 385(992.41); 386(15.13); 387(224.13); 388(480.64); 389(392.49); 390(400.94); 391(604.56); 392(390.29); 393(727.54); 394(764.65); 395(321.86); 396(288.88); 397(322.07); 398(341.96); 399(600.35); 400(127.22); 401(167.44); 402(347.27); 403(221.63); 404(981.94); 405(15.42); 406(820.18); 407(410.5); 408(353.63); 409(377.84); 410(804.65); 411(692.31); 412(613.91); 413(268.18); 414(287.27); 415(42.27); 416(696.02); 417(631.33); 418(646.35); 419(849.62); 420(375.26); 421(904.23); 422(325.95); 423(386.58); 424(778.4); 425(523.57); 426(544.17); 427(23.71); 428(670.47); 429(780.58); 430(394.49); 431(874.9); 433(268.15); 434(961.77); 435(746.78); 436(339.51); 437(799.24); 438(774.88); 439(837.0); 440(176.64); 441(478.34); 442(512.91); 443(141.45); 444(579.94); 445(479.0); 446(702.87); 447(282.12); 448(80.89); 449(433.31); 450(131.01); 451(59.73); 452(731.19); 453(858.69); 454(505.92); 455(19.51); 456(444.11); 457(750.39); 458(50.71); 459(259.82); 460(171.6); 461(613.98); 462(854.97); 463(948.93); 464(226.71); 465(147.26); 466(982.58); 467(216.63); 468(737.21); 469(478.11); 470(850.39); 471(435.79); 472(842.13); 473(451.88); 474(554.0); 475(310.69); 476(412.02); 477(686.74); 478(82.09); 479(371.6); 480(459.29); 481(849.41); 482(684.0); 483(665.14); 484(746.62); 485(766.62); 486(993.26); 487(104.37); 488(830.89); 489(357.37); 490(587.79); 491(272.14); 492(715.87); 493(302.64); 494(306.67); 495(950.94); 496(3.32); 497(211.48); 498(514.59); 499(210.22),1
433,0(587.57); 1(394.59); 2(710.17); 3(554.15); 4(509.58); 5(433.21); 6(514.65); 7(438.61); 8(379.9); 9(38.78); 10(794.89); 11(624.62); 12(843.18); 13(708.29); 14(643.39); 15(462.47); 16(271.31); 17(818.52); 18(524.3); 19(95.16); 20(752.25); 21(428.47); 22(743.88); 23(281.86); 24(365.48); 25(415.75); 26(567.06); 27(346.24); 28(279.63); 29(960.61); 30(977.53); 31(889.39); 32(236.1); 33(943.01); 34(622.84); 35(683.21); 36(246.11); 37(174.55); 38(97.75); 39(117.78); 40(166.7); 41(233.83); 42(985.54); 43(743.4); 44(544.45); 45(652.14); 46(297.8); 47(602.96); 48(334.2); 49(875.18); 50(549.09); 51(582.47); 52(643.21); 53(888.17); 54(729.52); 55(740.17); 56(825.33); 57(969.68); 58(432.79); 59(582.02); 60(946.72); 61(270.05); 62(851.57); 63(841.26); 64(594.98); 65(671.93); 66(119.0); 67(524.65); 68(548.71); 69(634.87); 70(856.06); 71(557.5); 72(820.38); 73(86.39); 74(73.8); 75(578.86); 76(199.43); 77(177.31); 78(516.4); 79(773.12); 80(468.89); 81(476.58); 82(188.38); 83(609.54); 84(227.45); 85(543.38); 86(80.63); 87(198.07); 88(510.71); 89(988.23); 90(657.81); 91(749.63); 92(964.07); 93(113.81); 94(165.92); 95(369.18); 96(148.98); 97(372.07); 98(853.67); 99(914.97); 100(130.99); 101(139.52); 102(227.57); 103(152.27); 104(419.51); 105(98.79); 106(839.9); 107(542.19); 108(294.37); 109(674.17); 110(125.74); 111(825.24); 112(646.7); 113(72.17); 114(72.68); 115(729.46); 116(988.44); 117(92.62); 118(716.8); 119(473.6); 120(619.28); 121(67.37); 122(409.1); 123(152.04); 124(134.77); 125(7.79); 126(291.51); 127(555.86); 128(234.84); 129(62.93); 130(757.26); 131(332.9); 132(249.57); 133(284.34); 134(130.78); 135(226.73); 136(97.61); 137(452.53); 138(55.42); 139(762.59); 140(105.46); 141(796.53); 142(906.53); 143(358.75); 144(437.63); 145(378.31); 146(3.42); 147(46.81); 148(833.11); 149(695.95); 150(614.15); 151(977.46); 152(735.2); 153(673.11); 154(214.58); 155(68.65); 156(584.07); 157(20.07); 158(498.09); 159(76.67); 160(341.22); 161(816.05); 162(376.25); 163(445.93); 164(306.41); 165(487.43); 166(66.2); 167(915.49); 168(848.88); 169(283.77); 170(388.75); 171(351.46); 172(487.82); 173(539.7); 174(885.3); 175(808.7); 176(650.95); 177(996.16); 178(570.5); 179(838.85); 180(874.59); 181(249.46); 182(51.25); 183(55.59); 184(476.11); 185(735.0); 186(581.86); 187(614.34); 188(488.69); 189(262.73); 190(144.09); 191(119.51); 192(568.21); 193(262.98); 194(786.43); 195(936.86); 196(786.62); 197(858.03); 198(263.38); 199(243.91); 200(672.43); 201(86.92); 202(319.59); 203(161.19); 204(316.04); 205(445.71); 206(662.55); 207(693.41); 208(425.41); 209(156.51); 210(191.99); 211(624.64); 212(500.0); 213(513.59); 214(80.0); 215(131.2); 216(57.88); 217(125.88); 218(580.1); 219(33.72); 220(22.43); 221(346.85); 222(601.66); 223(921.27); 224(342.25); 225(29.37); 226(436.67); 227(906.47); 228(294.03); 229(480.21); 230(494.25); 231(672.33); 232(24.77); 233(913.34); 234(776.98); 235(234.2); 236(309.86); 237(822.95); 238(54.76); 239(385.68); 240(30.55); 241(103.75); 242(518.25); 243(911.0); 244(615.7); 245(226.96); 246(932.75); 247(47.21); 248(220.72); 249(293.76); 250(115.57); 251(476.19); 252(312.37); 253(607.41); 254(527.35); 255(680.22); 256(816.59); 257(662.94); 258(654.32); 259(931.3); 260(320.08); 261(64.32); 262(785.27); 263(247.99); 264(391.76); 265(734.2); 266(439.21); 267(763.72); 268(254.34); 269(417.95); 270(136.96); 271(391.3); 272(392.69); 273(52.03); 274(141.29); 275(274.55); 276(816.38); 277(991.11); 278(192.97); 279(609.87); 280(839.4); 281(732.75); 282(55.26); 283(857.17); 284(525.7); 285(16.17); 286(831.49); 287(426.22); 288(783.71); 289(744.6); 290(631.84); 291(855.24); 292(848.1); 293(436.76); 294(575.86); 295(636.91); 296(268.69); 297(437.68); 298(203.29); 299(215.92); 300(47.19); 301(116.72); 302(530.56); 303(43.52); 304(790.85); 305(95.43); 306(245.82); 307(33.04); 308(357.47); 309(454.93); 310(348.21); 311(269.53); 312(151.69); 313(988.89); 314(387.73); 315(332.2); 316(654.85); 317(400.02); 318(368.73); 319(380.64); 320(90.7); 321(126.11); 322(287.83); 323(39.64); 324(364.7); 325(917.95); 326(41.51); 327(946.38); 328(997.52); 329(344.41); 330(383.59); 331(31.45); 332(266.62); 333(316.01); 334(255.94); 335(604.78); 336(1.21); 337(858.11); 338(48.36); 339(547.2); 340(29.23); 341(356.63); 342(779.34); 343(999.77); 344(635.83); 345(437.62); 346(413.11); 347(755.57); 348(312.83); 349(101.37); 350(58.09); 351(605.71); 352(2.74); 353(371.89); 354(482.27); 355(813.67); 356(393.01); 357(434.54); 358(46.33); 359(505.82); 360(964.81); 361(680.03); 362(985.43); 363(223.77); 364(745.81); 365(538.41); 366(960.64); 367(683.32); 368(557.87); 369(821.8); 370(893.86); 371(864.82); 372(569.34); 373(688.77); 374(92.64); 375(417.24); 376(572.77); 377(165.35); 378(835.43); 379(7.9); 380(731.71); 381(882.56); 382(576.5); 383(422.56); 384(876.46); 385(264.16); 386(277.74); 387(323.19); 388(788.82); 389(811.51); 390(76.73); 391(678.74); 392(873.53); 393(8.4); 394(279.23); 395(368.16); 396(511.41); 397(279.95); 398(395.23); 399(692.26); 400(276.89); 401(960.06); 402(675.32); 403(699.88); 404(52.17); 405(795.72); 406(264.4); 407(104.74); 408(187.05); 409(656.85); 410(615.75); 411(525.26); 412(545.82); 413(615.77); 414(781.21); 415(250.33); 416(365.37); 417(29.98); 418(289.02); 419(167.95); 420(60.58); 421(955.33); 422(420.71); 423(354.94); 424(729.35); 425(119.99); 426(799.29); 427(611.27); 428(879.78); 429(644.64); 430(803.74); 431(742.94); 432(268.15); 434(457.05); 435(364.99); 436(721.79); 437(595.13); 438(982.07); 439(413.99); 440(71.5); 441(679.73); 442(311.34); 443(381.0); 444(406.75); 445(696.71); 446(512.9); 447(34.17); 448(322.57); 449(633.26); 450(670.19); 451(599.97); 452(490.03); 453(160.87); 454(779.84); 455(540.64); 456(812.43); 457(316.25); 458(410.1); 459(456.75); 460(602.12); 461(529.96); 462(661.86); 463(225.78); 464(553.33); 465(427.97); 466(104.31); 467(446.09); 468(573.56); 469(223.44); 470(760.42); 471(497.51); 472(897.24); 473(284.81); 474(849.39); 475(158.57); 476(386.75); 477(831.02); 478(736.78); 479(843.5); 480(63.71); 481(259.04); 482(163.83); 483(459.01); 484(240.07); 485(371.69); 486(66.37); 487(868.27); 488(35.91); 489(728.0); 490(761.71); 491(701.63); 492(568.87); 493(869.68); 494(86.79); 495(371.98); 496(137.99); 497(95.58); 498(626.71); 499(469.29),1
434,0(627.97); 1(154.9); 2(137.41); 3(800.71); 4(96.08); 5(254.39); 6(412.76); 7(102.56); 8(223.49); 9(614.4); 10(238.4); 11(992.1); 12(745.86); 13(660.4); 14(3.9); 15(892.18); 16(271.26); 17(401.63); 18(729.14); 19(819.37); 20(708.69); 21(842.49); 22(279.64); 23(756.3); 24(32.03); 25(484.99); 26(100.85); 27(519.9); 28(444.83); 29(465.94); 30(379.87); 31(204.09); 32(259.25); 33(378.62); 34(683.92); 35(301.33); 36(824.29); 37(288.36); 38(4.56); 39(650.0); 40(301.71); 41(738.14); 42(550.8); 43(477.37); 44(948.6); 45(200.66); 46(350.12); 47(930.6); 48(146.92); 49(592.88); 50(219.1); 51(569.93); 52(714.43); 53(232.19); 54(712.52); 55(861.67); 56(553.21); 57(343.57); 58(342.95); 59(931.42); 60(970.86); 61(669.14); 62(171.99); 63(938.61); 64(865.86); 65(946.21); 66(500.8); 67(863.36); 68(71.56); 69(950.09); 70(622.71); 71(111.42); 72(878.76); 73(213.81); 74(493.98); 75(14.77); 76(89.12); 77(807.43); 78(670.25); 79(88.89); 80(804.53); 81(559.35); 82(975.93); 83(854.27); 84(264.19); 85(429.49); 86(406.74); 87(577.21); 88(738.84); 89(27.67); 90(512.09); 91(715.36); 92(652.53); 93(722.65); 94(912.24); 95(946.92); 96(154.08); 97(564.62); 98(136.1); 99(249.07); 100(751.52); 101(351.63); 102(353.65); 103(728.64); 104(920.85); 105(961.22); 106(424.57); 107(489.43); 108(288.29); 109(147.6); 110(268.6); 111(535.0); 112(513.54); 113(479.47); 114(14.55); 115(216.94); 116(545.67); 117(681.78); 118(280.56); 119(296.81); 120(745.42); 121(88.56); 122(225.17); 123(985.99); 124(207.03); 125(525.87); 126(154.95); 127(781.31); 128(681.45); 129(379.87); 130(837.56); 131(841.69); 132(739.35); 133(355.66); 134(932.34); 135(595.39); 136(325.55); 137(635.91); 138(537.17); 139(501.67); 140(101.24); 141(675.14); 142(517.48); 143(310.12); 144(924.77); 145(172.53); 146(43.8); 147(583.67); 148(248.97); 149(121.36); 150(891.27); 151(980.76); 152(785.05); 153(726.64); 154(458.51); 155(545.3); 156(479.68); 157(127.38); 158(683.42); 159(210.83); 160(211.38); 161(965.82); 162(639.79); 163(151.67); 164(573.97); 165(872.94); 166(83.24); 167(759.71); 168(251.83); 169(445.92); 170(585.33); 171(470.3); 172(619.4); 173(16.7); 174(403.36); 175(854.33); 176(253.95); 177(296.2); 178(303.96); 179(772.36); 180(165.95); 181(290.57); 182(178.63); 183(186.46); 184(523.85); 185(712.13); 186(348.66); 187(285.27); 188(172.3); 189(810.07); 190(534.83); 191(305.09); 192(89.14); 193(616.73); 194(493.66); 195(680.43); 196(78.99); 197(784.19); 198(253.7); 199(294.74); 200(43.87); 201(206.41); 202(151.33); 203(392.82); 204(7.57); 205(587.32); 206(308.66); 207(976.83); 208(268.53); 209(365.06); 210(507.4); 211(551.53); 212(259.65); 213(694.34); 214(510.68); 215(53.6); 216(555.93); 217(845.2); 218(11.7); 219(421.9); 220(958.8); 221(480.13); 222(985.02); 223(164.95); 224(109.8); 225(415.29); 226(291.25); 227(766.81); 228(685.62); 229(844.58); 230(808.45); 231(554.3); 232(282.48); 233(908.91); 234(29.01); 235(397.07); 236(43.29); 237(240.01); 238(661.8); 239(892.63); 240(847.46); 241(461.14); 242(832.84); 243(273.01); 244(181.55); 245(757.2); 246(432.98); 247(710.45); 248(514.86); 249(556.28); 250(851.83); 251(45.1); 252(635.74); 253(455.39); 254(943.8); 255(597.61); 256(739.44); 257(207.42); 258(423.85); 259(167.84); 260(978.45); 261(701.59); 262(568.01); 263(368.23); 264(534.56); 265(877.92); 266(886.26); 267(492.73); 268(539.61); 269(490.9); 270(942.61); 271(861.05); 272(790.19); 273(934.83); 274(254.83); 275(842.2); 276(404.0); 277(77.28); 278(737.4); 279(393.5); 280(66.02); 281(910.33); 282(100.96); 283(342.82); 284(655.44); 285(897.0); 286(600.77); 287(223.23); 288(924.34); 289(306.88); 290(308.5); 291(977.91); 292(961.39); 293(847.53); 294(98.72); 295(806.77); 296(974.33); 297(247.16); 298(827.96); 299(941.75); 300(807.4); 301(633.7); 302(733.02); 303(430.35); 304(397.25); 305(746.58); 306(110.72); 307(68.23); 308(589.27); 309(751.96); 310(555.82); 311(741.76); 312(43.87); 313(138.96); 314(739.89); 315(154.43); 316(364.44); 317(285.32); 318(323.07); 319(528.69); 320(863.57); 321(520.34); 322(914.11); 323(867.91); 324(185.97); 325(256.72); 326(93.44); 327(787.42); 328(984.36); 329(387.19); 330(315.06); 331(643.99); 332(381.96); 333(619.93); 334(143.44); 335(194.49); 336(4.89); 337(825.93); 338(391.52); 339(410.3); 340(647.71); 341(955.29); 342(398.07); 343(665.18); 344(45.8); 345(136.87); 346(622.92); 347(389.78); 348(31.65); 349(969.69); 350(985.06); 351(838.57); 352(173.35); 353(468.59); 354(186.42); 355(49.96); 356(773.94); 357(18.68); 358(109.4); 359(458.71); 360(739.24); 361(7.16); 362(653.81); 363(98.45); 364(908.46); 365(702.43); 366(293.86); 367(948.02); 368(136.87); 369(229.08); 370(615.42); 371(198.81); 372(751.05); 373(390.71); 374(379.71); 375(341.58); 376(705.51); 377(67.42); 378(240.66); 379(33.8); 380(72.73); 381(334.87); 382(873.07); 383(312.43); 384(53.88); 385(324.87); 386(138.7); 387(758.94); 388(943.93); 389(776.27); 390(331.06); 391(475.31); 392(15.71); 393(709.25); 394(528.0); 395(480.47); 396(643.13); 397(687.96); 398(547.12); 399(6.37); 400(994.2); 401(474.8); 402(785.52); 403(3.91); 404(521.49); 405(354.76); 406(336.4); 407(130.26); 408(417.56); 409(719.91); 410(736.5); 411(105.01); 412(674.05); 413(640.5); 414(658.94); 415(736.47); 416(536.12); 417(139.1); 418(148.24); 419(249.99); 420(733.62); 421(562.3); 422(190.32); 423(56.25); 424(6.94); 425(248.21); 426(510.27); 427(441.21); 428(218.53); 429(88.37); 430(42.07); 431(898.44); 432(961.77); 433(457.05); 435(426.61); 436(799.03); 437(304.91); 438(943.3); 439(252.55); 440(170.24); 441(785.38); 442(70.78); 443(554.99); 444(715.34); 445(24.65); 446(165.75); 447(246.71); 448(131.39); 449(686.33); 450(957.42); 451(564.18); 452(897.69); 453(563.57); 454(868.26); 455(226.34); 456(671.91); 457(139.17); 458(505.26); 459(956.39); 460(82.29); 461(540.59); 462(434.89); 463(888.31); 464(647.0); 465(47.13); 466(682.45); 467(637.39); 468(378.73); 469(779.94); 470(351.68); 471(100.39); 472(333.89); 473(362.05); 474(830.76); 475(293.55); 476(853.88); 477(132.53); 478(553.25); 479(853.12); 480(430.41); 481(807.2); 482(507.35); 483(139.79); 484(953.17); 485(968.59); 486(13.84); 487(374.84); 488(609.77); 489(113.48); 490(999.41); 491(792.19); 492(280.05); 493(594.35); 494(458.97); 495(659.14); 496(931.53); 497(321.39); 498(130.43); 499(526.69),1
435,0(791.48); 1(33.07); 2(700.24); 3(19.99); 4(784.58); 5(740.79); 6(947.27); 7(542.76); 8(815.85); 9(332.79); 10(991.63); 11(535.99); 12(43.31); 13(337.66); 14(317.85); 15(889.1); 16(788.47); 17(302.05); 18(23.3); 19(629.63); 20(561.31); 21(608.46); 22(87.67); 23(224.92); 24(188.45); 25(577.11); 26(321.7); 27(660.29); 28(445.51); 29(203.21); 30(922.05); 31(556.86); 32(869.9); 33(88.65); 34(148.9); 35(24.05); 36(252.26); 37(294.76); 38(972.95); 39(524.9); 40(132.7); 41(73.58); 42(306.28); 43(612.57); 44(44.51); 45(129.94); 46(46.67); 47(118.43); 48(229.15); 49(235.37); 50(496.15); 51(538.41); 52(96.17); 53(835.07); 54(971.14); 55(621.32); 56(91.27); 57(906.09); 58(845.77); 59(74.48); 60(492.78); 61(0.63); 62(132.79); 63(829.87); 64(432.37); 65(781.92); 66(371.46); 67(469.09); 68(575.52); 69(270.72); 70(581.63); 71(8.82); 72(42.33); 73(548.28); 74(140.44); 75(264.7); 76(135.67); 77(93.44); 78(750.31); 79(545.09); 80(239.97); 81(982.75); 82(963.11); 83(757.13); 84(615.68); 85(879.42); 86(223.4); 87(282.68); 88(320.96); 89(395.55); 90(465.94); 91(19.72); 92(612.48); 93(914.66); 94(555.66); 95(480.62); 96(868.49); 97(641.13); 98(764.13); 99(56.93); 100(930.08); 101(890.97); 102(983.48); 103(425.94); 104(978.37); 105(770.72); 106(822.46); 107(450.52); 108(923.14); 109(498.24); 110(220.55); 111(185.4); 112(566.78); 113(170.91); 114(571.85); 115(477.51); 116(613.51); 117(757.86); 118(206.74); 119(112.19); 120(448.92); 121(545.84); 122(215.97); 123(269.9); 124(66.59); 125(795.19); 126(357.19); 127(198.71); 128(899.17); 129(297.2); 130(509.02); 131(965.47); 132(720.34); 133(701.98); 134(373.43); 135(918.78); 136(201.73); 137(677.42); 138(509.58); 139(915.4); 140(592.86); 141(644.11); 142(399.58); 143(78.65); 144(553.85); 145(739.53); 146(761.19); 147(160.33); 148(961.13); 149(7.68); 150(423.27); 151(196.56); 152(431.33); 153(847.92); 154(18.58); 155(120.26); 156(560.16); 157(982.54); 158(765.28); 159(154.66); 160(856.43); 161(545.51); 162(586.12); 163(952.23); 164(357.34); 165(236.59); 166(733.37); 167(502.69); 168(729.21); 169(806.21); 170(398.17); 171(220.48); 172(997.2); 173(719.95); 174(234.15); 175(814.85); 176(46.98); 177(680.72); 178(95.07); 179(225.63); 180(768.99); 181(679.44); 182(191.66); 183(192.86); 184(535.48); 185(234.78); 186(401.81); 187(956.19); 188(385.1); 189(669.91); 190(673.6); 191(432.91); 192(187.17); 193(78.85); 194(55.25); 195(223.27); 196(872.24); 197(64.5); 198(403.95); 199(245.02); 200(119.95); 201(832.06); 202(157.04); 203(765.29); 204(256.89); 205(153.0); 206(578.06); 207(893.71); 208(717.44); 209(803.57); 210(465.58); 211(688.51); 212(591.91); 213(591.67); 214(643.02); 215(511.35); 216(233.57); 217(718.3); 218(483.55); 219(22.7); 220(121.13); 221(570.6); 222(556.75); 223(551.07); 224(958.66); 225(922.3); 226(716.48); 227(603.67); 228(127.21); 229(884.76); 230(257.93); 231(0.68); 232(799.14); 233(24.43); 234(61.6); 235(631.7); 236(668.53); 237(947.78); 238(140.79); 239(99.76); 240(379.39); 241(870.45); 242(576.72); 243(462.01); 244(167.26); 245(460.79); 246(305.93); 247(42.09); 248(41.11); 249(269.81); 250(489.56); 251(463.85); 252(786.41); 253(519.72); 254(151.43); 255(335.02); 256(454.81); 257(320.74); 258(769.07); 259(253.03); 260(378.95); 261(198.71); 262(742.71); 263(502.25); 264(816.22); 265(752.36); 266(663.28); 267(469.14); 268(660.4); 269(229.62); 270(313.33); 271(848.6); 272(622.99); 273(381.73); 274(882.79); 275(264.07); 276(911.56); 277(335.63); 278(875.97); 279(211.13); 280(866.4); 281(272.72); 282(555.29); 283(79.95); 284(921.39); 285(834.66); 286(189.1); 287(34.81); 288(389.91); 289(327.57); 290(119.79); 291(51.06); 292(976.98); 293(505.88); 294(95.68); 295(421.32); 296(665.3); 297(922.43); 298(999.06); 299(37.96); 300(149.97); 301(749.83); 302(598.91); 303(586.1); 304(356.65); 305(266.39); 306(562.64); 307(28.22); 308(113.07); 309(982.78); 310(967.53); 311(496.48); 312(423.83); 313(174.41); 314(532.38); 315(726.19); 316(249.52); 317(177.09); 318(926.5); 319(919.37); 320(63.02); 321(46.41); 322(463.56); 323(935.58); 324(356.5); 325(262.17); 326(638.28); 327(640.7); 328(617.55); 329(712.64); 330(560.93); 331(446.33); 332(964.52); 333(916.62); 334(712.09); 335(480.82); 336(120.55); 337(382.83); 338(480.31); 339(691.21); 340(807.96); 341(27.52); 342(9.67); 343(501.21); 344(834.78); 345(88.86); 346(223.13); 347(527.32); 348(489.83); 349(437.13); 350(173.6); 351(546.63); 352(535.52); 353(22.0); 354(134.92); 355(474.92); 356(959.65); 357(568.14); 358(305.14); 359(601.48); 360(199.92); 361(585.46); 362(371.06); 363(524.38); 364(296.75); 365(509.88); 366(675.86); 367(74.72); 368(386.68); 369(578.7); 370(582.01); 371(449.32); 372(823.86); 373(307.57); 374(464.87); 375(116.16); 376(478.61); 377(565.13); 378(100.07); 379(59.57); 380(629.87); 381(519.89); 382(874.21); 383(534.35); 384(739.8); 385(255.13); 386(492.55); 387(868.55); 388(731.47); 389(425.07); 390(576.94); 391(628.45); 392(658.98); 393(569.47); 394(911.01); 395(492.65); 396(487.41); 397(572.22); 398(892.27); 399(298.84); 400(665.27); 401(857.12); 402(438.76); 403(389.4); 404(212.48); 405(797.06); 406(599.58); 407(800.19); 408(91.52); 409(775.09); 410(570.47); 411(505.3); 412(775.24); 413(62.5); 414(25.87); 415(962.73); 416(660.55); 417(776.69); 418(502.14); 419(382.81); 420(676.2); 421(392.17); 422(577.7); 423(53.79); 424(108.98); 425(924.88); 426(779.49); 427(692.39); 428(350.71); 429(861.44); 430(668.24); 431(545.32); 432(746.78); 433(364.99); 434(426.61); 436(796.99); 437(259.91); 438(91.2); 439(103.18); 440(331.25); 441(848.61); 442(119.52); 443(748.2); 444(625.11); 445(899.02); 446(475.73); 447(264.22); 448(743.37); 449(661.62); 450(234.91); 451(540.98); 452(676.69); 453(423.91); 454(700.17); 455(512.34); 456(653.31); 457(39.2); 458(469.38); 459(336.76); 460(957.82); 461(391.92); 462(473.76); 463(979.64); 464(965.26); 465(508.27); 466(473.59); 467(774.77); 468(70.71); 469(271.16); 470(526.31); 471(686.67); 472(574.14); 473(640.13); 474(386.03); 475(549.86); 476(653.66); 477(613.7); 478(8.58); 479(368.87); 480(413.25); 481(888.0); 482(845.18); 483(929.28); 484(17.84); 485(5.62); 486(810.67); 487(808.29); 488(312.92); 489(871.67); 490(401.47); 491(345.39); 492(465.27); 493(972.74); 494(781.04); 495(897.28); 496(363.28); 497(843.38); 498(86.57); 499(372.66),1
436,0(463.31); 1(793.56); 2(875.01); 3(254.73); 4(940.09); 5(417.14); 6(105.3); 7(863.58); 8(794.83); 9(218.07); 10(170.07); 11(394.77); 12(544.74); 13(981.34); 14(790.1); 15(710.66); 16(781.16); 17(717.33); 18(163.08); 19(656.44); 20(515.99); 21(653.83); 22(184.05); 23(998.86); 24(437.18); 25(551.37); 26(132.62); 27(525.32); 28(196.87); 29(39.59); 30(983.54); 31(455.83); 32(271.59); 33(816.83); 34(291.37); 35(306.47); 36(467.63); 37(439.04); 38(492.86); 39(950.54); 40(597.41); 41(202.84); 42(760.08); 43(277.79); 44(733.94); 45(767.3); 46(787.97); 47(11.2); 48(729.88); 49(719.41); 50(115.9); 51(859.39); 52(458.8); 53(749.03); 54(749.73); 55(109.32); 56(271.8); 57(272.84); 58(609.14); 59(933.57); 60(352.49); 61(144.59); 62(929.01); 63(663.66); 64(85.65); 65(670.16); 66(987.67); 67(211.35); 68(408.43); 69(987.18); 70(168.53); 71(50.55); 72(596.86); 73(203.41); 74(214.01); 75(349.38); 76(646.63); 77(313.31); 78(485.17); 79(645.84); 80(197.05); 81(464.97); 82(225.76); 83(189.44); 84(704.95); 85(696.57); 86(6.49); 87(350.63); 88(501.78); 89(675.71); 90(408.27); 91(930.04); 92(185.83); 93(735.44); 94(441.72); 95(210.27); 96(499.5); 97(365.26); 98(194.37); 99(787.27); 100(517.76); 101(764.98); 102(818.41); 103(345.68); 104(195.85); 105(578.87); 106(85.49); 107(36.8); 108(349.52); 109(84.14); 110(748.38); 111(833.0); 112(63.86); 113(840.57); 114(231.17); 115(383.95); 116(771.84); 117(602.37); 118(573.73); 119(593.65); 120(127.52); 121(628.31); 122(608.09); 123(825.69); 124(468.44); 125(545.86); 126(712.28); 127(923.43); 128(827.06); 129(52.03); 130(483.35); 131(69.94); 132(892.46); 133(667.79); 134(112.46); 135(798.44); 136(525.99); 137(988.5); 138(501.72); 139(872.72); 140(303.16); 141(666.09); 142(949.5); 143(247.74); 144(995.9); 145(474.09); 146(444.8); 147(271.74); 148(977.04); 149(833.94); 150(986.79); 151(99.61); 152(1.07); 153(218.69); 154(307.91); 155(760.19); 156(113.2); 157(666.95); 158(693.28); 159(895.61); 160(929.61); 161(85.99); 162(44.33); 163(219.25); 164(871.03); 165(858.75); 166(817.56); 167(109.34); 168(59.98); 169(510.96); 170(527.34); 171(455.75); 172(361.64); 173(550.62); 174(300.32); 175(420.22); 176(80.33); 177(572.27); 178(241.65); 179(991.92); 180(690.33); 181(494.24); 182(52.58); 183(87.96); 184(408.58); 185(292.96); 186(834.17); 187(723.8); 188(871.46); 189(120.44); 190(741.64); 191(442.54); 192(990.67); 193(907.36); 194(286.09); 195(752.56); 196(669.92); 197(918.98); 198(33.94); 199(888.85); 200(345.49); 201(433.45); 202(109.57); 203(431.42); 204(31.87); 205(378.2); 206(735.06); 207(740.67); 208(881.38); 209(182.55); 210(281.14); 211(570.77); 212(609.57); 213(849.87); 214(343.58); 215(894.04); 216(19.38); 217(946.07); 218(799.18); 219(663.94); 220(95.58); 221(857.83); 222(712.05); 223(691.1); 224(613.57); 225(9.76); 226(953.96); 227(150.66); 228(5.54); 229(916.15); 230(369.91); 231(531.03); 232(669.37); 233(538.03); 234(764.84); 235(317.15); 236(525.83); 237(756.4); 238(611.15); 239(697.81); 240(817.21); 241(661.56); 242(384.94); 243(565.32); 244(383.91); 245(87.94); 246(319.73); 247(201.64); 248(511.68); 249(337.95); 250(568.02); 251(262.76); 252(945.89); 253(825.25); 254(465.35); 255(766.63); 256(943.78); 257(143.53); 258(397.25); 259(906.24); 260(935.89); 261(691.35); 262(88.11); 263(101.07); 264(461.19); 265(314.53); 266(850.92); 267(293.44); 268(34.22); 269(662.63); 270(667.04); 271(353.65); 272(984.69); 273(889.67); 274(774.12); 275(129.83); 276(101.65); 277(955.38); 278(815.28); 279(269.95); 280(230.8); 281(312.67); 282(256.24); 283(116.32); 284(202.25); 285(953.34); 286(282.63); 287(722.51); 288(820.26); 289(332.04); 290(879.91); 291(670.1); 292(929.74); 293(924.43); 294(722.64); 295(483.24); 296(730.31); 297(878.04); 298(46.18); 299(250.85); 300(134.85); 301(163.43); 302(178.31); 303(591.86); 304(128.14); 305(357.15); 306(543.09); 307(27.69); 308(170.48); 309(568.88); 310(346.24); 311(653.5); 312(763.36); 313(137.08); 314(254.44); 315(458.57); 316(491.13); 317(964.5); 318(879.76); 319(698.24); 320(766.54); 321(979.83); 322(828.63); 323(848.15); 324(203.18); 325(728.53); 326(35.01); 327(146.64); 328(701.35); 329(382.13); 330(725.83); 331(662.6); 332(803.69); 333(312.79); 334(884.76); 335(760.32); 336(880.66); 337(167.66); 338(735.22); 339(848.54); 340(779.41); 341(736.45); 342(477.93); 343(837.22); 344(261.08); 345(555.19); 346(74.91); 347(872.16); 348(130.85); 349(625.39); 350(849.32); 351(919.43); 352(360.46); 353(867.99); 354(847.45); 355(83.98); 356(230.22); 357(935.12); 358(556.39); 359(152.71); 360(450.09); 361(498.15); 362(124.46); 363(433.74); 364(978.17); 365(737.33); 366(76.63); 367(967.76); 368(466.83); 369(220.42); 370(428.3); 371(382.86); 372(121.08); 373(424.13); 374(453.73); 375(362.3); 376(734.41); 377(518.37); 378(753.1); 379(40.67); 380(561.35); 381(919.81); 382(799.16); 383(878.64); 384(964.69); 385(39.28); 386(892.08); 387(863.9); 388(273.8); 389(469.52); 390(78.2); 391(315.85); 392(483.2); 393(37.38); 394(202.08); 395(379.0); 396(28.18); 397(507.51); 398(509.42); 399(167.52); 400(727.65); 401(619.5); 402(618.47); 403(955.26); 404(195.71); 405(713.59); 406(497.47); 407(996.13); 408(604.21); 409(819.41); 410(97.87); 411(19.06); 412(953.92); 413(298.78); 414(867.68); 415(421.19); 416(232.17); 417(206.27); 418(554.51); 419(734.03); 420(448.43); 421(25.83); 422(72.54); 423(540.33); 424(184.88); 425(728.77); 426(563.84); 427(619.78); 428(211.69); 429(410.6); 430(892.6); 431(175.45); 432(339.51); 433(721.79); 434(799.03); 435(796.99); 437(242.06); 438(633.95); 439(63.9); 440(552.22); 441(549.0); 442(886.97); 443(819.99); 444(837.76); 445(12.95); 446(822.03); 447(216.53); 448(451.32); 449(372.8); 450(362.17); 451(805.1); 452(142.57); 453(707.8); 454(390.02); 455(601.41); 456(597.26); 457(977.93); 458(447.94); 459(595.72); 460(133.06); 461(784.39); 462(160.66); 463(105.96); 464(2.54); 465(132.66); 466(86.88); 467(558.62); 468(378.64); 469(930.5); 470(547.83); 471(45.77); 472(245.11); 473(360.05); 474(844.28); 475(412.51); 476(674.43); 477(335.55); 478(649.24); 479(311.32); 480(690.14); 481(291.14); 482(814.71); 483(123.12); 484(112.22); 485(786.67); 486(656.0); 487(155.08); 488(434.2); 489(623.78); 490(105.67); 491(662.76); 492(209.99); 493(487.35); 494(397.58); 495(771.98); 496(247.81); 497(711.87); 498(447.44); 499(171.31),1
437,0(691.3); 1(637.15); 2(471.06); 3(787.3); 4(318.34); 5(48.54); 6(519.74); 7(928.72); 8(431.29); 9(428.41); 10(579.32); 11(904.45); 12(807.89); 13(923.61); 14(823.81); 15(737.31); 16(964.14); 17(255.26); 18(98.73); 19(780.85); 20(548.08); 21(41.64); 22(808.62); 23(9.11); 24(938.33); 25(709.48); 26(778.3); 27(996.85); 28(248.29); 29(409.6); 30(890.82); 31(437.44); 32(890.34); 33(908.8); 34(467.54); 35(834.33); 36(53.97); 37(462.27); 38(781.05); 39(165.57); 40(60.53); 41(568.21); 42(440.89); 43(525.77); 44(908.8); 45(901.41); 46(999.24); 47(98.74); 48(306.3); 49(215.98); 50(519.82); 51(148.49); 52(588.37); 53(380.66); 54(66.41); 55(294.29); 56(273.37); 57(687.57); 58(434.04); 59(971.69); 60(966.25); 61(402.21); 62(602.93); 63(446.64); 64(112.65); 65(104.93); 66(558.96); 67(472.46); 68(429.98); 69(360.96); 70(210.96); 71(177.26); 72(980.56); 73(81.6); 74(421.92); 75(409.55); 76(973.12); 77(574.5); 78(616.3); 79(575.65); 80(68.1); 81(914.07); 82(885.16); 83(963.56); 84(271.48); 85(902.07); 86(821.64); 87(193.16); 88(404.6); 89(354.94); 90(484.89); 91(498.95); 92(983.21); 93(426.52); 94(999.2); 95(399.29); 96(732.32); 97(830.64); 98(299.11); 99(558.61); 100(322.48); 101(766.98); 102(998.4); 103(494.38); 104(130.62); 105(945.23); 106(252.24); 107(366.65); 108(18.5); 109(933.92); 110(336.53); 111(869.45); 112(884.39); 113(413.61); 114(327.11); 115(755.29); 116(705.37); 117(693.39); 118(38.18); 119(668.11); 120(727.33); 121(928.28); 122(57.67); 123(918.77); 124(748.73); 125(740.1); 126(36.5); 127(982.91); 128(210.87); 129(883.33); 130(598.68); 131(620.77); 132(830.82); 133(63.3); 134(920.26); 135(865.54); 136(156.84); 137(621.05); 138(494.81); 139(265.49); 140(80.41); 141(110.65); 142(598.78); 143(812.51); 144(910.64); 145(956.9); 146(257.47); 147(250.27); 148(284.84); 149(940.61); 150(875.61); 151(101.5); 152(488.85); 153(328.6); 154(488.11); 155(309.83); 156(678.14); 157(19.89); 158(300.84); 159(978.66); 160(756.31); 161(126.69); 162(177.39); 163(620.71); 164(202.21); 165(357.62); 166(961.56); 167(775.85); 168(363.69); 169(231.43); 170(313.5); 171(718.03); 172(282.62); 173(644.95); 174(8.37); 175(905.78); 176(974.04); 177(314.33); 178(58.17); 179(503.6); 180(54.66); 181(239.63); 182(99.16); 183(469.97); 184(947.27); 185(64.85); 186(166.39); 187(227.36); 188(962.88); 189(767.29); 190(255.34); 191(316.85); 192(773.21); 193(801.21); 194(565.26); 195(948.57); 196(506.41); 197(113.39); 198(350.43); 199(66.56); 200(382.16); 201(265.15); 202(206.45); 203(136.05); 204(197.79); 205(399.22); 206(750.71); 207(151.75); 208(948.69); 209(177.52); 210(360.65); 211(34.72); 212(113.14); 213(243.54); 214(969.63); 215(762.25); 216(174.31); 217(108.79); 218(86.18); 219(924.85); 220(900.96); 221(955.51); 222(766.85); 223(694.17); 224(510.44); 225(269.46); 226(834.22); 227(248.9); 228(719.18); 229(300.74); 230(833.55); 231(739.77); 232(532.85); 233(961.46); 234(825.64); 235(941.01); 236(933.62); 237(163.71); 238(751.27); 239(172.25); 240(736.47); 241(877.75); 242(626.77); 243(645.3); 244(354.58); 245(699.1); 246(171.47); 247(639.49); 248(261.61); 249(584.36); 250(312.16); 251(491.36); 252(635.82); 253(993.84); 254(330.83); 255(610.22); 256(717.37); 257(531.61); 258(879.66); 259(897.67); 260(78.6); 261(144.33); 262(834.27); 263(813.11); 264(470.08); 265(254.82); 266(690.92); 267(485.98); 268(653.08); 269(403.15); 270(185.99); 271(206.43); 272(540.06); 273(539.11); 274(604.47); 275(281.13); 276(553.82); 277(274.6); 278(374.46); 279(679.28); 280(366.36); 281(541.11); 282(445.06); 283(138.54); 284(65.64); 285(506.13); 286(530.49); 287(475.85); 288(51.08); 289(619.85); 290(962.18); 291(667.46); 292(857.09); 293(240.21); 294(137.99); 295(665.45); 296(539.31); 297(439.25); 298(161.75); 299(532.96); 300(464.49); 301(572.24); 302(402.76); 303(474.35); 304(777.28); 305(283.85); 306(471.98); 307(28.89); 308(172.57); 309(680.14); 310(403.64); 311(251.09); 312(20.63); 313(892.67); 314(325.71); 315(120.1); 316(87.65); 317(15.04); 318(706.61); 319(297.88); 320(699.08); 321(454.41); 322(599.36); 323(77.59); 324(123.65); 325(792.33); 326(488.77); 327(50.79); 328(398.21); 329(127.61); 330(882.38); 331(944.04); 332(44.04); 333(87.59); 334(99.28); 335(249.62); 336(590.14); 337(977.25); 338(111.43); 339(634.42); 340(910.74); 341(435.6); 342(90.36); 343(945.46); 344(840.56); 345(189.32); 346(203.75); 347(560.33); 348(160.35); 349(79.8); 350(706.08); 351(642.91); 352(680.77); 353(829.43); 354(284.44); 355(853.92); 356(22.91); 357(492.68); 358(695.48); 359(507.43); 360(93.1); 361(319.88); 362(877.22); 363(907.18); 364(11.56); 365(868.46); 366(755.98); 367(15.52); 368(526.7); 369(254.17); 370(188.45); 371(254.5); 372(974.03); 373(996.27); 374(237.17); 375(893.69); 376(966.53); 377(465.46); 378(955.9); 379(427.88); 380(494.61); 381(255.54); 382(587.15); 383(436.5); 384(604.45); 385(293.73); 386(599.41); 387(947.08); 388(411.52); 389(193.36); 390(860.34); 391(742.02); 392(906.18); 393(143.97); 394(465.07); 395(251.59); 396(631.4); 397(365.66); 398(226.84); 399(489.4); 400(828.41); 401(961.63); 402(924.96); 403(114.39); 404(98.2); 405(635.87); 406(583.59); 407(69.37); 408(395.74); 409(431.88); 410(660.34); 411(702.53); 412(321.25); 413(589.07); 414(769.55); 415(889.68); 416(313.46); 417(198.5); 418(777.18); 419(75.65); 420(743.87); 421(696.65); 422(656.05); 423(413.66); 424(399.57); 425(572.37); 426(32.35); 427(525.35); 428(424.53); 429(68.08); 430(701.89); 431(494.04); 432(799.24); 433(595.13); 434(304.91); 435(259.91); 436(242.06); 438(431.9); 439(258.06); 440(746.97); 441(241.23); 442(543.18); 443(476.31); 444(568.06); 445(935.95); 446(646.99); 447(911.45); 448(825.17); 449(368.45); 450(275.27); 451(353.27); 452(887.76); 453(177.09); 454(40.44); 455(719.06); 456(774.39); 457(827.42); 458(977.78); 459(754.27); 460(673.64); 461(748.6); 462(571.88); 463(228.35); 464(592.77); 465(662.12); 466(557.93); 467(296.6); 468(526.48); 469(711.79); 470(184.6); 471(949.22); 472(739.74); 473(440.73); 474(976.23); 475(404.74); 476(816.09); 477(3.96); 478(785.77); 479(899.14); 480(239.92); 481(243.17); 482(136.08); 483(95.71); 484(571.26); 485(694.13); 486(355.46); 487(362.49); 488(135.06); 489(486.67); 490(419.51); 491(926.84); 492(394.7); 493(640.09); 494(689.17); 495(989.17); 496(350.31); 497(62.86); 498(970.15); 499(65.07),2
438,0(274.95); 1(367.11); 2(490.36); 3(733.31); 4(988.26); 5(718.77); 6(307.22); 7(606.68); 8(148.98); 9(540.96); 10(18.15); 11(957.71); 12(746.57); 13(478.24); 14(95.29); 15(210.22); 16(568.54); 17(364.91); 18(538.85); 19(656.8); 20(528.73); 21(833.96); 22(207.67); 23(641.2); 24(104.44); 25(987.39); 26(863.13); 27(212.99); 28(919.77); 29(534.3); 30(705.81); 31(846.66); 32(245.79); 33(828.24); 34(355.8); 35(385.81); 36(575.54); 37(930.95); 38(864.1); 39(947.9); 40(102.62); 41(401.16); 42(490.09); 43(691.21); 44(558.18); 45(3.38); 46(180.18); 47(123.56); 48(214.37); 49(680.88); 50(135.05); 51(745.5); 52(234.62); 53(164.36); 54(750.28); 55(224.7); 56(590.97); 57(379.29); 58(356.19); 59(772.5); 60(698.16); 61(938.23); 62(365.63); 63(295.53); 64(211.82); 65(662.71); 66(691.03); 67(659.84); 68(337.07); 69(779.82); 70(729.16); 71(317.05); 72(391.41); 73(318.02); 74(506.72); 75(66.78); 76(831.9); 77(275.13); 78(184.6); 79(989.87); 80(851.76); 81(260.43); 82(223.38); 83(403.68); 84(302.42); 85(990.99); 86(683.47); 87(605.84); 88(786.99); 89(220.99); 90(740.51); 91(432.43); 92(442.57); 93(988.51); 94(900.55); 95(543.6); 96(965.8); 97(825.52); 98(128.34); 99(974.37); 100(536.39); 101(757.38); 102(322.36); 103(625.65); 104(374.9); 105(36.71); 106(453.71); 107(133.17); 108(950.37); 109(332.24); 110(0.09); 111(8.14); 112(189.91); 113(469.79); 114(7.06); 115(781.71); 116(754.21); 117(456.32); 118(209.73); 119(300.31); 120(685.41); 121(650.74); 122(206.59); 123(840.7); 124(477.49); 125(433.83); 126(910.59); 127(656.63); 128(422.2); 129(708.37); 130(923.99); 131(748.7); 132(983.09); 133(346.4); 134(848.43); 135(276.67); 136(993.79); 137(752.93); 138(499.52); 139(753.94); 140(254.67); 141(440.56); 142(10.68); 143(78.84); 144(525.12); 145(956.93); 146(903.3); 147(651.81); 148(414.3); 149(841.76); 150(504.68); 151(120.74); 152(241.54); 153(831.57); 154(677.66); 155(431.13); 156(28.96); 157(152.79); 158(901.58); 159(781.7); 160(754.66); 161(901.15); 162(679.63); 163(922.89); 164(268.84); 165(483.01); 166(64.95); 167(62.61); 168(349.69); 169(20.58); 170(549.21); 171(39.98); 172(101.27); 173(322.11); 174(537.17); 175(179.26); 176(344.47); 177(298.04); 178(834.2); 179(306.25); 180(978.94); 181(922.79); 182(212.47); 183(304.63); 184(120.19); 185(146.55); 186(28.61); 187(974.31); 188(730.99); 189(877.82); 190(882.18); 191(89.6); 192(745.29); 193(25.27); 194(272.39); 195(987.15); 196(594.33); 197(611.59); 198(307.77); 199(82.12); 200(732.67); 201(96.84); 202(118.44); 203(108.25); 204(448.63); 205(410.8); 206(140.43); 207(587.93); 208(824.02); 209(838.65); 210(757.62); 211(591.31); 212(524.24); 213(488.02); 214(100.19); 215(528.67); 216(825.11); 217(411.97); 218(179.1); 219(511.41); 220(614.31); 221(719.85); 222(651.31); 223(486.56); 224(735.83); 225(417.48); 226(798.12); 227(61.6); 228(197.7); 229(809.27); 230(573.82); 231(950.44); 232(832.53); 233(783.34); 234(475.75); 235(603.43); 236(918.78); 237(225.47); 238(9.0); 239(469.97); 240(953.77); 241(696.47); 242(419.91); 243(932.66); 244(49.46); 245(323.39); 246(531.08); 247(210.99); 248(835.78); 249(896.17); 250(396.31); 251(438.65); 252(719.89); 253(339.21); 254(918.43); 255(336.75); 256(513.58); 257(495.31); 258(950.83); 259(684.89); 260(11.42); 261(449.51); 262(332.7); 263(567.31); 264(286.23); 265(894.66); 266(175.62); 267(652.24); 268(781.87); 269(910.87); 270(342.72); 271(935.57); 272(272.72); 273(749.39); 274(511.46); 275(545.88); 276(324.93); 277(408.79); 278(621.55); 279(24.87); 280(112.39); 281(945.6); 282(177.97); 283(481.64); 284(769.25); 285(190.11); 286(507.85); 287(28.38); 288(349.13); 289(942.61); 290(129.5); 291(430.4); 292(211.89); 293(90.96); 294(691.79); 295(146.38); 296(694.7); 297(166.89); 298(935.89); 299(315.66); 300(193.07); 301(883.42); 302(111.28); 303(358.42); 304(987.12); 305(171.38); 306(583.76); 307(107.04); 308(925.85); 309(60.47); 310(581.95); 311(394.81); 312(282.4); 313(748.21); 314(557.25); 315(808.24); 316(396.1); 317(470.73); 318(482.12); 319(11.7); 320(950.55); 321(317.22); 322(331.12); 323(986.91); 324(598.39); 325(272.03); 326(327.4); 327(235.59); 328(531.43); 329(649.89); 330(674.9); 331(154.29); 332(617.56); 333(245.91); 334(890.89); 335(234.0); 336(624.51); 337(867.77); 338(334.06); 339(934.98); 340(130.32); 341(634.32); 342(652.6); 343(229.98); 344(712.22); 345(404.78); 346(471.16); 347(472.58); 348(927.79); 349(802.37); 350(281.96); 351(698.34); 352(340.9); 353(677.25); 354(487.15); 355(224.66); 356(751.33); 357(412.88); 358(984.67); 359(807.15); 360(582.77); 361(234.44); 362(719.44); 363(189.63); 364(335.72); 365(925.71); 366(645.96); 367(27.3); 368(393.75); 369(647.8); 370(696.78); 371(189.04); 372(763.52); 373(490.33); 374(208.44); 375(0.55); 376(612.38); 377(836.84); 378(112.36); 379(628.09); 380(637.39); 381(542.91); 382(164.52); 383(396.94); 384(874.72); 385(76.24); 386(114.04); 387(94.83); 388(304.56); 389(966.83); 390(105.38); 391(158.23); 392(852.37); 393(320.36); 394(762.5); 395(815.01); 396(547.97); 397(184.47); 398(550.74); 399(954.31); 400(173.04); 401(827.62); 402(176.75); 403(318.34); 404(743.71); 405(479.86); 406(950.59); 407(299.74); 408(825.56); 409(592.69); 410(536.39); 411(568.06); 412(174.53); 413(622.7); 414(555.82); 415(930.37); 416(344.03); 417(680.45); 418(637.49); 419(758.0); 420(951.06); 421(523.17); 422(839.38); 423(947.2); 424(694.4); 425(356.34); 426(822.26); 427(775.16); 428(977.7); 429(625.32); 430(705.5); 431(10.79); 432(774.88); 433(982.07); 434(943.3); 435(91.2); 436(633.95); 437(431.9); 439(539.61); 440(827.53); 441(523.17); 442(779.3); 443(454.09); 444(146.34); 445(580.27); 446(361.67); 447(754.42); 448(873.9); 449(942.44); 450(605.79); 451(779.78); 452(508.17); 453(703.8); 454(551.14); 455(439.2); 456(630.65); 457(635.34); 458(192.49); 459(876.73); 460(229.0); 461(590.33); 462(919.92); 463(29.7); 464(135.41); 465(354.19); 466(539.3); 467(909.75); 468(235.54); 469(739.73); 470(159.19); 471(846.53); 472(869.64); 473(325.96); 474(863.65); 475(265.41); 476(520.87); 477(199.63); 478(899.24); 479(670.09); 480(885.37); 481(477.93); 482(526.27); 483(559.94); 484(562.6); 485(941.48); 486(886.29); 487(153.16); 488(20.05); 489(605.27); 490(649.19); 491(111.91); 492(432.1); 493(457.02); 494(712.89); 495(198.25); 496(96.86); 497(3.04); 498(566.5); 499(793.36),1
439,0(254.46); 1(276.46); 2(497.0); 3(910.71); 4(984.09); 5(92.33); 6(402.08); 7(814.33); 8(699.47); 9(96.75); 10(288.51); 11(374.64); 12(989.03); 13(987.84); 14(410.87); 15(53.8); 16(726.23); 17(991.08); 18(174.02); 19(472.77); 20(399.62); 21(163.71); 22(814.99); 23(226.55); 24(778.09); 25(305.82); 26(103.34); 27(971.62); 28(55.6); 29(950.6); 30(910.78); 31(598.32); 32(75.3); 33(623.56); 34(988.64); 35(974.72); 36(540.2); 37(220.07); 38(753.14); 39(848.39); 40(49.74); 41(755.54); 42(946.38); 43(678.19); 44(478.96); 45(357.07); 46(602.83); 47(937.64); 48(2.28); 49(290.61); 50(671.55); 51(691.82); 52(556.27); 53(163.81); 54(33.1); 55(825.43); 56(101.83); 57(989.25); 58(848.08); 59(149.35); 60(19.86); 61(181.82); 62(478.9); 63(516.69); 64(812.44); 65(880.46); 66(826.26); 67(802.02); 68(691.6); 69(937.35); 70(65.44); 71(821.81); 72(543.74); 73(120.56); 74(613.09); 75(959.17); 76(755.94); 77(424.16); 78(86.08); 79(678.72); 80(903.51); 81(859.5); 82(173.7); 83(333.39); 84(501.76); 85(800.92); 86(991.45); 87(380.49); 88(84.67); 89(384.92); 90(397.91); 91(925.53); 92(737.68); 93(830.9); 94(640.75); 95(487.87); 96(241.18); 97(611.27); 98(829.23); 99(517.92); 100(811.02); 101(450.02); 102(66.52); 103(703.11); 104(602.71); 105(962.49); 106(730.18); 107(594.98); 108(726.62); 109(195.25); 110(30.09); 111(48.64); 112(287.61); 113(827.55); 114(16.89); 115(858.02); 116(40.01); 117(190.43); 118(988.03); 119(776.8); 120(904.37); 121(895.56); 122(684.75); 123(384.68); 124(523.22); 125(634.08); 126(34.19); 127(991.24); 128(4.7); 129(741.0); 130(623.56); 131(87.43); 132(798.24); 133(298.11); 134(170.57); 135(541.77); 136(867.39); 137(272.2); 138(288.98); 139(648.46); 140(138.99); 141(273.29); 142(761.69); 143(701.34); 144(838.67); 145(461.23); 146(291.75); 147(11.1); 148(112.19); 149(776.19); 150(963.02); 151(318.38); 152(281.12); 153(410.88); 154(437.18); 155(550.99); 156(522.25); 157(836.73); 158(267.3); 159(205.05); 160(362.53); 161(876.77); 162(755.69); 163(725.12); 164(96.19); 165(956.42); 166(923.13); 167(492.43); 168(393.23); 169(177.68); 170(987.73); 171(601.11); 172(98.47); 173(678.72); 174(700.98); 175(859.15); 176(535.02); 177(187.24); 178(14.45); 179(544.97); 180(804.4); 181(363.41); 182(311.45); 183(856.14); 184(373.54); 185(211.81); 186(390.56); 187(945.15); 188(966.56); 189(714.71); 190(380.08); 191(374.01); 192(403.68); 193(283.21); 194(414.5); 195(398.64); 196(794.25); 197(134.79); 198(494.98); 199(957.11); 200(703.81); 201(931.73); 202(506.02); 203(117.6); 204(861.47); 205(377.05); 206(365.16); 207(595.29); 208(23.71); 209(927.61); 210(94.49); 211(938.93); 212(645.76); 213(816.69); 214(867.1); 215(460.72); 216(391.43); 217(784.54); 218(717.93); 219(499.38); 220(733.17); 221(506.16); 222(388.88); 223(882.82); 224(324.79); 225(549.13); 226(267.95); 227(865.13); 228(961.78); 229(432.31); 230(738.2); 231(336.41); 232(46.12); 233(979.96); 234(609.41); 235(507.86); 236(56.82); 237(326.88); 238(237.56); 239(104.68); 240(104.45); 241(39.45); 242(68.53); 243(288.25); 244(228.37); 245(678.6); 246(426.18); 247(359.3); 248(560.63); 249(163.6); 250(160.76); 251(103.19); 252(130.54); 253(977.32); 254(141.92); 255(960.91); 256(807.79); 257(904.66); 258(834.06); 259(725.05); 260(379.56); 261(18.77); 262(26.88); 263(936.7); 264(884.58); 265(649.58); 266(697.03); 267(54.86); 268(342.43); 269(813.93); 270(214.24); 271(459.32); 272(297.51); 273(339.82); 274(594.35); 275(566.36); 276(831.52); 277(630.94); 278(644.64); 279(635.4); 280(501.8); 281(568.62); 282(64.97); 283(983.05); 284(366.72); 285(619.46); 286(42.32); 287(696.24); 288(529.53); 289(551.33); 290(576.09); 291(855.93); 292(555.83); 293(301.64); 294(851.7); 295(702.65); 296(428.88); 297(516.9); 298(999.02); 299(971.62); 300(198.8); 301(247.26); 302(366.21); 303(873.19); 304(832.21); 305(865.12); 306(802.67); 307(626.43); 308(837.68); 309(512.52); 310(918.5); 311(22.41); 312(971.22); 313(580.09); 314(836.15); 315(63.03); 316(592.42); 317(381.79); 318(336.58); 319(445.86); 320(866.23); 321(844.44); 322(90.83); 323(349.0); 324(72.76); 325(165.99); 326(230.43); 327(747.49); 328(929.89); 329(473.18); 330(910.44); 331(352.05); 332(45.54); 333(23.48); 334(602.92); 335(128.3); 336(515.74); 337(525.44); 338(58.82); 339(208.07); 340(785.44); 341(973.89); 342(207.77); 343(969.15); 344(374.08); 345(191.68); 346(759.81); 347(521.45); 348(466.03); 349(942.19); 350(451.8); 351(96.5); 352(721.4); 353(792.79); 354(213.33); 355(523.65); 356(116.86); 357(880.75); 358(859.09); 359(932.6); 360(892.87); 361(972.22); 362(606.93); 363(138.3); 364(55.1); 365(915.02); 366(252.82); 367(231.19); 368(675.8); 369(773.98); 370(512.75); 371(276.38); 372(866.65); 373(140.14); 374(516.6); 375(169.47); 376(285.52); 377(946.24); 378(303.97); 379(954.93); 380(645.11); 381(386.03); 382(609.81); 383(9.16); 384(380.54); 385(938.45); 386(905.5); 387(479.28); 388(152.32); 389(386.92); 390(782.76); 391(458.75); 392(459.11); 393(143.56); 394(155.59); 395(558.43); 396(988.53); 397(241.19); 398(444.5); 399(948.64); 400(762.18); 401(541.94); 402(59.57); 403(672.53); 404(765.33); 405(258.57); 406(922.88); 407(45.7); 408(438.47); 409(535.76); 410(240.94); 411(606.52); 412(780.16); 413(476.36); 414(346.61); 415(785.09); 416(146.76); 417(470.6); 418(718.13); 419(43.73); 420(945.33); 421(810.41); 422(309.09); 423(511.73); 424(718.14); 425(626.16); 426(301.05); 427(152.16); 428(982.88); 429(101.85); 430(871.31); 431(878.74); 432(837.0); 433(413.99); 434(252.55); 435(103.18); 436(63.9); 437(258.06); 438(539.61); 440(152.11); 441(329.54); 442(544.49); 443(783.11); 444(574.05); 445(955.75); 446(97.84); 447(114.54); 448(241.19); 449(750.25); 450(756.2); 451(52.08); 452(675.8); 453(184.48); 454(512.65); 455(253.33); 456(446.19); 457(402.68); 458(584.24); 459(926.51); 460(858.91); 461(475.6); 462(246.86); 463(190.49); 464(768.18); 465(498.64); 466(553.36); 467(67.66); 468(354.32); 469(745.68); 470(806.68); 471(733.46); 472(948.31); 473(750.3); 474(100.32); 475(605.45); 476(546.89); 477(950.65); 478(631.66); 479(116.03); 480(887.55); 481(842.42); 482(94.27); 483(313.49); 484(95.46); 485(763.69); 486(246.38); 487(23.36); 488(721.87); 489(818.56); 490(85.77); 491(22.3); 492(789.02); 493(847.26); 494(616.03); 495(105.8); 496(557.18); 497(861.61); 498(400.69); 499(971.43),1
440,0(509.38); 1(134.67); 2(394.01); 3(413.09); 4(700.39); 5(75.97); 6(959.41); 7(737.64); 8(28.74); 9(540.0); 10(159.58); 11(754.43); 12(733.64); 13(148.59); 14(782.64); 15(975.12); 16(555.85); 17(815.65); 18(832.69); 19(363.14); 20(533.97); 21(837.92); 22(241.61); 23(926.43); 24(739.77); 25(229.96); 26(559.97); 27(901.23); 28(553.1); 29(618.16); 30(874.47); 31(234.67); 32(258.98); 33(649.53); 34(320.94); 35(846.99); 36(882.76); 37(267.61); 38(800.66); 39(499.04); 40(422.75); 41(788.17); 42(822.18); 43(485.87); 44(872.69); 45(732.32); 46(968.42); 47(0.98); 48(524.53); 49(803.2); 50(726.87); 51(698.09); 52(129.0); 53(878.07); 54(51.31); 55(504.09); 56(710.54); 57(462.25); 58(697.77); 59(20.79); 60(464.79); 61(744.32); 62(454.02); 63(155.11); 64(615.03); 65(508.76); 66(405.35); 67(899.45); 68(815.72); 69(674.88); 70(676.92); 71(677.19); 72(557.78); 73(8.9); 74(351.67); 75(726.46); 76(88.02); 77(959.92); 78(836.49); 79(43.3); 80(758.86); 81(354.44); 82(973.76); 83(771.35); 84(822.05); 85(245.0); 86(768.97); 87(407.63); 88(238.55); 89(594.88); 90(286.48); 91(326.62); 92(180.49); 93(864.88); 94(73.93); 95(918.25); 96(974.97); 97(422.26); 98(578.44); 99(781.6); 100(480.26); 101(609.23); 102(609.36); 103(41.72); 104(788.07); 105(348.85); 106(128.64); 107(905.29); 108(790.1); 109(306.23); 110(833.06); 111(267.77); 112(949.16); 113(104.9); 114(711.89); 115(905.88); 116(695.24); 117(495.9); 118(783.69); 119(703.43); 120(234.05); 121(18.54); 122(910.06); 123(158.53); 124(311.21); 125(168.5); 126(69.87); 127(687.98); 128(198.74); 129(632.4); 130(0.56); 131(755.8); 132(344.75); 133(334.41); 134(983.34); 135(483.35); 136(956.72); 137(530.63); 138(624.39); 139(942.58); 140(389.17); 141(460.14); 142(505.64); 143(575.35); 144(772.94); 145(828.51); 146(866.95); 147(355.27); 148(588.59); 149(166.86); 150(268.09); 151(320.09); 152(647.15); 153(240.94); 154(885.03); 155(918.95); 156(499.46); 157(630.82); 158(120.7); 159(245.06); 160(171.72); 161(785.71); 162(229.2); 163(123.67); 164(108.16); 165(54.75); 166(796.35); 167(361.9); 168(883.17); 169(309.97); 170(526.72); 171(81.47); 172(467.66); 173(206.73); 174(141.53); 175(818.41); 176(153.62); 177(683.95); 178(192.83); 179(231.83); 180(70.18); 181(699.56); 182(82.15); 183(335.88); 184(263.06); 185(713.35); 186(836.77); 187(313.51); 188(110.76); 189(392.67); 190(468.31); 191(342.48); 192(379.86); 193(748.08); 194(641.5); 195(195.84); 196(398.22); 197(773.73); 198(738.32); 199(746.3); 200(385.16); 201(728.78); 202(43.7); 203(136.4); 204(178.4); 205(159.49); 206(21.56); 207(41.42); 208(304.33); 209(393.17); 210(260.92); 211(867.17); 212(305.75); 213(117.76); 214(176.32); 215(171.17); 216(644.95); 217(62.86); 218(893.2); 219(109.21); 220(27.61); 221(274.67); 222(914.57); 223(517.26); 224(165.03); 225(254.55); 226(257.85); 227(970.19); 228(78.2); 229(456.91); 230(399.14); 231(518.94); 232(208.57); 233(443.3); 234(86.65); 235(167.66); 236(129.68); 237(894.55); 238(926.31); 239(377.51); 240(740.16); 241(986.47); 242(427.69); 243(784.01); 244(477.71); 245(847.45); 246(910.59); 247(619.3); 248(124.17); 249(885.71); 250(157.86); 251(750.9); 252(969.84); 253(41.24); 254(904.94); 255(191.63); 256(134.54); 257(233.37); 258(962.46); 259(369.59); 260(73.28); 261(9.24); 262(621.73); 263(647.77); 264(706.67); 265(538.53); 266(616.62); 267(497.42); 268(665.48); 269(385.71); 270(558.2); 271(697.51); 272(676.49); 273(955.97); 274(256.92); 275(373.11); 276(412.13); 277(472.33); 278(604.35); 279(713.03); 280(172.9); 281(453.14); 282(845.25); 283(774.64); 284(460.59); 285(675.48); 286(474.22); 287(136.13); 288(530.22); 289(442.11); 290(997.59); 291(673.32); 292(149.11); 293(11.91); 294(462.97); 295(847.95); 296(692.81); 297(571.45); 298(78.53); 299(792.81); 300(89.88); 301(525.02); 302(417.85); 303(126.78); 304(366.16); 305(233.58); 306(592.09); 307(388.7); 308(327.16); 309(478.83); 310(692.6); 311(379.96); 312(568.49); 313(76.63); 314(576.13); 315(188.8); 316(858.5); 317(287.66); 318(921.3); 319(29.5); 320(735.18); 321(171.06); 322(831.84); 323(163.86); 324(992.23); 325(449.77); 326(91.23); 327(313.64); 328(346.17); 329(881.66); 330(516.46); 331(892.27); 332(569.69); 333(217.67); 334(50.63); 335(593.88); 336(739.71); 337(414.51); 338(80.04); 339(701.19); 340(609.26); 341(142.0); 342(104.12); 343(605.26); 344(754.99); 345(133.65); 346(10.82); 347(631.15); 348(463.95); 349(810.2); 350(361.33); 351(947.07); 352(896.16); 353(372.86); 354(515.68); 355(346.26); 356(938.39); 357(603.38); 358(525.65); 359(206.02); 360(983.4); 361(462.18); 362(591.82); 363(861.7); 364(20.25); 365(172.42); 366(633.65); 367(641.2); 368(833.85); 369(791.68); 370(293.58); 371(543.01); 372(317.75); 373(998.91); 374(355.95); 375(361.6); 376(700.38); 377(702.72); 378(196.05); 379(167.29); 380(190.52); 381(904.04); 382(38.87); 383(108.48); 384(904.34); 385(754.61); 386(121.75); 387(378.34); 388(618.99); 389(505.48); 390(974.86); 391(548.35); 392(8.43); 393(899.24); 394(999.31); 395(58.08); 396(297.51); 397(791.07); 398(680.48); 399(595.7); 400(934.69); 401(782.74); 402(204.93); 403(701.01); 404(882.4); 405(18.91); 406(110.26); 407(245.54); 408(917.34); 409(642.99); 410(392.65); 411(577.63); 412(773.13); 413(317.67); 414(60.2); 415(683.19); 416(815.43); 417(613.53); 418(73.95); 419(233.52); 420(58.42); 421(521.23); 422(481.1); 423(867.61); 424(71.31); 425(479.71); 426(152.81); 427(949.35); 428(86.23); 429(717.79); 430(170.4); 431(19.2); 432(176.64); 433(71.5); 434(170.24); 435(331.25); 436(552.22); 437(746.97); 438(827.53); 439(152.11); 441(171.45); 442(106.75); 443(860.62); 444(965.0); 445(137.38); 446(810.91); 447(381.67); 448(520.17); 449(398.78); 450(821.99); 451(93.21); 452(206.96); 453(786.02); 454(55.25); 455(638.77); 456(896.09); 457(658.68); 458(462.81); 459(639.1); 460(683.39); 461(454.62); 462(742.88); 463(686.83); 464(7.76); 465(460.28); 466(93.4); 467(326.4); 468(860.81); 469(454.12); 470(437.35); 471(858.14); 472(9.56); 473(992.37); 474(459.31); 475(86.14); 476(260.19); 477(845.47); 478(263.19); 479(576.92); 480(223.89); 481(300.69); 482(139.28); 483(566.97); 484(555.32); 485(244.65); 486(585.41); 487(662.38); 488(780.75); 489(512.58); 490(471.52); 491(168.94); 492(308.24); 493(376.67); 494(294.82); 495(554.7); 496(230.49); 497(452.1); 498(22.69); 499(426.17),1
441,0(798.48); 1(388.57); 2(810.48); 3(187.06); 4(187.43); 5(244.22); 6(751.77); 7(380.99); 8(986.9); 9(53.9); 10(113.92); 11(804.13); 12(216.77); 13(588.29); 14(82.83); 15(936.44); 16(374.99); 17(363.43); 18(981.79); 19(256.26); 20(771.85); 21(711.37); 22(375.3); 23(775.79); 24(317.63); 25(433.78); 26(227.8); 27(65.93); 28(203.43); 29(777.33); 30(175.84); 31(268.9); 32(216.55); 33(19.23); 34(665.67); 35(835.9); 36(418.65); 37(38.08); 38(653.22); 39(52.41); 40(310.03); 41(781.36); 42(907.84); 43(704.0); 44(867.89); 45(71.97); 46(758.65); 47(905.01); 48(69.9); 49(201.08); 50(357.37); 51(535.66); 52(584.54); 53(176.59); 54(796.94); 55(346.58); 56(835.43); 57(848.69); 58(170.07); 59(414.67); 60(704.01); 61(40.24); 62(768.3); 63(632.93); 64(549.66); 65(699.8); 66(188.78); 67(983.19); 68(137.53); 69(212.4); 70(714.23); 71(515.97); 72(694.01); 73(621.86); 74(387.21); 75(988.16); 76(205.93); 77(877.91); 78(392.83); 79(218.68); 80(484.66); 81(195.52); 82(282.33); 83(170.88); 84(673.86); 85(13.38); 86(727.44); 87(16.5); 88(990.12); 89(768.38); 90(427.8); 91(995.17); 92(287.9); 93(786.86); 94(108.28); 95(956.81); 96(886.14); 97(402.37); 98(153.36); 99(316.96); 100(59.19); 101(365.81); 102(666.74); 103(482.42); 104(152.43); 105(516.32); 106(922.69); 107(422.21); 108(155.97); 109(989.78); 110(65.71); 111(244.71); 112(844.08); 113(22.47); 114(420.06); 115(225.32); 116(67.73); 117(614.73); 118(636.9); 119(938.98); 120(187.27); 121(197.27); 122(959.87); 123(266.02); 124(658.21); 125(460.89); 126(194.48); 127(829.05); 128(161.31); 129(862.91); 130(573.85); 131(778.35); 132(573.7); 133(503.84); 134(708.19); 135(595.37); 136(209.84); 137(564.96); 138(788.22); 139(100.76); 140(164.96); 141(557.11); 142(381.66); 143(249.23); 144(277.26); 145(182.67); 146(484.03); 147(999.73); 148(236.9); 149(171.72); 150(546.81); 151(747.69); 152(333.13); 153(692.08); 154(759.32); 155(396.51); 156(915.95); 157(905.66); 158(87.12); 159(651.61); 160(308.43); 161(501.0); 162(721.31); 163(303.78); 164(785.56); 165(20.66); 166(824.07); 167(144.46); 168(111.5); 169(683.17); 170(635.14); 171(985.42); 172(557.4); 173(372.93); 174(42.97); 175(329.3); 176(468.36); 177(771.62); 178(796.53); 179(626.41); 180(906.55); 181(574.71); 182(752.01); 183(950.68); 184(970.51); 185(69.21); 186(97.05); 187(207.81); 188(333.72); 189(374.55); 190(691.11); 191(7.74); 192(353.13); 193(175.68); 194(707.93); 195(469.71); 196(126.44); 197(541.56); 198(721.16); 199(577.19); 200(321.86); 201(437.1); 202(668.92); 203(319.21); 204(73.05); 205(77.0); 206(796.62); 207(205.37); 208(349.79); 209(225.02); 210(540.13); 211(663.22); 212(552.16); 213(252.86); 214(83.1); 215(508.76); 216(815.86); 217(324.93); 218(172.39); 219(880.96); 220(885.73); 221(338.33); 222(841.98); 223(525.52); 224(227.96); 225(33.94); 226(403.69); 227(348.32); 228(370.86); 229(466.12); 230(61.39); 231(622.38); 232(235.75); 233(236.55); 234(936.96); 235(722.04); 236(732.04); 237(846.89); 238(235.74); 239(575.8); 240(839.48); 241(467.8); 242(52.85); 243(765.88); 244(254.45); 245(602.16); 246(61.48); 247(258.21); 248(531.93); 249(817.97); 250(412.46); 251(374.64); 252(334.26); 253(2.24); 254(776.76); 255(397.83); 256(961.89); 257(896.09); 258(368.1); 259(88.93); 260(245.03); 261(428.92); 262(277.77); 263(115.82); 264(781.41); 265(325.8); 266(100.11); 267(573.46); 268(81.75); 269(290.68); 270(241.47); 271(616.97); 272(913.77); 273(457.79); 274(69.4); 275(649.62); 276(52.56); 277(358.03); 278(971.44); 279(64.03); 280(988.0); 281(54.15); 282(81.64); 283(659.06); 284(431.4); 285(561.07); 286(851.24); 287(885.15); 288(324.18); 289(332.36); 290(847.66); 291(257.64); 292(723.84); 293(548.88); 294(275.33); 295(809.45); 296(336.4); 297(656.14); 298(152.23); 299(71.69); 300(542.05); 301(616.34); 302(540.04); 303(586.35); 304(602.39); 305(986.34); 306(974.4); 307(458.39); 308(728.49); 309(193.8); 310(826.55); 311(596.93); 312(361.43); 313(175.26); 314(659.77); 315(207.08); 316(805.12); 317(414.1); 318(402.63); 319(302.45); 320(150.78); 321(556.4); 322(479.22); 323(810.24); 324(841.24); 325(860.43); 326(341.28); 327(114.88); 328(295.61); 329(824.38); 330(161.37); 331(993.21); 332(467.63); 333(472.57); 334(616.03); 335(252.08); 336(737.73); 337(248.36); 338(905.87); 339(466.09); 340(367.68); 341(820.51); 342(634.5); 343(308.95); 344(895.61); 345(797.42); 346(464.01); 347(566.32); 348(424.37); 349(475.73); 350(905.29); 351(788.23); 352(51.06); 353(813.72); 354(666.34); 355(964.94); 356(751.62); 357(896.07); 358(320.31); 359(773.22); 360(40.98); 361(161.63); 362(807.49); 363(882.08); 364(892.2); 365(784.37); 366(88.52); 367(67.82); 368(65.14); 369(363.33); 370(425.98); 371(496.49); 372(31.86); 373(278.22); 374(639.09); 375(13.06); 376(94.64); 377(837.64); 378(863.89); 379(723.14); 380(726.18); 381(224.24); 382(354.35); 383(205.49); 384(585.29); 385(76.72); 386(499.31); 387(828.76); 388(224.56); 389(513.49); 390(431.11); 391(181.86); 392(422.28); 393(834.27); 394(667.74); 395(194.12); 396(110.63); 397(512.43); 398(749.79); 399(367.02); 400(282.91); 401(196.6); 402(391.05); 403(894.86); 404(205.57); 405(43.86); 406(239.0); 407(695.99); 408(358.83); 409(737.65); 410(295.72); 411(784.61); 412(296.96); 413(278.1); 414(986.75); 415(835.28); 416(136.6); 417(205.18); 418(592.55); 419(726.67); 420(861.76); 421(366.94); 422(516.23); 423(183.53); 424(685.73); 425(836.78); 426(562.54); 427(387.37); 428(310.46); 429(629.9); 430(18.01); 431(840.61); 432(478.34); 433(679.73); 434(785.38); 435(848.61); 436(549.0); 437(241.23); 438(523.17); 439(329.54); 440(171.45); 442(209.67); 443(774.34); 444(704.2); 445(165.59); 446(737.84); 447(910.42); 448(565.46); 449(375.86); 450(991.37); 451(939.44); 452(202.54); 453(230.59); 454(476.28); 455(271.19); 456(164.36); 457(421.75); 458(173.24); 459(207.18); 460(984.77); 461(954.82); 462(93.5); 463(234.58); 464(332.89); 465(328.09); 466(948.6); 467(600.11); 468(106.38); 469(297.22); 470(699.54); 471(856.46); 472(161.34); 473(783.12); 474(318.74); 475(984.43); 476(591.96); 477(90.26); 478(156.45); 479(830.4); 480(633.05); 481(377.53); 482(862.65); 483(929.75); 484(660.72); 485(345.75); 486(799.24); 487(799.94); 488(639.99); 489(248.57); 490(933.77); 491(821.06); 492(764.25); 493(412.33); 494(576.87); 495(203.34); 496(738.19); 497(997.29); 498(881.98); 499(719.52),1
442,0(678.85); 1(561.66); 2(744.17); 3(963.24); 4(548.62); 5(126.32); 6(458.58); 7(477.36); 8(323.51); 9(279.78); 10(96.37); 11(734.26); 12(999.27); 13(567.69); 14(458.8); 15(581.99); 16(295.04); 17(155.26); 18(501.27); 19(449.1); 20(585.36); 21(570.25); 22(408.14); 23(277.98); 24(191.66); 25(839.17); 26(611.98); 27(40.56); 28(820.63); 29(6.6); 30(402.47); 31(361.0); 32(402.85); 33(904.24); 34(727.56); 35(597.4); 36(556.4); 37(204.0); 38(15.37); 39(807.69); 40(783.99); 41(466.21); 42(358.57); 43(112.48); 44(755.15); 45(18.99); 46(801.11); 47(636.88); 48(498.11); 49(653.42); 50(979.84); 51(657.92); 52(527.44); 53(526.15); 54(253.01); 55(878.51); 56(445.85); 57(750.83); 58(650.58); 59(933.31); 60(251.7); 61(353.08); 62(71.67); 63(486.12); 64(90.5); 65(99.8); 66(379.74); 67(723.13); 68(287.42); 69(915.0); 70(276.95); 71(15.55); 72(984.39); 73(931.14); 74(775.63); 75(767.29); 76(510.21); 77(776.18); 78(122.19); 79(944.01); 80(96.54); 81(739.9); 82(888.82); 83(420.0); 84(400.69); 85(458.59); 86(218.04); 87(686.56); 88(497.41); 89(688.47); 90(891.95); 91(255.48); 92(241.85); 93(569.63); 94(131.11); 95(293.1); 96(448.96); 97(62.36); 98(565.36); 99(663.22); 100(81.62); 101(903.89); 102(466.58); 103(645.39); 104(636.68); 105(642.63); 106(114.54); 107(549.39); 108(354.43); 109(588.37); 110(19.54); 111(370.99); 112(782.63); 113(45.83); 114(479.26); 115(241.61); 116(942.55); 117(397.25); 118(53.51); 119(889.28); 120(336.12); 121(648.81); 122(651.06); 123(518.14); 124(559.69); 125(91.37); 126(991.37); 127(892.53); 128(689.33); 129(493.23); 130(499.37); 131(86.93); 132(749.22); 133(952.97); 134(919.45); 135(808.17); 136(294.32); 137(949.95); 138(770.88); 139(261.72); 140(287.03); 141(207.2); 142(838.68); 143(601.72); 144(19.78); 145(862.17); 146(527.36); 147(740.99); 148(285.33); 149(443.24); 150(464.75); 151(382.78); 152(581.13); 153(823.08); 154(824.2); 155(420.98); 156(169.24); 157(907.87); 158(890.88); 159(313.3); 160(86.06); 161(623.34); 162(968.09); 163(746.67); 164(395.9); 165(932.94); 166(606.57); 167(918.03); 168(656.42); 169(703.9); 170(888.44); 171(636.34); 172(823.92); 173(596.81); 174(617.35); 175(176.68); 176(878.23); 177(709.99); 178(671.91); 179(109.08); 180(941.71); 181(492.35); 182(886.69); 183(785.08); 184(368.33); 185(934.71); 186(566.11); 187(646.12); 188(856.28); 189(899.55); 190(755.85); 191(778.69); 192(705.98); 193(105.64); 194(255.52); 195(872.0); 196(299.85); 197(128.18); 198(50.02); 199(634.07); 200(994.33); 201(86.35); 202(214.81); 203(318.61); 204(959.84); 205(752.47); 206(189.11); 207(282.38); 208(417.76); 209(425.56); 210(417.72); 211(607.33); 212(677.53); 213(273.6); 214(133.97); 215(791.3); 216(180.04); 217(702.41); 218(493.19); 219(315.66); 220(697.67); 221(69.68); 222(230.19); 223(145.1); 224(189.9); 225(614.95); 226(663.02); 227(586.06); 228(75.57); 229(685.25); 230(871.52); 231(2.86); 232(873.21); 233(54.38); 234(579.54); 235(7.77); 236(769.05); 237(690.67); 238(53.57); 239(26.81); 240(262.12); 241(629.12); 242(494.86); 243(851.81); 244(805.57); 245(803.98); 246(780.15); 247(204.71); 248(212.6); 249(801.02); 250(170.9); 251(755.43); 252(629.82); 253(956.77); 254(134.77); 255(454.17); 256(480.51); 257(926.78); 258(916.0); 259(354.26); 260(802.91); 261(516.2); 262(718.92); 263(760.13); 264(983.26); 265(111.99); 266(658.88); 267(649.2); 268(793.98); 269(408.74); 270(765.86); 271(79.42); 272(250.01); 273(161.9); 274(581.16); 275(268.37); 276(141.06); 277(854.88); 278(740.51); 279(713.69); 280(800.12); 281(789.05); 282(231.8); 283(411.83); 284(856.63); 285(65.72); 286(328.91); 287(100.86); 288(387.98); 289(679.23); 290(569.77); 291(536.76); 292(523.51); 293(738.14); 294(917.87); 295(392.41); 296(115.53); 297(425.1); 298(935.11); 299(222.07); 300(183.86); 301(726.32); 302(235.09); 303(245.72); 304(599.22); 305(879.75); 306(211.84); 307(105.91); 308(801.04); 309(299.66); 310(36.42); 311(885.38); 312(561.77); 313(866.33); 314(793.37); 315(626.88); 316(943.03); 317(275.3); 318(75.66); 319(835.43); 320(936.15); 321(158.9); 322(334.22); 323(806.01); 324(255.56); 325(254.21); 326(704.9); 327(738.98); 328(773.29); 329(586.03); 330(388.19); 331(334.97); 332(385.9); 333(739.85); 334(412.38); 335(573.06); 336(279.13); 337(350.14); 338(369.89); 339(160.75); 340(779.88); 341(954.52); 342(276.09); 343(533.87); 344(575.43); 345(830.01); 346(862.28); 347(302.27); 348(819.33); 349(835.6); 350(536.54); 351(418.09); 352(81.2); 353(448.14); 354(449.09); 355(520.66); 356(369.76); 357(37.86); 358(871.58); 359(565.4); 360(359.05); 361(752.19); 362(351.98); 363(105.59); 364(579.95); 365(816.29); 366(382.39); 367(245.48); 368(91.9); 369(558.58); 370(903.88); 371(0.4); 372(798.64); 373(91.39); 374(672.23); 375(307.7); 376(861.49); 377(493.45); 378(254.32); 379(421.07); 380(806.87); 381(77.3); 382(274.94); 383(142.46); 384(699.14); 385(323.2); 386(611.63); 387(450.81); 388(792.99); 389(394.17); 390(517.99); 391(688.53); 392(642.63); 393(870.94); 394(989.04); 395(418.34); 396(23.93); 397(649.38); 398(882.74); 399(376.53); 400(213.38); 401(579.51); 402(885.58); 403(97.16); 404(15.04); 405(953.64); 406(715.81); 407(438.98); 408(56.8); 409(67.39); 410(275.53); 411(356.0); 412(858.4); 413(258.15); 414(16.36); 415(359.28); 416(204.2); 417(774.18); 418(478.16); 419(470.19); 420(732.02); 421(814.72); 422(361.84); 423(654.0); 424(459.23); 425(345.4); 426(817.56); 427(128.47); 428(41.83); 429(634.63); 430(383.54); 431(13.78); 432(512.91); 433(311.34); 434(70.78); 435(119.52); 436(886.97); 437(543.18); 438(779.3); 439(544.49); 440(106.75); 441(209.67); 443(702.03); 444(678.24); 445(903.04); 446(225.26); 447(550.83); 448(546.28); 449(964.75); 450(128.74); 451(449.49); 452(653.18); 453(387.31); 454(195.61); 455(631.54); 456(333.46); 457(119.49); 458(159.8); 459(902.62); 460(675.31); 461(398.63); 462(991.08); 463(779.13); 464(410.16); 465(522.79); 466(372.42); 467(592.28); 468(152.34); 469(864.87); 470(628.23); 471(311.15); 472(337.96); 473(49.02); 474(838.29); 475(807.9); 476(576.69); 477(531.08); 478(68.44); 479(205.43); 480(185.8); 481(462.53); 482(927.12); 483(923.2); 484(148.94); 485(787.13); 486(343.65); 487(972.59); 488(964.36); 489(523.03); 490(381.32); 491(615.25); 492(903.09); 493(992.37); 494(933.25); 495(293.96); 496(69.97); 497(274.09); 498(719.44); 499(111.2),1
443,0(744.59); 1(364.42); 2(612.14); 3(811.58); 4(679.21); 5(108.3); 6(494.38); 7(332.43); 8(231.89); 9(180.18); 10(117.06); 11(349.84); 12(464.15); 13(70.84); 14(941.08); 15(547.35); 16(767.15); 17(584.53); 18(634.4); 19(303.35); 20(353.18); 21(663.76); 22(297.87); 23(238.93); 24(478.37); 25(964.67); 26(792.27); 27(279.34); 28(974.52); 29(557.17); 30(577.85); 31(430.98); 32(532.68); 33(684.62); 34(210.3); 35(105.68); 36(280.56); 37(375.12); 38(454.86); 39(203.26); 40(224.3); 41(94.33); 42(433.11); 43(473.7); 44(879.63); 45(382.38); 46(630.86); 47(922.42); 48(642.25); 49(777.39); 50(991.55); 51(190.32); 52(201.2); 53(68.69); 54(116.76); 55(214.28); 56(28.4); 57(99.74); 58(751.45); 59(753.53); 60(477.31); 61(148.99); 62(633.39); 63(108.94); 64(497.17); 65(894.94); 66(758.23); 67(25.51); 68(561.1); 69(960.56); 70(35.12); 71(357.98); 72(560.56); 73(695.59); 74(354.7); 75(399.08); 76(366.58); 77(631.58); 78(733.84); 79(469.03); 80(276.23); 81(78.61); 82(574.53); 83(874.14); 84(286.08); 85(749.22); 86(528.51); 87(330.44); 88(423.07); 89(627.21); 90(292.21); 91(376.2); 92(577.18); 93(469.84); 94(326.37); 95(977.06); 96(186.76); 97(627.8); 98(710.64); 99(208.15); 100(975.89); 101(763.08); 102(15.37); 103(734.31); 104(274.24); 105(94.06); 106(125.8); 107(505.46); 108(403.37); 109(817.9); 110(278.38); 111(720.66); 112(965.06); 113(366.88); 114(332.75); 115(43.26); 116(778.32); 117(360.13); 118(220.88); 119(996.83); 120(444.02); 121(536.83); 122(125.35); 123(259.88); 124(821.25); 125(14.63); 126(867.1); 127(358.75); 128(299.28); 129(808.31); 130(212.58); 131(758.41); 132(536.56); 133(972.54); 134(773.43); 135(391.56); 136(494.44); 137(91.65); 138(556.33); 139(705.92); 140(710.98); 141(454.27); 142(433.79); 143(192.65); 144(902.11); 145(475.42); 146(312.04); 147(293.01); 148(7.46); 149(271.77); 150(182.38); 151(592.39); 152(187.53); 153(730.7); 154(997.95); 155(950.24); 156(682.74); 157(856.89); 158(442.63); 159(282.23); 160(310.25); 161(859.52); 162(317.36); 163(63.51); 164(120.1); 165(932.59); 166(989.26); 167(563.04); 168(709.68); 169(247.54); 170(98.88); 171(704.72); 172(786.8); 173(772.75); 174(558.46); 175(513.05); 176(557.51); 177(528.63); 178(59.67); 179(206.32); 180(526.07); 181(399.31); 182(588.64); 183(249.3); 184(7.99); 185(50.05); 186(780.59); 187(549.53); 188(258.26); 189(148.84); 190(65.4); 191(611.74); 192(136.02); 193(498.0); 194(661.66); 195(868.43); 196(84.54); 197(70.73); 198(749.37); 199(582.74); 200(943.71); 201(867.65); 202(554.45); 203(699.86); 204(563.29); 205(861.38); 206(785.34); 207(980.48); 208(651.32); 209(800.4); 210(362.66); 211(26.06); 212(373.06); 213(798.17); 214(477.71); 215(690.26); 216(652.57); 217(32.71); 218(917.47); 219(254.39); 220(249.81); 221(591.84); 222(811.34); 223(101.2); 224(283.77); 225(58.73); 226(915.91); 227(810.5); 228(259.71); 229(745.4); 230(87.6); 231(633.31); 232(118.38); 233(731.61); 234(612.39); 235(98.2); 236(860.79); 237(281.85); 238(60.04); 239(79.43); 240(54.74); 241(56.28); 242(94.16); 243(263.47); 244(983.61); 245(668.35); 246(257.33); 247(0.11); 248(287.56); 249(439.29); 250(158.42); 251(807.67); 252(704.4); 253(766.64); 254(891.92); 255(584.87); 256(307.54); 257(365.38); 258(658.78); 259(841.39); 260(417.71); 261(49.16); 262(53.99); 263(738.46); 264(431.41); 265(526.16); 266(975.72); 267(147.72); 268(791.21); 269(530.92); 270(938.94); 271(843.41); 272(334.99); 273(823.59); 274(913.03); 275(248.19); 276(985.31); 277(52.67); 278(453.12); 279(202.86); 280(177.98); 281(153.11); 282(191.1); 283(377.08); 284(957.76); 285(644.01); 286(781.9); 287(220.59); 288(944.23); 289(482.16); 290(274.99); 291(905.45); 292(671.24); 293(621.2); 294(729.15); 295(245.54); 296(219.12); 297(740.13); 298(362.46); 299(637.68); 300(163.23); 301(453.92); 302(918.08); 303(524.75); 304(958.81); 305(746.12); 306(832.53); 307(843.58); 308(605.33); 309(650.33); 310(10.32); 311(509.08); 312(816.87); 313(907.86); 314(181.89); 315(557.76); 316(106.71); 317(597.99); 318(631.45); 319(932.23); 320(386.33); 321(352.62); 322(998.13); 323(191.79); 324(816.02); 325(893.34); 326(435.6); 327(441.11); 328(966.65); 329(990.38); 330(177.28); 331(927.48); 332(151.9); 333(259.04); 334(749.6); 335(177.49); 336(253.16); 337(339.65); 338(83.4); 339(556.17); 340(906.64); 341(28.65); 342(175.39); 343(208.47); 344(974.94); 345(408.59); 346(294.88); 347(771.99); 348(927.96); 349(225.69); 350(561.36); 351(41.41); 352(299.43); 353(852.93); 354(320.78); 355(753.53); 356(490.34); 357(735.62); 358(183.35); 359(965.11); 360(555.16); 361(273.81); 362(930.71); 363(917.24); 364(286.33); 365(220.4); 366(613.8); 367(429.61); 368(255.63); 369(678.69); 370(450.56); 371(406.92); 372(319.95); 373(270.64); 374(950.21); 375(328.07); 376(381.77); 377(42.03); 378(325.54); 379(258.83); 380(186.79); 381(356.18); 382(111.45); 383(7.0); 384(182.68); 385(287.77); 386(977.63); 387(194.13); 388(285.17); 389(272.32); 390(452.15); 391(193.58); 392(589.33); 393(47.44); 394(801.64); 395(243.05); 396(633.72); 397(160.19); 398(182.18); 399(486.76); 400(259.04); 401(90.8); 402(249.41); 403(824.85); 404(888.5); 405(689.71); 406(660.07); 407(374.84); 408(283.58); 409(489.29); 410(494.76); 411(555.76); 412(575.29); 413(998.87); 414(75.35); 415(319.52); 416(983.5); 417(407.95); 418(527.51); 419(518.55); 420(420.97); 421(325.8); 422(640.91); 423(70.38); 424(647.56); 425(929.91); 426(47.6); 427(385.63); 428(427.68); 429(390.21); 430(840.24); 431(616.11); 432(141.45); 433(381.0); 434(554.99); 435(748.2); 436(819.99); 437(476.31); 438(454.09); 439(783.11); 440(860.62); 441(774.34); 442(702.03); 444(752.21); 445(699.34); 446(932.84); 447(766.05); 448(878.65); 449(830.32); 450(896.47); 451(679.96); 452(165.51); 453(2.19); 454(508.67); 455(26.58); 456(843.15); 457(951.31); 458(49.52); 459(521.79); 460(893.2); 461(680.65); 462(439.95); 463(818.82); 464(566.19); 465(795.07); 466(324.52); 467(624.63); 468(360.01); 469(26.21); 470(540.61); 471(460.11); 472(769.64); 473(344.46); 474(813.43); 475(709.18); 476(358.35); 477(409.19); 478(864.64); 479(258.14); 480(992.65); 481(705.67); 482(897.46); 483(69.08); 484(718.75); 485(435.21); 486(418.87); 487(155.39); 488(712.87); 489(419.21); 490(215.34); 491(307.23); 492(479.82); 493(106.43); 494(471.74); 495(253.2); 496(962.0); 497(467.26); 498(962.02); 499(224.47),1
444,0(29.59); 1(274.72); 2(242.6); 3(706.29); 4(984.17); 5(635.93); 6(334.29); 7(138.5); 8(60.5); 9(382.18); 10(948.15); 11(131.78); 12(470.45); 13(427.28); 14(525.5); 15(898.87); 16(600.79); 17(586.58); 18(970.38); 19(147.35); 20(111.54); 21(938.06); 22(198.77); 23(807.02); 24(853.19); 25(705.33); 26(73.92); 27(314.7); 28(380.53); 29(590.5); 30(216.33); 31(97.03); 32(444.88); 33(720.02); 34(478.42); 35(213.1); 36(77.72); 37(414.81); 38(629.72); 39(172.83); 40(841.16); 41(281.28); 42(227.42); 43(240.61); 44(927.83); 45(863.22); 46(837.12); 47(210.96); 48(451.16); 49(479.06); 50(65.49); 51(738.13); 52(111.79); 53(998.85); 54(278.86); 55(135.32); 56(650.45); 57(439.71); 58(663.15); 59(658.76); 60(480.21); 61(239.21); 62(932.09); 63(351.22); 64(339.45); 65(364.53); 66(362.98); 67(383.92); 68(906.7); 69(937.55); 70(908.35); 71(789.04); 72(76.96); 73(787.36); 74(148.75); 75(56.84); 76(760.72); 77(408.65); 78(45.04); 79(968.64); 80(65.15); 81(991.41); 82(636.34); 83(90.06); 84(628.11); 85(378.47); 86(656.35); 87(984.13); 88(53.12); 89(117.87); 90(151.77); 91(277.83); 92(385.55); 93(500.9); 94(195.47); 95(351.42); 96(254.24); 97(934.03); 98(783.93); 99(927.75); 100(167.71); 101(647.48); 102(215.17); 103(466.68); 104(883.22); 105(639.38); 106(635.95); 107(486.74); 108(450.62); 109(616.59); 110(886.86); 111(381.54); 112(488.73); 113(246.43); 114(531.35); 115(479.81); 116(611.58); 117(848.29); 118(543.1); 119(71.16); 120(104.13); 121(235.14); 122(415.51); 123(538.92); 124(741.71); 125(205.35); 126(514.02); 127(180.02); 128(204.83); 129(209.38); 130(906.89); 131(137.43); 132(765.55); 133(605.9); 134(872.27); 135(826.42); 136(181.11); 137(687.66); 138(902.59); 139(993.25); 140(501.07); 141(840.04); 142(177.89); 143(155.37); 144(137.84); 145(370.27); 146(119.47); 147(389.57); 148(399.26); 149(971.74); 150(808.48); 151(720.98); 152(998.53); 153(605.76); 154(235.41); 155(455.87); 156(652.51); 157(514.2); 158(946.28); 159(880.55); 160(295.61); 161(263.4); 162(556.99); 163(42.76); 164(20.43); 165(94.45); 166(74.53); 167(754.28); 168(948.25); 169(831.25); 170(338.79); 171(899.64); 172(999.95); 173(895.84); 174(927.82); 175(411.12); 176(349.52); 177(202.17); 178(709.59); 179(448.44); 180(984.11); 181(596.21); 182(402.73); 183(573.65); 184(212.36); 185(721.93); 186(493.06); 187(678.18); 188(974.82); 189(963.26); 190(870.0); 191(31.51); 192(786.59); 193(840.96); 194(876.74); 195(147.34); 196(52.09); 197(206.93); 198(827.25); 199(748.44); 200(321.4); 201(420.75); 202(868.23); 203(148.95); 204(742.94); 205(119.14); 206(729.98); 207(495.95); 208(958.19); 209(11.11); 210(808.93); 211(39.7); 212(971.13); 213(186.45); 214(495.75); 215(652.25); 216(825.13); 217(726.65); 218(946.27); 219(260.47); 220(868.52); 221(389.95); 222(334.7); 223(642.94); 224(821.44); 225(239.15); 226(882.51); 227(659.21); 228(751.48); 229(952.54); 230(723.67); 231(88.12); 232(920.14); 233(511.77); 234(365.33); 235(370.37); 236(643.61); 237(187.48); 238(484.92); 239(272.88); 240(367.08); 241(325.26); 242(976.03); 243(935.27); 244(711.74); 245(495.1); 246(938.53); 247(611.66); 248(210.67); 249(827.16); 250(493.34); 251(629.53); 252(998.45); 253(416.45); 254(414.27); 255(282.97); 256(234.0); 257(837.83); 258(408.36); 259(212.68); 260(265.27); 261(31.8); 262(275.73); 263(834.04); 264(332.12); 265(41.78); 266(429.87); 267(426.28); 268(59.74); 269(354.82); 270(718.17); 271(9.0); 272(668.44); 273(162.7); 274(784.66); 275(441.15); 276(291.27); 277(300.81); 278(393.29); 279(746.34); 280(243.84); 281(27.9); 282(669.64); 283(53.51); 284(939.45); 285(975.62); 286(892.9); 287(475.91); 288(753.92); 289(581.61); 290(554.11); 291(345.47); 292(312.18); 293(444.56); 294(225.14); 295(900.28); 296(326.29); 297(749.18); 298(988.9); 299(684.69); 300(965.46); 301(376.03); 302(323.44); 303(517.27); 304(173.1); 305(138.24); 306(871.95); 307(587.41); 308(785.81); 309(813.17); 310(502.07); 311(462.07); 312(71.79); 313(708.3); 314(291.5); 315(232.96); 316(812.03); 317(333.07); 318(381.39); 319(19.31); 320(40.87); 321(234.53); 322(957.32); 323(140.03); 324(292.2); 325(678.08); 326(460.67); 327(352.76); 328(414.71); 329(296.51); 330(230.13); 331(89.18); 332(378.12); 333(442.98); 334(118.14); 335(800.76); 336(862.42); 337(132.51); 338(696.03); 339(862.01); 340(598.01); 341(235.79); 342(976.04); 343(379.81); 344(804.3); 345(182.1); 346(280.4); 347(655.19); 348(887.7); 349(902.05); 350(508.05); 351(17.99); 352(443.68); 353(685.67); 354(701.34); 355(281.81); 356(709.3); 357(456.15); 358(684.77); 359(839.95); 360(993.61); 361(559.83); 362(99.09); 363(193.87); 364(204.52); 365(315.04); 366(528.02); 367(742.21); 368(227.48); 369(245.41); 370(35.59); 371(569.87); 372(412.31); 373(524.88); 374(161.44); 375(647.57); 376(936.61); 377(56.83); 378(164.38); 379(565.69); 380(30.01); 381(641.88); 382(962.92); 383(666.35); 384(798.2); 385(747.24); 386(675.43); 387(202.53); 388(846.21); 389(864.08); 390(885.16); 391(920.56); 392(948.71); 393(193.07); 394(608.78); 395(854.27); 396(157.03); 397(807.47); 398(839.4); 399(93.11); 400(633.62); 401(405.23); 402(963.64); 403(764.9); 404(130.87); 405(847.12); 406(85.32); 407(772.62); 408(200.54); 409(325.95); 410(962.79); 411(431.81); 412(345.3); 413(835.76); 414(751.33); 415(329.45); 416(929.81); 417(920.66); 418(503.15); 419(780.04); 420(328.28); 421(805.86); 422(800.29); 423(324.31); 424(742.96); 425(608.63); 426(951.32); 427(580.42); 428(492.38); 429(210.21); 430(837.56); 431(552.2); 432(579.94); 433(406.75); 434(715.34); 435(625.11); 436(837.76); 437(568.06); 438(146.34); 439(574.05); 440(965.0); 441(704.2); 442(678.24); 443(752.21); 445(253.54); 446(656.95); 447(621.28); 448(341.27); 449(708.63); 450(787.13); 451(287.38); 452(217.31); 453(286.04); 454(588.91); 455(193.97); 456(434.39); 457(304.44); 458(533.71); 459(785.99); 460(530.95); 461(375.33); 462(657.09); 463(525.64); 464(243.27); 465(705.97); 466(1.94); 467(519.75); 468(886.79); 469(209.08); 470(580.89); 471(246.27); 472(336.48); 473(91.01); 474(580.11); 475(520.7); 476(450.24); 477(752.71); 478(343.04); 479(478.27); 480(470.95); 481(35.98); 482(314.49); 483(25.16); 484(48.22); 485(75.32); 486(846.1); 487(418.41); 488(515.87); 489(393.63); 490(456.54); 491(16.49); 492(441.06); 493(13.94); 494(374.61); 495(805.46); 496(780.98); 497(31.64); 498(174.79); 499(142.5),1
445,0(135.3); 1(510.76); 2(665.92); 3(615.62); 4(773.31); 5(169.2); 6(289.36); 7(625.76); 8(832.8); 9(652.2); 10(904.5); 11(541.71); 12(469.57); 13(152.79); 14(47.04); 15(833.33); 16(527.35); 17(766.74); 18(55.24); 19(912.62); 20(876.21); 21(865.43); 22(627.97); 23(527.1); 24(889.33); 25(605.24); 26(157.54); 27(380.97); 28(118.61); 29(630.57); 30(130.09); 31(567.92); 32(56.22); 33(835.5); 34(583.58); 35(814.6); 36(378.07); 37(697.81); 38(404.24); 39(276.9); 40(843.23); 41(858.23); 42(937.59); 43(504.06); 44(247.16); 45(399.25); 46(983.79); 47(958.09); 48(925.86); 49(329.13); 50(159.94); 51(259.58); 52(358.14); 53(994.69); 54(44.56); 55(348.02); 56(42.8); 57(144.69); 58(702.2); 59(632.11); 60(757.34); 61(606.83); 62(853.25); 63(568.42); 64(885.04); 65(344.29); 66(737.13); 67(434.25); 68(85.81); 69(209.49); 70(396.47); 71(104.68); 72(638.28); 73(859.3); 74(123.54); 75(374.17); 76(99.46); 77(118.28); 78(44.97); 79(413.74); 80(95.52); 81(456.86); 82(666.95); 83(882.44); 84(337.77); 85(47.09); 86(398.2); 87(45.0); 88(57.72); 89(551.04); 90(979.68); 91(819.18); 92(800.81); 93(4.38); 94(156.15); 95(857.5); 96(80.83); 97(493.44); 98(628.73); 99(701.42); 100(426.66); 101(762.47); 102(838.18); 103(869.07); 104(715.37); 105(886.51); 106(868.33); 107(166.76); 108(143.55); 109(911.53); 110(312.21); 111(709.55); 112(542.02); 113(392.62); 114(392.54); 115(292.11); 116(314.06); 117(426.29); 118(787.95); 119(442.85); 120(399.07); 121(43.43); 122(423.13); 123(835.14); 124(831.27); 125(545.36); 126(173.48); 127(833.14); 128(469.42); 129(646.6); 130(375.97); 131(973.21); 132(151.04); 133(665.33); 134(845.05); 135(935.82); 136(728.18); 137(626.62); 138(530.57); 139(339.93); 140(331.74); 141(816.3); 142(483.37); 143(47.68); 144(328.63); 145(633.69); 146(234.63); 147(379.9); 148(385.95); 149(298.3); 150(688.13); 151(515.18); 152(886.13); 153(771.24); 154(317.07); 155(120.0); 156(208.28); 157(247.56); 158(439.78); 159(978.15); 160(297.26); 161(122.13); 162(779.9); 163(7.36); 164(508.64); 165(185.53); 166(356.23); 167(9.69); 168(595.9); 169(125.89); 170(281.41); 171(397.92); 172(345.3); 173(424.69); 174(681.14); 175(417.87); 176(529.08); 177(645.81); 178(254.29); 179(390.79); 180(423.34); 181(858.04); 182(98.15); 183(596.84); 184(870.27); 185(324.51); 186(645.12); 187(541.14); 188(126.42); 189(827.53); 190(710.4); 191(916.55); 192(258.77); 193(766.09); 194(131.94); 195(577.57); 196(864.26); 197(814.1); 198(271.56); 199(538.71); 200(847.42); 201(661.59); 202(508.72); 203(128.14); 204(32.0); 205(528.97); 206(283.09); 207(584.4); 208(159.81); 209(572.78); 210(56.21); 211(665.55); 212(436.91); 213(58.58); 214(203.12); 215(994.79); 216(109.93); 217(175.68); 218(774.6); 219(807.27); 220(124.79); 221(347.36); 222(533.67); 223(32.37); 224(866.91); 225(143.01); 226(676.08); 227(600.86); 228(981.95); 229(729.62); 230(158.67); 231(220.49); 232(241.41); 233(794.7); 234(992.33); 235(987.46); 236(24.39); 237(848.77); 238(230.85); 239(740.29); 240(267.36); 241(39.55); 242(361.65); 243(155.18); 244(129.99); 245(990.92); 246(772.43); 247(852.82); 248(930.31); 249(225.54); 250(102.51); 251(149.04); 252(917.97); 253(22.71); 254(852.12); 255(187.83); 256(961.52); 257(816.78); 258(101.76); 259(908.44); 260(804.08); 261(30.8); 262(675.06); 263(525.84); 264(303.71); 265(618.63); 266(24.02); 267(652.06); 268(896.7); 269(803.17); 270(374.18); 271(892.32); 272(754.24); 273(664.84); 274(611.84); 275(81.69); 276(519.74); 277(428.7); 278(933.03); 279(221.07); 280(213.26); 281(596.8); 282(556.12); 283(432.08); 284(333.48); 285(854.41); 286(791.43); 287(145.75); 288(311.85); 289(711.69); 290(445.99); 291(649.36); 292(107.11); 293(401.35); 294(3.7); 295(95.86); 296(956.79); 297(236.94); 298(261.36); 299(906.98); 300(247.56); 301(985.97); 302(550.59); 303(661.11); 304(909.44); 305(300.58); 306(881.98); 307(984.69); 308(330.9); 309(846.34); 310(624.17); 311(137.16); 312(308.9); 313(807.67); 314(619.23); 315(21.95); 316(906.93); 317(348.33); 318(654.49); 319(128.9); 320(755.88); 321(321.23); 322(879.49); 323(62.03); 324(552.1); 325(972.4); 326(882.94); 327(163.99); 328(457.83); 329(620.26); 330(182.21); 331(277.37); 332(32.87); 333(444.29); 334(28.58); 335(364.83); 336(912.34); 337(886.08); 338(188.61); 339(14.24); 340(474.03); 341(259.19); 342(146.11); 343(409.66); 344(144.86); 345(651.09); 346(158.2); 347(762.06); 348(120.56); 349(431.37); 350(120.86); 351(488.74); 352(152.78); 353(813.23); 354(203.71); 355(786.57); 356(427.84); 357(11.81); 358(703.36); 359(351.77); 360(525.9); 361(750.14); 362(951.0); 363(333.47); 364(516.08); 365(660.98); 366(636.51); 367(680.78); 368(284.7); 369(942.4); 370(428.11); 371(109.13); 372(399.44); 373(705.31); 374(110.02); 375(971.21); 376(93.74); 377(132.96); 378(191.97); 379(410.93); 380(245.46); 381(573.55); 382(880.33); 383(605.7); 384(481.46); 385(441.23); 386(702.36); 387(931.16); 388(248.46); 389(611.96); 390(276.35); 391(919.32); 392(269.01); 393(233.7); 394(220.38); 395(993.5); 396(595.45); 397(782.36); 398(977.71); 399(389.66); 400(580.97); 401(577.22); 402(519.13); 403(79.28); 404(135.19); 405(485.67); 406(498.19); 407(235.57); 408(844.55); 409(773.76); 410(109.2); 411(257.66); 412(292.85); 413(14.94); 414(423.07); 415(773.24); 416(276.07); 417(12.81); 418(235.02); 419(453.67); 420(772.3); 421(680.16); 422(44.16); 423(270.65); 424(368.91); 425(496.25); 426(669.31); 427(585.59); 428(729.04); 429(134.4); 430(457.88); 431(343.11); 432(479.0); 433(696.71); 434(24.65); 435(899.02); 436(12.95); 437(935.95); 438(580.27); 439(955.75); 440(137.38); 441(165.59); 442(903.04); 443(699.34); 444(253.54); 446(638.97); 447(63.11); 448(974.64); 449(564.44); 450(359.49); 451(988.94); 452(212.22); 453(674.48); 454(356.3); 455(701.48); 456(335.58); 457(497.02); 458(537.6); 459(728.85); 460(866.37); 461(921.36); 462(204.97); 463(183.83); 464(244.45); 465(151.11); 466(743.1); 467(872.52); 468(371.48); 469(73.61); 470(880.39); 471(623.97); 472(627.92); 473(403.18); 474(544.42); 475(817.61); 476(89.57); 477(495.07); 478(156.31); 479(116.57); 480(541.29); 481(808.42); 482(512.47); 483(64.55); 484(403.64); 485(665.25); 486(405.81); 487(52.17); 488(781.52); 489(950.28); 490(670.98); 491(95.45); 492(995.75); 493(608.28); 494(503.25); 495(449.18); 496(316.93); 497(222.69); 498(650.61); 499(673.95),1
446,0(298.17); 1(763.7); 2(295.71); 3(421.15); 4(332.88); 5(184.6); 6(629.88); 7(471.26); 8(183.78); 9(177.33); 10(503.35); 11(817.76); 12(383.2); 13(274.74); 14(974.93); 15(229.59); 16(339.63); 17(832.38); 18(542.44); 19(42.03); 20(218.51); 21(246.53); 22(165.0); 23(62.6); 24(164.64); 25(563.55); 26(48.69); 27(551.77); 28(707.17); 29(941.22); 30(104.63); 31(7.64); 32(231.14); 33(601.27); 34(975.5); 35(983.45); 36(747.97); 37(326.16); 38(510.3); 39(300.89); 40(945.81); 41(528.65); 42(31.35); 43(63.07); 44(550.09); 45(999.39); 46(137.02); 47(201.95); 48(17.62); 49(912.17); 50(320.46); 51(628.65); 52(690.1); 53(45.27); 54(872.0); 55(68.64); 56(436.87); 57(890.82); 58(933.58); 59(288.87); 60(261.39); 61(969.4); 62(953.8); 63(831.46); 64(878.09); 65(313.6); 66(60.92); 67(961.87); 68(625.2); 69(929.76); 70(420.55); 71(410.57); 72(691.6); 73(221.25); 74(508.8); 75(937.84); 76(898.28); 77(439.55); 78(696.28); 79(191.42); 80(829.47); 81(328.02); 82(730.0); 83(845.34); 84(300.99); 85(812.08); 86(633.59); 87(634.1); 88(57.83); 89(875.37); 90(65.17); 91(12.7); 92(390.47); 93(575.36); 94(38.4); 95(421.47); 96(653.36); 97(289.22); 98(909.89); 99(748.58); 100(730.68); 101(717.68); 102(909.81); 103(236.11); 104(519.5); 105(129.84); 106(669.44); 107(448.34); 108(875.32); 109(709.72); 110(628.94); 111(909.71); 112(729.1); 113(423.9); 114(484.94); 115(188.65); 116(313.08); 117(535.67); 118(495.57); 119(579.6); 120(817.08); 121(945.13); 122(217.87); 123(886.28); 124(291.02); 125(866.89); 126(918.15); 127(72.98); 128(86.4); 129(55.15); 130(553.47); 131(21.23); 132(765.06); 133(626.43); 134(478.44); 135(654.33); 136(853.64); 137(794.28); 138(351.78); 139(769.16); 140(467.92); 141(181.51); 142(799.72); 143(839.57); 144(360.08); 145(541.35); 146(216.79); 147(485.03); 148(953.71); 149(54.43); 150(956.67); 151(932.62); 152(936.89); 153(16.94); 154(559.13); 155(788.94); 156(660.86); 157(401.0); 158(769.35); 159(144.67); 160(577.64); 161(998.69); 162(848.72); 163(93.7); 164(179.59); 165(809.59); 166(323.7); 167(397.54); 168(400.92); 169(745.19); 170(322.19); 171(574.14); 172(861.19); 173(34.66); 174(119.75); 175(508.08); 176(376.08); 177(869.73); 178(788.65); 179(519.51); 180(557.32); 181(488.36); 182(80.33); 183(199.94); 184(651.49); 185(620.6); 186(23.45); 187(644.63); 188(169.66); 189(802.38); 190(669.66); 191(953.01); 192(946.38); 193(873.17); 194(410.9); 195(42.6); 196(820.59); 197(45.09); 198(866.78); 199(583.41); 200(778.39); 201(708.35); 202(972.76); 203(781.73); 204(298.79); 205(180.01); 206(667.68); 207(799.57); 208(152.57); 209(190.26); 210(272.57); 211(172.59); 212(590.17); 213(84.19); 214(55.5); 215(393.89); 216(565.46); 217(64.6); 218(494.27); 219(850.77); 220(744.72); 221(352.27); 222(700.97); 223(246.67); 224(766.43); 225(4.85); 226(738.03); 227(386.39); 228(462.18); 229(553.0); 230(724.18); 231(585.7); 232(685.07); 233(943.11); 234(184.93); 235(751.59); 236(118.37); 237(384.96); 238(610.26); 239(768.34); 240(262.81); 241(823.61); 242(634.64); 243(236.93); 244(827.64); 245(994.43); 246(771.43); 247(552.55); 248(433.58); 249(239.88); 250(233.75); 251(800.12); 252(627.53); 253(67.95); 254(698.96); 255(541.77); 256(853.84); 257(717.67); 258(813.09); 259(269.42); 260(386.39); 261(194.36); 262(198.11); 263(395.86); 264(121.49); 265(562.3); 266(982.27); 267(199.02); 268(180.64); 269(516.45); 270(170.04); 271(720.01); 272(484.18); 273(796.4); 274(873.38); 275(329.83); 276(20.0); 277(793.56); 278(251.5); 279(135.38); 280(561.49); 281(472.02); 282(353.87); 283(90.8); 284(511.78); 285(417.55); 286(535.17); 287(460.21); 288(279.46); 289(898.85); 290(122.94); 291(600.77); 292(627.91); 293(453.4); 294(187.8); 295(307.82); 296(505.05); 297(211.44); 298(275.49); 299(580.69); 300(124.03); 301(902.85); 302(502.02); 303(260.12); 304(422.92); 305(36.45); 306(825.69); 307(295.1); 308(464.63); 309(342.03); 310(36.33); 311(476.12); 312(882.12); 313(873.34); 314(566.33); 315(201.63); 316(466.13); 317(372.72); 318(729.63); 319(597.21); 320(367.48); 321(989.19); 322(244.41); 323(322.89); 324(555.0); 325(56.34); 326(207.23); 327(73.29); 328(973.81); 329(828.89); 330(35.83); 331(335.92); 332(252.93); 333(378.51); 334(522.72); 335(455.95); 336(853.29); 337(797.67); 338(146.02); 339(202.71); 340(687.22); 341(467.69); 342(800.07); 343(675.21); 344(250.75); 345(950.52); 346(566.18); 347(339.17); 348(48.86); 349(910.72); 350(510.93); 351(285.97); 352(336.35); 353(672.54); 354(195.68); 355(117.05); 356(507.78); 357(309.27); 358(456.55); 359(246.25); 360(503.12); 361(727.2); 362(435.96); 363(454.41); 364(441.66); 365(227.64); 366(501.63); 367(901.37); 368(5.45); 369(175.85); 370(404.48); 371(761.22); 372(490.24); 373(490.38); 374(311.2); 375(797.56); 376(834.86); 377(959.28); 378(140.08); 379(660.46); 380(786.45); 381(752.52); 382(481.78); 383(845.8); 384(877.93); 385(234.28); 386(276.01); 387(583.94); 388(784.27); 389(583.71); 390(480.6); 391(497.4); 392(527.47); 393(679.43); 394(995.02); 395(90.11); 396(514.19); 397(318.07); 398(38.41); 399(198.9); 400(711.31); 401(954.21); 402(800.56); 403(329.93); 404(316.51); 405(512.06); 406(282.85); 407(701.21); 408(541.74); 409(449.17); 410(806.19); 411(374.3); 412(222.69); 413(961.82); 414(497.44); 415(613.99); 416(248.43); 417(621.44); 418(618.72); 419(330.32); 420(527.66); 421(296.6); 422(648.4); 423(430.5); 424(648.36); 425(574.74); 426(574.47); 427(679.51); 428(467.84); 429(422.3); 430(406.41); 431(409.68); 432(702.87); 433(512.9); 434(165.75); 435(475.73); 436(822.03); 437(646.99); 438(361.67); 439(97.84); 440(810.91); 441(737.84); 442(225.26); 443(932.84); 444(656.95); 445(638.97); 447(841.89); 448(804.16); 449(707.41); 450(746.64); 451(709.1); 452(992.31); 453(239.12); 454(803.9); 455(432.51); 456(655.89); 457(709.1); 458(596.59); 459(868.56); 460(124.68); 461(839.57); 462(377.58); 463(395.95); 464(406.24); 465(226.73); 466(720.93); 467(779.98); 468(37.4); 469(675.48); 470(520.05); 471(316.03); 472(886.22); 473(707.98); 474(627.25); 475(347.68); 476(68.88); 477(29.68); 478(625.08); 479(458.52); 480(575.03); 481(630.91); 482(480.59); 483(460.86); 484(552.58); 485(167.37); 486(509.2); 487(470.37); 488(807.36); 489(221.09); 490(572.08); 491(747.51); 492(709.76); 493(516.73); 494(219.3); 495(436.43); 496(738.56); 497(454.43); 498(519.16); 499(110.17),1
447,0(237.29); 1(361.38); 2(209.57); 3(581.35); 4(705.86); 5(289.08); 6(43.89); 7(45.86); 8(14.52); 9(874.08); 10(120.78); 11(606.18); 12(624.88); 13(800.86); 14(204.14); 15(715.8); 16(678.5); 17(595.26); 18(135.9); 19(80.65); 20(893.75); 21(741.6); 22(674.89); 23(301.56); 24(640.38); 25(448.19); 26(365.41); 27(902.34); 28(162.4); 29(543.57); 30(489.63); 31(148.45); 32(403.66); 33(26.31); 34(265.08); 35(153.44); 36(396.08); 37(692.14); 38(955.2); 39(228.31); 40(110.56); 41(446.39); 42(781.11); 43(307.44); 44(983.86); 45(621.53); 46(511.64); 47(374.83); 48(713.55); 49(848.41); 50(508.9); 51(928.16); 52(273.41); 53(745.55); 54(93.07); 55(718.57); 56(318.75); 57(280.16); 58(552.25); 59(432.45); 60(10.51); 61(457.76); 62(193.35); 63(997.06); 64(678.72); 65(578.87); 66(752.23); 67(371.11); 68(772.15); 69(428.06); 70(132.97); 71(859.21); 72(230.38); 73(305.78); 74(159.53); 75(939.71); 76(634.78); 77(160.3); 78(302.69); 79(621.24); 80(876.33); 81(685.24); 82(541.44); 83(349.33); 84(764.44); 85(944.94); 86(690.49); 87(482.85); 88(442.02); 89(404.59); 90(251.43); 91(939.18); 92(391.19); 93(938.76); 94(287.43); 95(580.47); 96(947.47); 97(916.94); 98(297.08); 99(73.63); 100(668.29); 101(44.9); 102(446.23); 103(521.69); 104(2.45); 105(380.46); 106(38.48); 107(297.68); 108(418.85); 109(358.03); 110(640.9); 111(593.96); 112(377.68); 113(925.96); 114(178.2); 115(83.0); 116(863.47); 117(875.04); 118(175.76); 119(114.76); 120(576.64); 121(883.39); 122(671.69); 123(381.79); 124(467.08); 125(247.62); 126(408.9); 127(898.87); 128(887.55); 129(287.46); 130(44.59); 131(422.15); 132(860.3); 133(670.51); 134(645.71); 135(313.1); 136(986.41); 137(477.72); 138(331.32); 139(753.51); 140(165.98); 141(95.4); 142(716.74); 143(955.07); 144(838.79); 145(694.87); 146(248.22); 147(139.53); 148(713.02); 149(636.8); 150(814.27); 151(108.36); 152(198.99); 153(606.55); 154(792.78); 155(843.03); 156(301.7); 157(315.15); 158(241.83); 159(99.93); 160(96.01); 161(985.94); 162(40.53); 163(589.92); 164(603.07); 165(531.02); 166(566.6); 167(920.63); 168(645.47); 169(819.51); 170(465.96); 171(320.43); 172(723.77); 173(201.1); 174(288.24); 175(414.65); 176(905.3); 177(254.06); 178(294.95); 179(893.0); 180(822.77); 181(549.04); 182(647.17); 183(846.21); 184(183.82); 185(421.67); 186(651.84); 187(874.65); 188(864.56); 189(422.67); 190(180.38); 191(309.09); 192(998.63); 193(60.48); 194(668.37); 195(612.71); 196(169.76); 197(287.7); 198(414.82); 199(225.91); 200(979.54); 201(404.14); 202(245.01); 203(242.96); 204(893.86); 205(803.85); 206(591.8); 207(172.6); 208(616.86); 209(85.5); 210(645.61); 211(499.56); 212(734.34); 213(763.31); 214(272.3); 215(626.63); 216(222.41); 217(290.08); 218(194.81); 219(901.28); 220(164.93); 221(944.13); 222(16.13); 223(967.8); 224(225.91); 225(618.31); 226(711.39); 227(753.31); 228(638.06); 229(802.21); 230(757.3); 231(328.65); 232(139.02); 233(122.36); 234(521.37); 235(548.31); 236(944.6); 237(695.04); 238(830.87); 239(359.76); 240(221.73); 241(36.7); 242(345.69); 243(586.01); 244(463.85); 245(474.33); 246(19.33); 247(986.67); 248(639.16); 249(799.42); 250(47.32); 251(883.19); 252(736.99); 253(204.42); 254(836.64); 255(367.66); 256(703.68); 257(647.49); 258(302.71); 259(418.56); 260(397.54); 261(373.22); 262(257.71); 263(80.84); 264(350.9); 265(716.64); 266(471.97); 267(41.21); 268(355.69); 269(946.55); 270(650.39); 271(841.46); 272(995.65); 273(249.26); 274(18.78); 275(905.26); 276(740.38); 277(390.13); 278(507.77); 279(974.13); 280(42.91); 281(256.28); 282(778.8); 283(962.55); 284(520.46); 285(190.33); 286(408.1); 287(33.75); 288(88.87); 289(336.85); 290(949.95); 291(655.41); 292(937.51); 293(659.1); 294(692.02); 295(38.16); 296(606.39); 297(72.15); 298(312.9); 299(728.57); 300(841.44); 301(572.07); 302(547.65); 303(440.0); 304(81.65); 305(370.72); 306(406.49); 307(401.11); 308(178.58); 309(578.94); 310(842.97); 311(169.12); 312(7.24); 313(870.27); 314(101.41); 315(907.17); 316(865.63); 317(308.51); 318(350.99); 319(268.21); 320(289.66); 321(959.55); 322(383.31); 323(51.0); 324(171.9); 325(104.25); 326(495.77); 327(65.41); 328(335.09); 329(979.93); 330(401.09); 331(319.06); 332(435.38); 333(496.91); 334(90.55); 335(265.4); 336(193.36); 337(364.06); 338(146.35); 339(564.91); 340(854.23); 341(667.67); 342(839.57); 343(166.21); 344(795.75); 345(371.86); 346(656.38); 347(756.52); 348(125.95); 349(159.72); 350(618.43); 351(864.15); 352(482.14); 353(555.66); 354(599.13); 355(949.98); 356(389.55); 357(148.77); 358(401.2); 359(765.54); 360(865.08); 361(44.14); 362(915.16); 363(962.06); 364(774.2); 365(184.29); 366(149.58); 367(873.82); 368(831.73); 369(462.19); 370(37.68); 371(363.04); 372(954.79); 373(117.11); 374(78.58); 375(600.24); 376(640.09); 377(234.17); 378(859.4); 379(8.35); 380(501.59); 381(221.13); 382(139.73); 383(298.02); 384(340.88); 385(978.2); 386(171.6); 387(332.62); 388(249.17); 389(896.75); 390(631.16); 391(604.13); 392(711.91); 393(609.67); 394(421.02); 395(660.55); 396(412.86); 397(997.73); 398(785.63); 399(627.65); 400(965.42); 401(77.44); 402(212.84); 403(250.64); 404(685.13); 405(9.09); 406(169.33); 407(820.52); 408(641.86); 409(868.11); 410(745.69); 411(698.68); 412(980.55); 413(530.58); 414(181.86); 415(332.15); 416(25.25); 417(166.86); 418(875.19); 419(693.78); 420(954.92); 421(265.71); 422(940.1); 423(569.17); 424(849.75); 425(245.47); 426(574.92); 427(8.67); 428(953.33); 429(267.2); 430(728.5); 431(271.98); 432(282.12); 433(34.17); 434(246.71); 435(264.22); 436(216.53); 437(911.45); 438(754.42); 439(114.54); 440(381.67); 441(910.42); 442(550.83); 443(766.05); 444(621.28); 445(63.11); 446(841.89); 448(936.47); 449(83.1); 450(919.27); 451(812.12); 452(361.84); 453(723.43); 454(93.0); 455(259.35); 456(481.78); 457(206.25); 458(15.45); 459(364.59); 460(827.88); 461(637.21); 462(562.73); 463(598.39); 464(620.27); 465(862.93); 466(355.07); 467(635.02); 468(784.26); 469(597.69); 470(132.68); 471(914.59); 472(498.74); 473(369.95); 474(404.41); 475(524.42); 476(655.35); 477(514.27); 478(31.87); 479(102.36); 480(879.33); 481(575.74); 482(809.75); 483(34.78); 484(100.16); 485(379.77); 486(836.12); 487(741.72); 488(703.74); 489(912.11); 490(639.36); 491(294.96); 492(15.06); 493(204.91); 494(314.58); 495(335.75); 496(920.14); 497(904.64); 498(886.54); 499(107.71),2
448,0(983.65); 1(604.1); 2(939.28); 3(460.96); 4(816.11); 5(722.99); 6(240.55); 7(880.23); 8(632.81); 9(123.46); 10(934.95); 11(683.95); 12(715.81); 13(226.76); 14(861.92); 15(633.61); 16(922.18); 17(329.38); 18(519.31); 19(838.98); 20(304.44); 21(199.68); 22(289.54); 23(206.57); 24(958.82); 25(956.63); 26(65.03); 27(637.34); 28(523.34); 29(230.15); 30(777.24); 31(430.58); 32(311.98); 33(559.15); 34(26.91); 35(544.36); 36(660.05); 37(952.22); 38(501.14); 39(673.63); 40(961.15); 41(910.5); 42(786.29); 43(135.66); 44(370.63); 45(855.91); 46(550.75); 47(781.93); 48(35.6); 49(419.67); 50(668.37); 51(383.42); 52(515.33); 53(316.04); 54(717.21); 55(498.19); 56(964.21); 57(90.4); 58(436.69); 59(210.85); 60(792.81); 61(318.33); 62(133.99); 63(120.68); 64(491.0); 65(1.53); 66(890.46); 67(463.88); 68(619.56); 69(508.26); 70(69.42); 71(116.66); 72(132.32); 73(607.27); 74(547.74); 75(197.6); 76(252.73); 77(160.36); 78(165.95); 79(822.21); 80(600.45); 81(373.41); 82(928.6); 83(962.77); 84(370.92); 85(842.54); 86(278.12); 87(352.17); 88(668.89); 89(209.56); 90(304.44); 91(477.99); 92(792.15); 93(108.84); 94(492.4); 95(36.49); 96(849.78); 97(645.17); 98(410.95); 99(167.46); 100(30.7); 101(489.15); 102(621.02); 103(821.63); 104(20.83); 105(735.81); 106(781.45); 107(265.79); 108(150.29); 109(365.27); 110(244.17); 111(50.79); 112(153.05); 113(352.88); 114(192.13); 115(95.27); 116(361.88); 117(307.2); 118(398.99); 119(57.79); 120(397.92); 121(530.18); 122(197.89); 123(871.04); 124(255.08); 125(272.32); 126(425.0); 127(91.58); 128(126.1); 129(985.61); 130(520.43); 131(724.3); 132(293.9); 133(491.98); 134(811.37); 135(498.9); 136(487.54); 137(904.02); 138(423.24); 139(117.08); 140(720.34); 141(852.02); 142(546.18); 143(246.09); 144(150.66); 145(574.06); 146(522.81); 147(948.65); 148(274.97); 149(624.27); 150(226.73); 151(359.32); 152(90.85); 153(120.01); 154(909.88); 155(829.08); 156(268.06); 157(966.37); 158(495.08); 159(817.2); 160(306.46); 161(385.61); 162(46.84); 163(391.79); 164(739.82); 165(529.54); 166(333.52); 167(73.72); 168(37.48); 169(29.95); 170(181.3); 171(150.36); 172(316.69); 173(993.55); 174(504.01); 175(140.29); 176(733.26); 177(30.58); 178(418.49); 179(256.46); 180(1.72); 181(409.84); 182(345.99); 183(374.59); 184(253.94); 185(291.75); 186(868.51); 187(298.51); 188(112.05); 189(184.17); 190(373.56); 191(973.9); 192(162.59); 193(903.4); 194(835.43); 195(972.72); 196(760.95); 197(762.02); 198(420.54); 199(315.55); 200(110.35); 201(241.54); 202(775.47); 203(652.15); 204(796.62); 205(400.15); 206(514.5); 207(817.17); 208(753.83); 209(820.11); 210(186.05); 211(805.37); 212(596.7); 213(920.71); 214(107.58); 215(339.52); 216(830.99); 217(813.93); 218(691.5); 219(769.04); 220(706.76); 221(749.05); 222(844.71); 223(508.92); 224(919.47); 225(505.4); 226(912.1); 227(442.94); 228(450.09); 229(950.63); 230(900.81); 231(524.66); 232(597.76); 233(869.92); 234(65.65); 235(252.56); 236(172.64); 237(210.87); 238(659.07); 239(831.52); 240(390.38); 241(796.47); 242(597.13); 243(821.55); 244(155.72); 245(333.52); 246(402.5); 247(846.91); 248(330.25); 249(44.33); 250(965.23); 251(118.56); 252(246.97); 253(141.74); 254(449.15); 255(932.58); 256(465.22); 257(40.48); 258(562.65); 259(263.97); 260(904.01); 261(345.81); 262(866.21); 263(487.8); 264(239.23); 265(211.55); 266(947.29); 267(114.54); 268(652.35); 269(103.12); 270(377.81); 271(467.29); 272(992.76); 273(964.26); 274(700.69); 275(352.61); 276(610.45); 277(902.7); 278(424.26); 279(212.26); 280(110.64); 281(771.73); 282(970.27); 283(778.27); 284(375.7); 285(453.62); 286(676.68); 287(185.84); 288(931.94); 289(927.78); 290(22.11); 291(200.26); 292(446.84); 293(344.06); 294(233.96); 295(883.9); 296(551.14); 297(767.0); 298(93.87); 299(142.38); 300(575.43); 301(643.14); 302(862.13); 303(796.89); 304(590.95); 305(417.57); 306(119.1); 307(936.95); 308(935.02); 309(671.19); 310(500.26); 311(4.21); 312(59.05); 313(151.91); 314(513.69); 315(26.42); 316(483.57); 317(254.39); 318(145.26); 319(288.99); 320(16.23); 321(907.05); 322(401.35); 323(433.81); 324(381.26); 325(69.2); 326(954.77); 327(765.58); 328(642.31); 329(351.37); 330(432.54); 331(263.1); 332(212.56); 333(696.11); 334(119.12); 335(706.81); 336(942.8); 337(443.93); 338(503.03); 339(114.42); 340(447.38); 341(709.82); 342(312.23); 343(500.0); 344(510.59); 345(700.19); 346(665.11); 347(459.74); 348(661.58); 349(287.86); 350(884.5); 351(109.89); 352(159.65); 353(365.97); 354(811.76); 355(80.53); 356(692.37); 357(907.9); 358(375.12); 359(586.98); 360(856.6); 361(842.25); 362(318.42); 363(156.67); 364(12.51); 365(47.37); 366(583.8); 367(375.34); 368(543.07); 369(127.35); 370(274.64); 371(876.84); 372(390.07); 373(847.99); 374(767.58); 375(706.12); 376(374.92); 377(899.45); 378(274.44); 379(375.33); 380(854.75); 381(673.13); 382(329.12); 383(782.02); 384(782.33); 385(760.32); 386(105.79); 387(106.69); 388(375.52); 389(405.93); 390(849.21); 391(40.13); 392(707.03); 393(317.91); 394(481.72); 395(808.01); 396(31.18); 397(440.82); 398(554.77); 399(937.38); 400(899.84); 401(268.8); 402(482.47); 403(503.63); 404(118.48); 405(187.97); 406(119.42); 407(257.6); 408(879.88); 409(727.88); 410(226.06); 411(439.07); 412(401.72); 413(836.37); 414(528.72); 415(266.13); 416(442.62); 417(103.03); 418(716.25); 419(457.42); 420(731.94); 421(380.51); 422(633.81); 423(169.45); 424(966.63); 425(477.09); 426(483.66); 427(690.74); 428(961.8); 429(608.37); 430(803.07); 431(309.87); 432(80.89); 433(322.57); 434(131.39); 435(743.37); 436(451.32); 437(825.17); 438(873.9); 439(241.19); 440(520.17); 441(565.46); 442(546.28); 443(878.65); 444(341.27); 445(974.64); 446(804.16); 447(936.47); 449(939.62); 450(566.61); 451(646.86); 452(892.11); 453(59.17); 454(244.43); 455(946.06); 456(761.02); 457(705.22); 458(866.8); 459(554.22); 460(159.63); 461(875.82); 462(950.6); 463(162.06); 464(632.37); 465(710.51); 466(320.98); 467(304.82); 468(854.63); 469(42.0); 470(267.45); 471(922.84); 472(574.92); 473(468.93); 474(24.78); 475(306.61); 476(311.18); 477(461.4); 478(308.67); 479(512.08); 480(266.68); 481(675.76); 482(286.24); 483(197.21); 484(470.41); 485(865.33); 486(107.69); 487(416.79); 488(109.4); 489(393.34); 490(681.94); 491(126.1); 492(828.1); 493(225.18); 494(899.2); 495(735.97); 496(370.79); 497(171.98); 498(104.91); 499(817.05),2
449,0(404.98); 1(326.8); 2(197.74); 3(739.26); 4(401.2); 5(850.72); 6(733.08); 7(975.21); 8(667.12); 9(791.21); 10(505.5); 11(170.92); 12(879.19); 13(921.46); 14(457.07); 15(646.38); 16(183.86); 17(776.8); 18(266.54); 19(682.01); 20(518.62); 21(989.27); 22(896.02); 23(588.93); 24(435.38); 25(666.75); 26(203.34); 27(122.0); 28(722.2); 29(517.42); 30(203.02); 31(71.38); 32(993.39); 33(263.88); 34(198.79); 35(193.73); 36(206.38); 37(357.74); 38(638.72); 39(86.84); 40(301.03); 41(807.1); 42(975.73); 43(160.24); 44(260.27); 45(566.92); 46(188.76); 47(104.6); 48(961.12); 49(385.39); 50(539.8); 51(224.09); 52(141.91); 53(231.07); 54(738.55); 55(846.14); 56(255.02); 57(560.22); 58(455.78); 59(593.04); 60(224.8); 61(169.57); 62(254.5); 63(993.19); 64(750.08); 65(682.8); 66(603.29); 67(279.63); 68(457.04); 69(891.19); 70(551.87); 71(282.82); 72(767.81); 73(100.17); 74(409.93); 75(712.0); 76(396.65); 77(523.35); 78(147.67); 79(218.61); 80(419.33); 81(591.07); 82(768.29); 83(369.34); 84(337.18); 85(910.5); 86(343.1); 87(691.87); 88(673.24); 89(263.05); 90(517.14); 91(266.38); 92(366.9); 93(799.48); 94(860.53); 95(574.47); 96(982.56); 97(154.04); 98(768.03); 99(904.6); 100(567.16); 101(393.83); 102(404.32); 103(232.9); 104(51.85); 105(488.45); 106(345.63); 107(590.45); 108(444.68); 109(571.01); 110(231.68); 111(717.8); 112(427.82); 113(446.71); 114(802.69); 115(833.78); 116(763.0); 117(324.4); 118(758.3); 119(482.48); 120(986.23); 121(17.49); 122(620.33); 123(529.72); 124(137.16); 125(892.42); 126(67.87); 127(578.12); 128(455.33); 129(826.18); 130(615.93); 131(349.37); 132(766.17); 133(786.26); 134(105.43); 135(728.41); 136(291.39); 137(612.97); 138(126.76); 139(786.92); 140(812.85); 141(502.86); 142(162.55); 143(2.6); 144(582.19); 145(1.02); 146(560.3); 147(601.18); 148(883.1); 149(339.51); 150(998.36); 151(481.48); 152(640.21); 153(736.79); 154(994.6); 155(291.0); 156(771.17); 157(561.24); 158(625.78); 159(840.34); 160(962.75); 161(738.64); 162(5.51); 163(449.01); 164(841.8); 165(535.31); 166(943.51); 167(979.97); 168(141.92); 169(720.18); 170(497.79); 171(983.92); 172(356.71); 173(669.09); 174(211.51); 175(571.15); 176(367.65); 177(187.09); 178(760.87); 179(753.04); 180(20.35); 181(241.44); 182(150.03); 183(55.62); 184(912.75); 185(378.02); 186(449.13); 187(525.79); 188(820.05); 189(261.55); 190(190.09); 191(217.68); 192(352.24); 193(790.58); 194(368.87); 195(243.99); 196(349.13); 197(364.42); 198(930.53); 199(303.36); 200(872.15); 201(272.35); 202(476.01); 203(970.45); 204(704.6); 205(228.03); 206(32.41); 207(858.3); 208(722.36); 209(93.34); 210(573.24); 211(706.1); 212(473.44); 213(980.01); 214(631.1); 215(270.82); 216(294.09); 217(181.83); 218(850.18); 219(718.98); 220(808.56); 221(67.1); 222(825.17); 223(37.86); 224(761.99); 225(586.0); 226(191.9); 227(848.47); 228(901.66); 229(886.78); 230(632.39); 231(411.63); 232(866.11); 233(291.47); 234(617.38); 235(413.73); 236(609.22); 237(684.26); 238(939.99); 239(258.47); 240(807.44); 241(166.88); 242(484.37); 243(277.11); 244(445.66); 245(21.27); 246(58.75); 247(572.25); 248(951.9); 249(450.4); 250(418.46); 251(931.09); 252(862.87); 253(805.4); 254(172.3); 255(397.14); 256(361.37); 257(877.61); 258(297.95); 259(965.87); 260(535.47); 261(139.95); 262(973.33); 263(702.46); 264(688.37); 265(439.73); 266(395.13); 267(970.95); 268(799.34); 269(139.47); 270(895.01); 271(901.85); 272(987.09); 273(519.77); 274(694.29); 275(226.68); 276(242.54); 277(958.27); 278(986.27); 279(881.19); 280(580.96); 281(771.36); 282(720.62); 283(171.03); 284(514.78); 285(197.15); 286(143.81); 287(407.95); 288(69.72); 289(302.06); 290(438.43); 291(608.33); 292(729.54); 293(819.8); 294(732.8); 295(293.99); 296(836.91); 297(980.62); 298(155.09); 299(430.71); 300(385.91); 301(338.52); 302(486.23); 303(128.85); 304(52.05); 305(960.3); 306(332.88); 307(874.04); 308(602.28); 309(496.61); 310(537.09); 311(196.38); 312(544.02); 313(458.85); 314(522.44); 315(325.51); 316(383.45); 317(695.36); 318(996.24); 319(54.36); 320(128.42); 321(663.45); 322(247.85); 323(773.71); 324(67.76); 325(719.34); 326(516.88); 327(258.61); 328(997.69); 329(68.94); 330(400.93); 331(733.43); 332(780.91); 333(471.34); 334(898.18); 335(229.4); 336(398.54); 337(169.92); 338(312.05); 339(54.15); 340(709.14); 341(542.92); 342(538.02); 343(695.46); 344(181.23); 345(454.9); 346(97.88); 347(835.2); 348(785.99); 349(382.74); 350(904.65); 351(35.25); 352(425.71); 353(698.91); 354(914.5); 355(10.95); 356(458.77); 357(631.84); 358(452.39); 359(456.92); 360(287.04); 361(771.9); 362(199.35); 363(121.85); 364(985.51); 365(366.27); 366(385.42); 367(357.5); 368(41.35); 369(12.71); 370(430.34); 371(518.33); 372(680.41); 373(930.1); 374(955.54); 375(957.05); 376(912.94); 377(510.05); 378(181.43); 379(853.96); 380(387.5); 381(464.15); 382(370.42); 383(509.24); 384(587.41); 385(403.44); 386(881.24); 387(116.4); 388(94.69); 389(447.0); 390(250.2); 391(457.87); 392(968.89); 393(112.71); 394(200.01); 395(900.43); 396(307.28); 397(187.69); 398(622.86); 399(62.96); 400(66.13); 401(462.21); 402(121.36); 403(549.57); 404(521.37); 405(116.21); 406(840.52); 407(139.87); 408(646.25); 409(148.52); 410(540.73); 411(829.73); 412(332.26); 413(938.55); 414(85.05); 415(369.56); 416(951.76); 417(505.69); 418(962.27); 419(809.21); 420(411.96); 421(583.17); 422(526.51); 423(384.91); 424(457.9); 425(708.43); 426(715.59); 427(545.52); 428(886.85); 429(256.71); 430(805.85); 431(382.13); 432(433.31); 433(633.26); 434(686.33); 435(661.62); 436(372.8); 437(368.45); 438(942.44); 439(750.25); 440(398.78); 441(375.86); 442(964.75); 443(830.32); 444(708.63); 445(564.44); 446(707.41); 447(83.1); 448(939.62); 450(270.22); 451(68.37); 452(681.05); 453(854.44); 454(255.22); 455(671.95); 456(493.62); 457(343.78); 458(485.15); 459(157.63); 460(506.28); 461(880.0); 462(687.89); 463(499.94); 464(442.06); 465(13.67); 466(178.99); 467(241.63); 468(856.71); 469(955.71); 470(802.0); 471(754.33); 472(645.28); 473(933.92); 474(95.09); 475(205.9); 476(449.42); 477(586.54); 478(369.39); 479(142.67); 480(116.64); 481(446.2); 482(14.08); 483(329.93); 484(750.68); 485(584.35); 486(182.85); 487(678.29); 488(7.51); 489(205.54); 490(978.54); 491(566.57); 492(300.72); 493(742.94); 494(615.29); 495(646.88); 496(583.35); 497(892.45); 498(582.5); 499(591.15),1
450,0(766.82); 1(675.6); 2(439.23); 3(302.88); 4(139.89); 5(508.86); 6(518.7); 7(287.34); 8(61.46); 9(41.88); 10(37.41); 11(89.05); 12(89.88); 13(875.75); 14(41.67); 15(10.46); 16(739.45); 17(169.67); 18(146.28); 19(326.57); 20(984.61); 21(60.2); 22(47.29); 23(442.67); 24(641.09); 25(471.96); 26(637.48); 27(837.93); 28(630.75); 29(327.36); 30(74.81); 31(981.08); 32(438.09); 33(139.14); 34(763.02); 35(277.09); 36(553.19); 37(722.29); 38(86.12); 39(321.82); 40(4.97); 41(155.39); 42(795.95); 43(621.36); 44(581.59); 45(863.12); 46(134.86); 47(47.22); 48(108.61); 49(669.84); 50(442.32); 51(380.66); 52(720.06); 53(318.96); 54(934.96); 55(538.09); 56(238.15); 57(214.43); 58(168.29); 59(383.83); 60(337.51); 61(402.2); 62(280.94); 63(942.27); 64(191.56); 65(381.92); 66(425.49); 67(56.97); 68(34.26); 69(538.42); 70(145.79); 71(300.97); 72(101.44); 73(240.32); 74(822.14); 75(169.4); 76(932.53); 77(661.5); 78(51.88); 79(301.73); 80(807.98); 81(416.14); 82(909.82); 83(955.98); 84(911.75); 85(669.71); 86(712.95); 87(144.98); 88(957.74); 89(460.01); 90(121.71); 91(424.03); 92(781.65); 93(274.89); 94(552.5); 95(128.45); 96(438.0); 97(110.3); 98(271.69); 99(163.58); 100(982.48); 101(663.19); 102(207.26); 103(694.13); 104(610.24); 105(560.7); 106(836.08); 107(83.64); 108(756.76); 109(164.93); 110(904.13); 111(399.25); 112(344.67); 113(792.89); 114(106.99); 115(436.81); 116(500.71); 117(578.01); 118(3.75); 119(632.14); 120(663.66); 121(454.19); 122(245.54); 123(129.62); 124(841.13); 125(618.97); 126(834.17); 127(444.51); 128(800.82); 129(57.12); 130(363.67); 131(603.57); 132(820.96); 133(85.45); 134(202.03); 135(613.33); 136(385.75); 137(562.9); 138(177.5); 139(510.76); 140(510.44); 141(285.71); 142(218.21); 143(654.84); 144(534.26); 145(712.04); 146(958.25); 147(750.72); 148(21.67); 149(185.69); 150(677.22); 151(699.08); 152(457.5); 153(449.8); 154(665.96); 155(215.32); 156(524.76); 157(323.4); 158(15.72); 159(183.2); 160(717.89); 161(556.42); 162(420.09); 163(513.79); 164(995.26); 165(103.53); 166(180.08); 167(529.03); 168(241.33); 169(68.53); 170(625.0); 171(299.2); 172(164.32); 173(837.91); 174(164.95); 175(498.9); 176(896.49); 177(787.22); 178(172.8); 179(585.52); 180(934.15); 181(136.54); 182(183.79); 183(373.56); 184(503.25); 185(520.61); 186(54.54); 187(833.81); 188(723.01); 189(370.45); 190(951.72); 191(596.54); 192(226.52); 193(327.18); 194(213.98); 195(39.1); 196(384.9); 197(373.97); 198(279.33); 199(770.08); 200(491.01); 201(533.06); 202(580.05); 203(446.29); 204(746.92); 205(998.58); 206(32.41); 207(849.75); 208(916.76); 209(73.05); 210(550.08); 211(332.86); 212(916.29); 213(183.07); 214(287.46); 215(139.35); 216(120.68); 217(513.21); 218(85.91); 219(430.84); 220(92.88); 221(695.28); 222(644.18); 223(597.61); 224(983.64); 225(304.85); 226(29.95); 227(464.76); 228(289.62); 229(238.81); 230(127.23); 231(314.58); 232(180.28); 233(398.13); 234(53.66); 235(181.31); 236(224.79); 237(603.66); 238(848.99); 239(975.97); 240(120.72); 241(973.6); 242(464.5); 243(42.11); 244(165.75); 245(665.44); 246(253.03); 247(187.52); 248(374.02); 249(611.0); 250(742.75); 251(462.84); 252(169.82); 253(939.08); 254(291.11); 255(262.23); 256(451.12); 257(827.61); 258(577.0); 259(719.91); 260(519.68); 261(477.0); 262(928.91); 263(81.48); 264(939.69); 265(68.11); 266(961.47); 267(602.36); 268(453.26); 269(317.19); 270(480.41); 271(326.05); 272(424.42); 273(101.4); 274(279.48); 275(272.62); 276(522.67); 277(148.26); 278(239.89); 279(903.54); 280(273.75); 281(744.82); 282(155.45); 283(130.74); 284(852.57); 285(514.51); 286(9.87); 287(552.95); 288(54.37); 289(345.12); 290(296.07); 291(492.43); 292(728.58); 293(172.09); 294(744.79); 295(500.37); 296(451.65); 297(551.38); 298(395.34); 299(650.09); 300(384.46); 301(862.38); 302(113.37); 303(250.62); 304(15.85); 305(93.43); 306(431.77); 307(659.45); 308(603.06); 309(196.31); 310(264.92); 311(359.13); 312(166.4); 313(409.62); 314(324.72); 315(204.67); 316(136.65); 317(736.63); 318(432.49); 319(936.93); 320(147.75); 321(532.2); 322(804.31); 323(580.03); 324(902.72); 325(362.84); 326(261.6); 327(866.69); 328(672.76); 329(150.56); 330(885.49); 331(792.21); 332(958.77); 333(12.63); 334(744.48); 335(85.79); 336(932.99); 337(421.68); 338(926.13); 339(148.21); 340(22.03); 341(661.45); 342(372.75); 343(678.97); 344(355.02); 345(404.29); 346(120.36); 347(766.83); 348(319.24); 349(36.9); 350(367.73); 351(399.84); 352(978.36); 353(416.06); 354(875.18); 355(878.87); 356(223.9); 357(29.77); 358(190.92); 359(194.75); 360(998.74); 361(696.66); 362(855.82); 363(301.42); 364(404.33); 365(733.86); 366(514.83); 367(624.93); 368(1.39); 369(190.97); 370(37.64); 371(94.41); 372(50.8); 373(735.11); 374(908.3); 375(557.53); 376(145.33); 377(187.79); 378(906.76); 379(354.64); 380(726.9); 381(324.18); 382(288.03); 383(185.47); 384(986.58); 385(382.92); 386(369.72); 387(220.58); 388(335.11); 389(408.39); 390(614.29); 391(984.17); 392(683.7); 393(167.32); 394(537.69); 395(150.1); 396(497.98); 397(507.16); 398(585.8); 399(192.06); 400(511.48); 401(154.39); 402(320.43); 403(47.44); 404(549.62); 405(613.13); 406(988.27); 407(580.64); 408(13.49); 409(403.65); 410(349.09); 411(75.05); 412(693.41); 413(987.02); 414(640.5); 415(768.12); 416(759.26); 417(869.51); 418(35.9); 419(862.4); 420(895.32); 421(441.29); 422(466.96); 423(666.94); 424(154.66); 425(514.8); 426(275.65); 427(532.6); 428(919.12); 429(967.11); 430(671.49); 431(412.96); 432(131.01); 433(670.19); 434(957.42); 435(234.91); 436(362.17); 437(275.27); 438(605.79); 439(756.2); 440(821.99); 441(991.37); 442(128.74); 443(896.47); 444(787.13); 445(359.49); 446(746.64); 447(919.27); 448(566.61); 449(270.22); 451(243.32); 452(227.42); 453(143.76); 454(349.48); 455(136.63); 456(857.36); 457(939.39); 458(236.24); 459(35.43); 460(287.79); 461(370.28); 462(692.86); 463(921.61); 464(365.38); 465(807.87); 466(746.55); 467(959.17); 468(406.62); 469(92.6); 470(311.52); 471(889.6); 472(530.63); 473(891.09); 474(121.75); 475(471.33); 476(297.81); 477(927.53); 478(972.17); 479(737.72); 480(430.79); 481(83.58); 482(818.66); 483(517.13); 484(255.13); 485(822.73); 486(825.22); 487(990.65); 488(397.18); 489(901.99); 490(800.63); 491(237.82); 492(751.96); 493(398.32); 494(178.54); 495(160.14); 496(750.72); 497(847.69); 498(99.58); 499(409.3),1
451,0(106.81); 1(706.23); 2(372.12); 3(266.77); 4(528.99); 5(754.89); 6(582.92); 7(482.41); 8(481.63); 9(197.52); 10(833.74); 11(292.93); 12(464.81); 13(719.14); 14(416.02); 15(704.1); 16(713.81); 17(872.09); 18(750.57); 19(49.58); 20(750.98); 21(809.06); 22(489.28); 23(730.74); 24(559.45); 25(739.37); 26(937.7); 27(892.06); 28(235.26); 29(96.98); 30(723.94); 31(107.35); 32(0.34); 33(460.08); 34(873.21); 35(247.56); 36(206.34); 37(683.57); 38(602.32); 39(840.5); 40(447.88); 41(146.61); 42(513.11); 43(22.25); 44(185.18); 45(19.37); 46(862.33); 47(202.38); 48(466.47); 49(734.11); 50(110.4); 51(53.12); 52(449.08); 53(808.76); 54(961.43); 55(83.03); 56(882.25); 57(417.55); 58(239.8); 59(724.62); 60(790.71); 61(378.54); 62(12.85); 63(213.54); 64(865.6); 65(49.4); 66(703.24); 67(793.55); 68(379.94); 69(139.53); 70(37.51); 71(983.71); 72(154.96); 73(516.36); 74(656.06); 75(148.64); 76(206.24); 77(893.31); 78(943.69); 79(116.82); 80(314.95); 81(9.23); 82(28.24); 83(795.23); 84(68.61); 85(817.88); 86(398.81); 87(364.92); 88(197.04); 89(651.33); 90(225.47); 91(299.84); 92(439.58); 93(127.89); 94(639.17); 95(254.24); 96(198.73); 97(781.85); 98(664.79); 99(459.71); 100(318.22); 101(752.51); 102(428.55); 103(498.76); 104(4.14); 105(581.87); 106(9.76); 107(205.39); 108(108.25); 109(366.54); 110(853.46); 111(232.43); 112(82.64); 113(713.46); 114(549.11); 115(123.13); 116(769.28); 117(822.12); 118(996.43); 119(729.2); 120(589.77); 121(33.62); 122(609.84); 123(379.98); 124(941.37); 125(386.4); 126(765.73); 127(661.69); 128(688.31); 129(874.56); 130(487.18); 131(904.39); 132(75.41); 133(120.23); 134(478.34); 135(59.55); 136(176.48); 137(62.94); 138(235.26); 139(784.88); 140(6.05); 141(575.81); 142(621.6); 143(667.29); 144(95.09); 145(261.49); 146(583.19); 147(505.91); 148(111.65); 149(606.37); 150(808.48); 151(827.5); 152(928.19); 153(602.6); 154(256.77); 155(867.89); 156(103.33); 157(271.56); 158(119.68); 159(582.36); 160(328.44); 161(251.52); 162(580.04); 163(319.01); 164(116.99); 165(54.11); 166(850.79); 167(361.87); 168(645.22); 169(118.89); 170(659.56); 171(926.33); 172(978.72); 173(56.07); 174(577.14); 175(627.47); 176(870.89); 177(578.49); 178(167.23); 179(966.97); 180(521.54); 181(663.16); 182(288.81); 183(349.71); 184(859.13); 185(543.04); 186(667.54); 187(791.01); 188(994.07); 189(262.01); 190(503.15); 191(952.62); 192(87.35); 193(356.35); 194(774.1); 195(212.09); 196(829.47); 197(6.82); 198(507.48); 199(90.17); 200(875.9); 201(323.05); 202(166.52); 203(208.41); 204(403.01); 205(462.75); 206(435.28); 207(759.84); 208(133.23); 209(959.79); 210(904.2); 211(875.1); 212(517.1); 213(609.75); 214(536.64); 215(441.45); 216(846.31); 217(456.67); 218(37.1); 219(492.41); 220(774.3); 221(233.93); 222(754.44); 223(880.94); 224(850.51); 225(601.97); 226(846.85); 227(131.84); 228(676.8); 229(239.6); 230(333.12); 231(986.16); 232(529.31); 233(461.61); 234(633.82); 235(505.58); 236(508.7); 237(581.47); 238(431.44); 239(684.31); 240(700.27); 241(747.1); 242(45.75); 243(767.22); 244(575.5); 245(697.56); 246(436.08); 247(417.91); 248(610.72); 249(840.29); 250(621.45); 251(663.87); 252(789.72); 253(824.99); 254(16.11); 255(563.21); 256(499.73); 257(336.33); 258(793.36); 259(368.3); 260(653.7); 261(749.11); 262(686.61); 263(212.26); 264(994.84); 265(204.83); 266(438.82); 267(788.37); 268(555.18); 269(120.69); 270(682.83); 271(800.61); 272(292.06); 273(438.58); 274(472.21); 275(626.14); 276(455.91); 277(339.94); 278(180.98); 279(711.8); 280(306.75); 281(143.2); 282(853.35); 283(732.54); 284(860.31); 285(581.38); 286(831.8); 287(674.21); 288(32.48); 289(224.05); 290(219.46); 291(347.43); 292(672.97); 293(255.22); 294(821.96); 295(578.94); 296(814.89); 297(963.7); 298(107.99); 299(292.49); 300(609.02); 301(738.57); 302(350.18); 303(246.07); 304(795.57); 305(367.83); 306(268.09); 307(34.07); 308(307.13); 309(17.11); 310(37.1); 311(395.17); 312(503.77); 313(385.16); 314(397.69); 315(605.14); 316(951.69); 317(527.84); 318(939.78); 319(331.84); 320(122.81); 321(349.05); 322(6.64); 323(296.12); 324(331.88); 325(677.4); 326(572.45); 327(774.05); 328(743.34); 329(332.79); 330(75.73); 331(783.96); 332(908.91); 333(415.7); 334(603.4); 335(980.84); 336(202.69); 337(225.93); 338(189.26); 339(912.28); 340(972.62); 341(230.38); 342(666.64); 343(539.57); 344(370.66); 345(692.5); 346(480.67); 347(960.21); 348(824.05); 349(356.44); 350(521.28); 351(341.23); 352(522.04); 353(231.64); 354(221.35); 355(384.62); 356(146.14); 357(783.38); 358(802.33); 359(977.89); 360(230.49); 361(219.4); 362(148.93); 363(797.59); 364(425.42); 365(896.33); 366(970.33); 367(142.78); 368(9.99); 369(845.75); 370(137.22); 371(357.07); 372(546.58); 373(241.21); 374(773.01); 375(223.73); 376(407.81); 377(757.63); 378(484.26); 379(197.84); 380(931.65); 381(625.38); 382(767.94); 383(479.93); 384(407.26); 385(345.51); 386(19.63); 387(668.61); 388(288.83); 389(892.56); 390(820.23); 391(266.93); 392(166.77); 393(217.42); 394(236.87); 395(296.75); 396(585.89); 397(463.58); 398(838.74); 399(857.37); 400(62.09); 401(448.57); 402(1.33); 403(272.44); 404(616.38); 405(636.82); 406(818.88); 407(810.8); 408(703.03); 409(90.77); 410(963.7); 411(549.27); 412(211.05); 413(861.15); 414(416.44); 415(903.24); 416(122.14); 417(714.86); 418(475.89); 419(631.9); 420(819.94); 421(582.47); 422(150.48); 423(50.51); 424(673.79); 425(135.82); 426(862.6); 427(101.22); 428(39.94); 429(988.45); 430(849.74); 431(989.97); 432(59.73); 433(599.97); 434(564.18); 435(540.98); 436(805.1); 437(353.27); 438(779.78); 439(52.08); 440(93.21); 441(939.44); 442(449.49); 443(679.96); 444(287.38); 445(988.94); 446(709.1); 447(812.12); 448(646.86); 449(68.37); 450(243.32); 452(460.49); 453(221.27); 454(522.04); 455(341.68); 456(295.23); 457(527.52); 458(831.12); 459(385.99); 460(629.07); 461(487.62); 462(962.3); 463(604.89); 464(203.2); 465(148.34); 466(521.95); 467(165.99); 468(762.65); 469(145.47); 470(341.33); 471(462.05); 472(17.08); 473(371.38); 474(884.15); 475(497.18); 476(259.68); 477(187.52); 478(395.45); 479(369.39); 480(109.76); 481(706.36); 482(629.27); 483(729.39); 484(239.71); 485(629.16); 486(90.5); 487(169.07); 488(492.57); 489(137.87); 490(856.46); 491(786.1); 492(34.51); 493(431.15); 494(57.66); 495(740.67); 496(744.72); 497(348.94); 498(369.21); 499(251.97),1
452,0(889.26); 1(195.42); 2(666.85); 3(601.53); 4(292.8); 5(586.76); 6(728.08); 7(615.46); 8(277.1); 9(16.72); 10(288.7); 11(660.97); 12(769.27); 13(909.88); 14(828.35); 15(39.6); 16(861.71); 17(475.47); 18(280.41); 19(380.08); 20(993.8); 21(549.17); 22(907.89); 23(764.88); 24(128.52); 25(877.51); 26(100.25); 27(150.79); 28(499.86); 29(246.99); 30(618.28); 31(984.08); 32(64.64); 33(45.51); 34(360.64); 35(96.59); 36(49.58); 37(308.79); 38(230.73); 39(64.81); 40(158.73); 41(157.29); 42(763.95); 43(470.72); 44(957.76); 45(153.27); 46(824.31); 47(463.85); 48(213.01); 49(6.11); 50(54.96); 51(920.62); 52(476.12); 53(707.15); 54(963.89); 55(543.85); 56(277.72); 57(423.54); 58(477.56); 59(278.3); 60(89.65); 61(765.97); 62(5.22); 63(585.51); 64(881.91); 65(663.3); 66(40.67); 67(74.97); 68(573.18); 69(561.45); 70(515.39); 71(685.2); 72(301.8); 73(507.86); 74(973.87); 75(990.64); 76(287.14); 77(461.1); 78(292.24); 79(108.48); 80(43.91); 81(967.43); 82(419.47); 83(677.38); 84(41.64); 85(41.74); 86(389.07); 87(202.97); 88(190.84); 89(895.54); 90(159.67); 91(67.32); 92(422.89); 93(375.59); 94(521.1); 95(546.38); 96(148.11); 97(728.25); 98(819.06); 99(916.99); 100(653.13); 101(856.07); 102(826.34); 103(750.09); 104(228.85); 105(899.19); 106(635.09); 107(157.81); 108(155.48); 109(563.94); 110(518.86); 111(235.83); 112(44.06); 113(955.73); 114(159.51); 115(35.97); 116(611.68); 117(781.94); 118(487.82); 119(397.69); 120(416.13); 121(347.99); 122(312.87); 123(867.32); 124(158.44); 125(492.03); 126(978.47); 127(621.48); 128(402.35); 129(454.73); 130(58.62); 131(542.83); 132(134.29); 133(781.41); 134(544.29); 135(128.29); 136(322.08); 137(244.78); 138(644.74); 139(440.32); 140(181.72); 141(592.93); 142(560.31); 143(960.16); 144(938.31); 145(599.54); 146(721.26); 147(467.03); 148(888.72); 149(413.23); 150(858.36); 151(252.72); 152(492.4); 153(298.34); 154(746.52); 155(134.91); 156(829.39); 157(193.83); 158(68.17); 159(229.22); 160(944.95); 161(842.83); 162(421.69); 163(196.15); 164(428.15); 165(475.21); 166(898.48); 167(836.05); 168(301.57); 169(243.47); 170(581.04); 171(689.24); 172(330.7); 173(818.97); 174(80.94); 175(488.41); 176(592.12); 177(713.18); 178(619.59); 179(669.87); 180(348.92); 181(148.44); 182(777.34); 183(500.07); 184(239.01); 185(343.18); 186(668.32); 187(394.99); 188(188.53); 189(10.17); 190(209.43); 191(896.8); 192(665.0); 193(509.91); 194(656.38); 195(476.32); 196(62.07); 197(761.92); 198(92.59); 199(264.64); 200(105.15); 201(431.41); 202(699.14); 203(813.76); 204(502.05); 205(889.02); 206(887.77); 207(575.0); 208(498.84); 209(114.71); 210(389.12); 211(789.53); 212(414.45); 213(898.55); 214(20.51); 215(839.02); 216(787.23); 217(820.75); 218(609.65); 219(263.79); 220(617.02); 221(943.04); 222(92.38); 223(368.84); 224(606.04); 225(896.03); 226(823.75); 227(926.51); 228(708.32); 229(494.46); 230(114.8); 231(915.62); 232(699.75); 233(79.79); 234(38.77); 235(571.31); 236(864.24); 237(667.15); 238(796.99); 239(250.48); 240(607.44); 241(700.14); 242(730.03); 243(928.49); 244(279.94); 245(201.62); 246(422.94); 247(969.31); 248(131.32); 249(322.61); 250(566.87); 251(382.98); 252(526.85); 253(788.15); 254(383.98); 255(226.08); 256(999.26); 257(501.35); 258(716.98); 259(812.79); 260(149.56); 261(718.3); 262(868.95); 263(498.06); 264(917.21); 265(750.01); 266(452.26); 267(986.9); 268(10.9); 269(134.84); 270(481.48); 271(445.46); 272(296.97); 273(886.51); 274(753.7); 275(675.66); 276(959.31); 277(879.3); 278(289.31); 279(8.66); 280(127.86); 281(762.13); 282(789.22); 283(356.61); 284(936.74); 285(374.28); 286(507.25); 287(332.86); 288(917.27); 289(257.22); 290(524.54); 291(538.1); 292(434.47); 293(732.68); 294(94.22); 295(599.6); 296(20.06); 297(473.05); 298(102.5); 299(404.9); 300(998.85); 301(461.13); 302(214.26); 303(87.66); 304(506.19); 305(264.46); 306(15.69); 307(355.84); 308(574.86); 309(97.96); 310(30.86); 311(494.29); 312(709.49); 313(845.34); 314(357.46); 315(509.19); 316(867.46); 317(829.28); 318(679.48); 319(572.92); 320(258.86); 321(812.01); 322(605.89); 323(144.09); 324(740.72); 325(529.61); 326(724.44); 327(302.27); 328(185.19); 329(370.95); 330(872.15); 331(149.24); 332(613.87); 333(124.78); 334(160.28); 335(396.25); 336(453.92); 337(770.02); 338(161.71); 339(297.06); 340(53.56); 341(943.72); 342(489.24); 343(2.67); 344(508.8); 345(551.35); 346(632.14); 347(931.55); 348(115.69); 349(242.68); 350(267.34); 351(584.2); 352(569.23); 353(99.11); 354(250.87); 355(801.91); 356(187.86); 357(949.19); 358(82.17); 359(423.44); 360(954.16); 361(335.86); 362(801.49); 363(882.73); 364(291.52); 365(183.96); 366(844.74); 367(514.42); 368(505.6); 369(624.26); 370(199.99); 371(849.53); 372(996.42); 373(336.84); 374(490.92); 375(657.67); 376(616.44); 377(508.89); 378(651.26); 379(910.83); 380(428.42); 381(174.37); 382(752.97); 383(81.64); 384(569.52); 385(558.15); 386(766.93); 387(309.14); 388(415.9); 389(816.66); 390(82.35); 391(954.85); 392(396.92); 393(686.57); 394(781.19); 395(235.12); 396(927.47); 397(933.01); 398(918.58); 399(943.16); 400(561.5); 401(168.49); 402(815.27); 403(976.92); 404(403.31); 405(588.83); 406(23.42); 407(445.93); 408(949.95); 409(460.15); 410(41.66); 411(868.23); 412(429.34); 413(878.33); 414(157.6); 415(304.41); 416(416.22); 417(656.43); 418(563.98); 419(402.33); 420(333.96); 421(824.92); 422(604.53); 423(507.73); 424(309.67); 425(684.0); 426(764.2); 427(284.75); 428(960.87); 429(622.01); 430(866.64); 431(90.44); 432(731.19); 433(490.03); 434(897.69); 435(676.69); 436(142.57); 437(887.76); 438(508.17); 439(675.8); 440(206.96); 441(202.54); 442(653.18); 443(165.51); 444(217.31); 445(212.22); 446(992.31); 447(361.84); 448(892.11); 449(681.05); 450(227.42); 451(460.49); 453(370.34); 454(753.09); 455(833.54); 456(703.2); 457(424.04); 458(575.86); 459(975.24); 460(227.11); 461(524.54); 462(143.21); 463(571.01); 464(360.41); 465(467.86); 466(685.5); 467(188.92); 468(610.1); 469(795.75); 470(893.66); 471(259.37); 472(249.52); 473(747.41); 474(494.03); 475(193.14); 476(994.3); 477(234.0); 478(897.18); 479(937.51); 480(256.01); 481(817.46); 482(406.21); 483(6.85); 484(850.04); 485(335.4); 486(986.08); 487(961.89); 488(546.19); 489(993.33); 490(563.61); 491(158.9); 492(294.52); 493(637.02); 494(421.82); 495(965.31); 496(917.74); 497(78.13); 498(808.62); 499(223.8),1
453,0(324.22); 1(21.75); 2(770.27); 3(576.16); 4(19.08); 5(735.89); 6(904.65); 7(515.39); 8(741.15); 9(846.92); 10(674.26); 11(406.15); 12(450.47); 13(186.61); 14(902.65); 15(235.93); 16(592.57); 17(512.79); 18(323.32); 19(234.11); 20(333.32); 21(737.64); 22(473.98); 23(851.39); 24(488.3); 25(755.56); 26(378.51); 27(202.25); 28(885.26); 29(555.12); 30(722.83); 31(855.62); 32(498.81); 33(95.0); 34(994.36); 35(794.2); 36(26.73); 37(877.56); 38(713.03); 39(313.89); 40(810.34); 41(848.39); 42(196.04); 43(694.95); 44(85.5); 45(122.54); 46(446.15); 47(415.92); 48(468.95); 49(976.46); 50(497.16); 51(819.85); 52(219.26); 53(464.36); 54(404.96); 55(300.21); 56(64.47); 57(760.21); 58(21.11); 59(838.74); 60(564.19); 61(371.81); 62(249.86); 63(125.54); 64(812.82); 65(58.5); 66(506.23); 67(783.24); 68(568.24); 69(763.14); 70(834.24); 71(415.8); 72(661.58); 73(168.12); 74(558.51); 75(761.23); 76(361.96); 77(252.65); 78(628.99); 79(970.29); 80(463.4); 81(148.25); 82(594.14); 83(312.74); 84(392.55); 85(418.89); 86(30.66); 87(613.65); 88(869.92); 89(962.34); 90(140.9); 91(10.24); 92(280.28); 93(376.5); 94(941.72); 95(573.11); 96(185.36); 97(318.92); 98(816.29); 99(386.5); 100(48.62); 101(321.35); 102(901.98); 103(88.11); 104(38.89); 105(247.1); 106(648.34); 107(606.41); 108(681.43); 109(175.28); 110(713.15); 111(779.82); 112(871.72); 113(227.77); 114(497.79); 115(697.33); 116(509.26); 117(833.79); 118(982.31); 119(31.91); 120(989.9); 121(711.38); 122(611.66); 123(590.9); 124(487.84); 125(145.93); 126(325.62); 127(940.99); 128(913.12); 129(984.72); 130(232.64); 131(144.82); 132(186.27); 133(630.32); 134(667.42); 135(331.72); 136(289.29); 137(205.99); 138(28.93); 139(782.45); 140(743.32); 141(914.9); 142(341.71); 143(580.82); 144(21.45); 145(406.34); 146(98.91); 147(570.59); 148(397.75); 149(571.78); 150(224.53); 151(265.09); 152(206.1); 153(70.62); 154(518.84); 155(277.37); 156(677.03); 157(744.27); 158(334.91); 159(938.58); 160(715.96); 161(387.12); 162(190.06); 163(421.46); 164(739.99); 165(208.47); 166(329.95); 167(500.64); 168(982.54); 169(221.85); 170(22.47); 171(562.98); 172(407.99); 173(874.88); 174(838.04); 175(96.62); 176(843.77); 177(969.21); 178(543.04); 179(61.32); 180(942.54); 181(633.27); 182(200.57); 183(330.8); 184(699.09); 185(739.99); 186(810.47); 187(201.86); 188(324.53); 189(195.01); 190(371.08); 191(164.92); 192(325.24); 193(750.03); 194(429.66); 195(0.44); 196(494.66); 197(713.48); 198(232.28); 199(539.54); 200(856.84); 201(178.67); 202(431.06); 203(719.36); 204(115.12); 205(40.37); 206(531.02); 207(891.12); 208(563.16); 209(439.25); 210(982.92); 211(608.6); 212(975.46); 213(263.66); 214(863.69); 215(639.41); 216(838.86); 217(171.4); 218(170.1); 219(476.24); 220(411.64); 221(821.57); 222(866.13); 223(114.63); 224(775.78); 225(212.07); 226(377.39); 227(580.71); 228(623.3); 229(517.25); 230(773.26); 231(951.43); 232(436.52); 233(174.83); 234(234.14); 235(272.49); 236(640.61); 237(566.66); 238(171.22); 239(268.79); 240(603.17); 241(419.32); 242(790.61); 243(32.71); 244(420.81); 245(898.31); 246(596.22); 247(798.8); 248(500.87); 249(253.68); 250(941.44); 251(16.93); 252(676.77); 253(326.68); 254(554.77); 255(424.32); 256(216.11); 257(70.85); 258(114.64); 259(488.02); 260(389.25); 261(170.95); 262(365.61); 263(628.62); 264(794.13); 265(296.37); 266(230.56); 267(165.77); 268(693.94); 269(503.9); 270(115.26); 271(217.74); 272(583.79); 273(895.88); 274(151.46); 275(366.62); 276(112.28); 277(572.27); 278(654.15); 279(83.25); 280(938.33); 281(429.9); 282(41.57); 283(449.22); 284(755.95); 285(214.5); 286(204.56); 287(862.85); 288(453.87); 289(98.17); 290(849.0); 291(85.66); 292(744.57); 293(51.28); 294(417.73); 295(924.56); 296(696.45); 297(413.94); 298(23.04); 299(788.06); 300(856.83); 301(344.18); 302(266.54); 303(37.01); 304(235.97); 305(982.25); 306(349.15); 307(514.27); 308(547.33); 309(688.63); 310(305.36); 311(638.86); 312(904.82); 313(575.01); 314(112.01); 315(950.13); 316(803.33); 317(204.9); 318(29.44); 319(360.1); 320(394.51); 321(529.35); 322(672.79); 323(41.17); 324(524.54); 325(965.72); 326(589.61); 327(414.24); 328(981.33); 329(493.14); 330(19.25); 331(28.49); 332(412.36); 333(560.1); 334(20.88); 335(660.36); 336(18.64); 337(123.7); 338(860.0); 339(673.82); 340(838.13); 341(997.9); 342(980.67); 343(261.81); 344(795.03); 345(657.13); 346(302.32); 347(554.72); 348(829.37); 349(976.78); 350(236.33); 351(173.88); 352(637.26); 353(493.98); 354(600.02); 355(196.71); 356(390.45); 357(510.07); 358(738.38); 359(657.04); 360(457.7); 361(117.81); 362(811.86); 363(753.18); 364(774.57); 365(9.13); 366(147.61); 367(339.15); 368(453.72); 369(404.01); 370(562.78); 371(687.5); 372(856.07); 373(305.65); 374(825.12); 375(512.66); 376(629.49); 377(156.42); 378(548.06); 379(521.37); 380(58.64); 381(157.32); 382(275.71); 383(76.37); 384(969.04); 385(904.99); 386(316.24); 387(835.31); 388(605.93); 389(889.48); 390(372.76); 391(230.03); 392(740.12); 393(237.89); 394(877.48); 395(498.44); 396(228.14); 397(612.39); 398(500.24); 399(929.57); 400(71.77); 401(413.78); 402(781.06); 403(596.95); 404(760.98); 405(223.7); 406(1.94); 407(497.94); 408(540.92); 409(664.38); 410(302.26); 411(641.8); 412(514.09); 413(545.77); 414(898.52); 415(84.01); 416(493.09); 417(790.48); 418(776.11); 419(782.37); 420(444.58); 421(941.52); 422(991.94); 423(847.64); 424(392.55); 425(741.17); 426(826.01); 427(877.62); 428(654.76); 429(113.07); 430(987.65); 431(741.67); 432(858.69); 433(160.87); 434(563.57); 435(423.91); 436(707.8); 437(177.09); 438(703.8); 439(184.48); 440(786.02); 441(230.59); 442(387.31); 443(2.19); 444(286.04); 445(674.48); 446(239.12); 447(723.43); 448(59.17); 449(854.44); 450(143.76); 451(221.27); 452(370.34); 454(36.54); 455(371.12); 456(294.23); 457(179.3); 458(844.38); 459(17.07); 460(692.9); 461(497.92); 462(826.98); 463(622.85); 464(68.7); 465(860.11); 466(923.99); 467(974.78); 468(826.33); 469(101.86); 470(715.97); 471(443.02); 472(624.39); 473(941.87); 474(20.78); 475(181.05); 476(631.09); 477(960.53); 478(403.23); 479(603.95); 480(13.99); 481(314.36); 482(275.75); 483(311.51); 484(81.8); 485(118.73); 486(323.69); 487(438.28); 488(616.42); 489(3.02); 490(787.15); 491(154.17); 492(776.84); 493(154.2); 494(512.12); 495(890.71); 496(675.26); 497(675.58); 498(929.93); 499(706.32),1
454,0(607.37); 1(479.23); 2(749.84); 3(709.53); 4(777.13); 5(596.36); 6(446.58); 7(638.59); 8(794.0); 9(382.46); 10(278.28); 11(835.88); 12(392.17); 13(42.68); 14(600.16); 15(131.61); 16(505.06); 17(104.09); 18(704.99); 19(775.69); 20(366.46); 21(99.1); 22(522.31); 23(190.1); 24(166.14); 25(320.19); 26(895.06); 27(639.96); 28(785.42); 29(774.33); 30(230.77); 31(316.88); 32(989.47); 33(554.55); 34(908.12); 35(873.35); 36(992.61); 37(859.07); 38(857.15); 39(464.04); 40(424.97); 41(822.67); 42(153.06); 43(112.47); 44(734.55); 45(24.17); 46(193.05); 47(892.96); 48(668.74); 49(248.07); 50(146.94); 51(431.09); 52(903.71); 53(74.69); 54(859.86); 55(871.69); 56(649.2); 57(758.59); 58(859.92); 59(555.33); 60(612.51); 61(664.55); 62(145.52); 63(662.5); 64(565.81); 65(191.56); 66(404.19); 67(952.55); 68(964.75); 69(685.45); 70(693.1); 71(719.71); 72(479.21); 73(536.47); 74(516.02); 75(355.0); 76(858.75); 77(827.08); 78(845.04); 79(627.31); 80(536.48); 81(499.35); 82(208.14); 83(671.35); 84(419.62); 85(572.95); 86(350.84); 87(958.64); 88(307.72); 89(862.35); 90(940.38); 91(553.34); 92(922.92); 93(644.25); 94(923.83); 95(750.51); 96(948.38); 97(992.4); 98(189.45); 99(207.45); 100(744.89); 101(8.83); 102(238.71); 103(640.87); 104(518.42); 105(436.48); 106(3.21); 107(380.18); 108(921.01); 109(969.14); 110(752.91); 111(372.26); 112(227.6); 113(683.0); 114(171.08); 115(424.15); 116(902.27); 117(687.3); 118(928.72); 119(183.73); 120(978.59); 121(596.09); 122(190.6); 123(952.9); 124(609.09); 125(882.34); 126(498.5); 127(63.6); 128(846.79); 129(766.34); 130(904.22); 131(933.87); 132(589.47); 133(974.36); 134(652.65); 135(432.97); 136(905.76); 137(323.97); 138(140.51); 139(766.76); 140(592.38); 141(177.74); 142(354.35); 143(486.49); 144(487.02); 145(184.64); 146(585.91); 147(232.54); 148(315.15); 149(680.5); 150(734.8); 151(126.53); 152(612.77); 153(245.56); 154(112.96); 155(707.15); 156(570.53); 157(19.03); 158(495.86); 159(517.66); 160(596.13); 161(87.41); 162(386.25); 163(144.4); 164(346.54); 165(141.0); 166(716.04); 167(366.53); 168(986.62); 169(322.14); 170(664.0); 171(34.76); 172(652.07); 173(708.98); 174(446.42); 175(156.98); 176(694.07); 177(426.4); 178(564.6); 179(688.37); 180(769.01); 181(856.23); 182(868.13); 183(291.43); 184(920.7); 185(909.71); 186(604.87); 187(975.45); 188(164.4); 189(379.67); 190(119.88); 191(995.04); 192(430.46); 193(32.98); 194(536.64); 195(743.89); 196(511.98); 197(770.89); 198(406.48); 199(232.36); 200(915.02); 201(210.35); 202(75.07); 203(822.38); 204(910.97); 205(687.65); 206(418.03); 207(349.71); 208(936.61); 209(445.75); 210(27.83); 211(232.2); 212(937.7); 213(53.51); 214(886.0); 215(542.56); 216(665.44); 217(103.39); 218(20.35); 219(158.56); 220(87.55); 221(337.05); 222(503.65); 223(564.73); 224(642.1); 225(639.48); 226(306.46); 227(909.01); 228(63.13); 229(125.66); 230(347.55); 231(32.4); 232(233.78); 233(137.92); 234(593.35); 235(361.93); 236(809.67); 237(176.72); 238(816.93); 239(638.12); 240(773.62); 241(666.37); 242(849.52); 243(595.4); 244(226.25); 245(731.26); 246(514.82); 247(258.57); 248(764.3); 249(266.81); 250(863.05); 251(956.51); 252(839.33); 253(230.09); 254(118.22); 255(417.66); 256(532.22); 257(666.67); 258(479.25); 259(420.13); 260(751.27); 261(648.29); 262(317.08); 263(871.02); 264(244.3); 265(676.92); 266(874.41); 267(418.14); 268(275.39); 269(410.17); 270(936.59); 271(949.64); 272(646.1); 273(230.4); 274(502.02); 275(638.72); 276(601.41); 277(196.39); 278(235.23); 279(788.03); 280(319.32); 281(841.4); 282(912.59); 283(207.18); 284(554.05); 285(695.73); 286(364.85); 287(314.91); 288(977.89); 289(937.71); 290(710.32); 291(594.18); 292(348.88); 293(631.69); 294(607.67); 295(853.78); 296(493.08); 297(727.65); 298(633.76); 299(495.96); 300(743.68); 301(843.9); 302(13.76); 303(149.44); 304(564.87); 305(224.27); 306(598.76); 307(427.94); 308(992.25); 309(440.72); 310(393.49); 311(364.06); 312(80.95); 313(276.78); 314(283.3); 315(777.01); 316(268.53); 317(92.83); 318(956.07); 319(853.85); 320(454.75); 321(48.56); 322(180.89); 323(752.51); 324(821.95); 325(474.79); 326(645.53); 327(582.58); 328(165.56); 329(2.78); 330(763.96); 331(659.39); 332(569.05); 333(619.0); 334(370.03); 335(369.93); 336(944.48); 337(345.59); 338(672.84); 339(477.16); 340(253.55); 341(998.88); 342(229.6); 343(311.02); 344(625.58); 345(961.88); 346(174.4); 347(679.99); 348(7.07); 349(610.8); 350(344.09); 351(417.67); 352(247.34); 353(589.55); 354(242.29); 355(755.58); 356(467.54); 357(639.89); 358(882.32); 359(381.72); 360(701.63); 361(220.85); 362(97.73); 363(691.18); 364(485.86); 365(337.49); 366(320.77); 367(593.1); 368(697.5); 369(524.33); 370(484.76); 371(771.86); 372(735.12); 373(744.85); 374(72.15); 375(799.56); 376(578.04); 377(575.88); 378(814.44); 379(53.36); 380(87.55); 381(896.53); 382(261.1); 383(725.88); 384(32.51); 385(175.57); 386(438.46); 387(403.06); 388(566.02); 389(929.8); 390(117.93); 391(106.79); 392(541.42); 393(214.53); 394(252.25); 395(982.32); 396(737.89); 397(391.08); 398(883.4); 399(178.87); 400(413.37); 401(296.56); 402(379.2); 403(94.51); 404(702.54); 405(827.1); 406(930.56); 407(19.95); 408(534.18); 409(105.12); 410(634.62); 411(820.89); 412(394.07); 413(677.24); 414(718.09); 415(258.95); 416(422.08); 417(65.08); 418(847.84); 419(140.93); 420(587.92); 421(650.67); 422(154.29); 423(746.48); 424(662.94); 425(740.63); 426(887.11); 427(24.96); 428(213.01); 429(966.23); 430(147.24); 431(107.67); 432(505.92); 433(779.84); 434(868.26); 435(700.17); 436(390.02); 437(40.44); 438(551.14); 439(512.65); 440(55.25); 441(476.28); 442(195.61); 443(508.67); 444(588.91); 445(356.3); 446(803.9); 447(93.0); 448(244.43); 449(255.22); 450(349.48); 451(522.04); 452(753.09); 453(36.54); 455(663.99); 456(790.62); 457(522.26); 458(581.3); 459(843.72); 460(274.32); 461(974.63); 462(247.05); 463(41.04); 464(25.33); 465(178.12); 466(828.11); 467(592.89); 468(739.07); 469(380.85); 470(5.13); 471(798.58); 472(215.24); 473(599.42); 474(310.46); 475(194.17); 476(727.3); 477(674.5); 478(321.75); 479(632.55); 480(173.57); 481(281.42); 482(37.57); 483(535.54); 484(201.51); 485(530.99); 486(974.91); 487(936.09); 488(572.08); 489(495.85); 490(377.07); 491(445.52); 492(155.2); 493(785.47); 494(19.14); 495(201.82); 496(193.34); 497(487.48); 498(515.05); 499(856.12),1
455,0(630.27); 1(154.23); 2(21.67); 3(501.23); 4(395.39); 5(2.02); 6(413.58); 7(249.6); 8(167.06); 9(657.92); 10(709.68); 11(180.68); 12(403.43); 13(660.51); 14(908.63); 15(866.75); 16(996.42); 17(292.21); 18(640.87); 19(190.17); 20(267.28); 21(745.64); 22(51.69); 23(390.4); 24(586.29); 25(472.21); 26(300.47); 27(920.18); 28(327.96); 29(861.82); 30(583.09); 31(550.86); 32(203.04); 33(569.76); 34(593.53); 35(45.42); 36(305.69); 37(219.07); 38(776.68); 39(954.97); 40(554.13); 41(430.83); 42(855.09); 43(898.52); 44(834.03); 45(200.08); 46(221.04); 47(894.11); 48(40.45); 49(327.64); 50(53.42); 51(266.62); 52(653.41); 53(231.25); 54(873.52); 55(665.58); 56(509.27); 57(948.23); 58(510.42); 59(112.61); 60(735.53); 61(138.34); 62(493.07); 63(631.74); 64(244.22); 65(594.6); 66(893.42); 67(522.2); 68(911.36); 69(712.11); 70(176.21); 71(788.31); 72(209.76); 73(672.2); 74(336.52); 75(259.39); 76(442.16); 77(683.23); 78(399.35); 79(465.03); 80(392.33); 81(572.02); 82(7.41); 83(885.19); 84(414.17); 85(455.36); 86(355.81); 87(541.2); 88(698.61); 89(247.01); 90(639.53); 91(692.28); 92(251.7); 93(60.42); 94(786.72); 95(351.35); 96(0.15); 97(102.06); 98(551.94); 99(856.33); 100(796.44); 101(34.04); 102(256.6); 103(916.11); 104(618.4); 105(524.06); 106(153.57); 107(636.32); 108(975.42); 109(667.05); 110(809.44); 111(388.05); 112(652.95); 113(110.75); 114(305.3); 115(198.6); 116(925.76); 117(270.83); 118(162.93); 119(503.19); 120(78.52); 121(356.9); 122(761.17); 123(307.66); 124(61.45); 125(836.72); 126(991.56); 127(928.13); 128(333.39); 129(570.46); 130(344.9); 131(165.49); 132(201.55); 133(686.14); 134(143.21); 135(589.83); 136(351.86); 137(783.04); 138(250.9); 139(65.21); 140(574.83); 141(924.22); 142(695.88); 143(618.13); 144(410.9); 145(369.63); 146(710.55); 147(681.02); 148(839.46); 149(51.29); 150(156.82); 151(562.61); 152(400.64); 153(163.15); 154(977.11); 155(580.01); 156(220.69); 157(944.46); 158(765.51); 159(160.33); 160(647.37); 161(847.63); 162(489.27); 163(420.92); 164(490.87); 165(538.74); 166(512.81); 167(982.59); 168(241.79); 169(335.19); 170(610.11); 171(923.56); 172(247.87); 173(880.72); 174(542.25); 175(207.12); 176(867.83); 177(537.77); 178(609.04); 179(885.0); 180(450.0); 181(281.07); 182(10.31); 183(801.14); 184(613.23); 185(812.18); 186(914.4); 187(124.65); 188(406.57); 189(576.98); 190(637.89); 191(101.61); 192(207.57); 193(584.87); 194(931.82); 195(963.45); 196(930.49); 197(763.65); 198(849.61); 199(624.28); 200(342.92); 201(106.04); 202(219.54); 203(946.82); 204(612.21); 205(683.75); 206(188.8); 207(428.41); 208(163.21); 209(921.62); 210(932.05); 211(786.88); 212(994.25); 213(212.8); 214(836.33); 215(512.85); 216(536.77); 217(896.96); 218(231.77); 219(313.2); 220(923.66); 221(656.13); 222(371.97); 223(677.24); 224(451.12); 225(783.05); 226(821.19); 227(549.93); 228(238.41); 229(200.16); 230(966.46); 231(646.16); 232(391.7); 233(920.55); 234(740.84); 235(175.07); 236(982.69); 237(855.45); 238(372.64); 239(807.6); 240(501.04); 241(66.67); 242(736.21); 243(341.45); 244(295.4); 245(167.99); 246(677.69); 247(669.73); 248(185.03); 249(6.76); 250(888.31); 251(894.39); 252(742.99); 253(346.36); 254(285.98); 255(1.22); 256(855.4); 257(805.12); 258(40.42); 259(114.63); 260(245.54); 261(844.49); 262(647.69); 263(972.73); 264(606.92); 265(371.01); 266(461.65); 267(876.7); 268(588.04); 269(683.8); 270(144.85); 271(41.02); 272(222.99); 273(229.98); 274(600.6); 275(622.15); 276(160.81); 277(973.55); 278(709.32); 279(25.63); 280(572.53); 281(811.3); 282(861.4); 283(316.84); 284(632.66); 285(989.12); 286(631.33); 287(389.87); 288(778.68); 289(230.88); 290(912.19); 291(604.81); 292(442.74); 293(601.29); 294(525.78); 295(153.07); 296(865.23); 297(909.0); 298(726.21); 299(831.7); 300(251.66); 301(360.5); 302(445.31); 303(506.25); 304(54.25); 305(55.78); 306(580.82); 307(849.6); 308(688.93); 309(958.51); 310(284.91); 311(82.62); 312(37.17); 313(151.15); 314(638.14); 315(47.81); 316(956.02); 317(861.62); 318(417.96); 319(511.76); 320(892.67); 321(491.02); 322(458.12); 323(56.43); 324(138.31); 325(495.98); 326(596.18); 327(839.32); 328(529.45); 329(993.15); 330(500.01); 331(589.49); 332(364.96); 333(960.15); 334(156.05); 335(709.16); 336(947.16); 337(240.82); 338(733.75); 339(206.19); 340(280.9); 341(665.58); 342(898.41); 343(671.0); 344(524.58); 345(801.26); 346(979.03); 347(321.77); 348(104.54); 349(751.3); 350(875.94); 351(317.09); 352(272.78); 353(112.19); 354(206.69); 355(254.22); 356(797.32); 357(224.17); 358(186.51); 359(282.8); 360(695.32); 361(586.95); 362(523.38); 363(912.59); 364(211.95); 365(661.27); 366(290.49); 367(740.32); 368(149.46); 369(856.8); 370(604.05); 371(658.73); 372(314.57); 373(734.15); 374(926.67); 375(158.42); 376(293.71); 377(463.07); 378(750.33); 379(59.85); 380(174.55); 381(112.76); 382(229.38); 383(547.27); 384(807.48); 385(255.59); 386(187.62); 387(101.36); 388(426.63); 389(270.29); 390(520.36); 391(953.73); 392(292.17); 393(503.26); 394(454.08); 395(65.34); 396(895.59); 397(966.27); 398(49.99); 399(357.54); 400(289.13); 401(614.77); 402(654.26); 403(605.98); 404(160.02); 405(524.19); 406(315.45); 407(819.29); 408(136.99); 409(98.7); 410(315.24); 411(334.14); 412(667.36); 413(762.45); 414(134.37); 415(413.89); 416(11.99); 417(490.66); 418(984.6); 419(310.68); 420(419.8); 421(25.76); 422(40.99); 423(126.22); 424(805.57); 425(733.51); 426(311.09); 427(918.08); 428(759.38); 429(374.48); 430(325.34); 431(719.02); 432(19.51); 433(540.64); 434(226.34); 435(512.34); 436(601.41); 437(719.06); 438(439.2); 439(253.33); 440(638.77); 441(271.19); 442(631.54); 443(26.58); 444(193.97); 445(701.48); 446(432.51); 447(259.35); 448(946.06); 449(671.95); 450(136.63); 451(341.68); 452(833.54); 453(371.12); 454(663.99); 456(511.89); 457(790.11); 458(253.53); 459(33.58); 460(303.6); 461(899.39); 462(553.93); 463(133.02); 464(839.93); 465(50.59); 466(269.02); 467(218.76); 468(106.66); 469(179.11); 470(588.55); 471(188.75); 472(195.0); 473(814.11); 474(426.94); 475(537.61); 476(762.57); 477(114.51); 478(80.8); 479(361.63); 480(15.86); 481(427.68); 482(703.37); 483(358.14); 484(643.82); 485(925.83); 486(633.83); 487(224.5); 488(778.61); 489(674.45); 490(185.63); 491(713.24); 492(379.79); 493(906.91); 494(551.05); 495(376.76); 496(3.51); 497(141.07); 498(945.43); 499(920.18),1
456,0(527.9); 1(400.44); 2(955.34); 3(19.11); 4(303.26); 5(677.75); 6(358.52); 7(636.69); 8(392.05); 9(198.08); 10(767.76); 11(785.33); 12(895.36); 13(893.98); 14(692.15); 15(790.19); 16(463.39); 17(485.69); 18(747.51); 19(29.89); 20(474.3); 21(539.18); 22(787.1); 23(369.45); 24(930.84); 25(29.99); 26(687.58); 27(429.46); 28(457.0); 29(297.91); 30(304.15); 31(546.96); 32(301.37); 33(751.47); 34(989.64); 35(362.36); 36(961.96); 37(385.83); 38(893.11); 39(987.37); 40(728.18); 41(375.65); 42(589.26); 43(798.59); 44(639.58); 45(774.39); 46(218.58); 47(668.49); 48(157.66); 49(588.76); 50(8.88); 51(455.21); 52(305.31); 53(169.94); 54(890.44); 55(863.93); 56(742.56); 57(566.57); 58(898.22); 59(48.73); 60(997.48); 61(483.76); 62(412.26); 63(2.97); 64(630.15); 65(556.16); 66(365.34); 67(759.48); 68(305.18); 69(507.08); 70(889.57); 71(633.26); 72(753.64); 73(226.68); 74(630.53); 75(559.06); 76(322.35); 77(977.25); 78(610.89); 79(550.41); 80(196.61); 81(145.72); 82(513.84); 83(936.17); 84(385.55); 85(253.74); 86(701.84); 87(967.23); 88(726.9); 89(361.01); 90(684.66); 91(411.04); 92(698.46); 93(595.48); 94(437.83); 95(378.66); 96(587.23); 97(437.54); 98(864.57); 99(943.08); 100(537.61); 101(594.95); 102(433.17); 103(305.91); 104(840.19); 105(361.08); 106(808.09); 107(639.46); 108(878.54); 109(859.86); 110(149.31); 111(63.62); 112(798.96); 113(312.24); 114(926.81); 115(420.92); 116(101.73); 117(546.44); 118(42.61); 119(736.47); 120(93.73); 121(785.4); 122(481.66); 123(11.66); 124(440.83); 125(127.17); 126(774.26); 127(716.49); 128(696.12); 129(70.46); 130(339.51); 131(605.86); 132(932.19); 133(476.38); 134(143.77); 135(384.18); 136(451.93); 137(30.05); 138(43.71); 139(327.12); 140(838.05); 141(936.38); 142(963.13); 143(753.18); 144(370.2); 145(441.75); 146(213.61); 147(943.65); 148(589.23); 149(462.61); 150(429.95); 151(386.42); 152(579.2); 153(812.92); 154(31.2); 155(795.19); 156(926.68); 157(747.51); 158(88.19); 159(560.42); 160(26.4); 161(50.93); 162(351.67); 163(471.44); 164(858.85); 165(750.23); 166(371.72); 167(581.62); 168(863.26); 169(119.45); 170(206.23); 171(282.1); 172(470.12); 173(243.53); 174(481.34); 175(430.76); 176(205.85); 177(474.18); 178(976.6); 179(293.27); 180(863.97); 181(30.14); 182(209.4); 183(303.61); 184(728.03); 185(649.27); 186(207.7); 187(344.63); 188(817.13); 189(682.36); 190(806.15); 191(913.83); 192(232.66); 193(376.41); 194(415.17); 195(788.1); 196(425.04); 197(983.66); 198(569.24); 199(629.7); 200(150.69); 201(983.07); 202(490.71); 203(38.62); 204(183.07); 205(957.97); 206(991.92); 207(537.05); 208(676.73); 209(138.6); 210(222.45); 211(452.02); 212(825.39); 213(350.84); 214(477.65); 215(822.84); 216(298.58); 217(698.89); 218(953.54); 219(116.41); 220(831.44); 221(881.53); 222(91.98); 223(847.04); 224(20.0); 225(650.62); 226(881.98); 227(340.84); 228(693.36); 229(214.23); 230(447.89); 231(940.79); 232(91.31); 233(74.14); 234(893.9); 235(409.58); 236(10.07); 237(335.2); 238(536.82); 239(370.47); 240(895.04); 241(288.55); 242(562.52); 243(151.61); 244(828.64); 245(43.4); 246(713.08); 247(633.57); 248(804.36); 249(838.24); 250(315.45); 251(924.9); 252(598.7); 253(843.17); 254(674.07); 255(41.6); 256(355.42); 257(634.49); 258(292.25); 259(591.91); 260(478.09); 261(210.99); 262(796.52); 263(159.37); 264(187.21); 265(489.55); 266(836.66); 267(401.13); 268(913.88); 269(766.91); 270(701.22); 271(348.76); 272(884.34); 273(536.58); 274(782.36); 275(352.45); 276(978.21); 277(42.79); 278(232.44); 279(276.69); 280(717.19); 281(138.92); 282(966.8); 283(599.42); 284(248.42); 285(78.88); 286(215.31); 287(460.53); 288(728.4); 289(450.49); 290(228.01); 291(959.52); 292(253.65); 293(281.01); 294(206.21); 295(62.78); 296(152.61); 297(811.42); 298(70.96); 299(146.67); 300(784.54); 301(499.17); 302(558.15); 303(751.81); 304(223.65); 305(10.98); 306(370.62); 307(24.16); 308(478.27); 309(782.76); 310(386.67); 311(474.94); 312(207.6); 313(242.78); 314(400.78); 315(926.45); 316(789.73); 317(939.98); 318(77.92); 319(202.97); 320(541.13); 321(971.36); 322(803.43); 323(173.54); 324(91.88); 325(631.31); 326(0.31); 327(875.95); 328(201.85); 329(250.27); 330(528.07); 331(234.88); 332(196.66); 333(76.18); 334(543.86); 335(916.14); 336(265.69); 337(84.93); 338(529.53); 339(619.91); 340(132.5); 341(632.57); 342(404.27); 343(233.03); 344(635.87); 345(419.65); 346(843.3); 347(147.41); 348(65.27); 349(628.4); 350(429.13); 351(499.42); 352(206.44); 353(419.06); 354(190.63); 355(197.95); 356(195.54); 357(287.9); 358(168.36); 359(112.43); 360(614.55); 361(29.25); 362(788.08); 363(446.59); 364(970.24); 365(912.82); 366(531.16); 367(892.69); 368(931.61); 369(836.02); 370(597.11); 371(716.74); 372(991.39); 373(804.62); 374(552.79); 375(406.73); 376(168.66); 377(587.2); 378(857.33); 379(452.82); 380(677.75); 381(740.88); 382(76.51); 383(147.79); 384(975.48); 385(117.01); 386(598.13); 387(87.56); 388(714.11); 389(545.35); 390(611.65); 391(119.0); 392(683.89); 393(895.73); 394(988.22); 395(394.43); 396(414.06); 397(68.65); 398(147.46); 399(736.87); 400(350.59); 401(744.71); 402(30.16); 403(860.47); 404(531.58); 405(740.03); 406(514.4); 407(232.77); 408(465.66); 409(167.07); 410(399.74); 411(483.42); 412(908.0); 413(61.61); 414(945.63); 415(413.69); 416(997.58); 417(803.33); 418(195.92); 419(718.76); 420(971.09); 421(192.13); 422(207.38); 423(995.12); 424(452.01); 425(251.8); 426(752.43); 427(75.85); 428(675.1); 429(418.96); 430(991.65); 431(456.49); 432(444.11); 433(812.43); 434(671.91); 435(653.31); 436(597.26); 437(774.39); 438(630.65); 439(446.19); 440(896.09); 441(164.36); 442(333.46); 443(843.15); 444(434.39); 445(335.58); 446(655.89); 447(481.78); 448(761.02); 449(493.62); 450(857.36); 451(295.23); 452(703.2); 453(294.23); 454(790.62); 455(511.89); 457(956.22); 458(34.78); 459(343.98); 460(903.87); 461(834.32); 462(813.71); 463(640.08); 464(709.37); 465(631.37); 466(298.78); 467(930.87); 468(552.7); 469(424.17); 470(550.0); 471(820.14); 472(593.35); 473(864.44); 474(457.17); 475(124.59); 476(199.46); 477(464.21); 478(116.88); 479(822.64); 480(708.54); 481(438.53); 482(719.1); 483(214.85); 484(262.28); 485(248.74); 486(869.96); 487(989.61); 488(863.86); 489(722.95); 490(192.91); 491(699.53); 492(520.2); 493(68.75); 494(427.59); 495(471.39); 496(502.14); 497(101.39); 498(691.7); 499(297.24),1
457,0(421.5); 1(206.01); 2(435.09); 3(218.98); 4(15.21); 5(185.22); 6(689.47); 7(214.15); 8(933.43); 9(552.27); 10(218.26); 11(200.64); 12(29.54); 13(726.33); 14(293.07); 15(646.6); 16(124.69); 17(824.44); 18(439.68); 19(822.04); 20(683.07); 21(751.64); 22(612.73); 23(50.63); 24(748.21); 25(921.7); 26(995.81); 27(251.21); 28(336.71); 29(69.64); 30(348.37); 31(686.53); 32(730.06); 33(234.97); 34(168.79); 35(900.48); 36(370.93); 37(588.38); 38(840.22); 39(378.97); 40(494.33); 41(567.76); 42(23.29); 43(338.11); 44(345.3); 45(123.88); 46(630.67); 47(797.94); 48(477.65); 49(706.47); 50(684.21); 51(136.47); 52(539.56); 53(58.51); 54(494.49); 55(785.9); 56(385.89); 57(989.37); 58(974.95); 59(157.07); 60(518.72); 61(62.66); 62(863.3); 63(527.69); 64(632.91); 65(641.4); 66(443.03); 67(994.17); 68(64.54); 69(409.45); 70(728.23); 71(698.48); 72(286.93); 73(909.31); 74(774.4); 75(614.42); 76(656.35); 77(459.84); 78(627.65); 79(5.16); 80(237.48); 81(385.65); 82(978.06); 83(133.4); 84(525.39); 85(353.22); 86(997.59); 87(932.3); 88(169.31); 89(866.51); 90(836.73); 91(785.83); 92(531.25); 93(748.92); 94(457.63); 95(862.77); 96(354.11); 97(735.43); 98(924.98); 99(349.16); 100(151.14); 101(127.13); 102(578.69); 103(95.94); 104(755.21); 105(906.91); 106(41.84); 107(922.25); 108(233.2); 109(891.34); 110(440.64); 111(558.81); 112(452.46); 113(139.25); 114(56.62); 115(466.47); 116(751.68); 117(701.72); 118(534.7); 119(227.42); 120(964.48); 121(280.64); 122(233.98); 123(427.56); 124(180.3); 125(191.97); 126(47.28); 127(513.88); 128(983.01); 129(430.11); 130(911.4); 131(133.42); 132(60.08); 133(237.75); 134(711.2); 135(75.5); 136(749.47); 137(358.63); 138(829.52); 139(337.42); 140(515.29); 141(750.97); 142(137.71); 143(601.46); 144(616.45); 145(206.16); 146(887.7); 147(325.95); 148(397.92); 149(636.68); 150(306.9); 151(541.13); 152(361.53); 153(698.71); 154(165.24); 155(726.66); 156(124.02); 157(911.26); 158(556.93); 159(769.81); 160(935.72); 161(811.51); 162(154.07); 163(714.32); 164(346.43); 165(271.17); 166(921.34); 167(976.2); 168(699.03); 169(538.19); 170(842.45); 171(553.53); 172(405.39); 173(799.89); 174(555.58); 175(778.57); 176(810.18); 177(927.14); 178(451.23); 179(336.57); 180(912.87); 181(828.48); 182(869.61); 183(246.25); 184(221.99); 185(677.47); 186(767.55); 187(54.23); 188(928.67); 189(753.07); 190(457.31); 191(378.09); 192(168.5); 193(59.17); 194(15.25); 195(966.27); 196(470.65); 197(71.24); 198(467.05); 199(554.63); 200(948.29); 201(590.54); 202(603.2); 203(77.68); 204(906.56); 205(291.06); 206(957.06); 207(815.68); 208(66.86); 209(156.01); 210(260.75); 211(448.24); 212(466.87); 213(104.82); 214(224.82); 215(751.67); 216(722.35); 217(613.42); 218(65.13); 219(50.69); 220(604.67); 221(659.89); 222(942.19); 223(949.34); 224(766.05); 225(189.55); 226(829.25); 227(343.98); 228(502.98); 229(704.78); 230(514.21); 231(721.91); 232(419.38); 233(258.15); 234(40.53); 235(137.76); 236(518.91); 237(726.72); 238(222.26); 239(282.64); 240(316.26); 241(198.6); 242(294.59); 243(97.39); 244(859.05); 245(226.2); 246(792.13); 247(379.09); 248(768.81); 249(342.99); 250(569.22); 251(437.91); 252(861.31); 253(469.76); 254(233.53); 255(252.85); 256(271.61); 257(813.88); 258(746.01); 259(705.82); 260(680.18); 261(827.19); 262(824.65); 263(929.13); 264(723.6); 265(368.87); 266(470.3); 267(218.93); 268(441.95); 269(107.61); 270(477.46); 271(780.67); 272(841.57); 273(124.19); 274(731.26); 275(453.52); 276(560.05); 277(128.38); 278(939.1); 279(447.72); 280(647.52); 281(835.38); 282(50.64); 283(306.58); 284(521.67); 285(799.44); 286(349.97); 287(537.9); 288(604.38); 289(760.43); 290(131.97); 291(550.72); 292(201.33); 293(103.45); 294(734.64); 295(56.29); 296(615.98); 297(41.61); 298(942.68); 299(547.58); 300(841.87); 301(680.6); 302(804.14); 303(85.28); 304(933.34); 305(154.46); 306(441.14); 307(64.16); 308(451.33); 309(190.77); 310(207.99); 311(911.0); 312(286.46); 313(635.92); 314(332.33); 315(524.2); 316(760.11); 317(191.8); 318(620.95); 319(629.94); 320(640.62); 321(834.34); 322(774.45); 323(648.73); 324(530.15); 325(500.08); 326(609.94); 327(327.92); 328(349.54); 329(8.67); 330(433.75); 331(271.1); 332(888.62); 333(19.82); 334(21.11); 335(511.33); 336(435.84); 337(478.67); 338(126.64); 339(565.48); 340(504.87); 341(928.2); 342(372.63); 343(766.31); 344(40.2); 345(684.36); 346(593.83); 347(829.69); 348(321.64); 349(200.99); 350(563.36); 351(353.44); 352(152.4); 353(827.51); 354(643.25); 355(35.22); 356(434.99); 357(602.95); 358(904.38); 359(235.46); 360(323.65); 361(756.14); 362(258.56); 363(630.18); 364(191.28); 365(112.5); 366(658.42); 367(487.41); 368(894.36); 369(383.28); 370(950.07); 371(425.4); 372(587.07); 373(205.28); 374(851.52); 375(530.22); 376(272.39); 377(193.91); 378(267.22); 379(588.73); 380(864.19); 381(123.7); 382(970.32); 383(63.25); 384(564.97); 385(479.1); 386(766.74); 387(703.8); 388(893.48); 389(2.96); 390(109.35); 391(597.01); 392(755.63); 393(306.63); 394(820.16); 395(39.59); 396(687.8); 397(107.86); 398(697.71); 399(952.58); 400(531.73); 401(479.29); 402(907.4); 403(313.83); 404(863.15); 405(367.71); 406(208.51); 407(85.24); 408(721.34); 409(883.13); 410(872.62); 411(679.6); 412(756.18); 413(900.97); 414(314.56); 415(907.33); 416(244.39); 417(159.6); 418(403.45); 419(769.1); 420(678.03); 421(755.8); 422(824.97); 423(491.19); 424(739.26); 425(253.5); 426(879.13); 427(45.95); 428(591.96); 429(989.1); 430(132.11); 431(573.31); 432(750.39); 433(316.25); 434(139.17); 435(39.2); 436(977.93); 437(827.42); 438(635.34); 439(402.68); 440(658.68); 441(421.75); 442(119.49); 443(951.31); 444(304.44); 445(497.02); 446(709.1); 447(206.25); 448(705.22); 449(343.78); 450(939.39); 451(527.52); 452(424.04); 453(179.3); 454(522.26); 455(790.11); 456(956.22); 458(513.03); 459(366.28); 460(157.21); 461(61.6); 462(919.48); 463(277.69); 464(888.0); 465(396.44); 466(908.87); 467(255.91); 468(606.83); 469(363.86); 470(654.22); 471(68.68); 472(604.89); 473(117.64); 474(216.31); 475(65.92); 476(873.55); 477(980.16); 478(496.69); 479(432.21); 480(11.88); 481(803.69); 482(828.4); 483(542.31); 484(174.33); 485(909.21); 486(51.96); 487(589.79); 488(92.61); 489(14.33); 490(402.12); 491(588.91); 492(920.28); 493(416.42); 494(692.21); 495(340.43); 496(875.49); 497(484.03); 498(851.19); 499(325.1),1
458,0(630.38); 1(508.13); 2(407.75); 3(31.15); 4(13.81); 5(212.83); 6(966.55); 7(518.46); 8(31.15); 9(506.86); 10(109.74); 11(933.13); 12(136.83); 13(854.78); 14(532.91); 15(93.23); 16(947.36); 17(571.36); 18(843.21); 19(314.19); 20(7.88); 21(340.31); 22(200.83); 23(363.78); 24(308.06); 25(585.34); 26(601.88); 27(178.41); 28(808.68); 29(475.02); 30(445.14); 31(259.43); 32(812.8); 33(481.96); 34(517.56); 35(284.66); 36(427.29); 37(453.13); 38(249.96); 39(387.98); 40(0.07); 41(433.82); 42(765.24); 43(69.27); 44(141.4); 45(720.44); 46(188.37); 47(767.25); 48(33.88); 49(802.78); 50(852.1); 51(647.99); 52(460.82); 53(919.86); 54(987.94); 55(263.86); 56(138.88); 57(162.98); 58(295.22); 59(633.01); 60(629.82); 61(498.93); 62(346.82); 63(584.65); 64(255.93); 65(495.85); 66(955.08); 67(409.49); 68(501.19); 69(469.08); 70(48.16); 71(908.35); 72(771.0); 73(424.8); 74(662.16); 75(538.63); 76(232.62); 77(357.35); 78(333.85); 79(732.41); 80(990.4); 81(118.54); 82(724.48); 83(364.91); 84(364.68); 85(598.13); 86(381.88); 87(718.9); 88(534.74); 89(373.07); 90(961.26); 91(51.74); 92(988.35); 93(557.05); 94(94.17); 95(960.92); 96(838.1); 97(810.62); 98(787.93); 99(28.76); 100(663.53); 101(58.17); 102(358.61); 103(166.24); 104(151.43); 105(723.63); 106(773.72); 107(324.45); 108(953.58); 109(561.28); 110(446.33); 111(92.17); 112(115.83); 113(745.71); 114(191.32); 115(954.39); 116(399.67); 117(358.06); 118(241.97); 119(200.32); 120(445.47); 121(276.42); 122(957.94); 123(609.62); 124(28.41); 125(10.11); 126(35.08); 127(691.66); 128(858.64); 129(178.38); 130(211.08); 131(328.74); 132(118.32); 133(221.27); 134(539.5); 135(598.3); 136(296.69); 137(795.46); 138(134.06); 139(650.05); 140(365.14); 141(675.16); 142(166.66); 143(912.42); 144(361.35); 145(486.08); 146(812.16); 147(507.46); 148(135.06); 149(414.87); 150(853.34); 151(296.88); 152(426.46); 153(17.14); 154(203.54); 155(705.13); 156(453.71); 157(528.65); 158(551.17); 159(688.23); 160(607.44); 161(291.41); 162(450.6); 163(267.29); 164(246.23); 165(165.7); 166(577.08); 167(466.73); 168(311.0); 169(499.75); 170(803.76); 171(250.17); 172(154.42); 173(75.77); 174(815.42); 175(438.68); 176(587.72); 177(87.15); 178(81.97); 179(490.42); 180(598.78); 181(798.28); 182(784.76); 183(794.92); 184(528.79); 185(89.12); 186(892.56); 187(303.5); 188(114.04); 189(854.5); 190(100.5); 191(899.63); 192(353.64); 193(482.82); 194(816.28); 195(380.16); 196(999.76); 197(47.38); 198(139.76); 199(673.22); 200(99.32); 201(714.93); 202(1.02); 203(289.18); 204(569.75); 205(286.25); 206(832.16); 207(580.14); 208(854.18); 209(280.74); 210(910.91); 211(715.75); 212(174.57); 213(943.04); 214(445.03); 215(626.53); 216(500.62); 217(979.83); 218(424.0); 219(592.73); 220(551.49); 221(901.04); 222(862.05); 223(563.44); 224(27.34); 225(744.07); 226(514.17); 227(650.61); 228(515.48); 229(295.82); 230(282.76); 231(633.13); 232(644.81); 233(181.34); 234(765.31); 235(106.97); 236(819.34); 237(21.58); 238(454.6); 239(457.79); 240(938.18); 241(653.18); 242(224.31); 243(413.78); 244(820.43); 245(517.0); 246(363.16); 247(379.98); 248(480.91); 249(828.69); 250(75.06); 251(452.41); 252(955.81); 253(864.59); 254(221.3); 255(148.15); 256(798.81); 257(892.76); 258(575.13); 259(440.91); 260(195.27); 261(467.75); 262(789.87); 263(308.37); 264(447.14); 265(225.49); 266(104.37); 267(53.5); 268(375.84); 269(187.17); 270(136.75); 271(37.3); 272(425.33); 273(719.11); 274(31.76); 275(286.28); 276(847.1); 277(230.05); 278(859.89); 279(292.26); 280(768.22); 281(406.29); 282(870.65); 283(267.5); 284(653.53); 285(794.8); 286(182.02); 287(524.49); 288(704.37); 289(158.64); 290(445.0); 291(83.66); 292(104.87); 293(249.03); 294(176.36); 295(257.02); 296(681.81); 297(460.24); 298(263.35); 299(63.82); 300(81.95); 301(948.64); 302(48.77); 303(605.94); 304(461.53); 305(709.19); 306(120.14); 307(649.32); 308(382.06); 309(13.95); 310(391.94); 311(304.91); 312(360.1); 313(358.45); 314(71.6); 315(649.36); 316(557.27); 317(761.54); 318(941.33); 319(525.11); 320(914.58); 321(259.39); 322(303.59); 323(72.28); 324(378.34); 325(548.33); 326(904.15); 327(18.02); 328(928.35); 329(321.46); 330(805.72); 331(205.02); 332(102.24); 333(911.83); 334(604.59); 335(773.01); 336(256.27); 337(324.6); 338(476.45); 339(619.59); 340(872.89); 341(115.43); 342(613.17); 343(973.42); 344(143.41); 345(13.04); 346(175.6); 347(787.18); 348(998.19); 349(851.43); 350(626.02); 351(71.45); 352(428.04); 353(335.11); 354(425.24); 355(74.14); 356(65.54); 357(162.62); 358(438.2); 359(496.17); 360(448.71); 361(743.81); 362(39.23); 363(218.99); 364(788.58); 365(295.19); 366(538.97); 367(824.35); 368(960.54); 369(146.27); 370(881.18); 371(833.89); 372(482.14); 373(453.22); 374(232.55); 375(137.02); 376(531.59); 377(517.17); 378(890.52); 379(214.36); 380(786.69); 381(586.69); 382(810.71); 383(301.54); 384(397.27); 385(901.28); 386(382.73); 387(188.3); 388(136.54); 389(35.76); 390(409.31); 391(70.14); 392(173.51); 393(939.06); 394(138.32); 395(355.45); 396(725.46); 397(457.61); 398(866.78); 399(930.9); 400(419.49); 401(393.36); 402(947.87); 403(637.36); 404(307.94); 405(510.42); 406(302.24); 407(882.88); 408(343.47); 409(676.49); 410(59.47); 411(116.22); 412(313.19); 413(996.17); 414(300.97); 415(639.17); 416(880.77); 417(784.26); 418(251.07); 419(355.5); 420(388.08); 421(391.88); 422(858.35); 423(914.77); 424(995.52); 425(319.57); 426(878.86); 427(66.13); 428(952.04); 429(50.32); 430(120.95); 431(761.36); 432(50.71); 433(410.1); 434(505.26); 435(469.38); 436(447.94); 437(977.78); 438(192.49); 439(584.24); 440(462.81); 441(173.24); 442(159.8); 443(49.52); 444(533.71); 445(537.6); 446(596.59); 447(15.45); 448(866.8); 449(485.15); 450(236.24); 451(831.12); 452(575.86); 453(844.38); 454(581.3); 455(253.53); 456(34.78); 457(513.03); 459(478.18); 460(514.49); 461(22.71); 462(18.07); 463(27.01); 464(719.07); 465(862.35); 466(174.84); 467(986.85); 468(25.79); 469(124.45); 470(325.28); 471(936.26); 472(577.02); 473(454.44); 474(927.13); 475(749.75); 476(3.64); 477(82.3); 478(913.16); 479(416.06); 480(314.56); 481(470.76); 482(430.15); 483(415.99); 484(986.82); 485(175.22); 486(185.71); 487(452.7); 488(570.85); 489(930.11); 490(98.56); 491(894.75); 492(867.54); 493(68.44); 494(822.88); 495(934.73); 496(821.24); 497(556.82); 498(627.35); 499(591.57),1
459,0(524.3); 1(387.99); 2(181.74); 3(114.35); 4(890.66); 5(986.8); 6(649.01); 7(4.59); 8(543.63); 9(73.98); 10(580.75); 11(772.67); 12(978.3); 13(108.2); 14(805.39); 15(725.53); 16(524.49); 17(869.9); 18(20.39); 19(302.88); 20(944.69); 21(143.12); 22(853.46); 23(250.76); 24(873.72); 25(847.11); 26(906.19); 27(637.98); 28(257.75); 29(715.74); 30(21.63); 31(841.02); 32(931.83); 33(220.96); 34(927.35); 35(609.25); 36(59.12); 37(817.26); 38(775.99); 39(432.71); 40(761.43); 41(819.1); 42(816.53); 43(775.34); 44(587.01); 45(354.32); 46(39.46); 47(30.83); 48(247.0); 49(116.92); 50(833.5); 51(970.91); 52(396.81); 53(603.59); 54(426.94); 55(179.44); 56(480.94); 57(416.47); 58(176.84); 59(183.41); 60(893.81); 61(513.26); 62(679.23); 63(533.86); 64(861.15); 65(325.64); 66(101.45); 67(330.06); 68(125.53); 69(424.8); 70(180.62); 71(757.85); 72(402.15); 73(738.55); 74(308.36); 75(193.9); 76(62.32); 77(868.47); 78(82.35); 79(894.64); 80(905.35); 81(917.31); 82(55.7); 83(278.28); 84(44.78); 85(258.1); 86(300.62); 87(393.33); 88(146.07); 89(994.59); 90(365.71); 91(424.71); 92(275.04); 93(75.25); 94(29.51); 95(697.95); 96(937.75); 97(164.0); 98(779.49); 99(967.13); 100(31.35); 101(593.63); 102(30.12); 103(714.47); 104(640.7); 105(851.32); 106(504.57); 107(337.07); 108(687.99); 109(12.79); 110(470.15); 111(548.17); 112(60.89); 113(128.86); 114(152.22); 115(82.49); 116(237.23); 117(903.53); 118(867.31); 119(255.13); 120(219.86); 121(943.73); 122(648.23); 123(956.17); 124(512.91); 125(469.22); 126(752.41); 127(440.29); 128(420.65); 129(935.37); 130(45.61); 131(977.66); 132(792.48); 133(876.28); 134(509.01); 135(195.22); 136(634.67); 137(268.91); 138(137.27); 139(971.05); 140(889.55); 141(63.79); 142(497.61); 143(276.67); 144(640.27); 145(263.55); 146(987.94); 147(603.22); 148(988.46); 149(866.79); 150(24.03); 151(667.39); 152(810.65); 153(204.59); 154(665.81); 155(259.79); 156(602.83); 157(606.75); 158(59.24); 159(674.46); 160(865.46); 161(474.14); 162(456.16); 163(531.44); 164(724.96); 165(190.66); 166(2.39); 167(671.99); 168(807.96); 169(272.46); 170(743.95); 171(217.84); 172(287.06); 173(890.3); 174(294.91); 175(20.67); 176(280.48); 177(46.04); 178(57.74); 179(472.52); 180(572.75); 181(532.09); 182(565.33); 183(827.95); 184(218.3); 185(104.15); 186(945.24); 187(886.99); 188(24.9); 189(508.74); 190(35.06); 191(39.36); 192(74.71); 193(580.77); 194(647.79); 195(334.47); 196(867.38); 197(907.36); 198(964.15); 199(175.12); 200(91.31); 201(899.39); 202(383.38); 203(659.43); 204(611.1); 205(377.92); 206(850.7); 207(309.7); 208(44.19); 209(735.06); 210(302.21); 211(314.26); 212(544.9); 213(950.6); 214(960.75); 215(564.24); 216(639.29); 217(668.56); 218(307.55); 219(856.68); 220(613.09); 221(866.74); 222(82.55); 223(968.46); 224(800.16); 225(608.15); 226(105.15); 227(932.8); 228(717.22); 229(172.01); 230(962.02); 231(556.98); 232(243.08); 233(656.71); 234(840.23); 235(415.05); 236(926.12); 237(978.95); 238(745.86); 239(873.01); 240(319.18); 241(802.22); 242(201.38); 243(745.13); 244(666.87); 245(619.02); 246(680.24); 247(441.26); 248(800.35); 249(72.33); 250(929.75); 251(481.98); 252(641.1); 253(792.26); 254(443.86); 255(185.74); 256(793.69); 257(998.9); 258(995.58); 259(202.19); 260(382.64); 261(562.0); 262(523.55); 263(917.3); 264(457.48); 265(619.26); 266(853.36); 267(663.62); 268(1.73); 269(794.54); 270(623.14); 271(206.09); 272(901.01); 273(469.97); 274(231.36); 275(665.91); 276(26.19); 277(96.75); 278(444.9); 279(278.83); 280(906.63); 281(330.31); 282(698.49); 283(927.88); 284(604.78); 285(359.69); 286(894.63); 287(737.49); 288(440.18); 289(482.68); 290(230.6); 291(431.53); 292(447.5); 293(253.63); 294(713.19); 295(942.28); 296(238.85); 297(35.34); 298(443.49); 299(277.12); 300(762.22); 301(924.23); 302(220.3); 303(881.95); 304(692.53); 305(617.28); 306(678.28); 307(457.94); 308(939.64); 309(9.84); 310(655.13); 311(135.63); 312(110.43); 313(911.76); 314(310.61); 315(567.91); 316(746.09); 317(137.14); 318(157.05); 319(922.25); 320(663.35); 321(302.14); 322(477.77); 323(798.99); 324(433.98); 325(754.21); 326(891.43); 327(497.34); 328(962.96); 329(243.17); 330(899.28); 331(934.04); 332(771.66); 333(553.28); 334(45.49); 335(724.54); 336(55.56); 337(45.57); 338(686.99); 339(884.85); 340(382.13); 341(614.12); 342(23.79); 343(272.33); 344(692.26); 345(609.67); 346(747.74); 347(651.83); 348(593.38); 349(250.88); 350(364.82); 351(629.63); 352(238.86); 353(55.85); 354(567.04); 355(967.46); 356(18.49); 357(565.53); 358(895.96); 359(304.8); 360(642.29); 361(282.42); 362(908.93); 363(93.4); 364(504.46); 365(439.68); 366(599.48); 367(951.59); 368(371.86); 369(669.77); 370(156.04); 371(530.14); 372(344.63); 373(345.32); 374(346.05); 375(356.58); 376(107.46); 377(382.24); 378(637.76); 379(925.88); 380(573.04); 381(984.01); 382(452.44); 383(987.06); 384(280.26); 385(575.01); 386(888.14); 387(13.13); 388(919.3); 389(52.05); 390(633.71); 391(214.16); 392(621.89); 393(953.71); 394(484.51); 395(394.05); 396(573.13); 397(719.51); 398(234.53); 399(517.05); 400(249.51); 401(829.31); 402(325.87); 403(812.65); 404(712.33); 405(122.82); 406(178.99); 407(445.54); 408(55.29); 409(10.55); 410(303.13); 411(727.98); 412(193.22); 413(90.23); 414(312.86); 415(380.99); 416(825.7); 417(593.82); 418(590.78); 419(183.98); 420(42.2); 421(638.29); 422(856.98); 423(107.42); 424(701.06); 425(275.97); 426(264.08); 427(64.26); 428(141.11); 429(677.2); 430(567.28); 431(813.74); 432(259.82); 433(456.75); 434(956.39); 435(336.76); 436(595.72); 437(754.27); 438(876.73); 439(926.51); 440(639.1); 441(207.18); 442(902.62); 443(521.79); 444(785.99); 445(728.85); 446(868.56); 447(364.59); 448(554.22); 449(157.63); 450(35.43); 451(385.99); 452(975.24); 453(17.07); 454(843.72); 455(33.58); 456(343.98); 457(366.28); 458(478.18); 460(447.69); 461(616.65); 462(213.88); 463(651.15); 464(787.08); 465(106.09); 466(703.66); 467(94.72); 468(858.11); 469(486.37); 470(801.28); 471(732.03); 472(734.58); 473(459.29); 474(833.3); 475(988.34); 476(649.88); 477(553.83); 478(226.98); 479(538.27); 480(110.23); 481(710.42); 482(686.61); 483(874.9); 484(286.12); 485(497.85); 486(390.36); 487(625.17); 488(781.91); 489(546.42); 490(816.77); 491(256.64); 492(716.25); 493(276.55); 494(600.2); 495(498.66); 496(414.49); 497(88.15); 498(187.93); 499(133.49),1
460,0(735.98); 1(214.56); 2(322.06); 3(839.15); 4(771.21); 5(580.89); 6(387.42); 7(98.22); 8(382.53); 9(545.45); 10(321.5); 11(839.87); 12(344.77); 13(451.78); 14(234.82); 15(557.8); 16(617.24); 17(642.75); 18(446.97); 19(649.4); 20(666.74); 21(915.99); 22(730.04); 23(373.5); 24(901.53); 25(337.91); 26(2.31); 27(128.76); 28(422.69); 29(945.7); 30(842.88); 31(860.08); 32(292.34); 33(473.2); 34(248.06); 35(728.9); 36(420.17); 37(658.56); 38(967.85); 39(620.39); 40(662.97); 41(746.7); 42(721.25); 43(790.16); 44(346.14); 45(338.85); 46(482.14); 47(271.2); 48(302.43); 49(26.2); 50(494.08); 51(129.02); 52(50.67); 53(643.94); 54(886.94); 55(345.29); 56(861.76); 57(813.52); 58(626.1); 59(645.91); 60(483.45); 61(787.18); 62(683.23); 63(584.62); 64(963.77); 65(248.44); 66(31.44); 67(88.12); 68(77.82); 69(160.23); 70(57.92); 71(274.69); 72(366.9); 73(732.35); 74(968.8); 75(552.79); 76(771.77); 77(405.83); 78(669.05); 79(56.38); 80(181.0); 81(279.48); 82(484.89); 83(456.28); 84(363.69); 85(594.87); 86(390.28); 87(950.02); 88(938.36); 89(903.26); 90(874.32); 91(410.8); 92(479.02); 93(139.45); 94(236.0); 95(756.31); 96(938.98); 97(595.0); 98(884.93); 99(472.66); 100(182.16); 101(12.51); 102(525.31); 103(945.49); 104(700.21); 105(297.38); 106(317.87); 107(334.95); 108(861.14); 109(213.56); 110(549.58); 111(631.09); 112(384.14); 113(824.83); 114(529.45); 115(38.13); 116(909.89); 117(381.41); 118(152.05); 119(95.97); 120(805.18); 121(876.22); 122(465.89); 123(446.33); 124(477.56); 125(547.58); 126(635.28); 127(394.75); 128(582.12); 129(967.75); 130(496.37); 131(686.97); 132(446.7); 133(810.16); 134(239.24); 135(366.39); 136(499.32); 137(183.73); 138(60.11); 139(449.83); 140(360.93); 141(671.55); 142(771.66); 143(187.76); 144(301.92); 145(124.58); 146(128.21); 147(273.84); 148(87.07); 149(974.58); 150(916.17); 151(620.49); 152(374.62); 153(82.62); 154(296.6); 155(6.73); 156(599.55); 157(789.32); 158(836.97); 159(79.13); 160(974.38); 161(359.45); 162(936.2); 163(305.84); 164(526.38); 165(105.35); 166(895.31); 167(261.65); 168(439.67); 169(782.83); 170(352.9); 171(805.46); 172(119.14); 173(904.06); 174(12.61); 175(369.87); 176(719.26); 177(624.32); 178(56.95); 179(850.54); 180(691.23); 181(785.69); 182(862.33); 183(816.42); 184(182.05); 185(219.31); 186(903.72); 187(305.01); 188(759.47); 189(402.72); 190(610.7); 191(959.1); 192(606.74); 193(832.43); 194(640.68); 195(911.32); 196(656.91); 197(764.84); 198(11.94); 199(117.82); 200(220.18); 201(706.77); 202(342.94); 203(373.91); 204(911.9); 205(62.57); 206(151.25); 207(414.32); 208(227.86); 209(895.17); 210(67.65); 211(780.7); 212(360.03); 213(72.84); 214(398.5); 215(92.58); 216(666.36); 217(498.69); 218(66.49); 219(951.19); 220(913.77); 221(581.36); 222(300.19); 223(337.22); 224(713.37); 225(516.57); 226(257.65); 227(365.04); 228(545.28); 229(474.9); 230(865.68); 231(52.39); 232(539.86); 233(125.21); 234(843.98); 235(525.97); 236(566.09); 237(84.9); 238(463.2); 239(936.98); 240(214.82); 241(350.58); 242(439.33); 243(665.28); 244(352.16); 245(552.01); 246(878.96); 247(793.06); 248(839.2); 249(472.05); 250(16.65); 251(121.84); 252(569.23); 253(860.4); 254(434.38); 255(422.96); 256(702.55); 257(963.15); 258(970.51); 259(348.72); 260(324.36); 261(890.14); 262(683.69); 263(629.04); 264(819.02); 265(950.55); 266(928.84); 267(983.26); 268(108.38); 269(987.17); 270(273.95); 271(35.67); 272(293.49); 273(38.08); 274(653.48); 275(636.14); 276(243.72); 277(578.03); 278(437.92); 279(181.71); 280(859.04); 281(963.97); 282(179.72); 283(10.74); 284(25.63); 285(186.82); 286(767.89); 287(23.71); 288(149.71); 289(27.46); 290(849.06); 291(320.08); 292(198.01); 293(104.0); 294(896.51); 295(779.4); 296(891.09); 297(491.39); 298(584.04); 299(992.79); 300(375.48); 301(337.15); 302(271.12); 303(348.94); 304(824.92); 305(942.46); 306(119.56); 307(861.12); 308(41.41); 309(219.9); 310(974.09); 311(475.93); 312(61.05); 313(484.35); 314(962.58); 315(381.69); 316(439.22); 317(488.73); 318(949.05); 319(825.55); 320(272.95); 321(486.94); 322(876.8); 323(192.36); 324(459.37); 325(514.11); 326(855.41); 327(639.9); 328(532.53); 329(830.55); 330(722.25); 331(187.02); 332(321.67); 333(465.19); 334(144.31); 335(31.08); 336(400.3); 337(729.77); 338(644.01); 339(211.67); 340(290.36); 341(652.85); 342(509.52); 343(206.39); 344(803.65); 345(270.61); 346(819.41); 347(115.59); 348(419.39); 349(441.35); 350(679.92); 351(405.21); 352(135.54); 353(846.57); 354(563.06); 355(383.97); 356(540.09); 357(636.37); 358(385.44); 359(928.03); 360(166.18); 361(321.21); 362(517.97); 363(672.56); 364(116.59); 365(342.26); 366(556.66); 367(330.38); 368(474.31); 369(436.56); 370(255.84); 371(118.91); 372(2.95); 373(763.93); 374(908.4); 375(458.23); 376(21.19); 377(626.36); 378(525.2); 379(367.6); 380(743.88); 381(76.05); 382(289.78); 383(337.4); 384(681.34); 385(577.14); 386(312.88); 387(379.75); 388(925.35); 389(904.47); 390(496.77); 391(752.55); 392(763.44); 393(86.81); 394(441.8); 395(448.2); 396(464.89); 397(345.37); 398(620.5); 399(391.57); 400(840.09); 401(542.67); 402(488.26); 403(916.11); 404(115.55); 405(334.99); 406(273.46); 407(140.06); 408(807.86); 409(901.45); 410(738.72); 411(723.87); 412(222.75); 413(278.38); 414(149.23); 415(326.6); 416(184.77); 417(560.81); 418(116.57); 419(703.84); 420(984.63); 421(540.61); 422(125.7); 423(39.51); 424(741.53); 425(230.27); 426(429.23); 427(421.79); 428(753.84); 429(593.55); 430(845.62); 431(174.54); 432(171.6); 433(602.12); 434(82.29); 435(957.82); 436(133.06); 437(673.64); 438(229.0); 439(858.91); 440(683.39); 441(984.77); 442(675.31); 443(893.2); 444(530.95); 445(866.37); 446(124.68); 447(827.88); 448(159.63); 449(506.28); 450(287.79); 451(629.07); 452(227.11); 453(692.9); 454(274.32); 455(303.6); 456(903.87); 457(157.21); 458(514.49); 459(447.69); 461(229.01); 462(77.0); 463(279.94); 464(455.17); 465(734.87); 466(495.65); 467(706.09); 468(562.91); 469(943.35); 470(187.98); 471(813.29); 472(454.98); 473(672.82); 474(928.04); 475(182.69); 476(800.76); 477(45.67); 478(713.86); 479(254.61); 480(868.82); 481(582.77); 482(995.82); 483(610.19); 484(735.37); 485(17.1); 486(364.61); 487(929.2); 488(917.67); 489(535.44); 490(118.33); 491(796.03); 492(994.14); 493(186.54); 494(556.69); 495(409.75); 496(733.28); 497(475.1); 498(289.17); 499(847.64),1
461,0(761.63); 1(224.58); 2(552.47); 3(83.54); 4(153.57); 5(276.64); 6(382.41); 7(672.08); 8(61.37); 9(90.55); 10(540.37); 11(575.77); 12(963.26); 13(176.53); 14(487.66); 15(335.47); 16(600.66); 17(712.78); 18(954.57); 19(978.97); 20(561.75); 21(635.54); 22(622.16); 23(145.99); 24(841.71); 25(844.38); 26(388.25); 27(839.02); 28(15.99); 29(887.78); 30(331.78); 31(184.21); 32(127.28); 33(664.62); 34(256.09); 35(561.61); 36(677.43); 37(64.17); 38(663.26); 39(289.24); 40(855.63); 41(516.49); 42(254.07); 43(28.29); 44(286.95); 45(131.26); 46(813.08); 47(615.5); 48(38.67); 49(281.76); 50(938.33); 51(535.9); 52(579.95); 53(19.29); 54(102.77); 55(226.44); 56(879.71); 57(443.59); 58(220.83); 59(970.55); 60(222.01); 61(714.45); 62(527.16); 63(223.62); 64(277.91); 65(671.61); 66(70.04); 67(284.85); 68(842.04); 69(867.09); 70(954.0); 71(265.37); 72(120.95); 73(423.11); 74(768.44); 75(3.11); 76(295.6); 77(26.68); 78(45.17); 79(554.97); 80(435.37); 81(423.6); 82(197.85); 83(987.46); 84(995.02); 85(274.72); 86(122.72); 87(637.68); 88(513.8); 89(847.22); 90(860.93); 91(427.96); 92(124.52); 93(359.23); 94(983.74); 95(457.2); 96(187.54); 97(321.94); 98(833.67); 99(810.37); 100(329.86); 101(888.8); 102(268.22); 103(788.97); 104(132.83); 105(896.57); 106(309.4); 107(327.87); 108(593.06); 109(294.62); 110(621.07); 111(380.57); 112(150.96); 113(249.2); 114(424.34); 115(896.43); 116(892.42); 117(216.51); 118(691.51); 119(102.82); 120(461.95); 121(2.99); 122(13.2); 123(108.4); 124(823.9); 125(43.31); 126(857.31); 127(688.68); 128(335.25); 129(410.68); 130(157.61); 131(991.86); 132(6.91); 133(320.66); 134(158.16); 135(987.1); 136(624.44); 137(252.75); 138(339.4); 139(112.41); 140(922.2); 141(7.07); 142(56.68); 143(227.07); 144(65.78); 145(226.03); 146(480.95); 147(51.83); 148(91.01); 149(390.95); 150(552.87); 151(318.55); 152(385.43); 153(548.54); 154(754.25); 155(297.26); 156(888.16); 157(480.19); 158(499.48); 159(898.03); 160(20.97); 161(23.43); 162(237.25); 163(694.99); 164(749.36); 165(179.35); 166(138.79); 167(756.37); 168(852.89); 169(674.34); 170(491.72); 171(362.93); 172(758.97); 173(274.89); 174(832.22); 175(511.21); 176(651.14); 177(794.47); 178(933.44); 179(131.75); 180(67.13); 181(633.33); 182(627.58); 183(854.71); 184(685.49); 185(889.13); 186(961.3); 187(331.06); 188(837.0); 189(521.82); 190(268.57); 191(326.17); 192(32.62); 193(430.03); 194(813.14); 195(974.34); 196(713.99); 197(730.92); 198(889.27); 199(702.64); 200(220.91); 201(564.77); 202(533.57); 203(56.58); 204(768.7); 205(353.06); 206(307.81); 207(850.42); 208(203.92); 209(809.59); 210(413.1); 211(975.43); 212(153.58); 213(820.69); 214(141.68); 215(545.36); 216(451.19); 217(705.28); 218(995.68); 219(71.61); 220(336.32); 221(529.02); 222(796.94); 223(11.93); 224(558.04); 225(664.93); 226(731.91); 227(594.68); 228(281.29); 229(819.12); 230(978.34); 231(145.77); 232(673.35); 233(232.76); 234(199.49); 235(645.57); 236(370.76); 237(201.56); 238(32.48); 239(969.88); 240(737.19); 241(374.07); 242(404.72); 243(939.52); 244(575.73); 245(456.17); 246(215.46); 247(506.2); 248(685.34); 249(895.99); 250(693.88); 251(589.39); 252(727.11); 253(168.14); 254(559.42); 255(302.35); 256(835.84); 257(336.68); 258(583.32); 259(589.84); 260(797.56); 261(865.16); 262(944.77); 263(353.72); 264(747.52); 265(773.14); 266(654.15); 267(854.42); 268(179.69); 269(545.88); 270(711.45); 271(276.75); 272(583.03); 273(718.97); 274(251.22); 275(516.13); 276(672.83); 277(951.97); 278(14.45); 279(402.45); 280(898.55); 281(799.0); 282(745.11); 283(937.99); 284(671.94); 285(435.48); 286(394.12); 287(754.16); 288(421.23); 289(675.74); 290(203.89); 291(19.51); 292(857.11); 293(636.3); 294(272.63); 295(9.36); 296(499.31); 297(847.09); 298(359.88); 299(660.11); 300(939.59); 301(80.58); 302(949.33); 303(828.3); 304(4.48); 305(897.94); 306(999.65); 307(726.3); 308(492.52); 309(61.11); 310(750.89); 311(397.11); 312(636.08); 313(509.37); 314(322.47); 315(15.66); 316(932.56); 317(336.86); 318(646.07); 319(181.47); 320(271.41); 321(872.79); 322(924.98); 323(10.54); 324(74.28); 325(452.61); 326(683.83); 327(727.09); 328(489.14); 329(614.23); 330(673.54); 331(600.12); 332(186.29); 333(800.71); 334(263.04); 335(237.03); 336(195.39); 337(990.02); 338(867.17); 339(189.82); 340(242.18); 341(373.87); 342(951.79); 343(141.75); 344(880.54); 345(771.21); 346(178.3); 347(875.48); 348(127.83); 349(637.26); 350(539.63); 351(468.2); 352(114.77); 353(967.66); 354(937.9); 355(597.73); 356(805.49); 357(508.36); 358(136.53); 359(291.58); 360(912.33); 361(188.36); 362(430.27); 363(842.24); 364(648.26); 365(448.86); 366(112.76); 367(73.91); 368(663.37); 369(689.4); 370(78.74); 371(620.41); 372(954.51); 373(709.21); 374(192.28); 375(793.1); 376(64.9); 377(138.77); 378(826.82); 379(772.61); 380(991.89); 381(137.8); 382(358.57); 383(234.96); 384(306.61); 385(560.98); 386(540.64); 387(572.47); 388(692.39); 389(108.8); 390(142.37); 391(709.9); 392(354.84); 393(326.22); 394(144.01); 395(961.52); 396(518.65); 397(805.46); 398(818.79); 399(588.83); 400(157.22); 401(393.11); 402(672.29); 403(844.23); 404(230.78); 405(610.4); 406(500.31); 407(171.17); 408(202.66); 409(787.72); 410(906.95); 411(563.45); 412(869.08); 413(812.94); 414(964.32); 415(363.24); 416(155.07); 417(222.33); 418(522.56); 419(289.66); 420(682.2); 421(494.54); 422(569.1); 423(70.32); 424(303.91); 425(625.09); 426(113.01); 427(221.0); 428(270.4); 429(339.99); 430(324.19); 431(855.58); 432(613.98); 433(529.96); 434(540.59); 435(391.92); 436(784.39); 437(748.6); 438(590.33); 439(475.6); 440(454.62); 441(954.82); 442(398.63); 443(680.65); 444(375.33); 445(921.36); 446(839.57); 447(637.21); 448(875.82); 449(880.0); 450(370.28); 451(487.62); 452(524.54); 453(497.92); 454(974.63); 455(899.39); 456(834.32); 457(61.6); 458(22.71); 459(616.65); 460(229.01); 462(369.49); 463(159.8); 464(628.46); 465(472.46); 466(900.13); 467(209.87); 468(432.17); 469(35.85); 470(834.66); 471(766.79); 472(738.71); 473(33.43); 474(814.27); 475(999.09); 476(566.86); 477(297.67); 478(544.63); 479(598.02); 480(491.08); 481(519.83); 482(54.62); 483(384.28); 484(893.69); 485(40.71); 486(580.86); 487(599.37); 488(470.75); 489(464.47); 490(986.24); 491(515.48); 492(763.71); 493(204.84); 494(313.06); 495(498.08); 496(882.19); 497(67.87); 498(382.48); 499(712.72),1
462,0(573.27); 1(788.57); 2(225.73); 3(546.33); 4(451.82); 5(570.7); 6(412.69); 7(786.28); 8(126.68); 9(834.63); 10(159.11); 11(215.74); 12(403.27); 13(416.25); 14(56.26); 15(926.83); 16(955.01); 17(310.2); 18(933.99); 19(254.5); 20(227.77); 21(674.15); 22(559.74); 23(348.44); 24(372.99); 25(545.65); 26(754.27); 27(115.88); 28(522.83); 29(499.76); 30(333.6); 31(69.67); 32(842.85); 33(585.65); 34(84.49); 35(970.38); 36(252.32); 37(506.84); 38(452.42); 39(105.55); 40(452.06); 41(456.66); 42(731.4); 43(116.75); 44(299.95); 45(512.37); 46(940.29); 47(270.75); 48(146.02); 49(213.3); 50(370.84); 51(119.98); 52(747.85); 53(381.92); 54(362.89); 55(194.79); 56(541.85); 57(449.62); 58(762.82); 59(350.26); 60(62.34); 61(534.31); 62(337.42); 63(588.88); 64(537.49); 65(461.61); 66(458.99); 67(701.3); 68(196.24); 69(847.33); 70(634.46); 71(618.77); 72(232.77); 73(880.04); 74(671.81); 75(642.63); 76(86.74); 77(979.35); 78(534.58); 79(939.75); 80(221.64); 81(726.2); 82(993.83); 83(538.89); 84(32.55); 85(9.54); 86(214.94); 87(697.04); 88(901.53); 89(9.86); 90(404.11); 91(965.52); 92(895.6); 93(649.23); 94(695.46); 95(883.22); 96(142.16); 97(558.67); 98(231.37); 99(371.02); 100(181.9); 101(747.21); 102(349.17); 103(124.4); 104(511.47); 105(834.87); 106(90.13); 107(239.2); 108(205.93); 109(910.54); 110(371.69); 111(984.4); 112(607.21); 113(989.36); 114(739.4); 115(496.2); 116(305.77); 117(948.57); 118(971.48); 119(339.43); 120(358.17); 121(800.69); 122(127.23); 123(894.32); 124(244.3); 125(228.79); 126(689.69); 127(959.6); 128(524.49); 129(948.17); 130(926.4); 131(505.38); 132(980.73); 133(429.74); 134(553.38); 135(725.01); 136(57.52); 137(585.49); 138(793.3); 139(113.04); 140(563.63); 141(576.33); 142(788.76); 143(857.09); 144(632.12); 145(886.3); 146(292.99); 147(992.12); 148(591.35); 149(652.36); 150(44.52); 151(651.54); 152(215.42); 153(407.68); 154(849.21); 155(980.12); 156(671.39); 157(21.25); 158(532.3); 159(794.82); 160(642.38); 161(609.59); 162(88.06); 163(426.98); 164(667.87); 165(802.66); 166(163.23); 167(477.56); 168(492.03); 169(552.64); 170(846.36); 171(774.16); 172(813.84); 173(981.81); 174(93.5); 175(692.51); 176(328.18); 177(478.0); 178(554.09); 179(484.69); 180(645.93); 181(688.65); 182(971.83); 183(295.06); 184(996.14); 185(86.08); 186(518.59); 187(306.65); 188(529.28); 189(287.61); 190(846.96); 191(938.34); 192(726.01); 193(790.92); 194(886.8); 195(461.77); 196(445.42); 197(236.02); 198(626.56); 199(0.22); 200(371.95); 201(281.6); 202(95.2); 203(175.39); 204(865.71); 205(427.31); 206(727.45); 207(690.09); 208(111.18); 209(577.57); 210(725.82); 211(51.66); 212(689.78); 213(515.06); 214(556.8); 215(452.47); 216(788.21); 217(620.29); 218(863.84); 219(61.19); 220(188.56); 221(456.22); 222(16.79); 223(71.76); 224(931.31); 225(156.39); 226(203.56); 227(526.45); 228(646.51); 229(493.74); 230(531.74); 231(18.86); 232(761.61); 233(472.65); 234(831.44); 235(609.24); 236(637.2); 237(786.64); 238(932.82); 239(226.05); 240(765.95); 241(293.29); 242(578.55); 243(88.95); 244(417.74); 245(477.29); 246(478.5); 247(793.86); 248(869.14); 249(245.88); 250(243.62); 251(223.0); 252(935.85); 253(601.64); 254(353.89); 255(161.26); 256(484.82); 257(730.15); 258(590.97); 259(968.25); 260(722.46); 261(734.35); 262(449.91); 263(930.08); 264(575.59); 265(544.3); 266(137.97); 267(4.25); 268(990.31); 269(575.23); 270(944.59); 271(871.78); 272(378.99); 273(768.74); 274(599.81); 275(415.85); 276(898.77); 277(260.89); 278(104.44); 279(46.65); 280(351.66); 281(652.11); 282(401.19); 283(565.32); 284(194.72); 285(899.32); 286(294.22); 287(557.36); 288(647.69); 289(511.12); 290(14.91); 291(497.05); 292(415.98); 293(907.86); 294(133.07); 295(554.69); 296(405.15); 297(806.57); 298(554.18); 299(134.56); 300(601.8); 301(264.63); 302(941.44); 303(441.4); 304(897.83); 305(591.18); 306(688.02); 307(109.13); 308(467.23); 309(56.8); 310(707.76); 311(523.77); 312(491.17); 313(803.71); 314(259.67); 315(576.23); 316(78.4); 317(80.21); 318(807.35); 319(833.77); 320(966.09); 321(949.03); 322(783.38); 323(749.24); 324(449.07); 325(641.46); 326(920.44); 327(716.97); 328(664.59); 329(238.9); 330(53.86); 331(755.37); 332(990.8); 333(63.54); 334(128.24); 335(103.82); 336(961.61); 337(646.32); 338(841.23); 339(266.57); 340(955.2); 341(68.6); 342(226.03); 343(633.32); 344(393.79); 345(300.74); 346(158.23); 347(104.72); 348(697.12); 349(696.25); 350(440.07); 351(189.31); 352(219.41); 353(313.2); 354(406.02); 355(172.54); 356(409.08); 357(492.28); 358(641.28); 359(573.99); 360(740.25); 361(517.9); 362(354.39); 363(946.49); 364(561.09); 365(347.9); 366(470.15); 367(996.73); 368(165.82); 369(479.13); 370(722.33); 371(898.29); 372(748.63); 373(505.64); 374(493.61); 375(35.88); 376(509.85); 377(819.84); 378(409.17); 379(434.6); 380(306.14); 381(896.31); 382(445.41); 383(511.94); 384(273.2); 385(798.8); 386(576.44); 387(473.54); 388(457.95); 389(301.33); 390(343.84); 391(944.37); 392(456.75); 393(373.32); 394(569.42); 395(715.42); 396(647.3); 397(358.9); 398(5.71); 399(208.12); 400(796.22); 401(381.6); 402(945.42); 403(174.26); 404(216.5); 405(509.84); 406(456.29); 407(128.6); 408(637.15); 409(439.41); 410(675.05); 411(749.85); 412(975.26); 413(122.24); 414(905.7); 415(685.39); 416(171.48); 417(219.14); 418(796.32); 419(283.24); 420(372.06); 421(160.33); 422(556.23); 423(849.23); 424(948.2); 425(532.05); 426(602.66); 427(596.03); 428(682.33); 429(384.41); 430(614.11); 431(558.35); 432(854.97); 433(661.86); 434(434.89); 435(473.76); 436(160.66); 437(571.88); 438(919.92); 439(246.86); 440(742.88); 441(93.5); 442(991.08); 443(439.95); 444(657.09); 445(204.97); 446(377.58); 447(562.73); 448(950.6); 449(687.89); 450(692.86); 451(962.3); 452(143.21); 453(826.98); 454(247.05); 455(553.93); 456(813.71); 457(919.48); 458(18.07); 459(213.88); 460(77.0); 461(369.49); 463(206.78); 464(940.86); 465(691.17); 466(136.99); 467(410.2); 468(973.56); 469(460.76); 470(637.13); 471(976.53); 472(136.14); 473(891.35); 474(245.35); 475(1.74); 476(801.57); 477(724.32); 478(557.04); 479(503.08); 480(634.35); 481(848.12); 482(879.79); 483(122.27); 484(735.07); 485(814.01); 486(13.26); 487(583.72); 488(478.1); 489(102.5); 490(574.35); 491(296.2); 492(548.9); 493(30.94); 494(337.31); 495(818.41); 496(606.29); 497(905.05); 498(210.56); 499(851.46),2
463,0(189.3); 1(860.03); 2(517.87); 3(831.32); 4(951.28); 5(792.41); 6(822.82); 7(392.16); 8(277.61); 9(235.45); 10(433.56); 11(732.71); 12(471.32); 13(439.41); 14(145.66); 15(437.72); 16(47.08); 17(746.84); 18(739.6); 19(727.65); 20(680.69); 21(882.92); 22(105.07); 23(220.3); 24(801.34); 25(301.59); 26(853.34); 27(953.96); 28(835.57); 29(373.26); 30(252.63); 31(552.04); 32(696.32); 33(715.99); 34(934.73); 35(567.96); 36(220.27); 37(457.44); 38(434.89); 39(794.48); 40(421.65); 41(797.77); 42(108.26); 43(163.26); 44(415.99); 45(414.72); 46(638.9); 47(819.17); 48(384.78); 49(541.75); 50(765.92); 51(966.87); 52(6.22); 53(594.85); 54(119.12); 55(989.98); 56(615.28); 57(800.2); 58(781.75); 59(753.49); 60(11.81); 61(335.42); 62(119.78); 63(547.42); 64(178.22); 65(341.38); 66(421.84); 67(783.09); 68(716.7); 69(163.71); 70(287.43); 71(351.48); 72(683.05); 73(39.49); 74(504.05); 75(340.61); 76(318.74); 77(205.78); 78(574.02); 79(367.64); 80(501.6); 81(383.13); 82(584.0); 83(645.19); 84(925.37); 85(246.79); 86(33.66); 87(949.87); 88(348.52); 89(174.73); 90(814.18); 91(240.23); 92(685.59); 93(414.36); 94(319.63); 95(608.28); 96(922.4); 97(6.64); 98(142.76); 99(191.04); 100(326.79); 101(611.06); 102(101.47); 103(814.14); 104(205.68); 105(371.26); 106(359.96); 107(42.98); 108(494.9); 109(200.66); 110(273.33); 111(852.47); 112(445.97); 113(328.37); 114(130.28); 115(91.4); 116(569.1); 117(376.38); 118(425.99); 119(682.74); 120(670.03); 121(471.54); 122(677.63); 123(52.26); 124(37.34); 125(559.89); 126(462.24); 127(300.84); 128(798.9); 129(648.89); 130(432.52); 131(814.41); 132(618.23); 133(80.77); 134(374.99); 135(964.45); 136(750.22); 137(647.21); 138(392.35); 139(951.1); 140(367.05); 141(923.25); 142(175.12); 143(808.85); 144(781.41); 145(89.11); 146(134.52); 147(195.47); 148(913.89); 149(710.27); 150(809.34); 151(788.39); 152(939.1); 153(48.03); 154(469.93); 155(852.71); 156(504.07); 157(9.18); 158(264.3); 159(874.66); 160(93.29); 161(557.75); 162(608.63); 163(588.33); 164(570.57); 165(811.52); 166(11.83); 167(526.41); 168(533.35); 169(581.78); 170(204.35); 171(669.98); 172(395.91); 173(188.15); 174(342.51); 175(792.26); 176(817.67); 177(882.46); 178(667.11); 179(425.93); 180(988.38); 181(37.65); 182(67.18); 183(862.7); 184(510.16); 185(785.13); 186(62.61); 187(573.11); 188(537.05); 189(215.89); 190(484.28); 191(894.94); 192(226.06); 193(804.95); 194(451.19); 195(429.94); 196(341.15); 197(727.17); 198(357.36); 199(488.62); 200(212.48); 201(941.08); 202(24.31); 203(405.69); 204(581.52); 205(616.0); 206(794.61); 207(217.04); 208(829.49); 209(79.65); 210(108.07); 211(928.73); 212(485.84); 213(76.0); 214(319.21); 215(148.57); 216(720.03); 217(885.03); 218(147.07); 219(730.96); 220(262.0); 221(634.92); 222(943.81); 223(752.48); 224(341.19); 225(898.28); 226(191.78); 227(463.01); 228(562.88); 229(403.23); 230(224.41); 231(163.5); 232(290.19); 233(410.33); 234(840.18); 235(104.09); 236(234.93); 237(6.62); 238(113.73); 239(223.04); 240(575.36); 241(748.35); 242(817.06); 243(257.27); 244(571.13); 245(911.12); 246(195.38); 247(756.93); 248(16.95); 249(676.02); 250(410.66); 251(511.44); 252(146.08); 253(999.34); 254(935.2); 255(576.12); 256(839.97); 257(725.24); 258(900.44); 259(264.74); 260(236.9); 261(638.75); 262(393.73); 263(846.77); 264(434.12); 265(484.2); 266(851.65); 267(279.97); 268(457.43); 269(87.94); 270(526.8); 271(448.98); 272(408.02); 273(547.69); 274(29.19); 275(343.11); 276(837.52); 277(380.46); 278(388.95); 279(821.24); 280(606.96); 281(927.65); 282(827.03); 283(206.65); 284(540.27); 285(814.89); 286(8.58); 287(655.58); 288(411.68); 289(914.67); 290(408.16); 291(972.04); 292(112.74); 293(901.41); 294(702.89); 295(917.57); 296(634.9); 297(117.43); 298(225.78); 299(137.01); 300(927.1); 301(944.84); 302(659.11); 303(22.48); 304(221.56); 305(167.6); 306(536.6); 307(847.02); 308(432.88); 309(285.95); 310(382.26); 311(485.94); 312(660.39); 313(197.53); 314(696.97); 315(813.57); 316(886.39); 317(145.75); 318(14.87); 319(670.92); 320(964.93); 321(743.47); 322(732.26); 323(818.27); 324(498.56); 325(624.2); 326(349.03); 327(85.59); 328(679.39); 329(956.24); 330(499.09); 331(237.44); 332(496.89); 333(145.74); 334(598.21); 335(888.91); 336(551.49); 337(75.75); 338(183.14); 339(424.5); 340(658.02); 341(73.37); 342(557.06); 343(777.64); 344(532.0); 345(375.61); 346(393.03); 347(35.22); 348(934.54); 349(229.09); 350(568.23); 351(266.1); 352(352.15); 353(617.33); 354(340.51); 355(153.72); 356(371.97); 357(334.9); 358(604.68); 359(945.94); 360(41.4); 361(797.21); 362(673.41); 363(569.64); 364(154.05); 365(701.16); 366(586.16); 367(354.19); 368(648.81); 369(74.5); 370(363.38); 371(662.79); 372(993.01); 373(116.46); 374(66.29); 375(833.61); 376(111.43); 377(483.02); 378(112.96); 379(958.67); 380(49.76); 381(2.03); 382(527.19); 383(366.47); 384(951.66); 385(975.65); 386(560.84); 387(341.38); 388(713.24); 389(62.38); 390(242.03); 391(213.33); 392(150.6); 393(827.95); 394(87.46); 395(753.13); 396(67.06); 397(203.04); 398(253.4); 399(559.13); 400(191.03); 401(677.46); 402(785.49); 403(179.36); 404(38.63); 405(649.95); 406(728.88); 407(929.15); 408(734.26); 409(694.32); 410(896.8); 411(444.69); 412(170.93); 413(628.51); 414(54.08); 415(247.99); 416(29.7); 417(641.55); 418(142.12); 419(30.92); 420(113.44); 421(329.49); 422(26.15); 423(917.66); 424(452.58); 425(35.36); 426(842.28); 427(662.17); 428(296.86); 429(49.16); 430(638.62); 431(264.67); 432(948.93); 433(225.78); 434(888.31); 435(979.64); 436(105.96); 437(228.35); 438(29.7); 439(190.49); 440(686.83); 441(234.58); 442(779.13); 443(818.82); 444(525.64); 445(183.83); 446(395.95); 447(598.39); 448(162.06); 449(499.94); 450(921.61); 451(604.89); 452(571.01); 453(622.85); 454(41.04); 455(133.02); 456(640.08); 457(277.69); 458(27.01); 459(651.15); 460(279.94); 461(159.8); 462(206.78); 464(508.66); 465(456.98); 466(531.19); 467(81.81); 468(732.34); 469(48.71); 470(327.05); 471(32.85); 472(429.74); 473(944.55); 474(443.97); 475(701.13); 476(348.23); 477(434.87); 478(372.3); 479(21.89); 480(27.08); 481(3.57); 482(835.92); 483(146.0); 484(219.95); 485(368.64); 486(475.82); 487(81.09); 488(100.88); 489(427.92); 490(95.41); 491(412.82); 492(536.8); 493(854.96); 494(601.66); 495(555.75); 496(450.06); 497(325.22); 498(575.25); 499(745.06),1
464,0(133.91); 1(421.78); 2(552.98); 3(206.2); 4(78.86); 5(42.32); 6(80.12); 7(49.89); 8(999.21); 9(591.83); 10(378.16); 11(613.92); 12(310.75); 13(687.93); 14(569.77); 15(492.28); 16(957.81); 17(969.85); 18(448.46); 19(252.05); 20(978.23); 21(342.13); 22(607.56); 23(759.34); 24(793.87); 25(68.57); 26(444.51); 27(970.94); 28(6.87); 29(803.35); 30(530.44); 31(721.47); 32(464.34); 33(65.06); 34(983.23); 35(519.51); 36(128.54); 37(969.8); 38(442.46); 39(388.1); 40(799.17); 41(87.66); 42(100.88); 43(318.35); 44(163.41); 45(886.52); 46(968.9); 47(41.54); 48(742.22); 49(69.44); 50(303.14); 51(905.7); 52(222.82); 53(723.87); 54(742.89); 55(9.16); 56(630.07); 57(525.59); 58(301.12); 59(746.26); 60(369.18); 61(690.29); 62(980.41); 63(554.25); 64(334.8); 65(521.7); 66(703.76); 67(919.85); 68(944.0); 69(568.28); 70(669.01); 71(19.39); 72(897.87); 73(739.55); 74(773.57); 75(300.62); 76(489.79); 77(379.06); 78(302.13); 79(619.05); 80(288.88); 81(905.25); 82(59.02); 83(339.1); 84(387.85); 85(111.13); 86(595.96); 87(910.35); 88(236.41); 89(334.09); 90(145.08); 91(792.66); 92(399.02); 93(265.28); 94(920.06); 95(351.5); 96(948.45); 97(338.43); 98(208.94); 99(82.69); 100(892.13); 101(913.03); 102(706.12); 103(337.03); 104(83.64); 105(77.42); 106(934.76); 107(305.5); 108(330.27); 109(637.65); 110(899.49); 111(613.81); 112(580.08); 113(363.0); 114(234.93); 115(941.89); 116(686.18); 117(376.06); 118(242.11); 119(53.16); 120(711.31); 121(959.7); 122(14.99); 123(99.02); 124(187.3); 125(338.55); 126(73.19); 127(393.23); 128(533.39); 129(883.25); 130(582.84); 131(540.44); 132(225.77); 133(682.05); 134(494.74); 135(71.92); 136(198.33); 137(922.23); 138(263.84); 139(213.5); 140(606.33); 141(818.4); 142(582.8); 143(144.38); 144(784.75); 145(688.44); 146(934.31); 147(805.92); 148(187.44); 149(446.62); 150(702.84); 151(598.23); 152(747.08); 153(725.59); 154(633.3); 155(917.29); 156(824.53); 157(248.37); 158(915.41); 159(8.76); 160(899.95); 161(704.93); 162(67.69); 163(530.07); 164(374.73); 165(144.85); 166(77.26); 167(311.55); 168(82.15); 169(422.7); 170(115.91); 171(288.42); 172(314.88); 173(254.93); 174(131.51); 175(373.63); 176(50.0); 177(786.55); 178(980.42); 179(894.87); 180(518.4); 181(813.23); 182(696.71); 183(376.07); 184(648.95); 185(21.08); 186(156.98); 187(953.84); 188(294.84); 189(682.33); 190(972.97); 191(286.71); 192(220.32); 193(3.57); 194(468.1); 195(830.24); 196(902.66); 197(734.72); 198(800.82); 199(864.98); 200(651.19); 201(111.75); 202(552.75); 203(540.89); 204(998.65); 205(121.13); 206(321.81); 207(461.72); 208(206.77); 209(845.58); 210(464.44); 211(130.13); 212(336.23); 213(532.58); 214(876.18); 215(891.28); 216(294.85); 217(946.86); 218(280.28); 219(66.41); 220(649.71); 221(959.86); 222(645.21); 223(172.48); 224(772.03); 225(564.84); 226(491.53); 227(748.24); 228(425.96); 229(648.92); 230(706.27); 231(920.16); 232(947.57); 233(438.9); 234(594.71); 235(193.72); 236(677.01); 237(491.55); 238(501.64); 239(768.13); 240(321.01); 241(181.01); 242(167.2); 243(481.51); 244(92.45); 245(910.43); 246(222.54); 247(483.08); 248(163.19); 249(713.74); 250(78.65); 251(632.95); 252(502.24); 253(491.8); 254(292.18); 255(209.77); 256(451.13); 257(503.88); 258(903.65); 259(343.76); 260(338.2); 261(680.78); 262(52.51); 263(936.87); 264(335.05); 265(449.88); 266(525.49); 267(35.26); 268(372.45); 269(179.42); 270(541.19); 271(57.82); 272(917.97); 273(31.59); 274(501.24); 275(556.25); 276(888.1); 277(117.82); 278(308.67); 279(932.88); 280(385.18); 281(913.94); 282(757.54); 283(61.09); 284(14.29); 285(887.25); 286(784.64); 287(296.77); 288(642.73); 289(830.08); 290(578.98); 291(977.49); 292(578.11); 293(157.62); 294(518.14); 295(962.3); 296(328.52); 297(84.4); 298(795.72); 299(277.19); 300(741.66); 301(869.16); 302(784.88); 303(486.04); 304(888.32); 305(795.51); 306(611.65); 307(23.59); 308(841.77); 309(935.99); 310(974.01); 311(311.37); 312(129.96); 313(750.15); 314(683.14); 315(386.98); 316(745.31); 317(306.39); 318(288.38); 319(124.3); 320(602.2); 321(153.56); 322(717.35); 323(988.88); 324(685.04); 325(241.69); 326(372.65); 327(608.4); 328(395.91); 329(410.94); 330(446.69); 331(435.83); 332(399.02); 333(117.56); 334(715.01); 335(273.75); 336(376.15); 337(326.25); 338(92.87); 339(5.77); 340(685.32); 341(341.63); 342(330.34); 343(910.53); 344(368.17); 345(473.17); 346(796.67); 347(541.36); 348(585.23); 349(651.64); 350(425.4); 351(747.56); 352(444.94); 353(739.31); 354(930.66); 355(495.83); 356(32.99); 357(94.87); 358(216.84); 359(596.09); 360(54.32); 361(958.68); 362(968.76); 363(356.08); 364(619.76); 365(616.01); 366(854.94); 367(87.8); 368(140.64); 369(103.67); 370(175.04); 371(253.25); 372(309.01); 373(732.05); 374(708.55); 375(168.21); 376(320.8); 377(302.01); 378(331.78); 379(279.05); 380(841.9); 381(485.11); 382(484.81); 383(108.03); 384(209.19); 385(763.23); 386(832.9); 387(920.12); 388(864.59); 389(714.03); 390(53.59); 391(799.67); 392(488.48); 393(435.81); 394(257.1); 395(697.5); 396(229.62); 397(960.13); 398(26.34); 399(466.13); 400(521.4); 401(390.75); 402(441.76); 403(539.37); 404(63.57); 405(710.22); 406(237.17); 407(773.58); 408(410.48); 409(898.74); 410(758.67); 411(890.01); 412(863.83); 413(41.18); 414(455.19); 415(486.24); 416(425.5); 417(680.88); 418(841.01); 419(813.33); 420(432.12); 421(335.18); 422(711.4); 423(595.91); 424(383.52); 425(418.47); 426(895.42); 427(780.83); 428(479.01); 429(451.51); 430(250.3); 431(569.42); 432(226.71); 433(553.33); 434(647.0); 435(965.26); 436(2.54); 437(592.77); 438(135.41); 439(768.18); 440(7.76); 441(332.89); 442(410.16); 443(566.19); 444(243.27); 445(244.45); 446(406.24); 447(620.27); 448(632.37); 449(442.06); 450(365.38); 451(203.2); 452(360.41); 453(68.7); 454(25.33); 455(839.93); 456(709.37); 457(888.0); 458(719.07); 459(787.08); 460(455.17); 461(628.46); 462(940.86); 463(508.66); 465(417.2); 466(970.43); 467(402.85); 468(616.68); 469(704.78); 470(962.99); 471(212.99); 472(667.81); 473(360.26); 474(734.65); 475(701.06); 476(159.41); 477(36.67); 478(208.86); 479(95.81); 480(552.47); 481(735.25); 482(61.17); 483(599.73); 484(767.55); 485(409.47); 486(565.31); 487(396.1); 488(833.07); 489(809.2); 490(644.64); 491(474.75); 492(739.23); 493(482.7); 494(625.48); 495(652.8); 496(247.0); 497(702.49); 498(474.46); 499(771.65),1
465,0(425.14); 1(556.03); 2(808.12); 3(728.48); 4(238.04); 5(481.03); 6(637.86); 7(991.55); 8(347.04); 9(70.91); 10(470.31); 11(709.78); 12(758.48); 13(140.45); 14(141.69); 15(588.28); 16(756.45); 17(212.6); 18(227.82); 19(277.08); 20(595.31); 21(67.22); 22(945.24); 23(813.08); 24(435.03); 25(912.23); 26(55.69); 27(195.08); 28(499.97); 29(468.54); 30(54.48); 31(617.98); 32(633.4); 33(331.99); 34(117.98); 35(653.16); 36(605.13); 37(520.01); 38(774.45); 39(464.05); 40(645.98); 41(630.04); 42(167.36); 43(278.87); 44(255.01); 45(729.17); 46(185.14); 47(289.81); 48(810.03); 49(687.27); 50(548.22); 51(913.46); 52(596.2); 53(701.96); 54(390.59); 55(482.01); 56(284.96); 57(795.31); 58(710.15); 59(987.5); 60(366.21); 61(311.75); 62(716.98); 63(76.86); 64(500.08); 65(573.15); 66(34.06); 67(708.51); 68(181.68); 69(94.03); 70(916.96); 71(201.79); 72(472.41); 73(86.99); 74(162.83); 75(713.93); 76(661.52); 77(221.33); 78(197.55); 79(540.04); 80(355.48); 81(895.79); 82(953.94); 83(3.58); 84(622.16); 85(514.89); 86(575.69); 87(833.42); 88(872.18); 89(743.83); 90(713.37); 91(590.63); 92(532.21); 93(549.52); 94(748.76); 95(131.83); 96(582.15); 97(918.07); 98(44.92); 99(148.73); 100(10.68); 101(943.18); 102(560.59); 103(390.25); 104(86.0); 105(751.28); 106(824.78); 107(869.27); 108(570.44); 109(839.94); 110(774.44); 111(743.58); 112(314.3); 113(399.07); 114(130.31); 115(339.29); 116(28.29); 117(656.21); 118(644.13); 119(114.84); 120(827.82); 121(148.48); 122(540.12); 123(896.3); 124(476.32); 125(765.15); 126(573.72); 127(238.18); 128(266.81); 129(101.36); 130(336.91); 131(238.01); 132(134.04); 133(50.58); 134(214.5); 135(275.9); 136(937.07); 137(704.11); 138(442.79); 139(93.6); 140(104.92); 141(846.35); 142(680.46); 143(362.25); 144(285.08); 145(826.46); 146(188.42); 147(664.52); 148(36.91); 149(898.58); 150(720.63); 151(517.39); 152(277.25); 153(496.05); 154(147.35); 155(215.78); 156(237.22); 157(195.46); 158(454.88); 159(157.89); 160(525.66); 161(674.02); 162(205.29); 163(656.21); 164(184.16); 165(951.87); 166(822.8); 167(889.75); 168(522.37); 169(251.54); 170(43.98); 171(732.49); 172(332.32); 173(819.96); 174(157.96); 175(94.64); 176(667.25); 177(378.57); 178(420.32); 179(268.24); 180(527.44); 181(741.11); 182(598.9); 183(292.87); 184(747.31); 185(20.92); 186(328.2); 187(118.89); 188(552.72); 189(771.35); 190(729.46); 191(512.06); 192(590.96); 193(836.67); 194(54.48); 195(477.95); 196(446.33); 197(703.33); 198(29.12); 199(375.84); 200(137.0); 201(408.49); 202(586.53); 203(487.03); 204(682.01); 205(190.63); 206(145.81); 207(986.84); 208(506.69); 209(554.65); 210(742.57); 211(349.68); 212(109.49); 213(365.65); 214(778.96); 215(185.11); 216(734.0); 217(460.79); 218(323.0); 219(482.78); 220(669.48); 221(267.61); 222(631.75); 223(353.36); 224(970.77); 225(888.74); 226(377.62); 227(739.85); 228(109.34); 229(640.94); 230(74.64); 231(717.67); 232(361.14); 233(885.94); 234(83.61); 235(942.11); 236(216.21); 237(242.9); 238(902.01); 239(341.61); 240(40.81); 241(268.97); 242(758.09); 243(496.99); 244(676.62); 245(990.38); 246(101.69); 247(594.5); 248(898.6); 249(451.3); 250(908.44); 251(898.96); 252(476.49); 253(571.69); 254(678.37); 255(914.99); 256(224.29); 257(155.31); 258(881.89); 259(686.14); 260(615.42); 261(85.93); 262(571.22); 263(859.56); 264(917.39); 265(176.24); 266(95.32); 267(960.72); 268(901.67); 269(266.56); 270(577.9); 271(801.35); 272(834.24); 273(257.4); 274(869.2); 275(649.24); 276(18.16); 277(670.51); 278(434.12); 279(115.38); 280(846.29); 281(892.72); 282(282.38); 283(182.87); 284(537.57); 285(532.65); 286(675.3); 287(232.04); 288(56.32); 289(919.53); 290(161.76); 291(692.18); 292(391.49); 293(317.35); 294(601.11); 295(694.68); 296(420.83); 297(470.57); 298(63.58); 299(930.54); 300(207.36); 301(408.4); 302(627.18); 303(106.39); 304(235.35); 305(605.94); 306(316.58); 307(843.07); 308(973.72); 309(633.24); 310(71.02); 311(725.37); 312(467.4); 313(420.17); 314(493.67); 315(329.13); 316(514.52); 317(268.41); 318(605.23); 319(228.22); 320(4.53); 321(755.04); 322(153.15); 323(598.0); 324(322.89); 325(543.05); 326(456.41); 327(720.39); 328(922.13); 329(884.11); 330(45.09); 331(712.31); 332(270.0); 333(920.32); 334(968.24); 335(717.55); 336(402.98); 337(837.36); 338(931.92); 339(637.93); 340(187.31); 341(916.46); 342(571.65); 343(714.71); 344(445.06); 345(911.4); 346(303.95); 347(38.58); 348(641.65); 349(358.09); 350(722.44); 351(703.43); 352(308.75); 353(190.86); 354(606.59); 355(994.51); 356(840.82); 357(137.4); 358(308.73); 359(636.39); 360(79.39); 361(155.02); 362(636.74); 363(945.4); 364(5.14); 365(569.7); 366(276.01); 367(789.79); 368(529.06); 369(423.66); 370(663.32); 371(890.26); 372(329.31); 373(202.07); 374(873.14); 375(70.12); 376(806.5); 377(592.76); 378(496.81); 379(201.72); 380(277.59); 381(847.73); 382(594.11); 383(586.83); 384(298.71); 385(445.88); 386(620.49); 387(798.88); 388(976.68); 389(538.55); 390(610.44); 391(263.35); 392(959.67); 393(234.07); 394(80.03); 395(327.06); 396(966.68); 397(425.16); 398(308.39); 399(227.76); 400(94.34); 401(785.97); 402(176.81); 403(698.84); 404(793.18); 405(25.01); 406(527.33); 407(233.99); 408(464.98); 409(781.17); 410(229.22); 411(989.16); 412(2.3); 413(839.38); 414(557.64); 415(665.95); 416(81.9); 417(731.63); 418(589.16); 419(377.21); 420(34.39); 421(863.02); 422(509.25); 423(504.34); 424(867.37); 425(963.05); 426(355.17); 427(347.8); 428(65.48); 429(31.59); 430(130.37); 431(615.64); 432(147.26); 433(427.97); 434(47.13); 435(508.27); 436(132.66); 437(662.12); 438(354.19); 439(498.64); 440(460.28); 441(328.09); 442(522.79); 443(795.07); 444(705.97); 445(151.11); 446(226.73); 447(862.93); 448(710.51); 449(13.67); 450(807.87); 451(148.34); 452(467.86); 453(860.11); 454(178.12); 455(50.59); 456(631.37); 457(396.44); 458(862.35); 459(106.09); 460(734.87); 461(472.46); 462(691.17); 463(456.98); 464(417.2); 466(621.54); 467(869.83); 468(185.4); 469(991.46); 470(104.18); 471(435.66); 472(717.58); 473(671.0); 474(746.13); 475(870.03); 476(973.47); 477(504.9); 478(483.28); 479(708.71); 480(899.82); 481(820.59); 482(451.6); 483(516.29); 484(753.54); 485(312.17); 486(808.77); 487(800.66); 488(291.2); 489(69.07); 490(618.94); 491(375.86); 492(712.74); 493(765.89); 494(218.43); 495(50.53); 496(703.23); 497(552.65); 498(300.26); 499(671.31),1
466,0(382.85); 1(528.75); 2(881.5); 3(536.41); 4(163.04); 5(530.32); 6(166.06); 7(468.9); 8(305.03); 9(803.01); 10(676.8); 11(26.79); 12(433.9); 13(918.76); 14(601.53); 15(92.5); 16(225.23); 17(848.01); 18(534.87); 19(761.73); 20(928.15); 21(778.19); 22(761.19); 23(608.48); 24(466.45); 25(886.45); 26(962.94); 27(903.84); 28(554.7); 29(674.4); 30(439.02); 31(481.14); 32(982.89); 33(147.96); 34(401.84); 35(551.03); 36(189.19); 37(851.08); 38(20.2); 39(770.15); 40(819.02); 41(501.36); 42(366.35); 43(545.22); 44(367.77); 45(36.73); 46(242.21); 47(502.38); 48(42.1); 49(556.62); 50(32.01); 51(800.2); 52(987.56); 53(118.79); 54(658.65); 55(85.94); 56(607.84); 57(947.35); 58(5.91); 59(937.23); 60(365.73); 61(583.07); 62(142.23); 63(466.48); 64(786.2); 65(331.83); 66(747.67); 67(506.04); 68(594.98); 69(837.94); 70(86.43); 71(462.66); 72(748.11); 73(659.28); 74(914.93); 75(845.42); 76(551.7); 77(448.99); 78(906.88); 79(200.31); 80(621.44); 81(246.93); 82(332.06); 83(651.63); 84(444.48); 85(523.86); 86(583.29); 87(775.82); 88(120.93); 89(210.62); 90(672.27); 91(516.37); 92(429.92); 93(160.68); 94(374.02); 95(433.03); 96(601.08); 97(653.08); 98(127.94); 99(322.65); 100(276.91); 101(335.8); 102(93.57); 103(240.81); 104(19.48); 105(877.23); 106(314.26); 107(884.97); 108(879.06); 109(454.0); 110(738.61); 111(754.55); 112(653.32); 113(413.66); 114(725.56); 115(208.73); 116(22.0); 117(549.52); 118(949.41); 119(120.21); 120(899.25); 121(957.18); 122(951.31); 123(842.57); 124(564.88); 125(191.66); 126(199.4); 127(574.69); 128(899.96); 129(960.91); 130(535.27); 131(859.15); 132(269.47); 133(89.69); 134(843.17); 135(461.57); 136(69.68); 137(450.72); 138(504.06); 139(955.01); 140(214.84); 141(982.61); 142(913.62); 143(932.01); 144(978.72); 145(171.61); 146(92.03); 147(789.98); 148(616.77); 149(55.39); 150(668.86); 151(36.85); 152(486.12); 153(424.6); 154(79.93); 155(444.51); 156(439.02); 157(23.15); 158(754.91); 159(677.01); 160(747.96); 161(313.59); 162(75.6); 163(824.01); 164(661.77); 165(301.17); 166(524.0); 167(135.62); 168(359.12); 169(757.78); 170(880.15); 171(318.44); 172(567.52); 173(152.64); 174(212.37); 175(951.31); 176(643.98); 177(214.96); 178(512.65); 179(459.99); 180(646.77); 181(539.51); 182(643.17); 183(685.03); 184(102.43); 185(578.8); 186(628.13); 187(579.7); 188(249.06); 189(320.16); 190(941.27); 191(9.45); 192(623.59); 193(958.58); 194(348.3); 195(59.32); 196(213.36); 197(34.54); 198(345.59); 199(537.41); 200(873.11); 201(440.66); 202(741.38); 203(482.84); 204(19.72); 205(675.73); 206(74.14); 207(896.48); 208(385.7); 209(529.36); 210(790.61); 211(148.41); 212(270.58); 213(924.39); 214(858.75); 215(69.75); 216(693.02); 217(956.87); 218(857.71); 219(78.65); 220(275.48); 221(490.78); 222(889.22); 223(208.49); 224(700.15); 225(36.3); 226(265.9); 227(440.91); 228(937.81); 229(409.78); 230(904.35); 231(606.29); 232(879.98); 233(41.06); 234(952.05); 235(224.17); 236(219.29); 237(438.05); 238(227.83); 239(903.04); 240(117.67); 241(243.88); 242(547.55); 243(342.91); 244(804.34); 245(949.7); 246(465.9); 247(338.77); 248(765.99); 249(3.36); 250(734.66); 251(640.33); 252(143.8); 253(198.14); 254(209.7); 255(213.5); 256(731.91); 257(220.11); 258(390.3); 259(404.46); 260(642.77); 261(141.16); 262(453.8); 263(738.6); 264(385.95); 265(625.79); 266(646.97); 267(743.56); 268(310.01); 269(200.07); 270(526.5); 271(595.04); 272(316.37); 273(607.34); 274(257.35); 275(619.84); 276(633.35); 277(773.69); 278(383.29); 279(56.74); 280(120.04); 281(419.95); 282(945.42); 283(202.3); 284(328.4); 285(793.9); 286(155.25); 287(658.91); 288(45.83); 289(263.23); 290(747.29); 291(851.89); 292(648.95); 293(33.27); 294(47.04); 295(129.15); 296(894.33); 297(62.98); 298(974.78); 299(215.04); 300(199.45); 301(768.95); 302(675.63); 303(481.67); 304(672.57); 305(124.06); 306(793.52); 307(775.37); 308(15.95); 309(151.65); 310(164.02); 311(591.21); 312(386.59); 313(130.21); 314(575.18); 315(321.23); 316(440.55); 317(403.1); 318(78.12); 319(694.25); 320(37.46); 321(435.58); 322(351.45); 323(61.05); 324(282.47); 325(922.38); 326(574.89); 327(687.02); 328(323.9); 329(461.9); 330(725.64); 331(805.65); 332(804.83); 333(612.91); 334(524.54); 335(318.21); 336(992.17); 337(986.65); 338(671.75); 339(269.36); 340(12.38); 341(702.52); 342(565.61); 343(890.08); 344(606.99); 345(925.36); 346(849.21); 347(536.59); 348(632.52); 349(495.54); 350(525.71); 351(685.95); 352(324.74); 353(322.02); 354(96.47); 355(31.79); 356(32.81); 357(385.24); 358(959.59); 359(618.98); 360(411.64); 361(485.18); 362(499.12); 363(341.24); 364(689.64); 365(338.08); 366(166.06); 367(514.3); 368(545.59); 369(327.24); 370(694.15); 371(644.06); 372(978.18); 373(374.14); 374(342.22); 375(76.82); 376(937.35); 377(935.69); 378(908.05); 379(182.2); 380(190.34); 381(123.17); 382(706.7); 383(866.55); 384(885.92); 385(75.57); 386(10.13); 387(949.74); 388(910.16); 389(693.72); 390(652.32); 391(561.65); 392(976.5); 393(101.26); 394(570.54); 395(659.9); 396(269.15); 397(12.39); 398(783.85); 399(19.99); 400(263.14); 401(499.14); 402(324.18); 403(51.11); 404(226.13); 405(869.31); 406(433.05); 407(749.72); 408(948.64); 409(250.16); 410(372.36); 411(674.31); 412(929.04); 413(465.24); 414(442.79); 415(915.58); 416(548.46); 417(573.04); 418(403.71); 419(810.85); 420(145.11); 421(913.95); 422(453.62); 423(264.99); 424(685.11); 425(961.13); 426(334.84); 427(624.28); 428(288.61); 429(832.08); 430(927.11); 431(342.47); 432(982.58); 433(104.31); 434(682.45); 435(473.59); 436(86.88); 437(557.93); 438(539.3); 439(553.36); 440(93.4); 441(948.6); 442(372.42); 443(324.52); 444(1.94); 445(743.1); 446(720.93); 447(355.07); 448(320.98); 449(178.99); 450(746.55); 451(521.95); 452(685.5); 453(923.99); 454(828.11); 455(269.02); 456(298.78); 457(908.87); 458(174.84); 459(703.66); 460(495.65); 461(900.13); 462(136.99); 463(531.19); 464(970.43); 465(621.54); 467(501.9); 468(546.92); 469(652.05); 470(813.04); 471(166.76); 472(186.39); 473(809.92); 474(595.06); 475(299.07); 476(990.21); 477(225.84); 478(509.12); 479(866.77); 480(168.78); 481(207.31); 482(715.77); 483(504.53); 484(826.35); 485(714.7); 486(337.71); 487(392.04); 488(614.91); 489(352.4); 490(164.11); 491(601.8); 492(981.07); 493(212.13); 494(542.25); 495(334.16); 496(146.22); 497(16.89); 498(301.13); 499(714.06),1
467,0(674.33); 1(323.75); 2(786.07); 3(810.23); 4(737.13); 5(336.81); 6(930.37); 7(362.3); 8(852.01); 9(39.1); 10(526.93); 11(879.82); 12(21.1); 13(315.74); 14(58.02); 15(846.44); 16(316.09); 17(79.03); 18(269.82); 19(170.85); 20(96.08); 21(368.44); 22(119.54); 23(947.81); 24(847.79); 25(876.56); 26(785.78); 27(839.78); 28(113.33); 29(343.34); 30(612.48); 31(775.5); 32(938.52); 33(477.79); 34(44.91); 35(862.27); 36(264.74); 37(559.58); 38(278.91); 39(318.81); 40(415.6); 41(573.01); 42(560.04); 43(610.27); 44(92.89); 45(600.44); 46(168.44); 47(99.98); 48(47.56); 49(598.47); 50(384.87); 51(787.34); 52(875.19); 53(641.23); 54(211.43); 55(337.0); 56(51.87); 57(571.67); 58(303.51); 59(471.83); 60(697.18); 61(55.88); 62(689.04); 63(436.95); 64(754.89); 65(458.05); 66(280.05); 67(170.62); 68(196.1); 69(110.56); 70(745.36); 71(519.56); 72(44.91); 73(702.44); 74(568.88); 75(27.54); 76(237.17); 77(257.54); 78(388.47); 79(429.95); 80(521.55); 81(50.24); 82(677.19); 83(121.18); 84(940.17); 85(77.7); 86(498.72); 87(325.41); 88(742.69); 89(920.86); 90(349.05); 91(179.06); 92(466.18); 93(878.41); 94(297.22); 95(630.1); 96(837.81); 97(8.19); 98(978.02); 99(103.02); 100(42.46); 101(118.78); 102(114.12); 103(908.81); 104(252.12); 105(657.33); 106(68.82); 107(95.88); 108(603.7); 109(282.06); 110(985.67); 111(385.97); 112(42.61); 113(17.79); 114(704.04); 115(378.71); 116(387.61); 117(759.24); 118(978.73); 119(721.57); 120(389.09); 121(413.88); 122(393.72); 123(633.2); 124(302.33); 125(481.7); 126(899.64); 127(495.06); 128(567.6); 129(333.94); 130(982.91); 131(829.2); 132(787.4); 133(290.71); 134(812.57); 135(771.12); 136(589.56); 137(481.76); 138(503.84); 139(222.0); 140(85.45); 141(641.23); 142(720.59); 143(589.76); 144(627.72); 145(447.4); 146(379.95); 147(471.92); 148(72.66); 149(695.65); 150(636.47); 151(503.2); 152(768.63); 153(441.03); 154(981.29); 155(896.72); 156(736.47); 157(673.21); 158(28.85); 159(42.58); 160(624.45); 161(404.13); 162(392.06); 163(472.49); 164(680.78); 165(951.16); 166(529.18); 167(901.4); 168(701.32); 169(957.11); 170(379.59); 171(11.4); 172(696.32); 173(403.47); 174(614.0); 175(208.74); 176(405.75); 177(224.18); 178(54.79); 179(715.05); 180(892.41); 181(176.31); 182(68.44); 183(341.19); 184(588.92); 185(698.3); 186(381.76); 187(827.57); 188(302.85); 189(67.05); 190(520.66); 191(854.4); 192(550.86); 193(16.39); 194(724.43); 195(13.33); 196(229.6); 197(848.46); 198(71.6); 199(267.88); 200(592.33); 201(107.86); 202(675.72); 203(772.42); 204(920.92); 205(41.85); 206(555.78); 207(697.12); 208(20.1); 209(594.45); 210(174.64); 211(483.12); 212(797.75); 213(807.01); 214(968.44); 215(910.81); 216(938.76); 217(554.69); 218(50.9); 219(596.11); 220(298.19); 221(336.14); 222(725.72); 223(878.43); 224(264.51); 225(651.01); 226(122.15); 227(2.67); 228(745.66); 229(189.74); 230(578.45); 231(767.86); 232(401.79); 233(123.96); 234(300.77); 235(100.1); 236(479.4); 237(163.2); 238(967.83); 239(717.57); 240(628.8); 241(498.06); 242(559.07); 243(286.04); 244(588.41); 245(482.15); 246(756.89); 247(640.84); 248(750.49); 249(376.25); 250(619.09); 251(234.17); 252(509.75); 253(680.88); 254(165.17); 255(654.46); 256(714.34); 257(86.36); 258(251.38); 259(225.51); 260(695.6); 261(879.72); 262(761.36); 263(643.93); 264(511.59); 265(6.69); 266(670.62); 267(649.58); 268(485.19); 269(191.87); 270(364.73); 271(590.88); 272(636.36); 273(619.11); 274(401.53); 275(102.05); 276(244.03); 277(977.73); 278(287.52); 279(386.65); 280(588.93); 281(747.36); 282(71.45); 283(196.02); 284(247.05); 285(822.53); 286(511.91); 287(636.31); 288(458.25); 289(587.76); 290(793.33); 291(928.19); 292(800.52); 293(511.53); 294(821.14); 295(556.7); 296(59.04); 297(259.03); 298(168.31); 299(291.17); 300(824.95); 301(136.34); 302(739.58); 303(958.4); 304(777.07); 305(516.49); 306(876.76); 307(333.48); 308(670.89); 309(62.17); 310(356.48); 311(895.29); 312(320.19); 313(92.02); 314(918.98); 315(157.21); 316(134.56); 317(222.39); 318(683.58); 319(10.08); 320(107.24); 321(481.99); 322(572.04); 323(396.4); 324(633.73); 325(485.58); 326(990.91); 327(813.86); 328(407.73); 329(657.91); 330(999.18); 331(58.42); 332(791.42); 333(873.69); 334(63.91); 335(392.19); 336(351.43); 337(755.03); 338(643.47); 339(693.45); 340(796.49); 341(186.02); 342(440.71); 343(118.54); 344(295.71); 345(129.88); 346(196.19); 347(790.5); 348(274.5); 349(930.36); 350(231.19); 351(744.33); 352(138.5); 353(556.75); 354(689.7); 355(325.63); 356(655.47); 357(597.54); 358(796.62); 359(612.87); 360(886.42); 361(62.61); 362(763.52); 363(947.73); 364(836.16); 365(996.4); 366(742.19); 367(309.27); 368(887.42); 369(411.53); 370(880.01); 371(126.53); 372(162.1); 373(290.58); 374(631.52); 375(505.68); 376(584.84); 377(339.1); 378(611.69); 379(428.65); 380(744.11); 381(802.69); 382(121.55); 383(227.9); 384(821.0); 385(936.24); 386(606.35); 387(285.96); 388(932.21); 389(931.82); 390(401.84); 391(573.09); 392(562.04); 393(817.66); 394(185.47); 395(157.9); 396(237.34); 397(598.32); 398(517.71); 399(493.69); 400(192.6); 401(487.3); 402(930.88); 403(390.08); 404(622.55); 405(866.37); 406(22.89); 407(273.33); 408(793.69); 409(234.62); 410(767.94); 411(25.26); 412(247.4); 413(777.55); 414(499.0); 415(246.21); 416(587.21); 417(42.47); 418(903.36); 419(393.06); 420(823.06); 421(35.47); 422(898.48); 423(715.32); 424(385.72); 425(479.79); 426(293.65); 427(518.34); 428(264.93); 429(352.1); 430(589.8); 431(483.44); 432(216.63); 433(446.09); 434(637.39); 435(774.77); 436(558.62); 437(296.6); 438(909.75); 439(67.66); 440(326.4); 441(600.11); 442(592.28); 443(624.63); 444(519.75); 445(872.52); 446(779.98); 447(635.02); 448(304.82); 449(241.63); 450(959.17); 451(165.99); 452(188.92); 453(974.78); 454(592.89); 455(218.76); 456(930.87); 457(255.91); 458(986.85); 459(94.72); 460(706.09); 461(209.87); 462(410.2); 463(81.81); 464(402.85); 465(869.83); 466(501.9); 468(190.72); 469(270.99); 470(513.25); 471(790.04); 472(780.44); 473(259.01); 474(856.79); 475(204.28); 476(997.81); 477(638.53); 478(882.5); 479(868.17); 480(140.79); 481(274.65); 482(967.45); 483(100.76); 484(26.97); 485(354.44); 486(46.16); 487(883.83); 488(421.74); 489(368.29); 490(93.0); 491(416.33); 492(788.87); 493(172.29); 494(292.18); 495(222.28); 496(132.37); 497(748.55); 498(656.32); 499(216.43),1
468,0(484.1); 1(254.09); 2(71.79); 3(167.64); 4(999.73); 5(612.0); 6(766.85); 7(488.67); 8(444.53); 9(348.15); 10(765.53); 11(238.32); 12(610.32); 13(624.34); 14(507.47); 15(978.65); 16(751.72); 17(90.67); 18(500.05); 19(889.45); 20(722.67); 21(113.52); 22(482.31); 23(779.0); 24(872.16); 25(201.12); 26(479.02); 27(321.57); 28(870.22); 29(88.75); 30(528.67); 31(291.36); 32(35.34); 33(864.85); 34(765.53); 35(355.46); 36(98.01); 37(958.29); 38(201.94); 39(608.13); 40(675.46); 41(96.69); 42(894.23); 43(550.53); 44(601.86); 45(46.56); 46(614.91); 47(407.03); 48(662.59); 49(335.03); 50(864.13); 51(570.8); 52(415.28); 53(730.55); 54(155.16); 55(965.38); 56(995.23); 57(968.95); 58(543.85); 59(128.58); 60(150.69); 61(851.9); 62(948.14); 63(860.52); 64(651.9); 65(582.52); 66(403.11); 67(976.12); 68(239.91); 69(740.07); 70(468.37); 71(839.15); 72(548.83); 73(86.14); 74(678.38); 75(848.49); 76(906.89); 77(36.24); 78(322.51); 79(64.15); 80(923.82); 81(796.08); 82(354.91); 83(854.08); 84(90.25); 85(863.63); 86(790.51); 87(204.18); 88(763.36); 89(827.71); 90(672.65); 91(66.92); 92(508.27); 93(460.95); 94(469.66); 95(488.48); 96(742.65); 97(858.28); 98(135.35); 99(643.77); 100(764.88); 101(71.06); 102(502.73); 103(178.24); 104(507.0); 105(476.41); 106(962.8); 107(600.41); 108(697.35); 109(144.83); 110(804.61); 111(494.43); 112(733.17); 113(603.71); 114(211.44); 115(100.11); 116(869.85); 117(982.33); 118(623.7); 119(617.67); 120(335.62); 121(111.95); 122(858.17); 123(744.93); 124(890.82); 125(831.65); 126(224.7); 127(793.72); 128(175.1); 129(892.2); 130(884.9); 131(168.92); 132(232.25); 133(772.99); 134(317.42); 135(521.06); 136(325.51); 137(834.87); 138(968.56); 139(596.75); 140(912.41); 141(614.82); 142(87.73); 143(769.96); 144(438.92); 145(618.73); 146(179.05); 147(397.3); 148(842.25); 149(388.73); 150(160.41); 151(721.25); 152(834.05); 153(206.97); 154(329.23); 155(420.11); 156(222.26); 157(379.19); 158(556.42); 159(881.52); 160(353.55); 161(32.8); 162(120.06); 163(704.95); 164(921.78); 165(227.84); 166(815.26); 167(845.42); 168(658.83); 169(705.71); 170(739.74); 171(811.43); 172(518.39); 173(967.23); 174(78.71); 175(672.86); 176(817.55); 177(103.11); 178(491.7); 179(62.62); 180(687.04); 181(304.41); 182(953.91); 183(415.36); 184(210.31); 185(98.28); 186(676.46); 187(568.88); 188(700.54); 189(816.76); 190(622.0); 191(182.62); 192(612.96); 193(359.48); 194(24.99); 195(429.57); 196(157.21); 197(32.78); 198(33.91); 199(207.84); 200(155.19); 201(872.98); 202(928.49); 203(255.36); 204(291.95); 205(745.43); 206(768.4); 207(38.08); 208(215.14); 209(852.16); 210(988.84); 211(369.22); 212(803.83); 213(925.94); 214(715.27); 215(978.34); 216(143.61); 217(703.19); 218(576.93); 219(780.98); 220(666.45); 221(788.99); 222(876.18); 223(365.71); 224(65.65); 225(624.15); 226(628.46); 227(316.25); 228(386.77); 229(769.77); 230(873.9); 231(397.35); 232(734.13); 233(162.8); 234(23.89); 235(269.5); 236(539.19); 237(496.79); 238(765.29); 239(44.36); 240(47.65); 241(814.16); 242(744.2); 243(117.12); 244(180.7); 245(523.93); 246(359.43); 247(559.78); 248(511.44); 249(757.32); 250(909.33); 251(185.5); 252(64.21); 253(366.57); 254(974.61); 255(438.68); 256(920.27); 257(285.53); 258(411.43); 259(146.7); 260(453.88); 261(851.39); 262(216.33); 263(683.67); 264(541.82); 265(868.34); 266(873.76); 267(197.67); 268(877.21); 269(244.92); 270(958.85); 271(143.42); 272(382.99); 273(620.6); 274(479.89); 275(323.78); 276(604.17); 277(447.75); 278(329.72); 279(30.89); 280(777.02); 281(266.77); 282(902.22); 283(755.29); 284(0.06); 285(693.48); 286(712.49); 287(20.24); 288(821.56); 289(908.02); 290(487.18); 291(949.77); 292(2.03); 293(336.24); 294(625.36); 295(17.32); 296(361.81); 297(225.1); 298(458.89); 299(675.03); 300(11.92); 301(588.15); 302(154.03); 303(163.76); 304(533.23); 305(520.35); 306(411.68); 307(928.1); 308(738.65); 309(54.3); 310(136.82); 311(466.72); 312(425.36); 313(668.32); 314(424.74); 315(14.44); 316(985.01); 317(100.88); 318(576.97); 319(172.47); 320(780.67); 321(867.26); 322(657.74); 323(662.97); 324(902.41); 325(950.13); 326(348.71); 327(929.26); 328(496.62); 329(711.14); 330(80.08); 331(583.79); 332(238.51); 333(190.09); 334(990.15); 335(720.15); 336(168.7); 337(242.53); 338(728.1); 339(484.09); 340(551.82); 341(985.36); 342(491.95); 343(387.88); 344(514.59); 345(324.42); 346(109.36); 347(417.73); 348(263.45); 349(633.47); 350(210.37); 351(646.48); 352(809.6); 353(325.01); 354(749.09); 355(163.83); 356(632.92); 357(207.67); 358(368.41); 359(157.95); 360(129.62); 361(671.25); 362(178.49); 363(170.1); 364(641.37); 365(605.55); 366(613.76); 367(483.0); 368(775.6); 369(437.86); 370(114.81); 371(765.69); 372(461.01); 373(273.41); 374(382.08); 375(201.71); 376(284.93); 377(560.7); 378(773.23); 379(28.52); 380(455.39); 381(842.03); 382(919.71); 383(465.74); 384(116.26); 385(431.7); 386(168.62); 387(573.74); 388(549.13); 389(400.67); 390(64.32); 391(627.77); 392(158.07); 393(571.8); 394(988.67); 395(662.99); 396(846.02); 397(635.21); 398(947.18); 399(804.91); 400(326.16); 401(282.59); 402(544.28); 403(543.79); 404(702.37); 405(289.41); 406(935.09); 407(791.78); 408(891.68); 409(262.96); 410(783.62); 411(627.37); 412(563.65); 413(93.7); 414(406.87); 415(775.68); 416(714.56); 417(160.61); 418(394.65); 419(409.53); 420(344.43); 421(960.19); 422(833.25); 423(820.66); 424(760.65); 425(302.76); 426(778.54); 427(507.92); 428(216.31); 429(840.49); 430(426.08); 431(466.77); 432(737.21); 433(573.56); 434(378.73); 435(70.71); 436(378.64); 437(526.48); 438(235.54); 439(354.32); 440(860.81); 441(106.38); 442(152.34); 443(360.01); 444(886.79); 445(371.48); 446(37.4); 447(784.26); 448(854.63); 449(856.71); 450(406.62); 451(762.65); 452(610.1); 453(826.33); 454(739.07); 455(106.66); 456(552.7); 457(606.83); 458(25.79); 459(858.11); 460(562.91); 461(432.17); 462(973.56); 463(732.34); 464(616.68); 465(185.4); 466(546.92); 467(190.72); 469(670.77); 470(302.11); 471(83.61); 472(595.01); 473(176.66); 474(809.09); 475(522.67); 476(701.38); 477(540.12); 478(609.95); 479(267.78); 480(679.87); 481(764.67); 482(220.84); 483(386.4); 484(981.61); 485(22.53); 486(622.76); 487(720.63); 488(213.37); 489(245.62); 490(612.38); 491(546.28); 492(692.95); 493(27.18); 494(977.76); 495(15.93); 496(526.2); 497(7.33); 498(148.72); 499(335.28),1
469,0(603.07); 1(445.28); 2(184.92); 3(134.92); 4(720.49); 5(861.18); 6(55.49); 7(99.42); 8(886.74); 9(595.97); 10(130.55); 11(118.82); 12(472.8); 13(944.24); 14(614.09); 15(987.85); 16(526.84); 17(565.5); 18(972.73); 19(492.09); 20(848.34); 21(759.83); 22(918.58); 23(422.52); 24(988.81); 25(616.03); 26(859.2); 27(923.82); 28(79.63); 29(925.57); 30(605.1); 31(727.19); 32(102.39); 33(133.18); 34(210.47); 35(699.08); 36(920.02); 37(571.94); 38(333.47); 39(970.01); 40(431.35); 41(347.52); 42(866.87); 43(320.53); 44(821.28); 45(530.65); 46(736.59); 47(82.66); 48(677.7); 49(656.45); 50(198.68); 51(987.05); 52(233.1); 53(473.9); 54(809.39); 55(627.99); 56(36.39); 57(721.86); 58(50.0); 59(94.36); 60(965.04); 61(752.13); 62(922.64); 63(752.27); 64(657.53); 65(167.2); 66(333.78); 67(560.09); 68(141.81); 69(874.48); 70(927.21); 71(984.84); 72(607.47); 73(901.69); 74(92.82); 75(730.01); 76(225.82); 77(486.72); 78(699.05); 79(215.36); 80(390.68); 81(610.61); 82(220.29); 83(77.58); 84(808.53); 85(492.33); 86(821.44); 87(215.31); 88(133.27); 89(381.57); 90(375.03); 91(300.93); 92(614.49); 93(893.5); 94(968.96); 95(41.73); 96(642.13); 97(565.04); 98(342.62); 99(499.54); 100(232.18); 101(541.68); 102(77.75); 103(684.75); 104(7.59); 105(246.03); 106(15.49); 107(961.25); 108(265.9); 109(545.03); 110(29.32); 111(313.84); 112(835.11); 113(273.07); 114(3.2); 115(233.22); 116(321.38); 117(790.95); 118(234.29); 119(151.0); 120(218.06); 121(122.36); 122(695.0); 123(76.31); 124(817.79); 125(356.46); 126(56.7); 127(10.33); 128(434.93); 129(13.61); 130(83.5); 131(722.02); 132(694.8); 133(615.08); 134(139.23); 135(491.07); 136(393.44); 137(723.55); 138(58.51); 139(433.97); 140(139.7); 141(275.07); 142(438.11); 143(672.71); 144(6.93); 145(693.7); 146(944.19); 147(144.73); 148(136.71); 149(895.44); 150(43.97); 151(992.27); 152(898.12); 153(351.77); 154(491.15); 155(762.07); 156(324.27); 157(375.53); 158(686.55); 159(150.49); 160(621.02); 161(705.71); 162(538.64); 163(530.89); 164(587.08); 165(192.6); 166(33.54); 167(601.74); 168(23.43); 169(4.96); 170(517.24); 171(845.03); 172(277.79); 173(203.76); 174(676.58); 175(886.87); 176(692.8); 177(857.4); 178(788.12); 179(584.56); 180(402.11); 181(306.62); 182(124.73); 183(227.21); 184(218.1); 185(447.89); 186(806.01); 187(481.17); 188(680.5); 189(591.71); 190(405.0); 191(749.25); 192(32.25); 193(92.07); 194(718.11); 195(825.26); 196(205.0); 197(355.07); 198(582.12); 199(282.09); 200(815.66); 201(183.12); 202(470.47); 203(18.65); 204(608.45); 205(192.45); 206(593.95); 207(155.27); 208(437.95); 209(919.62); 210(776.43); 211(963.38); 212(507.47); 213(2.65); 214(959.41); 215(111.81); 216(615.99); 217(993.54); 218(214.19); 219(520.05); 220(610.58); 221(212.64); 222(690.4); 223(108.03); 224(168.44); 225(809.36); 226(572.01); 227(642.56); 228(772.13); 229(535.89); 230(75.6); 231(54.58); 232(324.0); 233(912.41); 234(351.77); 235(422.61); 236(905.3); 237(433.46); 238(727.61); 239(259.18); 240(290.62); 241(485.93); 242(52.21); 243(839.37); 244(900.64); 245(667.55); 246(563.88); 247(936.59); 248(720.75); 249(809.83); 250(734.38); 251(272.67); 252(778.93); 253(49.88); 254(476.48); 255(521.45); 256(781.02); 257(89.37); 258(857.94); 259(926.01); 260(175.02); 261(96.56); 262(696.16); 263(144.0); 264(32.6); 265(618.09); 266(733.07); 267(846.38); 268(966.46); 269(824.49); 270(798.65); 271(752.08); 272(343.98); 273(435.01); 274(918.94); 275(17.13); 276(494.11); 277(455.21); 278(874.21); 279(833.64); 280(977.81); 281(108.46); 282(236.99); 283(996.11); 284(569.05); 285(327.45); 286(681.0); 287(173.56); 288(606.61); 289(570.14); 290(613.35); 291(108.58); 292(697.97); 293(15.55); 294(255.73); 295(17.96); 296(384.68); 297(572.28); 298(130.26); 299(707.84); 300(818.34); 301(641.6); 302(511.56); 303(152.71); 304(835.54); 305(824.22); 306(469.85); 307(446.85); 308(559.11); 309(38.51); 310(453.52); 311(548.82); 312(698.27); 313(245.31); 314(689.73); 315(491.25); 316(249.76); 317(391.55); 318(273.33); 319(723.24); 320(675.89); 321(460.31); 322(200.13); 323(52.9); 324(691.76); 325(464.66); 326(988.13); 327(302.62); 328(823.04); 329(996.27); 330(274.88); 331(854.65); 332(238.78); 333(24.23); 334(793.65); 335(111.11); 336(183.38); 337(536.01); 338(893.5); 339(711.16); 340(297.22); 341(164.23); 342(234.37); 343(354.63); 344(235.95); 345(922.0); 346(900.84); 347(682.05); 348(514.42); 349(871.56); 350(937.68); 351(284.07); 352(585.49); 353(760.07); 354(335.89); 355(768.09); 356(522.96); 357(128.73); 358(443.34); 359(13.31); 360(845.52); 361(371.96); 362(43.81); 363(167.03); 364(144.63); 365(590.73); 366(837.96); 367(653.81); 368(406.35); 369(455.53); 370(717.33); 371(607.39); 372(605.99); 373(763.46); 374(21.71); 375(908.32); 376(723.88); 377(968.77); 378(767.38); 379(61.52); 380(679.14); 381(915.83); 382(295.61); 383(489.97); 384(160.34); 385(154.45); 386(753.24); 387(674.32); 388(455.97); 389(74.58); 390(210.44); 391(449.73); 392(169.51); 393(9.23); 394(949.16); 395(316.22); 396(160.32); 397(154.22); 398(420.77); 399(439.07); 400(413.26); 401(890.86); 402(686.34); 403(75.47); 404(150.44); 405(172.2); 406(795.56); 407(262.11); 408(387.06); 409(119.13); 410(485.01); 411(643.85); 412(799.89); 413(855.5); 414(748.13); 415(251.09); 416(948.66); 417(82.65); 418(582.42); 419(697.5); 420(106.93); 421(262.69); 422(589.69); 423(881.15); 424(874.91); 425(676.68); 426(577.71); 427(243.76); 428(332.3); 429(91.55); 430(826.09); 431(536.86); 432(478.11); 433(223.44); 434(779.94); 435(271.16); 436(930.5); 437(711.79); 438(739.73); 439(745.68); 440(454.12); 441(297.22); 442(864.87); 443(26.21); 444(209.08); 445(73.61); 446(675.48); 447(597.69); 448(42.0); 449(955.71); 450(92.6); 451(145.47); 452(795.75); 453(101.86); 454(380.85); 455(179.11); 456(424.17); 457(363.86); 458(124.45); 459(486.37); 460(943.35); 461(35.85); 462(460.76); 463(48.71); 464(704.78); 465(991.46); 466(652.05); 467(270.99); 468(670.77); 470(903.11); 471(445.29); 472(987.29); 473(81.02); 474(398.97); 475(826.62); 476(413.15); 477(590.91); 478(545.27); 479(956.52); 480(465.31); 481(425.31); 482(905.06); 483(305.17); 484(970.37); 485(227.43); 486(784.09); 487(691.96); 488(469.39); 489(506.92); 490(888.63); 491(654.59); 492(914.83); 493(107.94); 494(923.07); 495(882.34); 496(63.74); 497(325.38); 498(456.47); 499(250.88),1
470,0(921.23); 1(172.91); 2(399.15); 3(52.67); 4(127.07); 5(957.2); 6(106.28); 7(420.77); 8(881.06); 9(308.61); 10(634.63); 11(626.74); 12(537.98); 13(675.03); 14(628.72); 15(508.77); 16(834.0); 17(104.59); 18(138.18); 19(709.88); 20(122.39); 21(593.97); 22(91.77); 23(23.94); 24(392.49); 25(29.88); 26(411.54); 27(966.69); 28(428.34); 29(621.26); 30(543.74); 31(120.02); 32(901.09); 33(239.8); 34(174.35); 35(788.5); 36(628.48); 37(503.21); 38(364.5); 39(748.19); 40(881.76); 41(971.32); 42(975.32); 43(993.18); 44(409.36); 45(696.29); 46(349.19); 47(531.6); 48(930.15); 49(931.45); 50(335.76); 51(828.86); 52(771.98); 53(183.64); 54(253.45); 55(403.02); 56(518.54); 57(658.22); 58(540.9); 59(786.16); 60(561.23); 61(927.23); 62(840.61); 63(316.25); 64(349.85); 65(242.07); 66(67.44); 67(336.4); 68(376.71); 69(1.12); 70(528.54); 71(252.38); 72(387.52); 73(948.86); 74(210.27); 75(246.17); 76(132.05); 77(784.97); 78(466.76); 79(831.65); 80(558.15); 81(419.53); 82(875.89); 83(578.16); 84(154.19); 85(369.34); 86(438.93); 87(690.73); 88(161.98); 89(379.31); 90(871.3); 91(270.67); 92(491.5); 93(346.79); 94(670.26); 95(727.07); 96(387.96); 97(344.6); 98(19.44); 99(800.53); 100(690.88); 101(848.34); 102(154.69); 103(122.05); 104(24.2); 105(413.57); 106(653.75); 107(953.59); 108(0.8); 109(504.97); 110(195.28); 111(46.45); 112(591.8); 113(450.66); 114(728.4); 115(551.12); 116(469.01); 117(228.83); 118(465.27); 119(604.33); 120(902.75); 121(927.73); 122(567.49); 123(778.35); 124(895.23); 125(194.69); 126(274.09); 127(946.03); 128(483.67); 129(793.5); 130(583.89); 131(923.21); 132(978.17); 133(369.98); 134(572.52); 135(546.66); 136(952.97); 137(50.45); 138(607.07); 139(129.72); 140(166.16); 141(734.56); 142(329.32); 143(298.25); 144(486.31); 145(62.95); 146(682.19); 147(994.94); 148(402.72); 149(481.72); 150(19.99); 151(716.31); 152(591.84); 153(592.57); 154(160.44); 155(107.03); 156(837.14); 157(186.22); 158(134.01); 159(459.54); 160(521.46); 161(745.01); 162(123.88); 163(249.14); 164(439.55); 165(660.77); 166(609.29); 167(2.44); 168(41.95); 169(722.66); 170(519.44); 171(969.79); 172(308.84); 173(229.13); 174(616.3); 175(479.41); 176(948.11); 177(143.93); 178(572.71); 179(709.25); 180(594.75); 181(770.71); 182(130.7); 183(424.01); 184(889.46); 185(819.82); 186(33.41); 187(816.78); 188(668.18); 189(819.6); 190(731.26); 191(83.31); 192(156.86); 193(202.33); 194(244.38); 195(806.97); 196(741.88); 197(260.19); 198(646.39); 199(515.66); 200(522.3); 201(487.11); 202(514.94); 203(329.51); 204(715.99); 205(930.75); 206(218.34); 207(113.4); 208(884.54); 209(498.18); 210(987.31); 211(253.2); 212(386.05); 213(483.85); 214(883.14); 215(821.19); 216(25.0); 217(743.33); 218(354.9); 219(448.22); 220(206.14); 221(793.56); 222(316.83); 223(495.61); 224(762.46); 225(818.92); 226(146.28); 227(113.86); 228(149.1); 229(422.89); 230(372.16); 231(203.01); 232(695.66); 233(819.38); 234(4.36); 235(942.64); 236(711.01); 237(986.8); 238(506.57); 239(863.73); 240(616.23); 241(890.82); 242(703.81); 243(566.9); 244(107.74); 245(30.88); 246(303.33); 247(906.72); 248(656.71); 249(24.21); 250(983.82); 251(271.83); 252(325.28); 253(8.73); 254(556.89); 255(632.57); 256(491.04); 257(466.8); 258(257.42); 259(501.19); 260(267.09); 261(888.79); 262(659.74); 263(686.67); 264(918.38); 265(528.72); 266(657.21); 267(980.0); 268(997.47); 269(676.32); 270(498.56); 271(26.51); 272(212.86); 273(778.8); 274(687.43); 275(424.07); 276(937.37); 277(758.03); 278(172.9); 279(337.79); 280(848.98); 281(282.69); 282(855.81); 283(128.66); 284(405.49); 285(344.35); 286(674.32); 287(674.69); 288(139.1); 289(101.83); 290(166.89); 291(859.02); 292(744.78); 293(840.19); 294(677.02); 295(358.37); 296(728.73); 297(74.15); 298(283.36); 299(644.07); 300(391.46); 301(358.04); 302(330.16); 303(358.06); 304(710.7); 305(565.77); 306(906.92); 307(315.68); 308(788.91); 309(52.96); 310(65.22); 311(781.68); 312(549.72); 313(349.45); 314(369.97); 315(419.71); 316(586.05); 317(188.58); 318(7.4); 319(192.28); 320(874.19); 321(24.23); 322(635.87); 323(427.24); 324(72.45); 325(910.8); 326(297.31); 327(621.52); 328(281.71); 329(483.87); 330(155.87); 331(106.27); 332(148.11); 333(172.83); 334(60.57); 335(973.09); 336(718.91); 337(943.9); 338(698.86); 339(315.62); 340(363.74); 341(18.9); 342(326.55); 343(833.78); 344(3.44); 345(367.51); 346(733.35); 347(479.74); 348(571.63); 349(569.01); 350(673.25); 351(380.22); 352(281.19); 353(803.43); 354(35.8); 355(522.02); 356(728.16); 357(409.44); 358(557.33); 359(545.28); 360(9.86); 361(381.85); 362(877.62); 363(444.75); 364(783.69); 365(28.3); 366(467.59); 367(227.43); 368(409.25); 369(46.22); 370(324.37); 371(883.77); 372(83.42); 373(795.5); 374(408.86); 375(544.65); 376(672.36); 377(749.41); 378(0.64); 379(366.58); 380(730.94); 381(616.74); 382(255.93); 383(186.08); 384(77.95); 385(98.99); 386(284.85); 387(144.49); 388(22.5); 389(999.48); 390(224.24); 391(462.56); 392(341.19); 393(342.78); 394(1.91); 395(833.78); 396(909.78); 397(225.03); 398(315.96); 399(730.68); 400(616.01); 401(855.61); 402(298.17); 403(566.3); 404(560.55); 405(69.63); 406(384.63); 407(110.65); 408(478.68); 409(836.48); 410(870.06); 411(41.46); 412(126.79); 413(81.96); 414(727.71); 415(405.6); 416(285.72); 417(273.74); 418(511.5); 419(597.69); 420(1.92); 421(883.34); 422(480.63); 423(733.96); 424(93.18); 425(304.56); 426(950.32); 427(164.94); 428(990.93); 429(954.55); 430(412.55); 431(514.0); 432(850.39); 433(760.42); 434(351.68); 435(526.31); 436(547.83); 437(184.6); 438(159.19); 439(806.68); 440(437.35); 441(699.54); 442(628.23); 443(540.61); 444(580.89); 445(880.39); 446(520.05); 447(132.68); 448(267.45); 449(802.0); 450(311.52); 451(341.33); 452(893.66); 453(715.97); 454(5.13); 455(588.55); 456(550.0); 457(654.22); 458(325.28); 459(801.28); 460(187.98); 461(834.66); 462(637.13); 463(327.05); 464(962.99); 465(104.18); 466(813.04); 467(513.25); 468(302.11); 469(903.11); 471(596.18); 472(861.81); 473(300.58); 474(112.87); 475(671.32); 476(746.64); 477(182.43); 478(449.68); 479(410.1); 480(731.34); 481(380.7); 482(512.64); 483(538.15); 484(734.76); 485(670.06); 486(972.73); 487(425.68); 488(664.28); 489(361.99); 490(419.85); 491(886.63); 492(122.55); 493(12.87); 494(609.96); 495(655.89); 496(937.44); 497(629.19); 498(507.25); 499(948.28),1
471,0(533.23); 1(119.4); 2(99.32); 3(376.44); 4(229.28); 5(331.11); 6(65.65); 7(497.39); 8(835.66); 9(900.15); 10(482.63); 11(248.73); 12(283.71); 13(407.38); 14(523.26); 15(53.14); 16(116.0); 17(260.61); 18(153.09); 19(907.55); 20(863.62); 21(686.77); 22(366.17); 23(33.79); 24(552.44); 25(605.5); 26(562.12); 27(777.52); 28(65.72); 29(760.47); 30(920.02); 31(185.98); 32(568.97); 33(290.63); 34(483.81); 35(362.42); 36(180.76); 37(287.53); 38(906.21); 39(663.51); 40(637.32); 41(594.48); 42(893.87); 43(888.98); 44(300.12); 45(620.16); 46(923.98); 47(445.1); 48(741.83); 49(262.86); 50(537.88); 51(565.04); 52(221.98); 53(993.23); 54(805.38); 55(20.34); 56(112.59); 57(793.3); 58(198.11); 59(830.69); 60(389.89); 61(484.94); 62(573.81); 63(746.02); 64(612.4); 65(307.94); 66(34.77); 67(613.03); 68(937.39); 69(404.08); 70(319.96); 71(496.37); 72(129.22); 73(317.27); 74(897.75); 75(936.49); 76(929.03); 77(164.5); 78(338.46); 79(65.11); 80(498.93); 81(485.6); 82(400.24); 83(188.33); 84(99.5); 85(166.2); 86(156.78); 87(753.23); 88(235.82); 89(818.04); 90(310.23); 91(492.81); 92(747.75); 93(120.88); 94(745.51); 95(630.19); 96(597.67); 97(749.16); 98(430.33); 99(107.88); 100(760.78); 101(224.83); 102(864.41); 103(926.59); 104(563.2); 105(840.47); 106(339.56); 107(60.22); 108(635.45); 109(637.65); 110(592.49); 111(168.58); 112(367.64); 113(456.67); 114(273.9); 115(551.01); 116(154.16); 117(551.67); 118(24.84); 119(797.62); 120(253.73); 121(434.8); 122(658.5); 123(125.52); 124(934.65); 125(939.97); 126(845.36); 127(131.97); 128(879.48); 129(155.03); 130(392.19); 131(628.17); 132(796.62); 133(326.11); 134(444.95); 135(528.83); 136(243.4); 137(99.82); 138(715.18); 139(78.8); 140(419.58); 141(252.15); 142(32.56); 143(399.86); 144(891.04); 145(686.95); 146(209.77); 147(393.84); 148(177.98); 149(435.14); 150(855.76); 151(808.83); 152(368.64); 153(709.63); 154(113.53); 155(70.36); 156(789.49); 157(973.29); 158(190.25); 159(345.36); 160(499.89); 161(174.27); 162(108.48); 163(463.39); 164(910.71); 165(508.0); 166(449.8); 167(674.71); 168(429.65); 169(870.94); 170(568.26); 171(90.0); 172(134.85); 173(488.42); 174(303.88); 175(4.23); 176(747.49); 177(371.25); 178(413.5); 179(310.79); 180(335.64); 181(734.14); 182(861.12); 183(794.39); 184(256.91); 185(930.01); 186(244.94); 187(550.02); 188(68.18); 189(334.21); 190(973.31); 191(815.49); 192(267.85); 193(574.33); 194(94.91); 195(190.8); 196(56.6); 197(576.97); 198(225.38); 199(665.39); 200(731.55); 201(590.11); 202(713.08); 203(494.51); 204(221.08); 205(906.4); 206(542.13); 207(902.44); 208(516.07); 209(763.73); 210(237.68); 211(501.48); 212(643.25); 213(984.39); 214(945.2); 215(546.76); 216(639.61); 217(919.93); 218(376.31); 219(480.08); 220(933.31); 221(687.02); 222(884.37); 223(392.63); 224(371.54); 225(946.81); 226(658.57); 227(467.34); 228(589.19); 229(185.74); 230(571.52); 231(171.87); 232(359.85); 233(483.07); 234(616.35); 235(434.05); 236(390.76); 237(652.59); 238(798.06); 239(836.59); 240(259.43); 241(999.23); 242(119.5); 243(462.14); 244(41.71); 245(555.34); 246(236.42); 247(657.93); 248(771.45); 249(412.42); 250(475.6); 251(385.83); 252(801.87); 253(522.27); 254(443.6); 255(891.86); 256(73.4); 257(791.82); 258(305.25); 259(499.31); 260(14.4); 261(33.14); 262(383.56); 263(443.87); 264(385.2); 265(423.71); 266(234.22); 267(464.66); 268(23.25); 269(714.46); 270(508.34); 271(658.24); 272(812.26); 273(329.55); 274(212.15); 275(685.58); 276(904.74); 277(394.32); 278(626.92); 279(353.16); 280(244.02); 281(286.66); 282(342.73); 283(904.15); 284(725.8); 285(232.38); 286(723.16); 287(505.57); 288(541.14); 289(539.3); 290(675.2); 291(463.42); 292(167.98); 293(582.05); 294(22.42); 295(738.97); 296(458.86); 297(507.28); 298(552.06); 299(701.08); 300(395.67); 301(791.23); 302(9.96); 303(862.54); 304(157.88); 305(774.73); 306(832.14); 307(168.67); 308(188.14); 309(684.49); 310(708.3); 311(258.71); 312(974.47); 313(511.82); 314(584.69); 315(917.79); 316(670.82); 317(494.15); 318(787.96); 319(490.67); 320(466.08); 321(899.22); 322(775.07); 323(391.67); 324(797.38); 325(855.01); 326(783.73); 327(740.63); 328(277.62); 329(483.95); 330(436.02); 331(27.29); 332(646.6); 333(954.44); 334(385.6); 335(88.89); 336(201.33); 337(912.54); 338(342.73); 339(397.53); 340(826.09); 341(385.92); 342(922.68); 343(579.52); 344(120.74); 345(860.61); 346(259.54); 347(773.34); 348(807.44); 349(432.45); 350(241.66); 351(485.41); 352(237.18); 353(61.96); 354(896.04); 355(420.99); 356(888.17); 357(693.35); 358(578.84); 359(513.58); 360(516.28); 361(535.34); 362(889.72); 363(161.13); 364(261.05); 365(730.94); 366(265.65); 367(320.75); 368(202.35); 369(444.77); 370(388.24); 371(448.42); 372(135.64); 373(880.19); 374(640.78); 375(107.09); 376(445.35); 377(680.76); 378(126.16); 379(334.12); 380(100.71); 381(393.81); 382(513.01); 383(371.74); 384(483.14); 385(135.07); 386(423.84); 387(599.87); 388(550.64); 389(158.13); 390(189.93); 391(606.97); 392(865.76); 393(879.14); 394(838.98); 395(25.77); 396(944.41); 397(528.64); 398(394.48); 399(966.13); 400(563.45); 401(723.99); 402(805.23); 403(617.95); 404(916.87); 405(638.87); 406(615.96); 407(191.18); 408(426.98); 409(326.18); 410(903.97); 411(845.73); 412(848.96); 413(112.79); 414(197.57); 415(490.35); 416(608.56); 417(430.2); 418(415.67); 419(65.62); 420(191.59); 421(570.13); 422(99.45); 423(542.15); 424(71.42); 425(750.28); 426(779.76); 427(552.0); 428(76.2); 429(749.02); 430(121.95); 431(726.18); 432(435.79); 433(497.51); 434(100.39); 435(686.67); 436(45.77); 437(949.22); 438(846.53); 439(733.46); 440(858.14); 441(856.46); 442(311.15); 443(460.11); 444(246.27); 445(623.97); 446(316.03); 447(914.59); 448(922.84); 449(754.33); 450(889.6); 451(462.05); 452(259.37); 453(443.02); 454(798.58); 455(188.75); 456(820.14); 457(68.68); 458(936.26); 459(732.03); 460(813.29); 461(766.79); 462(976.53); 463(32.85); 464(212.99); 465(435.66); 466(166.76); 467(790.04); 468(83.61); 469(445.29); 470(596.18); 472(3.21); 473(62.03); 474(492.69); 475(40.77); 476(339.66); 477(948.04); 478(354.41); 479(669.47); 480(492.0); 481(220.58); 482(357.12); 483(624.49); 484(323.89); 485(64.66); 486(759.45); 487(488.16); 488(152.54); 489(846.53); 490(67.5); 491(513.03); 492(42.42); 493(419.71); 494(702.69); 495(688.34); 496(647.91); 497(881.65); 498(29.88); 499(60.78),2
472,0(257.59); 1(772.28); 2(177.22); 3(444.3); 4(990.78); 5(271.57); 6(225.11); 7(253.84); 8(103.24); 9(676.71); 10(858.19); 11(321.56); 12(819.01); 13(137.94); 14(199.97); 15(3.98); 16(714.17); 17(706.3); 18(404.35); 19(347.5); 20(896.57); 21(81.3); 22(680.36); 23(772.78); 24(655.33); 25(987.56); 26(629.36); 27(313.23); 28(63.31); 29(749.2); 30(330.31); 31(566.47); 32(832.54); 33(497.69); 34(36.64); 35(762.13); 36(384.45); 37(928.42); 38(298.33); 39(849.17); 40(476.03); 41(972.8); 42(591.6); 43(141.87); 44(824.94); 45(222.22); 46(401.69); 47(909.19); 48(926.31); 49(661.29); 50(943.62); 51(815.58); 52(756.17); 53(164.6); 54(13.18); 55(470.0); 56(288.53); 57(865.83); 58(549.18); 59(269.77); 60(112.33); 61(151.93); 62(62.92); 63(429.45); 64(415.14); 65(43.73); 66(400.01); 67(163.44); 68(60.39); 69(838.67); 70(761.88); 71(292.21); 72(54.21); 73(558.8); 74(553.48); 75(444.54); 76(443.62); 77(743.36); 78(996.1); 79(359.92); 80(368.5); 81(368.5); 82(520.84); 83(527.35); 84(961.01); 85(396.2); 86(907.51); 87(798.13); 88(830.27); 89(241.31); 90(418.42); 91(514.48); 92(872.55); 93(35.6); 94(849.57); 95(373.65); 96(561.69); 97(324.6); 98(36.27); 99(542.14); 100(248.75); 101(534.43); 102(523.81); 103(156.98); 104(314.01); 105(105.98); 106(458.1); 107(378.53); 108(452.13); 109(741.58); 110(72.8); 111(624.49); 112(402.83); 113(592.95); 114(434.01); 115(421.33); 116(868.24); 117(494.37); 118(333.07); 119(200.8); 120(944.84); 121(817.64); 122(386.17); 123(988.45); 124(304.3); 125(920.45); 126(108.09); 127(996.2); 128(160.77); 129(203.93); 130(520.83); 131(647.22); 132(277.84); 133(741.27); 134(264.38); 135(857.3); 136(30.41); 137(645.03); 138(30.79); 139(772.7); 140(585.69); 141(435.76); 142(403.95); 143(995.58); 144(245.12); 145(978.41); 146(11.89); 147(438.38); 148(349.43); 149(784.0); 150(97.54); 151(518.24); 152(595.87); 153(919.8); 154(666.57); 155(775.31); 156(275.36); 157(28.95); 158(677.56); 159(377.66); 160(293.49); 161(272.56); 162(906.8); 163(587.95); 164(545.52); 165(916.27); 166(964.68); 167(711.39); 168(716.86); 169(227.26); 170(46.54); 171(20.23); 172(234.45); 173(422.71); 174(924.65); 175(349.28); 176(35.05); 177(3.1); 178(184.37); 179(109.0); 180(461.74); 181(173.89); 182(937.52); 183(240.34); 184(952.29); 185(424.08); 186(400.16); 187(528.24); 188(678.19); 189(235.36); 190(944.8); 191(317.17); 192(902.98); 193(133.83); 194(569.93); 195(882.93); 196(914.24); 197(580.45); 198(80.52); 199(185.33); 200(984.33); 201(664.03); 202(864.69); 203(960.21); 204(962.4); 205(270.09); 206(705.76); 207(290.42); 208(77.89); 209(161.38); 210(992.8); 211(494.93); 212(645.26); 213(683.81); 214(939.57); 215(784.94); 216(777.4); 217(789.95); 218(704.02); 219(304.64); 220(354.61); 221(257.94); 222(124.98); 223(882.69); 224(139.27); 225(511.8); 226(54.22); 227(832.41); 228(666.09); 229(230.11); 230(42.27); 231(31.42); 232(811.75); 233(634.8); 234(648.06); 235(935.93); 236(671.76); 237(317.09); 238(230.63); 239(335.83); 240(729.5); 241(755.89); 242(945.35); 243(7.91); 244(36.8); 245(814.5); 246(427.8); 247(220.21); 248(246.51); 249(872.64); 250(640.48); 251(371.03); 252(133.84); 253(624.07); 254(833.92); 255(409.01); 256(609.97); 257(530.81); 258(265.17); 259(148.4); 260(406.11); 261(36.41); 262(687.13); 263(458.17); 264(713.23); 265(40.13); 266(107.42); 267(440.73); 268(246.11); 269(830.18); 270(946.61); 271(460.31); 272(351.34); 273(835.0); 274(728.28); 275(174.17); 276(861.82); 277(193.98); 278(989.58); 279(1.73); 280(506.12); 281(577.44); 282(457.39); 283(348.15); 284(449.63); 285(944.3); 286(282.8); 287(777.8); 288(6.41); 289(980.37); 290(643.94); 291(949.05); 292(229.18); 293(747.06); 294(379.47); 295(236.78); 296(361.26); 297(407.31); 298(521.81); 299(2.55); 300(555.82); 301(841.75); 302(466.77); 303(403.21); 304(556.19); 305(953.37); 306(194.08); 307(176.94); 308(797.93); 309(413.74); 310(17.29); 311(458.24); 312(451.85); 313(113.22); 314(971.46); 315(56.57); 316(359.75); 317(188.32); 318(850.06); 319(611.0); 320(764.47); 321(996.77); 322(586.37); 323(904.13); 324(361.74); 325(849.33); 326(820.31); 327(291.38); 328(842.85); 329(968.51); 330(317.54); 331(754.15); 332(571.56); 333(895.81); 334(157.93); 335(724.01); 336(161.3); 337(561.97); 338(780.84); 339(6.8); 340(410.08); 341(388.58); 342(327.73); 343(388.69); 344(123.55); 345(466.97); 346(589.24); 347(672.52); 348(780.63); 349(798.35); 350(508.3); 351(147.93); 352(224.32); 353(500.49); 354(752.39); 355(976.53); 356(959.26); 357(50.84); 358(760.22); 359(25.07); 360(612.77); 361(145.19); 362(380.58); 363(961.07); 364(80.78); 365(323.63); 366(771.32); 367(686.92); 368(3.56); 369(283.91); 370(951.74); 371(901.0); 372(760.35); 373(941.88); 374(229.38); 375(589.47); 376(675.56); 377(7.14); 378(503.97); 379(411.83); 380(651.93); 381(644.7); 382(832.2); 383(687.07); 384(898.77); 385(312.92); 386(600.61); 387(162.88); 388(875.91); 389(978.38); 390(725.04); 391(880.43); 392(94.18); 393(675.79); 394(71.3); 395(144.33); 396(855.01); 397(371.44); 398(38.94); 399(96.55); 400(934.55); 401(761.24); 402(408.23); 403(767.13); 404(309.9); 405(287.56); 406(240.74); 407(126.7); 408(728.79); 409(391.62); 410(94.47); 411(564.78); 412(208.48); 413(750.9); 414(945.71); 415(967.03); 416(504.82); 417(626.0); 418(416.79); 419(700.77); 420(725.97); 421(354.54); 422(677.38); 423(275.12); 424(755.37); 425(271.23); 426(993.38); 427(57.03); 428(302.48); 429(640.12); 430(943.39); 431(200.05); 432(842.13); 433(897.24); 434(333.89); 435(574.14); 436(245.11); 437(739.74); 438(869.64); 439(948.31); 440(9.56); 441(161.34); 442(337.96); 443(769.64); 444(336.48); 445(627.92); 446(886.22); 447(498.74); 448(574.92); 449(645.28); 450(530.63); 451(17.08); 452(249.52); 453(624.39); 454(215.24); 455(195.0); 456(593.35); 457(604.89); 458(577.02); 459(734.58); 460(454.98); 461(738.71); 462(136.14); 463(429.74); 464(667.81); 465(717.58); 466(186.39); 467(780.44); 468(595.01); 469(987.29); 470(861.81); 471(3.21); 473(452.73); 474(560.36); 475(548.72); 476(250.38); 477(989.55); 478(729.58); 479(379.22); 480(789.1); 481(449.07); 482(413.56); 483(927.6); 484(69.18); 485(302.78); 486(261.61); 487(678.29); 488(911.27); 489(63.59); 490(418.88); 491(739.31); 492(701.67); 493(13.12); 494(867.92); 495(324.07); 496(273.59); 497(941.43); 498(738.1); 499(237.12),1
473,0(133.73); 1(157.17); 2(385.99); 3(228.99); 4(872.96); 5(19.37); 6(544.95); 7(292.68); 8(39.01); 9(55.5); 10(902.93); 11(947.78); 12(42.27); 13(765.08); 14(598.74); 15(233.08); 16(969.21); 17(218.26); 18(747.9); 19(246.18); 20(482.93); 21(986.33); 22(890.54); 23(787.61); 24(927.68); 25(92.89); 26(377.21); 27(4.87); 28(308.45); 29(564.55); 30(694.75); 31(472.13); 32(215.93); 33(575.04); 34(659.94); 35(864.13); 36(442.65); 37(658.93); 38(544.54); 39(852.2); 40(244.07); 41(712.92); 42(490.15); 43(880.24); 44(99.93); 45(994.19); 46(65.8); 47(748.31); 48(482.36); 49(422.22); 50(106.13); 51(999.25); 52(473.82); 53(984.03); 54(663.13); 55(693.97); 56(670.94); 57(159.95); 58(565.03); 59(992.87); 60(677.87); 61(412.29); 62(38.71); 63(810.28); 64(208.85); 65(786.36); 66(27.34); 67(724.27); 68(374.14); 69(659.42); 70(242.38); 71(804.12); 72(945.04); 73(221.96); 74(264.7); 75(861.67); 76(300.37); 77(196.14); 78(53.25); 79(1.4); 80(475.93); 81(521.98); 82(85.88); 83(8.14); 84(438.79); 85(164.44); 86(294.4); 87(838.34); 88(356.1); 89(170.73); 90(721.42); 91(581.26); 92(749.34); 93(898.38); 94(634.16); 95(552.5); 96(249.83); 97(117.12); 98(471.01); 99(363.58); 100(988.63); 101(659.23); 102(220.57); 103(687.07); 104(723.51); 105(815.57); 106(479.1); 107(169.24); 108(914.66); 109(647.74); 110(284.91); 111(660.3); 112(696.76); 113(622.83); 114(0.29); 115(144.42); 116(446.33); 117(647.49); 118(208.24); 119(64.58); 120(975.07); 121(547.43); 122(574.35); 123(614.02); 124(674.16); 125(889.65); 126(88.41); 127(516.51); 128(133.65); 129(669.24); 130(552.87); 131(708.43); 132(811.73); 133(755.7); 134(114.15); 135(20.19); 136(628.22); 137(811.7); 138(71.01); 139(213.17); 140(552.75); 141(511.08); 142(260.0); 143(243.62); 144(81.3); 145(785.7); 146(955.73); 147(205.39); 148(643.78); 149(490.28); 150(267.65); 151(176.78); 152(336.26); 153(269.81); 154(913.26); 155(82.37); 156(951.05); 157(836.09); 158(902.54); 159(261.56); 160(418.63); 161(984.84); 162(185.93); 163(382.39); 164(162.79); 165(765.88); 166(967.4); 167(193.55); 168(836.06); 169(828.5); 170(78.43); 171(551.46); 172(191.06); 173(692.27); 174(956.36); 175(901.01); 176(982.21); 177(181.18); 178(835.2); 179(740.48); 180(818.26); 181(372.64); 182(610.18); 183(365.05); 184(219.92); 185(940.68); 186(273.75); 187(216.96); 188(670.46); 189(311.68); 190(527.81); 191(87.9); 192(844.33); 193(790.84); 194(295.25); 195(43.6); 196(156.61); 197(378.59); 198(702.52); 199(765.64); 200(416.57); 201(862.84); 202(342.99); 203(420.71); 204(443.67); 205(832.48); 206(340.64); 207(835.45); 208(812.61); 209(936.74); 210(743.5); 211(494.37); 212(711.65); 213(786.14); 214(459.36); 215(259.54); 216(626.16); 217(587.74); 218(68.85); 219(960.04); 220(682.26); 221(450.46); 222(428.14); 223(865.47); 224(201.29); 225(358.42); 226(88.13); 227(241.2); 228(268.64); 229(576.29); 230(713.28); 231(588.04); 232(174.7); 233(766.87); 234(272.3); 235(98.93); 236(259.08); 237(535.66); 238(974.02); 239(460.55); 240(156.94); 241(968.88); 242(995.5); 243(647.71); 244(313.45); 245(848.17); 246(379.17); 247(678.38); 248(574.76); 249(619.9); 250(213.36); 251(432.38); 252(34.95); 253(971.13); 254(448.6); 255(370.42); 256(332.21); 257(895.78); 258(512.07); 259(740.76); 260(368.09); 261(832.06); 262(776.56); 263(486.75); 264(142.93); 265(796.25); 266(900.4); 267(950.58); 268(767.69); 269(432.6); 270(860.06); 271(733.56); 272(473.94); 273(564.7); 274(670.89); 275(456.28); 276(930.78); 277(431.19); 278(813.5); 279(592.3); 280(457.36); 281(3.28); 282(330.64); 283(195.22); 284(514.97); 285(632.78); 286(491.27); 287(756.82); 288(111.72); 289(358.44); 290(671.86); 291(987.6); 292(695.4); 293(817.02); 294(473.93); 295(672.01); 296(986.13); 297(234.91); 298(437.79); 299(939.3); 300(154.89); 301(379.4); 302(770.87); 303(634.81); 304(182.48); 305(154.88); 306(610.18); 307(793.46); 308(652.69); 309(666.74); 310(531.31); 311(409.2); 312(60.17); 313(994.85); 314(297.38); 315(638.86); 316(4.7); 317(465.63); 318(101.29); 319(386.03); 320(402.08); 321(765.67); 322(786.33); 323(389.15); 324(560.14); 325(71.06); 326(123.55); 327(847.81); 328(60.77); 329(819.19); 330(635.79); 331(938.24); 332(499.83); 333(290.04); 334(296.62); 335(312.0); 336(964.47); 337(181.91); 338(904.72); 339(393.6); 340(816.73); 341(908.15); 342(716.8); 343(40.0); 344(241.62); 345(761.95); 346(379.5); 347(484.99); 348(575.26); 349(417.7); 350(264.23); 351(770.72); 352(880.61); 353(287.35); 354(158.73); 355(322.56); 356(282.99); 357(709.08); 358(625.32); 359(913.16); 360(190.54); 361(148.95); 362(857.77); 363(475.51); 364(420.33); 365(569.74); 366(492.59); 367(852.09); 368(35.2); 369(241.18); 370(567.6); 371(958.77); 372(659.91); 373(549.46); 374(638.17); 375(273.68); 376(215.45); 377(820.56); 378(745.93); 379(714.76); 380(364.69); 381(336.43); 382(0.03); 383(334.53); 384(504.19); 385(599.32); 386(833.56); 387(141.55); 388(564.22); 389(143.13); 390(849.18); 391(983.19); 392(662.98); 393(926.24); 394(791.56); 395(588.93); 396(460.42); 397(405.53); 398(157.96); 399(334.72); 400(954.78); 401(18.79); 402(377.74); 403(134.65); 404(63.71); 405(529.77); 406(556.14); 407(740.35); 408(984.86); 409(289.2); 410(233.96); 411(84.98); 412(906.92); 413(375.66); 414(56.71); 415(242.81); 416(840.78); 417(143.33); 418(958.7); 419(48.77); 420(735.84); 421(861.74); 422(728.85); 423(14.52); 424(357.33); 425(299.3); 426(142.68); 427(253.87); 428(486.04); 429(376.66); 430(380.5); 431(532.47); 432(451.88); 433(284.81); 434(362.05); 435(640.13); 436(360.05); 437(440.73); 438(325.96); 439(750.3); 440(992.37); 441(783.12); 442(49.02); 443(344.46); 444(91.01); 445(403.18); 446(707.98); 447(369.95); 448(468.93); 449(933.92); 450(891.09); 451(371.38); 452(747.41); 453(941.87); 454(599.42); 455(814.11); 456(864.44); 457(117.64); 458(454.44); 459(459.29); 460(672.82); 461(33.43); 462(891.35); 463(944.55); 464(360.26); 465(671.0); 466(809.92); 467(259.01); 468(176.66); 469(81.02); 470(300.58); 471(62.03); 472(452.73); 474(50.12); 475(250.07); 476(746.01); 477(802.56); 478(170.81); 479(412.84); 480(629.06); 481(81.91); 482(219.67); 483(721.59); 484(879.67); 485(950.81); 486(931.6); 487(745.42); 488(882.77); 489(198.43); 490(635.96); 491(296.13); 492(831.42); 493(26.15); 494(271.02); 495(659.07); 496(725.12); 497(937.05); 498(945.73); 499(963.52),1
474,0(227.89); 1(431.06); 2(408.0); 3(475.45); 4(40.51); 5(171.43); 6(514.13); 7(122.39); 8(149.69); 9(694.84); 10(197.08); 11(185.22); 12(755.96); 13(665.19); 14(437.96); 15(926.6); 16(84.88); 17(304.08); 18(824.32); 19(29.85); 20(613.47); 21(758.25); 22(353.24); 23(28.64); 24(732.14); 25(102.76); 26(813.21); 27(558.08); 28(57.27); 29(226.64); 30(974.4); 31(283.8); 32(321.42); 33(165.88); 34(418.4); 35(342.46); 36(659.44); 37(703.64); 38(336.93); 39(905.78); 40(404.35); 41(535.07); 42(484.35); 43(21.45); 44(519.36); 45(893.59); 46(296.28); 47(917.18); 48(3.87); 49(273.19); 50(872.06); 51(488.63); 52(307.27); 53(965.17); 54(933.29); 55(789.03); 56(604.41); 57(277.39); 58(723.7); 59(784.74); 60(0.98); 61(784.24); 62(584.76); 63(752.47); 64(378.95); 65(992.32); 66(862.95); 67(762.42); 68(479.46); 69(919.77); 70(556.1); 71(90.46); 72(181.07); 73(496.35); 74(952.83); 75(239.28); 76(734.67); 77(833.88); 78(270.61); 79(529.13); 80(284.26); 81(55.97); 82(192.77); 83(569.77); 84(680.38); 85(521.68); 86(546.32); 87(640.26); 88(690.48); 89(207.87); 90(742.76); 91(405.96); 92(919.24); 93(815.25); 94(625.04); 95(60.6); 96(212.88); 97(76.09); 98(942.82); 99(61.62); 100(57.77); 101(292.62); 102(473.58); 103(995.59); 104(202.44); 105(729.25); 106(229.67); 107(882.03); 108(422.57); 109(416.64); 110(21.39); 111(985.67); 112(895.45); 113(470.97); 114(385.38); 115(413.63); 116(795.71); 117(923.8); 118(831.14); 119(388.55); 120(787.42); 121(248.75); 122(806.9); 123(696.35); 124(557.99); 125(463.73); 126(610.74); 127(847.91); 128(767.74); 129(805.62); 130(252.28); 131(97.52); 132(84.74); 133(182.96); 134(999.77); 135(853.4); 136(185.69); 137(558.36); 138(131.5); 139(673.17); 140(153.11); 141(436.3); 142(691.58); 143(480.7); 144(62.41); 145(761.8); 146(26.24); 147(750.4); 148(889.42); 149(893.89); 150(408.76); 151(148.26); 152(890.19); 153(320.81); 154(284.17); 155(153.98); 156(931.73); 157(861.55); 158(252.36); 159(740.77); 160(598.38); 161(420.79); 162(365.11); 163(92.91); 164(113.36); 165(240.75); 166(513.83); 167(881.3); 168(705.96); 169(702.37); 170(831.36); 171(697.64); 172(709.53); 173(650.0); 174(875.89); 175(654.14); 176(735.71); 177(137.12); 178(508.81); 179(696.7); 180(381.05); 181(547.17); 182(388.91); 183(541.86); 184(665.8); 185(494.4); 186(708.53); 187(940.93); 188(831.49); 189(477.45); 190(858.03); 191(261.44); 192(359.64); 193(557.28); 194(771.47); 195(12.49); 196(24.81); 197(655.99); 198(432.2); 199(885.49); 200(853.65); 201(106.03); 202(0.31); 203(45.31); 204(695.88); 205(218.25); 206(688.23); 207(931.04); 208(888.99); 209(369.17); 210(699.94); 211(167.6); 212(865.99); 213(495.5); 214(659.46); 215(766.36); 216(988.3); 217(893.17); 218(265.31); 219(473.44); 220(34.97); 221(796.74); 222(56.78); 223(301.8); 224(544.88); 225(688.88); 226(940.0); 227(850.62); 228(978.0); 229(89.85); 230(306.86); 231(662.88); 232(4.41); 233(468.28); 234(375.87); 235(478.29); 236(353.74); 237(391.68); 238(856.42); 239(845.85); 240(653.66); 241(327.46); 242(981.15); 243(269.74); 244(973.45); 245(774.42); 246(665.15); 247(762.5); 248(197.48); 249(451.6); 250(293.89); 251(369.34); 252(545.62); 253(402.78); 254(396.93); 255(662.27); 256(51.09); 257(438.05); 258(257.73); 259(693.49); 260(777.07); 261(446.22); 262(998.81); 263(419.06); 264(421.53); 265(988.4); 266(472.29); 267(646.6); 268(366.49); 269(708.34); 270(379.87); 271(158.04); 272(495.73); 273(330.71); 274(261.32); 275(182.53); 276(692.57); 277(105.2); 278(891.45); 279(709.71); 280(620.4); 281(548.3); 282(536.48); 283(913.43); 284(365.62); 285(181.42); 286(573.44); 287(801.36); 288(999.36); 289(863.08); 290(933.89); 291(613.94); 292(238.59); 293(95.39); 294(847.9); 295(696.68); 296(426.48); 297(305.29); 298(669.5); 299(236.6); 300(633.93); 301(683.32); 302(155.08); 303(176.67); 304(224.34); 305(956.23); 306(881.6); 307(464.99); 308(683.11); 309(119.26); 310(631.58); 311(251.21); 312(315.59); 313(649.94); 314(691.84); 315(850.49); 316(429.18); 317(774.66); 318(336.53); 319(947.73); 320(256.62); 321(77.82); 322(108.63); 323(980.43); 324(781.26); 325(76.51); 326(423.85); 327(21.92); 328(860.16); 329(998.04); 330(209.37); 331(518.96); 332(558.71); 333(682.94); 334(401.93); 335(479.23); 336(36.93); 337(380.82); 338(666.29); 339(364.63); 340(891.1); 341(708.53); 342(150.17); 343(183.09); 344(86.81); 345(282.44); 346(514.76); 347(205.6); 348(5.74); 349(661.31); 350(893.15); 351(487.79); 352(644.27); 353(434.26); 354(173.09); 355(432.27); 356(657.15); 357(92.62); 358(148.1); 359(921.2); 360(686.96); 361(621.63); 362(836.84); 363(597.35); 364(317.2); 365(328.38); 366(21.62); 367(563.47); 368(142.64); 369(744.57); 370(282.27); 371(726.58); 372(68.94); 373(385.54); 374(138.84); 375(824.62); 376(276.99); 377(53.92); 378(800.83); 379(683.73); 380(390.8); 381(242.48); 382(455.61); 383(492.99); 384(187.47); 385(710.01); 386(282.12); 387(190.76); 388(314.7); 389(65.25); 390(571.03); 391(26.56); 392(218.17); 393(548.1); 394(879.07); 395(136.02); 396(426.76); 397(760.49); 398(780.26); 399(255.62); 400(414.58); 401(109.33); 402(147.68); 403(420.55); 404(905.24); 405(818.77); 406(432.87); 407(90.41); 408(311.1); 409(85.66); 410(284.02); 411(118.47); 412(213.04); 413(566.98); 414(364.11); 415(633.69); 416(830.03); 417(944.39); 418(264.42); 419(247.59); 420(371.04); 421(764.41); 422(70.91); 423(596.88); 424(752.87); 425(998.04); 426(43.69); 427(813.39); 428(909.28); 429(654.93); 430(368.85); 431(520.1); 432(554.0); 433(849.39); 434(830.76); 435(386.03); 436(844.28); 437(976.23); 438(863.65); 439(100.32); 440(459.31); 441(318.74); 442(838.29); 443(813.43); 444(580.11); 445(544.42); 446(627.25); 447(404.41); 448(24.78); 449(95.09); 450(121.75); 451(884.15); 452(494.03); 453(20.78); 454(310.46); 455(426.94); 456(457.17); 457(216.31); 458(927.13); 459(833.3); 460(928.04); 461(814.27); 462(245.35); 463(443.97); 464(734.65); 465(746.13); 466(595.06); 467(856.79); 468(809.09); 469(398.97); 470(112.87); 471(492.69); 472(560.36); 473(50.12); 475(284.63); 476(86.94); 477(125.65); 478(909.79); 479(319.43); 480(576.27); 481(301.19); 482(33.0); 483(11.4); 484(84.65); 485(568.03); 486(449.49); 487(671.94); 488(726.4); 489(459.94); 490(203.31); 491(153.35); 492(513.23); 493(407.25); 494(78.92); 495(908.64); 496(890.13); 497(77.31); 498(595.65); 499(89.45),1
475,0(248.34); 1(332.29); 2(384.37); 3(554.8); 4(152.77); 5(574.3); 6(442.37); 7(895.93); 8(860.81); 9(644.74); 10(388.24); 11(147.25); 12(649.84); 13(228.35); 14(424.62); 15(954.22); 16(523.18); 17(771.9); 18(599.9); 19(790.24); 20(221.22); 21(455.82); 22(49.55); 23(153.32); 24(868.86); 25(412.41); 26(31.63); 27(625.83); 28(561.49); 29(356.63); 30(290.2); 31(775.93); 32(821.76); 33(588.89); 34(761.01); 35(70.96); 36(68.57); 37(796.17); 38(40.87); 39(118.22); 40(402.31); 41(485.3); 42(862.21); 43(378.58); 44(285.94); 45(310.37); 46(115.83); 47(831.29); 48(606.1); 49(867.85); 50(813.82); 51(128.64); 52(13.29); 53(770.28); 54(778.38); 55(387.51); 56(146.64); 57(21.07); 58(767.92); 59(724.13); 60(966.12); 61(832.23); 62(66.05); 63(730.39); 64(121.39); 65(266.79); 66(737.42); 67(925.59); 68(673.82); 69(391.39); 70(578.29); 71(228.39); 72(634.44); 73(931.58); 74(538.62); 75(592.67); 76(74.2); 77(821.32); 78(173.87); 79(21.37); 80(754.09); 81(77.39); 82(27.4); 83(712.21); 84(761.45); 85(297.61); 86(851.84); 87(657.11); 88(339.27); 89(72.28); 90(738.58); 91(709.35); 92(338.91); 93(624.98); 94(381.45); 95(326.5); 96(612.43); 97(760.1); 98(10.37); 99(184.07); 100(518.21); 101(134.18); 102(609.87); 103(203.87); 104(993.72); 105(222.17); 106(269.62); 107(423.5); 108(266.14); 109(818.9); 110(511.96); 111(332.86); 112(588.4); 113(797.96); 114(880.22); 115(310.63); 116(909.16); 117(416.55); 118(563.84); 119(238.84); 120(391.62); 121(282.78); 122(210.7); 123(971.05); 124(760.02); 125(89.34); 126(67.48); 127(900.47); 128(491.22); 129(598.44); 130(69.6); 131(111.94); 132(404.94); 133(548.58); 134(861.8); 135(66.19); 136(778.29); 137(596.21); 138(564.4); 139(810.24); 140(375.21); 141(553.1); 142(398.38); 143(4.77); 144(907.34); 145(445.09); 146(976.45); 147(331.06); 148(822.07); 149(875.55); 150(169.41); 151(451.31); 152(328.29); 153(514.94); 154(675.59); 155(469.91); 156(571.62); 157(481.85); 158(911.07); 159(133.83); 160(951.94); 161(499.27); 162(419.16); 163(595.22); 164(243.28); 165(651.67); 166(886.02); 167(755.96); 168(610.89); 169(600.84); 170(339.23); 171(204.06); 172(400.45); 173(924.72); 174(11.88); 175(281.09); 176(345.83); 177(123.32); 178(997.64); 179(829.49); 180(795.24); 181(24.77); 182(605.42); 183(390.84); 184(871.94); 185(349.28); 186(459.08); 187(69.0); 188(666.57); 189(963.12); 190(888.19); 191(570.84); 192(567.33); 193(564.0); 194(355.5); 195(781.68); 196(665.49); 197(672.45); 198(382.14); 199(524.05); 200(793.53); 201(464.74); 202(616.21); 203(543.25); 204(830.22); 205(629.07); 206(668.56); 207(115.55); 208(430.82); 209(332.24); 210(212.94); 211(665.96); 212(159.89); 213(553.77); 214(920.41); 215(126.45); 216(593.29); 217(861.92); 218(3.75); 219(293.38); 220(680.96); 221(13.3); 222(670.84); 223(142.59); 224(881.71); 225(382.0); 226(748.31); 227(535.37); 228(759.84); 229(631.92); 230(511.66); 231(82.03); 232(928.58); 233(113.87); 234(91.87); 235(440.82); 236(378.1); 237(910.97); 238(918.87); 239(324.3); 240(423.76); 241(294.35); 242(861.47); 243(333.75); 244(645.44); 245(955.23); 246(727.13); 247(587.31); 248(706.24); 249(549.32); 250(594.19); 251(317.67); 252(449.55); 253(666.65); 254(48.48); 255(177.11); 256(908.94); 257(503.5); 258(955.41); 259(341.34); 260(984.58); 261(694.63); 262(720.37); 263(624.52); 264(574.16); 265(861.73); 266(34.51); 267(39.27); 268(701.92); 269(827.17); 270(21.33); 271(202.84); 272(855.65); 273(539.23); 274(998.32); 275(845.24); 276(587.55); 277(590.63); 278(740.89); 279(345.82); 280(654.53); 281(32.68); 282(100.97); 283(140.24); 284(890.61); 285(239.89); 286(864.62); 287(117.15); 288(371.96); 289(436.16); 290(723.34); 291(443.21); 292(853.25); 293(515.4); 294(421.14); 295(276.56); 296(247.22); 297(171.85); 298(250.09); 299(1.17); 300(476.08); 301(413.15); 302(97.98); 303(233.55); 304(853.97); 305(552.13); 306(610.9); 307(111.05); 308(54.01); 309(933.62); 310(999.64); 311(19.98); 312(596.86); 313(539.87); 314(977.97); 315(741.25); 316(73.47); 317(312.41); 318(754.27); 319(848.76); 320(303.26); 321(871.77); 322(843.57); 323(444.54); 324(485.22); 325(491.87); 326(165.93); 327(863.49); 328(996.63); 329(303.43); 330(250.21); 331(111.44); 332(462.52); 333(998.38); 334(911.2); 335(823.77); 336(530.76); 337(927.42); 338(761.03); 339(396.69); 340(701.79); 341(487.25); 342(447.98); 343(579.0); 344(49.41); 345(199.68); 346(332.7); 347(182.02); 348(251.99); 349(821.58); 350(918.8); 351(283.51); 352(241.67); 353(913.57); 354(84.58); 355(627.16); 356(277.91); 357(63.09); 358(733.55); 359(43.73); 360(200.97); 361(291.67); 362(203.86); 363(54.58); 364(121.25); 365(798.08); 366(511.37); 367(920.49); 368(297.26); 369(296.69); 370(382.83); 371(251.06); 372(251.6); 373(630.98); 374(178.07); 375(280.1); 376(360.57); 377(636.59); 378(97.69); 379(848.29); 380(857.38); 381(280.29); 382(74.13); 383(934.96); 384(401.32); 385(667.96); 386(202.31); 387(34.97); 388(433.48); 389(4.86); 390(757.46); 391(768.53); 392(479.5); 393(654.01); 394(317.56); 395(451.84); 396(125.53); 397(151.0); 398(887.99); 399(681.11); 400(496.78); 401(326.67); 402(469.41); 403(366.01); 404(511.24); 405(751.6); 406(904.54); 407(763.67); 408(750.61); 409(194.37); 410(540.09); 411(17.5); 412(704.35); 413(226.92); 414(614.95); 415(505.1); 416(568.62); 417(111.59); 418(342.37); 419(813.83); 420(659.25); 421(709.65); 422(229.49); 423(95.51); 424(893.39); 425(852.19); 426(629.67); 427(451.42); 428(842.09); 429(170.55); 430(842.31); 431(937.56); 432(310.69); 433(158.57); 434(293.55); 435(549.86); 436(412.51); 437(404.74); 438(265.41); 439(605.45); 440(86.14); 441(984.43); 442(807.9); 443(709.18); 444(520.7); 445(817.61); 446(347.68); 447(524.42); 448(306.61); 449(205.9); 450(471.33); 451(497.18); 452(193.14); 453(181.05); 454(194.17); 455(537.61); 456(124.59); 457(65.92); 458(749.75); 459(988.34); 460(182.69); 461(999.09); 462(1.74); 463(701.13); 464(701.06); 465(870.03); 466(299.07); 467(204.28); 468(522.67); 469(826.62); 470(671.32); 471(40.77); 472(548.72); 473(250.07); 474(284.63); 476(977.36); 477(550.9); 478(175.7); 479(3.79); 480(377.58); 481(404.43); 482(69.54); 483(819.46); 484(453.44); 485(115.84); 486(377.6); 487(864.57); 488(479.53); 489(645.79); 490(995.63); 491(802.4); 492(658.69); 493(822.76); 494(752.6); 495(873.74); 496(396.27); 497(489.92); 498(562.04); 499(989.18),1
476,0(951.96); 1(436.67); 2(845.85); 3(928.31); 4(358.27); 5(505.54); 6(5.56); 7(414.4); 8(385.85); 9(356.29); 10(262.53); 11(156.82); 12(453.7); 13(382.99); 14(260.41); 15(740.07); 16(893.19); 17(533.52); 18(22.38); 19(847.55); 20(820.4); 21(121.18); 22(589.5); 23(159.17); 24(375.83); 25(412.32); 26(342.75); 27(960.77); 28(825.63); 29(383.81); 30(560.24); 31(398.2); 32(87.22); 33(950.01); 34(779.98); 35(430.65); 36(729.91); 37(648.94); 38(415.85); 39(615.87); 40(839.04); 41(78.19); 42(892.13); 43(579.96); 44(416.78); 45(922.82); 46(700.65); 47(870.81); 48(132.55); 49(15.89); 50(179.03); 51(213.81); 52(857.56); 53(970.71); 54(373.82); 55(361.56); 56(12.06); 57(64.55); 58(238.53); 59(924.02); 60(171.27); 61(675.35); 62(224.5); 63(483.5); 64(228.3); 65(121.76); 66(83.73); 67(374.18); 68(415.16); 69(884.92); 70(529.6); 71(971.99); 72(206.62); 73(328.17); 74(174.95); 75(823.73); 76(355.75); 77(824.45); 78(239.08); 79(328.35); 80(298.63); 81(603.89); 82(524.86); 83(43.03); 84(741.89); 85(317.72); 86(474.99); 87(987.52); 88(715.65); 89(748.93); 90(654.65); 91(984.69); 92(770.91); 93(987.86); 94(139.18); 95(300.3); 96(58.18); 97(289.77); 98(419.91); 99(187.84); 100(97.89); 101(722.09); 102(800.76); 103(506.42); 104(207.18); 105(183.27); 106(57.81); 107(359.06); 108(17.9); 109(220.85); 110(355.11); 111(224.89); 112(622.77); 113(271.4); 114(72.84); 115(638.87); 116(712.5); 117(901.73); 118(604.81); 119(611.3); 120(937.37); 121(802.34); 122(992.23); 123(390.14); 124(168.02); 125(893.88); 126(972.74); 127(122.54); 128(942.77); 129(691.06); 130(967.33); 131(552.0); 132(870.78); 133(392.62); 134(741.7); 135(111.94); 136(759.02); 137(744.68); 138(496.31); 139(140.86); 140(18.41); 141(285.31); 142(687.96); 143(65.56); 144(918.3); 145(834.0); 146(358.18); 147(799.62); 148(746.41); 149(143.71); 150(85.04); 151(357.62); 152(279.84); 153(796.15); 154(298.33); 155(533.31); 156(394.93); 157(447.85); 158(871.83); 159(162.97); 160(956.39); 161(343.06); 162(227.54); 163(925.49); 164(692.01); 165(296.38); 166(171.81); 167(449.93); 168(173.18); 169(814.46); 170(438.58); 171(648.96); 172(873.05); 173(95.85); 174(89.51); 175(135.42); 176(110.7); 177(731.55); 178(85.92); 179(779.67); 180(742.96); 181(639.69); 182(762.03); 183(655.43); 184(61.48); 185(161.18); 186(339.18); 187(330.86); 188(375.83); 189(818.16); 190(672.33); 191(943.12); 192(76.52); 193(316.84); 194(712.04); 195(530.54); 196(0.58); 197(170.55); 198(176.75); 199(281.62); 200(957.68); 201(957.25); 202(84.58); 203(472.03); 204(348.94); 205(99.65); 206(186.55); 207(308.81); 208(280.81); 209(214.14); 210(622.84); 211(19.11); 212(381.78); 213(495.56); 214(933.5); 215(994.1); 216(331.08); 217(806.61); 218(851.95); 219(640.21); 220(158.19); 221(160.25); 222(874.62); 223(925.32); 224(766.62); 225(345.86); 226(830.86); 227(830.02); 228(566.33); 229(242.96); 230(974.1); 231(42.95); 232(842.17); 233(347.47); 234(520.21); 235(70.45); 236(161.56); 237(506.08); 238(400.22); 239(414.42); 240(509.78); 241(958.66); 242(402.03); 243(433.54); 244(421.06); 245(950.07); 246(3.56); 247(223.26); 248(10.17); 249(793.2); 250(108.89); 251(343.04); 252(557.98); 253(78.64); 254(834.32); 255(489.75); 256(657.98); 257(149.42); 258(32.93); 259(384.7); 260(921.21); 261(991.36); 262(907.9); 263(181.32); 264(272.07); 265(87.23); 266(624.84); 267(487.17); 268(699.26); 269(565.74); 270(36.07); 271(802.91); 272(874.48); 273(434.86); 274(383.45); 275(676.71); 276(941.19); 277(363.9); 278(233.8); 279(388.1); 280(851.08); 281(655.98); 282(201.38); 283(141.37); 284(489.59); 285(533.4); 286(728.78); 287(403.99); 288(32.3); 289(37.53); 290(970.6); 291(170.45); 292(525.9); 293(852.92); 294(355.63); 295(153.09); 296(217.79); 297(778.78); 298(378.45); 299(107.82); 300(88.45); 301(799.01); 302(362.38); 303(845.18); 304(431.81); 305(725.43); 306(948.99); 307(387.34); 308(248.29); 309(12.85); 310(619.12); 311(843.08); 312(771.06); 313(44.63); 314(540.29); 315(923.59); 316(461.93); 317(836.63); 318(241.31); 319(877.15); 320(887.87); 321(136.5); 322(597.96); 323(978.89); 324(904.8); 325(774.93); 326(873.05); 327(964.32); 328(177.31); 329(908.24); 330(318.1); 331(706.87); 332(504.83); 333(117.48); 334(736.12); 335(744.22); 336(256.46); 337(104.97); 338(370.12); 339(910.3); 340(576.24); 341(512.93); 342(567.41); 343(883.13); 344(125.82); 345(615.86); 346(311.07); 347(607.84); 348(571.05); 349(368.33); 350(637.4); 351(251.99); 352(885.2); 353(888.2); 354(958.16); 355(552.68); 356(218.27); 357(143.08); 358(521.39); 359(352.68); 360(981.91); 361(704.72); 362(695.46); 363(148.92); 364(308.0); 365(502.24); 366(810.68); 367(698.61); 368(864.03); 369(233.33); 370(535.46); 371(533.27); 372(662.4); 373(857.7); 374(791.69); 375(208.35); 376(287.0); 377(14.19); 378(996.3); 379(172.86); 380(761.43); 381(101.25); 382(858.17); 383(240.8); 384(708.31); 385(315.96); 386(171.97); 387(123.3); 388(285.29); 389(887.49); 390(401.44); 391(426.19); 392(83.87); 393(47.64); 394(905.39); 395(713.74); 396(403.46); 397(573.41); 398(690.53); 399(243.54); 400(87.61); 401(6.89); 402(881.94); 403(913.41); 404(521.35); 405(271.89); 406(993.05); 407(692.04); 408(70.15); 409(0.43); 410(43.76); 411(624.11); 412(31.62); 413(540.73); 414(167.88); 415(147.3); 416(360.29); 417(989.99); 418(891.85); 419(586.87); 420(777.08); 421(27.42); 422(803.58); 423(85.18); 424(310.43); 425(545.7); 426(857.83); 427(132.86); 428(914.28); 429(885.68); 430(198.81); 431(698.37); 432(412.02); 433(386.75); 434(853.88); 435(653.66); 436(674.43); 437(816.09); 438(520.87); 439(546.89); 440(260.19); 441(591.96); 442(576.69); 443(358.35); 444(450.24); 445(89.57); 446(68.88); 447(655.35); 448(311.18); 449(449.42); 450(297.81); 451(259.68); 452(994.3); 453(631.09); 454(727.3); 455(762.57); 456(199.46); 457(873.55); 458(3.64); 459(649.88); 460(800.76); 461(566.86); 462(801.57); 463(348.23); 464(159.41); 465(973.47); 466(990.21); 467(997.81); 468(701.38); 469(413.15); 470(746.64); 471(339.66); 472(250.38); 473(746.01); 474(86.94); 475(977.36); 477(150.84); 478(841.56); 479(257.26); 480(578.87); 481(205.8); 482(400.52); 483(376.29); 484(890.8); 485(871.99); 486(97.49); 487(751.55); 488(493.6); 489(284.09); 490(723.66); 491(278.19); 492(750.05); 493(565.37); 494(872.39); 495(90.37); 496(765.37); 497(706.25); 498(593.33); 499(521.98),1
477,0(206.01); 1(768.47); 2(50.69); 3(72.26); 4(782.75); 5(457.98); 6(187.74); 7(897.08); 8(101.3); 9(738.23); 10(65.2); 11(897.86); 12(66.12); 13(13.93); 14(695.91); 15(870.76); 16(331.24); 17(5.61); 18(494.74); 19(889.76); 20(774.33); 21(5.87); 22(451.08); 23(118.89); 24(173.97); 25(197.65); 26(198.73); 27(962.83); 28(150.78); 29(405.36); 30(575.87); 31(31.23); 32(851.96); 33(496.52); 34(356.48); 35(268.98); 36(5.57); 37(920.82); 38(232.02); 39(372.96); 40(904.57); 41(442.55); 42(515.65); 43(440.02); 44(425.66); 45(26.1); 46(499.92); 47(307.68); 48(886.13); 49(541.29); 50(376.48); 51(828.8); 52(508.12); 53(914.33); 54(384.41); 55(106.51); 56(534.06); 57(140.36); 58(824.43); 59(630.05); 60(911.21); 61(9.81); 62(734.69); 63(951.45); 64(362.14); 65(147.51); 66(673.68); 67(713.9); 68(160.34); 69(916.94); 70(937.86); 71(595.81); 72(544.53); 73(153.76); 74(416.46); 75(252.94); 76(240.32); 77(354.76); 78(90.75); 79(194.96); 80(477.75); 81(357.22); 82(350.48); 83(241.9); 84(916.81); 85(311.1); 86(618.55); 87(815.52); 88(41.29); 89(621.67); 90(786.64); 91(936.28); 92(729.71); 93(665.74); 94(683.4); 95(352.64); 96(908.83); 97(744.27); 98(463.39); 99(70.36); 100(240.01); 101(462.3); 102(46.89); 103(667.66); 104(664.31); 105(315.48); 106(770.47); 107(850.24); 108(342.72); 109(62.67); 110(285.39); 111(589.22); 112(855.67); 113(691.58); 114(720.04); 115(738.02); 116(86.43); 117(188.04); 118(956.32); 119(835.05); 120(97.95); 121(942.32); 122(623.18); 123(55.81); 124(36.25); 125(118.09); 126(191.05); 127(796.86); 128(632.56); 129(679.74); 130(276.07); 131(459.99); 132(407.65); 133(231.9); 134(761.22); 135(529.31); 136(38.87); 137(408.72); 138(139.2); 139(119.41); 140(765.85); 141(889.18); 142(289.06); 143(380.18); 144(968.98); 145(144.56); 146(604.99); 147(408.67); 148(576.97); 149(910.62); 150(867.81); 151(767.38); 152(604.74); 153(513.55); 154(17.4); 155(918.48); 156(317.97); 157(824.64); 158(452.73); 159(573.8); 160(894.15); 161(789.69); 162(908.44); 163(335.96); 164(327.29); 165(382.15); 166(930.48); 167(977.35); 168(365.67); 169(895.19); 170(673.77); 171(536.88); 172(400.78); 173(32.85); 174(276.08); 175(167.59); 176(216.52); 177(474.73); 178(240.06); 179(411.0); 180(374.25); 181(295.75); 182(792.72); 183(489.87); 184(787.03); 185(264.54); 186(5.85); 187(527.43); 188(383.96); 189(567.3); 190(886.39); 191(195.4); 192(116.93); 193(98.75); 194(350.42); 195(907.9); 196(413.79); 197(615.73); 198(619.41); 199(902.52); 200(492.79); 201(997.21); 202(389.7); 203(494.45); 204(87.69); 205(832.41); 206(47.51); 207(706.95); 208(279.23); 209(175.08); 210(503.51); 211(442.14); 212(751.82); 213(788.97); 214(136.46); 215(25.79); 216(9.8); 217(958.3); 218(398.14); 219(819.23); 220(287.77); 221(233.82); 222(738.16); 223(247.07); 224(465.44); 225(5.88); 226(280.3); 227(344.49); 228(730.0); 229(813.34); 230(724.2); 231(100.87); 232(350.25); 233(161.82); 234(823.19); 235(810.38); 236(395.58); 237(17.13); 238(118.61); 239(639.16); 240(538.39); 241(850.2); 242(261.6); 243(744.08); 244(36.56); 245(180.69); 246(607.5); 247(59.05); 248(46.64); 249(965.19); 250(383.88); 251(574.62); 252(664.31); 253(387.16); 254(338.05); 255(393.64); 256(303.05); 257(483.23); 258(139.79); 259(284.41); 260(201.37); 261(309.5); 262(675.12); 263(955.44); 264(824.3); 265(104.83); 266(949.71); 267(437.1); 268(259.47); 269(53.9); 270(269.1); 271(358.36); 272(164.79); 273(492.26); 274(243.9); 275(926.64); 276(52.85); 277(221.35); 278(876.79); 279(154.88); 280(388.01); 281(356.05); 282(715.78); 283(60.73); 284(916.36); 285(831.0); 286(867.71); 287(167.8); 288(394.26); 289(494.35); 290(269.25); 291(259.65); 292(981.64); 293(424.83); 294(403.67); 295(166.57); 296(924.76); 297(8.23); 298(230.08); 299(855.52); 300(814.42); 301(784.06); 302(598.32); 303(817.3); 304(406.51); 305(359.3); 306(565.71); 307(886.87); 308(684.1); 309(805.23); 310(771.83); 311(408.52); 312(335.92); 313(524.04); 314(843.66); 315(432.7); 316(153.96); 317(210.65); 318(799.16); 319(147.12); 320(776.66); 321(813.83); 322(992.49); 323(111.01); 324(696.21); 325(450.0); 326(716.99); 327(859.76); 328(52.2); 329(449.75); 330(260.81); 331(578.55); 332(427.37); 333(852.25); 334(821.27); 335(527.53); 336(142.64); 337(628.44); 338(529.52); 339(742.86); 340(26.47); 341(42.27); 342(884.92); 343(152.09); 344(107.06); 345(525.79); 346(642.05); 347(61.76); 348(972.24); 349(362.17); 350(544.09); 351(277.93); 352(825.29); 353(350.07); 354(27.34); 355(822.2); 356(315.63); 357(13.27); 358(520.58); 359(521.64); 360(510.31); 361(827.31); 362(506.51); 363(960.93); 364(823.27); 365(886.66); 366(210.78); 367(661.21); 368(907.56); 369(520.13); 370(515.19); 371(127.78); 372(713.05); 373(969.41); 374(998.36); 375(719.84); 376(946.25); 377(812.1); 378(732.76); 379(21.27); 380(249.02); 381(864.24); 382(422.51); 383(798.41); 384(363.83); 385(26.7); 386(986.15); 387(523.18); 388(907.89); 389(359.4); 390(912.67); 391(330.22); 392(399.87); 393(947.24); 394(424.84); 395(217.85); 396(225.07); 397(512.28); 398(242.46); 399(68.01); 400(449.18); 401(447.17); 402(887.87); 403(851.89); 404(654.7); 405(813.52); 406(56.02); 407(70.1); 408(478.78); 409(989.86); 410(142.86); 411(985.66); 412(560.93); 413(56.3); 414(966.02); 415(35.14); 416(605.29); 417(245.71); 418(632.93); 419(786.0); 420(454.14); 421(761.9); 422(411.77); 423(265.45); 424(84.87); 425(57.67); 426(990.56); 427(494.95); 428(82.03); 429(822.63); 430(306.45); 431(839.45); 432(686.74); 433(831.02); 434(132.53); 435(613.7); 436(335.55); 437(3.96); 438(199.63); 439(950.65); 440(845.47); 441(90.26); 442(531.08); 443(409.19); 444(752.71); 445(495.07); 446(29.68); 447(514.27); 448(461.4); 449(586.54); 450(927.53); 451(187.52); 452(234.0); 453(960.53); 454(674.5); 455(114.51); 456(464.21); 457(980.16); 458(82.3); 459(553.83); 460(45.67); 461(297.67); 462(724.32); 463(434.87); 464(36.67); 465(504.9); 466(225.84); 467(638.53); 468(540.12); 469(590.91); 470(182.43); 471(948.04); 472(989.55); 473(802.56); 474(125.65); 475(550.9); 476(150.84); 478(299.69); 479(227.88); 480(678.98); 481(992.36); 482(977.77); 483(836.84); 484(732.62); 485(304.02); 486(207.02); 487(813.23); 488(867.96); 489(568.66); 490(455.08); 491(171.3); 492(577.04); 493(248.56); 494(230.95); 495(700.46); 496(389.48); 497(45.18); 498(784.31); 499(229.84),1
478,0(342.64); 1(519.02); 2(963.65); 3(840.15); 4(349.58); 5(320.52); 6(218.66); 7(921.41); 8(536.44); 9(79.51); 10(597.36); 11(186.26); 12(476.76); 13(428.33); 14(550.35); 15(369.45); 16(508.33); 17(151.0); 18(278.22); 19(526.58); 20(796.35); 21(128.06); 22(403.88); 23(466.31); 24(692.06); 25(830.32); 26(6.16); 27(127.66); 28(34.51); 29(33.56); 30(271.92); 31(987.83); 32(385.47); 33(289.13); 34(626.54); 35(413.14); 36(505.72); 37(661.1); 38(573.42); 39(470.38); 40(131.93); 41(294.82); 42(460.73); 43(234.8); 44(256.02); 45(228.82); 46(578.01); 47(363.17); 48(377.14); 49(453.25); 50(107.19); 51(161.8); 52(55.9); 53(50.38); 54(524.03); 55(897.0); 56(474.81); 57(276.56); 58(934.37); 59(250.2); 60(972.38); 61(604.78); 62(954.08); 63(890.12); 64(417.33); 65(34.58); 66(298.74); 67(193.06); 68(385.49); 69(484.74); 70(920.18); 71(588.21); 72(755.16); 73(2.2); 74(744.04); 75(109.89); 76(879.51); 77(866.29); 78(444.12); 79(283.48); 80(8.96); 81(104.41); 82(485.41); 83(54.33); 84(307.95); 85(765.77); 86(437.44); 87(78.13); 88(988.49); 89(35.68); 90(457.62); 91(906.88); 92(806.15); 93(325.43); 94(329.81); 95(911.02); 96(300.13); 97(858.59); 98(954.29); 99(859.01); 100(666.79); 101(908.75); 102(216.31); 103(259.97); 104(641.3); 105(883.39); 106(33.29); 107(881.15); 108(579.74); 109(282.89); 110(706.9); 111(455.24); 112(483.94); 113(262.97); 114(239.3); 115(528.89); 116(297.52); 117(153.7); 118(331.05); 119(364.16); 120(483.26); 121(534.98); 122(148.11); 123(653.38); 124(224.47); 125(655.77); 126(922.57); 127(29.63); 128(187.09); 129(705.33); 130(303.87); 131(524.52); 132(492.54); 133(924.32); 134(212.12); 135(44.52); 136(233.25); 137(15.86); 138(117.84); 139(213.37); 140(991.22); 141(311.61); 142(840.18); 143(778.77); 144(7.21); 145(436.94); 146(724.45); 147(166.87); 148(122.2); 149(24.2); 150(339.56); 151(426.55); 152(936.56); 153(167.04); 154(119.32); 155(174.34); 156(108.19); 157(730.45); 158(804.85); 159(905.31); 160(656.0); 161(926.57); 162(60.16); 163(833.32); 164(162.08); 165(192.16); 166(332.12); 167(416.78); 168(654.33); 169(548.53); 170(710.2); 171(860.32); 172(802.62); 173(525.55); 174(158.47); 175(915.27); 176(428.56); 177(227.68); 178(272.92); 179(336.91); 180(180.7); 181(539.02); 182(967.9); 183(233.64); 184(784.93); 185(196.23); 186(341.1); 187(901.69); 188(79.36); 189(938.4); 190(339.93); 191(145.13); 192(640.17); 193(399.27); 194(959.65); 195(874.36); 196(811.12); 197(410.18); 198(427.91); 199(277.59); 200(310.84); 201(343.48); 202(555.84); 203(387.9); 204(121.21); 205(144.89); 206(248.54); 207(677.05); 208(468.61); 209(220.82); 210(227.1); 211(342.62); 212(354.67); 213(985.35); 214(46.54); 215(548.85); 216(439.39); 217(350.84); 218(660.43); 219(341.73); 220(213.98); 221(759.27); 222(896.49); 223(919.55); 224(146.14); 225(400.32); 226(789.1); 227(999.55); 228(125.55); 229(322.5); 230(430.75); 231(698.78); 232(688.52); 233(886.65); 234(447.61); 235(672.74); 236(204.6); 237(447.15); 238(656.83); 239(201.69); 240(594.44); 241(143.09); 242(154.64); 243(514.26); 244(302.27); 245(562.92); 246(15.05); 247(120.11); 248(774.89); 249(140.69); 250(772.01); 251(929.13); 252(32.35); 253(647.82); 254(501.95); 255(339.17); 256(598.56); 257(428.49); 258(103.15); 259(581.24); 260(514.52); 261(301.82); 262(696.53); 263(988.7); 264(877.7); 265(756.74); 266(906.32); 267(170.97); 268(774.25); 269(714.2); 270(208.12); 271(355.32); 272(434.56); 273(991.17); 274(17.52); 275(520.64); 276(209.1); 277(914.96); 278(742.13); 279(26.64); 280(616.87); 281(964.38); 282(936.95); 283(120.0); 284(597.27); 285(30.68); 286(705.07); 287(763.02); 288(891.07); 289(374.75); 290(279.43); 291(663.99); 292(373.7); 293(814.38); 294(542.83); 295(477.62); 296(164.48); 297(55.33); 298(921.04); 299(689.27); 300(480.21); 301(526.33); 302(529.95); 303(209.68); 304(684.28); 305(977.75); 306(358.92); 307(356.02); 308(478.69); 309(109.56); 310(23.3); 311(852.17); 312(958.51); 313(537.78); 314(28.31); 315(452.4); 316(813.4); 317(380.84); 318(566.67); 319(696.41); 320(391.79); 321(636.2); 322(776.46); 323(627.25); 324(962.96); 325(597.74); 326(955.08); 327(655.07); 328(456.46); 329(445.02); 330(695.95); 331(659.91); 332(927.86); 333(698.32); 334(735.0); 335(666.09); 336(298.6); 337(776.28); 338(673.45); 339(726.63); 340(71.14); 341(948.47); 342(348.01); 343(3.96); 344(251.25); 345(53.03); 346(841.39); 347(698.43); 348(566.34); 349(639.23); 350(53.49); 351(615.14); 352(618.96); 353(602.32); 354(320.04); 355(621.31); 356(252.32); 357(489.29); 358(104.39); 359(478.73); 360(33.27); 361(764.71); 362(582.02); 363(647.18); 364(299.32); 365(84.78); 366(506.07); 367(676.04); 368(175.88); 369(914.26); 370(485.32); 371(401.31); 372(319.38); 373(254.04); 374(83.32); 375(450.68); 376(753.49); 377(890.51); 378(824.62); 379(466.24); 380(147.26); 381(642.71); 382(45.53); 383(138.83); 384(771.7); 385(785.74); 386(204.07); 387(22.2); 388(274.66); 389(574.22); 390(858.19); 391(991.09); 392(321.96); 393(714.65); 394(666.19); 395(94.38); 396(643.33); 397(724.69); 398(817.92); 399(402.55); 400(437.63); 401(614.82); 402(953.85); 403(868.59); 404(712.53); 405(565.97); 406(436.71); 407(76.48); 408(603.78); 409(388.45); 410(821.38); 411(152.23); 412(482.98); 413(587.31); 414(686.98); 415(950.13); 416(236.71); 417(946.4); 418(760.97); 419(307.59); 420(825.12); 421(207.73); 422(610.23); 423(171.86); 424(33.71); 425(181.76); 426(582.86); 427(604.32); 428(256.86); 429(773.86); 430(289.96); 431(664.11); 432(82.09); 433(736.78); 434(553.25); 435(8.58); 436(649.24); 437(785.77); 438(899.24); 439(631.66); 440(263.19); 441(156.45); 442(68.44); 443(864.64); 444(343.04); 445(156.31); 446(625.08); 447(31.87); 448(308.67); 449(369.39); 450(972.17); 451(395.45); 452(897.18); 453(403.23); 454(321.75); 455(80.8); 456(116.88); 457(496.69); 458(913.16); 459(226.98); 460(713.86); 461(544.63); 462(557.04); 463(372.3); 464(208.86); 465(483.28); 466(509.12); 467(882.5); 468(609.95); 469(545.27); 470(449.68); 471(354.41); 472(729.58); 473(170.81); 474(909.79); 475(175.7); 476(841.56); 477(299.69); 479(363.67); 480(532.74); 481(43.32); 482(908.94); 483(976.42); 484(64.51); 485(187.63); 486(619.72); 487(674.13); 488(869.84); 489(928.52); 490(915.25); 491(273.69); 492(226.27); 493(930.76); 494(571.93); 495(982.63); 496(441.9); 497(754.42); 498(572.75); 499(367.47),1
479,0(506.66); 1(650.27); 2(156.63); 3(382.91); 4(779.2); 5(819.01); 6(787.84); 7(602.76); 8(375.04); 9(640.43); 10(794.06); 11(736.86); 12(547.17); 13(1.06); 14(99.39); 15(681.4); 16(229.4); 17(191.31); 18(732.52); 19(857.28); 20(311.78); 21(354.44); 22(880.16); 23(311.6); 24(681.64); 25(687.34); 26(50.71); 27(665.71); 28(350.57); 29(688.98); 30(92.91); 31(172.93); 32(900.98); 33(523.96); 34(515.99); 35(299.67); 36(251.05); 37(55.53); 38(422.72); 39(392.87); 40(155.06); 41(5.28); 42(809.58); 43(644.53); 44(520.43); 45(982.97); 46(154.06); 47(484.16); 48(924.5); 49(810.96); 50(587.2); 51(724.1); 52(229.75); 53(308.32); 54(480.94); 55(743.21); 56(816.99); 57(515.61); 58(689.84); 59(597.41); 60(420.29); 61(392.43); 62(512.22); 63(131.12); 64(822.27); 65(785.53); 66(888.17); 67(762.45); 68(719.04); 69(429.53); 70(448.24); 71(350.24); 72(363.35); 73(937.71); 74(493.76); 75(158.22); 76(555.28); 77(821.57); 78(533.85); 79(663.71); 80(356.13); 81(151.35); 82(84.14); 83(900.72); 84(938.58); 85(988.84); 86(420.83); 87(108.98); 88(548.81); 89(842.81); 90(393.68); 91(890.83); 92(394.97); 93(618.74); 94(357.83); 95(673.28); 96(425.88); 97(357.93); 98(329.57); 99(774.8); 100(548.02); 101(178.16); 102(933.39); 103(556.51); 104(724.2); 105(790.14); 106(918.67); 107(410.85); 108(937.53); 109(224.45); 110(958.84); 111(134.48); 112(367.26); 113(682.29); 114(213.63); 115(367.55); 116(857.32); 117(960.19); 118(993.46); 119(358.15); 120(886.71); 121(59.43); 122(844.5); 123(967.63); 124(3.07); 125(158.41); 126(372.71); 127(624.92); 128(475.14); 129(130.62); 130(343.88); 131(445.39); 132(299.89); 133(843.41); 134(572.12); 135(613.13); 136(301.23); 137(810.63); 138(52.47); 139(908.9); 140(701.23); 141(274.71); 142(182.12); 143(963.64); 144(157.49); 145(506.95); 146(674.65); 147(570.73); 148(826.03); 149(71.35); 150(906.19); 151(217.11); 152(596.56); 153(98.91); 154(775.44); 155(545.52); 156(204.12); 157(568.98); 158(987.85); 159(490.48); 160(571.64); 161(330.04); 162(384.86); 163(727.37); 164(483.81); 165(511.82); 166(998.73); 167(688.48); 168(889.71); 169(336.69); 170(288.79); 171(74.28); 172(783.18); 173(84.99); 174(124.99); 175(182.93); 176(714.38); 177(789.66); 178(591.13); 179(307.07); 180(365.77); 181(129.0); 182(20.78); 183(854.07); 184(418.37); 185(535.9); 186(308.49); 187(391.84); 188(503.96); 189(139.57); 190(924.85); 191(335.74); 192(657.98); 193(238.35); 194(396.04); 195(879.85); 196(424.71); 197(198.89); 198(837.11); 199(322.28); 200(499.55); 201(190.86); 202(817.5); 203(224.47); 204(668.53); 205(211.89); 206(206.22); 207(221.14); 208(952.89); 209(914.66); 210(500.8); 211(117.27); 212(609.78); 213(494.67); 214(796.85); 215(55.32); 216(728.93); 217(668.65); 218(32.23); 219(209.91); 220(745.52); 221(920.7); 222(186.63); 223(852.68); 224(835.18); 225(730.1); 226(915.44); 227(445.96); 228(217.99); 229(266.76); 230(696.12); 231(721.12); 232(383.83); 233(67.48); 234(279.6); 235(547.21); 236(238.55); 237(211.19); 238(584.31); 239(161.92); 240(446.4); 241(102.65); 242(452.45); 243(160.41); 244(323.96); 245(557.86); 246(44.87); 247(938.58); 248(719.43); 249(588.11); 250(831.31); 251(390.71); 252(120.46); 253(14.79); 254(20.18); 255(630.14); 256(228.53); 257(433.95); 258(868.03); 259(401.93); 260(937.73); 261(29.16); 262(368.63); 263(627.43); 264(365.07); 265(787.17); 266(876.5); 267(316.82); 268(890.22); 269(336.28); 270(476.22); 271(266.68); 272(62.33); 273(507.29); 274(441.95); 275(719.69); 276(399.17); 277(325.44); 278(399.79); 279(163.84); 280(73.13); 281(981.94); 282(617.86); 283(197.38); 284(703.3); 285(261.37); 286(958.76); 287(659.27); 288(645.64); 289(909.48); 290(272.01); 291(538.34); 292(997.7); 293(417.23); 294(124.84); 295(319.42); 296(863.96); 297(747.2); 298(270.35); 299(723.37); 300(77.72); 301(731.84); 302(422.7); 303(465.74); 304(515.9); 305(824.7); 306(117.04); 307(138.92); 308(360.79); 309(4.03); 310(896.55); 311(638.42); 312(673.26); 313(686.32); 314(907.47); 315(20.92); 316(970.09); 317(809.21); 318(928.57); 319(873.94); 320(782.11); 321(236.17); 322(155.86); 323(772.45); 324(209.78); 325(26.38); 326(665.04); 327(300.94); 328(654.88); 329(576.16); 330(471.21); 331(185.94); 332(863.21); 333(288.63); 334(102.76); 335(531.21); 336(392.04); 337(882.93); 338(80.78); 339(8.02); 340(702.01); 341(499.12); 342(931.2); 343(664.17); 344(85.9); 345(906.32); 346(27.85); 347(428.49); 348(896.3); 349(223.45); 350(1.68); 351(737.05); 352(472.39); 353(27.42); 354(447.9); 355(285.75); 356(641.88); 357(729.07); 358(979.19); 359(308.55); 360(462.67); 361(108.98); 362(26.63); 363(40.85); 364(640.84); 365(385.91); 366(704.89); 367(143.85); 368(142.61); 369(481.79); 370(214.13); 371(400.73); 372(969.71); 373(134.59); 374(997.07); 375(460.31); 376(340.02); 377(579.33); 378(581.38); 379(241.99); 380(702.54); 381(318.19); 382(317.06); 383(527.47); 384(167.42); 385(394.07); 386(421.48); 387(905.3); 388(581.14); 389(909.28); 390(934.72); 391(974.11); 392(783.03); 393(906.66); 394(636.36); 395(918.19); 396(121.59); 397(667.01); 398(634.89); 399(956.3); 400(426.18); 401(673.36); 402(22.56); 403(745.9); 404(119.93); 405(997.8); 406(798.18); 407(581.03); 408(475.23); 409(804.45); 410(392.02); 411(837.66); 412(886.21); 413(224.85); 414(436.11); 415(346.11); 416(24.92); 417(221.73); 418(965.85); 419(674.33); 420(122.37); 421(571.03); 422(392.39); 423(812.85); 424(271.39); 425(96.01); 426(197.76); 427(416.82); 428(440.79); 429(309.14); 430(365.68); 431(62.32); 432(371.6); 433(843.5); 434(853.12); 435(368.87); 436(311.32); 437(899.14); 438(670.09); 439(116.03); 440(576.92); 441(830.4); 442(205.43); 443(258.14); 444(478.27); 445(116.57); 446(458.52); 447(102.36); 448(512.08); 449(142.67); 450(737.72); 451(369.39); 452(937.51); 453(603.95); 454(632.55); 455(361.63); 456(822.64); 457(432.21); 458(416.06); 459(538.27); 460(254.61); 461(598.02); 462(503.08); 463(21.89); 464(95.81); 465(708.71); 466(866.77); 467(868.17); 468(267.78); 469(956.52); 470(410.1); 471(669.47); 472(379.22); 473(412.84); 474(319.43); 475(3.79); 476(257.26); 477(227.88); 478(363.67); 480(749.02); 481(781.49); 482(269.94); 483(140.94); 484(716.1); 485(547.26); 486(933.36); 487(496.53); 488(992.97); 489(604.06); 490(418.16); 491(205.91); 492(215.96); 493(211.88); 494(868.81); 495(55.42); 496(805.59); 497(717.86); 498(446.68); 499(291.02),2
480,0(905.86); 1(908.5); 2(768.76); 3(675.84); 4(274.64); 5(846.46); 6(480.15); 7(741.78); 8(855.62); 9(896.39); 10(35.02); 11(675.94); 12(725.17); 13(466.45); 14(311.75); 15(437.06); 16(664.16); 17(482.02); 18(919.12); 19(603.12); 20(740.71); 21(904.72); 22(627.01); 23(660.95); 24(790.9); 25(674.83); 26(113.77); 27(336.75); 28(655.46); 29(718.11); 30(693.91); 31(365.27); 32(482.1); 33(186.5); 34(298.56); 35(953.55); 36(628.15); 37(493.36); 38(228.65); 39(841.35); 40(920.38); 41(957.71); 42(1.57); 43(612.26); 44(797.47); 45(44.99); 46(978.55); 47(354.28); 48(800.54); 49(241.74); 50(380.57); 51(133.24); 52(659.5); 53(280.79); 54(229.61); 55(351.02); 56(396.03); 57(399.88); 58(198.82); 59(168.75); 60(237.96); 61(59.35); 62(974.77); 63(764.75); 64(34.64); 65(46.77); 66(385.14); 67(970.45); 68(437.43); 69(160.3); 70(965.25); 71(284.55); 72(560.79); 73(240.82); 74(197.34); 75(411.37); 76(347.45); 77(234.88); 78(469.72); 79(709.94); 80(631.8); 81(46.06); 82(424.5); 83(973.53); 84(289.52); 85(761.0); 86(701.6); 87(72.93); 88(385.84); 89(119.87); 90(548.43); 91(213.83); 92(894.36); 93(760.69); 94(833.01); 95(818.24); 96(252.64); 97(670.0); 98(355.19); 99(942.84); 100(917.06); 101(587.15); 102(770.42); 103(786.55); 104(519.05); 105(828.25); 106(622.61); 107(801.77); 108(321.74); 109(332.47); 110(513.8); 111(927.95); 112(312.92); 113(85.53); 114(331.93); 115(200.05); 116(709.34); 117(126.7); 118(485.06); 119(677.74); 120(474.03); 121(971.36); 122(964.5); 123(124.7); 124(458.09); 125(932.24); 126(21.69); 127(181.96); 128(53.02); 129(795.47); 130(478.0); 131(771.09); 132(108.56); 133(368.66); 134(343.21); 135(823.24); 136(445.69); 137(112.72); 138(876.19); 139(831.56); 140(93.95); 141(837.86); 142(721.51); 143(405.2); 144(192.8); 145(994.08); 146(697.1); 147(396.63); 148(880.99); 149(945.22); 150(55.13); 151(591.2); 152(980.22); 153(94.03); 154(881.03); 155(719.8); 156(602.01); 157(933.68); 158(776.05); 159(446.62); 160(811.49); 161(19.88); 162(206.95); 163(832.0); 164(342.26); 165(402.33); 166(517.09); 167(17.01); 168(554.13); 169(551.76); 170(330.83); 171(170.01); 172(650.01); 173(680.06); 174(640.42); 175(821.43); 176(495.87); 177(424.61); 178(553.3); 179(360.59); 180(752.23); 181(434.1); 182(345.4); 183(498.72); 184(714.97); 185(602.13); 186(942.62); 187(638.54); 188(748.28); 189(459.52); 190(688.18); 191(95.97); 192(777.45); 193(244.68); 194(416.48); 195(811.41); 196(994.02); 197(3.56); 198(273.34); 199(807.63); 200(602.14); 201(417.97); 202(649.0); 203(426.7); 204(163.33); 205(972.95); 206(364.42); 207(684.55); 208(461.99); 209(528.7); 210(692.64); 211(46.13); 212(421.57); 213(490.43); 214(652.99); 215(813.45); 216(214.52); 217(23.73); 218(520.91); 219(686.66); 220(791.32); 221(509.14); 222(885.61); 223(799.28); 224(724.53); 225(949.13); 226(824.58); 227(862.89); 228(383.97); 229(227.28); 230(871.21); 231(774.41); 232(780.98); 233(989.09); 234(986.26); 235(246.31); 236(630.05); 237(402.03); 238(353.49); 239(502.72); 240(890.2); 241(818.63); 242(869.76); 243(494.89); 244(94.35); 245(818.73); 246(944.3); 247(96.12); 248(653.83); 249(761.95); 250(755.5); 251(522.25); 252(152.89); 253(622.35); 254(693.05); 255(231.02); 256(922.18); 257(926.26); 258(58.53); 259(787.79); 260(798.67); 261(586.11); 262(506.85); 263(153.36); 264(566.41); 265(375.08); 266(830.83); 267(894.9); 268(424.81); 269(470.94); 270(542.82); 271(367.36); 272(676.15); 273(457.83); 274(341.54); 275(679.0); 276(624.69); 277(250.01); 278(682.04); 279(758.25); 280(361.38); 281(606.62); 282(467.89); 283(289.44); 284(186.98); 285(973.27); 286(51.01); 287(988.12); 288(527.54); 289(52.84); 290(251.35); 291(669.3); 292(671.76); 293(481.29); 294(597.4); 295(779.52); 296(580.87); 297(896.48); 298(647.13); 299(824.62); 300(102.72); 301(102.73); 302(127.39); 303(221.49); 304(827.12); 305(40.73); 306(82.28); 307(367.29); 308(142.27); 309(717.51); 310(158.45); 311(604.05); 312(668.72); 313(854.69); 314(625.25); 315(219.58); 316(293.04); 317(642.4); 318(614.42); 319(686.15); 320(241.48); 321(483.85); 322(375.96); 323(517.67); 324(166.29); 325(322.43); 326(714.01); 327(493.98); 328(986.46); 329(636.42); 330(30.51); 331(528.31); 332(887.74); 333(594.18); 334(709.5); 335(725.4); 336(291.65); 337(92.48); 338(157.92); 339(266.98); 340(1.73); 341(386.77); 342(975.42); 343(895.23); 344(48.28); 345(608.87); 346(308.31); 347(28.03); 348(905.33); 349(6.04); 350(942.48); 351(132.1); 352(402.96); 353(14.11); 354(404.36); 355(385.59); 356(378.09); 357(536.82); 358(574.52); 359(276.26); 360(474.27); 361(588.5); 362(923.96); 363(922.0); 364(97.08); 365(898.02); 366(14.09); 367(672.34); 368(485.63); 369(742.58); 370(379.78); 371(889.89); 372(61.5); 373(947.17); 374(355.8); 375(5.69); 376(591.91); 377(469.91); 378(62.76); 379(259.03); 380(971.18); 381(275.97); 382(976.36); 383(245.57); 384(637.94); 385(137.87); 386(743.0); 387(552.44); 388(925.99); 389(981.72); 390(703.55); 391(968.74); 392(117.77); 393(707.27); 394(539.09); 395(914.68); 396(439.02); 397(602.56); 398(851.75); 399(898.11); 400(285.01); 401(219.65); 402(510.13); 403(426.26); 404(140.85); 405(873.19); 406(598.83); 407(557.86); 408(620.37); 409(376.76); 410(924.97); 411(69.68); 412(546.25); 413(140.08); 414(26.77); 415(141.7); 416(965.31); 417(754.49); 418(538.61); 419(981.62); 420(729.16); 421(869.8); 422(326.4); 423(567.14); 424(585.13); 425(76.62); 426(16.68); 427(933.28); 428(413.17); 429(739.83); 430(336.8); 431(789.42); 432(459.29); 433(63.71); 434(430.41); 435(413.25); 436(690.14); 437(239.92); 438(885.37); 439(887.55); 440(223.89); 441(633.05); 442(185.8); 443(992.65); 444(470.95); 445(541.29); 446(575.03); 447(879.33); 448(266.68); 449(116.64); 450(430.79); 451(109.76); 452(256.01); 453(13.99); 454(173.57); 455(15.86); 456(708.54); 457(11.88); 458(314.56); 459(110.23); 460(868.82); 461(491.08); 462(634.35); 463(27.08); 464(552.47); 465(899.82); 466(168.78); 467(140.79); 468(679.87); 469(465.31); 470(731.34); 471(492.0); 472(789.1); 473(629.06); 474(576.27); 475(377.58); 476(578.87); 477(678.98); 478(532.74); 479(749.02); 481(825.44); 482(968.09); 483(701.94); 484(612.23); 485(498.37); 486(613.43); 487(462.26); 488(581.78); 489(184.98); 490(93.42); 491(902.68); 492(703.34); 493(22.55); 494(948.46); 495(842.23); 496(458.74); 497(103.08); 498(48.63); 499(423.09),1
481,0(839.34); 1(196.12); 2(194.07); 3(592.64); 4(164.19); 5(0.54); 6(15.5); 7(458.81); 8(431.13); 9(351.94); 10(674.2); 11(293.08); 12(9.08); 13(620.22); 14(89.7); 15(370.16); 16(525.35); 17(488.79); 18(638.96); 19(127.3); 20(33.75); 21(634.45); 22(689.53); 23(109.24); 24(257.73); 25(520.69); 26(959.01); 27(195.85); 28(930.91); 29(279.0); 30(592.0); 31(90.79); 32(348.9); 33(464.5); 34(165.39); 35(235.77); 36(677.25); 37(714.54); 38(561.85); 39(321.8); 40(489.24); 41(327.29); 42(383.91); 43(144.5); 44(320.54); 45(940.67); 46(329.69); 47(609.16); 48(133.15); 49(769.37); 50(114.23); 51(252.29); 52(67.34); 53(826.17); 54(967.99); 55(216.75); 56(464.47); 57(657.91); 58(512.72); 59(363.66); 60(888.6); 61(548.3); 62(427.75); 63(725.94); 64(277.58); 65(728.23); 66(928.82); 67(52.91); 68(706.55); 69(641.8); 70(322.24); 71(212.19); 72(919.86); 73(567.88); 74(116.72); 75(225.55); 76(282.34); 77(603.96); 78(91.24); 79(629.21); 80(318.53); 81(244.3); 82(46.04); 83(941.07); 84(598.35); 85(768.45); 86(151.92); 87(36.7); 88(734.69); 89(35.37); 90(348.02); 91(220.05); 92(901.91); 93(555.54); 94(116.27); 95(146.45); 96(703.02); 97(54.93); 98(344.78); 99(947.75); 100(710.42); 101(581.21); 102(772.04); 103(890.56); 104(967.42); 105(232.52); 106(882.07); 107(110.65); 108(45.56); 109(106.73); 110(248.53); 111(795.63); 112(906.62); 113(382.49); 114(128.74); 115(202.76); 116(893.65); 117(609.66); 118(888.62); 119(332.26); 120(26.81); 121(712.79); 122(67.07); 123(476.05); 124(588.66); 125(203.25); 126(5.09); 127(994.84); 128(69.05); 129(552.74); 130(825.39); 131(230.37); 132(762.47); 133(250.15); 134(866.99); 135(765.7); 136(128.38); 137(743.62); 138(115.65); 139(293.1); 140(637.29); 141(490.57); 142(979.11); 143(486.4); 144(644.24); 145(626.46); 146(902.01); 147(91.72); 148(827.32); 149(949.43); 150(277.68); 151(498.66); 152(63.75); 153(28.06); 154(464.29); 155(463.21); 156(514.51); 157(471.5); 158(581.69); 159(200.92); 160(442.82); 161(317.85); 162(628.86); 163(300.27); 164(281.85); 165(178.36); 166(610.51); 167(982.59); 168(297.72); 169(978.22); 170(216.82); 171(23.49); 172(743.22); 173(207.72); 174(962.18); 175(642.03); 176(843.44); 177(139.15); 178(91.62); 179(523.18); 180(988.1); 181(337.42); 182(813.27); 183(734.5); 184(647.19); 185(962.8); 186(323.36); 187(175.88); 188(515.2); 189(31.63); 190(7.2); 191(343.33); 192(791.65); 193(170.61); 194(480.76); 195(381.4); 196(526.5); 197(253.08); 198(830.98); 199(219.25); 200(604.44); 201(670.81); 202(199.14); 203(138.5); 204(923.36); 205(941.99); 206(811.7); 207(240.23); 208(806.72); 209(18.16); 210(245.44); 211(384.53); 212(308.59); 213(847.59); 214(406.64); 215(788.63); 216(794.62); 217(79.3); 218(696.51); 219(688.54); 220(897.75); 221(169.28); 222(683.04); 223(0.86); 224(966.96); 225(428.09); 226(768.75); 227(325.91); 228(305.65); 229(240.62); 230(885.22); 231(370.65); 232(737.59); 233(632.45); 234(908.39); 235(334.28); 236(27.19); 237(257.96); 238(3.04); 239(513.37); 240(340.53); 241(910.48); 242(805.41); 243(291.8); 244(698.49); 245(964.46); 246(138.31); 247(297.18); 248(971.94); 249(949.18); 250(57.22); 251(4.75); 252(17.97); 253(227.24); 254(868.41); 255(716.22); 256(74.66); 257(697.78); 258(109.48); 259(619.43); 260(813.13); 261(777.41); 262(297.17); 263(601.15); 264(725.58); 265(880.07); 266(39.13); 267(467.23); 268(126.75); 269(274.53); 270(997.07); 271(195.52); 272(288.16); 273(488.5); 274(526.6); 275(231.03); 276(189.02); 277(20.71); 278(530.71); 279(249.34); 280(61.05); 281(238.15); 282(490.94); 283(369.9); 284(309.29); 285(955.52); 286(473.18); 287(826.22); 288(192.48); 289(31.32); 290(760.2); 291(813.42); 292(731.62); 293(81.71); 294(835.36); 295(623.92); 296(965.36); 297(993.06); 298(140.05); 299(259.53); 300(981.38); 301(637.6); 302(236.35); 303(435.75); 304(385.92); 305(253.14); 306(91.06); 307(796.48); 308(826.55); 309(906.26); 310(873.73); 311(661.8); 312(207.66); 313(809.22); 314(152.96); 315(778.86); 316(392.03); 317(91.3); 318(576.18); 319(987.61); 320(489.69); 321(590.24); 322(807.08); 323(613.1); 324(380.63); 325(439.29); 326(661.9); 327(688.36); 328(355.02); 329(208.57); 330(893.54); 331(533.39); 332(779.06); 333(468.25); 334(858.98); 335(912.78); 336(243.3); 337(259.26); 338(258.32); 339(390.81); 340(489.58); 341(960.96); 342(730.27); 343(583.53); 344(690.9); 345(598.12); 346(730.43); 347(850.3); 348(144.04); 349(237.32); 350(384.56); 351(57.08); 352(990.8); 353(374.44); 354(424.13); 355(677.44); 356(901.18); 357(171.59); 358(467.72); 359(976.6); 360(958.79); 361(765.6); 362(277.65); 363(38.49); 364(707.05); 365(958.28); 366(199.3); 367(293.71); 368(771.68); 369(58.85); 370(231.43); 371(859.38); 372(943.38); 373(958.16); 374(454.31); 375(379.89); 376(811.26); 377(339.82); 378(158.98); 379(822.57); 380(717.24); 381(701.32); 382(310.64); 383(250.96); 384(914.13); 385(997.34); 386(890.16); 387(833.09); 388(513.28); 389(770.23); 390(39.4); 391(843.23); 392(829.6); 393(150.33); 394(144.9); 395(897.51); 396(218.41); 397(952.12); 398(345.57); 399(564.24); 400(997.97); 401(619.1); 402(348.48); 403(303.24); 404(676.51); 405(62.79); 406(558.06); 407(235.1); 408(579.86); 409(658.5); 410(678.53); 411(82.92); 412(814.72); 413(82.96); 414(545.57); 415(50.31); 416(602.86); 417(443.02); 418(283.42); 419(215.87); 420(209.17); 421(677.45); 422(397.78); 423(635.1); 424(448.74); 425(992.47); 426(868.76); 427(320.17); 428(781.38); 429(883.37); 430(389.29); 431(940.4); 432(849.41); 433(259.04); 434(807.2); 435(888.0); 436(291.14); 437(243.17); 438(477.93); 439(842.42); 440(300.69); 441(377.53); 442(462.53); 443(705.67); 444(35.98); 445(808.42); 446(630.91); 447(575.74); 448(675.76); 449(446.2); 450(83.58); 451(706.36); 452(817.46); 453(314.36); 454(281.42); 455(427.68); 456(438.53); 457(803.69); 458(470.76); 459(710.42); 460(582.77); 461(519.83); 462(848.12); 463(3.57); 464(735.25); 465(820.59); 466(207.31); 467(274.65); 468(764.67); 469(425.31); 470(380.7); 471(220.58); 472(449.07); 473(81.91); 474(301.19); 475(404.43); 476(205.8); 477(992.36); 478(43.32); 479(781.49); 480(825.44); 482(0.26); 483(799.11); 484(481.41); 485(524.69); 486(101.45); 487(989.25); 488(171.56); 489(957.79); 490(239.26); 491(15.66); 492(176.77); 493(560.43); 494(939.7); 495(745.26); 496(596.52); 497(642.77); 498(87.77); 499(926.84),1
482,0(908.71); 1(612.78); 2(592.82); 3(862.28); 4(83.35); 5(770.86); 6(861.15); 7(760.84); 8(1.57); 9(91.91); 10(843.87); 11(496.88); 12(499.41); 13(510.75); 14(802.34); 15(859.35); 16(731.26); 17(847.27); 18(849.87); 19(727.26); 20(634.34); 21(9.54); 22(227.12); 23(417.49); 24(187.67); 25(573.93); 26(617.7); 27(235.1); 28(211.08); 29(744.66); 30(425.43); 31(854.82); 32(107.22); 33(844.12); 34(382.06); 35(38.46); 36(794.94); 37(381.42); 38(920.84); 39(829.77); 40(572.93); 41(169.77); 42(971.33); 43(606.9); 44(251.01); 45(78.32); 46(884.49); 47(128.94); 48(782.19); 49(356.98); 50(325.69); 51(678.87); 52(17.14); 53(829.12); 54(509.13); 55(746.01); 56(952.9); 57(309.42); 58(571.24); 59(648.34); 60(725.45); 61(442.06); 62(839.11); 63(692.94); 64(24.46); 65(271.97); 66(202.06); 67(417.83); 68(93.66); 69(457.34); 70(341.85); 71(450.34); 72(22.27); 73(357.77); 74(520.52); 75(557.83); 76(403.7); 77(218.78); 78(49.6); 79(668.26); 80(459.66); 81(491.26); 82(415.47); 83(647.93); 84(515.1); 85(699.67); 86(419.27); 87(216.4); 88(873.33); 89(402.37); 90(125.6); 91(537.16); 92(123.75); 93(739.21); 94(973.92); 95(941.8); 96(59.97); 97(2.18); 98(805.53); 99(322.94); 100(277.76); 101(731.73); 102(203.08); 103(875.12); 104(471.75); 105(474.7); 106(919.14); 107(131.81); 108(518.21); 109(980.19); 110(436.52); 111(539.22); 112(783.0); 113(255.65); 114(750.63); 115(715.39); 116(378.36); 117(271.36); 118(324.75); 119(12.75); 120(429.28); 121(291.89); 122(487.78); 123(788.72); 124(298.04); 125(792.83); 126(590.38); 127(672.81); 128(938.94); 129(95.98); 130(582.01); 131(269.05); 132(174.91); 133(716.16); 134(757.94); 135(325.9); 136(168.9); 137(641.17); 138(548.76); 139(896.05); 140(205.21); 141(753.59); 142(931.72); 143(958.34); 144(389.11); 145(906.56); 146(421.66); 147(344.12); 148(800.14); 149(96.24); 150(369.73); 151(859.5); 152(727.79); 153(997.84); 154(912.83); 155(904.03); 156(677.73); 157(459.07); 158(611.85); 159(922.23); 160(290.43); 161(959.61); 162(839.74); 163(818.09); 164(748.04); 165(256.6); 166(897.83); 167(518.59); 168(159.31); 169(313.03); 170(804.4); 171(562.95); 172(172.65); 173(501.04); 174(504.45); 175(206.93); 176(204.3); 177(80.9); 178(791.06); 179(708.84); 180(965.97); 181(104.0); 182(402.67); 183(681.72); 184(544.71); 185(456.28); 186(893.08); 187(176.94); 188(583.99); 189(12.13); 190(756.12); 191(824.95); 192(258.61); 193(475.08); 194(267.84); 195(710.65); 196(833.58); 197(849.93); 198(834.42); 199(707.85); 200(510.92); 201(544.85); 202(551.92); 203(327.92); 204(918.0); 205(571.64); 206(561.41); 207(548.17); 208(566.9); 209(596.67); 210(629.9); 211(324.69); 212(859.6); 213(956.82); 214(820.7); 215(601.15); 216(934.9); 217(985.5); 218(976.92); 219(383.69); 220(103.97); 221(171.8); 222(794.92); 223(286.28); 224(157.15); 225(716.67); 226(292.69); 227(198.48); 228(84.12); 229(847.42); 230(911.52); 231(173.44); 232(324.89); 233(759.06); 234(787.34); 235(118.61); 236(602.28); 237(502.45); 238(294.33); 239(457.43); 240(393.76); 241(172.31); 242(523.8); 243(581.5); 244(487.03); 245(593.61); 246(100.7); 247(850.55); 248(410.3); 249(129.44); 250(701.44); 251(190.75); 252(745.03); 253(900.05); 254(380.2); 255(719.96); 256(441.74); 257(639.84); 258(580.38); 259(737.29); 260(11.74); 261(729.02); 262(367.35); 263(446.47); 264(167.94); 265(716.4); 266(67.12); 267(605.83); 268(603.96); 269(378.69); 270(721.27); 271(762.04); 272(575.0); 273(575.4); 274(519.04); 275(299.31); 276(376.21); 277(768.92); 278(636.39); 279(830.9); 280(501.3); 281(436.57); 282(557.08); 283(618.63); 284(650.96); 285(117.53); 286(771.88); 287(7.78); 288(159.21); 289(844.81); 290(507.55); 291(695.33); 292(617.89); 293(376.89); 294(532.69); 295(756.97); 296(947.96); 297(805.83); 298(847.66); 299(688.38); 300(18.87); 301(805.65); 302(735.2); 303(261.17); 304(852.45); 305(382.47); 306(509.38); 307(612.91); 308(783.02); 309(238.18); 310(212.35); 311(209.65); 312(271.61); 313(692.11); 314(12.42); 315(821.82); 316(203.64); 317(286.12); 318(13.27); 319(779.41); 320(237.4); 321(298.38); 322(79.73); 323(275.4); 324(82.51); 325(404.07); 326(659.08); 327(224.54); 328(912.47); 329(687.68); 330(747.23); 331(723.57); 332(182.76); 333(296.0); 334(103.8); 335(883.84); 336(603.33); 337(637.3); 338(872.56); 339(531.61); 340(422.13); 341(166.12); 342(45.83); 343(401.72); 344(137.91); 345(853.36); 346(387.19); 347(221.79); 348(698.21); 349(941.31); 350(941.31); 351(668.56); 352(797.87); 353(781.46); 354(232.94); 355(337.28); 356(873.71); 357(423.99); 358(428.83); 359(305.38); 360(157.64); 361(205.39); 362(859.55); 363(157.3); 364(381.92); 365(721.83); 366(965.06); 367(887.45); 368(716.13); 369(242.58); 370(19.43); 371(327.52); 372(503.84); 373(704.87); 374(347.67); 375(486.54); 376(728.73); 377(16.84); 378(573.77); 379(971.06); 380(471.5); 381(132.85); 382(630.06); 383(544.46); 384(520.14); 385(550.96); 386(117.4); 387(216.05); 388(779.82); 389(152.56); 390(58.79); 391(199.76); 392(524.25); 393(840.29); 394(937.09); 395(901.51); 396(923.56); 397(566.32); 398(109.36); 399(665.9); 400(750.88); 401(54.96); 402(623.49); 403(851.97); 404(485.35); 405(64.57); 406(112.54); 407(994.57); 408(128.63); 409(437.07); 410(936.94); 411(879.88); 412(554.18); 413(207.49); 414(665.27); 415(531.98); 416(999.18); 417(113.08); 418(9.39); 419(384.43); 420(936.42); 421(528.18); 422(690.11); 423(916.25); 424(325.36); 425(806.9); 426(520.73); 427(4.23); 428(443.44); 429(492.6); 430(205.91); 431(272.58); 432(684.0); 433(163.83); 434(507.35); 435(845.18); 436(814.71); 437(136.08); 438(526.27); 439(94.27); 440(139.28); 441(862.65); 442(927.12); 443(897.46); 444(314.49); 445(512.47); 446(480.59); 447(809.75); 448(286.24); 449(14.08); 450(818.66); 451(629.27); 452(406.21); 453(275.75); 454(37.57); 455(703.37); 456(719.1); 457(828.4); 458(430.15); 459(686.61); 460(995.82); 461(54.62); 462(879.79); 463(835.92); 464(61.17); 465(451.6); 466(715.77); 467(967.45); 468(220.84); 469(905.06); 470(512.64); 471(357.12); 472(413.56); 473(219.67); 474(33.0); 475(69.54); 476(400.52); 477(977.77); 478(908.94); 479(269.94); 480(968.09); 481(0.26); 483(34.65); 484(540.03); 485(137.27); 486(350.52); 487(152.18); 488(940.71); 489(114.61); 490(721.96); 491(54.2); 492(233.68); 493(350.42); 494(458.51); 495(770.87); 496(97.24); 497(221.32); 498(180.98); 499(679.66),1
483,0(943.07); 1(327.03); 2(372.88); 3(806.22); 4(955.56); 5(438.89); 6(882.64); 7(525.09); 8(301.55); 9(872.49); 10(821.77); 11(149.0); 12(531.41); 13(254.03); 14(803.27); 15(879.51); 16(161.17); 17(171.9); 18(433.54); 19(911.76); 20(272.53); 21(182.94); 22(955.39); 23(462.06); 24(49.04); 25(683.87); 26(249.46); 27(32.3); 28(718.28); 29(845.71); 30(331.57); 31(839.07); 32(997.92); 33(190.21); 34(885.55); 35(372.93); 36(252.8); 37(159.33); 38(854.89); 39(323.51); 40(99.54); 41(526.03); 42(558.79); 43(496.72); 44(733.01); 45(473.1); 46(815.99); 47(522.04); 48(966.3); 49(180.44); 50(23.66); 51(491.61); 52(108.94); 53(605.54); 54(779.11); 55(491.34); 56(889.48); 57(667.41); 58(423.06); 59(948.09); 60(96.45); 61(682.8); 62(622.51); 63(242.83); 64(841.21); 65(603.2); 66(702.0); 67(708.94); 68(549.48); 69(347.48); 70(279.1); 71(621.27); 72(243.23); 73(511.64); 74(584.97); 75(201.81); 76(420.28); 77(24.47); 78(403.96); 79(388.83); 80(788.3); 81(589.75); 82(781.1); 83(521.58); 84(828.78); 85(716.63); 86(100.72); 87(798.14); 88(910.27); 89(845.2); 90(746.8); 91(81.26); 92(946.24); 93(135.78); 94(978.62); 95(290.1); 96(821.57); 97(581.61); 98(710.38); 99(456.64); 100(957.51); 101(364.36); 102(785.88); 103(302.89); 104(7.41); 105(374.03); 106(805.39); 107(685.54); 108(422.89); 109(642.78); 110(963.22); 111(431.45); 112(265.65); 113(799.39); 114(393.21); 115(319.84); 116(854.3); 117(815.07); 118(308.88); 119(396.33); 120(140.75); 121(934.02); 122(780.31); 123(760.82); 124(906.99); 125(287.17); 126(991.57); 127(483.82); 128(347.34); 129(526.49); 130(418.79); 131(314.45); 132(876.67); 133(982.64); 134(945.28); 135(839.53); 136(532.65); 137(459.25); 138(430.18); 139(454.49); 140(750.39); 141(178.18); 142(129.58); 143(331.88); 144(254.0); 145(156.47); 146(799.52); 147(859.9); 148(372.46); 149(775.02); 150(467.99); 151(336.7); 152(998.06); 153(829.45); 154(512.46); 155(726.78); 156(145.29); 157(443.04); 158(276.98); 159(223.99); 160(604.08); 161(53.69); 162(830.78); 163(154.46); 164(94.13); 165(741.17); 166(967.42); 167(859.34); 168(669.94); 169(317.82); 170(973.04); 171(398.3); 172(553.62); 173(203.98); 174(674.86); 175(672.25); 176(492.9); 177(579.32); 178(404.31); 179(751.47); 180(185.78); 181(443.9); 182(856.6); 183(188.75); 184(348.03); 185(550.43); 186(588.09); 187(359.09); 188(963.27); 189(995.82); 190(341.76); 191(601.38); 192(354.74); 193(581.43); 194(872.05); 195(687.27); 196(159.4); 197(297.69); 198(723.57); 199(526.52); 200(729.67); 201(720.73); 202(68.24); 203(979.06); 204(773.85); 205(500.93); 206(909.35); 207(80.03); 208(326.29); 209(618.2); 210(914.75); 211(666.79); 212(599.15); 213(315.82); 214(564.32); 215(787.6); 216(556.84); 217(663.77); 218(451.5); 219(674.91); 220(619.85); 221(998.47); 222(323.58); 223(514.9); 224(831.88); 225(489.23); 226(691.28); 227(37.06); 228(166.4); 229(911.78); 230(552.5); 231(180.6); 232(640.33); 233(730.81); 234(738.07); 235(259.68); 236(290.11); 237(616.82); 238(28.2); 239(71.13); 240(991.39); 241(183.05); 242(543.18); 243(140.69); 244(854.33); 245(405.99); 246(354.16); 247(77.82); 248(793.25); 249(25.04); 250(586.57); 251(155.9); 252(137.34); 253(168.24); 254(391.32); 255(699.57); 256(646.75); 257(927.6); 258(89.29); 259(254.05); 260(850.79); 261(864.25); 262(348.28); 263(944.71); 264(460.06); 265(887.79); 266(184.76); 267(52.53); 268(922.52); 269(445.58); 270(900.22); 271(468.11); 272(610.76); 273(516.24); 274(644.3); 275(307.85); 276(139.92); 277(365.63); 278(432.58); 279(480.27); 280(944.29); 281(856.48); 282(81.77); 283(225.0); 284(169.97); 285(466.23); 286(209.09); 287(702.89); 288(723.24); 289(356.06); 290(721.7); 291(889.28); 292(647.06); 293(142.43); 294(222.9); 295(387.61); 296(149.54); 297(99.31); 298(49.15); 299(339.09); 300(549.68); 301(149.93); 302(560.44); 303(731.03); 304(592.17); 305(996.14); 306(659.52); 307(207.61); 308(18.21); 309(411.32); 310(711.34); 311(980.55); 312(919.46); 313(377.29); 314(214.05); 315(104.98); 316(217.19); 317(463.54); 318(417.76); 319(320.46); 320(568.31); 321(481.15); 322(623.64); 323(55.02); 324(978.85); 325(51.28); 326(163.42); 327(268.32); 328(886.0); 329(640.5); 330(685.81); 331(224.76); 332(52.21); 333(99.19); 334(957.1); 335(156.09); 336(860.51); 337(828.0); 338(5.33); 339(342.27); 340(290.33); 341(600.08); 342(948.8); 343(40.19); 344(248.41); 345(670.86); 346(449.37); 347(388.11); 348(839.86); 349(8.95); 350(458.42); 351(414.17); 352(377.14); 353(307.74); 354(62.43); 355(89.28); 356(977.13); 357(919.34); 358(766.87); 359(861.86); 360(681.37); 361(487.24); 362(535.65); 363(918.03); 364(23.75); 365(26.3); 366(246.97); 367(460.99); 368(649.61); 369(894.05); 370(851.97); 371(715.42); 372(632.08); 373(565.66); 374(621.68); 375(796.58); 376(750.79); 377(825.34); 378(502.82); 379(56.35); 380(271.78); 381(263.1); 382(185.37); 383(807.52); 384(411.41); 385(687.36); 386(812.96); 387(13.76); 388(897.71); 389(374.24); 390(814.58); 391(743.46); 392(690.39); 393(966.44); 394(689.65); 395(810.63); 396(929.8); 397(201.84); 398(345.15); 399(495.5); 400(966.69); 401(510.61); 402(509.58); 403(895.88); 404(233.08); 405(801.38); 406(932.98); 407(223.07); 408(236.39); 409(621.06); 410(30.39); 411(584.31); 412(25.64); 413(47.69); 414(873.2); 415(213.68); 416(622.3); 417(510.2); 418(529.76); 419(941.46); 420(50.35); 421(973.8); 422(816.71); 423(480.83); 424(408.36); 425(712.46); 426(991.67); 427(320.67); 428(410.27); 429(820.07); 430(47.56); 431(505.32); 432(665.14); 433(459.01); 434(139.79); 435(929.28); 436(123.12); 437(95.71); 438(559.94); 439(313.49); 440(566.97); 441(929.75); 442(923.2); 443(69.08); 444(25.16); 445(64.55); 446(460.86); 447(34.78); 448(197.21); 449(329.93); 450(517.13); 451(729.39); 452(6.85); 453(311.51); 454(535.54); 455(358.14); 456(214.85); 457(542.31); 458(415.99); 459(874.9); 460(610.19); 461(384.28); 462(122.27); 463(146.0); 464(599.73); 465(516.29); 466(504.53); 467(100.76); 468(386.4); 469(305.17); 470(538.15); 471(624.49); 472(927.6); 473(721.59); 474(11.4); 475(819.46); 476(376.29); 477(836.84); 478(976.42); 479(140.94); 480(701.94); 481(799.11); 482(34.65); 484(796.24); 485(84.61); 486(328.54); 487(48.62); 488(1.96); 489(708.72); 490(254.58); 491(441.6); 492(645.01); 493(288.43); 494(4.47); 495(22.0); 496(967.32); 497(200.44); 498(611.59); 499(3.42),1
484,0(114.18); 1(885.29); 2(583.59); 3(251.69); 4(431.45); 5(608.0); 6(247.08); 7(234.65); 8(717.71); 9(176.2); 10(9.5); 11(127.68); 12(878.66); 13(941.66); 14(791.18); 15(430.93); 16(369.49); 17(589.25); 18(674.45); 19(78.79); 20(646.46); 21(426.72); 22(778.31); 23(328.32); 24(997.26); 25(825.81); 26(691.52); 27(270.51); 28(19.83); 29(121.41); 30(523.96); 31(643.35); 32(73.72); 33(920.6); 34(915.11); 35(243.55); 36(61.5); 37(748.07); 38(14.65); 39(95.05); 40(927.31); 41(842.98); 42(351.81); 43(225.23); 44(262.08); 45(843.51); 46(908.31); 47(613.54); 48(455.57); 49(398.02); 50(216.06); 51(254.35); 52(102.16); 53(920.03); 54(643.94); 55(683.27); 56(661.01); 57(117.83); 58(504.88); 59(89.97); 60(100.4); 61(443.41); 62(636.64); 63(426.94); 64(828.69); 65(70.13); 66(984.84); 67(435.65); 68(725.7); 69(675.18); 70(599.68); 71(611.17); 72(472.79); 73(653.62); 74(549.64); 75(281.96); 76(836.56); 77(577.62); 78(190.62); 79(969.56); 80(20.85); 81(377.6); 82(319.66); 83(456.78); 84(106.71); 85(964.61); 86(575.68); 87(415.04); 88(103.99); 89(678.91); 90(148.56); 91(782.29); 92(381.2); 93(90.0); 94(928.66); 95(444.75); 96(776.85); 97(34.29); 98(270.04); 99(144.25); 100(720.26); 101(475.6); 102(57.87); 103(849.32); 104(578.51); 105(632.56); 106(496.02); 107(711.71); 108(805.87); 109(970.09); 110(499.57); 111(268.71); 112(307.31); 113(613.23); 114(206.34); 115(602.97); 116(807.67); 117(824.23); 118(331.83); 119(482.42); 120(722.36); 121(84.27); 122(883.92); 123(334.76); 124(236.85); 125(961.68); 126(164.14); 127(893.56); 128(784.01); 129(561.62); 130(416.15); 131(513.48); 132(773.12); 133(910.84); 134(571.0); 135(76.69); 136(984.19); 137(221.66); 138(584.01); 139(348.64); 140(83.71); 141(486.73); 142(417.04); 143(269.16); 144(27.83); 145(41.51); 146(55.21); 147(275.17); 148(981.89); 149(686.98); 150(994.78); 151(814.17); 152(882.99); 153(615.88); 154(462.14); 155(396.54); 156(930.26); 157(996.24); 158(451.66); 159(488.48); 160(332.03); 161(102.82); 162(620.86); 163(909.28); 164(333.24); 165(150.18); 166(456.01); 167(718.84); 168(256.14); 169(235.29); 170(170.92); 171(90.49); 172(901.86); 173(892.32); 174(825.56); 175(896.65); 176(540.4); 177(181.06); 178(180.32); 179(537.82); 180(911.58); 181(733.81); 182(94.91); 183(182.78); 184(625.32); 185(864.46); 186(712.94); 187(738.97); 188(137.26); 189(843.2); 190(769.64); 191(330.89); 192(642.1); 193(229.25); 194(263.22); 195(412.81); 196(826.77); 197(677.11); 198(958.73); 199(860.14); 200(462.22); 201(835.71); 202(602.42); 203(871.33); 204(911.34); 205(581.62); 206(89.18); 207(145.0); 208(917.57); 209(191.78); 210(352.59); 211(451.93); 212(978.85); 213(210.86); 214(539.28); 215(265.96); 216(324.05); 217(926.02); 218(848.93); 219(947.09); 220(812.47); 221(649.13); 222(844.79); 223(892.76); 224(458.89); 225(395.62); 226(343.07); 227(250.95); 228(464.7); 229(260.41); 230(592.15); 231(505.97); 232(689.02); 233(558.11); 234(468.21); 235(650.1); 236(885.07); 237(366.82); 238(693.4); 239(726.29); 240(398.04); 241(109.3); 242(485.97); 243(975.67); 244(704.57); 245(858.16); 246(845.75); 247(46.7); 248(597.35); 249(928.25); 250(529.45); 251(880.69); 252(951.64); 253(263.29); 254(682.56); 255(693.48); 256(536.07); 257(752.35); 258(309.37); 259(841.95); 260(655.03); 261(530.71); 262(895.41); 263(922.34); 264(350.07); 265(801.32); 266(440.54); 267(336.31); 268(226.68); 269(833.75); 270(548.73); 271(226.76); 272(522.75); 273(605.04); 274(910.18); 275(662.47); 276(230.61); 277(607.98); 278(602.86); 279(143.09); 280(381.68); 281(377.91); 282(273.85); 283(787.66); 284(298.29); 285(496.27); 286(651.76); 287(946.78); 288(789.51); 289(705.67); 290(257.92); 291(710.49); 292(978.45); 293(301.33); 294(551.6); 295(15.95); 296(570.1); 297(878.17); 298(709.15); 299(305.81); 300(219.67); 301(179.88); 302(718.1); 303(356.05); 304(281.84); 305(371.54); 306(921.48); 307(992.6); 308(834.23); 309(191.93); 310(372.37); 311(987.31); 312(99.67); 313(870.67); 314(927.83); 315(244.74); 316(444.12); 317(82.96); 318(430.98); 319(632.32); 320(705.08); 321(492.34); 322(293.65); 323(410.64); 324(448.87); 325(497.41); 326(746.08); 327(793.71); 328(926.67); 329(139.99); 330(15.13); 331(46.83); 332(688.92); 333(49.96); 334(440.0); 335(65.27); 336(736.36); 337(670.29); 338(11.54); 339(865.93); 340(994.69); 341(186.37); 342(592.66); 343(390.99); 344(122.06); 345(114.36); 346(541.81); 347(295.84); 348(614.38); 349(307.37); 350(631.93); 351(612.09); 352(708.07); 353(165.03); 354(297.61); 355(417.16); 356(434.53); 357(324.4); 358(799.57); 359(942.09); 360(539.25); 361(786.54); 362(165.55); 363(14.44); 364(962.41); 365(631.7); 366(169.54); 367(725.1); 368(73.97); 369(580.6); 370(250.86); 371(270.38); 372(712.66); 373(576.11); 374(458.0); 375(555.72); 376(787.79); 377(289.3); 378(840.14); 379(203.71); 380(30.14); 381(571.28); 382(161.27); 383(502.22); 384(975.07); 385(395.98); 386(311.87); 387(604.58); 388(702.0); 389(455.11); 390(420.75); 391(221.33); 392(70.06); 393(43.48); 394(295.89); 395(637.06); 396(348.38); 397(508.39); 398(72.61); 399(986.65); 400(7.75); 401(781.03); 402(616.19); 403(44.92); 404(150.67); 405(777.01); 406(816.62); 407(820.33); 408(968.11); 409(541.64); 410(972.05); 411(633.35); 412(94.88); 413(429.78); 414(933.55); 415(240.15); 416(813.56); 417(446.35); 418(208.72); 419(970.95); 420(9.24); 421(793.8); 422(705.11); 423(416.78); 424(499.68); 425(936.06); 426(695.8); 427(675.87); 428(24.03); 429(750.05); 430(282.57); 431(917.04); 432(746.62); 433(240.07); 434(953.17); 435(17.84); 436(112.22); 437(571.26); 438(562.6); 439(95.46); 440(555.32); 441(660.72); 442(148.94); 443(718.75); 444(48.22); 445(403.64); 446(552.58); 447(100.16); 448(470.41); 449(750.68); 450(255.13); 451(239.71); 452(850.04); 453(81.8); 454(201.51); 455(643.82); 456(262.28); 457(174.33); 458(986.82); 459(286.12); 460(735.37); 461(893.69); 462(735.07); 463(219.95); 464(767.55); 465(753.54); 466(826.35); 467(26.97); 468(981.61); 469(970.37); 470(734.76); 471(323.89); 472(69.18); 473(879.67); 474(84.65); 475(453.44); 476(890.8); 477(732.62); 478(64.51); 479(716.1); 480(612.23); 481(481.41); 482(540.03); 483(796.24); 485(559.08); 486(703.7); 487(74.59); 488(777.1); 489(239.87); 490(277.21); 491(211.9); 492(319.84); 493(794.68); 494(975.49); 495(704.42); 496(415.6); 497(881.75); 498(179.24); 499(383.85),1
485,0(47.68); 1(293.25); 2(490.2); 3(135.88); 4(692.97); 5(494.29); 6(8.63); 7(311.43); 8(973.21); 9(831.05); 10(182.71); 11(711.37); 12(680.76); 13(279.55); 14(972.59); 15(17.67); 16(919.05); 17(646.2); 18(220.73); 19(774.27); 20(994.2); 21(759.37); 22(317.9); 23(633.12); 24(33.65); 25(723.42); 26(105.95); 27(918.55); 28(858.82); 29(334.46); 30(389.37); 31(877.08); 32(647.75); 33(690.94); 34(982.81); 35(778.83); 36(685.33); 37(337.32); 38(880.71); 39(36.81); 40(663.4); 41(313.46); 42(497.74); 43(432.6); 44(675.75); 45(867.9); 46(500.14); 47(129.19); 48(880.77); 49(898.39); 50(744.52); 51(622.87); 52(981.69); 53(727.42); 54(967.88); 55(816.7); 56(367.07); 57(284.26); 58(621.87); 59(43.63); 60(406.18); 61(550.35); 62(902.15); 63(330.58); 64(851.07); 65(428.33); 66(174.82); 67(254.62); 68(851.99); 69(725.74); 70(936.5); 71(846.26); 72(379.56); 73(392.37); 74(610.0); 75(415.25); 76(29.56); 77(841.9); 78(613.72); 79(641.92); 80(831.31); 81(705.0); 82(785.94); 83(609.22); 84(359.64); 85(292.06); 86(426.25); 87(452.15); 88(194.47); 89(909.17); 90(964.21); 91(691.47); 92(975.38); 93(166.85); 94(34.46); 95(564.78); 96(38.44); 97(402.5); 98(452.76); 99(251.32); 100(659.42); 101(51.14); 102(485.05); 103(883.97); 104(445.4); 105(352.04); 106(179.32); 107(69.13); 108(682.99); 109(457.63); 110(701.71); 111(683.49); 112(865.91); 113(932.32); 114(464.28); 115(381.04); 116(530.45); 117(655.1); 118(449.12); 119(699.53); 120(304.78); 121(945.84); 122(421.59); 123(759.06); 124(565.68); 125(801.67); 126(133.9); 127(769.0); 128(807.91); 129(627.88); 130(249.64); 131(509.92); 132(805.5); 133(312.12); 134(707.99); 135(472.4); 136(960.68); 137(412.82); 138(326.1); 139(866.26); 140(444.06); 141(155.77); 142(222.11); 143(711.62); 144(824.94); 145(358.29); 146(711.75); 147(254.09); 148(30.62); 149(732.0); 150(909.67); 151(190.96); 152(272.85); 153(306.73); 154(802.07); 155(117.88); 156(152.23); 157(410.2); 158(75.98); 159(513.76); 160(171.96); 161(119.41); 162(54.0); 163(127.71); 164(97.34); 165(528.37); 166(965.72); 167(31.31); 168(338.17); 169(89.87); 170(394.61); 171(337.72); 172(346.53); 173(779.84); 174(48.92); 175(377.12); 176(595.52); 177(225.5); 178(722.03); 179(179.42); 180(239.21); 181(22.5); 182(199.31); 183(167.1); 184(598.27); 185(186.48); 186(316.59); 187(654.93); 188(162.17); 189(744.63); 190(198.21); 191(644.71); 192(516.53); 193(228.71); 194(427.2); 195(832.29); 196(425.87); 197(643.85); 198(254.49); 199(736.51); 200(697.16); 201(502.79); 202(44.18); 203(520.68); 204(444.66); 205(72.58); 206(944.46); 207(674.74); 208(984.07); 209(869.36); 210(736.2); 211(144.23); 212(475.98); 213(827.82); 214(129.02); 215(320.08); 216(735.29); 217(507.89); 218(225.92); 219(137.7); 220(115.27); 221(361.88); 222(226.41); 223(165.6); 224(841.33); 225(538.34); 226(432.22); 227(54.79); 228(397.34); 229(997.78); 230(919.39); 231(791.61); 232(537.96); 233(549.06); 234(656.57); 235(291.55); 236(110.64); 237(440.89); 238(188.51); 239(392.82); 240(418.59); 241(399.13); 242(439.85); 243(101.19); 244(322.28); 245(631.28); 246(967.29); 247(420.79); 248(236.03); 249(665.83); 250(102.39); 251(83.99); 252(560.04); 253(142.48); 254(0.48); 255(803.01); 256(534.91); 257(481.61); 258(211.82); 259(375.36); 260(65.16); 261(366.49); 262(761.87); 263(617.94); 264(912.96); 265(386.67); 266(568.57); 267(536.12); 268(135.73); 269(149.0); 270(845.7); 271(837.35); 272(605.59); 273(640.8); 274(810.8); 275(399.3); 276(248.22); 277(301.42); 278(866.46); 279(734.49); 280(354.04); 281(48.99); 282(650.95); 283(744.4); 284(222.34); 285(712.96); 286(854.12); 287(70.41); 288(58.97); 289(51.13); 290(714.69); 291(671.96); 292(73.3); 293(34.02); 294(397.0); 295(960.16); 296(141.81); 297(107.83); 298(271.81); 299(229.04); 300(527.4); 301(461.61); 302(985.23); 303(625.45); 304(296.81); 305(346.98); 306(291.31); 307(895.92); 308(85.06); 309(261.87); 310(633.07); 311(926.08); 312(792.38); 313(770.23); 314(510.45); 315(165.33); 316(701.59); 317(931.78); 318(254.78); 319(784.26); 320(170.05); 321(723.9); 322(778.26); 323(697.13); 324(674.07); 325(793.92); 326(27.67); 327(67.38); 328(401.34); 329(613.44); 330(479.87); 331(95.15); 332(696.0); 333(119.67); 334(498.56); 335(856.85); 336(224.49); 337(342.9); 338(280.94); 339(864.2); 340(566.17); 341(499.07); 342(246.13); 343(415.66); 344(852.08); 345(949.81); 346(433.48); 347(589.66); 348(592.36); 349(242.45); 350(901.53); 351(366.17); 352(90.48); 353(39.92); 354(711.18); 355(285.27); 356(305.44); 357(619.18); 358(360.62); 359(12.22); 360(616.5); 361(92.91); 362(810.01); 363(938.02); 364(162.7); 365(105.46); 366(322.72); 367(920.89); 368(128.48); 369(116.53); 370(13.18); 371(235.98); 372(763.24); 373(760.88); 374(72.27); 375(303.48); 376(301.98); 377(839.13); 378(80.32); 379(823.75); 380(777.28); 381(844.39); 382(128.53); 383(780.66); 384(892.69); 385(491.15); 386(281.54); 387(652.5); 388(742.63); 389(433.18); 390(792.76); 391(914.64); 392(18.29); 393(394.16); 394(896.57); 395(353.91); 396(822.95); 397(827.83); 398(653.59); 399(741.14); 400(739.22); 401(242.88); 402(19.79); 403(741.05); 404(140.82); 405(292.37); 406(438.84); 407(897.7); 408(309.75); 409(693.39); 410(550.59); 411(477.83); 412(667.4); 413(379.65); 414(640.96); 415(756.6); 416(162.81); 417(803.7); 418(459.44); 419(558.47); 420(231.88); 421(810.48); 422(121.38); 423(812.17); 424(472.48); 425(895.33); 426(735.99); 427(493.4); 428(84.57); 429(918.02); 430(143.17); 431(207.95); 432(766.62); 433(371.69); 434(968.59); 435(5.62); 436(786.67); 437(694.13); 438(941.48); 439(763.69); 440(244.65); 441(345.75); 442(787.13); 443(435.21); 444(75.32); 445(665.25); 446(167.37); 447(379.77); 448(865.33); 449(584.35); 450(822.73); 451(629.16); 452(335.4); 453(118.73); 454(530.99); 455(925.83); 456(248.74); 457(909.21); 458(175.22); 459(497.85); 460(17.1); 461(40.71); 462(814.01); 463(368.64); 464(409.47); 465(312.17); 466(714.7); 467(354.44); 468(22.53); 469(227.43); 470(670.06); 471(64.66); 472(302.78); 473(950.81); 474(568.03); 475(115.84); 476(871.99); 477(304.02); 478(187.63); 479(547.26); 480(498.37); 481(524.69); 482(137.27); 483(84.61); 484(559.08); 486(709.68); 487(801.94); 488(761.55); 489(704.93); 490(396.05); 491(564.93); 492(418.65); 493(111.66); 494(316.08); 495(136.42); 496(597.42); 497(827.71); 498(541.19); 499(67.68),1
486,0(804.32); 1(610.53); 2(72.98); 3(715.09); 4(463.1); 5(658.23); 6(870.76); 7(443.29); 8(479.68); 9(849.64); 10(431.22); 11(227.91); 12(343.42); 13(931.09); 14(428.89); 15(597.45); 16(769.26); 17(51.46); 18(512.05); 19(304.68); 20(339.68); 21(386.1); 22(236.43); 23(203.24); 24(41.62); 25(730.71); 26(966.75); 27(554.51); 28(261.55); 29(353.44); 30(662.67); 31(87.89); 32(134.83); 33(591.8); 34(770.59); 35(422.63); 36(480.98); 37(355.38); 38(489.02); 39(434.32); 40(215.65); 41(724.11); 42(113.18); 43(629.29); 44(225.13); 45(31.0); 46(674.94); 47(9.44); 48(178.2); 49(132.2); 50(628.26); 51(916.7); 52(434.82); 53(554.17); 54(372.13); 55(71.26); 56(698.04); 57(717.34); 58(818.66); 59(352.67); 60(496.39); 61(919.34); 62(305.4); 63(397.1); 64(570.73); 65(478.41); 66(890.24); 67(971.61); 68(265.48); 69(427.19); 70(32.28); 71(951.55); 72(137.11); 73(314.61); 74(826.95); 75(54.09); 76(423.14); 77(113.32); 78(773.46); 79(150.64); 80(406.5); 81(644.77); 82(663.89); 83(766.5); 84(645.01); 85(178.87); 86(335.66); 87(532.36); 88(667.48); 89(264.21); 90(206.11); 91(560.43); 92(78.33); 93(362.7); 94(517.38); 95(382.74); 96(487.31); 97(881.58); 98(109.32); 99(623.79); 100(29.77); 101(890.01); 102(257.23); 103(767.42); 104(768.75); 105(596.18); 106(439.39); 107(333.55); 108(787.34); 109(413.5); 110(698.94); 111(629.75); 112(311.09); 113(65.8); 114(19.68); 115(622.51); 116(886.76); 117(670.44); 118(511.37); 119(50.95); 120(90.25); 121(367.83); 122(797.18); 123(842.83); 124(95.34); 125(67.03); 126(317.02); 127(626.33); 128(553.27); 129(210.7); 130(78.15); 131(138.89); 132(837.77); 133(147.69); 134(433.75); 135(525.46); 136(584.94); 137(497.05); 138(336.97); 139(291.43); 140(53.04); 141(863.4); 142(365.3); 143(604.44); 144(874.95); 145(987.53); 146(240.62); 147(798.1); 148(240.29); 149(199.8); 150(950.99); 151(790.9); 152(517.52); 153(234.64); 154(79.52); 155(34.32); 156(737.97); 157(454.78); 158(425.41); 159(845.94); 160(769.17); 161(668.85); 162(685.92); 163(654.06); 164(65.86); 165(475.07); 166(681.66); 167(128.06); 168(408.37); 169(341.75); 170(917.4); 171(921.58); 172(595.85); 173(764.07); 174(671.77); 175(25.45); 176(307.23); 177(929.09); 178(624.03); 179(86.93); 180(679.55); 181(25.51); 182(934.93); 183(733.25); 184(129.95); 185(122.35); 186(227.58); 187(955.77); 188(55.63); 189(936.25); 190(876.75); 191(342.06); 192(856.13); 193(806.55); 194(68.77); 195(241.51); 196(761.98); 197(519.07); 198(800.91); 199(222.14); 200(885.82); 201(797.42); 202(506.03); 203(821.64); 204(139.97); 205(453.45); 206(661.54); 207(762.55); 208(183.81); 209(761.45); 210(441.93); 211(324.45); 212(930.29); 213(592.38); 214(93.04); 215(619.93); 216(665.34); 217(284.74); 218(549.45); 219(816.79); 220(407.91); 221(133.75); 222(702.23); 223(825.84); 224(544.86); 225(333.01); 226(133.79); 227(503.34); 228(956.23); 229(258.16); 230(283.11); 231(823.3); 232(57.57); 233(340.2); 234(988.88); 235(328.72); 236(11.99); 237(328.12); 238(972.05); 239(230.94); 240(500.57); 241(669.68); 242(388.32); 243(427.61); 244(482.59); 245(225.64); 246(816.61); 247(385.73); 248(711.05); 249(781.42); 250(280.0); 251(403.53); 252(485.46); 253(115.57); 254(989.34); 255(968.77); 256(353.84); 257(445.28); 258(866.02); 259(972.09); 260(597.93); 261(744.25); 262(568.47); 263(48.25); 264(537.95); 265(72.35); 266(166.95); 267(495.31); 268(91.91); 269(217.74); 270(886.11); 271(777.21); 272(646.97); 273(543.73); 274(130.96); 275(0.36); 276(144.23); 277(132.02); 278(433.54); 279(672.69); 280(914.29); 281(281.77); 282(754.11); 283(718.95); 284(871.92); 285(125.11); 286(170.49); 287(461.6); 288(549.39); 289(969.26); 290(863.01); 291(153.36); 292(503.6); 293(715.92); 294(748.17); 295(862.75); 296(559.59); 297(102.86); 298(773.81); 299(940.47); 300(38.13); 301(555.54); 302(542.56); 303(542.52); 304(571.64); 305(344.9); 306(482.25); 307(551.07); 308(277.75); 309(520.99); 310(805.42); 311(284.17); 312(988.59); 313(900.54); 314(750.55); 315(622.02); 316(165.99); 317(877.91); 318(726.15); 319(603.27); 320(36.15); 321(862.93); 322(140.17); 323(232.13); 324(258.34); 325(641.95); 326(238.8); 327(467.13); 328(433.76); 329(965.0); 330(37.33); 331(831.13); 332(720.37); 333(812.97); 334(123.72); 335(769.44); 336(848.56); 337(290.68); 338(998.83); 339(981.44); 340(678.47); 341(488.49); 342(481.4); 343(674.1); 344(958.77); 345(841.88); 346(598.78); 347(870.97); 348(224.5); 349(851.84); 350(275.8); 351(395.51); 352(17.76); 353(1.84); 354(673.61); 355(135.04); 356(106.56); 357(901.9); 358(322.79); 359(350.48); 360(118.75); 361(844.22); 362(467.32); 363(543.49); 364(128.45); 365(264.86); 366(195.22); 367(364.62); 368(629.79); 369(883.39); 370(873.54); 371(441.37); 372(576.11); 373(38.15); 374(886.95); 375(881.85); 376(633.73); 377(784.9); 378(585.7); 379(752.11); 380(411.85); 381(213.22); 382(429.71); 383(690.59); 384(965.2); 385(474.84); 386(685.92); 387(414.98); 388(602.31); 389(567.12); 390(368.74); 391(9.6); 392(842.61); 393(367.29); 394(389.57); 395(705.45); 396(388.96); 397(0.03); 398(169.11); 399(67.43); 400(235.69); 401(245.19); 402(982.36); 403(445.63); 404(593.55); 405(528.6); 406(376.95); 407(729.36); 408(800.11); 409(624.12); 410(317.68); 411(703.72); 412(102.03); 413(88.69); 414(832.76); 415(869.75); 416(231.94); 417(532.66); 418(2.7); 419(694.21); 420(375.0); 421(264.25); 422(227.01); 423(669.64); 424(923.47); 425(677.8); 426(220.03); 427(801.99); 428(690.1); 429(843.95); 430(597.92); 431(43.59); 432(993.26); 433(66.37); 434(13.84); 435(810.67); 436(656.0); 437(355.46); 438(886.29); 439(246.38); 440(585.41); 441(799.24); 442(343.65); 443(418.87); 444(846.1); 445(405.81); 446(509.2); 447(836.12); 448(107.69); 449(182.85); 450(825.22); 451(90.5); 452(986.08); 453(323.69); 454(974.91); 455(633.83); 456(869.96); 457(51.96); 458(185.71); 459(390.36); 460(364.61); 461(580.86); 462(13.26); 463(475.82); 464(565.31); 465(808.77); 466(337.71); 467(46.16); 468(622.76); 469(784.09); 470(972.73); 471(759.45); 472(261.61); 473(931.6); 474(449.49); 475(377.6); 476(97.49); 477(207.02); 478(619.72); 479(933.36); 480(613.43); 481(101.45); 482(350.52); 483(328.54); 484(703.7); 485(709.68); 487(864.52); 488(202.13); 489(764.86); 490(528.18); 491(212.99); 492(96.35); 493(999.7); 494(552.41); 495(360.84); 496(648.97); 497(816.67); 498(274.55); 499(851.13),1
487,0(322.93); 1(430.46); 2(438.22); 3(826.24); 4(709.65); 5(80.85); 6(553.84); 7(493.39); 8(969.18); 9(401.12); 10(854.88); 11(864.14); 12(619.98); 13(316.65); 14(643.34); 15(404.54); 16(568.95); 17(605.71); 18(795.25); 19(822.39); 20(900.4); 21(921.19); 22(320.54); 23(919.53); 24(555.72); 25(35.21); 26(28.93); 27(932.89); 28(340.44); 29(215.77); 30(141.42); 31(954.49); 32(328.44); 33(234.69); 34(82.68); 35(405.16); 36(238.59); 37(229.84); 38(846.65); 39(87.6); 40(453.85); 41(86.39); 42(0.47); 43(121.37); 44(220.59); 45(491.38); 46(227.72); 47(350.22); 48(984.2); 49(195.25); 50(105.14); 51(233.95); 52(784.58); 53(741.63); 54(786.84); 55(988.23); 56(113.92); 57(483.09); 58(749.39); 59(51.86); 60(909.19); 61(753.12); 62(744.78); 63(371.05); 64(529.04); 65(127.64); 66(707.55); 67(717.18); 68(208.69); 69(181.42); 70(1.84); 71(640.48); 72(561.08); 73(708.62); 74(709.01); 75(692.02); 76(655.22); 77(765.4); 78(458.7); 79(454.27); 80(193.83); 81(86.15); 82(178.52); 83(509.17); 84(906.63); 85(440.08); 86(4.69); 87(833.14); 88(944.56); 89(559.3); 90(164.18); 91(53.57); 92(125.13); 93(917.23); 94(198.47); 95(609.45); 96(341.04); 97(881.12); 98(766.48); 99(779.66); 100(364.5); 101(508.58); 102(247.02); 103(244.45); 104(436.49); 105(868.29); 106(845.32); 107(60.9); 108(9.99); 109(868.24); 110(825.54); 111(952.47); 112(609.96); 113(727.66); 114(448.98); 115(249.68); 116(575.68); 117(165.16); 118(966.44); 119(358.55); 120(369.9); 121(440.92); 122(723.32); 123(948.78); 124(800.61); 125(119.95); 126(154.91); 127(567.96); 128(732.22); 129(343.11); 130(234.64); 131(642.46); 132(246.05); 133(122.47); 134(151.14); 135(960.55); 136(57.27); 137(939.89); 138(34.42); 139(830.0); 140(804.45); 141(857.8); 142(802.64); 143(476.18); 144(941.36); 145(110.63); 146(34.19); 147(622.29); 148(376.85); 149(806.62); 150(325.91); 151(928.22); 152(48.6); 153(76.45); 154(455.08); 155(802.72); 156(335.48); 157(856.11); 158(326.44); 159(402.35); 160(232.92); 161(894.49); 162(829.84); 163(645.02); 164(129.85); 165(127.27); 166(775.59); 167(622.01); 168(717.17); 169(56.59); 170(36.67); 171(599.68); 172(270.08); 173(766.26); 174(836.42); 175(811.2); 176(975.93); 177(750.33); 178(469.55); 179(177.09); 180(707.31); 181(871.52); 182(202.47); 183(990.57); 184(62.04); 185(171.84); 186(27.98); 187(950.51); 188(375.42); 189(564.71); 190(363.4); 191(507.78); 192(835.74); 193(159.35); 194(169.37); 195(756.89); 196(556.51); 197(33.7); 198(564.1); 199(682.99); 200(994.21); 201(884.42); 202(182.74); 203(536.58); 204(973.93); 205(615.09); 206(572.24); 207(370.96); 208(132.95); 209(286.47); 210(968.68); 211(406.14); 212(424.12); 213(382.3); 214(984.3); 215(227.41); 216(583.63); 217(779.54); 218(827.37); 219(410.16); 220(700.11); 221(897.38); 222(660.1); 223(654.23); 224(601.3); 225(371.46); 226(532.61); 227(648.16); 228(896.41); 229(94.75); 230(261.32); 231(897.37); 232(65.94); 233(795.92); 234(729.79); 235(583.38); 236(409.38); 237(664.49); 238(250.02); 239(959.38); 240(795.96); 241(107.48); 242(218.4); 243(782.53); 244(564.14); 245(757.0); 246(516.81); 247(17.64); 248(513.33); 249(10.06); 250(980.53); 251(217.17); 252(611.93); 253(353.26); 254(492.65); 255(22.42); 256(296.98); 257(495.87); 258(901.29); 259(621.6); 260(962.38); 261(990.49); 262(403.74); 263(44.33); 264(618.32); 265(682.2); 266(585.25); 267(643.1); 268(286.93); 269(27.84); 270(766.43); 271(264.21); 272(554.77); 273(649.75); 274(71.31); 275(512.39); 276(351.58); 277(714.93); 278(769.3); 279(952.25); 280(753.98); 281(827.54); 282(301.05); 283(386.13); 284(530.62); 285(856.07); 286(331.19); 287(947.02); 288(593.36); 289(673.23); 290(507.9); 291(706.66); 292(228.95); 293(781.03); 294(53.59); 295(518.63); 296(597.27); 297(266.28); 298(471.88); 299(870.11); 300(650.18); 301(147.32); 302(121.95); 303(201.45); 304(560.72); 305(916.92); 306(828.24); 307(286.07); 308(414.27); 309(232.63); 310(323.31); 311(687.12); 312(497.82); 313(303.77); 314(380.85); 315(336.62); 316(336.12); 317(345.36); 318(51.01); 319(830.86); 320(69.55); 321(124.51); 322(588.42); 323(139.28); 324(516.53); 325(8.11); 326(856.62); 327(847.79); 328(526.21); 329(910.82); 330(658.75); 331(508.44); 332(357.02); 333(391.96); 334(746.45); 335(906.9); 336(136.84); 337(706.73); 338(112.75); 339(608.98); 340(559.78); 341(272.54); 342(267.66); 343(689.63); 344(86.5); 345(838.77); 346(728.83); 347(867.17); 348(431.03); 349(164.73); 350(183.29); 351(927.91); 352(708.72); 353(41.38); 354(420.75); 355(699.16); 356(667.48); 357(461.69); 358(550.19); 359(162.75); 360(970.65); 361(267.07); 362(490.99); 363(329.28); 364(177.88); 365(163.79); 366(968.27); 367(597.72); 368(609.27); 369(140.66); 370(556.13); 371(429.41); 372(302.63); 373(718.03); 374(326.89); 375(251.3); 376(240.46); 377(62.38); 378(715.22); 379(842.13); 380(597.05); 381(918.53); 382(244.03); 383(317.66); 384(673.42); 385(775.15); 386(417.12); 387(146.54); 388(346.39); 389(666.3); 390(210.83); 391(53.24); 392(102.29); 393(547.53); 394(171.83); 395(362.92); 396(346.69); 397(593.31); 398(94.48); 399(582.38); 400(413.69); 401(510.9); 402(509.77); 403(686.07); 404(638.76); 405(830.33); 406(311.66); 407(546.21); 408(500.89); 409(417.55); 410(132.65); 411(215.51); 412(678.2); 413(817.25); 414(405.02); 415(279.99); 416(273.48); 417(973.76); 418(468.0); 419(436.84); 420(431.34); 421(99.92); 422(499.26); 423(753.29); 424(276.22); 425(940.32); 426(944.12); 427(47.92); 428(809.99); 429(709.92); 430(323.46); 431(731.74); 432(104.37); 433(868.27); 434(374.84); 435(808.29); 436(155.08); 437(362.49); 438(153.16); 439(23.36); 440(662.38); 441(799.94); 442(972.59); 443(155.39); 444(418.41); 445(52.17); 446(470.37); 447(741.72); 448(416.79); 449(678.29); 450(990.65); 451(169.07); 452(961.89); 453(438.28); 454(936.09); 455(224.5); 456(989.61); 457(589.79); 458(452.7); 459(625.17); 460(929.2); 461(599.37); 462(583.72); 463(81.09); 464(396.1); 465(800.66); 466(392.04); 467(883.83); 468(720.63); 469(691.96); 470(425.68); 471(488.16); 472(678.29); 473(745.42); 474(671.94); 475(864.57); 476(751.55); 477(813.23); 478(674.13); 479(496.53); 480(462.26); 481(989.25); 482(152.18); 483(48.62); 484(74.59); 485(801.94); 486(864.52); 488(286.28); 489(815.22); 490(437.47); 491(643.82); 492(566.67); 493(949.85); 494(264.96); 495(266.0); 496(605.8); 497(797.94); 498(898.66); 499(851.87),1
488,0(882.63); 1(85.12); 2(860.62); 3(949.8); 4(148.51); 5(34.91); 6(658.63); 7(512.12); 8(93.62); 9(704.98); 10(546.92); 11(103.1); 12(257.97); 13(217.71); 14(731.22); 15(527.08); 16(850.33); 17(462.3); 18(884.68); 19(155.91); 20(715.35); 21(814.53); 22(742.04); 23(319.51); 24(877.85); 25(13.47); 26(384.2); 27(755.77); 28(152.27); 29(774.53); 30(323.48); 31(619.21); 32(155.42); 33(324.62); 34(142.65); 35(556.81); 36(450.73); 37(876.86); 38(618.23); 39(548.02); 40(275.46); 41(742.78); 42(313.86); 43(454.93); 44(677.84); 45(981.48); 46(450.38); 47(468.26); 48(136.9); 49(572.25); 50(6.21); 51(907.64); 52(516.45); 53(679.45); 54(354.7); 55(325.92); 56(256.19); 57(185.83); 58(512.52); 59(509.7); 60(881.34); 61(363.13); 62(44.08); 63(94.71); 64(580.46); 65(153.36); 66(459.24); 67(372.69); 68(687.68); 69(285.52); 70(672.44); 71(238.33); 72(233.32); 73(998.86); 74(301.82); 75(586.68); 76(876.7); 77(460.81); 78(38.61); 79(585.15); 80(587.47); 81(692.07); 82(412.4); 83(33.66); 84(402.33); 85(976.4); 86(404.05); 87(709.81); 88(464.3); 89(86.01); 90(131.72); 91(960.84); 92(100.66); 93(603.0); 94(469.27); 95(300.4); 96(229.07); 97(899.35); 98(427.54); 99(606.15); 100(775.33); 101(330.08); 102(701.85); 103(140.69); 104(892.05); 105(323.17); 106(691.63); 107(312.44); 108(847.22); 109(801.84); 110(676.11); 111(292.66); 112(81.58); 113(191.79); 114(130.1); 115(296.14); 116(243.85); 117(408.19); 118(298.91); 119(556.44); 120(588.28); 121(210.44); 122(225.51); 123(995.97); 124(469.87); 125(346.03); 126(710.09); 127(952.24); 128(956.87); 129(878.02); 130(28.82); 131(232.47); 132(514.37); 133(641.73); 134(725.75); 135(399.06); 136(419.04); 137(108.57); 138(735.84); 139(145.14); 140(99.31); 141(479.21); 142(18.23); 143(361.91); 144(486.47); 145(743.24); 146(463.91); 147(326.54); 148(42.72); 149(207.99); 150(674.34); 151(109.59); 152(551.12); 153(539.59); 154(779.32); 155(290.19); 156(513.9); 157(631.33); 158(101.77); 159(640.62); 160(419.04); 161(248.29); 162(655.13); 163(471.27); 164(252.05); 165(404.2); 166(975.07); 167(614.97); 168(581.93); 169(609.89); 170(93.56); 171(109.09); 172(716.21); 173(773.75); 174(818.25); 175(850.25); 176(730.71); 177(108.47); 178(924.97); 179(610.24); 180(940.85); 181(758.34); 182(574.77); 183(267.78); 184(893.8); 185(825.95); 186(275.82); 187(241.82); 188(976.97); 189(680.88); 190(980.14); 191(333.55); 192(746.31); 193(54.47); 194(258.91); 195(635.48); 196(858.88); 197(108.04); 198(753.84); 199(926.47); 200(838.09); 201(804.73); 202(29.53); 203(484.27); 204(127.77); 205(682.05); 206(803.08); 207(516.23); 208(250.04); 209(774.01); 210(282.36); 211(10.71); 212(493.26); 213(227.26); 214(92.73); 215(781.63); 216(627.96); 217(249.11); 218(6.01); 219(742.94); 220(983.49); 221(643.22); 222(269.14); 223(776.01); 224(655.08); 225(326.46); 226(789.85); 227(326.67); 228(928.61); 229(413.98); 230(860.52); 231(776.69); 232(810.33); 233(805.39); 234(198.71); 235(982.42); 236(964.6); 237(331.86); 238(800.58); 239(54.65); 240(657.69); 241(838.92); 242(670.93); 243(192.65); 244(686.56); 245(80.73); 246(413.89); 247(549.72); 248(931.91); 249(147.37); 250(362.54); 251(58.6); 252(819.37); 253(134.8); 254(257.09); 255(680.67); 256(103.28); 257(287.34); 258(794.11); 259(904.79); 260(769.09); 261(613.42); 262(387.03); 263(455.97); 264(2.76); 265(463.21); 266(726.55); 267(820.69); 268(694.63); 269(590.49); 270(894.4); 271(896.86); 272(174.01); 273(922.89); 274(13.62); 275(58.45); 276(607.91); 277(665.43); 278(878.9); 279(982.76); 280(67.23); 281(906.25); 282(193.7); 283(721.87); 284(881.06); 285(653.61); 286(844.86); 287(761.69); 288(349.34); 289(93.13); 290(338.82); 291(47.36); 292(66.22); 293(451.63); 294(34.42); 295(248.7); 296(512.11); 297(557.44); 298(483.14); 299(591.71); 300(505.93); 301(652.01); 302(959.84); 303(762.61); 304(652.0); 305(289.94); 306(553.33); 307(60.47); 308(586.93); 309(651.73); 310(275.17); 311(453.99); 312(734.06); 313(150.3); 314(574.25); 315(482.93); 316(326.41); 317(390.91); 318(915.47); 319(781.29); 320(483.43); 321(676.11); 322(818.29); 323(887.59); 324(834.12); 325(311.29); 326(798.42); 327(443.15); 328(953.91); 329(339.92); 330(615.12); 331(106.13); 332(569.59); 333(30.3); 334(858.12); 335(832.43); 336(381.46); 337(745.02); 338(105.79); 339(895.71); 340(778.48); 341(636.39); 342(37.86); 343(89.67); 344(356.81); 345(402.39); 346(201.39); 347(835.09); 348(700.02); 349(561.8); 350(907.71); 351(702.32); 352(965.65); 353(602.08); 354(517.31); 355(408.33); 356(604.87); 357(83.55); 358(204.16); 359(802.01); 360(221.46); 361(907.71); 362(478.77); 363(456.75); 364(320.84); 365(686.87); 366(513.07); 367(351.01); 368(962.04); 369(204.75); 370(460.77); 371(902.86); 372(644.2); 373(672.86); 374(219.57); 375(940.13); 376(816.0); 377(123.55); 378(823.59); 379(796.96); 380(599.31); 381(416.31); 382(67.28); 383(127.2); 384(569.74); 385(672.83); 386(226.16); 387(760.1); 388(13.84); 389(857.99); 390(321.65); 391(452.01); 392(772.72); 393(619.87); 394(699.03); 395(459.49); 396(990.14); 397(683.11); 398(377.13); 399(187.27); 400(623.84); 401(591.47); 402(76.93); 403(585.17); 404(202.34); 405(825.81); 406(743.33); 407(801.34); 408(92.01); 409(306.91); 410(767.2); 411(729.29); 412(686.35); 413(853.32); 414(570.76); 415(489.0); 416(615.84); 417(59.31); 418(907.83); 419(551.29); 420(358.82); 421(513.47); 422(802.4); 423(435.0); 424(143.61); 425(646.7); 426(998.36); 427(317.62); 428(110.44); 429(13.2); 430(627.35); 431(293.43); 432(830.89); 433(35.91); 434(609.77); 435(312.92); 436(434.2); 437(135.06); 438(20.05); 439(721.87); 440(780.75); 441(639.99); 442(964.36); 443(712.87); 444(515.87); 445(781.52); 446(807.36); 447(703.74); 448(109.4); 449(7.51); 450(397.18); 451(492.57); 452(546.19); 453(616.42); 454(572.08); 455(778.61); 456(863.86); 457(92.61); 458(570.85); 459(781.91); 460(917.67); 461(470.75); 462(478.1); 463(100.88); 464(833.07); 465(291.2); 466(614.91); 467(421.74); 468(213.37); 469(469.39); 470(664.28); 471(152.54); 472(911.27); 473(882.77); 474(726.4); 475(479.53); 476(493.6); 477(867.96); 478(869.84); 479(992.97); 480(581.78); 481(171.56); 482(940.71); 483(1.96); 484(777.1); 485(761.55); 486(202.13); 487(286.28); 489(24.08); 490(711.15); 491(162.71); 492(152.27); 493(725.89); 494(608.58); 495(476.19); 496(801.41); 497(841.89); 498(494.47); 499(775.19),2
489,0(590.84); 1(792.49); 2(650.65); 3(801.75); 4(524.77); 5(742.76); 6(336.05); 7(368.7); 8(211.89); 9(920.23); 10(314.94); 11(127.51); 12(482.94); 13(616.94); 14(198.06); 15(705.6); 16(70.92); 17(129.76); 18(335.01); 19(210.49); 20(172.86); 21(320.1); 22(673.81); 23(303.23); 24(294.45); 25(519.15); 26(47.42); 27(95.25); 28(320.18); 29(111.02); 30(465.16); 31(884.15); 32(727.77); 33(321.19); 34(614.72); 35(879.62); 36(584.5); 37(914.16); 38(547.36); 39(845.69); 40(188.69); 41(666.69); 42(691.33); 43(782.07); 44(839.88); 45(203.41); 46(651.33); 47(576.75); 48(779.25); 49(395.93); 50(581.37); 51(650.64); 52(476.96); 53(149.15); 54(660.8); 55(948.28); 56(269.87); 57(885.37); 58(868.16); 59(453.46); 60(618.6); 61(254.79); 62(563.79); 63(559.72); 64(714.34); 65(786.28); 66(106.75); 67(300.32); 68(89.66); 69(926.17); 70(31.35); 71(900.12); 72(928.68); 73(217.13); 74(967.83); 75(366.46); 76(455.09); 77(501.22); 78(490.09); 79(217.22); 80(600.74); 81(868.78); 82(587.17); 83(128.11); 84(916.79); 85(30.73); 86(372.94); 87(295.44); 88(619.17); 89(20.87); 90(341.91); 91(638.84); 92(967.66); 93(754.09); 94(891.94); 95(27.54); 96(933.53); 97(700.83); 98(656.38); 99(998.42); 100(446.94); 101(973.33); 102(905.89); 103(915.41); 104(704.12); 105(908.59); 106(214.67); 107(325.13); 108(845.63); 109(398.76); 110(227.15); 111(131.28); 112(330.09); 113(435.46); 114(936.36); 115(506.92); 116(581.23); 117(193.16); 118(868.49); 119(438.0); 120(771.83); 121(303.95); 122(571.71); 123(990.68); 124(193.2); 125(746.22); 126(786.98); 127(997.28); 128(646.19); 129(385.89); 130(850.41); 131(246.91); 132(354.63); 133(533.12); 134(834.55); 135(588.37); 136(636.0); 137(625.67); 138(432.55); 139(57.15); 140(66.21); 141(354.03); 142(820.56); 143(152.43); 144(894.24); 145(833.13); 146(501.42); 147(236.64); 148(681.18); 149(190.01); 150(817.68); 151(212.32); 152(594.01); 153(732.18); 154(641.35); 155(521.11); 156(513.71); 157(375.09); 158(219.9); 159(709.21); 160(501.06); 161(829.2); 162(375.73); 163(637.1); 164(922.92); 165(959.21); 166(173.02); 167(844.47); 168(498.79); 169(607.29); 170(325.54); 171(630.46); 172(432.05); 173(81.85); 174(769.02); 175(718.26); 176(490.36); 177(862.74); 178(811.87); 179(153.51); 180(783.84); 181(828.31); 182(392.62); 183(180.89); 184(292.27); 185(458.43); 186(748.74); 187(348.61); 188(622.39); 189(699.88); 190(965.93); 191(405.33); 192(877.05); 193(461.84); 194(619.08); 195(814.12); 196(966.56); 197(914.78); 198(109.27); 199(284.23); 200(682.78); 201(849.97); 202(784.37); 203(974.73); 204(107.62); 205(290.19); 206(709.08); 207(353.86); 208(259.6); 209(201.8); 210(646.84); 211(216.1); 212(156.56); 213(569.8); 214(296.92); 215(653.27); 216(994.97); 217(710.38); 218(172.94); 219(78.33); 220(651.28); 221(96.41); 222(595.33); 223(51.71); 224(467.28); 225(215.98); 226(579.53); 227(777.4); 228(449.05); 229(826.3); 230(849.2); 231(536.27); 232(958.29); 233(129.41); 234(513.64); 235(472.39); 236(891.18); 237(899.55); 238(381.59); 239(123.95); 240(618.39); 241(86.7); 242(565.21); 243(649.74); 244(924.0); 245(838.29); 246(799.14); 247(862.24); 248(213.02); 249(441.59); 250(228.34); 251(75.46); 252(421.87); 253(504.46); 254(928.39); 255(996.64); 256(806.75); 257(259.9); 258(793.67); 259(674.09); 260(213.43); 261(505.22); 262(722.94); 263(133.14); 264(813.21); 265(610.53); 266(763.47); 267(842.08); 268(714.74); 269(471.41); 270(730.54); 271(473.59); 272(672.23); 273(954.8); 274(257.13); 275(222.33); 276(239.84); 277(972.6); 278(27.77); 279(875.15); 280(518.15); 281(826.21); 282(116.57); 283(86.41); 284(395.37); 285(999.46); 286(118.31); 287(43.76); 288(550.24); 289(791.71); 290(55.75); 291(912.46); 292(701.18); 293(475.92); 294(873.98); 295(831.09); 296(546.13); 297(121.55); 298(816.73); 299(427.96); 300(86.1); 301(568.14); 302(523.69); 303(318.85); 304(275.81); 305(383.58); 306(268.76); 307(726.54); 308(572.67); 309(536.35); 310(907.18); 311(40.18); 312(910.44); 313(57.2); 314(427.16); 315(521.4); 316(336.97); 317(533.97); 318(570.33); 319(457.52); 320(855.49); 321(726.1); 322(284.79); 323(987.2); 324(703.67); 325(926.95); 326(292.79); 327(762.83); 328(303.07); 329(238.1); 330(684.85); 331(936.35); 332(290.98); 333(228.83); 334(409.95); 335(868.36); 336(82.22); 337(906.74); 338(859.82); 339(310.88); 340(222.89); 341(391.47); 342(143.05); 343(764.95); 344(508.84); 345(374.74); 346(586.72); 347(571.81); 348(426.14); 349(401.91); 350(115.14); 351(970.42); 352(893.23); 353(150.06); 354(639.72); 355(760.23); 356(337.19); 357(933.84); 358(353.04); 359(520.99); 360(655.62); 361(329.88); 362(120.19); 363(150.93); 364(379.36); 365(653.29); 366(435.25); 367(211.25); 368(741.35); 369(358.55); 370(874.67); 371(467.12); 372(96.29); 373(22.14); 374(861.79); 375(407.63); 376(899.38); 377(939.09); 378(942.49); 379(304.27); 380(705.36); 381(998.23); 382(739.34); 383(530.42); 384(249.02); 385(248.44); 386(335.66); 387(221.26); 388(632.16); 389(500.86); 390(545.24); 391(347.67); 392(846.25); 393(353.62); 394(242.79); 395(538.47); 396(853.65); 397(874.76); 398(759.5); 399(691.09); 400(793.63); 401(637.95); 402(996.35); 403(228.5); 404(949.54); 405(328.82); 406(794.59); 407(724.3); 408(441.28); 409(192.63); 410(779.85); 411(405.72); 412(160.53); 413(245.61); 414(588.37); 415(124.45); 416(214.86); 417(602.56); 418(517.46); 419(695.71); 420(532.1); 421(909.45); 422(168.79); 423(552.62); 424(508.81); 425(701.48); 426(885.4); 427(627.22); 428(111.56); 429(646.99); 430(421.52); 431(48.97); 432(357.37); 433(728.0); 434(113.48); 435(871.67); 436(623.78); 437(486.67); 438(605.27); 439(818.56); 440(512.58); 441(248.57); 442(523.03); 443(419.21); 444(393.63); 445(950.28); 446(221.09); 447(912.11); 448(393.34); 449(205.54); 450(901.99); 451(137.87); 452(993.33); 453(3.02); 454(495.85); 455(674.45); 456(722.95); 457(14.33); 458(930.11); 459(546.42); 460(535.44); 461(464.47); 462(102.5); 463(427.92); 464(809.2); 465(69.07); 466(352.4); 467(368.29); 468(245.62); 469(506.92); 470(361.99); 471(846.53); 472(63.59); 473(198.43); 474(459.94); 475(645.79); 476(284.09); 477(568.66); 478(928.52); 479(604.06); 480(184.98); 481(957.79); 482(114.61); 483(708.72); 484(239.87); 485(704.93); 486(764.86); 487(815.22); 488(24.08); 490(656.15); 491(543.03); 492(159.53); 493(987.9); 494(469.51); 495(48.23); 496(352.36); 497(749.08); 498(467.09); 499(489.51),1
490,0(988.47); 1(177.23); 2(474.03); 3(462.57); 4(877.92); 5(276.58); 6(511.38); 7(572.13); 8(213.71); 9(941.57); 10(222.82); 11(445.15); 12(283.8); 13(336.02); 14(312.83); 15(30.71); 16(656.47); 17(205.68); 18(125.68); 19(206.91); 20(541.69); 21(242.89); 22(363.97); 23(336.87); 24(363.55); 25(233.53); 26(832.59); 27(970.79); 28(706.07); 29(539.09); 30(58.37); 31(190.37); 32(625.7); 33(963.09); 34(502.15); 35(353.8); 36(396.12); 37(316.88); 38(911.32); 39(202.09); 40(969.83); 41(560.84); 42(445.23); 43(212.19); 44(717.36); 45(505.91); 46(714.33); 47(244.87); 48(853.84); 49(798.63); 50(778.71); 51(349.0); 52(257.09); 53(346.58); 54(360.24); 55(485.16); 56(56.81); 57(868.01); 58(870.99); 59(247.96); 60(449.38); 61(958.83); 62(333.82); 63(793.47); 64(0.13); 65(123.4); 66(579.59); 67(110.97); 68(942.48); 69(504.37); 70(706.56); 71(985.98); 72(446.44); 73(557.03); 74(780.69); 75(506.36); 76(436.17); 77(730.92); 78(700.92); 79(794.41); 80(2.0); 81(395.33); 82(208.63); 83(330.76); 84(107.12); 85(50.41); 86(112.23); 87(531.66); 88(575.54); 89(180.7); 90(896.49); 91(275.48); 92(308.41); 93(194.93); 94(434.88); 95(669.64); 96(515.35); 97(692.8); 98(231.66); 99(459.16); 100(521.46); 101(515.55); 102(348.41); 103(226.76); 104(129.11); 105(807.22); 106(768.55); 107(516.47); 108(660.02); 109(709.84); 110(921.51); 111(219.84); 112(711.25); 113(190.91); 114(708.63); 115(901.09); 116(576.03); 117(534.1); 118(622.03); 119(88.08); 120(209.95); 121(168.16); 122(897.5); 123(896.5); 124(928.01); 125(332.57); 126(492.47); 127(956.78); 128(552.75); 129(57.98); 130(171.38); 131(244.16); 132(931.42); 133(377.76); 134(301.66); 135(672.59); 136(194.36); 137(501.35); 138(456.65); 139(220.38); 140(804.86); 141(404.45); 142(376.35); 143(214.54); 144(248.8); 145(89.97); 146(346.18); 147(889.8); 148(390.53); 149(141.01); 150(485.34); 151(128.68); 152(793.76); 153(248.99); 154(705.65); 155(419.45); 156(564.25); 157(455.62); 158(518.49); 159(882.12); 160(612.53); 161(915.28); 162(283.31); 163(365.88); 164(53.92); 165(878.66); 166(984.66); 167(154.79); 168(216.87); 169(947.01); 170(598.1); 171(864.99); 172(285.15); 173(53.93); 174(296.06); 175(444.84); 176(97.74); 177(240.79); 178(717.55); 179(545.42); 180(529.7); 181(395.62); 182(348.95); 183(620.06); 184(265.05); 185(577.38); 186(167.15); 187(512.54); 188(737.19); 189(187.47); 190(896.81); 191(945.25); 192(543.84); 193(180.94); 194(883.43); 195(33.13); 196(59.21); 197(323.17); 198(296.48); 199(594.24); 200(819.06); 201(924.09); 202(612.63); 203(223.17); 204(316.36); 205(382.78); 206(365.71); 207(770.55); 208(668.54); 209(240.84); 210(825.85); 211(503.29); 212(418.2); 213(265.33); 214(131.31); 215(494.41); 216(676.82); 217(114.3); 218(327.32); 219(443.91); 220(888.16); 221(1.31); 222(244.33); 223(721.76); 224(859.4); 225(748.83); 226(768.71); 227(733.58); 228(532.53); 229(679.99); 230(373.23); 231(390.04); 232(203.51); 233(6.18); 234(598.3); 235(900.7); 236(487.46); 237(23.17); 238(888.54); 239(300.19); 240(104.45); 241(380.11); 242(692.38); 243(503.57); 244(764.97); 245(53.75); 246(889.52); 247(738.76); 248(321.51); 249(904.96); 250(999.06); 251(158.23); 252(778.85); 253(83.48); 254(801.23); 255(771.81); 256(574.27); 257(444.85); 258(370.15); 259(529.67); 260(565.75); 261(407.89); 262(763.82); 263(826.21); 264(920.97); 265(932.21); 266(746.34); 267(354.94); 268(82.58); 269(776.92); 270(706.9); 271(30.17); 272(726.16); 273(194.25); 274(669.36); 275(834.3); 276(980.01); 277(380.13); 278(926.01); 279(519.28); 280(294.11); 281(655.86); 282(971.24); 283(883.9); 284(304.13); 285(667.2); 286(19.28); 287(463.69); 288(554.58); 289(139.93); 290(372.94); 291(152.07); 292(127.1); 293(60.06); 294(350.75); 295(874.95); 296(551.71); 297(186.71); 298(573.8); 299(990.6); 300(399.26); 301(43.8); 302(557.48); 303(586.11); 304(465.11); 305(321.43); 306(379.31); 307(176.51); 308(897.96); 309(997.99); 310(767.83); 311(180.35); 312(100.2); 313(544.61); 314(993.91); 315(965.58); 316(860.92); 317(101.0); 318(827.97); 319(289.33); 320(958.87); 321(605.81); 322(837.0); 323(803.2); 324(290.77); 325(380.44); 326(334.86); 327(466.27); 328(516.34); 329(764.32); 330(368.18); 331(166.12); 332(657.86); 333(927.14); 334(388.09); 335(694.17); 336(160.22); 337(676.61); 338(37.28); 339(185.13); 340(593.29); 341(653.18); 342(53.73); 343(398.7); 344(130.4); 345(323.53); 346(834.15); 347(529.86); 348(979.15); 349(411.38); 350(280.49); 351(993.98); 352(828.99); 353(505.7); 354(107.63); 355(948.46); 356(692.17); 357(178.72); 358(811.8); 359(934.37); 360(928.38); 361(606.75); 362(227.86); 363(795.67); 364(953.8); 365(193.43); 366(9.13); 367(172.18); 368(762.65); 369(129.98); 370(840.05); 371(652.95); 372(151.39); 373(896.11); 374(84.95); 375(325.08); 376(813.94); 377(785.79); 378(617.33); 379(690.37); 380(665.9); 381(16.31); 382(573.75); 383(70.54); 384(289.04); 385(98.27); 386(510.09); 387(290.06); 388(130.67); 389(232.14); 390(863.54); 391(489.54); 392(921.21); 393(241.68); 394(434.88); 395(344.62); 396(568.2); 397(218.29); 398(552.1); 399(621.76); 400(178.83); 401(466.95); 402(866.83); 403(128.53); 404(93.29); 405(941.19); 406(464.25); 407(524.28); 408(764.52); 409(244.03); 410(506.61); 411(242.86); 412(862.06); 413(916.22); 414(750.41); 415(899.53); 416(643.67); 417(384.2); 418(498.18); 419(417.99); 420(109.57); 421(469.54); 422(235.6); 423(968.1); 424(958.7); 425(482.92); 426(218.54); 427(532.66); 428(967.15); 429(546.61); 430(582.79); 431(130.77); 432(587.79); 433(761.71); 434(999.41); 435(401.47); 436(105.67); 437(419.51); 438(649.19); 439(85.77); 440(471.52); 441(933.77); 442(381.32); 443(215.34); 444(456.54); 445(670.98); 446(572.08); 447(639.36); 448(681.94); 449(978.54); 450(800.63); 451(856.46); 452(563.61); 453(787.15); 454(377.07); 455(185.63); 456(192.91); 457(402.12); 458(98.56); 459(816.77); 460(118.33); 461(986.24); 462(574.35); 463(95.41); 464(644.64); 465(618.94); 466(164.11); 467(93.0); 468(612.38); 469(888.63); 470(419.85); 471(67.5); 472(418.88); 473(635.96); 474(203.31); 475(995.63); 476(723.66); 477(455.08); 478(915.25); 479(418.16); 480(93.42); 481(239.26); 482(721.96); 483(254.58); 484(277.21); 485(396.05); 486(528.18); 487(437.47); 488(711.15); 489(656.15); 491(155.23); 492(888.42); 493(578.4); 494(746.69); 495(143.0); 496(793.05); 497(627.48); 498(441.99); 499(397.22),2
491,0(551.59); 1(339.88); 2(397.49); 3(356.51); 4(452.88); 5(11.92); 6(803.1); 7(60.43); 8(271.12); 9(677.0); 10(565.19); 11(964.89); 12(14.48); 13(970.21); 14(857.88); 15(725.78); 16(325.97); 17(193.78); 18(45.02); 19(286.87); 20(675.4); 21(512.18); 22(510.42); 23(166.43); 24(632.25); 25(492.61); 26(238.07); 27(779.79); 28(403.07); 29(900.66); 30(828.26); 31(890.91); 32(599.1); 33(100.21); 34(574.48); 35(805.74); 36(790.84); 37(857.51); 38(260.31); 39(771.47); 40(897.07); 41(591.8); 42(305.21); 43(742.57); 44(904.24); 45(585.65); 46(520.41); 47(36.77); 48(571.22); 49(916.03); 50(676.25); 51(492.15); 52(802.09); 53(294.76); 54(490.18); 55(836.42); 56(210.72); 57(925.95); 58(633.05); 59(169.15); 60(69.04); 61(499.38); 62(68.88); 63(911.06); 64(265.01); 65(697.39); 66(427.65); 67(22.32); 68(440.1); 69(948.73); 70(520.86); 71(231.43); 72(99.37); 73(783.04); 74(28.89); 75(980.43); 76(316.88); 77(876.13); 78(776.16); 79(671.09); 80(1.56); 81(688.99); 82(659.98); 83(167.92); 84(576.94); 85(732.21); 86(606.32); 87(446.69); 88(825.86); 89(475.67); 90(722.29); 91(576.03); 92(667.03); 93(262.2); 94(966.26); 95(586.05); 96(694.85); 97(946.77); 98(470.81); 99(746.24); 100(672.17); 101(239.03); 102(531.48); 103(247.61); 104(952.76); 105(851.55); 106(725.05); 107(906.75); 108(528.87); 109(815.11); 110(429.72); 111(498.45); 112(208.54); 113(440.84); 114(29.84); 115(820.32); 116(388.93); 117(451.18); 118(95.64); 119(22.24); 120(49.61); 121(466.45); 122(745.9); 123(479.29); 124(598.66); 125(293.73); 126(119.04); 127(824.66); 128(144.77); 129(201.17); 130(304.9); 131(546.03); 132(788.23); 133(63.01); 134(270.39); 135(33.71); 136(960.24); 137(223.63); 138(558.74); 139(762.68); 140(80.74); 141(12.42); 142(836.82); 143(685.26); 144(965.95); 145(329.07); 146(694.09); 147(666.69); 148(87.38); 149(95.82); 150(830.43); 151(403.02); 152(476.98); 153(218.1); 154(213.14); 155(826.35); 156(681.02); 157(145.12); 158(614.49); 159(665.52); 160(468.74); 161(269.45); 162(946.23); 163(464.15); 164(923.19); 165(115.01); 166(776.22); 167(304.14); 168(890.67); 169(91.48); 170(725.03); 171(157.71); 172(325.88); 173(184.81); 174(352.96); 175(135.22); 176(287.38); 177(609.87); 178(586.46); 179(740.52); 180(409.58); 181(567.28); 182(201.66); 183(611.47); 184(619.72); 185(842.67); 186(880.6); 187(408.82); 188(466.47); 189(791.7); 190(31.07); 191(10.1); 192(887.03); 193(914.89); 194(357.96); 195(321.84); 196(971.6); 197(698.65); 198(568.31); 199(363.99); 200(102.94); 201(38.26); 202(970.24); 203(268.76); 204(10.06); 205(313.92); 206(588.08); 207(289.76); 208(688.39); 209(629.4); 210(528.33); 211(881.12); 212(431.92); 213(554.07); 214(664.43); 215(828.42); 216(203.75); 217(396.78); 218(73.92); 219(161.15); 220(349.69); 221(381.64); 222(541.36); 223(348.71); 224(933.74); 225(813.09); 226(257.27); 227(19.45); 228(713.95); 229(450.06); 230(128.55); 231(530.62); 232(293.67); 233(705.8); 234(268.01); 235(902.21); 236(381.03); 237(861.79); 238(344.91); 239(992.44); 240(718.15); 241(581.43); 242(842.34); 243(473.92); 244(752.44); 245(572.25); 246(786.4); 247(73.76); 248(349.02); 249(736.33); 250(3.39); 251(686.52); 252(902.22); 253(197.97); 254(766.6); 255(797.18); 256(737.04); 257(158.73); 258(297.31); 259(648.47); 260(70.33); 261(136.73); 262(212.96); 263(959.7); 264(27.15); 265(749.82); 266(472.1); 267(772.95); 268(531.29); 269(234.15); 270(336.64); 271(834.84); 272(379.94); 273(436.71); 274(632.21); 275(824.96); 276(326.97); 277(488.09); 278(835.29); 279(470.37); 280(616.8); 281(641.23); 282(744.94); 283(74.53); 284(183.82); 285(185.75); 286(583.84); 287(525.28); 288(504.57); 289(617.62); 290(737.14); 291(344.24); 292(96.76); 293(889.44); 294(193.09); 295(559.04); 296(646.97); 297(27.8); 298(524.51); 299(22.93); 300(3.74); 301(305.31); 302(995.57); 303(801.47); 304(732.43); 305(836.21); 306(663.32); 307(791.95); 308(620.57); 309(283.11); 310(975.01); 311(462.53); 312(347.09); 313(882.63); 314(203.97); 315(278.39); 316(121.06); 317(154.96); 318(445.0); 319(814.03); 320(331.61); 321(697.69); 322(43.66); 323(131.06); 324(105.92); 325(915.37); 326(260.4); 327(49.83); 328(215.41); 329(520.24); 330(280.69); 331(967.04); 332(678.75); 333(284.05); 334(255.52); 335(358.4); 336(675.41); 337(871.63); 338(46.42); 339(810.11); 340(819.2); 341(926.62); 342(65.09); 343(414.65); 344(547.4); 345(992.31); 346(117.86); 347(908.62); 348(545.24); 349(440.32); 350(77.38); 351(68.76); 352(854.89); 353(880.14); 354(558.39); 355(307.02); 356(507.07); 357(11.98); 358(12.51); 359(750.77); 360(751.68); 361(656.3); 362(929.92); 363(903.11); 364(487.21); 365(258.34); 366(176.5); 367(760.47); 368(291.24); 369(943.75); 370(977.64); 371(241.68); 372(818.27); 373(857.18); 374(896.89); 375(922.48); 376(345.5); 377(611.95); 378(830.39); 379(149.1); 380(91.16); 381(191.53); 382(5.43); 383(342.64); 384(243.68); 385(360.17); 386(722.13); 387(133.64); 388(826.68); 389(913.14); 390(569.16); 391(888.66); 392(168.46); 393(261.28); 394(537.81); 395(502.26); 396(346.84); 397(793.08); 398(38.87); 399(944.75); 400(607.85); 401(773.51); 402(797.05); 403(830.32); 404(87.5); 405(409.03); 406(488.82); 407(795.78); 408(994.98); 409(498.27); 410(766.49); 411(594.21); 412(365.72); 413(386.6); 414(891.92); 415(936.74); 416(781.95); 417(53.7); 418(906.4); 419(17.94); 420(135.1); 421(155.66); 422(118.55); 423(518.34); 424(806.54); 425(279.54); 426(613.75); 427(624.8); 428(314.31); 429(883.19); 430(50.43); 431(638.01); 432(272.14); 433(701.63); 434(792.19); 435(345.39); 436(662.76); 437(926.84); 438(111.91); 439(22.3); 440(168.94); 441(821.06); 442(615.25); 443(307.23); 444(16.49); 445(95.45); 446(747.51); 447(294.96); 448(126.1); 449(566.57); 450(237.82); 451(786.1); 452(158.9); 453(154.17); 454(445.52); 455(713.24); 456(699.53); 457(588.91); 458(894.75); 459(256.64); 460(796.03); 461(515.48); 462(296.2); 463(412.82); 464(474.75); 465(375.86); 466(601.8); 467(416.33); 468(546.28); 469(654.59); 470(886.63); 471(513.03); 472(739.31); 473(296.13); 474(153.35); 475(802.4); 476(278.19); 477(171.3); 478(273.69); 479(205.91); 480(902.68); 481(15.66); 482(54.2); 483(441.6); 484(211.9); 485(564.93); 486(212.99); 487(643.82); 488(162.71); 489(543.03); 490(155.23); 492(266.88); 493(679.36); 494(172.41); 495(233.12); 496(919.67); 497(86.96); 498(538.84); 499(206.44),1
492,0(793.56); 1(625.46); 2(868.32); 3(972.0); 4(773.35); 5(985.39); 6(174.74); 7(393.52); 8(852.75); 9(294.06); 10(267.53); 11(113.71); 12(81.14); 13(992.76); 14(334.96); 15(239.77); 16(658.75); 17(86.22); 18(602.25); 19(329.19); 20(832.17); 21(963.16); 22(778.84); 23(892.76); 24(221.64); 25(933.73); 26(146.43); 27(69.34); 28(970.42); 29(686.11); 30(842.66); 31(804.87); 32(976.88); 33(291.41); 34(162.24); 35(78.64); 36(111.5); 37(41.09); 38(864.5); 39(112.84); 40(154.2); 41(795.97); 42(666.17); 43(830.85); 44(339.77); 45(983.2); 46(672.08); 47(689.45); 48(683.41); 49(737.62); 50(281.09); 51(577.04); 52(473.24); 53(225.45); 54(497.27); 55(855.41); 56(100.59); 57(552.49); 58(935.89); 59(912.96); 60(837.43); 61(631.49); 62(905.68); 63(869.26); 64(500.63); 65(797.43); 66(494.14); 67(101.9); 68(119.13); 69(93.42); 70(39.99); 71(188.33); 72(693.07); 73(51.55); 74(412.99); 75(310.63); 76(582.96); 77(840.13); 78(929.0); 79(124.87); 80(702.24); 81(857.95); 82(387.04); 83(236.63); 84(65.6); 85(509.58); 86(936.32); 87(197.08); 88(108.49); 89(656.37); 90(782.98); 91(131.43); 92(6.36); 93(363.09); 94(391.86); 95(554.86); 96(613.14); 97(43.32); 98(867.55); 99(949.01); 100(600.19); 101(279.21); 102(66.97); 103(874.35); 104(567.37); 105(388.5); 106(763.56); 107(6.23); 108(9.27); 109(980.6); 110(853.03); 111(0.36); 112(663.38); 113(557.7); 114(235.17); 115(653.05); 116(230.75); 117(372.76); 118(688.08); 119(320.71); 120(638.5); 121(179.87); 122(901.36); 123(446.83); 124(225.06); 125(907.33); 126(644.75); 127(705.37); 128(568.76); 129(672.87); 130(332.11); 131(318.73); 132(91.76); 133(165.8); 134(915.48); 135(243.38); 136(441.52); 137(138.13); 138(843.6); 139(679.13); 140(766.69); 141(456.41); 142(542.41); 143(263.36); 144(659.97); 145(802.84); 146(512.97); 147(442.04); 148(267.65); 149(112.17); 150(575.11); 151(799.37); 152(637.4); 153(434.13); 154(556.21); 155(674.38); 156(892.61); 157(860.79); 158(367.96); 159(342.06); 160(863.29); 161(217.37); 162(544.98); 163(99.92); 164(896.6); 165(387.92); 166(658.11); 167(501.06); 168(470.12); 169(551.47); 170(909.44); 171(830.41); 172(553.98); 173(443.51); 174(308.78); 175(249.73); 176(786.22); 177(338.28); 178(557.56); 179(191.06); 180(190.58); 181(990.82); 182(295.38); 183(273.8); 184(857.2); 185(439.65); 186(597.44); 187(227.73); 188(803.5); 189(857.2); 190(276.56); 191(106.45); 192(607.36); 193(228.72); 194(321.44); 195(523.64); 196(866.43); 197(610.12); 198(18.82); 199(401.44); 200(226.63); 201(181.35); 202(43.78); 203(409.08); 204(798.46); 205(98.45); 206(158.31); 207(121.05); 208(373.17); 209(380.18); 210(611.9); 211(608.05); 212(94.1); 213(637.48); 214(536.08); 215(589.27); 216(626.53); 217(899.23); 218(505.68); 219(496.76); 220(17.45); 221(655.99); 222(549.61); 223(473.02); 224(450.41); 225(590.5); 226(721.55); 227(943.45); 228(788.38); 229(318.31); 230(414.85); 231(349.36); 232(83.0); 233(502.93); 234(712.53); 235(220.31); 236(741.99); 237(618.1); 238(610.93); 239(726.75); 240(266.39); 241(934.24); 242(162.4); 243(538.93); 244(879.7); 245(979.74); 246(755.51); 247(782.95); 248(78.0); 249(956.32); 250(463.82); 251(294.28); 252(421.99); 253(739.17); 254(398.4); 255(505.0); 256(870.9); 257(890.84); 258(899.03); 259(597.98); 260(97.98); 261(364.51); 262(146.16); 263(358.4); 264(955.15); 265(450.59); 266(729.95); 267(231.22); 268(767.69); 269(375.2); 270(684.07); 271(593.17); 272(694.62); 273(454.24); 274(801.78); 275(488.1); 276(662.18); 277(842.24); 278(779.19); 279(616.01); 280(417.68); 281(942.74); 282(514.3); 283(319.71); 284(631.75); 285(657.04); 286(123.58); 287(897.48); 288(497.46); 289(944.41); 290(45.28); 291(921.19); 292(135.7); 293(695.78); 294(992.64); 295(576.48); 296(350.27); 297(953.34); 298(861.71); 299(699.88); 300(950.48); 301(514.68); 302(429.61); 303(738.51); 304(278.72); 305(30.31); 306(388.79); 307(120.25); 308(718.49); 309(755.38); 310(969.0); 311(916.02); 312(603.45); 313(227.58); 314(535.45); 315(513.36); 316(160.74); 317(853.02); 318(355.48); 319(64.86); 320(571.9); 321(47.3); 322(789.04); 323(547.3); 324(218.74); 325(382.99); 326(921.88); 327(931.25); 328(345.51); 329(356.93); 330(77.06); 331(111.33); 332(455.04); 333(577.74); 334(119.05); 335(863.26); 336(232.53); 337(957.97); 338(642.93); 339(275.2); 340(425.34); 341(429.12); 342(504.24); 343(526.63); 344(355.7); 345(133.21); 346(38.77); 347(592.36); 348(715.13); 349(448.74); 350(702.96); 351(14.66); 352(702.05); 353(512.07); 354(120.48); 355(590.39); 356(200.65); 357(611.68); 358(379.05); 359(937.96); 360(788.48); 361(549.82); 362(167.34); 363(301.96); 364(275.38); 365(803.02); 366(52.94); 367(127.22); 368(329.3); 369(729.1); 370(953.74); 371(96.43); 372(574.67); 373(863.46); 374(962.39); 375(245.37); 376(203.71); 377(224.35); 378(975.45); 379(957.22); 380(913.1); 381(50.92); 382(570.72); 383(81.86); 384(223.77); 385(79.5); 386(36.78); 387(218.65); 388(729.98); 389(680.72); 390(146.24); 391(80.91); 392(793.59); 393(376.92); 394(320.49); 395(599.83); 396(512.05); 397(625.88); 398(841.39); 399(663.02); 400(360.15); 401(896.0); 402(606.77); 403(984.76); 404(447.93); 405(866.15); 406(378.79); 407(652.85); 408(490.48); 409(142.36); 410(894.38); 411(649.36); 412(970.77); 413(84.89); 414(990.81); 415(487.41); 416(417.36); 417(392.91); 418(686.41); 419(280.52); 420(718.98); 421(745.59); 422(177.77); 423(400.03); 424(178.6); 425(974.74); 426(188.23); 427(148.94); 428(100.1); 429(409.52); 430(93.95); 431(492.63); 432(715.87); 433(568.87); 434(280.05); 435(465.27); 436(209.99); 437(394.7); 438(432.1); 439(789.02); 440(308.24); 441(764.25); 442(903.09); 443(479.82); 444(441.06); 445(995.75); 446(709.76); 447(15.06); 448(828.1); 449(300.72); 450(751.96); 451(34.51); 452(294.52); 453(776.84); 454(155.2); 455(379.79); 456(520.2); 457(920.28); 458(867.54); 459(716.25); 460(994.14); 461(763.71); 462(548.9); 463(536.8); 464(739.23); 465(712.74); 466(981.07); 467(788.87); 468(692.95); 469(914.83); 470(122.55); 471(42.42); 472(701.67); 473(831.42); 474(513.23); 475(658.69); 476(750.05); 477(577.04); 478(226.27); 479(215.96); 480(703.34); 481(176.77); 482(233.68); 483(645.01); 484(319.84); 485(418.65); 486(96.35); 487(566.67); 488(152.27); 489(159.53); 490(888.42); 491(266.88); 493(649.1); 494(759.74); 495(21.18); 496(863.07); 497(898.64); 498(828.9); 499(174.46),1
493,0(945.4); 1(601.14); 2(125.48); 3(357.81); 4(407.96); 5(784.35); 6(382.54); 7(179.03); 8(931.28); 9(306.59); 10(980.38); 11(3.11); 12(144.42); 13(133.16); 14(734.06); 15(561.15); 16(972.74); 17(639.14); 18(599.16); 19(313.81); 20(646.03); 21(315.0); 22(360.53); 23(124.95); 24(20.83); 25(798.4); 26(336.33); 27(699.39); 28(285.8); 29(242.24); 30(649.95); 31(982.82); 32(383.08); 33(658.27); 34(158.18); 35(854.67); 36(553.62); 37(567.67); 38(673.07); 39(545.73); 40(836.67); 41(983.92); 42(964.62); 43(734.88); 44(852.43); 45(126.55); 46(796.44); 47(855.47); 48(449.0); 49(876.12); 50(684.13); 51(605.54); 52(285.09); 53(328.13); 54(982.85); 55(523.03); 56(233.14); 57(824.32); 58(111.67); 59(326.42); 60(4.54); 61(356.03); 62(689.61); 63(252.13); 64(838.09); 65(94.13); 66(199.17); 67(959.41); 68(4.22); 69(425.06); 70(20.92); 71(274.97); 72(523.03); 73(437.99); 74(568.26); 75(569.8); 76(5.38); 77(887.79); 78(160.9); 79(332.03); 80(201.58); 81(254.56); 82(490.45); 83(489.91); 84(158.09); 85(603.19); 86(826.65); 87(837.0); 88(399.0); 89(580.6); 90(972.77); 91(892.41); 92(996.12); 93(696.71); 94(858.99); 95(23.53); 96(155.67); 97(783.91); 98(248.15); 99(677.3); 100(189.33); 101(523.53); 102(578.79); 103(662.27); 104(465.77); 105(435.72); 106(612.81); 107(92.93); 108(57.3); 109(735.67); 110(247.51); 111(571.07); 112(918.16); 113(421.86); 114(988.57); 115(991.56); 116(588.98); 117(190.44); 118(52.73); 119(544.64); 120(432.48); 121(546.58); 122(875.22); 123(157.51); 124(925.78); 125(924.69); 126(665.45); 127(383.22); 128(632.15); 129(686.38); 130(518.76); 131(28.52); 132(876.7); 133(14.34); 134(684.35); 135(501.97); 136(203.33); 137(440.93); 138(273.64); 139(323.06); 140(729.88); 141(966.44); 142(333.78); 143(964.93); 144(683.2); 145(92.14); 146(866.72); 147(473.54); 148(930.19); 149(564.41); 150(319.99); 151(100.38); 152(808.35); 153(294.1); 154(199.96); 155(296.63); 156(730.32); 157(478.23); 158(758.11); 159(458.15); 160(419.49); 161(686.71); 162(299.93); 163(156.76); 164(539.71); 165(15.76); 166(887.9); 167(86.05); 168(958.32); 169(544.65); 170(4.18); 171(349.88); 172(940.0); 173(54.69); 174(609.64); 175(333.76); 176(765.28); 177(305.73); 178(717.36); 179(815.82); 180(25.27); 181(338.61); 182(419.38); 183(33.32); 184(168.7); 185(198.44); 186(955.13); 187(223.07); 188(806.79); 189(106.25); 190(673.6); 191(553.76); 192(625.68); 193(604.1); 194(960.25); 195(845.34); 196(626.16); 197(275.46); 198(311.92); 199(651.64); 200(511.3); 201(609.44); 202(979.5); 203(842.82); 204(196.13); 205(112.46); 206(658.01); 207(136.48); 208(508.13); 209(551.46); 210(817.15); 211(627.07); 212(254.03); 213(85.81); 214(993.37); 215(112.2); 216(539.57); 217(945.54); 218(998.77); 219(653.57); 220(181.97); 221(645.93); 222(611.91); 223(262.27); 224(257.93); 225(835.72); 226(786.98); 227(381.47); 228(486.3); 229(838.03); 230(0.41); 231(981.3); 232(974.16); 233(896.71); 234(962.88); 235(868.47); 236(678.72); 237(188.53); 238(470.78); 239(433.01); 240(382.72); 241(28.79); 242(39.1); 243(560.34); 244(624.11); 245(985.96); 246(48.28); 247(411.39); 248(432.94); 249(484.9); 250(593.82); 251(859.0); 252(245.21); 253(458.39); 254(759.87); 255(352.21); 256(886.82); 257(515.4); 258(955.38); 259(508.08); 260(359.33); 261(472.59); 262(433.54); 263(5.64); 264(423.49); 265(459.05); 266(184.52); 267(567.15); 268(62.25); 269(159.94); 270(929.54); 271(55.99); 272(639.85); 273(168.71); 274(647.02); 275(398.19); 276(594.08); 277(496.11); 278(431.89); 279(807.82); 280(723.54); 281(782.73); 282(345.64); 283(861.51); 284(906.11); 285(412.43); 286(547.4); 287(39.35); 288(169.8); 289(616.41); 290(306.42); 291(735.72); 292(649.53); 293(544.07); 294(380.3); 295(898.34); 296(578.22); 297(90.86); 298(728.36); 299(334.48); 300(226.95); 301(122.3); 302(754.81); 303(108.27); 304(343.75); 305(693.86); 306(941.19); 307(995.69); 308(723.27); 309(782.14); 310(754.04); 311(405.29); 312(458.56); 313(230.11); 314(355.27); 315(268.58); 316(190.41); 317(157.5); 318(772.15); 319(824.9); 320(303.16); 321(632.15); 322(482.3); 323(729.17); 324(12.52); 325(439.56); 326(671.02); 327(110.03); 328(659.32); 329(820.68); 330(255.76); 331(317.32); 332(777.85); 333(524.82); 334(123.3); 335(365.92); 336(108.12); 337(167.72); 338(314.89); 339(816.23); 340(637.74); 341(860.12); 342(532.29); 343(620.02); 344(746.42); 345(533.93); 346(384.56); 347(129.86); 348(479.7); 349(885.55); 350(862.3); 351(775.3); 352(628.77); 353(471.9); 354(142.99); 355(76.12); 356(972.05); 357(877.38); 358(289.31); 359(726.05); 360(331.65); 361(224.15); 362(168.29); 363(975.9); 364(179.59); 365(166.16); 366(810.12); 367(644.93); 368(475.7); 369(447.27); 370(459.59); 371(745.48); 372(100.29); 373(666.65); 374(560.13); 375(423.28); 376(823.9); 377(662.55); 378(734.71); 379(352.6); 380(364.02); 381(355.59); 382(331.85); 383(44.8); 384(617.17); 385(862.59); 386(768.64); 387(530.34); 388(350.45); 389(92.2); 390(231.83); 391(378.63); 392(225.67); 393(500.17); 394(526.34); 395(107.81); 396(982.33); 397(484.9); 398(931.87); 399(110.24); 400(870.04); 401(331.87); 402(996.05); 403(622.79); 404(48.08); 405(326.67); 406(207.15); 407(911.24); 408(415.05); 409(502.29); 410(617.59); 411(464.13); 412(743.84); 413(807.8); 414(230.36); 415(673.01); 416(903.56); 417(924.83); 418(739.4); 419(908.44); 420(711.96); 421(232.02); 422(634.74); 423(836.27); 424(167.18); 425(14.35); 426(871.71); 427(171.7); 428(360.56); 429(789.63); 430(416.19); 431(699.46); 432(302.64); 433(869.68); 434(594.35); 435(972.74); 436(487.35); 437(640.09); 438(457.02); 439(847.26); 440(376.67); 441(412.33); 442(992.37); 443(106.43); 444(13.94); 445(608.28); 446(516.73); 447(204.91); 448(225.18); 449(742.94); 450(398.32); 451(431.15); 452(637.02); 453(154.2); 454(785.47); 455(906.91); 456(68.75); 457(416.42); 458(68.44); 459(276.55); 460(186.54); 461(204.84); 462(30.94); 463(854.96); 464(482.7); 465(765.89); 466(212.13); 467(172.29); 468(27.18); 469(107.94); 470(12.87); 471(419.71); 472(13.12); 473(26.15); 474(407.25); 475(822.76); 476(565.37); 477(248.56); 478(930.76); 479(211.88); 480(22.55); 481(560.43); 482(350.42); 483(288.43); 484(794.68); 485(111.66); 486(999.7); 487(949.85); 488(725.89); 489(987.9); 490(578.4); 491(679.36); 492(649.1); 494(74.53); 495(649.87); 496(414.81); 497(973.08); 498(512.28); 499(804.62),1
494,0(720.64); 1(57.47); 2(376.83); 3(842.75); 4(33.72); 5(484.98); 6(468.92); 7(220.01); 8(418.01); 9(145.56); 10(632.6); 11(604.4); 12(544.63); 13(747.65); 14(952.69); 15(868.82); 16(87.91); 17(505.34); 18(297.09); 19(830.97); 20(432.16); 21(627.43); 22(475.98); 23(394.41); 24(96.45); 25(172.31); 26(155.68); 27(682.79); 28(183.07); 29(587.91); 30(650.83); 31(251.02); 32(17.04); 33(547.88); 34(23.24); 35(8.7); 36(209.82); 37(748.64); 38(155.98); 39(351.65); 40(284.37); 41(510.34); 42(543.45); 43(923.22); 44(241.5); 45(757.5); 46(283.93); 47(702.6); 48(146.72); 49(19.7); 50(810.24); 51(999.4); 52(944.13); 53(744.27); 54(373.13); 55(247.95); 56(865.08); 57(877.45); 58(441.18); 59(11.69); 60(154.5); 61(55.98); 62(100.64); 63(397.45); 64(982.95); 65(804.46); 66(736.38); 67(544.62); 68(57.39); 69(530.68); 70(896.81); 71(805.6); 72(5.31); 73(587.96); 74(18.7); 75(798.02); 76(792.84); 77(333.55); 78(595.11); 79(794.48); 80(993.32); 81(393.56); 82(360.86); 83(152.81); 84(718.99); 85(303.96); 86(524.67); 87(896.26); 88(191.14); 89(632.45); 90(749.28); 91(383.76); 92(252.14); 93(352.88); 94(242.11); 95(773.97); 96(260.88); 97(668.7); 98(481.14); 99(232.86); 100(203.55); 101(341.06); 102(546.58); 103(809.65); 104(118.47); 105(765.19); 106(867.5); 107(152.46); 108(885.6); 109(750.08); 110(623.93); 111(110.02); 112(758.71); 113(965.5); 114(359.87); 115(179.26); 116(860.61); 117(811.85); 118(322.78); 119(637.35); 120(295.59); 121(660.12); 122(965.75); 123(85.39); 124(512.43); 125(969.16); 126(566.76); 127(500.56); 128(736.42); 129(940.27); 130(866.89); 131(820.79); 132(867.57); 133(807.98); 134(770.35); 135(814.23); 136(730.81); 137(643.39); 138(555.85); 139(516.13); 140(305.77); 141(291.57); 142(84.49); 143(926.56); 144(987.02); 145(937.02); 146(882.49); 147(138.98); 148(181.62); 149(169.77); 150(761.95); 151(302.01); 152(728.4); 153(184.22); 154(990.0); 155(274.77); 156(876.8); 157(80.72); 158(163.88); 159(825.42); 160(161.75); 161(89.6); 162(882.22); 163(634.93); 164(422.6); 165(655.37); 166(959.22); 167(945.87); 168(20.91); 169(763.68); 170(828.22); 171(678.79); 172(579.84); 173(449.1); 174(918.07); 175(228.8); 176(960.91); 177(792.48); 178(910.65); 179(136.3); 180(183.25); 181(716.36); 182(841.28); 183(595.46); 184(743.78); 185(164.72); 186(857.97); 187(688.49); 188(716.79); 189(41.52); 190(179.19); 191(240.93); 192(389.24); 193(631.29); 194(786.17); 195(39.32); 196(165.88); 197(100.67); 198(130.65); 199(651.09); 200(943.81); 201(148.44); 202(215.6); 203(396.86); 204(611.91); 205(481.09); 206(378.83); 207(376.91); 208(321.81); 209(813.18); 210(759.21); 211(858.18); 212(294.37); 213(964.15); 214(852.0); 215(729.15); 216(60.54); 217(391.82); 218(183.45); 219(169.54); 220(401.12); 221(914.84); 222(334.34); 223(626.79); 224(614.38); 225(451.74); 226(883.19); 227(154.13); 228(308.06); 229(817.9); 230(918.57); 231(848.09); 232(239.63); 233(471.96); 234(270.59); 235(166.08); 236(898.46); 237(780.79); 238(663.12); 239(152.71); 240(415.31); 241(635.18); 242(17.08); 243(595.69); 244(788.79); 245(116.75); 246(752.12); 247(181.61); 248(838.56); 249(924.17); 250(178.44); 251(580.75); 252(869.48); 253(466.75); 254(807.98); 255(616.28); 256(382.57); 257(394.37); 258(447.66); 259(880.21); 260(321.87); 261(635.03); 262(69.34); 263(543.94); 264(703.93); 265(278.88); 266(144.22); 267(907.28); 268(313.41); 269(946.54); 270(272.76); 271(162.27); 272(884.56); 273(347.93); 274(888.26); 275(749.74); 276(107.15); 277(533.49); 278(111.86); 279(154.65); 280(844.63); 281(735.35); 282(299.47); 283(318.67); 284(939.96); 285(216.15); 286(507.24); 287(725.84); 288(184.07); 289(173.55); 290(526.62); 291(696.36); 292(309.91); 293(244.01); 294(792.82); 295(348.6); 296(284.27); 297(360.01); 298(797.64); 299(708.06); 300(544.14); 301(168.68); 302(737.56); 303(398.6); 304(209.21); 305(150.99); 306(303.79); 307(785.06); 308(337.09); 309(117.0); 310(430.38); 311(634.23); 312(100.14); 313(431.88); 314(465.73); 315(820.47); 316(659.71); 317(752.19); 318(581.82); 319(209.81); 320(708.59); 321(133.73); 322(821.46); 323(732.39); 324(268.91); 325(247.86); 326(276.53); 327(692.13); 328(625.0); 329(505.51); 330(214.86); 331(768.37); 332(483.08); 333(196.55); 334(578.03); 335(932.48); 336(197.54); 337(707.18); 338(697.77); 339(35.3); 340(177.81); 341(792.19); 342(127.65); 343(432.17); 344(728.34); 345(670.91); 346(708.7); 347(856.22); 348(509.09); 349(451.68); 350(730.01); 351(223.44); 352(387.47); 353(555.05); 354(961.52); 355(212.67); 356(737.87); 357(281.71); 358(934.31); 359(563.06); 360(391.98); 361(844.66); 362(522.91); 363(537.45); 364(205.52); 365(247.39); 366(661.64); 367(670.29); 368(920.45); 369(631.22); 370(487.15); 371(494.76); 372(314.82); 373(232.71); 374(847.92); 375(737.47); 376(856.95); 377(188.39); 378(303.19); 379(801.85); 380(471.3); 381(455.84); 382(758.02); 383(417.98); 384(930.56); 385(813.16); 386(840.99); 387(478.39); 388(192.48); 389(800.03); 390(624.38); 391(418.12); 392(719.37); 393(648.97); 394(488.42); 395(967.75); 396(927.73); 397(716.56); 398(1.38); 399(303.89); 400(213.23); 401(782.71); 402(945.91); 403(11.44); 404(320.49); 405(748.97); 406(896.26); 407(754.96); 408(57.5); 409(622.21); 410(980.18); 411(184.96); 412(275.77); 413(947.08); 414(328.77); 415(285.12); 416(937.94); 417(793.41); 418(73.2); 419(158.36); 420(23.04); 421(754.96); 422(238.36); 423(83.73); 424(233.95); 425(62.58); 426(800.88); 427(433.75); 428(359.59); 429(696.93); 430(694.29); 431(15.7); 432(306.67); 433(86.79); 434(458.97); 435(781.04); 436(397.58); 437(689.17); 438(712.89); 439(616.03); 440(294.82); 441(576.87); 442(933.25); 443(471.74); 444(374.61); 445(503.25); 446(219.3); 447(314.58); 448(899.2); 449(615.29); 450(178.54); 451(57.66); 452(421.82); 453(512.12); 454(19.14); 455(551.05); 456(427.59); 457(692.21); 458(822.88); 459(600.2); 460(556.69); 461(313.06); 462(337.31); 463(601.66); 464(625.48); 465(218.43); 466(542.25); 467(292.18); 468(977.76); 469(923.07); 470(609.96); 471(702.69); 472(867.92); 473(271.02); 474(78.92); 475(752.6); 476(872.39); 477(230.95); 478(571.93); 479(868.81); 480(948.46); 481(939.7); 482(458.51); 483(4.47); 484(975.49); 485(316.08); 486(552.41); 487(264.96); 488(608.58); 489(469.51); 490(746.69); 491(172.41); 492(759.74); 493(74.53); 495(529.38); 496(970.36); 497(184.91); 498(423.47); 499(113.58),1
495,0(142.51); 1(933.94); 2(2.44); 3(159.69); 4(607.34); 5(922.47); 6(374.13); 7(126.9); 8(439.44); 9(763.06); 10(347.14); 11(694.55); 12(662.48); 13(307.16); 14(235.99); 15(742.19); 16(561.36); 17(713.64); 18(703.04); 19(917.93); 20(255.22); 21(654.38); 22(566.64); 23(985.08); 24(629.6); 25(805.5); 26(474.45); 27(735.31); 28(374.11); 29(877.87); 30(749.98); 31(65.1); 32(637.99); 33(314.4); 34(542.96); 35(894.58); 36(64.14); 37(973.3); 38(49.03); 39(333.96); 40(684.28); 41(6.84); 42(196.43); 43(131.18); 44(689.2); 45(71.14); 46(418.81); 47(650.04); 48(554.43); 49(566.89); 50(24.55); 51(293.83); 52(726.74); 53(306.0); 54(54.12); 55(567.51); 56(367.01); 57(717.24); 58(558.46); 59(580.62); 60(225.98); 61(451.8); 62(255.4); 63(184.17); 64(676.36); 65(425.1); 66(239.87); 67(516.83); 68(480.17); 69(160.35); 70(941.83); 71(362.44); 72(435.7); 73(244.37); 74(910.62); 75(381.57); 76(674.8); 77(138.92); 78(315.21); 79(504.78); 80(357.87); 81(798.89); 82(428.27); 83(404.46); 84(702.89); 85(500.62); 86(401.98); 87(831.93); 88(55.3); 89(436.06); 90(642.49); 91(156.7); 92(444.57); 93(113.39); 94(494.34); 95(37.32); 96(494.43); 97(145.95); 98(375.19); 99(174.34); 100(4.34); 101(221.08); 102(792.14); 103(161.86); 104(762.68); 105(348.05); 106(516.31); 107(257.94); 108(378.22); 109(619.15); 110(76.75); 111(916.72); 112(457.59); 113(124.6); 114(689.2); 115(772.99); 116(500.5); 117(132.29); 118(176.48); 119(284.52); 120(177.67); 121(500.97); 122(551.53); 123(878.31); 124(779.21); 125(98.83); 126(923.36); 127(682.09); 128(525.44); 129(128.89); 130(998.45); 131(714.62); 132(349.38); 133(66.88); 134(199.48); 135(114.72); 136(431.48); 137(587.23); 138(295.18); 139(908.94); 140(871.81); 141(193.61); 142(555.08); 143(633.54); 144(50.61); 145(981.5); 146(772.7); 147(779.04); 148(769.0); 149(837.48); 150(291.99); 151(335.61); 152(693.96); 153(547.98); 154(296.47); 155(219.72); 156(413.37); 157(349.95); 158(143.94); 159(527.84); 160(238.51); 161(691.36); 162(704.45); 163(448.4); 164(743.04); 165(642.6); 166(99.06); 167(504.69); 168(101.38); 169(102.29); 170(260.85); 171(919.02); 172(100.85); 173(772.79); 174(578.64); 175(846.98); 176(521.2); 177(821.65); 178(424.33); 179(613.15); 180(173.61); 181(624.15); 182(531.02); 183(446.08); 184(53.88); 185(713.34); 186(161.91); 187(668.06); 188(440.33); 189(249.83); 190(839.49); 191(56.19); 192(237.76); 193(344.4); 194(662.45); 195(376.94); 196(625.95); 197(339.2); 198(878.5); 199(85.6); 200(694.13); 201(644.76); 202(461.76); 203(752.58); 204(152.93); 205(866.6); 206(451.56); 207(724.01); 208(800.82); 209(115.44); 210(678.94); 211(973.74); 212(633.78); 213(504.31); 214(873.0); 215(698.24); 216(385.24); 217(564.27); 218(255.66); 219(618.12); 220(487.87); 221(964.37); 222(263.05); 223(212.99); 224(355.75); 225(777.24); 226(845.39); 227(140.31); 228(779.75); 229(647.56); 230(649.74); 231(387.87); 232(30.09); 233(58.75); 234(175.5); 235(981.7); 236(991.72); 237(648.45); 238(276.99); 239(534.24); 240(607.3); 241(993.88); 242(555.66); 243(621.78); 244(266.4); 245(365.13); 246(730.42); 247(499.63); 248(434.41); 249(505.31); 250(528.94); 251(679.85); 252(74.63); 253(67.05); 254(315.43); 255(559.84); 256(199.85); 257(736.76); 258(535.38); 259(445.5); 260(300.2); 261(624.48); 262(542.84); 263(968.09); 264(61.37); 265(542.29); 266(478.38); 267(409.61); 268(667.6); 269(583.65); 270(866.37); 271(487.0); 272(728.27); 273(608.48); 274(83.02); 275(227.6); 276(422.83); 277(485.18); 278(860.98); 279(473.06); 280(626.14); 281(769.23); 282(68.4); 283(450.54); 284(869.67); 285(759.1); 286(553.78); 287(697.15); 288(985.93); 289(409.19); 290(387.58); 291(40.74); 292(336.95); 293(736.03); 294(541.57); 295(871.92); 296(499.85); 297(453.79); 298(967.07); 299(326.92); 300(949.29); 301(681.03); 302(478.36); 303(163.47); 304(908.15); 305(972.46); 306(207.97); 307(258.43); 308(199.18); 309(416.91); 310(574.37); 311(421.51); 312(962.1); 313(963.04); 314(751.47); 315(776.95); 316(52.37); 317(780.98); 318(744.79); 319(116.87); 320(795.94); 321(852.76); 322(913.74); 323(563.09); 324(620.64); 325(641.19); 326(224.14); 327(109.63); 328(51.09); 329(645.75); 330(819.47); 331(6.75); 332(104.86); 333(840.5); 334(953.76); 335(698.59); 336(167.18); 337(126.25); 338(309.22); 339(306.51); 340(627.58); 341(568.04); 342(477.88); 343(894.94); 344(259.15); 345(469.69); 346(905.08); 347(747.05); 348(906.87); 349(379.19); 350(425.84); 351(501.69); 352(800.16); 353(534.8); 354(175.99); 355(664.05); 356(518.95); 357(968.73); 358(415.43); 359(661.2); 360(906.27); 361(428.33); 362(56.22); 363(6.39); 364(281.84); 365(267.48); 366(611.5); 367(51.04); 368(241.03); 369(173.28); 370(858.52); 371(454.13); 372(268.07); 373(18.83); 374(12.68); 375(726.09); 376(0.97); 377(295.73); 378(961.31); 379(216.51); 380(7.07); 381(502.65); 382(831.57); 383(413.87); 384(595.79); 385(76.59); 386(51.35); 387(481.35); 388(504.63); 389(5.25); 390(704.83); 391(13.46); 392(793.57); 393(482.98); 394(723.93); 395(799.8); 396(498.64); 397(642.93); 398(60.67); 399(421.84); 400(280.42); 401(357.19); 402(69.13); 403(851.07); 404(690.35); 405(290.79); 406(205.31); 407(52.21); 408(662.97); 409(106.41); 410(756.02); 411(762.98); 412(423.9); 413(408.26); 414(84.4); 415(766.9); 416(2.45); 417(419.24); 418(410.15); 419(620.99); 420(805.07); 421(989.28); 422(502.88); 423(902.59); 424(574.74); 425(861.39); 426(506.87); 427(67.68); 428(896.82); 429(389.18); 430(655.78); 431(203.38); 432(950.94); 433(371.98); 434(659.14); 435(897.28); 436(771.98); 437(989.17); 438(198.25); 439(105.8); 440(554.7); 441(203.34); 442(293.96); 443(253.2); 444(805.46); 445(449.18); 446(436.43); 447(335.75); 448(735.97); 449(646.88); 450(160.14); 451(740.67); 452(965.31); 453(890.71); 454(201.82); 455(376.76); 456(471.39); 457(340.43); 458(934.73); 459(498.66); 460(409.75); 461(498.08); 462(818.41); 463(555.75); 464(652.8); 465(50.53); 466(334.16); 467(222.28); 468(15.93); 469(882.34); 470(655.89); 471(688.34); 472(324.07); 473(659.07); 474(908.64); 475(873.74); 476(90.37); 477(700.46); 478(982.63); 479(55.42); 480(842.23); 481(745.26); 482(770.87); 483(22.0); 484(704.42); 485(136.42); 486(360.84); 487(266.0); 488(476.19); 489(48.23); 490(143.0); 491(233.12); 492(21.18); 493(649.87); 494(529.38); 496(157.97); 497(373.92); 498(343.63); 499(181.97),1
496,0(65.71); 1(145.27); 2(109.06); 3(781.87); 4(673.3); 5(311.79); 6(513.39); 7(408.69); 8(919.77); 9(911.2); 10(513.73); 11(613.75); 12(454.35); 13(153.51); 14(319.6); 15(347.95); 16(739.61); 17(319.4); 18(447.0); 19(750.98); 20(308.08); 21(793.75); 22(330.17); 23(590.19); 24(997.18); 25(812.2); 26(747.52); 27(844.78); 28(623.66); 29(306.67); 30(383.27); 31(711.78); 32(35.94); 33(0.64); 34(487.05); 35(507.86); 36(497.92); 37(20.09); 38(848.64); 39(79.76); 40(112.82); 41(670.22); 42(845.06); 43(318.38); 44(959.38); 45(311.0); 46(709.11); 47(40.9); 48(812.07); 49(189.28); 50(472.57); 51(711.05); 52(670.92); 53(792.95); 54(428.7); 55(918.38); 56(922.04); 57(515.76); 58(108.46); 59(3.45); 60(600.01); 61(998.18); 62(135.7); 63(595.31); 64(890.42); 65(990.73); 66(367.43); 67(67.65); 68(866.86); 69(520.93); 70(317.94); 71(723.52); 72(726.7); 73(415.47); 74(153.83); 75(57.54); 76(922.26); 77(175.95); 78(970.1); 79(969.6); 80(90.76); 81(100.16); 82(90.24); 83(464.48); 84(692.22); 85(314.82); 86(103.94); 87(511.67); 88(295.37); 89(22.76); 90(325.31); 91(418.07); 92(831.67); 93(908.1); 94(7.22); 95(553.17); 96(985.83); 97(470.94); 98(994.37); 99(720.05); 100(919.73); 101(941.6); 102(793.66); 103(731.22); 104(16.0); 105(787.84); 106(969.72); 107(681.1); 108(230.77); 109(338.74); 110(617.72); 111(84.67); 112(919.26); 113(516.55); 114(474.37); 115(99.37); 116(469.19); 117(693.26); 118(228.77); 119(887.13); 120(703.62); 121(799.01); 122(322.98); 123(342.01); 124(944.52); 125(413.02); 126(450.36); 127(925.21); 128(963.34); 129(388.9); 130(699.25); 131(535.07); 132(694.36); 133(475.97); 134(338.43); 135(219.91); 136(206.72); 137(963.14); 138(752.76); 139(508.34); 140(115.34); 141(547.13); 142(164.81); 143(841.36); 144(212.02); 145(551.45); 146(988.18); 147(540.63); 148(991.75); 149(651.7); 150(375.38); 151(801.23); 152(35.78); 153(985.7); 154(453.02); 155(756.62); 156(660.71); 157(357.27); 158(267.33); 159(313.1); 160(482.94); 161(813.5); 162(430.92); 163(891.85); 164(548.57); 165(171.65); 166(994.34); 167(758.82); 168(782.39); 169(156.33); 170(941.56); 171(807.77); 172(544.57); 173(361.26); 174(605.2); 175(208.2); 176(376.13); 177(770.77); 178(473.29); 179(833.2); 180(352.33); 181(969.56); 182(327.98); 183(562.9); 184(578.92); 185(276.18); 186(498.02); 187(813.34); 188(519.25); 189(848.63); 190(808.64); 191(768.02); 192(471.09); 193(276.53); 194(265.93); 195(161.11); 196(463.75); 197(948.83); 198(182.44); 199(485.28); 200(677.79); 201(884.06); 202(595.64); 203(522.66); 204(962.45); 205(437.01); 206(107.35); 207(557.83); 208(673.78); 209(950.2); 210(954.59); 211(862.51); 212(304.81); 213(141.25); 214(296.14); 215(144.63); 216(9.07); 217(274.25); 218(515.94); 219(560.23); 220(630.44); 221(83.83); 222(617.25); 223(777.21); 224(776.13); 225(313.18); 226(889.43); 227(520.34); 228(4.0); 229(569.06); 230(701.93); 231(241.4); 232(771.82); 233(843.99); 234(335.51); 235(647.59); 236(745.04); 237(121.47); 238(601.62); 239(655.49); 240(931.08); 241(411.74); 242(450.91); 243(528.55); 244(671.83); 245(406.61); 246(678.86); 247(23.16); 248(558.53); 249(163.63); 250(127.33); 251(839.86); 252(181.5); 253(252.97); 254(363.89); 255(842.98); 256(225.44); 257(223.84); 258(697.39); 259(957.58); 260(700.56); 261(207.45); 262(941.19); 263(187.26); 264(613.22); 265(408.14); 266(964.28); 267(151.96); 268(398.46); 269(37.75); 270(835.23); 271(979.38); 272(757.9); 273(326.63); 274(835.34); 275(734.52); 276(677.85); 277(534.53); 278(484.66); 279(700.84); 280(494.47); 281(889.59); 282(954.26); 283(553.7); 284(16.11); 285(611.77); 286(136.1); 287(436.59); 288(894.38); 289(508.91); 290(52.55); 291(905.53); 292(445.34); 293(632.08); 294(519.0); 295(866.61); 296(917.71); 297(259.84); 298(829.46); 299(162.34); 300(175.32); 301(380.4); 302(424.76); 303(805.6); 304(157.9); 305(641.64); 306(793.12); 307(728.59); 308(93.79); 309(694.02); 310(985.29); 311(795.24); 312(461.13); 313(649.97); 314(654.43); 315(24.24); 316(809.31); 317(163.05); 318(102.01); 319(861.71); 320(820.93); 321(418.87); 322(183.15); 323(21.29); 324(238.88); 325(233.97); 326(645.74); 327(895.8); 328(987.95); 329(426.36); 330(486.32); 331(237.22); 332(374.87); 333(800.32); 334(384.19); 335(303.86); 336(516.59); 337(59.19); 338(418.1); 339(790.63); 340(782.13); 341(609.38); 342(27.03); 343(164.55); 344(84.99); 345(864.88); 346(708.69); 347(619.14); 348(563.65); 349(603.88); 350(638.77); 351(23.35); 352(125.48); 353(942.88); 354(607.59); 355(967.7); 356(284.51); 357(668.12); 358(316.77); 359(321.29); 360(304.41); 361(743.7); 362(193.56); 363(303.34); 364(153.31); 365(599.02); 366(821.28); 367(808.62); 368(552.15); 369(631.6); 370(108.59); 371(204.24); 372(41.38); 373(422.69); 374(820.06); 375(700.36); 376(970.84); 377(727.19); 378(804.23); 379(152.44); 380(47.62); 381(673.49); 382(184.07); 383(769.1); 384(26.02); 385(307.98); 386(0.63); 387(118.26); 388(574.08); 389(139.48); 390(749.67); 391(847.36); 392(84.97); 393(478.43); 394(901.88); 395(627.06); 396(258.33); 397(817.19); 398(44.02); 399(708.67); 400(232.07); 401(773.52); 402(777.51); 403(207.72); 404(438.17); 405(269.72); 406(650.89); 407(241.8); 408(439.16); 409(78.51); 410(926.72); 411(762.01); 412(469.57); 413(128.68); 414(638.0); 415(755.41); 416(521.4); 417(716.12); 418(440.11); 419(998.71); 420(668.07); 421(400.25); 422(467.03); 423(877.88); 424(172.61); 425(28.51); 426(416.14); 427(362.53); 428(648.12); 429(496.88); 430(767.24); 431(931.97); 432(3.32); 433(137.99); 434(931.53); 435(363.28); 436(247.81); 437(350.31); 438(96.86); 439(557.18); 440(230.49); 441(738.19); 442(69.97); 443(962.0); 444(780.98); 445(316.93); 446(738.56); 447(920.14); 448(370.79); 449(583.35); 450(750.72); 451(744.72); 452(917.74); 453(675.26); 454(193.34); 455(3.51); 456(502.14); 457(875.49); 458(821.24); 459(414.49); 460(733.28); 461(882.19); 462(606.29); 463(450.06); 464(247.0); 465(703.23); 466(146.22); 467(132.37); 468(526.2); 469(63.74); 470(937.44); 471(647.91); 472(273.59); 473(725.12); 474(890.13); 475(396.27); 476(765.37); 477(389.48); 478(441.9); 479(805.59); 480(458.74); 481(596.52); 482(97.24); 483(967.32); 484(415.6); 485(597.42); 486(648.97); 487(605.8); 488(801.41); 489(352.36); 490(793.05); 491(919.67); 492(863.07); 493(414.81); 494(970.36); 495(157.97); 497(349.17); 498(326.19); 499(910.22),1
497,0(688.28); 1(593.15); 2(499.76); 3(338.32); 4(290.07); 5(997.3); 6(836.06); 7(756.27); 8(850.54); 9(495.41); 10(52.45); 11(971.49); 12(393.13); 13(928.43); 14(96.2); 15(95.32); 16(252.67); 17(26.64); 18(404.5); 19(393.92); 20(553.54); 21(939.32); 22(610.04); 23(61.62); 24(40.12); 25(298.76); 26(628.73); 27(738.75); 28(825.52); 29(753.26); 30(438.42); 31(673.46); 32(0.79); 33(901.26); 34(220.67); 35(198.35); 36(385.53); 37(810.93); 38(567.3); 39(556.82); 40(921.29); 41(768.7); 42(314.88); 43(589.99); 44(914.46); 45(346.75); 46(471.69); 47(331.06); 48(283.31); 49(382.85); 50(71.8); 51(966.88); 52(654.41); 53(410.9); 54(177.25); 55(446.34); 56(522.31); 57(767.76); 58(580.38); 59(971.0); 60(215.91); 61(167.14); 62(644.8); 63(867.27); 64(559.13); 65(117.63); 66(323.49); 67(546.69); 68(651.7); 69(796.54); 70(145.88); 71(968.99); 72(701.47); 73(881.8); 74(877.26); 75(396.28); 76(278.61); 77(707.67); 78(8.66); 79(497.7); 80(728.3); 81(700.33); 82(884.08); 83(418.81); 84(540.73); 85(532.47); 86(621.69); 87(6.4); 88(558.89); 89(351.62); 90(58.82); 91(620.31); 92(621.2); 93(431.19); 94(143.0); 95(453.2); 96(328.27); 97(5.95); 98(357.31); 99(280.54); 100(583.94); 101(140.48); 102(644.85); 103(124.84); 104(696.8); 105(655.15); 106(547.76); 107(266.68); 108(447.65); 109(355.5); 110(340.08); 111(529.36); 112(398.54); 113(316.07); 114(391.65); 115(646.69); 116(847.62); 117(836.33); 118(954.7); 119(23.41); 120(271.78); 121(673.77); 122(469.75); 123(889.22); 124(319.77); 125(605.03); 126(88.32); 127(175.84); 128(911.64); 129(34.15); 130(373.4); 131(555.01); 132(728.5); 133(381.47); 134(509.75); 135(65.69); 136(367.93); 137(942.41); 138(160.22); 139(242.95); 140(593.48); 141(246.86); 142(271.95); 143(696.71); 144(137.66); 145(233.29); 146(802.54); 147(227.97); 148(755.36); 149(543.14); 150(391.14); 151(604.53); 152(436.23); 153(728.26); 154(534.45); 155(533.81); 156(481.05); 157(520.17); 158(187.88); 159(7.73); 160(352.26); 161(431.62); 162(830.25); 163(963.58); 164(180.93); 165(650.93); 166(796.34); 167(202.71); 168(805.96); 169(442.38); 170(222.5); 171(18.86); 172(847.44); 173(603.61); 174(582.18); 175(575.37); 176(106.69); 177(130.43); 178(715.33); 179(647.75); 180(690.31); 181(717.48); 182(238.15); 183(637.46); 184(108.23); 185(649.49); 186(764.76); 187(867.7); 188(139.65); 189(561.92); 190(802.71); 191(964.9); 192(368.31); 193(163.52); 194(565.77); 195(279.99); 196(546.56); 197(463.99); 198(790.52); 199(853.83); 200(218.97); 201(388.56); 202(446.42); 203(958.06); 204(281.29); 205(416.63); 206(909.01); 207(675.8); 208(320.67); 209(24.41); 210(121.07); 211(588.88); 212(129.62); 213(808.83); 214(39.79); 215(999.3); 216(663.55); 217(79.41); 218(310.87); 219(16.63); 220(459.81); 221(719.59); 222(81.17); 223(479.72); 224(744.03); 225(924.38); 226(975.04); 227(961.71); 228(615.46); 229(247.14); 230(379.57); 231(578.68); 232(994.04); 233(107.58); 234(337.33); 235(780.31); 236(722.66); 237(695.52); 238(936.69); 239(274.31); 240(915.17); 241(379.38); 242(309.56); 243(621.03); 244(345.81); 245(5.81); 246(326.41); 247(694.79); 248(470.99); 249(721.03); 250(867.53); 251(148.06); 252(323.31); 253(280.94); 254(66.31); 255(397.98); 256(931.88); 257(411.91); 258(934.73); 259(150.8); 260(751.04); 261(501.75); 262(156.27); 263(753.82); 264(922.31); 265(718.88); 266(832.05); 267(388.4); 268(840.74); 269(884.66); 270(952.57); 271(672.9); 272(38.27); 273(91.88); 274(18.22); 275(950.47); 276(517.3); 277(202.4); 278(879.39); 279(748.81); 280(767.41); 281(966.21); 282(426.35); 283(977.03); 284(340.45); 285(367.34); 286(735.22); 287(812.8); 288(331.54); 289(71.91); 290(283.7); 291(16.31); 292(846.75); 293(228.64); 294(886.79); 295(810.13); 296(651.04); 297(852.96); 298(862.72); 299(651.35); 300(172.44); 301(535.11); 302(334.82); 303(666.07); 304(598.2); 305(182.59); 306(894.32); 307(171.3); 308(497.06); 309(69.44); 310(626.8); 311(660.95); 312(521.36); 313(493.09); 314(487.21); 315(289.69); 316(517.42); 317(42.17); 318(120.82); 319(528.22); 320(523.86); 321(782.75); 322(32.76); 323(576.08); 324(487.75); 325(510.74); 326(893.34); 327(410.4); 328(781.42); 329(311.17); 330(122.88); 331(268.65); 332(602.46); 333(38.38); 334(549.27); 335(848.4); 336(430.31); 337(838.32); 338(277.91); 339(773.04); 340(890.56); 341(697.32); 342(571.5); 343(952.97); 344(822.03); 345(125.87); 346(57.45); 347(297.01); 348(549.85); 349(791.89); 350(220.38); 351(805.33); 352(906.51); 353(842.48); 354(477.24); 355(283.67); 356(881.86); 357(972.95); 358(287.72); 359(219.4); 360(31.97); 361(761.08); 362(391.78); 363(202.58); 364(927.98); 365(877.24); 366(343.01); 367(103.82); 368(226.31); 369(93.9); 370(702.86); 371(571.31); 372(583.45); 373(147.18); 374(688.23); 375(51.21); 376(81.96); 377(804.42); 378(386.99); 379(149.23); 380(662.68); 381(112.0); 382(709.96); 383(31.57); 384(446.29); 385(40.66); 386(324.05); 387(340.44); 388(967.66); 389(17.28); 390(5.67); 391(318.51); 392(561.58); 393(23.29); 394(347.49); 395(317.25); 396(214.4); 397(269.46); 398(698.91); 399(314.73); 400(765.52); 401(131.89); 402(683.72); 403(401.05); 404(339.66); 405(461.93); 406(548.61); 407(98.7); 408(765.99); 409(163.41); 410(238.4); 411(972.97); 412(853.94); 413(382.83); 414(815.93); 415(445.91); 416(920.75); 417(429.76); 418(921.41); 419(530.97); 420(407.55); 421(592.76); 422(326.48); 423(85.73); 424(337.01); 425(156.81); 426(887.02); 427(457.72); 428(248.19); 429(227.41); 430(13.21); 431(297.24); 432(211.48); 433(95.58); 434(321.39); 435(843.38); 436(711.87); 437(62.86); 438(3.04); 439(861.61); 440(452.1); 441(997.29); 442(274.09); 443(467.26); 444(31.64); 445(222.69); 446(454.43); 447(904.64); 448(171.98); 449(892.45); 450(847.69); 451(348.94); 452(78.13); 453(675.58); 454(487.48); 455(141.07); 456(101.39); 457(484.03); 458(556.82); 459(88.15); 460(475.1); 461(67.87); 462(905.05); 463(325.22); 464(702.49); 465(552.65); 466(16.89); 467(748.55); 468(7.33); 469(325.38); 470(629.19); 471(881.65); 472(941.43); 473(937.05); 474(77.31); 475(489.92); 476(706.25); 477(45.18); 478(754.42); 479(717.86); 480(103.08); 481(642.77); 482(221.32); 483(200.44); 484(881.75); 485(827.71); 486(816.67); 487(797.94); 488(841.89); 489(749.08); 490(627.48); 491(86.96); 492(898.64); 493(973.08); 494(184.91); 495(373.92); 496(349.17); 498(391.82); 499(660.79),2
498,0(662.41); 1(111.39); 2(230.64); 3(542.09); 4(878.94); 5(75.71); 6(736.07); 7(403.56); 8(426.04); 9(407.47); 10(466.17); 11(430.26); 12(707.21); 13(53.13); 14(728.83); 15(117.1); 16(271.92); 17(142.89); 18(852.75); 19(481.01); 20(377.47); 21(154.99); 22(486.51); 23(155.03); 24(470.43); 25(787.38); 26(361.63); 27(506.5); 28(330.78); 29(660.3); 30(430.83); 31(893.48); 32(429.64); 33(792.98); 34(363.38); 35(185.02); 36(599.79); 37(494.69); 38(348.76); 39(391.12); 40(517.88); 41(953.14); 42(664.41); 43(486.69); 44(250.75); 45(714.3); 46(423.52); 47(455.96); 48(416.18); 49(294.42); 50(420.44); 51(807.35); 52(793.09); 53(332.02); 54(395.2); 55(973.17); 56(104.87); 57(302.82); 58(710.91); 59(353.86); 60(607.7); 61(631.79); 62(933.21); 63(46.06); 64(464.49); 65(798.02); 66(427.08); 67(748.46); 68(887.65); 69(455.21); 70(745.99); 71(791.0); 72(852.59); 73(510.38); 74(354.84); 75(388.76); 76(616.64); 77(283.28); 78(965.57); 79(901.74); 80(787.49); 81(448.61); 82(283.81); 83(311.24); 84(575.45); 85(675.37); 86(290.55); 87(310.42); 88(173.24); 89(986.54); 90(58.06); 91(70.66); 92(267.18); 93(485.8); 94(880.41); 95(165.13); 96(873.79); 97(197.27); 98(963.95); 99(834.6); 100(813.59); 101(227.07); 102(143.84); 103(733.71); 104(619.2); 105(863.64); 106(100.99); 107(629.15); 108(189.05); 109(893.16); 110(754.78); 111(972.72); 112(475.18); 113(97.16); 114(267.85); 115(923.73); 116(246.87); 117(110.66); 118(36.52); 119(823.78); 120(464.84); 121(286.5); 122(898.41); 123(419.03); 124(736.4); 125(807.04); 126(670.27); 127(893.49); 128(819.02); 129(574.6); 130(664.26); 131(402.96); 132(65.99); 133(981.67); 134(763.28); 135(401.46); 136(804.7); 137(108.17); 138(115.51); 139(962.09); 140(152.86); 141(653.4); 142(609.88); 143(220.38); 144(210.36); 145(496.25); 146(155.44); 147(235.52); 148(437.04); 149(168.19); 150(336.81); 151(687.08); 152(878.21); 153(554.58); 154(921.76); 155(254.57); 156(408.53); 157(528.09); 158(290.63); 159(434.83); 160(252.59); 161(368.44); 162(741.35); 163(108.76); 164(476.31); 165(858.07); 166(949.37); 167(602.36); 168(316.89); 169(486.35); 170(587.06); 171(726.09); 172(593.28); 173(444.44); 174(778.72); 175(895.95); 176(813.5); 177(986.22); 178(436.81); 179(275.62); 180(899.89); 181(306.4); 182(163.2); 183(446.91); 184(457.27); 185(153.79); 186(971.33); 187(601.03); 188(885.35); 189(506.21); 190(91.62); 191(625.46); 192(623.09); 193(373.56); 194(885.48); 195(180.56); 196(447.78); 197(187.25); 198(203.17); 199(878.2); 200(345.79); 201(428.12); 202(621.03); 203(742.5); 204(636.83); 205(596.8); 206(184.4); 207(739.97); 208(718.09); 209(86.12); 210(258.79); 211(422.1); 212(818.03); 213(318.61); 214(697.42); 215(850.77); 216(791.98); 217(767.75); 218(741.66); 219(976.9); 220(319.44); 221(329.55); 222(836.45); 223(587.84); 224(28.04); 225(926.55); 226(140.31); 227(908.32); 228(942.29); 229(359.47); 230(194.29); 231(131.76); 232(884.11); 233(523.62); 234(460.27); 235(929.12); 236(27.0); 237(352.07); 238(120.51); 239(897.26); 240(661.88); 241(174.99); 242(534.56); 243(87.4); 244(907.15); 245(259.04); 246(448.42); 247(967.08); 248(944.96); 249(233.84); 250(984.37); 251(144.31); 252(839.96); 253(979.53); 254(7.14); 255(33.66); 256(404.55); 257(943.32); 258(537.97); 259(797.4); 260(598.31); 261(51.01); 262(812.89); 263(822.7); 264(196.33); 265(257.43); 266(744.32); 267(389.35); 268(833.48); 269(856.9); 270(677.78); 271(815.65); 272(521.94); 273(810.85); 274(98.75); 275(996.87); 276(28.59); 277(172.3); 278(173.14); 279(330.83); 280(654.62); 281(932.03); 282(525.6); 283(314.23); 284(919.03); 285(26.87); 286(664.1); 287(656.48); 288(923.45); 289(626.94); 290(776.85); 291(92.65); 292(645.23); 293(621.48); 294(20.77); 295(817.1); 296(521.39); 297(204.74); 298(528.61); 299(197.3); 300(156.69); 301(832.83); 302(951.97); 303(777.06); 304(989.44); 305(446.65); 306(302.57); 307(735.6); 308(908.2); 309(229.66); 310(452.13); 311(913.0); 312(92.04); 313(783.4); 314(39.99); 315(65.85); 316(554.81); 317(935.68); 318(124.7); 319(660.73); 320(150.08); 321(91.33); 322(313.29); 323(21.28); 324(47.19); 325(557.77); 326(265.01); 327(897.16); 328(465.16); 329(485.58); 330(218.75); 331(371.57); 332(619.09); 333(286.91); 334(582.46); 335(166.31); 336(336.06); 337(635.34); 338(425.42); 339(896.34); 340(669.83); 341(130.19); 342(158.74); 343(395.81); 344(104.44); 345(886.48); 346(358.09); 347(973.48); 348(411.9); 349(906.39); 350(891.21); 351(133.33); 352(654.74); 353(436.75); 354(321.33); 355(666.32); 356(46.72); 357(915.64); 358(990.32); 359(602.97); 360(704.09); 361(228.09); 362(463.94); 363(787.35); 364(236.24); 365(799.0); 366(200.83); 367(458.54); 368(960.54); 369(377.38); 370(245.74); 371(291.76); 372(220.01); 373(122.94); 374(98.11); 375(994.19); 376(973.24); 377(967.84); 378(223.76); 379(588.42); 380(151.65); 381(181.55); 382(894.67); 383(955.43); 384(820.46); 385(862.13); 386(229.53); 387(96.47); 388(8.75); 389(695.87); 390(508.17); 391(531.37); 392(638.38); 393(986.84); 394(528.5); 395(404.27); 396(783.75); 397(186.06); 398(563.99); 399(690.21); 400(631.04); 401(95.46); 402(266.52); 403(802.66); 404(23.8); 405(941.95); 406(657.08); 407(904.52); 408(410.78); 409(764.31); 410(677.54); 411(652.7); 412(837.7); 413(701.0); 414(237.38); 415(384.35); 416(95.52); 417(969.6); 418(14.9); 419(886.27); 420(873.06); 421(303.19); 422(246.73); 423(973.07); 424(6.96); 425(426.72); 426(288.78); 427(110.41); 428(55.92); 429(920.03); 430(139.03); 431(109.1); 432(514.59); 433(626.71); 434(130.43); 435(86.57); 436(447.44); 437(970.15); 438(566.5); 439(400.69); 440(22.69); 441(881.98); 442(719.44); 443(962.02); 444(174.79); 445(650.61); 446(519.16); 447(886.54); 448(104.91); 449(582.5); 450(99.58); 451(369.21); 452(808.62); 453(929.93); 454(515.05); 455(945.43); 456(691.7); 457(851.19); 458(627.35); 459(187.93); 460(289.17); 461(382.48); 462(210.56); 463(575.25); 464(474.46); 465(300.26); 466(301.13); 467(656.32); 468(148.72); 469(456.47); 470(507.25); 471(29.88); 472(738.1); 473(945.73); 474(595.65); 475(562.04); 476(593.33); 477(784.31); 478(572.75); 479(446.68); 480(48.63); 481(87.77); 482(180.98); 483(611.59); 484(179.24); 485(541.19); 486(274.55); 487(898.66); 488(494.47); 489(467.09); 490(441.99); 491(538.84); 492(828.9); 493(512.28); 494(423.47); 495(343.63); 496(326.19); 497(391.82); 499(459.0),1
499,0(713.4); 1(731.54); 2(840.65); 3(76.86); 4(576.68); 5(536.98); 6(294.39); 7(659.14); 8(31.42); 9(762.9); 10(505.35); 11(959.97); 12(218.52); 13(997.72); 14(626.15); 15(544.29); 16(794.67); 17(987.93); 18(187.98); 19(574.42); 20(455.97); 21(90.74); 22(269.65); 23(635.14); 24(312.65); 25(874.8); 26(538.64); 27(112.36); 28(612.27); 29(954.89); 30(379.23); 31(863.65); 32(167.23); 33(156.44); 34(50.65); 35(435.41); 36(625.51); 37(732.25); 38(334.47); 39(914.69); 40(16.85); 41(582.92); 42(143.24); 43(15.99); 44(874.42); 45(851.74); 46(820.46); 47(615.65); 48(982.98); 49(132.3); 50(900.87); 51(685.45); 52(243.42); 53(75.56); 54(21.51); 55(191.41); 56(122.84); 57(156.19); 58(948.85); 59(628.85); 60(152.71); 61(711.52); 62(84.75); 63(972.2); 64(356.0); 65(486.02); 66(995.25); 67(202.82); 68(898.1); 69(543.41); 70(719.64); 71(157.54); 72(898.08); 73(255.88); 74(611.46); 75(124.8); 76(649.29); 77(467.68); 78(879.11); 79(200.07); 80(443.66); 81(401.58); 82(912.12); 83(720.7); 84(429.92); 85(341.61); 86(500.28); 87(754.1); 88(580.99); 89(272.53); 90(922.1); 91(925.5); 92(70.69); 93(907.32); 94(373.23); 95(449.23); 96(30.02); 97(524.33); 98(963.02); 99(411.47); 100(467.21); 101(38.45); 102(432.72); 103(354.27); 104(823.77); 105(62.77); 106(647.57); 107(538.23); 108(829.49); 109(968.79); 110(699.61); 111(282.49); 112(928.24); 113(23.01); 114(931.02); 115(752.77); 116(521.65); 117(622.23); 118(445.78); 119(959.13); 120(715.17); 121(653.3); 122(507.49); 123(950.73); 124(784.88); 125(720.77); 126(410.74); 127(683.38); 128(974.52); 129(739.94); 130(426.46); 131(567.48); 132(597.68); 133(650.96); 134(552.45); 135(505.22); 136(515.69); 137(588.78); 138(992.93); 139(292.24); 140(343.52); 141(703.08); 142(441.32); 143(496.76); 144(917.0); 145(793.55); 146(401.96); 147(604.28); 148(663.92); 149(604.29); 150(874.9); 151(538.86); 152(451.24); 153(617.21); 154(782.27); 155(270.69); 156(655.82); 157(289.7); 158(279.39); 159(668.32); 160(439.23); 161(848.87); 162(877.29); 163(657.8); 164(373.93); 165(88.36); 166(736.1); 167(228.92); 168(270.95); 169(255.42); 170(764.98); 171(99.71); 172(900.33); 173(443.64); 174(595.25); 175(474.12); 176(440.71); 177(106.38); 178(667.39); 179(496.32); 180(897.42); 181(627.75); 182(764.54); 183(490.04); 184(825.94); 185(814.57); 186(998.96); 187(348.74); 188(251.15); 189(210.99); 190(137.23); 191(154.89); 192(526.77); 193(395.74); 194(345.26); 195(432.44); 196(569.73); 197(514.28); 198(694.41); 199(9.78); 200(928.25); 201(618.97); 202(391.39); 203(942.13); 204(729.91); 205(57.82); 206(898.95); 207(294.17); 208(270.49); 209(915.83); 210(462.73); 211(318.83); 212(157.49); 213(363.44); 214(10.13); 215(923.33); 216(628.6); 217(956.53); 218(60.17); 219(209.9); 220(354.49); 221(211.94); 222(599.35); 223(38.67); 224(418.59); 225(151.74); 226(7.24); 227(195.82); 228(43.41); 229(942.49); 230(215.13); 231(165.59); 232(682.65); 233(890.85); 234(301.78); 235(916.39); 236(948.77); 237(650.79); 238(614.72); 239(733.57); 240(532.6); 241(275.32); 242(76.02); 243(542.24); 244(101.23); 245(795.45); 246(401.42); 247(585.51); 248(23.29); 249(772.17); 250(503.15); 251(681.64); 252(326.33); 253(775.03); 254(82.5); 255(547.54); 256(572.9); 257(802.81); 258(68.12); 259(565.1); 260(363.96); 261(923.44); 262(856.83); 263(684.53); 264(969.88); 265(601.03); 266(801.3); 267(797.36); 268(644.42); 269(348.35); 270(473.66); 271(90.09); 272(97.88); 273(972.99); 274(379.33); 275(421.5); 276(109.81); 277(464.8); 278(838.28); 279(347.92); 280(20.67); 281(628.3); 282(173.75); 283(27.87); 284(558.85); 285(353.27); 286(172.9); 287(564.45); 288(297.68); 289(592.24); 290(826.28); 291(977.75); 292(626.07); 293(581.95); 294(884.1); 295(50.72); 296(403.47); 297(829.98); 298(161.69); 299(877.05); 300(285.45); 301(764.7); 302(556.09); 303(1.95); 304(75.07); 305(857.73); 306(147.74); 307(290.78); 308(47.57); 309(233.82); 310(718.58); 311(487.39); 312(575.32); 313(20.93); 314(851.21); 315(308.16); 316(858.55); 317(599.92); 318(626.95); 319(213.15); 320(177.26); 321(676.95); 322(658.95); 323(687.27); 324(135.84); 325(272.1); 326(346.04); 327(443.42); 328(527.72); 329(693.81); 330(700.08); 331(32.52); 332(172.89); 333(834.94); 334(612.73); 335(747.89); 336(766.65); 337(782.21); 338(328.9); 339(702.26); 340(260.76); 341(667.57); 342(792.77); 343(151.54); 344(283.26); 345(12.83); 346(673.93); 347(505.49); 348(247.97); 349(665.89); 350(246.22); 351(900.56); 352(491.74); 353(276.83); 354(560.54); 355(828.11); 356(948.16); 357(817.09); 358(73.77); 359(848.12); 360(579.28); 361(455.06); 362(208.28); 363(168.25); 364(752.65); 365(272.57); 366(103.57); 367(537.03); 368(885.18); 369(699.04); 370(909.27); 371(139.17); 372(878.92); 373(571.52); 374(842.97); 375(446.03); 376(235.3); 377(764.63); 378(561.32); 379(751.64); 380(995.29); 381(841.93); 382(773.63); 383(399.48); 384(632.88); 385(257.78); 386(489.34); 387(729.45); 388(856.96); 389(709.0); 390(225.52); 391(626.38); 392(77.04); 393(150.03); 394(744.75); 395(134.66); 396(725.42); 397(125.93); 398(636.72); 399(859.31); 400(381.09); 401(527.02); 402(264.51); 403(259.58); 404(291.96); 405(425.9); 406(915.19); 407(192.79); 408(279.86); 409(191.44); 410(550.75); 411(567.19); 412(134.94); 413(43.87); 414(254.87); 415(264.36); 416(903.21); 417(455.95); 418(90.81); 419(730.04); 420(733.96); 421(503.32); 422(793.35); 423(536.83); 424(618.1); 425(385.25); 426(323.26); 427(294.46); 428(155.47); 429(734.24); 430(827.26); 431(641.25); 432(210.22); 433(469.29); 434(526.69); 435(372.66); 436(171.31); 437(65.07); 438(793.36); 439(971.43); 440(426.17); 441(719.52); 442(111.2); 443(224.47); 444(142.5); 445(673.95); 446(110.17); 447(107.71); 448(817.05); 449(591.15); 450(409.3); 451(251.97); 452(223.8); 453(706.32); 454(856.12); 455(920.18); 456(297.24); 457(325.1); 458(591.57); 459(133.49); 460(847.64); 461(712.72); 462(851.46); 463(745.06); 464(771.65); 465(671.31); 466(714.06); 467(216.43); 468(335.28); 469(250.88); 470(948.28); 471(60.78); 472(237.12); 473(963.52); 474(89.45); 475(989.18); 476(521.98); 477(229.84); 478(367.47); 479(291.02); 480(423.09); 481(926.84); 482(679.66); 483(3.42); 484(383.85); 485(67.68); 486(851.13); 487(851.87); 488(775.19); 489(489.51); 490(397.22); 491(206.44); 492(174.46); 493(804.62); 494(113.58); 495(181.97); 496(910.22); 497(660.79); 498(459.0),1
